data/historical-monthly-weather-data/wc2.1_cruts4.09_10m_prec_1992-10.asc
ncols        45
nrows        45
xllcorner    -63.500000000000
yllcorner    -7.500000000000
cellsize     0.166666666667
NODATA_value -9999
[rows 19 to 37 of 45, columns 0 to 43 of 45]
99.0124969482421875 101.46875 104.15625 106.86875152587890625 109.4375 111.83750152587890625 113.55625152587890625 114.34999847412109375 114.3125 113.18125152587890625 110.1437530517578125 104.22499847412109375 98.125 92.4875030517578125 89.1750030517578125 86.74375152587890625 83.2937469482421875 81.94374847412109375 81.34375 81.4375 80.5 81.3562469482421875 84.2937469482421875 86.9250030517578125 87.50624847412109375 85.3562469482421875 81.49375152587890625 76.5187530517578125 69.22499847412109375 61.97499847412109375 57.19374847412109375 57.737499237060546875 56.9375 55.625 53.481250762939453125 49.84999847412109375 47.50624847412109375 46.30625152587890625 45.11875152587890625 43.200000762939453125 40.75624847412109375 38.106250762939453125 34.299999237060546875 30.756250381469726562
93.1687469482421875 97.0437469482421875 101.16249847412109375 105 108.4875030517578125 111.19374847412109375 113.59999847412109375 114.88124847412109375 115.125 113.4812469482421875 110.25624847412109375 104.03749847412109375 97.75624847412109375 91.4562530517578125 87.84375 84.75 81.53125 79.93125152587890625 80.40625 80.44374847412109375 80.91249847412109375 82.1374969482421875 83.5187530517578125 84.9875030517578125 85.71875 84.625 81.53749847412109375 76.15000152587890625 70.8562469482421875 67.2937469482421875 65.02500152587890625 64.8874969482421875 63.512500762939453125 62.543750762939453125 61.69374847412109375 57.1875 52.575000762939453125 49.5625 47.049999237060546875 44.606250762939453125 41.97499847412109375 39.268749237060546875 35.90000152587890625 32.706249237060546875
87.8312530517578125 93.1437530517578125 98.2375030517578125 102.94374847412109375 107.43125152587890625 110.88124847412109375 113.66249847412109375 115.71250152587890625 116.7375030517578125 114.80625152587890625 110.78749847412109375 104.4499969482421875 98.2624969482421875 92.96250152587890625 88.8562469482421875 85.6999969482421875 83.13124847412109375 81.75624847412109375 81.61875152587890625 81.8125 81.2687530517578125 81.96250152587890625 83.41249847412109375 84.04999542236328125 83.80625152587890625 82.75624847412109375 81.1125030517578125 77.71250152587890625 74.63124847412109375 72.93125152587890625 71.91249847412109375 71.80625152587890625 69.78749847412109375 68.1687469482421875 65.71250152587890625 61.63124847412109375 56.65000152587890625 52.393749237060546875 49.09375 46.28749847412109375 43.387500762939453125 40.606250762939453125 37.606250762939453125 34.4375
84.03125 90.78125 96.6750030517578125 101.96250152587890625 106.41249847412109375 110.1125030517578125 113.47499847412109375 116.59999847412109375 119.1437530517578125 116.28749847412109375 111.5812530517578125 104.875 99.4875030517578125 95.21250152587890625 90.96875 87.5 84.84375 83.9499969482421875 83.5500030517578125 83.3125 83.0812530517578125 82.95624542236328125 83.4250030517578125 83.63124847412109375 82.94374847412109375 81.0500030517578125 80.375 79.4250030517578125 77.4875030517578125 77.3312530517578125 78.0187530517578125 78.7062530517578125 75.8312530517578125 73.15625 69.7937469482421875 65.2375030517578125 60.0625 54.950000762939453125 51.19374847412109375 48.65625 45.78125 42.91249847412109375 39.862499237060546875 36.549999237060546875
81.9187469482421875 89.4375 96.35625457763671875 101.2312469482421875 105.53125 109.21250152587890625 112.34375 115.75 118.03125 115.7375030517578125 111.02500152587890625 105.71250152587890625 101.3125 97.6687469482421875 93.90000152587890625 90.45624542236328125 87.97499847412109375 86.96250152587890625 86.34375 85.83750152587890625 85.58750152587890625 85.625 85.1687469482421875 84.6374969482421875 83.2375030517578125 80.5749969482421875 79.2687530517578125 79.84375 80.28749847412109375 81.63124847412109375 83.25 84.34375 81.3000030517578125 77.8000030517578125 74 69.44374847412109375 64.0500030517578125 58.393749237060546875 54.59375 51.53125 48.46875 45.606250762939453125 42.450000762939453125 38.96875
82.52500152587890625 89.53125 96.6750030517578125 100.72499847412109375 104.6437530517578125 107.8874969482421875 110.4812469482421875 112.8125 114.3562469482421875 113.5 110.80625152587890625 106.97499847412109375 103.8125 100.99375152587890625 97.3000030517578125 94.16249847412109375 91.5625 90.53125 89.7937469482421875 89.25 88.75624847412109375 87.9562530517578125 87.65000152587890625 86.53125 85.00624847412109375 83.43125152587890625 82.4375 82.8625030517578125 83.6999969482421875 85.6437530517578125 87.6750030517578125 88.61875152587890625 85.93125152587890625 82.0437469482421875 78.1437530517578125 73.05625152587890625 67.9562530517578125 62.93125152587890625 58.737499237060546875 55.43125152587890625 52.043750762939453125 48.96875 45.65625 42.331249237060546875
84.1687469482421875 89.875 94.90625 99.4812469482421875 103.0187530517578125 105.7624969482421875 107.9499969482421875 109.77500152587890625 111.46250152587890625 111.8249969482421875 109.77500152587890625 107.93125152587890625 105.9375 104.05625152587890625 101.0500030517578125 97.96875 95.6125030517578125 94.3562469482421875 93.65000152587890625 92.96250152587890625 92.375 91.34375 90.75624847412109375 89.61875152587890625 88.2937469482421875 87.15000152587890625 86.83750152587890625 86.8874969482421875 87.5500030517578125 89.7687530517578125 91.3874969482421875 93.0500030517578125 90.43125152587890625 86.25624847412109375 82.4250030517578125 77.2062530517578125 72.02500152587890625 67.30625152587890625 63.25 59.69374847412109375 56.15625 53.012500762939453125 49.53125 46.19374847412109375
86.93125152587890625 89.96250152587890625 93.8625030517578125 97.5124969482421875 100.5500030517578125 103.41249847412109375 105.50624847412109375 107.36875152587890625 108.90000152587890625 109.3937530517578125 109.50624847412109375 109.27500152587890625 108.8937530517578125 108.2375030517578125 105.36875152587890625 102.7375030517578125 100.0625 99.08750152587890625 98.15625 97.2624969482421875 96.6999969482421875 95.63750457763671875 94.80625152587890625 94.4250030517578125 92.9250030517578125 91.90625 91.5625 91.625 92.3562469482421875 94.1875 96.2937469482421875 97.15625 94.36875152587890625 90.1374969482421875 85.6750030517578125 80.8249969482421875 75.9875030517578125 71.46250152587890625 67.83750152587890625 64.7062530517578125 61.25 58.25 54.80625152587890625 51.25
89.3937530517578125 90.66249847412109375 93.3249969482421875 96.0812530517578125 98.40625 101.0625 103.4875030517578125 105.1875 106.8562469482421875 108.24375152587890625 109.0124969482421875 110.28749847412109375 111.8000030517578125 112.05625152587890625 109.83750152587890625 107.4250030517578125 105.2687530517578125 103.7624969482421875 102.9187469482421875 102.34375 101.40625 100.2937469482421875 99.9250030517578125 99.05625152587890625 97.68125152587890625 96.88124847412109375 96.90000152587890625 97.125 97.2312469482421875 98.75624847412109375 100.25624847412109375 101.18125152587890625 97.96250152587890625 93.3625030517578125 89.15625 84.25624847412109375 79.44374847412109375 75.66249847412109375 72.2687530517578125 69.6999969482421875 67.21875 64.0437469482421875 59.987499237060546875 56.731250762939453125
91.83750152587890625 91.78125 93.0500030517578125 95.0500030517578125 96.7687530517578125 98.8625030517578125 100.93125152587890625 102.9499969482421875 105.15625 107.43125152587890625 109.3625030517578125 111.9375 114.5500030517578125 115.9875030517578125 114.5 112.3562469482421875 110.6437530517578125 109.125 108.0187530517578125 107.34375 106.21875 105.3312530517578125 104.84999847412109375 103.8625030517578125 102.52500152587890625 101.99375152587890625 102.09375 102.27500152587890625 102.96250152587890625 103.7937469482421875 104.44374847412109375 104.9562530517578125 101.36875152587890625 96.53749847412109375 92.1062469482421875 87.5812530517578125 83.03749847412109375 79.15625 75.8125 73.4375 71.625 68.4499969482421875 64.5 62.168750762939453125
94.71875 93.6437530517578125 94.02500152587890625 94.6875 95.83750152587890625 97.40625 99.58750152587890625 102.05625152587890625 105.09999847412109375 107.63124847412109375 110.6750030517578125 113.84999847412109375 117.66249847412109375 120.21250152587890625 119.34999847412109375 118.2624969482421875 116.61875152587890625 115.59375 114.15000152587890625 112.625 111.875 111.15000152587890625 110.41249847412109375 109.09375 108.11875152587890625 108.125 108.1374969482421875 108.11875152587890625 108.2062530517578125 108.4187469482421875 108.8125 108.66249847412109375 104.74375152587890625 100.20000457763671875 95.58750152587890625 91.1125030517578125 86.6125030517578125 83.00624847412109375 78.88124847412109375 75.8874969482421875 73.83750152587890625 72.3625030517578125 69.7312469482421875 68.56874847412109375
97.38124847412109375 95.25 95 94.4250030517578125 95.03125 97.11875152587890625 99.2312469482421875 101.78749847412109375 105.03125 108.09999847412109375 112.05625152587890625 116.43125152587890625 121.4812469482421875 125.01250457763671875 124.56874847412109375 124.28125 123.7624969482421875 122.1875 120.4375 118.9250030517578125 117.7624969482421875 117.09375 116.41249847412109375 115.05625152587890625 114.1875 113.91249847412109375 113.9250030517578125 113.8249969482421875 113.59999847412109375 113.08750152587890625 113.0749969482421875 112.33750152587890625 108.25 103.90000152587890625 99.3562469482421875 94.52500152587890625 90.25 86.72499847412109375 82.00624847412109375 76.88124847412109375 75.0625 75.3125 74.77500152587890625 73.9375
99.52500152587890625 96.58750152587890625 95.28749847412109375 94.7375030517578125 95.49375152587890625 96.78749847412109375 98.84999847412109375 101.50624847412109375 105.125 108.90625 113.31874847412109375 118.88124847412109375 124.44374847412109375 129.2937469482421875 130.4562530517578125 130.9375 130.475006103515625 128.243743896484375 126.9499969482421875 125.21250152587890625 123.9187469482421875 123.0812530517578125 122.44374847412109375 120.9250030517578125 120.19374847412109375 119.6999969482421875 119.59999847412109375 119.5437469482421875 119.06874847412109375 118.1999969482421875 117.4187469482421875 115.77500152587890625 111.7687530517578125 107.71250152587890625 102.8562469482421875 98.22499847412109375 94.1125030517578125 90.5124969482421875 85.15625 80.56874847412109375 79.1875 80.18125152587890625 80.1875 80.2937469482421875
102.875 99.46875 97.8312530517578125 97.19374847412109375 97.0749969482421875 98.09999847412109375 99.71875 101.90000152587890625 105.53749847412109375 109.91249847412109375 116.4375 122.34999847412109375 129.306243896484375 135.78125 137.59375 138.306243896484375 137.818756103515625 135.6750030517578125 133.837493896484375 131.931243896484375 130.375 129.274993896484375 128.1875 127.0437469482421875 126.1750030517578125 125.5749969482421875 125.5124969482421875 125.21250152587890625 124.7937469482421875 124.02500152587890625 122.69374847412109375 120.75 115.8125 111.8937530517578125 108.0187530517578125 104.2312469482421875 99.85625457763671875 95.55625152587890625 91.1062469482421875 88.6687469482421875 87.6687469482421875 88.40000152587890625 88.91249847412109375 89.27500152587890625
105.65000152587890625 102.3562469482421875 100.77500152587890625 99.8562469482421875 98.7062530517578125 99.53749847412109375 100.7375030517578125 102.5812530517578125 105.8125 110.66249847412109375 117.0749969482421875 125.58750152587890625 135.03125 141.5625 144.600006103515625 145.7062530517578125 145.7375030517578125 143.6437530517578125 140.8000030517578125 139.03125 137.0812530517578125 135.53125 134.2062530517578125 132.475006103515625 131.975006103515625 131.462493896484375 131.0437469482421875 130.774993896484375 130.631256103515625 129.4375 128.0812530517578125 126.11875152587890625 121.71875 117.0625 113.71250152587890625 109.9187469482421875 105.4250030517578125 101.21250152587890625 98.25624847412109375 96.90000152587890625 95.74375152587890625 96.6437530517578125 98.08750152587890625 99.1125030517578125
108.61875152587890625 105.6374969482421875 103.46250152587890625 102.2687530517578125 100.6999969482421875 101.16249847412109375 101.8562469482421875 103.4562530517578125 105.91249847412109375 110.8000030517578125 118.1999969482421875 128.4875030517578125 139.96875 148.975006103515625 151.3874969482421875 152.993743896484375 153.662506103515625 151.2687530517578125 148.3249969482421875 145.6374969482421875 143.6750030517578125 141.5187530517578125 139.875 137.850006103515625 137.2687530517578125 136.78125 136.6999969482421875 136.943756103515625 136.8312530517578125 135.0625 133.125 131.256256103515625 126.9875030517578125 123.03125 119.1999969482421875 114.90625 110.49375152587890625 107.46250152587890625 105.43125152587890625 104.3249969482421875 103.6125030517578125 104.3125 106.09999847412109375 107.43125152587890625
112.84999847412109375 109.8937530517578125 108.1062469482421875 106.2937469482421875 104.6750030517578125 104.8937530517578125 104.8312530517578125 105.49375152587890625 107.2937469482421875 111.2062530517578125 119.3312530517578125 130.868743896484375 144.0500030517578125 153.837493896484375 157.587493896484375 159.662506103515625 160.5124969482421875 158.350006103515625 155.3874969482421875 152.274993896484375 150.1875 148.024993896484375 145.2062530517578125 143.287506103515625 142.3937530517578125 141.493743896484375 141.350006103515625 141.787506103515625 141.8000030517578125 140.3249969482421875 138.1999969482421875 136.225006103515625 132.287506103515625 129.1374969482421875 125.02500152587890625 120.56874847412109375 117.84375 114.68125152587890625 113.00624847412109375 111.9250030517578125 111.65625 112.59375 113.1999969482421875 114.9187469482421875
117.3312530517578125 114.53749847412109375 112.7375030517578125 110.96875 109.3249969482421875 108.8874969482421875 108.19374847412109375 107.9375 108.71250152587890625 110.5124969482421875 119.71875 134.9562530517578125 147.556243896484375 156.8125 162.243743896484375 165.6875 166.9499969482421875 165.0124969482421875 161.6374969482421875 158.125 155.649993896484375 152.9812469482421875 150.431243896484375 148.100006103515625 146.7375030517578125 145.9250030517578125 145.7624969482421875 146.4250030517578125 147.0187530517578125 145.431243896484375 143.600006103515625 141.024993896484375 138.350006103515625 135.5749969482421875 131.118743896484375 127.96875 125.2624969482421875 122.8937530517578125 121.2312469482421875 119.88124847412109375 119.40000152587890625 119.3937530517578125 120.3937530517578125 122.40625
121.9875030517578125 119.4187469482421875 117.5437469482421875 115.875 114.375 113.5437469482421875 113.1750030517578125 112.59999847412109375 113.33750152587890625 113.6875 126.74375152587890625 142.3625030517578125 152.9499969482421875 161.7375030517578125 167.3312530517578125 171.375 172.962493896484375 170.912506103515625 167.693756103515625 163.712493896484375 160.5500030517578125 156.881256103515625 154.0187530517578125 151.4499969482421875 150.59375 149.9250030517578125 149.65625 150.600006103515625 151.4187469482421875 150.21875 147.78125 145.868743896484375 143.8125 141.0749969482421875 137.78125 134.443756103515625 132.6374969482421875 130.1750030517578125 129.287506103515625 128.3125 126.5124969482421875 126.84375 126.88124847412109375 128
