data/historical-monthly-weather-data/wc2.1_cruts4.09_10m_prec_2000-08.asc
ncols        45
nrows        45
xllcorner    -63.500000000000
yllcorner    -7.500000000000
cellsize     0.166666666667
NODATA_value -9999
[rows 0 to 18 of 45, columns 0 to 43 of 45]
107.6437530517578125 105.52500152587890625 105.6374969482421875 108.86875152587890625 113.34999847412109375 122.0500030517578125 128.006256103515625 135.868743896484375 146.087493896484375 155.056243896484375 159.243743896484375 165.9875030517578125 174.568756103515625 179.306243896484375 183.8562469482421875 184.037506103515625 186.1374969482421875 184.78125 182.5500030517578125 184.9875030517578125 185.850006103515625 184.1750030517578125 182.34375 178.25 172.1125030517578125 166.056243896484375 161.0625 157.6687469482421875 147.712493896484375 145.3000030517578125 138.4812469482421875 136.3249969482421875 133.6999969482421875 128.287506103515625 124.88124847412109375 123.90000152587890625 121.78749847412109375 121.52500152587890625 123.625 124.8625030517578125 126.8562469482421875 130.59375 131.443756103515625 131.993743896484375
103.05625152587890625 99.94374847412109375 102.3874969482421875 106.0812530517578125 111.65625 120.4250030517578125 125.75 134.1875 146.6062469482421875 157.287506103515625 164.65625 173.7312469482421875 179.556243896484375 182.9250030517578125 185.743743896484375 189.306243896484375 188.931243896484375 186.8312530517578125 185.4250030517578125 186.149993896484375 186.3625030517578125 184.3562469482421875 182.462493896484375 179.818756103515625 173.21875 165.5437469482421875 162.743743896484375 156.8625030517578125 147.0437469482421875 143.399993896484375 140.7937469482421875 138.0812530517578125 134.75 131.46875 126.9499969482421875 124.40000152587890625 119.66249847412109375 120.75624847412109375 121.50624847412109375 122.66249847412109375 127.46250152587890625 129.600006103515625 132.65625 134.774993896484375
97.58750152587890625 96.75624847412109375 102.02500152587890625 109.25624847412109375 117.24375152587890625 126.9499969482421875 135.274993896484375 144.40625 155.5374908447265625 165.6687469482421875 175.4375 183.8312530517578125 188.25 188.462493896484375 189.4187469482421875 190.818756103515625 190.975006103515625 188.618743896484375 187.03125 185.149993896484375 187.649993896484375 189.475006103515625 188.4499969482421875 186.931243896484375 178.2312469482421875 171.9812469482421875 169.6875 160.318756103515625 149.600006103515625 146.6750030517578125 141.8000030517578125 138.78125 135.5625 133.2687530517578125 127.41249847412109375 121.6374969482421875 118.5625 118.8249969482421875 118.69374847412109375 121.52500152587890625 127.6687469482421875 131.3249969482421875 136.7687530517578125 138.5500030517578125
92.74375152587890625 91.43125152587890625 100.0437469482421875 110.4375 119.875 130.568756103515625 141.443756103515625 152.443756103515625 166.537506103515625 176.8249969482421875 184.1374969482421875 189.34375 193.5187530517578125 192.8625030517578125 192.287506103515625 191.556243896484375 191.7624969482421875 190.412506103515625 189.28125 192.71875 194.443756103515625 194.5187530517578125 193.4499969482421875 192.2375030517578125 184.743743896484375 177.743743896484375 173.0124969482421875 159.4875030517578125 149.1437530517578125 146.243743896484375 141.9812469482421875 136.9250030517578125 131.587493896484375 127.3125 122.6875 119.1125030517578125 118.7687530517578125 117.28125 115.7375030517578125 120.33750152587890625 124.93125152587890625 132.193756103515625 138.1687469482421875 143.1750030517578125
96.6750030517578125 93.16249847412109375 97.47499847412109375 107.4250030517578125 120.3937530517578125 131.850006103515625 143.0500030517578125 158.5500030517578125 175.1875 185.8874969482421875 191.1750030517578125 194.100006103515625 196.8249969482421875 196.9375 194.3625030517578125 193.2687530517578125 191.09375 188.806243896484375 188.149993896484375 193.306243896484375 199.9250030517578125 197.7312469482421875 198.1062469482421875 199.462493896484375 189.443756103515625 180.8562469482421875 171.118743896484375 161.8125 150.774993896484375 143.8562469482421875 142.181243896484375 135.71875 131.6125030517578125 128.100006103515625 123.5187530517578125 118.21875 115.61875152587890625 114.3000030517578125 112.875 115.4375 123.1437530517578125 130.662506103515625 140.4250030517578125 146.306243896484375
97.78749847412109375 94.5812530517578125 97.71875 101.13124847412109375 112.9375 130.0749969482421875 143.8562469482421875 157.7937469482421875 174.962493896484375 185.5187530517578125 187.875 190.318756103515625 194.0500030517578125 195.0500030517578125 192.3874969482421875 191.90625 188.3000030517578125 185.5500030517578125 188.5437469482421875 194.600006103515625 201.0500030517578125 202.725006103515625 203.7687530517578125 197.068756103515625 190.7437591552734375 183.25 172.9250030517578125 161.600006103515625 151.5437469482421875 142.850006103515625 140.087493896484375 136.431243896484375 130.6187591552734375 127.9375 121.96250152587890625 119.4250030517578125 115.4812469482421875 111.8125 111.9499969482421875 116.11875152587890625 120.43125152587890625 129.1062469482421875 139.1062469482421875 148.6687469482421875
99.3874969482421875 97.5 100.90000152587890625 104.9499969482421875 112.5500030517578125 124.77500152587890625 138.212493896484375 152.024993896484375 160.9812469482421875 171.524993896484375 178.2624969482421875 182.9375 189.5625 191.556243896484375 191.568756103515625 191.1125030517578125 188 187.774993896484375 189.8312530517578125 198.59375 203.1687469482421875 206.256256103515625 207.1187591552734375 201.399993896484375 193.40625 186.381256103515625 174.7062530517578125 161.568756103515625 147.90625 142.9187469482421875 138.1374969482421875 132.6687469482421875 129.6687469482421875 126.9812469482421875 122.44374847412109375 118.6125030517578125 113.59375 110.6437530517578125 111.4812469482421875 115.24375152587890625 118.5749969482421875 126.6437530517578125 137.725006103515625 149.4250030517578125
101.5437469482421875 98.99375152587890625 104.22499847412109375 109.53749847412109375 118.1062469482421875 131 138.5187530517578125 140.2375030517578125 143.337493896484375 153.4875030517578125 167.8874969482421875 175.006256103515625 181.5749969482421875 185.743743896484375 188.1687469482421875 188.2562408447265625 187.8562469482421875 189.1187591552734375 191.6999969482421875 199.243743896484375 206.350006103515625 209.975006103515625 208.4375 201.306243896484375 196.1999969482421875 186.212493896484375 172.7062530517578125 160.056243896484375 147.625 138.875 136.493743896484375 130.65625 126.21875 124.9375 118.96875 114.75 110.2062530517578125 106.6062469482421875 105.8125 107.375 111.1374969482421875 119.5 129.4499969482421875 139.0437469482421875
104 102.2312469482421875 108.3125 112.8000030517578125 120.0437469482421875 130.3937530517578125 138.6437530517578125 142.1062469482421875 138.8625030517578125 141.4875030517578125 153.375 161.4499969482421875 172.993743896484375 178.068756103515625 181.7937469482421875 183.8312530517578125 188.350006103515625 192 199.7624969482421875 203.1062469482421875 207.34375 212.0500030517578125 209.4375 207.6374969482421875 199.899993896484375 186.493743896484375 169.2687530517578125 158.90625 146.943756103515625 138.318756103515625 135.4875030517578125 127.125 120.96250152587890625 116.09999847412109375 112.1125030517578125 110.4250030517578125 107.375 104.43125152587890625 102.28125 102.83750152587890625 104.6875 109.3125 115.3249969482421875 121.46875
105.4812469482421875 104.65000152587890625 109.9375 115.8249969482421875 122.8125 132.337493896484375 142.537506103515625 145.7062530517578125 144.375 149.1999969482421875 155.5124969482421875 157.78125 167.4875030517578125 173.8625030517578125 176.806243896484375 181.568756103515625 185.71875 194.0437469482421875 202.375 209.34375 213.0500030517578125 212.943756103515625 209.162506103515625 206.399993896484375 197.0749969482421875 183.3937530517578125 167.087493896484375 155.1687469482421875 141.556243896484375 132.8000030517578125 126.4875030517578125 119.63124847412109375 116.9562530517578125 114.3874969482421875 111.8937530517578125 109.4499969482421875 105.1687469482421875 101.3125 100.02500152587890625 99.5187530517578125 99.34375 100.41249847412109375 102.53125 103.375
108.8625030517578125 108.36875152587890625 112.33750152587890625 117.65000152587890625 125.3562469482421875 136.756256103515625 146.25 147.2312469482421875 147.524993896484375 150.21875 157.381256103515625 159.881256103515625 164.1750030517578125 168.1437530517578125 170.006256103515625 174.037506103515625 180.6062469482421875 191.6875 200.9375 211.6750030517578125 221.78125 221.2624969482421875 215.4375 204.774993896484375 199.350006103515625 186.087493896484375 169.962493896484375 154.600006103515625 137.4875030517578125 126.90000152587890625 122.4250030517578125 116.3937530517578125 115.96250152587890625 114.15625 109.97499847412109375 106.1750030517578125 101.65625 98.7375030517578125 95.9375 93.5437469482421875 91.36875152587890625 91.1125030517578125 92.52500152587890625 90.8312530517578125
110.7937469482421875 110.9875030517578125 115.0187530517578125 121.1437530517578125 129.2062530517578125 140.1687469482421875 150.1750030517578125 152.556243896484375 151.6999969482421875 152.9187469482421875 157.693756103515625 159.9187469482421875 160.806243896484375 161.09375 168.15625 172.0749969482421875 177.037506103515625 185.0625 196.7062530517578125 211.2937469482421875 222.806243896484375 223.9187469482421875 219.912506103515625 210.4812469482421875 199.2687530517578125 176.693756103515625 160.3874969482421875 147.3625030517578125 132.399993896484375 123.4187469482421875 117.40000152587890625 114.09999847412109375 111.08750152587890625 109.1062469482421875 107.22499847412109375 105.2312469482421875 101.21250152587890625 96.88124847412109375 90.91249847412109375 85.3874969482421875 82.65625 81.74375152587890625 81 75.43125152587890625
111.69374847412109375 110.8874969482421875 115.55625152587890625 120.3562469482421875 129.100006103515625 138.2687530517578125 144.4562530517578125 148.712493896484375 148.131256103515625 150.2624969482421875 154.59375 157.787506103515625 157.1374969482421875 153.96875 157.0437469482421875 162.78125 166.493743896484375 177.28125 188.149993896484375 199.149993896484375 212.59375 216.212493896484375 214.3000030517578125 199.524993896484375 178.881256103515625 160.131256103515625 150.5 139.850006103515625 130.568756103515625 122.63124847412109375 115.5 110.56874847412109375 109.80625152587890625 105.00624847412109375 104.0812530517578125 104.50624847412109375 104.8625030517578125 99.7312469482421875 94.1437530517578125 84.2375030517578125 74.9250030517578125 75.03749847412109375 72.66249847412109375 66.00624847412109375
111.3562469482421875 109.59375 113.3874969482421875 119.50624847412109375 126.38124847412109375 133.3312530517578125 138.899993896484375 144.506256103515625 143.975006103515625 146.03125 148.149993896484375 148.7062530517578125 149.556243896484375 147.556243896484375 143.462493896484375 150.556243896484375 155.931243896484375 165.368743896484375 170.587493896484375 179.193756103515625 192.3312530517578125 196.7312469482421875 196.1374969482421875 185.5187530517578125 169.868743896484375 155.712493896484375 146.431243896484375 137.3249969482421875 128.631256103515625 122.3874969482421875 117.01250457763671875 109.7312469482421875 107.99375152587890625 104.65000152587890625 106.06874847412109375 109.6999969482421875 110.9250030517578125 110.78125 105.46250152587890625 92.16249847412109375 73.96875 67.34999847412109375 67.90625 70.46875
109 108.81874847412109375 111.6999969482421875 116.2375030517578125 123.1374969482421875 129.212493896484375 134.03125 137.5749969482421875 137.125 139.0437469482421875 138.5500030517578125 140.3874969482421875 140.8874969482421875 137.4187469482421875 132.7062530517578125 134.318756103515625 138.9250030517578125 144.568756103515625 150.5187530517578125 159.2312469482421875 171.225006103515625 177.5749969482421875 180.100006103515625 176.6750030517578125 168.9375 160.3874969482421875 149.6125030517578125 139.0124969482421875 128.6999969482421875 121.72499847412109375 114.5625 109.11875152587890625 107.7312469482421875 106.875 106.7062530517578125 111.27500152587890625 116.6062469482421875 125.03125 121.99375152587890625 104.63124847412109375 90.2937469482421875 82.38124847412109375 81.97499847412109375 79.0749969482421875
104.8625030517578125 105.7312469482421875 109.6125030517578125 114.0500030517578125 119.41249847412109375 125.9875030517578125 130.6125030517578125 131.5749969482421875 131.59375 132.3000030517578125 131.7937469482421875 131.40625 130.131256103515625 127.21250152587890625 123.3562469482421875 118.6374969482421875 121.7375030517578125 126.90000152587890625 131.7687530517578125 140.381256103515625 151.03125 160.2624969482421875 169.068756103515625 173.056243896484375 170.875 163.9562530517578125 153.6750030517578125 140.774993896484375 129.5187530517578125 123.0437469482421875 117.4812469482421875 111.46875 108.22499847412109375 107.36875152587890625 109.0187530517578125 121.1750030517578125 130.03125 138.0812530517578125 137.25 126.03125 114.13124847412109375 103.46250152587890625 94.55625152587890625 85.55625152587890625
102.9375 104.34999847412109375 107.59999847412109375 112.44374847412109375 116.09375 122.68125152587890625 127.8937530517578125 129.9499969482421875 127.7312469482421875 128.337493896484375 127.68125152587890625 124.96875 123.02500152587890625 119.6437530517578125 115.25 110.46875 105.46250152587890625 108.27500152587890625 115.36875152587890625 124.3625030517578125 131.943756103515625 144.2312469482421875 158.2375030517578125 171.225006103515625 175.5124969482421875 168.475006103515625 154.024993896484375 141.556243896484375 128.59375 120.8625030517578125 117.58750152587890625 115.69374847412109375 115.38124847412109375 116.0437469482421875 129.9250030517578125 141.5500030517578125 150.28125 162.756256103515625 165.5500030517578125 146.6125030517578125 128.6125030517578125 112.78749847412109375 99.0812530517578125 90.7624969482421875
98.46250152587890625 101.22499847412109375 105.5124969482421875 111.2375030517578125 115.40625 122 124.88124847412109375 127.31874847412109375 125.6687469482421875 124.8874969482421875 123.8937530517578125 121.65000152587890625 116.6062469482421875 111.53125 107.15625 101.96250152587890625 96.68125152587890625 93.05625152587890625 101.7624969482421875 107.4250030517578125 116.75 129.006256103515625 145.962493896484375 160.2375030517578125 170.5 167.7375030517578125 156.881256103515625 143.587493896484375 128.774993896484375 118.96250152587890625 109.97499847412109375 106.34375 120.58750152587890625 136.2312469482421875 146.3625030517578125 160.475006103515625 172.6999969482421875 179.7312469482421875 173.912506103515625 157.7687530517578125 132.4375 117.25624847412109375 103.94374847412109375 95.38124847412109375
93.9250030517578125 97.34999847412109375 102.75624847412109375 109.21875 115.25624847412109375 120.4875030517578125 124.31874847412109375 126.09375 127.1374969482421875 127.0749969482421875 124.84375 117.8249969482421875 112.63124847412109375 107.63124847412109375 100.7375030517578125 96.86875152587890625 91.0124969482421875 85.5749969482421875 87.7687530517578125 94.58750152587890625 109.04375457763671875 132 129.568756103515625 145.5250091552734375 157.2687530517578125 164.6125030517578125 158.368743896484375 144.274993896484375 133.193756103515625 117.6875 107.07500457763671875 109.8562469482421875 127.51250457763671875 141.1125030517578125 154.4499969482421875 167.9187469482421875 172.868743896484375 171.350006103515625 167.0500030517578125 150.7062530517578125 132.8562469482421875 118.59999847412109375 105.9375 96.19374847412109375
