data/historical-monthly-weather-data/wc2.1_cruts4.09_10m_prec_2019-11.asc
ncols        51
nrows        45
xllcorner    -63.500000000000
yllcorner    -7.500000000000
cellsize     0.166666666667
NODATA_value -9999
[rows 20 to 39 of 45, columns 0 to 43 of 51]
217.993743896484375 222.131256103515625 224.21875 225.75 226.4312591552734375 228.412506103515625 230.118743896484375 230.412506103515625 229.962493896484375 227.3000030517578125 222.78125 214.6999969482421875 204.8125 192.6750030517578125 182.125 171.46875 162.21875 156.9375 155.681243896484375 154.03125 155.2624969482421875 154.899993896484375 152.850006103515625 152.8874969482421875 153.149993896484375 151.625 147.8000030517578125 140.75 132.431243896484375 125.77500152587890625 120.6750030517578125 120.15000152587890625 120.25 121.19374847412109375 121.9187469482421875 121.3937530517578125 119.125 116.59999847412109375 111.43125152587890625 105.99375152587890625 99.90625 94.58750152587890625 88.72499847412109375 83.09375
207.6875 210.1374969482421875 213.181243896484375 215.725006103515625 218.068756103515625 221.5625 225.837493896484375 228.40625 230.3312530517578125 229.4812469482421875 226.1999969482421875 220.2312469482421875 211.631256103515625 199.649993896484375 187.618743896484375 175.84375 166.649993896484375 159.875 155.850006103515625 153.431243896484375 152.162506103515625 151.493743896484375 151.118743896484375 151.368743896484375 151.2937469482421875 150.4499969482421875 148.9499969482421875 144.0687408447265625 139.0500030517578125 134.7312469482421875 130.193756103515625 129.3562469482421875 129.1125030517578125 131.056243896484375 132.912506103515625 132.0625 129.649993896484375 126.38124847412109375 119.46250152587890625 113.0124969482421875 105.97499847412109375 99.6437530517578125 93.2624969482421875 87.50624847412109375
198.068756103515625 201.337493896484375 204.2624969482421875 207.2375030517578125 210.443756103515625 214.875 219.6750030517578125 225.368743896484375 229.34375 229.556243896484375 228.662506103515625 224.46875 220.4812469482421875 209.493743896484375 193.850006103515625 179.806243896484375 169.15625 161.868743896484375 156.1999969482421875 152.21875 150.725006103515625 149.618743896484375 148.84375 149.212493896484375 150.40625 150.806243896484375 149.7312469482421875 147.649993896484375 144.0500030517578125 141.037506103515625 138.8000030517578125 138.412506103515625 139.4562530517578125 141.850006103515625 143.6374969482421875 143.118743896484375 140.725006103515625 135.8312530517578125 127.68125152587890625 120.09375 112.68125152587890625 105.31874847412109375 98.125 91.6999969482421875
190.0749969482421875 192.993743896484375 196.350006103515625 198.9375 202.8249969482421875 208.3312530517578125 213.71875 219.931243896484375 223.212493896484375 224.493743896484375 224.806243896484375 225.475006103515625 225 213.693756103515625 196.8249969482421875 182.5500030517578125 171.5437469482421875 164.181243896484375 157.84375 152.5625 150.600006103515625 148.9499969482421875 147.2375030517578125 147.8125 149.318756103515625 150.03125 151.912506103515625 149.7624969482421875 148.46875 146.9375 146.96875 147.84375 149.1125030517578125 151.306243896484375 153.6875 154.318756103515625 152.0187530517578125 145.600006103515625 136.9250030517578125 128.4812469482421875 120.27500152587890625 112.2375030517578125 104.44374847412109375 97.4187469482421875
185.1374969482421875 186.4187469482421875 189.681243896484375 192.725006103515625 197.53125 201.931243896484375 206.3874969482421875 211.5812530517578125 215.0625 216.712493896484375 218.0437469482421875 217.149993896484375 215.568756103515625 207.4499969482421875 194.46875 182.087493896484375 171.9812469482421875 164.4875030517578125 158.4937591552734375 153.193756103515625 150.381256103515625 147.3874969482421875 145.9375 146.28125 147.431243896484375 150.09375 152.1750030517578125 152.5500030517578125 152.125 153.09375 153.9187469482421875 155.71875 157.3000030517578125 159.54376220703125 161.3249969482421875 160.90625 158.875 152.975006103515625 144.65625 136.6062469482421875 127.9250030517578125 119.3249969482421875 111.59999847412109375 104.77500152587890625
183.287506103515625 183.9499969482421875 184.3874969482421875 187.881256103515625 191.1687469482421875 194.4499969482421875 197.7312469482421875 201.818756103515625 204.65625 206.4812469482421875 207.475006103515625 206.806243896484375 204.0124969482421875 198.0437469482421875 189.0437469482421875 179.7062530517578125 171.59375 164.962493896484375 159.381256103515625 154.5 150.975006103515625 147.46875 144.712493896484375 144.037506103515625 146.225006103515625 149.993743896484375 153.5625 155.6875 156.9250030517578125 159.03125 160.5437469482421875 162.787506103515625 164.6999969482421875 165.931243896484375 167.3937530517578125 166.3000030517578125 163.850006103515625 159.4812469482421875 152.5124969482421875 144.5437469482421875 136.2937469482421875 127.2687530517578125 118.05625152587890625 111.4499969482421875
183.78125 182.0749969482421875 181.7312469482421875 183.03125 184.3625030517578125 186.399993896484375 190.1687469482421875 193.131256103515625 194.443756103515625 196.443756103515625 198.681243896484375 198.725006103515625 196.774993896484375 192.8312530517578125 186.1999969482421875 178.243743896484375 171.681243896484375 166.131256103515625 161.1437530517578125 156 152.149993896484375 148.318756103515625 144.8562469482421875 144.443756103515625 147.8125 151.7312469482421875 155.5437469482421875 158.4812469482421875 161.274993896484375 163.0437469482421875 165.5625 168.056243896484375 170.506256103515625 171.9562530517578125 172.350006103515625 171.181243896484375 168.9562530517578125 164.943756103515625 159.350006103515625 152.4250030517578125 144.8125 135.475006103515625 126.21250152587890625 118.7375030517578125
184.493743896484375 180.568756103515625 178.7375030517578125 177.787506103515625 177.78125 178.625 181.287506103515625 184.1062469482421875 186.03125 188.0437469482421875 189.46875 190.4749908447265625 189.7937469482421875 187.462493896484375 183.0812530517578125 177.131256103515625 171.537506103515625 167.2937469482421875 162.7062530517578125 158.1875 154.837493896484375 150.875 148.9375 149.5437469482421875 152.0437469482421875 155.056243896484375 158.4250030517578125 161.96875 164.875 166.8562469482421875 168.7312469482421875 171.46875 174.125 175.1374969482421875 176.5812530517578125 175.618743896484375 173.6437530517578125 171.193756103515625 165.375 160.631256103515625 154.875 145.7375030517578125 133.962493896484375 125.74375152587890625
184.8874969482421875 178.975006103515625 174.662506103515625 172.2062530517578125 170.868743896484375 170.9375 172.6999969482421875 175.0625 178.0124969482421875 180.0625 181.868743896484375 183.1687469482421875 183.9875030517578125 182.90625 179.84375 176.462493896484375 172.96875 168.6999969482421875 164.693756103515625 160.850006103515625 158.225006103515625 155.006256103515625 153.7687530517578125 155.243743896484375 157.193756103515625 159.4187469482421875 162.9562530517578125 165.8000030517578125 168.881256103515625 170.068756103515625 171.868743896484375 173.9499969482421875 175.899993896484375 177.475006103515625 179.8000030517578125 179.2687530517578125 178.1374969482421875 175.899993896484375 170.7937469482421875 165.8625030517578125 161.9875030517578125 152.462493896484375 142.118743896484375 136.5625
185.225006103515625 177.818756103515625 172.46875 167.53125 165.84375 166.21875 167.90625 170.3562469482421875 173.3249969482421875 175.1062469482421875 177.274993896484375 179.381256103515625 181.037506103515625 181.631256103515625 179.6875 177.350006103515625 173.7937469482421875 171.03125 167.2375030517578125 163.90625 161.8312530517578125 160.524993896484375 159.9187469482421875 160.71875 162.381256103515625 164.6687469482421875 167.649993896484375 169.8000030517578125 172 173.649993896484375 175.0625 176.818756103515625 178.6374969482421875 180.9187469482421875 183.0625 182.2375030517578125 181.006256103515625 180.375 174.3249969482421875 169.2624969482421875 165.6999969482421875 161.712493896484375 155.03125 151.6374969482421875
184.2937469482421875 176.0187530517578125 170.149993896484375 164.837493896484375 161.8625030517578125 163.024993896484375 164.71875 166.7624969482421875 168.9499969482421875 171.662506103515625 174.381256103515625 177.1125030517578125 179.9562530517578125 180.431243896484375 179.7687530517578125 178.524993896484375 176.84375 173.9875030517578125 170.0749969482421875 168.618743896484375 167.65625 166.96875 166.7687530517578125 167.3000030517578125 168 170.087493896484375 172.006256103515625 173.899993896484375 175.3562469482421875 176.493743896484375 178.0124969482421875 179.9375 181.4875030517578125 184.5749969482421875 186.037506103515625 185.4187469482421875 185.125 186.1062469482421875 179.806243896484375 170.743743896484375 169.162506103515625 170.1062469482421875 167.8937530517578125 165.5187530517578125
181.9499969482421875 173.75 167.881256103515625 163.524993896484375 161.181243896484375 160.631256103515625 161.9499969482421875 163.3562469482421875 165.5500030517578125 168.1374969482421875 171.28125 174.9499969482421875 178.1750030517578125 180.3312530517578125 181.462493896484375 181.5187530517578125 180.681243896484375 178.306243896484375 175.7937469482421875 175.056243896484375 174.631256103515625 173.9499969482421875 173.53125 173.5500030517578125 174.475006103515625 175.462493896484375 176.3312530517578125 177.5437469482421875 178.181243896484375 179.7062530517578125 181.1875 182.53125 184.4499969482421875 186.912506103515625 189.71875 189.875 190.34375 190.8249969482421875 184.21875 178.399993896484375 180.212493896484375 183.90625 184.6875 186.9000091552734375
175.1750030517578125 168.725006103515625 163.962493896484375 160.71875 158.7062530517578125 157.9499969482421875 158.9562530517578125 160.3625030517578125 162.0749969482421875 164.587493896484375 169.1374969482421875 173.118743896484375 177.899993896484375 182.8874969482421875 184.662506103515625 185.9499969482421875 185.649993896484375 185.4187469482421875 184.3312530517578125 183.875 183.493743896484375 182.024993896484375 180.5500030517578125 180.068756103515625 180.5749969482421875 180.7312469482421875 181.0187530517578125 181.3000030517578125 182.118743896484375 183.375 184.7624969482421875 186.024993896484375 187.8312530517578125 190.0625 193.6125030517578125 194.868743896484375 196.7624969482421875 197.2624969482421875 192.568756103515625 193.399993896484375 196.9250030517578125 201.6062469482421875 206.2562408447265625 213.1125030517578125
167.306243896484375 162.837493896484375 159.3937530517578125 157.4375 155.59375 155.256256103515625 155.6062469482421875 157.225006103515625 158.7937469482421875 160.9562530517578125 165.287506103515625 171.6374969482421875 178.587493896484375 184.337493896484375 187.537506103515625 190.1999969482421875 192.0812530517578125 192.8937530517578125 192.912506103515625 193.1875 192.21875 190.337493896484375 188.337493896484375 186.90625 186.537506103515625 185.71875 185.7937469482421875 185.2375030517578125 185.5124969482421875 186.5749969482421875 187.962493896484375 189.9187469482421875 191.899993896484375 194.274993896484375 198.15625 200.75 202.5187530517578125 202.756256103515625 203.5 208.274993896484375 213.149993896484375 219.743743896484375 229.024993896484375 240.100006103515625
160.225006103515625 157.337493896484375 155.087493896484375 153.40625 152.28125 152.0749969482421875 152.1750030517578125 153.681243896484375 153.962493896484375 156.59375 162 170.5500030517578125 179.3625030517578125 187.725006103515625 192.8000030517578125 195.6125030517578125 198.962493896484375 200.774993896484375 201.587493896484375 202.181243896484375 201.3125 198.9250030517578125 196.0437469482421875 193.131256103515625 191.1437530517578125 190.125 189.125 188.7312469482421875 188.2937469482421875 189.3874969482421875 191.375 193.274993896484375 195.1875 198.53125 201.4875030517578125 203.6687469482421875 205.868743896484375 211.0124969482421875 214.8312530517578125 220.2562408447265625 227.587493896484375 234.8625030517578125 245.381256103515625 257.40625
153.287506103515625 150.96875 149.399993896484375 147.962493896484375 147.087493896484375 147.1750030517578125 147.381256103515625 147.46875 147.556243896484375 150.0437469482421875 157.40625 167.837493896484375 179.6875 190.756256103515625 196.493743896484375 201.837493896484375 205.2687530517578125 208.0500030517578125 210.212493896484375 212.1687469482421875 210.65625 206.368743896484375 202.306243896484375 198.84375 196.125 194.09375 192.975006103515625 192.59375 192.225006103515625 192.3937530517578125 194.8249969482421875 196.443756103515625 198.875 201.96875 203.7687530517578125 205.6062469482421875 211.850006103515625 217.131256103515625 220.8249969482421875 227.462493896484375 235.8312530517578125 242.65625 251.6437530517578125 262.79998779296875
146.412506103515625 144.899993896484375 144.1062469482421875 143.318756103515625 142.556243896484375 142.912506103515625 142.7062530517578125 142.3625030517578125 142.0812530517578125 142.6687469482421875 152.787506103515625 169.2375030517578125 182.6125030517578125 193.3000030517578125 200.412506103515625 206.6125030517578125 211.212493896484375 214.274993896484375 217.006256103515625 218.818756103515625 216.53125 211.712493896484375 207.25 203.0812530517578125 199.6437530517578125 197.7312469482421875 195.7062530517578125 195.806243896484375 194.8874969482421875 195.712493896484375 197.568756103515625 200.381256103515625 202.40625 205.5062408447265625 207.1999969482421875 210.5500030517578125 216.7687530517578125 222.8874969482421875 227.756256103515625 232.475006103515625 239.375 245.399993896484375 253.493743896484375 264.01873779296875
141.03125 139.7375030517578125 139.2062530517578125 139.0625 138.6374969482421875 139.40625 139.9187469482421875 140.0625 140.90625 141.46875 157.875 176.3937530517578125 187.6437530517578125 197.462493896484375 204.78125 211.4375 216.78125 219.556243896484375 221.537506103515625 221.4250030517578125 219.5124969482421875 215.443756103515625 211.2375030517578125 206.0812530517578125 202.618743896484375 200.4250030517578125 198.337493896484375 198.3249969482421875 197.8625030517578125 199.3625030517578125 199.1374969482421875 201.4562530517578125 204.1875 207.350006103515625 209.6750030517578125 214.5437469482421875 221.3000030517578125 227.0812530517578125 233.587493896484375 239.125 242.6687469482421875 248.7687530517578125 253.96875 261.26873779296875
134.9187469482421875 134.006256103515625 134.40625 134.712493896484375 134.693756103515625 136.1875 137.9375 139.78125 144.712493896484375 154.912506103515625 173.818756103515625 183.4124908447265625 191.712493896484375 201.162506103515625 208.274993896484375 214.8937530517578125 220.7687530517578125 223.181243896484375 223.78125 223.7062530517578125 220.899993896484375 216.5812530517578125 213.068756103515625 208.78125 204.46875 202.375 200.618743896484375 200.337493896484375 200.274993896484375 201.3312530517578125 202.006256103515625 203.7375030517578125 206.243743896484375 209.1437530517578125 214.4375 220.056243896484375 225.118743896484375 232.0812530517578125 237.34375 238.8562469482421875 241.09375 246.368743896484375 248.375 254
128.568756103515625 128.2624969482421875 129.149993896484375 129.9187469482421875 131.243743896484375 134.09375 136.806243896484375 141.006256103515625 148.600006103515625 159.40625 172.9812469482421875 184.431243896484375 193.9812469482421875 203.96875 211.6437530517578125 218.5 225.3562469482421875 226.9250030517578125 226.875 226.4250030517578125 222.4562530517578125 217.9875030517578125 213.631256103515625 209.2312469482421875 206.306243896484375 203.837493896484375 202.1687469482421875 202.256256103515625 202.1687469482421875 202.75 203.193756103515625 207.5749969482421875 212.162506103515625 215.4562530517578125 221.125 225.712493896484375 229.6875 234.568756103515625 239.337493896484375 238.5 239.2687530517578125 242.4562530517578125 243.2062530517578125 244.8249969482421875
