data/historical-monthly-weather-data/wc2.1_cruts4.09_10m_prec_1953-07.asc
ncols        45
nrows        45
xllcorner    -63.500000000000
yllcorner    -7.500000000000
cellsize     0.166666666667
NODATA_value -9999
[rows 0 to 18 of 45, columns 0 to 43 of 45]
301.07501220703125 291.912506103515625 284.13751220703125 282.23748779296875 276.66876220703125 274.137481689453125 271.73126220703125 267.037506103515625 269.600006103515625 274.693756103515625 274.787506103515625 274.337493896484375 272.462493896484375 274.41876220703125 276.20623779296875 274.743743896484375 272.568756103515625 263.318756103515625 256.162506103515625 252.9875030517578125 252.8312530517578125 246.53125 241.756256103515625 236.3625030517578125 233.53125 226.3125 220.693756103515625 215.34375 208.3625030517578125 209.743743896484375 203.306243896484375 202.0500030517578125 207.28125 208.443756103515625 209.475006103515625 210.875 208.34375 216.71875 214.7624969482421875 214.4499969482421875 221.5124969482421875 227.3125 225.6374969482421875 227.493743896484375
289.774993896484375 280.35626220703125 273.412506103515625 272.89373779296875 270.96875 269.912506103515625 267.92498779296875 266.28125 270.193756103515625 273.337493896484375 273.962493896484375 272.23748779296875 270.64373779296875 270.381256103515625 268.068756103515625 266.087493896484375 262.29998779296875 253.725006103515625 247.475006103515625 242.399993896484375 235.6062469482421875 234.212493896484375 231.9187469482421875 231.912506103515625 224.1750030517578125 219.100006103515625 214.8562469482421875 210.8562469482421875 202.9562530517578125 201.28125 201.0124969482421875 206.625 210.7375030517578125 215.899993896484375 218.125 216.6062469482421875 215.0187530517578125 220.443756103515625 217.8000030517578125 220.1374969482421875 229.681243896484375 231.225006103515625 231.350006103515625 228.9875030517578125
266.368743896484375 265.193756103515625 266.962493896484375 266.625 264.76873779296875 262.725006103515625 263.193756103515625 267.037506103515625 272.26873779296875 274.98748779296875 275.07501220703125 270.32501220703125 270.368743896484375 264.475006103515625 259.524993896484375 254.8874969482421875 251.1437530517578125 243.2937469482421875 236.4375 234.0437469482421875 228.743743896484375 229.3125 229.7312469482421875 228.7062530517578125 223.9375 216.131256103515625 217.493743896484375 211.806243896484375 204.975006103515625 204.9250030517578125 205.0124969482421875 203.2687530517578125 208.96875 218.162506103515625 213.993743896484375 210.8249969482421875 214.131256103515625 222.0875091552734375 218.1125030517578125 220.75 228.368743896484375 231.4499969482421875 229.2937469482421875 229.3125
246.375 242.7062530517578125 251.71875 260.20623779296875 259.912506103515625 256.67498779296875 256.51873779296875 264.65625 273.962493896484375 278.431243896484375 273.14373779296875 267.212493896484375 264.11248779296875 262.51873779296875 253.4375 244.4375 237.375 231.712493896484375 229.0187530517578125 232.7687530517578125 230.350006103515625 225.899993896484375 226.274993896484375 227.899993896484375 225.350006103515625 219.8125 216.4187469482421875 206.2062530517578125 202.9250030517578125 208.524993896484375 208.818756103515625 205.962493896484375 205.90625 207.375 205.8125 213.493743896484375 219.9812469482421875 218.7062530517578125 217.618743896484375 218.431243896484375 228.78125 234.962493896484375 233.03125 231.806243896484375
252.7312469482421875 240.2062530517578125 233.9875030517578125 244.662506103515625 255.5749969482421875 252.193756103515625 255.4562530517578125 263.36248779296875 271.006256103515625 273.350006103515625 274.631256103515625 266.193756103515625 261.73748779296875 257.11248779296875 246.381256103515625 236.693756103515625 227.6750030517578125 224.681243896484375 218.9499969482421875 221.8312530517578125 224.0187530517578125 220.6062469482421875 220.0749969482421875 227.931243896484375 224.875 218.8874969482421875 212.0187530517578125 208.8125 204.100006103515625 203.6999969482421875 206.1125030517578125 206.8000030517578125 210.600006103515625 210.6374969482421875 209.1999969482421875 209.0625 214.8125 218.2937469482421875 215.15625 218.3312530517578125 226.381256103515625 226.7312469482421875 230.381256103515625 232.712493896484375
245.306243896484375 241.3625030517578125 238.5812530517578125 223.8937530517578125 238.3625030517578125 252.8125 255.993743896484375 260.8125 270.54998779296875 271.431243896484375 269.100006103515625 262.01251220703125 257.66876220703125 246.493743896484375 239.662506103515625 230.4375 218.7375030517578125 212.9250030517578125 212.3312530517578125 217.6875 219.443756103515625 219.0500030517578125 221.8000030517578125 221.193756103515625 222.193756103515625 218.743743896484375 212.193756103515625 207.4812469482421875 200.9250030517578125 200.475006103515625 202.2687530517578125 207.4812469482421875 208.15625 212.0187530517578125 208.6374969482421875 210.337493896484375 206.587493896484375 209.6875 213.537506103515625 220.0625 218.8874969482421875 222.837493896484375 223.056243896484375 222.306243896484375
241.625 239.943756103515625 239.181243896484375 235.96875 234.381256103515625 233.256256103515625 244.1750030517578125 254.7937469482421875 259.03125 262.625 263.40625 251.65625 249.6750030517578125 240.943756103515625 230.306243896484375 223.5124969482421875 215.8812408447265625 206.806243896484375 201.71875 212.0625 213.5812530517578125 212.962493896484375 213.75 217.600006103515625 217.7312469482421875 218.4875030517578125 216.65625 205.6687469482421875 196.4375 201.118743896484375 201.1750030517578125 199.568756103515625 200.1875 207.0625 209.962493896484375 207.962493896484375 202.9875030517578125 202.625 208.024993896484375 215.4812469482421875 213.037506103515625 211.8562469482421875 214.375 212.90625
241.649993896484375 237.381256103515625 239.5124969482421875 241.381256103515625 244.0500030517578125 251.9499969482421875 248.306243896484375 237.3562469482421875 236.4562530517578125 240.899993896484375 243.818756103515625 240.2375030517578125 237.087493896484375 228.3625030517578125 222.28125 215.681243896484375 206.962493896484375 200.7687530517578125 197.912506103515625 198.9250030517578125 207.7375030517578125 211.881256103515625 211.3625030517578125 214.59375 218.537506103515625 213.6999969482421875 210.931243896484375 198.631256103515625 194.712493896484375 193.7687530517578125 199.40625 197.9562530517578125 200.375 202.1062469482421875 202.2375030517578125 197.0187530517578125 193 192.850006103515625 192.9250030517578125 194.1062469482421875 194.118743896484375 196.46875 197.725006103515625 195.1125030517578125
240.493743896484375 238.2062530517578125 238.59375 244.2624969482421875 250.1062469482421875 252.350006103515625 251.524993896484375 248.087493896484375 239.2624969482421875 229.431243896484375 227.3249969482421875 220.193756103515625 224.600006103515625 216.4812469482421875 211.587493896484375 206.243743896484375 202.8625030517578125 202.818756103515625 207.1750030517578125 199.9499969482421875 200.1687469482421875 209.9499969482421875 210.5437469482421875 216.8625030517578125 219.2687530517578125 209.5 201.412506103515625 199.5 196.462493896484375 193.53125 199.5437469482421875 192.881256103515625 186.850006103515625 185.0812530517578125 186.943756103515625 190.0812530517578125 190.8000030517578125 192.46875 188.5437469482421875 184.725006103515625 182.2937469482421875 182.2687530517578125 184.149993896484375 179.600006103515625
235.7937469482421875 236.4875030517578125 239.9812469482421875 245.993743896484375 251.7937469482421875 257.649993896484375 256.381256103515625 253.287506103515625 247.1875 241.8000030517578125 230.8874969482421875 214.5812530517578125 213.4812469482421875 208.3000030517578125 205.8562469482421875 204.5187530517578125 199.0625 205.1062469482421875 210.631256103515625 210.2375030517578125 209.1750030517578125 206.306243896484375 203.2062530517578125 209.587493896484375 210.1437530517578125 208.943756103515625 200.59375 196.5250091552734375 190.34375 188.3562469482421875 190.287506103515625 183.375 181.1875 178.5187530517578125 177.3000030517578125 181.587493896484375 183.9875030517578125 186.125 182.7312469482421875 183.193756103515625 183.493743896484375 179.850006103515625 173.8249969482421875 165.0124969482421875
235.5124969482421875 237.78125 240.3625030517578125 248.09375 253.1374969482421875 258.993743896484375 259.5 250.806243896484375 239.5625 234.125 228.9250030517578125 216.806243896484375 202.318756103515625 199.6687469482421875 194.8312530517578125 193.943756103515625 195.806243896484375 202.3937530517578125 208.024993896484375 217.1125030517578125 222.7937469482421875 217.118743896484375 205.5437469482421875 195.181243896484375 205.3125 215.75 208.368743896484375 199.381256103515625 185.912506103515625 183.131256103515625 181.6875 179.6687469482421875 178.7624969482421875 174.381256103515625 175.3000030517578125 176.6687469482421875 178.850006103515625 176.125 180.975006103515625 178.71875 174.037506103515625 168.7312469482421875 166.7687530517578125 154.0187530517578125
233 233.25 236.84375 245.3249969482421875 252.125 257.88751220703125 260.39373779296875 252.3000030517578125 237.225006103515625 224.318756103515625 216.6437530517578125 211.681243896484375 195.462493896484375 189.4499969482421875 192.3312530517578125 188.28125 190.131256103515625 196.475006103515625 203.1999969482421875 215.5437469482421875 228.850006103515625 227.1125030517578125 222.725006103515625 207.7312469482421875 204.618743896484375 197.7624969482421875 191.71875 187.8312530517578125 178.9375 174.5625 168.0749969482421875 165.787506103515625 167.0812530517578125 166.8000030517578125 170.0812530517578125 173.71875 172.9875030517578125 175.6374969482421875 169.6999969482421875 167.806243896484375 162.181243896484375 160.368743896484375 151.15625 136.899993896484375
223.0812530517578125 227.1999969482421875 233.3874969482421875 238.462493896484375 242.59375 248.3937530517578125 247.7312469482421875 238.125 224.7624969482421875 217.03125 211.40625 203.4499969482421875 197.2937469482421875 180 176.8249969482421875 181.28125 183.212493896484375 191.1875 198.537506103515625 206.8312530517578125 216.149993896484375 216.3562469482421875 217.3125 206.7375030517578125 192.962493896484375 186.3125 182.412506103515625 179.5437469482421875 172.212493896484375 165.7937469482421875 158.774993896484375 151.587493896484375 155.71875 157.125 159.681243896484375 164.443756103515625 169.8312530517578125 176.1750030517578125 177.625 167.681243896484375 155.6125030517578125 149.431243896484375 135.4562530517578125 125.8125
215.4375 218.9375 225.3125 228.993743896484375 231.368743896484375 233.0812530517578125 231.0437469482421875 223.7312469482421875 217.8625030517578125 207.068756103515625 200.556243896484375 195.71875 186.693756103515625 175.725006103515625 162.087493896484375 169.6437530517578125 170.256256103515625 179.368743896484375 184.3874969482421875 193.34375 200.1999969482421875 205.0124969482421875 207.368743896484375 200.9812469482421875 188.524993896484375 179.5437469482421875 172.443756103515625 164.3562469482421875 157.149993896484375 151.625 150.9812469482421875 146.28125 145.1062469482421875 146.412506103515625 149.7375030517578125 159.806243896484375 171.631256103515625 183.506256103515625 188.1750030517578125 176.28125 149.7687530517578125 134.53125 132.4875030517578125 140.03125
210.212493896484375 210.71875 214.3125 218.943756103515625 218.6687469482421875 217.875 220.4875030517578125 213.5 205.631256103515625 195.9812469482421875 189.375 183.2062530517578125 177.868743896484375 171 152.3625030517578125 153.931243896484375 155.96875 163.15625 169.0625 178.6999969482421875 188.868743896484375 193.28125 196.3874969482421875 195.7687530517578125 189.84375 183.0124969482421875 174.4875030517578125 163.181243896484375 156.6125030517578125 152.2624969482421875 143.75 140.475006103515625 144.7249908447265625 143.306243896484375 139.34375 146.712493896484375 166.806243896484375 187.6999969482421875 193.256256103515625 178.806243896484375 160.837493896484375 149.868743896484375 156.493743896484375 152.193756103515625
200.162506103515625 201.0187530517578125 205.125 206.712493896484375 207.556243896484375 210.4499969482421875 206.03125 200.1437530517578125 193.931243896484375 188.524993896484375 180.243743896484375 175.524993896484375 171.5124969482421875 165.368743896484375 151.225006103515625 133.118743896484375 138.71875 148.2062530517578125 152.962493896484375 162.9812469482421875 171.337493896484375 180.375 187.2312469482421875 195.7687530517578125 193.256256103515625 185.318756103515625 172.59375 157.5187530517578125 151.3625030517578125 147.537506103515625 147.7062530517578125 138.162506103515625 134.46875 131.181243896484375 129.149993896484375 148.412506103515625 164.837493896484375 182.350006103515625 191.631256103515625 190.15625 179.96875 171.225006103515625 165.787506103515625 155.0500030517578125
190.6875 191.774993896484375 196.5500030517578125 199.912506103515625 202.037506103515625 199.09375 197.59375 192.412506103515625 186.8874969482421875 181.818756103515625 175.0812530517578125 168.850006103515625 162.962493896484375 159.868743896484375 156.306243896484375 143.96875 130.9875030517578125 132.725006103515625 144.4499969482421875 152.818756103515625 159.9375 169.850006103515625 182.6999969482421875 195.7312469482421875 199.443756103515625 179.306243896484375 160.21875 146.90625 144.193756103515625 144.5812530517578125 145.125 144.131256103515625 139.318756103515625 136.9250030517578125 149.03125 160.0437469482421875 179.7312469482421875 203.9875030517578125 216.6999969482421875 197.118743896484375 181.193756103515625 169.8249969482421875 157.681243896484375 151.7375030517578125
181.78125 185.587493896484375 188.399993896484375 193.725006103515625 195.6999969482421875 191 188.1750030517578125 185.28125 180.1125030517578125 170.5437469482421875 164.6875 163.1875 158.368743896484375 155.40625 155.3562469482421875 150.75 139.962493896484375 124.74375152587890625 138.4375 145.0124969482421875 151.100006103515625 159.149993896484375 176.6125030517578125 187.024993896484375 188.100006103515625 168.2937469482421875 149.037506103515625 139.681243896484375 138.587493896484375 135.681243896484375 129.193756103515625 126.59999847412109375 145.162506103515625 153.037506103515625 153.3125 171.0124969482421875 194.7312469482421875 209.3625030517578125 213.1687469482421875 198.4187469482421875 173.149993896484375 161.34375 149.7624969482421875 143.618743896484375
173.4875030517578125 177.25 178.443756103515625 182.212493896484375 186.756256103515625 184.6999969482421875 179.912506103515625 178.9499969482421875 175.4499969482421875 167.0437469482421875 160.881256103515625 155.4375 152.725006103515625 152.774993896484375 147.90625 147.787506103515625 143.399993896484375 133.2312469482421875 127.3562469482421875 130.9375 142.8625030517578125 161.3937530517578125 150.2312469482421875 162.412506103515625 165.2687530517578125 159.618743896484375 146.71875 135.1062469482421875 134.375 133.1437530517578125 129.381256103515625 129.306243896484375 142.2687530517578125 146.1875 151.0124969482421875 164.9250030517578125 176.5 185.03125 190.125 175.2312469482421875 161.056243896484375 147.600006103515625 139.1750030517578125 133.149993896484375
