data/historical-monthly-weather-data/wc2.1_cruts4.09_10m_prec_1985-02.asc
ncols        45
nrows        45
xllcorner    -63.500000000000
yllcorner    -7.500000000000
cellsize     0.166666666667
NODATA_value -9999
[rows 20 to 39 of 45, columns 0 to 44 of 45]
183.931243896484375 190.2312469482421875 200.5625 212.2937469482421875 226.625 240.3874969482421875 255.1875 270.29998779296875 283.743743896484375 296.15625 307.58123779296875 321.306243896484375 336.5625 350.962493896484375 345.17498779296875 329.5625 316.8125 309 309.38751220703125 311.25 318.38751220703125 324.98126220703125 329.67498779296875 333.64373779296875 338.087493896484375 343.431243896484375 349.181243896484375 354.79376220703125 361.568756103515625 366.287506103515625 362.725006103515625 351.76251220703125 333.699981689453125 309.556243896484375 287.287506103515625 313.76251220703125 359.82501220703125 399.88751220703125 429.568756103515625 449.17498779296875 459.181243896484375 462.6875 466.5 468.618743896484375 464.4375
182.318756103515625 190.1750030517578125 202.118743896484375 216.7062530517578125 231.90625 246.7375030517578125 262.087493896484375 277.75 291.01251220703125 300.850006103515625 308.381256103515625 316.29376220703125 324.8125 331.774993896484375 333.056243896484375 326.943756103515625 319.6875 314.32501220703125 312.475006103515625 312.943756103515625 314.5 317.67498779296875 322.98748779296875 326.58123779296875 331.875 339.20623779296875 347 354.0625 362.631256103515625 368.993743896484375 369.243743896484375 359.5625 345.54376220703125 330.58123779296875 322.618743896484375 342.625 378.09375 409.837493896484375 432.225006103515625 447.26251220703125 457.23126220703125 461.79376220703125 464.73748779296875 465.712493896484375 462.6875
183.7312469482421875 193.4375 205.8249969482421875 221.5 237.493743896484375 253.6062469482421875 268.068756103515625 284.26251220703125 297.85626220703125 303.67498779296875 305.91876220703125 307.45623779296875 309.16876220703125 314.0625 320.53125 321.568756103515625 318.83123779296875 315.86248779296875 312.98748779296875 310.493743896484375 310.100006103515625 310.037506103515625 312 315.412506103515625 322.618743896484375 332.20623779296875 341.056243896484375 350.04376220703125 361.149993896484375 369.943756103515625 374.48748779296875 372.82501220703125 362.85626220703125 356.28125 361.48748779296875 382.84375 407.975006103515625 428.681243896484375 442.225006103515625 449.26873779296875 455.91876220703125 459.8125 462.087493896484375 463.08123779296875 461.32501220703125
190.725006103515625 201.412506103515625 213.8187408447265625 227.6437530517578125 243.181243896484375 258.649993896484375 273.475006103515625 287.462493896484375 299.36248779296875 302.399993896484375 302.48126220703125 301.100006103515625 296.36248779296875 302.85626220703125 311.76251220703125 315.34375 315.243743896484375 314.25 311.23748779296875 307.399993896484375 304.41876220703125 301.95623779296875 301.39373779296875 304.70623779296875 312.443756103515625 320.73748779296875 332.1875 343.79998779296875 355.39373779296875 366.087493896484375 373.287506103515625 375.01873779296875 372.556243896484375 374.13751220703125 386.42498779296875 411.493743896484375 432.024993896484375 441.818756103515625 447.75 451.13751220703125 455.95623779296875 457.86248779296875 460.28125 462.82501220703125 464.462493896484375
201.9562530517578125 212.399993896484375 223.5812530517578125 236.7624969482421875 252.03125 264.64373779296875 277.618743896484375 289.318756103515625 297.23126220703125 300.8125 301.318756103515625 300.41876220703125 299.712493896484375 303.35626220703125 308.60626220703125 312.868743896484375 314.82501220703125 313.712493896484375 310.300018310546875 305.350006103515625 300.67498779296875 294.88751220703125 290.78125 292.42498779296875 299.212493896484375 311.98126220703125 323.32501220703125 336.850006103515625 348.82501220703125 358.76251220703125 365.056243896484375 367.681243896484375 372.83123779296875 380.625 394.431243896484375 413.57501220703125 430.85626220703125 439.8125 444.70623779296875 448.26251220703125 452.818756103515625 454.556243896484375 458.100006103515625 463.881256103515625 465.181243896484375
218.34375 228.756256103515625 237.25 248.46875 261.45001220703125 272.33123779296875 281.899993896484375 291.068756103515625 297.337493896484375 300.899993896484375 302.13751220703125 303.26873779296875 305.23748779296875 307.1875 311.399993896484375 314.29998779296875 316.10626220703125 314.5 311.51873779296875 305.71875 298.462493896484375 288.875 280.537506103515625 278.756256103515625 288.5625 303.14373779296875 318.01873779296875 330.287506103515625 342.51251220703125 350.26251220703125 355.306243896484375 359.087493896484375 367.649993896484375 378.431243896484375 392.006256103515625 407.96875 422.73748779296875 433.13751220703125 436.73126220703125 441.368743896484375 446.743743896484375 449.60626220703125 452.96875 459.92498779296875 466.287506103515625
234.600006103515625 243.0500030517578125 249.412506103515625 258.993743896484375 268.606231689453125 276.36248779296875 284.462493896484375 290.59375 296.381256103515625 301.20623779296875 304.51251220703125 307.10626220703125 310.568756103515625 313.84375 316.92498779296875 320.15625 321.16876220703125 319.25 315.0625 308.100006103515625 298.79376220703125 287.8125 275.787506103515625 271.40625 284.1875 299.11248779296875 312.975006103515625 324.943756103515625 335.1875 342.32501220703125 347.837493896484375 350.787506103515625 360.850006103515625 375.375 387.20001220703125 401.91876220703125 415.375 424.274993896484375 429.59375 434.175018310546875 439.181243896484375 442.181243896484375 445.98126220703125 453.15625 465.431243896484375
251.7375030517578125 257.149993896484375 262.21875 268.75 275.13751220703125 279.96875 286.59375 292.84375 298.14373779296875 303.66876220703125 307.287506103515625 311.068756103515625 315.20001220703125 319.17498779296875 322.66876220703125 326.07501220703125 326.756256103515625 325.95001220703125 320.89373779296875 314.14373779296875 304.88751220703125 293.53125 284.78125 281.743743896484375 288.506256103515625 300.274993896484375 311.681243896484375 322.0625 330.58123779296875 337.13751220703125 342.087493896484375 346.375 358.9375 370.95001220703125 382.35626220703125 396.056243896484375 406.625 416.59375 421.51251220703125 425.399993896484375 430.42498779296875 435.3125 440.1875 450.100006103515625 467.443756103515625
267.13751220703125 270.868743896484375 273.331268310546875 277.375 281.73748779296875 284.806243896484375 289.70623779296875 294.506256103515625 300.29376220703125 306.243743896484375 310.556243896484375 314.931243896484375 319.34375 325.23748779296875 329.51873779296875 334.100006103515625 336.368743896484375 334.193756103515625 330.71875 323.449981689453125 314.568756103515625 303.35626220703125 296.73748779296875 294.45001220703125 296.806243896484375 303.86248779296875 313.09375 321.23748779296875 329.506256103515625 335.1875 338.42498779296875 343.506256103515625 354.79376220703125 366.743743896484375 378.899993896484375 390.01873779296875 401.100006103515625 410.65625 417.537506103515625 419.96875 421.29998779296875 425.818756103515625 435.743743896484375 451.875 473.037506103515625
276.48748779296875 277.899993896484375 279.118743896484375 281.162506103515625 284.993743896484375 287.774993896484375 291.3125 295.5 300.53125 306.96875 312.443756103515625 318.681243896484375 324.64373779296875 331.91876220703125 337.67498779296875 341.618743896484375 345.600006103515625 346.662506103515625 344.15625 336.506256103515625 326.38751220703125 316.53125 310.01251220703125 306.118743896484375 305.618743896484375 309.431243896484375 315.57501220703125 320.9375 326.987518310546875 331.787506103515625 336.82501220703125 342.524993896484375 352.681243896484375 364.67498779296875 375.58123779296875 386.76251220703125 395.962493896484375 405.98126220703125 410.67498779296875 413.13751220703125 419.65625 427.82501220703125 437.712493896484375 455.5625 469.10626220703125
282.462493896484375 282.693756103515625 281.824981689453125 283.256256103515625 285.431243896484375 288.60626220703125 292.01251220703125 296.33123779296875 301.46875 307.524993896484375 315.431243896484375 323.618743896484375 331.881256103515625 338.712493896484375 344.39373779296875 350.33123779296875 355.73748779296875 358.51873779296875 358.412506103515625 350.806243896484375 339.73748779296875 328.774993896484375 321 315.54998779296875 313.006256103515625 314.412506103515625 317.725006103515625 321.25 325.16876220703125 329.91876220703125 335.350006103515625 341.84375 353.287506103515625 365.331268310546875 376.40625 384.71875 393.71875 404.024993896484375 408.024993896484375 409.51873779296875 417.625 430.212493896484375 442.287506103515625 455.25 468.893768310546875
283.61248779296875 283.3125 282.493743896484375 283.66876220703125 284.85626220703125 287.51873779296875 291.45001220703125 294.837493896484375 300.13751220703125 307.8125 316.26251220703125 326.337493896484375 336.60626220703125 345.84375 352.318756103515625 359.743743896484375 363.024993896484375 365.20001220703125 365.10626220703125 360.25 349.92498779296875 339.82501220703125 330.5 324.193756103515625 320.61248779296875 319.381256103515625 320.068756103515625 321.631256103515625 324.0625 329.875 335.850006103515625 342.243743896484375 353.71875 365.33123779296875 376.60626220703125 384.681243896484375 393.35626220703125 401.850006103515625 405.100006103515625 411.131256103515625 423.04998779296875 436.287506103515625 448.58123779296875 462.88751220703125 479.08123779296875
277.818756103515625 278.287506103515625 278.712493896484375 279.756256103515625 280.5 283.40625 286.5625 290.64373779296875 297.243743896484375 306.162506103515625 317.60626220703125 329.375 343.08123779296875 355.26873779296875 362.26251220703125 367.32501220703125 369.82501220703125 372.34375 370.600006103515625 366.73748779296875 358.556243896484375 348.73748779296875 339.962493896484375 332.76251220703125 328.66876220703125 326.40625 325.26251220703125 326.037506103515625 327.131256103515625 331.29998779296875 336.98126220703125 342.193756103515625 352.6875 365.08123779296875 377.162506103515625 386.556243896484375 394.925018310546875 401.32501220703125 404.818756103515625 415.5 427.29998779296875 440.131256103515625 454.243743896484375 470.76873779296875 495.36248779296875
271.57501220703125 271.899993896484375 272.774993896484375 274.76251220703125 275.71875 278.01873779296875 281.40625 286.037506103515625 291.66876220703125 301.524993896484375 314.88751220703125 331.16876220703125 349.375 363.78125 370.975006103515625 375.29376220703125 377.04998779296875 378.28125 376.39373779296875 372.85626220703125 364.649993896484375 355.125 347.4375 339.90625 335.5 332.48126220703125 330.34375 329.28125 329.73748779296875 333.67498779296875 338.368743896484375 342.92498779296875 354.35626220703125 366.3125 377.0625 387.125 395.212493896484375 401.96875 407.225006103515625 417.07501220703125 427.15625 440.40625 457.90625 476.162506103515625 501.82501220703125
265.03125 266.26873779296875 267.67498779296875 268.743743896484375 270.5625 273.100006103515625 275.375 279.100006103515625 284.04998779296875 293.681243896484375 310.131256103515625 332.40625 355.90625 373.556243896484375 379.875 383.175018310546875 383.21875 382.98126220703125 382 377.65625 370.868743896484375 360.9375 352.850006103515625 344.45623779296875 340.25 336.04376220703125 333.85626220703125 332.556243896484375 332.13751220703125 335.618743896484375 338.61248779296875 343.95001220703125 354.993743896484375 367.318756103515625 377.881256103515625 386.51251220703125 393.66876220703125 403.743743896484375 409.98126220703125 416.16876220703125 425.16876220703125 436.28125 452.20001220703125 469.83123779296875 491.3125
258.9375 260.681243896484375 261.875 262.33123779296875 263.399993896484375 266.225006103515625 267.95623779296875 270.16876220703125 273.649993896484375 282.51873779296875 301.149993896484375 327.306243896484375 355.10626220703125 376 383.79376220703125 388.074981689453125 390.11248779296875 389.11248779296875 385.40625 381.82501220703125 374.23748779296875 365.556243896484375 356.381256103515625 348.837493896484375 343.08123779296875 338.73748779296875 336.399993896484375 336.318756103515625 335.54376220703125 337.13751220703125 339.5625 343.60626220703125 354.975006103515625 367.25 376.20623779296875 383.118743896484375 392.993743896484375 400.34375 405.16876220703125 412.54376220703125 422.181243896484375 430.443756103515625 441.75 457.368743896484375 472.21875
254.0812530517578125 255.7624969482421875 256.15625 258.01251220703125 258.649993896484375 260.95623779296875 262.337493896484375 263.40625 264.66876220703125 267.21875 291.1875 326.375 354.23126220703125 374.024993896484375 385.024993896484375 391.16876220703125 394.86248779296875 393.318756103515625 390.399993896484375 385.037506103515625 376.32501220703125 366.67498779296875 357.67498779296875 350.087493896484375 343.92498779296875 340.09375 338.01873779296875 337.5625 337.67498779296875 338.0625 339.10626220703125 341.631256103515625 353.493743896484375 365.506256103515625 375.07501220703125 383.381256103515625 390.07501220703125 396.29998779296875 400.82501220703125 406.399993896484375 413.13751220703125 420.29998779296875 429.46875 441.243743896484375 451.681243896484375
249.475006103515625 251.3125 252.056243896484375 253.475006103515625 254.90625 257.13751220703125 259.181243896484375 261.01873779296875 264.556243896484375 265.75 300.82501220703125 338.04998779296875 359.318756103515625 374.70623779296875 386.34375 393.98126220703125 397.20001220703125 395.82501220703125 391.07501220703125 384.26251220703125 375.42498779296875 364.9375 356.625 349.07501220703125 343.662506103515625 340.13751220703125 338.0625 338.306243896484375 338.67498779296875 339.20001220703125 337.70001220703125 339.32501220703125 350.537506103515625 362.875 371.8125 379.899993896484375 385.84375 391.48126220703125 395.26873779296875 398.96875 403 408.53125 413.96875 421.506256103515625 429.118743896484375
246.9562530517578125 248.212493896484375 248.556243896484375 250.806243896484375 251.96875 255.21875 259.649993896484375 265.162506103515625 275.4375 297.225006103515625 336.443756103515625 353.350006103515625 364.899993896484375 377.100006103515625 388.20623779296875 394.6875 398.85626220703125 395.95001220703125 389.431243896484375 382.0625 370.9375 359.868743896484375 352.568756103515625 344.899993896484375 339.95001220703125 338.125 336.631256103515625 337.100006103515625 338.14373779296875 338.15625 338.01873779296875 338.38751220703125 347.42498779296875 357.91876220703125 368.431243896484375 375.16876220703125 379.38751220703125 385.024993896484375 387.15625 387.54998779296875 390.806243896484375 394.181243896484375 398.76873779296875 404.556243896484375 410.524993896484375
244.7624969482421875 245.993743896484375 246.5625 247.774993896484375 249.2937469482421875 253.881256103515625 259.34375 268.66876220703125 283.293731689453125 306.274993896484375 332.681243896484375 351.806243896484375 366.556243896484375 378.787506103515625 389.25 397.068756103515625 401.36248779296875 397.118743896484375 388.78125 380.725006103515625 365.73126220703125 353.42498779296875 344.84375 337.962493896484375 335.71875 334.587493896484375 334.25 335.29998779296875 337.068756103515625 336.993743896484375 335.850006103515625 337.975006103515625 347.850006103515625 356.13751220703125 362.9375 368.79998779296875 371.743743896484375 374.787506103515625 376.61248779296875 375.29376220703125 376.6875 379.59375 382.79376220703125 385.899993896484375 391.46875
