data/historical-monthly-weather-data/wc2.1_cruts4.09_10m_prec_1961-06.asc
ncols        51
nrows        45
xllcorner    -63.500000000000
yllcorner    -7.500000000000
cellsize     0.166666666667
NODATA_value -9999
[rows 19 to 37 of 45, columns 0 to 42 of 51]
159.6875 155.9250030517578125 151.162506103515625 144.8874969482421875 141.524993896484375 142.9375 140.59375 136.587493896484375 138.181243896484375 137.7312469482421875 135.5625 131.2937469482421875 125.03125 118.25 112.28749847412109375 101.27500152587890625 94.43125152587890625 95.93125152587890625 91.0749969482421875 92.4812469482421875 88.5749969482421875 93.6875 104.4875030517578125 107.7937469482421875 105.21875 103.1125030517578125 101.5124969482421875 105.81874847412109375 101.9375 97.6687469482421875 96.6125030517578125 105.46250152587890625 105.78125 103.18125152587890625 102.1374969482421875 106.7624969482421875 108.46250152587890625 103.8249969482421875 99.03125 92.86875152587890625 83.0625 73.6437530517578125 73.92499542236328125
142.975006103515625 146.787506103515625 146.15625 141.0500030517578125 133.3937530517578125 132.3000030517578125 133.3125 131.9812469482421875 132.350006103515625 130.96875 130.5749969482421875 126.3937530517578125 120.4875030517578125 112.31874847412109375 104.6687469482421875 99.46250152587890625 92.2624969482421875 90.15625 92.80625152587890625 91.96250152587890625 98.72499847412109375 104.6125030517578125 112.2375030517578125 117.9375 116.68125152587890625 110.58750152587890625 100.3625030517578125 98.46875 97.21250152587890625 98.02500152587890625 98.86875152587890625 103.52500152587890625 97.0625 93.6750030517578125 91.625 95.71250152587890625 98.5625 96.78749847412109375 90.4875030517578125 84.34375 77.90625 70.83750152587890625 69.6750030517578125
136.024993896484375 132.5187530517578125 134.743743896484375 134.0500030517578125 128.818756103515625 126.0812530517578125 126.13124847412109375 124.83750152587890625 124.84375 126.3937530517578125 125.8562469482421875 120.3000030517578125 114.56874847412109375 110.7062530517578125 106.69374847412109375 98.4562530517578125 100.02500152587890625 96.1687469482421875 99.11875152587890625 99.34999847412109375 100.30625152587890625 109.78125 117.18125152587890625 115.97499847412109375 111.8312530517578125 106.8249969482421875 104.625 98.53749847412109375 99.7687530517578125 100.625 97.8562469482421875 94.1999969482421875 90.24375152587890625 89.6125030517578125 86.0812530517578125 86.53125 88.2375030517578125 88.90000152587890625 85.41249847412109375 80.7375030517578125 74.7312469482421875 69.8874969482421875 68.4375
129.818756103515625 133.84375 135.068756103515625 133.131256103515625 127.97499847412109375 123.8562469482421875 117.49375152587890625 115.25 119.53749847412109375 120.5749969482421875 119.73125457763671875 118.4250030517578125 118.3562469482421875 116.6062469482421875 112.08750152587890625 106.44374847412109375 100.80625152587890625 98.40625 100.3000030517578125 103.36875152587890625 109.5 112.7624969482421875 114.6687469482421875 114.1062469482421875 114.78749847412109375 109.5187530517578125 102.80625152587890625 98.86875152587890625 97.625 93.46875 90.4375 89.08750152587890625 84.1750030517578125 80.38124847412109375 80.375 78.34375 77.75 79.00624847412109375 79.16249847412109375 77.0124969482421875 72.0625 68.59999847412109375 66.63124847412109375
121.08750152587890625 126.99375152587890625 132.318756103515625 127.16249847412109375 120.6062469482421875 116.93125152587890625 116.7687530517578125 114.46250152587890625 113.375 111.93125152587890625 116.0187530517578125 120.0749969482421875 118.4499969482421875 119.1750030517578125 112.09375 107.21875 103.24375152587890625 104.65625 105.7624969482421875 107.3625030517578125 112.0625 117.97499847412109375 118.3562469482421875 121.4875030517578125 116.9499969482421875 109.34375 106.65000152587890625 96.6875 91.3125 88.77500152587890625 85.5437469482421875 83.59999847412109375 80.08750152587890625 74.9187469482421875 73.7375030517578125 70.96875 71.41249847412109375 72.4250030517578125 71.84375 69.9875030517578125 67.15625 65.43125152587890625 64.40000152587890625
111.40000152587890625 119.59999847412109375 123.06874847412109375 122.83750152587890625 118.15000152587890625 114.8312530517578125 113.24375152587890625 113.09999847412109375 111.46250152587890625 113.56874847412109375 114.21250152587890625 115.45000457763671875 118.06874847412109375 114.94374847412109375 108.90000152587890625 105.11875152587890625 103.56874847412109375 103.25 106.0500030517578125 110.5437469482421875 114.78125 117.84375 123.84999847412109375 124.4187469482421875 115.6687469482421875 108.00624847412109375 101.30625152587890625 94.0437469482421875 87.63124847412109375 85.09375 79.43125152587890625 75.34375 71.875 69.5500030517578125 67.30625152587890625 66.03749847412109375 65.59375 64.68125152587890625 65.71250152587890625 64.90000152587890625 63.09375 62.80625152587890625 63.200000762939453125
106.2687530517578125 116.75 114.3125 114.18125152587890625 109.43125152587890625 108.0500030517578125 106.2937469482421875 107 103.2937469482421875 102.49375152587890625 107.19374847412109375 109.0625 111.63124847412109375 110.77500152587890625 107.90625 102.5812530517578125 101.6437530517578125 104.4875030517578125 107.9375 109.28125 114.13124847412109375 118.4187469482421875 122.8249969482421875 121.1875 115.5500030517578125 105.8937530517578125 98.7687530517578125 91.49375152587890625 82.99375152587890625 79.19374847412109375 73.7312469482421875 69.5187530517578125 66.11875152587890625 63.21875 60.78125 61.081249237060546875 60.65625 58.737499237060546875 58.549999237060546875 59.65625 58.52500152587890625 55.606250762939453125 56.03749847412109375
96.6374969482421875 99.6374969482421875 102.13124847412109375 101.9250030517578125 98.97499847412109375 99.0187530517578125 98.46875 95.18125152587890625 94.27500152587890625 99.03749847412109375 104.15625 106.11249542236328125 106.8249969482421875 107.90625 106.81874847412109375 105.1062469482421875 102.5124969482421875 101.8312530517578125 106.13750457763671875 107.6999969482421875 110.0749969482421875 114.65625 120.0812530517578125 122.58750152587890625 112.4250030517578125 103.2375030517578125 96.3249969482421875 87.66249847412109375 79.5500030517578125 74.7375030517578125 70.8562469482421875 64.7937469482421875 60.637500762939453125 57.80625152587890625 55.481250762939453125 54.768749237060546875 55.143749237060546875 53.34999847412109375 52.456249237060546875 54.143749237060546875 54.518749237060546875 53.22499847412109375 52.09999847412109375
87.8874969482421875 86.68125152587890625 88.74375152587890625 87.625 86.43125152587890625 88.6374969482421875 89.68125152587890625 88.28125 89.4375 94.38124847412109375 97.6999969482421875 100.8312530517578125 101.6687469482421875 102.27500152587890625 101.3000030517578125 100.1999969482421875 98.5500030517578125 100.375 100.8125 104.41249847412109375 108.0437469482421875 109.84375 116.43125152587890625 114.69374847412109375 107.34375 98.125 91.30625152587890625 83.0187530517578125 77.4875030517578125 73.78749847412109375 68.84999847412109375 63.987499237060546875 58.512500762939453125 53.0625 51.59999847412109375 50.487499237060546875 50.52500152587890625 48.46250152587890625 48.66249847412109375 49.75624847412109375 50.41249847412109375 51.13124847412109375 48.174999237060546875
78.11875152587890625 78.65625 77.00624847412109375 75.75 76.75 76.41249847412109375 78.7375030517578125 81.40000152587890625 84.9875030517578125 87.97499847412109375 91.93125152587890625 94.6374969482421875 97.46250152587890625 99.10625457763671875 98.46250152587890625 97.875 97.94374847412109375 97.8874969482421875 100.34999847412109375 103.6062469482421875 104.30625152587890625 105.2687530517578125 107.6999969482421875 105.2312469482421875 99.52500152587890625 91.0437469482421875 86.9187469482421875 81.5437469482421875 75.31874847412109375 69.8000030517578125 64.5 60.71250152587890625 54.856250762939453125 50.924999237060546875 47.43125152587890625 45.918750762939453125 46.31874847412109375 43.41249847412109375 43.831249237060546875 44.25 44.237499237060546875 44.299999237060546875 44.293750762939453125
73.1875 71.8312530517578125 70.81874847412109375 69.2375030517578125 69.34375 71.09999847412109375 72.78125 77.15000152587890625 79.875 83.6875 87.4375 91.2687530517578125 94.75 97.18125152587890625 95.84999847412109375 94.2687530517578125 93.6875 95.9562530517578125 94.7312469482421875 94.2312469482421875 97.6875 99.2062530517578125 101.1374969482421875 98.8625030517578125 92.34375 88.1750030517578125 83.25624847412109375 77.53749847412109375 72.15000152587890625 66.1750030517578125 61.237499237060546875 56.93125152587890625 52.356250762939453125 48.49375152587890625 45.518749237060546875 42.706249237060546875 43.15625 40.125 38.28125 40.02500152587890625 39.52500152587890625 39.43125152587890625 40.606250762939453125
70.16249847412109375 67.69374847412109375 65.9375 65.1875 65.2937469482421875 66.5 69.08750152587890625 72.05625152587890625 74.6999969482421875 79.24375152587890625 83.5625 86.30625152587890625 91.3312530517578125 90.16249847412109375 90.47499847412109375 92.5625 93.09375 92.15625 91.3125 91.75 92.8000030517578125 92.40625 94.03749847412109375 92.6125030517578125 87.71875 84.2687530517578125 79.125 74.34999847412109375 68.8937530517578125 63.393749237060546875 60.299999237060546875 55.981250762939453125 50.50624847412109375 45.424999237060546875 42.05625152587890625 39.28749847412109375 38.5625 36.293750762939453125 34.52500152587890625 33.125 33.40000152587890625 33.41249847412109375 34.21250152587890625
67.2062530517578125 64.7375030517578125 62.262500762939453125 62.34999847412109375 63.96250152587890625 64.8312530517578125 66.25624847412109375 68.1999969482421875 71.375 74.2312469482421875 76.58750152587890625 80.2062530517578125 82.4812469482421875 85.56874847412109375 87.77500152587890625 88.84999847412109375 87.0124969482421875 86.0437469482421875 85.90625 86.59999847412109375 87.0812530517578125 87.6999969482421875 86.78125 84.8249969482421875 82.71250152587890625 78.91875457763671875 75.31874847412109375 71.125 65.91249847412109375 63.33750152587890625 58.80625152587890625 53.956249237060546875 48.90000152587890625 43.456249237060546875 39.362499237060546875 35.94374847412109375 33.950000762939453125 30.774999618530273438 29.84375 28.850000381469726562 28.975000381469726562 29.162500381469726562 29.387500762939453125
67.5500030517578125 65.44374847412109375 64.3249969482421875 64.30625152587890625 63.71875 64.5500030517578125 65.7937469482421875 67.74375152587890625 69.21875 71.49375152587890625 75.8249969482421875 78.0500030517578125 80.65000152587890625 85.11875152587890625 87.4875030517578125 85.8625030517578125 83.7312469482421875 84.5500030517578125 84.15000152587890625 83.9812469482421875 82.31874847412109375 81.6374969482421875 81.93125152587890625 80.58750152587890625 77.96250152587890625 75.28749847412109375 71.71250152587890625 67.6875 64.0625 61.33750152587890625 57.38124847412109375 51.549999237060546875 46.77500152587890625 42.46875 37.61875152587890625 33.950000762939453125 30.625 27.40625 26.237499237060546875 26.068750381469726562 25.700000762939453125 25.443750381469726562 24.881250381469726562
67.8312530517578125 66.96250152587890625 67.3937530517578125 66.53749847412109375 65.21875 65.16249847412109375 66.7312469482421875 66.77500152587890625 67.2624969482421875 68.3249969482421875 72.08750152587890625 76.36875152587890625 79.21250152587890625 81.1999969482421875 82.21875 83.38124847412109375 83.61875152587890625 82.2375030517578125 79.75624847412109375 79.3874969482421875 78.75 77.3874969482421875 78.4562530517578125 75.71250152587890625 74.3000030517578125 70.88124847412109375 69.02500152587890625 65.6750030517578125 63.49375152587890625 59.987499237060546875 56.456249237060546875 51.83750152587890625 45 39.83750152587890625 35.69374847412109375 31.956249237060546875 28.299999237060546875 24.862499237060546875 23.53125 22.612499237060546875 21.393749237060546875 21.350000381469726562 21.006250381469726562
69.28749847412109375 67.31874847412109375 68.5625 69.15625 67.6374969482421875 65.40000152587890625 64.71250152587890625 65.34999847412109375 65.7062530517578125 66.1875 71.33750152587890625 76.03749847412109375 79.24375152587890625 83.9375 84.9187469482421875 83.8125 81.84999847412109375 78.15625 75.46875 72.13124847412109375 73.8874969482421875 71.6687469482421875 71.22499847412109375 69.3625030517578125 70.40000152587890625 68.59375 66.3312530517578125 62.71250152587890625 60.299999237060546875 56.65625 53.612499237060546875 49.83750152587890625 42.825000762939453125 37.56874847412109375 32.731250762939453125 29.481250762939453125 25.381250381469726562 23.112499237060546875 20.9375 19.737499237060546875 18.306249618530273438 17.493749618530273438 17.09375
71.2062530517578125 69.15000152587890625 69.36875152587890625 69.9499969482421875 69.28749847412109375 67.5749969482421875 66.56874847412109375 65.52500152587890625 64.72499847412109375 64.8000030517578125 67.5749969482421875 75.5749969482421875 80.9562530517578125 83.93125152587890625 84.75 83.5187530517578125 80.36875152587890625 74.74375152587890625 71.0812530517578125 66.9812469482421875 66.46250152587890625 67.4250030517578125 66.22499847412109375 64.8125 65.75624847412109375 64.40000152587890625 62.456249237060546875 59.63124847412109375 58.481250762939453125 54.543750762939453125 50.44374847412109375 46.862499237060546875 41.22499847412109375 35.6875 30.46875 27.5625 25.049999237060546875 21.856250762939453125 20.100000381469726562 18.962499618530273438 17.450000762939453125 16.237499237060546875 15.512499809265136719
70.7375030517578125 71.4875030517578125 69.9187469482421875 70.6999969482421875 71.1437530517578125 69.40625 67.90000152587890625 67.6125030517578125 66.15625 62.75624847412109375 67.96250152587890625 78.3125 83.9812469482421875 84.28749847412109375 84.36875152587890625 82.3249969482421875 79.27500152587890625 74.36875152587890625 69.90000152587890625 63.71250152587890625 61.81874847412109375 63.19374847412109375 61.88124847412109375 61.33750152587890625 60.58750152587890625 59.887500762939453125 59.987499237060546875 57.643749237060546875 55.237499237060546875 50.65625 48.112499237060546875 43.61875152587890625 38.99375152587890625 34.30625152587890625 29.3125 26.53125 24.225000381469726562 21.90625 19.6875 17.931249618530273438 16.350000381469726562 15.518750190734863281 14.225000381469726562
70.24375152587890625 71.34375 71.4812469482421875 73.0437469482421875 72.72499847412109375 71.59375 71 70.3625030517578125 69.78749847412109375 65.71250152587890625 75.59375 84.8249969482421875 86.47499847412109375 86.6374969482421875 83.5812530517578125 80.625 76.71875 72.6374969482421875 68.9187469482421875 63.831249237060546875 60.518749237060546875 59.72499847412109375 57.481250762939453125 57.362499237060546875 56.43125152587890625 57.200000762939453125 57.362499237060546875 55.21875 52.950000762939453125 47.987499237060546875 44.27500152587890625 41.71250152587890625 37.731250762939453125 32.674999237060546875 28.225000381469726562 25.837499618530273438 23.537500381469726562 21.068750381469726562 20.081249237060546875 17.924999237060546875 16.056249618530273438 15.256250381469726562 13.662500381469726562
