data/historical-monthly-weather-data/wc2.1_cruts4.09_10m_prec_1978-07.asc
ncols        51
nrows        45
xllcorner    -63.500000000000
yllcorner    -7.500000000000
cellsize     0.166666666667
NODATA_value -9999
[rows 0 to 18 of 45, columns 0 to 43 of 51]
392.649993896484375 385.83123779296875 372.225006103515625 365.181243896484375 352.787506103515625 340.337493896484375 327.712493896484375 312.649993896484375 305.431243896484375 300.9375 291.206268310546875 282.375 272.443756103515625 266.76251220703125 262.993743896484375 256.4375 249.5437469482421875 238.0437469482421875 228.8249969482421875 223.256256103515625 220.3625030517578125 212.181243896484375 205.7937469482421875 200.881256103515625 198.4812469482421875 192.681243896484375 190.4499969482421875 188.7687530517578125 184.84375 183.9812469482421875 175.681243896484375 171.84375 172.568756103515625 169.7062530517578125 166.524993896484375 161.9250030517578125 154.368743896484375 155.1437530517578125 149.4499969482421875 145.193756103515625 146.306243896484375 148.4187469482421875 145.962493896484375 145.712493896484375
380.10626220703125 374.03125 363.20623779296875 359.76251220703125 353.568756103515625 343.287506103515625 331.28125 319.79376220703125 313.45623779296875 306 296.16876220703125 285.36248779296875 275.212493896484375 266.912506103515625 258.743743896484375 251.3312530517578125 242.7062530517578125 232.3625030517578125 224.631256103515625 217.962493896484375 209.4875030517578125 205.850006103515625 201.743743896484375 201 193.8249969482421875 189.2937469482421875 187.3249969482421875 185.8562469482421875 180.1687469482421875 175.7687530517578125 171.9875030517578125 173.193756103515625 172.3562469482421875 172.3000030517578125 169.5 162.006256103515625 154.5812530517578125 152.681243896484375 146.568756103515625 144.193756103515625 146.837493896484375 146.1999969482421875 145.037506103515625 142.243743896484375
345.40625 349.11248779296875 349.13751220703125 345.28125 338.86248779296875 328.681243896484375 321.26251220703125 317.70623779296875 313.88751220703125 306.868743896484375 297.337493896484375 283.95623779296875 276.024993896484375 262.66876220703125 252.243743896484375 242.5500030517578125 234.2062530517578125 224.1374969482421875 215.3874969482421875 210.6999969482421875 203.1999969482421875 200.9499969482421875 198.818756103515625 196.850006103515625 191.9187469482421875 184.75 187.431243896484375 184.412506103515625 179.6437530517578125 176.850006103515625 173.6125030517578125 168.725006103515625 168.6875 171.149993896484375 162.9562530517578125 154.375 150.6125030517578125 150.5124969482421875 143.9187469482421875 142.131256103515625 143.7937469482421875 144.2312469482421875 141.6999969482421875 140.524993896484375
314.78125 314.01873779296875 322.51873779296875 329.07501220703125 324.20001220703125 313.90625 307.29998779296875 310.29998779296875 312.431243896484375 308.59375 294.26873779296875 280.53125 270.1875 261.850006103515625 247.6875 234.162506103515625 222.9375 214.4187469482421875 208.9187469482421875 209.225006103515625 203.7937469482421875 196.6687469482421875 194.125 194.09375 190.7624969482421875 185.318756103515625 183.8937530517578125 176.9812469482421875 175.368743896484375 177.7687530517578125 175.09375 169.5124969482421875 164.3000030517578125 160.1624908447265625 153.7312469482421875 153.28125 151.8249969482421875 145.443756103515625 141.1999969482421875 138.6374969482421875 142.2937469482421875 144.756256103515625 142.46875 140.59375
318.037506103515625 305.17498779296875 293.59375 302.26873779296875 310.881256103515625 301.59375 300.23126220703125 303.98126220703125 305.287506103515625 300.32501220703125 294.306243896484375 278.66876220703125 267.681243896484375 257.01251220703125 241.600006103515625 227.756256103515625 214.9250030517578125 208.4812469482421875 199.7062530517578125 198.868743896484375 197.225006103515625 190.7624969482421875 187.1437530517578125 192.100006103515625 188.09375 182.087493896484375 177.693756103515625 176.7375030517578125 173.9499969482421875 171.6374969482421875 171.21875 168.90625 166.431243896484375 160.7062530517578125 154.0500030517578125 148.056243896484375 146.2937469482421875 143.368743896484375 138.1875 137.4375 139.943756103515625 138.912506103515625 140.125 140.4812469482421875
302.899993896484375 299.92498779296875 292.618743896484375 270.26873779296875 283.243743896484375 295.08123779296875 293.45623779296875 293.506256103515625 297.787506103515625 292.04376220703125 283.149993896484375 270.037506103515625 260.181243896484375 243.9250030517578125 233.024993896484375 220.2062530517578125 205.3000030517578125 196.149993896484375 191.975006103515625 193.15625 191.0500030517578125 187.1437530517578125 186.225006103515625 183.868743896484375 183.0500030517578125 179.0124969482421875 174.875 172.662506103515625 168.4250030517578125 166.71875 166.5124969482421875 168.6125030517578125 164.4187469482421875 162.350006103515625 154.8312530517578125 150.818756103515625 143.09375 140.618743896484375 140.3562469482421875 142.0374908447265625 138.9375 140.1999969482421875 139.3125 137.7624969482421875
292.60626220703125 291.462493896484375 286.64373779296875 278.34375 272.07501220703125 265.6875 272.82501220703125 279.243743896484375 278.131256103515625 276.25 271.587493896484375 254.8562469482421875 248.4562530517578125 235.5812530517578125 221.649993896484375 211.725006103515625 201.1374969482421875 188.8937530517578125 180.568756103515625 186.1062469482421875 183.8125 179.78125 177.1999969482421875 178.3937530517578125 176.6875 175.943756103515625 175.65625 168.318756103515625 161.9875030517578125 165.149993896484375 164.2062530517578125 161.475006103515625 158.193756103515625 159.4187469482421875 157.5187530517578125 151.5437469482421875 143.6437530517578125 139.4250030517578125 140.5500030517578125 143.225006103515625 139.4375 137.475006103515625 138.0749969482421875 136.0625
287.16876220703125 282.07501220703125 280.693756103515625 278.45623779296875 277.09375 280.34375 270.693756103515625 253.71875 248.056243896484375 248.0749969482421875 246.587493896484375 239.25 232.59375 220.6687469482421875 211.71875 202.443756103515625 191.2687530517578125 181.7312469482421875 175.381256103515625 172.693756103515625 176.756256103515625 176.7375030517578125 173.0437469482421875 173.587493896484375 174.850006103515625 169.5 168.431243896484375 160.1374969482421875 158.2937469482421875 157.412506103515625 161.65625 159.75 158.712493896484375 156.7624969482421875 153.5749969482421875 146.0625 139.618743896484375 136.3000030517578125 134.15625 132.993743896484375 131.1437530517578125 131.600006103515625 131.431243896484375 128.6437530517578125
280.868743896484375 277.59375 274.25 276.462493896484375 278.67498779296875 275.725006103515625 269.41876220703125 260.61248779296875 246.8562469482421875 232.53125 226.5187530517578125 216.3125 217.6125030517578125 206.787506103515625 199.0749969482421875 191.1125030517578125 184.975006103515625 181.1062469482421875 181.1062469482421875 171.225006103515625 167.9375 172.6999969482421875 169.975006103515625 173.03125 173.118743896484375 164.0749969482421875 159.0812530517578125 159.3937530517578125 158.631256103515625 156.837493896484375 162.1062469482421875 156.7312469482421875 149.868743896484375 146.2062530517578125 145.368743896484375 144.931243896484375 142.537506103515625 140.993743896484375 136.0812530517578125 131.4375 128 126.88124847412109375 127.16249847412109375 123.0437469482421875
270.79376220703125 270.443756103515625 270.6875 273.32501220703125 275.54998779296875 276.65625 270.087493896484375 261.88751220703125 251.162506103515625 241.5124969482421875 226.8312530517578125 208.068756103515625 204.3312530517578125 196.725006103515625 191.306243896484375 187 178.993743896484375 180.59375 181.5749969482421875 177.5 173.087493896484375 167.3125 161.7937469482421875 164.993743896484375 163.787506103515625 161.662506103515625 156.818756103515625 155.743743896484375 152.850006103515625 152.475006103515625 155.162506103515625 150.287506103515625 147.40625 143.850006103515625 141.4250030517578125 142.5749969482421875 142.125 141.5187530517578125 137.0437469482421875 135.5437469482421875 134.037506103515625 130.2312469482421875 124.83750152587890625 117.58750152587890625
266.087493896484375 267.0625 266.287506103515625 270.85626220703125 272.243743896484375 273.524993896484375 269.037506103515625 255.399993896484375 239.899993896484375 230.5625 221.8625030517578125 207.5187530517578125 191.3312530517578125 186.431243896484375 178.881256103515625 175.087493896484375 173.7375030517578125 175.881256103515625 177.024993896484375 180.9562530517578125 181.943756103515625 173.8125 161.5124969482421875 151.7312469482421875 158.1750030517578125 165.181243896484375 161.5187530517578125 157.0500030517578125 148.787506103515625 148.368743896484375 148.9375 148.725006103515625 147.662506103515625 143.4250030517578125 143.4499969482421875 142.931243896484375 142.8874969482421875 138.9499969482421875 140.8937530517578125 137.3249969482421875 132.0625 126.88124847412109375 124.3874969482421875 113.9499969482421875
259.681243896484375 258.306243896484375 258.73126220703125 264.15625 267.524993896484375 268.84375 266.65625 253.9499969482421875 234.975006103515625 218.6687469482421875 207.9375 200.537506103515625 182.787506103515625 174.8312530517578125 174.556243896484375 168.0124969482421875 166.78125 168.8874969482421875 171.118743896484375 177.850006103515625 185.0187530517578125 179.8874969482421875 173.131256103515625 160.087493896484375 156.618743896484375 150.818756103515625 148.6374969482421875 148.6125030517578125 144.4375 143.162506103515625 139.975006103515625 139.962493896484375 141.181243896484375 140.7687530517578125 143.1875 145.006256103515625 142.975006103515625 143.681243896484375 136.756256103515625 133.118743896484375 126.8625030517578125 124.2937469482421875 116.2687530517578125 104.49375152587890625
245.40625 248.212493896484375 251.5500030517578125 253.40625 254.125 255.8000030517578125 250.743743896484375 237.037506103515625 220.2937469482421875 209.53125 201.0749969482421875 190.8249969482421875 182.5625 164.243743896484375 158.6875 159.9875030517578125 158.975006103515625 162.649993896484375 165.556243896484375 169.1062469482421875 173.068756103515625 169.6374969482421875 167.212493896484375 158.0500030517578125 146.8937530517578125 141.681243896484375 141.618743896484375 142.881256103515625 140.46875 137.931243896484375 134.6125030517578125 130.7062530517578125 134.78125 136.21875 138.46875 141.725006103515625 145.306243896484375 149.5 148.21875 137.368743896484375 125.31874847412109375 119.28749847412109375 107.34999847412109375 99.03125
233.9875030517578125 236.087493896484375 239.7312469482421875 240.2687530517578125 239.3249969482421875 237.131256103515625 231.181243896484375 220.212493896484375 211.337493896484375 197.975006103515625 189.006256103515625 181.774993896484375 170.9375 158.5749969482421875 143.868743896484375 148.0812530517578125 146.1374969482421875 151.03125 152.3000030517578125 156.649993896484375 158.787506103515625 159.1999969482421875 158.0437469482421875 152.5500030517578125 142.881256103515625 136.368743896484375 134.2624969482421875 131.7624969482421875 129.693756103515625 128.056243896484375 130.399993896484375 128.9562530517578125 128.743743896484375 130.462493896484375 133.8249969482421875 142.3562469482421875 152.225006103515625 161.7687530517578125 163.09375 149.9499969482421875 125.2062530517578125 111.3125 108.66249847412109375 113.9499969482421875
226.1062469482421875 224.96875 225.71875 227.399993896484375 223.899993896484375 219.431243896484375 218.412506103515625 208.125 197.556243896484375 185.59375 176.78125 168.4187469482421875 161.068756103515625 152.556243896484375 133.6875 132.8312530517578125 132.3625030517578125 135.9499969482421875 138.2937469482421875 143.4875030517578125 148.5500030517578125 148.850006103515625 148.6062469482421875 148.2375030517578125 144.337493896484375 140.1750030517578125 137.46875 132.837493896484375 131.6875 131.381256103515625 127.1875 127.2062530517578125 132.225006103515625 131.756256103515625 128.7937469482421875 135.5749969482421875 153.9812469482421875 173.024993896484375 177.443756103515625 163.4875030517578125 145.993743896484375 133.162506103515625 135.662506103515625 129
213.3312530517578125 212.5812530517578125 213.9812469482421875 212.5812530517578125 210.399993896484375 209.881256103515625 202.1062469482421875 193.1875 184.5 176.8312530517578125 166.6437530517578125 159.725006103515625 153.6374969482421875 145.850006103515625 131.1875 113.56874847412109375 116.3874969482421875 122.1999969482421875 123.9250030517578125 129.6999969482421875 133.6374969482421875 137.8562469482421875 140.71875 148.024993896484375 147.5625 143.350006103515625 137.7937469482421875 130.3687591552734375 129.84375 130.212493896484375 134.03125 128.681243896484375 126.59375 124.53749847412109375 123.625 142.537506103515625 158.756256103515625 176.3312530517578125 187.462493896484375 188.3312530517578125 179.3937530517578125 164.681243896484375 152.5812530517578125 137.3625030517578125
201.4250030517578125 200.931243896484375 203.056243896484375 203.5749969482421875 202.756256103515625 196.5625 191.8625030517578125 183.8249969482421875 176.0124969482421875 168.868743896484375 160.274993896484375 152.068756103515625 144.431243896484375 139.412506103515625 134.0500030517578125 121.44374847412109375 108.6875 108.2937469482421875 115.90000152587890625 120.5749969482421875 123.7624969482421875 128.837493896484375 136.5187530517578125 147.90625 153.0625 140.162506103515625 129.7062530517578125 123.7312469482421875 126.28125 130.600006103515625 135.1437530517578125 138.087493896484375 135.274993896484375 134.4250030517578125 147.8625030517578125 159.7375030517578125 180.5812530517578125 206.8125 225.2312469482421875 210.587493896484375 196.9875030517578125 175.78125 153.850006103515625 140.6437530517578125
190.587493896484375 192.75 192.774993896484375 195.21875 194.2312469482421875 186.337493896484375 180.4499969482421875 174.725006103515625 167.46875 156.412506103515625 148.9375 145.225006103515625 138.71875 134.024993896484375 131.7687530517578125 125.78749847412109375 114.91249847412109375 100.78125 110.00624847412109375 113.3937530517578125 116.16249847412109375 120.2937469482421875 131.8937530517578125 141.9875030517578125 145.8562469482421875 133.6750030517578125 123.0124969482421875 120.2937469482421875 124.44374847412109375 125.90000152587890625 123.8249969482421875 125.125 145.774993896484375 155.59375 157.8249969482421875 177.5187530517578125 203.5124969482421875 220.71875 229.1687469482421875 217.868743896484375 192.6687469482421875 172.15625 151.975006103515625 139.381256103515625
180.59375 182.5 180.850006103515625 181.725006103515625 183.274993896484375 178.0625 170.318756103515625 166.524993896484375 160.9875030517578125 151.2375030517578125 143.6875 136.6687469482421875 132.212493896484375 130.2624969482421875 124.1125030517578125 122.0187530517578125 116.51874542236328125 106.5749969482421875 100.2375030517578125 101.5124969482421875 109.15625 121.7062530517578125 112.25624847412109375 123.99375152587890625 129.6437530517578125 128.9812469482421875 123.59999847412109375 119.04999542236328125 123.8625030517578125 127.0812530517578125 127.75624847412109375 131.96875 147.818756103515625 154.149993896484375 161.6374969482421875 178.0749969482421875 192.0500030517578125 203.0187530517578125 210.7312469482421875 196.3562469482421875 181.3562469482421875 161.1125030517578125 146.443756103515625 135.506256103515625
