data/historical-monthly-weather-data/wc2.1_cruts4.09_10m_prec_1962-09.asc
ncols        51
nrows        45
xllcorner    -63.500000000000
yllcorner    -7.500000000000
cellsize     0.166666666667
NODATA_value -9999
[rows 0 to 18 of 45, columns 0 to 42 of 51]
175.631256103515625 173.71875 172.03125 173.21875 171.7312469482421875 167.4812469482421875 158.9187469482421875 149.0625 141.5187530517578125 134.7375030517578125 130.100006103515625 127.4875030517578125 124.9875030517578125 121.1687469482421875 119.19374847412109375 116.61875152587890625 115.3562469482421875 112.71250152587890625 111.1750030517578125 108.6062469482421875 105.78749847412109375 101.2624969482421875 97.66249847412109375 93.99375152587890625 89.9812469482421875 87.6999969482421875 87.21875 86.8874969482421875 84.72499847412109375 79.09375 72.28125 66.5500030517578125 62.712497711181640625 57.91249847412109375 53.81874847412109375 51.22499847412109375 49.387500762939453125 47.53749847412109375 46.3125 45.375 44.581249237060546875 43.875 42.731250762939453125
167.0749969482421875 165.2624969482421875 167.4187469482421875 172.3562469482421875 177.4812469482421875 169.681243896484375 159.381256103515625 152.431243896484375 144.600006103515625 137 131.350006103515625 127.4375 123.91249847412109375 118.83750152587890625 116.2312469482421875 114.2687530517578125 111.75624847412109375 110.34375 109.21250152587890625 107.61875152587890625 104.03125 100.9187469482421875 97.0437469482421875 93.58750152587890625 88.65625 85.6374969482421875 85.3562469482421875 85.02500152587890625 82.21875 76.9187469482421875 70.9562530517578125 66.21250152587890625 62.3125 58.950000762939453125 55.575000762939453125 53.47499847412109375 52.11875152587890625 51.00624847412109375 50.15000152587890625 49.643749237060546875 49.362499237060546875 48.84999847412109375 48.131252288818359375
151.7937469482421875 152.15625 154.46875 159.6875 163.875 160.056243896484375 152.7937469482421875 146.5749969482421875 140.4562530517578125 134.0749969482421875 128.774993896484375 124.6437530517578125 120.96875 115.7624969482421875 112.50624847412109375 110.8312530517578125 108.0812530517578125 106.2937469482421875 104.5187530517578125 102.59375 98.4875030517578125 94.2312469482421875 90.33750152587890625 86.59375 81.66249847412109375 77.7687530517578125 78.49375152587890625 77.81874847412109375 75.625 70.34999847412109375 64.33750152587890625 59.643749237060546875 56.71250152587890625 53.40625 50.25624847412109375 48.168750762939453125 46.887500762939453125 46.043750762939453125 45.72499847412109375 45.72499847412109375 45.893749237060546875 45.65625 45.72499847412109375
134.225006103515625 135.1999969482421875 141.350006103515625 144.0749969482421875 146.6875 145.131256103515625 142.125 140.2062530517578125 136.1875 131.4499969482421875 126.03749847412109375 121.8312530517578125 116.5437469482421875 112.2062530517578125 109.1125030517578125 107.0437469482421875 104.7937469482421875 102.3562469482421875 100.7687530517578125 98.66249847412109375 93.65625 87.5749969482421875 82.13124847412109375 77.93125152587890625 72.55625152587890625 68.8249969482421875 69.0124969482421875 67.90000152587890625 66.7062530517578125 62.21250152587890625 57.09375 52.125 48.799999237060546875 45.59375 42.34375 41.36875152587890625 40.56874847412109375 39.77500152587890625 39.924999237060546875 39.96250152587890625 40.125 40.46875 41.08750152587890625
131.1750030517578125 128.037506103515625 126.16875457763671875 127.76250457763671875 132.09375 132.787506103515625 131.743743896484375 131.818756103515625 130.4187469482421875 126.8937530517578125 122.2375030517578125 116.84999847412109375 112.59375 109.5812530517578125 106.7624969482421875 104.4187469482421875 101.74375152587890625 98.5 95.8874969482421875 92.41249847412109375 87.5124969482421875 79.74375152587890625 74.06874847412109375 69.3562469482421875 63.875 59.875 59.18125152587890625 59.15625 58.28749847412109375 53.78749847412109375 49.25624847412109375 44.36875152587890625 40.981250762939453125 38.16249847412109375 35.481250762939453125 34.387500762939453125 33.6875 33.34999847412109375 33.856250762939453125 34.21875 34.625 35.356250762939453125 36.24375152587890625
127.50624847412109375 123.5 119.3312530517578125 114.56874847412109375 118.6374969482421875 123.5500030517578125 124.4187469482421875 123.78125 122.68125152587890625 120.97499847412109375 116.63124847412109375 111.80625152587890625 108.43125152587890625 106.15625 103.1374969482421875 101.4875030517578125 98.90625 94.40625 90.58750152587890625 86.7062530517578125 79.96875 72.5187530517578125 66.1750030517578125 60.793750762939453125 55.96875 51.731250762939453125 51.09375 51.47499847412109375 50.65625 46.512500762939453125 42.40000152587890625 39.13124847412109375 36.08750152587890625 33.36875152587890625 30.84375 30.356248855590820312 29.931249618530273438 30.056249618530273438 30.856250762939453125 31.274999618530273438 30.912500381469726562 31.631250381469726562 32.5
125.56874847412109375 121.68125152587890625 117.13124847412109375 112.21875 111.84375 112.53749847412109375 114.4187469482421875 115.11875152587890625 113.4187469482421875 110.96250152587890625 108.59375 105.78749847412109375 103.875 101.9375 99.72499847412109375 98.21875 95.99375152587890625 91.4250030517578125 86.02500152587890625 80.3625030517578125 72.6374969482421875 65.0124969482421875 57.75 52.36875152587890625 48 44.206249237060546875 43.825000762939453125 44.21250152587890625 43.36875152587890625 39.65625 36.268749237060546875 33.125 30.818750381469726562 28.756250381469726562 26.78125 26.225000381469726562 26.15625 26.799999237060546875 28.162500381469726562 28.043750762939453125 27.625 27.943750381469726562 28.681249618530273438
124.1437530517578125 119.84999847412109375 115.3625030517578125 112.625 111.80625152587890625 112.22499847412109375 110.1125030517578125 105.6437530517578125 102.0625 100.7687530517578125 100.74375152587890625 99.8249969482421875 99.13124847412109375 97.74375152587890625 96.61875152587890625 94.28125 92.03125 87.2062530517578125 81.1875 73.4250030517578125 65.5812530517578125 57.543750762939453125 50.19374847412109375 44.71250152587890625 40.27500152587890625 36.71250152587890625 36.34375 36.5625 36.34375 33.34999847412109375 30.543750762939453125 27.918750762939453125 26.012500762939453125 24.5 22.737499237060546875 22.387500762939453125 22.46875 22.962499618530273438 23.662500381469726562 23.793750762939453125 23.506250381469726562 23.6875 24.325000762939453125
124.1687469482421875 120.46875 116.9562530517578125 114.0749969482421875 112.7062530517578125 111.625 109.3249969482421875 104.88124847412109375 99.7062530517578125 95.7624969482421875 95.74375152587890625 95.4187469482421875 96.2937469482421875 95.0124969482421875 92.8937530517578125 89.83124542236328125 86.6437530517578125 81.50624847412109375 75.8625030517578125 67.96875 59.318752288818359375 51.65000152587890625 43.737499237060546875 39.043750762939453125 34.52500152587890625 30.887500762939453125 30.768749237060546875 31.40625 31.75 29.462499618530273438 27.637500762939453125 25.112499237060546875 23.168750762939453125 21.481250762939453125 20.15625 20.293750762939453125 20.618749618530273438 20.912500381469726562 21.181249618530273438 21.25 21.006250381469726562 20.96875 21.375
122.84375 119.6125030517578125 116.59375 113.8874969482421875 113.03125 111.8937530517578125 109.3937530517578125 104.6062469482421875 100.25 96.9250030517578125 94.94374847412109375 93.49375152587890625 93.72499847412109375 93.2624969482421875 89.1999969482421875 85.4562530517578125 80.52500152587890625 75 69.3312530517578125 62.59999847412109375 54.143749237060546875 45.6875 37.887500762939453125 33.125 28.65625 25.375 25.600000381469726562 26.431249618530273438 27.0625 25.893749237060546875 24.25 22.40625 20.737499237060546875 19.487499237060546875 18.46875 18.5625 18.956249237060546875 19.193750381469726562 19.118749618530273438 19.049999237060546875 18.768749237060546875 18.700000762939453125 18.381250381469726562
123.2624969482421875 119.8874969482421875 116.99375152587890625 114.125 112.7312469482421875 112.3874969482421875 110.03125 103.94374847412109375 99.1062469482421875 96.02500152587890625 94.25624847412109375 93.2937469482421875 91.9562530517578125 90.21875 84.75624847412109375 79.44374847412109375 73.3562469482421875 67.83750152587890625 62.31874847412109375 56.456249237060546875 49.174999237060546875 40.893749237060546875 33.02500152587890625 27.262500762939453125 23.524999618530273438 21.181249618530273438 21.674999237060546875 22.381250381469726562 22.862499237060546875 22.262500762939453125 21.40625 20.21875 18.912500381469726562 17.731250762939453125 16.881250381469726562 16.956249237060546875 17.268749237060546875 17.424999237060546875 17.431249618530273438 17.056249618530273438 16.524999618530273438 16.168750762939453125 16.043750762939453125
122.9812469482421875 119.6437530517578125 116.84999847412109375 114.8562469482421875 113.2624969482421875 112.4875030517578125 110.77500152587890625 105.0124969482421875 99.46250152587890625 95.52500152587890625 93.59375 91.88124847412109375 87.98125457763671875 84.1062469482421875 79.5 73.71875 68.02500152587890625 62.0625 56.856250762939453125 52.1875 45.793750762939453125 37.606250762939453125 29.649999618530273438 24.075000762939453125 20.424999237060546875 18.087499618530273438 18.668750762939453125 19.618749618530273438 20.15625 20.024999618530273438 19.549999237060546875 18.818750381469726562 17.731250762939453125 16.881250381469726562 16.375 16.46875 16.674999237060546875 16.825000762939453125 16.274999618530273438 15.518750190734863281 14.756250381469726562 14.193750381469726562 13.993749618530273438
121.86875152587890625 118.55625152587890625 115.4375 112.5 110.2062530517578125 109 106.3874969482421875 101.44374847412109375 97.6687469482421875 94.4812469482421875 91.7312469482421875 88.90625 84.34375 77.56874847412109375 71.9250030517578125 67.1750030517578125 61.84999847412109375 56.52500152587890625 51.77500152587890625 47.237499237060546875 41.30625152587890625 33.862499237060546875 26.262500762939453125 21.399999618530273438 17.581249237060546875 15.362500190734863281 16.299999237060546875 17.524999618530273438 18.368749618530273438 18.424999237060546875 18.0625 17.59375 16.78125 15.90625 15.4375 15.800000190734863281 16.424999237060546875 16.78125 16.368749618530273438 14.893750190734863281 13.449999809265136719 13.03125 12.543749809265136719
119.72499847412109375 116.06874847412109375 112.1062469482421875 108.7687530517578125 106.3874969482421875 103.8874969482421875 100.80625152587890625 97.36249542236328125 94.1750030517578125 91.8562469482421875 88.4562530517578125 83.0625 77.6062469482421875 70.94374847412109375 64.15625 60.081249237060546875 55.34999847412109375 50.331249237060546875 45.612499237060546875 41.43125152587890625 35.737499237060546875 28.8125 22.387500762939453125 18.831249237060546875 15.71875 13.625 14.606249809265136719 15.78125 16.606250762939453125 16.96875 17.174999237060546875 16.837499618530273438 15.96875 15.143750190734863281 14.831250190734863281 15.606249809265136719 16.731250762939453125 17.818750381469726562 17.649999618530273438 16.4375 13.787500381469726562 12.131250381469726562 11.581250190734863281
116.38124847412109375 112.02500152587890625 107.7937469482421875 104.40625 101.8937530517578125 97.8312530517578125 95.46875 91.96250152587890625 88.8625030517578125 87.08750152587890625 83.09375 77.0500030517578125 70.69374847412109375 64.02500152587890625 57.15625 52.43125152587890625 48.53125 44.53125 40.15000152587890625 36.450000762939453125 31.375 25.524999618530273438 20.087499618530273438 17.625 15.631249427795410156 14.018750190734863281 14.912500381469726562 15.762499809265136719 16.387500762939453125 16.875 16.768749237060546875 16.481250762939453125 15.831250190734863281 14.962499618530273438 14.306249618530273438 15.524999618530273438 17.75 20.350000381469726562 21.518749237060546875 20.34375 18.09375 15.537500381469726562 14.074999809265136719
111.8312530517578125 107.19374847412109375 103.5 99.875 96.28749847412109375 93.33750152587890625 90.3125 86.71875 84.21875 82.40625 78.27500152587890625 71.28749847412109375 64.3125 57.75 51.4375 45.80625152587890625 42.15625 39.168750762939453125 35.44374847412109375 32.31874847412109375 27.581249237060546875 22.743749618530273438 18.368749618530273438 16.962499618530273438 15.725000381469726562 14.431249618530273438 15.21875 16.125 16.768749237060546875 17.162500381469726562 17.518749237060546875 17.049999237060546875 16.056249618530273438 15.300000190734863281 14.387499809265136719 16.40625 19.787500381469726562 22.9375 25.756250381469726562 25.837499618530273438 24.587499618530273438 20.53125 16.918750762939453125
105.8249969482421875 101.83750152587890625 98.71875 95.2687530517578125 91.5 88.7624969482421875 85.66249847412109375 82.5749969482421875 79.9875030517578125 77.46250152587890625 73.81874847412109375 66.46875 58.71250152587890625 51.86875152587890625 46.77500152587890625 41.856250762939453125 36.99375152587890625 34.049999237060546875 31.456249237060546875 28.625 24.318750381469726562 20.137500762939453125 16.700000762939453125 16.362499237060546875 15.949999809265136719 14.818749427795410156 15.65625 16.606250762939453125 17.362499237060546875 18.037500381469726562 18.862499237060546875 19.287500381469726562 18.03125 16.962499618530273438 17.350000381469726562 19.181249618530273438 22.293750762939453125 27.368749618530273438 32.799999237060546875 31.756250381469726562 28.825000762939453125 23.668750762939453125 18.693750381469726562
99.4562530517578125 96.0124969482421875 92.1750030517578125 88.78749847412109375 85.7937469482421875 83.06874847412109375 79.625 76.1687469482421875 74.1687469482421875 71.43125152587890625 67.96250152587890625 61.137500762939453125 53.856250762939453125 47.450000762939453125 42.606250762939453125 38.31874847412109375 33.96875 29.831249237060546875 27.993749618530273438 25.393749237060546875 21.881250381469726562 18.1875 15.425000190734863281 15.793749809265136719 16.143749237060546875 15.612500190734863281 16.799999237060546875 17.875 18.549999237060546875 19.0625 19.799999237060546875 20.274999618530273438 21.0625 21.643749237060546875 21.193750381469726562 21.71875 25.568750381469726562 30.231250762939453125 33.262500762939453125 32.66249847412109375 28.625 23.774999618530273438 19.524999618530273438
93.0124969482421875 89.4499969482421875 85.5437469482421875 82.6062469482421875 79.4250030517578125 76.7937469482421875 73.38124847412109375 70.63124847412109375 68.5812530517578125 66.1374969482421875 62.831249237060546875 56.21875 49.325000762939453125 43.518749237060546875 38.737499237060546875 35.125 31.443750381469726562 27.399999618530273438 24.706249237060546875 22.456249237060546875 19.881250381469726562 17.700000762939453125 14.087499618530273438 14.793749809265136719 15.831250190734863281 16.575000762939453125 18.274999618530273438 19.412500381469726562 20.612499237060546875 21.018749237060546875 21.4375 23.59375 26.28125 26.924999237060546875 26.912500381469726562 27.487499237060546875 29.225000381469726562 31.056249618530273438 31.918750762939453125 30.4375 27.081249237060546875 23.243749618530273438 20.09375
