data/historical-monthly-weather-data/wc2.1_cruts4.09_10m_prec_1998-10.asc
ncols        51
nrows        45
xllcorner    -63.500000000000
yllcorner    -7.500000000000
cellsize     0.166666666667
NODATA_value -9999
[rows 19 to 37 of 45, columns 0 to 43 of 51]
213.3312530517578125 210.2937469482421875 207.59375 204.65625 201.4562530517578125 199.1687469482421875 195.78125 190.78125 184.537506103515625 176.75 166.962493896484375 156.6687469482421875 146.75 137.381256103515625 130.3000030517578125 124.3937530517578125 117.1437530517578125 112.3625030517578125 108.625 105.7687530517578125 101.06874847412109375 98.43125152587890625 98.8312530517578125 102.96250152587890625 105.4499969482421875 104.84999847412109375 103.26874542236328125 100.09999847412109375 93.2624969482421875 85.40000152587890625 80.4375 83.2624969482421875 86.77500152587890625 90.125 92.34999847412109375 92.43125152587890625 94.83750152587890625 99.6374969482421875 104.4375 107.74375152587890625 109.28749847412109375 107.71875 101.97499847412109375 95.91249847412109375
209.618743896484375 209.681243896484375 209.9875030517578125 209.225006103515625 207.6125030517578125 206.006256103515625 204.0124969482421875 199.8625030517578125 193.7937469482421875 184.806243896484375 174.2375030517578125 162.537506103515625 151.493743896484375 140.3937530517578125 132.6750030517578125 125.75624847412109375 118.65625 113.0187530517578125 110.22499847412109375 106.7624969482421875 103.375 100.7937469482421875 98.9187469482421875 101.25 103.49375152587890625 103.78125 103.1687469482421875 99.5187530517578125 95.41249847412109375 92.4250030517578125 90.90625 92.7624969482421875 95.88124847412109375 100.3312530517578125 105.41249847412109375 104.84375 103.65625 105.2062530517578125 107.4812469482421875 109.75 111.0749969482421875 109.5749969482421875 105.41875457763671875 100.8125
206.2062530517578125 209.7624969482421875 212.2687530517578125 213.306243896484375 213.600006103515625 213.631256103515625 212.443756103515625 209.693756103515625 204.7687530517578125 194.84375 182.3937530517578125 169.4250030517578125 157.475006103515625 147.0625 138.318756103515625 131.131256103515625 124.74375152587890625 118.7062530517578125 114.3125 110.3937530517578125 105.30625152587890625 101.7312469482421875 99.6374969482421875 100.6437530517578125 101.30625152587890625 101.2937469482421875 102.40625 101.43125152587890625 100.375 99.78749847412109375 99.83750152587890625 101.6750030517578125 104.2687530517578125 108.16249847412109375 110.99375152587890625 111.59375 110.25624847412109375 109.6875 110.5 112.2062530517578125 113.125 111.75624847412109375 109.09999847412109375 105.1062469482421875
205.9562530517578125 213.256256103515625 217.631256103515625 219.837493896484375 219.9499969482421875 220.600006103515625 220.6687469482421875 219.9562530517578125 217.5187530517578125 205.381256103515625 191.0124969482421875 176.243743896484375 164.443756103515625 154.7624969482421875 145.475006103515625 137.600006103515625 130.78125 124.7312469482421875 119.18125152587890625 113.9875030517578125 108.8625030517578125 103.8937530517578125 100.3000030517578125 100.4875030517578125 100.25 98.8937530517578125 101.1875 103.40625 103.97499847412109375 105.33750152587890625 107.53125 110.40000152587890625 112.16249847412109375 114.86875152587890625 116.55625152587890625 116.71250152587890625 115.4187469482421875 113.5437469482421875 113.72499847412109375 116.34375 117.78125 116.61875152587890625 114.2624969482421875 110.4250030517578125
210.412506103515625 220.712493896484375 227.475006103515625 228.2375030517578125 227.493743896484375 227.78125 227.125 226.65625 223.2624969482421875 211.3937530517578125 196.024993896484375 182.0500030517578125 170.3937530517578125 160.556243896484375 151.600006103515625 143.5187530517578125 136.6750030517578125 129.8625030517578125 123.375 117.1999969482421875 111.75 106.72499847412109375 101.80625152587890625 100.9499969482421875 99.7375030517578125 97.36875152587890625 98.8562469482421875 103.0187530517578125 106.8000030517578125 110.125 113.55625152587890625 116.9812469482421875 118.8125 120.55625152587890625 121.9250030517578125 122.875 122.03125 119.9562530517578125 120.5812530517578125 122.5625 124 123.0124969482421875 120.5 116.375
222.1875 232.3000030517578125 239.443756103515625 237.5124969482421875 235.274993896484375 234.2312469482421875 232.131256103515625 229.1687469482421875 223.8937530517578125 214.0500030517578125 201.4499969482421875 188.4187469482421875 177.2624969482421875 167.4250030517578125 158.1875 150.2937469482421875 142.931243896484375 135.4812469482421875 128.1374969482421875 121.3125 115.21875 108.88124847412109375 103.9499969482421875 102.3000030517578125 100.8562469482421875 99.74375152587890625 101.77500152587890625 105.90000152587890625 110.2687530517578125 114.375 118.3249969482421875 121.5187530517578125 124.06874847412109375 125.53125 127.03749847412109375 127.8125 128.462493896484375 128.631256103515625 129.1750030517578125 131.306243896484375 132.59375 131.21875 128.3937530517578125 125.03125
236.9875030517578125 244.625 246.2375030517578125 245.212493896484375 241.6374969482421875 239.0625 235.631256103515625 231.181243896484375 225.65625 217.506256103515625 205.1437530517578125 194.0124969482421875 183.243743896484375 173.53125 164.9812469482421875 156.90625 149.618743896484375 141.1437530517578125 133.2375030517578125 125.66249847412109375 119.0625 112.1437530517578125 106.59375 104.8312530517578125 103.59999847412109375 102.9875030517578125 105.96875 109.8312530517578125 114.15000152587890625 118.6374969482421875 121.96875 126.1687469482421875 129.0812530517578125 130.4499969482421875 132.475006103515625 133.806243896484375 135.25 136.993743896484375 138.5187530517578125 140.850006103515625 142.4875030517578125 141.2375030517578125 138.1437530517578125 135.006256103515625
253.287506103515625 254.837493896484375 254.0500030517578125 251.3249969482421875 246.881256103515625 243.8937530517578125 239.306243896484375 233.9250030517578125 227 217.962493896484375 208.4499969482421875 198.4250030517578125 188.4499969482421875 179.1437530517578125 170.3625030517578125 162.743743896484375 154.6875 146.3937530517578125 137.875 129.7312469482421875 122.68125152587890625 115.24375152587890625 109.0437469482421875 108.18125152587890625 106.84375 106.47499847412109375 109.7062530517578125 113.8000030517578125 118.43125152587890625 122.625 126.84375 130.2062530517578125 133.537506103515625 135.5749969482421875 137.350006103515625 139.7687530517578125 142.3125 145.0437469482421875 148.0500030517578125 152.0187530517578125 154.681243896484375 154.4875030517578125 152.2937469482421875 149.368743896484375
268.98748779296875 266.693756103515625 263.1875 258.774993896484375 253.006256103515625 248.693756103515625 243.818756103515625 236.90625 229.087493896484375 220.6750030517578125 211.068756103515625 201.806243896484375 193.1687469482421875 183.6999969482421875 175.475006103515625 167.8937530517578125 160.412506103515625 151.100006103515625 142.524993896484375 134.5625 126.5124969482421875 118.49375152587890625 112.38124847412109375 111.0437469482421875 109.9499969482421875 109.9875030517578125 113.8937530517578125 118.49375152587890625 122.61875152587890625 126.625 130.2687530517578125 134.037506103515625 137.5124969482421875 139.8125 142.7750091552734375 145.5500030517578125 148.524993896484375 153.1687469482421875 157.21875 163.0812530517578125 168.9812469482421875 169.15625 166.181243896484375 165.056243896484375
283.4375 278.537506103515625 271.725006103515625 265.95623779296875 259.068756103515625 252.65625 245.9562530517578125 238.9499969482421875 231.1437530517578125 223.443756103515625 214.8562469482421875 206.1687469482421875 197.524993896484375 188.25 180.662506103515625 173.125 165.931243896484375 156.4375 147.350006103515625 139.03125 130.225006103515625 121.93125152587890625 115.31874847412109375 113.86875152587890625 112.96875 113.46250152587890625 117.6999969482421875 122.52500152587890625 127.59375 131.068756103515625 133.9375 137.5500030517578125 141.1875 143.943756103515625 147.2750091552734375 151.0749969482421875 154.8874969482421875 159.6750030517578125 164.162506103515625 170.943756103515625 178.9250030517578125 179.712493896484375 177.6875 179.806243896484375
288.08123779296875 282.493743896484375 274.57501220703125 266.5 259.70623779296875 252.09375 245.806243896484375 239.7937469482421875 233.2687530517578125 225.274993896484375 218.0625 209.40625 201.7687530517578125 193.1875 185.4499969482421875 178.537506103515625 170.5500030517578125 161.743743896484375 152.2687530517578125 142.8562469482421875 134.15625 125.6999969482421875 118.49375152587890625 116.77500152587890625 116.41249847412109375 117.61875152587890625 121.9187469482421875 126.6437530517578125 131.21875 134.568756103515625 137.8625030517578125 141.318756103515625 145.0625 148.7624969482421875 152.306243896484375 156.462493896484375 160.556243896484375 166.0500030517578125 168.962493896484375 174.1937408447265625 181.375 186.09375 187.431243896484375 192.6999969482421875
290.056243896484375 283.76873779296875 275.89373779296875 266.08123779296875 259.26873779296875 253.40625 247.1437530517578125 241.4499969482421875 234.7375030517578125 227.125 220.962493896484375 213.6125030517578125 207.0124969482421875 198.8874969482421875 190.600006103515625 183.6437530517578125 176.3249969482421875 166.7062530517578125 156.943756103515625 147.59375 138.1374969482421875 129.3937530517578125 121.9562530517578125 120.28749847412109375 120.1687469482421875 121.1875 125.59999847412109375 130.375 134.7687530517578125 137.96875 141.59375 145.087493896484375 149.162506103515625 153.5625 157.7062530517578125 161.5 166.181243896484375 171.96875 173.6374969482421875 173.90625 181.09375 189.587493896484375 195.868743896484375 201.5625
287.86248779296875 281.73126220703125 272.818756103515625 265.04376220703125 260.33123779296875 252.837493896484375 246.725006103515625 241.568756103515625 235.3249969482421875 228.743743896484375 222.9375 217.024993896484375 210.4187469482421875 203.40625 196.3625030517578125 189.287506103515625 180.96875 170.5187530517578125 161.524993896484375 152.0625 142.181243896484375 133.0124969482421875 125.4250030517578125 123.6750030517578125 123.83750152587890625 124.74375152587890625 129.125 134.006256103515625 138.306243896484375 141.7937469482421875 145.3125 148.462493896484375 153.0625 158.3874969482421875 162.4562530517578125 166.837493896484375 171.9562530517578125 177.693756103515625 177.96875 179.2687530517578125 187.1687469482421875 196.9499969482421875 204.181243896484375 211.8562469482421875
275.681243896484375 269.79998779296875 262.48126220703125 257 252.1062469482421875 245.4812469482421875 239.568756103515625 234.5124969482421875 229.4375 225.087493896484375 224.2375030517578125 218.943756103515625 214.618743896484375 209.818756103515625 202.3874969482421875 194.225006103515625 184.837493896484375 174.649993896484375 165.2687530517578125 155.8937530517578125 146.118743896484375 137.0187530517578125 129.287506103515625 128.0187530517578125 128.0812530517578125 128.912506103515625 133.162506103515625 137.59375 141.8562469482421875 146.0625 149.625 153.131256103515625 156.9250030517578125 162.743743896484375 168.6062469482421875 174.662506103515625 179.7249908447265625 184.3000030517578125 185.806243896484375 190.9812469482421875 198.9875030517578125 207.5437469482421875 215.4250030517578125 223.09375
259.618743896484375 255.443756103515625 250.8937530517578125 247.1875 242.0812530517578125 236.65625 231.3312530517578125 227 222.2624969482421875 220.1437530517578125 220.0625 219.875 219.625 214.625 207.725006103515625 198.681243896484375 188.899993896484375 178.962493896484375 168.7062530517578125 159.850006103515625 150.15625 141.068756103515625 133.493743896484375 131.7624969482421875 132.212493896484375 133.1062469482421875 136.7687530517578125 140.975006103515625 145.431243896484375 149.712493896484375 153.96875 158.131256103515625 163.0625 168.256256103515625 175.2624969482421875 181.625 186.7375030517578125 191.625 195.431243896484375 201.9562530517578125 208.631256103515625 216.9250030517578125 226.3249969482421875 234.881256103515625
243.2062530517578125 240.9875030517578125 237.3000030517578125 235.306243896484375 231.5187530517578125 226.8874969482421875 222.0749969482421875 218.7062530517578125 213.725006103515625 212.8625030517578125 215.725006103515625 219.03125 222.3125 220.912506103515625 211.943756103515625 202.4562530517578125 192.600006103515625 182.5187530517578125 172.5812530517578125 163.1062469482421875 153.993743896484375 144.868743896484375 137.506256103515625 135.568756103515625 135.9499969482421875 136.8562469482421875 140.600006103515625 145.068756103515625 149.3562469482421875 153.537506103515625 157.7624969482421875 162.693756103515625 168.1687469482421875 174.5749969482421875 181.125 186.850006103515625 192.1687469482421875 199.193756103515625 204.056243896484375 210.100006103515625 216.7937469482421875 224 233.4499969482421875 241.9625091552734375
225.1687469482421875 223.46875 221.587493896484375 219.1999969482421875 216.431243896484375 213.118743896484375 208.618743896484375 205.056243896484375 200.381256103515625 199.037506103515625 204.212493896484375 210.7312469482421875 217.774993896484375 218.756256103515625 211.9499969482421875 203.2937469482421875 193.975006103515625 184.875 175.600006103515625 166.375 158.118743896484375 149.9875030517578125 142.2624969482421875 140.5124969482421875 140.5749969482421875 140.96875 144.193756103515625 148.318756103515625 152.3312530517578125 157.037506103515625 161.381256103515625 166.412506103515625 172.1374969482421875 179.412506103515625 185.2937469482421875 190.0437469482421875 197.5124969482421875 203.649993896484375 208.7687530517578125 214.5187530517578125 221.5749969482421875 228.6687469482421875 234.8562469482421875 243.2312469482421875
207.2062530517578125 206.149993896484375 204.912506103515625 203.34375 201.399993896484375 198.5749969482421875 194.8874969482421875 191.4875030517578125 186.556243896484375 183.068756103515625 190.8937530517578125 204.181243896484375 211.524993896484375 213.087493896484375 209.2312469482421875 202.850006103515625 194.587493896484375 186.4875030517578125 177.5187530517578125 168.6999969482421875 161.1374969482421875 153.625 147.118743896484375 145.037506103515625 144.600006103515625 144.962493896484375 147.6374969482421875 151.4187469482421875 155.59375 160.306243896484375 165.2624969482421875 169.7687530517578125 176.8562469482421875 184.2937469482421875 189.2687530517578125 195.34375 201.90625 208.65625 213.4875030517578125 218.4375 224.7062530517578125 229.3874969482421875 235.7687530517578125 243.8249969482421875
189.9875030517578125 189.5999908447265625 188.787506103515625 187.9812469482421875 187.09375 185.256256103515625 183.806243896484375 181.537506103515625 178.0625 173.600006103515625 187.6687469482421875 201.9375 207.4499969482421875 209.756256103515625 206.850006103515625 201.8249969482421875 194.725006103515625 187.3125 179.3562469482421875 170.8625030517578125 163.75 156.3625030517578125 150.493743896484375 148.28125 148.243743896484375 148.618743896484375 150.65625 154.1374969482421875 158.0437469482421875 163.193756103515625 167.5749969482421875 172.8874969482421875 180.350006103515625 187.375 193.443756103515625 198.368743896484375 205.3937530517578125 211.1374969482421875 216.9375 222.256256103515625 225.8000030517578125 230.75 234.756256103515625 240.399993896484375
