data/historical-monthly-weather-data/wc2.1_cruts4.09_10m_prec_1988-06.asc
ncols        51
nrows        45
xllcorner    -63.500000000000
yllcorner    -7.500000000000
cellsize     0.166666666667
NODATA_value -9999
[rows 19 to 37 of 45, columns 0 to 43 of 51]
211.5812530517578125 219.3625030517578125 225.0187530517578125 227.96875 234.6062469482421875 244.537506103515625 247.3874969482421875 246.225006103515625 249.9812469482421875 249.2062530517578125 246.0749969482421875 243.8125 238.212493896484375 230.9187469482421875 224.037506103515625 206.2062530517578125 195.9250030517578125 201.6125030517578125 193.618743896484375 198.212493896484375 188.2624969482421875 196.868743896484375 217.662506103515625 225.068756103515625 220.587493896484375 217.100006103515625 214.8249969482421875 225.2062530517578125 218.03125 208.625 205.8625030517578125 225.024993896484375 231.618743896484375 233.087493896484375 237.5625 251.0812530517578125 257.23126220703125 247.837493896484375 234.818756103515625 218.318756103515625 193.149993896484375 167.78125 164.7937469482421875 162.162506103515625
192.4499969482421875 210.181243896484375 222.1687469482421875 227.350006103515625 227.0625 232.493743896484375 240.7312469482421875 243.943756103515625 245.375 242.7687530517578125 242.6125030517578125 239.306243896484375 232.943756103515625 221.681243896484375 210.975006103515625 204.6437530517578125 193.4812469482421875 191.40625 199.1875 198.931243896484375 211.756256103515625 222.037506103515625 236.21875 249.2624969482421875 248.1875 236.743743896484375 216.1125030517578125 213.2937469482421875 211.568756103515625 212.3125 212.6750030517578125 222.1437530517578125 214.0687408447265625 213.6687469482421875 215.6125030517578125 227.9250030517578125 236.806243896484375 234.1374969482421875 217.5625 201 183.8249969482421875 164.475006103515625 159.037506103515625 157.96875
186 193.162506103515625 209.2312469482421875 221.431243896484375 225.3874969482421875 227.5500030517578125 233.6125030517578125 236.4375 237.162506103515625 240.0187530517578125 239.4375 232.125 224.5749969482421875 220.618743896484375 216.9875030517578125 204.462493896484375 211.7249908447265625 205.9375 214.4375 216.53125 216.993743896484375 235.2624969482421875 249.368743896484375 248.3125 241.4375 232.556243896484375 229.15625 217.087493896484375 220.7375030517578125 220.681243896484375 212.225006103515625 203.037506103515625 200.193756103515625 206.0500030517578125 204.6999969482421875 208.40625 214.5 217.75 208.056243896484375 195.1374969482421875 179.0812530517578125 165.4812469482421875 159.943756103515625 159.8937530517578125
180.350006103515625 198.399993896484375 214 225.3937530517578125 230.225006103515625 229.5625 223.056243896484375 223.462493896484375 232.375 234.28125 232.850006103515625 232.5437469482421875 234.9250030517578125 234.256256103515625 229.6999969482421875 222.7312469482421875 214.9812469482421875 212.2062530517578125 218.3937530517578125 226.681243896484375 238.681243896484375 243.8249969482421875 246.59375 247.34375 251.431243896484375 242.3125 228.8312530517578125 221.34375 219.3562469482421875 207.399993896484375 197.5625 192.693756103515625 187.6437530517578125 186.2937469482421875 193.1125030517578125 190.9187469482421875 191.475006103515625 196.2312469482421875 195.756256103515625 189.037506103515625 175.5437469482421875 165.5812530517578125 159.3312530517578125 155.743743896484375
170.5812530517578125 190.1374969482421875 212.912506103515625 220.1437530517578125 223.2062530517578125 222.337493896484375 226.462493896484375 225.7874908447265625 223.875 220.6437530517578125 228.5625 237.587493896484375 235.4812469482421875 238.5749969482421875 228.8874969482421875 223.6437530517578125 219.6062469482421875 225.1875 229.8000030517578125 235.03125 244.368743896484375 255.8625030517578125 255.8687591552734375 265.10626220703125 258.212493896484375 244.181243896484375 239.3937530517578125 217.9562530517578125 206.2312469482421875 197.5187530517578125 186.8312530517578125 180.381256103515625 178.4812469482421875 174.1437530517578125 178.4437408447265625 175.1125030517578125 179.1750030517578125 184.2687530517578125 181.868743896484375 175.6875 167.087493896484375 160.787506103515625 156.25 154.3125
159.0562591552734375 180.6999969482421875 200.9187469482421875 217.568756103515625 224.9375 223.8937530517578125 224.15625 226.71875 223.2624969482421875 226.8874969482421875 227.600006103515625 229.743743896484375 234.662506103515625 228.875 221.131256103515625 218.1999969482421875 219.3562469482421875 221.2624969482421875 229.587493896484375 241.21875 250.1500091552734375 256.08123779296875 268.912506103515625 273.100006103515625 257.26873779296875 243.162506103515625 229.0124969482421875 213.1999969482421875 198.6125030517578125 189.5187530517578125 173.2062530517578125 161.9562530517578125 160.056243896484375 162.056243896484375 163.96875 165.100006103515625 167.931243896484375 169.0124969482421875 170.756256103515625 166.96875 160.537506103515625 157.1750030517578125 155.4187469482421875 149.625
154.725006103515625 178.96875 190.087493896484375 206.9187469482421875 214.0625 215.649993896484375 214.3625030517578125 217.568756103515625 209.600006103515625 207.125 215.6374969482421875 217.8937530517578125 221.399993896484375 218.962493896484375 217.443756103515625 211.431243896484375 213.868743896484375 222.5187530517578125 232.306243896484375 237.274993896484375 248.09375 257.35626220703125 267.368743896484375 266.98748779296875 258.225006103515625 239.8000030517578125 224.318756103515625 207.9875030517578125 188.3937530517578125 176.21875 160.243743896484375 148.6875 147.0500030517578125 147.7937469482421875 149.381256103515625 155.1062469482421875 158.875 157.9375 156.524993896484375 157.6125030517578125 152.625 141.9562530517578125 139.90625 140.0437469482421875
148.5437469482421875 161.162506103515625 177.162506103515625 189.806243896484375 196.2624969482421875 199.431243896484375 199.875 194.3000030517578125 191.662506103515625 200.193756103515625 209.1687469482421875 210.318756103515625 208.7937469482421875 208.9812469482421875 210.712493896484375 212.1437530517578125 211.2312469482421875 212.6687469482421875 224.3125 229.943756103515625 235.818756103515625 246.1437530517578125 258.70001220703125 267.45623779296875 248.875 231.6125030517578125 216.3562469482421875 196.7062530517578125 177.90625 163.875 151.8249969482421875 136.875 134.5124969482421875 136.431243896484375 139.3125 142.9375 149.225006103515625 148.962493896484375 145.5812530517578125 148.368743896484375 147.256256103515625 139.993743896484375 133.1875 130.7312469482421875
143.6437530517578125 149.4875030517578125 161.3625030517578125 167.931243896484375 173.4250030517578125 179.806243896484375 182.8312530517578125 180.618743896484375 181.875 190.524993896484375 195.462493896484375 197.8062591552734375 195.375 193.6750030517578125 195.2937469482421875 197.5 198.2937469482421875 205.0625 208.7312469482421875 218.756256103515625 227.5812530517578125 232.4375 247.712493896484375 247.1750030517578125 234.756256103515625 217.4187469482421875 202.2687530517578125 183.3562469482421875 170.21875 159.0437469482421875 145.1687469482421875 133.3249969482421875 129.40625 126.5625 132.7937469482421875 135.868743896484375 141.774993896484375 141.037506103515625 140.725006103515625 141.8625030517578125 141.40625 138.8562469482421875 126.40000152587890625 126.1687469482421875
134.75 143.225006103515625 145.631256103515625 148.274993896484375 154.8125 155.3000030517578125 160.6062469482421875 166.3625030517578125 172.399993896484375 176.8874969482421875 182.818756103515625 183.5500030517578125 184.0187530517578125 183.368743896484375 185.212493896484375 188.149993896484375 192.1437530517578125 195.15625 203.1125030517578125 212.46875 215.524993896484375 218.90625 225.587493896484375 223.306243896484375 214.28125 198.556243896484375 189.1437530517578125 176.618743896484375 162.024993896484375 147.631256103515625 133.712493896484375 124.86875152587890625 121.0437469482421875 122.77500152587890625 124.9187469482421875 127.41249847412109375 134.9187469482421875 131.943756103515625 132.4812469482421875 131.9499969482421875 129.625 125.0500030517578125 120.11875152587890625 123.36875152587890625
124.23125457763671875 128.006256103515625 130.3249969482421875 131.125 134.850006103515625 140.0187530517578125 144.806243896484375 154.6374969482421875 159.0500030517578125 165.1687469482421875 170.662506103515625 173.4812469482421875 175.0124969482421875 175.556243896484375 175.118743896484375 175.0187530517578125 176.725006103515625 184.03125 184.587493896484375 186.3000030517578125 194.725006103515625 199.162506103515625 204.600006103515625 202.4562530517578125 191.725006103515625 185.193756103515625 174.3249969482421875 161.350006103515625 149.131256103515625 135.712493896484375 124.5500030517578125 116.1687469482421875 115.38124847412109375 117.5625 121.6125030517578125 121.375 130.149993896484375 127.7062530517578125 122.1875 127 124.125 119.4875030517578125 118.4187469482421875 115.25624847412109375
115.75624847412109375 116.43125152587890625 116.6374969482421875 118.25624847412109375 121.3312530517578125 126.02500152587890625 133.350006103515625 141.087493896484375 145.524993896484375 153.1125030517578125 159.6999969482421875 160.5 164.90625 158.962493896484375 160.3312530517578125 165.662506103515625 168.368743896484375 169.5124969482421875 170.850006103515625 174.256256103515625 177.899993896484375 178.4812469482421875 183.100006103515625 182.4375 174.8937530517578125 169.78125 158.725006103515625 148.056243896484375 136.3000030517578125 125.7937469482421875 120.21875 113.375 111.1750030517578125 110.6999969482421875 113.74375152587890625 114.33750152587890625 120.59999847412109375 121.4562530517578125 117.08750152587890625 112.86875152587890625 113.68125152587890625 110.18125152587890625 108.77500152587890625 107.59999847412109375
106.56874847412109375 106.25624847412109375 104.78749847412109375 107.31874847412109375 112.59375 117.13124847412109375 122.8125 129.125 134.8874969482421875 139.4187469482421875 142.556243896484375 145.3625030517578125 145.1187591552734375 146.9250030517578125 150.6062469482421875 152.9875030517578125 150.600006103515625 151.3874969482421875 153.90625 157.693756103515625 160.0812530517578125 162.5437469482421875 162.181243896484375 160.1062469482421875 157.8625030517578125 151.9875030517578125 144.2624969482421875 135.131256103515625 124.47499847412109375 121.28125 114.68125152587890625 108.2687530517578125 107.30625152587890625 106.1687469482421875 107.65625 106.90625 109.9250030517578125 108.2375030517578125 107.8562469482421875 106.1062469482421875 107.6437530517578125 105.4375 102.86875152587890625 101.5437469482421875
96.2624969482421875 96.05625152587890625 96.83750152587890625 99.1999969482421875 100.78749847412109375 105.1750030517578125 110.4375 116.75 120.49375152587890625 125.3125 133.3562469482421875 134.618743896484375 136.1125030517578125 140.850006103515625 143.912506103515625 140.681243896484375 137.037506103515625 140.681243896484375 142.618743896484375 144.756256103515625 143.1437530517578125 143.0124969482421875 144.600006103515625 143.3625030517578125 139.8562469482421875 135.96875 128.7375030517578125 120.46250152587890625 113.4812469482421875 111.56874847412109375 107.90625 101.21250152587890625 101.05625152587890625 102.6875 102.4875030517578125 101.5124969482421875 100.8249969482421875 99.3125 99.2062530517578125 102.0812530517578125 103.5 100.9875030517578125 96.8625030517578125 94.63124847412109375
86.1750030517578125 87.27500152587890625 90.1437530517578125 91.3874969482421875 91.97499847412109375 94.9375 100.38124847412109375 103.56874847412109375 106.8312530517578125 110.9499969482421875 119.0500030517578125 124.8874969482421875 127.7624969482421875 129.243743896484375 129.337493896484375 129.65625 129.1125030517578125 129.037506103515625 127.52500152587890625 129.1125030517578125 129.0749969482421875 127.71250152587890625 130.2375030517578125 126.41249847412109375 124.7624969482421875 119.5187530517578125 115.71875 109.09375 105.1687469482421875 103.34375 102.11875152587890625 99.33124542236328125 95.36875152587890625 95.09999847412109375 96.625 95.8312530517578125 94.3874969482421875 92.6437530517578125 93.25624847412109375 94.63124847412109375 93.90625 94.1374969482421875 92.21875 85.7687530517578125
78.66249847412109375 78.09375 81.6999969482421875 84.6062469482421875 85.0749969482421875 85.11875152587890625 87.18125152587890625 91.0749969482421875 94.88124847412109375 98.9812469482421875 109.83750152587890625 117.0437469482421875 121.36875152587890625 127.71250152587890625 127.16249847412109375 123.34999847412109375 119.03749847412109375 115.40000152587890625 113.58750152587890625 110.4187469482421875 113.97499847412109375 111.16249847412109375 111.0749969482421875 108.53125 110.50624847412109375 107.84999847412109375 103.58750152587890625 97.05625152587890625 93.2687530517578125 92.19374847412109375 93.0187530517578125 92.91249847412109375 88.75 88.0124969482421875 87.5124969482421875 88.05625152587890625 85.28125 87.875 86.18125152587890625 87.5187530517578125 87.16249847412109375 85.16249847412109375 84.5437469482421875 80.94374847412109375
72.15625 71.4250030517578125 73.46250152587890625 76 77.2937469482421875 77.9499969482421875 79.4562530517578125 80.97499847412109375 83.125 86.4187469482421875 93.1687469482421875 105.28125 113.6125030517578125 118.34999847412109375 118.2375030517578125 114.96250152587890625 109.6125030517578125 103.49375152587890625 100.25624847412109375 96.05625152587890625 95.9875030517578125 97.93125152587890625 96.625 94.5812530517578125 95.9375 93.8000030517578125 90.25 85.40000152587890625 83.7062530517578125 82.9375 82.6687469482421875 83.4375 81.80625152587890625 80.08750152587890625 78.08750152587890625 78.96875 80.6875 79.58750152587890625 79.66249847412109375 81.53749847412109375 81.36875152587890625 78.68125152587890625 77.56874847412109375 76.91249847412109375
64.0437469482421875 65.86875152587890625 65.93125152587890625 68.31874847412109375 70.52500152587890625 71.0749969482421875 71.88124847412109375 74.0749969482421875 75.28125 74.18125152587890625 83.25 98.03749847412109375 107.29375457763671875 109.43125152587890625 109.08750152587890625 105.68125152587890625 101.3125 96.3874969482421875 92.18125152587890625 85.28125 83.3625030517578125 85.6999969482421875 84.21250152587890625 83.2375030517578125 81.9187469482421875 80.56874847412109375 80.0187530517578125 76.19374847412109375 73.0812530517578125 71.80625152587890625 74.3312530517578125 73.94374847412109375 73.8000030517578125 73.4187469482421875 71.65625 72.44374847412109375 74.2624969482421875 75.7062530517578125 74.2312469482421875 73.66249847412109375 73.3000030517578125 73.24375152587890625 70.41249847412109375 74.68125152587890625
56.83750152587890625 58.700000762939453125 60.125 62.887500762939453125 64.19374847412109375 65.2375030517578125 66.875 68.5437469482421875 70.59375 69.00624847412109375 82.375 95.5500030517578125 100.59999847412109375 103.55625152587890625 100.14374542236328125 96.44374847412109375 91.8249969482421875 88.16249847412109375 84.9812469482421875 79.80625152587890625 76.1374969482421875 75.5187530517578125 72.9187469482421875 72.375 70.7062530517578125 71.15625 70.75624847412109375 67.5437469482421875 64.96250152587890625 63.44374847412109375 64.34375 67 67.6374969482421875 66.1999969482421875 65.09375 66.44374847412109375 67.75 68.19374847412109375 71.00624847412109375 69.21250152587890625 67.8937530517578125 68.7062530517578125 65.31874847412109375 64.90000152587890625
