data/historical-monthly-weather-data/wc2.1_cruts4.09_10m_prec_2007-05.asc
ncols        51
nrows        45
xllcorner    -63.500000000000
yllcorner    -7.500000000000
cellsize     0.166666666667
NODATA_value -9999
[rows 20 to 39 of 45, columns 0 to 43 of 51]
197.1875 203.806243896484375 206.2624969482421875 204.9812469482421875 203.6437530517578125 209.287506103515625 212.28125 212.5812530517578125 212.6750030517578125 210.1687469482421875 208.0437469482421875 203.662506103515625 195.34375 186.743743896484375 175.693756103515625 166.7312469482421875 155.78125 152.725006103515625 154.600006103515625 155.2937469482421875 170.837493896484375 187.131256103515625 202.4375 213.5 222.34375 225.3312530517578125 221.899993896484375 223.5187530517578125 225.4375 226.0437469482421875 229.3625030517578125 236.0812530517578125 236.65625 240.037506103515625 248.8937530517578125 263.162506103515625 275.9375 285.16876220703125 288.96875 288.64373779296875 287.868743896484375 282.618743896484375 281.79998779296875 287.54998779296875
188.75 189.0187530517578125 194.556243896484375 198.5625 197.8625030517578125 200.9250030517578125 205.8625030517578125 208.993743896484375 209.9812469482421875 208.3249969482421875 205.462493896484375 199.493743896484375 191.53125 183.0124969482421875 175.7624969482421875 165.368743896484375 162.84375 158.287506103515625 159.068756103515625 158.4250030517578125 166.5187530517578125 180.506256103515625 194.6750030517578125 202.506256103515625 207.3937530517578125 214.5812530517578125 220.712493896484375 222.4187469482421875 230.1875 232.962493896484375 232.40625 232.443756103515625 237.287506103515625 243.756256103515625 247.774993896484375 256.931243896484375 269.40625 278.1875 281.568756103515625 282.068756103515625 283.26251220703125 279.537506103515625 278.46875 281.54376220703125
180.8125 186.943756103515625 190.899993896484375 194.3249969482421875 193.431243896484375 195.625 194.4187469482421875 198.8249969482421875 205.0500030517578125 204.618743896484375 200.556243896484375 194.7312469482421875 190.8000030517578125 183.6062469482421875 176.5 168.212493896484375 162.625 159.75 158.40625 158.1062469482421875 167.0437469482421875 175.006256103515625 186.0500030517578125 193.1750030517578125 202.399993896484375 208.837493896484375 212.193756103515625 219.881256103515625 228.4812469482421875 230.431243896484375 228.78125 232.399993896484375 240.181243896484375 245.256256103515625 250.8125 251.9812469482421875 259.162506103515625 269.96875 278.475006103515625 279.08123779296875 278.16876220703125 275.962493896484375 274.41876220703125 276.38751220703125
170.6750030517578125 178.78125 184.875 186.162506103515625 184.631256103515625 185.3249969482421875 191.3562469482421875 194.4499969482421875 196.3000030517578125 195.59375 194.34375 194.0749969482421875 190.350006103515625 186.225006103515625 177.8249969482421875 169.681243896484375 163.8125 162.1062469482421875 161.2437591552734375 161.46875 166.3562469482421875 173.7687530517578125 181.1125030517578125 191.3562469482421875 198.118743896484375 201.3562469482421875 207.53125 216.125 226.649993896484375 233.7687530517578125 238.6875 243.9250030517578125 251.8625030517578125 255.212493896484375 258.26873779296875 254.96875 264.39373779296875 271.162506103515625 275.875 277.318756103515625 275.23126220703125 275.04998779296875 274.65625 273.431243896484375
164.7062530517578125 173.3937530517578125 177.506256103515625 180.96875 180.75 182.850006103515625 183.96875 187.681243896484375 189.024993896484375 190.25 189.2312469482421875 188.3125 188.6875 185.412506103515625 177.0500030517578125 170.6374969482421875 166.931243896484375 164.475006103515625 162.1374969482421875 162.0124969482421875 167.975006103515625 172.600006103515625 180.181243896484375 188.7312469482421875 195.225006103515625 204.5625 211.0812530517578125 220.818756103515625 230.9562530517578125 242.399993896484375 248.9875030517578125 260.506256103515625 267.087493896484375 269.10626220703125 265.54998779296875 264.10626220703125 269.5625 269.73126220703125 272.662506103515625 274.16876220703125 273.78125 271.600006103515625 271.131256103515625 267.04376220703125
162.881256103515625 172.381256103515625 171.631256103515625 173.631256103515625 171.006256103515625 172.725006103515625 174.0500030517578125 177.475006103515625 177.2375030517578125 176.84375 181.4375 183.850006103515625 183.2062530517578125 182.0875091552734375 178.3937530517578125 172.318756103515625 168.787506103515625 166.243743896484375 163.6062469482421875 162.256256103515625 167.3874969482421875 171.25 177.881256103515625 184.287506103515625 193.868743896484375 203.006256103515625 215.225006103515625 225.59375 235.649993896484375 248.212493896484375 260.912506103515625 280.118743896484375 287.60626220703125 281.556243896484375 274.556243896484375 273.39373779296875 272.162506103515625 272.13751220703125 268.368743896484375 268.59375 269.33123779296875 264.943756103515625 261.26873779296875 260.48126220703125
158.03125 161.0500030517578125 163.1875 164.056243896484375 162.274993896484375 164.3874969482421875 165.6062469482421875 166.3562469482421875 167.931243896484375 173.274993896484375 176.9375 178.4187469482421875 181.0749969482421875 182.3874969482421875 179.162506103515625 175.25 170.5 166.662506103515625 167.1999969482421875 164.962493896484375 167.2937469482421875 170.993743896484375 176.4812469482421875 185.9499969482421875 195.412506103515625 205.243743896484375 217.3000030517578125 228.0625 239.6875 250.181243896484375 267.0625 286.587493896484375 299.29376220703125 288.4375 277.54376220703125 273.82501220703125 275.41876220703125 271.66876220703125 267.67498779296875 267.368743896484375 266.33123779296875 261.931243896484375 258.26251220703125 254.15625
153.912506103515625 153.2375030517578125 154.3312530517578125 153.46875 153.412506103515625 156.5 158.6125030517578125 158.40625 161.8000030517578125 167.162506103515625 170.5 173.212493896484375 177.5124969482421875 179.975006103515625 178.8312530517578125 173.7937469482421875 171.6750030517578125 171.2312469482421875 171.4375 169.7624969482421875 170.962493896484375 172.15625 178.399993896484375 186.6750030517578125 196.681243896484375 205.1750030517578125 217.743743896484375 228.681243896484375 241.2375030517578125 252.5124969482421875 267.04998779296875 282.912506103515625 290.76251220703125 284.087493896484375 278.76251220703125 275.087493896484375 272.868743896484375 272.58123779296875 270.787506103515625 266.712493896484375 263.16876220703125 261.087493896484375 257.48748779296875 254.6875
147.8312530517578125 146.0187530517578125 145.306243896484375 145.056243896484375 145.1875 145.5 146.662506103515625 150.1374969482421875 156.493743896484375 160.0187530517578125 164.1999969482421875 169.3937530517578125 174.3125 180 180.9562530517578125 179.600006103515625 177.6125030517578125 175.7375030517578125 174.649993896484375 173.2687530517578125 173.8562469482421875 173.78125 177.537506103515625 185.3125 194.7062530517578125 201.350006103515625 214.09375 227.25 239.618743896484375 249.0437469482421875 261.587493896484375 271.73748779296875 276.287506103515625 274.1875 274.66876220703125 272.493743896484375 271.912506103515625 269.5 267.693756103515625 263.493743896484375 255.881256103515625 251.068756103515625 252.6374969482421875 255.7687530517578125
146.8000030517578125 143.475006103515625 140.774993896484375 137.943756103515625 136.9875030517578125 139.3125 140.837493896484375 145.681243896484375 150.8000030517578125 153.6687469482421875 159.0437469482421875 165.4562530517578125 172.0062408447265625 179.306243896484375 181.537506103515625 181.8874969482421875 181.1062469482421875 182.287506103515625 180.1875 176.725006103515625 176.725006103515625 177.3937530517578125 179.568756103515625 185.3937530517578125 191.3625030517578125 201.375 210.5625 219.524993896484375 230.8625030517578125 240.193756103515625 251.243743896484375 258.35626220703125 262.850006103515625 265.193756103515625 267.6875 265.09375 270.29998779296875 269.631256103515625 266.28125 267.743743896484375 264.64373779296875 258.068756103515625 253.5812530517578125 251.1999969482421875
146.2687530517578125 141.28125 136.806243896484375 134.649993896484375 133.8312530517578125 135.3249969482421875 138.2687530517578125 140.84375 145.8562469482421875 150.375 155.725006103515625 161.725006103515625 171.2062530517578125 176.818756103515625 180.475006103515625 183.962493896484375 185.8874969482421875 185.5187530517578125 184.681243896484375 183.0749969482421875 179.931243896484375 178.4375 179.725006103515625 182.725006103515625 187.7937469482421875 198.306243896484375 205.712493896484375 212.506256103515625 222.8874969482421875 230.1999969482421875 240.71875 245.1125030517578125 249.625 254.0500030517578125 257.04998779296875 255.25 260.725006103515625 265.306243896484375 267.0625 266.76873779296875 268.875 261.28125 255.193756103515625 248.2937469482421875
143.118743896484375 137.3000030517578125 133.3312530517578125 131.6875 131.6687469482421875 131.868743896484375 135.9875030517578125 136.431243896484375 140.9625091552734375 145.1125030517578125 150.40625 156.2062530517578125 165.475006103515625 174.375 178.90625 184.59375 185.337493896484375 184.850006103515625 184.3249969482421875 183.4375 179.125 177.350006103515625 177.125 180.4875030517578125 187.65625 194.024993896484375 200.75 205.625 211.899993896484375 219.618743896484375 224.868743896484375 230.4499969482421875 234.3937530517578125 239.412506103515625 244.9875030517578125 245.725006103515625 250.4812469482421875 256.96875 258.625 264.912506103515625 267.1875 261.756256103515625 256.662506103515625 254.006256103515625
143.2062530517578125 138.5 134.431243896484375 133.4250030517578125 131.65625 131.4499969482421875 133.96875 134.899993896484375 138.7687530517578125 143.6062469482421875 151.0187530517578125 156.9812469482421875 165.475006103515625 175.21875 179.631256103515625 183.2375030517578125 185.125 187.024993896484375 184.2937469482421875 183.037506103515625 178.2687530517578125 177.25 175.537506103515625 179.506256103515625 184.6750030517578125 190.350006103515625 194.412506103515625 198.993743896484375 202.274993896484375 207.381256103515625 212.6437530517578125 216.337493896484375 218.743743896484375 227.1687469482421875 232 237.34375 239.4187469482421875 246.056243896484375 248.1062469482421875 256.975006103515625 258.98748779296875 257.837493896484375 255.006256103515625 255.462493896484375
143.8874969482421875 138.9375 136.84375 135.212493896484375 134.28125 132.8312530517578125 133.3000030517578125 133.15625 135.8625030517578125 140.056243896484375 146.34375 155.243743896484375 162.8000030517578125 170.5625 177.087493896484375 183.3562469482421875 186.9499969482421875 187.568756103515625 183.25 180.15625 178.037506103515625 177.1875 175.350006103515625 176.4812469482421875 180.5749969482421875 183.649993896484375 186.0437469482421875 188.850006103515625 193.100006103515625 196.743743896484375 200.6312408447265625 203.306243896484375 206.899993896484375 212.024993896484375 218.475006103515625 223.0500030517578125 228.1125030517578125 230.8937530517578125 236.6999969482421875 242.8562469482421875 245.0812530517578125 248.381256103515625 251.2937469482421875 253.443756103515625
143.306243896484375 139.09375 137.8125 137.21875 136.381256103515625 134.431243896484375 131.881256103515625 131.524993896484375 131.4312591552734375 135.524993896484375 142.5187530517578125 151.7062530517578125 162.193756103515625 171.993743896484375 178.21875 183.8249969482421875 187.006256103515625 187.274993896484375 183.03125 177.618743896484375 175.556243896484375 173.1374969482421875 172.537506103515625 172.4499969482421875 174.4250030517578125 176.3562469482421875 180.087493896484375 182.9562530517578125 185.6999969482421875 188.975006103515625 190.375 191.899993896484375 193.256256103515625 198.806243896484375 199.443756103515625 205.3625030517578125 208.3562469482421875 217.96875 223.125 227.1125030517578125 230.056243896484375 231.4375 235.350006103515625 240.8874969482421875
145.693756103515625 143.0124969482421875 140.5187530517578125 139.2624969482421875 137.5625 135.225006103515625 131.787506103515625 131.25 131.0437469482421875 132.4499969482421875 138.09375 150.462493896484375 163.3249969482421875 171.993743896484375 179.149993896484375 183.625 186.21875 183.693756103515625 181.2312469482421875 175.5625 173.5187530517578125 171.1687469482421875 169.649993896484375 169.600006103515625 169.875 170.2312469482421875 175.1624908447265625 177.84375 177.7937469482421875 179.5812530517578125 180.9812469482421875 181.587493896484375 182.0437469482421875 182.7062530517578125 184.3000030517578125 188.0749969482421875 197.100006103515625 200.8312530517578125 205.756256103515625 213.087493896484375 215.0749969482421875 219.7687530517578125 221.818756103515625 226.8625030517578125
148.837493896484375 147.34375 144.631256103515625 142.9812469482421875 141.806243896484375 138.037506103515625 134.7312469482421875 131.681243896484375 130.21875 127.56874847412109375 138.03125 156.9375 168.162506103515625 174.8125 180.1437530517578125 183.681243896484375 184.0749969482421875 180.649993896484375 177.8312530517578125 171.181243896484375 169.881256103515625 167.8562469482421875 164.96875 164.306243896484375 164.306243896484375 165.881256103515625 168.524993896484375 170 169.756256103515625 171.506256103515625 173.1125030517578125 174.0812530517578125 173.149993896484375 170.774993896484375 172.3062591552734375 177.756256103515625 183.7375030517578125 189.056243896484375 192.0437469482421875 196.006256103515625 198.0187530517578125 200.024993896484375 207.1750030517578125 213.1437530517578125
151.9812469482421875 150.399993896484375 149.2874908447265625 147.09375 146.6875 143.4250030517578125 140.024993896484375 135.8562469482421875 134.0812530517578125 131.056243896484375 150.375 169.5437469482421875 176.181243896484375 180.725006103515625 183.318756103515625 184.8312530517578125 183.5812530517578125 180.4187469482421875 175.131256103515625 170 165.84375 163.662506103515625 160.9250030517578125 159.618743896484375 158.9250030517578125 159.375 159.6312408447265625 164.03125 164.78125 164.399993896484375 164.0625 164.65625 164.5 160.725006103515625 158.875 163.8937530517578125 171.024993896484375 175.131256103515625 180.850006103515625 182.274993896484375 184.649993896484375 187.3937530517578125 188.3625030517578125 190.7375030517578125
151.8312530517578125 150.412506103515625 149.46875 148.65625 146.3937530517578125 144.600006103515625 143.899993896484375 144.1125030517578125 147.912506103515625 158.8625030517578125 182.09375 187.03125 185.0625 186.4375 186.8562469482421875 186.399993896484375 184.6875 180.2062530517578125 174.931243896484375 168.1687469482421875 161.84375 157.118743896484375 155.25 155.1062469482421875 153.024993896484375 152.71875 154.993743896484375 158.587493896484375 157.7062530517578125 158.8625030517578125 156.6437530517578125 153.212493896484375 153.943756103515625 153.725006103515625 155.5749969482421875 158.618743896484375 162.1437530517578125 168.03125 168.875 168 172.256256103515625 174.006256103515625 173.1999969482421875 176.837493896484375
153.587493896484375 151.662506103515625 151.881256103515625 151.1750030517578125 150.40625 149.443756103515625 148.7062530517578125 154.068756103515625 161.443756103515625 172.7312469482421875 184.375 191.118743896484375 189.556243896484375 188.7062530517578125 189.899993896484375 186.6437530517578125 182.7375030517578125 177.2624969482421875 170.6750030517578125 164.8937530517578125 156.975006103515625 152.212493896484375 147.5437469482421875 147.0187530517578125 146.600006103515625 147.1750030517578125 148.3562469482421875 150.662506103515625 150.3000030517578125 150.9375 150.71875 150.875 150.693756103515625 151.5187530517578125 152.9812469482421875 154.3125 156.118743896484375 160.568756103515625 160.6437530517578125 156.78125 158.600006103515625 159.9437408447265625 157.712493896484375 157.8562469482421875
