data/historical-monthly-weather-data/wc2.1_cruts4.09_10m_prec_1978-03.asc
ncols        51
nrows        45
xllcorner    -63.500000000000
yllcorner    -7.500000000000
cellsize     0.166666666667
NODATA_value -9999
[rows 20 to 39 of 45, columns 0 to 44 of 51]
284.84375 292.649993896484375 303.875 316.26873779296875 329.71875 345.17498779296875 360.137481689453125 372.756256103515625 381.743743896484375 386.125 387.587493896484375 391.431243896484375 396.32501220703125 403.26251220703125 398.51251220703125 386.524993896484375 375.95623779296875 369.40625 367.59375 365 358.912506103515625 352.09375 344.17498779296875 338.86248779296875 334.42498779296875 330.75 328.881256103515625 326.76251220703125 324.337493896484375 321.32501220703125 313.212493896484375 300.287506103515625 280.743743896484375 257.92498779296875 236.7937469482421875 250.274993896484375 270.76873779296875 279.61248779296875 279.91876220703125 274.975006103515625 267.98126220703125 262.98748779296875 257.21875 252.868743896484375 253.0187530517578125
281.48748779296875 290.35626220703125 304.61248779296875 319.125 334.850006103515625 352.95623779296875 370.431243896484375 386.01251220703125 395.54376220703125 396.07501220703125 390.83123779296875 387.84375 386.33123779296875 388.243743896484375 386.712493896484375 381.91876220703125 377.58123779296875 371.993743896484375 368.287506103515625 363.98126220703125 354.57501220703125 345.893768310546875 340.90625 334.431243896484375 329.85626220703125 327.993743896484375 329.568756103515625 327.056243896484375 323.568756103515625 319.3125 309.95001220703125 297.037506103515625 279.931243896484375 262.88751220703125 251.9187469482421875 258.10626220703125 272.29376220703125 280.41876220703125 280.625 274.65625 266.787506103515625 261.699981689453125 256.462493896484375 252.337493896484375 253.2062530517578125
281.90625 292.787506103515625 307.46875 323.73748779296875 340.381256103515625 358.60626220703125 376.73748779296875 396.975006103515625 410.32501220703125 404.912506103515625 393.01873779296875 380.92498779296875 372.15625 372.381256103515625 376.03125 376.70623779296875 374.88751220703125 370.29998779296875 365.54998779296875 360.287506103515625 350.1875 339.462493896484375 331.649993896484375 324.787506103515625 322.67498779296875 323.20623779296875 325.693756103515625 324.73126220703125 320.79376220703125 315.5 307.59375 299.024993896484375 288.75 277.91876220703125 274.037506103515625 277.48126220703125 284.068756103515625 287.09375 284.056243896484375 276.28125 267.024993896484375 261.381256103515625 256.318756103515625 251.6687469482421875 252.993743896484375
287.73748779296875 298.60626220703125 313.431243896484375 329.712493896484375 346.131256103515625 362.931243896484375 381.681243896484375 400.91876220703125 411.76873779296875 403.26251220703125 387.90625 374.82501220703125 360.41876220703125 361.25 367.96875 371.39373779296875 372.131256103515625 368.48748779296875 361.712493896484375 354.756256103515625 343.21875 330.96875 321.35626220703125 314.54998779296875 311.431243896484375 312.59375 316.431243896484375 318.59375 317.54376220703125 315.78125 312.368743896484375 306.91876220703125 300.10626220703125 293.95623779296875 292.25 295.17498779296875 297.443756103515625 293.75 286.425018310546875 277.17498779296875 267.625 261.20623779296875 256.03125 250.8625030517578125 253.6999969482421875
299.95001220703125 309.07501220703125 320.818756103515625 336.25 353.25 368.774993896484375 383.168731689453125 396.89373779296875 402.5 397.631256103515625 387.625 374.79998779296875 365.82501220703125 363.818756103515625 366.256256103515625 370.1875 370.756256103515625 367.287506103515625 360.899993896484375 350.88751220703125 336.16876220703125 321.943756103515625 309.5625 300.125 299.04998779296875 304.84375 309.23126220703125 314.837493896484375 316.318756103515625 319.375 318.506256103515625 315.54998779296875 311.662506103515625 307.42498779296875 304.70623779296875 302.006256103515625 300.64373779296875 295.26873779296875 286.60626220703125 278.143768310546875 268.600006103515625 261.73748779296875 255.0187530517578125 251.5625 251.524993896484375
316.63751220703125 325.375 332.693756103515625 346.037506103515625 359.04376220703125 371.38751220703125 382.60626220703125 392.287506103515625 394.96875 391.818756103515625 385.40625 378.29376220703125 372.431243896484375 368.931243896484375 369.70623779296875 372.806243896484375 372.01251220703125 368.76251220703125 362.600006103515625 349.61248779296875 334.32501220703125 315.53125 297.95623779296875 284.787506103515625 287.256256103515625 297.82501220703125 307.26251220703125 313.13751220703125 317.40625 323.131256103515625 325.58123779296875 326.07501220703125 323.975006103515625 318.34375 312.71875 306.806243896484375 301.962493896484375 295.256256103515625 287.20623779296875 278.337493896484375 269.35626220703125 261.8125 253.024993896484375 248.806243896484375 249.65625
332.83123779296875 336.36248779296875 343.04998779296875 351.9375 361.15625 370.743743896484375 378.45001220703125 384.931243896484375 387.125 387.25 385.29376220703125 381.64373779296875 378.41876220703125 376.649993896484375 377.574981689453125 378.912506103515625 379.756256103515625 374.32501220703125 366.07501220703125 354.41876220703125 336.087493896484375 315.518768310546875 292.53125 277.38751220703125 285.118743896484375 296.36248779296875 307.287506103515625 313.58123779296875 319.01873779296875 325.693756103515625 330.39373779296875 334.34375 334.0625 325.98126220703125 317.725006103515625 310.41876220703125 304.287506103515625 296.35626220703125 288.79376220703125 280.875 271.100006103515625 263.087493896484375 253.725006103515625 248.2937469482421875 255.2312469482421875
350.10626220703125 350.04376220703125 354.01251220703125 359.649993896484375 364.01873779296875 370.11248779296875 377.274993896484375 381.67498779296875 383.88751220703125 385.38751220703125 384.64373779296875 383.51251220703125 383.38751220703125 383.837493896484375 384.899993896484375 385.76873779296875 386.96875 383.79376220703125 375.662506103515625 364.068756103515625 346.25 325.3125 308.38751220703125 295.75 297.04376220703125 304.53125 312.75 319.11248779296875 323.725006103515625 328.58123779296875 332.70623779296875 335.46875 334.712493896484375 327.01251220703125 319.056243896484375 311.64373779296875 303.418731689453125 296.26873779296875 290.04998779296875 284.100006103515625 277.51873779296875 268.943756103515625 257.193756103515625 251.6374969482421875 266.26251220703125
365.693756103515625 363.16876220703125 364.35626220703125 365.725006103515625 369.287506103515625 372.4375 375.15625 378.20001220703125 381.306243896484375 383.087493896484375 384.962493896484375 386.28125 387.92498779296875 390.774993896484375 393.71875 396.524993896484375 400 397.29376220703125 390.818756103515625 380.34375 363.15625 343.806243896484375 329.28125 316.462493896484375 314.48748779296875 316.431243896484375 321.118743896484375 325.76873779296875 329.149993896484375 332.61248779296875 333.875 334.32501220703125 332.70623779296875 326.64373779296875 319.70001220703125 312.01873779296875 302.83123779296875 295.38751220703125 289.95001220703125 284.256256103515625 281.29998779296875 273.33123779296875 262.493743896484375 263.78125 281.256256103515625
376.15625 371.662506103515625 370.03125 368.993743896484375 369.899993896484375 370.056243896484375 372.024993896484375 374.38751220703125 377.9375 380.26251220703125 383.287506103515625 387.756256103515625 392.881256103515625 397.91876220703125 402.46875 407.068756103515625 411.78125 416.037506103515625 412.51251220703125 399.41876220703125 381.587493896484375 363.89373779296875 349.131256103515625 336.67498779296875 330.4375 329.20623779296875 330.993743896484375 332.29998779296875 332.78125 333.71875 333.8125 332.006256103515625 329.58123779296875 326.162506103515625 320.6875 312.256256103515625 302.89373779296875 295.8125 287.556243896484375 281.71875 279.375 279.10626220703125 275.98748779296875 282.181243896484375 293.54376220703125
382.318756103515625 376.024993896484375 372.381256103515625 370.681243896484375 370.17498779296875 368.26873779296875 370.225006103515625 371.64373779296875 374.881256103515625 378.03125 382.274993896484375 387.78125 395.131256103515625 401.21875 408.09375 415.712493896484375 425.23748779296875 431.5625 433.76251220703125 420.40625 401.631256103515625 382.45623779296875 368.375 354.46875 344.85626220703125 342.07501220703125 339.8125 337.39373779296875 336.21875 335.14373779296875 333.83123779296875 332.10626220703125 329.649993896484375 326.58123779296875 321.993743896484375 312.431243896484375 303.10626220703125 296.256256103515625 286.850006103515625 275.643768310546875 275.25 283.33123779296875 289.100006103515625 297.256256103515625 309.137481689453125
384.63751220703125 377.26873779296875 372.35626220703125 369.28125 368.118743896484375 365.75 367.26873779296875 367.4375 370.5625 374.29376220703125 379.287506103515625 386.006256103515625 393.787506103515625 403.36248779296875 413.28125 423.73126220703125 431.4375 437.837493896484375 440.537506103515625 433.39373779296875 415.087493896484375 398.59375 383.056243896484375 367.92498779296875 359.350006103515625 352.868743896484375 346.993743896484375 343.556243896484375 338.89373779296875 337.07501220703125 335.11248779296875 332.524993896484375 329.14373779296875 326.3125 322.29376220703125 313.04998779296875 305.125 297.42498779296875 286.16876220703125 278.368743896484375 281.537506103515625 293.975006103515625 304.34375 318.29376220703125 333.5
380.225006103515625 373.9375 369.04376220703125 365.850006103515625 363.287506103515625 362.5 362.462493896484375 361.98748779296875 363.73126220703125 368.51873779296875 377.25 384.412506103515625 394.681243896484375 408.54376220703125 418.92498779296875 428.568756103515625 435.306243896484375 442.006256103515625 443.33123779296875 438.806243896484375 425.26873779296875 410.11248779296875 394.54998779296875 381.524993896484375 371.693756103515625 363.568756103515625 355.83123779296875 350.149993896484375 345.225006103515625 341.34375 337.637481689453125 333.76251220703125 331.0625 328.40625 323.774993896484375 317.35626220703125 310.381256103515625 302.587493896484375 294.149993896484375 294.11248779296875 298.58123779296875 310.95001220703125 324.412506103515625 340.243743896484375 364
374.3125 368.774993896484375 366.07501220703125 363.42498779296875 360.98126220703125 359.01251220703125 357.662506103515625 356.787506103515625 357.70001220703125 361.9375 370.73126220703125 382.73748779296875 395.774993896484375 408.78125 419.024993896484375 430.225006103515625 439.631256103515625 445.318756103515625 445.118743896484375 441.86248779296875 431.79376220703125 418.08123779296875 405.07501220703125 391.125 381.08123779296875 371.46875 363.506256103515625 355.9375 351.28125 345.4375 339.287506103515625 335.337493896484375 333.462493896484375 330.67498779296875 327.931243896484375 322.431243896484375 315.84375 308.649993896484375 306.8125 309.53125 313.949981689453125 326.45001220703125 342.993743896484375 360.57501220703125 387.08123779296875
368.556243896484375 364.79376220703125 363.23748779296875 360.64373779296875 356.63751220703125 354.993743896484375 352.36248779296875 351.743743896484375 350.3125 352.79998779296875 363.21875 379.23126220703125 396.35626220703125 411.181243896484375 423.625 433.1875 442.73126220703125 447.725006103515625 447.88751220703125 445.03125 436.875 423.79376220703125 411.131256103515625 397.181243896484375 387.631256103515625 378.57501220703125 368.90625 361.625 354.649993896484375 348.65625 342.89373779296875 338.04998779296875 335.73748779296875 333.82501220703125 330.681243896484375 325.20623779296875 319.725006103515625 317.774993896484375 319.337493896484375 322.92498779296875 328.45001220703125 339.29998779296875 354.98126220703125 372.59375 395.181243896484375
363.899993896484375 360.48126220703125 359.118743896484375 357.20001220703125 354.256256103515625 351.61248779296875 349.306243896484375 345.875 341.943756103515625 343.95623779296875 354.57501220703125 373.131256103515625 394.868743896484375 413.524993896484375 426.024993896484375 436.806243896484375 444.98126220703125 449.10626220703125 450.6875 449.40625 440.17498779296875 426.61248779296875 412.83123779296875 400.03125 389.756256103515625 380.17498779296875 370.83123779296875 364.23126220703125 357.774993896484375 351.868743896484375 347.225006103515625 342.256256103515625 338.493743896484375 336.86248779296875 333.41876220703125 328.8125 327.17498779296875 326.5625 327.66876220703125 332.649993896484375 339.537506103515625 349.274993896484375 361.5 378.106231689453125 394.993743896484375
357.90625 356.181243896484375 356.024993896484375 354.681243896484375 353.33123779296875 351.368743896484375 347.943756103515625 343.6875 336.88751220703125 333.28125 347.6875 374.818756103515625 398.45001220703125 415.818756103515625 429.51251220703125 439.212493896484375 446.25 449.58123779296875 451.818756103515625 448.16876220703125 439.21875 425.79376220703125 412.5 398.350006103515625 387.556243896484375 378.51251220703125 370.29376220703125 365.587493896484375 359.70623779296875 355.243743896484375 350.83123779296875 346.193756103515625 343.337493896484375 341.20623779296875 336.98748779296875 334.92498779296875 334.912506103515625 335.82501220703125 337.91876220703125 340.912506103515625 346.287506103515625 354.881256103515625 366.037506103515625 380.056243896484375 393.86248779296875
353.29998779296875 353.225006103515625 353.42498779296875 353.587493896484375 354.45623779296875 353.556243896484375 350.86248779296875 346.0625 341.225006103515625 335.16876220703125 359.79998779296875 388.51873779296875 406.881256103515625 422.037506103515625 432.78125 441.943756103515625 446.462493896484375 448.381256103515625 448.34375 443.125 431.76873779296875 419.17498779296875 408.41876220703125 394.34375 383.96875 376.006256103515625 368.70001220703125 365.725006103515625 361.6875 357.84375 353.14373779296875 348.73748779296875 345.943756103515625 344.04998779296875 339.23748779296875 339.962493896484375 341.25 341.51251220703125 345.287506103515625 349.412506103515625 352.20001220703125 360.28125 368.087493896484375 375.868743896484375 386.993743896484375
351.11248779296875 350.98748779296875 352.756256103515625 354.45001220703125 356.506256103515625 355.88751220703125 356.506256103515625 355.681243896484375 358.60626220703125 371.86248779296875 400 411.962493896484375 420.28125 430.287506103515625 438.987518310546875 445.631256103515625 448.350006103515625 447.08123779296875 443.274993896484375 435.431243896484375 421.34375 408.5625 397.95001220703125 385.96875 377.03125 370.82501220703125 365.36248779296875 362.118743896484375 359.1875 356.04998779296875 353.056243896484375 348.08123779296875 344.875 343.443756103515625 342.64373779296875 342.41876220703125 342.89373779296875 344.76873779296875 346.587493896484375 348.46875 350.631256103515625 358.01873779296875 363.57501220703125 370.306243896484375 377.65625
350.11248779296875 349.993743896484375 352.8125 355.08123779296875 359.07501220703125 362.600006103515625 364.368743896484375 369.91876220703125 377.86248779296875 391.243743896484375 409.131256103515625 423.03125 432.274993896484375 439.4375 446.818756103515625 450.79376220703125 451.568756103515625 446.725006103515625 438.23748779296875 428.51251220703125 411.98126220703125 398.01251220703125 385.412506103515625 374.60626220703125 368.58123779296875 364.20001220703125 359.368743896484375 357.625 355.306243896484375 352.243743896484375 348.46875 347.100006103515625 347.399993896484375 345.54998779296875 344.649993896484375 345.375 344.662506103515625 345.537506103515625 347.83123779296875 346.875 347.07501220703125 352.92498779296875 357.287506103515625 361.75 367.256256103515625
