data/historical-monthly-weather-data/wc2.1_cruts4.09_10m_prec_1986-11.asc
ncols        51
nrows        45
xllcorner    -63.500000000000
yllcorner    -7.500000000000
cellsize     0.166666666667
NODATA_value -9999
[rows 0 to 19 of 45, columns 0 to 43 of 51]
99.34375 90.94374847412109375 87.6999969482421875 87.46875 87.5124969482421875 91.1875 94.71250152587890625 98.4812469482421875 104.1750030517578125 109.59999847412109375 115.03749847412109375 119.46875 123.99375152587890625 126.34375 128.7312469482421875 130.412506103515625 131.9375 130.2937469482421875 128.600006103515625 127.56874847412109375 126.2375030517578125 124.75624847412109375 123.72499847412109375 120.77500152587890625 118.31874847412109375 116.2687530517578125 114.03125 111.71250152587890625 109.3874969482421875 109.08750152587890625 109.56874847412109375 110.78749847412109375 111.6875 113.34999847412109375 114.6999969482421875 116.44374847412109375 118.48749542236328125 119.9562530517578125 120.1374969482421875 120.27500152587890625 119.3625030517578125 118.7375030517578125 116.7375030517578125 114.71250152587890625
100.5187530517578125 91.25 88.79375457763671875 88.5812530517578125 89.5625 93.72499847412109375 97.69374847412109375 103.1125030517578125 110.0812530517578125 116.50624847412109375 122.81874847412109375 127.19374847412109375 130.9812469482421875 134.0500030517578125 135.5625 137.7937469482421875 138.3937530517578125 137.068756103515625 135.1374969482421875 133.962493896484375 132.193756103515625 130.4250030517578125 129.306243896484375 127.2062530517578125 123.59999847412109375 120.83750152587890625 118.25624847412109375 115.02500152587890625 112.34375 111.90000152587890625 112.4562530517578125 113.7375030517578125 113.6062469482421875 115.8312530517578125 117.53125 119.2062530517578125 121.2624969482421875 122.80625152587890625 122.7687530517578125 122.86875152587890625 122.6437530517578125 121.59375 120.15000152587890625 117.0749969482421875
103.2937469482421875 95.2624969482421875 94.40000152587890625 95.47499847412109375 98.2375030517578125 102.93125152587890625 108.9812469482421875 115.1687469482421875 123.3125 130.287506103515625 135.8249969482421875 139.1999969482421875 142.274993896484375 144.28125 144.8312530517578125 145.5 146.0812530517578125 145.1999969482421875 143.193756103515625 142.1062469482421875 140.662506103515625 139.0500030517578125 137.993743896484375 135.8625030517578125 132.5 129.006256103515625 125.3625030517578125 121.5437469482421875 117.6125030517578125 116.40625 117.3625030517578125 118.0625 119.5625 121.18125152587890625 123.2375030517578125 124.2624969482421875 125.8249969482421875 128.350006103515625 128.6125030517578125 129.100006103515625 128.75 126.88124847412109375 125.0437469482421875 122.34999847412109375
104.125 97.2312469482421875 99.625 102.72499847412109375 107.61875152587890625 113.40000152587890625 120.05625152587890625 128.21875 138.09375 146.1125030517578125 150.7624969482421875 152.3874969482421875 153.90625 154.600006103515625 154.3125 154.2624969482421875 154.53125 153.306243896484375 152.09375 152.181243896484375 151.212493896484375 149.5500030517578125 147.5500030517578125 144.6062469482421875 141.1437530517578125 137.568756103515625 132.9875030517578125 126.9250030517578125 122.59375 121.8625030517578125 122.25 123.3125 123.8249969482421875 125.4562530517578125 127.33750152587890625 129.837493896484375 132.0500030517578125 134.1374969482421875 134.912506103515625 135.3312530517578125 133.9562530517578125 132.7687530517578125 129.7062530517578125 126.49375152587890625
107.9562530517578125 100.7687530517578125 101.78125 107.69374847412109375 115.75 122.9499969482421875 130.6999969482421875 140.600006103515625 152.7312469482421875 162.8125 164.912506103515625 163.412506103515625 163.524993896484375 164.0749969482421875 163.256256103515625 163.100006103515625 162.5812530517578125 162.3874969482421875 161.5812530517578125 160.806243896484375 161.368743896484375 159.8312530517578125 157.8937530517578125 155.3312530517578125 150.056243896484375 145.5812530517578125 138.09375 132.318756103515625 127.8249969482421875 125.74375152587890625 125.7624969482421875 126.6687469482421875 127.6062469482421875 129.618743896484375 131.9812469482421875 134.53125 137.0625 139.618743896484375 141.2624969482421875 140.337493896484375 139.34375 136.7937469482421875 133.8125 130.556243896484375
111.3562469482421875 105.9250030517578125 107.47499847412109375 110.40000152587890625 119.77500152587890625 130.0625 139.618743896484375 149.65625 161.4875030517578125 172.412506103515625 173.2375030517578125 171.09375 171.3937530517578125 171.65625 170.4812469482421875 169.681243896484375 169.7312469482421875 170.4562530517578125 171.5124969482421875 170.975006103515625 170.8312530517578125 169.993743896484375 167.962493896484375 163.3249969482421875 158.556243896484375 152.681243896484375 144.6999969482421875 137.475006103515625 131.9375 129.1875 127.7937469482421875 129.6437530517578125 130.2687530517578125 132.681243896484375 134.8249969482421875 137.8874969482421875 140.4875030517578125 143.2937469482421875 145.6062469482421875 145.0500030517578125 141.131256103515625 138.631256103515625 135.537506103515625 132.693756103515625
116.05625152587890625 113.28125 115.40000152587890625 118.5500030517578125 125.6875 134.5625 144.5187530517578125 154.274993896484375 162.475006103515625 168.2937469482421875 173.337493896484375 174.4437408447265625 176.443756103515625 177.4499969482421875 177.462493896484375 177.46875 177.65625 179.100006103515625 179.962493896484375 182.3937530517578125 182.087493896484375 180.7312469482421875 178.431243896484375 172.6374969482421875 166.725006103515625 160.90625 151.381256103515625 142.4562530517578125 134.3937530517578125 131.287506103515625 130.193756103515625 130.787506103515625 132.006256103515625 134.6687469482421875 137.5812530517578125 139.75 141.6125030517578125 144.5625 149.0187530517578125 147.462493896484375 142.131256103515625 139.0124969482421875 136.0187530517578125 133.006256103515625
122.21875 120.7062530517578125 124.11875152587890625 129.5749969482421875 136.899993896484375 144.243743896484375 150.131256103515625 154.1437530517578125 156.649993896484375 161.7624969482421875 170.8625030517578125 176.087493896484375 179.875 182.162506103515625 183.3874969482421875 184.8125 185.4187469482421875 187.556243896484375 190.118743896484375 192.568756103515625 194.1875 193.306243896484375 189.556243896484375 182.78125 176.875 167.756256103515625 156.4812469482421875 145.625 137.1125030517578125 132.493743896484375 130.5437469482421875 131.587493896484375 133.0625 135.3937530517578125 138.3187408447265625 139.5437469482421875 141.4562530517578125 142.8125 144.2375030517578125 142.5124969482421875 138.193756103515625 135.4875030517578125 132.693756103515625 129.625
128.774993896484375 129.2312469482421875 134.087493896484375 140.0625 146.875 153.274993896484375 158.0187530517578125 160.15625 157.0124969482421875 158.0124969482421875 168.6374969482421875 175.712493896484375 181.2312469482421875 184.649993896484375 188 190.743743896484375 192.9812469482421875 196.975006103515625 203.087493896484375 206.287506103515625 205.4250030517578125 204.568756103515625 199.6875 193.875 185.4499969482421875 174.506256103515625 160.8937530517578125 149.287506103515625 139.631256103515625 132.6999969482421875 130.4812469482421875 131.71875 132.03125 133.3625030517578125 135.2312469482421875 136.600006103515625 137.5812530517578125 137.899993896484375 137.8562469482421875 136.6687469482421875 132.912506103515625 129.975006103515625 128.0187530517578125 125.42499542236328125
136.0437469482421875 137.412506103515625 142.9000091552734375 149.537506103515625 156.912506103515625 163.84375 167.712493896484375 168.7687530517578125 167.5187530517578125 169.28125 175.0625 178.631256103515625 183.975006103515625 187.493743896484375 191.9187469482421875 196.631256103515625 200.9187469482421875 207.7062530517578125 215.0812530517578125 221.6687469482421875 220.975006103515625 218.3874969482421875 211.7687530517578125 203.806243896484375 192.600006103515625 180.912506103515625 167.1875 153.4499969482421875 142 133.068756103515625 129.837493896484375 130.149993896484375 130.2375030517578125 131.462493896484375 132.96875 133.8562469482421875 134.475006103515625 133.350006103515625 132.756256103515625 131.193756103515625 128.243743896484375 125.83750152587890625 123.16249847412109375 119.88124847412109375
143.8562469482421875 146.524993896484375 152.03125 158.90625 166.431243896484375 175.1125030517578125 179.774993896484375 179.84375 178.631256103515625 179.5 183.6500091552734375 185.6062469482421875 188.28125 190.9375 195.6750030517578125 201.149993896484375 207.5749969482421875 216.6750030517578125 226.725006103515625 236.8312530517578125 241.2624969482421875 236.787506103515625 226.53125 211.59375 200.368743896484375 189.71875 175.087493896484375 160.5625 146.78125 136.537506103515625 132.1374969482421875 130.9187469482421875 130.8125 131.1687469482421875 131.306243896484375 130.75 129.943756103515625 128.600006103515625 128.8000030517578125 127.1999969482421875 124 121.90000152587890625 119.58750152587890625 116.625
150.9250030517578125 154 159.6687469482421875 167.4375 175.274993896484375 184.0500030517578125 189.8312530517578125 189.556243896484375 187.943756103515625 187.993743896484375 189.9375 191.712493896484375 191.84375 193.8312530517578125 198.8625030517578125 204.787506103515625 212.21875 222.1999969482421875 234.7937469482421875 249.2624969482421875 257.818756103515625 254.087493896484375 241.2312469482421875 222.2937469482421875 207.3562469482421875 194.8562469482421875 179.2624969482421875 164.756256103515625 152.462493896484375 141.8937530517578125 135.0500030517578125 131.225006103515625 129.506256103515625 128.693756103515625 128.6125030517578125 127.78749847412109375 126.43125152587890625 125.34999847412109375 124.9499969482421875 123.7375030517578125 121.46875 119.25 116.9499969482421875 114.19374847412109375
157.787506103515625 161.65625 167.600006103515625 174.4375 181.3874969482421875 189.243743896484375 194.0437469482421875 195.28125 194.09375 194.3249969482421875 195.1062469482421875 196.9375 197.0749969482421875 195.2624969482421875 199.25 205.649993896484375 213.8874969482421875 226.6125030517578125 240.756256103515625 256.15625 268.037506103515625 265.61248779296875 251.693756103515625 233.162506103515625 214.3125 198.756256103515625 184.837493896484375 170.1374969482421875 157.743743896484375 146.837493896484375 138.40625 132.350006103515625 128.337493896484375 126.08750152587890625 125.2375030517578125 124.1437530517578125 122.8125 121.5749969482421875 121.94374847412109375 120.06874847412109375 118.75 117.25 113.59375 106.2312469482421875
164.2687530517578125 167.462493896484375 173.2687530517578125 179.631256103515625 186.287506103515625 192.193756103515625 196.8000030517578125 199.4499969482421875 199.7687530517578125 199.25 199.1937408447265625 198.5 198.3125 196.837493896484375 197.1437530517578125 203.4375 212.625 225.431243896484375 239.6374969482421875 253.8000030517578125 263.66876220703125 263.637481689453125 254.8874969482421875 238.1437530517578125 221.3312530517578125 206.337493896484375 192.6624908447265625 177.7937469482421875 163.931243896484375 151.431243896484375 141.756256103515625 133.693756103515625 127.7375030517578125 123.7375030517578125 122.53749847412109375 121.7312469482421875 120.3625030517578125 120.33750152587890625 119.6875 118.9187469482421875 116.22499847412109375 111.34999847412109375 106.3125 103.06874847412109375
168.1062469482421875 171.3625030517578125 177.306243896484375 183.649993896484375 189.9375 195.34375 200.493743896484375 203.6374969482421875 203.662506103515625 202.8125 201.90625 200.7687530517578125 199.2624969482421875 196.9562530517578125 194.193756103515625 199.1125030517578125 209.068756103515625 222.1875 236.381256103515625 249.725006103515625 258.056243896484375 259.962493896484375 255.5749969482421875 242.9562530517578125 230.1062469482421875 217 201.90625 185.8874969482421875 170.8000030517578125 156.0812530517578125 144.087493896484375 133.9499969482421875 127.41249847412109375 122.65625 119.8562469482421875 118.6437530517578125 118.69374847412109375 120.03125 119.8874969482421875 116.52500152587890625 110.6125030517578125 107.53125 105.81874847412109375 104.2937469482421875
170.7062530517578125 173.9812469482421875 180.587493896484375 186.943756103515625 193.350006103515625 199.1437530517578125 203.524993896484375 206.787506103515625 207.868743896484375 208.09375 206.3000030517578125 204.506256103515625 202.368743896484375 198.149993896484375 193.75 193.493743896484375 205.7937469482421875 221.1750030517578125 234.8562469482421875 247.306243896484375 256.287506103515625 260.11248779296875 257.98748779296875 248.068756103515625 237.725006103515625 228.03125 213.6999969482421875 196.3937530517578125 177.96875 160.3312530517578125 146.225006103515625 134.875 127 122.1750030517578125 117.5749969482421875 117.6999969482421875 119.1062469482421875 117.59999847412109375 116.0437469482421875 111.9562530517578125 107.9562530517578125 106.75624847412109375 105.53749847412109375 101.9562530517578125
172.8562469482421875 177.125 183.412506103515625 189.975006103515625 197.03125 202.7624969482421875 208.1125030517578125 211.443756103515625 212.9375 212.881256103515625 211.78125 210.181243896484375 207.3125 203.15625 199.431243896484375 199.556243896484375 206.2687530517578125 219.75 234.506256103515625 247.712493896484375 256.89373779296875 261.6875 261.17498779296875 251.756256103515625 243.7937469482421875 238.3125 226.993743896484375 206.212493896484375 183.125 163.5749969482421875 148.5 137.90625 128.7624969482421875 122.5812530517578125 121.53749847412109375 123.71250152587890625 122.05625152587890625 121.0625 119.28749847412109375 113.28749847412109375 109.13124847412109375 108.02500152587890625 104.6125030517578125 102.4499969482421875
173.7937469482421875 178.3874969482421875 185.875 193.5687408447265625 200.8000030517578125 208.4250030517578125 214.881256103515625 218.875 220.631256103515625 220.4375 219.225006103515625 217.625 213.524993896484375 210.431243896484375 208.9875030517578125 209.3312530517578125 213.318756103515625 219.725006103515625 235.8874969482421875 249.6750030517578125 260.493743896484375 263.61248779296875 262.868743896484375 255.7687530517578125 250.03125 245.375 238.46875 213.6750030517578125 185.712493896484375 162.225006103515625 145.6374969482421875 134.6687469482421875 130.0749969482421875 129.4875030517578125 129.506256103515625 125.78125 124.88124847412109375 123.6687469482421875 118.9250030517578125 116.03125 111.1687469482421875 108.7624969482421875 105.74375152587890625 103.15625
174.03125 179.818756103515625 188.024993896484375 196.7624969482421875 205.5187530517578125 213.899993896484375 221.0187530517578125 226.875 229.5749969482421875 230.625 228.9187469482421875 226.625 222.556243896484375 219.8125 217.774993896484375 218.5749969482421875 221.8312530517578125 225.4562530517578125 236.462493896484375 250.4250030517578125 264.274993896484375 271.875 264.225006103515625 258.131256103515625 253.3625030517578125 247.850006103515625 236.3125 213.5124969482421875 187.068756103515625 161.556243896484375 142.2624969482421875 134.850006103515625 136.3937530517578125 135.412506103515625 132.806243896484375 131.225006103515625 128.6437530517578125 125.6999969482421875 122.4562530517578125 118.61875152587890625 113.78749847412109375 112.2687530517578125 107.8562469482421875 104.16249847412109375
173.806243896484375 180.4812469482421875 189.2937469482421875 199.2624969482421875 209.1437530517578125 219.0749969482421875 227.899993896484375 234.993743896484375 239.162506103515625 241.5437469482421875 241.662506103515625 239.9187469482421875 236.03125 231.318756103515625 229.131256103515625 227.90625 226.806243896484375 233.1687469482421875 242 253.78125 262.71875 265.556243896484375 265.8125 259.79998779296875 252.8125 242.8937530517578125 227.8562469482421875 210.399993896484375 186.493743896484375 162.118743896484375 145.34375 141.5812530517578125 141.0500030517578125 141.118743896484375 139.693756103515625 136.6062469482421875 133.6750030517578125 130.6999969482421875 126.44374847412109375 121.53749847412109375 116.6062469482421875 113.97499847412109375 109.5187530517578125 105.91249847412109375
