data/historical-monthly-weather-data/wc2.1_cruts4.09_10m_prec_2000-12.asc
ncols        45
nrows        45
xllcorner    -63.500000000000
yllcorner    -7.500000000000
cellsize     0.166666666667
NODATA_value -9999
[rows 0 to 19 of 45, columns 0 to 43 of 45]
68.52500152587890625 61.450000762939453125 58.762500762939453125 57.68125152587890625 56.40000152587890625 57.69374847412109375 58.893749237060546875 59.643749237060546875 61.34999847412109375 63.268749237060546875 66.18125152587890625 69.33750152587890625 73.0187530517578125 75.9375 79.3937530517578125 83 86.8125 89.3249969482421875 92.72499847412109375 96.0812530517578125 99.1875 101.94374847412109375 104.59999847412109375 106.7375030517578125 108.6875 110.30625152587890625 111.83750152587890625 113.375 114.6125030517578125 113.47499847412109375 111.22499847412109375 109.4250030517578125 106.4250030517578125 102.8937530517578125 99.2687530517578125 97.96875 95.8249969482421875 93.72499847412109375 92.43125152587890625 91.59375 90.66249847412109375 90.2624969482421875 89.96250152587890625 89.4187469482421875
69.4562530517578125 61.543750762939453125 58.84375 57.268749237060546875 56.03125 56.96250152587890625 57.831249237060546875 59.393749237060546875 62.15625 64.84375 67.80625152587890625 70.8625030517578125 74.58124542236328125 78.0437469482421875 81.6437530517578125 85.5437469482421875 89.625 93.28749847412109375 97.2687530517578125 101.97499847412109375 104.88124847412109375 107.3562469482421875 110.34999847412109375 112.21250152587890625 113.88750457763671875 115.3125 116.53749847412109375 117.59375 118.2312469482421875 116.3125 112.8625030517578125 109.9250030517578125 105.6999969482421875 101.8125 98.2312469482421875 95.05625152587890625 93.28125 90.9250030517578125 89.0812530517578125 87.875 86.63124847412109375 86.16249847412109375 85.8562469482421875 84.6437530517578125
73.63124847412109375 66.30625152587890625 63.50624847412109375 61.543750762939453125 60.02500152587890625 60.38124847412109375 61.268749237060546875 62.86875152587890625 65.7062530517578125 68.3937530517578125 70.9250030517578125 73.93125152587890625 77.68125152587890625 81.2062530517578125 85.1374969482421875 88.9562530517578125 93.3625030517578125 97.0500030517578125 101.2937469482421875 105.6999969482421875 108.5124969482421875 111.28749847412109375 114.1437530517578125 115.4250030517578125 116.6125030517578125 118.3874969482421875 119.5812530517578125 120.3937530517578125 121.21250152587890625 118.06874847412109375 114.46875 111.09999847412109375 107.4499969482421875 102.3562469482421875 97.94374847412109375 94.9187469482421875 91.6999969482421875 88.4250030517578125 86.3937530517578125 84.5500030517578125 82.6374969482421875 81.84375 80.93125152587890625 80.40000152587890625
77.7312469482421875 71.55625152587890625 69.1687469482421875 66.5625 64.8937530517578125 64.875 65.5187530517578125 66.7937469482421875 69.5 72.40000152587890625 74.71875 77.6875 80.99375152587890625 84.53749847412109375 88.46875 92.8312530517578125 97.30625152587890625 100.3937530517578125 104.53125 109.65000152587890625 112.53749847412109375 114.97499847412109375 116.7624969482421875 117.84999847412109375 118.34999847412109375 120.0500030517578125 121.34375 121.8249969482421875 122.8562469482421875 120.09375 116 111.7062530517578125 107.9250030517578125 103.21250152587890625 97.96250152587890625 93.9250030517578125 89.4499969482421875 85.47499847412109375 83.15625 80.47499847412109375 77.5749969482421875 76.5625 75.5500030517578125 75.125
85.3562469482421875 78.03125 74.0437469482421875 71.70624542236328125 70.06874847412109375 69.9562530517578125 70.0749969482421875 70.9499969482421875 73.96875 76.8937530517578125 78.66249847412109375 81.21875 84.7312469482421875 88.33750152587890625 92.34375 96.77500152587890625 101.1437530517578125 104.11875152587890625 108.2937469482421875 113.6687469482421875 116.3937530517578125 117.81874847412109375 119.06874847412109375 119.6687469482421875 119.84999847412109375 121.30625152587890625 121.66249847412109375 122.28749847412109375 123.31874847412109375 120.78125 116.86875152587890625 112.09999847412109375 107.53125 102.52500152587890625 96.90000152587890625 92.375 87.63124847412109375 82.63124847412109375 79.46875 75.90000152587890625 72.2375030517578125 70.9250030517578125 70.00624847412109375 69.0812530517578125
92.7624969482421875 86.0437469482421875 81.3125 77.4499969482421875 76.08750152587890625 76.6750030517578125 77.15000152587890625 77.74375152587890625 80.3000030517578125 82.9499969482421875 84.47499847412109375 87.1437530517578125 90.94374847412109375 94.5187530517578125 98.96250152587890625 103.3312530517578125 107.77500152587890625 109.8125 114.25624847412109375 118.3937530517578125 119.71875 121.0500030517578125 121.63124847412109375 121.83750152587890625 121.84999847412109375 122.34375 123.46250152587890625 123.9499969482421875 124.24375152587890625 121.48749542236328125 117.8249969482421875 113.66249847412109375 107.8000030517578125 101.8937530517578125 97.1750030517578125 92.4812469482421875 87.27500152587890625 82.6125030517578125 78.7312469482421875 73.75 68.3874969482421875 66.6875 64.96250152587890625 64.0812530517578125
101.5187530517578125 95.0437469482421875 90.27500152587890625 85.8874969482421875 83.3125 83.3562469482421875 83.9562530517578125 84.34999847412109375 85.96875 87.40625 89.90625 93.1875 97.71875 101.47499847412109375 105.88124847412109375 110.50624847412109375 115.53749847412109375 119.00624847412109375 122.7624969482421875 124.71875 124.19374847412109375 124.5187530517578125 124 123.36875152587890625 123.59999847412109375 123.40625 123.84375 125.1750030517578125 125.3312530517578125 122.05625152587890625 118.2624969482421875 113.9875030517578125 108.53125 102.25624847412109375 96.59375 91.53125 86.58750152587890625 81.58750152587890625 77.75624847412109375 71.3000030517578125 64.5749969482421875 61.91249847412109375 60.081249237060546875 58.63124847412109375
110.6687469482421875 104.25624847412109375 99.625 95.9562530517578125 93.375 92.43125152587890625 91.4187469482421875 89.9875030517578125 89.93125152587890625 91.75624847412109375 95.41875457763671875 100.125 104.7062530517578125 109.46250152587890625 113.50624847412109375 118.18125152587890625 122.96250152587890625 127.125 130.4812469482421875 129.475006103515625 127.5187530517578125 126.1062469482421875 124.78749847412109375 123.4875030517578125 123.88124847412109375 124.03749847412109375 123.9499969482421875 124.78125 125.8625030517578125 122.9375 118.19374847412109375 113.7937469482421875 108.4250030517578125 101.94374847412109375 96.4250030517578125 90.3874969482421875 85.08750152587890625 79.46250152587890625 74 67.09999847412109375 60.200000762939453125 57.06874847412109375 54.84999847412109375 53.018749237060546875
119.9562530517578125 113.83750152587890625 109.5812530517578125 106.1062469482421875 103.15625 102.28125 100.9250030517578125 98.6750030517578125 96.9375 97.83750152587890625 102.59999847412109375 108.24375152587890625 113.53125 118.125 121.47499847412109375 124.9875030517578125 128.806243896484375 132.4812469482421875 135.21875 133.3125 129.4187469482421875 127.3562469482421875 125.84375 125.5 125.11875152587890625 124.66249847412109375 124.28749847412109375 125.0187530517578125 125.3249969482421875 122.06874847412109375 118.49375152587890625 113.7062530517578125 108.11875152587890625 102.21250152587890625 96.2937469482421875 90.4562530517578125 84.5 78.2687530517578125 72.00624847412109375 65.16249847412109375 58 54.487499237060546875 51.9375 49.84375
128.7687530517578125 123.24375152587890625 119.4812469482421875 116.6374969482421875 113.7687530517578125 112.8249969482421875 111.5124969482421875 109.5812530517578125 109.28125 110.38124847412109375 113.7687530517578125 118.06874847412109375 123.7062530517578125 127.41249847412109375 129.8000030517578125 131.618743896484375 133.443756103515625 135.024993896484375 135.84375 134.412506103515625 130.693756103515625 128.1062469482421875 126.4812469482421875 126.38124847412109375 125.46250152587890625 124.53125 123.99375152587890625 124.16249847412109375 124.44374847412109375 121.33750152587890625 117.33750152587890625 112.875 107.25624847412109375 101.15000152587890625 95.59375 90.40000152587890625 84.2312469482421875 77.7624969482421875 70.6999969482421875 63.5 56.49375152587890625 52.706249237060546875 49.268749237060546875 46.674999237060546875
138.712493896484375 133.399993896484375 129.587493896484375 126.46875 124.44374847412109375 124.28125 123.3625030517578125 121.3249969482421875 121.34999847412109375 123.00624847412109375 125.99375152587890625 130.09375 134.375 137.662506103515625 137.9250030517578125 137.9187469482421875 137.462493896484375 137.3312530517578125 136.40625 134.493743896484375 131.6999969482421875 128.975006103515625 127.22499847412109375 125.48749542236328125 126.0437469482421875 125.03125 123.65000152587890625 122.50624847412109375 121.41249847412109375 118.59999847412109375 115.02500152587890625 111.36875152587890625 106.03749847412109375 100.21250152587890625 94.6687469482421875 89.24375152587890625 83.34375 77.0437469482421875 70.21875 62.643749237060546875 55.424999237060546875 50.97499847412109375 47.168750762939453125 44.1875
147.756256103515625 142.28125 138.7375030517578125 136.287506103515625 134.40625 134.625 134.6062469482421875 133.15625 133.5 135.8562469482421875 139.0124969482421875 142.493743896484375 144.34375 145.9250030517578125 145.53125 144.0812530517578125 142.6437530517578125 140.631256103515625 138.6875 136.46875 132.7624969482421875 130.1875 129.1875 127.75 127.5625 126.1437530517578125 123.6750030517578125 121.3249969482421875 119.0812530517578125 116.31874847412109375 112.97499847412109375 109.7062530517578125 104.625 99.3249969482421875 94.1875 89.1125030517578125 83.49375152587890625 77.56874847412109375 70.56874847412109375 63.081249237060546875 55.825000762939453125 50.956249237060546875 46.606250762939453125 43.06874847412109375
156.6750030517578125 151.4875030517578125 148.337493896484375 145.712493896484375 144.243743896484375 144.375 144.3312530517578125 144.037506103515625 145.087493896484375 148.1437530517578125 151.6437530517578125 154.0749969482421875 154.4375 153.4187469482421875 152.5625 150.5 148.0812530517578125 145.625 142.6875 139.162506103515625 133.568756103515625 131.2687530517578125 131.243743896484375 130.03125 128.1437530517578125 125.46250152587890625 122.5 119.81874847412109375 117.1687469482421875 113.6062469482421875 110.36875152587890625 107.18125152587890625 102.27500152587890625 97.5812530517578125 92.94374847412109375 88.74375152587890625 83.8874969482421875 78.375 71.3625030517578125 63.612499237060546875 56.15000152587890625 51.16249847412109375 46.06874847412109375 41.268749237060546875
164.631256103515625 159.524993896484375 156.4375 154.1750030517578125 152.506256103515625 152.850006103515625 153.09375 154.181243896484375 156.6875 159.6125030517578125 162.09375 163.068756103515625 162.8625030517578125 161.212493896484375 158.8562469482421875 157.3625030517578125 154.381256103515625 150.787506103515625 147.037506103515625 143.0812530517578125 137.943756103515625 134.850006103515625 133.3625030517578125 130.975006103515625 128.25 125.1687469482421875 122.09375 117.97499847412109375 114.2375030517578125 110.4250030517578125 107.25 103.9562530517578125 99.78749847412109375 95.33750152587890625 91.5500030517578125 87.86875152587890625 83.8937530517578125 79.38124847412109375 72.7624969482421875 65.31874847412109375 56.83750152587890625 50.28749847412109375 44.606250762939453125 40.125
171.162506103515625 165.9375 163.431243896484375 161.274993896484375 160.0124969482421875 160.506256103515625 161.931243896484375 163.5 166.15625 168.693756103515625 170.975006103515625 171.743743896484375 170.84375 169.4562530517578125 166.84375 165.28125 161.6687469482421875 157.53125 153.350006103515625 150.03125 144.368743896484375 140.09375 136.712493896484375 133.0812530517578125 129.662506103515625 125.75 121.93125152587890625 117.4250030517578125 112.7687530517578125 107.8562469482421875 103.9187469482421875 100.93125152587890625 97.03749847412109375 93.18125152587890625 89.84375 85.96250152587890625 82.81874847412109375 79.5812530517578125 73.86875152587890625 65.625 56.125 49.71250152587890625 44.424999237060546875 40.24375152587890625
176.381256103515625 171.431243896484375 169.3249969482421875 168.0124969482421875 167.03125 168.28125 170.118743896484375 171.412506103515625 174.1999969482421875 177.662506103515625 179.712493896484375 179.9499969482421875 179.1125030517578125 177.568756103515625 175.3937530517578125 172.2937469482421875 168.625 165.006256103515625 160.556243896484375 156.75 151 145.2687530517578125 140.5 135.65625 131.4875030517578125 127.59999847412109375 123.03125 117.6125030517578125 111.61875152587890625 105.375 100.7687530517578125 97.06874847412109375 92.68125152587890625 89.0124969482421875 85.5812530517578125 82.4812469482421875 80.5187530517578125 78.69374847412109375 74.02500152587890625 65.4562530517578125 55.387500762939453125 49.137500762939453125 44.05625152587890625 39.606250762939453125
181.024993896484375 176.5 173.8625030517578125 173.318756103515625 173.243743896484375 174.5625 177.1374969482421875 179.7937469482421875 183.34375 186.375 188.4875030517578125 188.1437530517578125 187.1062469482421875 185.4499969482421875 183.5124969482421875 180.0500030517578125 174.943756103515625 171.25 167.756256103515625 163.712493896484375 157.212493896484375 150.506256103515625 144.5749969482421875 138.5812530517578125 133.787506103515625 129.7937469482421875 125.08750152587890625 118.2624969482421875 109.86875152587890625 102.49375152587890625 97.21875 93.66249847412109375 88.4812469482421875 83.28749847412109375 79.2312469482421875 77.1062469482421875 76.8937530517578125 77.81874847412109375 76.1999969482421875 65.7062530517578125 54.325000762939453125 48.143749237060546875 42.987499237060546875 39.25
184.3874969482421875 180.1062469482421875 177.931243896484375 177.899993896484375 178.3125 180.8874969482421875 183.756256103515625 186.3625030517578125 190.056243896484375 194.125 197.0124969482421875 196.8125 195.2375030517578125 193.7312469482421875 191.4187469482421875 187.6687469482421875 182.6374969482421875 176.600006103515625 175.006256103515625 171.1750030517578125 164.243743896484375 156.256256103515625 148.756256103515625 142.3625030517578125 137.0437469482421875 132.693756103515625 128.5437469482421875 119.5 108.7062530517578125 99.59375 93.28125 89.3625030517578125 85.05625152587890625 80.43125152587890625 74.81874847412109375 69.6875 72.3125 74.8312530517578125 72.3625030517578125 64 53.375 47.44374847412109375 42.84999847412109375 39.40625
186.618743896484375 182.462493896484375 181.2687530517578125 181.7062530517578125 182.6999969482421875 186.0187530517578125 189.3625030517578125 193.318756103515625 197.6687469482421875 202.1374969482421875 204.462493896484375 203.75 203.149993896484375 202.4562530517578125 199.600006103515625 195.431243896484375 190.537506103515625 184.5812530517578125 180.3874969482421875 177.368743896484375 170.6062469482421875 163.0437469482421875 152.306243896484375 145.837493896484375 140.5437469482421875 135.4375 129.837493896484375 120.6750030517578125 108.9562530517578125 98.1125030517578125 89.91249847412109375 88.25 85.5124969482421875 80.52500152587890625 74.34999847412109375 70.28125 70.8625030517578125 70.9187469482421875 67.9250030517578125 60.69374847412109375 51.91249847412109375 46.65000152587890625 42.50624847412109375 39.424999237060546875
188.068756103515625 184.3937530517578125 183.2624969482421875 184.2687530517578125 186.2375030517578125 190.8874969482421875 195.5124969482421875 200.1687469482421875 205.368743896484375 209.15625 212.1125030517578125 212.8625030517578125 212.8249969482421875 211.350006103515625 207.3000030517578125 201.568756103515625 195.868743896484375 191.5 187.7937469482421875 184.375 175.024993896484375 164.756256103515625 155.7687530517578125 149.256256103515625 143.40625 137.381256103515625 130.962493896484375 122.7312469482421875 111.63124847412109375 100.88124847412109375 93.8562469482421875 92.43125152587890625 88.78125 84.28749847412109375 79.5187530517578125 74.9187469482421875 72.4875030517578125 69.94374847412109375 65.61875152587890625 58.90000152587890625 51.049999237060546875 45.768749237060546875 42.30625152587890625 39.612499237060546875
