data/historical-monthly-weather-data/wc2.1_cruts4.09_10m_prec_1964-02.asc
ncols        51
nrows        45
xllcorner    -63.500000000000
yllcorner    -7.500000000000
cellsize     0.166666666667
NODATA_value -9999
[rows 20 to 39 of 45, columns 0 to 43 of 51]
204.84375 207.3000030517578125 209.84375 212.6374969482421875 217.46875 221.6687469482421875 226.243743896484375 230.78125 235.9499969482421875 240.3249969482421875 243.337493896484375 246.5437469482421875 250.193756103515625 252.5 239.131256103515625 219.493743896484375 202.7375030517578125 189.8249969482421875 182.3937530517578125 176.243743896484375 174.7125091552734375 173.1687469482421875 172.34375 180.868743896484375 191.274993896484375 202.8249969482421875 218.71875 235.5 253.1374969482421875 268.231231689453125 277.056243896484375 278.681243896484375 267.9375 250.8000030517578125 234.5749969482421875 256.73126220703125 294.725006103515625 327.58123779296875 350.068756103515625 363.89373779296875 369.45001220703125 366.868743896484375 364.07501220703125 360.21875
197.5124969482421875 201.46875 204.78125 209.287506103515625 213.7937469482421875 218.618743896484375 223.443756103515625 228.256256103515625 233.3249969482421875 235.787506103515625 236.087493896484375 235.5625 235.1125030517578125 233.1062469482421875 225.587493896484375 213.100006103515625 200.399993896484375 189.46875 181.03125 174.5812530517578125 171.443756103515625 169.693756103515625 170.6687469482421875 179.8312530517578125 191.431243896484375 204.8562469482421875 222.59375 240.881256103515625 260.46875 277.556243896484375 290.0625 293.350006103515625 285.975006103515625 276.29376220703125 271.837493896484375 288.912506103515625 318.681243896484375 344.943756103515625 361.09375 370.681243896484375 375.681243896484375 374.29998779296875 371.29998779296875 366.875
193.1437530517578125 198.587493896484375 201.5124969482421875 206.0500030517578125 210.3312530517578125 216.056243896484375 220.0187530517578125 225.21875 230.6374969482421875 230.28125 227.0625 222.6875 218.350006103515625 215.975006103515625 212.7624969482421875 205.59375 196.256256103515625 187.2375030517578125 178.6062469482421875 171.0124969482421875 168.131256103515625 166.068756103515625 166.59375 176.34375 189.6687469482421875 205.100006103515625 223.9562530517578125 244.0124969482421875 266 285.65625 302.33123779296875 312.98126220703125 309.225006103515625 306.90625 314.125 332.5625 353.75 370.649993896484375 378.725006103515625 380.85626220703125 382.51251220703125 380.70623779296875 377.443756103515625 373.21875
191.306243896484375 196.3625030517578125 199.212493896484375 202.125 206.162506103515625 211.9875030517578125 217.0437469482421875 221.2687530517578125 225.806243896484375 223.881256103515625 219.756256103515625 214.337493896484375 206.6062469482421875 206.40625 205.4187469482421875 200.399993896484375 193.1437530517578125 185.6437530517578125 177.2062530517578125 169.1437530517578125 165.368743896484375 162.493743896484375 162.193756103515625 172.556243896484375 186.90625 202.3000030517578125 223.1875 245.5124969482421875 268.381256103515625 289.818756103515625 308.899993896484375 322.712493896484375 326.087493896484375 331.63751220703125 346.0625 368.20001220703125 385.61248779296875 392.90625 393.524993896484375 391.48748779296875 390.649993896484375 386.306243896484375 382.318756103515625 378.53125
193.0749969482421875 196.337493896484375 198.03125 200.568756103515625 204.6062469482421875 208.7937469482421875 213.306243896484375 216.712493896484375 218.7687530517578125 217.8249969482421875 214.625 210.5500030517578125 206.6750030517578125 205.3562469482421875 202.318756103515625 198.0625 192.375 185.0625 176.625 168.193756103515625 163.818756103515625 159.506256103515625 157.65625 167.681243896484375 182.09375 200.9812469482421875 222.2312469482421875 246.350006103515625 269.98748779296875 291.024993896484375 309.45623779296875 324.1875 334.96875 347.03125 363.837493896484375 381.07501220703125 395.76873779296875 402.1875 400.975006103515625 398.08123779296875 396.068756103515625 390.54998779296875 386.51251220703125 384.48748779296875
199.818756103515625 201.6750030517578125 200.962493896484375 201.9875030517578125 204.399993896484375 207.868743896484375 210.537506103515625 212.875 214.15625 213.631256103515625 211.4875030517578125 209.6999969482421875 208.5187530517578125 206.8249969482421875 203.4250030517578125 198.5437469482421875 193.0187530517578125 185.6125030517578125 177.6125030517578125 168.8625030517578125 163.3000030517578125 157.181243896484375 153.3125 161.8312530517578125 178.649993896484375 199.3625030517578125 223.53125 247.318756103515625 271.662506103515625 291.08123779296875 308.45001220703125 324.225006103515625 338.90625 354.75 372.40625 387.15625 399.899993896484375 407.67498779296875 404.462493896484375 401.693756103515625 399.48126220703125 393.82501220703125 388.475006103515625 386.431243896484375
208.881256103515625 209.1750030517578125 207.212493896484375 207.568756103515625 207.9812469482421875 209.256256103515625 210.993743896484375 211.2624969482421875 212.2687530517578125 212.631256103515625 212.024993896484375 211.649993896484375 212.0062408447265625 211.6437530517578125 207.8874969482421875 203.625 197.9562530517578125 190.5124969482421875 181.850006103515625 172.475006103515625 165.5437469482421875 158.3874969482421875 152.3249969482421875 159.725006103515625 178.8249969482421875 200.4812469482421875 224.7062530517578125 249.0625 272.54998779296875 291.375 308.881256103515625 323.743743896484375 340.8125 361.431243896484375 378.76251220703125 393.850006103515625 406.881256103515625 414.399993896484375 412.39373779296875 408.90625 405.61248779296875 397.98126220703125 390.756256103515625 386.931243896484375
218.756256103515625 216.899993896484375 214.6062469482421875 213.318756103515625 212.0187530517578125 211.181243896484375 211.868743896484375 212.287506103515625 212.850006103515625 213.6437530517578125 213.225006103515625 214.0437469482421875 215.256256103515625 215.8125 212.787506103515625 209.09375 203.600006103515625 196.931243896484375 187.818756103515625 178.506256103515625 171.274993896484375 163.5187530517578125 159.0625 168.0500030517578125 184.5 205.024993896484375 228.5500030517578125 252.65625 275.58123779296875 293.862518310546875 310.631256103515625 326.631256103515625 347.149993896484375 366.66876220703125 384.91876220703125 400.67498779296875 412.506256103515625 422.443756103515625 419.70001220703125 414.98126220703125 410.912506103515625 402.868743896484375 394.243743896484375 390.649993896484375
227.318756103515625 224.6999969482421875 221.056243896484375 218.6374969482421875 216.556243896484375 214.53125 213.9250030517578125 213.306243896484375 214.131256103515625 215.149993896484375 215.162506103515625 216.693756103515625 218.462493896484375 220.693756103515625 218.6437530517578125 216.15625 212.0500030517578125 204.6062469482421875 196.40625 186.681243896484375 179.2687530517578125 171.181243896484375 167.712493896484375 178.0625 192.912506103515625 211.350006103515625 234.3874969482421875 257.85626220703125 281.46875 299.100006103515625 314.212493896484375 330.95623779296875 351.375 372.162506103515625 392.48126220703125 407.39373779296875 421.53125 432.53125 431.75 425.15625 416.96875 406.89373779296875 401.04376220703125 401.20001220703125
234.600006103515625 230.850006103515625 226.837493896484375 223.4875030517578125 221.600006103515625 219.306243896484375 217.587493896484375 216.412506103515625 216.568756103515625 217.8000030517578125 218.4812469482421875 221.2312469482421875 224.0500030517578125 227.2312469482421875 226.6875 224.34375 221.7687530517578125 216.306243896484375 208.493743896484375 198.225006103515625 189.5500030517578125 181.6125030517578125 177.84375 187.9375 201.8874969482421875 219.0749969482421875 240.8312530517578125 263.04376220703125 285.5625 302.712493896484375 319.5625 337.1875 357.931243896484375 380.41876220703125 401.225006103515625 418.73748779296875 433.51873779296875 447.524993896484375 446.16876220703125 441.04998779296875 439.42498779296875 433.256256103515625 427.54376220703125 429.86248779296875
239.6125030517578125 235.881256103515625 230.8125 227.6062469482421875 224.975006103515625 222.962493896484375 221.037506103515625 219.837493896484375 219.9250030517578125 220.6999969482421875 222.9562530517578125 226.96875 231.2687530517578125 234.149993896484375 234.024993896484375 233.631256103515625 232.5187530517578125 228.0749969482421875 221.537506103515625 210.9499969482421875 201.068756103515625 191.881256103515625 186.931243896484375 196.7375030517578125 210.1374969482421875 226.5437469482421875 247.1374969482421875 268.774993896484375 290.337493896484375 307.6875 325.068756103515625 343.79376220703125 367.39373779296875 391.70001220703125 414.60626220703125 431.712493896484375 449.068756103515625 466.212493896484375 466.01873779296875 461.506256103515625 463.40625 462.818756103515625 460.056243896484375 458.274993896484375
240.8937530517578125 237.6437530517578125 233.2687530517578125 230.4875030517578125 227.625 225.193756103515625 223.6125030517578125 221.631256103515625 221.7375030517578125 223.587493896484375 226.1437530517578125 231.381256103515625 236.9875030517578125 241.5187530517578125 242.4812469482421875 243.712493896484375 241.75 236.9499969482421875 230.368743896484375 221.287506103515625 211.306243896484375 202.03125 195.7687530517578125 205.3937530517578125 218.71875 233.8937530517578125 253.3562469482421875 274.193756103515625 295.243743896484375 314.118743896484375 332.475006103515625 351.66876220703125 376.962493896484375 402.600006103515625 427.6875 447.14373779296875 466.89373779296875 484.556243896484375 485.5625 488.381256103515625 496.75 498.212493896484375 496.76251220703125 497.42498779296875
238.28125 235.90625 232.899993896484375 230.40625 227.5187530517578125 225.462493896484375 223.4375 222.1875 223.3125 226.118743896484375 230.8249969482421875 237.212493896484375 245.125 251.681243896484375 253.6062469482421875 253.9187469482421875 252.0500030517578125 247.7062530517578125 240.125 231.6750030517578125 222.8000030517578125 213.4250030517578125 207.1062469482421875 215.2937469482421875 227.3625030517578125 241.1374969482421875 259.475006103515625 280.162506103515625 300.66876220703125 319.693756103515625 339.70623779296875 359.693756103515625 385.90625 414.45001220703125 442.46875 465.412506103515625 486.649993896484375 503.82501220703125 508 519.6812744140625 531.45623779296875 536.3187255859375 540.9312744140625 547.9437255859375
235.625 233.21875 230.899993896484375 229.475006103515625 227.0812530517578125 224.75 223.125 222.5124969482421875 222.9562530517578125 226.5187530517578125 232.756256103515625 242.3625030517578125 253.4375 261.54376220703125 264.23126220703125 264.774993896484375 263.01251220703125 258.006256103515625 250.4499969482421875 242.2687530517578125 233.225006103515625 223.837493896484375 217.881256103515625 224.618743896484375 235.225006103515625 247.431243896484375 265.162506103515625 284.65625 305.14373779296875 325.90625 347.23126220703125 368.79998779296875 398.212493896484375 428.412506103515625 456.96875 482.618743896484375 505.287506103515625 524.78125 534.5625 549.0374755859375 562.5687255859375 572.60626220703125 586.54998779296875 600.51251220703125
232.787506103515625 231.2624969482421875 229.65625 227.7375030517578125 226.3562469482421875 224.4250030517578125 222.149993896484375 221.0812530517578125 221.087493896484375 224.6875 233.4375 247.46875 262.350006103515625 272.79998779296875 275.36248779296875 275.756256103515625 273.29998779296875 267.537506103515625 260.78125 252.212493896484375 244.056243896484375 234.3125 227.8312530517578125 232.681243896484375 241.9875030517578125 252.1374969482421875 269.649993896484375 288.98748779296875 309.100006103515625 331.412506103515625 353.318756103515625 378.131256103515625 409.20001220703125 441.962493896484375 472.337493896484375 497.774993896484375 520.71875 546.45623779296875 560.7562255859375 573.9749755859375 589.98126220703125 601.91876220703125 619.10626220703125 637.58123779296875
230.962493896484375 229.9499969482421875 228.2937469482421875 225.96875 224.1125030517578125 222.962493896484375 220.7624969482421875 219.0250091552734375 218.28125 221.774993896484375 232.7937469482421875 249.96875 268.125 280.82501220703125 284.193756103515625 285.0625 283.837493896484375 277.98126220703125 269.88751220703125 262.36248779296875 254.21875 245.756256103515625 238.7375030517578125 242.5812530517578125 249.068756103515625 257.45623779296875 273.443756103515625 292.51251220703125 311.51251220703125 334.056243896484375 358.100006103515625 384.17498779296875 417.17498779296875 451.25 480.82501220703125 504.131256103515625 530.63751220703125 552.8375244140625 566.4124755859375 582.71875 601.41876220703125 613.0687255859375 628.1187744140625 648.54998779296875
230.375 229.3562469482421875 227.056243896484375 226.087493896484375 223.993743896484375 222.8937530517578125 220.9499969482421875 218.774993896484375 216.625 215.5187530517578125 231.506256103515625 256.03125 274.274993896484375 285.98748779296875 291.399993896484375 293.13751220703125 292.82501220703125 287.08123779296875 280.15625 271.975006103515625 263.649993896484375 255.1437530517578125 248.46875 250.662506103515625 255.006256103515625 261.98748779296875 276.51873779296875 293.618743896484375 312.306243896484375 335.75 361.0625 388.181243896484375 423.23126220703125 458.20623779296875 489.587493896484375 514.6312255859375 536.65625 557.14373779296875 571.16876220703125 586 601.9937744140625 615.6312255859375 631.67498779296875 651.1312255859375
229.649993896484375 228.8625030517578125 227.037506103515625 225.8562469482421875 224.662506103515625 223.96875 223.1374969482421875 222.125 222.1750030517578125 220.25 246.006256103515625 272.39373779296875 285.26251220703125 293.29998779296875 298.712493896484375 301.056243896484375 299.92498779296875 294.787506103515625 287.131256103515625 278.51251220703125 270.743743896484375 262.243743896484375 256.36248779296875 257.03125 260.16876220703125 265.70001220703125 278.462493896484375 294.412506103515625 312.04998779296875 337.149993896484375 362.03125 390.256256103515625 425.506256103515625 461.75 493.024993896484375 517.6312255859375 538.3375244140625 557.92498779296875 571.6875 584.76873779296875 598.07501220703125 612.33123779296875 626.23748779296875 643.08123779296875
228.787506103515625 227.537506103515625 225.9187469482421875 226.118743896484375 225.3312530517578125 226.118743896484375 227.9562530517578125 230.662506103515625 236.912506103515625 252.725006103515625 282.6875 292.375 297.29998779296875 302.587493896484375 306.73126220703125 307.162506103515625 305.975006103515625 299.9375 291.375 282.76873779296875 274.10626220703125 265.91876220703125 261.3125 260.88751220703125 263.256256103515625 268.88751220703125 280.125 294.193756103515625 310.41876220703125 333.53125 358.387481689453125 383.881256103515625 414.98126220703125 447.399993896484375 479.46875 502.087493896484375 520.42498779296875 540.0625 551.89373779296875 560.63751220703125 573.11248779296875 584.04998779296875 596.54998779296875 610.51251220703125
227.9562530517578125 226.71875 225.9499969482421875 225.9499969482421875 226.1999969482421875 228.8562469482421875 232.2375030517578125 238.912506103515625 249.556243896484375 267.20623779296875 287.23126220703125 298.962493896484375 306.45623779296875 311.58123779296875 314.225006103515625 314.600006103515625 312.600006103515625 305.681243896484375 296.07501220703125 287.36248779296875 276.524993896484375 268.16876220703125 263.100006103515625 262.431243896484375 265.86248779296875 270.943756103515625 281.143768310546875 293.58123779296875 308.29998779296875 329.25 351.04376220703125 376.36248779296875 406.431243896484375 434.33123779296875 460.15625 481.34375 497.96875 514.10626220703125 525.79998779296875 532.4937744140625 542.4312744140625 552.125 561.8812255859375 570.98748779296875
