data/historical-monthly-weather-data/wc2.1_cruts4.09_10m_prec_1977-07.asc
ncols        51
nrows        45
xllcorner    -63.500000000000
yllcorner    -7.500000000000
cellsize     0.166666666667
NODATA_value -9999
[rows 0 to 18 of 45, columns 0 to 42 of 51]
288.037506103515625 280.14373779296875 270.787506103515625 266.6875 258.837493896484375 251.9812469482421875 245.0812530517578125 236.087493896484375 232.125 230.0500030517578125 224.0187530517578125 218.7062530517578125 212.475006103515625 209.78125 209.368743896484375 206.9375 204.3562469482421875 198.524993896484375 194.587493896484375 193.1750030517578125 191.5 184.756256103515625 179.59375 175.931243896484375 174.5 170.25 170.256256103515625 170.943756103515625 169.03125 167.09375 158.03125 153.193756103515625 153.4250030517578125 150.600006103515625 147.5812530517578125 143.90625 137.662506103515625 138.837493896484375 134.193756103515625 130.78125 132.193756103515625 134.399993896484375 132.431243896484375
279.70001220703125 270.993743896484375 261.931243896484375 258.693756103515625 253.75 247.274993896484375 239.7624969482421875 232.3874969482421875 227.943756103515625 222.5437469482421875 215.4562530517578125 208.2375030517578125 201.506256103515625 196.3937530517578125 192.75 189.837493896484375 186.1687469482421875 182.3312530517578125 180.6374969482421875 179.149993896484375 172.6437530517578125 169.524993896484375 166.1062469482421875 166.100006103515625 160.899993896484375 158.0625 159.1374969482421875 160.90625 158.337493896484375 153.5875091552734375 148.9187469482421875 148.837493896484375 148.431243896484375 149.03125 147.3125 141.818756103515625 136.381256103515625 135.681243896484375 130.837493896484375 129.21875 132.0625 131.7687530517578125 130.90625
258.17498779296875 256.10626220703125 251.90625 245.03125 236.8874969482421875 228.649993896484375 222.7375030517578125 219.4562530517578125 215.78125 209.8625030517578125 202.475006103515625 193.462493896484375 188.3625030517578125 179.8125 175.006256103515625 170.9187469482421875 167.78125 163.5124969482421875 160.1437530517578125 159.1687469482421875 153.0812530517578125 150.493743896484375 148.274993896484375 147.556243896484375 144.806243896484375 140.743743896484375 146.443756103515625 148.0500030517578125 147.5812530517578125 144.899993896484375 141.2687530517578125 136.681243896484375 137.7624969482421875 141.1687469482421875 135.787506103515625 130.25 128.756256103515625 130.256256103515625 125.3625030517578125 124.4812469482421875 126.59375 127.3562469482421875 125.4499969482421875
239.5187530517578125 233.8562469482421875 233.118743896484375 230.475006103515625 220.4187469482421875 210.3562469482421875 203.443756103515625 202.993743896484375 202.306243896484375 197.7687530517578125 186.8249969482421875 177.8625030517578125 171.287506103515625 166.3000030517578125 159.681243896484375 153.6750030517578125 148.8562469482421875 144.8625030517578125 142.743743896484375 144.15625 139.15625 132.712493896484375 129.7937469482421875 130.6374969482421875 129.6437530517578125 127.58750152587890625 131.125 130.943756103515625 133.875 135.8874969482421875 133.381256103515625 128.9875030517578125 126.6687469482421875 125.3937530517578125 122.30625152587890625 124.22499847412109375 125.36875152587890625 122.21250152587890625 119.6687469482421875 118.33750152587890625 122.28125 124.9375 123.3937530517578125
245.8562469482421875 230.28125 212.5437469482421875 209.0625 205.9562530517578125 195.162506103515625 190.3125 188.7937469482421875 186.6750030517578125 180.875 174.78125 164.943756103515625 158.1750030517578125 152.0187530517578125 145.193756103515625 139.4562530517578125 133.90625 130.4375 125.2624969482421875 124.68125152587890625 121.8874969482421875 115.7937469482421875 112.00624847412109375 116.03749847412109375 115.0625 113.38124847412109375 115.65000152587890625 120.53125 123.44374847412109375 122.46250152587890625 122.1062469482421875 120.7062530517578125 121.07500457763671875 119.375 116.8625030517578125 115.03125 116.40625 116.6437530517578125 113.69374847412109375 114.13124847412109375 117.2375030517578125 117 118.55625152587890625
235.0812530517578125 226.375 211.3625030517578125 185.9875030517578125 185.9875030517578125 188.225006103515625 182.2937469482421875 177.600006103515625 176.806243896484375 170.2624969482421875 162.3125 154.15625 148.1750030517578125 138.8937530517578125 134.274993896484375 128.693756103515625 121.375 114.96875 111.125 110.31874847412109375 107.36875152587890625 103.40625 101.58750152587890625 101.6875 103.0625 103.05625152587890625 105.7312469482421875 109.9812469482421875 112.13124847412109375 111.86875152587890625 111.9375 113.8625030517578125 112.9812469482421875 113.78749847412109375 110.8000030517578125 110.875 108.15000152587890625 109.06874847412109375 110.4812469482421875 113.2937469482421875 112.1687469482421875 113.93125152587890625 113.8125
227.5187530517578125 219.625 206.375 190.725006103515625 177.618743896484375 167.625 166.6750030517578125 165.287506103515625 161.024993896484375 156.5625 150.9562530517578125 140.962493896484375 137.0500030517578125 129.7687530517578125 122.96250152587890625 118.4812469482421875 113.0500030517578125 103.69374847412109375 96.27500152587890625 96.47499847412109375 93.73749542236328125 90.3312530517578125 88.1125030517578125 90.36875152587890625 91.63124847412109375 93.8125 98.81874847412109375 100.2062530517578125 101.1750030517578125 104.2375030517578125 104.09375 103.00624847412109375 102.61875152587890625 105.2937469482421875 106.08750152587890625 105.16249847412109375 102.8625030517578125 102.8562469482421875 105.7062530517578125 109.59375 108.40625 107.6750030517578125 108.81874847412109375
223.5124969482421875 212.037506103515625 201.34375 189.9625091552734375 179.8000030517578125 175.068756103515625 162.8000030517578125 147.0749969482421875 140.2687530517578125 137 133.243743896484375 128.556243896484375 124.63124847412109375 117.96875 113.2687530517578125 108.44374847412109375 102.0500030517578125 93.3874969482421875 86.0812530517578125 81.2312469482421875 81.77500152587890625 80.75624847412109375 78.49375152587890625 80.61249542236328125 83.5187530517578125 83.6875 88.21250152587890625 89.0812530517578125 92.74375152587890625 93.4812469482421875 96.65625 96.28125 97.1750030517578125 97.61875152587890625 97.49375152587890625 95.78749847412109375 94.80625152587890625 95.61875152587890625 96.34999847412109375 97.6125030517578125 98.1687469482421875 99.3937530517578125 99.96875
217.681243896484375 207.28125 195.493743896484375 187.5812530517578125 180 171.21875 160.90625 149.84375 138.46875 127.44374847412109375 121.56874847412109375 115.5749969482421875 116.0812530517578125 109.93125152587890625 104.375 98.59375 93.53125 87.72499847412109375 83.53749847412109375 75.4375 72.8000030517578125 74 72.34375 75.59375 78 76.53125 78.77500152587890625 83.93125152587890625 88.0500030517578125 88.38124847412109375 92.2062530517578125 90.0437469482421875 87.2687530517578125 86.34999847412109375 87.3125 90.0437469482421875 91.80625152587890625 93.9812469482421875 93.22499847412109375 92.44374847412109375 92.1750030517578125 92.4250030517578125 93.4875030517578125
208.774993896484375 200.4250030517578125 191.6687469482421875 184.4187469482421875 177.181243896484375 170.962493896484375 160.412506103515625 149.65625 140.1437530517578125 131.818756103515625 121.34999847412109375 110.9562530517578125 108.9499969482421875 104.4375 98.5187530517578125 92.9375 85.59999847412109375 82.3937530517578125 78.7937469482421875 73.43125152587890625 70.46250152587890625 67.43125152587890625 64.8937530517578125 68.0437469482421875 69.72499847412109375 71.3249969482421875 73.47499847412109375 77.63124847412109375 80.3125 81.5749969482421875 83.96875 82.27500152587890625 81.63124847412109375 80.59375 80.40625 83.93125152587890625 86.8312530517578125 89.5812530517578125 89.5500030517578125 91.3312530517578125 92.875 91.50624847412109375 88.72499847412109375
204.1687469482421875 196.600006103515625 187.40625 181.8625030517578125 174.3874969482421875 168.3249969482421875 159.1062469482421875 145.2687530517578125 133.3562469482421875 125.5124969482421875 118.5187530517578125 110.4812469482421875 101.7687530517578125 98.50624847412109375 90.3625030517578125 83.8249969482421875 78.7062530517578125 75.7687530517578125 72.41249847412109375 70.46250152587890625 69.78125 66 61.0625 59.137500762939453125 63.762500762939453125 69.09375 71.77500152587890625 74.18125152587890625 74.10625457763671875 75.3874969482421875 76.75624847412109375 77.6687469482421875 77.8562469482421875 76.28749847412109375 77.27500152587890625 79.7624969482421875 82.84375 83.6062469482421875 87.9375 88.8125 88.19374847412109375 86.15000152587890625 85.63124847412109375
198.875 189.7375030517578125 181.743743896484375 177.162506103515625 171.306243896484375 165.600006103515625 158.037506103515625 145 131.399993896484375 120.03125 112.08750152587890625 106.625 95.9187469482421875 90.0812530517578125 85.625 77.86875152587890625 72.9499969482421875 70.21875 67.56874847412109375 66.89374542236328125 68.47499847412109375 65.8249969482421875 63.00624847412109375 60.012500762939453125 60.831249237060546875 60.86875152587890625 63.58750152587890625 67.4187469482421875 68.9812469482421875 69.83750152587890625 69.3625030517578125 70.375 71.6125030517578125 71.9812469482421875 74.0749969482421875 77.65000152587890625 79.47499847412109375 82.88124847412109375 82.1875 83.3249969482421875 82.31874847412109375 82.2062530517578125 78.09375
187.6750030517578125 182.0500030517578125 176.5437469482421875 169.8874969482421875 162.75 157.8562469482421875 149.118743896484375 136.068756103515625 124.15000152587890625 116.21250152587890625 109.56874847412109375 101.34999847412109375 94.3125 82.2062530517578125 75.4250030517578125 71.8125 67.3000030517578125 65.5187530517578125 63.40625 61.75624847412109375 62.049999237060546875 60.03125 58.75624847412109375 57.231250762939453125 55.16249847412109375 55.325000762939453125 58.47499847412109375 62.38124847412109375 64.4187469482421875 64.6875 64.2312469482421875 63.375 65.8874969482421875 67.03749847412109375 68.8937530517578125 72.90000152587890625 77.5187530517578125 82.75624847412109375 85.8249969482421875 83.2375030517578125 79.1437530517578125 76.90000152587890625 70.4187469482421875
178.6125030517578125 172.806243896484375 167.993743896484375 160.9499969482421875 153.2624969482421875 146.524993896484375 137.912506103515625 127.0187530517578125 119.91249847412109375 110.78749847412109375 103.9499969482421875 96.34375 86.9187469482421875 77.1437530517578125 66.3312530517578125 64.4499969482421875 59.956249237060546875 58.99375152587890625 56.643749237060546875 55.5625 55.21875 54.55625152587890625 53.68125152587890625 53.44374847412109375 51.950000762939453125 51.543750762939453125 53.53125 55.41249847412109375 57.15000152587890625 57.77500152587890625 59.96875 60.34375 60.700000762939453125 61.875 64.0812530517578125 70.4187469482421875 77.97499847412109375 85.94374847412109375 90.96250152587890625 87.8000030517578125 76.6374969482421875 69.78125 69.50624847412109375
171.8625030517578125 164 157.568756103515625 151.818756103515625 142.993743896484375 135.3312530517578125 130.212493896484375 120.08750152587890625 112.0812530517578125 103.7937469482421875 97.0500030517578125 88.61875152587890625 80.7624969482421875 72.7375030517578125 60.43125152587890625 56.643749237060546875 53.24375152587890625 52.13124847412109375 50.549999237060546875 50.0625 50.831249237060546875 50.19374847412109375 49.65625 51.03125 51.46875 51.88124847412109375 53.4375 54.27500152587890625 56.231250762939453125 57.52500152587890625 56.90625 58.05625152587890625 60.74375152587890625 60.825000762939453125 59.987499237060546875 65.1374969482421875 76.47499847412109375 88.875 95.0625 91.36875152587890625 84.9499969482421875 79.8937530517578125 83.8312530517578125
161.3562469482421875 154.225006103515625 148.75 141.3874969482421875 133.931243896484375 129.15625 120.3312530517578125 111.4375 104.55625152587890625 98.6750030517578125 91.15000152587890625 83.34375 75.97499847412109375 68.25624847412109375 58.18125152587890625 47.55625152587890625 45.97499847412109375 46.081249237060546875 44.575000762939453125 44.59375 45.106250762939453125 45.825000762939453125 46.387500762939453125 50.1875 51.737499237060546875 52.03749847412109375 52.34999847412109375 51.83750152587890625 53.78125 55.4375 58.46250152587890625 57.34375 56.78125 56.081249237060546875 56.06874847412109375 66.53749847412109375 76.4250030517578125 87.5625 96.41249847412109375 100.31874847412109375 98.90625 94.3625030517578125 90.96875
151.4875030517578125 145.006256103515625 140.399993896484375 134.6875 128.3937530517578125 120.4187469482421875 113.78749847412109375 105.6687469482421875 99.3625030517578125 93.7937469482421875 87.16249847412109375 78.59375 70.4375 64.03749847412109375 58.325000762939453125 49.96250152587890625 42.22499847412109375 40.16249847412109375 41.0625 40.862499237060546875 41.18125152587890625 42.25624847412109375 44.387500762939453125 49.40625 52.75 49.91249847412109375 48.15000152587890625 47.90625 50.799999237060546875 54.125 57.543750762939453125 60.1875 59.30625152587890625 59.106250762939453125 65.4375 72.6125030517578125 84.4875030517578125 99.5500030517578125 111.5812530517578125 107.30625152587890625 103.49375152587890625 96.625 88.6687469482421875
141.9499969482421875 137.7937469482421875 131.8000030517578125 127.40000152587890625 121.0187530517578125 112.08750152587890625 104.8937530517578125 98.3000030517578125 92.6062469482421875 85.21875 79.55625152587890625 73.8562469482421875 66.69374847412109375 60.80625152587890625 56.643749237060546875 51.16249847412109375 44.168750762939453125 36.950000762939453125 38.47499847412109375 37.956249237060546875 38.1875 39.03125 42.456249237060546875 46.83750152587890625 49.512500762939453125 46.762500762939453125 44.78749847412109375 45.575000762939453125 48.96250152587890625 51.1875 51.93125152587890625 53.91249847412109375 63.118747711181640625 67.4499969482421875 68.75 79.375 93.69374847412109375 104.5437469482421875 111.91249847412109375 109.59375 99.9562530517578125 93.0749969482421875 85.69374847412109375
133.087493896484375 129.1999969482421875 122.1437530517578125 116.8000030517578125 112.09375 104.90625 96.75624847412109375 91.375 86.93125152587890625 80.58750152587890625 75.2062530517578125 68.28125 62.65000152587890625 58.46250152587890625 52.80625152587890625 49.106250762939453125 44.331249237060546875 38.674999237060546875 34.65000152587890625 33.543750762939453125 35.46250152587890625 39.081249237060546875 35.77500152587890625 40.4375 43.362499237060546875 44.34375 44.143749237060546875 44.206249237060546875 47.71250152587890625 50.78125 52.893749237060546875 56.293750762939453125 63.28125 65.9875030517578125 69.4187469482421875 78.4875030517578125 87.15625 94.8249969482421875 101.7375030517578125 97.9875030517578125 93.5 86.02500152587890625 80.9562530517578125
