data/historical-monthly-weather-data/wc2.1_cruts4.09_10m_prec_1962-08.asc
ncols        45
nrows        45
xllcorner    -63.500000000000
yllcorner    -7.500000000000
cellsize     0.166666666667
NODATA_value -9999
[rows 0 to 18 of 45, columns 0 to 42 of 45]
82.43125152587890625 78.46250152587890625 79.02500152587890625 82.43125152587890625 86.83750152587890625 94.7062530517578125 100.47499847412109375 107.5124969482421875 114.8625030517578125 120.9875030517578125 123.4375 127.84999847412109375 133.7312469482421875 136.881256103515625 141.056243896484375 142 144.600006103515625 145.7062530517578125 146.212493896484375 149.96875 150.256256103515625 148.1437530517578125 146.15625 143.6687469482421875 139.71875 136.0500030517578125 135.2375030517578125 136.056243896484375 130.6687469482421875 129.46875 123.9375 122.7687530517578125 122.28749847412109375 119.34999847412109375 118.0124969482421875 117.84999847412109375 116.3937530517578125 116.4250030517578125 116.86875152587890625 116.1437530517578125 116.05625152587890625 117.4187469482421875 116.09375
79.6999969482421875 74.375 75.41875457763671875 77.7062530517578125 81.36875152587890625 87.47499847412109375 91.1374969482421875 96.8312530517578125 104.03125 109.78125 113.34375 118.7624969482421875 122.0500030517578125 124.03125 127.34999847412109375 131.350006103515625 132.84375 134.6875 137.1125030517578125 140.493743896484375 140.28125 137.8874969482421875 135.931243896484375 134.931243896484375 131.181243896484375 126.88124847412109375 128.5812530517578125 128.2062530517578125 123.8312530517578125 121.5124969482421875 119.5437469482421875 117.7624969482421875 117.3625030517578125 117.2937469482421875 115.7937469482421875 114.71250152587890625 111.3562469482421875 113.06874847412109375 112.3125 111.55625152587890625 113.9812469482421875 114.00624847412109375 114.68125152587890625
80.6687469482421875 77.4875030517578125 78.61875152587890625 80.9375 83.5437469482421875 87.31874847412109375 90.13124847412109375 93.44374847412109375 97.9187469482421875 101.78749847412109375 105.6999969482421875 110.15000152587890625 112.46875 112.68125152587890625 115.4499969482421875 118.6750030517578125 121.05625152587890625 122.28749847412109375 123.8937530517578125 124.71875 125.75 125.9250030517578125 124.5625 125.00624847412109375 120.88124847412109375 118.7312469482421875 121.74375152587890625 120.0500030517578125 116.43125152587890625 115.44374847412109375 112.33750152587890625 110.8874969482421875 110.81874847412109375 111.65000152587890625 109.25 105.6437530517578125 104.1062469482421875 105.18125152587890625 103.875 104.7062530517578125 108.28749847412109375 109.3874969482421875 111.7937469482421875
82.06874847412109375 78.84999847412109375 80.8249969482421875 83.1437530517578125 84.125 85.80625152587890625 87.4187469482421875 89.1125030517578125 93.53749847412109375 95.99375152587890625 97.2937469482421875 99.56874847412109375 101.61875152587890625 101.5500030517578125 104.03125 106.63124847412109375 109.44374847412109375 110.5500030517578125 111.59999847412109375 114.83750152587890625 114.9812469482421875 113.83750152587890625 112.49375152587890625 113.7687530517578125 111.6062469482421875 110 112.375 109.08750152587890625 106.9812469482421875 106.7062530517578125 104.7937469482421875 102.40625 100.69374847412109375 99.875 98.5187530517578125 96.9562530517578125 97.88124847412109375 97.56874847412109375 95.30625152587890625 97.6875 99.875 103.61875152587890625 106.05625152587890625
90.8312530517578125 85.77500152587890625 82.3874969482421875 82.52500152587890625 84.24375152587890625 84.21250152587890625 83.71875 85.66249847412109375 89.7687530517578125 91.0437469482421875 90.2375030517578125 90.97499847412109375 92.06874847412109375 92.44374847412109375 94.19374847412109375 96.93125152587890625 98.6125030517578125 98.46250152587890625 98.8249969482421875 102.00624847412109375 104.5124969482421875 102.21875 101.81874847412109375 105.0124969482421875 102.53125 100.96875 101.11875152587890625 101.58750152587890625 100.04375457763671875 97.5749969482421875 97.99375152587890625 95.11875152587890625 94.3249969482421875 93.9812469482421875 92.65000152587890625 89.8562469482421875 88.96250152587890625 88.7937469482421875 86.84999847412109375 87.6875 92.1875 95.81874847412109375 100.6875
97.10625457763671875 92.24375152587890625 87.46875 82.25624847412109375 83.3562469482421875 86.46250152587890625 86.38124847412109375 86.27500152587890625 89.7375030517578125 90.0437469482421875 87.02500152587890625 86.96875 88 88.2062530517578125 88.97499847412109375 90.96875 90.9562530517578125 89.1374969482421875 89.7624969482421875 91.9187469482421875 94.52500152587890625 94.9375 95.5500030517578125 95.34375 95.53749847412109375 95.21875 95.3562469482421875 94.96250152587890625 94.28749847412109375 90.90000152587890625 90.625 89.6750030517578125 87.0187530517578125 86.38124847412109375 83.4250030517578125 82.2312469482421875 80 77.88124847412109375 77.38124847412109375 79.53125 81.625 85.94374847412109375 90.83750152587890625
103.7312469482421875 100.09375 95.3125 90.28125 87.9375 86.88124847412109375 85.875 85.0812530517578125 83.8125 83.7375030517578125 82.3249969482421875 82.78749847412109375 84.59999847412109375 84.65625 85.5187530517578125 86.3937530517578125 85.5625 83.4812469482421875 82.13124847412109375 84.0187530517578125 86.1062469482421875 87.88124847412109375 89.1374969482421875 90.06874847412109375 90.15625 90.6999969482421875 90.41249847412109375 89.1999969482421875 86.56874847412109375 85.5 83.9375 81.75624847412109375 80.1750030517578125 78.68125152587890625 75.9499969482421875 73.4875030517578125 70.2937469482421875 68.3249969482421875 68.5812530517578125 70.53749847412109375 72.13124847412109375 75.9562530517578125 81.2687530517578125
110.59999847412109375 106.0500030517578125 102.88124847412109375 98.6875 96.71875 94.9250030517578125 88.8874969482421875 80.40625 75.8937530517578125 75.65000152587890625 77.7624969482421875 78.96250152587890625 80.36875152587890625 80.86875152587890625 81.6125030517578125 81.49375152587890625 80.7375030517578125 78.0749969482421875 75.74375152587890625 76.00624847412109375 79.3125 81.8625030517578125 82.75 83.65000152587890625 85.5124969482421875 85.16249847412109375 84.15000152587890625 83.3000030517578125 81.5 78.30625152587890625 78.06874847412109375 75.61875152587890625 72.55625152587890625 71.11875152587890625 67.0500030517578125 64.05625152587890625 60.93125152587890625 58.43125152587890625 57.84375 58.625 60.512500762939453125 64.43125152587890625 68.9812469482421875
116.25624847412109375 111.99375152587890625 109.47499847412109375 104.33750152587890625 101.21875 97.58750152587890625 92.1374969482421875 84.59999847412109375 76.41875457763671875 72.43125152587890625 73.7062530517578125 75.38124847412109375 79.00624847412109375 79.53749847412109375 79.06874847412109375 77.83750152587890625 77.5 75.5 74.9562530517578125 73.41249847412109375 75.71875 78.7624969482421875 79.43125152587890625 82.56874847412109375 83.5124969482421875 81.8625030517578125 79.01250457763671875 79.0437469482421875 77.375 74.21250152587890625 73.61875152587890625 69.68125152587890625 65.40000152587890625 61.61875152587890625 58.40000152587890625 56.59999847412109375 54.137500762939453125 51.862499237060546875 50.606250762939453125 50.81874847412109375 51.65625 53.674999237060546875 56.331249237060546875
120.5749969482421875 116.6875 113.2624969482421875 109.4375 106.1062469482421875 101.93125152587890625 97.96250152587890625 90.0124969482421875 82.53125 79.4562530517578125 77.7312469482421875 76.5187530517578125 79.28125 80.06874847412109375 77.46875 75.4812469482421875 73.3562469482421875 72.97499847412109375 72.59375 72.34375 74.5124969482421875 75.91249847412109375 76.25 78.99375152587890625 79.28125 77.52500152587890625 74.94374847412109375 73.9375 71.18125152587890625 67.91249847412109375 65.3562469482421875 62.168750762939453125 59.53125 56.700000762939453125 54.018749237060546875 51.61875152587890625 48.4375 45.637500762939453125 44.831249237060546875 44.518749237060546875 44.375 44.918750762939453125 45.90625
126.83750152587890625 122.6437530517578125 117.6374969482421875 113.21250152587890625 110.59999847412109375 108.09999847412109375 103.6125030517578125 94.1750030517578125 87.44374847412109375 83.08750152587890625 81.78125 80.3625030517578125 80.24375152587890625 79.5437469482421875 75.03125 71.3125 68.9250030517578125 69.44374847412109375 69.41249847412109375 70.4187469482421875 74.74375152587890625 76.0812530517578125 75.83750152587890625 75.6750030517578125 77.4562530517578125 75.9562530517578125 73.3937530517578125 70.7062530517578125 66.1999969482421875 61.950000762939453125 60.237499237060546875 57.43125152587890625 55.668750762939453125 53.00624847412109375 49.337497711181640625 46.22499847412109375 42.91249847412109375 40.5 39.08750152587890625 38.02500152587890625 37.06874847412109375 37.21250152587890625 38.112499237060546875
130.181243896484375 126.25624847412109375 121.1999969482421875 117.56874847412109375 115.25 112.91249847412109375 109.30625152587890625 101 93.55625152587890625 88.34375 85.7687530517578125 83.22499847412109375 80.33750152587890625 76.9812469482421875 74.7375030517578125 70.83750152587890625 67.7624969482421875 67.19374847412109375 68.0500030517578125 70.28749847412109375 74.74375152587890625 76.25 76.30625152587890625 76.43125152587890625 75.90000152587890625 70.53749847412109375 67.4562530517578125 65.34999847412109375 61.55625152587890625 58.08750152587890625 55.612499237060546875 54.137500762939453125 51.174999237060546875 48.44374847412109375 45.887500762939453125 43.59999847412109375 40.59999847412109375 37.700000762939453125 35.106250762939453125 32.83750152587890625 31.712499618530273438 31.674999237060546875 31.818750381469726562
132.0500030517578125 126.55625152587890625 122.3312530517578125 117.59375 116.25 113.30625152587890625 107.8000030517578125 101.71250152587890625 94.88124847412109375 90.59999847412109375 87.9187469482421875 84.8625030517578125 80.02500152587890625 74.1125030517578125 70.24375152587890625 67.55625152587890625 64.31874847412109375 64.91249847412109375 65.59999847412109375 66.6437530517578125 71.3625030517578125 73.24375152587890625 73.61249542236328125 71.4375 66.97499847412109375 62.65625 61.77500152587890625 60.231250762939453125 58.706249237060546875 55.71250152587890625 52.768749237060546875 50.49375152587890625 48.61875152587890625 44.737499237060546875 42.65000152587890625 41.450000762939453125 40.200000762939453125 37.049999237060546875 34.65625 30.850000381469726562 27.356250762939453125 27.831249237060546875 27.40625
132.4562530517578125 125.4812469482421875 120.5 117.40625 114.7375030517578125 110.93125152587890625 106.03749847412109375 101.80625152587890625 95.43125152587890625 91.50624847412109375 87.7375030517578125 82.50624847412109375 77.6687469482421875 71.71875 64.80625152587890625 63.200000762939453125 60.99375152587890625 61.3125 60.19374847412109375 60.59999847412109375 64.8562469482421875 66.56874847412109375 66.90625 65.69374847412109375 62.65000152587890625 59.80625152587890625 58.68125152587890625 57.5 55.99375152587890625 53.762500762939453125 51.59999847412109375 48.34999847412109375 46.03749847412109375 42.875 41.731250762939453125 41.731250762939453125 40.80625152587890625 39.47499847412109375 37.21250152587890625 32.331249237060546875 25.875 23.975000381469726562 24.700000762939453125
130.381256103515625 124.82500457763671875 118.9250030517578125 114.4499969482421875 112.19374847412109375 108.4250030517578125 103.78125 98.8249969482421875 93.00624847412109375 89.4250030517578125 84.4499969482421875 80.0625 75.06874847412109375 68.4562530517578125 61.637500762939453125 58.168750762939453125 56.24375152587890625 55.543750762939453125 55.05625152587890625 55.78125 59.4375 61.418750762939453125 62.356250762939453125 62.93125152587890625 62.13124847412109375 60.924999237060546875 58.94374847412109375 56.881252288818359375 54.512500762939453125 52.049999237060546875 49.237499237060546875 46.91249847412109375 44.831249237060546875 42.75 40.99375152587890625 41.43125152587890625 42.081249237060546875 43.81874847412109375 42.5625 36.5 31.549999237060546875 29.15625 29.46875
126.15000152587890625 121.46250152587890625 116.80625152587890625 112.47499847412109375 109.0625 106.49375152587890625 102.41249847412109375 96.1687469482421875 91.1062469482421875 87.09375 82.4250030517578125 76.91249847412109375 71.1687469482421875 65.05625152587890625 59.02500152587890625 53.125 51.125 50.637500762939453125 50.081249237060546875 51.106250762939453125 54.15625 56.862499237060546875 59.63124847412109375 62.200000762939453125 62.8125 61.6875 59.59999847412109375 56.375 53.418750762939453125 51.268749237060546875 49.27500152587890625 46.84375 44.05625152587890625 42.03749847412109375 41.02500152587890625 44.268749237060546875 46.18125152587890625 47.793750762939453125 47.5625 43.956249237060546875 40.09375 36.61875152587890625 33.737499237060546875
124.53749847412109375 120.1062469482421875 114.81874847412109375 110.96875 106.22499847412109375 104.28749847412109375 101.3249969482421875 96.34375 90.0187530517578125 86.22499847412109375 81.72499847412109375 74.9187469482421875 68.96250152587890625 62.78125 56.75 51.09375 45.918750762939453125 44.81874847412109375 45.549999237060546875 47.012500762939453125 48.80625152587890625 52.44374847412109375 56.80625152587890625 62.06874847412109375 64.46250152587890625 62.799999237060546875 58.83750152587890625 55.52500152587890625 51.68125152587890625 49.125 48.21250152587890625 47.58750152587890625 46.00624847412109375 44.5 47.93125152587890625 50.862499237060546875 52.61875152587890625 55.72499847412109375 57.03749847412109375 51.06874847412109375 45.293750762939453125 39.84999847412109375 35.06874847412109375
120.05625152587890625 116.875 112.6875 109.69374847412109375 105.30625152587890625 103.625 99.05625152587890625 94.7375030517578125 89.13124847412109375 84.71250152587890625 80.3125 74.25 66.91249847412109375 60.231250762939453125 54.52500152587890625 48.887500762939453125 43.78749847412109375 40.106250762939453125 41.799999237060546875 42.25 44.63124847412109375 48.075000762939453125 53.28125 58.61875152587890625 62.71875 62.168750762939453125 59.299999237060546875 55.481250762939453125 50.8125 47.543750762939453125 44.450000762939453125 43.231250762939453125 47.50624847412109375 51.706249237060546875 53.524997711181640625 57.24375152587890625 60.168750762939453125 61.34999847412109375 59.606250762939453125 54.5625 46.200000762939453125 40.981250762939453125 36.375
115.44374847412109375 112.8249969482421875 109.83750152587890625 107.50624847412109375 104.8562469482421875 102.1374969482421875 98.59375 93.97499847412109375 90.5625 86.8625030517578125 81.78749847412109375 73.09999847412109375 66.09999847412109375 59.793750762939453125 52.875 48.09375 42.8125 38.331249237060546875 37.47499847412109375 38.637500762939453125 42.987499237060546875 50.4375 48.075000762939453125 53.69374847412109375 57.950000762939453125 60.69374847412109375 59.27500152587890625 54.96875 51.65625 46.3125 42.71875 44.200000762939453125 49.8125 53.106250762939453125 56.075000762939453125 59.575000762939453125 60.02500152587890625 58.36875152587890625 57.00624847412109375 51.69374847412109375 45.81874847412109375 40.94374847412109375 36.61875152587890625
