data/historical-monthly-weather-data/wc2.1_cruts4.09_10m_prec_1974-06.asc
ncols        45
nrows        45
xllcorner    -63.500000000000
yllcorner    -7.500000000000
cellsize     0.166666666667
NODATA_value -9999
[rows 0 to 18 of 45, columns 0 to 42 of 45]
420.48748779296875 415.36248779296875 406.287506103515625 409.649993896484375 406.8125 405.5 396.0625 384.506256103515625 367.70623779296875 363.806243896484375 362.98748779296875 357.60626220703125 352.806243896484375 343.868743896484375 333.65625 325.48126220703125 314.587493896484375 303.337493896484375 291.837493896484375 284.36248779296875 283.51251220703125 274.256256103515625 267.149993896484375 259.28125 253.875 250.225006103515625 252.21875 256.79376220703125 254.5749969482421875 254.34375 248.818756103515625 250.1125030517578125 254.587493896484375 253.899993896484375 253.881256103515625 254.7624969482421875 254.837493896484375 256.95001220703125 253.850006103515625 253.6875 257.41876220703125 267 267.118743896484375
418.868743896484375 414.73126220703125 416.243743896484375 418.33123779296875 423.524993896484375 423.38751220703125 414.818756103515625 403.58123779296875 396.73126220703125 392.59375 388.087493896484375 379.625 364.64373779296875 352.61248779296875 338.875 327.36248779296875 313.01251220703125 298.20001220703125 285.850006103515625 279.625 277.337493896484375 269.625 265.125 259.08123779296875 252.5187530517578125 246.5812530517578125 247.5124969482421875 247.6750030517578125 244.8937530517578125 239.9562530517578125 238.631256103515625 244.193756103515625 245.212493896484375 245.7312469482421875 246.7937469482421875 243.46875 244.5625 244.8125 242.25 242.818756103515625 249.4875030517578125 247.462493896484375 254.743743896484375
405.15625 412.4375 414.774993896484375 411.63751220703125 419.243743896484375 425.993743896484375 424.399993896484375 427.125 423.10626220703125 419.225006103515625 410.98126220703125 395.75 381.54376220703125 359.881256103515625 341.975006103515625 327.125 309.056243896484375 294.91876220703125 283.524993896484375 275.462493896484375 274.274993896484375 273.13751220703125 268.11248779296875 266.11248779296875 255.256256103515625 246.9875030517578125 250.40625 246.381256103515625 238.412506103515625 239.0437469482421875 234.962493896484375 235.5812530517578125 235.6374969482421875 237.7687530517578125 235.787506103515625 227.618743896484375 230.881256103515625 234.5187530517578125 233.0812530517578125 234.568756103515625 243.1687469482421875 244.1374969482421875 247.493743896484375
388.493743896484375 388.38751220703125 399.493743896484375 405.375 409.07501220703125 418.4375 428.149993896484375 437.09375 441.850006103515625 442.600006103515625 430.274993896484375 409.0625 387.32501220703125 363.14373779296875 344.23126220703125 326.756256103515625 303.600006103515625 291.368743896484375 280.625 281.15625 278.14373779296875 270.9375 268.412506103515625 268.20001220703125 256.506256103515625 247.9187469482421875 246.40625 238.162506103515625 233.181243896484375 233.78125 231.5749969482421875 228.2687530517578125 227.681243896484375 223.9499969482421875 221.993743896484375 225.4375 229.0749969482421875 229.162506103515625 227.149993896484375 228.71875 235.1624908447265625 241.2375030517578125 243.4875030517578125
401.556243896484375 396.1875 383.48126220703125 393.256256103515625 408.431243896484375 413.98126220703125 427.14373779296875 447.08123779296875 462.662506103515625 466.84375 453.287506103515625 416.681243896484375 392.71875 369.04376220703125 343.82501220703125 323.45623779296875 302.568756103515625 284.33123779296875 273.712493896484375 272.381256103515625 269.524993896484375 267.51873779296875 266.774993896484375 264.662506103515625 253.1062469482421875 245.712493896484375 239.649993896484375 236.7062530517578125 231.024993896484375 226.162506103515625 226.806243896484375 225.993743896484375 222.681243896484375 220.8499908447265625 222.274993896484375 220.0124969482421875 222.3625030517578125 225.6437530517578125 221.8937530517578125 220.6687469482421875 227.3625030517578125 232.6750030517578125 236.6750030517578125
391.38751220703125 392.806243896484375 382.818756103515625 366.45623779296875 386.70623779296875 409.756256103515625 418.63751220703125 433.91876220703125 456.32501220703125 464.443756103515625 443.006256103515625 408.71875 386.006256103515625 363.10626220703125 335.46875 315.537506103515625 293.95623779296875 278.04376220703125 272.83123779296875 269.71875 270.318756103515625 266.962493896484375 264.193756103515625 255.587493896484375 249.21875 242.9562530517578125 234.2062530517578125 230.8562469482421875 225.7312469482421875 220.9812469482421875 223.7312469482421875 222.993743896484375 222.7375030517578125 218.4250030517578125 213.5812530517578125 218.28125 215.806243896484375 210.2312469482421875 211.568756103515625 217.506256103515625 218.9187469482421875 225.875 226.96875
390.20623779296875 386.65625 378.774993896484375 370.09375 364.962493896484375 371.131256103515625 380.41876220703125 405.03125 413.42498779296875 421.068756103515625 412.074981689453125 386.725006103515625 371.462493896484375 354.412506103515625 330.04998779296875 309.600006103515625 292.60626220703125 279.0625 268.70623779296875 267.993743896484375 261.21875 258.699981689453125 254.068756103515625 249.625 248.631256103515625 242.118743896484375 232.3000030517578125 225.681243896484375 220.087493896484375 223.368743896484375 219.5812530517578125 214.78125 212.006256103515625 212.3000030517578125 213.806243896484375 211.368743896484375 203.2375030517578125 200.6875 200.4812469482421875 206.8937530517578125 207.8000030517578125 212.212493896484375 216.881256103515625
384.131256103515625 372.756256103515625 366.53125 368.51251220703125 364.649993896484375 375.318756103515625 365.975006103515625 358.524993896484375 351.92498779296875 365.71875 371.92498779296875 362.26251220703125 353.618743896484375 339.287506103515625 324.931243896484375 306.881256103515625 286.5625 276.131256103515625 266.556243896484375 258.08123779296875 265.037506103515625 258.04998779296875 251.118743896484375 245.5812530517578125 244.2312469482421875 234.8874969482421875 226.7687530517578125 220.03125 214.631256103515625 212.09375 216.931243896484375 211.1999969482421875 208.975006103515625 206.568756103515625 201.225006103515625 197 192.5749969482421875 189.350006103515625 184.6125030517578125 184.9250030517578125 188.34375 196.6750030517578125 196.5124969482421875
373.056243896484375 365.73126220703125 355.631256103515625 353.5 353.318756103515625 354.10626220703125 358.28125 357.806243896484375 338.118743896484375 327.381256103515625 328.912506103515625 327.70001220703125 331.32501220703125 322.16876220703125 312.943756103515625 297.15625 290.33123779296875 284.3125 277.787506103515625 264.85626220703125 253.6062469482421875 257.70623779296875 244.368743896484375 246.15625 238.693756103515625 230.943756103515625 223 218.868743896484375 218.243743896484375 213.8125 218.1062469482421875 203 192.100006103515625 187.21875 187.28125 189.8312530517578125 188.4375 187.318756103515625 182.28125 177.6062469482421875 175.649993896484375 175.3874969482421875 182.875
362.618743896484375 356.875 348.45001220703125 345.899993896484375 344.375 342.95001220703125 344.368743896484375 337.912506103515625 331.76873779296875 323.875 314.899993896484375 298.912506103515625 306.0625 304.193756103515625 301.54376220703125 295.475006103515625 287.5 291.23748779296875 286.23126220703125 279.125 262.212493896484375 252.837493896484375 237.037506103515625 234.78125 225.975006103515625 223.5812530517578125 217.368743896484375 211.3625030517578125 206.53125 207.25 207.28125 196.4812469482421875 190.399993896484375 185.993743896484375 180.568756103515625 179.9250030517578125 180.7937469482421875 181.787506103515625 179.149993896484375 180.287506103515625 180.649993896484375 179.59375 172.774993896484375
356.84375 348.29998779296875 339.787506103515625 334.82501220703125 329.79376220703125 332.399993896484375 325.618743896484375 319.600006103515625 317.837493896484375 314.024993896484375 309.375 295.712493896484375 286.21875 286.91876220703125 286.568756103515625 286.48126220703125 283.66876220703125 281.381256103515625 283.39373779296875 286.48126220703125 285 267.006256103515625 240.537506103515625 215.0124969482421875 215.875 224.9187469482421875 220.9375 210.631256103515625 201.056243896484375 198.350006103515625 196.4875030517578125 189.100006103515625 185.1687469482421875 181.59375 177.475006103515625 172.662506103515625 173.056243896484375 171.4875030517578125 175.78125 174.537506103515625 173.287506103515625 168.975006103515625 166.4187469482421875
342.618743896484375 336.20623779296875 333.07501220703125 323.60626220703125 319.85626220703125 316.306243896484375 317.568756103515625 314.20623779296875 310.65625 298.3125 297.98126220703125 290.743743896484375 271.850006103515625 273.46875 281.76873779296875 280.756256103515625 278.39373779296875 278.881256103515625 284.149993896484375 298.125 298.399993896484375 283.131256103515625 253.6750030517578125 220.5749969482421875 212.3937530517578125 210.6374969482421875 203.2687530517578125 198.256256103515625 194.412506103515625 188.8249969482421875 178.912506103515625 176.5187530517578125 174.2937469482421875 168.1062469482421875 167.8125 169.037506103515625 171.8000030517578125 171.71875 167.1750030517578125 170.6437530517578125 170.09375 164.375 150.3125
335.04376220703125 326.899993896484375 321.162506103515625 312.34375 310.350006103515625 303.643768310546875 301.993743896484375 299.32501220703125 291.587493896484375 284.725006103515625 282.09375 280.712493896484375 274.006256103515625 258.51251220703125 260.774993896484375 265.92498779296875 266.84375 271.59375 268.162506103515625 279.39373779296875 285.53125 272.76873779296875 251.34375 224.2437591552734375 202.1125030517578125 196.5437469482421875 194.3312530517578125 191.0437469482421875 188.881256103515625 186.0749969482421875 174.337493896484375 164.9562530517578125 166.2312469482421875 158.4499969482421875 157.4187469482421875 160.9812469482421875 168.243743896484375 171.46875 177.662506103515625 175.306243896484375 166.587493896484375 158.087493896484375 137.037506103515625
324.57501220703125 317.39373779296875 309.71875 302.318756103515625 295 290.86248779296875 285.76251220703125 285.287506103515625 280.95001220703125 271.837493896484375 267.681243896484375 262.524993896484375 261.212493896484375 254.274993896484375 239.943756103515625 249.7375030517578125 249.506256103515625 250.256256103515625 251.087493896484375 259.149993896484375 262.70001220703125 252.568756103515625 236.681243896484375 221.125 205.868743896484375 193.399993896484375 185.0437469482421875 178.53125 175.1437530517578125 171.006256103515625 166.5812530517578125 159.5749969482421875 156.9562530517578125 155.306243896484375 150.28125 160.1687469482421875 171.868743896484375 180.3000030517578125 186.6437530517578125 180.1687469482421875 156.662506103515625 141.3874969482421875 135.3125
308.631256103515625 302.506256103515625 298.6875 293.64373779296875 285.79376220703125 280.96875 277.96875 273.95001220703125 268.743743896484375 262.193756103515625 255.6374969482421875 252.431243896484375 250.25 241.34375 223.9875030517578125 229.881256103515625 231.725006103515625 237.53125 233.162506103515625 237.881256103515625 243.4124908447265625 236.8812408447265625 229.412506103515625 219.6999969482421875 213.0437469482421875 202.225006103515625 193.3125 184.162506103515625 180.837493896484375 169.6125030517578125 157.8000030517578125 153.9187469482421875 157.5187530517578125 149.8874969482421875 140.412506103515625 142.53125 162.5749969482421875 181.9875030517578125 183.524993896484375 171.2687530517578125 157.9875030517578125 151.25 151.537506103515625
297.26873779296875 288.449981689453125 285.04998779296875 277.524993896484375 275.54376220703125 272.068756103515625 266.962493896484375 260.8125 259.63751220703125 258.600006103515625 251.899993896484375 247.4812469482421875 245.306243896484375 237.3625030517578125 223.0437469482421875 204.1750030517578125 210.90625 221.149993896484375 217.78125 221.3000030517578125 224.5500030517578125 222.693756103515625 221.993743896484375 219.9562530517578125 214.4562530517578125 204.725006103515625 192.412506103515625 185.006256103515625 178.0187530517578125 173.818756103515625 164.3125 153.90625 144.0250091552734375 134.568756103515625 126.6437530517578125 145.7062530517578125 153.71875 165.6750030517578125 172.1875 170.931243896484375 166.09375 162.068756103515625 153.5
283.71875 277.65625 271.01873779296875 268.818756103515625 266.287506103515625 264.14373779296875 258.912506103515625 254.7062530517578125 247.96875 244.568756103515625 243.399993896484375 241.8249969482421875 235.868743896484375 228.75 223.212493896484375 206.6062469482421875 186.6750030517578125 194.3937530517578125 200.662506103515625 202.40625 203.100006103515625 207.46875 209.068756103515625 215.3874969482421875 210.625 194.993743896484375 183.600006103515625 175.5812530517578125 174.8249969482421875 171.943756103515625 166.6999969482421875 160.006256103515625 149.9375 145.631256103515625 151.2687530517578125 156.618743896484375 166.75 174.318756103515625 178.0437469482421875 165.25 159.3249969482421875 152.2687530517578125 140.8249969482421875
268.76873779296875 264.493743896484375 263.35626220703125 261.57501220703125 260.212493896484375 261.23126220703125 254.96875 249.7624969482421875 243.0625 235.0625 230.274993896484375 232.3249969482421875 224.96875 219.4812469482421875 217.274993896484375 206.28125 187.493743896484375 169.65625 187.21875 183.1125030517578125 183.912506103515625 188.493743896484375 197.556243896484375 201.9187469482421875 202.0124969482421875 187.1687469482421875 172.84375 172.337493896484375 170.1937408447265625 163.6062469482421875 151.131256103515625 140.5124969482421875 155.75 156.7062530517578125 156.5124969482421875 178.181243896484375 184.412506103515625 175.9875030517578125 171.8312530517578125 162.524993896484375 143.931243896484375 133.84375 125.1374969482421875
255.7062530517578125 255.25 254.625 254.7062530517578125 255.1125030517578125 252.4562530517578125 248.131256103515625 242.5437469482421875 238.306243896484375 233.131256103515625 226.1875 216.7937469482421875 211.40625 208.8625030517578125 202.9812469482421875 195.71875 190.243743896484375 169.024993896484375 160.756256103515625 160.6125030517578125 168.5437469482421875 179.8000030517578125 170.9250030517578125 180.693756103515625 181.34375 182.1999969482421875 175.037506103515625 165.2687530517578125 166.3125 159.28125 149.4250030517578125 146.1687469482421875 152.1750030517578125 150.8125 156.2624969482421875 170.0812530517578125 169.03125 159.875 156.024993896484375 143.993743896484375 129.0812530517578125 116.19374847412109375 111.6999969482421875
