data/historical-monthly-weather-data/wc2.1_cruts4.09_10m_prec_2005-03.asc
ncols        51
nrows        45
xllcorner    -63.500000000000
yllcorner    -7.500000000000
cellsize     0.166666666667
NODATA_value -9999
[rows 0 to 19 of 45, columns 0 to 44 of 51]
220.7375030517578125 217.8000030517578125 211.375 210.6374969482421875 207.53125 203.3562469482421875 195.5812530517578125 187.662506103515625 180.243743896484375 176.2687530517578125 175.9250030517578125 177.2375030517578125 178.90625 178.306243896484375 179.4875030517578125 180.712493896484375 184.15625 184.412506103515625 187.149993896484375 189.5124969482421875 192.6062469482421875 194.7375030517578125 197.6750030517578125 199.3562469482421875 203.09375 207 212.3625030517578125 221.0749969482421875 228.9250030517578125 233.3874969482421875 241.618743896484375 247.306243896484375 253.7437591552734375 262.287506103515625 270.14373779296875 277.243743896484375 283.01251220703125 289.26873779296875 296.26251220703125 301.774993896484375 307.57501220703125 312.85626220703125 316.48126220703125 321.125 322.125
234.1687469482421875 232.1125030517578125 231.587493896484375 232.162506103515625 231.524993896484375 226.443756103515625 218 210.75 205.5187530517578125 201.3562469482421875 199.75 199.243743896484375 199.09375 197.8375091552734375 197.6750030517578125 198.181243896484375 200.193756103515625 202.318756103515625 204.6374969482421875 207.149993896484375 209.7062530517578125 211.899993896484375 215.1125030517578125 217.21875 219.868743896484375 223.2937469482421875 227.837493896484375 236.037506103515625 242.506256103515625 246.6687469482421875 252.4499969482421875 259.524993896484375 264.58123779296875 274.162506103515625 280.100006103515625 287.774993896484375 295.14373779296875 301.381256103515625 308 312.837493896484375 319.16876220703125 323.881256103515625 327.006256103515625 330.73126220703125 332.256256103515625
248.087493896484375 248.068756103515625 249.7687530517578125 251.493743896484375 250.7062530517578125 245.931243896484375 240.899993896484375 236.4812469482421875 232.1125030517578125 228.743743896484375 224.3625030517578125 221.318756103515625 219.806243896484375 217.662506103515625 216.6750030517578125 217.4187469482421875 218.506256103515625 220.712493896484375 222.212493896484375 224.1062469482421875 226.6437530517578125 229.212493896484375 230.90625 233.181243896484375 235.75 237.3000030517578125 241.5812530517578125 248.662506103515625 253.431243896484375 256.381256103515625 262.28125 268.51251220703125 274.649993896484375 281.65625 290.51251220703125 296.41876220703125 304.59375 313.287506103515625 319.806243896484375 326.29998779296875 332.618743896484375 336.29998779296875 338.662506103515625 340.70623779296875 343.381256103515625
260.10626220703125 263.149993896484375 268.78125 270.725006103515625 270.6875 266.068756103515625 262.943756103515625 261.068756103515625 259.65625 256.70623779296875 250.5124969482421875 244.1437530517578125 239.4250030517578125 235.725006103515625 234.71875 234.881256103515625 237.068756103515625 239.5187530517578125 241.100006103515625 242.193756103515625 245.1999969482421875 246.3249969482421875 245.96875 247.524993896484375 249.462493896484375 250.4375 254.037506103515625 258 261.73126220703125 265.13751220703125 268.83123779296875 276.137481689453125 281.90625 288.712493896484375 296.931243896484375 305.556243896484375 315.01251220703125 324.79998779296875 333.556243896484375 340.0625 344.962493896484375 348.899993896484375 350.95623779296875 351.48126220703125 353.67498779296875
280.212493896484375 282.10626220703125 284.51251220703125 288.225006103515625 289.03125 285.28125 281.70623779296875 281.51251220703125 283.51251220703125 283.287506103515625 274.756256103515625 264.40625 257.86248779296875 254.6812591552734375 252.4187469482421875 253.15625 254.7312469482421875 258.08123779296875 258.40625 258.162506103515625 261.068756103515625 260.85626220703125 260.95001220703125 262.33123779296875 263.17498779296875 263.662506103515625 264.631256103515625 267.1875 272.20001220703125 273.018768310546875 277.306243896484375 281.98126220703125 289.868743896484375 297.787506103515625 306.206268310546875 316.01873779296875 326.01873779296875 336.08123779296875 346.34375 352.76873779296875 359.274993896484375 361.100006103515625 361.88751220703125 362.850006103515625 363.07501220703125
299.17498779296875 302.087493896484375 305.98748779296875 305.83123779296875 302.181243896484375 298.26873779296875 294.16876220703125 292.36248779296875 294.931243896484375 296.556243896484375 285.15625 274.412506103515625 269.41876220703125 265.524993896484375 264.274993896484375 265.0625 267.07501220703125 270.04998779296875 271.54998779296875 270.96875 272.756256103515625 273.443756103515625 273.79998779296875 273.95001220703125 274.13751220703125 275.118743896484375 275.58123779296875 276.287506103515625 278.524993896484375 280.51873779296875 283.568756103515625 288.649993896484375 295.318756103515625 306.58123779296875 317.45001220703125 327.13751220703125 339.524993896484375 350.54998779296875 361.70001220703125 370.57501220703125 375.45001220703125 377.45001220703125 377.875 377.86248779296875 376.65625
316.556243896484375 318.88751220703125 321.0625 317.625 310.65625 304.337493896484375 298.506256103515625 292.537506103515625 288.9375 285.5625 281.681243896484375 276.868743896484375 274.568756103515625 272.756256103515625 272.868743896484375 273.98748779296875 276.1875 278.100006103515625 279.28125 281.6875 282.774993896484375 284.64373779296875 284.837493896484375 284.875 285.131256103515625 284.85626220703125 284.837493896484375 284.25 283.67498779296875 284.28125 289.66876220703125 294.368743896484375 301.95001220703125 312.068756103515625 324.34375 336.4375 348.681243896484375 361.07501220703125 376.67498779296875 384.84375 387 389.3125 389.58123779296875 389.568756103515625 390.4375
329.51873779296875 330.85626220703125 329.693756103515625 325.725006103515625 319.54376220703125 311.26873779296875 299.818756103515625 286.087493896484375 274.725006103515625 271.056243896484375 274.125 275.95623779296875 278.149993896484375 279.225006103515625 280.15625 281.92498779296875 282.568756103515625 283.40625 285.29998779296875 288.45623779296875 291.337493896484375 293.918731689453125 295.23748779296875 294.70001220703125 296.1875 294.33123779296875 292.11248779296875 290.318756103515625 287.70001220703125 288.006256103515625 291.725006103515625 299.149993896484375 306.662506103515625 317.35626220703125 330.04998779296875 342.506256103515625 355.681243896484375 368.625 383.66876220703125 391.88751220703125 395.67498779296875 397.881256103515625 398.306243896484375 398.043731689453125 397.53125
339.45623779296875 339.48748779296875 338.26873779296875 334.21875 326.993743896484375 317.35626220703125 304.25 287.60626220703125 269.41876220703125 262.131256103515625 270.193756103515625 276.29376220703125 281.67498779296875 282.98748779296875 285.13751220703125 287.712493896484375 288.5625 289.04376220703125 291.993743896484375 294.8125 295.38751220703125 299.48126220703125 301.20001220703125 305.5 306.9375 303.712493896484375 298.431243896484375 294.225006103515625 292.287506103515625 291.60626220703125 295.70001220703125 303.10626220703125 311 321.11248779296875 332.725006103515625 346.5 362.006256103515625 375.274993896484375 390.212493896484375 398.79376220703125 403.556243896484375 405.662506103515625 406.86248779296875 406.399993896484375 402.631256103515625
349.08123779296875 347.85626220703125 345.493743896484375 341.11248779296875 334.79998779296875 325.23126220703125 313.04376220703125 297.681243896484375 282.95001220703125 276.181243896484375 278.850006103515625 281.41876220703125 286.068756103515625 288.14373779296875 290.29998779296875 293.29998779296875 295.20623779296875 295.20623779296875 296.73748779296875 298.725006103515625 299.36248779296875 303.88751220703125 308.875 316.368743896484375 316.024993896484375 312.04376220703125 305.88751220703125 300.006256103515625 295.70623779296875 293.85626220703125 296.837493896484375 305.67498779296875 314.931243896484375 326.15625 337.59375 351.024993896484375 366.100006103515625 380.83123779296875 396.48748779296875 407.21875 413.88751220703125 416.756256103515625 415.274993896484375 409.82501220703125 406.41876220703125
358.0625 356.28125 352.524993896484375 348.33123779296875 343.306243896484375 335.368743896484375 324.537506103515625 310.256256103515625 299.01873779296875 293.193756103515625 291.618743896484375 292.26251220703125 293.67498779296875 295.75 297.756256103515625 299.850006103515625 301.306243896484375 300.787506103515625 300.17498779296875 301.08123779296875 303.649993896484375 308.67498779296875 316.88751220703125 322.993743896484375 326.76873779296875 319.631256103515625 312.0625 307.243743896484375 301.29376220703125 297.600006103515625 301.149993896484375 308.67498779296875 317.51873779296875 328.66876220703125 340.71875 353.756256103515625 368.45001220703125 383.681243896484375 400.125 413.806243896484375 421.83123779296875 422.943756103515625 419.04376220703125 412.056243896484375 407.306243896484375
363.51251220703125 361.806243896484375 358.068756103515625 354.89373779296875 349.32501220703125 343.6875 335.66876220703125 323.88751220703125 314.48126220703125 307.943756103515625 304.537506103515625 303.63751220703125 303.431243896484375 304.712493896484375 308.48748779296875 310.131256103515625 308.79376220703125 306.368743896484375 304.73126220703125 303.88751220703125 303.837493896484375 309.5625 320.38751220703125 332.225006103515625 334.01251220703125 321.300018310546875 312.881256103515625 308.35626220703125 305.82501220703125 305.712493896484375 306.381256103515625 311.46875 318.993743896484375 328.787506103515625 339.5 354.70001220703125 370.98748779296875 386.96875 403.081268310546875 418.912506103515625 428.84375 427.63751220703125 418.743743896484375 404.20001220703125 394.20623779296875
368.287506103515625 366.09375 363.068756103515625 359.068756103515625 354.76251220703125 350.86248779296875 343.818756103515625 335 326.54376220703125 321.40625 318.89373779296875 317.431243896484375 317.743743896484375 316.48748779296875 318.79376220703125 319.42498779296875 316.82501220703125 313.82501220703125 311.79998779296875 308.23126220703125 304.01251220703125 308.431243896484375 317.993743896484375 327.01251220703125 322.556243896484375 312.587493896484375 311.475006103515625 310.79998779296875 310.837493896484375 312.20001220703125 313.306243896484375 315.0625 320.07501220703125 328.39373779296875 338.225006103515625 352.58123779296875 369.681243896484375 386.85626220703125 405.23126220703125 423.662506103515625 436.631256103515625 432.54376220703125 413.33123779296875 393.96875 379.64373779296875
371.1875 369.587493896484375 366.46875 362.681243896484375 359.61248779296875 354.73126220703125 350.17498779296875 345.006256103515625 339.875 335.350006103515625 332.26873779296875 331.41876220703125 330.962493896484375 331.32501220703125 328.899993896484375 328.86248779296875 325.399993896484375 320.875 317.318756103515625 313.95623779296875 311.1875 311.943756103515625 315.40625 318.35626220703125 314.70623779296875 309.89373779296875 310.96875 312.23748779296875 313.67498779296875 315.912506103515625 318.6875 319.98748779296875 321.350006103515625 326.03125 334.350006103515625 349.98748779296875 368.85626220703125 386.29376220703125 404.23748779296875 421.70623779296875 433.91876220703125 422.82501220703125 405.931243896484375 391.08123779296875 379.100006103515625
372.943756103515625 369.6875 366.962493896484375 365.26251220703125 363.0625 358.98126220703125 356.70001220703125 353.92498779296875 349.71875 346.131256103515625 344.368743896484375 343.881256103515625 343.75 343.662506103515625 338.662506103515625 337.193756103515625 333.037506103515625 329.33123779296875 324.631256103515625 320.5625 317.868743896484375 316.068756103515625 315.35626220703125 316.256256103515625 315.125 314.23126220703125 315.84375 317.631256103515625 320.34375 323.274993896484375 323.350006103515625 323 323.86248779296875 323.28125 327.65625 345.53125 366.71875 384.881256103515625 398.04376220703125 407.70623779296875 410.45623779296875 406.08123779296875 400.51873779296875 389.79998779296875 381.21875
371.693756103515625 368.76873779296875 367.23126220703125 366.225006103515625 365.125 364.3125 362.431243896484375 360.16876220703125 359.274993896484375 358.01251220703125 355.949981689453125 356.899993896484375 357.51251220703125 356.881256103515625 351.756256103515625 346.53125 341.11248779296875 337.225006103515625 332.024993896484375 328.125 323.543731689453125 319.20623779296875 316.23126220703125 316.256256103515625 315.787506103515625 316.787506103515625 319.82501220703125 323.506256103515625 328.42498779296875 331.21875 332.212493896484375 330.524993896484375 327.67498779296875 326.04376220703125 327.943756103515625 351.76251220703125 371.23748779296875 381.568756103515625 388.443756103515625 394.08123779296875 395.375 395 392.82501220703125 386.64373779296875 380.28125
370.943756103515625 368.868743896484375 366.756256103515625 366.943756103515625 367.5625 367.82501220703125 368.83123779296875 368.15625 368.20623779296875 368.368743896484375 366.943756103515625 369.41876220703125 371.32501220703125 369.73748779296875 365.63751220703125 358.09375 348.45623779296875 342.243743896484375 338.125 333.42498779296875 327.57501220703125 322.11248779296875 318.21875 317.90625 318.462493896484375 318.337493896484375 322.631256103515625 328.46875 333.693756103515625 338.57501220703125 340.693756103515625 339.36248779296875 337 338.943756103515625 353.14373779296875 373.493743896484375 383.07501220703125 384.79376220703125 384.181243896484375 384.46875 387.14373779296875 387.912506103515625 385.225006103515625 381.212493896484375 378.35626220703125
368.46875 367 367.29376220703125 369.3125 371.056243896484375 372.41876220703125 373.84375 375.23126220703125 376.70623779296875 377.36248779296875 377.431243896484375 381.806243896484375 382.587493896484375 382.118743896484375 376.681243896484375 367.04998779296875 356.568756103515625 342.818756103515625 341.16876220703125 335.98748779296875 330.837493896484375 324.08123779296875 318.125 317.506256103515625 318.17498779296875 320.76873779296875 324.36248779296875 332.024993896484375 339.875 345.16876220703125 346.23126220703125 339.71875 339.337493896484375 347.125 367.51251220703125 397.306243896484375 394.256256103515625 386.024993896484375 380.59375 380.70001220703125 379.993743896484375 380.23126220703125 379.07501220703125 375.943756103515625 373.537506103515625
364.98126220703125 364.40625 365.61248779296875 369.04376220703125 373.23126220703125 377.337493896484375 380.618743896484375 383.256256103515625 384.91876220703125 386.256256103515625 386.88751220703125 388.66876220703125 392.193756103515625 393.412506103515625 385.01251220703125 373.38751220703125 360.818756103515625 345.931243896484375 338.34375 333.79376220703125 330.20623779296875 324.75 313.73126220703125 313.96875 316.337493896484375 320.5625 326.41876220703125 333.17498779296875 342.29998779296875 349.556243896484375 352.21875 341.96875 335.774993896484375 334.943756103515625 348.01251220703125 373.23126220703125 377 375.29998779296875 375.493743896484375 374.90625 375.181243896484375 374.256256103515625 373.79376220703125 372.10626220703125 370.34375
357.743743896484375 359.39373779296875 362.04376220703125 367.09375 373.4375 380.73748779296875 386.443756103515625 390.787506103515625 393.20623779296875 393.96875 394.10626220703125 395.29376220703125 399.98748779296875 403.36248779296875 390.95623779296875 373.33123779296875 356.431243896484375 346.556243896484375 336.91876220703125 330.79998779296875 323.70001220703125 315.287506103515625 308.899993896484375 308.806243896484375 311.61248779296875 315.65625 322.78125 331.693756103515625 339.212493896484375 343.76873779296875 343.51251220703125 336.48126220703125 322.88751220703125 310.056243896484375 305.368743896484375 324.96875 348.09375 360.08123779296875 366.96875 370.524993896484375 371.024993896484375 370.125 370.631256103515625 370.149993896484375 369.756256103515625
