data/historical-monthly-weather-data/wc2.1_cruts4.09_10m_prec_1987-03.asc
ncols        51
nrows        45
xllcorner    -63.500000000000
yllcorner    -7.500000000000
cellsize     0.166666666667
NODATA_value -9999
[rows 0 to 19 of 45, columns 0 to 44 of 51]
84.43125152587890625 85.71250152587890625 97.15000152587890625 113.0124969482421875 128.5749969482421875 148.3062591552734375 165.5500030517578125 181.125 193.5500030517578125 208.600006103515625 226.912506103515625 241.7312469482421875 256.32501220703125 266.85626220703125 273.73748779296875 279.681243896484375 288.84375 290.88751220703125 296.65625 302.100006103515625 310.32501220703125 317.381256103515625 324.8125 324.11248779296875 325.64373779296875 325.399993896484375 316 308.725006103515625 300.23126220703125 293.53125 292.193756103515625 288.16876220703125 290.899993896484375 296.837493896484375 302.225006103515625 309.475006103515625 315.71875 322.25 328.11248779296875 332.006256103515625 336.13751220703125 339.48126220703125 340.95001220703125 343.5 342.26251220703125
80.44374847412109375 77.78125 87.4375 99.75 113.0124969482421875 131.399993896484375 148.212493896484375 164.725006103515625 181.368743896484375 198.3625030517578125 216.8312530517578125 230.7062530517578125 244.100006103515625 255.3625030517578125 262.78125 270.3125 278.875 280.95623779296875 282.193756103515625 284.14373779296875 289.34375 294.600006103515625 300.631256103515625 301.40625 302.306243896484375 302.86248779296875 296.943756103515625 293.89373779296875 288.912506103515625 286.493743896484375 286.63751220703125 288.84375 294.399993896484375 306.03125 313.59375 322.962493896484375 331.975006103515625 339.36248779296875 344.76251220703125 347.70001220703125 352.162506103515625 354.743743896484375 355.51251220703125 356.98126220703125 356.54376220703125
87.2375030517578125 84.5625 91.90625 101.1437530517578125 110.65000152587890625 124.625 139.2375030517578125 154.087493896484375 169.8937530517578125 186.4812469482421875 201.28125 212.993743896484375 225.3625030517578125 236.40625 244.600006103515625 254.1750030517578125 263.25 267.38751220703125 269.631256103515625 272.66876220703125 278.274993896484375 284.29376220703125 288.79376220703125 290.95001220703125 292.91876220703125 292.63751220703125 289.899993896484375 289.193756103515625 286.20623779296875 286.03125 289.84375 294.53125 303.01873779296875 313.193756103515625 325.412506103515625 333.17498779296875 343.32501220703125 353.693756103515625 358.95623779296875 363.63751220703125 368.006256103515625 369.23748779296875 368.962493896484375 368.45001220703125 369.32501220703125
95.43125152587890625 93.77500152587890625 99.4250030517578125 105 110.71250152587890625 119.1062469482421875 128.818756103515625 139.6999969482421875 154.3249969482421875 168.65625 180.350006103515625 189.787506103515625 199.7937469482421875 209.899993896484375 219.774993896484375 230.350006103515625 242.287506103515625 249.6999969482421875 255.5 260.79376220703125 267.975006103515625 273.087493896484375 276.181243896484375 278.743743896484375 281.33123779296875 282.17498779296875 282.274993896484375 281.931243896484375 281.9375 285.85626220703125 290.88751220703125 300.125 309.4375 320.33123779296875 332.73126220703125 343.75 355.45001220703125 367.14373779296875 374.875 379.53125 382.243743896484375 383.568756103515625 382.71875 380.36248779296875 380.774993896484375
107.0437469482421875 104.9375 106.4499969482421875 109.0625 111.1062469482421875 114.21250152587890625 117.8625030517578125 123.78749847412109375 136.256256103515625 148.8000030517578125 156.9812469482421875 164.1999969482421875 173.2375030517578125 184.0625 194.287506103515625 206.6875 219.4562530517578125 230.3000030517578125 238.0437469482421875 244.975006103515625 253.100006103515625 257.931243896484375 262.78125 266.850006103515625 270 272.475006103515625 273.40625 275.65625 280.96875 285.537506103515625 294.412506103515625 303.84375 316.5 329.39373779296875 342.67498779296875 355.20001220703125 367.568756103515625 379.64373779296875 389.01873779296875 393.506256103515625 397.95001220703125 396.725006103515625 394.29376220703125 392.274993896484375 390.649993896484375
119.40000152587890625 118.0437469482421875 119.8249969482421875 120.55625152587890625 120.27500152587890625 122.15000152587890625 124.2937469482421875 128.1750030517578125 138.493743896484375 149.368743896484375 153.75 159.1875 167.712493896484375 176.65625 186.65625 198.162506103515625 210.225006103515625 219.850006103515625 227.8000030517578125 234.118743896484375 242.6374969482421875 250.3000030517578125 257.58123779296875 263.625 269.568756103515625 275.899993896484375 278.76873779296875 281.40625 285.95001220703125 292.16876220703125 299.931243896484375 309.84375 320.524993896484375 336.21875 351.41876220703125 363.48126220703125 378.287506103515625 391.16876220703125 401.33123779296875 408.40625 410.90625 409.85626220703125 407.100006103515625 404.068756103515625 401.006256103515625
131.681243896484375 130.59375 131.875 131.3249969482421875 129.600006103515625 130.0437469482421875 130.9250030517578125 132.15625 137.1374969482421875 142.649993896484375 148.1062469482421875 154.5 162.5 170.743743896484375 180.1374969482421875 190.3312530517578125 200.943756103515625 208.1062469482421875 214.193756103515625 221.806243896484375 231.28125 242.0625 251.5749969482421875 261.131256103515625 271.024993896484375 279.86248779296875 284.58123779296875 288.03125 291.51873779296875 296.212493896484375 306.024993896484375 315.03125 325.693756103515625 339.01873779296875 354.625 368.90625 383.212493896484375 397.274993896484375 412.09375 418.23748779296875 417.71875 417.13751220703125 414.337493896484375 411.46875 410.73748779296875
142.3937530517578125 141.3625030517578125 141.4187469482421875 140.662506103515625 139.1999969482421875 138.337493896484375 136.2375030517578125 133.1187591552734375 132.162506103515625 135 141.524993896484375 149.3312530517578125 157.8562469482421875 165.9499969482421875 174.131256103515625 183.0124969482421875 190.8125 195.787506103515625 201.0187530517578125 208.09375 220.350006103515625 233.59375 246.306243896484375 258.6875 273.318756103515625 284.11248779296875 288.743743896484375 292.84375 295.76251220703125 300.01251220703125 307.556243896484375 318.86248779296875 328.48748779296875 341.256256103515625 356.21875 370.412506103515625 385.33123779296875 399.631256103515625 413.618743896484375 419.6875 420.962493896484375 420.39373779296875 417.9375 414.975006103515625 412.91876220703125
151.5812530517578125 150.1999969482421875 150.350006103515625 149.618743896484375 147.71875 146.149993896484375 143.09375 138.34375 133.6437530517578125 134.2687530517578125 143.0500030517578125 152.7937469482421875 162.8312530517578125 170.5437469482421875 177.431243896484375 184.462493896484375 190.368743896484375 195.1437530517578125 201.537506103515625 208.8874969482421875 220.524993896484375 236.131256103515625 250.3625030517578125 267.75 283.162506103515625 293.45001220703125 295.125 296.693756103515625 300.07501220703125 302.481231689453125 309.48748779296875 319.79998779296875 329.03125 340.368743896484375 353.32501220703125 368.21875 384.931243896484375 398.931243896484375 412.51873779296875 418.86248779296875 421.16876220703125 420.66876220703125 419.212493896484375 416.268768310546875 410.90625
160.725006103515625 158.9562530517578125 158.7312469482421875 157.90625 156.4250030517578125 154.84375 152.1437530517578125 147.899993896484375 144.912506103515625 145.9812469482421875 152.3000030517578125 160.28125 169.993743896484375 177.9499969482421875 182.7062530517578125 187.5187530517578125 191.9562530517578125 196.7375030517578125 202.8562469482421875 210.4187469482421875 223.0812530517578125 240.125 258.13751220703125 278.725006103515625 292.931243896484375 302.6875 303.20623779296875 302.631256103515625 303.087493896484375 303.34375 308.162506103515625 318.912506103515625 328.82501220703125 340.568756103515625 352.506256103515625 366.368743896484375 381.90625 396.79376220703125 410.76873779296875 419.25 423.462493896484375 423.92498779296875 419.98126220703125 412.20001220703125 407.306243896484375
169.806243896484375 167.931243896484375 167.125 166.4562530517578125 165.631256103515625 164.8562469482421875 162.818756103515625 159.068756103515625 157.9875030517578125 159.818756103515625 164.149993896484375 171.0500030517578125 178.787506103515625 186.3874969482421875 189.181243896484375 191.2062530517578125 193.475006103515625 198.2375030517578125 203.6374969482421875 211.162506103515625 226.1437530517578125 244.6750030517578125 266.475006103515625 286.21875 304.33123779296875 311.20623779296875 309.89373779296875 309.875 308.09375 305.58123779296875 310.01251220703125 318.39373779296875 327.162506103515625 338.10626220703125 349.98126220703125 362.73748779296875 377.125 391.83123779296875 406.36248779296875 417.73126220703125 423.28125 422.1875 416.118743896484375 407.162506103515625 401.01873779296875
177.774993896484375 175.850006103515625 175.068756103515625 174.9499969482421875 173.9187469482421875 174.4812469482421875 174.0500030517578125 171.756256103515625 171.875 173.6687469482421875 177.118743896484375 181.7062530517578125 186.75 192.21875 195.8312530517578125 197.5 197.993743896484375 201.912506103515625 207.0812530517578125 213.9250030517578125 227.743743896484375 247.6374969482421875 272.41876220703125 296.89373779296875 312.743743896484375 313.649993896484375 310.568756103515625 309.931243896484375 310.756256103515625 311.23748779296875 312.01251220703125 317.225006103515625 324.256256103515625 333.475006103515625 343.556243896484375 357.725006103515625 372.8125 387.431243896484375 401.40625 414.84375 422.38751220703125 419.26873779296875 408.73126220703125 392.8125 381.4375
185.6125030517578125 183.2937469482421875 182.912506103515625 182.4187469482421875 182.0812530517578125 183.743743896484375 184.0812530517578125 183.600006103515625 184.5 187.4375 191.5 194.006256103515625 197.21875 199.243743896484375 201.8874969482421875 203.212493896484375 203.1750030517578125 207.2312469482421875 212.618743896484375 218.0812530517578125 229.5625 249.1999969482421875 273.54998779296875 294.83123779296875 303.681243896484375 305.89373779296875 308.943756103515625 311.149993896484375 313.6875 314.962493896484375 315.54998779296875 316.79376220703125 320.98126220703125 328.443756103515625 337.28125 349.837493896484375 364.82501220703125 379.774993896484375 395.76251220703125 411.6875 422.23126220703125 416.65625 396.70623779296875 376.662506103515625 361.087493896484375
192.225006103515625 190.1374969482421875 189.774993896484375 189.5 189.8874969482421875 191.34375 193.287506103515625 195.087493896484375 198.1374969482421875 201.743743896484375 205.537506103515625 206.65625 207.3249969482421875 208.5749969482421875 208.225006103515625 209.431243896484375 209.2062530517578125 212.6374969482421875 217.4187469482421875 223.443756103515625 236.875 254.568756103515625 274.45623779296875 289.45623779296875 297.79998779296875 303.743743896484375 307.98748779296875 311.225006103515625 314.256256103515625 315.787506103515625 317.475006103515625 317.73126220703125 318.087493896484375 321.71875 328.756256103515625 341.881256103515625 357.76873779296875 372.17498779296875 387.556243896484375 402.462493896484375 412.350006103515625 400.54376220703125 383.375 368.08123779296875 354.65625
196.125 193.4812469482421875 193.7312469482421875 194.962493896484375 196.2687530517578125 198.537506103515625 202.125 205.6437530517578125 209.1875 213.256256103515625 217.7062530517578125 218.3874969482421875 218.493743896484375 218.84375 217.0625 217.6875 217.3000030517578125 221.318756103515625 225.318756103515625 230.9375 244.787506103515625 260.875 277.337493896484375 289.375 298.681243896484375 307.16876220703125 311.212493896484375 314.306243896484375 317.95623779296875 319.88751220703125 318.70623779296875 317.13751220703125 317.07501220703125 315.63751220703125 318.79376220703125 333.59375 351.149993896484375 365.681243896484375 376.306243896484375 383.725006103515625 384.681243896484375 379.51873779296875 373.375 362.26251220703125 351.75
198.0437469482421875 195.9875030517578125 197.337493896484375 199.4375 201.8312530517578125 206.3249969482421875 210.600006103515625 214.787506103515625 220.2062530517578125 225.5437469482421875 229.6125030517578125 230.681243896484375 230.743743896484375 230.2624969482421875 228.631256103515625 227.1875 226.2249908447265625 230.118743896484375 233.725006103515625 239.462493896484375 252.1750030517578125 266.48126220703125 281.01251220703125 291.087493896484375 299.60626220703125 308.625 313.33123779296875 317.59375 322.850006103515625 324.42498779296875 324 321.04998779296875 317.431243896484375 315.068756103515625 315.837493896484375 335.875 351.16876220703125 357.818756103515625 362.40625 366.006256103515625 365.70001220703125 364.462493896484375 361.725006103515625 354.96875 346.23126220703125
200.056243896484375 198.84375 200.3000030517578125 203.524993896484375 207.375 212.881256103515625 219.256256103515625 224.78125 230.75 236.875 241.212493896484375 242.899993896484375 243.337493896484375 241.881256103515625 241.1875 238.5625 235.0625 237.306243896484375 241.5749969482421875 246.662506103515625 258.381256103515625 271.84375 285.42498779296875 294.056243896484375 302.25 308.943756103515625 314.131256103515625 319.90625 324.86248779296875 328.29998779296875 328.85626220703125 326.16876220703125 323.11248779296875 324.28125 336.76251220703125 352.85626220703125 358.25 356.449981689453125 354.024993896484375 352.6875 353.662506103515625 353.618743896484375 350.537506103515625 345.881256103515625 340.01873779296875
200.0625 199.524993896484375 202.59375 207.149993896484375 211.943756103515625 218.2062530517578125 224.96875 231.875 239.056243896484375 245.8312530517578125 251.537506103515625 255.03125 255.28125 255.100006103515625 253.84375 250.118743896484375 246.2062530517578125 243.1125030517578125 249.03125 253.4875030517578125 264.725006103515625 275.86248779296875 286.39373779296875 293.64373779296875 300.85626220703125 309.14373779296875 313.225006103515625 320.35626220703125 327.537506103515625 331.412506103515625 331.037506103515625 323.5625 322.39373779296875 329.037506103515625 347.23126220703125 372.050018310546875 365.66876220703125 354.84375 348.006256103515625 346.5625 344.431243896484375 343.63751220703125 341.65625 337.556243896484375 332.04998779296875
199.350006103515625 199.625 203.4375 209.068756103515625 215.5124969482421875 223.475006103515625 231.4375 239.25 246.9250030517578125 254.5749969482421875 261.13751220703125 263.618743896484375 266.48748779296875 268.131256103515625 265.256256103515625 260.36248779296875 255.162506103515625 251.0437469482421875 252.475006103515625 257 268.068756103515625 278.649993896484375 283.20001220703125 290.09375 297.82501220703125 306.63751220703125 312.48748779296875 318.40625 326.493743896484375 332.318756103515625 333.649993896484375 322.850006103515625 316.162506103515625 314.61248779296875 325.837493896484375 346.61248779296875 346.98748779296875 342.556243896484375 340.98748779296875 338.92498779296875 337.6875 335.524993896484375 333.83123779296875 330.743743896484375 325.70001220703125
196.837493896484375 198.6750030517578125 203.5625 210.3874969482421875 218.381256103515625 228.287506103515625 237.7624969482421875 246.75 255.181243896484375 262.79998779296875 269.40625 272.212493896484375 276.70001220703125 280.60626220703125 275.212493896484375 266.1875 257.875 257.09375 256.6875 259.58123779296875 266.193756103515625 272.41876220703125 279.212493896484375 284.76251220703125 291.899993896484375 299.64373779296875 306.350006103515625 314.037506103515625 320.381256103515625 323.71875 322.537506103515625 314.993743896484375 301.431243896484375 288.67498779296875 283.36248779296875 299.28125 317.98748779296875 326.443756103515625 331.04376220703125 332.76251220703125 331.725006103515625 329.350006103515625 328.20623779296875 325.91876220703125 321.975006103515625
