data/historical-monthly-weather-data/wc2.1_cruts4.09_10m_prec_1966-04.asc
ncols        51
nrows        45
xllcorner    -63.500000000000
yllcorner    -7.500000000000
cellsize     0.166666666667
NODATA_value -9999
[rows 0 to 19 of 45, columns 0 to 43 of 51]
264.212493896484375 269.037506103515625 267.725006103515625 270.875 269.131256103515625 262.03125 253.59375 241.3312530517578125 232.5 227.4937591552734375 225.7687530517578125 225.337493896484375 224.0500030517578125 221.4250030517578125 220.8125 221.09375 222.5500030517578125 221.7750091552734375 223.46875 225.1999969482421875 226.4187469482421875 228.618743896484375 230.3874969482421875 235.0124969482421875 238.0500030517578125 243.943756103515625 251.21875 260.73748779296875 268.04376220703125 267.70001220703125 266.42498779296875 265.14373779296875 262.45001220703125 261.17498779296875 260.024993896484375 262.75 264.274993896484375 266.443756103515625 273.975006103515625 280.568756103515625 287.23748779296875 294.225006103515625 298.48748779296875 304.631256103515625
272.48126220703125 277.57501220703125 283.962493896484375 289.350006103515625 293.306243896484375 285.1875 275.09375 266.88751220703125 259.1875 253.1374969482421875 250.0437469482421875 247.306243896484375 244.8125 241.475006103515625 238.3937530517578125 238.1437530517578125 237.0812530517578125 238.3937530517578125 240.868743896484375 242.59375 243.7375030517578125 245.15625 248.225006103515625 251.0500030517578125 254.9812469482421875 259.48748779296875 265.39373779296875 273.943756103515625 278.79376220703125 277.79376220703125 277.45001220703125 277.83123779296875 276.14373779296875 276.375 275.256256103515625 279.11248779296875 284.14373779296875 288.14373779296875 296.04376220703125 302.381256103515625 308.625 315.756256103515625 319.806243896484375 323.41876220703125
271.57501220703125 278.693756103515625 284.25 292.10626220703125 298.16876220703125 294.462493896484375 289.5 285.662506103515625 283.118743896484375 278.17498779296875 273.243743896484375 268.625 265.59375 259.9375 256.21875 254.524993896484375 252.59375 253.3125 254.21875 256.04998779296875 257.58123779296875 259.443756103515625 260.83123779296875 263.0625 267.04998779296875 270.95001220703125 277.42498779296875 282.16876220703125 284.725006103515625 284.21875 282.962493896484375 281.95001220703125 283.23126220703125 283.712493896484375 282.475006103515625 286.82501220703125 294.75 301.83123779296875 309.6875 317.149993896484375 324.20001220703125 329.76251220703125 334.056243896484375 338.475006103515625
264.79376220703125 272.149993896484375 281.618743896484375 287.993743896484375 294.54376220703125 297.48748779296875 298.962493896484375 300.86248779296875 303.65625 303.243743896484375 298.024993896484375 290.756256103515625 284.037506103515625 278.556243896484375 273.63751220703125 271.14373779296875 269.16876220703125 268.537506103515625 268.23126220703125 269.34375 271.53125 272.91876220703125 272.60626220703125 275.16876220703125 278.25 280.087493896484375 286.48748779296875 289.08123779296875 290.67498779296875 291.024993896484375 289.087493896484375 287.45623779296875 286.78125 287.475006103515625 287.1875 294.949981689453125 303.675018310546875 312.243743896484375 322.98748779296875 330.006256103515625 337.756256103515625 344.975006103515625 347.45001220703125 350.381256103515625
270.212493896484375 272.60626220703125 274.649993896484375 281.306243896484375 291.006256103515625 297.712493896484375 302.58123779296875 310.51873779296875 319.537506103515625 325.462493896484375 318.962493896484375 306.76873779296875 299.73748779296875 294.64373779296875 289.14373779296875 285.78125 282.54998779296875 281.39373779296875 280.10626220703125 280.04376220703125 282.70623779296875 283.01251220703125 282.73126220703125 286.17498779296875 286.32501220703125 287.443756103515625 291.09375 296.056243896484375 298.92498779296875 296.83123779296875 294.493743896484375 289.82501220703125 289.48748779296875 291.53125 293.3125 302.368743896484375 311.774993896484375 322.368743896484375 334.65625 343.024993896484375 352.818756103515625 356.48748779296875 359.962493896484375 364.75
266.26873779296875 269.33123779296875 271.725006103515625 272.375 281.024993896484375 290.212493896484375 296.79376220703125 306.34375 316.88751220703125 326.912506103515625 319.118743896484375 309.024993896484375 304.0625 300.51251220703125 295.256256103515625 292.931243896484375 288.51251220703125 287.087493896484375 287.725006103515625 288.38751220703125 288.95623779296875 288.475006103515625 289.98748779296875 291.08123779296875 291.5 292.67498779296875 295.1875 298.79998779296875 300.850006103515625 298.84375 296.787506103515625 295.28125 294.818756103515625 298.65625 304.443756103515625 314.51251220703125 327.73748779296875 340.225006103515625 352.34375 362.875 368.70623779296875 371.41876220703125 375.100006103515625 379.83123779296875
262.95001220703125 264.931243896484375 267.29998779296875 267.14373779296875 268.48748779296875 274.381256103515625 281.70001220703125 290.70001220703125 297.774993896484375 303.068756103515625 305.243743896484375 304.024993896484375 305.10626220703125 303.16876220703125 299.993743896484375 299.475006103515625 296.256256103515625 292.10626220703125 291.100006103515625 293.0625 294.48748779296875 294.95623779296875 295.59375 293.9375 294.29998779296875 295.40625 298.162506103515625 299.375 300.493743896484375 299.756256103515625 299.5 298.506256103515625 301.725006103515625 305.881256103515625 313.618743896484375 325.83123779296875 339.256256103515625 354.412506103515625 369.33123779296875 378.96875 380.712493896484375 383.41876220703125 387.131256103515625 391.10626220703125
260.212493896484375 259.41876220703125 259.875 261.3125 263 267.068756103515625 268.54998779296875 269.462493896484375 270.45001220703125 276.25 288.04998779296875 296.743743896484375 302.662506103515625 305.28125 305.04998779296875 304.26251220703125 301.53125 297.318756103515625 293.912506103515625 296.29376220703125 299.17498779296875 300.38751220703125 299.67498779296875 297.61248779296875 298.506256103515625 296.67498779296875 298.225006103515625 299.23126220703125 300.412506103515625 301.23748779296875 299.85626220703125 300.08123779296875 305.53125 312.36248779296875 321.193756103515625 332.149993896484375 347.34375 362.556243896484375 374.912506103515625 382.58123779296875 386.54376220703125 390.57501220703125 393.1875 394.92498779296875
257.11248779296875 256.23126220703125 256.26873779296875 256.28125 257.60626220703125 260.037506103515625 262.125 261.568756103515625 257.46875 259.0625 274.57501220703125 287.4375 300.54998779296875 305.63751220703125 305.15625 305.26873779296875 304.21875 301.66876220703125 300.587493896484375 301.09375 298.618743896484375 301.61248779296875 300.493743896484375 300.524993896484375 300.23126220703125 296.274993896484375 296.46875 297.83123779296875 298.850006103515625 300.25 301.45001220703125 300.568756103515625 305.75 311.431243896484375 321.3125 333.89373779296875 350.11248779296875 363.818756103515625 375.818756103515625 382.931243896484375 387.649993896484375 389.356231689453125 392.71875 395.41876220703125
253.6687469482421875 251.03125 251.59375 251.931243896484375 252.28125 255.3000030517578125 258.41876220703125 258.73126220703125 260.1875 266.10626220703125 278.193756103515625 288.006256103515625 299.381256103515625 305.51873779296875 306.943756103515625 306.175018310546875 305.63751220703125 304.993743896484375 304.631256103515625 307.850006103515625 304.962493896484375 303.693756103515625 301.600006103515625 302.71875 298.85626220703125 292.88751220703125 292.443756103515625 293.287506103515625 295.40625 299.75 299.33123779296875 297.96875 303.25 309.95623779296875 319.54376220703125 333.981231689453125 348.15625 362.29998779296875 373.375 382.899993896484375 390.09375 391.48748779296875 392.29998779296875 389.03125
250.475006103515625 248.225006103515625 248.1750030517578125 248.118743896484375 247.1875 250.9375 255.118743896484375 257.36248779296875 262.962493896484375 271.32501220703125 283.399993896484375 294.85626220703125 301.087493896484375 306.837493896484375 306.40625 304.993743896484375 305.225006103515625 306.28125 308.306243896484375 311.26873779296875 312.36248779296875 309.51251220703125 304.07501220703125 295.92498779296875 295.162506103515625 289.443756103515625 286.76873779296875 286.71875 287.48126220703125 292.29998779296875 292.90625 292.318756103515625 298.70001220703125 305.98126220703125 315.774993896484375 327.59375 341.54376220703125 356.23748779296875 368.29998779296875 378.506256103515625 385.46875 386.04376220703125 388.64373779296875 387.443756103515625
247.65625 244.899993896484375 244.6374969482421875 247.087493896484375 247.524993896484375 249.975006103515625 255.6374969482421875 260.73748779296875 268.631256103515625 278.17498779296875 290.26251220703125 301.14373779296875 302.36248779296875 304.13751220703125 303.17498779296875 302.456268310546875 302.29376220703125 303.818756103515625 306.96875 311.15625 311.806243896484375 309.225006103515625 304.61248779296875 299.32501220703125 291.4375 281.462493896484375 278.381256103515625 277.068756103515625 278.04998779296875 281.15625 282.76251220703125 283.79376220703125 289.056243896484375 296.4375 305.63751220703125 317.993743896484375 332.774993896484375 347.806243896484375 357.20623779296875 365.087493896484375 373.45623779296875 375.09375 375.89373779296875 370.41876220703125
245.7624969482421875 242.8375091552734375 242.96875 244.59375 246.375 251.7937469482421875 256.35626220703125 261.14373779296875 269.14373779296875 280.962493896484375 292.79376220703125 302.0625 302.8125 296.70623779296875 295.431243896484375 296.943756103515625 296.13751220703125 297.993743896484375 302.6875 305.768768310546875 306.78125 303.087493896484375 296.1875 290.443756103515625 276.73748779296875 265.725006103515625 265.83123779296875 264.86248779296875 267.162506103515625 269.881256103515625 271.993743896484375 273.274993896484375 278.07501220703125 285.068756103515625 292.83123779296875 306.61248779296875 321.493743896484375 336.25 347.225006103515625 355.70623779296875 358.73748779296875 362.212493896484375 359.60626220703125 354.649993896484375
242.8312530517578125 239.96875 239.412506103515625 240.75 244.1687469482421875 249.399993896484375 253.7624969482421875 259.23126220703125 268.54376220703125 279.20001220703125 288.08123779296875 292.03125 292.6875 289.087493896484375 285.16876220703125 287.806243896484375 287.36248779296875 287.73126220703125 292.962493896484375 294.881256103515625 294.9375 290 284.54998779296875 274.96875 264.04376220703125 255 254.068756103515625 254.0437469482421875 255.40625 258.9375 261.29998779296875 263.73748779296875 266.431243896484375 272.78125 281.23126220703125 295.5625 310.25 326.45623779296875 339.4375 346.368743896484375 345.449981689453125 342.08123779296875 345.46875 350.11248779296875
238 235.8249969482421875 236.100006103515625 238.056243896484375 242.100006103515625 247.125 252.4625091552734375 257.774993896484375 265.056243896484375 273.193756103515625 280.41876220703125 282.83123779296875 281.5 277.899993896484375 273.118743896484375 272.506256103515625 273.431243896484375 277.40625 282.024993896484375 284.5 283.006256103515625 280.368743896484375 273.975006103515625 265.20001220703125 255.78125 249.100006103515625 247.65625 248.2062530517578125 249.8312530517578125 252.2312469482421875 252.693756103515625 252.25 257.006256103515625 261.35626220703125 267.84375 280.51251220703125 299.443756103515625 318.95001220703125 330.350006103515625 333.29376220703125 332.399993896484375 334.5625 343.89373779296875 346.118743896484375
231.6750030517578125 229.84375 231.975006103515625 235.3000030517578125 239.0749969482421875 244.149993896484375 249.2375030517578125 254.6937408447265625 262.64373779296875 268.91876220703125 274.225006103515625 274.73126220703125 272.59375 267.287506103515625 260.95623779296875 254.8562469482421875 259.212493896484375 266.943756103515625 270.725006103515625 274.068756103515625 273.225006103515625 269.63751220703125 263.524993896484375 256.34375 248.100006103515625 243.4375 241.40625 242.71875 244.3562469482421875 247.2937469482421875 249.568756103515625 248.5812530517578125 247.3562469482421875 249.306243896484375 252.65625 270.51251220703125 288.931243896484375 308.48126220703125 319.806243896484375 326.631256103515625 328.01873779296875 333.568756103515625 339.350006103515625 340.381256103515625
224.0749969482421875 223.7687530517578125 227.21875 231.3812408447265625 235.225006103515625 240.25 246.71875 252.1062469482421875 257.96875 263.850006103515625 267.625 267.14373779296875 263.34375 257.806243896484375 253.40625 250.056243896484375 248.2062530517578125 253.8937530517578125 260.26251220703125 265.08123779296875 264.67498779296875 262.649993896484375 257.350006103515625 248.3562469482421875 241.4499969482421875 236.868743896484375 236.087493896484375 237.3562469482421875 240.225006103515625 244.318756103515625 246.181243896484375 245.53125 244.556243896484375 245.318756103515625 253.2375030517578125 266.806243896484375 285.45623779296875 305.600006103515625 321.118743896484375 325.462493896484375 327.70623779296875 332.25 333.40625 334.48126220703125
213.9499969482421875 215.5124969482421875 219.193756103515625 225.162506103515625 229.4562530517578125 235.2062530517578125 242.087493896484375 246.3937530517578125 251.7687530517578125 256.26251220703125 258.818756103515625 257.600006103515625 253.6374969482421875 249.5812530517578125 246.15625 244.21875 242.0124969482421875 239.993743896484375 249.09375 254.8562469482421875 257.61248779296875 256.368743896484375 252.662506103515625 244.9250030517578125 239.7687530517578125 236.2312469482421875 233.40625 236.9187469482421875 240.787506103515625 243.8937530517578125 242.1437530517578125 235.15625 239.1437530517578125 243.6062469482421875 249.337493896484375 265.58123779296875 283.431243896484375 301.774993896484375 315.26251220703125 325.59375 326.03125 328.774993896484375 329.78125 329.693756103515625
202.9562530517578125 205.8937530517578125 211.28125 216.787506103515625 221.9499969482421875 228.631256103515625 234.787506103515625 240.850006103515625 246.4499969482421875 250.40625 251.399993896484375 247.149993896484375 243.649993896484375 241.5187530517578125 236.40625 234.53125 233.2937469482421875 232.65625 235.4875030517578125 241.556243896484375 250.225006103515625 253.149993896484375 243.975006103515625 241.2687530517578125 239.5812530517578125 239.4562530517578125 239.5812530517578125 241.3312530517578125 245.587493896484375 247.131256103515625 245 238.90625 238.15625 235.1750030517578125 239.25 255.162506103515625 273.38751220703125 290.54376220703125 307.20623779296875 316.70623779296875 323.412506103515625 326.33123779296875 325.86248779296875 325.38751220703125
192.006256103515625 196.25 201.6437530517578125 206.5124969482421875 213.506256103515625 222.1875 229.8125 234.5812530517578125 240.0625 243.962493896484375 243.993743896484375 241.0124969482421875 237.274993896484375 233.899993896484375 227.837493896484375 221.6437530517578125 218.3625030517578125 223.2062530517578125 225.7937469482421875 231.4562530517578125 237.274993896484375 239.681243896484375 241.46875 240.6750030517578125 240.46875 240.9499969482421875 242.9187469482421875 247.3625030517578125 249.3125 247.962493896484375 243.0124969482421875 241.90625 236.6750030517578125 228.399993896484375 226.100006103515625 240.90625 263.524993896484375 284.75 300.48748779296875 312.15625 318.631256103515625 321.53125 321.54376220703125 320.912506103515625
