data/historical-monthly-weather-data/wc2.1_cruts4.09_10m_prec_1994-03.asc
ncols        51
nrows        45
xllcorner    -63.500000000000
yllcorner    -7.500000000000
cellsize     0.166666666667
NODATA_value -9999
[rows 0 to 19 of 45, columns 0 to 44 of 51]
211.475006103515625 212.806243896484375 211.8000030517578125 216.6374969482421875 219.068756103515625 220.1437530517578125 217.1062469482421875 213.462493896484375 208.8249969482421875 207.84375 210.8125 213.8625030517578125 217.006256103515625 217.1374969482421875 217.618743896484375 217.8312530517578125 220.6687469482421875 219.5625 221.3937530517578125 222.912506103515625 226.243743896484375 228.5625 231.774993896484375 232.9875030517578125 236.5 239.875 243.0625 249.587493896484375 255.5187530517578125 260.89373779296875 271.024993896484375 278.881256103515625 290.681243896484375 305.70001220703125 320.162506103515625 333.462493896484375 345.26251220703125 357.443756103515625 367.82501220703125 375.912506103515625 384.131256103515625 389.962493896484375 393.38751220703125 397.556243896484375 394
219.274993896484375 221.09375 225.568756103515625 231.4187469482421875 236.09375 235.9562530517578125 232.024993896484375 229 227.0625 226.056243896484375 227.59375 228.4250030517578125 229.350006103515625 228.8000030517578125 228.1062469482421875 227.962493896484375 229.2624969482421875 229.2687530517578125 229.181243896484375 229.537506103515625 231.5812530517578125 233.4875030517578125 236.5124969482421875 238.75 241.6437530517578125 245.225006103515625 249.0500030517578125 256.64373779296875 262.899993896484375 270.38751220703125 280.412506103515625 292.475006103515625 305.08123779296875 323.875 338.600006103515625 354.306243896484375 369.712493896484375 383.42498779296875 393.943756103515625 401.587493896484375 410.850006103515625 416.068756103515625 418.875 421.82501220703125 418.45623779296875
227.318756103515625 231.118743896484375 237.46875 244.181243896484375 248.381256103515625 247.506256103515625 246.1062469482421875 245.193756103515625 243.649993896484375 243.087493896484375 241.1437530517578125 239.2312469482421875 238.712493896484375 237.3249969482421875 236.09375 236.587493896484375 237.243743896484375 237.7062530517578125 237.193756103515625 237.306243896484375 239.537506103515625 241.9875030517578125 243.7062530517578125 246.8625030517578125 250.5124969482421875 253.006256103515625 257.899993896484375 265.70001220703125 271.61248779296875 279.29376220703125 290.98748779296875 303.67498779296875 318.76251220703125 335.6875 355.162506103515625 369.868743896484375 387.51873779296875 405.61248779296875 416.79998779296875 427.3125 437.20623779296875 440.962493896484375 442.568756103515625 443.04998779296875 440.14373779296875
233.318756103515625 240.006256103515625 249.725006103515625 256.337493896484375 260.85626220703125 258.86248779296875 257.95001220703125 258.23126220703125 258.875 257.975006103515625 253.6999969482421875 248.475006103515625 244.743743896484375 241.912506103515625 241.1374969482421875 241.4250030517578125 243.59375 245.100006103515625 245.5437469482421875 245.618743896484375 248.71875 250.056243896484375 250.1125030517578125 253.3937530517578125 257.337493896484375 260.25 265.84375 271.78125 278.14373779296875 287.67498779296875 298.381256103515625 313.649993896484375 329.25 346.868743896484375 366.58123779296875 385.78125 406.287506103515625 427.03125 442.037506103515625 453.40625 462.10626220703125 466.125 466.98126220703125 465.01251220703125 460.4375
246.4812469482421875 252.287506103515625 258.837493896484375 266.774993896484375 271.67498779296875 269.23126220703125 266.431243896484375 266.88751220703125 269.774993896484375 270.600006103515625 263.5 254.5812530517578125 249.287506103515625 247.1437530517578125 245.5 246.693756103515625 248.6374969482421875 251.6374969482421875 251.618743896484375 251.162506103515625 254.618743896484375 255.1437530517578125 256.274993896484375 260.399993896484375 264.26251220703125 267.850006103515625 272.11248779296875 278.100006103515625 287.3125 295.36248779296875 307.95001220703125 321.506256103515625 340.36248779296875 360.118743896484375 380.9375 402.70623779296875 425.09375 447.38751220703125 465.287506103515625 477.33123779296875 488.90625 489.931243896484375 488.850006103515625 487.07501220703125 478.82501220703125
260.100006103515625 267.256256103515625 275.35626220703125 279.95001220703125 280.83123779296875 278 274.42498779296875 273.037506103515625 275.76873779296875 277.66876220703125 267.38751220703125 257.931243896484375 253.875 250.8312530517578125 250.068756103515625 251.193756103515625 253.34375 255.743743896484375 256.568756103515625 255.725006103515625 258.850006103515625 261.23748779296875 263.681243896484375 267.88751220703125 272.53125 278 282.76251220703125 287.8125 294.931243896484375 304.350006103515625 315.587493896484375 329.53125 346.618743896484375 369.912506103515625 393.38751220703125 415.100006103515625 440.806243896484375 464.625 484.21875 500.15625 510.0625 511.57501220703125 510.225006103515625 507.23126220703125 496.3125
272.35626220703125 279.537506103515625 286.33123779296875 288.162506103515625 286.11248779296875 281.01251220703125 275.774993896484375 270.318756103515625 266.787506103515625 263.4375 259.65625 255.3937530517578125 253.506256103515625 252.0437469482421875 252.3249969482421875 253.568756103515625 255.6312408447265625 256.556243896484375 256.625 258.29998779296875 261.631256103515625 266.1875 269.60626220703125 275.181243896484375 281.41876220703125 287.118743896484375 292.350006103515625 296.975006103515625 301.868743896484375 309.6875 323.17498779296875 336.36248779296875 353.89373779296875 375.13751220703125 399.59375 424.181243896484375 449.618743896484375 475.26251220703125 501.13751220703125 516.6500244140625 523.38751220703125 525.71875 524.51251220703125 521.7437744140625 512.98748779296875
280.881256103515625 287.600006103515625 291.600006103515625 293.024993896484375 291.818756103515625 284.89373779296875 274.46875 261.818756103515625 250.78125 246.693756103515625 248.8000030517578125 250.28125 252.1687469482421875 253.037506103515625 253.78125 255.2937469482421875 255.631256103515625 255.2312469482421875 255.59375 257.73748779296875 263.493743896484375 269.743743896484375 275.34375 281.743743896484375 290.649993896484375 296.162506103515625 300.037506103515625 304.17498779296875 307.5 314.743743896484375 326.006256103515625 341.8125 358.61248779296875 379.73748779296875 403.931243896484375 428.649993896484375 455.024993896484375 481.20001220703125 506.59375 522.5250244140625 531.88751220703125 534.48748779296875 533.9124755859375 531.0999755859375 520.0625
288.243743896484375 293.89373779296875 297.63751220703125 298.79998779296875 296.53125 288.556243896484375 276.83123779296875 261.774993896484375 244.618743896484375 237.287506103515625 243.9250030517578125 249.306243896484375 254.1125030517578125 255.15625 256.462493896484375 258.04376220703125 258.056243896484375 257.42498779296875 258.975006103515625 261.07501220703125 265.48126220703125 273.91876220703125 280.71875 292.26873779296875 301.73748779296875 306.45623779296875 307.39373779296875 309.087493896484375 313.07501220703125 318.59375 329.42498779296875 344.34375 360.850006103515625 380.493743896484375 402.524993896484375 427.912506103515625 456.23126220703125 481.875 506.774993896484375 523.03125 533.78753662109375 536.8687744140625 538.0687255859375 535.63751220703125 520.2874755859375
295.537506103515625 300.10626220703125 302.631256103515625 303.243743896484375 301.58123779296875 293.899993896484375 283.28125 269.649993896484375 255.7937469482421875 249.0124969482421875 250.837493896484375 253.149993896484375 257.40625 259.14373779296875 259.881256103515625 261.09375 261.42498779296875 260.600006103515625 261.20001220703125 262.96875 268.118743896484375 277.73126220703125 288.33123779296875 303.412506103515625 311.625 315.962493896484375 316.087493896484375 315.98126220703125 317.318756103515625 320.743743896484375 329.412506103515625 344.975006103515625 362.287506103515625 382.45623779296875 403.375 427.399993896484375 454.068756103515625 480.51873779296875 505.84375 524.6875 537.8687744140625 542.6500244140625 541.1624755859375 532.9312744140625 518.23126220703125
302.39373779296875 306.45001220703125 307.537506103515625 308.04376220703125 307.36248779296875 301.337493896484375 292.26873779296875 279.899993896484375 269.324981689453125 263.51251220703125 261.568756103515625 262.162506103515625 263.54376220703125 265.256256103515625 265.29998779296875 265.068756103515625 264.475006103515625 263.399993896484375 262.46875 263.64373779296875 271.149993896484375 281.95001220703125 296.318756103515625 310.54998779296875 323.15625 324.712493896484375 323.35626220703125 324.28125 323.6875 324.38751220703125 332.837493896484375 345.993743896484375 362.10626220703125 381.412506103515625 402.25 424.76251220703125 449.79376220703125 475.725006103515625 501.51251220703125 523.83123779296875 538.625 541.79998779296875 538.07501220703125 528.70001220703125 512.5
306.95001220703125 310.84375 311.774993896484375 313.0625 311.79376220703125 308.068756103515625 301.79998779296875 291.9375 283.1875 276.868743896484375 273.36248779296875 272.181243896484375 271.63751220703125 272.21875 273.662506103515625 272.95623779296875 269.881256103515625 267.412506103515625 265.875 265.85626220703125 271.38751220703125 283.16876220703125 300.3125 320.17498779296875 331 326.95623779296875 324.399993896484375 325.274993896484375 327.90625 331.91876220703125 336.51873779296875 346.306243896484375 360.431243896484375 377.631256103515625 396.25 420.16876220703125 445.774993896484375 471.33123779296875 495.993743896484375 520.375 537.29998779296875 538.1500244140625 528.9312744140625 510.8125 488.787506103515625
311.0625 314.274993896484375 315.70623779296875 316.08123779296875 315.84375 313.88751220703125 308.78125 301.83123779296875 294.149993896484375 289.256256103515625 286.64373779296875 284.48126220703125 283.78125 281.54998779296875 281.631256103515625 280.04376220703125 275.931243896484375 273.225006103515625 271.67498779296875 269.60626220703125 271.71875 282.61248779296875 298.818756103515625 315.85626220703125 320.256256103515625 318.60626220703125 323.04376220703125 327.48126220703125 332.475006103515625 337.46875 341.92498779296875 347.42498779296875 358.29376220703125 373.36248779296875 390.34375 412.08123779296875 437.287506103515625 462.91876220703125 489.54998779296875 516.4375 536.70001220703125 534.6500244140625 513.54998779296875 490.337493896484375 463.83123779296875
313.568756103515625 317.037506103515625 318.25 318.71875 319.51873779296875 316.89373779296875 314.26251220703125 310.875 306.368743896484375 302.20623779296875 299.15625 297.03125 295.087493896484375 293.806243896484375 289.61248779296875 287.475006103515625 282.681243896484375 278.931243896484375 276.35626220703125 274.756256103515625 278.556243896484375 286.48126220703125 297.32501220703125 308.318756103515625 313.100006103515625 316.23126220703125 322.5 328.556243896484375 334.568756103515625 339.91876220703125 345.61248779296875 350.0625 356.54376220703125 367.118743896484375 381.806243896484375 403.98748779296875 430 454.712493896484375 480.23126220703125 505.45623779296875 524.4625244140625 514.34375 496.75 479.793731689453125 456.78125
314.818756103515625 317 318.73126220703125 321.181243896484375 322.956268310546875 321.23126220703125 320.79998779296875 319.75 316.125 312.8125 310.95001220703125 308.98748779296875 307.125 305.28125 298.850006103515625 295.51873779296875 290.20001220703125 287.368743896484375 284.01251220703125 282.006256103515625 286.15625 292.100006103515625 299.20623779296875 307.693756103515625 314.29376220703125 320.743743896484375 327.09375 333.256256103515625 340.149993896484375 345.962493896484375 348.5 350.9375 356.86248779296875 361.5625 371.631256103515625 395.75 423.837493896484375 448.893768310546875 469.212493896484375 485.725006103515625 493.64373779296875 490.73126220703125 485.92498779296875 473.306243896484375 454.693756103515625
313.4375 316.13751220703125 319.07501220703125 322.350006103515625 325.29998779296875 326.70001220703125 326.82501220703125 326.39373779296875 325.756256103515625 324.568756103515625 322.42498779296875 321.61248779296875 320.274993896484375 317.83123779296875 311.33123779296875 304.756256103515625 298.45623779296875 295.625 292.024993896484375 290.368743896484375 293.14373779296875 297.03125 302.162506103515625 309.20623779296875 315.70001220703125 323.368743896484375 330.681243896484375 338.26873779296875 347.056243896484375 352.537506103515625 355.91876220703125 356.756256103515625 358.737518310546875 362.34375 369.600006103515625 400.131256103515625 425.79998779296875 441.475006103515625 455.024993896484375 467.48748779296875 474.193756103515625 475.01873779296875 473.056243896484375 464.96875 449.337493896484375
312.537506103515625 316.1875 318.8125 323.35626220703125 328.0625 330.568756103515625 333.46875 334.61248779296875 334.881256103515625 335.006256103515625 333.40625 333.92498779296875 333.61248779296875 330.20623779296875 324.681243896484375 316.181243896484375 306.26873779296875 301.537506103515625 299.03125 296.850006103515625 298.706268310546875 301.818756103515625 306.17498779296875 312.34375 319.168731689453125 325.01251220703125 333.068756103515625 342.39373779296875 351.01873779296875 358.45623779296875 362.86248779296875 364.006256103515625 366.63751220703125 374.40625 395.556243896484375 422.0625 436.26873779296875 441.931243896484375 447.350006103515625 454.07501220703125 462.73126220703125 464.13751220703125 460.5625 454.3125 443.13751220703125
310.16876220703125 314.79998779296875 319.75 326.14373779296875 332.100006103515625 335.600006103515625 338.856231689453125 341.868743896484375 343.506256103515625 344.149993896484375 344.01873779296875 346.39373779296875 345.256256103515625 343.04376220703125 336.506256103515625 326.32501220703125 315.79998779296875 304.4375 304.14373779296875 301.524993896484375 304.037506103515625 305.96875 308.318756103515625 313.60626220703125 319.90625 327.85626220703125 334.693756103515625 345.39373779296875 356.256256103515625 363.899993896484375 366.98126220703125 362.462493896484375 367.181243896484375 381.287506103515625 409.368743896484375 446.712493896484375 447.04376220703125 441.61248779296875 441.006256103515625 446.95623779296875 451.068756103515625 451.86248779296875 450.23126220703125 445.243743896484375 435.17498779296875
306.98126220703125 312.818756103515625 318.806243896484375 326.66876220703125 335.006256103515625 340.98748779296875 345.881256103515625 349.993743896484375 351.89373779296875 353.23748779296875 353.75 354.006256103515625 355.60626220703125 355.131256103515625 346.1875 334.39373779296875 322.193756103515625 309.743743896484375 304.11248779296875 302 305.881256103515625 308.92498779296875 306.21875 311.78125 319.125 328.087493896484375 336.681243896484375 345.89373779296875 357.59375 367.07501220703125 371.618743896484375 363 361.375 365.899993896484375 385.53125 417.70001220703125 425.818756103515625 427.92498779296875 433.07501220703125 437.431243896484375 442.09375 441.64373779296875 441.125 438.225006103515625 429.399993896484375
300.78125 308.90625 316.36248779296875 325.850006103515625 336.35626220703125 345.193756103515625 352.20001220703125 357.850006103515625 360.5 361.399993896484375 361.54998779296875 361.506256103515625 364.4375 366.21875 353.850006103515625 336.88751220703125 320.91876220703125 312.943756103515625 305.375 301.82501220703125 302.181243896484375 302.11248779296875 303.48126220703125 308.149993896484375 315.33123779296875 323.524993896484375 332.881256103515625 343.82501220703125 353.34375 359.64373779296875 360.912506103515625 355.46875 345.73748779296875 336.850006103515625 336.399993896484375 361.91876220703125 391.60626220703125 409.11248779296875 421.29376220703125 429.75 434.149993896484375 433.925018310546875 434.837493896484375 433.693756103515625 426.95001220703125
