data/historical-monthly-weather-data/wc2.1_cruts4.09_10m_prec_2018-11.asc
ncols        45
nrows        45
xllcorner    -63.500000000000
yllcorner    -7.500000000000
cellsize     0.166666666667
NODATA_value -9999
[rows 19 to 37 of 45, columns 0 to 43 of 45]
224.056243896484375 223.09375 219.5749969482421875 216.4250030517578125 213.3125 211.5500030517578125 208.8312530517578125 205.0437469482421875 201.7624969482421875 197.587493896484375 191.493743896484375 182.875 172.9250030517578125 162.8687591552734375 154.59375 147.3312530517578125 140.59375 138.774993896484375 138.3249969482421875 139.65625 140.931243896484375 139.15625 136.868743896484375 136.0500030517578125 135.4812469482421875 133.462493896484375 129.9875030517578125 124.9562530517578125 115.5625 105.78125 100.0812530517578125 102.99375152587890625 108.5749969482421875 115 120.7687530517578125 127.44374847412109375 134.943756103515625 142.975006103515625 150.7312469482421875 157.96875 164.443756103515625 169.287506103515625 170.399993896484375 171.850006103515625
214.118743896484375 214.493743896484375 212.931243896484375 210.8249969482421875 208.056243896484375 207.6875 207.25 205.568756103515625 203.774993896484375 200.100006103515625 194.943756103515625 187.4875030517578125 178.5625 167.7937469482421875 158.90625 149.993743896484375 142.3000030517578125 138.243743896484375 137.725006103515625 136.8625030517578125 138.3874969482421875 138.46875 136.9499969482421875 136.756256103515625 136.693756103515625 135.0812530517578125 131.4187469482421875 124.94374847412109375 117.61875152587890625 113.2687530517578125 110.38124847412109375 111.93125152587890625 116.03749847412109375 121.40625 127.1875 134.931243896484375 141.587493896484375 148.662506103515625 155.6125030517578125 162.7375030517578125 168.3625030517578125 172.493743896484375 174.875 175.943756103515625
205.5687408447265625 204.625 204.4187469482421875 203.6687469482421875 202.7624969482421875 203.46875 204.943756103515625 204.8937530517578125 205.212493896484375 203.1875 199.149993896484375 193.4875030517578125 185.65625 174.9562530517578125 164.712493896484375 154.743743896484375 147.056243896484375 141.568756103515625 138.5187530517578125 136.8625030517578125 135.993743896484375 135.600006103515625 135.4250030517578125 135.381256103515625 135.0187530517578125 133.962493896484375 132.4250030517578125 127.8874969482421875 123.5 120.96250152587890625 118.31874847412109375 119.3312530517578125 122.83750152587890625 128.8625030517578125 135.5500030517578125 142.975006103515625 149.4812469482421875 155.7937469482421875 161.25 167.7312469482421875 172.7062530517578125 176.3874969482421875 179.1687469482421875 181.3625030517578125
197.5812530517578125 197.712493896484375 197.756256103515625 197.787506103515625 197.975006103515625 199.3125 200.9250030517578125 203.4250030517578125 205.5812530517578125 204.556243896484375 202.625 198.5437469482421875 194.7375030517578125 184.837493896484375 171.337493896484375 159.2687530517578125 150.1999969482421875 144.118743896484375 139.506256103515625 136.3125 135.0812530517578125 134.125 133.40625 133.443756103515625 134.193756103515625 134.243743896484375 133.125 131.1125030517578125 127.96875 126.27500152587890625 125.40625 126.5124969482421875 130.8874969482421875 136.9625091552734375 143.1999969482421875 150.8937530517578125 157.3874969482421875 161.837493896484375 166.431243896484375 172.056243896484375 177.274993896484375 180.556243896484375 183.3000030517578125 185.568756103515625
190.756256103515625 190.625 191.1687469482421875 190.9562530517578125 191.931243896484375 194.524993896484375 196.9562530517578125 200.1875 201.8312530517578125 201.806243896484375 201 201.162506103515625 200.40625 190.087493896484375 175.25 162.756256103515625 153.1750030517578125 146.868743896484375 141.443756103515625 136.9499969482421875 135.21875 133.743743896484375 132.131256103515625 132.3625030517578125 133.3874969482421875 133.7312469482421875 135.256256103515625 133.21875 132.087493896484375 131.5562591552734375 132.5437469482421875 134.5625 138.59375 143.8000030517578125 149.943756103515625 158.306243896484375 164.524993896484375 166.9875030517578125 171.1875 175.993743896484375 180.40625 183.84375 186.912506103515625 189.34375
186.90625 185.149993896484375 185.6750030517578125 185.9375 187.868743896484375 189.774993896484375 191.71875 194.375 196.3312530517578125 196.6999969482421875 196.881256103515625 195.587493896484375 193.7624969482421875 186.149993896484375 174.5 163.4562530517578125 154.4375 147.8000030517578125 142.506256103515625 137.806243896484375 135.2375030517578125 132.506256103515625 131.1125030517578125 131.1437530517578125 131.8625030517578125 133.9875030517578125 135.712493896484375 135.975006103515625 135.587493896484375 137.131256103515625 138.618743896484375 141.21875 144.8249969482421875 149.3312530517578125 154.087493896484375 160.631256103515625 166.381256103515625 168.8125 173.399993896484375 178.6999969482421875 182.7624969482421875 186.4375 190.943756103515625 195.193756103515625
186.0999908447265625 183.693756103515625 181.443756103515625 182.212493896484375 182.8312530517578125 183.993743896484375 185.212493896484375 187.21875 188.712493896484375 189.337493896484375 189.243743896484375 188.118743896484375 185.125 179.3125 171.006256103515625 162.4250030517578125 154.962493896484375 148.8937530517578125 143.774993896484375 139.3125 136.0437469482421875 132.8125 130.212493896484375 129.368743896484375 131.0187530517578125 134.162506103515625 137.2687530517578125 139.056243896484375 140.1875 142.5749969482421875 144.506256103515625 147.21875 150.3625030517578125 153.0500030517578125 156.600006103515625 161.6750030517578125 166.100006103515625 169.4250030517578125 175.3125 180.71875 185.475006103515625 189.537506103515625 192.850006103515625 198.568756103515625
187.0124969482421875 182.25 179.46875 178.375 177.4187469482421875 177.71875 179.71875 180.975006103515625 181.1312408447265625 181.9375 183.0187530517578125 182.4187469482421875 180.037506103515625 175.8625030517578125 169.5124969482421875 162.0124969482421875 155.8125 150.618743896484375 145.9562530517578125 141.149993896484375 137.59375 134.03125 130.818756103515625 130.1750030517578125 132.9562530517578125 136.274993896484375 139.618743896484375 142.225006103515625 144.787506103515625 146.8000030517578125 149.556243896484375 152.3000030517578125 155.1062469482421875 157.03125 158.5749969482421875 162.537506103515625 166.1374969482421875 168.8125 175.662506103515625 181.90625 187.2624969482421875 190.9812469482421875 194.3625030517578125 198.7624969482421875
188.03125 181.056243896484375 177.0812530517578125 174.125 172.2312469482421875 171.6750030517578125 172.9187469482421875 174.34375 175.087493896484375 175.975006103515625 176.287506103515625 176.431243896484375 175.024993896484375 172.1750030517578125 167.71875 161.875 156.3937530517578125 152.318756103515625 147.9499969482421875 143.6687469482421875 140.537506103515625 136.8812408447265625 135.006256103515625 135.3312530517578125 137.350006103515625 139.868743896484375 142.875 146.0749969482421875 148.787506103515625 150.943756103515625 153.0749969482421875 155.8562469482421875 157.9250030517578125 158.431243896484375 159.9499969482421875 162.975006103515625 165.7062530517578125 168.912506103515625 174.9250030517578125 183.1374969482421875 190.4250030517578125 194.462493896484375 194.337493896484375 197.556243896484375
188.662506103515625 179.78125 173.649993896484375 169.556243896484375 166.681243896484375 165.6374969482421875 166.3000030517578125 167.506256103515625 169.3000030517578125 170.225006103515625 170.90625 171.181243896484375 171.037506103515625 169.193756103515625 165.818756103515625 162.15625 158.5 154.28125 150.381256103515625 146.681243896484375 144.1999969482421875 141.1999969482421875 139.9812469482421875 141.1062469482421875 142.65625 144.4875030517578125 147.6999969482421875 150.34375 153.28125 154.59375 156.5749969482421875 158.59375 159.181243896484375 159.256256103515625 160.587493896484375 162.8874969482421875 165.2375030517578125 167.5812530517578125 173.5 180.6750030517578125 189.34375 192.4250030517578125 194.037506103515625 200.962493896484375
188.6125030517578125 178.8874969482421875 172.0812530517578125 165.8812408447265625 162.9562530517578125 162.2750091552734375 162.881256103515625 164.212493896484375 166.0749969482421875 166.7375030517578125 167.78125 168.868743896484375 169.5187530517578125 169.193756103515625 166.787506103515625 164.0812530517578125 160.287506103515625 157.431243896484375 153.6999969482421875 150.4187469482421875 148.431243896484375 147.1875 146.556243896484375 147.09375 148.4187469482421875 150.368743896484375 153.125 155.1875 157.2937469482421875 158.8312530517578125 160.1875 161.618743896484375 161.7375030517578125 162.068756103515625 162.743743896484375 163.600006103515625 164.53125 167 170.475006103515625 175.8125 182.993743896484375 191.274993896484375 196.725006103515625 205.7937469482421875
187.1999969482421875 177.3562469482421875 170.375 164.1062469482421875 160.2062530517578125 160.3000030517578125 160.9187469482421875 161.8562469482421875 162.9499969482421875 164.5749969482421875 166.1750030517578125 167.868743896484375 169.649993896484375 169.25 167.993743896484375 166.243743896484375 164.162506103515625 161.193756103515625 157.306243896484375 155.743743896484375 154.774993896484375 154.118743896484375 153.899993896484375 154.2687530517578125 154.725006103515625 156.5500030517578125 158.368743896484375 160.21875 161.631256103515625 162.4562530517578125 163.6125030517578125 164.9187469482421875 164.4875030517578125 165.2687530517578125 164.9250030517578125 164.7375030517578125 165.1750030517578125 167.693756103515625 169.4499969482421875 169.21875 176.5124969482421875 188.524993896484375 197.962493896484375 207.1374969482421875
184.662506103515625 175.5625 168.90625 163.8312530517578125 160.75 159.162506103515625 159.3874969482421875 159.6999969482421875 160.8000030517578125 162.3249969482421875 164.368743896484375 166.9812469482421875 169.1687469482421875 170.350006103515625 170.787506103515625 170.1999969482421875 168.8562469482421875 166.287506103515625 163.6875 162.756256103515625 162.3312530517578125 161.681243896484375 161.3000030517578125 161.1875 161.962493896484375 162.7937469482421875 163.693756103515625 164.9250030517578125 165.524993896484375 166.4875030517578125 167.337493896484375 167.78125 167.4375 167.368743896484375 167.84375 167.225006103515625 167.125 167.931243896484375 167.837493896484375 169.131256103515625 178.056243896484375 191.381256103515625 202.774993896484375 216.1125030517578125
179.649993896484375 172.4187469482421875 166.774993896484375 162.7249908447265625 159.881256103515625 158 157.881256103515625 158.1875 158.868743896484375 160.337493896484375 163.787506103515625 166.6687469482421875 170.306243896484375 174.131256103515625 175.1687469482421875 175.8000030517578125 174.9499969482421875 174.4187469482421875 173.087493896484375 172.4187469482421875 172.0187530517578125 170.65625 169.28125 168.774993896484375 169.1374969482421875 169.2687530517578125 169.618743896484375 170 170.7624969482421875 171.212493896484375 171.6875 171.84375 171.3000030517578125 170.9375 171.943756103515625 171.8249969482421875 172.412506103515625 172.4812469482421875 172.2062530517578125 177.5437469482421875 185.962493896484375 198.337493896484375 211.8125 228.2874908447265625
173.806243896484375 168.6125030517578125 164.1687469482421875 161.25 158.443756103515625 156.8937530517578125 156.037506103515625 156.53125 157.100006103515625 158.274993896484375 161.556243896484375 166.7312469482421875 172.3874969482421875 176.912506103515625 179.3249969482421875 181.3125 182.5437469482421875 182.975006103515625 182.7062530517578125 182.7312469482421875 181.78125 180.0187530517578125 178.15625 176.7624969482421875 176.375 175.5625 175.756256103515625 175.34375 175.5812530517578125 175.6062469482421875 175.8000030517578125 176.3312530517578125 175.8562469482421875 175.631256103515625 176.8562469482421875 177.5 177.5124969482421875 176.662506103515625 179.0875091552734375 185.537506103515625 192.7375030517578125 204.78125 220.4499969482421875 238.7375030517578125
168.8562469482421875 165.2624969482421875 161.9250030517578125 159.1062469482421875 156.9187469482421875 155.375 154.181243896484375 154.506256103515625 153.787506103515625 155.462493896484375 159.8312530517578125 167.1437530517578125 174.618743896484375 181.625 185.868743896484375 187.993743896484375 190.649993896484375 192.056243896484375 192.537506103515625 192.850006103515625 192.0124969482421875 189.774993896484375 187.0500030517578125 184.28125 182.3937530517578125 181.4375 180.5812530517578125 180.3249969482421875 179.8625030517578125 179.6750030517578125 180.162506103515625 180.4250030517578125 179.837493896484375 180.462493896484375 180.787506103515625 180.681243896484375 180.693756103515625 183.524993896484375 186.6374969482421875 191.399993896484375 198.3562469482421875 208.8000030517578125 223.087493896484375 239.475006103515625
164.59375 161.524993896484375 158.8125 156.1875 154.1875 152.868743896484375 151.649993896484375 150.4187469482421875 149.28125 150.6062469482421875 156.7937469482421875 166.0812530517578125 176.631256103515625 186.381256103515625 191.1999969482421875 195.6999969482421875 198.3000030517578125 200.65625 202.443756103515625 204.09375 202.649993896484375 198.524993896484375 194.662506103515625 191.3625030517578125 188.787506103515625 186.875 185.931243896484375 185.6875 185.2312469482421875 184.006256103515625 184.774993896484375 184.625 184.5500030517578125 185 184.3125 183.9499969482421875 187.5124969482421875 190.375 192.868743896484375 198.100006103515625 205.2312469482421875 213.6750030517578125 224.662506103515625 238.0500030517578125
160.475006103515625 158.1875 156.243743896484375 154.274993896484375 152.34375 151.1437530517578125 149.3937530517578125 147.5124969482421875 145.7312469482421875 144.850006103515625 153.6750030517578125 169.0625 181.28125 190.756256103515625 196.8562469482421875 202.0500030517578125 205.7312469482421875 208.3562469482421875 210.7312469482421875 212.225006103515625 209.993743896484375 205.350006103515625 201.0437469482421875 197.09375 193.837493896484375 192.087493896484375 190.243743896484375 190.4375 189.4375 188.7062530517578125 188.7624969482421875 189.6750030517578125 189.1999969482421875 189.7375030517578125 189.037506103515625 190.0625 193.7062530517578125 197.337493896484375 200.5812530517578125 203.8312530517578125 209.1750030517578125 215.368743896484375 223.662506103515625 234.3562469482421875
158.0187530517578125 155.8874969482421875 154.162506103515625 152.8312530517578125 151.162506103515625 150.287506103515625 149.149993896484375 147.625 146.625 145.4187469482421875 160.462493896484375 178.0062408447265625 188.1125030517578125 196.7624969482421875 202.975006103515625 208.493743896484375 212.8000030517578125 215.1437530517578125 216.8312530517578125 216.462493896484375 214.568756103515625 210.600006103515625 206.5187530517578125 201.59375 198.350006103515625 196.34375 194.399993896484375 194.4875030517578125 193.881256103515625 193.71875 191.6687469482421875 192.006256103515625 192.34375 193.03125 192.993743896484375 195.5124969482421875 199.7312469482421875 203.09375 207.5749969482421875 211.2312469482421875 213.2062530517578125 218.0437469482421875 222.1750030517578125 228.2375030517578125
