data/historical-monthly-weather-data/wc2.1_cruts4.09_10m_prec_1997-09.asc
ncols        45
nrows        45
xllcorner    -63.500000000000
yllcorner    -7.500000000000
cellsize     0.166666666667
NODATA_value -9999
[rows 19 to 37 of 45, columns 0 to 42 of 45]
46.77500152587890625 44.16249847412109375 42.15000152587890625 40.700000762939453125 39.549999237060546875 39.8125 39.881252288818359375 39.831249237060546875 41.55625152587890625 42.768749237060546875 42.96250152587890625 39.43125152587890625 35.237499237060546875 31.362499237060546875 28.46875 26.243749618530273438 23.831249237060546875 23.068750381469726562 21.950000762939453125 21.737499237060546875 20.318750381469726562 19.125 18.806249618530273438 18.956249237060546875 18.84375 18.262500762939453125 18.243749618530273438 18.3125 17.662500381469726562 17.418750762939453125 17.774999618530273438 20.193750381469726562 20.237499237060546875 20.149999618530273438 19.268749237060546875 17.393749237060546875 15.506250381469726562 13.956250190734863281 12.675000190734863281 11.137499809265136719 9.4312496185302734375 8.0687503814697265625 7.5374999046325683594
43.06874847412109375 41.049999237060546875 39.59999847412109375 38.30625152587890625 37.200000762939453125 37.24375152587890625 37.549999237060546875 37.81874847412109375 39.799999237060546875 41.4375 41.78749847412109375 39.21250152587890625 35.612499237060546875 31.799999237060546875 29.100000381469726562 26.25 23.818750381469726562 22.462499618530273438 22.112499237060546875 21.243749618530273438 20.643749237060546875 20.087499618530273438 19.524999618530273438 19.674999237060546875 19.90625 19.5625 19.431249618530273438 19.131250381469726562 18.950000762939453125 20.15625 21.706249237060546875 24.206249237060546875 24.256250381469726562 24.206249237060546875 24.131250381469726562 21.006250381469726562 17.362499237060546875 14.8125 12.943750381469726562 11.300000190734863281 9.8312501907348632812 8.75 8.125
40.231250762939453125 37.90625 36.59999847412109375 35.52500152587890625 34.84999847412109375 35.27500152587890625 35.58750152587890625 36.30625152587890625 38.331249237060546875 40.09375 40.825000762939453125 39.168750762939453125 36.80625152587890625 33.831249237060546875 30.831249237060546875 27.5 24.918750762939453125 23.418750762939453125 22.887500762939453125 22.043750762939453125 20.856250762939453125 20.287500381469726562 19.856250762939453125 20.012500762939453125 20.087499618530273438 20.0625 20.706249237060546875 20.71875 21.306249618530273438 23.21875 25.375 27.6875 27.256250381469726562 26.53125 24.606250762939453125 21.71875 18.106250762939453125 15.449999809265136719 13.393750190734863281 11.793749809265136719 10.481249809265136719 9.5874996185302734375 9.03125
37.8125 36.02500152587890625 34.5 33.5 32.806247711181640625 33.293750762939453125 34 34.86875152587890625 37.24375152587890625 38.88124847412109375 40.450000762939453125 39.799999237060546875 39 36.84375 32.94374847412109375 29.231250762939453125 26.15625 24.700000762939453125 23.65625 22.737499237060546875 21.649999618530273438 21.056249618530273438 20.4375 20.337499618530273438 20.612499237060546875 20.700000762939453125 21.412500381469726562 22.356250762939453125 23.193750381469726562 25.362499237060546875 28.256250381469726562 31.018749237060546875 29.706249237060546875 27.606250762939453125 24.65625 21.181249618530273438 18.174999237060546875 15.587499618530273438 13.743749618530273438 12.431249618530273438 11.368749618530273438 10.518750190734863281 9.8812503814697265625
36.49375152587890625 34.46875 33.13124847412109375 31.818750381469726562 30.793750762939453125 31.706251144409179688 32.668750762939453125 33.65625 35.950000762939453125 37.84999847412109375 39.450000762939453125 40.424999237060546875 41.33750152587890625 39.700000762939453125 35.25624847412109375 31.131250381469726562 27.881250381469726562 26.356250762939453125 25.225000381469726562 24.056249618530273438 23.012500762939453125 22.168750762939453125 21.787500381469726562 21.756250381469726562 21.924999237060546875 21.899999618530273438 22.706249237060546875 23.774999618530273438 25.381250381469726562 28.018749237060546875 31.03125 33.918750762939453125 31.856250762939453125 28.943750381469726562 25.625 21.625 18.59375 16.1875 14.412500381469726562 13.275000572204589844 12.1875 11.387499809265136719 10.899999618530273438
35.71250152587890625 33.65625 31.943750381469726562 30.331249237060546875 29.962499618530273438 30.725000381469726562 31.612499237060546875 32.68125152587890625 34.762500762939453125 36.918750762939453125 38.831249237060546875 40 41.09999847412109375 40.63124847412109375 36.83750152587890625 32.74375152587890625 29.53125 27.799999237060546875 26.512498855590820312 25.506250381469726562 24.556249618530273438 23.631250381469726562 23.443750381469726562 23.53125 23.306249618530273438 23.631250381469726562 24.59375 25.924999237060546875 27.662500381469726562 30.693750381469726562 33.80625152587890625 36.47499847412109375 34.40000152587890625 31.024999618530273438 27.149999618530273438 23.09375 20.018749237060546875 17.325000762939453125 15.487500190734863281 14.15625 12.981249809265136719 12.368749618530273438 11.962499618530273438
35.518749237060546875 33.96250152587890625 31.631250381469726562 30.125 29.018749237060546875 29.693750381469726562 30.737499237060546875 31.793750762939453125 33.799999237060546875 36.00624847412109375 37.612499237060546875 39.38124847412109375 40.887500762939453125 41.03749847412109375 37.86875152587890625 34.1875 30.9375 29.375 28.043750762939453125 26.931249618530273438 26.081249237060546875 25.162500381469726562 25.106250762939453125 25.318750381469726562 25.274999618530273438 25.399999618530273438 26.881250381469726562 28.700000762939453125 30.481250762939453125 33.66249847412109375 36.91249847412109375 39.78125 36.77500152587890625 32.950000762939453125 29.193750381469726562 25.512500762939453125 21.868749618530273438 18.787500381469726562 17.012500762939453125 15.40625 14.162500381469726562 13.512499809265136719 13.125
34.78125 32.74375152587890625 30.90625 29.674999237060546875 28.612499237060546875 29.393749237060546875 30.337499618530273438 31.237499237060546875 32.956249237060546875 35.16249847412109375 37.34375 39.74375152587890625 41.69374847412109375 42.71250152587890625 39.93125152587890625 36.50624847412109375 33.700000762939453125 31.831249237060546875 30.4375 29.256250381469726562 28.59375 27.825000762939453125 27.712499618530273438 28.53125 28.46875 28.818750381469726562 30.549999237060546875 32.28749847412109375 34.293750762939453125 37.30625152587890625 40.393749237060546875 42.59375 39.71875 35.418750762939453125 30.96875 27.375 23.881250381469726562 20.568750381469726562 18.674999237060546875 17.03125 15.512499809265136719 14.949999809265136719 14.649999618530273438
33.768749237060546875 31.606250762939453125 30.28125 29.075000762939453125 28.4375 29.068750381469726562 30.049999237060546875 31.018749237060546875 32.643749237060546875 34.956249237060546875 37.16249847412109375 40.06874847412109375 42.756252288818359375 44.799999237060546875 42.168750762939453125 38.97499847412109375 36.200000762939453125 34.362499237060546875 32.90000152587890625 31.881250381469726562 31.274999618530273438 30.75 30.787500381469726562 31.600000381469726562 32.125 32.512500762939453125 34.33750152587890625 36.30625152587890625 38.481250762939453125 41.581249237060546875 44.106250762939453125 46.081249237060546875 42.80625152587890625 37.84999847412109375 33.0625 29.28125 26.068750381469726562 22.856250762939453125 20.787500381469726562 18.943750381469726562 17.331249237060546875 16.75 16.100000381469726562
33.174999237060546875 30.799999237060546875 29.549999237060546875 28.618749618530273438 28.143749237060546875 28.71875 29.59375 30.693750381469726562 32.549999237060546875 34.75 36.987499237060546875 40.28125 44.043750762939453125 46.393749237060546875 44.09375 41.825000762939453125 39.731250762939453125 37.049999237060546875 35.424999237060546875 34.46875 34.19374847412109375 34.075000762939453125 34.362499237060546875 35.387500762939453125 35.75 36.55625152587890625 38.55625152587890625 40.99375152587890625 43.72499847412109375 46.00624847412109375 47.96250152587890625 49.44374847412109375 45.40000152587890625 40.268749237060546875 35.59999847412109375 31.637500762939453125 28.549999237060546875 25.46875 23.375 21.299999237060546875 19.018749237060546875 18.056249618530273438 17.643749237060546875
35.03125 32.53125 30.887500762939453125 29.831249237060546875 29.237499237060546875 29.799999237060546875 30.581249237060546875 31.5625 33.456249237060546875 35.5625 37.825000762939453125 41.63124847412109375 45.518749237060546875 48.38124847412109375 47.362499237060546875 45.40625 43.49375152587890625 41.418750762939453125 39.40000152587890625 38.30625152587890625 38.40625 38.8125 39.018749237060546875 39.987499237060546875 41.043750762939453125 42.487499237060546875 44.40000152587890625 46.625 48.787502288818359375 50.731250762939453125 52.5625 53.53125 48.97499847412109375 43.74375152587890625 39.06874847412109375 35.25624847412109375 32.11875152587890625 29.262500762939453125 26.493749618530273438 24.65625 22.431249618530273438 21.143749237060546875 20.268749237060546875
36.71250152587890625 34.19374847412109375 32.8125 31.393749237060546875 30.774999618530273438 31.318750381469726562 31.700000762939453125 32.47499847412109375 34.549999237060546875 36.825000762939453125 39.15625 43.00624847412109375 47.90000152587890625 50.918750762939453125 50.387500762939453125 49.143749237060546875 48.362499237060546875 46.393749237060546875 44.21250152587890625 43.34999847412109375 43.52500152587890625 44.325000762939453125 44.918750762939453125 45.856250762939453125 46.918750762939453125 48.61875152587890625 50.543750762939453125 52.625 54.71250152587890625 55.21250152587890625 56.706249237060546875 57.262500762939453125 52.49375152587890625 47.93125152587890625 43.22499847412109375 38.862499237060546875 35.700000762939453125 32.981250762939453125 30.59375 28.443750381469726562 25.931249618530273438 24.325000762939453125 23.143749237060546875
39.174999237060546875 36.15625 34.58750152587890625 33.387500762939453125 33.012500762939453125 33.125 33.43125152587890625 34.09999847412109375 36.293750762939453125 38.50624847412109375 41.043750762939453125 44.96250152587890625 49.174999237060546875 53.21250152587890625 54.012500762939453125 54.49375152587890625 54.049999237060546875 52.231250762939453125 50.556247711181640625 50 50.487499237060546875 50.487499237060546875 51.28125 52.05625152587890625 54.012500762939453125 54.91249847412109375 56.49375152587890625 59.16249847412109375 61.05625152587890625 60.981250762939453125 61.55625152587890625 60.78749847412109375 56.287502288818359375 51.668750762939453125 46.856250762939453125 42.47499847412109375 39.143749237060546875 35.97499847412109375 33.66249847412109375 31.537500381469726562 29.256250381469726562 27.512500762939453125 26.299999237060546875
44.012500762939453125 41.21875 39.293750762939453125 38.012500762939453125 37.387500762939453125 37.512500762939453125 37.924999237060546875 38.231250762939453125 40.11875152587890625 41.924999237060546875 45.33750152587890625 48.793750762939453125 53.181247711181640625 58.3125 60.012500762939453125 61.875 62.668750762939453125 61.83750152587890625 60.206249237060546875 59.575000762939453125 59.49375152587890625 59.293750762939453125 59.049999237060546875 59.831249237060546875 61.481250762939453125 62.043750762939453125 63.59999847412109375 66.0500030517578125 67.91249847412109375 68.05625152587890625 67.33750152587890625 66.11875152587890625 61.13124847412109375 56.47499847412109375 52.03749847412109375 47.549999237060546875 43.71875 39.856250762939453125 37.612499237060546875 35.875 33.706249237060546875 32.018749237060546875 30.850000381469726562
48.74375152587890625 46.38124847412109375 44.706249237060546875 43.27500152587890625 42.231250762939453125 42.25624847412109375 42.71875 42.99375152587890625 44.331249237060546875 46.262500762939453125 48.793750762939453125 53.52500152587890625 57.981250762939453125 62.22499847412109375 65.8562469482421875 69.05625152587890625 72.2375030517578125 72.06874847412109375 71.15000152587890625 70.5 70.0187530517578125 68.90000152587890625 68 67.9187469482421875 68.56874847412109375 68.9187469482421875 70.4499969482421875 72.84999847412109375 74.36875152587890625 73.88124847412109375 72.9562530517578125 71.31874847412109375 66.43125152587890625 61.47499847412109375 57.06874847412109375 53.31874847412109375 48.637500762939453125 44.387500762939453125 42.24375152587890625 40.075000762939453125 37.856250762939453125 36.75624847412109375 35.881252288818359375
53.97499847412109375 51.75624847412109375 50.16249847412109375 48.950000762939453125 47.86875152587890625 47.512500762939453125 48.012500762939453125 48.21875 48.91249847412109375 50.668750762939453125 53.543750762939453125 58.80625152587890625 63.487499237060546875 68.1750030517578125 72.93125152587890625 77.93125152587890625 82.2624969482421875 82.2624969482421875 82.9375 82.18125152587890625 81.59999847412109375 79.72499847412109375 77.21250152587890625 76.15625 75.36875152587890625 76.00624847412109375 77.8625030517578125 79.66249847412109375 81.00624847412109375 79.6750030517578125 78.09375 75.59375 70.9875030517578125 66.3125 61.637500762939453125 57.1875 52.981250762939453125 49.49375152587890625 46.88124847412109375 44.84375 41.99375152587890625 40.612499237060546875 40.21250152587890625
60.3125 57.981250762939453125 56.737499237060546875 55.63124847412109375 54.59999847412109375 54.47499847412109375 54.325000762939453125 54.93125152587890625 55.81874847412109375 57.31874847412109375 60.46875 65.55625152587890625 71.16249847412109375 76.55625152587890625 81.84375 87.72499847412109375 92.5187530517578125 93.71875 94.78749847412109375 95.3937530517578125 93.2312469482421875 90.3937530517578125 86.2375030517578125 83.8874969482421875 82.83750152587890625 82.66249847412109375 83.7312469482421875 85.5500030517578125 86.84375 84.84375 82.97499847412109375 80.46250152587890625 75.5124969482421875 71.15000152587890625 66.66249847412109375 61.99375152587890625 58.84375 55.13124847412109375 52.50624847412109375 50.237499237060546875 48 46.387500762939453125 45.33750152587890625
66.66249847412109375 64.59375 63.27500152587890625 62.03125 61.65625 61.5625 61.69374847412109375 62.08750152587890625 63.299999237060546875 64.21250152587890625 68.24375152587890625 75.6999969482421875 81.4562530517578125 86.6374969482421875 92.56874847412109375 98.15625 103.66249847412109375 104.2312469482421875 104.7624969482421875 105 103.4375 98.6062469482421875 94 90.6437530517578125 89.0500030517578125 88.6687469482421875 89.09375 90.28125 91.4562530517578125 89.55625152587890625 87.11875152587890625 84.63124847412109375 80.44374847412109375 76.34999847412109375 72.13124847412109375 68.08750152587890625 64.65625 61.46250152587890625 58.387500762939453125 55.6875 53.268749237060546875 51.43125152587890625 50.575000762939453125
72.0749969482421875 70.5625 69.59375 68.3000030517578125 68.2624969482421875 68.69374847412109375 69.2375030517578125 70.1750030517578125 72.0187530517578125 73.1875 81.9187469482421875 89.1437530517578125 93.5437469482421875 97.7687530517578125 103.40625 109.3249969482421875 112.99375152587890625 113.55625152587890625 112.4875030517578125 111.09999847412109375 109.6437530517578125 104.81874847412109375 100.25624847412109375 96.41249847412109375 94.03749847412109375 92.9187469482421875 93.78749847412109375 95.13124847412109375 96.08750152587890625 94.09999847412109375 90.1437530517578125 87.3125 83.74375152587890625 81.1062469482421875 77.6125030517578125 72.6374969482421875 69.40000152587890625 66.2375030517578125 64.2312469482421875 61.8125 58.47499847412109375 57.506252288818359375 55.50624847412109375
