data/historical-monthly-weather-data/wc2.1_cruts4.09_10m_prec_1964-03.asc
ncols        51
nrows        45
xllcorner    -63.500000000000
yllcorner    -7.500000000000
cellsize     0.166666666667
NODATA_value -9999
[rows 20 to 39 of 45, columns 0 to 44 of 51]
294.399993896484375 308.10626220703125 322.26251220703125 337.23126220703125 353.08123779296875 368.725006103515625 383.431243896484375 395.41876220703125 402.806243896484375 405.181243896484375 404.59375 407.181243896484375 410.95623779296875 416.79376220703125 410.17498779296875 396.15625 383.83123779296875 376.08123779296875 373.26251220703125 370.48126220703125 368.89373779296875 367.38751220703125 364.96875 367.3125 371.087493896484375 375.51251220703125 379.79376220703125 383.556243896484375 386.662506103515625 386.5625 379.83123779296875 367.45001220703125 348.462493896484375 325.07501220703125 302.96875 324.1875 354.881256103515625 371.131256103515625 377.23126220703125 376.61248779296875 372.70623779296875 368.681243896484375 363.037506103515625 358.625 356.318756103515625
286.85626220703125 301.568756103515625 318.51873779296875 335.274993896484375 353.0625 371.25 388.33123779296875 403.28125 411.387481689453125 410.087493896484375 402.868743896484375 398.462493896484375 395.63751220703125 396.306243896484375 393.20623779296875 386.79376220703125 380.993743896484375 374.506256103515625 370.03125 365.625 359.837493896484375 355.35626220703125 355.068756103515625 356.10626220703125 359.793731689453125 366.443756103515625 375.26873779296875 379.399993896484375 382.0625 380.76251220703125 372.83123779296875 360.83123779296875 345.537506103515625 330.20623779296875 321.837493896484375 334.212493896484375 357.21875 372.881256103515625 378.9375 376.89373779296875 371.71875 367.42498779296875 362.36248779296875 358.10626220703125 356.524993896484375
282.899993896484375 299.42498779296875 316.568756103515625 334.850006103515625 353.293731689453125 371.399993896484375 388.98748779296875 408.59375 420.850006103515625 413.82501220703125 400.23748779296875 386.64373779296875 376.568756103515625 375.5625 377.88751220703125 377.20623779296875 374.1875 368.95623779296875 363.67498779296875 358.399993896484375 351.181243896484375 343.71875 339.681243896484375 340.037506103515625 346.162506103515625 355.29998779296875 365.58123779296875 372.08123779296875 374.92498779296875 372.693756103515625 366.774993896484375 360.399993896484375 354.318756103515625 347.743743896484375 349.48126220703125 359.13751220703125 372.962493896484375 382.53125 384.35626220703125 379.84375 372.70001220703125 367.42498779296875 362.418731689453125 357.181243896484375 355.975006103515625
282.056243896484375 297.20623779296875 314.787506103515625 333.725006103515625 352.612518310546875 369.5625 388.01251220703125 406.881256103515625 416.868743896484375 407.256256103515625 390.73748779296875 376.42498779296875 360.86248779296875 360.65625 366.443756103515625 368.962493896484375 368.89373779296875 364.79998779296875 357.6875 350.76873779296875 341.649993896484375 332.08123779296875 325.59375 325.08123779296875 329.043731689453125 337.76251220703125 349.181243896484375 359.212493896484375 365.46875 367.850006103515625 367.8125 365.90625 365.068756103515625 365.493743896484375 371.21875 381.350006103515625 390.681243896484375 392.318756103515625 388.475006103515625 381.86248779296875 374.131256103515625 367.306243896484375 361.61248779296875 355.181243896484375 355.76251220703125
286.962493896484375 298.931243896484375 313.931243896484375 332.82501220703125 353.14373779296875 369.17498779296875 383.5625 397.225006103515625 402.33123779296875 396.899993896484375 386.28125 372.506256103515625 362.58123779296875 359.65625 361.59375 365.09375 365.256256103515625 361.524993896484375 354.918731689453125 345.07501220703125 332.412506103515625 320.42498779296875 310.568756103515625 306.399993896484375 311.29376220703125 323.75 335.45001220703125 349.087493896484375 358.256256103515625 366.58123779296875 370.15625 371.9375 375.70623779296875 379.67498779296875 385.368743896484375 389.39373779296875 395.03125 395.29376220703125 389.693756103515625 384.006256103515625 376.118743896484375 368.125 359.66876220703125 355.149993896484375 351.32501220703125
296.63751220703125 307.10626220703125 318.274993896484375 335.787506103515625 352.78125 365.962493896484375 377.506256103515625 387.462493896484375 389.993743896484375 386.649993896484375 379.95001220703125 371.931243896484375 365.087493896484375 360.73748779296875 361.475006103515625 364.631256103515625 363.943756103515625 360.662506103515625 354.537506103515625 341.943756103515625 328.431243896484375 311.57501220703125 296.131256103515625 287.375 294.79998779296875 311.081268310546875 327.743743896484375 341.506256103515625 353.71875 365.443756103515625 373.375 379.875 386.89373779296875 390.399993896484375 393.662506103515625 394.61248779296875 396.743743896484375 396.087493896484375 391.287506103515625 384.89373779296875 377.556243896484375 368.037506103515625 356.10626220703125 349.931243896484375 347.149993896484375
310.82501220703125 316.53125 326.54376220703125 339.03125 351.59375 361.91876220703125 369.962493896484375 376.712493896484375 378.462493896484375 378.056243896484375 375.462493896484375 370.14373779296875 365.100006103515625 361.850006103515625 363.306243896484375 365.5 367.199981689453125 362.618743896484375 355.23126220703125 344.64373779296875 328.25 309.60626220703125 288.756256103515625 277.350006103515625 289.21875 305.256256103515625 322.73748779296875 336.29376220703125 349.26873779296875 362.26251220703125 373.162506103515625 384.256256103515625 394.48748779296875 396.306243896484375 397.45001220703125 397.58123779296875 398.85626220703125 397.318756103515625 393.11248779296875 387.850006103515625 379.1875 368.306243896484375 354.78125 346.26873779296875 351.787506103515625
326.86248779296875 329.587493896484375 336.26251220703125 344.66876220703125 351.58123779296875 358.28125 365.725006103515625 370.318756103515625 371.756256103515625 372.29376220703125 370.443756103515625 366.725006103515625 363.743743896484375 361.90625 364.100006103515625 366.65625 369.462493896484375 367.96875 361.649993896484375 351.92498779296875 336.206268310546875 317.32501220703125 302.431243896484375 293.162506103515625 297.98126220703125 309.45623779296875 323.53125 336.5625 348.100006103515625 359.287506103515625 369.975006103515625 380.23126220703125 390.756256103515625 394.024993896484375 396.556243896484375 397.318756103515625 396.66876220703125 396.76873779296875 394.29376220703125 391.58123779296875 387.10626220703125 374.6875 357.09375 347.70623779296875 363.5625
341.14373779296875 341.850006103515625 345.193756103515625 348.61248779296875 353.90625 357.57501220703125 360.64373779296875 363.79998779296875 365.725006103515625 366.162506103515625 366.381256103515625 364.23748779296875 362.125 361.84375 366.193756103515625 371.16876220703125 376.79998779296875 376.5625 372.662506103515625 364.818756103515625 349.96875 332.76873779296875 320.318756103515625 310.681243896484375 311.79376220703125 317.17498779296875 327.23748779296875 337.962493896484375 347.76873779296875 357.743743896484375 365.743743896484375 373.881256103515625 384.0625 390 394.556243896484375 395.693756103515625 394.51251220703125 394.8125 393.337493896484375 390.76251220703125 391.04998779296875 378.78125 361.73126220703125 361.131256103515625 380.431243896484375
349.64373779296875 348.29376220703125 348.649993896484375 349.35626220703125 351.756256103515625 352.431243896484375 354.65625 357.01251220703125 358.975006103515625 359.493743896484375 360.393768310546875 361.01873779296875 361.899993896484375 363.350006103515625 368.537506103515625 374.51873779296875 380.693756103515625 386.943756103515625 386.01251220703125 376 361.087493896484375 346.087493896484375 333.98126220703125 325.26251220703125 322.712493896484375 325.29998779296875 332.34375 339.462493896484375 346.13751220703125 353.91876220703125 361.20623779296875 367.337493896484375 376.48748779296875 385.32501220703125 391.59375 392.20623779296875 391.23748779296875 392.38751220703125 387.13751220703125 384.243743896484375 385.25 383.381256103515625 376.631256103515625 382.26873779296875 392.98126220703125
353.92498779296875 350.57501220703125 348.73126220703125 348.51873779296875 349.274993896484375 347.86248779296875 349.96875 351.274993896484375 352.54376220703125 353.4375 355.10626220703125 356.524993896484375 359.318756103515625 361.48126220703125 367.975006103515625 375.73748779296875 385.45001220703125 393.34375 397.63751220703125 387.65625 372.537506103515625 356.83123779296875 345.962493896484375 336.649993896484375 331.51873779296875 333.100006103515625 336.20001220703125 339.462493896484375 344.35626220703125 350.556243896484375 356.98126220703125 363.71875 372.712493896484375 381.6875 388.837493896484375 388.39373779296875 387.875 389.65625 382.931243896484375 372.787506103515625 376.274993896484375 385.57501220703125 390.618743896484375 398.537506103515625 409.649993896484375
354.368743896484375 349.65625 346.26251220703125 344.41876220703125 344.193756103515625 342.1875 343.70623779296875 343.649993896484375 344.5625 345.70001220703125 347.78125 350.225006103515625 353.33123779296875 358.40625 366.75 376.024993896484375 383.175018310546875 390.818756103515625 395.42498779296875 391.20623779296875 377.0625 364.4375 352.79376220703125 343.012481689453125 339.475006103515625 337.975006103515625 337.637481689453125 339.875 341.26251220703125 347.40625 353.89373779296875 360.381256103515625 368.23126220703125 377.20623779296875 384.787506103515625 385.006256103515625 386.60626220703125 387.51873779296875 378.431243896484375 372.83123779296875 381.0625 395.962493896484375 406.962493896484375 422.25 437.36248779296875
347.15625 343.006256103515625 339.01251220703125 336.39373779296875 334.287506103515625 333.14373779296875 332.600006103515625 331.48748779296875 331.462493896484375 334.024993896484375 339.88751220703125 342.931243896484375 348.399993896484375 357.23748779296875 365.04376220703125 372.51251220703125 377.818756103515625 385.29376220703125 388.443756103515625 386.51251220703125 376.868743896484375 365.70623779296875 354.306243896484375 346.618743896484375 341.98748779296875 339 337.16876220703125 337.48748779296875 339.09375 344.46875 350.774993896484375 357.256256103515625 365.92498779296875 374.91876220703125 381.58123779296875 384.993743896484375 387.54376220703125 388.118743896484375 382.58123779296875 387.04376220703125 396.787506103515625 411.84375 427.3125 445.431243896484375 471.73126220703125
338.36248779296875 334.42498779296875 331.83123779296875 329.03125 326.381256103515625 323.493743896484375 321.118743896484375 319.1875 318.837493896484375 321.462493896484375 327.84375 335.4375 343.5 351.59375 358.34375 366.056243896484375 372.600006103515625 378.76873779296875 380.399993896484375 379.4375 372.881256103515625 363.14373779296875 354.17498779296875 345.73126220703125 340.875 336.475006103515625 334.793731689453125 333.67498779296875 336.01251220703125 340.98748779296875 346.493743896484375 354.4375 364.04998779296875 372.743743896484375 381.381256103515625 385.662506103515625 388.368743896484375 389.46875 392.14373779296875 399.899993896484375 409.28125 424.943756103515625 444.98126220703125 465.868743896484375 495.774993896484375
329.73748779296875 326.912506103515625 324.63751220703125 321.23748779296875 316.51873779296875 313.38751220703125 309.35626220703125 307.25 305.26873779296875 306.78125 314.90625 326.15625 337.899993896484375 347.51873779296875 355.23748779296875 360.48126220703125 366.16876220703125 371.34375 373.08123779296875 372.337493896484375 367.45001220703125 358.42498779296875 349.88751220703125 341.57501220703125 337.125 333.287506103515625 330.375 329.82501220703125 330.381256103515625 336.537506103515625 343.962493896484375 352.318756103515625 361.649993896484375 371.287506103515625 379.39373779296875 383.381256103515625 387.0625 394.274993896484375 401.006256103515625 409.524993896484375 420.07501220703125 433.975006103515625 453.45623779296875 474.931243896484375 500.068756103515625
322.16876220703125 318.76251220703125 315.806243896484375 312.20623779296875 307.743743896484375 303.524993896484375 299.662506103515625 295.01873779296875 290.79376220703125 291.76251220703125 299.79376220703125 313.21875 328.90625 341.743743896484375 348.931243896484375 354.5 358.431243896484375 362.60626220703125 365.3125 365.743743896484375 360.29376220703125 351.26873779296875 342.193756103515625 335.23748779296875 330.493743896484375 326.48126220703125 323.962493896484375 324.09375 325.181243896484375 331.71875 340.54376220703125 349.15625 357.625 368.256256103515625 376.67498779296875 381.16876220703125 388.712493896484375 396.868743896484375 402.649993896484375 412.51251220703125 424.443756103515625 437.1875 452.600006103515625 473.118743896484375 491.70001220703125
313.41876220703125 310.5625 307.82501220703125 303.90625 300.131256103515625 296.33123779296875 291.475006103515625 286.10626220703125 279.368743896484375 275.45001220703125 286.25 306.649993896484375 323.82501220703125 335.59375 343.17498779296875 347.26873779296875 349.8125 353.056243896484375 356.07501220703125 354.568756103515625 349.60626220703125 341.14373779296875 332.88751220703125 325.225006103515625 320.41876220703125 317.131256103515625 315.631256103515625 317.36248779296875 318.962493896484375 326.943756103515625 336.118743896484375 345.26873779296875 355.38751220703125 366.40625 374.725006103515625 381.64373779296875 390.32501220703125 399.58123779296875 406.181243896484375 413.25 422.96875 434.524993896484375 448.9375 466.59375 482.118743896484375
305.6875 303.54998779296875 300.399993896484375 297.0625 294.524993896484375 291.462493896484375 287.162506103515625 281.26873779296875 276.056243896484375 269.993743896484375 288.53125 309.85626220703125 322.63751220703125 332.524993896484375 337.32501220703125 340.537506103515625 340.743743896484375 342.681243896484375 343.731231689453125 340.96875 334.431243896484375 326.975006103515625 321.100006103515625 313.89373779296875 309.73748779296875 307.637481689453125 307.024993896484375 310.225006103515625 313.48126220703125 322.07501220703125 331.04998779296875 340.506256103515625 351.225006103515625 363.07501220703125 371.3125 380.787506103515625 390.243743896484375 398.03125 406.26873779296875 414.36248779296875 420.70001220703125 431.88751220703125 442.524993896484375 452.975006103515625 465.899993896484375
298.693756103515625 297.056243896484375 295.33123779296875 293.306243896484375 291.76251220703125 288.868743896484375 287.13751220703125 284.399993896484375 285.131256103515625 294.09375 314.66876220703125 322.006256103515625 326.375 331.82501220703125 334.98748779296875 336.32501220703125 335.28125 334.67498779296875 332.706268310546875 327.931243896484375 319.693756103515625 312.556243896484375 307.193756103515625 301.98748779296875 299.3125 298.9375 300.33123779296875 303.82501220703125 308.45623779296875 317.318756103515625 327.337493896484375 335.79376220703125 345.57501220703125 357.35626220703125 369.38751220703125 377.3125 385.23748779296875 394.28125 400.01873779296875 405.29376220703125 410.693756103515625 420.95623779296875 428.899993896484375 438.04376220703125 446.58123779296875
292.475006103515625 291.58123779296875 290.96875 289.54998779296875 289.681243896484375 290.04376220703125 289.118743896484375 291.23126220703125 295.556243896484375 304.100006103515625 315.96875 324.274993896484375 328.868743896484375 331.70001220703125 333.912506103515625 333.431243896484375 331.13751220703125 327.787506103515625 322.287506103515625 316.087493896484375 306.48748779296875 298.912506103515625 292.39373779296875 288.41876220703125 288.287506103515625 289.649993896484375 292.068756103515625 297.375 302.943756103515625 311.399993896484375 320.118743896484375 331.3125 343.868743896484375 354.60626220703125 365.881256103515625 374.268768310546875 380.375 387.774993896484375 393.83123779296875 395.70001220703125 398.662506103515625 407.01251220703125 413.51251220703125 419.92498779296875 426.350006103515625
