data/historical-monthly-weather-data/wc2.1_cruts4.09_10m_prec_1990-11.asc
ncols        45
nrows        45
xllcorner    -63.500000000000
yllcorner    -7.500000000000
cellsize     0.166666666667
NODATA_value -9999
[rows 19 to 37 of 45, columns 0 to 43 of 45]
191.0500030517578125 193.756256103515625 194.524993896484375 195.7312469482421875 196.6750030517578125 196.975006103515625 196.118743896484375 194.118743896484375 191.850006103515625 188.6125030517578125 183.53125 176.1750030517578125 167.5 158.6750030517578125 151.662506103515625 145.625 139.962493896484375 139.037506103515625 139.5124969482421875 141.4812469482421875 141.6999969482421875 138.5625 135.0437469482421875 133.662506103515625 132.65625 130.306243896484375 127 122.2375030517578125 112.9875030517578125 102.30625152587890625 95.625 96.86875152587890625 98.2312469482421875 99.7624969482421875 100.3562469482421875 100.28125 100.50624847412109375 100.72499847412109375 99.66249847412109375 98.0625 96.08750152587890625 93.8249969482421875 89.6750030517578125 86.375
184.975006103515625 189.056243896484375 191.1750030517578125 192.8000030517578125 193.587493896484375 194.84375 195.75 195.506256103515625 194.7937469482421875 192.274993896484375 188.3249969482421875 182.318756103515625 174.8562469482421875 165.475006103515625 157.875 150.131256103515625 143.506256103515625 140.162506103515625 140.34375 139.9187469482421875 140.274993896484375 138.84375 135.9375 135.09375 134.5187530517578125 132.46875 128.9499969482421875 122.7062530517578125 115.46250152587890625 110.30625152587890625 106.5437469482421875 106.6999969482421875 106.81874847412109375 107.6062469482421875 108.3937530517578125 109.125 108.53125 107.9375 105.8874969482421875 103.7687530517578125 100.8562469482421875 97.90000152587890625 94.19374847412109375 90.3937530517578125
179.96875 183.1500091552734375 186.0500030517578125 188.399993896484375 190.40625 192.350006103515625 194.7062530517578125 195.743743896484375 197.2687530517578125 196.6374969482421875 194.0437469482421875 190.09375 183.962493896484375 174.837493896484375 165.868743896484375 157.037506103515625 150.3125 145.28125 142.662506103515625 141.181243896484375 138.9250030517578125 136.9187469482421875 135.2687530517578125 134.4875030517578125 133.506256103515625 131.962493896484375 130.462493896484375 126.0812530517578125 121.75 118.63124847412109375 115.34375 115.25 115.0749969482421875 116.72499847412109375 118.50624847412109375 118.8562469482421875 118.03125 116.65000152587890625 113.03749847412109375 110.02500152587890625 106.3000030517578125 102.66249847412109375 98.7937469482421875 95.2312469482421875
175.2624969482421875 179.6687469482421875 182.4375 185.024993896484375 187.568756103515625 189.8000030517578125 192.0437469482421875 195.306243896484375 198.868743896484375 199.4875030517578125 199.3000030517578125 197.15625 195.3625030517578125 187.3000030517578125 174.943756103515625 163.8562469482421875 155.6062469482421875 149.662506103515625 145.1125030517578125 141.78125 138.993743896484375 136.318756103515625 134.0437469482421875 133.2624969482421875 133.337493896484375 132.837493896484375 131.712493896484375 129.7624969482421875 126.66249847412109375 124.6750030517578125 123.4499969482421875 123.7312469482421875 124.6750030517578125 126.7312469482421875 128.381256103515625 128.9250030517578125 127.9499969482421875 124.93125152587890625 120.1999969482421875 116.13124847412109375 112.13124847412109375 107.7937469482421875 103.4875030517578125 99.5812530517578125
170.7624969482421875 174.9312591552734375 177.8249969482421875 179.78125 182.71875 186.2624969482421875 189.4812469482421875 193.6437530517578125 196.9562530517578125 198.774993896484375 199.9187469482421875 202.2624969482421875 203.743743896484375 195.3125 181.3000030517578125 169.412506103515625 160.306243896484375 153.693756103515625 147.9250030517578125 142.8687591552734375 139.53125 136.3625030517578125 133.225006103515625 132.6875 133.0749969482421875 132.8625030517578125 134.381256103515625 132.4375 131.3625030517578125 130.6437530517578125 131.3937530517578125 132.7687530517578125 133.837493896484375 135.568756103515625 137.6062469482421875 138.8625030517578125 137.649993896484375 132.931243896484375 127.53749847412109375 122.50624847412109375 117.61875152587890625 112.9375 108.36875152587890625 104.09375
168.78125 171.475006103515625 174.0500030517578125 176.056243896484375 179.6125030517578125 182.65625 185.6750030517578125 189.5437469482421875 193.3874969482421875 195.8249969482421875 198.1750030517578125 199.1750030517578125 199.71875 194.03125 182.899993896484375 172.100006103515625 163.193756103515625 155.787506103515625 149.6437530517578125 144.0749969482421875 139.8874969482421875 135.4875030517578125 132.6374969482421875 131.931243896484375 132.056243896484375 133.6687469482421875 135.40625 135.78125 135.4875030517578125 136.9375 138.34375 140.5 141.693756103515625 143.3625030517578125 144.6999969482421875 144.618743896484375 143.21875 138.568756103515625 133.2375030517578125 128.3312530517578125 122.84999847412109375 117.86875152587890625 113.7375030517578125 109.9875030517578125
169.681243896484375 171.8125 171.5187530517578125 173.662506103515625 175.6750030517578125 178.125 180.6687469482421875 184.1125030517578125 187.649993896484375 190.4875030517578125 192.681243896484375 193.9499969482421875 193.28125 189.3812408447265625 181.3312530517578125 172.7312469482421875 165.1125030517578125 157.8874969482421875 151.5625 145.875 140.9875030517578125 136.118743896484375 132.118743896484375 130.5437469482421875 131.6750030517578125 134.34375 137.506256103515625 139.4499969482421875 140.6875 143.131256103515625 145.1062469482421875 147.5749969482421875 148.931243896484375 149.4875030517578125 150.350006103515625 149.287506103515625 147.0749969482421875 143.4187469482421875 139.037506103515625 133.9499969482421875 128.681243896484375 123.46250152587890625 118.09999847412109375 114.74375152587890625
172.59375 172.2937469482421875 171.3562469482421875 171.618743896484375 172.0124969482421875 173.5812530517578125 176.8249969482421875 179.462493896484375 181.537506103515625 184.412506103515625 187.6437530517578125 189.212493896484375 188.962493896484375 186.5500030517578125 180.274993896484375 172.53125 165.9875030517578125 159.618743896484375 153.7062530517578125 147.65625 142.537506103515625 137.443756103515625 132.899993896484375 131.631256103515625 133.9562530517578125 136.850006103515625 140.28125 143.09375 145.787506103515625 147.8562469482421875 150.6750030517578125 153.28125 154.8249969482421875 155.256256103515625 154.8062591552734375 153.40625 151.149993896484375 147.537506103515625 144.1062469482421875 139.7062530517578125 134.7624969482421875 128.787506103515625 122.88124847412109375 118.25
175.7937469482421875 173.100006103515625 170.899993896484375 169.28125 168.6374969482421875 169.2562408447265625 171.6687469482421875 174.34375 176.84375 179.6062469482421875 181.837493896484375 183.943756103515625 184.4499969482421875 183.1374969482421875 178.5749969482421875 172.3312530517578125 166.337493896484375 161.125 155.5625 150.087493896484375 145.506256103515625 140.381256103515625 137.2937469482421875 137.068756103515625 138.662506103515625 140.837493896484375 143.962493896484375 147.375 150.2624969482421875 152.462493896484375 154.65625 157.3562469482421875 158.7375030517578125 158.431243896484375 158.556243896484375 157.1062469482421875 154.837493896484375 152.399993896484375 148.475006103515625 145.7687530517578125 142.1999969482421875 135.84375 126.96250152587890625 121.09375
178.850006103515625 173.9499969482421875 169.4375 166.506256103515625 164.7375030517578125 164.7375030517578125 166.4250030517578125 168.7624969482421875 172.125 174.725006103515625 177.118743896484375 179.131256103515625 180.712493896484375 180.2624969482421875 176.618743896484375 172.4812469482421875 168.243743896484375 162.8937530517578125 157.850006103515625 152.9875030517578125 149.15625 144.787506103515625 142.4187469482421875 143.1062469482421875 144.2937469482421875 145.850006103515625 149.225006103515625 152.09375 155.193756103515625 156.618743896484375 158.6062469482421875 160.631256103515625 161.068756103515625 160.912506103515625 161.5500030517578125 160.225006103515625 158.46875 156.0124969482421875 152.412506103515625 149.2312469482421875 147.006256103515625 139.693756103515625 131.556243896484375 127.68125152587890625
182.225006103515625 175.600006103515625 169.787506103515625 164.1999969482421875 161.868743896484375 161.899993896484375 163.25 165.431243896484375 168.5749969482421875 170.625 173.118743896484375 175.8249969482421875 178.118743896484375 179.181243896484375 176.7249908447265625 173.6875 169.4499969482421875 165.600006103515625 160.75 156.375 153.125 150.6437530517578125 148.931243896484375 149.087493896484375 150.162506103515625 151.90625 154.899993896484375 157.21875 159.5625 161.2312469482421875 162.6875 164.225006103515625 164.4187469482421875 164.8562469482421875 165.2312469482421875 163.4375 161.4187469482421875 160.162506103515625 155.506256103515625 151.943756103515625 149.743743896484375 147.131256103515625 142.068756103515625 139.9250030517578125
184.4875030517578125 176.693756103515625 169.9875030517578125 163.693756103515625 159.850006103515625 160.3125 161.3625030517578125 162.8312530517578125 164.9375 167.6750030517578125 170.4562530517578125 173.6437530517578125 177.0500030517578125 177.96875 176.868743896484375 175.125 172.850006103515625 168.9375 163.962493896484375 161.381256103515625 159.243743896484375 157.40625 156.131256103515625 156.2062530517578125 156.524993896484375 158.2687530517578125 160.3625030517578125 162.53125 164.2312469482421875 165.25 166.5749969482421875 168.0812530517578125 167.975006103515625 169.0875091552734375 168.78125 167 165.59375 165.5749969482421875 160.4875030517578125 153.1374969482421875 152.4375 154.0187530517578125 152.7624969482421875 151.256256103515625
185.9250030517578125 177.7937469482421875 170.6750030517578125 164.975006103515625 161.399993896484375 159.8000030517578125 160.0749969482421875 160.524993896484375 162.368743896484375 164.743743896484375 167.693756103515625 171.6999969482421875 175.34375 177.84375 178.6875 178.34375 177.037506103515625 173.59375 170 168.09375 166.537506103515625 164.725006103515625 163.34375 163.068756103515625 163.7937469482421875 164.6374969482421875 165.868743896484375 167.462493896484375 168.431243896484375 169.65625 170.75 171.5187530517578125 171.6999969482421875 172.1999969482421875 173.1125030517578125 171.84375 170.9375 170.3000030517578125 164.6875 160.006256103515625 162.1437530517578125 165.9562530517578125 167.1687469482421875 169.631256103515625
186.118743896484375 178.9812469482421875 172.3125 167.1374969482421875 163.28125 160.6062469482421875 159.7437591552734375 159.475006103515625 160.537506103515625 162.5749969482421875 166.681243896484375 170.6437530517578125 175.462493896484375 180.4375 182.024993896484375 183.0749969482421875 182.431243896484375 181.149993896484375 178.899993896484375 177.3000030517578125 175.8125 173.3249969482421875 170.993743896484375 170.368743896484375 170.818756103515625 171.03125 171.774993896484375 172.537506103515625 173.725006103515625 174.6125030517578125 175.5 176.100006103515625 176.2624969482421875 176.6437530517578125 178.3249969482421875 178.0749969482421875 178.462493896484375 177.7687530517578125 173.600006103515625 174.568756103515625 178.024993896484375 182.756256103515625 187.537506103515625 194.28125
185.568756103515625 179.725006103515625 173.7312469482421875 169.2624969482421875 164.931243896484375 161.693756103515625 159.212493896484375 158.337493896484375 158.96875 160.4187469482421875 164.056243896484375 170.0187530517578125 176.600006103515625 181.993743896484375 185.0625 187.6687469482421875 189.3312530517578125 189.100006103515625 187.962493896484375 187.068756103515625 185.0749969482421875 182.2312469482421875 179.4499969482421875 178.068756103515625 177.8249969482421875 177.21875 177.818756103515625 177.850006103515625 178.5625 179.15625 179.975006103515625 181.1374969482421875 181.5500030517578125 182.212493896484375 184.3000030517578125 185.318756103515625 185.625 184.662506103515625 185.09375 189.306243896484375 193.725006103515625 200.2687530517578125 209.3874969482421875 220.131256103515625
185.9250030517578125 181.087493896484375 175.7375030517578125 170.912506103515625 166.7624969482421875 162.743743896484375 159.09375 157.337493896484375 156.2375030517578125 157.8249969482421875 162.181243896484375 169.975006103515625 178 185.631256103515625 190.625 193.4562530517578125 196.6999969482421875 197.493743896484375 197.162506103515625 196.618743896484375 194.774993896484375 191.506256103515625 187.96875 185.256256103515625 183.5812530517578125 182.90625 182.5187530517578125 182.75 182.7937469482421875 183.3625030517578125 184.65625 185.7375030517578125 186.1875 187.899993896484375 189.274993896484375 189.9499969482421875 190.6999969482421875 194.2687530517578125 197.21875 201.774993896484375 208.162506103515625 215.3562469482421875 225.71875 237.399993896484375
187.693756103515625 183.125 178.212493896484375 173.350006103515625 169.118743896484375 165.024993896484375 161.0437469482421875 157.318756103515625 154.84375 155.0749969482421875 160.4375 169.6062469482421875 180.15625 189.962493896484375 195.337493896484375 200.462493896484375 203.5187530517578125 205.34375 206.3874969482421875 207.28125 204.9562530517578125 199.9250030517578125 195.306243896484375 192.09375 189.7062530517578125 188.037506103515625 187.537506103515625 187.774993896484375 187.84375 187.53125 189.306243896484375 190.212493896484375 191.34375 193.068756103515625 193.5437469482421875 194.100006103515625 198.78125 202.6125030517578125 205.475006103515625 211.15625 218.53125 225.2312469482421875 234.100006103515625 244.993743896484375
189.693756103515625 185.806243896484375 181.524993896484375 177.1750030517578125 172.78125 168.5812530517578125 163.75 159.0187530517578125 154.725006103515625 151.5812530517578125 158.743743896484375 173.5500030517578125 185.149993896484375 194.024993896484375 200.412506103515625 206.056243896484375 210.0437469482421875 212.1875 213.931243896484375 214.7687530517578125 211.806243896484375 206.3874969482421875 201.46875 197.556243896484375 194.4499969482421875 192.899993896484375 191.4562530517578125 192.1062469482421875 191.6374969482421875 192.0437469482421875 193.318756103515625 195.4812469482421875 196.4499969482421875 198.412506103515625 199.0500030517578125 201.2062530517578125 206.0625 210.875 214.9187469482421875 218.8625030517578125 224.931243896484375 230.787506103515625 238.6687469482421875 248.868743896484375
193.6500091552734375 189.743743896484375 185.493743896484375 181.631256103515625 177.350006103515625 173.1999969482421875 168.75 164 159.5 154.899993896484375 167.6999969482421875 184.0812530517578125 192.8000030517578125 200.1062469482421875 206.2312469482421875 211.899993896484375 216.243743896484375 218.1437530517578125 219.2624969482421875 218.3125 215.8187408447265625 211.28125 206.7375030517578125 201.8249969482421875 198.6875 196.8062591552734375 195.2312469482421875 195.75 195.6999969482421875 196.8000030517578125 196.100006103515625 197.875 199.7937469482421875 202.0625 203.524993896484375 207.350006103515625 212.9875030517578125 217.6750030517578125 223.34375 228.118743896484375 231.056243896484375 236.8125 241.806243896484375 248.818756103515625
