data/historical-monthly-weather-data/wc2.1_cruts4.09_10m_prec_1952-10.asc
ncols        45
nrows        45
xllcorner    -63.500000000000
yllcorner    -7.500000000000
cellsize     0.166666666667
NODATA_value -9999
[rows 0 to 19 of 45, columns 0 to 43 of 45]
84.65625 77.69374847412109375 74.5812530517578125 73.41249847412109375 72.08750152587890625 72.6750030517578125 72.59375 72.6125030517578125 73.27500152587890625 74.7062530517578125 77.2062530517578125 79.94374847412109375 82.31874847412109375 83.61875152587890625 85.7312469482421875 87.75624847412109375 89.5187530517578125 89.9875030517578125 90.90000152587890625 91.41249847412109375 90.75 89.46875 88.43125152587890625 87.21875 86.28749847412109375 85.7062530517578125 85.1875 84.97499847412109375 84.65000152587890625 81.3000030517578125 77.71875 74.19374847412109375 70.71250152587890625 67.375 64.4250030517578125 63.09999847412109375 61.950000762939453125 60.86875152587890625 61.24375152587890625 61.74375152587890625 62.375 63.668750762939453125 64.5437469482421875 64.7687530517578125
86.41249847412109375 78.6875 75.6999969482421875 74.53749847412109375 73.8562469482421875 73.75624847412109375 73.68125152587890625 74.3000030517578125 75.96250152587890625 77.5749969482421875 79.40625 81.375 83.05625152587890625 84.28125 86.05625152587890625 88.02500152587890625 89.16249847412109375 90.59999847412109375 92.2375030517578125 93.6687469482421875 92.68125152587890625 91.5749969482421875 90.52500152587890625 89.08750152587890625 87.6687469482421875 86.1437530517578125 85.70000457763671875 85.28125 84.2687530517578125 79.375 75.03749847412109375 71.06874847412109375 67.68125152587890625 64.625 61.375 59.706249237060546875 58.61875152587890625 57.375 57.77500152587890625 58.21875 58.887500762939453125 60.387500762939453125 61.47499847412109375 61.887500762939453125
92.61875152587890625 85.8312530517578125 82.1062469482421875 80.33750152587890625 78.9250030517578125 78.6437530517578125 78.90625 79.9499969482421875 81.9875030517578125 83.28749847412109375 83.9250030517578125 84.6374969482421875 85.1750030517578125 85.3625030517578125 86.69374847412109375 88.19374847412109375 89.4562530517578125 90.59375 91.7937469482421875 92.83750152587890625 91.4562530517578125 90.4562530517578125 89.09375 87.1374969482421875 85.22499847412109375 83.6687469482421875 82.9812469482421875 82.5187530517578125 80.8625030517578125 76.31874847412109375 72.1750030517578125 67.8562469482421875 64.4812469482421875 61.518749237060546875 58.44374847412109375 56.75 55.362499237060546875 54.231250762939453125 54.65000152587890625 55.05625152587890625 55.69374847412109375 57.21875 58.50624847412109375 59.456249237060546875
98.375 92.1437530517578125 88.6999969482421875 85.2937469482421875 83.1374969482421875 82.83750152587890625 83.72499847412109375 85.34999847412109375 88.40625 89.6999969482421875 88.6125030517578125 87.5812530517578125 86.6125030517578125 85.93125152587890625 87.3249969482421875 88.46875 89.4187469482421875 90.3312530517578125 91.2062530517578125 91.90000152587890625 90.31874847412109375 88.3312530517578125 86.1437530517578125 83.97499847412109375 81.66249847412109375 79.6062469482421875 78.8125 78.125 76.6687469482421875 72.28749847412109375 68.2312469482421875 64.33750152587890625 60.65000152587890625 57.375 54.0625 52.90625 51.6875 50.512500762939453125 51 51.41249847412109375 51.65000152587890625 53.34375 54.91249847412109375 56.262500762939453125
107.96250152587890625 99.7687530517578125 93.19374847412109375 88.72499847412109375 86.4875030517578125 86.59375 87.6062469482421875 89.5 94.1750030517578125 96.72499847412109375 93.1750030517578125 89.5625 87.56874847412109375 86.59999847412109375 87.5625 88.3874969482421875 89.3312530517578125 89.2062530517578125 89.31874847412109375 89.4250030517578125 87.8625030517578125 85.33750152587890625 82.71250152587890625 80.38124847412109375 77.71875 75.3874969482421875 74.1374969482421875 73.74375152587890625 72.72499847412109375 68.09375 64 60.087497711181640625 56.793750762939453125 53.543750762939453125 50.549999237060546875 49.143749237060546875 47.950000762939453125 46.950000762939453125 47.1875 47.46250152587890625 47.575000762939453125 49.03749847412109375 50.918750762939453125 52.46250152587890625
116.18125152587890625 107.9562530517578125 98.8937530517578125 91.38124847412109375 89.88124847412109375 91.18125152587890625 92.0437469482421875 93.46875 97.8562469482421875 101.3312530517578125 95.9187469482421875 91.52500152587890625 89.6125030517578125 88.28125 88.56874847412109375 89.375 89.4875030517578125 88.46875 87.83750152587890625 87.02500152587890625 85.13124847412109375 82.65000152587890625 80.0749969482421875 76.9812469482421875 74.15000152587890625 71.5500030517578125 70.08124542236328125 69.15000152587890625 68.3625030517578125 64.03749847412109375 60.268749237060546875 57.125 54.09375 51.387500762939453125 48.83750152587890625 47.887500762939453125 47.03125 46.50624847412109375 47.075000762939453125 46.825000762939453125 46.012500762939453125 47.262500762939453125 48.72499847412109375 50.33750152587890625
127.0187530517578125 118.1999969482421875 108.30625152587890625 99.55625152587890625 96.13124847412109375 95.43125152587890625 94.8125 93.88124847412109375 94.5749969482421875 94.1062469482421875 92.3937530517578125 91.11875152587890625 90.3874969482421875 89.69374847412109375 89.6750030517578125 90.09375 89.8625030517578125 87.625 85.65000152587890625 84.21875 82.3125 79.91249847412109375 77.09375 73.8937530517578125 70.81874847412109375 67.9499969482421875 66.49375152587890625 65.16249847412109375 63.700000762939453125 60.137500762939453125 56.77500152587890625 53.8125 51.25 49.18125152587890625 47.31874847412109375 46.456249237060546875 45.94374847412109375 45.737499237060546875 46.68125152587890625 45.668750762939453125 44.38124847412109375 44.799999237060546875 45.987499237060546875 47.55625152587890625
138.8562469482421875 129.118743896484375 119.77500152587890625 111.9875030517578125 106.11875152587890625 102.92499542236328125 98.34375 92.40625 87.4187469482421875 85.66249847412109375 87.40625 89.18125152587890625 90.46250152587890625 90.6437530517578125 91.00624847412109375 90.90625 90.125 86.9875030517578125 84.0625 82.0437469482421875 80.0124969482421875 77.3625030517578125 74.38124847412109375 71.07500457763671875 67.71250152587890625 64.3312530517578125 62.46875 60.668750762939453125 58.9375 55.4375 52.700000762939453125 50.393749237060546875 48.49375152587890625 46.99375152587890625 45.46250152587890625 44.77500152587890625 44.09999847412109375 43.787502288818359375 43.731250762939453125 42.65625 41.21250152587890625 41.08750152587890625 41.481250762939453125 42.325000762939453125
149.0812530517578125 140 131.524993896484375 123.40625 116.6875 111.1750030517578125 104.41249847412109375 95.24375152587890625 86 81.8562469482421875 85.7687530517578125 89.49375152587890625 92.1999969482421875 92.8874969482421875 92.86875152587890625 92.3125 90.91249847412109375 88.19374847412109375 85.625 82.9250030517578125 80.13750457763671875 77.1062469482421875 73.0437469482421875 69.66249847412109375 65.58750152587890625 61.5625 59.043750762939453125 57.612499237060546875 55.918750762939453125 52.71875 50.61875152587890625 48.8125 47.09375 45.74375152587890625 44.38124847412109375 44.012500762939453125 43.59375 42.918750762939453125 42.08750152587890625 40.84999847412109375 39.18125152587890625 38.27500152587890625 38.00624847412109375 37.662502288818359375
159.96875 151.09375 142.4875030517578125 134.9875030517578125 128.40625 121.8625030517578125 113.6687469482421875 103.34999847412109375 94.6875 90.2375030517578125 90.63124847412109375 92.7687530517578125 95.3312530517578125 96.2687530517578125 95.56874847412109375 94.22499847412109375 92.09999847412109375 89.78749847412109375 87.4562530517578125 85.2937469482421875 81.53125 77.375 72.2937469482421875 67.7937469482421875 62.72499847412109375 58.33750152587890625 56.081249237060546875 54.24375152587890625 52.731250762939453125 50.262500762939453125 48.325000762939453125 47.11875152587890625 45.793750762939453125 44.825000762939453125 43.950000762939453125 43.59375 43.049999237060546875 42.174999237060546875 41.00624847412109375 39.1875 37.15000152587890625 35.61875152587890625 34.25 33.08750152587890625
171.1437530517578125 162.1750030517578125 153.4187469482421875 146.0124969482421875 139.5812530517578125 134.537506103515625 126.23125457763671875 114.44374847412109375 105.86875152587890625 100.80625152587890625 98.81874847412109375 99.09999847412109375 99.77500152587890625 100.40625 98.8125 96.2375030517578125 93.6687469482421875 91.5 89.5500030517578125 87.6125030517578125 84.0124969482421875 78.3625030517578125 71.8625030517578125 65.55625152587890625 60.49375152587890625 56.25624847412109375 54.09375 52.28749847412109375 50.34375 48.44374847412109375 47.09999847412109375 46.25 45.24375152587890625 44.424999237060546875 43.5625 43.049999237060546875 42.41249847412109375 41.18125152587890625 39.612499237060546875 37.40625 34.981250762939453125 32.93125152587890625 31.15625 29.225000381469726562
179.625 170.381256103515625 161.850006103515625 154.993743896484375 149.0500030517578125 144.649993896484375 137.649993896484375 124.8125 116.3562469482421875 110.40625 106.8562469482421875 105.7375030517578125 104.7687530517578125 104.3874969482421875 102.84375 99.96250152587890625 97.3125 94.91249847412109375 92.8249969482421875 91.21250152587890625 87.9812469482421875 81.1125030517578125 72.9499969482421875 65.65625 59.487499237060546875 54.46250152587890625 52.075000762939453125 50.8125 49.518749237060546875 48.25624847412109375 47.012500762939453125 46.33750152587890625 45.25624847412109375 44.481250762939453125 43.77500152587890625 43.137500762939453125 42.268749237060546875 41.09999847412109375 38.91249847412109375 36.375 33.34375 30.918750762939453125 28.793750762939453125 26.806249618530273438
186.78125 177.774993896484375 169.337493896484375 161.9812469482421875 155.818756103515625 150.59375 142.381256103515625 132.243743896484375 124.5749969482421875 119.3937530517578125 115.40000152587890625 112.5124969482421875 110.50624847412109375 107.96875 106.03749847412109375 103.7312469482421875 100.6374969482421875 98.19374847412109375 95.84999847412109375 93.4250030517578125 90.2624969482421875 82.78125 73.46250152587890625 65.7375030517578125 57.487499237060546875 51.93125152587890625 50.99375152587890625 49.96875 49.1875 48.231250762939453125 47.25624847412109375 46.43125152587890625 45.543750762939453125 44.55625152587890625 43.893749237060546875 43.34999847412109375 42.4375 41.41249847412109375 39.137500762939453125 35.66249847412109375 32.33750152587890625 29.912500381469726562 27.368749618530273438 23.90625
192.5812530517578125 183.375 175.09375 167.431243896484375 160.337493896484375 154.399993896484375 146.587493896484375 138.4812469482421875 132.3312530517578125 127 122.53125 118.58750152587890625 115.24375152587890625 112.2375030517578125 108.8937530517578125 106.61875152587890625 103.22499847412109375 100.02500152587890625 96.7937469482421875 93.4375 88.84999847412109375 81.16249847412109375 72.7687530517578125 65.6875 58.40625 53.03125 51.53125 50.28125 49.262500762939453125 48.09375 47.11875152587890625 46.55625152587890625 45.606250762939453125 44.72499847412109375 44.15625 43.768749237060546875 43.13124847412109375 42.46875 40.168750762939453125 36.831249237060546875 32.75624847412109375 29.131250381469726562 26.231250762939453125 23.575000762939453125
196.1437530517578125 187.0812530517578125 178.068756103515625 170.3874969482421875 163.0749969482421875 156.8562469482421875 150.78125 143.84375 137.743743896484375 132.787506103515625 128.4499969482421875 124.02500152587890625 120.1125030517578125 116.81874847412109375 113.0437469482421875 110.53749847412109375 106.65625 102.28125 97.90000152587890625 94.1062469482421875 88.5749969482421875 81.2312469482421875 73.65625 68.3937530517578125 62.94374847412109375 57.674999237060546875 55.02500152587890625 52.75 50.78125 49.02500152587890625 47.6875 46.856250762939453125 45.918750762939453125 45.38124847412109375 44.86875152587890625 44.387500762939453125 44.299999237060546875 44.768749237060546875 43.94374847412109375 40.706249237060546875 36.15000152587890625 31.84375 28.481250762939453125 25.581249237060546875
197.931243896484375 188.462493896484375 179.931243896484375 172.431243896484375 165.149993896484375 159.8312530517578125 154.149993896484375 147.7312469482421875 142.5 138.0187530517578125 133.087493896484375 127.72499847412109375 123.65000152587890625 120.38124847412109375 117.06874847412109375 113.76250457763671875 108.6687469482421875 103.49375152587890625 98.53749847412109375 93.99375152587890625 87.6062469482421875 80.9499969482421875 74.71875 71.875 67.61875152587890625 62.1875 58.99375152587890625 55.84375 52.8125 50.15625 48.33750152587890625 47 45.825000762939453125 45.31874847412109375 44.575000762939453125 43.893749237060546875 45.09999847412109375 46.418750762939453125 47.262500762939453125 45.09375 41.50624847412109375 36.5 31.893749237060546875 27.918750762939453125
197.6374969482421875 188.5500030517578125 181.3937530517578125 174.725006103515625 167.6062469482421875 162.756256103515625 157.7937469482421875 152.0749969482421875 147.2937469482421875 142.149993896484375 136.84375 131.024993896484375 125.96875 121.9812469482421875 118.2375030517578125 114.2937469482421875 108.2062530517578125 102.5 97.5812530517578125 93.11249542236328125 86.38124847412109375 80.03125 75.125 74.6374969482421875 72.2937469482421875 65.74375152587890625 62.21250152587890625 58.0625 54.00624847412109375 50.825000762939453125 48.90000152587890625 47.924999237060546875 45.71875 43.96875 42.8125 43.456249237060546875 45.44374847412109375 49.643749237060546875 53.78749847412109375 51.231250762939453125 47.34375 41.38124847412109375 35.356250762939453125 30.818750381469726562
197.056243896484375 188.5812530517578125 182.6374969482421875 176.443756103515625 170 166.1500091552734375 161.8312530517578125 156.287506103515625 151.375 146.34375 140.9250030517578125 134.0812530517578125 127.9812469482421875 122.55625152587890625 117.8874969482421875 112.9562530517578125 106.90625 100.9250030517578125 96.8249969482421875 92.46250152587890625 85.40625 78.7312469482421875 73.7624969482421875 74.21875 72.90625 67.850006103515625 65.35625457763671875 60.74375152587890625 55.668750762939453125 51.487499237060546875 49.012500762939453125 47.8125 46.65625 45.737499237060546875 43.31874847412109375 40.97499847412109375 45.28749847412109375 50.768749237060546875 53.97499847412109375 53.4375 49.97499847412109375 44.581249237060546875 38.856250762939453125 34.38124847412109375
194.8249969482421875 188.2375030517578125 183.4250030517578125 178.34375 173.037506103515625 169.524993896484375 165.537506103515625 160.71875 156.587493896484375 150.8562469482421875 144.006256103515625 136.6687469482421875 129.225006103515625 122.375 116.96250152587890625 112.3125 106.40625 100.1437530517578125 96.2687530517578125 91.81874847412109375 84.13124847412109375 78.08750152587890625 71.15625 71.5124969482421875 70.77500152587890625 68.18125152587890625 66.07500457763671875 62.16249847412109375 57.637500762939453125 52.63124847412109375 49 49.50624847412109375 50.862499237060546875 49.549999237060546875 47.306247711181640625 45.768749237060546875 48.193752288818359375 51.53125 53.69374847412109375 53.625 51.28125 47.94374847412109375 42.55625152587890625 38.331249237060546875
191.5 187.03125 183.2687530517578125 179.337493896484375 175.3249969482421875 173.318756103515625 170.556243896484375 166.5124969482421875 162.037506103515625 156.306243896484375 148.6125030517578125 139.65625 130.9250030517578125 122.6999969482421875 116.7062530517578125 111.80625152587890625 105.5500030517578125 101.0187530517578125 97.33750152587890625 93.7624969482421875 84.5437469482421875 76.2312469482421875 70.3937530517578125 70.2624969482421875 69.4812469482421875 66.9875030517578125 65.71875 63.75624847412109375 59.575000762939453125 55.28125 52.862499237060546875 55.16249847412109375 56.200000762939453125 56.762500762939453125 56.518749237060546875 54.643749237060546875 54.09999847412109375 54.81874847412109375 55.081249237060546875 54.418750762939453125 52.956249237060546875 50.456249237060546875 46.19374847412109375 42.21250152587890625
