data/historical-monthly-weather-data/wc2.1_cruts4.09_10m_prec_1988-12.asc
ncols        51
nrows        45
xllcorner    -63.500000000000
yllcorner    -7.500000000000
cellsize     0.166666666667
NODATA_value -9999
[rows 0 to 19 of 45, columns 0 to 44 of 51]
298.399993896484375 297.26251220703125 286.537506103515625 278.743743896484375 268.21875 257.818756103515625 246.1437530517578125 233.0625 221.78125 211.7062530517578125 205.0625 197.6062469482421875 191.4812469482421875 183.287506103515625 175.3874969482421875 167.631256103515625 160.6125030517578125 152.96875 147.1062469482421875 141.881256103515625 140.943756103515625 140.1062469482421875 139.3874969482421875 139.5437469482421875 139.743743896484375 139.662506103515625 140.9437408447265625 142.443756103515625 144.774993896484375 151.8000030517578125 159 167.462493896484375 175.818756103515625 183.993743896484375 191.59375 198.5187530517578125 203.193756103515625 207.087493896484375 206.587493896484375 206.0812530517578125 204.6875 200.7687530517578125 196.5625 191.412506103515625 189.0187530517578125
301.45623779296875 300.6875 295.79376220703125 291.73126220703125 286.225006103515625 274.98126220703125 261.76251220703125 252.0062408447265625 243.318756103515625 234.28125 226.40625 216.8874969482421875 209.4375 201.243743896484375 192.0500030517578125 183.306243896484375 175.193756103515625 166.6125030517578125 158.600006103515625 152.743743896484375 151.225006103515625 150.1875 150.118743896484375 150.59375 151.1437530517578125 151.493743896484375 152.774993896484375 153.9499969482421875 156.3249969482421875 165.7375030517578125 175.3562469482421875 186.243743896484375 194.6437530517578125 204.03125 213.6999969482421875 218.4250030517578125 225.6750030517578125 230.681243896484375 229.162506103515625 227.943756103515625 225.875 221.118743896484375 216.149993896484375 208.475006103515625 204.1750030517578125
294.01873779296875 294.98126220703125 293.149993896484375 291.28125 288.693756103515625 279.875 271.743743896484375 266.024993896484375 259.71875 252.1624908447265625 243.868743896484375 234.462493896484375 227.15625 218.9124908447265625 209.3312530517578125 199.225006103515625 190.818756103515625 182.631256103515625 175.59375 169.9375 169.087493896484375 169.3000030517578125 169.837493896484375 169.756256103515625 169.8562469482421875 170.84375 171.6750030517578125 172.0500030517578125 174.399993896484375 183.131256103515625 193.7624969482421875 205.337493896484375 216.3625030517578125 224.975006103515625 234.5749969482421875 241.412506103515625 247.1437530517578125 251.743743896484375 251.2312469482421875 249.681243896484375 246.774993896484375 240.6062469482421875 233.09375 226.243743896484375 219.337493896484375
282.28125 285.912506103515625 288.568756103515625 287.34375 288.01873779296875 283.462493896484375 280.024993896484375 278.118743896484375 274.10626220703125 269.837493896484375 262.774993896484375 253.8375091552734375 245.5 237.443756103515625 226.78125 216.693756103515625 207.65625 199.3562469482421875 193.693756103515625 190.78125 191.1750030517578125 191.931243896484375 191.75 191.625 190.71875 191.743743896484375 192.125 191.15625 193.3249969482421875 203.28125 213.931243896484375 224.681243896484375 236.875 248.0124969482421875 257.48748779296875 263.9375 268.493743896484375 273.375 274.087493896484375 271.962493896484375 267.399993896484375 259.881256103515625 251 243.462493896484375 234.618743896484375
282.662506103515625 281.006256103515625 279.82501220703125 282.67498779296875 286.631256103515625 286.962493896484375 286.66876220703125 287.90625 288.443756103515625 287.056243896484375 280.350006103515625 270.774993896484375 263.850006103515625 256.45623779296875 245.181243896484375 234.443756103515625 224.6999969482421875 217.7375030517578125 214.1062469482421875 213.6875 215.087493896484375 215.087493896484375 214.912506103515625 214.225006103515625 212.850006103515625 213.6125030517578125 211.7937469482421875 210.1999969482421875 211.787506103515625 222.556243896484375 234.087493896484375 244.524993896484375 256.350006103515625 268.21875 278.45001220703125 285.64373779296875 291.75 296.037506103515625 296.63751220703125 293.831268310546875 288.4375 279.243743896484375 269.70001220703125 259.16876220703125 249.7062530517578125
281.67498779296875 281.243743896484375 278.625 276.9375 282.712493896484375 287.54998779296875 290.53125 292.649993896484375 293.600006103515625 293.399993896484375 288.193756103515625 280.693756103515625 275.912506103515625 269.75 261.58123779296875 252.506256103515625 244.8562469482421875 238.975006103515625 239.3312530517578125 239.649993896484375 238.9812469482421875 239.1062469482421875 237.8125 236.318756103515625 234.506256103515625 233.4812469482421875 232.8562469482421875 230.868743896484375 230.9875030517578125 241.0124969482421875 252.6062469482421875 264.01251220703125 272.66876220703125 282.0625 294.79376220703125 302.181243896484375 307.60626220703125 314.51873779296875 315.743743896484375 310.83123779296875 301.274993896484375 291.712493896484375 279.837493896484375 270.09375 261.08123779296875
282.95623779296875 282.57501220703125 280.84375 278.6875 280.875 284.943756103515625 289.774993896484375 292.64373779296875 292.48126220703125 290.5625 291.037506103515625 287.38751220703125 286.36248779296875 282.38751220703125 276.73748779296875 271.04376220703125 267.568756103515625 268.83123779296875 271.98126220703125 271.412506103515625 267.337493896484375 265.41876220703125 261.86248779296875 258.46875 256.912506103515625 254.381256103515625 252.368743896484375 251.9875030517578125 251.712493896484375 260.206268310546875 270.756256103515625 281.04998779296875 290.21875 298.125 307.712493896484375 314.125 320.92498779296875 327.662506103515625 332.70623779296875 325.45623779296875 312.899993896484375 300.90625 289.899993896484375 278.73126220703125 267.681243896484375
284.07501220703125 283.125 282.60626220703125 283.774993896484375 286.83123779296875 289.125 290.056243896484375 288.524993896484375 285.125 286.67498779296875 292.8125 295.10626220703125 295.67498779296875 296.068756103515625 292.86248779296875 290.743743896484375 290.243743896484375 297.54376220703125 304.40625 300.943756103515625 294.16876220703125 288.53125 283.181243896484375 278.14373779296875 276.975006103515625 275.08123779296875 271.90625 270.568756103515625 272.21875 280.649993896484375 287.962493896484375 296.787506103515625 305.493743896484375 311.993743896484375 321.42498779296875 324.48748779296875 330.212493896484375 334.993743896484375 336.39373779296875 330.193756103515625 319.881256103515625 307.8125 296.79998779296875 285.17498779296875 271.51251220703125
288.26251220703125 287.962493896484375 288.931243896484375 291.087493896484375 293.625 297 298 295.125 287.4375 286.618743896484375 296.037506103515625 301.306243896484375 304.04376220703125 305.056243896484375 305.537506103515625 306.881256103515625 309.65625 317.84375 324.70623779296875 320.20623779296875 309.712493896484375 303.431243896484375 298.506256103515625 296.29998779296875 293.95623779296875 291.33123779296875 287.98126220703125 287.04376220703125 287.34375 293.306243896484375 301.23126220703125 306.84375 313.45001220703125 320.35626220703125 327.056243896484375 329.76873779296875 331.837493896484375 333.024993896484375 331.912506103515625 327.475006103515625 317.41876220703125 306.95623779296875 298.324981689453125 288.58123779296875 277.125
290.412506103515625 291.399993896484375 293.806243896484375 297.818756103515625 300.931243896484375 304.912506103515625 307.15625 306.412506103515625 303.399993896484375 303.225006103515625 308.34375 309.850006103515625 313.462493896484375 313.21875 317.66876220703125 322.193756103515625 326.76251220703125 331.443756103515625 334.475006103515625 331.79376220703125 322.693756103515625 316.26873779296875 312.087493896484375 311.368743896484375 308.537506103515625 305.58123779296875 302.524993896484375 300.98748779296875 301.693756103515625 305.98126220703125 310.1875 314.006256103515625 318.78125 323.26251220703125 329.381256103515625 333.04998779296875 332.875 331.89373779296875 327.8125 322.693756103515625 315.087493896484375 307.375 298.118743896484375 289.462493896484375 280.0625
293.912506103515625 295.3125 297.73748779296875 301.231231689453125 306.65625 313.3125 317.41876220703125 317.368743896484375 315.618743896484375 316.899993896484375 320.818756103515625 322.29998779296875 323.193756103515625 323.625 329.118743896484375 336.08123779296875 341.306243896484375 343.36248779296875 342.85626220703125 339.71875 334.125 328.54376220703125 325.36248779296875 321.51251220703125 323.399993896484375 321.08123779296875 316.6875 312.631256103515625 310.287506103515625 312.975006103515625 315.443756103515625 318.66876220703125 322.36248779296875 325.96875 330.274993896484375 331.51251220703125 330.756256103515625 328.943756103515625 326.537506103515625 320.76873779296875 313.59375 306.34375 299.53125 292.76873779296875 283.068756103515625
296.53125 297.98748779296875 301.34375 306.618743896484375 312.45623779296875 319.60626220703125 325.48748779296875 326.756256103515625 325.475006103515625 328.006256103515625 332.21875 336.037506103515625 335.82501220703125 336.487518310546875 342 346.48126220703125 350.243743896484375 348.79998779296875 346.71875 344.01251220703125 337.75 334.45001220703125 334.875 333.274993896484375 334.76251220703125 332.743743896484375 326.17498779296875 319.64373779296875 314.61248779296875 315.375 315.95623779296875 317.79998779296875 320.725006103515625 324.48126220703125 328.618743896484375 329.60626220703125 328.199981689453125 326.493743896484375 323.14373779296875 317.82501220703125 311.100006103515625 304.76251220703125 298.48748779296875 291.71875 279.98748779296875
298.14373779296875 300.756256103515625 305.193756103515625 310.26873779296875 317.087493896484375 323.243743896484375 328.256256103515625 331.631256103515625 331.625 335.07501220703125 340.131256103515625 346.39373779296875 348.600006103515625 348.51251220703125 353.618743896484375 356.618743896484375 358.125 356.681243896484375 353.39373779296875 348.64373779296875 339.475006103515625 338.743743896484375 343.60626220703125 344.23126220703125 342.818756103515625 338.875 331.743743896484375 324.912506103515625 319.01873779296875 315.58123779296875 313.899993896484375 313.48748779296875 315.33123779296875 319.318756103515625 323.59375 325.98748779296875 325.993743896484375 324.4375 320.787506103515625 314.118743896484375 306.787506103515625 302.681243896484375 295.350006103515625 283.568756103515625 271.631256103515625
297.65625 300.89373779296875 305.58123779296875 311.41876220703125 317.662506103515625 323.41876220703125 328.20623779296875 333.774993896484375 336.506256103515625 339.0625 341.975006103515625 349.73748779296875 356.256256103515625 359.76251220703125 362.08123779296875 366.274993896484375 366.537506103515625 363.431243896484375 359.40625 354.850006103515625 349.087493896484375 348.506256103515625 351.83123779296875 350.98748779296875 348.975006103515625 345.431243896484375 338.73126220703125 328.524993896484375 319.78125 313.59375 309.64373779296875 306.59375 309.006256103515625 312.40625 317.91876220703125 320.818756103515625 322.48748779296875 323.79376220703125 322.068756103515625 317.618743896484375 306.01251220703125 295.23748779296875 286.61248779296875 279.3125 270.381256103515625
298.09375 301.662506103515625 307.36248779296875 313.15625 319.85626220703125 325.068756103515625 331.350006103515625 337.07501220703125 339.931243896484375 341.712493896484375 344.475006103515625 353.15625 359.962493896484375 365.493743896484375 367.118743896484375 370.662506103515625 369.3125 365.868743896484375 361.90625 360.381256103515625 356.556243896484375 356.5 357.993743896484375 355.98748779296875 354 349.899993896484375 341.725006103515625 330.787506103515625 319.65625 308.84375 300.88751220703125 297.04376220703125 299.506256103515625 304.100006103515625 310.60626220703125 312.57501220703125 317.51251220703125 324.100006103515625 328.068756103515625 322.25 307.274993896484375 295.806243896484375 287.23126220703125 279.89373779296875 266.70001220703125
296.54376220703125 301.10626220703125 307.28125 314.3125 321.125 326.85626220703125 332.850006103515625 337.14373779296875 340.28125 344.006256103515625 346.53125 355.0625 363.024993896484375 369.125 371.412506103515625 371.100006103515625 369.40625 368.01873779296875 364.587493896484375 363.26873779296875 362.787506103515625 362.84375 364.33123779296875 361.34375 359.350006103515625 357.162506103515625 347.48748779296875 334.412506103515625 319.58123779296875 303.48748779296875 291.98126220703125 284.61248779296875 284.73748779296875 289.118743896484375 294.431243896484375 298.875 308.08123779296875 320.6875 330.868743896484375 326.118743896484375 310.193756103515625 297.243743896484375 286.79998779296875 274.587493896484375 262.743743896484375
293.83123779296875 299.631256103515625 304.693756103515625 312.70623779296875 320.78125 325.78125 332.131256103515625 338.181243896484375 342.61248779296875 345.48748779296875 348.28125 356.243743896484375 364.54376220703125 371.04998779296875 373.412506103515625 371.92498779296875 366.9375 366.125 365.70001220703125 365.10626220703125 366.65625 368.51873779296875 370.89373779296875 367.162506103515625 365.537506103515625 364.868743896484375 355.48126220703125 338.76873779296875 317.056243896484375 296.350006103515625 281.381256103515625 273.07501220703125 270.1875 268.86248779296875 271.07501220703125 278.29376220703125 293.787506103515625 317.59375 342.73126220703125 331.46875 310.20001220703125 295.162506103515625 280.85626220703125 270.59375 258.693756103515625
289.475006103515625 296.67498779296875 302.875 312.08123779296875 321.13751220703125 328.09375 334.625 340.068756103515625 344.100006103515625 348.1875 351.59375 358.54376220703125 364.48748779296875 369.98748779296875 371.09375 368.78125 363.90625 358.1875 361.412506103515625 361.875 367.399993896484375 371.88751220703125 375.5 372.89373779296875 371.40625 371.100006103515625 363.67498779296875 340.806243896484375 312.25 285.5625 266.587493896484375 256.32501220703125 255.8125 256.375 253.381256103515625 250.243743896484375 276.40625 306.962493896484375 326.48748779296875 322.42498779296875 302.600006103515625 287.57501220703125 275.756256103515625 266.54376220703125 255.4250030517578125
283.350006103515625 291.725006103515625 299.993743896484375 310.193756103515625 320.51251220703125 328.59375 335.57501220703125 343.0625 347.431243896484375 351.36248779296875 352.850006103515625 357.20001220703125 363.087493896484375 368.45623779296875 368.056243896484375 364.73748779296875 360.04376220703125 354.4375 352.07501220703125 354.45623779296875 365.26251220703125 376.618743896484375 378.01251220703125 377.193756103515625 377.274993896484375 376.287506103515625 364.962493896484375 342.024993896484375 310.88751220703125 278.41876220703125 253.1750030517578125 248.4875030517578125 252.975006103515625 253.118743896484375 249.15625 250.993743896484375 270.9375 292.556243896484375 307.13751220703125 304.693756103515625 290.95623779296875 278.48126220703125 268.493743896484375 261.23748779296875 252.9875030517578125
275.41876220703125 285.36248779296875 293.975006103515625 305.29376220703125 317.381256103515625 327.4375 336.35626220703125 344.70623779296875 349.91876220703125 352.04998779296875 353.86248779296875 359.125 364.287506103515625 366.75 363.92498779296875 357.76251220703125 351.67498779296875 349.04376220703125 347.625 349.712493896484375 359.34375 369.587493896484375 379.5 380.57501220703125 380.662506103515625 378.568756103515625 365.33123779296875 345.23126220703125 315.899993896484375 282.79998779296875 259.850006103515625 254.9187469482421875 257.625 260.631256103515625 263 265.28125 276.412506103515625 289.26873779296875 296.5625 294.01251220703125 282.75 269.10626220703125 262.63751220703125 257.66876220703125 251.28125
