data/historical-monthly-weather-data/wc2.1_cruts4.09_10m_prec_1979-07.asc
ncols        45
nrows        45
xllcorner    -63.500000000000
yllcorner    -7.500000000000
cellsize     0.166666666667
NODATA_value -9999
[rows 0 to 18 of 45, columns 0 to 42 of 45]
239.006256103515625 234.243743896484375 226.743743896484375 223.3874969482421875 216.7062530517578125 209.899993896484375 202.9375 194.3625030517578125 190.5625 188.4250030517578125 183.212493896484375 179.649993896484375 175.5 174.4375 176.3562469482421875 176.7624969482421875 177.006256103515625 174.2624969482421875 173.037506103515625 173.8125 172.9812469482421875 167.3625030517578125 163.125 159.993743896484375 158.8562469482421875 155.2624969482421875 156.162506103515625 157.7937469482421875 156.4562530517578125 152.0437469482421875 140.756256103515625 133.475006103515625 130.818756103515625 125.52500152587890625 120.27500152587890625 115.1875 108.2624969482421875 107.3249969482421875 102.5187530517578125 98.81874847412109375 98.74375152587890625 99.18125152587890625 96.55625152587890625
228.618743896484375 224.3249969482421875 218.2062530517578125 216.662506103515625 213.375 207.131256103515625 199.774993896484375 192.662506103515625 188.4187469482421875 183.443756103515625 177.28125 172.024993896484375 167.337493896484375 164.1437530517578125 163.0812530517578125 162.756256103515625 161.881256103515625 161.412506103515625 162.8125 164.0124969482421875 158.6687469482421875 156.1374969482421875 153.131256103515625 152.25 146.462493896484375 143.037506103515625 144.181243896484375 146.0625 143.5187530517578125 136.256256103515625 128.6750030517578125 125.19374847412109375 121.66249847412109375 119.06874847412109375 114.78125 108.59375 102.7375030517578125 100.65625 96.28125 94.3937530517578125 95.78125 94.6125030517578125 93.02500152587890625
205.6750030517578125 207.125 206.225006103515625 203.03125 198.3312530517578125 191.2937469482421875 185.8499908447265625 182.649993896484375 179.274993896484375 174.0562591552734375 167.78125 161.0124969482421875 157.631256103515625 151.4812469482421875 149.2687530517578125 147.75 147.0124969482421875 145.506256103515625 144.743743896484375 145.7624969482421875 140.118743896484375 137.34375 134.7375030517578125 132.306243896484375 127.9562530517578125 122.75 127.33750152587890625 128.65625 127.625 121.6750030517578125 114.60625457763671875 107.03749847412109375 104.4562530517578125 103.61875152587890625 96.6062469482421875 90.81874847412109375 88.1687469482421875 87.78749847412109375 83.8874969482421875 82.875 83.86875152587890625 83.93125152587890625 82.2624969482421875
185.5625 184.2687530517578125 187.1062469482421875 188.5 183.3937530517578125 175.5437469482421875 169.875 169.5812530517578125 168.9562530517578125 165.118743896484375 156.0500030517578125 149.28125 144.631256103515625 141.412506103515625 137.493743896484375 134.09375 131.59375 129.568756103515625 129.162506103515625 131.600006103515625 126.22499847412109375 119.25 115.3000030517578125 113.5 109.97499847412109375 105.91249847412109375 108.1374969482421875 107.6062469482421875 109.1125030517578125 106.625 100.13124847412109375 92.49375152587890625 87.1437530517578125 82.71875 77.53125 77.02500152587890625 76.2937469482421875 73.1062469482421875 71.1875 70.125 72.25624847412109375 74.03749847412109375 73.38124847412109375
185.5437469482421875 177 167.2375030517578125 168.75 170.1687469482421875 162.3000030517578125 158.837493896484375 158.15625 156.5812530517578125 151.899993896484375 147.03125 139.5437469482421875 134.7062530517578125 130.4250030517578125 126.125 122.7687530517578125 119.36875152587890625 117.19374847412109375 113.34375 113.30625152587890625 109.2937469482421875 102.0625 96.75 97.0124969482421875 92.90625 88.6875 89.58750152587890625 92.84375 94.05625152587890625 88.9812469482421875 83.86875152587890625 78.19374847412109375 74.50624847412109375 69.8249969482421875 65.1374969482421875 62.5625 62.049999237060546875 61.056247711181640625 59.33750152587890625 59.493747711181640625 61.15625 61.71250152587890625 63.3125
174.4625091552734375 171.493743896484375 164.125 148.3312530517578125 152.1687469482421875 155.25 151.1750030517578125 148.087493896484375 147.8125 142.6750030517578125 136.412506103515625 130.462493896484375 126.36875152587890625 119.47499847412109375 116.91249847412109375 113.4812469482421875 108.25 102.90625 99.69374847412109375 98.9375 94.2375030517578125 88.40625 84.3125 80.96250152587890625 78.50624847412109375 75.38124847412109375 76.46875 79.09375 79.6687469482421875 75.3000030517578125 70.68125152587890625 67.30625152587890625 63.075000762939453125 59.981250762939453125 55.262500762939453125 53.88124847412109375 51.47499847412109375 50.97499847412109375 51.46875 52.72499847412109375 52.27500152587890625 53.799999237060546875 54.53125
166.337493896484375 164.1999969482421875 158.28125 150.34375 143.7062530517578125 136.962493896484375 137.149993896484375 136.9375 133.931243896484375 130.7062530517578125 126.5625 119.16249847412109375 116.91249847412109375 111.77500152587890625 107.15000152587890625 104.4875030517578125 100.71875 92.3000030517578125 85.4499969482421875 85.05625152587890625 80.13124847412109375 74.40625 69.59999847412109375 67.78749847412109375 65.0812530517578125 63.418750762939453125 66.00624847412109375 66.5812530517578125 66.36875152587890625 64.3125 59.78749847412109375 54.887500762939453125 51.28125 49.331249237060546875 46.706249237060546875 45.05625152587890625 43.174999237060546875 42.418750762939453125 43.5 45.143749237060546875 44.74375152587890625 45.06874847412109375 46.25
161.1062469482421875 156.568756103515625 152.6374969482421875 148.0500030517578125 143.9375 141.6750030517578125 132.881256103515625 121.0500030517578125 116.0500030517578125 113.90625 111.41249847412109375 108.53749847412109375 106.34375 101.75624847412109375 98.71875 95.52500152587890625 90.68125152587890625 82.5 75.3874969482421875 70.15000152587890625 67.6999969482421875 63.612499237060546875 58.49375152587890625 56.325000762939453125 54.612499237060546875 51.50624847412109375 53.643749237060546875 53.96250152587890625 55.5 52.33750152587890625 49.918750762939453125 45.799999237060546875 43.02500152587890625 40.200000762939453125 37.46875 35.78749847412109375 34.69374847412109375 34.41249847412109375 34.65625 35.1875 35.53125 36.518749237060546875 37.34999847412109375
155.962493896484375 152.193756103515625 147.21875 145.0749969482421875 142.84375 137.475006103515625 130.4875030517578125 122.71250152587890625 114.0812530517578125 105.59999847412109375 101.3937530517578125 97.4499969482421875 99.00624847412109375 94.81874847412109375 90.6125030517578125 86.1062469482421875 82.0124969482421875 76.2312469482421875 71.69374847412109375 63.53749847412109375 58.168750762939453125 55.581249237060546875 50.71250152587890625 49.22499847412109375 47.137500762939453125 43.19374847412109375 44.02500152587890625 46.912502288818359375 48.825000762939453125 46.09999847412109375 44.737499237060546875 40.52500152587890625 36.53749847412109375 33.55625152587890625 31.587499618530273438 31.631250381469726562 31.575000762939453125 31.75 31.40625 31.118749618530273438 31.075000762939453125 31.537500381469726562 32.34999847412109375
148.90625 146.506256103515625 143.5 141.59375 139.399993896484375 136.2375030517578125 129.287506103515625 121.9812469482421875 115.0124969482421875 108.88124847412109375 100.9812469482421875 93.40000152587890625 92.8937530517578125 90.0500030517578125 85.11875152587890625 80.2937469482421875 73.8562469482421875 70.1875 66.03749847412109375 60.049999237060546875 54.08750152587890625 47.96250152587890625 42.4375 40.90625 38.450000762939453125 36.418750762939453125 37.293750762939453125 39.6875 40.956249237060546875 39.543750762939453125 38.3125 35.237499237060546875 32.575000762939453125 29.837499618530273438 27.706249237060546875 28.056249618530273438 28.356250762939453125 28.6875 28.475000381469726562 28.924999237060546875 29.34375 29.15625 28.556249618530273438
145.0625 143.131256103515625 139.5812530517578125 138.6875 136.131256103515625 133.1999969482421875 127.4812469482421875 117.8937530517578125 109.05625152587890625 103.40000152587890625 98.4187469482421875 92.84999847412109375 86.66249847412109375 84.78125 77.5812530517578125 71.6062469482421875 66.75 63.18125152587890625 59.13124847412109375 55.81874847412109375 51.231250762939453125 44.19374847412109375 36.918750762939453125 32.43125152587890625 31.75 31.506250381469726562 32.75 34.331249237060546875 34.481250762939453125 33.762500762939453125 32.86875152587890625 31.674999237060546875 29.668750762939453125 26.975000381469726562 25.424999237060546875 25.431249618530273438 25.8125 25.512500762939453125 26.5625 26.606250762939453125 26.28125 25.787500381469726562 25.768749237060546875
141.600006103515625 138.2687530517578125 135.381256103515625 134.9875030517578125 133.4875030517578125 130.8625030517578125 126.55625152587890625 117.6750030517578125 107.5500030517578125 99.0500030517578125 93.2375030517578125 89.40625 81.0749969482421875 76.6687469482421875 72.6062469482421875 65.63124847412109375 60.981250762939453125 57.55625152587890625 54.075000762939453125 51.674999237060546875 48.58750152587890625 42.02500152587890625 35.72499847412109375 30.65625 27.993749618530273438 25.575000762939453125 26.9375 29.212499618530273438 30.3125 29.981250762939453125 28.90625 28.368749618530273438 27.181249618530273438 25.5 24.59375 25.100000381469726562 25.206249237060546875 25.837499618530273438 25.256250381469726562 25.293750762939453125 24.737499237060546875 24.65625 23.399999618530273438
134.0625 132.912506103515625 131.6125030517578125 129.4375 126.7375030517578125 124.6999969482421875 119.4187469482421875 110.49375152587890625 101.7624969482421875 96.1125030517578125 91.38124847412109375 84.78749847412109375 79.0625 69 63.03125 59.65000152587890625 55.4375 52.793750762939453125 49.71250152587890625 46.549999237060546875 42.52500152587890625 36.50624847412109375 31.1875 27.1875 23.462499618530273438 21.350000381469726562 22.975000381469726562 25.350000381469726562 26.787500381469726562 26.700000762939453125 26.206249237060546875 25.424999237060546875 25.087499618530273438 24.006250381469726562 23.318750381469726562 24.174999237060546875 25.350000381469726562 26.674999237060546875 27.193750381469726562 25.943750381469726562 24.293750762939453125 23.399999618530273438 21.268749237060546875
127.875 126.30625152587890625 125.3125 122.58750152587890625 119.2312469482421875 115.6750030517578125 110.4375 103.1875 98.41249847412109375 91.7937469482421875 86.84375 80.3562469482421875 72.25624847412109375 63.84999847412109375 54.637500762939453125 52.75624847412109375 48.625 46.731250762939453125 43.50624847412109375 40.862499237060546875 36.52500152587890625 31.487499237060546875 26.53125 23.462499618530273438 20.318750381469726562 18.256250381469726562 19.487499237060546875 21.075000762939453125 22.512500762939453125 22.993749618530273438 24.037500381469726562 24.193750381469726562 23.268749237060546875 22.481250762939453125 22.168750762939453125 23.975000381469726562 26.337499618530273438 28.706249237060546875 29.78125 28.149999618530273438 24.131250381469726562 21.643749237060546875 21.237499237060546875
122.7062530517578125 119.59375 117.2687530517578125 115.3874969482421875 111.03125 106.69374847412109375 104.18125152587890625 97.5124969482421875 91.91249847412109375 85.875 80.91249847412109375 73.5625 66.58750152587890625 59.549999237060546875 49.15625 45.81874847412109375 42.68125152587890625 40.737499237060546875 38.27500152587890625 36.22499847412109375 32.856250762939453125 28.012500762939453125 23.393749237060546875 21.424999237060546875 19.40625 17.856250762939453125 19.03125 20.268749237060546875 21.837499618530273438 22.887500762939453125 23.100000381469726562 23.837499618530273438 23.956249237060546875 22.806249618530273438 21.456249237060546875 22.981250762939453125 26.762500762939453125 30.84375 32.46875 30.737499237060546875 28.106250762939453125 25.875 26.506250381469726562
114.77500152587890625 112.125 110.38124847412109375 107.22499847412109375 103.78749847412109375 101.6687469482421875 96.19374847412109375 90.43125152587890625 85.625 81.47499847412109375 75.7375030517578125 68.78749847412109375 62.11875152587890625 55.25624847412109375 46.78125 38 36.393749237060546875 35.53749847412109375 33.299999237060546875 31.806249618530273438 28.512500762939453125 24.737499237060546875 20.881250381469726562 20.237499237060546875 18.9375 17.587499618530273438 18.375 19.168750762939453125 20.756250381469726562 22.1875 24.181249618530273438 24.206249237060546875 23.087499618530273438 21.731250762939453125 20.787500381469726562 24.356250762939453125 27.78125 31.59375 34.44374847412109375 35.46250152587890625 34.53749847412109375 32 29.875
107.27500152587890625 105 103.8312530517578125 101.78749847412109375 99.21250152587890625 94.5437469482421875 90.7624969482421875 85.5812530517578125 81.16249847412109375 77.1999969482421875 72.15625 64.50624847412109375 57.08750152587890625 51.268749237060546875 46.331249237060546875 39.418750762939453125 32.99375152587890625 30.575000762939453125 30.287500381469726562 28.762500762939453125 25.506250381469726562 22.106250762939453125 19.131250381469726562 19.225000381469726562 18.881250381469726562 16.674999237060546875 16.768749237060546875 17.612499237060546875 19.587499618530273438 21.887500762939453125 24.331251144409179688 26.206249237060546875 24.943750381469726562 23.743749618530273438 25.181249618530273438 27.581249237060546875 31.875 37.28125 41.56874847412109375 39.74375152587890625 37.97499847412109375 34.237499237060546875 30.237501144409179688
99.4875030517578125 98.8312530517578125 96.6062469482421875 95.46250152587890625 92.7312469482421875 87.21875 82.83750152587890625 78.75 74.84375 69.4187469482421875 65.20624542236328125 60 53.53749847412109375 48.206249237060546875 44.58750152587890625 39.96875 34.174999237060546875 27.9375 28.243749618530273438 26.649999618530273438 23.556249618530273438 20.287500381469726562 18.1875 18.325000762939453125 18.056249618530273438 16.131250381469726562 16.137500762939453125 17.331249237060546875 19.537500381469726562 21.537500381469726562 22.975000381469726562 24.681249618530273438 27.893749237060546875 28.431249618530273438 27.706249237060546875 31.418750762939453125 36.581249237060546875 40.325000762939453125 42.75 41.49375152587890625 37.418750762939453125 33.856250762939453125 30.231250762939453125
92.22499847412109375 91.69374847412109375 88.61875152587890625 86.6687469482421875 85.09375 80.78749847412109375 75.5 72.25624847412109375 69.375 64.875 60.93125152587890625 54.875 49.768749237060546875 45.887500762939453125 41.15625 38 33.96250152587890625 29.006250381469726562 25.34375 23.537500381469726562 21.787500381469726562 20.424999237060546875 15.337499618530273438 15.993749618530273438 16.212499618530273438 15.893750190734863281 16.549999237060546875 17.462499618530273438 19.787500381469726562 22.337499618530273438 24.556249618530273438 27.112499237060546875 29.40625 29.181249618530273438 29.299999237060546875 32.33750152587890625 35.21250152587890625 37.63124847412109375 39.78125 37.77500152587890625 35.53749847412109375 32.03749847412109375 29.524999618530273438
