data/historical-monthly-weather-data/wc2.1_cruts4.09_10m_prec_1973-08.asc
ncols        51
nrows        45
xllcorner    -63.500000000000
yllcorner    -7.500000000000
cellsize     0.166666666667
NODATA_value -9999
[rows 0 to 18 of 45, columns 0 to 42 of 51]
262.256256103515625 267.587493896484375 265.9375 269.96875 275.03125 279.537506103515625 275.65625 274.79998779296875 273.243743896484375 268.506256103515625 256.21875 248.4375 243.875 234.725006103515625 227.25 215.2624969482421875 206.8312530517578125 197.6125030517578125 188.34375 184.4250030517578125 180.71875 174.993743896484375 169.8249969482421875 165.399993896484375 159.5812530517578125 154.225006103515625 152.375 152.40625 146.024993896484375 147.3312530517578125 143.96875 145.350006103515625 146.568756103515625 144.600006103515625 144.5437469482421875 146.0812530517578125 146.0437469482421875 147.975006103515625 151.2375030517578125 153.243743896484375 156.181243896484375 161.381256103515625 163.1062469482421875
253.53125 257.806243896484375 264.23748779296875 271.743743896484375 281.618743896484375 285.556243896484375 279.081268310546875 278.431243896484375 279.08123779296875 275.32501220703125 266.42498779296875 260.975006103515625 251.399993896484375 239.850006103515625 229.9187469482421875 221.837493896484375 210.350006103515625 200.1875 191.600006103515625 185.850006103515625 181.7937469482421875 176.056243896484375 171.0500030517578125 167.618743896484375 160.9250030517578125 153.693756103515625 153.46875 150.71875 144.03125 143.149993896484375 143.181243896484375 143.09375 143.256256103515625 143.53125 142.225006103515625 142.131256103515625 139.368743896484375 143.037506103515625 144.59375 146.306243896484375 152.4250030517578125 155.631256103515625 159.975006103515625
233.1125030517578125 240.8249969482421875 250.6062469482421875 262.649993896484375 274.274993896484375 279.45001220703125 279.618743896484375 280.412506103515625 279.3125 275.89373779296875 272.21875 266.899993896484375 256.70623779296875 242.2937469482421875 231.0437469482421875 221.3937530517578125 211.3562469482421875 201.1999969482421875 192.725006103515625 184.631256103515625 182.8937530517578125 180.875 176.662506103515625 174.162506103515625 165.3874969482421875 159.337493896484375 159.4499969482421875 153.274993896484375 145.587493896484375 145.318756103515625 142.96875 142.443756103515625 142.4562530517578125 143.475006103515625 140.46875 136.8125 136.0187530517578125 138.7687530517578125 139.443756103515625 143.3000030517578125 151.100006103515625 155.65625 162.2937469482421875
213.6062469482421875 217.78125 231.6999969482421875 246.4562530517578125 257.14373779296875 264.26251220703125 270.20001220703125 275.15625 280.693756103515625 279.056243896484375 273.26251220703125 265.20623779296875 256.587493896484375 242.75 230.90625 219.8312530517578125 210.7624969482421875 202.131256103515625 194.412506103515625 191.875 189.2937469482421875 185.4875030517578125 181.162506103515625 178.875 171.149993896484375 164.3312530517578125 162.056243896484375 151.806243896484375 144.3562469482421875 144.056243896484375 142.287506103515625 139.6750030517578125 137.118743896484375 135.6374969482421875 133.618743896484375 132.337493896484375 134.600006103515625 135.399993896484375 134.618743896484375 140.7624969482421875 146.8125 155.1437530517578125 161.743743896484375
214.837493896484375 212.537506103515625 213.462493896484375 224.1125030517578125 239.4250030517578125 247.8874969482421875 254.868743896484375 268.15625 279.03125 279.46875 272.350006103515625 262.90625 254.056243896484375 242.881256103515625 229.787506103515625 219.318756103515625 208.4812469482421875 199.3312530517578125 192.506256103515625 192.037506103515625 194.25 188.2687530517578125 185.2687530517578125 185.3312530517578125 175.2062530517578125 166.850006103515625 159.7687530517578125 153.381256103515625 145.193756103515625 140.9250030517578125 141.65625 137.5250091552734375 135.9187469482421875 134.899993896484375 132.65625 129.3625030517578125 128.9812469482421875 129.8312530517578125 129.3625030517578125 133.256256103515625 142.9562530517578125 151.1875 161.625
208.4187469482421875 205.368743896484375 203.462493896484375 200.431243896484375 213.0749969482421875 231.2937469482421875 241.7937469482421875 251.649993896484375 263.98126220703125 265.71875 256.33123779296875 248.2624969482421875 242.618743896484375 234.21875 222.5124969482421875 214.0124969482421875 202.725006103515625 193.6750030517578125 191.100006103515625 191.899993896484375 194.149993896484375 192.0500030517578125 189.78125 182.3562469482421875 175.65625 168.3125 160.693756103515625 152.40625 145.1062469482421875 138.931243896484375 138.3562469482421875 136.806243896484375 132.662506103515625 131.625 127.125 126.08750152587890625 123.5187530517578125 121.1999969482421875 122.4499969482421875 128.149993896484375 133.8937530517578125 143.350006103515625 153.9812469482421875
203.087493896484375 201.5500030517578125 199.96875 198.125 202.3125 210.743743896484375 220.0625 229.243743896484375 230.7312469482421875 234.4250030517578125 233.1125030517578125 230.0187530517578125 229.6062469482421875 223.9187469482421875 216.693756103515625 209.3625030517578125 199.649993896484375 193.71875 190.59375 194.3562469482421875 194.9812469482421875 194.3625030517578125 192.0625 185.556243896484375 177.3249969482421875 170.4375 161.59375 151.59375 140.84375 138.006256103515625 135.25 131.556243896484375 129.4812469482421875 127.55625152587890625 123.7312469482421875 120.6125030517578125 116.22499847412109375 113.99375152587890625 115.97499847412109375 121.0749969482421875 125.71250152587890625 134.431243896484375 146.162506103515625
199.1999969482421875 195.1062469482421875 196.9187469482421875 197.287506103515625 202.65625 210.756256103515625 209.649993896484375 200.96875 195.9875030517578125 200.96875 211.243743896484375 212.6875 213.600006103515625 211.7687530517578125 208.4250030517578125 202.7624969482421875 196.8874969482421875 192.9375 190.6437530517578125 193.5437469482421875 196.78125 196.818756103515625 192.399993896484375 184.6750030517578125 179.125 169.587493896484375 159.024993896484375 149.4499969482421875 139.787506103515625 133.1374969482421875 132.399993896484375 128.056243896484375 123.84375 122.5437469482421875 116.65625 112.4812469482421875 108.0187530517578125 104.6125030517578125 104.7937469482421875 107.4812469482421875 112.3562469482421875 121.30625152587890625 131.7937469482421875
196.1062469482421875 192.6125030517578125 195.6437530517578125 194.524993896484375 197.524993896484375 201.756256103515625 202.350006103515625 196.837493896484375 183.943756103515625 179.8125 187.774993896484375 191.431243896484375 198.9499969482421875 198.931243896484375 197.6999969482421875 194.8625030517578125 194.6875 193.443756103515625 196.375 195.243743896484375 195.868743896484375 197.1437530517578125 191.962493896484375 189.2937469482421875 181.53125 169.056243896484375 155.0124969482421875 147.443756103515625 138.09375 131.0437469482421875 129.337493896484375 122.09999847412109375 115.75624847412109375 110.5124969482421875 106.15625 104.08750152587890625 100.7312469482421875 97.66249847412109375 96.34375 97.77500152587890625 100.46250152587890625 105.65000152587890625 112.2624969482421875
191.4375 188.6999969482421875 190.125 191.4875030517578125 194.0500030517578125 197.3000030517578125 201.181243896484375 195.712493896484375 185.8625030517578125 184.649993896484375 185.662506103515625 182.787506103515625 188.5437469482421875 190.46875 188.912506103515625 189.462493896484375 189.3937530517578125 193.0812530517578125 196.662506103515625 199.1062469482421875 199.3874969482421875 196.3249969482421875 190.337493896484375 186.993743896484375 178.0187530517578125 165.4812469482421875 152.212493896484375 143.0437469482421875 131.943756103515625 124.3000030517578125 118.75 112.44374847412109375 109.06874847412109375 105.6374969482421875 102.31874847412109375 99.21875 94.4875030517578125 90.34999847412109375 89.65625 89.875 90.4562530517578125 92.41249847412109375 95.34375
190.274993896484375 187.2624969482421875 186.3312530517578125 186.774993896484375 190.506256103515625 196.818756103515625 199.899993896484375 192.0625 184.78125 181.2375030517578125 183.4562530517578125 181.1875 181.1875 180.9375 178.7375030517578125 179.056243896484375 181.9312591552734375 188.6125030517578125 193.2624969482421875 199.399993896484375 205.7687530517578125 202.4250030517578125 194.6875 184.412506103515625 179.15625 167.125 153.9875030517578125 141.568756103515625 127.125 117.3312530517578125 113.0437469482421875 107.11875152587890625 105.44374847412109375 102.40625 97.30625152587890625 92.7375030517578125 87.6437530517578125 84.1875 82.0437469482421875 80.4875030517578125 79.16249847412109375 79.9562530517578125 82.3562469482421875
186.7312469482421875 184.6999969482421875 183.899993896484375 185.7312469482421875 189.9875030517578125 195.943756103515625 200.100006103515625 194.587493896484375 186.256256103515625 181.2937469482421875 180.9812469482421875 178.8000030517578125 175.475006103515625 171.7312469482421875 175.225006103515625 175.537506103515625 176.943756103515625 180.8249969482421875 188.0187530517578125 197.912506103515625 205.4625091552734375 203.506256103515625 197.381256103515625 188.3562469482421875 178.09375 157.899993896484375 144.3000030517578125 133.6750030517578125 120.9562530517578125 112.40625 106.40625 102.75 98.6437530517578125 95.3562469482421875 92.21250152587890625 89.1687469482421875 84.5187530517578125 79.8312530517578125 75.00624847412109375 70.75 68.84375 69.0437469482421875 69.5437469482421875
181.625 177.899993896484375 178.399993896484375 178.4812469482421875 183.9499969482421875 188.03125 187.8625030517578125 185.693756103515625 178.5437469482421875 175.21875 174.912506103515625 174.28125 169.8000030517578125 162.8499908447265625 162.4499969482421875 164.868743896484375 165.256256103515625 172.1374969482421875 178.8625030517578125 185.59375 194.96875 195.306243896484375 191.068756103515625 177.475006103515625 159.0187530517578125 142.368743896484375 134.4499969482421875 125.66249847412109375 117.8000030517578125 109.97499847412109375 102.75624847412109375 97.44374847412109375 95.1999969482421875 89.43125152587890625 87.0437469482421875 86.03125 84.9250030517578125 79.6062469482421875 75.0749969482421875 67.31874847412109375 60.112499237060546875 61.18125152587890625 60.268749237060546875
175.193756103515625 169.9250030517578125 169.3874969482421875 171.806243896484375 174.975006103515625 176.743743896484375 176.618743896484375 176.931243896484375 170.556243896484375 167.75 165.443756103515625 162.475006103515625 160.1687469482421875 155.006256103515625 147.4875030517578125 151.568756103515625 153.868743896484375 159.75 161.5 166.3937530517578125 175.631256103515625 176.8625030517578125 173.993743896484375 164.1687469482421875 150.28125 137.774993896484375 129.868743896484375 122.18125152587890625 114.6125030517578125 108.08750152587890625 102.19374847412109375 94.66249847412109375 91.5187530517578125 86.93125152587890625 86.375 87.80625152587890625 87.2624969482421875 85.7937469482421875 81.4499969482421875 71.15000152587890625 57.206249237060546875 52.97499847412109375 54.456249237060546875
167.90625 165.162506103515625 163.5500030517578125 163.96875 167.5124969482421875 168.681243896484375 168.243743896484375 166.587493896484375 160.9875030517578125 158.5625 153.8562469482421875 152.712493896484375 150.443756103515625 144.118743896484375 136.274993896484375 135.125 137.0749969482421875 139.837493896484375 142.850006103515625 148.40625 157.0124969482421875 160.306243896484375 160.3937530517578125 156.618743896484375 149.2624969482421875 141.2687530517578125 131.6687469482421875 122.25624847412109375 112.96875 105.7312469482421875 98.28125 92.34999847412109375 89.4187469482421875 86.9250030517578125 85.02500152587890625 87.16249847412109375 89.74375152587890625 94.6875 91.9375 78.625 67.80625152587890625 62.924999237060546875 63.93125152587890625
158.6125030517578125 157.4562530517578125 157.6062469482421875 158.212493896484375 159.96875 162.318756103515625 162.1374969482421875 157.818756103515625 153.3312530517578125 149.993743896484375 145.71875 142.537506103515625 138.712493896484375 133.337493896484375 126.66249847412109375 119.41249847412109375 120.2062530517578125 123.03125 125.5187530517578125 131.5124969482421875 139.225006103515625 145.5187530517578125 151.4187469482421875 153.8125 150.84375 143.8125 134.181243896484375 122.36875152587890625 111.96875 105.1062469482421875 98.9812469482421875 92.5500030517578125 88.08750152587890625 85.55625152587890625 85.0500030517578125 92.8937530517578125 97.99375152587890625 102.3562469482421875 100.97499847412109375 92.1687469482421875 83.18125152587890625 76.77500152587890625 71.71250152587890625
153.100006103515625 152.8000030517578125 152.25 153.6437530517578125 153.412506103515625 156.193756103515625 157.1875 154.59375 147.850006103515625 144.774993896484375 140.6875 135.21875 130.96875 125.34375 118.38124847412109375 111.28125 104.30625152587890625 105.25 110.375 117.15000152587890625 122.3874969482421875 131.8249969482421875 142.6687469482421875 152.7375030517578125 154.9875030517578125 147.274993896484375 133.524993896484375 121.7062530517578125 109.52500152587890625 101.56874847412109375 97.36875152587890625 94.25 92.06874847412109375 90.59375 99.19374847412109375 106.28125 110.9187469482421875 118.15000152587890625 118.97499847412109375 104.43125152587890625 91.09999847412109375 81.3874969482421875 73.1374969482421875
145.337493896484375 147.181243896484375 148.2937469482421875 150.993743896484375 151.5187530517578125 154.524993896484375 152.899993896484375 151.0812530517578125 145.1999969482421875 140.7687530517578125 136.475006103515625 131.6750030517578125 124.2624969482421875 117.01874542236328125 110.34999847412109375 103.11875152587890625 96.09999847412109375 91.05625152587890625 98.1125030517578125 102.13124847412109375 109.5500030517578125 119.5124969482421875 133.524993896484375 144.5187530517578125 151.5124969482421875 146.868743896484375 135.59375 122.5 108.3125 98.5500030517578125 89.61875152587890625 85.1437530517578125 94.4375 104.3249969482421875 109.625 118.125 125.02500152587890625 128.0187530517578125 122.78749847412109375 110.50624847412109375 92.3000030517578125 83.0124969482421875 75.0124969482421875
137.818756103515625 140.8562469482421875 143.6875 147.46875 150.5625 152.03125 151.7937469482421875 149.381256103515625 146.787506103515625 143.21875 137.600006103515625 127.66249847412109375 120.15625 113.09375 104.0437469482421875 98.375 91 84.3562469482421875 85.34375 90.83750152587890625 103.53125 124.09375 120.40625 132.837493896484375 140.774993896484375 144.4875030517578125 136.5812530517578125 122.19374847412109375 110.71250152587890625 96.1437530517578125 85.88124847412109375 86.40000152587890625 98.0812530517578125 106.03125 113.41249847412109375 121.21875 122.7375030517578125 119.72499847412109375 115.90000152587890625 103.9499969482421875 91.3125 82.5 74.78749847412109375
