data/historical-monthly-weather-data/wc2.1_cruts4.09_10m_prec_2021-11.asc
ncols        51
nrows        45
xllcorner    -63.500000000000
yllcorner    -7.500000000000
cellsize     0.166666666667
NODATA_value -9999
[rows 20 to 39 of 45, columns 0 to 43 of 51]
201.34375 209.462493896484375 217.243743896484375 224.9187469482421875 231.8312530517578125 240.243743896484375 248.5749969482421875 255.71875 263.399993896484375 268.73748779296875 271.71875 270.11248779296875 265.774993896484375 257.85626220703125 251.306243896484375 244.037506103515625 238.068756103515625 236.962493896484375 241.7312469482421875 245.7062530517578125 252.162506103515625 255.7312469482421875 255.7750091552734375 255.1875 254.3249969482421875 250.287506103515625 241.087493896484375 226.6750030517578125 210.5 196.8125 185.756256103515625 182.3249969482421875 182.118743896484375 183.568756103515625 185.6062469482421875 191.3874969482421875 195.625 199.6374969482421875 199.193756103515625 198.274993896484375 195.75 192.493743896484375 187.59375 181.943756103515625
194.618743896484375 201.125 209.318756103515625 217.3312530517578125 225.4812469482421875 236.0187530517578125 247.806243896484375 258.16876220703125 269.29998779296875 277.53125 282.79376220703125 284.53125 282.48748779296875 275.23126220703125 266.774993896484375 257.899993896484375 251.943756103515625 247.962493896484375 247.725006103515625 249.5812530517578125 250.4562530517578125 251.8000030517578125 253.131256103515625 252.4562530517578125 250.7687530517578125 247.625 242.162506103515625 231.15625 220.118743896484375 209.6875 199.0124969482421875 194.75 194.6374969482421875 198.3312530517578125 202.818756103515625 208.3125 212.399993896484375 215.243743896484375 212.0437469482421875 209.625 205.5812530517578125 200.8625030517578125 195.4625091552734375 190.149993896484375
188.2687530517578125 195.6437530517578125 203.306243896484375 211.256256103515625 219.9499969482421875 231.9875030517578125 245.037506103515625 259.625 273.868743896484375 284.15625 293.149993896484375 297.88751220703125 302.78125 297.524993896484375 283.9375 271.587493896484375 263.20623779296875 257.475006103515625 253.7687530517578125 251.9812469482421875 251.0187530517578125 250.125 249.3937530517578125 248.5 248.6750030517578125 247.381256103515625 242.46875 235.850006103515625 226.9250030517578125 218.100006103515625 210.5625 206.649993896484375 209.0749969482421875 214.318756103515625 219.412506103515625 225.625 229.774993896484375 229.9875030517578125 224.8625030517578125 220.6062469482421875 216.162506103515625 209.962493896484375 203.5437469482421875 197.4562530517578125
182.5 189.5 197.5812530517578125 205.181243896484375 214.618743896484375 228.1999969482421875 242.4562530517578125 258.21875 272.15625 284.16876220703125 295.181243896484375 306.60626220703125 316.71875 311.024993896484375 294.84375 281.26251220703125 271.48126220703125 264.412506103515625 258.26251220703125 253.193756103515625 250.8125 248.53125 245.7375030517578125 244.96875 245.4875030517578125 244.5124969482421875 244.1999969482421875 237.306243896484375 231.7624969482421875 224.90625 220.3937530517578125 218.0124969482421875 221.431243896484375 227.118743896484375 233.818756103515625 241.7687530517578125 245.9812469482421875 243.537506103515625 237.6687469482421875 232.006256103515625 226.25 219.3562469482421875 212.40625 205.693756103515625
179.5187530517578125 184.875 193 201.1687469482421875 211.725006103515625 224.5812530517578125 238.287506103515625 253.399993896484375 267.931243896484375 280.73126220703125 293.38751220703125 302.67498779296875 311.037506103515625 309.38751220703125 297.725006103515625 285.837493896484375 276.350006103515625 267.618743896484375 260.587493896484375 254.2312469482421875 249.9499969482421875 245.0625 242.4187469482421875 241.1062469482421875 240.84375 242.8937530517578125 242.7062530517578125 239.649993896484375 235.193756103515625 231.8000030517578125 227.9812469482421875 226.6750030517578125 231.1687469482421875 237.8000030517578125 244.274993896484375 250.375 254.6062469482421875 252.6687469482421875 247.3562469482421875 242.3125 235.84375 228.4375 222.287506103515625 216.7062530517578125
179.46875 184.2062530517578125 189.662506103515625 198.4499969482421875 207.600006103515625 219.524993896484375 232.225006103515625 246.3312530517578125 260.243743896484375 273.337493896484375 285.54376220703125 294.837493896484375 300.9375 301.70623779296875 294.82501220703125 286.475006103515625 279.006256103515625 270.350006103515625 262.743743896484375 255.975006103515625 250.0749969482421875 244.0812530517578125 239.0124969482421875 235.8562469482421875 237.1437530517578125 240.806243896484375 242.7937469482421875 242.1687469482421875 240.024993896484375 237.96875 234.7937469482421875 233.8249969482421875 239.5124969482421875 245.4375 252.100006103515625 256.90625 259.95623779296875 260.03125 256.85626220703125 251.9812469482421875 246.306243896484375 238.618743896484375 230.225006103515625 225.6750030517578125
181.0437469482421875 183.125 188.0124969482421875 194.8125 202.006256103515625 212.431243896484375 225.443756103515625 237.943756103515625 249.381256103515625 262.01873779296875 275.14373779296875 284.32501220703125 290.475006103515625 293.100006103515625 288.98748779296875 282.04376220703125 276.4375 269.42498779296875 262.725006103515625 255.475006103515625 249.0812530517578125 242.5 236.3000030517578125 233.462493896484375 236.537506103515625 240.2375030517578125 242.2375030517578125 242.6062469482421875 242.5812530517578125 240.0500030517578125 238.4250030517578125 237.9375 244.931243896484375 251.7437591552734375 257.21875 261.5625 264.506256103515625 264.70623779296875 263.53125 260.337493896484375 255.7624969482421875 247.6875 239.368743896484375 233.3562469482421875
182.7624969482421875 182.2624969482421875 185.84375 190.556243896484375 196.5124969482421875 205.3249969482421875 216.725006103515625 228.6437530517578125 240.1374969482421875 252.1437530517578125 263.287506103515625 272.625 279.306243896484375 283.125 281.600006103515625 277.0625 272.45001220703125 267.58123779296875 261.712493896484375 255.6374969482421875 250.118743896484375 243.40625 239.681243896484375 238.3625030517578125 239.806243896484375 241.806243896484375 242.774993896484375 243.7062530517578125 243.556243896484375 241.4562530517578125 239.149993896484375 239.2062530517578125 246.9375 253.681243896484375 261.04376220703125 265.318756103515625 268.14373779296875 270.381256103515625 268.618743896484375 268.89373779296875 267.45623779296875 259.925018310546875 247.2312469482421875 239.975006103515625
184.3937530517578125 181.462493896484375 182.4875030517578125 185.625 190.068756103515625 197.65625 207.5625 218.3937530517578125 230.5187530517578125 241.7624969482421875 252.625 261.28125 269.04998779296875 273.70623779296875 273.48126220703125 272.287506103515625 270.53125 265.67498779296875 260.912506103515625 256.08123779296875 251.787506103515625 246.3249969482421875 243.7375030517578125 243.618743896484375 243.9875030517578125 244.5187530517578125 245.3874969482421875 244.90625 244.7375030517578125 241.756256103515625 239.649993896484375 239.2312469482421875 246.381256103515625 254.306243896484375 263.243743896484375 267.76873779296875 271.33123779296875 273.41876220703125 272.506256103515625 272.13751220703125 273.57501220703125 265.29998779296875 255.2375030517578125 252.9875030517578125
187.068756103515625 181.9375 180.6687469482421875 179.84375 182.662506103515625 189.649993896484375 198.5437469482421875 208.568756103515625 219.756256103515625 229.681243896484375 240.09375 249.399993896484375 257.943756103515625 264.712493896484375 266.125 266.556243896484375 264.75 262.524993896484375 258.35626220703125 254.5749969482421875 251.2624969482421875 248.9562530517578125 247.40625 246.0749969482421875 245.868743896484375 246.350006103515625 246.193756103515625 244.5812530517578125 243.125 241.6687469482421875 240.068756103515625 240.09375 247.2937469482421875 256.25 264.90625 268.556243896484375 271.443756103515625 275.399993896484375 272.475006103515625 271.25 272.475006103515625 273.14373779296875 269.3125 270.79376220703125
188.71875 181.912506103515625 178.625 175.90625 175.9499969482421875 182.850006103515625 190.875 199.431243896484375 208.7375030517578125 218.9499969482421875 229.193756103515625 238.9312591552734375 248.818756103515625 255.274993896484375 258.506256103515625 260.70623779296875 261.88751220703125 259.743743896484375 255.681243896484375 254.975006103515625 253.493743896484375 252.2249908447265625 251.3125 249.53125 247.6999969482421875 247.7687530517578125 245.8937530517578125 243.78125 241.381256103515625 240.28125 240.024993896484375 241.3687591552734375 248.3249969482421875 258.40625 265.98748779296875 269.524993896484375 273.318756103515625 279.14373779296875 275.39373779296875 267.375 270.98748779296875 279.07501220703125 282.381256103515625 285.287506103515625
189.7062530517578125 182.1374969482421875 177.3625030517578125 174.1999969482421875 173.53125 177.493743896484375 183.9875030517578125 190.6999969482421875 199.1374969482421875 208.318756103515625 218.2624969482421875 228.774993896484375 238.8187408447265625 247.306243896484375 253.09375 257.162506103515625 259.67498779296875 258.48126220703125 256.774993896484375 257.318756103515625 256.73126220703125 255.462493896484375 254.28125 251.6687469482421875 250.131256103515625 248.431243896484375 245.0500030517578125 241.8874969482421875 238.4875030517578125 239.037506103515625 240 241.631256103515625 249.25 258.42498779296875 267.837493896484375 272.162506103515625 276.6875 281.306243896484375 276.66876220703125 273.181243896484375 281.493743896484375 293.39373779296875 301.162506103515625 311.42498779296875
190.837493896484375 183.9375 178.7687530517578125 175.25 173.375 174.6750030517578125 178.1875 182.5124969482421875 189.381256103515625 197.631256103515625 208.462493896484375 218.6875 230.09375 241.7624969482421875 248.212493896484375 253.868743896484375 257.08123779296875 259.01873779296875 259.48126220703125 260.54998779296875 260.056243896484375 257.787506103515625 255.1374969482421875 251.96875 249.9187469482421875 247.1999969482421875 243.0749969482421875 238.7624969482421875 235.8249969482421875 237.1374969482421875 239.21875 241.8562469482421875 249.5 258.306243896484375 268.6875 274.662506103515625 281.3125 285.975006103515625 283.70001220703125 289.60626220703125 299.818756103515625 312.41876220703125 325.48748779296875 342.4375
191.4187469482421875 185.506256103515625 180.2312469482421875 176.5749969482421875 173.256256103515625 172.3249969482421875 172.28125 174.2937469482421875 180.03125 187.100006103515625 196.78125 209.15625 222.5500030517578125 234.5124969482421875 242.5 249.75 255.7937469482421875 259.14373779296875 261.23126220703125 263.36248779296875 262.10626220703125 259.337493896484375 256.11248779296875 251.8249969482421875 248.7687530517578125 244.837493896484375 240.5749969482421875 235.2937469482421875 231.962493896484375 234.1999969482421875 237.5812530517578125 242.2312469482421875 250.256256103515625 259.274993896484375 270.056243896484375 278.04998779296875 284.73126220703125 289.100006103515625 294.13751220703125 305.07501220703125 316.48126220703125 331.068756103515625 350.225006103515625 372.59375
193 187.8312530517578125 182.4499969482421875 177.6750030517578125 173.6687469482421875 170.4187469482421875 167.59375 167.21875 170.3625030517578125 176.912506103515625 186.71875 200.725006103515625 215.3937530517578125 229.7375030517578125 239.6999969482421875 246.850006103515625 254.59375 259.181243896484375 262.29376220703125 264.837493896484375 263.79998779296875 260.46875 256.21875 250.225006103515625 245.2312469482421875 241.2937469482421875 235.837493896484375 231.0187530517578125 227.1374969482421875 230.587493896484375 235.96875 241.65625 249.712493896484375 259.95001220703125 269.48748779296875 277.04376220703125 284.4375 295.78125 304.6875 315.875 330.006256103515625 344.66876220703125 364.46875 386.85626220703125
196.5500030517578125 191.5124969482421875 186.2624969482421875 181.0625 176.6437530517578125 172.6750030517578125 168.931243896484375 165.774993896484375 166.0812530517578125 169.6437530517578125 178.9499969482421875 193.125 209.337493896484375 224.975006103515625 234.9499969482421875 244.681243896484375 251.943756103515625 257.475006103515625 262.087493896484375 266.181243896484375 264.462493896484375 258.9375 253.4562530517578125 247.181243896484375 241.618743896484375 236.7624969482421875 231.6750030517578125 227.3000030517578125 223.993743896484375 227.09375 233.787506103515625 239.75 248.506256103515625 258.33123779296875 266.28125 273.568756103515625 286.587493896484375 298.3125 307.0625 319.850006103515625 335.21875 348.375 364.89373779296875 384.66876220703125
200.3937530517578125 196.006256103515625 191.125 186.1687469482421875 181.287506103515625 176.774993896484375 171.6999969482421875 166.9250030517578125 163.9375 162.3000030517578125 171.84375 190.6374969482421875 206.462493896484375 219.568756103515625 230.287506103515625 240.34375 248.46875 253.9562530517578125 258.92498779296875 262.600006103515625 260.04376220703125 254.1750030517578125 248.5187530517578125 241.8125 235.818756103515625 231.506256103515625 225.8625030517578125 222.537506103515625 219.1687469482421875 223.7375030517578125 230.4250030517578125 238.462493896484375 246.693756103515625 256.40625 264.212493896484375 273.662506103515625 286.83123779296875 299.837493896484375 310.23748779296875 320.40625 333.568756103515625 344.837493896484375 359.037506103515625 376.681243896484375
206.318756103515625 201.8249969482421875 196.7375030517578125 192.03125 186.9499969482421875 182.1374969482421875 177.006256103515625 171.7062530517578125 167.2562408447265625 162.7624969482421875 176.743743896484375 195.712493896484375 206.931243896484375 216.9875030517578125 226.8312530517578125 236.46875 244.6374969482421875 249.3562469482421875 253.09375 254.25 252.256256103515625 247.5625 242.5 235.100006103515625 229.493743896484375 225.21875 220.131256103515625 217.2312469482421875 214.912506103515625 220.84375 225.774993896484375 233.6125030517578125 242.6437530517578125 252.2312469482421875 260.70623779296875 272.17498779296875 286.125 298.756256103515625 311.38751220703125 322.681243896484375 331.162506103515625 341.89373779296875 351.243743896484375 363.350006103515625
211.34375 207.056243896484375 202.8125 198.28125 193.1875 188.7062530517578125 184.5625 180.6374969482421875 179.9875030517578125 185.537506103515625 201.212493896484375 208.056243896484375 213.6750030517578125 220.8874969482421875 228.024993896484375 235.056243896484375 241.4499969482421875 245.1125030517578125 246.943756103515625 247.931243896484375 244.975006103515625 240.193756103515625 236.1687469482421875 230.193756103515625 224.068756103515625 220.3625030517578125 216.4499969482421875 214.125 212.8937530517578125 218.100006103515625 223.681243896484375 230.5 238.9375 247.8874969482421875 259.725006103515625 271.92498779296875 283.51251220703125 297.443756103515625 308.3125 314.181243896484375 320.787506103515625 330.112518310546875 334.88751220703125 344.318756103515625
216.225006103515625 212.568756103515625 208.649993896484375 204.274993896484375 200.649993896484375 197.443756103515625 194 192.568756103515625 194.3937530517578125 199.90625 208.4875030517578125 215.3125 219.8562469482421875 225.056243896484375 230 234.34375 239.162506103515625 241.243743896484375 242.0749969482421875 242.381256103515625 238.28125 233.5187530517578125 228.7375030517578125 223.100006103515625 218.90625 215.243743896484375 212.337493896484375 211.306243896484375 210.7687530517578125 215.0500030517578125 219.774993896484375 228.943756103515625 239.350006103515625 248.5500030517578125 260.45623779296875 271.181243896484375 281.181243896484375 292.26251220703125 302.33123779296875 305.17498779296875 309.76873779296875 316.14373779296875 319.131256103515625 323.024993896484375
