data/historical-monthly-weather-data/wc2.1_cruts4.09_10m_prec_2010-03.asc
ncols        51
nrows        45
xllcorner    -63.500000000000
yllcorner    -7.500000000000
cellsize     0.166666666667
NODATA_value -9999
[rows 20 to 39 of 45, columns 0 to 44 of 51]
276.631256103515625 283.743743896484375 291.568756103515625 299.92498779296875 308.85626220703125 318.25 326.681243896484375 332.774993896484375 336.056243896484375 335.29998779296875 331.76873779296875 328.943756103515625 326.76251220703125 325.962493896484375 314.46875 297.54376220703125 282.15625 269.350006103515625 260.16876220703125 250.5625 238.274993896484375 225.4250030517578125 212.59375 205.618743896484375 199.8312530517578125 195.1687469482421875 196.087493896484375 197.681243896484375 199.4375 202.681243896484375 202.9562530517578125 199.0437469482421875 185.3937530517578125 168.875 153.9375 163.0437469482421875 177.056243896484375 183.8000030517578125 186.274993896484375 185.568756103515625 183.306243896484375 181.46875 178.875 176.975006103515625 176.6062469482421875
273.131256103515625 281.23126220703125 292.068756103515625 302.51873779296875 313.61248779296875 325.399993896484375 336.006256103515625 344.61248779296875 348.21875 343.943756103515625 334.54376220703125 326.225006103515625 319.07501220703125 314.59375 305.78125 294.368743896484375 283.493743896484375 271.20001220703125 260.45623779296875 249.587493896484375 235.7937469482421875 222.6687469482421875 212.556243896484375 204.84375 198.818756103515625 195.100006103515625 197.9875030517578125 199.2937469482421875 200.462493896484375 203.306243896484375 203.2062530517578125 199.59375 187.412506103515625 174.46875 165.9250030517578125 170.2687530517578125 180.2375030517578125 186.399993896484375 188.4812469482421875 186.649993896484375 183.350006103515625 181 178.34375 176.1999969482421875 175.9187469482421875
273.225006103515625 283.212493896484375 294.59375 306.875 318.96875 330.837493896484375 341.98748779296875 354.64373779296875 361.4375 351.76873779296875 336.5625 320.743743896484375 307.962493896484375 302.493743896484375 297.88751220703125 290.70001220703125 281.64373779296875 269.98748779296875 258.38751220703125 246.8874969482421875 233.2937469482421875 219.693756103515625 208.587493896484375 200.71875 196.162506103515625 193.8125 197.2312469482421875 199.443756103515625 200.350006103515625 202.8625030517578125 204.068756103515625 203.6999969482421875 195.9875030517578125 186.9499969482421875 182.8625030517578125 185.306243896484375 190.162506103515625 192.8000030517578125 192.3625030517578125 188.8874969482421875 184.21875 181.0749969482421875 178.1750030517578125 175.2750091552734375 174.962493896484375
278.20001220703125 288.04376220703125 300.125 313.087493896484375 325.649993896484375 336.3125 347.975006103515625 359.681243896484375 364.04998779296875 351.431243896484375 333.056243896484375 316.38751220703125 298.962493896484375 294.125 292.03125 286.95001220703125 279.75 268.868743896484375 255.9187469482421875 243.443756103515625 229.350006103515625 215.287506103515625 203.600006103515625 196.0500030517578125 191.1687469482421875 189.493743896484375 193.8125 198.03125 200.837493896484375 205.7687530517578125 210.1437530517578125 212.1687469482421875 206.6687469482421875 200.5625 197.6687469482421875 199.2375030517578125 200.6125030517578125 198.131256103515625 194.462493896484375 189.6750030517578125 184.5124969482421875 180.65625 177.5124969482421875 174.1125030517578125 174.6750030517578125
289.318756103515625 297.29998779296875 306.993743896484375 319.975006103515625 333.83123779296875 343.35626220703125 351 357.73748779296875 357.33123779296875 347.73126220703125 333.743743896484375 317.212493896484375 304.21875 296.88751220703125 291.193756103515625 286.35626220703125 278.90625 268.23748779296875 255.681243896484375 241.2375030517578125 225.375 210.4812469482421875 197.4812469482421875 188.6062469482421875 185.306243896484375 186.8249969482421875 191.625 198.131256103515625 202.6437530517578125 210.8874969482421875 217.2687530517578125 221.287506103515625 217.725006103515625 212.71875 208.8937530517578125 205.9875030517578125 204.149993896484375 199.818756103515625 194.8874969482421875 190.368743896484375 184.9375 180.625 176.287506103515625 173.9562530517578125 172.431243896484375
305.21875 312.73126220703125 318.649993896484375 330.193756103515625 340.818756103515625 347.45623779296875 352.193756103515625 355.29376220703125 352.13751220703125 343.85626220703125 332.78125 320.92498779296875 310.28125 301.48748779296875 294.20623779296875 288.524993896484375 279.89373779296875 269.48126220703125 257.23126220703125 240.881256103515625 224.9812469482421875 207.475006103515625 191.524993896484375 180.5749969482421875 179.8562469482421875 184.681243896484375 192.787506103515625 199.631256103515625 206.1374969482421875 216.3625030517578125 225.2624969482421875 231.96875 229.4437408447265625 223.149993896484375 216.931243896484375 211.1875 206.287506103515625 200.4375 195.587493896484375 190.4812469482421875 185.181243896484375 180.243743896484375 174.337493896484375 171.306243896484375 170.337493896484375
323.98126220703125 326.75 331.568756103515625 338.243743896484375 344.73126220703125 348.83123779296875 350.475006103515625 350.806243896484375 347.006256103515625 341.3125 333.73126220703125 324.037506103515625 314.76251220703125 306.58123779296875 299.26873779296875 292.09375 284.706268310546875 273.28125 260.181243896484375 245.34375 227.8249969482421875 209.5124969482421875 190.443756103515625 178.4812469482421875 181.524993896484375 187.2375030517578125 196.6125030517578125 204.03125 211.53125 222.3249969482421875 232.6437530517578125 241.6062469482421875 239.431243896484375 230.21875 221.149993896484375 214.181243896484375 208.2687530517578125 201.4562530517578125 196.75 192.100006103515625 186.0625 180.462493896484375 173.818756103515625 169.6687469482421875 172.8125
344.59375 344.20623779296875 345.693756103515625 348.375 349.412506103515625 350.212493896484375 351.537506103515625 350.068756103515625 346 341.181243896484375 334.20623779296875 325.806243896484375 318.181243896484375 310.975006103515625 303.60626220703125 296.03125 288.9375 279.84375 267.51251220703125 253.3312530517578125 236.5500030517578125 218.306243896484375 203.4375 193.2375030517578125 192.431243896484375 196.1437530517578125 204.193756103515625 212.006256103515625 219.21875 228.681243896484375 238.4375 246.212493896484375 242.631256103515625 232.462493896484375 222.53125 215.3062591552734375 207.9187469482421875 201.5812530517578125 197.625 194.1875 190.162506103515625 183.787506103515625 175.149993896484375 170.59375 178.84375
363.6875 361.11248779296875 359.118743896484375 356.76873779296875 356.32501220703125 354.26873779296875 351.5625 348.95001220703125 345.443756103515625 340.59375 335.54376220703125 328.431243896484375 321.34375 315.256256103515625 309.16876220703125 302.912506103515625 297.41876220703125 289.118743896484375 278.54376220703125 265.60626220703125 249.625 232.75 219.725006103515625 209.6875 207.118743896484375 207.7375030517578125 213.9499969482421875 221.024993896484375 227.725006103515625 236.0812530517578125 243.4812469482421875 249.087493896484375 243.943756103515625 233.8625030517578125 223.6750030517578125 216.0500030517578125 207.931243896484375 201.274993896484375 197.681243896484375 194.1999969482421875 192.412506103515625 186.100006103515625 177.7062530517578125 177.462493896484375 187.4499969482421875
376.73126220703125 371.756256103515625 366.48126220703125 361.29376220703125 357.90625 353.056243896484375 349.818756103515625 346.71875 343.70623779296875 339.368743896484375 335.287506103515625 330.399993896484375 325.58123779296875 320.587493896484375 315.181243896484375 309.70623779296875 304.537506103515625 301.08123779296875 292.35626220703125 277.443756103515625 261.48748779296875 246.193756103515625 233.5812530517578125 224.9499969482421875 220.8937530517578125 220.7375030517578125 225.875 231.506256103515625 236.818756103515625 242.6374969482421875 248.1125030517578125 250.96875 244.756256103515625 236.1875 226.631256103515625 217.9875030517578125 209.2687530517578125 202.399993896484375 196.475006103515625 192.493743896484375 190.75 189.3312530517578125 185.8000030517578125 188.506256103515625 194.28125
385.45001220703125 378.056243896484375 370.34375 364.10626220703125 359.03125 352.243743896484375 349.14373779296875 345.33123779296875 342.125 338.631256103515625 335.63751220703125 331.181243896484375 327.6875 322.962493896484375 318.8125 314.993743896484375 312.76251220703125 310.40625 305.368743896484375 290.04998779296875 273.931243896484375 258.25 246.725006103515625 238.600006103515625 233.881256103515625 234.181243896484375 237.537506103515625 241.4250030517578125 246.118743896484375 249.6062469482421875 252.8249969482421875 254.5812530517578125 247.899993896484375 239.3125 230.037506103515625 220.1062469482421875 210.837493896484375 203.618743896484375 196.443756103515625 188.3937530517578125 187.568756103515625 191.4749908447265625 193.600006103515625 197.2375030517578125 203.243743896484375
390.243743896484375 381.16876220703125 371.79376220703125 363.90625 357.962493896484375 350.8125 347.412506103515625 342.587493896484375 339.42498779296875 336.58123779296875 334.28125 330.40625 326.65625 324.13751220703125 321.912506103515625 319.76251220703125 315.66876220703125 313.11248779296875 308.243743896484375 297.14373779296875 281.90625 268.618743896484375 256.793731689453125 249.2437591552734375 246.7062530517578125 245.912506103515625 247.618743896484375 251.556243896484375 254.2687530517578125 256.54376220703125 258.35626220703125 258.5625 250.837493896484375 242.1999969482421875 233.024993896484375 222.7624969482421875 213.90625 205.5 196.6125030517578125 190.431243896484375 191.59375 198.1374969482421875 202.962493896484375 210.0749969482421875 218.125
387.83123779296875 379.17498779296875 369.78125 361.85626220703125 354.65625 348.993743896484375 344.100006103515625 338.725006103515625 334.568756103515625 333.024993896484375 334.1875 329.556243896484375 326.51873779296875 326.20001220703125 324.368743896484375 321.875 317.34375 315.04998779296875 309.181243896484375 299.98126220703125 288.21875 276.0625 264.45623779296875 258.6875 255.649993896484375 254.118743896484375 255.0187530517578125 257.837493896484375 260.92498779296875 262.537506103515625 264.024993896484375 264.13751220703125 257.11248779296875 248.6437530517578125 238.9562530517578125 229.899993896484375 220.774993896484375 211.399993896484375 203.693756103515625 202.125 203.5500030517578125 209.868743896484375 216.6750030517578125 224.9875030517578125 238.743743896484375
383.76873779296875 375.20623779296875 368.087493896484375 360.818756103515625 353.82501220703125 347.006256103515625 340.8125 335.09375 330.431243896484375 328.743743896484375 330.13751220703125 328.60626220703125 326.412506103515625 324.09375 322.368743896484375 321.5625 319.39373779296875 316.449981689453125 309.625 301.337493896484375 292.125 281.149993896484375 271.412506103515625 265.181243896484375 262.17498779296875 259.787506103515625 260.9375 262.79998779296875 266.681243896484375 267.975006103515625 268.868743896484375 270.14373779296875 264.006256103515625 255.5625 247.225006103515625 237.9375 228.0749969482421875 218.162506103515625 214.2375030517578125 213.806243896484375 214.493743896484375 220.78125 229.6437530517578125 239.0812530517578125 254.84375
379.662506103515625 372.375 366.381256103515625 359.3125 350.868743896484375 344.34375 336.89373779296875 331.4375 324.881256103515625 321.850006103515625 324.912506103515625 326.14373779296875 326.35626220703125 324.5 324.48126220703125 322.63751220703125 320.774993896484375 317.40625 310.881256103515625 302.98748779296875 295.274993896484375 284.95001220703125 275.6875 269.618743896484375 267.11248779296875 265.28125 265.54998779296875 267.943756103515625 270.48126220703125 272.75 275.149993896484375 276.837493896484375 270.71875 263.17498779296875 254.6125030517578125 244.5500030517578125 234.5500030517578125 227.493743896484375 225.1999969482421875 224.600006103515625 225.40625 230.4562530517578125 238.7687530517578125 248.274993896484375 261.73126220703125
375.45001220703125 368.5625 362.8125 356.475006103515625 349.11248779296875 341.587493896484375 334.46875 326.32501220703125 317.39373779296875 313.943756103515625 317.36248779296875 322.08123779296875 327.600006103515625 329.86248779296875 329.01873779296875 326.86248779296875 322.88751220703125 318.79376220703125 313.33123779296875 306.600006103515625 298.662506103515625 288.51251220703125 278.9375 274 271.35626220703125 269.399993896484375 269.58123779296875 272.10626220703125 274.725006103515625 277.45001220703125 281.287506103515625 283.475006103515625 277.118743896484375 270.862518310546875 262.931243896484375 253.2062530517578125 245.5812530517578125 239.0124969482421875 235.8874969482421875 235.8562469482421875 237.2062530517578125 241.46875 247.4875030517578125 256.493743896484375 266.66876220703125
369.712493896484375 364.662506103515625 360.181243896484375 354.41876220703125 348.662506103515625 341.79376220703125 333.537506103515625 324.60626220703125 312.837493896484375 304.15625 311.15625 324.86248779296875 333.58123779296875 336.100006103515625 335.131256103515625 330.60626220703125 324.53125 319.712493896484375 314.79376220703125 306.58123779296875 299.350006103515625 289.86248779296875 281.125 275.64373779296875 272.96875 271.631256103515625 272.16876220703125 275.537506103515625 278.193756103515625 282.306243896484375 286.725006103515625 289.662506103515625 285.16876220703125 279.73748779296875 272.14373779296875 264.09375 257.25 251.368743896484375 248.506256103515625 246.6437530517578125 246.587493896484375 250.0187530517578125 255.337493896484375 262.73126220703125 271.318756103515625
364.89373779296875 361.88751220703125 357.76873779296875 353.53125 349.95001220703125 344.01873779296875 336.412506103515625 326.806243896484375 316.64373779296875 305.48126220703125 321.53125 337.537506103515625 342.96875 344.693756103515625 340.45623779296875 334.256256103515625 325.256256103515625 319.46875 313.13751220703125 304.10626220703125 295.806243896484375 287.45001220703125 280.96875 275.831268310546875 273.73126220703125 273.375 274.181243896484375 278.38751220703125 282.0625 286.875 291.33123779296875 294.850006103515625 291.493743896484375 287.45001220703125 280.36248779296875 274.443756103515625 268.287506103515625 261.58123779296875 259.63751220703125 258.23126220703125 256 259.037506103515625 262.04998779296875 265.21875 272.412506103515625
359.806243896484375 358.125 355.75 352.943756103515625 350.41876220703125 344.59375 339.925018310546875 333.850006103515625 330.4375 336.17498779296875 354.38751220703125 355.118743896484375 351.95623779296875 349.631256103515625 344.03125 336.318756103515625 326.506256103515625 319.09375 310.79376220703125 300.681243896484375 291.287506103515625 283.556243896484375 277.818756103515625 274.20001220703125 273.14373779296875 274.11248779296875 276.287506103515625 280.337493896484375 284.88751220703125 289.90625 295.34375 298.13751220703125 295.306243896484375 292.79998779296875 290.08123779296875 283.89373779296875 277.587493896484375 272.587493896484375 269.23126220703125 266.199981689453125 263.587493896484375 266.38751220703125 267.993743896484375 270.6875 275.556243896484375
355.462493896484375 355.39373779296875 354.1875 351.84375 351.068756103515625 349 345.162506103515625 344.712493896484375 345.306243896484375 350.443756103515625 358.837493896484375 361.181243896484375 358.837493896484375 354.287506103515625 348.193756103515625 339.125 328.61248779296875 319.35626220703125 308.54376220703125 297.88751220703125 287.57501220703125 279.76251220703125 273.23748779296875 270.475006103515625 271.493743896484375 273.85626220703125 276.54376220703125 281.85626220703125 286.912506103515625 291.587493896484375 295.82501220703125 301.33123779296875 302.38751220703125 300.54376220703125 298.818756103515625 294.0625 287.368743896484375 282.149993896484375 279.35626220703125 274.15625 270.149993896484375 272.04998779296875 273 274.274993896484375 278.0625
