data/historical-monthly-weather-data/wc2.1_cruts4.09_10m_prec_1974-02.asc
ncols        51
nrows        45
xllcorner    -63.500000000000
yllcorner    -7.500000000000
cellsize     0.166666666667
NODATA_value -9999
[rows 20 to 39 of 45, columns 0 to 44 of 51]
250.256256103515625 252.5875091552734375 255.568756103515625 258.931243896484375 264.881256103515625 270.587493896484375 276.881256103515625 283.09375 289.256256103515625 294.256256103515625 297.91876220703125 303.6875 310.481231689453125 315.774993896484375 301.51251220703125 279.193756103515625 260.28125 246.381256103515625 239.5124969482421875 234.818756103515625 239.5812530517578125 244.8125 248.9375 254.318756103515625 260.375 267.037506103515625 273.649993896484375 280.11248779296875 287.506256103515625 293.193756103515625 292.20623779296875 284.73126220703125 268.86248779296875 247.9375 228.975006103515625 250.318756103515625 287.58123779296875 320.375 346.287506103515625 364.4375 374.725006103515625 378.92498779296875 383.243743896484375 385.931243896484375 382.16876220703125
239.8874969482421875 243.8937530517578125 247.8562469482421875 253.4375 259.09375 265.83123779296875 272.76251220703125 279.59375 285.8125 288.67498779296875 289.087493896484375 289.712493896484375 290.70623779296875 289.868743896484375 282.75 269.45001220703125 255.8125 244.7937469482421875 236.975006103515625 231.9375 232.774993896484375 235.6437530517578125 240.3812408447265625 245.662506103515625 252.5187530517578125 260.850006103515625 269.1875 276.931243896484375 285.96875 293.36248779296875 295.98748779296875 290.08123779296875 277.600006103515625 264.037506103515625 256.493743896484375 272.78125 301.75 327.98748779296875 348.006256103515625 362.381256103515625 372.5 377.15625 380.318756103515625 381.625 378.399993896484375
232.9562530517578125 238.5812530517578125 242.2312469482421875 247.975006103515625 253.587493896484375 261.681243896484375 267.86248779296875 275.431243896484375 282.243743896484375 281.787506103515625 277.96875 273.34375 268.875 266.95001220703125 265.024993896484375 258.381256103515625 249.056243896484375 240.8249969482421875 233.0437469482421875 226.524993896484375 226.1125030517578125 226.7062530517578125 229.068756103515625 234.274993896484375 242.6062469482421875 252.71875 261.975006103515625 271.350006103515625 282.537506103515625 292.287506103515625 298.8125 299.86248779296875 290.70623779296875 283.837493896484375 286.712493896484375 304.193756103515625 325.03125 342.60626220703125 355.537506103515625 363.45623779296875 370.82501220703125 374.60626220703125 376.86248779296875 377.84375 375.15625
227.725006103515625 232.5500030517578125 236.6875 241.3312530517578125 247.4187469482421875 255.787506103515625 263.399993896484375 269.899993896484375 275.662506103515625 273.33123779296875 268.318756103515625 261.9375 252.7624969482421875 253.024993896484375 253.90625 250.125 243.618743896484375 237.568756103515625 230.3125 223.287506103515625 220.8562469482421875 219.443756103515625 219.7062530517578125 224.556243896484375 233.006256103515625 241.881256103515625 253.21875 264.84375 276.63751220703125 288.16876220703125 297.193756103515625 301.28125 298.131256103515625 297.618743896484375 305.931243896484375 326.21875 343.21875 351.92498779296875 358.993743896484375 364.16876220703125 370.20001220703125 372.6875 375.381256103515625 377.774993896484375 377.11248779296875
226.5437469482421875 228.8625030517578125 232.350006103515625 237.4499969482421875 244.3874969482421875 251.024993896484375 258.01251220703125 263.58123779296875 266.32501220703125 265.17498779296875 261.26873779296875 256.100006103515625 251.1125030517578125 249.568756103515625 248.09375 245.506256103515625 241.256256103515625 235.6875 228.6875 221.274993896484375 217.431243896484375 213.3000030517578125 210.71875 214.0124969482421875 221.368743896484375 233.2937469482421875 244.662506103515625 257.943756103515625 270.274993896484375 281.493743896484375 290.087493896484375 295.162506103515625 298.068756103515625 302.375 311.75 327.068756103515625 341.225006103515625 349.087493896484375 355.45623779296875 361.006256103515625 367.04998779296875 369.78125 373.774993896484375 379.04998779296875 377.33123779296875
231.100006103515625 231.5 232.8125 236.975006103515625 242.7624969482421875 248.71875 253.6125030517578125 257.975006103515625 259.8125 259.225006103515625 256.58123779296875 253.6875 251.46875 249.037506103515625 247.21875 244.125 240.34375 234.975006103515625 228.8249969482421875 221.212493896484375 215.287506103515625 208.1875 202.287506103515625 202.7937469482421875 212.0437469482421875 225.0124969482421875 239.1374969482421875 251.662506103515625 264.375 274.131256103515625 281.95623779296875 288.14373779296875 293.65625 300.15625 309.11248779296875 321.681243896484375 333.618743896484375 342.41876220703125 347.899993896484375 354.475006103515625 361.362518310546875 365.337493896484375 369.53125 375.96875 377.78125
238.787506103515625 237.5124969482421875 237.4875030517578125 240.850006103515625 244.287506103515625 247.837493896484375 251.875 254 255.6374969482421875 256.318756103515625 255.59375 253.9499969482421875 252.9187469482421875 251.600006103515625 249.318756103515625 247.03125 243.162506103515625 238.149993896484375 231.681243896484375 223.662506103515625 216.2375030517578125 207.9499969482421875 199.2312469482421875 197.649993896484375 208.875 221.9250030517578125 235.40625 247.837493896484375 259.1875 268.42498779296875 276.537506103515625 281.912506103515625 287.98748779296875 296.712493896484375 303.649993896484375 315.03125 325.806243896484375 333.356231689453125 340.26251220703125 346.88751220703125 353.58123779296875 357.70623779296875 362.3125 369.01873779296875 375.975006103515625
247.287506103515625 243.837493896484375 243.399993896484375 244.7312469482421875 246.0437469482421875 247.3874969482421875 250.431243896484375 253.037506103515625 254.34375 255.71875 255.3562469482421875 254.600006103515625 253.993743896484375 253.162506103515625 251.6999969482421875 250.0749969482421875 246.53125 242.912506103515625 236.399993896484375 229.0124969482421875 221.556243896484375 212.850006103515625 206.350006103515625 205.6437530517578125 212.306243896484375 222.962493896484375 234.7375030517578125 246.149993896484375 256.337493896484375 265.0625 272.631256103515625 278.90625 286.23748779296875 292.13751220703125 297.993743896484375 308.39373779296875 316.837493896484375 325.16876220703125 331.806243896484375 337.96875 344.75 350.399993896484375 355.868743896484375 364.85626220703125 376.375
254.5124969482421875 250.3937530517578125 248.29998779296875 248.1687469482421875 248.4375 248.5625 250.3874969482421875 251.9812469482421875 253.818756103515625 255.6374969482421875 255.8625030517578125 255.5 254.962493896484375 255.5812530517578125 255.068756103515625 254.774993896484375 252.8562469482421875 248.71875 243.8562469482421875 236.4562530517578125 229.2312469482421875 220.5437469482421875 215.524993896484375 215.3249969482421875 218.7687530517578125 225.9499969482421875 236.337493896484375 246.3125 256.51251220703125 264.431243896484375 270.48748779296875 277.08123779296875 282.6875 287.774993896484375 293.506256103515625 301.67498779296875 310.368743896484375 318.274993896484375 326.46875 331.462493896484375 335.318756103515625 340.587493896484375 350.04376220703125 363.98748779296875 379.01251220703125
262.76873779296875 257.01251220703125 253.8874969482421875 252 251.78125 251.4812469482421875 251.9250030517578125 252.8125 253.9875030517578125 256.181243896484375 257.368743896484375 258.29998779296875 258.787506103515625 260.20001220703125 260.5625 259.51873779296875 258.625 256.79376220703125 252.5437469482421875 244.837493896484375 236.8625030517578125 229.3562469482421875 224.6374969482421875 223.9375 226.006256103515625 231.493743896484375 240.125 248.5500030517578125 257.375 263.875 270.381256103515625 276.556243896484375 280.66876220703125 285.25 289.51251220703125 297.225006103515625 304.01873779296875 311.774993896484375 317.73748779296875 322.25 329.70623779296875 337.375 346.306243896484375 361.118743896484375 370.149993896484375
269.01251220703125 262.71875 257.63751220703125 255.0625 253.274993896484375 253.087493896484375 253.1750030517578125 253.943756103515625 255.1374969482421875 256.98748779296875 260.10626220703125 262.399993896484375 264.431243896484375 265.181243896484375 265.13751220703125 265.212493896484375 265 264.20623779296875 261.51873779296875 253.7312469482421875 245.2624969482421875 237.1875 231.8562469482421875 230.8562469482421875 232.28125 236.837493896484375 243.96875 251.587493896484375 259.1875 264.774993896484375 270.48748779296875 276.243743896484375 280.78125 284.875 288.725006103515625 293.725006103515625 299.79998779296875 307.25 312.08123779296875 315.287506103515625 323.33123779296875 333.875 343.868743896484375 354.274993896484375 363.45623779296875
271.57501220703125 265.39373779296875 260.287506103515625 257.350006103515625 254.53125 253.5749969482421875 253.8125 253.4875030517578125 254.712493896484375 257.850006103515625 261.318756103515625 264.84375 268.09375 270.33123779296875 270.543731689453125 271.412506103515625 269.29998779296875 267.850006103515625 265.04998779296875 259.149993896484375 251.4187469482421875 244.1687469482421875 238.037506103515625 237.0749969482421875 238.5749969482421875 241.8874969482421875 247.662506103515625 254.3312530517578125 261.13751220703125 266.92498779296875 272.1875 277 280.96875 284.162506103515625 287.61248779296875 291.83123779296875 297.09375 302.556243896484375 306.100006103515625 312.0625 322.368743896484375 332.712493896484375 342.181243896484375 353.006256103515625 364.13751220703125
273.100006103515625 267.756256103515625 263.399993896484375 259.89373779296875 256.212493896484375 254.7687530517578125 253.6437530517578125 253.3125 255.15625 258.875 264.274993896484375 268.225006103515625 273.15625 276.70001220703125 277.212493896484375 276.318756103515625 273.681243896484375 272.46875 268.35626220703125 263.131256103515625 257.04376220703125 250.1062469482421875 244.40625 242.787506103515625 243.8000030517578125 246.350006103515625 251.1125030517578125 257.63751220703125 263.868743896484375 268.78125 274.3125 278.51251220703125 281.149993896484375 284.256256103515625 287.568756103515625 291.931243896484375 296.04376220703125 299.068756103515625 301.57501220703125 309.73126220703125 318.649993896484375 327.8125 337.850006103515625 349.587493896484375 366.731231689453125
275.09375 269.618743896484375 265.26251220703125 262.11248779296875 258.100006103515625 255.3874969482421875 253.681243896484375 253.118743896484375 253.6125030517578125 257.59375 264.07501220703125 270.743743896484375 278.10626220703125 282.256256103515625 282.84375 281.51873779296875 278.443756103515625 276.25 272.01873779296875 266.98748779296875 260.92498779296875 254.287506103515625 249.399993896484375 247.306243896484375 247.875 249.7062530517578125 254.056243896484375 259.54998779296875 265.71875 271.162506103515625 276.67498779296875 280.91876220703125 283.712493896484375 285.681243896484375 287.15625 291.11248779296875 294.08123779296875 296.350006103515625 298.787506103515625 304.837493896484375 311.024993896484375 319.568756103515625 331.14373779296875 343.225006103515625 360.743743896484375
276.65625 272.225006103515625 268.024993896484375 263.57501220703125 259.91876220703125 256.73748779296875 253.337493896484375 251.3249969482421875 250.6875 254.1374969482421875 262.76251220703125 273.57501220703125 284.118743896484375 289.73748779296875 289.34375 287.04998779296875 282.57501220703125 279.25 275.61248779296875 270.024993896484375 265.056243896484375 258.23126220703125 253.1062469482421875 250.2312469482421875 250.725006103515625 251.53125 256.09375 261.71875 267.61248779296875 273.45623779296875 278.399993896484375 283.975006103515625 285.875 287.375 287.86248779296875 289.73748779296875 291.056243896484375 294.712493896484375 296.51251220703125 298.399993896484375 302.39373779296875 308.443756103515625 317.91876220703125 328.64373779296875 342.75
278.318756103515625 275.037506103515625 270.912506103515625 266.10626220703125 261.881256103515625 258.85626220703125 254.71875 251.118743896484375 248.7624969482421875 251.2062530517578125 261.60626220703125 275.79998779296875 289.881256103515625 297.631256103515625 296.53125 292.96875 288.149993896484375 284 278.39373779296875 273.40625 268.100006103515625 262.412506103515625 256.76251220703125 254.725006103515625 254.3125 255.1937408447265625 259.443756103515625 265.787506103515625 271.368743896484375 276.76873779296875 282.58123779296875 288.193756103515625 289.987518310546875 290.73126220703125 289.243743896484375 288.725006103515625 290.899993896484375 291.45001220703125 291.29998779296875 293.149993896484375 296.712493896484375 300.01251220703125 305.51873779296875 314.08123779296875 323.068756103515625
281.25 278.59375 274.01251220703125 271.01873779296875 266.61248779296875 262.95623779296875 258.25 253.3249969482421875 248.412506103515625 244.743743896484375 259.975006103515625 282.350006103515625 296.59375 303.13751220703125 302.48748779296875 297.9375 292.29998779296875 287.45623779296875 282.45623779296875 276.23126220703125 270.350006103515625 264.26873779296875 259.01251220703125 257.21875 256.79376220703125 258.274993896484375 262.4375 268.14373779296875 274.287506103515625 279.86248779296875 285.9375 291.524993896484375 293.431243896484375 293.318756103515625 291.524993896484375 290.899993896484375 289.493743896484375 288.024993896484375 286.806243896484375 286.587493896484375 287.32501220703125 289.20623779296875 292.524993896484375 297.756256103515625 303.225006103515625
284.54998779296875 282.54376220703125 278.71875 275.649993896484375 272.375 268.475006103515625 264.23748779296875 259.8125 256.48748779296875 250.899993896484375 276.243743896484375 300.33123779296875 308.54998779296875 310.85626220703125 308.693756103515625 303.01873779296875 295.07501220703125 290.01251220703125 283.625 276.32501220703125 270.662506103515625 264.23748779296875 259.73748779296875 258.20623779296875 258.59375 260.51873779296875 264.399993896484375 270.375 276.60626220703125 283.34375 288.587493896484375 294.51251220703125 295.8125 295.67498779296875 292.92498779296875 291.15625 288.07501220703125 285.14373779296875 282.60626220703125 280.368743896484375 278.506256103515625 278.73126220703125 278.993743896484375 280.84375 284.07501220703125
290.787506103515625 287.100006103515625 283.100006103515625 281.38751220703125 278.212493896484375 275.59375 274.04998779296875 273.350006103515625 276.225006103515625 289.78125 318.61248779296875 322.975006103515625 321.60626220703125 320.256256103515625 316.318756103515625 308.350006103515625 299.875 292.90625 284.51251220703125 276.287506103515625 269.256256103515625 262.82501220703125 259.45001220703125 257.931243896484375 258.774993896484375 262.11248779296875 266.51251220703125 272.78125 279.712493896484375 286.16876220703125 292.73748779296875 297.962493896484375 298.787506103515625 298.73748779296875 298.54998779296875 295.64373779296875 290.91876220703125 287.681243896484375 283.725006103515625 278.868743896484375 276.36248779296875 275.25 275.1875 276.149993896484375 278.8125
297.743743896484375 292.6875 289.131256103515625 286.70623779296875 284.375 283.59375 283.412506103515625 287.006256103515625 294.006256103515625 308.57501220703125 325.09375 330.89373779296875 331.54376220703125 329.28125 323.506256103515625 315.287506103515625 305.73126220703125 296.85626220703125 286.26873779296875 276.95623779296875 267.38751220703125 260.5 256.524993896484375 255.6687469482421875 258.631256103515625 262.618743896484375 268.100006103515625 275 282.693756103515625 289.100006103515625 294.76873779296875 301.787506103515625 305.04998779296875 304.931243896484375 303.29998779296875 299.837493896484375 293.92498779296875 288.5625 284.243743896484375 278 274.09375 272.943756103515625 272.243743896484375 271.743743896484375 274.806243896484375
