data/historical-monthly-weather-data/wc2.1_cruts4.09_10m_prec_1995-11.asc
ncols        51
nrows        45
xllcorner    -63.500000000000
yllcorner    -7.500000000000
cellsize     0.166666666667
NODATA_value -9999
[rows 0 to 19 of 45, columns 0 to 44 of 51]
166.8937530517578125 162.0812530517578125 156.1750030517578125 154.006256103515625 151.806243896484375 152.3937530517578125 152.2312469482421875 152.318756103515625 154.3625030517578125 155.818756103515625 157.337493896484375 157.4499969482421875 157.78125 155.5500030517578125 153.78125 151.34375 149.0625 144.225006103515625 139.6687469482421875 136.1374969482421875 133.618743896484375 131.2062530517578125 129.8000030517578125 129.3562469482421875 129.8249969482421875 130.5812530517578125 130.875 131.0124969482421875 131.96875 140.475006103515625 150.662506103515625 161.774993896484375 171.912506103515625 183.2312469482421875 193.350006103515625 198.75 203.8125 207.2687530517578125 204.618743896484375 201.225006103515625 195.931243896484375 190.056243896484375 181.875 174.125 167.5437469482421875
174.524993896484375 168.1062469482421875 163.9312591552734375 162.2312469482421875 162.03125 163.125 163.2312469482421875 165.4875030517578125 168.443756103515625 170.3000030517578125 172.068756103515625 171.2062530517578125 169.7624969482421875 167.7312469482421875 164.21875 161.837493896484375 157.8937530517578125 152.8125 147.3937530517578125 143.3125 140.9375 138.9375 138.225006103515625 139.850006103515625 140.193756103515625 141.09375 141.256256103515625 140.4562530517578125 141.225006103515625 150.8249969482421875 162.6374969482421875 175.4562530517578125 185.631256103515625 199.71875 212.1875 218.3125 224.09375 228.3125 225.056243896484375 221.3249969482421875 216.743743896484375 209.4375 201.3625030517578125 191.087493896484375 183.8125
185.375 179.84375 176.1999969482421875 174.306243896484375 175.068756103515625 176.350006103515625 179.3625030517578125 182.1999969482421875 186.412506103515625 188.537506103515625 188.712493896484375 186.0749969482421875 183.3249969482421875 179.6125030517578125 174.7249908447265625 170.318756103515625 166.2312469482421875 161.6999969482421875 156.193756103515625 152.412506103515625 151.1750030517578125 150.2125091552734375 150.375 152.806243896484375 154.131256103515625 154.850006103515625 154.21875 153.068756103515625 152.625 161.75 174.7062530517578125 187.2624969482421875 200.5500030517578125 214.368743896484375 228.2312469482421875 234.181243896484375 240.2062530517578125 247.4187469482421875 245.34375 242.8562469482421875 238.40625 229.462493896484375 220.28125 210.21875 201.068756103515625
192.875 187.6374969482421875 187.087493896484375 185.806243896484375 187.649993896484375 189.9375 193.381256103515625 198.75 205.1374969482421875 208.350006103515625 206.837493896484375 201.5187530517578125 196.506256103515625 190.912506103515625 184.931243896484375 179.5812530517578125 175.068756103515625 170.274993896484375 165.868743896484375 163.5812530517578125 163.7687530517578125 163.6750030517578125 163.6687469482421875 165.9250030517578125 167.837493896484375 169.087493896484375 167.75 164.1750030517578125 163.6437530517578125 173.712493896484375 186.337493896484375 199.90625 211.868743896484375 225.9749908447265625 240.0625 249.931243896484375 258.587493896484375 266.274993896484375 266.087493896484375 264.256256103515625 258.493743896484375 250.6437530517578125 238.9875030517578125 227.6687469482421875 217.943756103515625
205.631256103515625 198 192.03125 193.3125 198.3562469482421875 202.181243896484375 206.712493896484375 214.0749969482421875 223.3625030517578125 229.068756103515625 223.65625 213.9499969482421875 206.9812469482421875 201.1125030517578125 194.4250030517578125 188.912506103515625 183.4812469482421875 180.03125 176.256256103515625 173.368743896484375 176.118743896484375 177.1437530517578125 178.1687469482421875 181.6687469482421875 182.1750030517578125 182.931243896484375 178.3312530517578125 175.4562530517578125 175.0749969482421875 183.4812469482421875 195.6937408447265625 209.193756103515625 221.9375 236.9499969482421875 252.337493896484375 263.443756103515625 274.087493896484375 284.23748779296875 286.91876220703125 283.34375 279.131256103515625 268.66876220703125 257.03125 245.399993896484375 235.8562469482421875
215.1875 208.6999969482421875 202.662506103515625 197.693756103515625 204.306243896484375 212.2375030517578125 218.4562530517578125 224.868743896484375 233.287506103515625 239.912506103515625 232.5625 222.0875091552734375 215.350006103515625 209.09375 202.006256103515625 195.787506103515625 191.0500030517578125 188.9812469482421875 187.631256103515625 185.4875030517578125 188.600006103515625 191.5749969482421875 193.53125 195.375 197.087493896484375 196.649993896484375 191.681243896484375 187.162506103515625 185.46875 192.193756103515625 201.3937530517578125 215.65625 227.3000030517578125 242.4875030517578125 257.15625 269.96875 281.818756103515625 293.64373779296875 299.23126220703125 297.98748779296875 289.15625 279.45623779296875 268.068756103515625 257.662506103515625 250.8625030517578125
226.8312530517578125 223.225006103515625 217.2375030517578125 211.875 213.90625 218.3249969482421875 224.09375 229.15625 232.1750030517578125 231.8000030517578125 230.493743896484375 224.5812530517578125 220.1687469482421875 214.881256103515625 209.3000030517578125 204.0500030517578125 199.5124969482421875 198.618743896484375 197.506256103515625 199.1374969482421875 203.3000030517578125 206.931243896484375 209.71875 210.9562530517578125 211.96875 212.149993896484375 205.4312591552734375 198.8249969482421875 193.5812530517578125 198.8000030517578125 207.399993896484375 218.693756103515625 230.556243896484375 245.493743896484375 261.13751220703125 272.850006103515625 284.09375 297.40625 309.037506103515625 307.48748779296875 297.25 287.056243896484375 276.53125 266.324981689453125 259.493743896484375
240.9812469482421875 237.4812469482421875 232.9875030517578125 231.0749969482421875 232.3874969482421875 232.9499969482421875 231.087493896484375 226.787506103515625 221.8249969482421875 220.8874969482421875 225.40625 225.1437530517578125 223.1374969482421875 219.475006103515625 215.462493896484375 211.9375 208.0124969482421875 208.256256103515625 209.443756103515625 211.6125030517578125 219.1437530517578125 224.6374969482421875 226.899993896484375 227.7312469482421875 229.4499969482421875 225.8874969482421875 216.975006103515625 207.787506103515625 201.84375 203.7687530517578125 209.975006103515625 220.9375 232.4562530517578125 246.037506103515625 261.087493896484375 271.42498779296875 283.475006103515625 294.40625 301.28125 300.962493896484375 294.32501220703125 286.01873779296875 276.71875 267.08123779296875 260.024993896484375
252.90625 251.443756103515625 249.337493896484375 248.087493896484375 248.2312469482421875 246.6062469482421875 242.4499969482421875 235.024993896484375 221.84375 215.3562469482421875 222.0749969482421875 224.2687530517578125 224.4250030517578125 222.1125030517578125 220.962493896484375 219.399993896484375 217.6750030517578125 220.212493896484375 225.462493896484375 228.712493896484375 234.5437469482421875 241.1750030517578125 243.006256103515625 245.6875 244.6374969482421875 238.8937530517578125 226.818756103515625 216.5437469482421875 208.7312469482421875 206.1062469482421875 210.756256103515625 221.024993896484375 229.71875 240.6374969482421875 252.787506103515625 263.131256103515625 273.20001220703125 281.931243896484375 286.662506103515625 288.51251220703125 284.23748779296875 276.65625 270.33123779296875 262.6875 255.6125030517578125
265.612518310546875 264.212493896484375 263.08123779296875 262.975006103515625 263.9375 262.756256103515625 256.76251220703125 247.3249969482421875 236.443756103515625 230.5500030517578125 230.368743896484375 227.8312530517578125 227.6125030517578125 225.337493896484375 225.8499908447265625 227.006256103515625 228.0124969482421875 233.837493896484375 240.6687469482421875 247.943756103515625 255.1374969482421875 261.006256103515625 261.73126220703125 262.26251220703125 257.96875 251.5124969482421875 239.256256103515625 225.881256103515625 215.2375030517578125 208.5437469482421875 210.4187469482421875 218.056243896484375 225.506256103515625 235.34375 246.024993896484375 255.0749969482421875 264.17498779296875 269.931243896484375 274.25 276.287506103515625 274.73126220703125 269.46875 262.850006103515625 254.7562408447265625 250.368743896484375
278.9375 278.381256103515625 277.068756103515625 277.337493896484375 278.48126220703125 279.76251220703125 274.5 263.10626220703125 251.8000030517578125 244.212493896484375 241.4562530517578125 236.631256103515625 232.912506103515625 229.59375 230.7937469482421875 233.2312469482421875 237.0500030517578125 245.693756103515625 255.649993896484375 267.20623779296875 281.48126220703125 286.537506103515625 283.90625 276.131256103515625 272.11248779296875 267.40625 253.96875 239.5124969482421875 225.2312469482421875 215.6062469482421875 214.7312469482421875 218.9375 225.381256103515625 233.024993896484375 240.4875030517578125 246.5 252.475006103515625 257.58123779296875 264.10626220703125 266.89373779296875 265.725006103515625 262.287506103515625 257.58123779296875 251.131256103515625 244.90625
288.58123779296875 288.15625 287.01873779296875 288.850006103515625 290.412506103515625 291.756256103515625 288.181243896484375 276.193756103515625 264.10626220703125 255.181243896484375 249.4375 244.943756103515625 238.806243896484375 235.3125 236.818756103515625 239.5812530517578125 244.431243896484375 254.193756103515625 267.25 283.993743896484375 303.774993896484375 310.462493896484375 305.23126220703125 292.681243896484375 284.037506103515625 276.86248779296875 262.07501220703125 247.625 235.59375 224.8312530517578125 219.4250030517578125 218.7312469482421875 221.943756103515625 226.9375 233.4375 238.431243896484375 242.7312469482421875 247.8249969482421875 253.181243896484375 256.875 258.07501220703125 255.381256103515625 251.806243896484375 246.743743896484375 237.243743896484375
297.25 297.82501220703125 297.10626220703125 297.28125 297.45623779296875 297.54998779296875 292.78125 283.29376220703125 271.868743896484375 263.13751220703125 255.9187469482421875 252.25 247.006256103515625 239.59375 239.6999969482421875 242.84375 248.462493896484375 261.51873779296875 276.59375 294.618743896484375 318.800018310546875 327.48748779296875 321.20623779296875 309.462493896484375 295.73126220703125 284.4375 272.087493896484375 257.39373779296875 245.193756103515625 233.3249969482421875 224.71875 219.7624969482421875 218.712493896484375 220.7375030517578125 225.2624969482421875 229.1750030517578125 232.9749908447265625 237.149993896484375 243.899993896484375 246.3625030517578125 249.71875 249.5187530517578125 244.0749969482421875 229.9375 220.3125
305.45001220703125 304.36248779296875 303.45623779296875 302.850006103515625 302.631256103515625 299.931243896484375 295.193756103515625 288.0625 278.943756103515625 269.23748779296875 261.056243896484375 254.931243896484375 250.181243896484375 243.962493896484375 239.5187530517578125 242.368743896484375 249.037506103515625 262.381256103515625 277.66876220703125 294.51251220703125 316.29998779296875 327.787506103515625 327.9375 318.42498779296875 307.48748779296875 297.149993896484375 285.274993896484375 270.493743896484375 256.0625 241.1750030517578125 229.962493896484375 221.1999969482421875 216.506256103515625 215.131256103515625 218.6062469482421875 222.59375 225.8312530517578125 231.9562530517578125 236.912506103515625 241.9812469482421875 242.943756103515625 236.1999969482421875 228.368743896484375 223.6624908447265625 218.193756103515625
311.21875 309.600006103515625 308.618743896484375 307.79376220703125 306.76873779296875 303.306243896484375 299.45623779296875 293.149993896484375 283.90625 274.10626220703125 265.11248779296875 258.91876220703125 252.962493896484375 246.118743896484375 237.9187469482421875 239.1875 246.8125 260.537506103515625 275.756256103515625 291.59375 311.45001220703125 325.17498779296875 330.6875 326.21875 320.59375 313.04998779296875 299.3125 283.01873779296875 266.85626220703125 248.318756103515625 233.1812591552734375 220.837493896484375 215.100006103515625 212.337493896484375 212.90625 216.1999969482421875 222.1687469482421875 231.21875 238.75 240.431243896484375 236.068756103515625 232.1125030517578125 230.15625 227.9875030517578125 217.662506103515625
315.09375 312.912506103515625 312.8125 311.71875 310.662506103515625 307.774993896484375 302.79998779296875 296.73126220703125 289.35626220703125 281.34375 271.53125 264.86248779296875 258.5 249.5500030517578125 239.274993896484375 234.256256103515625 244.818756103515625 261.13751220703125 275.712493896484375 290.412506103515625 311.03125 327.131256103515625 335.60626220703125 334.318756103515625 331.943756103515625 329.274993896484375 316.92498779296875 298.987518310546875 277.9375 254.6750030517578125 236.006256103515625 221.5187530517578125 213.6062469482421875 210.743743896484375 208.1125030517578125 213.962493896484375 222.681243896484375 226.774993896484375 233.1687469482421875 235.21875 236.3125 235.2687530517578125 232.774993896484375 224.6999969482421875 217.537506103515625
318.61248779296875 317.625 316.58123779296875 315.57501220703125 315.287506103515625 312.274993896484375 308.75 302.78125 296.243743896484375 288.125 279.46875 273.36248779296875 266.368743896484375 257.712493896484375 248.149993896484375 243.4499969482421875 247.25 261.1875 276.912506103515625 292.368743896484375 313.243743896484375 330.64373779296875 341.20623779296875 340.26873779296875 340.850006103515625 344.149993896484375 336.506256103515625 313.693756103515625 285.64373779296875 259.28125 238.9250030517578125 225.59375 215.7062530517578125 210.6687469482421875 214.4875030517578125 224.475006103515625 228.087493896484375 233.8937530517578125 241.6750030517578125 241.693756103515625 244.068756103515625 242.412506103515625 233.7624969482421875 227.6437530517578125 219.475006103515625
322.48748779296875 321.506256103515625 322.037506103515625 322.368743896484375 321.95623779296875 321.79376220703125 319.868743896484375 314.76873779296875 308.36248779296875 299.8125 290.756256103515625 284.537506103515625 275.818756103515625 268.40625 261.631256103515625 257.10626220703125 257.51251220703125 262.64373779296875 279.63751220703125 295.368743896484375 318.024993896484375 333.118743896484375 343.118743896484375 344.850006103515625 348.20623779296875 352.61248779296875 351.73748779296875 323.42498779296875 288.26873779296875 255.818756103515625 233.0437469482421875 219.1062469482421875 217.068756103515625 222.03125 228.34375 228.6687469482421875 234.4375 240.53125 242.068756103515625 248.068756103515625 248.6062469482421875 244.5812530517578125 237.556243896484375 231.0062408447265625 222
325.493743896484375 326.0625 327.34375 328.89373779296875 330.41876220703125 331.38751220703125 330.399993896484375 327.89373779296875 322.524993896484375 315.3125 305.1875 297.818756103515625 288.975006103515625 281.837493896484375 274.23126220703125 270.21875 269.64373779296875 270.98126220703125 281.35626220703125 296.82501220703125 322.806243896484375 343.28125 344.274993896484375 346.90625 351.20623779296875 354.068756103515625 346.48748779296875 321.34375 288.756256103515625 253.3125 226.34375 218.1374969482421875 226.681243896484375 231.6750030517578125 234.125 239.1750030517578125 242.84375 246.306243896484375 250.3000030517578125 253.524993896484375 253.46875 252.318756103515625 243.318756103515625 235.21875 225.743743896484375
327.350006103515625 329.03125 330.86248779296875 333.98126220703125 336.912506103515625 340.274993896484375 341.85626220703125 341.10626220703125 337.51873779296875 331.8125 323.756256103515625 316.837493896484375 307.92498779296875 297.962493896484375 290.056243896484375 283.443756103515625 277.4375 281.63751220703125 288.850006103515625 301.25 320.774993896484375 334.774993896484375 345.3125 347.57501220703125 348.431243896484375 344.59375 331.85626220703125 314.649993896484375 286.125 252.556243896484375 229.6687469482421875 227.5500030517578125 233.28125 240.806243896484375 246.15625 249.4812469482421875 253.5749969482421875 257.881256103515625 259.493743896484375 259.818756103515625 259 256.29998779296875 248.3000030517578125 241.1750030517578125 231.0749969482421875
