data/historical-monthly-weather-data/wc2.1_cruts4.09_10m_prec_2024-09.asc
ncols        45
nrows        45
xllcorner    -63.500000000000
yllcorner    -7.500000000000
cellsize     0.166666666667
NODATA_value -9999
[rows 19 to 37 of 45, columns 0 to 43 of 45]
129.037506103515625 128.181243896484375 125.6374969482421875 124.19374847412109375 122.94374847412109375 121.8562469482421875 119.3249969482421875 115.8562469482421875 113.7937469482421875 109.8937530517578125 105.1437530517578125 99.22499847412109375 92.56874847412109375 86.02500152587890625 80.2624969482421875 75.88124847412109375 70.58750152587890625 69.08750152587890625 66.4875030517578125 66.8125 65.55625152587890625 65.36875152587890625 68.06874847412109375 70.3000030517578125 71.25 69.93125152587890625 68 66.125 61.543750762939453125 56.84375 54.200000762939453125 58.831249237060546875 62.19374847412109375 66.8625030517578125 68.8874969482421875 63.1875 56.787502288818359375 51.299999237060546875 45.61875152587890625 39 31.956249237060546875 26.1875 23.443750381469726562 21.850000381469726562
120.7624969482421875 121.15625 120.28125 119.4875030517578125 118.53749847412109375 116.94374847412109375 115.52500152587890625 113.3312530517578125 112.38124847412109375 109.90625 105.53125 100.7312469482421875 94.15625 86.625 81.46250152587890625 75.5124969482421875 70.36875152587890625 67.1875 66.78125 65.11875152587890625 66.11875152587890625 67.6999969482421875 69.13124847412109375 71.1875 73.16249847412109375 72.6374969482421875 70.15000152587890625 66.91249847412109375 63.78749847412109375 62.924999237060546875 62.84999847412109375 66.55625152587890625 70.2375030517578125 75.6750030517578125 81.21875 72.22499847412109375 60.46875 52.168750762939453125 45.08750152587890625 38.674999237060546875 32.93125152587890625 28.318750381469726562 25.287500381469726562 23.337499618530273438
114.25624847412109375 113.40625 112.9812469482421875 112.8562469482421875 113.4875030517578125 113.4250030517578125 112.31874847412109375 111.72499847412109375 111.4375 109.83750152587890625 106.52500152587890625 102.61875152587890625 97.7937469482421875 91.2937469482421875 85.5187530517578125 78.6125030517578125 73.38124847412109375 69.83750152587890625 68.99375152587890625 67.3625030517578125 66.1875 67.28125 68.66249847412109375 70.4375 71.6687469482421875 72.09375 72.3000030517578125 69.9562530517578125 69.125 69.36875152587890625 69.7937469482421875 71.93125152587890625 74.5124969482421875 78.16249847412109375 77.9875030517578125 70.7312469482421875 60.168750762939453125 52.262500762939453125 45.174999237060546875 39.47499847412109375 34.700000762939453125 30.9375 28.3125 26.143749237060546875
108.65625 109.09999847412109375 108.0749969482421875 108.43125152587890625 109.15625 109.52500152587890625 109.81874847412109375 110.0812530517578125 111.3625030517578125 109.8625030517578125 108.83750152587890625 106.1437530517578125 103.71250152587890625 98.125 90.15000152587890625 82.7375030517578125 76.3937530517578125 73.19374847412109375 70.8249969482421875 69.03125 67.9187469482421875 68.4499969482421875 68.8874969482421875 69.44374847412109375 71.16249847412109375 71.83750152587890625 72.09999847412109375 72.6875 72.3562469482421875 72.4499969482421875 73.9375 76.3874969482421875 76.9250030517578125 76.8625030517578125 73.90000152587890625 65.65000152587890625 57.887500762939453125 51.05625152587890625 45.206249237060546875 40.981250762939453125 37.49375152587890625 34.02500152587890625 31.287500381469726562 28.918750762939453125
105.1687469482421875 104.19374847412109375 104.0625 103.94374847412109375 104.0625 105.93125152587890625 107.05625152587890625 107.58124542236328125 108.96875 108.47499847412109375 107.52500152587890625 107.5187530517578125 107.8249969482421875 102.25 93.36875152587890625 85.4812469482421875 79.3249969482421875 76.03749847412109375 73.65000152587890625 71.25 70.02500152587890625 69.52500152587890625 70.2375030517578125 70.84999847412109375 71.80625152587890625 71.69374847412109375 71.9187469482421875 72.65000152587890625 74.2624969482421875 75.21250152587890625 76.61875152587890625 78.96250152587890625 77.86875152587890625 76.08750152587890625 72.5812530517578125 64.2687530517578125 57.924999237060546875 52.887500762939453125 47.887500762939453125 44.58750152587890625 41.237499237060546875 37.88124847412109375 35.31874847412109375 32.875
103.13124847412109375 101.2937469482421875 100.40000152587890625 99.9187469482421875 102.7937469482421875 104.13124847412109375 104.91249847412109375 105.6750030517578125 106.61875152587890625 107.00624847412109375 106.84375 105.83750152587890625 104.84999847412109375 100.93125152587890625 94.16249847412109375 87.0500030517578125 81.58750152587890625 77.97499847412109375 75.33750152587890625 73.47499847412109375 72.34375 71.3249969482421875 72.34375 72.93125152587890625 72.3625030517578125 73.05625152587890625 73.33750152587890625 74.38124847412109375 76.02500152587890625 77.65625 78.90625 80.50624847412109375 79.75624847412109375 77.2375030517578125 72.9562530517578125 66.03125 61.25624847412109375 56.875 52.125 48.63124847412109375 45.299999237060546875 42.362499237060546875 39.75 38.02500152587890625
103.3000030517578125 102.4499969482421875 99.9875030517578125 100.2375030517578125 101.08750152587890625 102.0437469482421875 103.24375152587890625 103.88750457763671875 104.5625 105.2937469482421875 104.21250152587890625 103.3249969482421875 101.7312469482421875 98.15625 93.19374847412109375 87.71250152587890625 82.63124847412109375 79.74375152587890625 77.13124847412109375 75.13124847412109375 74 72.84999847412109375 73.8562469482421875 74.53125 74.15625 73.96875 75.38124847412109375 77.33750152587890625 78.5625 80.30625152587890625 81.6125030517578125 83.4812469482421875 81.13124847412109375 78.24375152587890625 74.9812469482421875 70.625 65.8312530517578125 61.75624847412109375 57.893749237060546875 53.93125152587890625 50.88124847412109375 47.487499237060546875 44.643749237060546875 43.03125
105.40000152587890625 103.19374847412109375 101.2062530517578125 101.1125030517578125 100.81874847412109375 101.71875 102.16249847412109375 102.03749847412109375 101.625 102.25 102.3249969482421875 101.58750152587890625 99.59375 96.81874847412109375 92.80625152587890625 88.1999969482421875 84.5625 81.28749847412109375 78.8874969482421875 76.9375 76.13124847412109375 75 75.4562530517578125 77.33750152587890625 76.74375152587890625 76.84999847412109375 78.3625030517578125 79.5437469482421875 80.97499847412109375 82.4562530517578125 83.6687469482421875 84.56874847412109375 83.75 81.34375 77.96250152587890625 74.7062530517578125 71.2062530517578125 67.2687530517578125 63.5 59.8125 56.143749237060546875 52.981250762939453125 50.3125 47.768749237060546875
107.44374847412109375 105.1125030517578125 103.4562530517578125 101.6999969482421875 101.30625152587890625 101.2062530517578125 101.4375 101.1125030517578125 100.15000152587890625 100.7624969482421875 100.50624847412109375 99.59375 97.9250030517578125 96.3249969482421875 92.58750152587890625 88.7375030517578125 85.3249969482421875 82.50624847412109375 80.27500152587890625 79 78.0625 77.3125 77.71250152587890625 79.16249847412109375 79.77500152587890625 79.69374847412109375 80.9250030517578125 82.21875 83.59999847412109375 85.46250152587890625 85.875 86.74375152587890625 86.56874847412109375 84.3937530517578125 81.96875 79.08750152587890625 77.11875152587890625 74.3125 70.50624847412109375 66.6062469482421875 62.88124847412109375 59.72499847412109375 55.668750762939453125 53.38124847412109375
109.8625030517578125 107.00624847412109375 104.15625 101.83750152587890625 100.59375 99.81874847412109375 99.5 99.4375 98.94374847412109375 98.90625 98.4250030517578125 97.28125 96.90625 95.00624847412109375 91.7375030517578125 89.8125 88.00624847412109375 83.6125030517578125 81.3312530517578125 80.3249969482421875 79.9812469482421875 79.81874847412109375 80.5187530517578125 82.0812530517578125 81.97499847412109375 82.59375 83.8000030517578125 85.59375 87.83750152587890625 88.34999847412109375 88.1687469482421875 88.7312469482421875 88.18125152587890625 87.1437530517578125 86.5500030517578125 84.1062469482421875 83.36875152587890625 81.9187469482421875 78.6125030517578125 74.46875 68.875 64.375 61.28125 59.387500762939453125
112.09999847412109375 108.7062530517578125 104.44374847412109375 101.5437469482421875 99.71250152587890625 99.13124847412109375 98.8562469482421875 98.65000152587890625 98.06874847412109375 97.5437469482421875 96.90625 96.78749847412109375 96.33750152587890625 95.0625 93.3125 90.875 88.44374847412109375 85.65000152587890625 82.84375 81.75624847412109375 82.0749969482421875 82.8000030517578125 83.06874847412109375 84.0500030517578125 85.1374969482421875 86.66249847412109375 87.43125152587890625 88.53125 89.625 90.6374969482421875 91.5 92.2624969482421875 91.43125152587890625 90.65625 90.71875 89.53125 89.6750030517578125 90.0812530517578125 85.58750152587890625 83.08750152587890625 78.77500152587890625 73.46875 68.9875030517578125 66.6687469482421875
112.13124847412109375 108.58750152587890625 105.38124847412109375 101.4375 99.69374847412109375 99.36875152587890625 98.16249847412109375 97.625 97.3937530517578125 97.2062530517578125 96.5 96.2687530517578125 97.6437530517578125 96.3249969482421875 94.3125 92.02500152587890625 90.78749847412109375 88.28749847412109375 85.5187530517578125 85.03125 85.36875152587890625 86.6374969482421875 87.3937530517578125 87.9499969482421875 88.6374969482421875 90.25 90.8562469482421875 91.5500030517578125 92.46250152587890625 92.21875 93.84375 95.05625152587890625 94.30625152587890625 95.2624969482421875 95.7375030517578125 94.24375152587890625 95.22499847412109375 97.05625152587890625 94.8249969482421875 92.46250152587890625 88.21250152587890625 82.25624847412109375 77.1125030517578125 73.8562469482421875
112.44374847412109375 107.3937530517578125 103.8874969482421875 101.0124969482421875 100.22499847412109375 99.02500152587890625 98.0625 97.55625152587890625 97.59375 97.09375 96.83750152587890625 96.59999847412109375 96.4375 96.75 96.1437530517578125 95.75 94.0625 91.96250152587890625 90.40000152587890625 90.6125030517578125 91.3125 90.9250030517578125 91.7937469482421875 91.77500152587890625 93.6875 93.59999847412109375 93.4499969482421875 94.9375 95.58750152587890625 95.56874847412109375 96.9499969482421875 97.1687469482421875 97.2687530517578125 98.28749847412109375 98.8562469482421875 98.1062469482421875 99.5 100.8312530517578125 99.6687469482421875 98.33750152587890625 95.75624847412109375 90 85.1999969482421875 81.28125
107.50624847412109375 103.97499847412109375 100.7687530517578125 98.84375 98.28749847412109375 98.00624847412109375 98.15000152587890625 97.53125 97.4562530517578125 96.6125030517578125 98.8312530517578125 97.8562469482421875 98.3000030517578125 100.5500030517578125 100.25624847412109375 100.78749847412109375 100.0749969482421875 99.63124847412109375 98.41249847412109375 98.55625152587890625 98.25 97.47499847412109375 96.5500030517578125 96.4375 97.6125030517578125 96.8937530517578125 96.6687469482421875 97.69374847412109375 98.34375 99.625 100.15000152587890625 100.65625 100.13124847412109375 101.0437469482421875 102.30625152587890625 101.6999969482421875 102.3249969482421875 102.2687530517578125 101.9250030517578125 102.4562530517578125 101.0749969482421875 96.5625 92.7937469482421875 88.9875030517578125
101.09999847412109375 99.24375152587890625 97.8562469482421875 96.71250152587890625 96.16249847412109375 96.65000152587890625 97.8562469482421875 98.1062469482421875 97.4375 97.56874847412109375 98.34999847412109375 100.27500152587890625 101.1437530517578125 101.90625 103.58750152587890625 104.83750152587890625 106.56874847412109375 107.05625152587890625 107.08750152587890625 107.2687530517578125 106.3312530517578125 104.2687530517578125 102.36875152587890625 100.90000152587890625 100.40625 99.375 99.1125030517578125 99.96875 100.27500152587890625 101.4562530517578125 102.72499847412109375 103.5500030517578125 103.30625152587890625 103.625 104.8000030517578125 106.0124969482421875 105.1875 104.6687469482421875 105.28125 105.36875152587890625 104.64374542236328125 102.8125 100.81874847412109375 97.8874969482421875
95.4375 94.47499847412109375 94.1999969482421875 94.47499847412109375 94.7375030517578125 95.36875152587890625 97.5 98.46250152587890625 97.2687530517578125 97.69374847412109375 99.6875 102.875 104.40000152587890625 105.90000152587890625 108.1999969482421875 110.7937469482421875 112.99375152587890625 113.5812530517578125 115.86875152587890625 115.9375 114.9375 111.9375 107.8874969482421875 105.0812530517578125 102.625 102.0187530517578125 102.1999969482421875 102.24375152587890625 102.4187469482421875 103.2375030517578125 104.44374847412109375 104.875 105.0124969482421875 105.59375 106.0500030517578125 106.03125 106.3125 107.63124847412109375 107.8562469482421875 108.90000152587890625 107.33750152587890625 105.53125 105.59999847412109375 103.2375030517578125
88.69374847412109375 87.86875152587890625 88.5 89.2687530517578125 89.99375152587890625 91.5437469482421875 92.9499969482421875 95.2312469482421875 95.59999847412109375 96.6374969482421875 99.9875030517578125 103.6125030517578125 107.34375 110.52500152587890625 113.19374847412109375 116.4375 118.8000030517578125 120.75624847412109375 123.3312530517578125 125.15000152587890625 122.1750030517578125 118.1875 112.3625030517578125 108.1437530517578125 105.5812530517578125 104.09375 103.4875030517578125 103.7687530517578125 104.08750152587890625 104.4187469482421875 105.59375 106.3125 105.6875 106.21250152587890625 106.47499847412109375 105.75 107.6374969482421875 108.21875 108.43125152587890625 108.96875 109.0749969482421875 107.3937530517578125 106.4250030517578125 105.2687530517578125
81.9812469482421875 81.75624847412109375 82.4499969482421875 83.16249847412109375 84.9812469482421875 86.96250152587890625 89.1999969482421875 91.5500030517578125 93.6750030517578125 95.1374969482421875 100.71250152587890625 108.46875 113.0625 116.4875030517578125 119.7624969482421875 122.21875 125.14374542236328125 126.1687469482421875 127.8249969482421875 128.9812469482421875 127.0124969482421875 120.88124847412109375 114.9187469482421875 109.8562469482421875 106.8625030517578125 105.34375 104.24375152587890625 104.0187530517578125 104.3874969482421875 105.0749969482421875 105.8312530517578125 106.7312469482421875 106.8000030517578125 107.2312469482421875 107.41249847412109375 107.47499847412109375 108.53125 109.6750030517578125 109.0812530517578125 108.75 108.6125030517578125 107.00624847412109375 107.0812530517578125 106.9875030517578125
75.2624969482421875 75.7937469482421875 76.94374847412109375 77.72499847412109375 79.9375 82.81874847412109375 85.79375457763671875 89.16249847412109375 93.16249847412109375 96.09999847412109375 108.65000152587890625 116.46250152587890625 119.9250030517578125 122.8562469482421875 125.6999969482421875 128.4875030517578125 129.2562408447265625 130.0812530517578125 129.65625 128.7624969482421875 127.1062469482421875 121.375 115.88124847412109375 110.61875152587890625 107.03749847412109375 104.86875152587890625 104.5500030517578125 104.71875 105.0812530517578125 105.83750152587890625 104.9499969482421875 105.4812469482421875 105.94374847412109375 107.7624969482421875 108.4812469482421875 106.8874969482421875 107.7624969482421875 108.5500030517578125 109.7375030517578125 109.94374847412109375 108.1875 108.82500457763671875 107.15625 106.4875030517578125
