data/historical-monthly-weather-data/wc2.1_cruts4.09_10m_prec_1975-07.asc
ncols        51
nrows        45
xllcorner    -63.500000000000
yllcorner    -7.500000000000
cellsize     0.166666666667
NODATA_value -9999
[rows 0 to 18 of 45, columns 0 to 42 of 51]
267.837493896484375 256.20623779296875 245.493743896484375 239.9499969482421875 231.6999969482421875 227.65625 224.006256103515625 218.899993896484375 221.7937469482421875 227.087493896484375 228.5437469482421875 231.068756103515625 232.6687469482421875 237.524993896484375 242.9562530517578125 245.681243896484375 247.493743896484375 241.600006103515625 237.256256103515625 236.493743896484375 238.2312469482421875 234 231.2937469482421875 228.78125 228.78125 224.381256103515625 221.493743896484375 218.875 214.837493896484375 221.318756103515625 219.600006103515625 222.8249969482421875 231.118743896484375 234.3937530517578125 237.0500030517578125 237.53125 233.256256103515625 241.3625030517578125 238.725006103515625 237.943756103515625 245.7624969482421875 254.631256103515625 255.4375
260.774993896484375 249.087493896484375 239.587493896484375 235.850006103515625 231.306243896484375 229.6374969482421875 227.524993896484375 226.0749969482421875 231.2062530517578125 235.993743896484375 238.7937469482421875 240.59375 242.631256103515625 245.7937469482421875 247.1062469482421875 248.712493896484375 248.537506103515625 243.2937469482421875 240.0500030517578125 237.818756103515625 233.1125030517578125 233.5812530517578125 233.03125 234.243743896484375 227.53125 223.5124969482421875 220.34375 217.4250030517578125 210.587493896484375 210.90625 212.693756103515625 220.4250030517578125 224.875 230.2062530517578125 232.0500030517578125 227.9812469482421875 223.6687469482421875 227 223.2937469482421875 224.9375 234.3874969482421875 238.056243896484375 240.6687469482421875
241.1437530517578125 236.8562469482421875 236.125 233.743743896484375 230.5124969482421875 229.9187469482421875 231.96875 237.149993896484375 244.71875 250.25 253.3062591552734375 252.375 255.8312530517578125 253.5 251.625 249.868743896484375 248.8937530517578125 243.71875 239.3625030517578125 239.46875 236.03125 238.4875030517578125 240.6062469482421875 240.181243896484375 235.712493896484375 227.8874969482421875 229.1999969482421875 223.03125 215.7687530517578125 216.4875030517578125 217.3937530517578125 216.100006103515625 221.21875 229.7624969482421875 224.037506103515625 218.274993896484375 219.1374969482421875 225.0625 220.306243896484375 222.5500030517578125 230.03125 234.631256103515625 234.149993896484375
224.149993896484375 217.649993896484375 224.4625091552734375 231.1125030517578125 230.568756103515625 230.7874908447265625 234.1999969482421875 245.25 257.899993896484375 266.15625 264.931243896484375 262.61248779296875 262.868743896484375 264.462493896484375 257.63751220703125 250.618743896484375 245.506256103515625 241.78125 241.1062469482421875 247.1875 246.5812530517578125 243.6437530517578125 245.6437530517578125 247.712493896484375 245.0124969482421875 238.8874969482421875 233.931243896484375 221.4875030517578125 216.75 222.4375 222.6437530517578125 219.256256103515625 217.506256103515625 217.2312469482421875 213.7624969482421875 219.40625 223.756256103515625 220.5187530517578125 219.0187530517578125 219.75 230.1875 237.2687530517578125 236.28125
230.681243896484375 215.8562469482421875 209.84375 219.4499969482421875 229.9812469482421875 231.631256103515625 239.96875 252.6750030517578125 265 272.11248779296875 277.98748779296875 273.037506103515625 271.8125 270.07501220703125 260.78125 252.2687530517578125 244.381256103515625 242.975006103515625 238.53125 243.4499969482421875 247.59375 245.53125 246.3125 254.993743896484375 251.256256103515625 243.9375 234.131256103515625 228.1687469482421875 220.75 219.225006103515625 220.9250030517578125 220.5500030517578125 222.318756103515625 220 216.2312469482421875 213.9499969482421875 217.787506103515625 219.600006103515625 216.337493896484375 219.65625 227.912506103515625 228.5812530517578125 232.568756103515625
222.3625030517578125 214.9812469482421875 212.2375030517578125 199.399993896484375 213.3312530517578125 231.931243896484375 241.1750030517578125 251.9187469482421875 267.04376220703125 273.46875 276.293731689453125 272.86248779296875 271.912506103515625 263.368743896484375 258.28125 250.3312530517578125 239.568756103515625 235.3625030517578125 236.90625 244.931243896484375 248.274993896484375 249.0625 253.1125030517578125 251.818756103515625 252.1125030517578125 247.118743896484375 237.21875 229.1750030517578125 219.306243896484375 217.3625030517578125 218.056243896484375 222.318756103515625 221.125 223.2312469482421875 217.78125 217.71875 212.125 213.8312530517578125 217.524993896484375 224.131256103515625 222.9250030517578125 227.03125 227.368743896484375
217.149993896484375 211.4812469482421875 210.59375 208.118743896484375 207.9250030517578125 212.9375 229.818756103515625 246.6374969482421875 256.912506103515625 266.524993896484375 272.962493896484375 264.86248779296875 266.57501220703125 260.73126220703125 251.71875 246.537506103515625 240.40625 232.9375 229.756256103515625 243.912506103515625 246.618743896484375 246.618743896484375 247.96875 251.375 250.2062530517578125 249.5437469482421875 244.618743896484375 229.2062530517578125 216.131256103515625 219.5437469482421875 218.1437530517578125 214.8874969482421875 214.162506103515625 220.0749969482421875 221.78125 218.1875 211.5437469482421875 209.9187469482421875 215.09375 222.5500030517578125 219.787506103515625 218.556243896484375 221.1687469482421875
215.375 207.181243896484375 208.899993896484375 211.0437469482421875 214.8562469482421875 228.975006103515625 233.287506103515625 229.993743896484375 235.28125 245.8249969482421875 254.53125 254.993743896484375 255.506256103515625 249.6999969482421875 245.8125 241.037506103515625 233.837493896484375 229.78125 229.4562530517578125 233.0749969482421875 244.068756103515625 249.1999969482421875 248.6125030517578125 251 253.9187469482421875 246.4499969482421875 240.28125 223.25 215.90625 213.03125 217.6125030517578125 214.4875030517578125 216.1125030517578125 217.09375 216.306243896484375 209.625 204.2687530517578125 203.131256103515625 202.65625 203.443756103515625 203.03125 205.3312530517578125 206.5124969482421875
212.53125 206.3625030517578125 206.875 212.649993896484375 219.46875 228.46875 235.3125 239.225006103515625 237.0374908447265625 233.21875 236.5500030517578125 233.118743896484375 241.556243896484375 236.431243896484375 234.274993896484375 231.3874969482421875 230.5437469482421875 233.6750030517578125 241.850006103515625 235.993743896484375 236.818756103515625 248.625 249.306243896484375 255.2062530517578125 256.20001220703125 242.912506103515625 230.943756103515625 225.9375 219.850006103515625 215.149993896484375 220.5749969482421875 212.0687408447265625 204.975006103515625 202.6125030517578125 204.1750030517578125 206.681243896484375 206.4499969482421875 207.2624969482421875 202.1999969482421875 197.28125 193.9812469482421875 193.5625 195.2062530517578125
206.662506103515625 203.493743896484375 207 213.381256103515625 220.412506103515625 232.431243896484375 238.6999969482421875 242.850006103515625 243.537506103515625 244.5187530517578125 239.09375 226.1437530517578125 228.7375030517578125 226.84375 227.84375 229.9499969482421875 227.193756103515625 237.443756103515625 247.1437530517578125 249.5 248.8000030517578125 245.568756103515625 241.818756103515625 247.837493896484375 246.681243896484375 243.399993896484375 231.3625030517578125 224.2375030517578125 214.943756103515625 211.774993896484375 213.225006103515625 204.8874969482421875 202.431243896484375 199.4499969482421875 198.037506103515625 201.9812469482421875 203.725006103515625 205.15625 200.28125 199.600006103515625 198.837493896484375 194.225006103515625 187.1062469482421875
204.868743896484375 203.3937530517578125 206.431243896484375 214.5812530517578125 221.1437530517578125 232.9562530517578125 240.5187530517578125 239.1062469482421875 234.743743896484375 235.506256103515625 235.8937530517578125 227.4562530517578125 215.931243896484375 216.75 215.475006103515625 218.3687591552734375 224.212493896484375 235.1750030517578125 245.0625 258.756256103515625 266.13751220703125 259.600006103515625 245.6999969482421875 231.774993896484375 242.0437469482421875 252.399993896484375 241.693756103515625 229.1437530517578125 211.8562469482421875 208.2375030517578125 206.375 203.975006103515625 203.318756103515625 198.756256103515625 200.1437530517578125 201.0437469482421875 202.725006103515625 198.71875 202.6999969482421875 198.6374969482421875 192.056243896484375 185.287506103515625 182.3312530517578125
201.9499969482421875 199.2375030517578125 203.318756103515625 212.25 220.431243896484375 231.6999969482421875 240.6687469482421875 239.524993896484375 231.2562408447265625 224.350006103515625 221.8874969482421875 220.931243896484375 207.59375 204.8249969482421875 211.9499969482421875 211.40625 217.2062530517578125 227.9187469482421875 239.0749969482421875 256.681243896484375 273.462493896484375 271.95001220703125 266.90625 247.5187530517578125 242.09375 232.381256103515625 223.806243896484375 217.8312530517578125 206.256256103515625 201.162506103515625 193.875 191.462493896484375 193.587493896484375 193.9562530517578125 198.28125 202.0625 200.537506103515625 202.8125 194.15625 190.0749969482421875 182.0437469482421875 178.931243896484375 167.7687530517578125
192.806243896484375 193.912506103515625 200.3812408447265625 206.5 212.3874969482421875 223.0500030517578125 228.3874969482421875 225.1125030517578125 217.9812469482421875 215.7937469482421875 215.15625 211.1750030517578125 208.568756103515625 193.725006103515625 194.181243896484375 202.868743896484375 208.6999969482421875 221.212493896484375 233.125 245.9187469482421875 258.20623779296875 259.287506103515625 260.98126220703125 247 229.068756103515625 219.8125 214.34375 210.1062469482421875 200.8562469482421875 193.7312469482421875 186.0437469482421875 178.1750030517578125 183.875 186.4187469482421875 190.181243896484375 195.537506103515625 201.4875030517578125 208.2937469482421875 207.743743896484375 193.7062530517578125 177.712493896484375 169.4375 152.6374969482421875
185.6437530517578125 186.6750030517578125 193.4375 198.4250030517578125 202.7312469482421875 209.162506103515625 212.462493896484375 210.662506103515625 210.243743896484375 204.681243896484375 202.8562469482421875 202.03125 196.4187469482421875 188.350006103515625 177.256256103515625 189.1374969482421875 193.337493896484375 206.931243896484375 215.962493896484375 229.4562530517578125 238.975006103515625 245.8499908447265625 249.462493896484375 240.725006103515625 224.5812530517578125 212.8000030517578125 204 194.1437530517578125 185.493743896484375 179.631256103515625 179.7062530517578125 175 174.5749969482421875 177.225006103515625 182.15625 194.3312530517578125 208.4250030517578125 222.21875 225.1374969482421875 208.0500030517578125 174.537506103515625 155.431243896484375 151.8625030517578125
180.443756103515625 179.243743896484375 183.6999969482421875 189.537506103515625 191.462493896484375 195.2624969482421875 202.3562469482421875 200.4812469482421875 197.756256103515625 192.868743896484375 190.587493896484375 188.1125030517578125 186.118743896484375 182.225006103515625 165.6062469482421875 170.65625 176.068756103515625 187.25 197.0187530517578125 211.162506103515625 224.7624969482421875 231.350006103515625 236.1750030517578125 234.9499969482421875 227.100006103515625 218.3312530517578125 208.2375030517578125 194.9375 187.375 183.0812530517578125 173.8249969482421875 170.8937530517578125 177.2375030517578125 176.693756103515625 172.774993896484375 182.037506103515625 206.90625 232.5437469482421875 237.6750030517578125 218.0437469482421875 194.28125 178.5812530517578125 183.774993896484375
171.1437530517578125 170.5625 175.4875030517578125 178.7062530517578125 181.600006103515625 188.337493896484375 188.7375030517578125 187.4812469482421875 185.868743896484375 184.7687530517578125 180.4812469482421875 179.2937469482421875 178.4875030517578125 175.2062530517578125 163.431243896484375 146.662506103515625 155.6687469482421875 169.0812530517578125 177.3125 191.649993896484375 203.1750030517578125 215.462493896484375 224.993743896484375 235.368743896484375 232.21875 222.631256103515625 207.8937530517578125 190.3625030517578125 183.6062469482421875 180.09375 181.524993896484375 171.006256103515625 167.618743896484375 164.7375030517578125 163.306243896484375 188 209.03125 231.4250030517578125 242.90625 240.587493896484375 226.712493896484375 211.368743896484375 199.962493896484375
162.375 162.1875 167.75 172.5437469482421875 176.5625 177.899993896484375 180.631256103515625 179.75 178.5500030517578125 177.4812469482421875 174.462493896484375 171.600006103515625 168.693756103515625 168.443756103515625 167.90625 157.625 146.03125 150.5625 166.5124969482421875 178.7937469482421875 188.96875 202.4499969482421875 219.475006103515625 235.78125 240.743743896484375 216.9562530517578125 194.818756103515625 179.662506103515625 177.431243896484375 179.181243896484375 181.225006103515625 181.4375 176.8312530517578125 175.2687530517578125 192.2375030517578125 206.9875030517578125 233.03125 265.193756103515625 282.98748779296875 258.625 237.837493896484375 216.943756103515625 195.4187469482421875
153.7937469482421875 155.8625030517578125 159.818756103515625 166.40625 170.3874969482421875 170.0749969482421875 171.46875 172.59375 171.475006103515625 165.8937530517578125 163.5 165.087493896484375 163.0500030517578125 162.7375030517578125 165.8125 163.912506103515625 154.875 140.443756103515625 158.431243896484375 168.493743896484375 177.725006103515625 189.350006103515625 212.28125 226.087493896484375 228.568756103515625 205.6374969482421875 183.3562469482421875 173.162506103515625 173.181243896484375 170.8312530517578125 163.9499969482421875 162.006256103515625 187.475006103515625 199.3562469482421875 201.399993896484375 225.368743896484375 257.125 277.03125 282.78125 263.88751220703125 230.0812530517578125 209.40625 189.3249969482421875
145.806243896484375 147.7062530517578125 150.4187469482421875 155.6875 161.931243896484375 163.875 163.3625030517578125 166.162506103515625 166.4812469482421875 161.9375 159.162506103515625 156.5437469482421875 156.412506103515625 159.0124969482421875 156.8562469482421875 159.59375 157.5437469482421875 148.8562469482421875 144.631256103515625 151.0250091552734375 167.306243896484375 191.5500030517578125 180.75 197.1062469482421875 202.256256103515625 197.056243896484375 182.7312469482421875 169.8625030517578125 170.618743896484375 170.412506103515625 166.899993896484375 168.2624969482421875 186.943756103515625 193.9375 202.1999969482421875 221.4499969482421875 237.4250030517578125 249.274993896484375 255.818756103515625 235.412506103515625 215.4812469482421875 193.9499969482421875 179.306243896484375
