data/historical-monthly-weather-data/wc2.1_cruts4.09_10m_prec_1989-02.asc
ncols        45
nrows        45
xllcorner    -63.500000000000
yllcorner    -7.500000000000
cellsize     0.166666666667
NODATA_value -9999
[rows 20 to 39 of 45, columns 0 to 44 of 45]
288.875 296.32501220703125 308.23748779296875 321.712493896484375 338.943756103515625 355.681243896484375 373.79376220703125 391.98748779296875 407.14373779296875 420.462493896484375 432.818756103515625 452.375 474.850006103515625 496.149993896484375 488.806243896484375 467.45623779296875 449.8125 437.475006103515625 436.5625 436.1875 434.087493896484375 429.86248779296875 423.20623779296875 414.40625 406.04998779296875 399.45623779296875 396.899993896484375 394.66876220703125 393.774993896484375 392.237518310546875 382.09375 364.16876220703125 338.01873779296875 306.712493896484375 278.087493896484375 293.712493896484375 325.54998779296875 349.79998779296875 362.95623779296875 366.625 362.61248779296875 356.024993896484375 350.162506103515625 343.743743896484375 336.375
284.40625 294.41876220703125 308.606231689453125 326.181243896484375 344.45623779296875 363.037506103515625 382.350006103515625 401.774993896484375 417.118743896484375 427.306243896484375 434.587493896484375 445.46875 457.75 468.037506103515625 471.20001220703125 464.024993896484375 454.9375 447.16876220703125 444.1875 443.193756103515625 436.09375 430.256256103515625 426.82501220703125 417.181243896484375 409.162506103515625 404.087493896484375 402.73126220703125 400.725006103515625 400.537506103515625 399.899993896484375 392.899993896484375 375.35626220703125 352.98126220703125 330.443756103515625 315.16876220703125 323.975006103515625 345.743743896484375 362.568756103515625 369.33123779296875 369.17498779296875 365.11248779296875 359.32501220703125 352.79376220703125 345.412506103515625 338.368743896484375
284.66876220703125 297.631256103515625 312.318756103515625 331.21875 350.48748779296875 371.26251220703125 389.64373779296875 410.274993896484375 426.58123779296875 431.48126220703125 431.70623779296875 433.181243896484375 435.28125 442.181243896484375 453.162506103515625 456.712493896484375 454.725006103515625 451.41876220703125 448.07501220703125 444.131256103515625 436.84375 429.225006103515625 423.568756103515625 413.756256103515625 407.84375 405.125 404.0625 403.125 404.58123779296875 405.86248779296875 402.59375 392.54998779296875 373.837493896484375 359.3125 356.46875 365.6875 377.131256103515625 383.600006103515625 382.17498779296875 374.993743896484375 368.11248779296875 361.756256103515625 354.649993896484375 347.225006103515625 340.5
293 307.625 322.29998779296875 338.412506103515625 357.01251220703125 377.225006103515625 396.61248779296875 414.53125 428.70001220703125 429.96875 427.34375 424.475006103515625 417.15625 426.08123779296875 440.806243896484375 448.443756103515625 450.71875 451.07501220703125 448.337493896484375 443.33123779296875 433.76873779296875 424.20623779296875 416.46875 407.51873779296875 403.368743896484375 399.943756103515625 401.631256103515625 403.11248779296875 404.375 407.07501220703125 405.90625 398.60626220703125 387.45001220703125 380.962493896484375 384.806243896484375 397.162506103515625 403.881256103515625 400.04998779296875 391.45001220703125 380.73748779296875 372.087493896484375 363.912506103515625 356.75 350.20001220703125 345.256256103515625
307.725006103515625 322.118743896484375 334.95623779296875 350.068756103515625 368.25 384.6875 401.89373779296875 416.95623779296875 425.693756103515625 428.01251220703125 426.15625 423.73748779296875 421.818756103515625 426.53125 436.48126220703125 445.537506103515625 451.29376220703125 452.181243896484375 449.681243896484375 443.88751220703125 433.01251220703125 419.868743896484375 408.306243896484375 398.29998779296875 394.181243896484375 397.58123779296875 398.899993896484375 402.10626220703125 403.16876220703125 404.45623779296875 401.61248779296875 394.662506103515625 391.5 391.35626220703125 396.70623779296875 403.39373779296875 407.29998779296875 402.98126220703125 393.25 382.462493896484375 373.39373779296875 364.91876220703125 358.45623779296875 354.125 348.14373779296875
329.9375 344.42498779296875 353.306243896484375 365.568756103515625 380.568756103515625 394.8125 407.48126220703125 419.36248779296875 426.07501220703125 428.6875 428.15625 428.506256103515625 430.21875 432.45001220703125 441.21875 448.71875 454.631256103515625 455.40625 454.08123779296875 447.65625 433.993743896484375 416.368743896484375 399.73748779296875 386.10626220703125 387.412506103515625 394.34375 399.95001220703125 401.14373779296875 401.90625 400.15625 395.41876220703125 389.16876220703125 389.8125 393 398.337493896484375 402.256256103515625 404.25 401.693756103515625 390.756256103515625 380.850006103515625 372.36248779296875 364.59375 357.76873779296875 354.07501220703125 351.28125
350.20623779296875 361.90625 368.631256103515625 379.681243896484375 390.88751220703125 400.89373779296875 411.625 419.381256103515625 426.09375 431.306243896484375 434.48748779296875 437.73748779296875 442.399993896484375 447.21875 454.09375 461.587493896484375 465.850006103515625 465.45001220703125 461.5625 452.806243896484375 436.48748779296875 417.318756103515625 395.881256103515625 379.53125 386.09375 394.5 398.993743896484375 399.8125 398.1875 395.462493896484375 390.91876220703125 383.54998779296875 386.225006103515625 393.89373779296875 397.98748779296875 401.181243896484375 402.399993896484375 398.837493896484375 389.61248779296875 379.67498779296875 370.868743896484375 362.5625 355.381256103515625 351.26251220703125 352.84375
371.125 378.537506103515625 384.64373779296875 392.649993896484375 400.512481689453125 406.59375 415.29998779296875 423.45001220703125 430.181243896484375 437.256256103515625 441.725006103515625 447.67498779296875 454.337493896484375 460.962493896484375 468.068756103515625 475.26873779296875 478.381256103515625 478.54376220703125 472.381256103515625 463.10626220703125 447.131256103515625 427.712493896484375 411.306243896484375 397.32501220703125 396.17498779296875 401.125 402.443756103515625 401.20623779296875 397.4375 393.725006103515625 388.16876220703125 382.01873779296875 387.787506103515625 393.350006103515625 397.57501220703125 400.243743896484375 399.149993896484375 397.081268310546875 387.58123779296875 377.13751220703125 368.32501220703125 360.912506103515625 353.806243896484375 351.14373779296875 356.568756103515625
389.787506103515625 395.08123779296875 398.51251220703125 404.26873779296875 410.443756103515625 414.26251220703125 420.618743896484375 426.91876220703125 435.07501220703125 443.5625 449.86248779296875 457.587493896484375 465.58123779296875 475.793731689453125 483.756256103515625 492.1875 497.07501220703125 494.42498779296875 489.662506103515625 478.88751220703125 463.600006103515625 444.66876220703125 431.600006103515625 418.881256103515625 411.90625 410.82501220703125 409.14373779296875 404.8125 400.48748779296875 395.443756103515625 387.65625 382.212493896484375 386.962493896484375 392.96875 398.45623779296875 398.98126220703125 398.90625 396.899993896484375 389.443756103515625 377.8125 365.90625 357.76251220703125 354.26251220703125 355.962493896484375 364.29376220703125
403.881256103515625 406.10626220703125 408.056243896484375 411.1875 416.837493896484375 420.537506103515625 425.26251220703125 431.024993896484375 438.649993896484375 448.493743896484375 457.11248779296875 467.86248779296875 478.46875 491.03125 501.318756103515625 508.91876220703125 516.4375 518.73748779296875 515.5062255859375 504.16876220703125 486.774993896484375 469.51873779296875 456.212493896484375 440.15625 428.118743896484375 421.66876220703125 415.20623779296875 406.71875 399.20623779296875 393.618743896484375 388.649993896484375 384.60626220703125 388.337493896484375 394.537506103515625 398.95001220703125 400.149993896484375 398.79998779296875 397.98126220703125 389.76873779296875 379.48126220703125 373.318756103515625 368.962493896484375 365.95001220703125 369.70623779296875 372.181243896484375
413.73748779296875 414.6875 413.6875 415.98126220703125 419.337493896484375 423.91876220703125 428.806243896484375 435.149993896484375 443.51251220703125 453.393768310546875 466.14373779296875 480.0625 494.318756103515625 506.48126220703125 516.875 527.6937255859375 537.61248779296875 542.79376220703125 543.5062255859375 532.33123779296875 513.15625 493.86248779296875 478.225006103515625 458.712493896484375 442.506256103515625 431.57501220703125 420.537506103515625 408.98748779296875 398.399993896484375 393.337493896484375 389.649993896484375 387.368743896484375 392.712493896484375 399.024993896484375 403.73748779296875 402.46875 401.54998779296875 401.75 394.256256103515625 384.462493896484375 381.125 381.600006103515625 381.29376220703125 381.756256103515625 384.475006103515625
417.149993896484375 417.73126220703125 416.899993896484375 418.943756103515625 420.98748779296875 425.11248779296875 431.10626220703125 436.399993896484375 445.412506103515625 458.13751220703125 472.16876220703125 489.181243896484375 506.668731689453125 522.70623779296875 534.4937744140625 547.7874755859375 554.6875 559.29998779296875 560.36248779296875 553.5562744140625 535.28125 516.96875 498.600006103515625 476.76873779296875 457.98748779296875 442.33123779296875 426.943756103515625 412.04998779296875 398.962493896484375 395.58123779296875 393.118743896484375 391.23748779296875 396.8125 402.731231689453125 407.8125 406.76251220703125 406.04376220703125 405.100006103515625 398.368743896484375 394.48126220703125 396.225006103515625 398.34375 399.17498779296875 401.693756103515625 406.725006103515625
413.79376220703125 415.64373779296875 416.91876220703125 419.11248779296875 420.79376220703125 425.537506103515625 430.65625 437.21875 447.681243896484375 461.67498779296875 479.6875 499.399993896484375 522.40625 543.125 555.85626220703125 565.5999755859375 571.38751220703125 576.99371337890625 575.90625 570.9124755859375 556 538.08123779296875 520.5250244140625 497.412506103515625 477.931243896484375 460.693756103515625 441.506256103515625 424.20623779296875 408.024993896484375 401.54998779296875 397.73748779296875 393.600006103515625 398.243743896484375 405.4375 411.6875 412.131256103515625 411.07501220703125 408.40625 404.29376220703125 407.61248779296875 411.82501220703125 415.73126220703125 420.35626220703125 426.88751220703125 440.28125
410.33123779296875 412.04376220703125 414.306243896484375 418.23126220703125 420.524993896484375 424.600006103515625 430.318756103515625 437.8125 446.181243896484375 460.83123779296875 481.212493896484375 507.9375 538.10626220703125 562.5625 575.6500244140625 584.2437744140625 588.95623779296875 592.9375 592.0562744140625 587.9625244140625 573.08123779296875 555.67498779296875 539.91876220703125 516.5687255859375 496.95623779296875 478.743743896484375 456.90625 435.618743896484375 417.125 409.11248779296875 402.82501220703125 396.762481689453125 402.61248779296875 409.66876220703125 414.8125 416.03125 414.662506103515625 412.67498779296875 412.975006103515625 418.54376220703125 424.006256103515625 430.88751220703125 441.381256103515625 452.006256103515625 467.931243896484375
406.225006103515625 409.65625 413.23748779296875 416.28125 420.40625 425.100006103515625 429.306243896484375 435.568756103515625 442.26873779296875 456.0625 480.73126220703125 516.7750244140625 555.34375 584.95623779296875 596.6312255859375 603.5 605.38128662109375 607.41876220703125 608.33123779296875 603.26873779296875 590.6875 572.57501220703125 556.21875 531.8375244140625 512.9437255859375 493.131256103515625 470.14373779296875 447.193756103515625 426.225006103515625 416.1875 406.3125 399.85626220703125 405.41876220703125 413.3125 418.60626220703125 418.399993896484375 416.15625 418.10626220703125 421.931243896484375 426.649993896484375 433.943756103515625 441.28125 452.95623779296875 465.73748779296875 479.67498779296875
402.01873779296875 407.83123779296875 413.04998779296875 417.087493896484375 421.6875 427.493743896484375 431.20623779296875 435.368743896484375 439.806243896484375 452.556243896484375 481.08123779296875 522.79998779296875 567.3499755859375 600.9000244140625 613.9312744140625 621.40625 625.5374755859375 626.39373779296875 623.0875244140625 619.23748779296875 604.8062744140625 587.9937744140625 569.32501220703125 546.0562744140625 524.64373779296875 504.54998779296875 480.95001220703125 459.28125 437.04998779296875 422.29376220703125 409.04376220703125 398.631256103515625 404.693756103515625 413.037506103515625 417.17498779296875 416.006256103515625 417.625 417.631256103515625 421.0625 428.13751220703125 437.318756103515625 443.618743896484375 452.71875 465.850006103515625 476.15625
399.631256103515625 407.212493896484375 413.306243896484375 421.787506103515625 427.67498779296875 433.23748779296875 436.70001220703125 439.29376220703125 440.09375 442.63751220703125 480.600006103515625 536.70623779296875 580.40625 610.7874755859375 627.79998779296875 637.03125 642.76251220703125 642.6812744140625 640.7562255859375 633.98126220703125 616.9749755859375 597.85626220703125 578.7874755859375 555.28125 533.14373779296875 513.6624755859375 490.350006103515625 467.943756103515625 446.368743896484375 427.649993896484375 409.79998779296875 395.037506103515625 401.774993896484375 410.431243896484375 415.875 417.29376220703125 416.59375 416.4375 420.412506103515625 426.46875 433.61248779296875 440.5625 449.41876220703125 460.868743896484375 469.743743896484375
398.51873779296875 407.587493896484375 416.243743896484375 426.08123779296875 435.149993896484375 441.23748779296875 446.23748779296875 450.51873779296875 455.1875 455.45623779296875 513.3125 572.79376220703125 604.42498779296875 626.1812744140625 642.9749755859375 653.2874755859375 656.92498779296875 656.70623779296875 651.46875 641.86248779296875 623.89373779296875 602.5562744140625 583.9375 560.3125 539.3125 520.25 496.89373779296875 475.493743896484375 453.85626220703125 433.0625 409.38751220703125 391.09375 397.07501220703125 406.46875 411.681243896484375 413.98126220703125 413.65625 414.01251220703125 418.01251220703125 422.856231689453125 427.98748779296875 434.774993896484375 441.431243896484375 450.29376220703125 458.82501220703125
406.21875 411.53125 420.0625 432.4375 442.131256103515625 451.09375 461.5 473.26251220703125 490.537506103515625 527.67498779296875 594.95001220703125 620.04376220703125 635.14373779296875 651.2750244140625 665.53125 671.91876220703125 675.0562744140625 669.8812255859375 659.16253662109375 646.34375 623.01873779296875 599.3187255859375 581.2249755859375 557.2249755859375 536.8687744140625 520.42498779296875 498.256256103515625 477.48748779296875 456.88751220703125 434.1875 410.61248779296875 389.23748779296875 391.587493896484375 397.88751220703125 404.03125 405.975006103515625 405.225006103515625 406.850006103515625 409.462493896484375 410.993743896484375 415.51251220703125 420.08123779296875 425.96875 433.03125 439.962493896484375
415.64373779296875 417.375 426.587493896484375 438.149993896484375 449.53125 462.212493896484375 475.806243896484375 495.98748779296875 522.35626220703125 563.39373779296875 609.9937744140625 639.6937255859375 660.70001220703125 676.7437744140625 688.08123779296875 694.48748779296875 695.4937744140625 685.2125244140625 668.5374755859375 651.9312744140625 620.39373779296875 593.24371337890625 571.9000244140625 549.04998779296875 533.0062255859375 517.6312255859375 497.662506103515625 478.225006103515625 458.76251220703125 434.899993896484375 408.75 388.01251220703125 389.993743896484375 392.38751220703125 393.45001220703125 395.59375 394.96875 395.17498779296875 397.75 397.59375 400.212493896484375 404.149993896484375 408.38751220703125 412.412506103515625 418.6875
