data/historical-monthly-weather-data/wc2.1_cruts4.09_10m_prec_1955-11.asc
ncols        45
nrows        45
xllcorner    -63.500000000000
yllcorner    -7.500000000000
cellsize     0.166666666667
NODATA_value -9999
[rows 0 to 19 of 45, columns 0 to 43 of 45]
92.2624969482421875 85.72499847412109375 82.88124847412109375 82.66249847412109375 82.71250152587890625 86.1062469482421875 89.3625030517578125 92.75624847412109375 97.40625 101.71250152587890625 106.0812530517578125 109.5625 113.1687469482421875 114.86875152587890625 117 118.55625152587890625 120.0625 119.15000152587890625 118.2624969482421875 117.81874847412109375 116.43125152587890625 114.7937469482421875 113.7062530517578125 111.4812469482421875 109.81874847412109375 108.6125030517578125 107.9375 107.3125 106.5749969482421875 107.3625030517578125 108.8312530517578125 111.1999969482421875 114.1437530517578125 118.05625152587890625 121.7937469482421875 126.53125 131.806243896484375 136.431243896484375 139.1875 141.8249969482421875 143.0749969482421875 143.8312530517578125 142.71875 141.5812530517578125
95.56874847412109375 87.58750152587890625 84.6999969482421875 83.6999969482421875 83.90000152587890625 87.09999847412109375 90.1374969482421875 94.4187469482421875 99.5500030517578125 104.1062469482421875 108.6062469482421875 111.75 114.4187469482421875 116.65625 118.1687469482421875 120.40625 121.34375 121.1999969482421875 120.59375 120.41249847412109375 118.7062530517578125 116.8312530517578125 115.71875 114.5187530517578125 112.09375 110.5187530517578125 109.94374847412109375 108.90000152587890625 108.28749847412109375 109.6687469482421875 111.9499969482421875 115.16249847412109375 117.90625 123.3125 128.40625 134.337493896484375 140.96875 147 150.037506103515625 153.100006103515625 155.5437469482421875 155.743743896484375 155.2062530517578125 152.53125
104.38124847412109375 97.1687469482421875 94.15625 92.59999847412109375 92.78125 95.0500030517578125 98.5749969482421875 102.19374847412109375 107.40625 111.61875152587890625 114.7312469482421875 116.72499847412109375 118.6125030517578125 119.80625152587890625 120.7624969482421875 121.97499847412109375 123.11875152587890625 123.25624847412109375 122.40000152587890625 122.2062530517578125 120.8312530517578125 119.1999969482421875 118.2312469482421875 117.55625152587890625 115.90000152587890625 114.2312469482421875 113.30625152587890625 112.27500152587890625 111.02500152587890625 112.0437469482421875 115.0625 118.0625 123.2312469482421875 128.931243896484375 135.40625 142.006256103515625 149.625 158.3937530517578125 162.8125 167.287506103515625 170.431243896484375 169.8000030517578125 168.8000030517578125 166.5625
112.0625 105.4812469482421875 103.8874969482421875 102.3000030517578125 102.625 104.2624969482421875 106.7375030517578125 110.50624847412109375 116.1437530517578125 120.27500152587890625 121.8125 122.08750152587890625 122.52500152587890625 122.56874847412109375 123.125 124.0625 125.1750030517578125 124.8125 124.38124847412109375 124.90625 124.0187530517578125 122.47499847412109375 120.90625 120.09999847412109375 119.0187530517578125 117.8937530517578125 116.77500152587890625 114.3625030517578125 113.27500152587890625 115.03125 117.7624969482421875 121.44374847412109375 126.3874969482421875 132.9375 140.1687469482421875 149.8874969482421875 159.96875 169.943756103515625 176.193756103515625 181.6999969482421875 184.4499969482421875 184.9875030517578125 182.4562530517578125 179.4499969482421875
122.90625 115.33750152587890625 110.41249847412109375 109.94374847412109375 111.68125152587890625 113.11875152587890625 114.99375152587890625 118.6687469482421875 125.0812530517578125 129.8249969482421875 128.5124969482421875 126.03749847412109375 125.1437530517578125 124.9187469482421875 125.25 126.3125 126.9250030517578125 127.0437469482421875 126.61875152587890625 126.15000152587890625 126.58750152587890625 125.3625030517578125 124.15000152587890625 124.2624969482421875 122.3937530517578125 121.1437530517578125 118.09375 116.4812469482421875 115.7624969482421875 116.56874847412109375 119.16249847412109375 122.99375152587890625 129.0500030517578125 136.818756103515625 145.5749969482421875 156.806243896484375 169 181.3937530517578125 190.125 195.006256103515625 199.375 198.2624969482421875 195.962493896484375 192.837493896484375
132.1875 125.6875 120.65000152587890625 116.47499847412109375 119.15625 122.7062530517578125 125.1687469482421875 127.9499969482421875 133.368743896484375 138.056243896484375 134.96875 131.5500030517578125 130.350006103515625 129.462493896484375 128.943756103515625 128.9375 129.399993896484375 129.4187469482421875 129.53125 128.65625 128.9875030517578125 128.9187469482421875 128.2312469482421875 127.32500457763671875 126.4375 124.5625 121.44374847412109375 118.8874969482421875 117.5 117.94374847412109375 119.43125152587890625 124.39374542236328125 130.774993896484375 139.693756103515625 149.0749969482421875 162.1875 176.0437469482421875 190.506256103515625 201.6374969482421875 208.5749969482421875 209.8937530517578125 209.056243896484375 206.5625 203.943756103515625
142.8937530517578125 138.5625 133.493743896484375 128.993743896484375 128.9875030517578125 130.287506103515625 132.306243896484375 134.087493896484375 135.9250030517578125 135.9875030517578125 135.774993896484375 134.399993896484375 134.09375 133.274993896484375 132.931243896484375 132.8125 132.600006103515625 132.21875 131.2687530517578125 131.8625030517578125 132.5812530517578125 132.850006103515625 132.6437530517578125 131.4812469482421875 130.2937469482421875 128.993743896484375 124.94374847412109375 121.18125152587890625 117.81874847412109375 118.11875152587890625 120.09999847412109375 124.1062469482421875 131.6062469482421875 141.4499969482421875 152.5124969482421875 165.8625030517578125 180.2375030517578125 196.587493896484375 212.2687530517578125 219.28125 219.75 218.100006103515625 215.712493896484375 212.6374969482421875
155.2312469482421875 151.3249969482421875 147.162506103515625 144.712493896484375 144.21875 142.9562530517578125 140.149993896484375 136.087493896484375 132.725006103515625 131.9812469482421875 134.774993896484375 136.25 136.9187469482421875 136.6062469482421875 136.368743896484375 136.4499969482421875 135.756256103515625 134.975006103515625 134.3937530517578125 134.3562469482421875 136.912506103515625 138.1750030517578125 137.6125030517578125 136.3312530517578125 135.6999969482421875 132.34375 127.1875 122.05625152587890625 118.4812469482421875 117.66249847412109375 119.06874847412109375 123.71250152587890625 131.912506103515625 142 153.774993896484375 167.0187530517578125 182.7062530517578125 198.25 210.90625 218.75 221.631256103515625 220.7375030517578125 218.5625 215.2062530517578125
165.774993896484375 163.3249969482421875 160.6374969482421875 158.524993896484375 157.287506103515625 154.5749969482421875 150.2624969482421875 144.1999969482421875 135.6999969482421875 131.4875030517578125 135.5437469482421875 138.3625030517578125 140.193756103515625 140.381256103515625 140.506256103515625 140.274993896484375 139.6125030517578125 139.7624969482421875 141.3625030517578125 141.618743896484375 142.712493896484375 144.3000030517578125 143.193756103515625 142.962493896484375 140.75 136.243743896484375 129.475006103515625 123.9250030517578125 119.5749969482421875 117.08750152587890625 118.5812530517578125 123.71875 131.03125 140.2624969482421875 151.0124969482421875 164.6374969482421875 179.412506103515625 193.8312530517578125 205 214.306243896484375 218.7062530517578125 217.712493896484375 217.118743896484375 214.649993896484375
176.90625 174.587493896484375 172.506256103515625 171.09375 170.337493896484375 167.868743896484375 162.3249969482421875 154.8874969482421875 147.6437530517578125 143.712493896484375 143.5625 143.375 144.8874969482421875 144.7624969482421875 144.475006103515625 144.2624969482421875 143.8249969482421875 145.6062469482421875 147.8625030517578125 150.21875 151.681243896484375 152.3874969482421875 150.3562469482421875 148.8249969482421875 144.7624969482421875 139.9250030517578125 133.3312530517578125 126.2687530517578125 120.6437530517578125 116.80625152587890625 117.71875 122.2937469482421875 129.506256103515625 138.7375030517578125 149.2125091552734375 162.3937530517578125 176.868743896484375 189.537506103515625 200.4375 209.8312530517578125 216.1875 216.34375 214.806243896484375 211.212493896484375
188.5812530517578125 186.931243896484375 184.6687469482421875 183.46875 182.806243896484375 181.9375 176.806243896484375 167.96875 160.3562469482421875 155.28125 153.506256103515625 151.6687469482421875 150.725006103515625 149.5500030517578125 148.337493896484375 147.462493896484375 147.4499969482421875 150.537506103515625 154.375 158.912506103515625 164.037506103515625 163.756256103515625 159.46875 153.225006103515625 149.381256103515625 145.5625 138.5625 131.1875 123.8937530517578125 119.3625030517578125 119.65000152587890625 123.15625 130.3937530517578125 138.931243896484375 148.037506103515625 159.5749969482421875 172.193756103515625 184.568756103515625 197.118743896484375 207.1374969482421875 213.662506103515625 214.6999969482421875 214.006256103515625 211.1062469482421875
197.8249969482421875 196.1750030517578125 193.9812469482421875 193.7624969482421875 193.350006103515625 192.7062530517578125 188.8125 179.662506103515625 171.5500030517578125 165.662506103515625 161.90625 159.3125 155.631256103515625 153.3625030517578125 152.0812530517578125 151.28125 151.756256103515625 155.3000030517578125 160.71875 167.993743896484375 175.6999969482421875 175.6999969482421875 169.506256103515625 160.568756103515625 154.1687469482421875 149.0749969482421875 141.649993896484375 134.6125030517578125 128.899993896484375 124.39374542236328125 122.8125 124.2062530517578125 129.837493896484375 136.96875 145.6687469482421875 156.4812469482421875 167.8312530517578125 180.068756103515625 191.9250030517578125 202.837493896484375 211.3874969482421875 212.4250030517578125 211.9499969482421875 209.600006103515625
206.53125 205.443756103515625 203.462493896484375 202.0749969482421875 200.7375030517578125 199.4875030517578125 195.0187530517578125 187.618743896484375 180.0124969482421875 174.34375 169.537506103515625 166.28125 161.875 155.9187469482421875 153.6999969482421875 153.243743896484375 154.3000030517578125 159.649993896484375 166.03125 173.743743896484375 183.3874969482421875 183.9499969482421875 176.712493896484375 168.131256103515625 159.024993896484375 151.78125 146 139.162506103515625 133.725006103515625 129.2624969482421875 126.5625 126.09999847412109375 129.462493896484375 134.96875 142.5 152.431243896484375 163.193756103515625 174.600006103515625 187.65625 197.8000030517578125 208.21875 210.78125 208.0187530517578125 197.2687530517578125
214.8000030517578125 212.4562530517578125 210.306243896484375 208.40625 206.7937469482421875 203.868743896484375 199.662506103515625 194.0187530517578125 188 181.75 176.181243896484375 170.1687469482421875 164.875 158.6875 153.524993896484375 153.0437469482421875 154.8874969482421875 160.28125 166.65625 173.462493896484375 181.3000030517578125 183.0124969482421875 178.975006103515625 171.649993896484375 164.09375 157.4250030517578125 152.2062530517578125 145.681243896484375 139.4187469482421875 133.9250030517578125 130.3874969482421875 128.28125 129.6999969482421875 133.1999969482421875 140.1125030517578125 149.9375 160.1187591552734375 172.8249969482421875 184.587493896484375 196.868743896484375 205.350006103515625 201.962493896484375 196.6687469482421875 193.6062469482421875
220.3312530517578125 217.6062469482421875 215.46875 213.46875 211.462493896484375 208.1999969482421875 204.7937469482421875 199.8312530517578125 193.6374969482421875 187.2062530517578125 180.9499969482421875 174.443756103515625 167.90625 161.006256103515625 153.5124969482421875 152.2375030517578125 154.8874969482421875 160.649993896484375 167.0437469482421875 173.21875 179.4875030517578125 181.8937530517578125 180.34375 175.837493896484375 171.243743896484375 166.1687469482421875 160.2624969482421875 153.2062530517578125 146.2687530517578125 139.09375 133.6875 129.71875 130.4812469482421875 133.087493896484375 138.0124969482421875 146.943756103515625 158.524993896484375 172.818756103515625 185.587493896484375 193.9875030517578125 196.9499969482421875 196.7312469482421875 197.524993896484375 197.787506103515625
224.3625030517578125 221.225006103515625 219.806243896484375 217.7375030517578125 215.7937469482421875 213.15625 209.1374969482421875 204.506256103515625 199.5187530517578125 194.149993896484375 187.1125030517578125 179.9562530517578125 172.8249969482421875 164.274993896484375 155.5437469482421875 150.40625 155.149993896484375 162.6750030517578125 168.7375030517578125 174.256256103515625 180.4499969482421875 183.568756103515625 183.0625 180.412506103515625 177.75 175.4562530517578125 170.5749969482421875 162.9187469482421875 153.5500030517578125 144.0437469482421875 136.8874969482421875 131.881256103515625 131.25 133.6999969482421875 136.412506103515625 146.693756103515625 159.75 169.8249969482421875 180.3874969482421875 187.5124969482421875 193.78125 196.943756103515625 198.6687469482421875 195.100006103515625
228.0187530517578125 225.71875 223.71875 221.7937469482421875 220.5 217.931243896484375 215.100006103515625 210.649993896484375 206.162506103515625 200.631256103515625 194.2687530517578125 187.1999969482421875 179.34375 170.756256103515625 162.5 157.6999969482421875 158.274993896484375 164.412506103515625 171.3249969482421875 177.3125 183.100006103515625 186.28125 186.368743896484375 184 183.15625 184.2375030517578125 182.225006103515625 172.225006103515625 159.256256103515625 148.225006103515625 140.318756103515625 136.1750030517578125 134.350006103515625 135.318756103515625 142.225006103515625 155.193756103515625 164.537506103515625 175.5812530517578125 186.3312530517578125 190.875 197.3625030517578125 200.9375 198.6875 197.962493896484375
231.3312530517578125 228.975006103515625 228.0187530517578125 226.993743896484375 225.5500030517578125 224.9187469482421875 223.1687469482421875 219.28125 214.9875030517578125 209.306243896484375 202.8000030517578125 195.8874969482421875 187.0500030517578125 179.475006103515625 173.09375 168.375 166.850006103515625 167.625 175.712493896484375 182.068756103515625 188.3937530517578125 189.4812469482421875 188.618743896484375 187.899993896484375 188.868743896484375 190.868743896484375 192.8874969482421875 180.087493896484375 163.21875 148.649993896484375 139.1875 134.568756103515625 137.350006103515625 144.649993896484375 153.21875 159.587493896484375 170.3312530517578125 181.4187469482421875 187.506256103515625 196.912506103515625 202.1062469482421875 203.78125 202.868743896484375 201.84375
233.8625030517578125 232.59375 232.118743896484375 231.8625030517578125 231.6875 231.756256103515625 230.5625 228.4375 225.03125 220.46875 213.462493896484375 206.0124969482421875 197.3625030517578125 190.1687469482421875 183.2624969482421875 178.9250030517578125 176.818756103515625 175.34375 179.587493896484375 186.1062469482421875 193.899993896484375 197.3249969482421875 190.6437530517578125 190.6374969482421875 192.4875030517578125 194.0124969482421875 192.6437530517578125 181.7062530517578125 166.256256103515625 149.75 137.6125030517578125 136.4499969482421875 145.8062591552734375 153.0500030517578125 159.006256103515625 168.568756103515625 177.6750030517578125 186.75 195.087493896484375 202.7937469482421875 207.868743896484375 211.8125 209.0437469482421875 206.6062469482421875
235.743743896484375 235.2375030517578125 235.087493896484375 235.8562469482421875 236.59375 238.243743896484375 238.7624969482421875 237.7937469482421875 235.743743896484375 232.40625 227.006256103515625 220.1750030517578125 211.725006103515625 202.818756103515625 195.712493896484375 189.625 183.962493896484375 184.53125 186.9812469482421875 191.7062530517578125 195.2937469482421875 194.475006103515625 192.818756103515625 192.875 193.1437530517578125 191.318756103515625 187.212493896484375 180.7624969482421875 167.6062469482421875 152.0187530517578125 142.274993896484375 145.037506103515625 152.587493896484375 161.4250030517578125 169.243743896484375 177.53125 186.868743896484375 196.5 203.381256103515625 209.193756103515625 213.9812469482421875 216.5500030517578125 214.4562530517578125 212.837493896484375
