data/historical-monthly-weather-data/wc2.1_cruts4.09_10m_prec_1951-02.asc
ncols        45
nrows        45
xllcorner    -63.500000000000
yllcorner    -7.500000000000
cellsize     0.166666666667
NODATA_value -9999
[rows 0 to 19 of 45, columns 0 to 43 of 45]
97.2062530517578125 88.34999847412109375 83.4812469482421875 80.9250030517578125 77.6437530517578125 77.44374847412109375 76.78125 75.0124969482421875 73.78749847412109375 74.03125 76.22499847412109375 78.7312469482421875 81.0124969482421875 80.7375030517578125 82.2375030517578125 83.96250152587890625 86.3249969482421875 87.4250030517578125 90.9250030517578125 94.6750030517578125 97.7687530517578125 100.8312530517578125 105.0625 108.90625 113.36875152587890625 118.5 124.71875 131.4875030517578125 138.4187469482421875 141.631256103515625 144.9812469482421875 148.662506103515625 151.34375 154.3937530517578125 157.8874969482421875 160.149993896484375 160.7312469482421875 160.787506103515625 161.2624969482421875 160.318756103515625 160.399993896484375 161.006256103515625 160.4812469482421875 162.068756103515625
102.81874847412109375 93.47499847412109375 89.34375 85.75 82.96875 83.8125 83.7687530517578125 84.1374969482421875 84.96875 85.625 86.8625030517578125 88.0625 89.05625152587890625 89.2062530517578125 90.1687469482421875 91.1437530517578125 92.75624847412109375 94.9812469482421875 98.6875 102.3625030517578125 104.8249969482421875 107.88124847412109375 111.71250152587890625 115.5124969482421875 119.4375 124.6875 130.649993896484375 137.7687530517578125 144.3937530517578125 147.1437530517578125 148.943756103515625 152.6125030517578125 155.2375030517578125 158.6125030517578125 161.1875 162.6437530517578125 162.84375 162.0437469482421875 161.84375 160.462493896484375 159.8125 159.774993896484375 158.662506103515625 159.2624969482421875
110.1374969482421875 100.96875 96.3874969482421875 92.69374847412109375 90.0749969482421875 91.1125030517578125 92.78125 95.125 97.69374847412109375 98.8125 99.09999847412109375 99.3625030517578125 99.24375152587890625 98.4375 98.5625 98.8625030517578125 99.53125 101.6374969482421875 104.53125 107.7312469482421875 110.00624847412109375 113.61875152587890625 116.78749847412109375 120.44374847412109375 125.33750152587890625 129.774993896484375 135.743743896484375 143.006256103515625 148.71875 150.4812469482421875 152.7375030517578125 155.4812469482421875 158.2312469482421875 160.25 163.118743896484375 163.3937530517578125 163.681243896484375 163.7375030517578125 162.6875 161.1999969482421875 160.068756103515625 159.181243896484375 157.6875 156.3937530517578125
116.7312469482421875 108.09375 104.00624847412109375 100.2937469482421875 98.7937469482421875 99.7687530517578125 102.6437530517578125 106.71875 111.18125152587890625 113.5500030517578125 113.0187530517578125 111.3625030517578125 109.05625152587890625 106.9250030517578125 106.6687469482421875 106.4812469482421875 106.6374969482421875 106.99375152587890625 109.3249969482421875 113.125 115.8249969482421875 118.6687469482421875 121.0625 124.8312530517578125 129.2624969482421875 133.7375030517578125 140.274993896484375 147.0500030517578125 152.40625 154.3312530517578125 155.493743896484375 158.725006103515625 160.2312469482421875 162.131256103515625 163.712493896484375 164.5812530517578125 164.806243896484375 164.4562530517578125 164.0625 162.6999969482421875 160.368743896484375 158.78125 156.7624969482421875 154.368743896484375
126.19374847412109375 116.27500152587890625 110.66249847412109375 107.3625030517578125 106.2312469482421875 108.3000030517578125 111.50624847412109375 117.3874969482421875 124.88124847412109375 129.6062469482421875 126.11875152587890625 121.5625 118.5625 115.86875152587890625 114.53125 113.93125152587890625 113.6999969482421875 112.49375152587890625 114.47499847412109375 117.9875030517578125 120.83750152587890625 122.5437469482421875 124.8874969482421875 128.7624969482421875 132.7937469482421875 137.431243896484375 142.631256103515625 148.7312469482421875 155.65625 157.662506103515625 158.9187469482421875 160.524993896484375 162.46875 164.0500030517578125 164.9812469482421875 165.7624969482421875 166.506256103515625 166.5 166.0749969482421875 163.881256103515625 161.649993896484375 158.681243896484375 155.3562469482421875 152.381256103515625
133.225006103515625 124.2937469482421875 117.94374847412109375 113.6750030517578125 112.16249847412109375 115.06874847412109375 119.1999969482421875 125.13124847412109375 133.6875 140.4375 135.006256103515625 129.7687530517578125 126.78125 124.40625 123.1125030517578125 122.93125152587890625 121.8125 119.875 121.3125 124.08750152587890625 125.78749847412109375 127.28749847412109375 129.274993896484375 132.443756103515625 135.725006103515625 140.431243896484375 145.8937530517578125 151.5500030517578125 157.631256103515625 159.65625 161.125 162.8312530517578125 163.7687530517578125 166.4375 167.850006103515625 168.6875 169.806243896484375 170.1437530517578125 170.5 168.431243896484375 164.84375 161.0812530517578125 157.212493896484375 153.5437469482421875
140.693756103515625 132.0437469482421875 126.00624847412109375 120.6750030517578125 118.4499969482421875 120.44374847412109375 123.9250030517578125 127.84999847412109375 134 137.087493896484375 136.2375030517578125 134.5124969482421875 132.962493896484375 131.725006103515625 131.443756103515625 131.6437530517578125 131.7687530517578125 130.65625 130.568756103515625 130.337493896484375 130.0749969482421875 131.0812530517578125 131.850006103515625 134.4812469482421875 138.837493896484375 142.837493896484375 148.225006103515625 154.306243896484375 158.993743896484375 160.600006103515625 163.0625 165.006256103515625 166.462493896484375 167.149993896484375 168.4375 170.712493896484375 171.962493896484375 173.1687469482421875 174.8249969482421875 172.806243896484375 167.875 163.774993896484375 159.712493896484375 155.4187469482421875
147.8874969482421875 138.6875 132.5437469482421875 128.318756103515625 125.6999969482421875 126.05625152587890625 127.03125 127.84375 129.931243896484375 132.3125 135.2937469482421875 137.78125 138.8562469482421875 138.4875030517578125 138.75 139.6374969482421875 140.306243896484375 139.818756103515625 139.2624969482421875 135.5625 133.381256103515625 133.3000030517578125 133.600006103515625 136.462493896484375 140.71875 144.6062469482421875 149.90625 155.3312530517578125 160.5500030517578125 162.21875 163.78125 166.4499969482421875 167.6750030517578125 168.681243896484375 169.5625 171.337493896484375 173.037506103515625 174.337493896484375 175.5187530517578125 174.21875 170.568756103515625 166.9562530517578125 162.912506103515625 157.90625
154.787506103515625 145.84375 139.631256103515625 135.4375 132.1312408447265625 130.881256103515625 130.8000030517578125 129.8937530517578125 129.6437530517578125 131.649993896484375 136.53125 141.7624969482421875 144.8000030517578125 145.7687530517578125 144.9499969482421875 145.006256103515625 144.5437469482421875 143.162506103515625 142.368743896484375 137.8625030517578125 134.6875 134.3125 134.8312530517578125 139.0812530517578125 143.381256103515625 147.1875 151.787506103515625 156.931243896484375 162.3625030517578125 164.0187530517578125 166.118743896484375 168.962493896484375 169.9562530517578125 170.506256103515625 171.225006103515625 173.587493896484375 175.65625 177.256256103515625 179.181243896484375 178.7687530517578125 176.0124969482421875 173.1437530517578125 170.0812530517578125 165.9875030517578125
161.524993896484375 152.912506103515625 147.037506103515625 142.256256103515625 138.2624969482421875 136.3249969482421875 135.9499969482421875 134.8000030517578125 136.1875 138.712493896484375 143.368743896484375 147.7937469482421875 152.100006103515625 153.15625 151.225006103515625 148.5625 145.868743896484375 143.350006103515625 140.0500030517578125 136.193756103515625 134.1125030517578125 134.3625030517578125 135.90625 141.4875030517578125 145.9375 149.5 154.225006103515625 158.5625 164.181243896484375 166.1999969482421875 167.6999969482421875 170.306243896484375 171.5 172.743743896484375 173.931243896484375 176.274993896484375 178.6687469482421875 180.0124969482421875 182.287506103515625 183.287506103515625 182.4875030517578125 180.75 177.9187469482421875 173.7687530517578125
167.6875 159.2937469482421875 153.4812469482421875 148.537506103515625 144.0749969482421875 142 141.2562408447265625 141.0812530517578125 143.631256103515625 147.1062469482421875 152.0437469482421875 156.6999969482421875 160.100006103515625 160.787506103515625 156.806243896484375 151.78125 146.4499969482421875 142.09375 137.649993896484375 133.9875030517578125 132.125 132.912506103515625 136.256256103515625 141.431243896484375 148.006256103515625 151.46875 155.3937530517578125 160.1687469482421875 164.8625030517578125 166.7062530517578125 168.9375 171.5749969482421875 172.5625 173.8937530517578125 176.0625 179.0437469482421875 180.8812408447265625 183.1999969482421875 185.8625030517578125 187.15625 187.431243896484375 186.225006103515625 184.3000030517578125 181.0437469482421875
174.1062469482421875 165.7062530517578125 159.5124969482421875 154.6999969482421875 150.537506103515625 148.6999969482421875 148.212493896484375 149.3312530517578125 152.5124969482421875 156.7375030517578125 162.2687530517578125 166.4187469482421875 167.3562469482421875 165.90625 161.256256103515625 154.962493896484375 148.8625030517578125 143.25 137.6125030517578125 132.962493896484375 130.756256103515625 132.243743896484375 137.4875030517578125 144.9875030517578125 151.3249969482421875 153.743743896484375 157.006256103515625 161.381256103515625 166.125 168.8125 171.306243896484375 173.5749969482421875 174.7624969482421875 175.9499969482421875 178.0124969482421875 181.4812469482421875 184.84375 187.8249969482421875 190.943756103515625 192.931243896484375 194.087493896484375 192.84375 189.625 185.056243896484375
178.59375 170.8562469482421875 165.256256103515625 160.431243896484375 157.0187530517578125 155.912506103515625 156.3000030517578125 157.5187530517578125 161.149993896484375 166.693756103515625 172.3125 175.1687469482421875 174.087493896484375 169.7624969482421875 164.212493896484375 157.225006103515625 150.71875 145.0500030517578125 139.568756103515625 134.100006103515625 130.2937469482421875 132.28125 138.4499969482421875 145.6437530517578125 150.4562530517578125 153.056243896484375 157.5 162.1875 166.806243896484375 169.9250030517578125 172.850006103515625 175.3562469482421875 175.774993896484375 177.193756103515625 179.5124969482421875 183.0749969482421875 186.875 191.493743896484375 195.5749969482421875 198.34375 200.837493896484375 198.931243896484375 193.256256103515625 187.0124969482421875
182.118743896484375 174.9187469482421875 169.7624969482421875 165.4812469482421875 162.75 162.1999969482421875 163.6062469482421875 165.4812469482421875 169.850006103515625 175.318756103515625 180.3499908447265625 180.618743896484375 177.7937469482421875 173.1062469482421875 166.212493896484375 159.568756103515625 152.537506103515625 147.375 142 137.5437469482421875 135.5124969482421875 136.7687530517578125 140.743743896484375 145.53125 149.443756103515625 152.3312530517578125 157.368743896484375 162.1999969482421875 167.25 169.9562530517578125 173.21875 175.6687469482421875 175.9499969482421875 177.4562530517578125 179.649993896484375 183.9875030517578125 189.3874969482421875 195.193756103515625 200.881256103515625 204.4250030517578125 205.712493896484375 200.8249969482421875 195.524993896484375 190.287506103515625
184.9187469482421875 177.59375 173.1125030517578125 170.087493896484375 167.243743896484375 167.7937469482421875 170.243743896484375 172.3937530517578125 177.225006103515625 182.537506103515625 186.537506103515625 186.1125030517578125 182.6437530517578125 177.53125 170.90625 163.868743896484375 157.28125 152.131256103515625 147.4250030517578125 143.9875030517578125 142.6062469482421875 142.774993896484375 145.0812530517578125 148.524993896484375 151.4250030517578125 154.743743896484375 159.71875 164.2062530517578125 168.899993896484375 172.006256103515625 174.337493896484375 176.0187530517578125 176.2375030517578125 176.8312530517578125 178.9812469482421875 183.431243896484375 190.600006103515625 198.681243896484375 206.1062469482421875 210.3000030517578125 209.618743896484375 205.412506103515625 200.556243896484375 194.46875
186.53125 179.287506103515625 175.524993896484375 173.1437530517578125 171.431243896484375 172.78125 175.806243896484375 178.2062530517578125 183.4562530517578125 189.443756103515625 193.5437469482421875 192.693756103515625 188.9250030517578125 182.993743896484375 176.181243896484375 168.03125 162.3125 158.1999969482421875 154.28125 151.3937530517578125 149.4375 148.774993896484375 149.71875 152.7312469482421875 154.4875030517578125 156.7062530517578125 160.993743896484375 165.881256103515625 171.0124969482421875 174.274993896484375 176.787506103515625 177.256256103515625 175.0500030517578125 174.1687469482421875 174.850006103515625 180.337493896484375 189.243743896484375 200.131256103515625 211.068756103515625 216.8625030517578125 216.625 210.712493896484375 204.1125030517578125 196.993743896484375
186.28125 180.1687469482421875 176.9562530517578125 175.25 174.4812469482421875 176.618743896484375 180.1875 183.6062469482421875 189.256256103515625 195.7687530517578125 200.912506103515625 200.350006103515625 196.78125 190.75 183.40625 174.9875030517578125 167.9499969482421875 163.524993896484375 159.9250030517578125 157.618743896484375 155.9499969482421875 154.756256103515625 154.381256103515625 156.568756103515625 158.15625 158.6374969482421875 161.8000030517578125 167.1374969482421875 173.006256103515625 177.375 179.65625 179.212493896484375 174.725006103515625 169.90625 169.4562530517578125 175.1062469482421875 185.024993896484375 200.243743896484375 217.368743896484375 221.6374969482421875 219.5124969482421875 212.743743896484375 204.431243896484375 196.618743896484375
184.024993896484375 178.6437530517578125 176.7375030517578125 175.975006103515625 175.5812530517578125 178.1999969482421875 182.225006103515625 186.181243896484375 192.399993896484375 199.287506103515625 205.806243896484375 207.5812530517578125 206.4562530517578125 201.2624969482421875 194.0187530517578125 185.4250030517578125 175.962493896484375 168.8937530517578125 166.2375030517578125 163.8312530517578125 162.9499969482421875 160.837493896484375 158.5437469482421875 159.1437530517578125 160.125 160.625 163.25 169.318756103515625 176.21875 181.537506103515625 183.475006103515625 179.25 172.568756103515625 165.9187469482421875 162.8874969482421875 166.318756103515625 179.2312469482421875 194.875 210.3937530517578125 216.2624969482421875 214.475006103515625 208.59375 201.9875030517578125 195.8562469482421875
180.9375 176.493743896484375 175.212493896484375 174.4875030517578125 174.8249969482421875 178.693756103515625 182.6750030517578125 187.5812530517578125 194.931243896484375 202.287506103515625 210.1875 213.53125 215.1312408447265625 213.6687469482421875 205.34375 194.149993896484375 183.306243896484375 174.412506103515625 170.25 168.4812469482421875 167.9875030517578125 165.71875 160.46875 160.40625 161.2312469482421875 162.600006103515625 166.475006103515625 172.587493896484375 180.181243896484375 186.868743896484375 189.53125 183.5500030517578125 173.0124969482421875 161.649993896484375 154.881256103515625 159.024993896484375 172.09375 186.743743896484375 200.0187530517578125 206.100006103515625 206.6999969482421875 202.1999969482421875 198.1374969482421875 194.2375030517578125
178.1999969482421875 173.65625 172.8625030517578125 172.631256103515625 173.9375 178.556243896484375 183.625 188.3312530517578125 196.1125030517578125 204.131256103515625 212.131256103515625 217.15625 222.2937469482421875 225.6999969482421875 215.306243896484375 199.524993896484375 186.118743896484375 178.068756103515625 173.5500030517578125 171.475006103515625 168.375 164.306243896484375 161.1875 160.9875030517578125 161.84375 163.4562530517578125 168.712493896484375 175.9250030517578125 182.625 188.9250030517578125 190.5749969482421875 186.693756103515625 173.1062469482421875 157.6999969482421875 146.649993896484375 152.6062469482421875 168.1062469482421875 182.837493896484375 193.7937469482421875 199.5437469482421875 199.6750030517578125 196.0749969482421875 195.1437530517578125 193.524993896484375
