data/historical-monthly-weather-data/wc2.1_cruts4.09_10m_prec_2004-10.asc
ncols        45
nrows        45
xllcorner    -63.500000000000
yllcorner    -7.500000000000
cellsize     0.166666666667
NODATA_value -9999
[rows 0 to 19 of 45, columns 0 to 43 of 45]
99.1062469482421875 93.1999969482421875 92.50624847412109375 94.2624969482421875 95.625 98.125 99.44374847412109375 100.63124847412109375 101.53125 103.34375 106.3625030517578125 108.41249847412109375 109.7312469482421875 109.5749969482421875 109.61875152587890625 109.4875030517578125 109.21875 107.71875 106.8874969482421875 105.81874847412109375 104.3874969482421875 102.4187469482421875 100.78125 99.1875 97.9375 97.05625152587890625 96.21250152587890625 95.6750030517578125 95.5124969482421875 95.00624847412109375 94.7687530517578125 94.8000030517578125 95.99375152587890625 97.6999969482421875 99.86875152587890625 102.33750152587890625 104.8312530517578125 107.1437530517578125 108.74375152587890625 110.0749969482421875 111.3312530517578125 112.08750152587890625 111.77500152587890625 110.5749969482421875
96.86875152587890625 90.2937469482421875 89.99375152587890625 92.06874847412109375 94.59999847412109375 96.2624969482421875 97.59999847412109375 99.6374969482421875 101.9250030517578125 103.9812469482421875 106.0812530517578125 107.07500457763671875 107.5124969482421875 107.3625030517578125 107.125 107.15000152587890625 106.21250152587890625 105.33750152587890625 104.7937469482421875 104.33750152587890625 102.5 100.77500152587890625 99.2312469482421875 97.71875 96.3125 94.78125 94.40000152587890625 94.08750152587890625 93.7624969482421875 93.08750152587890625 93.7687530517578125 95.09999847412109375 97.65625 101.05625152587890625 104.09375 107.0500030517578125 110.78125 113.8312530517578125 115.90625 117.3562469482421875 118.96875 120 119.875 118.61875152587890625
96.5124969482421875 90.8625030517578125 89.84375 91.3000030517578125 93.0500030517578125 94.75 96.875 99.77500152587890625 102.8312530517578125 104.7937469482421875 105.71250152587890625 105.52500152587890625 105.03125 104 103.6125030517578125 103.40000152587890625 103 102.22499847412109375 101.6125030517578125 101.11875152587890625 99.2062530517578125 97.8874969482421875 96.28749847412109375 94.49375152587890625 92.8874969482421875 91.63124847412109375 91.25 91.125 90.375 90.78749847412109375 92.5 94.19374847412109375 97.46250152587890625 101.78749847412109375 105.97499847412109375 109.8937530517578125 114.19374847412109375 118.625 121.53125 123.5187530517578125 125.625 126.77500152587890625 126.9375 126.4250030517578125
95.6875 90.52500152587890625 89.7062530517578125 89.30625152587890625 90.1374969482421875 91.86875152587890625 94.7687530517578125 98.4187469482421875 102.875 105.09375 104.40000152587890625 102.75 101.0187530517578125 99.53749847412109375 99.65625 99.4187469482421875 99.08750152587890625 98.6999969482421875 98.3625030517578125 98.0187530517578125 96.2624969482421875 94.2375030517578125 92.06874847412109375 90.43125152587890625 88.6750030517578125 87.1437530517578125 86.8874969482421875 86.6999969482421875 86.44374847412109375 87.53125 89.9187469482421875 92.7937469482421875 96.15000152587890625 100.53749847412109375 104.96875 110.94374847412109375 116.875 122.47499847412109375 126.4250030517578125 129.306243896484375 131.118743896484375 132.787506103515625 133.4499969482421875 133.693756103515625
98.9250030517578125 91.97499847412109375 88.06874847412109375 86.4562530517578125 86.9562530517578125 88.96250152587890625 91.8249969482421875 95.6437530517578125 101.7624969482421875 105.53749847412109375 102.52500152587890625 98.6687469482421875 96.44374847412109375 95.1999969482421875 95.30625152587890625 95.19374847412109375 95.2937469482421875 94.3937530517578125 93.7687530517578125 93.3312530517578125 91.96250152587890625 89.72499847412109375 87.4375 85.93125152587890625 84.16249847412109375 82.6374969482421875 82.09999847412109375 82.43125152587890625 82.91249847412109375 84.09999847412109375 86.91249847412109375 90.1750030517578125 94.5187530517578125 99.4499969482421875 105.0437469482421875 111.5625 118.66249847412109375 125.96250152587890625 130.3625030517578125 133.881256103515625 136.1999969482421875 137.462493896484375 139.037506103515625 139.6750030517578125
101.41249847412109375 94.74375152587890625 88.78125 84.3625030517578125 85.4250030517578125 88.53749847412109375 91.24375152587890625 94.59999847412109375 100.33750152587890625 105.11875152587890625 100.5500030517578125 96.36875152587890625 94.68125152587890625 93.46875 93.30625152587890625 93.61875152587890625 93.2312469482421875 91.72499847412109375 90.65625 89.5437469482421875 88.1687469482421875 86.30625152587890625 84.41249847412109375 82.50624847412109375 80.90000152587890625 79.4499969482421875 78.8562469482421875 78.77500152587890625 79.5812530517578125 80.91249847412109375 83.80625152587890625 87.8562469482421875 92.36875152587890625 97.96875 104.1437530517578125 111.46875 119.2937469482421875 127.9375 134.212493896484375 137.3874969482421875 138.100006103515625 139.787506103515625 141.256256103515625 142.9812469482421875
106.1374969482421875 99.31874847412109375 92.96875 87.6875 87 88.27500152587890625 89.6125030517578125 90.66249847412109375 92.6437530517578125 93.38124847412109375 92.7687530517578125 92.125 91.9875030517578125 91.75624847412109375 91.68125152587890625 91.9875030517578125 91.59999847412109375 89.1437530517578125 86.9187469482421875 85.4499969482421875 84.40625 82.9499969482421875 81.1437530517578125 79.53749847412109375 78.11875152587890625 76.6875 76.3125 75.93125152587890625 76.0437469482421875 77.9375 80.93125152587890625 84.68125152587890625 89.53125 95.7687530517578125 102.71250152587890625 109.84999847412109375 118.0812530517578125 127.1999969482421875 135.5187530517578125 137.4812469482421875 137.8000030517578125 138.350006103515625 140.28125 143.056243896484375
111.7312469482421875 104.50624847412109375 98.91249847412109375 94.75624847412109375 92.1062469482421875 91.25624847412109375 89.09375 85.5500030517578125 82.16249847412109375 81.61875152587890625 84.34999847412109375 86.88124847412109375 88.90000152587890625 89.75 90.40625 90.5124969482421875 89.9250030517578125 86.81874847412109375 83.91249847412109375 82.0625 81.2312469482421875 79.90000152587890625 78.3000030517578125 76.96875 75.6125030517578125 73.9562530517578125 73.2687530517578125 72.4375 72.2937469482421875 73.78125 77 81.0812530517578125 86.46875 93.1062469482421875 99.9812469482421875 106.9375 114.0500030517578125 122.25624847412109375 128.149993896484375 130.7687530517578125 131.34375 131.399993896484375 132.306243896484375 134.1062469482421875
117.1374969482421875 110.7624969482421875 105.9875030517578125 101.6374969482421875 98.34375 95.65625 91.7687530517578125 85.5124969482421875 78.4187469482421875 75.74375152587890625 80.49375152587890625 84.9562530517578125 88.49375152587890625 90.03125 90.44374847412109375 90.2375030517578125 89.21250152587890625 86.8625030517578125 84.65000152587890625 82.4812469482421875 81.30625152587890625 80.03125 77.6750030517578125 76.46875 74.43125152587890625 72.09999847412109375 70.71250152587890625 70.40625 70.2375030517578125 71.5124969482421875 74.80625152587890625 78.7937469482421875 83.75 89.75624847412109375 95.8625030517578125 102.4375 109.0500030517578125 115.1062469482421875 118.8249969482421875 121.125 121.50624847412109375 120.36875152587890625 120.56874847412109375 119.9187469482421875
123.16249847412109375 117.18125152587890625 112.3874969482421875 108.58750152587890625 105.4875030517578125 102.125 97.25624847412109375 90.3125 84.09375 81.3562469482421875 83 86.13124847412109375 89.6437530517578125 91.59999847412109375 91.4250030517578125 90.5625 88.91249847412109375 87.30625152587890625 85.7062530517578125 84.46875 82.7937469482421875 80.84375 77.84375 75.5437469482421875 72.41875457763671875 69.71875 68.6875 67.90000152587890625 67.8874969482421875 69.46875 72.1687469482421875 76.09375 80.875 86.6687469482421875 92.7312469482421875 98.3874969482421875 103.5437469482421875 108.02500152587890625 110.8312530517578125 111.65625 111.27500152587890625 109.2937469482421875 107.1999969482421875 105.00624847412109375
129.431243896484375 123.6374969482421875 118.77500152587890625 115.08750152587890625 112.125 110.1875 105.4812469482421875 97.65000152587890625 91.8312530517578125 88.84999847412109375 88.5187530517578125 90.08750152587890625 92.00624847412109375 93.78125 92.8000030517578125 90.78749847412109375 88.84999847412109375 87.7312469482421875 86.875 86.27500152587890625 85.3125 82.40000152587890625 78.33750152587890625 74.1999969482421875 71.1125030517578125 68.6374969482421875 67.7624969482421875 67.0437469482421875 66.46250152587890625 68.1687469482421875 70.91249847412109375 74.53749847412109375 79.2062530517578125 84.5124969482421875 89.6750030517578125 94.09999847412109375 98.03125 100.7062530517578125 102.44374847412109375 102.40625 101.1437530517578125 98.4375 96 92.125
134.8000030517578125 128.90625 124.2312469482421875 120.96250152587890625 118.38124847412109375 116.9875030517578125 113.46250152587890625 104.90625 99.40625 95.8312530517578125 94.21250152587890625 94.34999847412109375 94.58750152587890625 95.25624847412109375 94.34999847412109375 92.15000152587890625 90.25 89.21250152587890625 88.58750152587890625 88.7062530517578125 88.71875 85.1999969482421875 79.9875030517578125 74.99375152587890625 70.78125 67.4375 66.2937469482421875 66.27500152587890625 66.4187469482421875 68.4187469482421875 70.625 73.8125 77.68125152587890625 82.3249969482421875 86.96875 90.2312469482421875 92.8125 94.7687530517578125 95.15625 94.53125 91.9187469482421875 88.6999969482421875 85.7062530517578125 82.2375030517578125
139.350006103515625 133.725006103515625 129.1062469482421875 125.3937530517578125 122.61875152587890625 120.52500152587890625 116 109.72499847412109375 105.02500152587890625 102.25624847412109375 100.3125 98.66249847412109375 97.6999969482421875 96.21250152587890625 94.9812469482421875 93.3937530517578125 91.24375152587890625 90.4562530517578125 89.93125152587890625 89.6374969482421875 90.2687530517578125 86.8000030517578125 80.96250152587890625 75.6999969482421875 69.15000152587890625 65.19374847412109375 65.86875152587890625 66.19374847412109375 66.9499969482421875 68.83750152587890625 70.7624969482421875 72.9875030517578125 76.5187530517578125 80.18125152587890625 84.13124847412109375 86.78125 88.5 90.16249847412109375 90.53749847412109375 88.03125 85.0500030517578125 82.34375 78.6062469482421875 71.18125152587890625
142.8000030517578125 137.1125030517578125 132.59375 128.618743896484375 125.0625 122.38124847412109375 118.13124847412109375 113.53125 110.1875 107.3625030517578125 105.0749969482421875 102.27500152587890625 99.80625152587890625 97.65625 95.22499847412109375 93.75624847412109375 91.4499969482421875 90.25624847412109375 89.1999969482421875 88.3125 88.0187530517578125 84.875 80.5187530517578125 76.21875 70.9812469482421875 67.41249847412109375 67.47499847412109375 67.52500152587890625 67.90000152587890625 68.9375 70.19374847412109375 72.1687469482421875 75.0437469482421875 78.25 81.7062530517578125 84.1062469482421875 85.7624969482421875 87.65625 88.1062469482421875 86.3000030517578125 81.8937530517578125 76.68125152587890625 72.5749969482421875 67.9875030517578125
144.212493896484375 138.78125 133.8000030517578125 129.850006103515625 126.15000152587890625 123.22499847412109375 120.34999847412109375 116.6999969482421875 113.34999847412109375 110.80625152587890625 108.5437469482421875 105.09375 101.88124847412109375 99.2624969482421875 96.46875 94.80625152587890625 92.1374969482421875 90 88.0500030517578125 86.9499969482421875 86.2312469482421875 84.13124847412109375 81.41249847412109375 79.40625 76.63124847412109375 73.53749847412109375 72.2062530517578125 70.9187469482421875 70 69.78749847412109375 70.0187530517578125 71.1374969482421875 73.63124847412109375 77.01874542236328125 80.19374847412109375 82.03749847412109375 84.3249969482421875 88.03749847412109375 90.84999847412109375 88.8000030517578125 83.2687530517578125 77.86875152587890625 74.21250152587890625 70.43125152587890625
144.256256103515625 138.681243896484375 134.118743896484375 130.381256103515625 126.7375030517578125 124.49375152587890625 121.9250030517578125 118.65625 115.9250030517578125 113.71250152587890625 110.8562469482421875 106.3874969482421875 102.7937469482421875 99.9562530517578125 97.55625152587890625 95.21875 91.59999847412109375 88.8625030517578125 86.5 84.83750152587890625 83.7937469482421875 82.96250152587890625 82.3562469482421875 83.41249847412109375 82.38124847412109375 79.36875152587890625 77.4250030517578125 75.0437469482421875 72.63124847412109375 70.7687530517578125 69.8874969482421875 69.80625152587890625 71.6374969482421875 74.6750030517578125 77.0812530517578125 78.15625 82.4187469482421875 87.19374847412109375 92.3125 91.74375152587890625 88.25624847412109375 83.0625 78.2687530517578125 73.4187469482421875
142.693756103515625 137.524993896484375 134.037506103515625 130.96875 127.5 125.56874847412109375 123.53125 120.80625152587890625 118.3874969482421875 115.5749969482421875 112.3312530517578125 107.3249969482421875 102.71250152587890625 99.1062469482421875 96.3249969482421875 93.49375152587890625 89.0812530517578125 85.9250030517578125 83.61875152587890625 82.08750152587890625 81.1125030517578125 81.11875152587890625 82.55625152587890625 86.53125 87.9875030517578125 83.81874847412109375 81.53749847412109375 77.8312530517578125 73.93125152587890625 70.9875030517578125 69.5812530517578125 69.6687469482421875 69.6374969482421875 70.3562469482421875 71.6374969482421875 74.71875 79.9375 89.47499847412109375 100.02500152587890625 98.375 94.34375 88.7062530517578125 82.3312530517578125 77.47499847412109375
140.1875 135.587493896484375 132.9875030517578125 130.2687530517578125 127.3125 126.0749969482421875 124.4250030517578125 121.78749847412109375 119.36875152587890625 116.75 113.53125 107.7312469482421875 102.3625030517578125 97.59999847412109375 94.05625152587890625 90.41249847412109375 85.9812469482421875 82.47499847412109375 80.6062469482421875 79 78.21875 78.5625 80.5812530517578125 85.49375152587890625 87.9375 85.53125 84.52500152587890625 80.21250152587890625 74.94374847412109375 70.4187469482421875 68.02500152587890625 67.5437469482421875 68.84999847412109375 70.71250152587890625 69.8874969482421875 68.0625 77.19374847412109375 88.8562469482421875 97.8625030517578125 100.4499969482421875 97.7062530517578125 92.90625 86.96250152587890625 82.1750030517578125
136.506256103515625 133.3000030517578125 131.5187530517578125 129.6125030517578125 127.5187530517578125 126.40625 124.875 122.71875 121.03125 118.03749847412109375 113.8312530517578125 107.7687530517578125 101.40000152587890625 95.65625 91.5124969482421875 88.0625 83.75 79.8249969482421875 77.9187469482421875 76.0812530517578125 75.1875 76.6875 77.25624847412109375 81.80625152587890625 84.52500152587890625 84.84999847412109375 84.21250152587890625 80.77500152587890625 76.1875 70.46250152587890625 66.3000030517578125 67.97499847412109375 72.75624847412109375 74.0749969482421875 73.68125152587890625 73.5124969482421875 79.71250152587890625 87.88124847412109375 95.33750152587890625 99.2375030517578125 99.0500030517578125 97.7312469482421875 91.84375 87.18125152587890625
132.2687530517578125 130.53125 129.462493896484375 128.3625030517578125 127.19374847412109375 127.06874847412109375 126.3312530517578125 124.6875 122.8562469482421875 120.03125 115.34999847412109375 108.16249847412109375 100.97499847412109375 94.27500152587890625 89.7312469482421875 86.0625 81.47499847412109375 78.8000030517578125 76.875 75.66249847412109375 73.8249969482421875 73.65000152587890625 75.6437530517578125 79.5500030517578125 81.9812469482421875 82.19374847412109375 82.46875 81.4499969482421875 77.30625152587890625 72.41249847412109375 69.75624847412109375 73.6750030517578125 77.97499847412109375 82.1062469482421875 85.0749969482421875 85 86.90625 91.08750152587890625 95.7375030517578125 99.1125030517578125 101 100.66249847412109375 96.4250030517578125 91.9250030517578125
