data/historical-monthly-weather-data/wc2.1_cruts4.09_10m_prec_1980-12.asc
ncols        45
nrows        45
xllcorner    -63.500000000000
yllcorner    -7.500000000000
cellsize     0.166666666667
NODATA_value -9999
[rows 0 to 18 of 45, columns 0 to 43 of 45]
68.7375030517578125 63.71250152587890625 62.68125152587890625 63.143749237060546875 63.200000762939453125 65.41249847412109375 67.375 68.6875 70.74375152587890625 73 76.28125 79.4250030517578125 83.1374969482421875 85.90000152587890625 88.90000152587890625 92.0437469482421875 95.4250030517578125 97.3937530517578125 100.3562469482421875 103.34375 106.40000152587890625 109.09999847412109375 111.69374847412109375 113.3000030517578125 114.65625 115.6374969482421875 116.59999847412109375 117.5625 118.40625 118.47499847412109375 117.6999969482421875 117.65000152587890625 117.43125152587890625 116.90000152587890625 116.32500457763671875 118.1062469482421875 118.91249847412109375 119.59375 119.80625152587890625 120.3562469482421875 120.49375152587890625 119.7937469482421875 118.9499969482421875 117.49375152587890625
67.4562530517578125 61.80625152587890625 61 61.25624847412109375 61.637500762939453125 63.46250152587890625 65.01874542236328125 67.25624847412109375 70.49375152587890625 73.5749969482421875 76.9250030517578125 79.90625 83.6062469482421875 86.9875030517578125 90.21875 93.7062530517578125 97.38124847412109375 100.33750152587890625 103.5500030517578125 107.63124847412109375 110.36875152587890625 112.8000030517578125 115.70624542236328125 117.50624847412109375 119.13124847412109375 120.4375 121.50624847412109375 122.33750152587890625 123.1125030517578125 123.4812469482421875 122.75 122.80625152587890625 122.41249847412109375 122.6687469482421875 123.38124847412109375 124.24375152587890625 126.9812469482421875 128.7375030517578125 128.8000030517578125 129.337493896484375 129.46875 128.443756103515625 127.30625152587890625 124.4875030517578125
68.77500152587890625 63.90000152587890625 63.418750762939453125 63.731250762939453125 64.21875 65.44374847412109375 66.99375152587890625 69.2624969482421875 72.5749969482421875 75.6374969482421875 78.4499969482421875 81.46250152587890625 85.21875 88.69374847412109375 92.31874847412109375 95.7687530517578125 99.8249969482421875 102.91249847412109375 106.5437469482421875 110.4375 113.1750030517578125 115.96250152587890625 118.8562469482421875 120.28125 121.6437530517578125 123.6125030517578125 124.88124847412109375 125.72499847412109375 126.94374847412109375 126.28749847412109375 125.625 125.53125 126.36875152587890625 125.84999847412109375 126.27500152587890625 128.4375 130.5187530517578125 132.2624969482421875 133.1875 133.881256103515625 133.931243896484375 132.625 130.587493896484375 128.743743896484375
69.9375 66.3312530517578125 66.6875 66.81874847412109375 67.58750152587890625 68.38124847412109375 69.625 71.47499847412109375 74.5625 77.8125 80.3937530517578125 83.4187469482421875 86.74375152587890625 90.25 93.9375 98.00624847412109375 102.2062530517578125 104.8937530517578125 108.66249847412109375 113.5124969482421875 116.46250152587890625 119.00624847412109375 120.93125152587890625 122.3625030517578125 123.25 125.3625030517578125 126.96875 127.71250152587890625 129.4250030517578125 129.2624969482421875 128.15625 127.1437530517578125 128.2375030517578125 128.774993896484375 128.8625030517578125 130.875 132.5187530517578125 134.6125030517578125 136.462493896484375 137.1875 136.774993896484375 135.368743896484375 133.274993896484375 131.6312408447265625
74.40000152587890625 70.0437469482421875 69.3000030517578125 70.1125030517578125 71.28125 71.96250152587890625 72.5187530517578125 73.84999847412109375 77.18125152587890625 80.40625 82.3562469482421875 84.96875 88.55625152587890625 92.1999969482421875 96.0124969482421875 100.2312469482421875 104.375 107.1999969482421875 111.2687530517578125 116.59375 119.5437469482421875 121.1687469482421875 122.69374847412109375 123.86875152587890625 124.6374969482421875 126.7687530517578125 127.6687469482421875 128.818756103515625 130.725006103515625 130.868743896484375 129.9812469482421875 128.53125 129.15625 129.818756103515625 130.100006103515625 132.5812530517578125 135.1687469482421875 137.1687469482421875 139.1750030517578125 139.8937530517578125 139.475006103515625 137.8125 135.993743896484375 133.3125
79.7937469482421875 76.34999847412109375 75.19374847412109375 74.75624847412109375 76.34375 77.8312530517578125 78.83750152587890625 79.9499969482421875 82.75 85.61875152587890625 87.3000030517578125 90.0124969482421875 93.84999847412109375 97.43125152587890625 101.74375152587890625 105.94374847412109375 110.2312469482421875 112.19374847412109375 116.5812530517578125 120.78749847412109375 122.4812469482421875 124.25624847412109375 125.28749847412109375 126.30625152587890625 127.1750030517578125 128.53125 130.3812408447265625 131.5437469482421875 132.8062591552734375 132.6437530517578125 131.9250030517578125 131.125 130.4250030517578125 130.1875 131.9375 134.662506103515625 137.1374969482421875 140.493743896484375 142.7624969482421875 142.46875 140.125 138.306243896484375 135.34375 133.1125030517578125
86.4812469482421875 83.6999969482421875 82.77500152587890625 82.09375 82.6750030517578125 83.7312469482421875 84.97499847412109375 85.96250152587890625 87.75624847412109375 89.3312530517578125 91.94374847412109375 95.2312469482421875 99.78749847412109375 103.53125 107.81874847412109375 112.3249969482421875 117.2375030517578125 120.7312469482421875 124.5187530517578125 126.59999847412109375 126.6374969482421875 127.6374969482421875 127.83750152587890625 128.2375030517578125 129.600006103515625 130.493743896484375 131.7687530517578125 133.9250030517578125 135.131256103515625 134.34375 133.350006103515625 132.3249969482421875 132.243743896484375 131.743743896484375 132.431243896484375 134.962493896484375 138.1999969482421875 141.6125030517578125 145.412506103515625 144 140.256256103515625 137.225006103515625 134.600006103515625 131.631256103515625
93.5749969482421875 91.27500152587890625 90.71250152587890625 90.9562530517578125 91.75 91.99375152587890625 91.7624969482421875 90.99375152587890625 91.05625152587890625 92.9499969482421875 96.6875 101.375 105.9375 110.6437530517578125 114.6125030517578125 119.1687469482421875 123.8937530517578125 128.162506103515625 131.625 130.8125 129.6750030517578125 129.149993896484375 128.787506103515625 128.7624969482421875 130.568756103515625 132.0749969482421875 132.8874969482421875 134.649993896484375 136.931243896484375 136.4499969482421875 134.274993896484375 132.943756103515625 133.0625 132.431243896484375 133.4250030517578125 134.75 137.7062530517578125 140.4250030517578125 142.462493896484375 141.375 138.5625 135.381256103515625 132.6062469482421875 129.3249969482421875
101.58750152587890625 99.80625152587890625 99.61875152587890625 100.0749969482421875 100.59375 101.0625 100.6875 99.2687530517578125 97.69374847412109375 98.6374969482421875 103.5 109.1437530517578125 114.41249847412109375 118.99375152587890625 122.2687530517578125 125.75 129.53125 133.40625 136.3249969482421875 134.7062530517578125 131.806243896484375 130.84375 130.4812469482421875 131.5812530517578125 132.6999969482421875 133.6999969482421875 134.28125 136 137.5187530517578125 136.59375 135.625 133.7375030517578125 133.4187469482421875 133.3625030517578125 133.6062469482421875 134.9875030517578125 136.600006103515625 137.9375 138.756256103515625 138.2624969482421875 135.399993896484375 132.556243896484375 130.4562530517578125 127.72499847412109375
109.34375 108.2937469482421875 108.55625152587890625 109.5500030517578125 110.18125152587890625 110.75 110.66249847412109375 109.7687530517578125 109.6875 110.875 114.34999847412109375 118.6687469482421875 124.3125 128.0187530517578125 130.381256103515625 132.212493896484375 134.0749969482421875 135.881256103515625 136.9812469482421875 135.9375 133.399993896484375 132.125 131.8249969482421875 133.2937469482421875 133.9499969482421875 134.537506103515625 135.0124969482421875 136.1875 137.743743896484375 136.8937530517578125 135.3249969482421875 133.6437530517578125 133.056243896484375 132.431243896484375 132.837493896484375 134.818756103515625 135.6687469482421875 136.256256103515625 135.7062530517578125 134.756256103515625 132.712493896484375 130.6750030517578125 127.91249847412109375 125.3312530517578125
118.15625 117.49375152587890625 117.68125152587890625 118.375 119.7937469482421875 121.33750152587890625 121.83750152587890625 121.06874847412109375 121.3562469482421875 123.10625457763671875 126.21250152587890625 130.34375 134.6687469482421875 137.9875030517578125 138.2937469482421875 138.318756103515625 137.943756103515625 138.1062469482421875 137.5500030517578125 136.1374969482421875 134.756256103515625 133.5124969482421875 133.287506103515625 133.131256103515625 135.4499969482421875 136.03125 135.681243896484375 135.5124969482421875 135.556243896484375 134.9187469482421875 133.649993896484375 132.7062530517578125 132.1750030517578125 131.6125030517578125 131.681243896484375 132.837493896484375 133.649993896484375 134.0124969482421875 134.0500030517578125 132.6750030517578125 130.693756103515625 128.4499969482421875 126.33750152587890625 124.2062530517578125
126.55625152587890625 125.72499847412109375 126.15625 127.46250152587890625 129.0124969482421875 131.0500030517578125 132.556243896484375 132.46875 133.118743896484375 135.6125030517578125 138.868743896484375 142.40625 144.337493896484375 145.9499969482421875 145.6125030517578125 144.181243896484375 142.837493896484375 141.256256103515625 139.743743896484375 138.131256103515625 135.9562530517578125 135.087493896484375 135.7937469482421875 136.0625 137.693756103515625 137.9250030517578125 136.412506103515625 134.9375 133.75 132.9812469482421875 131.78125 131.0749969482421875 130.5812530517578125 130.3625030517578125 130.625 131.8625030517578125 132.556243896484375 133.100006103515625 132.787506103515625 131.600006103515625 129.756256103515625 127.55625152587890625 125.28749847412109375 122.84375
134.9499969482421875 134.34375 135.100006103515625 136.21875 138.1750030517578125 140.1687469482421875 141.7375030517578125 142.899993896484375 144.306243896484375 147.506256103515625 151.131256103515625 153.6374969482421875 154.0500030517578125 153.100006103515625 152.2937469482421875 150.2687530517578125 147.9375 146.037506103515625 143.65625 140.850006103515625 136.90625 136.4875030517578125 138.40625 139.0124969482421875 138.881256103515625 137.8000030517578125 135.7937469482421875 133.9875030517578125 132.34375 130.493743896484375 129.193756103515625 128.3000030517578125 127.7062530517578125 127.8625030517578125 128.431243896484375 130.3874969482421875 131.8000030517578125 132.556243896484375 132.1687469482421875 130.462493896484375 128.318756103515625 126.6875 123.6062469482421875 118.74375152587890625
142.462493896484375 141.912506103515625 142.662506103515625 144.0812530517578125 145.8000030517578125 148.056243896484375 149.9875030517578125 152.5625 155.4499969482421875 158.53125 161.193756103515625 162.256256103515625 162.09375 160.5187530517578125 158.2312469482421875 156.756256103515625 153.9187469482421875 150.9499969482421875 147.868743896484375 144.7062530517578125 141.4812469482421875 140.462493896484375 141.0749969482421875 140.493743896484375 139.5187530517578125 138.056243896484375 135.975006103515625 132.6062469482421875 129.71875 127.4375 125.9562530517578125 124.6875 124.6062469482421875 124.7312469482421875 126.00624847412109375 128.287506103515625 130.475006103515625 132.5 132.875 132.037506103515625 128.037506103515625 123.41249847412109375 119.53749847412109375 116.34999847412109375
148.2937469482421875 147.725006103515625 149.0625 150.631256103515625 152.7937469482421875 155.2687530517578125 158.4250030517578125 161.506256103515625 164.53125 167.25 169.693756103515625 170.5 169.6374969482421875 168.287506103515625 165.725006103515625 164.193756103515625 160.7375030517578125 157.274993896484375 153.806243896484375 151.3874969482421875 147.868743896484375 145.90625 144.743743896484375 142.9499969482421875 141.3000030517578125 138.9875030517578125 136.1374969482421875 132.34375 128.4625091552734375 124.71250152587890625 122.1125030517578125 120.9375 120.9375 121.52500152587890625 123.15000152587890625 124.91249847412109375 128.25 132.2062530517578125 134.3937530517578125 132.462493896484375 126.70624542236328125 122.19374847412109375 118.86875152587890625 116.0749969482421875
152.8937530517578125 152.6999969482421875 154.4562530517578125 156.875 159.375 162.587493896484375 166.1750030517578125 169.056243896484375 172.212493896484375 175.837493896484375 178.0187530517578125 178.274993896484375 177.40625 175.8625030517578125 173.7624969482421875 170.712493896484375 167.21875 164.3000030517578125 160.6062469482421875 157.7750091552734375 154.3937530517578125 151.193756103515625 148.8625030517578125 145.850006103515625 143.46875 141.256256103515625 137.6125030517578125 132.8937530517578125 127.47499847412109375 122.03125 118.40625 116.1437530517578125 115.21875 115.71250152587890625 116.83750152587890625 119.36875152587890625 124.19374847412109375 130.2937469482421875 134.3874969482421875 132.21875 125.6687469482421875 121.09999847412109375 117.63750457763671875 113.40000152587890625
156.9375 157.243743896484375 158.59375 161.7312469482421875 165.149993896484375 168.4812469482421875 172.7937469482421875 177.03125 180.9250030517578125 184.1062469482421875 186.3625030517578125 185.9875030517578125 184.8937530517578125 183.1999969482421875 181.3249969482421875 177.9499969482421875 173.03125 170.056243896484375 167.350006103515625 164.318756103515625 160.431243896484375 156.5187530517578125 153.212493896484375 149.0749969482421875 146.09375 143.875 140.15625 133.8874969482421875 125.75624847412109375 118.8125 114.1999969482421875 111.88124847412109375 109.72499847412109375 107.8874969482421875 107.6999969482421875 111.11875152587890625 118.1999969482421875 128.5437469482421875 138.118743896484375 132.75 123.7312469482421875 118.8125 114.30625152587890625 111.34375
159.40625 160.162506103515625 162.087493896484375 165.868743896484375 169.868743896484375 174.381256103515625 178.962493896484375 183.09375 187.131256103515625 191.3625030517578125 194.350006103515625 194.1125030517578125 192.46875 190.899993896484375 188.6374969482421875 184.975006103515625 180.149993896484375 174.78125 173.868743896484375 171.056243896484375 167 162.0749969482421875 157.40625 152.993743896484375 149.5187530517578125 146.9375 143.931243896484375 135.162506103515625 124.30625152587890625 115.21875 109.25 106.2937469482421875 104.9562530517578125 103.65000152587890625 101.15000152587890625 100.1125030517578125 111.09999847412109375 123.78125 131.2312469482421875 129 120.74375152587890625 115.8125 112.31874847412109375 109.78125
160.8000030517578125 161.9250030517578125 164.90625 169.2624969482421875 173.9562530517578125 179.15625 184.1062469482421875 189.5 194.1687469482421875 198.7937469482421875 201.28125 200.4812469482421875 199.7874908447265625 199.0124969482421875 196.21875 192.1374969482421875 187.3937530517578125 182.0875091552734375 178.5187530517578125 176.462493896484375 172.806243896484375 168.631256103515625 160.912506103515625 156.5 153.118743896484375 149.806243896484375 145.149993896484375 136.337493896484375 124.4499969482421875 113.25 104.9187469482421875 104.46250152587890625 105 103.2375030517578125 100.03125 100.65625 108.77500152587890625 117.56874847412109375 123.25624847412109375 122.02500152587890625 116.46250152587890625 112.47499847412109375 109.5749969482421875 107.77500152587890625
