data/historical-monthly-weather-data/wc2.1_cruts4.09_10m_prec_1975-11.asc
ncols        51
nrows        45
xllcorner    -63.500000000000
yllcorner    -7.500000000000
cellsize     0.166666666667
NODATA_value -9999
[rows 0 to 18 of 45, columns 0 to 43 of 51]
177.875 175.21875 168.618743896484375 165.6437530517578125 162.256256103515625 159.6374969482421875 155.84375 152.162506103515625 149.149993896484375 145.412506103515625 141.8562469482421875 137.7312469482421875 133.9875030517578125 128.4375 125.0437469482421875 121.4187469482421875 118.15625 114.15625 110.5625 107.6062469482421875 104.2375030517578125 100.8312530517578125 98.0749969482421875 95.0124969482421875 92.59999847412109375 90.78749847412109375 90.59375 90.5812530517578125 89.8312530517578125 86.5124969482421875 83.1374969482421875 80.40625 77.81874847412109375 75.81874847412109375 73.6125030517578125 72.06874847412109375 70.6875 69.00624847412109375 67.1437530517578125 65.33750152587890625 63.00624847412109375 61.03125 58.40625 55.987499237060546875
183.5749969482421875 179.912506103515625 175.7687530517578125 173.8000030517578125 172.9250030517578125 170.306243896484375 166.149993896484375 163.912506103515625 160.6125030517578125 156.0187530517578125 151.537506103515625 145.8937530517578125 140.068756103515625 134.3000030517578125 129.3874969482421875 125.7624969482421875 121.33750152587890625 118.0124969482421875 114.6999969482421875 111.9875030517578125 108.25 104.50624847412109375 101.58750152587890625 98.95000457763671875 95.4187469482421875 92.83750152587890625 92.22499847412109375 91.4187469482421875 90.3562469482421875 87.3125 84.41249847412109375 82.16249847412109375 79.4250030517578125 78.3625030517578125 76.91249847412109375 75.81874847412109375 74.9187469482421875 73.72499847412109375 72.0749969482421875 70.57500457763671875 68.90000152587890625 66.8000030517578125 64.5437469482421875 61.612499237060546875
186.9187469482421875 183.7687530517578125 179.5187530517578125 176.6125030517578125 175.993743896484375 173.71875 172.7312469482421875 171.212493896484375 169.1875 164.96875 159.274993896484375 152.475006103515625 145.96875 139.212493896484375 133.618743896484375 128.7937469482421875 124.4562530517578125 121.02500152587890625 117.1062469482421875 113.9250030517578125 109.77500152587890625 105.53125 102.0625 99.22499847412109375 95.71875 92.55625152587890625 91.6062469482421875 90.84375 89.28125 85.99375152587890625 83.69374847412109375 81.2312469482421875 79.6750030517578125 78.16249847412109375 76.93125152587890625 75.4250030517578125 74.25 73.6374969482421875 72.25 71.0437469482421875 69.4250030517578125 67.33750152587890625 65.28749847412109375 62.96875
185.7687530517578125 182.3312530517578125 180.2062530517578125 176.875 176.3812408447265625 175.3312530517578125 175.131256103515625 176.25 176.443756103515625 173.524993896484375 166.943756103515625 158.600006103515625 150.899993896484375 143.306243896484375 137.3625030517578125 132.256256103515625 127.8562469482421875 123.46875 119.4562530517578125 116.40000152587890625 111.8249969482421875 106.7624969482421875 101.9875030517578125 98.33750152587890625 94.6687469482421875 91.46250152587890625 90.40625 88.68125152587890625 87.3937530517578125 84.75 82.2687530517578125 80.24375152587890625 77.9812469482421875 76.36875152587890625 74.8874969482421875 74.19374847412109375 73.2937469482421875 72.31874847412109375 71.1999969482421875 69.96875 67.9250030517578125 66.6875 64.63124847412109375 62.5625
189.337493896484375 183.09375 175.193756103515625 173.4187469482421875 174.9875030517578125 175.443756103515625 176.4187469482421875 179.412506103515625 182.3249969482421875 181.837493896484375 172.7562408447265625 161.818756103515625 153.368743896484375 146.2375030517578125 140.2624969482421875 135.443756103515625 130.600006103515625 126.3000030517578125 121.74375152587890625 117.25 113.0187530517578125 107.375 102.08750152587890625 98.4875030517578125 93.56874847412109375 89.8125 87.40625 86.4562530517578125 85.5812530517578125 82.3937530517578125 79.96875 78.06874847412109375 76.06874847412109375 74.625 73.30625152587890625 72.53749847412109375 71.71875 70.84375 70.18125152587890625 68.3125 66.59375 65.1687469482421875 63.69374847412109375 62.106250762939453125
189.0187530517578125 183.3874969482421875 175.568756103515625 168.375 171.037506103515625 174.6062469482421875 176.5749969482421875 178.381256103515625 180.743743896484375 181.381256103515625 171.662506103515625 161.1875 153.8125 147.125 141.125 136.037506103515625 131.6374969482421875 127.1062469482421875 122.84375 117.625 112.52500152587890625 107.1687469482421875 101.68125152587890625 96.8312530517578125 92.3874969482421875 87.94374847412109375 85.63124847412109375 84.15000152587890625 82.96250152587890625 79.9375 77.1750030517578125 76.3312530517578125 74.40625 73.33750152587890625 72.05625152587890625 71.74375152587890625 71.125 70.5625 70.36875152587890625 68.86249542236328125 65.90000152587890625 64.5749969482421875 63.137500762939453125 61.80625152587890625
190.25 186.59375 178.9875030517578125 171.6999969482421875 170.4250030517578125 170.693756103515625 171.837493896484375 172.25 170.8874969482421875 166.9562530517578125 162.600006103515625 156.431243896484375 151.587493896484375 146.337493896484375 141.6062469482421875 137.318756103515625 132.96875 127.9375 122.3937530517578125 118.21250152587890625 112.7062530517578125 106.8937530517578125 101.18125152587890625 95.7624969482421875 90.81874847412109375 86.59375 83.80625152587890625 81.6999969482421875 79.3562469482421875 76.6999969482421875 74.7312469482421875 73.65000152587890625 72.34999847412109375 71.65000152587890625 70.9812469482421875 70.4250030517578125 69.68125152587890625 69.41249847412109375 70.43125152587890625 68.65000152587890625 65.25 63.63124847412109375 62.206249237060546875 60.793750762939453125
193.5124969482421875 189.443756103515625 183.149993896484375 178.756256103515625 176.7375030517578125 173.6437530517578125 168.6437530517578125 162.087493896484375 155.59375 152.0625 152.4375 150.931243896484375 148.46875 144.943756103515625 141.3125 138.056243896484375 133.8562469482421875 128.3249969482421875 122.90000152587890625 117.7937469482421875 113.1750030517578125 107.44374847412109375 100.81874847412109375 95.03125 90.18125152587890625 84.4812469482421875 81.18125152587890625 78.38124847412109375 76.15000152587890625 73.24375152587890625 71.3562469482421875 71.0124969482421875 70.1062469482421875 69.4187469482421875 69 68.22499847412109375 67.7624969482421875 66.9812469482421875 66.7937469482421875 65.19374847412109375 62.512500762939453125 61.09999847412109375 59.762500762939453125 58.30625152587890625
196.4187469482421875 193.6374969482421875 189.1687469482421875 185.212493896484375 182.2375030517578125 177.5437469482421875 171.0187530517578125 162.4562530517578125 150.7624969482421875 143.90625 146.100006103515625 146.693756103515625 146.1374969482421875 143.78125 140.9187469482421875 137.587493896484375 133.631256103515625 128.90625 125.2937469482421875 120.15000152587890625 113.81874847412109375 107.90625 100.59375 95.4812469482421875 89.65625 83.35625457763671875 79.22499847412109375 76.36875152587890625 73.8312530517578125 70.2062530517578125 68.6999969482421875 68.88124847412109375 67.6374969482421875 66.69374847412109375 66.00624847412109375 65.625 65.0812530517578125 64.2062530517578125 63.674999237060546875 62.65625 60.50624847412109375 59.049999237060546875 58.08750152587890625 56.88124847412109375
199.975006103515625 196.8625030517578125 193.0562591552734375 189.912506103515625 187.462493896484375 183.1687469482421875 175.568756103515625 165.9250030517578125 156.1687469482421875 150.006256103515625 147.8562469482421875 145.7624969482421875 145.368743896484375 143.212493896484375 140.125 136.9812469482421875 133.368743896484375 129.9812469482421875 126.71250152587890625 123.0812530517578125 116.52500152587890625 109.4250030517578125 101.1999969482421875 95.2687530517578125 88.40000152587890625 82.09999847412109375 78.3000030517578125 74.7062530517578125 71.56874847412109375 67.5 65.94374847412109375 66.03125 64.96250152587890625 64.2062530517578125 63.612499237060546875 63.33750152587890625 62.981250762939453125 61.83750152587890625 61.34999847412109375 60.47499847412109375 58.96875 57.80625152587890625 56.53749847412109375 55.03125
204.006256103515625 201.1875 197.1687469482421875 194.21875 191.8312530517578125 189.2937469482421875 182.350006103515625 171.618743896484375 162.037506103515625 155.068756103515625 151.506256103515625 148.15625 145.7624969482421875 142.975006103515625 139.1687469482421875 135.524993896484375 132.375 130.024993896484375 127.90000152587890625 125.72499847412109375 121.40000152587890625 112.96875 102.8625030517578125 94.02500152587890625 87.5437469482421875 82.03125 78.19374847412109375 74.63124847412109375 70.72499847412109375 66.53749847412109375 64.8874969482421875 64.59375 63.65625 62.71875 61.700000762939453125 61.018749237060546875 60.33750152587890625 59.418750762939453125 59.56874847412109375 58.981250762939453125 57.606250762939453125 56.63124847412109375 55.5625 54.21875
207.3625030517578125 204.5 200.5749969482421875 198.600006103515625 196.412506103515625 193.9562530517578125 188.2375030517578125 177.337493896484375 167.568756103515625 160.1125030517578125 154.78125 150.618743896484375 145.537506103515625 141.625 137.84375 134.318756103515625 131.662506103515625 129.725006103515625 128.868743896484375 128.7062530517578125 125.78125 117.11875152587890625 105.5 95.28125 87.59999847412109375 81.6875 77.75 74.49375152587890625 71.5812530517578125 67.68125152587890625 65.2062530517578125 63.94374847412109375 62.375 61.02500152587890625 60.09999847412109375 59.49375152587890625 58.706249237060546875 58.106250762939453125 58.09375 57.75624847412109375 56.924999237060546875 56.012500762939453125 55.02500152587890625 53.88124847412109375
210.1999969482421875 208 204.28125 201.0812530517578125 197.9187469482421875 194.7312469482421875 188.4250030517578125 179.3874969482421875 170.4562530517578125 163.4812469482421875 157.3312530517578125 152.4250030517578125 146.493743896484375 139.149993896484375 134.5812530517578125 131.4812469482421875 129.3562469482421875 129 128.912506103515625 129 127.13124847412109375 118.56874847412109375 106.2375030517578125 96.6374969482421875 87.78749847412109375 80.9812469482421875 78.0749969482421875 75.0437469482421875 72.4250030517578125 68.74375152587890625 65.86875152587890625 63.831249237060546875 61.34375 59.44374847412109375 58.30625152587890625 57.72499847412109375 57.13124847412109375 56.606250762939453125 57.03125 56.456249237060546875 56.13124847412109375 55.668750762939453125 54.143749237060546875 50.88124847412109375
212.6125030517578125 209.1750030517578125 205.306243896484375 201.568756103515625 198.162506103515625 193.28125 187.193756103515625 179.899993896484375 172.7375030517578125 165.4875030517578125 158.837493896484375 151.3000030517578125 144.4562530517578125 136.875 129.8937530517578125 126.86875152587890625 125.4499969482421875 125.28125 125.30625152587890625 124.8312530517578125 121.7687530517578125 114.1437530517578125 104.03125 95.6437530517578125 88.09375 81.93125152587890625 79.4499969482421875 76.6750030517578125 73.71250152587890625 69.72499847412109375 66.65000152587890625 63.956249237060546875 60.69374847412109375 58.125 56.96250152587890625 56.65625 56.1875 56.40625 56.512500762939453125 56.606250762939453125 55.762500762939453125 53.693752288818359375 51.487499237060546875 50.22499847412109375
213.1062469482421875 209.4875030517578125 205.6062469482421875 201.7624969482421875 197.84375 192.6062469482421875 187.225006103515625 180.556243896484375 173.243743896484375 165.868743896484375 158.631256103515625 150.475006103515625 142.337493896484375 134.0437469482421875 125.25 121.625 120.8874969482421875 121.19374847412109375 121.52500152587890625 120.8874969482421875 117.15000152587890625 110.4250030517578125 102.1999969482421875 95.90625 90.41249847412109375 85.36875152587890625 82.52500152587890625 79.4375 76.1750030517578125 71.56874847412109375 67.78125 64.39374542236328125 60.956249237060546875 58.09999847412109375 56.3125 55.950000762939453125 56.325000762939453125 57.41249847412109375 58.356250762939453125 57.86875152587890625 55.9375 54.299999237060546875 53.143749237060546875 52.206249237060546875
212.2937469482421875 208.4812469482421875 205.2687530517578125 201.287506103515625 197.4187469482421875 192.649993896484375 186.649993896484375 180.243743896484375 173.962493896484375 167.5437469482421875 159.6062469482421875 150.6750030517578125 141.818756103515625 132.087493896484375 122.4375 115.84375 116.7062530517578125 118.50624847412109375 118.83750152587890625 117.99375152587890625 114.53125 108.58750152587890625 101.3125 96.49375152587890625 92.4375 89.09999847412109375 86.77500152587890625 83.375 78.8874969482421875 73.34375 68.9562530517578125 65.2687530517578125 61.27500152587890625 58.456249237060546875 55.893749237060546875 56.33750152587890625 57.55625152587890625 57.55625152587890625 58.4375 58.268749237060546875 57.799999237060546875 56.643749237060546875 55.0625 52.512500762939453125
211.03125 208.193756103515625 204.399993896484375 200.493743896484375 197.1062469482421875 192.3125 187.25 180.931243896484375 175.09375 168.524993896484375 161.162506103515625 152.125 142.537506103515625 132.662506103515625 123.50624847412109375 117.1687469482421875 114.8125 115.75624847412109375 116.8562469482421875 116.5749969482421875 113.1437530517578125 107.5437469482421875 100.86875152587890625 96.6687469482421875 93.9187469482421875 92.625 91.7312469482421875 87.125 80.8249969482421875 74.80625152587890625 70.31874847412109375 67.31874847412109375 62.78749847412109375 59.36875152587890625 58.59999847412109375 60.18125152587890625 60.09999847412109375 60.612499237060546875 61.97499847412109375 61.424999237060546875 61.38124847412109375 59.887500762939453125 56.58750152587890625 54.28749847412109375
209.056243896484375 206.350006103515625 203.368743896484375 200.0500030517578125 196.306243896484375 192.8937530517578125 188.475006103515625 182.4499969482421875 176.8625030517578125 170.3312530517578125 163.03125 154.193756103515625 143.912506103515625 134.9499969482421875 127.2375030517578125 120.97499847412109375 117.02500152587890625 114.2624969482421875 116.2375030517578125 116.3937530517578125 113.79375457763671875 107.5625 100.90000152587890625 97.84375 96.3125 95.6125030517578125 96.75624847412109375 90.7312469482421875 82.5124969482421875 74.9812469482421875 70 67.00624847412109375 64.75624847412109375 64.09999847412109375 63.88124847412109375 62.706249237060546875 63.09375 63.581249237060546875 63.206249237060546875 64.03125 63.38124847412109375 61.40000152587890625 58.61875152587890625 56.34375
206.399993896484375 204.774993896484375 202.0187530517578125 199.1437530517578125 196.256256103515625 193.087493896484375 188.806243896484375 183.9875030517578125 179.21875 173.756256103515625 166.1999969482421875 157.087493896484375 147.0875091552734375 138.4937591552734375 130.4375 124.40000152587890625 119.9812469482421875 115.8249969482421875 115.33750152587890625 115.7624969482421875 114.59999847412109375 110.2937469482421875 100.94374847412109375 98.5749969482421875 97.6875 96.9562530517578125 96.40625 91.28125 83.8249969482421875 75.61875152587890625 69.5437469482421875 68.46875 69.4250030517578125 68.61875152587890625 67.1437530517578125 67.125 66.78125 66.3874969482421875 66.4499969482421875 66.3312530517578125 65.36875152587890625 64.2375030517578125 61.15625 58.66249847412109375
