data/historical-monthly-weather-data/wc2.1_cruts4.09_10m_prec_2022-10.asc
ncols        51
nrows        45
xllcorner    -63.500000000000
yllcorner    -7.500000000000
cellsize     0.166666666667
NODATA_value -9999
[rows 0 to 18 of 45, columns 0 to 43 of 51]
302.76251220703125 308.8125 306.600006103515625 308.34375 307.212493896484375 300.868743896484375 289.875 279.11248779296875 267.08123779296875 257.75 251.568756103515625 242.350006103515625 231.787506103515625 218.431243896484375 205.25 192.243743896484375 179.7937469482421875 167.3874969482421875 156.806243896484375 146.993743896484375 140.9250030517578125 134.9250030517578125 129.65625 125.16875457763671875 121.34999847412109375 118.06874847412109375 115.13124847412109375 112.59999847412109375 110.52500152587890625 107.84999847412109375 105.4375 103.28749847412109375 102.22499847412109375 101.625 101.4187469482421875 101.5500030517578125 101.6437530517578125 101.4562530517578125 100.55625152587890625 99.36875152587890625 98.03749847412109375 96.0812530517578125 93.1875 89.6999969482421875
297.375 304.28125 308.29376220703125 316.4375 324.07501220703125 316.33123779296875 306.0625 298.13751220703125 289.1875 279.568756103515625 270.26873779296875 257.34375 243.5625 228.9499969482421875 213.774993896484375 199.725006103515625 184.743743896484375 171 158.5124969482421875 147.681243896484375 140.8874969482421875 135.350006103515625 130.306243896484375 126.21875 122.4562530517578125 118.59375 116.28749847412109375 114.02500152587890625 111.7375030517578125 108.6875 107.1750030517578125 106.21875 106.05625152587890625 106.59375 106.5500030517578125 106.2937469482421875 106.625 106.2312469482421875 105.13124847412109375 103.46875 101.86875152587890625 99.6999969482421875 96.5437469482421875 92.61875152587890625
283.475006103515625 291.83123779296875 297.13751220703125 307.73748779296875 317.556243896484375 314.962493896484375 311.662506103515625 310.25 305.45623779296875 296.931243896484375 285.40625 269.21875 252.7375030517578125 235.787506103515625 219.149993896484375 203.5749969482421875 188.8625030517578125 175.7687530517578125 163.837493896484375 153.5437469482421875 146.8625030517578125 142.100006103515625 137.068756103515625 132.212493896484375 127.6687469482421875 123.65625 120.8312530517578125 118.34999847412109375 114.96875 112.50624847412109375 111.52500152587890625 110.3000030517578125 109.97499847412109375 110.50624847412109375 110.66249847412109375 110.5 110.5500030517578125 110.56874847412109375 109.59375 107.8000030517578125 106.03125 103.7624969482421875 100.71875 97.27500152587890625
266.67498779296875 274.443756103515625 283.306243896484375 291.73126220703125 302.850006103515625 305.756256103515625 310.48126220703125 316.587493896484375 319.08123779296875 313.506256103515625 298.82501220703125 278.550018310546875 258.83123779296875 240.4812469482421875 223.9375 207.225006103515625 191.96875 180.631256103515625 170.3249969482421875 161.337493896484375 155.2375030517578125 149.6875 143.8937530517578125 138.6437530517578125 133.2375030517578125 128.243743896484375 124.9375 121.7375030517578125 118.28125 115.90625 114.9812469482421875 114.36875152587890625 113.16249847412109375 112.7312469482421875 112.125 113.22499847412109375 114.0124969482421875 114.28125 113.58750152587890625 111.90625 109.3125 107.33750152587890625 104.65000152587890625 101.75624847412109375
262.068756103515625 263.4375 265.431243896484375 273.087493896484375 286.29376220703125 294.774993896484375 304.38751220703125 315.91876220703125 327.34375 329.32501220703125 309.443756103515625 282.837493896484375 261.837493896484375 244.149993896484375 226.84375 209.6687469482421875 194.962493896484375 183.975006103515625 174.743743896484375 166.931243896484375 161.943756103515625 156.125 150.193756103515625 144.587493896484375 138.4562530517578125 132.787506103515625 128.3125 125.1999969482421875 122.1875 119 117.86875152587890625 117 116.0124969482421875 115.1875 114.8125 115.71250152587890625 116.9187469482421875 118 117.1062469482421875 115.3625030517578125 112.69374847412109375 110.27500152587890625 108.2624969482421875 105.6687469482421875
256.618743896484375 257.712493896484375 254.243743896484375 253.78125 268.649993896484375 281.84375 292.51251220703125 304.25 316.493743896484375 324.006256103515625 301.73748779296875 276.09375 258.118743896484375 241.850006103515625 226.0500030517578125 211.837493896484375 197.975006103515625 188.3562469482421875 180.90625 173.9562530517578125 168.806243896484375 163.15625 157.274993896484375 150.131256103515625 143.53125 137.2624969482421875 132.181243896484375 128.006256103515625 125.09999847412109375 121.4812469482421875 119.91249847412109375 119.53125 117.94374847412109375 117.0749969482421875 116.63124847412109375 118.25624847412109375 120.1374969482421875 122.4562530517578125 123.0812530517578125 120.7687530517578125 116.49375152587890625 114.3937530517578125 112.3125 110.5437469482421875
256.693756103515625 256.743743896484375 252.899993896484375 250.6437530517578125 260.26251220703125 268.412506103515625 275.73748779296875 281.33123779296875 283.8125 281.381256103515625 273.962493896484375 261.15625 249.3000030517578125 237.431243896484375 224.493743896484375 212.8000030517578125 201.3562469482421875 192.6937408447265625 185.9250030517578125 180.725006103515625 175.9812469482421875 170.431243896484375 163.975006103515625 156.493743896484375 149.350006103515625 142.3312530517578125 137.03125 131.868743896484375 127.4187469482421875 124.0625 122.11875152587890625 120.7937469482421875 118.90625 118.0625 117.84375 119.3249969482421875 121.7687530517578125 124.7375030517578125 127.2687530517578125 123.71875 118.97499847412109375 115.9375 114.28125 113.4875030517578125
258.725006103515625 257.29998779296875 256.15625 257.899993896484375 262.431243896484375 265.3125 263.15625 256.01873779296875 244.1437530517578125 239.9499969482421875 244.375 242.743743896484375 238.65625 231.3937530517578125 223.3000030517578125 214.03125 204.8000030517578125 197.5500030517578125 192.037506103515625 188.368743896484375 183.96875 178 171.212493896484375 163.4250030517578125 155.4562530517578125 147.1750030517578125 140.693756103515625 134.256256103515625 128.899993896484375 124.30625152587890625 122.25 121.03749847412109375 119.2624969482421875 118.3312530517578125 117.49375152587890625 118.875 120.41249847412109375 122.78749847412109375 123.2312469482421875 120.46875 116.08750152587890625 112.75 110.41249847412109375 109.0500030517578125
261.993743896484375 262.46875 263.868743896484375 265.600006103515625 268.806243896484375 267.04376220703125 260.73126220703125 246.53125 224.556243896484375 214.587493896484375 224.9187469482421875 229.3625030517578125 229.9250030517578125 225.6750030517578125 221.6750030517578125 216.756256103515625 210.681243896484375 205.9875030517578125 202.381256103515625 198.2062530517578125 192.8937530517578125 186.8249969482421875 178.0812530517578125 170.243743896484375 160.5437469482421875 150.587493896484375 142.3874969482421875 136.6875 131.056243896484375 125.5124969482421875 123.1062469482421875 121.3312530517578125 118.7375030517578125 116.875 115.2062530517578125 116.52500152587890625 117.9562530517578125 118.5749969482421875 117.31874847412109375 114.69374847412109375 110.5 106.1999969482421875 103.34375 100.15625
266.375 267.787506103515625 269.42498779296875 272.86248779296875 276.88751220703125 274.068756103515625 265.962493896484375 250.818756103515625 231.9187469482421875 221.8937530517578125 223.131256103515625 223.931243896484375 224.6750030517578125 222.350006103515625 221.8125 220.75 217.881256103515625 215.556243896484375 213.2937469482421875 211.318756103515625 204.6687469482421875 196.806243896484375 186.2062530517578125 175.65625 163.3249969482421875 152.368743896484375 144.65625 137.7687530517578125 132.225006103515625 126.625 122.7062530517578125 120.52500152587890625 117.5812530517578125 115.5 113.84375 114.44374847412109375 114.68125152587890625 114.11875152587890625 112.3312530517578125 108.65625 104.09375 99.125 94.3312530517578125 89.96875
270.787506103515625 272.5625 274.29998779296875 278.193756103515625 282.86248779296875 284.337493896484375 277.587493896484375 261.20623779296875 243.7624969482421875 233.056243896484375 228.8249969482421875 225.9250030517578125 223.149993896484375 221.600006103515625 223.3562469482421875 224.4250030517578125 225.087493896484375 224.537506103515625 224.15625 223.8562469482421875 218.8937530517578125 208.412506103515625 194.9250030517578125 179.662506103515625 167.2375030517578125 156.5187530517578125 148.787506103515625 141.7375030517578125 134.6437530517578125 128.631256103515625 124.2624969482421875 121.25 117.94374847412109375 115.15625 112.41249847412109375 111.84999847412109375 111.15000152587890625 109.03125 106.47499847412109375 102.28749847412109375 97.1999969482421875 91.59999847412109375 86.59375 80.8562469482421875
272.92498779296875 274.693756103515625 277.08123779296875 282.125 287.881256103515625 290.568756103515625 286.899993896484375 269.149993896484375 252.6875 240.350006103515625 232.96875 229.6999969482421875 226.5749969482421875 225.725006103515625 228.568756103515625 229.600006103515625 230.806243896484375 230.618743896484375 230.8562469482421875 232.524993896484375 230.4499969482421875 218.6750030517578125 202.431243896484375 184.9875030517578125 169.8625030517578125 157.149993896484375 148.524993896484375 142.6437530517578125 136.8125 131.1999969482421875 125.6999969482421875 121.8937530517578125 117.5749969482421875 114.15625 111.13124847412109375 109.54999542236328125 107.625 105.1125030517578125 101.30625152587890625 96.6750030517578125 90.4187469482421875 84.40625 79.0124969482421875 73.71250152587890625
273.068756103515625 275.51251220703125 278.20001220703125 282.34375 287.556243896484375 288.1875 281.83123779296875 269.88751220703125 255.4812469482421875 244.9562530517578125 237.1374969482421875 233.4562530517578125 231.8937530517578125 229.7687530517578125 232.1437530517578125 234.350006103515625 234.625 235.0749969482421875 235.6374969482421875 236.375 236.3937530517578125 225.162506103515625 207.5500030517578125 189.556243896484375 168.7624969482421875 154.7062530517578125 150.0437469482421875 144.5812530517578125 139.75 133.693756103515625 127.57500457763671875 122.1687469482421875 117.59999847412109375 113.0437469482421875 109.4875030517578125 107.53125 104.96250152587890625 102.40625 98.6687469482421875 92.1062469482421875 85.52500152587890625 80.0500030517578125 73.99375152587890625 65.1125030517578125
270.899993896484375 273.243743896484375 276.131256103515625 279.649993896484375 282.92498779296875 281.76251220703125 275.83123779296875 267.84375 256.818756103515625 246.3000030517578125 238.15625 235.475006103515625 234.587493896484375 234.4812469482421875 234.162506103515625 236.212493896484375 235.756256103515625 235.087493896484375 234.256256103515625 233.5500030517578125 231.681243896484375 221.868743896484375 208.65625 193.243743896484375 175.7624969482421875 162.506256103515625 155.875 149.3125 143.274993896484375 135.375 127.96875 122.21875 116.90625 112.05625152587890625 108.21250152587890625 106.24375152587890625 103.9187469482421875 101.90000152587890625 98.25 92.3125 84.13124847412109375 76.0749969482421875 69.63124847412109375 63.325000762939453125
265.337493896484375 268.26873779296875 269.95001220703125 273.193756103515625 275.79998779296875 273.65625 270.506256103515625 264.71875 254.943756103515625 246.28125 239.5500030517578125 237.006256103515625 235.9875030517578125 236.0500030517578125 234.587493896484375 235.662506103515625 233.7750091552734375 230.65625 227.6062469482421875 226.375 224.2062530517578125 218.0124969482421875 209.743743896484375 200.618743896484375 189.350006103515625 177.118743896484375 166.618743896484375 156.5500030517578125 147.4562530517578125 137.09375 128.0500030517578125 121.15625 115.66249847412109375 111.52500152587890625 107.6875 105.46875 104.4250030517578125 104.9250030517578125 103.71250152587890625 97.02500152587890625 87.2312469482421875 78.6374969482421875 72.3000030517578125 66.47499847412109375
257.41876220703125 260.01873779296875 262.20623779296875 265.45001220703125 267.75 266.64373779296875 263.79376220703125 258.774993896484375 251.818756103515625 245.4375 238.850006103515625 235.2312469482421875 234.431243896484375 234.850006103515625 234.006256103515625 232.8249969482421875 228.0437469482421875 223.5 219.4187469482421875 216.818756103515625 214.524993896484375 212.537506103515625 210.524993896484375 209.4187469482421875 202.568756103515625 190.618743896484375 178.0500030517578125 165.0124969482421875 152.4562530517578125 138.8312530517578125 128.037506103515625 119.4375 113.34999847412109375 109.22499847412109375 104.8249969482421875 102.1875 104.24375152587890625 106.5187530517578125 107.84375 102.3937530517578125 94.1999969482421875 85.28749847412109375 77.38124847412109375 70.13124847412109375
246.71875 249.90625 253.743743896484375 257.899993896484375 260.23126220703125 259.51251220703125 257.45623779296875 253.681243896484375 248.71875 242.600006103515625 236.6374969482421875 232.774993896484375 230.537506103515625 229.7624969482421875 227.568756103515625 224.568756103515625 217.399993896484375 211.756256103515625 207.7937469482421875 205.6374969482421875 204.181243896484375 205.100006103515625 209.0500030517578125 215.5812530517578125 215.131256103515625 200.443756103515625 186.6437530517578125 170.306243896484375 154.4562530517578125 138.9812469482421875 127.5437469482421875 119.6125030517578125 110.96250152587890625 103.97499847412109375 98.78125 99.3874969482421875 103.21250152587890625 111.88124847412109375 119.4562530517578125 112 102.5124969482421875 92.5437469482421875 82.52500152587890625 74.8625030517578125
234.0812530517578125 238.25 243.4875030517578125 248.1750030517578125 251.4562530517578125 252.4499969482421875 251.6875 248.71875 245.024993896484375 240.6875 235.8312530517578125 229.975006103515625 225.368743896484375 221.350006103515625 216.9187469482421875 211.649993896484375 204.1750030517578125 197.568756103515625 194.6875 192.399993896484375 192.0124969482421875 194.4187469482421875 200.46875 209.787506103515625 212.3312530517578125 202.40625 191.4875030517578125 173.662506103515625 154.9375 136.8625030517578125 124.125 115.875 110.33750152587890625 105.84375 98.28749847412109375 92.44374847412109375 101.7937469482421875 113.56874847412109375 119.25624847412109375 116.5124969482421875 107.9812469482421875 98.3874969482421875 88.2937469482421875 80.28125
219.8312530517578125 226.225006103515625 232.6750030517578125 238.60626220703125 243.5 245.225006103515625 245.287506103515625 243.975006103515625 243.024993896484375 239.3125 233.475006103515625 226.5 218.943756103515625 211.8375091552734375 205.725006103515625 200.631256103515625 193.225006103515625 185.7624969482421875 182.693756103515625 179.90625 179.725006103515625 185.506256103515625 188.5625 197.5500030517578125 201.381256103515625 198.5625 188.693756103515625 172.899993896484375 155.8249969482421875 135.7937469482421875 120.34375 116.41249847412109375 117.19374847412109375 112.34999847412109375 105.65625 101.99375152587890625 107.3937530517578125 114.69374847412109375 118.5187530517578125 117.1999969482421875 111.28125 105.00624847412109375 94.44374847412109375 86.0625
