data/historical-monthly-weather-data/wc2.1_cruts4.09_10m_prec_1980-11.asc
ncols        51
nrows        45
xllcorner    -63.500000000000
yllcorner    -7.500000000000
cellsize     0.166666666667
NODATA_value -9999
[rows 19 to 37 of 45, columns 0 to 43 of 51]
162.375 165.056243896484375 168.868743896484375 173.5187530517578125 178.2624969482421875 184.056243896484375 189.0749969482421875 192.9562530517578125 196.1812591552734375 198.2687530517578125 198.2624969482421875 195.59375 191.0500030517578125 186.024993896484375 183.5500030517578125 181.9562530517578125 180.46875 184.587493896484375 190.5749969482421875 198.368743896484375 200.9187469482421875 198.2624969482421875 194.024993896484375 186.931243896484375 179.4812469482421875 170.1374969482421875 158.1374969482421875 144.712493896484375 127.3125 111.3125 100.6750030517578125 99.05625152587890625 100.24375152587890625 102.02500152587890625 103.08750152587890625 104.7375030517578125 106.97499847412109375 109.28749847412109375 110.09999847412109375 110.3125 110.50624847412109375 112.68125152587890625 112.86875152587890625 113.55625152587890625
154.649993896484375 158.537506103515625 163.774993896484375 169.1999969482421875 174.162506103515625 181.0437469482421875 187.975006103515625 193.84375 198.7312469482421875 201.662506103515625 202.9375 201.6999969482421875 198.5625 193.0062408447265625 190.0500030517578125 186.618743896484375 184.09375 185.4562530517578125 191.4499969482421875 196.1999969482421875 199 198.8000030517578125 195.462493896484375 188.9875030517578125 182 172.899993896484375 160.337493896484375 144.868743896484375 129.537506103515625 119.1999969482421875 111.1062469482421875 107.78125 107.0500030517578125 107.40000152587890625 107.9812469482421875 110.11875152587890625 111.21250152587890625 112.375 112.4375 112.46875 111.9812469482421875 113.38124847412109375 114.11875152587890625 114.34375
147.8625030517578125 150.975006103515625 157.162506103515625 163.568756103515625 169.9875030517578125 177.6999969482421875 186.225006103515625 193.5812530517578125 200.8000030517578125 205.725006103515625 208.5749969482421875 209.6062469482421875 207.9812469482421875 202.850006103515625 198.600006103515625 194.1750030517578125 191.881256103515625 191.681243896484375 194.4250030517578125 198.125 197.28125 196.212493896484375 194.6125030517578125 188.212493896484375 180.6687469482421875 172.212493896484375 162.0124969482421875 148.475006103515625 135.9875030517578125 127.34999847412109375 119.21250152587890625 114.99375152587890625 113.25 113.68125152587890625 114.5 115.86875152587890625 116.4187469482421875 116.5437469482421875 115.21875 114.5812530517578125 113.4499969482421875 114.34999847412109375 115.125 115.94374847412109375
141.368743896484375 145.524993896484375 151.881256103515625 158.806243896484375 166.0187530517578125 174.193756103515625 182.787506103515625 192.475006103515625 201.78125 208.068756103515625 213.537506103515625 216.5625 219.8125 216.0500030517578125 208.3000030517578125 201.5124969482421875 197.6687469482421875 196.875 197.600006103515625 199.131256103515625 197.6437530517578125 195.5999908447265625 193.1062469482421875 186.693756103515625 180.5500030517578125 173.381256103515625 163.381256103515625 152.4187469482421875 140.912506103515625 132.9812469482421875 126.44374847412109375 122.0187530517578125 120.5749969482421875 120.52500152587890625 120.3562469482421875 121.3937530517578125 121.4187469482421875 119.71250152587890625 117.5 116.0500030517578125 114.94374847412109375 115.3562469482421875 115.9187469482421875 116.6999969482421875
135.162506103515625 139.524993896484375 146.0124969482421875 152.350006103515625 159.8874969482421875 169.1374969482421875 178.6125030517578125 189.15625 198.21875 205.8562469482421875 212.8312530517578125 220.693756103515625 227.693756103515625 223.75 214.4749908447265625 207.15625 202.65625 201.600006103515625 201.225006103515625 200.837493896484375 198.875 196.412506103515625 192.8562469482421875 186.6437530517578125 180.7687530517578125 173.8125 166.7624969482421875 155.306243896484375 145.600006103515625 138.600006103515625 133.6374969482421875 129.7062530517578125 127.4562530517578125 126.1125030517578125 125.3625030517578125 126.2687530517578125 125.34999847412109375 121.5437469482421875 118.93125152587890625 116.875 115.21875 115.6374969482421875 116.3000030517578125 117.27500152587890625
130.9812469482421875 134.649993896484375 140.8562469482421875 147.1999969482421875 155.1750030517578125 163.931243896484375 173.125 183.3000030517578125 192.875 201.181243896484375 209.4187469482421875 215.787506103515625 221.568756103515625 220.649993896484375 214.9499969482421875 209.2312469482421875 205.306243896484375 203.75 203.4375 202.693756103515625 199.875 195.962493896484375 193.037506103515625 186.462493896484375 180.0500030517578125 175.28125 168.15625 158.9875030517578125 149.631256103515625 144.53125 139.7624969482421875 136.0124969482421875 132.96875 130.5437469482421875 128.1374969482421875 126.96875 125.0812530517578125 120.75 118.3874969482421875 116.69374847412109375 114.78749847412109375 115.3125 116.8249969482421875 119.02500152587890625
128.4375 132.024993896484375 136.118743896484375 142.600006103515625 149.256256103515625 157.4875030517578125 166.181243896484375 175.84375 185.131256103515625 193.818756103515625 201.90625 208.381256103515625 212.6999969482421875 213.662506103515625 211.600006103515625 208.662506103515625 206.5625 205.725006103515625 205.6437530517578125 205.2062530517578125 201.774993896484375 197.600006103515625 193.28125 185.337493896484375 180.149993896484375 176.6125030517578125 170.84375 163.0500030517578125 154.84375 150.3249969482421875 145.65625 141.681243896484375 137.774993896484375 133.274993896484375 129.412506103515625 126.47499847412109375 122.99375152587890625 118.83750152587890625 117.3562469482421875 115.8000030517578125 114.40625 115.2687530517578125 116.1750030517578125 119.52500152587890625
124.3625030517578125 125.6999969482421875 129.6437530517578125 135.03125 140.712493896484375 148.506256103515625 158.131256103515625 167.3249969482421875 175.443756103515625 184.3562469482421875 193.6999969482421875 200.6062469482421875 205.4187469482421875 208.118743896484375 208.1374969482421875 206.2937469482421875 205.625 206.1687469482421875 206.931243896484375 206.3562469482421875 203.3562469482421875 199.618743896484375 195.1125030517578125 187.506256103515625 183.7687530517578125 180.3000030517578125 174.399993896484375 167.0124969482421875 159.8874969482421875 154.662506103515625 150.5749969482421875 146.318756103515625 141.4875030517578125 135.6999969482421875 129.5187530517578125 125.02500152587890625 120.24375152587890625 115.11875152587890625 114.30625152587890625 113.3937530517578125 112.6125030517578125 114.46875 116.6750030517578125 120.3562469482421875
119.6437530517578125 118.75 122.25 126.71875 132.024993896484375 139.443756103515625 148.681243896484375 158.21875 167.03125 176.1374969482421875 184.7062530517578125 192.1999969482421875 197.9499969482421875 201.912506103515625 203.868743896484375 203.806243896484375 203.8937530517578125 206.1125030517578125 207.600006103515625 208.162506103515625 206.78125 203.881256103515625 202.2062530517578125 195.881256103515625 190.774993896484375 185.9375 179.03125 171.78125 164.2624969482421875 158.899993896484375 153.9375 149.40625 143.375 135.774993896484375 128.9499969482421875 123.0812530517578125 117 111.65000152587890625 110.31874847412109375 110.74375152587890625 111.3625030517578125 114.8125 116.50624847412109375 120.78125
115.28125 112.4250030517578125 114.6750030517578125 118.6125030517578125 123.3874969482421875 130.6125030517578125 139.462493896484375 148.8874969482421875 158.71875 167.8937530517578125 176.818756103515625 184.368743896484375 191.34375 196.306243896484375 199.2624969482421875 201.6374969482421875 203.90625 206.181243896484375 208.537506103515625 210.3125 210.8562469482421875 209.96875 210.087493896484375 204.8249969482421875 198.787506103515625 192.71875 185.506256103515625 176.9375 169.068756103515625 162.5812530517578125 157.1999969482421875 151.6999969482421875 143.8249969482421875 135.306243896484375 127.78749847412109375 120.72499847412109375 113.6875 107.1875 105.8000030517578125 105.66249847412109375 107.3312530517578125 111.53749847412109375 115.72499847412109375 123.50624847412109375
115.83750152587890625 111.27500152587890625 112.1750030517578125 113.71250152587890625 117.50624847412109375 124.47499847412109375 132.7375030517578125 141.7937469482421875 151.399993896484375 160.149993896484375 169.28125 177.725006103515625 185.65625 192.5124969482421875 196.5625 200.006256103515625 202.0500030517578125 206.1062469482421875 208.774993896484375 211.3562469482421875 213.4250030517578125 216.037506103515625 217.8562469482421875 211.875 205.59375 199.7062530517578125 191.568756103515625 182 172.9499969482421875 166.443756103515625 160.2687530517578125 153.9812469482421875 145.1875 136.40625 127.84375 118.99375152587890625 110.28749847412109375 103.25 100.0812530517578125 98.625 99.2312469482421875 106.8312530517578125 113.9187469482421875 123.5749969482421875
116.4875030517578125 110.59999847412109375 110.21250152587890625 110.6062469482421875 112.66249847412109375 119.5812530517578125 127.3249969482421875 135.475006103515625 144.1875 153.59375 163.09375 172.28125 181.631256103515625 188.5812530517578125 193.881256103515625 198.4499969482421875 202.6125030517578125 206.5625 209.087493896484375 214.1875 218.5437469482421875 222.931243896484375 226.1125030517578125 220.09375 212.75 206.7624969482421875 197.193756103515625 187.09375 177.056243896484375 169.6125030517578125 163.0625 156.40625 146.6750030517578125 137.7624969482421875 127.8937530517578125 117.5625 107.8249969482421875 100.0812530517578125 95.5187530517578125 90.6687469482421875 91.0625 100.8125 110.55625152587890625 120.7312469482421875
117.69374847412109375 111.0812530517578125 109.6374969482421875 109.6125030517578125 111.19374847412109375 116.2375030517578125 122.9875030517578125 129.96875 138.3874969482421875 147.431243896484375 157.068756103515625 167.181243896484375 177.0187530517578125 185.806243896484375 192.9187469482421875 198.806243896484375 203.899993896484375 208.381256103515625 212.712493896484375 218.837493896484375 224.681243896484375 229.9250030517578125 233.6437530517578125 227.287506103515625 220.568756103515625 213.40625 202.5500030517578125 191.556243896484375 180.5437469482421875 173.068756103515625 166.0437469482421875 158.3874969482421875 148.274993896484375 138.2375030517578125 128.5437469482421875 117.25 106.40000152587890625 96.96250152587890625 91.03749847412109375 86.7312469482421875 87.5625 98.0187530517578125 109.0812530517578125 121.8937530517578125
124.9875030517578125 118.6374969482421875 116 114.80625152587890625 114.8125 117.93125152587890625 122.66249847412109375 127.94374847412109375 135.0812530517578125 143.212493896484375 153.3249969482421875 163.2624969482421875 174.181243896484375 185.4875030517578125 193.118743896484375 200.2687530517578125 205.8625030517578125 212.7312469482421875 218.6750030517578125 225.1999969482421875 231.131256103515625 235.4749908447265625 237.9187469482421875 231.6374969482421875 225.149993896484375 217.7312469482421875 206.5812530517578125 195 184.5187530517578125 176.625 169.212493896484375 161.2687530517578125 150.7062530517578125 140.09375 130.537506103515625 119.375 108.7375030517578125 98.59999847412109375 92.5500030517578125 90.28749847412109375 90.5187530517578125 99.5437469482421875 110.5749969482421875 124.0500030517578125
132.743743896484375 126.99375152587890625 123.27500152587890625 120.9499969482421875 119.08750152587890625 120.47499847412109375 122.6999969482421875 126.30625152587890625 132.3249969482421875 139.3000030517578125 148.318756103515625 159.881256103515625 172.381256103515625 183.962493896484375 192.8874969482421875 201.34375 209.212493896484375 217.125 224.2687530517578125 231.618743896484375 236.71875 240.4187469482421875 242.2624969482421875 235.6062469482421875 228.943756103515625 221.162506103515625 210.3625030517578125 198.3874969482421875 187.850006103515625 179.6312408447265625 172.0625 164.506256103515625 153.7062530517578125 142.868743896484375 133.162506103515625 122.3625030517578125 111.1875 100.375 95.84999847412109375 94.11875152587890625 93.46875 101.05625152587890625 111.6437530517578125 124.5
141.212493896484375 135.9562530517578125 131.3125 127.25 124.15000152587890625 123.6374969482421875 123.72499847412109375 125.4562530517578125 129.2687530517578125 135.6062469482421875 144.5749969482421875 157.4562530517578125 171.1374969482421875 184.7375030517578125 195.28125 203.6875 212.9499969482421875 221.725006103515625 229.6437530517578125 237.149993896484375 242.1875 245.118743896484375 245.8249969482421875 238.2062530517578125 230.53125 223.462493896484375 212.1750030517578125 201.125 190.3874969482421875 182.193756103515625 175.0625 167.3000030517578125 156.225006103515625 145.850006103515625 135.3249969482421875 124.0749969482421875 112.99375152587890625 104.375 100.3125 97.69374847412109375 96.77500152587890625 102.25624847412109375 110.53125 120.6999969482421875
151.962493896484375 146.7687530517578125 141.9499969482421875 137.274993896484375 133.524993896484375 131.725006103515625 130.28125 129.256256103515625 130.8249969482421875 134.899993896484375 143.693756103515625 157.024993896484375 172.2937469482421875 187.256256103515625 197.587493896484375 207.7624969482421875 216.2687530517578125 225.46875 234.3125 242.875 246.568756103515625 246.65625 245.59375 238.0500030517578125 230.368743896484375 222.993743896484375 212.8125 202.962493896484375 193.350006103515625 184.431243896484375 177.850006103515625 170 159.693756103515625 149.537506103515625 138.65625 128.375 120.80625152587890625 113.21250152587890625 109.16875457763671875 107.1750030517578125 106.58750152587890625 110.31874847412109375 116.00624847412109375 123.53749847412109375
163.037506103515625 158.306243896484375 153.618743896484375 149.006256103515625 144.600006103515625 141.53125 138.1374969482421875 135.0437469482421875 133.931243896484375 133.9562530517578125 143.28125 160.9562530517578125 176.4375 189.6999969482421875 200.3625030517578125 210.412506103515625 219.1750030517578125 227.9375 236.6687469482421875 244.318756103515625 246.34375 245.1125030517578125 243.1062469482421875 235.5187530517578125 227.9499969482421875 221.631256103515625 211.774993896484375 203.8312530517578125 194.837493896484375 186.8874969482421875 179.912506103515625 173.375 163.1687469482421875 153.53125 143.225006103515625 135.162506103515625 129.024993896484375 123.1875 120.0749969482421875 117.36875152587890625 116.16249847412109375 118.02500152587890625 121.4187469482421875 126.52500152587890625
175.5437469482421875 170.65625 165.6999969482421875 161.162506103515625 156.375 152.3249969482421875 148.1062469482421875 143.899993896484375 141.53125 139.2687530517578125 152.9250030517578125 171.4250030517578125 183.4562530517578125 194.4187469482421875 204.1374969482421875 213.5187530517578125 221.9375 229.5124969482421875 236.6125030517578125 241.287506103515625 242.818756103515625 241.662506103515625 239.4187469482421875 231.46875 224.8000030517578125 219.118743896484375 210.6125030517578125 203.96875 196.6999969482421875 189.78125 181.181243896484375 174.5749969482421875 165.7375030517578125 156.899993896484375 147.8125 142.15625 137.806243896484375 133.0749969482421875 131.2624969482421875 129.1875 126.2937469482421875 126.77500152587890625 127.0625 128.743743896484375
