data/historical-monthly-weather-data/wc2.1_cruts4.09_10m_prec_1997-10.asc
ncols        45
nrows        45
xllcorner    -63.500000000000
yllcorner    -7.500000000000
cellsize     0.166666666667
NODATA_value -9999
[rows 0 to 18 of 45, columns 0 to 43 of 45]
60.293750762939453125 54.9375 51.299999237060546875 48.856250762939453125 46.325000762939453125 45.00624847412109375 43.3125 41.950000762939453125 42 42.68125152587890625 44.200000762939453125 47.331249237060546875 50.46250152587890625 53.05625152587890625 57.28749847412109375 61.52500152587890625 65.4250030517578125 68.13124847412109375 70.99375152587890625 73.25624847412109375 73.4499969482421875 72.9375 72.6750030517578125 72.625 72.84375 73.44374847412109375 74.875 76.6687469482421875 78.21250152587890625 76.0437469482421875 73.49375152587890625 70.94374847412109375 68 65.15625 62.606250762939453125 60.9375 59.33750152587890625 57.793750762939453125 57.52500152587890625 57.36875152587890625 57.34375 58.21875 58.737499237060546875 59.081249237060546875
60.706249237060546875 55.46875 52.575000762939453125 50.799999237060546875 49.25624847412109375 47.731250762939453125 46.25 45.38124847412109375 46.00624847412109375 46.762500762939453125 47.90000152587890625 50.581249237060546875 53.262500762939453125 55.793750762939453125 59.625 63.643749237060546875 67.0124969482421875 71.1437530517578125 75.375 79.03125 78.99375152587890625 78.6062469482421875 78.27500152587890625 77.8249969482421875 77.41249847412109375 76.97499847412109375 78.00624847412109375 79.1437530517578125 79.5749969482421875 75.50624847412109375 71.83750152587890625 68.45000457763671875 65.2624969482421875 62.325000762939453125 59.125 56.90625 55.137500762939453125 53.21250152587890625 52.83750152587890625 52.53125 52.47499847412109375 53.487499237060546875 54.21250152587890625 54.74375152587890625
62.28749847412109375 57.674999237060546875 54.831249237060546875 53.21250152587890625 51.78749847412109375 51.06874847412109375 50.72499847412109375 50.956249237060546875 52.331249237060546875 53.318752288818359375 54.0625 56.0625 58.049999237060546875 59.83750152587890625 63.237499237060546875 66.7312469482421875 69.9499969482421875 73.3312530517578125 76.69374847412109375 79.5625 79.0500030517578125 78.6125030517578125 77.94374847412109375 77.0187530517578125 76.1687469482421875 75.66249847412109375 76.3125 77.2375030517578125 76.83750152587890625 72.84375 69.08750152587890625 65.1125030517578125 61.706249237060546875 58.625 55.331249237060546875 52.90000152587890625 50.668750762939453125 48.637500762939453125 48.21250152587890625 47.75624847412109375 47.575000762939453125 48.612499237060546875 49.56874847412109375 50.65000152587890625
63.41249847412109375 59.143749237060546875 56.90000152587890625 54.69374847412109375 53.34999847412109375 53.637500762939453125 54.77500152587890625 56.4375 59.1875 60.78125 60.862499237060546875 61.78125 62.72499847412109375 63.856250762939453125 67.1374969482421875 70.18125152587890625 72.875 75.3312530517578125 77.66249847412109375 79.625 78.71250152587890625 77.3249969482421875 75.7937469482421875 74.71250152587890625 73.53125 72.5812530517578125 73.0187530517578125 73.52500152587890625 73.1437530517578125 69.09375 65.1750030517578125 61.356250762939453125 57.412502288818359375 53.793750762939453125 50.05625152587890625 47.956249237060546875 45.6875 43.41249847412109375 42.887500762939453125 42.356250762939453125 41.74375152587890625 42.956249237060546875 44.16249847412109375 45.737499237060546875
67.09999847412109375 61.512500762939453125 57.625 55.168750762939453125 54.21250152587890625 55.606250762939453125 57.793750762939453125 60.66249847412109375 65.2624969482421875 68.43125152587890625 67.33750152587890625 66.50624847412109375 66.72499847412109375 67.6750030517578125 70.46250152587890625 73.0500030517578125 75.4875030517578125 76.41249847412109375 77.36875152587890625 78.2312469482421875 77.16249847412109375 75.16249847412109375 73.1687469482421875 71.9187469482421875 70.4499969482421875 69.25624847412109375 69.0812530517578125 69.6999969482421875 69.56874847412109375 65.0437469482421875 60.893749237060546875 56.83750152587890625 53.03749847412109375 49.1875 45.46250152587890625 42.981250762939453125 40.543750762939453125 38.200000762939453125 37.33750152587890625 36.575000762939453125 35.80625152587890625 36.856250762939453125 38.362499237060546875 40.206249237060546875
69.56874847412109375 63.887500762939453125 58.612499237060546875 54.38124847412109375 53.924999237060546875 56.268749237060546875 58.700000762939453125 61.631252288818359375 66.47499847412109375 70.7937469482421875 68.94374847412109375 67.97499847412109375 68.66249847412109375 69.65000152587890625 71.94374847412109375 74.5749969482421875 76.34999847412109375 76.2062530517578125 76.25624847412109375 76.0437469482421875 74.6437530517578125 72.66249847412109375 70.6750030517578125 68.66249847412109375 66.93125152587890625 65.38124847412109375 64.90625 64.86875152587890625 64.8125 60.53125 56.59999847412109375 53.1875 49.40000152587890625 45.77500152587890625 42.237499237060546875 39.99375152587890625 37.78125 35.762500762939453125 35.09375 33.875 32.412502288818359375 33.34375 34.58750152587890625 36.518749237060546875
73.4875030517578125 67.31874847412109375 61.65625 56.81874847412109375 55.237499237060546875 56.56874847412109375 58.268749237060546875 59.887500762939453125 62.549999237060546875 64.47499847412109375 65.5749969482421875 67.1750030517578125 69.1062469482421875 70.95000457763671875 73.0749969482421875 75.4812469482421875 77.00624847412109375 75.6374969482421875 74.27500152587890625 73.38124847412109375 71.90625 70 67.7624969482421875 65.5500030517578125 63.49375152587890625 61.55625152587890625 60.981250762939453125 60.47499847412109375 59.668750762939453125 56.05625152587890625 52.49375152587890625 49.143749237060546875 45.59375 42.28749847412109375 39.09999847412109375 36.91249847412109375 34.9375 33.112499237060546875 32.66249847412109375 30.899999618530273438 29.125 29.537500381469726562 30.581249237060546875 32.50624847412109375
77.9875030517578125 71.1750030517578125 65.90000152587890625 61.706249237060546875 58.80625152587890625 58.90625 58.487499237060546875 57.200000762939453125 56.43125152587890625 57.606250762939453125 61.22499847412109375 65.2312469482421875 68.9375 71.7312469482421875 74.2312469482421875 76.16249847412109375 77.2687530517578125 74.9875030517578125 72.65000152587890625 71.08750152587890625 69.5187530517578125 67.3874969482421875 65.02500152587890625 62.61875152587890625 60.200000762939453125 57.71875 56.637500762939453125 55.58750152587890625 54.450000762939453125 50.84375 47.793750762939453125 45 41.856250762939453125 38.84999847412109375 35.768749237060546875 33.71875 31.643749237060546875 29.818750381469726562 28.662500381469726562 26.950000762939453125 25.137500762939453125 25.193750381469726562 25.731250762939453125 27.112499237060546875
82.0749969482421875 75.5749969482421875 70.8562469482421875 66.5500030517578125 63.262500762939453125 62.19374847412109375 60.63124847412109375 57.549999237060546875 54.231250762939453125 53.90625 59 64.40000152587890625 69.3125 72.61875152587890625 74.4250030517578125 75.58750152587890625 75.8874969482421875 74.18125152587890625 72.46250152587890625 70.59375 68.53749847412109375 66.2687530517578125 63.106250762939453125 60.66249847412109375 57.58750152587890625 54.512500762939453125 52.768749237060546875 51.99375152587890625 50.799999237060546875 47.362499237060546875 44.768749237060546875 42.33750152587890625 39.27500152587890625 36.33750152587890625 33.40625 31.6875 29.950000762939453125 28.037500381469726562 26.556249618530273438 24.90625 23.118749618530273438 22.649999618530273438 22.65625 23.137500762939453125
86.5124969482421875 80.08750152587890625 75.36875152587890625 71.49375152587890625 68.34999847412109375 66.8625030517578125 64.63124847412109375 61.049999237060546875 58.481250762939453125 58.25 61.206249237060546875 65.6999969482421875 70.6687469482421875 74.2687530517578125 75.0749969482421875 75.1125030517578125 74.44374847412109375 73.3312530517578125 72.13124847412109375 71.05625152587890625 68.4250030517578125 65.4250030517578125 61.606250762939453125 58.200000762939453125 54.262500762939453125 50.893749237060546875 49.325000762939453125 48.112499237060546875 46.981250762939453125 44.137500762939453125 41.625 39.59375 36.83750152587890625 34.200000762939453125 31.662500381469726562 30.087499618530273438 28.418750762939453125 26.59375 25.081249237060546875 23.237499237060546875 21.412500381469726562 20.487499237060546875 19.762500762939453125 19.581249237060546875
91.22499847412109375 84.71875 79.9812469482421875 76.21875 73.25 72.6687469482421875 70.5749969482421875 66.41249847412109375 64.24375152587890625 64.0124969482421875 65.7062530517578125 69.08750152587890625 72.8249969482421875 76.24375152587890625 75.91249847412109375 74.5124969482421875 73.16249847412109375 72.40625 71.86875152587890625 71.31874847412109375 69.09999847412109375 65.125 60.325000762939453125 55.450000762939453125 51.52500152587890625 48.27500152587890625 46.737499237060546875 45.456249237060546875 43.918750762939453125 41.46250152587890625 39.387500762939453125 37.612499237060546875 35.08750152587890625 32.575000762939453125 30.106250762939453125 28.549999237060546875 26.987499237060546875 25.149999618530273438 23.543750762939453125 21.681249618530273438 19.793750762939453125 18.512500762939453125 17.487499237060546875 16.731250762939453125
95.78125 89.1125030517578125 84.50624847412109375 81.06874847412109375 78.3937530517578125 78.2375030517578125 76.9187469482421875 72.25 70.4187469482421875 69.8874969482421875 70.6437530517578125 72.49375152587890625 74.3562469482421875 76.4187469482421875 76.1062469482421875 74.56874847412109375 73.28125 72.6437530517578125 72.3249969482421875 72.3625030517578125 70.8562469482421875 66.33124542236328125 60.581249237060546875 54.924999237060546875 50.081249237060546875 46.15000152587890625 44.231250762939453125 43.24375152587890625 42.049999237060546875 40.137500762939453125 38.13124847412109375 36.50624847412109375 33.987499237060546875 31.568750381469726562 29.299999237060546875 27.725000381469726562 26.131250381469726562 24.450000762939453125 22.725000381469726562 20.868749618530273438 18.837499618530273438 17.34375 16.075000762939453125 15.199999809265136719
99.8625030517578125 93.3125 88.77500152587890625 85.09999847412109375 82.34375 81.71875 79.7062530517578125 76.5812530517578125 75.34999847412109375 75.46875 76.0124969482421875 75.8874969482421875 76.15625 75.94374847412109375 75.40000152587890625 74.46875 73.0812530517578125 72.6750030517578125 72.4812469482421875 72.21875 71.15000152587890625 66.61875152587890625 60.356250762939453125 54.40625 47.84375 43.418750762939453125 42.543750762939453125 41.549999237060546875 40.668750762939453125 38.96875 37.200000762939453125 35.481250762939453125 33.15625 30.662500381469726562 28.518749237060546875 27.09375 25.575000762939453125 24.087499618530273438 22.512500762939453125 20.337499618530273438 18.318750381469726562 16.799999237060546875 15.237500190734863281 13.475000381469726562
103.0500030517578125 96.4250030517578125 92.0500030517578125 88.2375030517578125 85.0124969482421875 84.00624847412109375 82.16249847412109375 80.16249847412109375 79.91249847412109375 80.06874847412109375 80.28749847412109375 78.69374847412109375 77.16249847412109375 75.88124847412109375 74.4187469482421875 73.68125152587890625 72.2937469482421875 71.59999847412109375 70.99375152587890625 70.28749847412109375 68.47499847412109375 64.2062530517578125 59.09375 53.75624847412109375 48.012500762939453125 43.706249237060546875 42.200000762939453125 40.8125 39.55625152587890625 37.731250762939453125 35.99375152587890625 34.56874847412109375 32.25 29.924999237060546875 27.90625 26.65625 25.362499237060546875 24.168750762939453125 22.681249618530273438 20.725000381469726562 18.356250762939453125 16.21875 14.506250381469726562 13.168749809265136719
104.03125 97.72499847412109375 93.09999847412109375 89.46875 86.28125 85.15000152587890625 84.3125 83 82.63124847412109375 82.8874969482421875 83 80.63124847412109375 78.21875 76.28749847412109375 74.56874847412109375 73.7687530517578125 72.1875 70.81874847412109375 69.58750152587890625 68.7375030517578125 66.6062469482421875 63.09999847412109375 59.112499237060546875 55.25624847412109375 50.99375152587890625 46.78125 44.15000152587890625 41.799999237060546875 39.700000762939453125 37.450000762939453125 35.53749847412109375 33.97499847412109375 31.731248855590820312 29.674999237060546875 27.743749618530273438 26.399999618530273438 25.375 24.712499618530273438 23.71875 21.524999618530273438 18.75 16.637500762939453125 15.050000190734863281 13.868749618530273438
103.91249847412109375 97.6687469482421875 93.49375152587890625 90.13124847412109375 87.1062469482421875 86.53125 85.94374847412109375 84.93125152587890625 84.90625 85.2375030517578125 84.7375030517578125 81.3625030517578125 78.36875152587890625 76.05625152587890625 74.68125152587890625 73.4562530517578125 71.1687469482421875 69.4562530517578125 67.96875 66.71250152587890625 64.3000030517578125 61.731250762939453125 59.1875 57.331249237060546875 54.012500762939453125 49.643749237060546875 46.40000152587890625 43.21250152587890625 40.206249237060546875 37.325000762939453125 35.18125152587890625 33.356250762939453125 31.012500762939453125 29.03125 27.018749237060546875 25.518749237060546875 25.200000762939453125 24.893749237060546875 24.368749618530273438 22.34375 19.862499237060546875 17.806249618530273438 16.056249618530273438 14.693750381469726562
102.50624847412109375 96.7062530517578125 93.4250030517578125 90.65625 87.84999847412109375 87.5500030517578125 87.36875152587890625 86.78125 86.875 86.6687469482421875 85.7624969482421875 81.7687530517578125 77.77500152587890625 74.72499847412109375 73.0812530517578125 71.52500152587890625 68.6999969482421875 66.71250152587890625 65.34375 64.25624847412109375 61.887500762939453125 59.887500762939453125 58.762500762939453125 58.762500762939453125 56.91249847412109375 51.606250762939453125 47.97499847412109375 43.887500762939453125 40.049999237060546875 36.93125152587890625 34.8125 33.34999847412109375 30.34375 27.65625 25.46875 24.774999618530273438 24.8125 25.924999237060546875 26.681249618530273438 24.106250762939453125 21.28125 19.131250381469726562 17.087499618530273438 15.731249809265136719
99.71250152587890625 94.3562469482421875 91.71875 89.1875 86.72499847412109375 86.8937530517578125 86.97499847412109375 86.47499847412109375 86.68125152587890625 86.75624847412109375 86.0187530517578125 81.50624847412109375 77.05625152587890625 73.21875 71.00624847412109375 68.81874847412109375 66 63.793750762939453125 62.83750152587890625 61.762500762939453125 59.481250762939453125 57.674999237060546875 56.893749237060546875 57.612499237060546875 56.5 52.362499237060546875 49.43125152587890625 44.9375 40.331249237060546875 36.674999237060546875 34.325000762939453125 32.825000762939453125 30.556249618530273438 28.356250762939453125 25.424999237060546875 23.012500762939453125 24.34375 26.087499618530273438 26.481250762939453125 24.962499618530273438 22.387500762939453125 20.337499618530273438 18.299999237060546875 16.887500762939453125
96 91.6750030517578125 89.58750152587890625 87.56874847412109375 85.6875 85.8874969482421875 86.0437469482421875 85.88124847412109375 86.77500152587890625 86.78749847412109375 85.49375152587890625 80.9499969482421875 75.90625 71.4562530517578125 68.7937469482421875 66.7375030517578125 64.00624847412109375 61.56874847412109375 60.65625 59.47499847412109375 57.03125 56.012500762939453125 54.112499237060546875 54.762500762939453125 54.012500762939453125 51.75 49.05625152587890625 45.049999237060546875 40.88124847412109375 36.78749847412109375 33.80625152587890625 33.58750152587890625 32.924999237060546875 30.381250381469726562 27.399999618530273438 25.362499237060546875 25.549999237060546875 26.118749618530273438 26.143749237060546875 25.056249618530273438 23.09375 21.743749618530273438 19.587499618530273438 18.106250762939453125
