data/historical-monthly-weather-data/wc2.1_cruts4.09_10m_prec_2002-06.asc
ncols        45
nrows        45
xllcorner    -63.500000000000
yllcorner    -7.500000000000
cellsize     0.166666666667
NODATA_value -9999
[rows 20 to 39 of 45, columns 0 to 43 of 45]
210.7312469482421875 229.0437469482421875 237.899993896484375 238.9250030517578125 234.25 234.712493896484375 237.8249969482421875 236.1125030517578125 233.5124969482421875 227.256256103515625 223.4499969482421875 216.8562469482421875 207.78125 194.6374969482421875 181.881256103515625 173.25 160.8937530517578125 156.2624969482421875 159.7062530517578125 156.7687530517578125 164.3937530517578125 169.899993896484375 178.600006103515625 188.65625 188.462493896484375 180.5 166.3000030517578125 165.850006103515625 166.2624969482421875 168.6374969482421875 170.7624969482421875 180.2062530517578125 174.337493896484375 174.537506103515625 176.78125 188.6374969482421875 198 197.875 186.1750030517578125 174.25 161.375 145.631256103515625 141.931243896484375 142
202.03125 208.8125 221.9187469482421875 230.118743896484375 229.6062469482421875 226.7687530517578125 227.774993896484375 225.8125 222.8249969482421875 222.0500030517578125 218.131256103515625 208.318756103515625 198.587493896484375 192.2062530517578125 185.7624969482421875 171.943756103515625 174.9812469482421875 167.162506103515625 170.9875030517578125 169.8000030517578125 167.912506103515625 179.7624969482421875 188.5625 187.899993896484375 183.149993896484375 177.0437469482421875 176.09375 168.649993896484375 173.3937530517578125 175.381256103515625 170.725006103515625 165.193756103515625 163.5 168.7375030517578125 168.1875 172.8000030517578125 179.65625 184.2624969482421875 178.1875 169.1687469482421875 157.0812530517578125 146.243743896484375 142.3625030517578125 143.274993896484375
194.25 212.6437530517578125 224.725006103515625 231.537506103515625 231.5437469482421875 225.837493896484375 214.743743896484375 210.7375030517578125 215.7624969482421875 214.381256103515625 209.993743896484375 206.8125 206.068756103515625 202.631256103515625 195.350006103515625 186.193756103515625 176.7062530517578125 171.3562469482421875 173.2937469482421875 176.9812469482421875 184.131256103515625 186.09375 186.475006103515625 187.1062469482421875 190.5500030517578125 184.2062530517578125 175.6687469482421875 171.806243896484375 172.28125 164.9375 159.2312469482421875 157.2687530517578125 153.7062530517578125 152.9250030517578125 159.03125 158.600006103515625 160.618743896484375 166.256256103515625 167.71875 163.8562469482421875 153.837493896484375 146.125 141.53125 139.1875
181.7062530517578125 201.318756103515625 220.6999969482421875 223.131256103515625 221.475006103515625 216.118743896484375 215.743743896484375 211.0437469482421875 206.2375030517578125 200.462493896484375 204.84375 210.243743896484375 205.8000030517578125 205.84375 194.1999969482421875 186.587493896484375 180.181243896484375 181.5500030517578125 182.118743896484375 183.3125 188.3937530517578125 195.1687469482421875 193.412506103515625 200.4375 195.5437469482421875 185.462493896484375 183.725006103515625 169.3000030517578125 162.21875 157.4375 151.0187530517578125 147.725006103515625 146.693756103515625 143.3937530517578125 147.3312530517578125 145.725006103515625 150.399993896484375 156.0749969482421875 155.7624969482421875 152.2062530517578125 146.34375 141.8625030517578125 138.806243896484375 137.931243896484375
167.5187530517578125 188.8312530517578125 205.4625091552734375 217.475006103515625 220.193756103515625 215.056243896484375 211.4250030517578125 210.193756103515625 204.1875 204.806243896484375 202.837493896484375 202.443756103515625 204.4812469482421875 197.100006103515625 187.3249969482421875 181.7937469482421875 179.7750091552734375 178.25 181.850006103515625 188.0812530517578125 192.787506103515625 195.25 203.162506103515625 206.3562469482421875 194.6875 184.568756103515625 175.7624969482421875 165.71875 156.493743896484375 151.412506103515625 140.4250030517578125 133.1125030517578125 131.975006103515625 133.850006103515625 135.7312469482421875 137.59375 140.9875030517578125 143.0749969482421875 146.1374969482421875 144.5625 140.556243896484375 138.681243896484375 138.125 133.8312530517578125
161.28125 184.912506103515625 192.125 204.4375 207.1374969482421875 205.0749969482421875 200.5187530517578125 200.3312530517578125 190.5437469482421875 185.962493896484375 191.3249969482421875 191.34375 192.5187530517578125 188.34375 184.0749969482421875 176.056243896484375 175.1999969482421875 179.225006103515625 184.0187530517578125 185.03125 191.1999969482421875 196.162506103515625 201.943756103515625 201.662506103515625 195.34375 181.9562530517578125 172.212493896484375 161.899993896484375 148.756256103515625 141.2062530517578125 130.3625030517578125 122.70000457763671875 121.6875 122.44374847412109375 123.9562530517578125 129.4562530517578125 133.4499969482421875 133.618743896484375 133.8625030517578125 136.375 133.537506103515625 125.2375030517578125 124.3625030517578125 125.33750152587890625
154.4250030517578125 166.15625 178.899993896484375 187.625 190.193756103515625 189.975006103515625 187.274993896484375 179.1875 174.475006103515625 180.006256103515625 185.868743896484375 185.149993896484375 182.162506103515625 180.4875030517578125 179.162506103515625 177.4375 173.868743896484375 172.0124969482421875 178.3625030517578125 179.9187469482421875 182.1999969482421875 187.899993896484375 195.5124969482421875 202.193756103515625 188.537506103515625 176.0812530517578125 166.59375 153.7375030517578125 141.2062530517578125 132.024993896484375 124.18125152587890625 113.5500030517578125 111.78125 113.3249969482421875 115.75624847412109375 119.40625 125.38124847412109375 125.9875030517578125 124.4562530517578125 128.306243896484375 128.75 123.44374847412109375 118.36875152587890625 117.0187530517578125
149.1374969482421875 154.0124969482421875 163.1437530517578125 166.46875 168.71875 171.8937530517578125 171.868743896484375 167.087493896484375 166.0437469482421875 171.774993896484375 174.162506103515625 174.71875 171.1750030517578125 168.1125030517578125 166.912506103515625 166.1062469482421875 164.131256103515625 166.712493896484375 166.712493896484375 171.8312530517578125 176.3312530517578125 177.725006103515625 187.3937530517578125 187.087493896484375 178.1687469482421875 165.693756103515625 156.2687530517578125 143.975006103515625 135.90625 128.8937530517578125 119.44374847412109375 111.2312469482421875 107.96875 105.3937530517578125 110.47499847412109375 113.5437469482421875 119.1374969482421875 119.25624847412109375 120.25624847412109375 122.6062469482421875 123.55625152587890625 122.375 112.30625152587890625 112.93125152587890625
139.9875030517578125 147.756256103515625 147.662506103515625 147.631256103515625 151.4375 149.243743896484375 151.6875 154.5437469482421875 158 160.068756103515625 163.443756103515625 162.8000030517578125 162.006256103515625 160.0625 159.21875 159.1750030517578125 160.037506103515625 159.5625 163.0749969482421875 167.662506103515625 167.587493896484375 167.8125 170.931243896484375 169.3625030517578125 163.0437469482421875 151.8125 146.78125 139.431243896484375 130.1875 120.40000152587890625 110.6999969482421875 104.75624847412109375 101.4250030517578125 102.50624847412109375 104.0437469482421875 106.5625 113.43125152587890625 111.56874847412109375 113.18125152587890625 113.96875 113.15000152587890625 110.1062469482421875 106.625 110.34375
130.693756103515625 133.818756103515625 134.056243896484375 132.5812530517578125 134.006256103515625 136.506256103515625 138.475006103515625 145.25 147.274993896484375 150.8874969482421875 153.962493896484375 155.1750030517578125 155.287506103515625 154.4250030517578125 151.8000030517578125 149.4375 148.59375 151.90625 149.568756103515625 148.318756103515625 152.6437530517578125 153.806243896484375 156.068756103515625 154.6374969482421875 146.9875030517578125 142.743743896484375 136.462493896484375 128.587493896484375 121.02500152587890625 111.6125030517578125 103.8000030517578125 97.90625 97.0812530517578125 98.5500030517578125 101.6437530517578125 101.8125 109.65625 108.1437530517578125 104.40625 109.5500030517578125 108.0812530517578125 104.78125 104.5749969482421875 102.4375
123.6062469482421875 123.6875 122.03749847412109375 121.72499847412109375 122.84375 124.91875457763671875 129.3937530517578125 134.21875 136.337493896484375 141.4187469482421875 145.537506103515625 144.90625 147.625 140.9499969482421875 140.21875 142.84375 143.0812530517578125 141.375 139.850006103515625 140.131256103515625 140.7375030517578125 139.0187530517578125 140.7624969482421875 140.475006103515625 135.2375030517578125 132.0625 125.4499969482421875 119.22499847412109375 111.8125 104.4187469482421875 100.875 96.0124969482421875 93.9499969482421875 93.1687469482421875 95.44374847412109375 96.19374847412109375 101.84375 103.0187530517578125 100.03749847412109375 97.21875 98.66249847412109375 96.21250152587890625 95.53125 94.96250152587890625
115.5812530517578125 114.77500152587890625 111.6062469482421875 112.56874847412109375 116.24375152587890625 118.1999969482421875 121.125 124.61875152587890625 128.087493896484375 130.3562469482421875 131.399993896484375 132.6062469482421875 131.1374969482421875 131.4250030517578125 133.0124969482421875 133.306243896484375 129.4375 127.7062530517578125 127.40000152587890625 128.181243896484375 127.97499847412109375 127.82500457763671875 125.84375 124.4812469482421875 123.30625152587890625 119.46250152587890625 115.28749847412109375 110.09375 103.3625030517578125 101.68125152587890625 96.97499847412109375 92.18125152587890625 91.1125030517578125 89.77500152587890625 90.7624969482421875 90.3000030517578125 93.13124847412109375 91.9875030517578125 92.2062530517578125 91.2687530517578125 93.15000152587890625 91.61875152587890625 89.78125 88.9812469482421875
106.3937530517578125 105.74375152587890625 105.30625152587890625 106.44374847412109375 106.59375 108.85625457763671875 111.7312469482421875 115.61875152587890625 117.0625 119.53125 125.0187530517578125 124.6875 124.6125030517578125 127.46250152587890625 128.6687469482421875 124.28125 119.5187530517578125 120.40000152587890625 119.80625152587890625 119.40000152587890625 116.1687469482421875 114.24375152587890625 114.0187530517578125 113.30625152587890625 111.0625 108.71875 104.65000152587890625 99.80625152587890625 95.78749847412109375 94.8625030517578125 92.25 86.90625 86.46875 87.4812469482421875 86.9875030517578125 86.25624847412109375 85.83750152587890625 84.74375152587890625 84.9499969482421875 87.71875 89.2624969482421875 87.3249969482421875 83.97499847412109375 82.25
97.1999969482421875 98.0812530517578125 100.28125 100.53749847412109375 99.9812469482421875 101.0625 104.5812530517578125 105.6437530517578125 106.5749969482421875 108.2375030517578125 113.7624969482421875 117.59375 118.63124847412109375 118.40625 117.1875 116.24375152587890625 114.38124847412109375 112.21875 108.84375 108.21875 106.5187530517578125 103.8312530517578125 104.6125030517578125 101.8000030517578125 101 97.41249847412109375 95.8562469482421875 92.09999847412109375 90.3937530517578125 89.1999969482421875 88.3625030517578125 86.0625 82.28749847412109375 81.65625 82.63124847412109375 81.97499847412109375 80.8125 79.38124847412109375 80 81.25624847412109375 80.71250152587890625 80.96875 79.40000152587890625 73.93125152587890625
90.63124847412109375 89.66249847412109375 93.0124969482421875 95.4812469482421875 95.0437469482421875 93.2624969482421875 93.59999847412109375 95.7687530517578125 97.2937469482421875 98.9375 107.18125152587890625 112.25 114.50624847412109375 118.63124847412109375 116.9187469482421875 112.34375 107.25624847412109375 102.1062469482421875 98.61875152587890625 94.18125152587890625 95.7937469482421875 92.13124847412109375 91.02500152587890625 89.21250152587890625 91.3125 89.7624969482421875 87.6062469482421875 83.625 81.71250152587890625 80.91249847412109375 81.5500030517578125 81.3249969482421875 77.2937469482421875 76.25 75.46875 75.8562469482421875 73.4187469482421875 75.625 74.0812530517578125 75.1125030517578125 74.68125152587890625 72.93125152587890625 72.34375 69.25
84.625 83.49375152587890625 85.21875 87.4562530517578125 88.11875152587890625 87.31874847412109375 87.38750457763671875 87.36875152587890625 87.4812469482421875 88.6875 93.375 103.46875 109.5437469482421875 112.1437530517578125 110.75624847412109375 106.63124847412109375 100.5500030517578125 93.28749847412109375 88.78749847412109375 83.625 82.5 83.08750152587890625 81.15625 79.71875 81.3312530517578125 80.11875152587890625 78.2624969482421875 75.3625030517578125 75.02500152587890625 74.22499847412109375 73.6875 74.0437469482421875 72.1437530517578125 70.21250152587890625 68.05625152587890625 68.6374969482421875 69.9875030517578125 68.8625030517578125 68.72499847412109375 70.15000152587890625 69.8000030517578125 67.38124847412109375 66.34999847412109375 65.71250152587890625
76.53125 78.46875 77.96250152587890625 80.18125152587890625 82.03749847412109375 81.43125152587890625 81.02500152587890625 82.0812530517578125 81.46875 78.40000152587890625 85.9375 99.0437469482421875 106.0437469482421875 106 104.38124847412109375 99.96875 94.71875 88.66249847412109375 83.40000152587890625 75.96875 73.3874969482421875 74.625 72.69374847412109375 72.16249847412109375 71.44374847412109375 70.80625152587890625 71.31874847412109375 68.9812469482421875 67.0812530517578125 65.61875152587890625 67.4562530517578125 66.6062469482421875 66.00624847412109375 65.1875 63.174999237060546875 63.53749847412109375 64.8625030517578125 65.84375 64.2937469482421875 63.543750762939453125 62.981250762939453125 62.78749847412109375 60.25 63.768749237060546875
69.43125152587890625 71.4812469482421875 72.7062530517578125 75.46875 76.38124847412109375 76.5437469482421875 77.3249969482421875 78.03125 78.6374969482421875 75.1687469482421875 87.72499847412109375 99.28749847412109375 101.9812469482421875 102.61875152587890625 97.91249847412109375 93.125 87.5500030517578125 82.8000030517578125 78.6062469482421875 72.79999542236328125 68.79375457763671875 67.60625457763671875 64.84999847412109375 64.625 63.543750762939453125 64.4250030517578125 64.8874969482421875 62.831249237060546875 61.11875152587890625 59.25624847412109375 59.46250152587890625 61.299999237060546875 61.33750152587890625 59.543750762939453125 58.081249237060546875 58.88124847412109375 59.65625 59.674999237060546875 61.793750762939453125 59.93125152587890625 58.518749237060546875 59.018749237060546875 56 55.5
65.0749969482421875 65.6750030517578125 67.43125152587890625 69.58750152587890625 71.2624969482421875 73.5 74.0812530517578125 76.30625152587890625 79.36875152587890625 88.7375030517578125 103.86249542236328125 103.56874847412109375 98.4375 95.0437469482421875 90.43125152587890625 84.86875152587890625 81.19374847412109375 76.7937469482421875 72.65625 68.7937469482421875 64.15625 61.69374847412109375 59.30625152587890625 58.56874847412109375 58.143749237060546875 59.59375 58.96250152587890625 56.793750762939453125 55.481250762939453125 55.40000152587890625 56.043750762939453125 56.05625152587890625 55.34999847412109375 55.02500152587890625 55.893749237060546875 54.99375152587890625 55.518749237060546875 55.268749237060546875 53.887500762939453125 52.625 53.72499847412109375 54.49375152587890625 53.15000152587890625 52.65625
59.418750762939453125 61.049999237060546875 63.237499237060546875 64.21875 67.7624969482421875 70.9250030517578125 70.66875457763671875 75.5187530517578125 80.2062530517578125 88.1999969482421875 93.30625152587890625 95.52500152587890625 92.27500152587890625 88.78749847412109375 84.96875 81.7624969482421875 76.63124847412109375 71.96875 67.3249969482421875 63.96875 60.049999237060546875 57.6875 53.65000152587890625 53.52500152587890625 52.081249237060546875 52.0625 52.700000762939453125 51.450000762939453125 50.22499847412109375 49.50624847412109375 49.481250762939453125 50.36875152587890625 49.11875152587890625 50.375 49.387500762939453125 49.512500762939453125 49.75624847412109375 50.78125 49.731250762939453125 48.862499237060546875 50.418750762939453125 50.53749847412109375 48.21875 47.012500762939453125
