data/historical-monthly-weather-data/wc2.1_cruts4.09_10m_prec_2018-06.asc
ncols        51
nrows        45
xllcorner    -63.500000000000
yllcorner    -7.500000000000
cellsize     0.166666666667
NODATA_value -9999
[rows 19 to 37 of 45, columns 0 to 42 of 51]
138.806243896484375 146.881256103515625 155.131256103515625 161.6750030517578125 170.587493896484375 180.7687530517578125 185.524993896484375 187.59375 195.818756103515625 200.84375 203.3000030517578125 203.2937469482421875 199.881256103515625 194.931243896484375 190.1374969482421875 175.881256103515625 168 174.1437530517578125 168.462493896484375 173.787506103515625 166.7937469482421875 176.3249969482421875 196.556243896484375 202.875 198.1374969482421875 194.162506103515625 190.4375 197.6437530517578125 189.149993896484375 177.806243896484375 171.9812469482421875 183.618743896484375 182.037506103515625 175.6875 171.881256103515625 177.3312530517578125 177.6999969482421875 167.068756103515625 152.899993896484375 136.787506103515625 116.1999969482421875 97.2937469482421875 92.0625
128.131256103515625 142.662506103515625 154.1875 161.1062469482421875 164.0437469482421875 171.0625 180.162506103515625 185.931243896484375 192.6374969482421875 196.4187469482421875 201.568756103515625 201.4187469482421875 198.118743896484375 190.306243896484375 182.1062469482421875 177.475006103515625 168.587493896484375 167.568756103515625 175.2312469482421875 175.881256103515625 188.4875030517578125 199.024993896484375 212.8249969482421875 223.649993896484375 221.399993896484375 209.8562469482421875 189.8249969482421875 185.4499969482421875 181.90625 179.8562469482421875 177.2687530517578125 181.587493896484375 169.0500030517578125 162.3874969482421875 157.8125 162.962493896484375 165.618743896484375 159.78125 143.287506103515625 127.16249847412109375 111.5124969482421875 95.96250152587890625 89.13124847412109375
125.63124847412109375 132.899993896484375 146.125 156.725006103515625 161.7312469482421875 166.662506103515625 174.649993896484375 180.53125 186.7624969482421875 195.006256103515625 200.068756103515625 197.28125 193.6750030517578125 192.7062530517578125 190.587493896484375 180.28125 187.40625 182.71875 190.6687469482421875 192.962493896484375 193.9499969482421875 210.899993896484375 223.90625 221.618743896484375 213.84375 204.3249969482421875 199.462493896484375 187.0812530517578125 188.181243896484375 185.975006103515625 176.618743896484375 166.3000030517578125 158.9187469482421875 157.962493896484375 151.681243896484375 150.868743896484375 151.9250030517578125 150.46875 138.587493896484375 124.74375152587890625 109.59999847412109375 97.1687469482421875 89.9812469482421875
123.46250152587890625 138.256256103515625 150.3937530517578125 159.40625 164.181243896484375 167.524993896484375 166.662506103515625 171.037506103515625 183.693756103515625 191.256256103515625 195.756256103515625 199.631256103515625 205.462493896484375 208.2312469482421875 205.2125091552734375 199.600006103515625 193.1437530517578125 190.65625 196.087493896484375 203.443756103515625 214.056243896484375 218.5187530517578125 220.618743896484375 219.5187530517578125 221.0500030517578125 211.03125 197.40625 189.0749969482421875 185.4812469482421875 173.8562469482421875 164.09375 158.100006103515625 149.7375030517578125 143.9875030517578125 144.725006103515625 139.8937530517578125 137.1999969482421875 137.15625 131.7624969482421875 122.0187530517578125 108.38124847412109375 97.8937530517578125 90.0625
117.875 133.931243896484375 150.587493896484375 155.975006103515625 158.96875 162.350006103515625 169.78125 173.787506103515625 178.2062530517578125 181.556243896484375 193.9875030517578125 206.524993896484375 209.318756103515625 216.0187530517578125 207.931243896484375 203.3625030517578125 199.6999969482421875 204.037506103515625 207.375 211.287506103515625 219.0062408447265625 228.65625 227.818756103515625 233.9375 225.568756103515625 211.131256103515625 205.131256103515625 185.0437469482421875 173.412506103515625 164.881256103515625 154.818756103515625 147.943756103515625 142.7375030517578125 135.3312530517578125 134.806243896484375 129.225006103515625 129.131256103515625 129.3874969482421875 123.1125030517578125 114.13124847412109375 103.97499847412109375 95.8562469482421875 89.09375
110.81874847412109375 128.5500030517578125 143.006256103515625 154.506256103515625 160.09375 163.693756103515625 168.725006103515625 175.600006103515625 179.0500030517578125 188.337493896484375 195.0749969482421875 202.318756103515625 211.943756103515625 211.1374969482421875 204.3000030517578125 201.256256103515625 201.8125 202.087493896484375 208.0625 217.03125 223.8874969482421875 228.087493896484375 238.2062530517578125 239.5749969482421875 223.287506103515625 208.8125 194.9499969482421875 179.9375 166.1437530517578125 157.5812530517578125 143.193756103515625 132.743743896484375 128.212493896484375 126.5625 124.7687530517578125 122.59375 121.59999847412109375 119.0812530517578125 116.09999847412109375 109.15000152587890625 100.6750030517578125 94.5 89.46250152587890625
108.5124969482421875 128.2375030517578125 135.96875 147.2937469482421875 152.4375 157.9875030517578125 162.024993896484375 169.53125 169.243743896484375 173.2624969482421875 186.46875 194.149993896484375 202.943756103515625 205.5124969482421875 204.0124969482421875 197.556243896484375 198.837493896484375 204.6999969482421875 211.368743896484375 213.6750030517578125 221.7687530517578125 228.46875 235.662506103515625 232.9124908447265625 222.7312469482421875 204.5749969482421875 189.787506103515625 174.5625 156.84375 146 132.1687469482421875 121.78125 117.9812469482421875 115.86875152587890625 114.3625030517578125 115.72499847412109375 115.4562530517578125 111.5625 106.7937469482421875 103.53749847412109375 96.3874969482421875 86.09375 81.28125
103.55625152587890625 114.52500152587890625 126.3249969482421875 135.462493896484375 140.7624969482421875 147.1374969482421875 152 152.1687469482421875 155.493743896484375 168.149993896484375 181.443756103515625 188.306243896484375 192.681243896484375 197.743743896484375 199.0812530517578125 199.2937469482421875 197.1999969482421875 196.21875 204.46875 207.243743896484375 210.631256103515625 217.975006103515625 227.125 232.381256103515625 213.8249969482421875 196.8249969482421875 182.493743896484375 164.712493896484375 147.90625 135.618743896484375 125.11875152587890625 112.0437469482421875 107.75624847412109375 106.6875 106.28749847412109375 106.30625152587890625 108.09375 104.93125152587890625 99.1687469482421875 97.47499847412109375 93.1687469482421875 85.3625030517578125 78.1125030517578125
99.2687530517578125 105.05625152587890625 114.53749847412109375 120.18125152587890625 125.4499969482421875 133.725006103515625 139.96875 142.21875 148.162506103515625 160.4875030517578125 169.993743896484375 177.756256103515625 181.287506103515625 184.506256103515625 185.568756103515625 186.350006103515625 185.6875 189.649993896484375 190.556243896484375 197.3125 203.1125030517578125 205.3249969482421875 216.6687469482421875 213.9499969482421875 200.9812469482421875 184.149993896484375 170.15625 153.256256103515625 141.3625030517578125 131.524993896484375 119.5749969482421875 109.06874847412109375 103.4812469482421875 98.6125030517578125 100.78125 100.5437469482421875 102.2375030517578125 98.9250030517578125 95.59999847412109375 93.11875152587890625 89.58750152587890625 85.09375 74.84999847412109375
92.63124847412109375 99.80625152587890625 102.9875030517578125 106.40000152587890625 112.81874847412109375 116.28749847412109375 123.58750152587890625 131.4875030517578125 140.787506103515625 149.193756103515625 159.09375 165.2687530517578125 171.368743896484375 175.5500030517578125 176.78125 178.1999969482421875 180.506256103515625 180.899993896484375 185.7687530517578125 191.8625030517578125 192.287506103515625 193.037506103515625 196.6750030517578125 192.6750030517578125 182.9000091552734375 167.6875 158.8125 147.4499969482421875 134.5 122.03749847412109375 110.09375 102.08750152587890625 96.55625152587890625 95.2624969482421875 94.3312530517578125 93.8000030517578125 96.81874847412109375 92.1687469482421875 89.77500152587890625 86.5187530517578125 82.22499847412109375 77.0124969482421875 71.75624847412109375
86.41249847412109375 89.7312469482421875 92.53125 94.3125 98.3562469482421875 104.65625 110.8874969482421875 121.31874847412109375 128.8000030517578125 138 147.024993896484375 154.7062530517578125 161.587493896484375 166.7937469482421875 166.5 165.774993896484375 166.5500030517578125 171.2312469482421875 169.4250030517578125 168.7687530517578125 174.1750030517578125 175.9187469482421875 178.568756103515625 174.881256103515625 163.8937530517578125 156.712493896484375 146.75 135.162506103515625 124.2624969482421875 112.44374847412109375 102.5437469482421875 94.75624847412109375 91.71250152587890625 90.78749847412109375 91.25 88.7624969482421875 92.74375152587890625 88.625 82.3562469482421875 83.03749847412109375 78.6999969482421875 73.8125 71.3125
81.75624847412109375 82.34375 83.2687530517578125 85.27500152587890625 88.50624847412109375 93.8625030517578125 101.44374847412109375 109.63124847412109375 116.56874847412109375 126.43125152587890625 135.8625030517578125 141.431243896484375 150.5437469482421875 149.5124969482421875 151.600006103515625 156.806243896484375 159.2375030517578125 158.350006103515625 157.4250030517578125 158.46875 159.6125030517578125 158.03125 160.0812530517578125 157.90625 149.8312530517578125 144.0500030517578125 134.0437469482421875 124.53749847412109375 114.09999847412109375 104.50624847412109375 99.0124969482421875 92.28125 88.0437469482421875 85.02500152587890625 84.79375457763671875 83.02500152587890625 85.31874847412109375 83.65625 78.4875030517578125 73.5812530517578125 72.03749847412109375 68.3249969482421875 66.06874847412109375
76.22499847412109375 75.71875 75.16249847412109375 77.5749969482421875 82.13124847412109375 87.0187530517578125 92.90000152587890625 99.52500152587890625 106.99375152587890625 113.83750152587890625 119.7687530517578125 126.5749969482421875 130.9562530517578125 136.7687530517578125 141.6062469482421875 144.7312469482421875 142.962493896484375 142.037506103515625 142.4375 144.006256103515625 144.1437530517578125 144.350006103515625 142.181243896484375 138.975006103515625 135.693756103515625 129.431243896484375 122.3937530517578125 114.27500152587890625 104.8249969482421875 101.11875152587890625 94.52500152587890625 87.97499847412109375 84.69374847412109375 81.16249847412109375 79.75 77.1374969482421875 77.2312469482421875 74.03749847412109375 71.9375 68.96875 68.24375152587890625 65.65000152587890625 63
68.56874847412109375 68.25 69.3937530517578125 71.84999847412109375 73.81874847412109375 78.4812469482421875 83.93125152587890625 90.31874847412109375 95.5437469482421875 101.8125 111.0625 116.13124847412109375 121.6687469482421875 129.943756103515625 134.693756103515625 133.162506103515625 130.743743896484375 132.712493896484375 132.7437591552734375 132.9375 129.725006103515625 127.8937530517578125 127.69374847412109375 125.47499847412109375 121.33750152587890625 116.98749542236328125 110.40625 103.0124969482421875 96.63124847412109375 93.78125 89.375 82.38124847412109375 79.75 78.40625 75.6999969482421875 72.99375152587890625 70.6125030517578125 67.71250152587890625 66.15000152587890625 66.5749969482421875 66.0625 63.46250152587890625 59.99375152587890625
60.893749237060546875 61.66249847412109375 64.51874542236328125 66.3249969482421875 67.74375152587890625 71.27500152587890625 76.80625152587890625 80.6750030517578125 84.8625030517578125 89.7687530517578125 98.2687530517578125 106.72499847412109375 113.1062469482421875 118.09999847412109375 120.4812469482421875 122.8249969482421875 123.83750152587890625 122.4875030517578125 119.4187469482421875 119.3312530517578125 117.8000030517578125 115.1125030517578125 116.0625 111.7312469482421875 109.44374847412109375 104.08750152587890625 100.46875 94.50624847412109375 90.6875 87.6999969482421875 85.0749969482421875 81.03125 75.3000030517578125 72.53125 71.2062530517578125 68.74375152587890625 65.90625 63.02500152587890625 62.22499847412109375 61.99375152587890625 60.40625 59.74375152587890625 57.78749847412109375
54.987499237060546875 54.74375152587890625 58.206249237060546875 61.356250762939453125 62.8125 64.1687469482421875 67.0437469482421875 71.3312530517578125 75.49375152587890625 79.8625030517578125 90.07500457763671875 99.2687530517578125 106.53749847412109375 115.7062530517578125 117.96250152587890625 116.99375152587890625 114.84375 110.27500152587890625 107.09999847412109375 102.7937469482421875 104.84375 101.09375 99.94374847412109375 96.99375152587890625 98.11875152587890625 95.1999969482421875 91.1999969482421875 85.31874847412109375 81.58750152587890625 79.1062469482421875 78.02500152587890625 76.06874847412109375 70.21875 67.15000152587890625 64.43125152587890625 63.081249237060546875 59.47499847412109375 59.706249237060546875 57.61875152587890625 57.63124847412109375 56.56874847412109375 54.63124847412109375 53.612499237060546875
49.08750152587890625 48.86875152587890625 51.1875 54.00624847412109375 56.03125 57.956249237060546875 60.53125 63.143749237060546875 66.28125 70.34999847412109375 77.44374847412109375 90.0812530517578125 100.0124969482421875 107.03749847412109375 109.7062530517578125 109.38124847412109375 106.36875152587890625 99.58750152587890625 95.2687530517578125 90.16249847412109375 89.16249847412109375 90.03749847412109375 88 85.71250152587890625 86.5749969482421875 84.31874847412109375 81.00624847412109375 76.5437469482421875 74.6999969482421875 72.3562469482421875 70.25624847412109375 68.97499847412109375 65.3249969482421875 61.674999237060546875 58.012500762939453125 57.106250762939453125 56.84999847412109375 54.71250152587890625 53.856250762939453125 54.34375 53.4375 51.11875152587890625 49.90625
42.15625 43.71875 44.66249847412109375 47.27500152587890625 49.88124847412109375 51.862499237060546875 54.075000762939453125 57.38124847412109375 60.1875 61.09999847412109375 70.4812469482421875 84.9562530517578125 94.94374847412109375 98.90000152587890625 101.3625030517578125 100.9562530517578125 98.93125152587890625 93.4562530517578125 88.33750152587890625 80.8125 78.27500152587890625 79.74375152587890625 77.7624969482421875 76.65625 75.28125 73.9250030517578125 73.3625030517578125 69.78749847412109375 66.6687469482421875 63.80625152587890625 64.09375 61.831249237060546875 59.56874847412109375 57.15000152587890625 53.80625152587890625 52.97499847412109375 52.96250152587890625 52.71250152587890625 50.875 49.731250762939453125 48.78125 48.28749847412109375 45.96250152587890625
36.05625152587890625 37.66249847412109375 39.424999237060546875 42.206249237060546875 44.15625 46.53749847412109375 49.487499237060546875 52.543750762939453125 56.387500762939453125 57.34375 70.8125 83.65625 89.4499969482421875 93.59375 93.1750030517578125 92.4875030517578125 90.19374847412109375 86.1125030517578125 82.13124847412109375 76.40000152587890625 72.33750152587890625 71.21875 68.3625030517578125 67.8000030517578125 66.2687530517578125 66.71250152587890625 66.30625152587890625 63.28749847412109375 60.58750152587890625 57.47499847412109375 56.375 56.762500762939453125 55.331249237060546875 52.21250152587890625 49.575000762939453125 49.28749847412109375 49.05625152587890625 48.237499237060546875 49.418750762939453125 47.44374847412109375 45.875 46 43.387500762939453125
