data/historical-monthly-weather-data/wc2.1_cruts4.09_10m_prec_1998-05.asc
ncols        51
nrows        45
xllcorner    -63.500000000000
yllcorner    -7.500000000000
cellsize     0.166666666667
NODATA_value -9999
[rows 20 to 39 of 45, columns 0 to 43 of 51]
217.162506103515625 227.2687530517578125 235.0749969482421875 239.149993896484375 243.21875 255.2375030517578125 264.193756103515625 269.537506103515625 272.024993896484375 270.66876220703125 270.20001220703125 269.024993896484375 262.899993896484375 256.125 245.993743896484375 238.3937530517578125 227.1875 225.3312530517578125 230.4499969482421875 232.4375 248.3125 263.443756103515625 276.91876220703125 284.875 289.85626220703125 287.506256103515625 277.943756103515625 275.087493896484375 272.881256103515625 269.881256103515625 270.28125 274.98748779296875 274.375 277.368743896484375 286.42498779296875 300.162506103515625 311.76251220703125 319.16876220703125 319.912506103515625 316.068756103515625 312.087493896484375 304.51251220703125 302.024993896484375 307.04376220703125
211.6374969482421875 214.725006103515625 226.368743896484375 237.1062469482421875 242.399993896484375 251.443756103515625 262.9375 271.95623779296875 275.399993896484375 274.90625 273.08123779296875 268.96875 262.28125 254.6875 249.568756103515625 239.7375030517578125 240.7312469482421875 236.5500030517578125 239.9375 239.7624969482421875 244.84375 257.20001220703125 269.524993896484375 273.006256103515625 272.618743896484375 275.63751220703125 278.056243896484375 275.07501220703125 279.774993896484375 278.9375 274.274993896484375 270.837493896484375 275.13751220703125 281.73748779296875 285.20001220703125 293.17498779296875 304.587493896484375 311.67498779296875 312.04998779296875 309.287506103515625 307.54376220703125 301.63751220703125 298.82501220703125 301.01251220703125
206.53125 216.462493896484375 226.90625 237.6750030517578125 243.3000030517578125 251.3562469482421875 254.8062591552734375 265.38751220703125 275.631256103515625 276.48748779296875 272.587493896484375 267.6875 265.48126220703125 258.837493896484375 253.7312469482421875 246.868743896484375 243.28125 241.3937530517578125 241.375 241.6437530517578125 248.28125 252.306243896484375 260.67498779296875 263.07501220703125 268.274993896484375 270.056243896484375 268.78125 273.225006103515625 278.73748779296875 276.59375 270.337493896484375 270.774993896484375 278.5 283.4375 288.73126220703125 287.662506103515625 293.243743896484375 302.774993896484375 309.03125 306.462493896484375 302.51873779296875 298.23748779296875 294.92498779296875 295.912506103515625
199.1374969482421875 211.568756103515625 225.056243896484375 233.743743896484375 238.868743896484375 244.3874969482421875 256.66876220703125 264.806243896484375 268.76251220703125 268.75 268.17498779296875 269.693756103515625 266.493743896484375 263.118743896484375 255.975006103515625 249.306243896484375 245.2937469482421875 245.2687530517578125 246.0749969482421875 247.318756103515625 248.5 252.4875030517578125 256.287506103515625 262.86248779296875 264.568756103515625 262.01873779296875 264.149993896484375 269.393768310546875 276.98748779296875 280.8125 281.962493896484375 283.90625 291.71875 294.70623779296875 297.125 291.068756103515625 299.36248779296875 304.53125 306.649993896484375 305.08123779296875 299.92498779296875 297.868743896484375 295.818756103515625 293.375
196.431243896484375 209.8312530517578125 221.4250030517578125 233.4812469482421875 240.7375030517578125 247.5 252.399993896484375 260.58123779296875 263.34375 265.618743896484375 264.76873779296875 264.162506103515625 265.375 262.01873779296875 254.7375030517578125 250.5437469482421875 249.787506103515625 248.725006103515625 247.443756103515625 248.3562469482421875 251.9749908447265625 252.6875 257.462493896484375 261.5625 262.66876220703125 267.85626220703125 269.899993896484375 276.04998779296875 282.63751220703125 291.29998779296875 293.98748779296875 302.83123779296875 308.98126220703125 310.412506103515625 305.256256103515625 301.462493896484375 305.443756103515625 303.350006103515625 303.587493896484375 302.17498779296875 298.962493896484375 294.787506103515625 292.662506103515625 287.193756103515625
198.712493896484375 213.506256103515625 219.412506103515625 229.962493896484375 234.068756103515625 239.618743896484375 243.875 250.868743896484375 250.9250030517578125 250.4499969482421875 256.993743896484375 259.90625 258.39373779296875 256.931243896484375 256.068756103515625 252.287506103515625 251.787506103515625 250.7624969482421875 249.1750030517578125 248.493743896484375 251.7312469482421875 252.2062530517578125 256.38751220703125 257.41876220703125 262.556243896484375 267.23748779296875 276.25 282.66876220703125 288.649993896484375 298.256256103515625 307.79376220703125 325.13751220703125 332.318756103515625 324.46875 315.4375 312.100006103515625 308.618743896484375 306.493743896484375 299.318756103515625 296.60626220703125 294.731231689453125 288.225006103515625 282.712493896484375 280.86248779296875
198.125 205.1875 213.75 221.3937530517578125 225.149993896484375 230.587493896484375 234.1999969482421875 236.868743896484375 239.03125 246.3125 251.006256103515625 251.3625030517578125 253.25 254.118743896484375 253.5124969482421875 252.71875 250.3000030517578125 247.625 251.0812530517578125 249.5187530517578125 249.649993896484375 251.1437530517578125 254.681243896484375 260.15625 265.04998779296875 270.5 278.899993896484375 285.337493896484375 292.837493896484375 299.78125 314.15625 331.71875 345.256256103515625 332.26873779296875 319.100006103515625 312.89373779296875 312.649993896484375 306.3125 298.98748779296875 295.818756103515625 292.100006103515625 285.79376220703125 280.51873779296875 275.25
198.6374969482421875 201.2937469482421875 207.25 210.8874969482421875 215.306243896484375 221.5124969482421875 225.931243896484375 226.774993896484375 231.149993896484375 238.0500030517578125 241.774993896484375 242.7937469482421875 245.756256103515625 247.118743896484375 249.0124969482421875 246.350006103515625 247.524993896484375 250.0749969482421875 253.412506103515625 253.162506103515625 252.7687530517578125 251.78125 257.399993896484375 261.274993896484375 266.90625 270.53125 279.23748779296875 285.493743896484375 293.774993896484375 301.57501220703125 313.11248779296875 326.5 334.85626220703125 327.17498779296875 320.76873779296875 314.66876220703125 310.07501220703125 307.712493896484375 302.90625 295.625 289.26251220703125 285.75 280.787506103515625 277.08123779296875
195.75 196.9875030517578125 199.318756103515625 202.225006103515625 205.40625 207.1750030517578125 209.8562469482421875 215.600006103515625 223.90625 227.8562469482421875 232.337493896484375 235.931243896484375 238.725006103515625 243.537506103515625 247.837493896484375 250.0374908447265625 251.2062530517578125 251.9375 253.6437530517578125 254.3000030517578125 254.1374969482421875 252.462493896484375 255.524993896484375 258.975006103515625 263.931243896484375 265.21875 273.993743896484375 282.84375 290.649993896484375 296.287506103515625 305.65625 312.6875 317.625 315.625 316.26251220703125 311.962493896484375 309.287506103515625 304.53125 299.881256103515625 292.625 281.943756103515625 275.70623779296875 276.70623779296875 279.662506103515625
193.84375 192.662506103515625 191.59375 190.1812591552734375 191.162506103515625 195.743743896484375 199.09375 206.818756103515625 213.21875 216.118743896484375 222.1062469482421875 227.274993896484375 232.1125030517578125 238.75 243.75 247.181243896484375 249.0812530517578125 254.006256103515625 254.375 252.2937469482421875 252.1437530517578125 252.53125 254.1687469482421875 255.537506103515625 256.462493896484375 262.70623779296875 266.993743896484375 270.70623779296875 277.57501220703125 283.79376220703125 292.21875 296.54998779296875 301.59375 304.818756103515625 307.868743896484375 303.29376220703125 307.39373779296875 304.806243896484375 298.73748779296875 298.10626220703125 292.6875 284.82501220703125 279.475006103515625 276.67498779296875
191.6687469482421875 187.7687530517578125 183.8625030517578125 182.8312530517578125 183.5500030517578125 187.0437469482421875 192.524993896484375 197.1999969482421875 203.3812408447265625 208.46875 214.3562469482421875 218.84375 227.506256103515625 231.6750030517578125 237.48748779296875 243.84375 248.3562469482421875 251 253.1687469482421875 253.899993896484375 250.1999969482421875 248.4250030517578125 249.59375 247.8937530517578125 248.337493896484375 255.899993896484375 258.08123779296875 259.412506103515625 265.375 269.993743896484375 278.618743896484375 280.61248779296875 285.85626220703125 291.5 295.225006103515625 291.756256103515625 296.42498779296875 300.03125 300.037506103515625 297.824981689453125 298.506256103515625 289.85626220703125 283.10626220703125 275.57501220703125
185.462493896484375 179.975006103515625 176.337493896484375 175.5625 177 178.787506103515625 185.912506103515625 187.743743896484375 193.21875 197.850006103515625 203.625 207.9250030517578125 216.306243896484375 224.631256103515625 230.5749969482421875 238.59375 240.5625 242.8000030517578125 245.2937469482421875 247.006256103515625 242.4812469482421875 241.0625 240.8562469482421875 240.4812469482421875 244.4375 247.1687469482421875 248.850006103515625 248.118743896484375 249.587493896484375 255.4812469482421875 258.89373779296875 263.0625 267.76873779296875 274.162506103515625 280.89373779296875 280.600006103515625 284.649993896484375 290.681243896484375 291.0625 296.618743896484375 297.90625 291.98748779296875 286.662506103515625 284.131256103515625
179.6125030517578125 175.40625 171.5749969482421875 171.5437469482421875 170.537506103515625 171.6437530517578125 176.318756103515625 178.7375030517578125 183.681243896484375 189.693756103515625 198.725006103515625 203.600006103515625 211.3000030517578125 220.8000030517578125 225.65625 229.8562469482421875 232.28125 237.1999969482421875 236.6999969482421875 237.7937469482421875 232.8312530517578125 232.53125 230.568756103515625 231.993743896484375 234.306243896484375 237.03125 236.15625 235.743743896484375 234.462493896484375 238.225006103515625 242.649993896484375 245.5749969482421875 248.756256103515625 259.09375 265.11248779296875 270.475006103515625 271.88751220703125 278.493743896484375 279.92498779296875 289.0625 290.63751220703125 289.75 287.10626220703125 288.17498779296875
174.4250030517578125 169.7937469482421875 168.381256103515625 167.506256103515625 167.4812469482421875 166.84375 168.649993896484375 169.5374908447265625 173.375 179.006256103515625 186.9562530517578125 196.03125 202.9187469482421875 210.15625 216.787506103515625 223.162506103515625 226.7937469482421875 229.7937469482421875 227.181243896484375 225.7687530517578125 224.2687530517578125 224.1437530517578125 222.2062530517578125 220.8625030517578125 222.7687530517578125 223.162506103515625 221.09375 219.40625 219.96875 222.9812469482421875 226.75 229.3625030517578125 234.1062469482421875 240.774993896484375 248.774993896484375 253.600006103515625 258.84375 261.506256103515625 267.79998779296875 274.556243896484375 276.943756103515625 281.256256103515625 285.237518310546875 288.375
168.0625 164.256256103515625 163.6999969482421875 164.006256103515625 163.9812469482421875 162.631256103515625 160.537506103515625 161.068756103515625 161.71875 167.4812469482421875 176.537506103515625 186.2687530517578125 197.118743896484375 206.975006103515625 212.4875030517578125 217.193756103515625 219.59375 221.8312530517578125 219.181243896484375 214.90625 213.4187469482421875 211.3312530517578125 211.0437469482421875 209.006256103515625 209.1374969482421875 208.9375 209.1999969482421875 208.25 207.774993896484375 211.1750030517578125 212.9812469482421875 215.0500030517578125 217.443756103515625 224.6750030517578125 226.1875 232.9250030517578125 236.1875 247.0124969482421875 253.125 257.98748779296875 261.712493896484375 264.006256103515625 269.225006103515625 276.368743896484375
164.9875030517578125 162.868743896484375 160.90625 160.287506103515625 159.1875 157.3125 154.131256103515625 154.287506103515625 154.712493896484375 157.03125 164.1374969482421875 177.8312530517578125 191.7312469482421875 200.53125 207.037506103515625 210.306243896484375 211.912506103515625 210.6437530517578125 209.875 205.1374969482421875 203.649993896484375 201.568756103515625 200.1812591552734375 198.6374969482421875 197.212493896484375 195.7062530517578125 198.024993896484375 197.6687469482421875 194.8625030517578125 197.28125 199.7312469482421875 201.375 203.0187530517578125 204.96875 207.7687530517578125 212.462493896484375 223.068756103515625 227.662506103515625 233.8312530517578125 242.7624969482421875 245.681243896484375 251.8125 254.9562530517578125 261.54376220703125
163 162.1875 159.9250030517578125 158.837493896484375 158.25 154.693756103515625 151.649993896484375 148.8562469482421875 147.7062530517578125 145.1875 157.431243896484375 178.5124969482421875 190.649993896484375 197.40625 201.806243896484375 204.006256103515625 203.1999969482421875 200.71875 199.287506103515625 193.318756103515625 192.5625 190.868743896484375 187.8874969482421875 185.96875 184.6125030517578125 184.881256103515625 185.3249969482421875 184.368743896484375 182.131256103515625 185.0749969482421875 188.3562469482421875 190.899993896484375 191.3000030517578125 190.037506103515625 192.975006103515625 199.975006103515625 207.524993896484375 214.375 218.6125030517578125 223.943756103515625 227.0500030517578125 230.1437530517578125 239.131256103515625 246.8125
161.537506103515625 160.568756103515625 160.0124969482421875 158.274993896484375 158.4250030517578125 155.462493896484375 152.2624969482421875 148.21875 146.618743896484375 143.6437530517578125 165.0812530517578125 186.100006103515625 193.2687530517578125 197.9499969482421875 199.375 199.4562530517578125 196.9875030517578125 194.649993896484375 190.3312530517578125 185.9562530517578125 181.9812469482421875 180.006256103515625 177.243743896484375 174.931243896484375 173.1062469482421875 172.4499969482421875 170.943756103515625 173.774993896484375 173.212493896484375 174.3625030517578125 175.96875 178.4812469482421875 179.943756103515625 177.306243896484375 176.649993896484375 183.462493896484375 192.6437530517578125 198.4187469482421875 205.931243896484375 208.5812530517578125 212.256256103515625 216.1999969482421875 218.0812530517578125 221.53125
157.9499969482421875 157.1125030517578125 156.625 156.28125 154.399993896484375 152.8625030517578125 152.524993896484375 153.1062469482421875 157.40625 169.287506103515625 194.3249969482421875 199.5812530517578125 197.475006103515625 198.7687530517578125 198.2624969482421875 196.7375030517578125 194.149993896484375 190.2937469482421875 185.78125 179.524993896484375 173.193756103515625 168.431243896484375 166.5437469482421875 165.7687530517578125 162.7624969482421875 161.6125030517578125 162.8249969482421875 165.368743896484375 163.618743896484375 166.3000030517578125 165.7375030517578125 163.818756103515625 166.21875 167.53125 171.056243896484375 175.787506103515625 181.0187530517578125 188.8874969482421875 190.9375 190.9562530517578125 196.787506103515625 199.4812469482421875 199.25 204.056243896484375
156.681243896484375 155.2687530517578125 155.931243896484375 155.6062469482421875 155.1875 154.506256103515625 154.006256103515625 159.837493896484375 167.618743896484375 179.475006103515625 191.6750030517578125 198.681243896484375 197.0625 196.09375 196.837493896484375 192.9375 188.5187530517578125 183.5187530517578125 177.4187469482421875 172.0749969482421875 164.037506103515625 159.225006103515625 154.431243896484375 153.4499969482421875 152.4812469482421875 152.5437469482421875 153.100006103515625 154.8125 154.0749969482421875 156.006256103515625 157.3249969482421875 159.0500030517578125 160.506256103515625 163.037506103515625 166.1875 169.087493896484375 172.537506103515625 178.850006103515625 180.006256103515625 176.712493896484375 179.725006103515625 181.899993896484375 179.975006103515625 180.6875
