data/historical-monthly-weather-data/wc2.1_cruts4.09_10m_prec_2001-11.asc
ncols        45
nrows        45
xllcorner    -63.500000000000
yllcorner    -7.500000000000
cellsize     0.166666666667
NODATA_value -9999
[rows 19 to 37 of 45, columns 0 to 43 of 45]
154.46875 160.2687530517578125 167.868743896484375 176.4562530517578125 184.9812469482421875 193.5437469482421875 201.131256103515625 207.243743896484375 211.0437469482421875 213.375 213.5124969482421875 211.15625 206.84375 201.875 199.337493896484375 197.649993896484375 196.0124969482421875 200.0124969482421875 205.943756103515625 213.2624969482421875 211.6125030517578125 203.868743896484375 195.006256103515625 186 177.068756103515625 166.537506103515625 154.6999969482421875 141.6687469482421875 124.6687469482421875 108.6875 97.90625 95.6062469482421875 93.91249847412109375 92.3000030517578125 89.53749847412109375 85.21875 80.8249969482421875 76.1875 69.8937530517578125 63.081249237060546875 56.50624847412109375 52.80625152587890625 48.59375 45.125
153.9250030517578125 161.006256103515625 170.28125 179.9375 188.9499969482421875 198.556243896484375 208.0625 216.100006103515625 221.4499969482421875 224.3312530517578125 225.53125 224.3937530517578125 221.1875 215.2624969482421875 211.8625030517578125 207.912506103515625 204.8312530517578125 205.2624969482421875 210.6999969482421875 214.2375030517578125 212.4562530517578125 206.84375 198.4375 189.631256103515625 180.725006103515625 170.087493896484375 157.6062469482421875 142.5187530517578125 127.5187530517578125 117.09375 108.88124847412109375 104.96250152587890625 101.55625152587890625 98.78749847412109375 95.74375152587890625 91.71875 86.25 80.6437530517578125 73.53125 66.28125 59.0625 54.706249237060546875 50.46250152587890625 46.50624847412109375
154.3249969482421875 160.7375030517578125 171.274993896484375 182.287506103515625 193.068756103515625 203.5124969482421875 214.618743896484375 224.1374969482421875 231.8625030517578125 236.6500091552734375 239.162506103515625 240.1875 238.2687530517578125 232.2624969482421875 227.03125 221.5437469482421875 218.34375 216.2624969482421875 217.381256103515625 219.1125030517578125 213.0625 206.3562469482421875 199.5749969482421875 190.443756103515625 180.6125030517578125 170.256256103515625 160.024993896484375 146.774993896484375 134.53125 125.84375 117.66249847412109375 113.00624847412109375 108.80625152587890625 106.34375 103.67499542236328125 98.8874969482421875 92.83750152587890625 86.21250152587890625 77.7375030517578125 69.7375030517578125 61.831249237060546875 56.856250762939453125 52.25624847412109375 48.19374847412109375
154.975006103515625 162.6437530517578125 173.65625 185.6125030517578125 197.649993896484375 208.4562530517578125 219.3874969482421875 231.40625 241.2937469482421875 247.3312530517578125 252.431243896484375 255.3249969482421875 258.61248779296875 253.625 243.756256103515625 235.0749969482421875 229.6062469482421875 226.0437469482421875 224.09375 222.7312469482421875 215.6437530517578125 207.6999969482421875 199.8000030517578125 190.350006103515625 181.631256103515625 172.243743896484375 162.118743896484375 151.40625 140.1125030517578125 132.1999969482421875 125.68125152587890625 120.93125152587890625 117.2937469482421875 114.59999847412109375 111.2624969482421875 106.15625 99.55625152587890625 91.3249969482421875 81.83124542236328125 72.96875 64.74375152587890625 59.125 54.081249237060546875 49.66249847412109375
156.4562530517578125 164.149993896484375 175.806243896484375 187.6125030517578125 200.4499969482421875 211.9812469482421875 223.181243896484375 235.462493896484375 244.6062469482421875 251.725006103515625 258.04998779296875 265.899993896484375 272.756256103515625 266.556243896484375 254.212493896484375 244.337493896484375 237.600006103515625 233.0749969482421875 229.243743896484375 225.25 217.681243896484375 209.4499969482421875 200.618743896484375 191.306243896484375 182.75 173.5 166.287506103515625 155.024993896484375 145.4812469482421875 138.524993896484375 133.625 129.4250030517578125 125.3312530517578125 121.78749847412109375 118.22499847412109375 113.09375 105.66249847412109375 95.65000152587890625 85.49375152587890625 75.83124542236328125 66.96250152587890625 61.15625 56.00624847412109375 51.481250762939453125
160.412506103515625 167.03125 178.850006103515625 191.287506103515625 205.181243896484375 215.399993896484375 225.350006103515625 236.274993896484375 245.5812530517578125 252.962493896484375 260.256256103515625 265.431243896484375 269.91876220703125 266.375 257.631256103515625 249.09375 242.5 236.7624969482421875 232.4187469482421875 227.631256103515625 219.1999969482421875 209.6374969482421875 201.7312469482421875 192.024993896484375 182.868743896484375 175.774993896484375 168.462493896484375 159.4375 150.2312469482421875 145.212493896484375 140.5 136.625 132.1374969482421875 127.97499847412109375 123.2687530517578125 116.49375152587890625 108.44374847412109375 98.0812530517578125 87.8625030517578125 78.1875 68.90625 63.02500152587890625 58.16249847412109375 53.99375152587890625
167.225006103515625 173.662506103515625 182.9187469482421875 195.818756103515625 208.131256103515625 216.8937530517578125 225.212493896484375 234.6687469482421875 243.068756103515625 250.4499969482421875 256.95001220703125 261.431243896484375 263.181243896484375 260.96875 256.0625 250.40625 245.4875030517578125 240.0437469482421875 235.431243896484375 230.6062469482421875 221.618743896484375 211.931243896484375 202.725006103515625 191.625 183.7312469482421875 177.8562469482421875 171.9187469482421875 164.243743896484375 156.181243896484375 151.7624969482421875 147.2062530517578125 143.1999969482421875 138.2687530517578125 132.556243896484375 126.91249847412109375 118.90000152587890625 109.7624969482421875 99.75624847412109375 90.11875152587890625 80.2687530517578125 71.05625152587890625 65.17499542236328125 59.83750152587890625 56.0625
176.131256103515625 180.1999969482421875 187.681243896484375 197.125 206.181243896484375 213.3312530517578125 222.1374969482421875 230.15625 236.2937469482421875 243.337493896484375 250.7062530517578125 254.625 255.850006103515625 254.7624969482421875 251.975006103515625 247.3125 243.8937530517578125 239.9812469482421875 236.3312530517578125 231.306243896484375 222.9187469482421875 213.8874969482421875 204.681243896484375 194.0812530517578125 187.8000030517578125 182.087493896484375 176.0124969482421875 168.78125 161.818756103515625 156.693756103515625 152.725006103515625 148.493743896484375 143.068756103515625 136.53125 129.09375 120.21875 110.5812530517578125 100.2375030517578125 91.22499847412109375 81.83750152587890625 72.8562469482421875 67.13124847412109375 62.11875152587890625 58.237499237060546875
185.5749969482421875 187.212493896484375 191.8562469482421875 197.4250030517578125 203.6687469482421875 209.1999969482421875 216.6750030517578125 224.4187469482421875 230.7375030517578125 237.2937469482421875 242.8874969482421875 246.5625 247.818756103515625 247.3125 246.537506103515625 243.7624969482421875 241.0437469482421875 239.0812530517578125 236.287506103515625 232.59375 226.100006103515625 218.125 212.03125 202.837493896484375 195.2375030517578125 188.243743896484375 181.1875 174.1062469482421875 166.743743896484375 161.493743896484375 156.649993896484375 152.212493896484375 145.993743896484375 138.131256103515625 130.5749969482421875 121.11875152587890625 110.96875 101.03749847412109375 91.7312469482421875 83.40000152587890625 75.2624969482421875 69.9499969482421875 64.125 60.237499237060546875
194.318756103515625 193.412506103515625 194.006256103515625 196.3937530517578125 199.806243896484375 204.15625 210.4499969482421875 217.4499969482421875 224.59375 230.600006103515625 236.024993896484375 238.8249969482421875 240.6875 240.537506103515625 240.587493896484375 240.5 240.100006103515625 238.2312469482421875 236.475006103515625 234.162506103515625 229.881256103515625 224.193756103515625 220.1062469482421875 212.1374969482421875 203.6875 195.537506103515625 188.2062530517578125 179.806243896484375 172.1125030517578125 165.7375030517578125 160.475006103515625 155.1062469482421875 147.431243896484375 139.1125030517578125 131.40625 121.52500152587890625 111.3000030517578125 101.0124969482421875 91.9499969482421875 83.46250152587890625 76.22499847412109375 71.0625 66.31874847412109375 64.05625152587890625
197.975006103515625 194.46875 192.693756103515625 191.087493896484375 192.9875030517578125 197.34375 203.2937469482421875 210.131256103515625 216.8625030517578125 222.03125 227.4562530517578125 231.056243896484375 233.774993896484375 235.53125 236.46875 237.212493896484375 236.2062530517578125 236.5187530517578125 235.2375030517578125 233.9562530517578125 231.4812469482421875 229.662506103515625 227.443756103515625 218.943756103515625 210.506256103515625 202.743743896484375 194.5749969482421875 185.212493896484375 176.3874969482421875 170.068756103515625 164.087493896484375 157.993743896484375 149.65625 141.337493896484375 132.9250030517578125 122.15625 111.21875 101.3562469482421875 91.6687469482421875 83.09375 76.08750152587890625 73.8562469482421875 71.2062530517578125 70.34375
199.4875030517578125 193.8874969482421875 190.34375 187.162506103515625 186.587493896484375 191.493743896484375 197.25 203.3000030517578125 208.631256103515625 214.587493896484375 220.3125 224.587493896484375 228.756256103515625 230.287506103515625 232.28125 233.90625 234.993743896484375 235.212493896484375 233.9562530517578125 235.5625 235.681243896484375 235.8249969482421875 235.1437530517578125 226.8874969482421875 217.59375 210.024993896484375 200.4812469482421875 190.631256103515625 180.8937530517578125 173.693756103515625 167.399993896484375 161.0812530517578125 151.9812469482421875 143.818756103515625 134.3625030517578125 123.0187530517578125 112.0124969482421875 102.4812469482421875 92.5124969482421875 82 76.00624847412109375 76.3312530517578125 76.11875152587890625 76.09999847412109375
199.631256103515625 192.9562530517578125 188.2062530517578125 184.96875 184.1374969482421875 186.6875 191.6062469482421875 196.4875030517578125 201.5 206.931243896484375 212.8687591552734375 218.225006103515625 222.818756103515625 226.350006103515625 230.1125030517578125 232.7687530517578125 234.4812469482421875 235.3874969482421875 236.225006103515625 239.056243896484375 240.84375 241.9562530517578125 241.9499969482421875 233.6437530517578125 225.3312530517578125 216.8249969482421875 206.0500030517578125 195.375 184.6875 177.59375 170.9250030517578125 163.6875 154.4499969482421875 145.337493896484375 136.431243896484375 124.9375 113.7687530517578125 103.46250152587890625 93.2937469482421875 84.34375 79.93125152587890625 81.71875 83.21250152587890625 85.61875152587890625
195.8312530517578125 189.9250030517578125 185.212493896484375 182.1125030517578125 180.537506103515625 181.46875 184.5749969482421875 188.2062530517578125 192.587493896484375 197.9875030517578125 205.6999969482421875 211.381256103515625 217.850006103515625 224.71875 228.6750030517578125 232.2312469482421875 234.0500030517578125 237.693756103515625 240.443756103515625 243.756256103515625 245.787506103515625 246.125 245.0124969482421875 237.125 229.3874969482421875 220.9812469482421875 209.993743896484375 198.7687530517578125 188.6687469482421875 181.3000030517578125 174.46875 167.1437530517578125 157.6062469482421875 148.087493896484375 139.5625 128.6875 118.22499847412109375 107.80625152587890625 98.86875152587890625 93.46250152587890625 90.0500030517578125 92.21250152587890625 95.3125 99.77500152587890625
190.90625 186.100006103515625 181.6999969482421875 178.8937530517578125 176.3687591552734375 176.256256103515625 177.056243896484375 179.59375 183.774993896484375 188.9375 196.462493896484375 204.943756103515625 213.9375 221.5500030517578125 226.5812530517578125 231.0812530517578125 234.9812469482421875 239.8000030517578125 243.9875030517578125 248.256256103515625 249.6062469482421875 249.4875030517578125 247.9562530517578125 240.0812530517578125 232.59375 224.1374969482421875 213.618743896484375 202.0124969482421875 191.90625 184.4375 177.65625 170.9812469482421875 161.3937530517578125 151.8000030517578125 143.350006103515625 133.274993896484375 122.6687469482421875 112.1062469482421875 106.34999847412109375 103.30625152587890625 100.84375 103.7312469482421875 108.7624969482421875 115.00624847412109375
187.0124969482421875 182.9875030517578125 178.899993896484375 175.3312530517578125 172.6062469482421875 171.243743896484375 170.3625030517578125 171.5187530517578125 174 179.587493896484375 188.1750030517578125 199.068756103515625 210.0749969482421875 220.568756103515625 227.1687469482421875 231.100006103515625 236.125 241.962493896484375 247.0625 251.649993896484375 253.1750030517578125 252.5 250.09375 241.625 233.5124969482421875 226.131256103515625 215.162506103515625 204.537506103515625 194.318756103515625 187.056243896484375 180.9499969482421875 174.287506103515625 164.5749969482421875 155.6999969482421875 146.5500030517578125 136.3562469482421875 126.25 118.69374847412109375 114.96875 112.68125152587890625 111.84999847412109375 114.90625 120.22499847412109375 126.6437530517578125
184.6062469482421875 180.8312530517578125 177.0749969482421875 173.3874969482421875 170.4562530517578125 168.600006103515625 166.975006103515625 165.618743896484375 166.21875 169.818756103515625 178.943756103515625 191.3249969482421875 205.306243896484375 218.4187469482421875 225.256256103515625 231.618743896484375 236.193756103515625 242.774993896484375 249.087493896484375 255.0500030517578125 255.6187591552734375 252.524993896484375 248.743743896484375 240.587493896484375 232.649993896484375 225.131256103515625 215.3000030517578125 205.8937530517578125 196.8125 189.03125 183.712493896484375 177.125 168.4187469482421875 159.90625 150.5124969482421875 141.381256103515625 135.2312469482421875 128.9187469482421875 125.625 124.5437469482421875 124.71250152587890625 127.375 131.693756103515625 137.4499969482421875
182.4562530517578125 179.337493896484375 176.1750030517578125 172.931243896484375 169.756256103515625 167.431243896484375 164.568756103515625 161.774993896484375 160.0812530517578125 159.6062469482421875 169.899993896484375 188.2375030517578125 203.3625030517578125 215.5 223.350006103515625 230.162506103515625 235.600006103515625 242.0124969482421875 248.53125 253.8312530517578125 253.225006103515625 249.3937530517578125 245.1875 237.1875 229.506256103515625 223.181243896484375 213.6999969482421875 206.1750030517578125 197.7375030517578125 191.125 185.6437530517578125 180.65625 172.1999969482421875 164.350006103515625 155.6875 149.0500030517578125 144.4562530517578125 140.125 138.1374969482421875 136.475006103515625 136.375 138.318756103515625 141.8000030517578125 146.8874969482421875
182.09375 178.9812469482421875 175.818756103515625 173.0437469482421875 169.9250030517578125 167.3937530517578125 164.568756103515625 161.4875030517578125 159.337493896484375 157.0187530517578125 172.5124969482421875 192.212493896484375 204.2937469482421875 214.8000030517578125 222.3000030517578125 229.006256103515625 234.71875 240.243743896484375 245.381256103515625 247.9875030517578125 247.5124969482421875 244.3562469482421875 240.46875 232.3249969482421875 225.6750030517578125 220.09375 211.9562530517578125 205.743743896484375 199.03125 193.65625 186.65625 181.7687530517578125 174.806243896484375 167.90625 160.631256103515625 156.6125030517578125 153.9875030517578125 150.8874969482421875 150.587493896484375 149.9187469482421875 148.212493896484375 149.875 151.25 154.1374969482421875
