data/historical-monthly-weather-data/wc2.1_cruts4.09_10m_prec_1979-10.asc
ncols        45
nrows        45
xllcorner    -63.500000000000
yllcorner    -7.500000000000
cellsize     0.166666666667
NODATA_value -9999
[rows 0 to 18 of 45, columns 0 to 43 of 45]
175.2062530517578125 170.506256103515625 168.6687469482421875 170.2062530517578125 170.7312469482421875 171.7687530517578125 170.5500030517578125 169.3874969482421875 168.1999969482421875 168.662506103515625 171.0500030517578125 171.25 170.318756103515625 166.962493896484375 162.8562469482421875 158.5124969482421875 154.068756103515625 147.837493896484375 142.6999969482421875 137.8562469482421875 135.037506103515625 131.931243896484375 129.2062530517578125 125.96250152587890625 123.1437530517578125 120.7062530517578125 117.61875152587890625 114.80625152587890625 113.16875457763671875 115.40625 118.66249847412109375 122.11875152587890625 126.00624847412109375 130.431243896484375 135.5437469482421875 141.162506103515625 146.931243896484375 152.625 158.1687469482421875 163.5187530517578125 168.868743896484375 173.7375030517578125 177.0124969482421875 178.712493896484375
172.618743896484375 167.4375 167.8249969482421875 171.618743896484375 175.9187469482421875 176.5437469482421875 176.368743896484375 177.556243896484375 179.5187530517578125 181.118743896484375 182.6750030517578125 181.2937469482421875 178.9187469482421875 175.40625 170.2687530517578125 165.4875030517578125 159.318756103515625 152.40625 146.0749969482421875 140.756256103515625 137.2937469482421875 134.631256103515625 132.1062469482421875 129.087493896484375 126.15000152587890625 122.9250030517578125 120.33750152587890625 117.6687469482421875 115.59375 116.50624847412109375 119.6875 123.50624847412109375 127.8249969482421875 133.1125030517578125 138.03125 143.712493896484375 150.587493896484375 156.899993896484375 163.09375 168.6875 174.662506103515625 180.100006103515625 183.8874969482421875 185.75
168.1062469482421875 164.125 165.2062530517578125 170.3000030517578125 175.7687530517578125 179.287506103515625 183.1875 188.506256103515625 193.4250030517578125 196.193756103515625 196.6374969482421875 193.2062530517578125 188.9812469482421875 183.7312469482421875 177.368743896484375 171.2937469482421875 165.256256103515625 158.875 153.03125 148.1999969482421875 145.024993896484375 143.318756103515625 141.0124969482421875 137.2312469482421875 133.4875030517578125 130.068756103515625 126.56874847412109375 123.22499847412109375 119.59375 120.6374969482421875 123.9562530517578125 127.13124847412109375 131.662506103515625 137.506256103515625 143.3312530517578125 150.0187530517578125 157.4562530517578125 165.4187469482421875 172.84375 179.350006103515625 186.09375 191.5749969482421875 195.618743896484375 198.53125
162.125 158.4562530517578125 161.7687530517578125 165.84375 172.1999969482421875 178.7687530517578125 187.40625 197.443756103515625 207.2375030517578125 212.212493896484375 210.725006103515625 204.306243896484375 197.556243896484375 191.006256103515625 184.5187530517578125 177.3125 170.618743896484375 165.693756103515625 161.193756103515625 157.5437469482421875 155.125 152.8874969482421875 149.9875030517578125 145.881256103515625 141.287506103515625 136.78125 132.368743896484375 127.75624847412109375 123.5812530517578125 124.28749847412109375 127.26874542236328125 130.8874969482421875 134.90625 140.28125 145.9375 155.1374969482421875 164.6374969482421875 174.024993896484375 183.0187530517578125 190.931243896484375 197.2687530517578125 203.306243896484375 207.8125 211.7375030517578125
163.287506103515625 156.1875 155.625 159.3874969482421875 167.131256103515625 176.962493896484375 188.6687469482421875 202.287506103515625 218.068756103515625 228.4562530517578125 223.34375 212.087493896484375 204.037506103515625 197.6875 190.3000030517578125 182.399993896484375 176 171.212493896484375 167.5749969482421875 164.8874969482421875 163.712493896484375 161.40625 158.4812469482421875 154.024993896484375 148.693756103515625 143.462493896484375 137.3562469482421875 132.3937530517578125 128.181243896484375 127.6374969482421875 129.9562530517578125 132.9562530517578125 137.7062530517578125 143.243743896484375 149.9187469482421875 159.59375 170.475006103515625 182.03125 191.6125030517578125 200.4250030517578125 207.5 212.631256103515625 218.21875 222.5437469482421875
163.28125 156.431243896484375 152.5749969482421875 151.462493896484375 160.318756103515625 173.28125 186.0812530517578125 200.3000030517578125 216.7312469482421875 230.8125 223.493743896484375 212.149993896484375 205.7312469482421875 199.962493896484375 193.3125 187.524993896484375 181.462493896484375 177.9562530517578125 176.024993896484375 174.1999969482421875 172.8625030517578125 170.6750030517578125 167.8249969482421875 161.662506103515625 155.725006103515625 149.6875 142.625 136.2062530517578125 131.806243896484375 130.350006103515625 131.7375030517578125 134.881256103515625 139.024993896484375 144.681243896484375 151.40625 161.693756103515625 173.056243896484375 185.975006103515625 197.756256103515625 205.462493896484375 209.5625 215.1125030517578125 220.3812408447265625 226.28125
166.774993896484375 159.5625 155.3125 152.962493896484375 158.6999969482421875 169.03125 180.068756103515625 190.493743896484375 199.8125 206 208.368743896484375 205.725006103515625 203.375 200.537506103515625 195.7624969482421875 191.649993896484375 187.3625030517578125 184.7312469482421875 183.5 183.412506103515625 182.462493896484375 180.337493896484375 176.837493896484375 170.1875 163.5124969482421875 156.506256103515625 148.912506103515625 141.1437530517578125 134.78125 133.1750030517578125 133.6750030517578125 135.3625030517578125 139.118743896484375 144.875 151.881256103515625 161.34375 172.743743896484375 185.725006103515625 199.78125 204.931243896484375 207.7062530517578125 211.256256103515625 217.037506103515625 224.462493896484375
171.600006103515625 163.7312469482421875 161.006256103515625 160.9375 163.59375 171.0437469482421875 176.287506103515625 178.0500030517578125 176.475006103515625 180.3125 190.65625 195.818756103515625 199.0500030517578125 199.462493896484375 198.3562469482421875 195.9562530517578125 193.318756103515625 192.024993896484375 192.0812530517578125 193.5749969482421875 192.962493896484375 190.3937530517578125 186.506256103515625 179.368743896484375 171.6687469482421875 163.1125030517578125 153.90625 144.443756103515625 136.8562469482421875 133.4499969482421875 133.34375 134.7062530517578125 138.5 144.131256103515625 150.225006103515625 158.868743896484375 168.09375 179.1687469482421875 188.8937530517578125 194.149993896484375 196.524993896484375 198.8937530517578125 202.712493896484375 208.21875
176.806243896484375 170.5437469482421875 169.4812469482421875 169.443756103515625 171.306243896484375 175.743743896484375 177.9499969482421875 174.4187469482421875 165.087493896484375 164.0124969482421875 178.4499969482421875 188.03125 194.71875 197.40625 199.681243896484375 200.931243896484375 201.037506103515625 202.3937530517578125 204.681243896484375 205.9812469482421875 204.5 201.837493896484375 195.7937469482421875 188.4562530517578125 178.6437530517578125 167.9812469482421875 156.556243896484375 147.568756103515625 139.375 134.556243896484375 133.6687469482421875 134.024993896484375 136.6062469482421875 140.8000030517578125 145.381256103515625 153.131256103515625 161.25 168.71875 174.4562530517578125 178.368743896484375 179.625 179.381256103515625 181.225006103515625 182.1125030517578125
182.850006103515625 177.59375 176.8312530517578125 177.9875030517578125 180.4562530517578125 184.0437469482421875 184.8000030517578125 180.2937469482421875 173.181243896484375 172.21875 179.756256103515625 186.3312530517578125 193.037506103515625 197.2062530517578125 202.3937530517578125 207.024993896484375 210 213.9250030517578125 217.993743896484375 221.9812469482421875 219.181243896484375 214.6687469482421875 206.5687408447265625 196.0250091552734375 183.056243896484375 171.037506103515625 159.78125 149.212493896484375 140.787506103515625 135.5500030517578125 132.65625 132.149993896484375 134.006256103515625 137.5749969482421875 141.743743896484375 147.806243896484375 153.4375 158.243743896484375 161.9499969482421875 162.9812469482421875 162.3874969482421875 160.1437530517578125 157.837493896484375 155.6875
189.087493896484375 184.537506103515625 183.975006103515625 185.537506103515625 188.5124969482421875 194.8562469482421875 196.34375 190.756256103515625 184.850006103515625 183.625 187.125 190.725006103515625 194.3937530517578125 199.131256103515625 206.318756103515625 212.78125 219.006256103515625 224.962493896484375 231.34375 237.524993896484375 236.71875 229.462493896484375 218.1687469482421875 202.0749969482421875 188.6999969482421875 176.662506103515625 164.9812469482421875 153.818756103515625 143.375 137.368743896484375 133.6125030517578125 131.806243896484375 133.037506103515625 135.506256103515625 137.9875030517578125 141.899993896484375 145.524993896484375 147.3874969482421875 148.975006103515625 148.15625 145.743743896484375 141.8874969482421875 138.506256103515625 133.3625030517578125
193.8125 189.6062469482421875 189.6062469482421875 192.037506103515625 195.818756103515625 202.84375 206.287506103515625 199.4187469482421875 194.1999969482421875 191.8000030517578125 192.78125 195.9562530517578125 199.0625 204.212493896484375 212.5812530517578125 219.3000030517578125 226.34375 232.881256103515625 240.09375 248.6437530517578125 251.306243896484375 242.9499969482421875 228.693756103515625 209.6437530517578125 192.625 177.8249969482421875 164.65625 154.287506103515625 144.837493896484375 138.850006103515625 133.4875030517578125 130.4812469482421875 130.3312530517578125 131.787506103515625 133.556243896484375 135.725006103515625 137.306243896484375 138.131256103515625 137.5437469482421875 135.618743896484375 131.024993896484375 125.96875 121.3625030517578125 116.40625
197.2687530517578125 193.8874969482421875 194.212493896484375 196.149993896484375 199.649993896484375 204.9562530517578125 206.0187530517578125 202.9187469482421875 199.03125 197.9187469482421875 198.524993896484375 201.125 205.306243896484375 209.0124969482421875 217.1875 225.368743896484375 231.8249969482421875 239.162506103515625 246.881256103515625 254.6312408447265625 259.868743896484375 252.3937530517578125 236.6687469482421875 216.3937530517578125 192.3000030517578125 175.4250030517578125 166.1875 155.818756103515625 146.90625 140.0625 133.693756103515625 128.662506103515625 128 127.90000152587890625 128.7312469482421875 130.0749969482421875 130.412506103515625 130.818756103515625 130.0124969482421875 125.2687530517578125 119.97499847412109375 115.3249969482421875 109.33750152587890625 98.5749969482421875
199.2562408447265625 196.225006103515625 196.818756103515625 198.4375 200.65625 204.3625030517578125 205.2375030517578125 204.631256103515625 202.9875030517578125 201.6062469482421875 201.681243896484375 204.875 209.318756103515625 214.5625 220.4562530517578125 228.7687530517578125 234.75 241.024993896484375 247.287506103515625 253.475006103515625 256.774993896484375 250.899993896484375 240.1062469482421875 222.100006103515625 201.0812530517578125 184.493743896484375 172.368743896484375 160.193756103515625 149.493743896484375 140.350006103515625 132.3125 126.59375 124.91249847412109375 124.1875 124.3937530517578125 125.34375 125.6062469482421875 126.27500152587890625 125.2687530517578125 121.15625 113.6687469482421875 105.36875152587890625 98.83750152587890625 91.9499969482421875
199.600006103515625 197.1875 197.09375 198.693756103515625 200.5625 203.337493896484375 206.0500030517578125 206.756256103515625 205.21875 204.475006103515625 204.9499969482421875 208.118743896484375 212.4187469482421875 217.7624969482421875 222.7312469482421875 230.2937469482421875 234.9812469482421875 238.681243896484375 242.4562530517578125 247.875 250.6437530517578125 248.6125030517578125 243.2312469482421875 231.5749969482421875 216.7062530517578125 200.4187469482421875 183.1999969482421875 166.681243896484375 152.3625030517578125 140.25 130.162506103515625 122.90625 120.6999969482421875 120.4375 120.25624847412109375 120.28125 121.30625152587890625 124.19374847412109375 125.09375 119.3125 109.5749969482421875 102.15625 97.3562469482421875 92.52500152587890625
198.274993896484375 195.8312530517578125 196.28125 198.0625 199.8312530517578125 203.2375030517578125 205.9562530517578125 206.9499969482421875 206.6750030517578125 206.7312469482421875 206.431243896484375 208.4812469482421875 212.881256103515625 218.5187530517578125 224.162506103515625 229.6374969482421875 231.475006103515625 233.493743896484375 235.9250030517578125 239.6062469482421875 241.931243896484375 244.4250030517578125 245.9375 242.6437530517578125 231.7687530517578125 214.78125 194.5625 174.28125 155.912506103515625 140.1125030517578125 127.88124847412109375 118.6125030517578125 115.4875030517578125 114.86875152587890625 113.65000152587890625 112.47499847412109375 116.21875 120.1875 122.55625152587890625 117.18125152587890625 109.1750030517578125 103.3874969482421875 98.66249847412109375 93.5187530517578125
194.818756103515625 193.125 195.068756103515625 197.756256103515625 199.71875 203.3000030517578125 206.462493896484375 208.125 208.4187469482421875 207.556243896484375 206.725006103515625 208.337493896484375 211.274993896484375 215.6750030517578125 219.9812469482421875 223.6125030517578125 222.837493896484375 223.375 225.5812530517578125 229.375 232.3000030517578125 237.7937469482421875 245.962493896484375 250.65625 246.006256103515625 224.8625030517578125 202.662506103515625 178.381256103515625 156.350006103515625 138.368743896484375 125.1750030517578125 116.2687530517578125 110.3000030517578125 106.34375 103.7937469482421875 105.5124969482421875 110.3625030517578125 120.33750152587890625 128.21875 119.83750152587890625 110.2062530517578125 105.1062469482421875 99.78749847412109375 95.6999969482421875
190.4875030517578125 189.9250030517578125 193.431243896484375 197 200.0812530517578125 205.0124969482421875 209.125 211.1062469482421875 211.125 210.2624969482421875 209.100006103515625 208.4812469482421875 208.9875030517578125 210.03125 211.90625 212.962493896484375 211.493743896484375 210.600006103515625 213.506256103515625 216.743743896484375 220.3125 226.899993896484375 236.90625 244.1875 242.1999969482421875 225.71875 206.2687530517578125 180.149993896484375 155.0124969482421875 134.193756103515625 119.5437469482421875 110.09375 106.53749847412109375 104.47499847412109375 99.0187530517578125 93.75624847412109375 103.6875 116.1437530517578125 122.375 119.9187469482421875 112.2687530517578125 107.75624847412109375 102.5625 98.34999847412109375
184.6437530517578125 186.34375 191.375 196.5124969482421875 201.3625030517578125 206.881256103515625 211.59375 214.6999969482421875 215.6687469482421875 213.712493896484375 210.2375030517578125 208.1125030517578125 205.5187530517578125 203.3000030517578125 203.1999969482421875 204.068756103515625 202.274993896484375 200.1374969482421875 202.46875 204.693756103515625 207.9562530517578125 217.875 223.75 230.1062469482421875 229.056243896484375 220.0875091552734375 201.6125030517578125 177.5500030517578125 154.0124969482421875 131.131256103515625 113.7312469482421875 108.0187530517578125 109.8625030517578125 106.90000152587890625 101.91249847412109375 98.6687469482421875 104.0500030517578125 111.47499847412109375 116.4562530517578125 116.6437530517578125 112.7375030517578125 111.5124969482421875 105.6374969482421875 100.99375152587890625
