data/historical-monthly-weather-data/wc2.1_cruts4.09_10m_prec_2010-09.asc
ncols        45
nrows        45
xllcorner    -63.500000000000
yllcorner    -7.500000000000
cellsize     0.166666666667
NODATA_value -9999
[rows 19 to 37 of 45, columns 0 to 43 of 45]
76.4187469482421875 76.6687469482421875 75.90625 75.78749847412109375 75.80625152587890625 75.90000152587890625 75.09999847412109375 73.7312469482421875 73.46250152587890625 71.99375152587890625 69.59375 64.3000030517578125 58.362499237060546875 52.72499847412109375 47.84375 43.981250762939453125 39.77500152587890625 38.15625 35.99375152587890625 35.581249237060546875 34.875 34.84375 36.481250762939453125 38.44374847412109375 39.856250762939453125 40.03125 40.27500152587890625 40.518749237060546875 38.97499847412109375 37.30625152587890625 36.84999847412109375 41.262500762939453125 44.13124847412109375 47.887500762939453125 50.125 48.581249237060546875 46.52500152587890625 44.987499237060546875 43.49375152587890625 40.668750762939453125 36.418750762939453125 31.993749618530273438 30.643749237060546875 30.456249237060546875
72.1062469482421875 73.11875152587890625 73.27500152587890625 73.4875030517578125 73.59375 73.1687469482421875 72.84375 72.09999847412109375 72.41249847412109375 71.7937469482421875 69.6062469482421875 65.375 59.831249237060546875 53.81874847412109375 49.25 44.362499237060546875 40.168750762939453125 37.49375152587890625 36.46250152587890625 34.856250762939453125 35.28749847412109375 36.106250762939453125 36.96875 38.8125 40.756252288818359375 41.41249847412109375 41.418750762939453125 40.918750762939453125 40.375 41.4375 42.956249237060546875 46.987499237060546875 50.1875 54.53749847412109375 59.424999237060546875 55.61875152587890625 49.46250152587890625 45.481250762939453125 42.625 39.862499237060546875 37.012500762939453125 34.112499237060546875 32.643749237060546875 32.200000762939453125
68.9187469482421875 69.1750030517578125 69.5500030517578125 70.0625 71.0500030517578125 71.41249847412109375 71.08750152587890625 71.125 71.7375030517578125 71.54375457763671875 70.0124969482421875 66.70000457763671875 62.625 57.487499237060546875 52.43125152587890625 46.799999237060546875 42.41249847412109375 39.362499237060546875 37.956249237060546875 36.22499847412109375 35.393749237060546875 35.887500762939453125 36.612499237060546875 38.28125 39.75624847412109375 40.918750762939453125 42.556247711181640625 42.712497711181640625 43.768749237060546875 45.77500152587890625 47.987499237060546875 51.19374847412109375 53.643749237060546875 56.71250152587890625 57.36875152587890625 54.581249237060546875 49.09375 45.25624847412109375 42.28749847412109375 40.15625 38.38124847412109375 36.71250152587890625 36.03125 35.5625
66.24375152587890625 67.2624969482421875 67.21250152587890625 67.9875030517578125 68.97499847412109375 69.43125152587890625 69.7937469482421875 70.2062530517578125 71.68125152587890625 71.44374847412109375 71.34375 69.1687469482421875 67 62.6875 56.106250762939453125 49.956249237060546875 44.72499847412109375 41.700000762939453125 39.25624847412109375 37.31874847412109375 36.40625 36.49375152587890625 36.668750762939453125 37.637500762939453125 39.375 40.66249847412109375 42.36875152587890625 44.38124847412109375 45.86875152587890625 48.018749237060546875 51.137500762939453125 54.77500152587890625 55.768749237060546875 56.15000152587890625 54.63124847412109375 50.768749237060546875 47.09375 43.88124847412109375 41.84375 41.075000762939453125 40.737499237060546875 39.6875 39.1875 38.75
64.9562530517578125 64.93125152587890625 65.42499542236328125 65.9562530517578125 66.5625 67.8625030517578125 68.6437530517578125 69.08750152587890625 70.5124969482421875 70.8249969482421875 70.75 70.6437530517578125 70.6374969482421875 66.53749847412109375 59.16249847412109375 52.475002288818359375 47.15000152587890625 43.856250762939453125 41.200000762939453125 38.75 37.668750762939453125 37.09999847412109375 37.325000762939453125 38.375 39.74375152587890625 40.637500762939453125 42.44374847412109375 44.65625 47.5 50.299999237060546875 53.5 57.174999237060546875 56.94374847412109375 55.96875 53.950000762939453125 49.606250762939453125 46.69374847412109375 44.72499847412109375 43.375 43.575000762939453125 43.50624847412109375 42.86875152587890625 42.90625 42.793750762939453125
64.56874847412109375 63.8125 63.825000762939453125 64.1750030517578125 66.59375 67.47499847412109375 67.8937530517578125 68.38124847412109375 69.44374847412109375 70.243743896484375 70.63124847412109375 70.1750030517578125 69.6687469482421875 66.94374847412109375 60.77500152587890625 54.362499237060546875 49.25 45.543750762939453125 42.53749847412109375 40.174999237060546875 39.03749847412109375 38.08750152587890625 38.40000152587890625 39.5 40.09375 41.55625152587890625 43.518749237060546875 46.106250762939453125 49.09999847412109375 52.46875 55.637500762939453125 58.856250762939453125 58.81874847412109375 57.22499847412109375 54.46875 50.875 48.90000152587890625 47.28125 46.1875 46.256252288818359375 46.331249237060546875 46.4375 46.83750152587890625 47.99375152587890625
65.75 65.44374847412109375 64.4562530517578125 65.3000030517578125 66.4250030517578125 66.94374847412109375 67.49375152587890625 67.78125 68.5749969482421875 69.50624847412109375 69.25624847412109375 69.1875 68.6374969482421875 66.40000152587890625 61.30625152587890625 55.75624847412109375 50.6875 47.231250762939453125 44.043750762939453125 41.43125152587890625 40.168750762939453125 39.012500762939453125 39.22499847412109375 40.43125152587890625 41.24375152587890625 42.25624847412109375 45.06874847412109375 48.362499237060546875 51.30625152587890625 54.856250762939453125 58.168750762939453125 61.643749237060546875 60.3125 58.325000762939453125 56.1875 54.25624847412109375 52.02500152587890625 50.47499847412109375 50.200000762939453125 49.96250152587890625 50.456249237060546875 50.424999237060546875 50.91249847412109375 52.59999847412109375
69.3312530517578125 68.19374847412109375 67.2375030517578125 67.5124969482421875 67.58750152587890625 67.9187469482421875 67.86875152587890625 67.47499847412109375 67.46250152587890625 68.24375152587890625 68.71875 69.02500152587890625 68.5124969482421875 67.0625 62.59999847412109375 57.52500152587890625 53.237499237060546875 49.38124847412109375 46.15625 43.450000762939453125 42.18125152587890625 40.875 40.668750762939453125 42.606250762939453125 43.34999847412109375 44.65625 47.731250762939453125 50.78749847412109375 54.024997711181640625 57.41249847412109375 60.65625 63.356250762939453125 62.84999847412109375 60.84999847412109375 58.3125 57.00624847412109375 55.63124847412109375 54.11875152587890625 53.97499847412109375 54.06874847412109375 54.081249237060546875 54.375 55.168750762939453125 55.856250762939453125
73.16249847412109375 72.03749847412109375 70.9375 69.6875 69.3312530517578125 68.8125 68.4499969482421875 67.78125 67.31874847412109375 68.0187530517578125 68.2375030517578125 68.69374847412109375 68.6875 68.3125 64.02500152587890625 59.375 55.143749237060546875 51.450000762939453125 48.21875 45.75 44.24375152587890625 42.96875 42.581249237060546875 44.3125 45.875 47.16249847412109375 50.28749847412109375 53.606250762939453125 57.049999237060546875 60.706249237060546875 63.36875152587890625 65.96250152587890625 65.5749969482421875 63.325000762939453125 61.11875152587890625 59.88124847412109375 59.581249237060546875 58.83750152587890625 58.75624847412109375 58.78749847412109375 58.90000152587890625 59.27500152587890625 58.69374847412109375 59.6875
77.4250030517578125 75.97499847412109375 73.6687469482421875 71.6125030517578125 70.2937469482421875 69.11875152587890625 68.2375030517578125 67.6374969482421875 67.40625 67.58750152587890625 67.59999847412109375 68.1062469482421875 69.2624969482421875 68.8937530517578125 64.9812469482421875 61.63124847412109375 58.46250152587890625 53.61875152587890625 50.237499237060546875 47.825000762939453125 46.481250762939453125 45.356250762939453125 45.018749237060546875 46.893749237060546875 48.08750152587890625 49.86875152587890625 53.19374847412109375 57.11875152587890625 61.331249237060546875 64.05625152587890625 66.1750030517578125 68.43125152587890625 67.43125152587890625 65.65000152587890625 64.4812469482421875 63.362499237060546875 63.799999237060546875 63.96875 64.33750152587890625 64.25 62.71875 61.793750762939453125 62.112499237060546875 63.44374847412109375
81.7624969482421875 79.81874847412109375 76.13124847412109375 73.3125 71.2687530517578125 70.125 69.19374847412109375 68.4187469482421875 68.06874847412109375 67.8937530517578125 67.7687530517578125 68.96875 70.1062469482421875 70.21250152587890625 67.72499847412109375 64.40000152587890625 61.08750152587890625 57.21875 53.41249847412109375 50.887500762939453125 49.84375 49.125 48.40000152587890625 49.987499237060546875 51.950000762939453125 54.387500762939453125 57.55625152587890625 61.106250762939453125 64.59375 67.3625030517578125 69.96250152587890625 72.0812530517578125 70.6999969482421875 69.00624847412109375 68.16249847412109375 67.75624847412109375 68.58750152587890625 69.93125152587890625 69.09375 70.1750030517578125 69.625 67.8312530517578125 66.6437530517578125 67.36875152587890625
84.65625 82.3937530517578125 79.11875152587890625 75.1437530517578125 72.875 71.8000030517578125 70.125 69.0500030517578125 68.90000152587890625 68.93125152587890625 68.74375152587890625 69.83750152587890625 72.2375030517578125 72.3625030517578125 70.05625152587890625 67.2687530517578125 65.1374969482421875 61.456249237060546875 57.55625152587890625 55.33750152587890625 54.168750762939453125 53.674999237060546875 53.137500762939453125 54.512500762939453125 56.28749847412109375 58.86875152587890625 62.00624847412109375 65.38124847412109375 68.7624969482421875 70.2687530517578125 73.03125 75.1750030517578125 73.74375152587890625 73.3125 72.6687469482421875 71.7375030517578125 72.9187469482421875 75.0124969482421875 75.6687469482421875 76.50624847412109375 75.71250152587890625 73.18125152587890625 71.16249847412109375 70.69374847412109375
88.09999847412109375 84.4562530517578125 80.56874847412109375 77.0187530517578125 75.1750030517578125 73.28125 71.65625 70.47499847412109375 70.50624847412109375 70.25 70.31874847412109375 71.3562469482421875 72.63124847412109375 73.9812469482421875 73.13124847412109375 72.15625 70.0625 66.63124847412109375 63.44374847412109375 61.625 60.56874847412109375 58.84999847412109375 58.299999237060546875 59.30625152587890625 61.94374847412109375 63.450000762939453125 66.15000152587890625 70.1687469482421875 73.34375 74.65000152587890625 76.84999847412109375 77.83750152587890625 76.97499847412109375 76.53125 75.8874969482421875 75.2312469482421875 76.40625 77.78125 78.75624847412109375 79.86875152587890625 80.0187530517578125 77.3312530517578125 75.31874847412109375 73.93125152587890625
89.38124847412109375 86.28749847412109375 82.3125 79.2687530517578125 77.3937530517578125 75.78125 74.53749847412109375 72.91249847412109375 72.72499847412109375 72.1437530517578125 74.00624847412109375 74.38124847412109375 75.9812469482421875 78.77500152587890625 78.56874847412109375 78.78125 77.81874847412109375 75.59999847412109375 72.5500030517578125 70.61875152587890625 68.8312530517578125 66.84999847412109375 65.1125030517578125 66.0187530517578125 68.1374969482421875 69.11875152587890625 71.69374847412109375 75.30625152587890625 78.3874969482421875 80.3000030517578125 81.3625030517578125 82.16249847412109375 80.72499847412109375 80.1875 80.02500152587890625 79.3000030517578125 79.61875152587890625 79.63124847412109375 80.4812469482421875 82.2375030517578125 82.5437469482421875 80.40625 78.90000152587890625 77.1999969482421875
89.59999847412109375 87.31874847412109375 84.53749847412109375 81.8937530517578125 79.7937469482421875 78.28749847412109375 77.34999847412109375 75.9187469482421875 75.1750030517578125 75.2687530517578125 76.0187530517578125 78.44374847412109375 80.21250152587890625 81.8249969482421875 83.5812530517578125 84.9250030517578125 86.34999847412109375 84.8874969482421875 82.7375030517578125 80.7624969482421875 78.52500152587890625 75.5749969482421875 73.1437530517578125 73.00624847412109375 73.86875152587890625 74.4875030517578125 76.90000152587890625 80.28125 82.90000152587890625 84.3312530517578125 85.5124969482421875 86.1750030517578125 84.84375 83.84375 83.59999847412109375 84.0625 83.0625 82.38124847412109375 83.19374847412109375 83.71875 83.68125152587890625 83.1875 82.6374969482421875 81.3312530517578125
90.52500152587890625 88.47499847412109375 86.3937530517578125 84.7624969482421875 83.1125030517578125 81.21875 80.55625152587890625 79.2624969482421875 77.875 78.0500030517578125 79.61875152587890625 82.91249847412109375 85.03125 87.15625 89.84999847412109375 92.81874847412109375 95.1437530517578125 93.8249969482421875 93.50624847412109375 91.46250152587890625 89.16249847412109375 85.4499969482421875 81.34999847412109375 80.09375 79.3312530517578125 80.15625 82.7312469482421875 85.36249542236328125 87.68125152587890625 88.36875152587890625 89.0625 88.96250152587890625 87.90625 87.13124847412109375 86.28749847412109375 85.5749969482421875 85.1875 85.65625 85.44374847412109375 85.9250030517578125 84.4499969482421875 83.46250152587890625 84.0437469482421875 82.7687530517578125
91.4375 89.25 87.9562530517578125 86.75 85.44374847412109375 84.30625152587890625 82.9875030517578125 82.69374847412109375 81.875 81.77500152587890625 83.8312530517578125 87.1687469482421875 90.8000030517578125 94.03125 97.2375030517578125 101.0187530517578125 103.72499847412109375 103.78749847412109375 103.90625 103.4375 99.6062469482421875 95.09999847412109375 89.53125 86.97499847412109375 85.94374847412109375 85.88124847412109375 87.5437469482421875 90.03125 92.1687469482421875 92.1125030517578125 92.46250152587890625 92.33750152587890625 90.55625152587890625 89.72499847412109375 88.71875 87.2062530517578125 87.9187469482421875 87.56874847412109375 87.0625 86.84999847412109375 86.3625030517578125 85.06874847412109375 84.44374847412109375 83.71875
92.27500152587890625 90.5749969482421875 89.34375 88.0500030517578125 87.86875152587890625 87.1437530517578125 86.625 86.3312530517578125 86.1750030517578125 85.5 88.71875 95.28749847412109375 99.3125 102.46875 106.31874847412109375 109.65625 113.0500030517578125 112.5 112.09999847412109375 111.3125 108.4499969482421875 102.1875 96.41249847412109375 92.8937530517578125 91.3000030517578125 91.03749847412109375 91.90000152587890625 93.59375 95.44374847412109375 95.40625 95.09999847412109375 94.84375 93.6687469482421875 92.75 91.6437530517578125 90.5812530517578125 90.34999847412109375 90.25 88.84375 87.74375152587890625 86.81874847412109375 85.22499847412109375 85.06874847412109375 84.8125
92.96250152587890625 92 91.21250152587890625 89.9499969482421875 90.2062530517578125 90.46875 90.71875 91.3312530517578125 92.09375 91.8249969482421875 100.7937469482421875 107.00624847412109375 109.52500152587890625 111.78125 115.2375030517578125 118.90625 120.36875152587890625 119.8625030517578125 117.90000152587890625 115.5625 113.11875152587890625 107.24375152587890625 101.8125 97.84999847412109375 95.50624847412109375 94.4812469482421875 95.6750030517578125 97.3562469482421875 98.8874969482421875 98.6687469482421875 96.58750152587890625 95.8312530517578125 94.94374847412109375 95.28749847412109375 94.65000152587890625 91.97499847412109375 91.44374847412109375 90.8625030517578125 90.74375152587890625 89.8874969482421875 87.46250152587890625 87.3562469482421875 85.46250152587890625 84.46250152587890625
