data/historical-monthly-weather-data/wc2.1_cruts4.09_10m_prec_1957-08.asc
ncols        45
nrows        45
xllcorner    -63.500000000000
yllcorner    -7.500000000000
cellsize     0.166666666667
NODATA_value -9999
[rows 0 to 18 of 45, columns 0 to 42 of 45]
164.162506103515625 167.875 168.5 173.03125 178.25 183.03125 182.3625030517578125 183.6374969482421875 184.100006103515625 182.399993896484375 175.5625 172.149993896484375 170.962493896484375 166.681243896484375 164.5500030517578125 159.1062469482421875 156.1750030517578125 152.9187469482421875 149.5 149.756256103515625 147.6750030517578125 143.506256103515625 139.806243896484375 136.8937530517578125 132.818756103515625 129.243743896484375 129.6437530517578125 131.7312469482421875 127.72499847412109375 127.34999847412109375 122.5812530517578125 122.11875152587890625 122.53125 120.4875030517578125 120.1125030517578125 121.5500030517578125 121.74375152587890625 123.5187530517578125 126.0749969482421875 127.4875030517578125 129.649993896484375 133.4187469482421875 134.2312469482421875
155.7624969482421875 158.725006103515625 164.0500030517578125 170.28125 178.0437469482421875 181.537506103515625 178.3375091552734375 178.8125 179.725006103515625 177.774993896484375 172.5812530517578125 170.3562469482421875 165.475006103515625 159.4499969482421875 155.850006103515625 153.53125 148.8874969482421875 146.118743896484375 144.4250030517578125 144.149993896484375 141.756256103515625 137.493743896484375 133.899993896484375 132.131256103515625 127.90000152587890625 123.31874847412109375 125.5812530517578125 125.95624542236328125 122.3874969482421875 120.7062530517578125 119.34375 118.2062530517578125 118.6750030517578125 119.5 119.02500152587890625 119.86875152587890625 118.4499969482421875 122.40000152587890625 123.78125 125.18125152587890625 130.25 132.412506103515625 135.4250030517578125
140.5437469482421875 145.475006103515625 151.9437408447265625 159.9187469482421875 167.5749969482421875 170.743743896484375 170.7375030517578125 171.09375 170.256256103515625 167.975006103515625 165.712493896484375 163.506256103515625 158.4187469482421875 150.9250030517578125 146.8874969482421875 143.8937530517578125 140.506256103515625 137.1999969482421875 134.8125 132.0437469482421875 130.9562530517578125 129.256256103515625 126.1437530517578125 125.5625 120.5500030517578125 117.74375152587890625 121 119.6875 116.4499969482421875 115.90625 113.2624969482421875 112.3125 113.21875 115.11875152587890625 113.8562469482421875 112.3625030517578125 113.1999969482421875 116.86875152587890625 117.84999847412109375 121.38124847412109375 128.1750030517578125 131.6875 136.8625030517578125
126.30625152587890625 128.9875030517578125 137.0500030517578125 145.4875030517578125 151.431243896484375 154.7624969482421875 157.2375030517578125 159.1750030517578125 161.6125030517578125 159.975006103515625 156.225006103515625 152.462493896484375 148.524993896484375 141.8000030517578125 137.818756103515625 134.3625030517578125 131.806243896484375 128.65625 125.8562469482421875 125.93125152587890625 123.84375 120.625 117.40625 117.38124847412109375 113.99375152587890625 111.40000152587890625 113.68125152587890625 110.4187469482421875 108.34999847412109375 108.34999847412109375 106.71875 104.71250152587890625 104.0187530517578125 104.31874847412109375 104.22499847412109375 105.1437530517578125 108.9875030517578125 111.49375152587890625 111.63124847412109375 117.31874847412109375 122.90000152587890625 129.7937469482421875 135.1437530517578125
124.5500030517578125 123.38124847412109375 123.16249847412109375 128.381256103515625 136.09375 139.3937530517578125 141.725006103515625 147.5250091552734375 152.3625030517578125 151.5374908447265625 146.8937530517578125 142.53125 138.6875 133.774993896484375 129.3937530517578125 126.5749969482421875 123.0437469482421875 118.80625152587890625 115.6437530517578125 116.03125 116.5749969482421875 111.96875 109.6125030517578125 111.36875152587890625 107.2624969482421875 104.3874969482421875 104.1062469482421875 104.34375 102.5500030517578125 100.1999969482421875 100.84375 98.21250152587890625 98.6125030517578125 99.56874847412109375 99.69374847412109375 99.50624847412109375 101.6374969482421875 104.5749969482421875 105.25 109.3249969482421875 118.13124847412109375 125.09375 133.8312530517578125
118.6062469482421875 116.9812469482421875 115.15000152587890625 112.52500152587890625 118.6062469482421875 127.03749847412109375 130.943756103515625 134.524993896484375 139.875 139.662506103515625 133.899993896484375 130.4187469482421875 128.3874969482421875 125.0625 121.09375 118.90625 114.63124847412109375 109.4187469482421875 107.52500152587890625 107.5187530517578125 108.16249847412109375 106.36875152587890625 104.88124847412109375 102.72499847412109375 101.18125152587890625 99.40000152587890625 99.0124969482421875 98.2624969482421875 97.31874847412109375 94.0812530517578125 94.18125152587890625 93.72499847412109375 92.50624847412109375 93.5187530517578125 92.1687469482421875 93.9375 94.6875 95.3874969482421875 97.75 103.6062469482421875 109.46875 117.5 126.38124847412109375
113.36875152587890625 112.6062469482421875 111 109.125 110.4562530517578125 113.28125 116.3874969482421875 119.43125152587890625 119.0187530517578125 119.83750152587890625 118.3625030517578125 117.52500152587890625 118.2937469482421875 116.4250030517578125 114.40625 112.34999847412109375 108.43125152587890625 103.94374847412109375 100.6062469482421875 101.125 101.1125030517578125 100.6125030517578125 99.625 98.4562530517578125 96.53125 95.43125152587890625 94.5187530517578125 92.8562469482421875 89.88124847412109375 89.2062530517578125 88.1374969482421875 86.5812530517578125 86.8125 87.27500152587890625 86.46875 86.9499969482421875 86.5625 87.53125 90.8000030517578125 96.46875 101.71875 109.18125152587890625 118.91249847412109375
109.1374969482421875 106.90625 107.1999969482421875 106.59999847412109375 108.53749847412109375 110.91249847412109375 108.3125 102.1062469482421875 98.52500152587890625 100.09375 104.4875030517578125 105.96250152587890625 107.4375 107.5187530517578125 106.91249847412109375 105.11875152587890625 102.65625 98.3874969482421875 94.65000152587890625 93.90625 95.36875152587890625 95.65000152587890625 94.05625152587890625 92.66249847412109375 92.4875030517578125 90.28749847412109375 88.55625152587890625 87.2062530517578125 85.0749969482421875 82.3249969482421875 82.80625152587890625 81.09375 79.9875030517578125 80.8249969482421875 78.71875 78.5500030517578125 78.21250152587890625 78.43125152587890625 80.4562530517578125 84.3937530517578125 89.96250152587890625 97.625 106.33750152587890625
106.03125 104.0187530517578125 104.8937530517578125 103.44374847412109375 104.08750152587890625 104.52500152587890625 103.0124969482421875 98.625 91.3312530517578125 88.55625152587890625 92.02500152587890625 94.66249847412109375 99.5124969482421875 100.4375 99.63124847412109375 97.81874847412109375 97.09375 94.2375030517578125 93.18125152587890625 90.61875152587890625 91.03749847412109375 92.11875152587890625 90.4562530517578125 91.6437530517578125 90.5 86.9375 83.3249969482421875 83.0187530517578125 81.06874847412109375 78.40625 78.53749847412109375 75.27500152587890625 72.84375 71.03125 69.8312530517578125 70.96250152587890625 71.375 71.8312530517578125 72.8625030517578125 75.90625 79.8562469482421875 84.5500030517578125 90.2062530517578125
102.2312469482421875 100.4562530517578125 100.40625 100.23749542236328125 100.5812530517578125 100.69374847412109375 101.05625152587890625 96.8874969482421875 91.3249969482421875 90.1875 90.36875152587890625 89.9875030517578125 94.09375 95.94374847412109375 93.66249847412109375 92.09999847412109375 90.25624847412109375 89.8312530517578125 89.34999847412109375 88.69374847412109375 89.1999969482421875 88.56874847412109375 86.8249969482421875 87.6875 85.9562530517578125 82.40625 79.1687469482421875 77.8562469482421875 74.86875152587890625 72.05625152587890625 70.09375 67.6062469482421875 66.9375 66.1875 65.66249847412109375 66.09999847412109375 65.53749847412109375 65.2062530517578125 66.7937469482421875 69.0124969482421875 71.38124847412109375 73.5812530517578125 76.3937530517578125
100.4812469482421875 98.40000152587890625 97.05625152587890625 96.34375 97.2624969482421875 99.0749969482421875 99.15625 94.0437469482421875 89.97499847412109375 87.90000152587890625 88.8312530517578125 88.77500152587890625 89.9812469482421875 90.5187530517578125 86.97499847412109375 84.24375152587890625 82.9187469482421875 83.99375152587890625 84.24375152587890625 85.4375 88.81874847412109375 88.36875152587890625 86.1437530517578125 83.9187469482421875 83.9875030517578125 80.8000030517578125 77.70000457763671875 74.66249847412109375 69.84375 66.03749847412109375 64.9562530517578125 62.856250762939453125 63.16249847412109375 62.65625 60.94374847412109375 60.387500762939453125 59.52500152587890625 59.59375 60.200000762939453125 61.09999847412109375 61.981250762939453125 63.34999847412109375 65.7937469482421875
98.5749969482421875 96.83750152587890625 95.43125152587890625 95.34375 96.46875 98.1875 98.9562530517578125 95.1062469482421875 90.74375152587890625 88.16249847412109375 87.90000152587890625 86.90000152587890625 85.3874969482421875 83.30625152587890625 82.4875030517578125 79.8625030517578125 77.97499847412109375 78.09375 79.74375152587890625 82.78749847412109375 86.8000030517578125 87.1062469482421875 85.78749847412109375 84.2062530517578125 82.02500152587890625 75.0187530517578125 71.46875 69.13124847412109375 65.13124847412109375 62.06874847412109375 60.13124847412109375 59.40000152587890625 58.206249237060546875 57.424999237060546875 56.84375 57.137500762939453125 56.481250762939453125 55.65625 54.331249237060546875 53.24375152587890625 53.59375 54.50624847412109375 55.4375
95.99375152587890625 93.21875 92.40625 91.34999847412109375 93.0437469482421875 93.9499969482421875 92.7375030517578125 90.75624847412109375 87.16249847412109375 85.59999847412109375 85.33750152587890625 84.03749847412109375 80.76250457763671875 76.2312469482421875 73.78125 72.5 70.5 72.22499847412109375 73.99375152587890625 75.9875030517578125 80.7937469482421875 82.1750030517578125 81.7375030517578125 78.125 72.125 66.6125030517578125 65.5 63.825000762939453125 62.25624847412109375 59.69374847412109375 57.18125152587890625 55.549999237060546875 55.387500762939453125 53.09375 52.887500762939453125 54.299999237060546875 55.86875152587890625 54.612499237060546875 53.706249237060546875 50.21250152587890625 46.56874847412109375 48.11875152587890625 47.96250152587890625
92.5437469482421875 88.84375 87.43125152587890625 87.5 88.00624847412109375 87.875 86.90000152587890625 86.27500152587890625 83.25624847412109375 82.09375 80.875 77.5187530517578125 74.3249969482421875 69.96875 64.5625 64.34999847412109375 63.512500762939453125 65.09375 65.125 66.65000152587890625 71.40625 73.18125152587890625 73.3312530517578125 71.2375030517578125 67.19374847412109375 63.52500152587890625 62.27500152587890625 61.018749237060546875 59.512500762939453125 57.71875 56.03749847412109375 53.262500762939453125 52.549999237060546875 50.893749237060546875 51.737499237060546875 54.61875152587890625 56.53749847412109375 57.97499847412109375 57.5625 52.59375 44.06874847412109375 41.53125 43.25624847412109375
87.6062469482421875 85.2062530517578125 83.21250152587890625 82.2687530517578125 82.90625 82.65000152587890625 81.65000152587890625 80.22499847412109375 77.5500030517578125 76.52500152587890625 74.03749847412109375 71.28125 67.8000030517578125 62.77500152587890625 57.606250762939453125 55.481250762939453125 54.84999847412109375 55.375 56.18125152587890625 58.174999237060546875 62.74375152587890625 65.4812469482421875 67 67.36875152587890625 66.19374847412109375 64.65625 62.575000762939453125 60.424999237060546875 58.012500762939453125 55.90625 53.46250152587890625 51.643749237060546875 51.03749847412109375 50.59999847412109375 50.61875152587890625 53.84999847412109375 57.75 63.52500152587890625 64.56874847412109375 57.84375 52.08750152587890625 49.25624847412109375 50.768749237060546875
81.55625152587890625 80 78.90000152587890625 78.03749847412109375 77.8000030517578125 78.21875 77.4875030517578125 74.90000152587890625 72.6999969482421875 71.1687469482421875 68.8312530517578125 64.93125152587890625 60.625 56.02500152587890625 51.69374847412109375 47.40000152587890625 46.59375 47.356250762939453125 48.125 50.44374847412109375 54.706249237060546875 58.69374847412109375 62.71250152587890625 65.6875 66.4562530517578125 65.38124847412109375 63.262500762939453125 59.93125152587890625 56.90000152587890625 55.09375 53.47499847412109375 51.5 50.02500152587890625 49.55625152587890625 50.38124847412109375 57.08750152587890625 62.65625 68.22499847412109375 70.52500152587890625 67.5437469482421875 63.75624847412109375 60.049999237060546875 56.981250762939453125
77.28749847412109375 76.16249847412109375 74.70624542236328125 74.1999969482421875 73.02500152587890625 73.6999969482421875 73.61875152587890625 71.9375 68.7312469482421875 67.28749847412109375 65.00624847412109375 59.981250762939453125 55.44374847412109375 50.77500152587890625 46.612499237060546875 42.6875 39.09999847412109375 39.3125 41.16249847412109375 43.84375 47.18125152587890625 52.46250152587890625 58.543750762939453125 64.6999969482421875 67.74375152587890625 66.4812469482421875 62.456249237060546875 59.049999237060546875 55.125 52.806247711181640625 52.28749847412109375 52.237499237060546875 52.08750152587890625 52.237499237060546875 58.518749237060546875 65 70.5812530517578125 78.33750152587890625 82.69374847412109375 76.22499847412109375 69.69374847412109375 63.63124847412109375 58.137500762939453125
70.50624847412109375 70.3937530517578125 69.68125152587890625 69.6750030517578125 68.7624969482421875 69.41249847412109375 68.06874847412109375 66.77500152587890625 64.30625152587890625 62.53749847412109375 60.481250762939453125 56.11875152587890625 50.61875152587890625 45.6875 41.862499237060546875 38.09375 34.69374847412109375 32.674999237060546875 35.09999847412109375 36.637500762939453125 40.8125 46.40000152587890625 53.862499237060546875 60.38124847412109375 65.50624847412109375 65.75 62.9375 59.018749237060546875 54.19374847412109375 51.068752288818359375 48.11875152587890625 47.293750762939453125 53.612499237060546875 60.34999847412109375 64.8249969482421875 72.5 79.8312530517578125 85.25 85.6437530517578125 80.80625152587890625 70.65625 64.9812469482421875 59.74375152587890625
63.96875 64.3625030517578125 64.375 64.73749542236328125 64.86875152587890625 64.7062530517578125 63.88124847412109375 62.356250762939453125 61.58750152587890625 60.55625152587890625 58.262500762939453125 52.125 47.012500762939453125 42.52500152587890625 38 35 31.606250762939453125 29.043750762939453125 29.181249618530273438 31.118749618530273438 37.24375152587890625 46.856250762939453125 47.71250152587890625 54.6875 60.1875 64.1374969482421875 62.90625 58.47499847412109375 55.08750152587890625 49.706249237060546875 46.16249847412109375 48.21875 55.924999237060546875 61.59999847412109375 67.3562469482421875 74.7312469482421875 78.8125 80.1999969482421875 81.21875 76.27500152587890625 69.9812469482421875 64.65625 59.674999237060546875
