data/historical-monthly-weather-data/wc2.1_cruts4.09_10m_prec_2001-06.asc
ncols        45
nrows        45
xllcorner    -63.500000000000
yllcorner    -7.500000000000
cellsize     0.166666666667
NODATA_value -9999
[rows 0 to 18 of 45, columns 0 to 43 of 45]
333.881256103515625 334.368743896484375 330.36248779296875 336.256256103515625 337.131256103515625 339.243743896484375 334.587493896484375 328.13751220703125 317.493743896484375 317.98748779296875 321.25 320.587493896484375 320.462493896484375 316.54376220703125 311.15625 307.568756103515625 301.212493896484375 293.712493896484375 285.76873779296875 281.46875 282.67498779296875 275.29376220703125 269.693756103515625 261.58123779296875 255.65625 251.3312530517578125 251.631256103515625 254.306243896484375 250.1875 247.850006103515625 240.40625 239.6125030517578125 241.6374969482421875 238.75 236.524993896484375 234.8562469482421875 232.443756103515625 231.931243896484375 226.756256103515625 224.28125 225.25 231.006256103515625 228.537506103515625 228.818756103515625
328.20623779296875 329.66876220703125 334.412506103515625 339.524993896484375 347.193756103515625 350.256256103515625 346.29998779296875 340.11248779296875 338.193756103515625 338.693756103515625 338.91876220703125 335.73126220703125 326.67498779296875 320.04998779296875 311.681243896484375 305.149993896484375 295.712493896484375 284.975006103515625 276.34375 273.3125 272.887481689453125 266.88751220703125 263.89373779296875 258.63751220703125 252.6999969482421875 247.1750030517578125 247.1374969482421875 246.131256103515625 242.1750030517578125 235.975006103515625 233.337493896484375 237.431243896484375 236.78125 235.537506103515625 234.818756103515625 229.3125 227.9375 225.850006103515625 221.3874969482421875 219.850006103515625 223.8125 219.662506103515625 223.7312469482421875 224.0124969482421875
312.65625 323.04376220703125 329.193756103515625 331.03125 341.431243896484375 350.243743896484375 352.100006103515625 357.662506103515625 358.17498779296875 358.89373779296875 355.89373779296875 346.837493896484375 338.51873779296875 323.34375 311.20623779296875 301.618743896484375 288.681243896484375 278.45001220703125 270.493743896484375 265.4375 266.04998779296875 266.524993896484375 263.16876220703125 262.46875 252.975006103515625 245.75 248.912506103515625 244.4562530517578125 236.056243896484375 235.8125 230.818756103515625 230.4499969482421875 229.0187530517578125 229.524993896484375 225.975006103515625 216.006256103515625 216.8249969482421875 218.037506103515625 214.9499969482421875 214.618743896484375 220.71875 219.818756103515625 221.037506103515625 219.881256103515625
295.068756103515625 299.556243896484375 313.225006103515625 323.125 331.212493896484375 342.212493896484375 353.375 364.087493896484375 371.875 376.45623779296875 369.86248779296875 355.693756103515625 340.774993896484375 323.306243896484375 310.287506103515625 298.318756103515625 280.67498779296875 272.006256103515625 264.45001220703125 267.368743896484375 266.23748779296875 260.943756103515625 260.118743896484375 261.57501220703125 251.78125 244.78125 243.71875 235.787506103515625 230.993743896484375 231.056243896484375 228.243743896484375 224.2624969482421875 222.3000030517578125 217.2062530517578125 213.7687530517578125 214.9812469482421875 216.2062530517578125 214.2062530517578125 210.8562469482421875 210.9250030517578125 215.5 219.84375 220.7062530517578125 218.78125
300.53125 301.125 297.118743896484375 310.79998779296875 328.73126220703125 336.850006103515625 350.850006103515625 370.71875 387.45623779296875 394.85626220703125 387.25 359.912506103515625 343.056243896484375 326.08123779296875 307.42498779296875 292.787506103515625 277.225006103515625 262.818756103515625 255.15625 255.9749908447265625 255.0124969482421875 254.7312469482421875 255.681243896484375 255.649993896484375 246.4562530517578125 241.0500030517578125 236.03125 233.912506103515625 228.9375 223.9499969482421875 224.28125 223.0437469482421875 218.5749969482421875 215.412506103515625 215.4250030517578125 211.28125 211.5124969482421875 212.7375030517578125 208.03125 205.837493896484375 211.0500030517578125 215.274993896484375 218.3125 220.9812469482421875
290.162506103515625 295.943756103515625 294.243743896484375 287.537506103515625 309.36248779296875 331.82501220703125 342.76251220703125 359.125 381.556243896484375 392.25 377.943756103515625 352.475006103515625 336.57501220703125 320.10626220703125 299.10626220703125 284.568756103515625 268.04998779296875 255.5187530517578125 252.524993896484375 251.4375 253.84375 252.5500030517578125 251.787506103515625 245.712493896484375 241.774993896484375 237.6999969482421875 230.21875 227.84375 223.6437530517578125 219.1999969482421875 222.09375 221.4187469482421875 220.725006103515625 215.9499969482421875 210.5749969482421875 214.068756103515625 210.4875030517578125 203.9250030517578125 204.568756103515625 209.712493896484375 210.443756103515625 216.537506103515625 216.943756103515625 218.8249969482421875
286.83123779296875 288.975006103515625 288.96875 288.34375 290.09375 299.149993896484375 310.59375 334.71875 345.32501220703125 355.34375 351.3125 333.243743896484375 323.568756103515625 312.08123779296875 293.6875 278.412506103515625 265.79998779296875 255.193756103515625 247.162506103515625 248.056243896484375 243.712493896484375 243.3625030517578125 241.037506103515625 239.087493896484375 240.5124969482421875 236.40625 227.9875030517578125 222.5187530517578125 217.9937591552734375 221.943756103515625 218.8312530517578125 214.618743896484375 212.243743896484375 212.943756103515625 214.7312469482421875 212.1687469482421875 203.756256103515625 200.9812469482421875 200.568756103515625 206.8562469482421875 207.568756103515625 211.3874969482421875 215.381256103515625 217.662506103515625
280.162506103515625 276.54376220703125 277.70001220703125 285.23126220703125 288.068756103515625 301.14373779296875 297.881256103515625 295.818756103515625 293.618743896484375 308.381256103515625 316.881256103515625 311.943756103515625 307.774993896484375 298.42498779296875 288.600006103515625 275.1875 259.306243896484375 251.337493896484375 243.8562469482421875 237.4375 245.9499969482421875 241.649993896484375 237.3562469482421875 234.524993896484375 235.681243896484375 228.975006103515625 222.2937469482421875 216.8312530517578125 212.6437530517578125 211.21875 217.1875 212.5437469482421875 211.5 210.2375030517578125 205.9375 202.337493896484375 198.4812469482421875 195.7687530517578125 191.1999969482421875 191.818756103515625 195.524993896484375 203.6374969482421875 202.837493896484375 201.40625
271.193756103515625 270.475006103515625 268.45001220703125 272.512481689453125 277.912506103515625 283.100006103515625 290.82501220703125 294.662506103515625 281.66876220703125 275.75 280.0625 282.15625 288.4375 283.506256103515625 277.66876220703125 265.725006103515625 261.59375 257.78125 253.3625030517578125 243.1062469482421875 234.9875030517578125 241.15625 231 235.1125030517578125 230.3625030517578125 225.1437530517578125 218.84375 216.149993896484375 216.96875 214.287506103515625 220.431243896484375 206.9499969482421875 197.6125030517578125 194.4187469482421875 196.2312469482421875 200.287506103515625 200.15625 200.2624969482421875 195.6374969482421875 191.28125 189.65625 188.96875 196.3937530517578125 194.6687469482421875
262.95001220703125 263.23748779296875 262.21875 265.681243896484375 269.79376220703125 273.23126220703125 278.76251220703125 277.70623779296875 275.98126220703125 272.475006103515625 267.96875 257.29376220703125 266.59375 267.868743896484375 267.33123779296875 263.5 257.91876220703125 263.10626220703125 260.381256103515625 255.78125 242.7624969482421875 236.6374969482421875 224.212493896484375 224.375 218.181243896484375 218.0500030517578125 213.600006103515625 209.25 206.162506103515625 209.1750030517578125 211.6687469482421875 203.0500030517578125 199.2937469482421875 197.162506103515625 193.818756103515625 195.087493896484375 198.0187530517578125 201 199.3125 201.65625 202.975006103515625 201.399993896484375 193.256256103515625 183.21875
258.287506103515625 256.381256103515625 255.0812530517578125 256.381256103515625 257.462493896484375 263.993743896484375 262.95001220703125 262.181243896484375 264.037506103515625 263.975006103515625 263.14373779296875 254.5 249.306243896484375 252.618743896484375 253.6875 254.712493896484375 253.40625 253.318756103515625 257.162506103515625 262.11248779296875 263.70001220703125 249.9187469482421875 227.71875 205.65625 208.59375 219.5187530517578125 217.524993896484375 209.1999969482421875 201.649993896484375 201.7375030517578125 202.8312530517578125 198.2249908447265625 197.193756103515625 196.524993896484375 195.1687469482421875 192.412506103515625 195.3937530517578125 196.037506103515625 202.5437469482421875 202.568756103515625 202.3312530517578125 197 193.4812469482421875 177.381256103515625
248.4499969482421875 247.8249969482421875 250.243743896484375 247.8874969482421875 249.6875 251.1999969482421875 256.4375 257.75 258.09375 250.8625030517578125 253.5500030517578125 249.912506103515625 236 239.6062469482421875 248.212493896484375 248.5 247.681243896484375 250.212493896484375 257.17498779296875 272.287506103515625 275.912506103515625 265.1875 240.587493896484375 211.399993896484375 205.693756103515625 206.1437530517578125 201.1437530517578125 198.4812469482421875 197.09375 194.59375 187.5500030517578125 188.3625030517578125 189.318756103515625 185.8937530517578125 188.8937530517578125 193.1062469482421875 199.149993896484375 201.7937469482421875 198.1062469482421875 203.787506103515625 204.4499969482421875 197.412506103515625 180.1374969482421875 155.0187530517578125
243.5812530517578125 241.3937530517578125 241.625 239.46875 242.3937530517578125 241.225006103515625 243.899993896484375 245.6062469482421875 242.337493896484375 239.600006103515625 240.131256103515625 240.943756103515625 236.975006103515625 225.193756103515625 228.4875030517578125 234.256256103515625 236.4375 242.837493896484375 242.056243896484375 254.7375030517578125 263.88751220703125 255.662506103515625 238.837493896484375 215.3937530517578125 196.1999969482421875 192.9499969482421875 193.4250030517578125 192.912506103515625 193.743743896484375 194.4375 185.774993896484375 179.3625030517578125 184.256256103515625 179.1062469482421875 181.375 188.53125 200.181243896484375 207.0749969482421875 216.46875 215.212493896484375 205.8625030517578125 195.2624969482421875 169.056243896484375 148.443756103515625
236.4499969482421875 234.7312469482421875 233.28125 231.9562530517578125 230.493743896484375 231.1437530517578125 230.8562469482421875 234.131256103515625 233.587493896484375 228.8312530517578125 227.931243896484375 224.9812469482421875 225.068756103515625 220.287506103515625 209.1374969482421875 218.96875 220.1875 223.03125 226.056243896484375 235.8312530517578125 242.6125030517578125 236.90625 225.306243896484375 212.962493896484375 200.462493896484375 190.6062469482421875 185.3312530517578125 181.9499969482421875 181.8312530517578125 181.2624969482421875 180.462493896484375 176.756256103515625 177.6062469482421875 179.4499969482421875 177.3562469482421875 192.3625030517578125 209.993743896484375 223.912506103515625 233.993743896484375 227.8625030517578125 199.625 180.1374969482421875 172.1437530517578125 171.712493896484375
224.4812469482421875 223.506256103515625 224.8249969482421875 225.243743896484375 223.287506103515625 223.28125 224.537506103515625 224.787506103515625 223.306243896484375 220.506256103515625 217.3562469482421875 215.78125 214.850006103515625 208.149993896484375 194.3562469482421875 200.7687530517578125 203.756256103515625 210.96875 209.3000030517578125 215.943756103515625 224.5437469482421875 222.243743896484375 218.7687530517578125 212.350006103515625 208.6687469482421875 200.912506103515625 195.649993896484375 190.149993896484375 190.7062530517578125 182.8625030517578125 174.1374969482421875 173.9812469482421875 182.09375 177.1875 169.7375030517578125 175.6062469482421875 203.9875030517578125 232.65625 238.53125 226.3000030517578125 211.53125 201.40625 199.90625 184.962493896484375
215.71875 212.837493896484375 214.368743896484375 212.7624969482421875 215.2375030517578125 216.1875 215.6437530517578125 214.0187530517578125 215.631256103515625 217.2312469482421875 213.7687530517578125 210.9875030517578125 209.84375 203.84375 192.743743896484375 177.618743896484375 184.7750091552734375 195.774993896484375 194.90625 200.381256103515625 206.881256103515625 208.9562530517578125 212.0437469482421875 213.431243896484375 211.40625 205.212493896484375 196.9375 193.662506103515625 190.756256103515625 190.75 184.8249969482421875 177.5625 170.15625 162.84375 157.0625 184.375 198.431243896484375 218.399993896484375 232.6437530517578125 236.96875 235.21875 226.556243896484375 210.462493896484375 188.006256103515625
205.2687530517578125 204.4625091552734375 203.5124969482421875 205.8687591552734375 207.850006103515625 209.71875 208.9875030517578125 208.8125 205.6999969482421875 205.1062469482421875 206.1437530517578125 205.556243896484375 201.0500030517578125 195.587493896484375 192.09375 179.0124969482421875 162.931243896484375 171.506256103515625 179.0187530517578125 182.7687530517578125 186.8625030517578125 194.6875 200.0124969482421875 209.837493896484375 208.9875030517578125 197.25 190.125 186.4250030517578125 190.4875030517578125 192.118743896484375 191.118743896484375 188.412506103515625 181.09375 180.537506103515625 192.431243896484375 203.5437469482421875 221.5187530517578125 237.0625 249.9375 240.09375 238.0437469482421875 222.90625 200.600006103515625 185.03125
193.006256103515625 193.6125030517578125 196.743743896484375 199.4250030517578125 202.306243896484375 206.5625 204.8937530517578125 203.818756103515625 200.7375030517578125 196.318756103515625 194.287506103515625 196.7687530517578125 191.068756103515625 186.993743896484375 186.3249969482421875 178.087493896484375 163.037506103515625 149.1062469482421875 166.350006103515625 164.6687469482421875 168.8125 176.8312530517578125 189.3312530517578125 197.6374969482421875 202.0749969482421875 191.524993896484375 181.462493896484375 185.96875 188.8937530517578125 186.306243896484375 176.7062530517578125 168.881256103515625 192.4375 198.868743896484375 204.243743896484375 238.087493896484375 252.024993896484375 246.3625030517578125 247.618743896484375 241.2687530517578125 219.0124969482421875 200.225006103515625 182.8625030517578125 172.524993896484375
182.15625 185.6187591552734375 189.125 193.21875 197.493743896484375 198.7062530517578125 198.412506103515625 196.899993896484375 195.837493896484375 193.8249969482421875 190.0437469482421875 182.899993896484375 178.875 177.3249969482421875 173.4499969482421875 168.399993896484375 164.850006103515625 147.962493896484375 142.225006103515625 143.787506103515625 154.399993896484375 168.5 164.087493896484375 177.756256103515625 182.943756103515625 188.693756103515625 186.4250030517578125 181.375 188.131256103515625 184.993743896484375 178.274993896484375 179.350006103515625 192.2062530517578125 196.1687469482421875 209.412506103515625 233.6062469482421875 237.943756103515625 230.6875 230.3874969482421875 217.5687408447265625 198.71875 176.837493896484375 167.1875 162.5749969482421875
