data/historical-monthly-weather-data/wc2.1_cruts4.09_10m_prec_1999-09.asc
ncols        51
nrows        45
xllcorner    -63.500000000000
yllcorner    -7.500000000000
cellsize     0.166666666667
NODATA_value -9999
[rows 20 to 39 of 45, columns 0 to 42 of 51]
113.09375 115.0124969482421875 117.28749847412109375 119.96875 122.5812530517578125 124.6437530517578125 126.9375 128.243743896484375 129.850006103515625 129.493743896484375 126.7312469482421875 122.96250152587890625 116.80625152587890625 109.1875 104.1687469482421875 97.94374847412109375 92.75624847412109375 91.0500030517578125 93.1437530517578125 94.5500030517578125 106.74375152587890625 121.59375 135.9812469482421875 146.4187469482421875 155.9812469482421875 159.712493896484375 155.818756103515625 149.5625 143.2375030517578125 140.625 139.4562530517578125 147.5812530517578125 161.4187469482421875 181.1999969482421875 203.2375030517578125 192.71875 173.193756103515625 160.725006103515625 151.149993896484375 141.7624969482421875 131.962493896484375 121.8562469482421875 116.7624969482421875
108.11875152587890625 108.8000030517578125 111.5124969482421875 114.875 119.06874847412109375 122.63124847412109375 125.11875152587890625 128.0625 130.3000030517578125 130.8312530517578125 129.21875 126.4187469482421875 122.33750152587890625 115.9187469482421875 110.15000152587890625 102.6750030517578125 97.375 95.09375 96.52500152587890625 97.8000030517578125 105.65625 118.25624847412109375 131.0749969482421875 140.78125 148.875 154.7687530517578125 156.875 152.8312530517578125 151.6999969482421875 150.943756103515625 150.274993896484375 154.3312530517578125 165.9499969482421875 181.774993896484375 189.8562469482421875 183.7687530517578125 167.5437469482421875 156.462493896484375 147.381256103515625 140.962493896484375 135.681243896484375 130.34375 128.46875
103.93125152587890625 105.8125 107.99375152587890625 111.8874969482421875 116.25624847412109375 120.0749969482421875 123.9250030517578125 127.7062530517578125 131.662506103515625 132.2062530517578125 133.256256103515625 131.899993896484375 130.6999969482421875 125.4250030517578125 116.8312530517578125 108.71875 101.94374847412109375 100.0500030517578125 99.28749847412109375 100.0812530517578125 107.07500457763671875 117.5124969482421875 127.49375152587890625 134.71875 143.84375 150.3874969482421875 152.6125030517578125 154.943756103515625 154.8874969482421875 153.375 154.3249969482421875 158.4250030517578125 165.868743896484375 173.524993896484375 174.8874969482421875 165.8937530517578125 156.681243896484375 148.537506103515625 143.462493896484375 142.462493896484375 142.84375 140.0812530517578125 139.181243896484375
101.8249969482421875 102.3125 105.34999847412109375 108.78125 112.46875 117.59375 122.0124969482421875 125.72499847412109375 129.618743896484375 131.2062530517578125 132.212493896484375 134.006256103515625 136.125 130.756256103515625 121.0500030517578125 112.3562469482421875 105.84375 103.58750152587890625 102.52500152587890625 102.1125030517578125 108.16249847412109375 116 125.4812469482421875 132.725006103515625 140.181243896484375 145.0437469482421875 147.2624969482421875 149.9250030517578125 153.993743896484375 154.0500030517578125 154.5749969482421875 158.212493896484375 162.412506103515625 166.3249969482421875 166.5812530517578125 157.662506103515625 152.375 149.5187530517578125 147.4250030517578125 150.212493896484375 151.90625 150.7062530517578125 151.806243896484375
101.1125030517578125 100.72499847412109375 102.9875030517578125 106.06874847412109375 112.71875 117.0124969482421875 120.65000152587890625 124.27500152587890625 127.53125 130.037506103515625 131.84375 132.193756103515625 132.4499969482421875 129.0124969482421875 121.99375152587890625 114.36875152587890625 108.7312469482421875 105.75 103.9562530517578125 103.90625 109.31874847412109375 115.4812469482421875 124.6374969482421875 131.6875 136.2375030517578125 142.631256103515625 145.0187530517578125 148.3312530517578125 152.4187469482421875 153.7312469482421875 153.7312469482421875 155.71875 160.8125 163.4375 162.3125 157.2750091552734375 156.631256103515625 156.34375 155.7624969482421875 158.6374969482421875 161.2312469482421875 162.6750030517578125 164.9812469482421875
102.6062469482421875 103.1750030517578125 103.91249847412109375 107.8125 112.28749847412109375 115.8874969482421875 119.66249847412109375 122.80625152587890625 125.5500030517578125 128.3499908447265625 128.8874969482421875 129.1437530517578125 128.4562530517578125 125.25624847412109375 120.50624847412109375 114.9812469482421875 109.84999847412109375 107.53125 105.44374847412109375 104.8312530517578125 109.33750152587890625 114.30625152587890625 122.53125 129.46875 134.4375 139.037506103515625 143.618743896484375 148.71875 151.9875030517578125 153.399993896484375 153.40625 155.787506103515625 158.0812530517578125 160.3000030517578125 161.8249969482421875 163.399993896484375 163.5500030517578125 164.993743896484375 167.84375 170.243743896484375 174.8125 175.875 178.431243896484375
106.1875 105.38124847412109375 106.25 109.3625030517578125 112.1999969482421875 115.49375152587890625 118.2312469482421875 120.27500152587890625 121.59375 124.11875152587890625 125.9250030517578125 126.1875 124.78749847412109375 122.46875 118.9375 114.6062469482421875 111.375 108.4812469482421875 106.6125030517578125 105.8125 109.84999847412109375 113.78749847412109375 120.11875152587890625 128.649993896484375 132.993743896484375 138.0187530517578125 142.6374969482421875 146.1875 149.78125 150.943756103515625 151.1999969482421875 152.1750030517578125 158.0187530517578125 162.03125 164.056243896484375 168.28125 171.8249969482421875 174.0749969482421875 177.8000030517578125 181.743743896484375 185.03125 187.1999969482421875 190.8000030517578125
109.8000030517578125 108.84999847412109375 109.65625 110.5124969482421875 112.77500152587890625 114.75624847412109375 117.05625152587890625 118.72499847412109375 119.25 121.6374969482421875 122.90625 122.7937469482421875 121.6062469482421875 120.59999847412109375 117.46250152587890625 114.1125030517578125 111.1999969482421875 108.84999847412109375 107.15625 107.09999847412109375 109.93125152587890625 113.35625457763671875 118.5124969482421875 125.84999847412109375 131.9562530517578125 136.412506103515625 140.40625 144.03125 147.493743896484375 149.6750030517578125 148.9875030517578125 150.412506103515625 158.149993896484375 163.493743896484375 168.287506103515625 173.5 180.8125 186.21875 190.587493896484375 194.787506103515625 198.78125 201.3000030517578125 200.131256103515625
113.94374847412109375 112.40625 111.47499847412109375 111.15625 111.94374847412109375 112.9499969482421875 114.40625 116.1687469482421875 117.1374969482421875 118.6062469482421875 119.46250152587890625 118.93125152587890625 119.1999969482421875 117.6999969482421875 115.11875152587890625 114.1875 113.3937530517578125 108.9499969482421875 107.15000152587890625 107.27500152587890625 109.8874969482421875 113.0187530517578125 117.5812530517578125 124.5500030517578125 129.1500091552734375 134.4375 138.256256103515625 142.65625 147.537506103515625 147.84375 146.756256103515625 148.243743896484375 155.931243896484375 164.1125030517578125 173.2624969482421875 179.506256103515625 189.681243896484375 198.5437469482421875 204.931243896484375 209.256256103515625 208.2937469482421875 206.40625 208.243743896484375
118.3937530517578125 115.94374847412109375 112.8312530517578125 111.19374847412109375 110.65625 111.5500030517578125 112.7937469482421875 114.1062469482421875 114.78125 115.53125 116.05625152587890625 116.7062530517578125 116.8562469482421875 116.09999847412109375 115.28749847412109375 113.6687469482421875 111.97499847412109375 109.65000152587890625 107.24375152587890625 107.19374847412109375 109.9375 113.4375 116.47499847412109375 121.7687530517578125 127.40625 133.4187469482421875 136.381256103515625 139.5 142.5 144.587493896484375 146.25 148.9875030517578125 156.524993896484375 165.3562469482421875 175.850006103515625 184.600006103515625 196.4499969482421875 209.462493896484375 212.8312530517578125 221.3874969482421875 224.2937469482421875 219.9375 216.943756103515625
120.65625 117.61875152587890625 114.96250152587890625 111.41249847412109375 110.3000030517578125 111.1437530517578125 111.0500030517578125 111.6750030517578125 112.6125030517578125 113.59999847412109375 113.9187469482421875 114.375 116.6999969482421875 115.90625 114.6750030517578125 113.11875152587890625 112.8312530517578125 110.9875030517578125 108.74375152587890625 109.3874969482421875 111.44374847412109375 114.78749847412109375 117.6875 121.56874847412109375 125.7624969482421875 131.1187591552734375 133.6312408447265625 136.0437469482421875 138.84375 139.993743896484375 143.993743896484375 148.443756103515625 156.274993896484375 168.1125030517578125 179.443756103515625 187.46875 200.6750030517578125 216.28125 224.725006103515625 233.274993896484375 236.149993896484375 229.75 224.2937469482421875
123.78749847412109375 118.6437530517578125 114.86875152587890625 111.7312469482421875 110.9812469482421875 110.40000152587890625 110.2062530517578125 110.5 111.5812530517578125 112.03125 112.71250152587890625 113.1437530517578125 113.59999847412109375 114.66249847412109375 115.00624847412109375 115.625 114.6999969482421875 113.4250030517578125 112.78749847412109375 114.33750152587890625 116.2062530517578125 116.61875152587890625 118.8562469482421875 121.09999847412109375 126.08750152587890625 128.3000030517578125 129.5625 132.9562530517578125 135.375 137.8562469482421875 142.524993896484375 146.475006103515625 155.681243896484375 167.4562530517578125 178.7624969482421875 187.8562469482421875 201.2624969482421875 215.09375 224.7937469482421875 234.4562530517578125 240.65625 234.118743896484375 228.975006103515625
124.3000030517578125 120.11875152587890625 115.72499847412109375 112.78749847412109375 111.49375152587890625 110.875 110.86875152587890625 110.06874847412109375 110.63124847412109375 110.40625 113.68125152587890625 113.0187530517578125 113.96250152587890625 117.03125 117.5500030517578125 119.09999847412109375 119.24375152587890625 120 119.88124847412109375 121.34999847412109375 121.81874847412109375 121.65625 121.38124847412109375 122.7312469482421875 125.8249969482421875 126.36875152587890625 127.11875152587890625 129.3625030517578125 131.4562530517578125 136.212493896484375 140.3000030517578125 145.1374969482421875 153.1374969482421875 164.193756103515625 176.0749969482421875 185.0437469482421875 196.4187469482421875 206.4812469482421875 215.6125030517578125 226.912506103515625 233.618743896484375 229.28125 225.9499969482421875
123.46250152587890625 120.50624847412109375 117.3625030517578125 114.3874969482421875 112.22499847412109375 111.3312530517578125 111.2937469482421875 110.41249847412109375 109.90625 110.53749847412109375 111.86875152587890625 114.25624847412109375 115.375 116.4562530517578125 119.03125 121.1999969482421875 124.03749847412109375 125.8937530517578125 127.30625152587890625 128.8312530517578125 128.5187530517578125 126.75624847412109375 125.13124847412109375 124.0500030517578125 124.1125030517578125 123.47499847412109375 123.58750152587890625 125.09375 126.31874847412109375 131.2937469482421875 136.850006103515625 142.537506103515625 150.556243896484375 160.1437530517578125 171.193756103515625 182.8000030517578125 191.0812530517578125 199.5 208.2624969482421875 215.943756103515625 221.6437530517578125 222.212493896484375 221.962493896484375
123.46875 121.00624847412109375 118.3562469482421875 116.28125 114.2624969482421875 112.3874969482421875 112.25624847412109375 111.1687469482421875 109.54375457763671875 110.08750152587890625 112.34375 115.78749847412109375 117.33750152587890625 118.9250030517578125 121.9375 125.36875152587890625 128.493743896484375 130.399993896484375 134.412506103515625 135.818756103515625 135.4250030517578125 132.5187530517578125 128.256256103515625 124.875 121.77500152587890625 120.90625 121.0437469482421875 121.0625 121.7624969482421875 126.4875030517578125 132.3249969482421875 137.693756103515625 145.6687469482421875 154.875 164.0187530517578125 172.868743896484375 182.243743896484375 193.0437469482421875 199.125 206.399993896484375 208.3312530517578125 207.850006103515625 210.75
122.75 120.1374969482421875 118.41249847412109375 116.72499847412109375 114.9562530517578125 113.65000152587890625 112.09999847412109375 111.90625 110.77500152587890625 110.5500030517578125 113.09999847412109375 116.34999847412109375 119.71250152587890625 122.5749969482421875 125.46875 129.118743896484375 131.9562530517578125 135.28125 139.46875 142.774993896484375 140.068756103515625 136.0500030517578125 129.806243896484375 124.6875 121.38124847412109375 119.34999847412109375 118.3625030517578125 118.3874969482421875 118.9562530517578125 122.7375030517578125 128.087493896484375 133.3562469482421875 139.3312530517578125 147.193756103515625 154.787506103515625 161.2624969482421875 171.912506103515625 180.149993896484375 185.212493896484375 190.431243896484375 194.600006103515625 193.6062469482421875 193.587493896484375
121.84999847412109375 119.9250030517578125 118.1687469482421875 116.27500152587890625 115.8125 114.56874847412109375 113.58750152587890625 112.8562469482421875 112.25624847412109375 110.94374847412109375 114.5625 121.66249847412109375 125.25624847412109375 127.68125152587890625 130.6687469482421875 132.9187469482421875 135.8312530517578125 137.8874969482421875 140.8812408447265625 143.2937469482421875 141.6750030517578125 135.3125 128.9875030517578125 123 119.27500152587890625 117.16875457763671875 115.40625 114.6374969482421875 115.0124969482421875 118.7062530517578125 123.00624847412109375 127.81874847412109375 133.568756103515625 140.068756103515625 146.287506103515625 152.7624969482421875 160.693756103515625 168.506256103515625 171.431243896484375 174.462493896484375 177.40625 176.0437469482421875 177.125
120.8249969482421875 119.875 118.59375 116.6125030517578125 116.5500030517578125 116.16249847412109375 115.65625 115.6374969482421875 115.81874847412109375 114.68125152587890625 124.86875152587890625 131.0749969482421875 132.537506103515625 133.524993896484375 135.3562469482421875 137.2937469482421875 137.3000030517578125 138.931243896484375 139.4875030517578125 139.4375 138.1125030517578125 132.256256103515625 126.5124969482421875 120.40625 116.05625152587890625 113.25 112.25 111.7062530517578125 111.875 115.15000152587890625 117.08750152587890625 120.83750152587890625 125.88124847412109375 132.875 138.6374969482421875 141.6437530517578125 147.9187469482421875 153.8937530517578125 158.693756103515625 161.8249969482421875 161.7624969482421875 163.475006103515625 161.4250030517578125
122.1125030517578125 120.6374969482421875 119.33750152587890625 118.2687530517578125 117.21875 116.9250030517578125 117.7375030517578125 119.125 121.78125 128.4812469482421875 140.100006103515625 140.4250030517578125 138.0187530517578125 138.84375 139.381256103515625 139.8125 139.2062530517578125 138.8000030517578125 136.84375 135.318756103515625 132.306243896484375 126.875 121.9875030517578125 116.5749969482421875 112.43125152587890625 109.28749847412109375 108.30625152587890625 108.7062530517578125 109.5124969482421875 112.81874847412109375 115.7624969482421875 118.22499847412109375 122.28749847412109375 125.86875152587890625 130.6437530517578125 133.9812469482421875 139.1062469482421875 143.6999969482421875 148.0749969482421875 148.7312469482421875 149.3562469482421875 151.243743896484375 149.5437469482421875
121.78125 120.05625152587890625 119.375 118.38124847412109375 117.93125152587890625 118.58750152587890625 118.75 121.5812530517578125 125.8125 133.3249969482421875 139.681243896484375 141.631256103515625 141.8312530517578125 142.3562469482421875 143.2375030517578125 141.993743896484375 140.649993896484375 138.1687469482421875 135.6875 131.5749969482421875 126.5437469482421875 121.16249847412109375 115.43125152587890625 110.69374847412109375 107.5124969482421875 105.0749969482421875 104.38124847412109375 105.75 106.28749847412109375 110.13750457763671875 111.09999847412109375 114.24375152587890625 118.83750152587890625 121.66249847412109375 125.1062469482421875 128.2375030517578125 131.03125 135.4187469482421875 138.287506103515625 136.256256103515625 137.2624969482421875 139.9375 138.71875
