data/historical-monthly-weather-data/wc2.1_cruts4.09_10m_prec_2021-04.asc
ncols        45
nrows        45
xllcorner    -63.500000000000
yllcorner    -7.500000000000
cellsize     0.166666666667
NODATA_value -9999
[rows 20 to 39 of 45, columns 0 to 43 of 45]
287.993743896484375 298.98748779296875 305.71875 311.03125 314.13751220703125 320.15625 324.67498779296875 323.04376220703125 315.38751220703125 303.100006103515625 288.09375 270.243743896484375 253.037506103515625 237.7937469482421875 219.8125 203.8625030517578125 190.3000030517578125 181.024993896484375 173.7624969482421875 166.40625 164.256256103515625 161.181243896484375 157.9250030517578125 161.5625 168.3625030517578125 175.212493896484375 183.1062469482421875 190.912506103515625 197.212493896484375 202.8562469482421875 205.1999969482421875 206.649993896484375 198.131256103515625 187.21875 177.5500030517578125 182.412506103515625 191.2375030517578125 195.818756103515625 194.8937530517578125 189.649993896484375 181.8312530517578125 175.6687469482421875 166.912506103515625 160.100006103515625
273.381256103515625 280.8125 288.82501220703125 299.76251220703125 306.975006103515625 311.068756103515625 315.756256103515625 316.875 308.79376220703125 293.07501220703125 273.01873779296875 249.868743896484375 230.3562469482421875 215.2062530517578125 202.524993896484375 189.1875 178.8125 170.2375030517578125 163.7062530517578125 157.21875 154.1125030517578125 152.9812469482421875 153.756256103515625 159.15625 167.2312469482421875 178.1875 194.5437469482421875 202.506256103515625 208.40625 213.962493896484375 215.8562469482421875 215.5812530517578125 208.162506103515625 200.743743896484375 196.6374969482421875 196.087493896484375 200.9875030517578125 203.875 200.4375 193.587493896484375 185.4250030517578125 177.78125 168.4250030517578125 160.4875030517578125
260.75 273.08123779296875 282.537506103515625 292.975006103515625 300.73748779296875 304.737518310546875 306.399993896484375 309.23126220703125 305.943756103515625 284.13751220703125 257.756256103515625 230.7624969482421875 209.3937530517578125 195.868743896484375 186.568756103515625 177.2062530517578125 167.287506103515625 159.3874969482421875 152.8625030517578125 146.743743896484375 145.8125 146.068756103515625 146.899993896484375 153.725006103515625 164.6750030517578125 178.2624969482421875 196.381256103515625 207.287506103515625 214.9375 220.2937469482421875 224.556243896484375 226.8125 224.024993896484375 220.0625 218.537506103515625 214.6125030517578125 214.6875 214.59375 208.568756103515625 198.7874908447265625 188.9562530517578125 179.350006103515625 169.3562469482421875 160.6062469482421875
252.7062530517578125 265.162506103515625 276.443756103515625 284.649993896484375 291.38751220703125 294.20001220703125 297.09375 296.787506103515625 290.26873779296875 267.712493896484375 241.2687530517578125 217.2312469482421875 193.2062530517578125 182.899993896484375 175.9499969482421875 167.743743896484375 158.6875 153.4187469482421875 147.6374969482421875 143.03125 141.8625030517578125 140.90625 141.600006103515625 149.6437530517578125 160.493743896484375 171.587493896484375 187.600006103515625 203.6125030517578125 215.8125 226.556243896484375 235.5625 243.7375030517578125 243.59375 240.3937530517578125 239.1999969482421875 234.4187469482421875 232.1750030517578125 227.6374969482421875 217.9187469482421875 205.625 194.493743896484375 183.21875 172.2062530517578125 162.243743896484375
248.337493896484375 260.693756103515625 270.193756103515625 279.03125 286.32501220703125 286.25 284.912506103515625 281.318756103515625 269.36248779296875 251.837493896484375 228.90625 206.40625 189.225006103515625 175.65625 167.4562530517578125 159.806243896484375 153.181243896484375 149.087493896484375 144.78125 140.25 138.368743896484375 136.8874969482421875 137.3312530517578125 144.1374969482421875 153.837493896484375 167.7624969482421875 185.068756103515625 201.993743896484375 218.2375030517578125 235.5 250.2624969482421875 263.40625 265.09375 261.71875 257.90625 249.725006103515625 244.587493896484375 236.381256103515625 225.256256103515625 213.1374969482421875 200.7375030517578125 187.84375 176.443756103515625 165.03125
252.0437469482421875 262.381256103515625 266.0625 272.912506103515625 277.225006103515625 275.212493896484375 271.39373779296875 264.868743896484375 250.0562591552734375 232.8125 215.4562530517578125 199.181243896484375 184.1062469482421875 171.975006103515625 162.837493896484375 156.46875 150.131256103515625 146.881256103515625 142.962493896484375 138.212493896484375 137.024993896484375 134.337493896484375 133.068756103515625 137.0124969482421875 148.712493896484375 164.7062530517578125 185.34375 203.725006103515625 223.90625 243.1750030517578125 264.256256103515625 283.38751220703125 286.95001220703125 280.28125 272.07501220703125 262.40625 254.625 245.412506103515625 232.6999969482421875 219.943756103515625 207.462493896484375 192.993743896484375 179.681243896484375 166.712493896484375
255.256256103515625 261.25 264.45623779296875 267.462493896484375 267.76251220703125 265.243743896484375 259.16876220703125 250.28125 236.881256103515625 225.1125030517578125 212.131256103515625 198.212493896484375 185.7437591552734375 175.2312469482421875 167.1999969482421875 160.774993896484375 154.600006103515625 150.4562530517578125 146.993743896484375 142.868743896484375 139.631256103515625 135.8562469482421875 132.475006103515625 135.712493896484375 149.1999969482421875 164.75 186.375 206.2687530517578125 228.3000030517578125 249.42498779296875 273.65625 296.337493896484375 303.04998779296875 294.11248779296875 283.962493896484375 273.07501220703125 264.51251220703125 255.100006103515625 241.131256103515625 228.09375 214.4187469482421875 200.587493896484375 186.6750030517578125 174.381256103515625
260.3125 262.84375 262.75 262.068756103515625 260.774993896484375 255.40625 249.15625 238.7687530517578125 228.5749969482421875 218.8249969482421875 206.6374969482421875 196.7687530517578125 186.9562530517578125 179.0625 172.350006103515625 165.649993896484375 160.412506103515625 157.7375030517578125 153.125 149.399993896484375 146.34375 141.806243896484375 140.943756103515625 144.725006103515625 155.4250030517578125 170.1125030517578125 189.5437469482421875 210.1437530517578125 231.7062530517578125 253.4250030517578125 275.70001220703125 296.368743896484375 301.88751220703125 296.649993896484375 290.287506103515625 280.11248779296875 272.981231689453125 264.600006103515625 250.90625 237.2375030517578125 223.90625 210.118743896484375 196.3125 185.181243896484375
262.943756103515625 263.83123779296875 260.28125 257.443756103515625 253.21875 245.1437530517578125 237.5749969482421875 230.381256103515625 223.3125 213.9250030517578125 204.912506103515625 197.149993896484375 189.0500030517578125 182.9875030517578125 178.6125030517578125 174.5500030517578125 170.2687530517578125 165.662506103515625 162.056243896484375 157.6999969482421875 154.90625 150.6999969482421875 150.162506103515625 155.4375 164.3874969482421875 177.587493896484375 196.1062469482421875 215.4875030517578125 235.899993896484375 255.8125 274.01251220703125 291.212493896484375 294.193756103515625 293.79376220703125 291.006256103515625 284.375 279.70623779296875 273.524993896484375 260.931243896484375 246.3249969482421875 231.149993896484375 217.8625030517578125 205.6750030517578125 200.600006103515625
264.20623779296875 263.181243896484375 259.100006103515625 253.0812530517578125 249.2375030517578125 242.9812469482421875 236.6125030517578125 230.9875030517578125 224.3874969482421875 216.493743896484375 209.8625030517578125 203.4375 198.618743896484375 193.7375030517578125 189.6374969482421875 185.2937469482421875 181.1687469482421875 178.71875 174.3249969482421875 168.5124969482421875 164.350006103515625 161.9875030517578125 162.34375 166.662506103515625 173.9499969482421875 185.5500030517578125 203.0812530517578125 220 238.587493896484375 255.3125 270.75 283.41876220703125 287.181243896484375 289.693756103515625 290.36248779296875 286.850006103515625 285.493743896484375 281.993743896484375 269.71875 258.65625 247.181243896484375 235.725006103515625 223.9562530517578125 219.381256103515625
262.931243896484375 259.70001220703125 255.28125 250.681243896484375 247.90625 241.943756103515625 237.2062530517578125 231.1999969482421875 225.8249969482421875 220.6875 215.943756103515625 211.462493896484375 209.0625 203.96875 200.8312530517578125 197.162506103515625 194.3937530517578125 192.087493896484375 188.3000030517578125 182.850006103515625 178.118743896484375 174.462493896484375 173.6437530517578125 176.1999969482421875 181.625 194.462493896484375 208.587493896484375 224.8312530517578125 241.03125 253.6999969482421875 266.743743896484375 277.40625 283.006256103515625 286.743743896484375 288.431243896484375 288.33123779296875 287.243743896484375 286.45001220703125 279.36248779296875 270.712493896484375 261.556243896484375 250.84375 241.462493896484375 234.4499969482421875
258.368743896484375 253.899993896484375 250.256256103515625 248.506256103515625 245.96875 239.53125 235.7750091552734375 230.5500030517578125 226.4187469482421875 222.5187530517578125 220.1125030517578125 219.462493896484375 216.993743896484375 214.1374969482421875 211.350006103515625 208.631256103515625 204.4562530517578125 202.649993896484375 198.662506103515625 195.6500091552734375 191.212493896484375 187.1999969482421875 184.65625 187.0500030517578125 193.7937469482421875 203.21875 214.818756103515625 229.6999969482421875 242.787506103515625 253.9187469482421875 265.23126220703125 274.26873779296875 278.149993896484375 282.524993896484375 285.84375 287.375 289.475006103515625 288.89373779296875 283.631256103515625 277.118743896484375 273.668731689453125 265.67498779296875 257 250.71875
247.118743896484375 241.8937530517578125 240.0124969482421875 238.71875 238.4812469482421875 234.587493896484375 231.2624969482421875 229.3937530517578125 225.931243896484375 224.475006103515625 226.3249969482421875 225.8937530517578125 226.6999969482421875 226.524993896484375 223.9875030517578125 220.7687530517578125 217.8562469482421875 216.3874969482421875 211.6750030517578125 207.7062530517578125 204.75 200.806243896484375 197.537506103515625 199.587493896484375 205.6687469482421875 211.40625 222.25 233.756256103515625 245.1999969482421875 255.318756103515625 263.42498779296875 269.76873779296875 273.212493896484375 278.087493896484375 282.162506103515625 285.587493896484375 287.875 289.006256103515625 283.899993896484375 284.51873779296875 281.712493896484375 275.3125 269.806243896484375 266.29998779296875
233.649993896484375 230.399993896484375 230.1437530517578125 229.681243896484375 229.625 229.756256103515625 229.375 228.2062530517578125 225.587493896484375 225.1437530517578125 226.975006103515625 231.368743896484375 235.399993896484375 235.4562530517578125 234.4812469482421875 231.306243896484375 229.350006103515625 227.8249969482421875 223.912506103515625 219.962493896484375 216.9499969482421875 213.4499969482421875 210.4375 209.84375 215.25 219.4499969482421875 227.28125 236.75 246.743743896484375 253.5687408447265625 259.8125 266.07501220703125 269.5 273.975006103515625 278.5625 281.67498779296875 284.868743896484375 283.96875 285.51873779296875 287.28125 285.48126220703125 282.71875 280.38751220703125 279.5
218.8874969482421875 218.1437530517578125 219.993743896484375 219.5500030517578125 220.0500030517578125 221.5812530517578125 222.962493896484375 224.5812530517578125 221.6750030517578125 220.8874969482421875 226.537506103515625 235.5437469482421875 244.149993896484375 249.1062469482421875 247.5812530517578125 244.712493896484375 241.2375030517578125 237.6687469482421875 235.631256103515625 230.3937530517578125 228.7624969482421875 224.131256103515625 221.2375030517578125 218.6999969482421875 221.8187408447265625 226.4875030517578125 232.9812469482421875 239.4562530517578125 247.8125 254.1437530517578125 258.08123779296875 263.13751220703125 265.1875 270.09375 273.600006103515625 275.875 277.11248779296875 283.20001220703125 285.881256103515625 287.65625 287.20623779296875 286.89373779296875 287.337493896484375 287.76251220703125
204.568756103515625 205.46875 207.1125030517578125 207.4124908447265625 207.65625 208.65625 210.78125 211.943756103515625 209.381256103515625 210.0124969482421875 217.350006103515625 231.4250030517578125 246.649993896484375 255.1875 255.368743896484375 253.5124969482421875 251.1750030517578125 248.3125 246.15625 243.3312530517578125 239.9875030517578125 236.100006103515625 229.850006103515625 227.681243896484375 228.243743896484375 231.337493896484375 237.1875 243.274993896484375 249.96875 253.875 256.837493896484375 259.61248779296875 261.212493896484375 266.125 267.9375 267.16876220703125 272.64373779296875 278.087493896484375 279.524993896484375 281.96875 284.04376220703125 284.21875 284.568756103515625 286.39373779296875
190.962493896484375 193.100006103515625 194.4375 195.4875030517578125 195.78125 197.2375030517578125 199.6999969482421875 199.2937469482421875 196.5812530517578125 196.6437530517578125 209.0187530517578125 231.1062469482421875 247.0374908447265625 256.131256103515625 260 260.131256103515625 257.20001220703125 255.5749969482421875 254.4875030517578125 250.3125 247.3874969482421875 242.7687530517578125 236.475006103515625 234.181243896484375 233.006256103515625 234.850006103515625 240.5250091552734375 246.2375030517578125 251.118743896484375 253.1374969482421875 256.024993896484375 258.625 259.78125 261.79376220703125 262.399993896484375 263.46875 268.15625 273.662506103515625 276.84375 276.61248779296875 278.65625 279.162506103515625 281.51873779296875 283.40625
179.84375 180.8937530517578125 181.868743896484375 183.78125 184.587493896484375 187.068756103515625 189.087493896484375 188.774993896484375 189.59375 190.524993896484375 210.5500030517578125 234.1125030517578125 248.71875 258.67498779296875 262.962493896484375 264.65625 261.98748779296875 261.58123779296875 258.1875 253.3312530517578125 250.212493896484375 245.024993896484375 240.8625030517578125 238.1062469482421875 236.087493896484375 238.3937530517578125 241.087493896484375 247.3937530517578125 252.193756103515625 254.09375 254.100006103515625 256.10626220703125 258.40625 258.90625 256.89373779296875 261.056243896484375 264.86248779296875 267.70623779296875 272.45001220703125 273.04998779296875 272.943756103515625 274.693756103515625 275.287506103515625 276.33123779296875
168.681243896484375 168.1374969482421875 169.681243896484375 172.368743896484375 174.743743896484375 176.7312469482421875 179.75 182.3312530517578125 188.90625 201.318756103515625 222.556243896484375 236.6687469482421875 245.587493896484375 255.8125 261.681243896484375 263.693756103515625 263.774993896484375 262.59375 256.993743896484375 253.556243896484375 249.462493896484375 243.9562530517578125 240.0812530517578125 238.9375 237.9499969482421875 237.7937469482421875 240.6374969482421875 245.725006103515625 249.5625 252.78125 253.931243896484375 253.318756103515625 255.0187530517578125 256.8125 259.6875 260.67498779296875 261.881256103515625 265.13751220703125 266.756256103515625 265.149993896484375 265.5 267.54376220703125 266.96875 268.95001220703125
157.1125030517578125 157.09375 159.306243896484375 162.524993896484375 165.4812469482421875 169.2312469482421875 172.037506103515625 178.475006103515625 188.118743896484375 200.9562530517578125 216.618743896484375 231.181243896484375 241.4562530517578125 252.1125030517578125 259.17498779296875 262.86248779296875 264.9375 263.46875 257 251.8062591552734375 246.462493896484375 243.2312469482421875 237.0625 235.5625 237.2624969482421875 237.8562469482421875 240.4562530517578125 244.7624969482421875 248.118743896484375 250.9000091552734375 250.443756103515625 254.5 258.375 259.89373779296875 262.431243896484375 262.462493896484375 262.087493896484375 263.787506103515625 263.13751220703125 258.95001220703125 257.70001220703125 259.056243896484375 257.11248779296875 258.09375
