data/historical-monthly-weather-data/wc2.1_cruts4.09_10m_prec_2024-02.asc
ncols        45
nrows        45
xllcorner    -63.500000000000
yllcorner    -7.500000000000
cellsize     0.166666666667
NODATA_value -9999
[rows 20 to 39 of 45, columns 0 to 44 of 45]
185.806243896484375 194.6125030517578125 202.756256103515625 211.306243896484375 222.318756103515625 233.0500030517578125 244.662506103515625 256.431243896484375 266.83123779296875 276.17498779296875 284.40625 294.225006103515625 305.21875 315.15625 306.631256103515625 289.587493896484375 275.33123779296875 265.287506103515625 262.41876220703125 260.42498779296875 260.53125 259.84375 257.82501220703125 255.5812530517578125 253.7624969482421875 252.84375 253.1875 253.537506103515625 254.774993896484375 255.5437469482421875 250.7062530517578125 240.056243896484375 220.318756103515625 197.118743896484375 175.9187469482421875 181.09375 195.1999969482421875 203.6312408447265625 204.243743896484375 198.9375 189.587493896484375 180.7624969482421875 172.681243896484375 165.243743896484375 162.5749969482421875
180.6750030517578125 190.5749969482421875 199.5500030517578125 210.068756103515625 221.0187530517578125 232.4562530517578125 244.3625030517578125 256.4375 266.71875 273.85626220703125 278.75 283.51873779296875 288.681243896484375 292.337493896484375 290.524993896484375 282.274993896484375 273.23748779296875 265.98748779296875 261.837493896484375 259.412506103515625 256.16876220703125 254.0500030517578125 253.649993896484375 251.1687469482421875 249.9250030517578125 250.350006103515625 252.1999969482421875 253.5812530517578125 256.20001220703125 258.800018310546875 257.368743896484375 248.0749969482421875 230.493743896484375 212.399993896484375 199.100006103515625 199.4875030517578125 207.03125 210.78125 207.5187530517578125 199.9937591552734375 190.53125 181.9187469482421875 173.2624969482421875 165.162506103515625 162.625
178.225006103515625 189.3312530517578125 198.118743896484375 208.8937530517578125 219.90625 232.318756103515625 243.256256103515625 255.681243896484375 266.36248779296875 270.09375 270.60626220703125 270.08123779296875 269.649993896484375 271.893768310546875 274.95001220703125 273.243743896484375 268.443756103515625 263.84375 259.475006103515625 255.274993896484375 251.6125030517578125 248.118743896484375 246.0749969482421875 243.625 243.818756103515625 245.931243896484375 248.625 251.4562530517578125 256.024993896484375 261.01873779296875 263.318756103515625 260.14373779296875 244.5999908447265625 231.0500030517578125 224.943756103515625 224.8625030517578125 225.5437469482421875 222.71875 214.4812469482421875 202.912506103515625 191.8625030517578125 182.774993896484375 173.6374969482421875 165.350006103515625 162.9499969482421875
178.4499969482421875 189.09375 197.912506103515625 207.2312469482421875 218.068756103515625 230.1875 241.84375 252.693756103515625 262.162506103515625 263.868743896484375 262.98126220703125 260.51251220703125 255.118743896484375 259.3125 264.88751220703125 265.79376220703125 263.64373779296875 261.23126220703125 257.23748779296875 252.40625 247.2062530517578125 242.34375 238.8312530517578125 236.625 237.568756103515625 239.037506103515625 243.850006103515625 248.837493896484375 253.9625091552734375 260.76873779296875 265.462493896484375 264.975006103515625 254.1750030517578125 245.3125 242.931243896484375 244.1374969482421875 241.306243896484375 231.96875 219.618743896484375 206.225006103515625 194.412506103515625 184.337493896484375 175.1062469482421875 167.225006103515625 165.818756103515625
182.118743896484375 191.09375 198.881256103515625 207.9875030517578125 218.943756103515625 228.9562530517578125 239.431243896484375 248.787506103515625 255.125 257.756256103515625 257.70001220703125 256.25 254.9562530517578125 257.20001220703125 260.08123779296875 261.9375 261.96875 259.868743896484375 256.006256103515625 250.7062530517578125 244.5625 237.443756103515625 231.537506103515625 228.40625 229.0124969482421875 234.1875 239.2062530517578125 245.8000030517578125 251.4812469482421875 258.16876220703125 262.65625 263.17498779296875 257.53125 252.462493896484375 250.6125030517578125 247.943756103515625 243.131256103515625 233.3625030517578125 220.587493896484375 207.462493896484375 195.681243896484375 185.46875 176.568756103515625 169.7375030517578125 167.96875
190.4187469482421875 198.118743896484375 203.6999969482421875 211.4187469482421875 220.75 229.625 237.600006103515625 245.243743896484375 250.493743896484375 253.462493896484375 254.4499969482421875 255.212493896484375 256.65625 257.95001220703125 260.3125 261.42498779296875 261.712493896484375 259.681243896484375 256.631256103515625 251.068756103515625 243.243743896484375 233.462493896484375 224.5625 219.1125030517578125 222.4499969482421875 229.40625 237.3249969482421875 243.2312469482421875 249.3312530517578125 254.8000030517578125 258.76873779296875 260.40625 257.08123779296875 253.837493896484375 251.65625 247.0625 240.993743896484375 232.2687530517578125 219.118743896484375 206.8249969482421875 195.65625 185.96875 176.993743896484375 170.5625 170.462493896484375
200.0500030517578125 205.837493896484375 209.8625030517578125 216.537506103515625 223.3874969482421875 229.7687530517578125 236.625 241.837493896484375 246.7312469482421875 250.806243896484375 253.618743896484375 255.693756103515625 258.48748779296875 261.024993896484375 262.899993896484375 264.8125 264.95623779296875 263.162506103515625 259.54376220703125 253.493743896484375 244.462493896484375 234.037506103515625 222.53125 215.3874969482421875 221.5 229.193756103515625 236.7062530517578125 242.743743896484375 247.712493896484375 252.7062530517578125 256.86248779296875 257.743743896484375 255.1750030517578125 254.0749969482421875 250.4375 245.46875 239.1437530517578125 230.0500030517578125 218.1875 206.149993896484375 195.1374969482421875 185.8249969482421875 177.3625030517578125 171.318756103515625 173.1687469482421875
210.375 213.5625 216.84375 221.3562469482421875 225.875 229.962493896484375 235.6687469482421875 241.0500030517578125 245.5437469482421875 250.1999969482421875 253.28125 256.375 259.73126220703125 262.95001220703125 265.65625 268.256256103515625 268.67498779296875 268.26251220703125 264.42498779296875 258.993743896484375 250.524993896484375 240.21875 231.7624969482421875 225.881256103515625 227.5187530517578125 233.125 239.1125030517578125 244.306243896484375 248.28125 252.725006103515625 256.3125 257.90625 256.631256103515625 253.306243896484375 249.0437469482421875 243.868743896484375 236.381256103515625 228.4499969482421875 216.712493896484375 204.681243896484375 194.03125 185.8937530517578125 178.2624969482421875 173.568756103515625 177.09375
219.368743896484375 221.1374969482421875 222.5749969482421875 225.462493896484375 228.693756103515625 231.431243896484375 235.7687530517578125 240.0437469482421875 244.90625 249.8937530517578125 253.524993896484375 257.14373779296875 260.73748779296875 265.600006103515625 269.375 273.412506103515625 275.631256103515625 274.53125 272.42498779296875 266.975006103515625 259.3125 249.631256103515625 243.34375 238.368743896484375 236.8000030517578125 239.087493896484375 243.7687530517578125 247.59375 251.6687469482421875 255.256256103515625 257.243743896484375 259.0625 256.45623779296875 252.65625 248.6125030517578125 242.2062530517578125 235.5437469482421875 227.8937530517578125 217.53125 205.0500030517578125 193.0500030517578125 185.2312469482421875 180.1750030517578125 178.287506103515625 183.09375
226.2312469482421875 225.7312469482421875 226.28125 227.6750030517578125 230.568756103515625 233.0124969482421875 236.1125030517578125 239.7375030517578125 243.912506103515625 249.2375030517578125 253.7687530517578125 258.90625 263.8125 269.818756103515625 274.82501220703125 278.38751220703125 282.024993896484375 283.59375 282.26873779296875 276.625 268.48748779296875 260.46875 254.84375 249.375 246.40625 246.975006103515625 249.8874969482421875 252.1999969482421875 255.037506103515625 257.212493896484375 259.54376220703125 260.98126220703125 257.3125 253.5 248.6437530517578125 242.806243896484375 235.600006103515625 228.8249969482421875 218.131256103515625 206.506256103515625 197.6999969482421875 192.318756103515625 188.0124969482421875 187.5749969482421875 189.3625030517578125
230.78125 228.931243896484375 227.8249969482421875 228.84375 230.4812469482421875 233.100006103515625 235.9562530517578125 239.524993896484375 243.712493896484375 248.649993896484375 255.056243896484375 261.787506103515625 268.600006103515625 274.287506103515625 279.181243896484375 284.32501220703125 289.087493896484375 291.95623779296875 292.524993896484375 286.943756103515625 278.587493896484375 270.306243896484375 264.287506103515625 258.568756103515625 254.9562530517578125 254.625 256.006256103515625 257.57501220703125 259.25 260.46875 261.975006103515625 263 260.09375 256.243743896484375 251.5 244.256256103515625 237.475006103515625 231.431243896484375 221.1750030517578125 209.868743896484375 202.65625 200.25 197.806243896484375 196.118743896484375 197.912506103515625
231.1374969482421875 228.5437469482421875 227.5437469482421875 228.493743896484375 229.4250030517578125 231.59375 234.8125 237.537506103515625 241.743743896484375 247.8562469482421875 254.6374969482421875 262.89373779296875 271.36248779296875 279.006256103515625 284.5 290.82501220703125 293.8125 296.08123779296875 296.57501220703125 293.26873779296875 286.037506103515625 279.006256103515625 272.337493896484375 266.875 263.51251220703125 262.04376220703125 262.07501220703125 262.774993896484375 263.768768310546875 265.087493896484375 266.037506103515625 266.07501220703125 263.056243896484375 258.83123779296875 254.2624969482421875 247.2624969482421875 240.7624969482421875 234.1999969482421875 224.4187469482421875 216.40625 211.993743896484375 210.78125 209.3562469482421875 209.068756103515625 211.975006103515625
224.125 222.5124969482421875 222.6687469482421875 223.662506103515625 224.443756103515625 227.25 230.3000030517578125 233.9875030517578125 239.03125 245.8000030517578125 254.65625 264.287506103515625 275.59375 285.681243896484375 291.60626220703125 295.975006103515625 298.306243896484375 300.787506103515625 299.818756103515625 297.25 291.875 285.212493896484375 279.1875 273.681243896484375 270.556243896484375 268.975006103515625 268.26873779296875 269.15625 269.79998779296875 269.96875 270.78125 269.98126220703125 266.381256103515625 262.931243896484375 259.056243896484375 253.193756103515625 246.725006103515625 239.3562469482421875 231.2687530517578125 227.4499969482421875 224.524993896484375 224.2375030517578125 224.743743896484375 226.5124969482421875 233.837493896484375
216.5124969482421875 215.181243896484375 215.931243896484375 217.8249969482421875 218.9812469482421875 221.8312530517578125 225.6437530517578125 230.2312469482421875 234.225006103515625 241.34375 251.412506103515625 264.693756103515625 279.699981689453125 291.67498779296875 297.725006103515625 301.462493896484375 303.1875 304.5 303.32501220703125 300.95001220703125 295.57501220703125 289.20001220703125 284.193756103515625 278.993743896484375 276.287506103515625 274.712493896484375 274.03125 274.243743896484375 275.16876220703125 275.506256103515625 275.85626220703125 274.787506103515625 272.0625 268.462493896484375 263.82501220703125 258.66876220703125 252.28125 245.59375 240.21875 237.9250030517578125 235.899993896484375 237.1437530517578125 240.662506103515625 244.506256103515625 253.256256103515625
208.381256103515625 208.212493896484375 209.556243896484375 210.8625030517578125 212.931243896484375 216.4375 219.875 224.1687469482421875 227.59375 234.462493896484375 246.8625030517578125 264.931243896484375 284.193756103515625 298.806243896484375 304.09375 306.899993896484375 307.09375 307.15625 306.60626220703125 303.54376220703125 299.32501220703125 292.66876220703125 287.493743896484375 282.17498779296875 280.274993896484375 278.40625 278.45623779296875 279.3125 280.306243896484375 280.75 280.087493896484375 280.087493896484375 277.33123779296875 274.25 269.756256103515625 263.943756103515625 257.29376220703125 253.243743896484375 250.118743896484375 247.506256103515625 246.6999969482421875 248.0812530517578125 252.15625 257.100006103515625 264.818756103515625
198.9812469482421875 199.524993896484375 200.8625030517578125 201.818756103515625 203.40625 207.399993896484375 210.693756103515625 214.162506103515625 217.662506103515625 225.3000030517578125 240.712493896484375 261.899993896484375 284.412506103515625 301.287506103515625 307.14373779296875 310.08123779296875 311.3125 310.66876220703125 307.943756103515625 305.475006103515625 300.712493896484375 295.17498779296875 289.274993896484375 285.11248779296875 282.462493896484375 281.01873779296875 281.5625 284.09375 285.5 285.318756103515625 285.212493896484375 285.15625 283.5 281.15625 276.25 270.14373779296875 266.26873779296875 261.28125 257.88751220703125 256.63751220703125 256.91876220703125 257.64373779296875 260.274993896484375 265.493743896484375 271.318756103515625
190.2687530517578125 191.056243896484375 191.912506103515625 194.037506103515625 195.4499969482421875 199.2687530517578125 202.5437469482421875 205.53125 208.71875 212.899993896484375 234.0187530517578125 262.51251220703125 284.83123779296875 300.46875 308.1875 311.837493896484375 313.725006103515625 312.556243896484375 310.475006103515625 306.63751220703125 301.056243896484375 294.86248779296875 289.256256103515625 285.524993896484375 283.03125 282.48748779296875 283.83123779296875 286.63751220703125 289.493743896484375 289.38751220703125 289.28125 289.13751220703125 288.899993896484375 287.29376220703125 283.73126220703125 279.65625 274.58123779296875 269.73748779296875 266.61248779296875 264.662506103515625 263.6875 264.75 267.25 271.54376220703125 276.556243896484375
181.631256103515625 182.7624969482421875 184.0749969482421875 186.024993896484375 188.1999969482421875 192.243743896484375 196.306243896484375 200.318756103515625 206.618743896484375 211.1687469482421875 242.5124969482421875 272.83123779296875 289.712493896484375 301.64373779296875 309.274993896484375 313.475006103515625 314.42498779296875 313.28125 309.70623779296875 304.681243896484375 299.131256103515625 292.368743896484375 287.48126220703125 284.15625 282.725006103515625 282.912506103515625 284.774993896484375 288.756256103515625 292.45623779296875 293.57501220703125 292.493743896484375 292.743743896484375 293.149993896484375 292.95001220703125 289.98126220703125 286.88751220703125 282.3125 278.04998779296875 274.84375 272.01251220703125 269.787506103515625 270.662506103515625 271.76873779296875 274.57501220703125 279.381256103515625
174.03125 174.6125030517578125 176.100006103515625 179.15625 181.6062469482421875 186.7375030517578125 192.943756103515625 200.118743896484375 211.9187469482421875 233.0625 268.10626220703125 282.90625 293 303.29998779296875 310.693756103515625 314.07501220703125 315.86248779296875 313.168731689453125 307.83123779296875 302.0625 294.85626220703125 287.84375 283.975006103515625 280.8125 280.024993896484375 281.881256103515625 284.537506103515625 289.04376220703125 293.787506103515625 295.337493896484375 296.39373779296875 296.67498779296875 297.01251220703125 297.21875 297.212493896484375 294.10626220703125 289.11248779296875 285.60626220703125 281.53125 276.568756103515625 274.04376220703125 273.65625 274.4375 276.33123779296875 280.33123779296875
166.475006103515625 166.8874969482421875 168.993743896484375 171.868743896484375 175.125 181.6125030517578125 188.912506103515625 199.1999969482421875 214.375 236.3812408447265625 261.243743896484375 278.806243896484375 292.725006103515625 304.212493896484375 311.45623779296875 316.131256103515625 318.149993896484375 314.068756103515625 306.84375 300.225006103515625 290.118743896484375 282.34375 277.63751220703125 275.306243896484375 276.9375 279.60626220703125 283.48126220703125 288.806243896484375 294.57501220703125 296.89373779296875 297.98748779296875 300.975006103515625 303.95001220703125 304.243743896484375 303.087493896484375 300.350006103515625 295.20623779296875 290.556243896484375 286.5 280.412506103515625 276.756256103515625 276.100006103515625 275.95623779296875 276.03125 279.82501220703125
