data/historical-monthly-weather-data/wc2.1_cruts4.09_10m_prec_2014-07.asc
ncols        45
nrows        45
xllcorner    -63.500000000000
yllcorner    -7.500000000000
cellsize     0.166666666667
NODATA_value -9999
[rows 0 to 18 of 45, columns 0 to 43 of 45]
40.543750762939453125 26.862499237060546875 24.181249618530273438 23.756250381469726562 23.943750381469726562 29.787500381469726562 36.293750762939453125 42.575000762939453125 52.25 62.774997711181640625 72.5437469482421875 84.0812530517578125 95.30625152587890625 108.0500030517578125 122.53125 136.006256103515625 148.756256103515625 155.7687530517578125 163.225006103515625 172.03125 177.4499969482421875 177.4812469482421875 178.5187530517578125 179.6875 182.7687530517578125 182.375 184.0437469482421875 185.9812469482421875 185.806243896484375 189.6437530517578125 185.8000030517578125 186.537506103515625 193.243743896484375 196.118743896484375 198.2624969482421875 197.4187469482421875 192.46875 197.493743896484375 192.1374969482421875 188.2062530517578125 191.03125 193.9187469482421875 190.631256103515625 190.006256103515625
40.96250152587890625 26.524999618530273438 21.981248855590820312 19.606250762939453125 18.268749237060546875 23.362499237060546875 29.274999618530273438 35.450000762939453125 45.112499237060546875 55.081249237060546875 64.74375152587890625 75.84375 87.00624847412109375 98.63124847412109375 111.0812530517578125 123.78749847412109375 135.493743896484375 144.6437530517578125 154.7687530517578125 164.15625 164.8625030517578125 167.96875 170.4375 175.375 174.443756103515625 175.431243896484375 177.9250030517578125 180.681243896484375 179.337493896484375 179.806243896484375 180.875 187.3000030517578125 192.725006103515625 199.212493896484375 202.3937530517578125 198.6437530517578125 194.4562530517578125 196.5625 190.7062530517578125 189.1875 194.056243896484375 193.318756103515625 191.6062469482421875 187.6062469482421875
52.03125 40.637500762939453125 36.88124847412109375 33.96250152587890625 31.6875 34.018749237060546875 37.34999847412109375 41.706249237060546875 49.606250762939453125 57.59999847412109375 65.3000030517578125 74.11875152587890625 84.33750152587890625 92.7062530517578125 103.25 113.88124847412109375 124.4562530517578125 131.9562530517578125 139.412506103515625 148.3125 149.712493896484375 153.90625 158.2937469482421875 163.337493896484375 165.84375 165.850006103515625 173.3249969482421875 175.3312530517578125 175.587493896484375 177.649993896484375 179.1437530517578125 178.9875030517578125 185.4187469482421875 194.9749908447265625 192.131256103515625 187.53125 188.34375 193.193756103515625 187.0437469482421875 186.5749969482421875 190.4187469482421875 191.1437530517578125 187.662506103515625 185.75
63.40000152587890625 53.63124847412109375 51.44374847412109375 49.893749237060546875 47.09999847412109375 46.46875 46.77500152587890625 49.231250762939453125 55.72499847412109375 61.96250152587890625 66.35625457763671875 73.1437530517578125 80.7624969482421875 89.0625 97.25 105.2624969482421875 113.0812530517578125 119.24375152587890625 126.375 136.4875030517578125 139.493743896484375 140.53125 144.8874969482421875 152.631256103515625 157.9812469482421875 161.0124969482421875 165.462493896484375 164.4875030517578125 168.181243896484375 175.181243896484375 177.0437469482421875 176.1125030517578125 177.1374969482421875 179.350006103515625 178.618743896484375 184.1062469482421875 188.25 185.7312469482421875 182.9499969482421875 181.787506103515625 188.556243896484375 191.9875030517578125 188.806243896484375 185.975006103515625
80.5500030517578125 69.33750152587890625 63.3125 62.231250762939453125 61.549999237060546875 58.38124847412109375 56.981250762939453125 57.293750762939453125 61.543750762939453125 65.2312469482421875 69.19374847412109375 73.7312469482421875 79.5 85.3562469482421875 91.9562530517578125 98.65625 104.5124969482421875 109.8125 113.05625152587890625 120.3562469482421875 125.75624847412109375 127.61875152587890625 131.5124969482421875 143.787506103515625 149.8625030517578125 153.587493896484375 155.962493896484375 160.8562469482421875 163.850006103515625 166.0625 169.7874908447265625 171.9187469482421875 175.9375 176.725006103515625 176.0124969482421875 175.2624969482421875 179.2687530517578125 181.3312530517578125 177.71875 179.2312469482421875 184.7375030517578125 183.600006103515625 185.125 185.256256103515625
93.8874969482421875 86.2375030517578125 80.63124847412109375 71.66249847412109375 72.21250152587890625 73.1750030517578125 70.84375 69.3937530517578125 72.99375152587890625 74.75 76.1374969482421875 79.25624847412109375 83.4499969482421875 85.47499847412109375 91.15625 95.77500152587890625 98.2687530517578125 99.9375 103.3937530517578125 109.90625 115.3874969482421875 119.81874847412109375 126.3312530517578125 133.8625030517578125 142.78125 148.556243896484375 151.21875 154.931243896484375 156.4875030517578125 158.75 162.15625 168.1875 169.6875 173.6125030517578125 171.4499969482421875 172.6999969482421875 169.3687591552734375 171.6437530517578125 174.4875030517578125 179.475006103515625 178.100006103515625 180.2312469482421875 179.256256103515625 177.2312469482421875
107.6999969482421875 101.8562469482421875 96.56874847412109375 90.69374847412109375 85.75624847412109375 81.05625152587890625 80.5625 80.4375 81.3249969482421875 82.5500030517578125 83.34375 83.2624969482421875 86.69374847412109375 87.88124847412109375 89.8249969482421875 93.1125030517578125 95.19374847412109375 93.40625 92.7687530517578125 99.7062530517578125 105.5 110.5749969482421875 116.6875 126.8312530517578125 135.337493896484375 144.0812530517578125 149.9375 149.100006103515625 148.524993896484375 154.899993896484375 157.1437530517578125 157.8249969482421875 159.3562469482421875 165.6374969482421875 168.7062530517578125 167.3937530517578125 163.6750030517578125 163.6125030517578125 168.3562469482421875 174.78125 173.024993896484375 171.350006103515625 172.524993896484375 170.25
122.0187530517578125 115.6374969482421875 111.4499969482421875 107.1687469482421875 103.3125 101.2687530517578125 94.71875 86.1750030517578125 84.21250152587890625 84.6875 85.1437530517578125 86.28749847412109375 87.96250152587890625 87.59999847412109375 88.9812469482421875 90.1062469482421875 89.65000152587890625 87.4875030517578125 86.31874847412109375 87.58750152587890625 96.96875 104.9875030517578125 111.0437469482421875 120.96250152587890625 131.818756103515625 137.131256103515625 142.087493896484375 140.149993896484375 143.318756103515625 145.475006103515625 152.0749969482421875 153.1062469482421875 156.068756103515625 158.3312530517578125 159.274993896484375 155.8312530517578125 153.274993896484375 153.8000030517578125 154.7624969482421875 156.6750030517578125 157.431243896484375 158.962493896484375 159.4562530517578125 156.537506103515625
132.5124969482421875 127.125 122.03749847412109375 119.5749969482421875 117.1062469482421875 112.4187469482421875 106.5 100.22499847412109375 94.68125152587890625 89.33750152587890625 87.4812469482421875 86.2937469482421875 90.15625 88.80625152587890625 88.03125 86.91249847412109375 86.41249847412109375 86.4499969482421875 88.2062530517578125 85.8125 91.3249969482421875 102.0749969482421875 108.8000030517578125 120.28749847412109375 130.1062469482421875 132.1999969482421875 133.3312530517578125 138.256256103515625 141.9875030517578125 142.931243896484375 150.087493896484375 147.4812469482421875 144.0437469482421875 143.6374969482421875 145.993743896484375 149.287506103515625 150.649993896484375 152.8249969482421875 150.84375 148.962493896484375 147.9875030517578125 147.9562530517578125 149.3125 145.1999969482421875
140.037506103515625 136.381256103515625 133.024993896484375 130.818756103515625 128.40625 125.34999847412109375 118.84999847412109375 112.2375030517578125 107.15000152587890625 102.96875 96.9812469482421875 91.25624847412109375 92.3312530517578125 91.22499847412109375 89.03125 86.99375152587890625 83.44374847412109375 85.74375152587890625 87.97499847412109375 88.5749969482421875 93.8625030517578125 98.9187469482421875 103.68125152587890625 114.74375152587890625 122.9875030517578125 129.9250030517578125 130.71875 133.9499969482421875 135.243743896484375 137.0749969482421875 141.3874969482421875 138.850006103515625 138.5 137.4875030517578125 137.587493896484375 141.850006103515625 144.65625 147.318756103515625 145.9812469482421875 147.71875 149.181243896484375 146.5437469482421875 141.818756103515625 134.537506103515625
149.4499969482421875 146.725006103515625 142.875 141.8312530517578125 139.118743896484375 136.1062469482421875 130.2937469482421875 120.65000152587890625 112.71875 108.1374969482421875 104.13124847412109375 99.25624847412109375 93.5 92.59999847412109375 87.2937469482421875 83.43125152587890625 81.27500152587890625 83.5 85.75 90.3249969482421875 98.8625030517578125 103.0500030517578125 103.8874969482421875 105.7687530517578125 118.78749847412109375 132.4499969482421875 133.962493896484375 133.931243896484375 130.1750030517578125 131.59375 133.618743896484375 134.9562530517578125 135.6875 133.4812469482421875 135.3125 137.443756103515625 140.2062530517578125 139.162506103515625 144.4562530517578125 144.162506103515625 141.75 138.0437469482421875 136.962493896484375 126.68125152587890625
155.287506103515625 151.1125030517578125 147.9875030517578125 147.649993896484375 146.149993896484375 143.681243896484375 139.337493896484375 129.993743896484375 119.8625030517578125 111.4499969482421875 106.03125 102.88124847412109375 94.46250152587890625 90.5812530517578125 88.5500030517578125 83.0500030517578125 80.77500152587890625 82.83750152587890625 85.46250152587890625 91.28125 102.9250030517578125 108.83750152587890625 113.25624847412109375 112.66249847412109375 118.13124847412109375 120.8249969482421875 122.6687469482421875 125.625 124.83750152587890625 125.1437530517578125 123.52500152587890625 124.6999969482421875 127.1062469482421875 128.087493896484375 131.8000030517578125 135.7937469482421875 136.381256103515625 139.6687469482421875 136.21875 136.006256103515625 132.6187591552734375 131.975006103515625 125.1687469482421875 113.71875
155.431243896484375 153.7375030517578125 152.4875030517578125 150.2937469482421875 147.53125 145.84375 140.412506103515625 130.618743896484375 121.2687530517578125 115.44374847412109375 110.78749847412109375 104.4375 99.1374969482421875 88.3000030517578125 83.40625 82.11875152587890625 79.9812469482421875 82.71875 85.5124969482421875 89.5187530517578125 98.8874969482421875 104.96250152587890625 111.4499969482421875 112.52500152587890625 111.3249969482421875 113.46875 116.3312530517578125 119.76250457763671875 119.91249847412109375 118.8625030517578125 116.8562469482421875 114.36875152587890625 118.9375 121.24375152587890625 124.4499969482421875 129.399993896484375 134.8874969482421875 141.25 143.600006103515625 136.65625 127.8312530517578125 123.7687530517578125 113.1062469482421875 105.6437530517578125
156.287506103515625 154.131256103515625 153.287506103515625 150.506256103515625 146.9875030517578125 143.5500030517578125 138.0625 129.96875 124.75 117.15000152587890625 111.81874847412109375 105.7062530517578125 97.4250030517578125 88.5124969482421875 78.5625 79.03749847412109375 76.58750152587890625 79.8125 81.5437469482421875 85.7062530517578125 93.31874847412109375 100.86875152587890625 107.3625030517578125 109.9499969482421875 108.8625030517578125 109.08750152587890625 109.71250152587890625 109.4499969482421875 109.34999847412109375 108.75624847412109375 111.3874969482421875 110.80625152587890625 111.40000152587890625 113.65625 117.5187530517578125 126.77500152587890625 137.631256103515625 148.6875 153.787506103515625 145.243743896484375 124.4187469482421875 112.7624969482421875 112.02500152587890625 119.06874847412109375
156.993743896484375 152.618743896484375 150.162506103515625 148.412506103515625 143.5187530517578125 139.1062469482421875 137.0749969482421875 129.5187530517578125 123.0625 115.9375 110.4250030517578125 103.3312530517578125 96.7687530517578125 89.74375152587890625 77.13124847412109375 75.09999847412109375 73.65000152587890625 76.1062469482421875 78.16249847412109375 82.5124969482421875 90.94374847412109375 97.41249847412109375 103.46875 108.3937530517578125 110.4250030517578125 111.6437530517578125 111.40000152587890625 109.09999847412109375 109.5187530517578125 109.9375 106.96875 107.5749969482421875 112.47499847412109375 112.75 111.00624847412109375 118.4250030517578125 136.4562530517578125 155.6687469482421875 163.1999969482421875 153.8249969482421875 140.524993896484375 131.037506103515625 136.4562530517578125 132.1062469482421875
153.46875 149.34375 147.5749969482421875 144.087493896484375 140.3249969482421875 138.84375 132.818756103515625 126.28125 120.81874847412109375 116.15625 109.47499847412109375 103.11875152587890625 97.15000152587890625 90.38124847412109375 80.00624847412109375 68.08750152587890625 68.79375457763671875 72.5 73.9562530517578125 78.4562530517578125 85.2937469482421875 93.2937469482421875 100.5 109.84375 113.38124847412109375 113.6125030517578125 110.71250152587890625 105.875 106.47499847412109375 107.36875152587890625 111.0437469482421875 107.08750152587890625 105.9375 104.7687530517578125 104.63124847412109375 122.1875 137.943756103515625 155.3874969482421875 168.21875 172.1750030517578125 167.193756103515625 157.350006103515625 149.7312469482421875 137.774993896484375
149.9499969482421875 146.006256103515625 145.0437469482421875 143.068756103515625 140.40625 135.4250030517578125 131.712493896484375 125.8562469482421875 120.78125 116.2375030517578125 110.3937530517578125 103 95.9375 90.86875152587890625 86.1875 77.0812530517578125 68.1875 67.9375 73.00624847412109375 76.65625 82.28749847412109375 90.00624847412109375 99.7624969482421875 111.19374847412109375 117.9562530517578125 110.4812469482421875 103.2937469482421875 99.3312530517578125 102.13124847412109375 106.13124847412109375 110.2687530517578125 113.1750030517578125 111.3874969482421875 111.1875 122.99375152587890625 134.493743896484375 154.0437469482421875 178.7624969482421875 197.568756103515625 187.5187530517578125 178.381256103515625 163.59375 147.4499969482421875 138.1750030517578125
146.5749969482421875 144.600006103515625 142.1687469482421875 141.725006103515625 139.024993896484375 132.875 128.399993896484375 124.1875 119.44374847412109375 112.04999542236328125 106.88124847412109375 102.9250030517578125 96.8249969482421875 92.1750030517578125 89.65625 84.66249847412109375 76.65000152587890625 67.19374847412109375 73.4562530517578125 76.1999969482421875 80.5625 86.3625030517578125 97.7624969482421875 107.28125 112.10625457763671875 104.3562469482421875 96.80625152587890625 95.3125 99.2312469482421875 100.90625 99.69374847412109375 101.2062530517578125 118.40000152587890625 126.91249847412109375 129.4124908447265625 147.375 171.2624969482421875 188.318756103515625 198.693756103515625 191.9562530517578125 172.693756103515625 158.1437530517578125 143.243743896484375 134.256256103515625
143.306243896484375 141.1875 137.556243896484375 136.0749969482421875 135.350006103515625 131.15625 125.33750152587890625 122.5187530517578125 119.03749847412109375 112.44374847412109375 107.1999969482421875 101.16249847412109375 96.86875152587890625 94.4562530517578125 89.13124847412109375 86.88124847412109375 82.41249847412109375 75.3625030517578125 70.9375 72.02500152587890625 78.81874847412109375 89.5749969482421875 84.24375152587890625 94.09375 99.3125 99.6687469482421875 96.0812530517578125 93.08750152587890625 97.36875152587890625 100.43125152587890625 101.46875 105.3562469482421875 118.46250152587890625 124.01874542236328125 130.6750030517578125 145.8562469482421875 159.5500030517578125 171.131256103515625 180.84375 171.5749969482421875 161.4187469482421875 146.399993896484375 135.90625 127.9812469482421875
