data/historical-monthly-weather-data/wc2.1_cruts4.09_10m_prec_1964-12.asc
ncols        51
nrows        45
xllcorner    -63.500000000000
yllcorner    -7.500000000000
cellsize     0.166666666667
NODATA_value -9999
[rows 0 to 19 of 45, columns 0 to 44 of 51]
299.78125 300.756256103515625 292.256256103515625 286.625 277.96875 268.962493896484375 258.493743896484375 246.318756103515625 235.2937469482421875 225.412506103515625 219.0437469482421875 211.131256103515625 204.6062469482421875 195.774993896484375 186.912506103515625 178.1437530517578125 170.2062530517578125 161.806243896484375 155.3625030517578125 149.537506103515625 148.1062469482421875 146.787506103515625 145.3625030517578125 143.7375030517578125 141.881256103515625 139.6437530517578125 138.3874969482421875 137.193756103515625 136.6437530517578125 140.25 143.9250030517578125 148.568756103515625 152.712493896484375 156.5749969482421875 160.125 164.975006103515625 168.21875 170.993743896484375 171.2624969482421875 171.712493896484375 171.537506103515625 169.8874969482421875 168.0625 165.193756103515625 163.5
300.524993896484375 301.756256103515625 299.03125 297.037506103515625 293.412506103515625 283.287506103515625 270.95623779296875 262.01251220703125 253.5437469482421875 244.59375 236.7624969482421875 226.618743896484375 218.568756103515625 209.6999969482421875 199.59375 190.006256103515625 181.0124969482421875 171.462493896484375 162.506256103515625 155.7062530517578125 153.3874969482421875 151.5124969482421875 150.4875030517578125 149.337493896484375 148.100006103515625 146.5749969482421875 145.6750030517578125 144.600006103515625 144.1875 148.40625 152.3312530517578125 157.3312530517578125 161.0812530517578125 165.712493896484375 170.7312469482421875 173.556243896484375 178.6687469482421875 182.15625 181.556243896484375 181.368743896484375 180.6437530517578125 178.4562530517578125 176.1875 171.475006103515625 168.256256103515625
290.681243896484375 293.631256103515625 293.600006103515625 293.443756103515625 292.368743896484375 284.13751220703125 276.4375 271.100006103515625 264.71875 257 248.46875 238.4499969482421875 230.5437469482421875 221.65625 211.412506103515625 200.6437530517578125 191.556243896484375 182.4562530517578125 174.4875030517578125 167.8249969482421875 165.6374969482421875 164.443756103515625 163.4187469482421875 161.212493896484375 159.0500030517578125 157.7375030517578125 156.71875 155.3125 155.243743896484375 158.6999969482421875 163.337493896484375 168.75 174.431243896484375 178.1999969482421875 183 187.5187530517578125 191.4875030517578125 194.7249908447265625 195.0124969482421875 194.6750030517578125 193.3625030517578125 190.037506103515625 185.712493896484375 181.649993896484375 176.412506103515625
276.556243896484375 282.125 286.131256103515625 286.17498779296875 287.875 283.25 279.537506103515625 277.35626220703125 272.84375 268.056243896484375 260.51251220703125 251.0124969482421875 242.1125030517578125 233.5187530517578125 222.4499969482421875 211.943756103515625 202.46875 193.4250030517578125 186.912506103515625 182.899993896484375 181.3312530517578125 179.975006103515625 177.6062469482421875 174.6875 170.9562530517578125 169.0749969482421875 167.993743896484375 165.881256103515625 166.1062469482421875 170.8000030517578125 175.59375 180.46875 186.9187469482421875 192.493743896484375 197.024993896484375 201.3312530517578125 204.524993896484375 208.100006103515625 209.462493896484375 208.78125 206.3000030517578125 201.84375 196.350006103515625 191.6875 185.0625
274.32501220703125 274.78125 274.63751220703125 278.306243896484375 282.79998779296875 282.33123779296875 281.04998779296875 281.256256103515625 280.76251220703125 278.36248779296875 270.89373779296875 260.82501220703125 253.3375091552734375 245.4499969482421875 234.03125 223.149993896484375 213.181243896484375 205.587493896484375 201.0437469482421875 199.3125 198.09375 195.337493896484375 192.3125 188.256256103515625 183.4499969482421875 180.787506103515625 178.15625 176.0749969482421875 176.2375030517578125 181.8312530517578125 187.6062469482421875 192.399993896484375 198.524993896484375 204.5500030517578125 209.631256103515625 214.600006103515625 219.1374969482421875 222.462493896484375 223.806243896484375 222.756256103515625 219.743743896484375 213.9187469482421875 207.8125 200.71875 193.7375030517578125
271.350006103515625 273.131256103515625 271.63751220703125 270.850006103515625 277.037506103515625 280.71875 282.29376220703125 283.01873779296875 282.618743896484375 281.0625 274.78125 266.618743896484375 261.13751220703125 254.350006103515625 245.8249969482421875 236.506256103515625 228.3937530517578125 221.3874969482421875 220.024993896484375 218.40625 214.725006103515625 211.5437469482421875 207.0187530517578125 202.006256103515625 196.618743896484375 192.274993896484375 190.806243896484375 188.631256103515625 187.8000030517578125 193.03125 199.068756103515625 204.912506103515625 208.9562530517578125 213.556243896484375 220.9562530517578125 226.4562530517578125 230.881256103515625 236.493743896484375 238.4812469482421875 235.912506103515625 229.818756103515625 223.5625 215.475006103515625 208.875 202.162506103515625
270.54376220703125 272.51251220703125 272.006256103515625 270.868743896484375 273.587493896484375 276.25 279.318756103515625 280.54376220703125 278.76873779296875 275.32501220703125 274.20623779296875 269.625 267.57501220703125 262.743743896484375 256.48748779296875 250.212493896484375 245.818756103515625 244.7624969482421875 245.25 242.15625 234.8125 229.2375030517578125 222.287506103515625 215.475006103515625 210.1875 204.5500030517578125 202.100006103515625 201.3937530517578125 200.4875030517578125 204.71875 210.1999969482421875 215.46875 220.4499969482421875 224.5124969482421875 230.1062469482421875 235.318756103515625 241.1750030517578125 247.087493896484375 252.1062469482421875 247.868743896484375 239.506256103515625 231.212493896484375 223.6062469482421875 215.7375030517578125 207.3562469482421875
269.46875 271.08123779296875 271.837493896484375 274 277.58123779296875 278.29376220703125 277.368743896484375 274.149993896484375 269.118743896484375 268.76251220703125 272.76873779296875 273.59375 272.92498779296875 272.037506103515625 267.899993896484375 264.774993896484375 262.85626220703125 266.649993896484375 269.743743896484375 263.506256103515625 253.225006103515625 243.8937530517578125 234.9812469482421875 226.725006103515625 221.649993896484375 216.475006103515625 213.28125 212.0625 212.899993896484375 217.4187469482421875 220.75 225.34375 230.537506103515625 234.212493896484375 240.287506103515625 243.443756103515625 248.9187469482421875 253.7437591552734375 256.100006103515625 252.681243896484375 245.993743896484375 237.4562530517578125 229.6374969482421875 221.1875 210.65625
272.006256103515625 274.23126220703125 276.368743896484375 279.41876220703125 282.4375 284.1875 283.34375 278.868743896484375 269.79376220703125 267.162506103515625 274.193756103515625 277.850006103515625 279.17498779296875 278.82501220703125 277.662506103515625 277.212493896484375 277.818756103515625 281.98126220703125 284.64373779296875 277.17498779296875 263.29998779296875 252.9875030517578125 244.037506103515625 237.9187469482421875 231.75 225.899993896484375 222.8249969482421875 222.1687469482421875 222.287506103515625 225.6750030517578125 230.350006103515625 233.350006103515625 237.756256103515625 242.4812469482421875 247.2624969482421875 250.524993896484375 253.5437469482421875 255.90625 256.243743896484375 253.9812469482421875 247.243743896484375 239.618743896484375 233.318756103515625 226.0437469482421875 217.068756103515625
272.57501220703125 276.01251220703125 279.431243896484375 284.118743896484375 287.64373779296875 290.006256103515625 290.41876220703125 288.024993896484375 283.3125 281.23748779296875 284.17498779296875 284.35626220703125 286.5625 285.09375 287.08123779296875 288.95001220703125 290.66876220703125 291.375 290.4375 284.28125 271.28125 260.493743896484375 251.8125 246.6812591552734375 240.037506103515625 233.8312530517578125 231.225006103515625 230.3874969482421875 231.1999969482421875 234.181243896484375 237.006256103515625 239.6125030517578125 243.431243896484375 247.1125030517578125 252.243743896484375 256.600006103515625 258.193756103515625 259.100006103515625 257.024993896484375 254.0124969482421875 248.9187469482421875 243.1125030517578125 235.962493896484375 229.2624969482421875 221.7375030517578125
274.40625 278.1875 281.51873779296875 285.61248779296875 291.212493896484375 296.15625 298.4375 296.76873779296875 293.23126220703125 292.4375 294.212493896484375 294.368743896484375 294.09375 293.17498779296875 295.66876220703125 299.25 301.131256103515625 299.26251220703125 295.006256103515625 288.29998779296875 277.9375 267.462493896484375 259.243743896484375 251.556243896484375 248.5 242.8000030517578125 239.46875 237.087493896484375 235.9875030517578125 238.631256103515625 241.1125030517578125 244.21875 248.0437469482421875 251.8312530517578125 256.29998779296875 259.125 260.54998779296875 261.01873779296875 260.11248779296875 256.350006103515625 251.337493896484375 245.568756103515625 240.0437469482421875 234.5500030517578125 226.618743896484375
275.8125 279.5625 283.65625 289.33123779296875 295.274993896484375 300.743743896484375 304.768768310546875 304.38751220703125 301.337493896484375 301.712493896484375 303.73126220703125 305.625 303.9375 302.850006103515625 305.13751220703125 306.368743896484375 306.84375 301.774993896484375 296.100006103515625 289.67498779296875 278.506256103515625 269.61248779296875 264.03125 258.32501220703125 255.1937408447265625 250.03125 245.681243896484375 242.037506103515625 239.5124969482421875 241.4812469482421875 243.306243896484375 246.1374969482421875 249.8874969482421875 254.3249969482421875 259.20623779296875 262.225006103515625 263.48126220703125 264.26873779296875 262.318756103515625 258.51251220703125 253.4499969482421875 248.100006103515625 242.6999969482421875 236.9250030517578125 227.2937469482421875
276.34375 281 286.01873779296875 291.40625 298.17498779296875 302.79376220703125 306.100006103515625 307.8125 306.006256103515625 307.29998779296875 310.01873779296875 313.712493896484375 313.649993896484375 311.475006103515625 313.26873779296875 313.125 311.54998779296875 306.368743896484375 299.57501220703125 291.34375 277.556243896484375 270.48748779296875 268.181243896484375 264.48126220703125 259.45623779296875 253.318756103515625 249.149993896484375 245.962493896484375 243.4562530517578125 242.9375 243.774993896484375 245.568756103515625 248.9812469482421875 254.087493896484375 259.5625 264.087493896484375 266.82501220703125 268.006256103515625 265.506256103515625 260.11248779296875 254.1374969482421875 250.2937469482421875 243.71875 233.5812530517578125 223.712493896484375
274.8125 279.9375 285.08123779296875 291.04998779296875 297.21875 301.556243896484375 304.743743896484375 308.59375 309.368743896484375 309.899993896484375 310.625 315.225006103515625 318.625 319.256256103515625 318.443756103515625 319.28125 316.556243896484375 309.89373779296875 302.412506103515625 294.306243896484375 282.993743896484375 275.71875 271.95001220703125 267.462493896484375 262.51251220703125 257.15625 253.993743896484375 248.899993896484375 244.8562469482421875 242.881256103515625 242.631256103515625 243.0437469482421875 247.3249969482421875 252.381256103515625 259.318756103515625 264.61248779296875 269.087493896484375 272.98748779296875 272.006256103515625 268.318756103515625 258.48748779296875 248.5625 240.40625 233.5437469482421875 226.0437469482421875
274.037506103515625 279.506256103515625 285.54376220703125 291.475006103515625 298.03125 301.85626220703125 306.42498779296875 310.375 311.23126220703125 310.975006103515625 311.48748779296875 316.58123779296875 319.875 322.03125 320.5 320.693756103515625 316.54998779296875 309.662506103515625 302.34375 296.787506103515625 286.887481689453125 279.806243896484375 274.625 270.0625 266.0625 261.212493896484375 257.524993896484375 252.350006103515625 246.96875 241.818756103515625 238.837493896484375 238.96875 243.506256103515625 249.7624969482421875 257.71875 262.54376220703125 270.100006103515625 279.024993896484375 284.38751220703125 281 269.04376220703125 256.975006103515625 247.0625 238.6687469482421875 227.2375030517578125
271.36248779296875 277.79998779296875 284.28125 291.318756103515625 297.943756103515625 302.225006103515625 306.524993896484375 309.149993896484375 310.15625 311.600006103515625 311.78125 316.443756103515625 320.431243896484375 322.76251220703125 321.743743896484375 318.537506103515625 314.11248779296875 309.056243896484375 302.306243896484375 296.98126220703125 289.70623779296875 282.58123779296875 277.45623779296875 273.056243896484375 270.13751220703125 267.693756103515625 263.45001220703125 257.15625 249.306243896484375 240.3937530517578125 234.9375 232.506256103515625 235.2687530517578125 241.412506103515625 248.537506103515625 255.6687469482421875 267.17498779296875 281.975006103515625 294.618743896484375 294.024993896484375 282.16876220703125 266.95623779296875 253.306243896484375 238.975006103515625 228.2937469482421875
267.53125 275.17498779296875 280.59375 288.54376220703125 296.28125 299.837493896484375 304.38751220703125 308.556243896484375 310.681243896484375 311.28125 311.60626220703125 315.462493896484375 319.46875 321.89373779296875 320.86248779296875 316.618743896484375 309.399993896484375 304.975006103515625 300.881256103515625 296.26251220703125 290.57501220703125 284.86248779296875 280.57501220703125 276.600006103515625 275.024993896484375 274.76873779296875 271.368743896484375 262.73748779296875 249.9250030517578125 237.6125030517578125 229.568756103515625 226.587493896484375 226.9187469482421875 228.3249969482421875 232.8625030517578125 242.4250030517578125 259.67498779296875 285.01251220703125 312.875 307.89373779296875 291.868743896484375 273.175018310546875 254.3625030517578125 240.443756103515625 229.3625030517578125
261.90625 270.95623779296875 277.40625 286.306243896484375 294.84375 299.98126220703125 304.41876220703125 307.83123779296875 309.54998779296875 311.21875 312.087493896484375 315.006256103515625 316.868743896484375 318.39373779296875 316.243743896484375 311.274993896484375 304.212493896484375 295.912506103515625 295 291.46875 289.35626220703125 286.225006103515625 283.462493896484375 281.381256103515625 281.024993896484375 282.07501220703125 280.75 267.76873779296875 249.7249908447265625 232.5437469482421875 221.125 216.462493896484375 218.756256103515625 221.7937469482421875 221.78125 222.0500030517578125 248.8249969482421875 280.306243896484375 302.556243896484375 303.243743896484375 287.787506103515625 270.068756103515625 254.649993896484375 242.4812469482421875 231.837493896484375
254.6062469482421875 264.89373779296875 273.14373779296875 282.868743896484375 292.41876220703125 298.287506103515625 302.875 307.83123779296875 309.818756103515625 311.32501220703125 310.537506103515625 311.149993896484375 312.975006103515625 314.381256103515625 310.90625 305.11248779296875 298.20623779296875 290.20001220703125 284.96875 283.23748779296875 285.899993896484375 288.712493896484375 284.975006103515625 285.350006103515625 287.33123779296875 288.92498779296875 285.16876220703125 272.443756103515625 252.462493896484375 230.431243896484375 213.649993896484375 213.6875 220.3874969482421875 223.131256103515625 222.2687530517578125 226.912506103515625 248.337493896484375 271.712493896484375 288.506256103515625 289.318756103515625 278.662506103515625 264.66876220703125 252.5500030517578125 243.4499969482421875 235.2375030517578125
245.693756103515625 257.537506103515625 266.024993896484375 276.600006103515625 287.60626220703125 295.01251220703125 301.01251220703125 306.5 309.193756103515625 309.11248779296875 308.61248779296875 310.07501220703125 311.256256103515625 310.20623779296875 304.681243896484375 296.556243896484375 288.54998779296875 283.225006103515625 278.95001220703125 277.26251220703125 279.681243896484375 282.381256103515625 285.993743896484375 288.868743896484375 291.975006103515625 293.73748779296875 289 278.85626220703125 260.53125 237.9499969482421875 223.149993896484375 223.28125 228.6687469482421875 234.149993896484375 239.15625 244.306243896484375 257.881256103515625 273.225006103515625 282.35626220703125 282.01873779296875 272.850006103515625 258.91876220703125 251.556243896484375 245.725006103515625 239.15625
