data/historical-monthly-weather-data/wc2.1_cruts4.09_10m_prec_1981-05.asc
ncols        45
nrows        45
xllcorner    -63.500000000000
yllcorner    -7.500000000000
cellsize     0.166666666667
NODATA_value -9999
[rows 0 to 19 of 45, columns 0 to 43 of 45]
303.29376220703125 305.35626220703125 305.91876220703125 311.79376220703125 314.931243896484375 315.837493896484375 312.618743896484375 311.537506103515625 310.84375 312.84375 312.98126220703125 310.337493896484375 309.54998779296875 309.506256103515625 308.34375 309.09375 308.48748779296875 306.20001220703125 306.46875 309.149993896484375 311.48126220703125 313.26873779296875 318.618743896484375 319.8125 322.412506103515625 326.90625 329.475006103515625 333.837493896484375 335.33123779296875 338.399993896484375 336.82501220703125 337.868743896484375 340.225006103515625 340.83123779296875 341.693756103515625 345.193756103515625 347.306243896484375 346.399993896484375 345.475006103515625 346.412506103515625 344.493743896484375 343.225006103515625 338.89373779296875 339.11248779296875
297.774993896484375 298.693756103515625 303.54998779296875 311.85626220703125 320.068756103515625 322.618743896484375 320.09375 319.82501220703125 321.26251220703125 320.70001220703125 321.04998779296875 317.85626220703125 314.61248779296875 311.850006103515625 308.58123779296875 306.024993896484375 303.662506103515625 300.837493896484375 303.38751220703125 306.90625 309.73126220703125 313.25 316.743743896484375 320.40625 322.375 324.48748779296875 328.806243896484375 332.75 335.25 335.82501220703125 334.162506103515625 338.412506103515625 337.993743896484375 340.79376220703125 340.787506103515625 339.225006103515625 342.91876220703125 342.48126220703125 343.71875 339.25 336.95623779296875 339.54998779296875 335.337493896484375 330.475006103515625
282.98748779296875 286.4375 294.75 303.225006103515625 310.806243896484375 316.51251220703125 320.23126220703125 325.01873779296875 328.493743896484375 329.024993896484375 328.6875 323.54376220703125 318.006256103515625 311.274993896484375 306.912506103515625 304.17498779296875 299.34375 294.82501220703125 296.149993896484375 299.631256103515625 302.774993896484375 308.4375 312.443756103515625 315.118743896484375 316.9124755859375 321.587493896484375 327.225006103515625 329.431243896484375 329.662506103515625 329.73748779296875 328.337493896484375 330.01251220703125 333.274993896484375 333.42498779296875 335.13751220703125 332.20001220703125 333.32501220703125 333.318756103515625 331.975006103515625 329.45623779296875 329.60626220703125 326.70623779296875 325.20623779296875 320.912506103515625
264.3125 265.756256103515625 280.056243896484375 289.131256103515625 298.48126220703125 305.881256103515625 313.71875 324.04998779296875 333.681243896484375 337.068756103515625 334.73126220703125 327.75 318.01873779296875 309.818756103515625 304.118743896484375 299.09375 292.443756103515625 287.82501220703125 287.956268310546875 293.068756103515625 300.743743896484375 305.04998779296875 307.54376220703125 310.962493896484375 312.899993896484375 315.48748779296875 321.40625 321.393768310546875 321.212493896484375 323.73748779296875 322.91876220703125 323.743743896484375 324.631256103515625 323.818756103515625 322.41876220703125 324.53125 326.256256103515625 325.13751220703125 323.625 321.375 318.912506103515625 319.45001220703125 314.04998779296875 309.01873779296875
262.46875 260.59375 261.41876220703125 270.662506103515625 282.787506103515625 291.537506103515625 303.443756103515625 318.16876220703125 334.03125 342.76873779296875 336.975006103515625 324.931243896484375 316.943756103515625 309.01873779296875 302.118743896484375 294.78125 286.36248779296875 281.600006103515625 280.98126220703125 287.01873779296875 294.962493896484375 298.587493896484375 300.09375 306.875 307.475006103515625 309.793731689453125 309.95623779296875 313.368743896484375 314.287506103515625 315.118743896484375 316.08123779296875 314.91876220703125 314.337493896484375 316.193756103515625 316.181243896484375 315.037506103515625 317.1875 317.71875 316.66876220703125 313.125 311.681243896484375 308.11248779296875 303.5625 300.48126220703125
255.0749969482421875 253.306243896484375 252.6750030517578125 250.899993896484375 263.181243896484375 277.04376220703125 289.82501220703125 302.89373779296875 320.350006103515625 331.79376220703125 328.86248779296875 316.60626220703125 312.006256103515625 306.88751220703125 298.36248779296875 294.212493896484375 284.868743896484375 278.76251220703125 279.07501220703125 286.10626220703125 291.70623779296875 296.3125 300.318756103515625 301.1875 302.51251220703125 304.21875 304.64373779296875 305.57501220703125 307.90625 309.17498779296875 309.837493896484375 310.1875 308.36248779296875 308.15625 306.41876220703125 305.89373779296875 305.3125 304.212493896484375 306.274993896484375 302.681243896484375 297.83123779296875 295.006256103515625 289.76873779296875 286.375
249.568756103515625 246.087493896484375 244.78125 243.6875 247.46875 256.21875 268.04998779296875 280.64373779296875 287.912506103515625 300.006256103515625 305.36248779296875 302.412506103515625 302.61248779296875 301.39373779296875 296.587493896484375 291.98126220703125 288.274993896484375 284.881256103515625 283.8125 290.1875 292.29998779296875 293.943756103515625 293.65625 296.23126220703125 298.337493896484375 302.07501220703125 300.625 300.399993896484375 299.07501220703125 300.712493896484375 302.17498779296875 300.225006103515625 296.33123779296875 294.84375 293.318756103515625 293.54376220703125 290.756256103515625 288.79998779296875 290.75 289.48126220703125 283.04376220703125 278 273.20623779296875 271.5
243.3937530517578125 238.6374969482421875 236.9812469482421875 237.84375 241.037506103515625 249.631256103515625 253.100006103515625 251.21875 250.4187469482421875 264.59375 281.40625 287.768768310546875 294.693756103515625 296.25 294.912506103515625 293.98126220703125 291.98748779296875 291.58123779296875 290.67498779296875 291.58123779296875 294.98748779296875 293.693756103515625 292.42498779296875 290.337493896484375 293.70001220703125 291.35626220703125 293.024993896484375 291.26873779296875 290.26251220703125 291.75 292.568756103515625 290.131256103515625 286.6875 281.76873779296875 276.712493896484375 274.51251220703125 272.60626220703125 271.71875 270.57501220703125 265.274993896484375 262.318756103515625 258.04998779296875 254.8874969482421875 251.0124969482421875
238.3249969482421875 233.649993896484375 233.3874969482421875 233.1125030517578125 234.9250030517578125 241.399993896484375 244.5187530517578125 244.3874969482421875 238.7062530517578125 241.962493896484375 258.90625 272.85626220703125 286.212493896484375 290.26873779296875 290.84375 292.95623779296875 293.337493896484375 295.712493896484375 298.75 294.23126220703125 290.03125 291.38751220703125 285.57501220703125 289.75 286.86248779296875 283.11248779296875 281.024993896484375 282.64373779296875 285.08123779296875 283.787506103515625 285.475006103515625 280.82501220703125 271.125 262.98748779296875 259.26873779296875 257.57501220703125 255.8312530517578125 254.7375030517578125 254.875 248.587493896484375 242.5812530517578125 238.3874969482421875 237.993743896484375 237.34375
232.725006103515625 229.337493896484375 229.274993896484375 230.212493896484375 229.6937408447265625 235.850006103515625 240.1125030517578125 242.181243896484375 243.350006103515625 249.3000030517578125 259.868743896484375 265.92498779296875 280.8125 285.84375 289.26873779296875 289.71875 290.76251220703125 293.89373779296875 298.631256103515625 299.774993896484375 292.412506103515625 285.568756103515625 280.493743896484375 281.693756103515625 276.3125 272.59375 269.95623779296875 271.14373779296875 274.912506103515625 276.443756103515625 273.08123779296875 266.39373779296875 258.95001220703125 250.9562530517578125 243.6687469482421875 240.90625 237.837493896484375 236.75 236.868743896484375 235.0187530517578125 232.3312530517578125 230.818756103515625 224.7687530517578125 219.600006103515625
227.3874969482421875 225.2937469482421875 224.618743896484375 225.9812469482421875 225.693756103515625 232.6687469482421875 237.993743896484375 239.3874969482421875 243.0749969482421875 251.899993896484375 263.29998779296875 272.57501220703125 276.037506103515625 283.225006103515625 284.38751220703125 284.32501220703125 286.006256103515625 290.85626220703125 295.693756103515625 300.60626220703125 302.38751220703125 290.64373779296875 279.57501220703125 265.28125 266.556243896484375 266.65625 263.67498779296875 263.79998779296875 262.868743896484375 260.587493896484375 258.524993896484375 253.412506103515625 244.868743896484375 236.09375 227.625 222.2624969482421875 218.8874969482421875 218.4250030517578125 220.90625 220.8562469482421875 219.412506103515625 216.618743896484375 215.125 207.5437469482421875
225.756256103515625 222.75 222.7937469482421875 224.2312469482421875 225.368743896484375 229.756256103515625 237.1125030517578125 241.8874969482421875 248.350006103515625 254.1062469482421875 264.618743896484375 275.475006103515625 272.975006103515625 276.61248779296875 279.73748779296875 277.82501220703125 279.212493896484375 284.131256103515625 290.42498779296875 299.568756103515625 305.350006103515625 299.375 286.63751220703125 268.850006103515625 257.818756103515625 250.912506103515625 246.024993896484375 245.743743896484375 247 244.0437469482421875 238.350006103515625 233.0749969482421875 225.1437530517578125 216.8125 211.1125030517578125 208.7687530517578125 207.2062530517578125 205.399993896484375 206.350006103515625 207.306243896484375 208.100006103515625 205.662506103515625 200.524993896484375 187.2624969482421875
225.1374969482421875 220.5749969482421875 220.193756103515625 221.8874969482421875 222.693756103515625 228.71875 233.912506103515625 238 245.537506103515625 254.975006103515625 264.59375 271.91876220703125 272.48748779296875 264.587493896484375 265.056243896484375 268.11248779296875 269.556243896484375 274.993743896484375 281.181243896484375 290.41876220703125 300.21875 294.131256103515625 283.037506103515625 265.131256103515625 241.100006103515625 230.0124969482421875 231.7375030517578125 232.181243896484375 233.837493896484375 231.4499969482421875 223.7375030517578125 214.818756103515625 206.3125 197.8312530517578125 193.350006103515625 193.725006103515625 193.8312530517578125 194.8125 197.868743896484375 198.756256103515625 197.9375 195.9250030517578125 184.9812469482421875 174.631256103515625
219.5500030517578125 215.84375 216.625 218.0187530517578125 220.149993896484375 224.75 229.125 234.0625 243.2937469482421875 252.287506103515625 256.806243896484375 259.85626220703125 259.3125 255.6875 247.3625030517578125 253.118743896484375 254.774993896484375 258.8125 266.98748779296875 276.71875 283.78125 280.912506103515625 273.368743896484375 259.65625 240.4875030517578125 227.350006103515625 222.818756103515625 218.9562530517578125 218.3625030517578125 213.3625030517578125 208.8937530517578125 199.2062530517578125 190.8562469482421875 183.09375 177.818756103515625 180.5625 183.9375 187.25 191.3562469482421875 190.1125030517578125 182.3312530517578125 174.5625 171.8000030517578125 171.037506103515625
212.625 210.6999969482421875 212.4250030517578125 213.71875 215.350006103515625 220.2687530517578125 226.8312530517578125 233.15625 239.8249969482421875 245.100006103515625 248.024993896484375 248.4375 244.787506103515625 239.993743896484375 228.193756103515625 232.0374908447265625 235.662506103515625 242.9499969482421875 250.8312530517578125 258.993743896484375 267.08123779296875 268.5625 266.6875 261.1875 250.6062469482421875 239.743743896484375 229.131256103515625 221.4812469482421875 215.4250030517578125 207.5812530517578125 196.0500030517578125 185.337493896484375 179.6687469482421875 169.2375030517578125 160.7062530517578125 161.5812530517578125 172.056243896484375 179.350006103515625 180.6750030517578125 175.506256103515625 166.493743896484375 164.4250030517578125 168.2687530517578125 167.649993896484375
205.0187530517578125 203.350006103515625 206.5749969482421875 209.1437530517578125 210.556243896484375 216.8937530517578125 223.9562530517578125 229.6687469482421875 233.9499969482421875 238.881256103515625 239.8312530517578125 237.7375030517578125 232.8937530517578125 228.7687530517578125 220 210.59375 217.318756103515625 229.4499969482421875 234.9187469482421875 242.6999969482421875 251.6374969482421875 260.368743896484375 265.76873779296875 265.818756103515625 257.631256103515625 245.6750030517578125 232.506256103515625 220.537506103515625 211.9375 204.149993896484375 195.0812530517578125 182.71875 168.5437469482421875 155.25 146 155.162506103515625 160.71875 166.1125030517578125 167.975006103515625 165.4187469482421875 158.975006103515625 158.087493896484375 160.056243896484375 157.337493896484375
198.431243896484375 197.756256103515625 199.881256103515625 203.6750030517578125 207.537506103515625 212.2687530517578125 217.931243896484375 222.7687530517578125 227.9812469482421875 231.8625030517578125 233.375 231.681243896484375 225.4499969482421875 219.46875 213.568756103515625 207.3562469482421875 199.9187469482421875 210.09375 219.337493896484375 228.006256103515625 238.350006103515625 248.8249969482421875 260.70623779296875 267.10626220703125 264.600006103515625 245.318756103515625 228.743743896484375 216.587493896484375 207.100006103515625 198.7937469482421875 190.6437530517578125 181.3375091552734375 168.2687530517578125 156.306243896484375 154.75 155.59375 160.1999969482421875 164.5 167.806243896484375 159.7624969482421875 151.493743896484375 149.7624969482421875 148.4812469482421875 148.8625030517578125
188.96875 190.1062469482421875 193.493743896484375 196.78125 200.7624969482421875 207.399993896484375 211.6750030517578125 215.1999969482421875 218.975006103515625 223.381256103515625 225.181243896484375 225.3625030517578125 217.149993896484375 212.631256103515625 207.4250030517578125 202.7375030517578125 196.193756103515625 191.3874969482421875 207.3312530517578125 214.3000030517578125 224.2624969482421875 236.7312469482421875 249.837493896484375 256.92498779296875 256.431243896484375 241.037506103515625 221.0124969482421875 210.962493896484375 202.2312469482421875 191.25 177.28125 165.4562530517578125 166.0500030517578125 161.7062530517578125 156.59375 163.131256103515625 166.7375030517578125 164.6687469482421875 163.2375030517578125 156.912506103515625 145.125 142.1875 140.524993896484375 140.868743896484375
179.381256103515625 181.4250030517578125 184.649993896484375 189.787506103515625 194.943756103515625 199.9499969482421875 204.8125 209.2937469482421875 213.125 218.5500030517578125 219.125 213.118743896484375 206.8249969482421875 203.1374969482421875 198.712493896484375 196.287506103515625 193.274993896484375 186.1999969482421875 188.287506103515625 196.3625030517578125 207.90625 224.1750030517578125 225.6999969482421875 234.4875030517578125 234.868743896484375 230.287506103515625 217.7687530517578125 203.399993896484375 194.662506103515625 183.9499969482421875 172.96875 166.3937530517578125 165.0812530517578125 160.46875 157.2312469482421875 160.4250030517578125 158.9375 154.931243896484375 154.3312530517578125 147.100006103515625 137.774993896484375 133.5625 133.037506103515625 134.350006103515625
169.368743896484375 172.3562469482421875 176.5749969482421875 180.399993896484375 186.2375030517578125 194.4187469482421875 200.274993896484375 204.46875 208.3249969482421875 211.34375 214.037506103515625 211.9812469482421875 208.818756103515625 201.818756103515625 195.5124969482421875 185.8125 178.2687530517578125 181.4187469482421875 182.1999969482421875 187.350006103515625 192.2375030517578125 203.8125 217.774993896484375 219.5749969482421875 216.03125 207.9187469482421875 200.149993896484375 193.850006103515625 182.1374969482421875 170.693756103515625 164.65625 167.181243896484375 162.681243896484375 156.337493896484375 154.5187530517578125 154.818756103515625 152.3312530517578125 148.3625030517578125 144.5124969482421875 139.1687469482421875 129.774993896484375 125.2312469482421875 126.2062530517578125 127.13750457763671875
