data/historical-monthly-weather-data/wc2.1_cruts4.09_10m_prec_1983-05.asc
ncols        45
nrows        45
xllcorner    -63.500000000000
yllcorner    -7.500000000000
cellsize     0.166666666667
NODATA_value -9999
[rows 0 to 18 of 45, columns 0 to 43 of 45]
334.975006103515625 334.693756103515625 332.59375 336.25 336.64373779296875 333.45623779296875 325.725006103515625 320.256256103515625 314.95623779296875 312.350006103515625 308.024993896484375 301.875 297.725006103515625 294.54376220703125 291.66876220703125 290.8125 288.868743896484375 286.23748779296875 286.118743896484375 288.13751220703125 289.118743896484375 289.46875 293.068756103515625 292.71875 293.65625 296.46875 298.556243896484375 302.443756103515625 302.29998779296875 294.65625 281.368743896484375 270.34375 261.20001220703125 250.693756103515625 240.78125 236.15625 231.068756103515625 224.412506103515625 221.149993896484375 219.6125030517578125 216.3937530517578125 214.6125030517578125 211.056243896484375 210.7375030517578125
329.96875 329.17498779296875 332.443756103515625 339.40625 345.881256103515625 344.53125 337.5 332.8125 329.149993896484375 323.38751220703125 318.743743896484375 311.54376220703125 304.587493896484375 298.431243896484375 293.131256103515625 288.83123779296875 285.01251220703125 282.34375 284.962493896484375 288.3125 289.756256103515625 291.681243896484375 293.524993896484375 295.243743896484375 295.34375 295.712493896484375 298.818756103515625 301.65625 301.95001220703125 293 280.82501220703125 273.568756103515625 263.587493896484375 256.125 246.9812469482421875 240.212493896484375 237.6750030517578125 232.743743896484375 231.9875030517578125 227.90625 225.3562469482421875 226.2937469482421875 222.7375030517578125 219.181243896484375
311.51251220703125 313.60626220703125 320.537506103515625 327.48748779296875 333.181243896484375 335.73126220703125 335.92498779296875 337.024993896484375 335.79376220703125 331.412506103515625 326.34375 317.38751220703125 308.306243896484375 298.45001220703125 292.15625 287.66876220703125 281.475006103515625 276.70623779296875 277.637481689453125 280.35626220703125 281.3125 284.337493896484375 285.76251220703125 285.79998779296875 285.006256103515625 287 291.243743896484375 292.66876220703125 291.162506103515625 282.25 270.774993896484375 261.88751220703125 254.9250030517578125 245.5 237.712493896484375 230.274993896484375 226.212493896484375 221.899993896484375 219.875 217.6062469482421875 217.256256103515625 215.5749969482421875 214.9499969482421875 212.7375030517578125
288.48126220703125 288.399993896484375 301.57501220703125 308.85626220703125 316.25 321.16876220703125 326.40625 333.9375 339.54998779296875 338.537506103515625 331.89373779296875 321.38751220703125 308.493743896484375 297.475006103515625 289.98126220703125 283.368743896484375 275.443756103515625 269.96875 269.056243896484375 272.53125 276.75 277.493743896484375 276.568756103515625 276.399993896484375 274.91876220703125 274.274993896484375 278.868743896484375 278.64373779296875 277.118743896484375 270.67498779296875 260.04998779296875 250.7312469482421875 241.8625030517578125 231.6750030517578125 221.618743896484375 217.756256103515625 214.125 209.15625 207.381256103515625 205.725006103515625 204.149993896484375 205.90625 204.0187530517578125 202.4499969482421875
283.818756103515625 280.068756103515625 278.53125 285.787506103515625 295.9375 302.76251220703125 312.818756103515625 325.431243896484375 337.875 342.76873779296875 333.21875 318.100006103515625 307.23126220703125 296.79376220703125 288.26251220703125 279.524993896484375 269.89373779296875 263.693756103515625 261.399993896484375 265.01251220703125 268.5625 267.774993896484375 265.04376220703125 267.01873779296875 263.568756103515625 262.03125 261.774993896484375 264.78125 264.51873779296875 257.149993896484375 248.5437469482421875 238.1875 228.431243896484375 220.3125 211.3312530517578125 205.40625 202.1875 198.375 197.181243896484375 195.024993896484375 194.506256103515625 194.59375 194.350006103515625 194.96875
272.34375 268.712493896484375 265.67498779296875 261.39373779296875 271.70623779296875 283.70623779296875 294.46875 305.287506103515625 319.625 327.662506103515625 321.556243896484375 306.9375 300 292.79998779296875 282.98748779296875 277.506256103515625 267.087493896484375 259.125 257.03125 260.8125 261.42498779296875 260.71875 259.412506103515625 255.6062469482421875 252.2375030517578125 249.7312469482421875 249.756256103515625 250.787506103515625 252 246.274993896484375 238.8562469482421875 231.1437530517578125 222.006256103515625 213.96875 205.28125 200.6125030517578125 196.3937530517578125 192.2312469482421875 192.943756103515625 190.587493896484375 187.75 188.0625 187.0437469482421875 187.181243896484375
262.83123779296875 257.3125 253.7062530517578125 250.2312469482421875 251.756256103515625 258.36248779296875 267.993743896484375 278.181243896484375 282.82501220703125 292.037506103515625 294.66876220703125 289.868743896484375 288.20001220703125 285.29376220703125 279.318756103515625 273.618743896484375 268.625 262.568756103515625 258.475006103515625 260.83123779296875 257.5 253.4187469482421875 247.712493896484375 244.8625030517578125 241.631256103515625 240.306243896484375 238.868743896484375 239.09375 237.6437530517578125 233.5812530517578125 228.4562530517578125 220.6687469482421875 211.8874969482421875 204.8312530517578125 198.03125 194.8874969482421875 190.1125030517578125 186.1374969482421875 186.7687530517578125 185.662506103515625 181.5124969482421875 179.875 178.600006103515625 179.368743896484375
252.6937408447265625 245.850006103515625 241.9375 240.587493896484375 241.5812530517578125 247.774993896484375 248.912506103515625 244.8874969482421875 242.149993896484375 253.8812408447265625 268.04376220703125 272.712493896484375 277.993743896484375 278.20623779296875 275.649993896484375 273.54998779296875 270.125 266.225006103515625 261.5625 258.274993896484375 255.306243896484375 247.943756103515625 240.7062530517578125 233.600006103515625 230.9250030517578125 224.506256103515625 225.5749969482421875 224.756256103515625 223.875 221.0749969482421875 217.0187530517578125 210.5437469482421875 203.818756103515625 196.0812530517578125 188.5500030517578125 184.8312530517578125 181.568756103515625 179.1125030517578125 177.743743896484375 173.837493896484375 171.681243896484375 170.006256103515625 169.25 168.100006103515625
244.3000030517578125 237.587493896484375 235.1687469482421875 232.7062530517578125 232.3249969482421875 236.475006103515625 237.34375 235.149993896484375 227.9562530517578125 229.4375 243.9375 256.0625 267.6875 270.45623779296875 269.350006103515625 269.57501220703125 267.931243896484375 266.23126220703125 264.8125 256.36248779296875 246.381256103515625 240.8249969482421875 229.5812530517578125 227.3625030517578125 219.71875 212.2624969482421875 210.71875 212.6812591552734375 214.7937469482421875 211.28125 209.412506103515625 202.90625 193.212493896484375 184.7312469482421875 179.6125030517578125 177.368743896484375 175.318756103515625 173.75 173.4375 168.8312530517578125 164.5625 162.306243896484375 162.75 163.1750030517578125
235.4875030517578125 230.149993896484375 227.9812469482421875 226.75 224.118743896484375 228 230.0749969482421875 230.09375 229.625 233.693756103515625 242.25 247.1687469482421875 260.375 264.23748779296875 265.26873779296875 263.40625 261.82501220703125 260.54998779296875 260.41876220703125 256.73126220703125 243.618743896484375 230.9250030517578125 220.1687469482421875 215.5625 206.1125030517578125 198.8625030517578125 197.125 198.9875030517578125 202.4250030517578125 202.3312530517578125 198.318756103515625 191.90625 185.256256103515625 178.225006103515625 171.9375 170 168.0625 167.4812469482421875 167.443756103515625 165.9562530517578125 163.90625 162.943756103515625 158.8125 155.524993896484375
227.087493896484375 223.1374969482421875 220.399993896484375 219.6374969482421875 217.2624969482421875 222.006256103515625 225.1062469482421875 224.6062469482421875 226.631256103515625 233.5187530517578125 242.84375 250.868743896484375 253.6437530517578125 259.537506103515625 258.087493896484375 255.2687530517578125 253.8249969482421875 253.8937530517578125 253.6750030517578125 253.006256103515625 247.09375 229.975006103515625 214.25 197.975006103515625 193.787506103515625 189.4499969482421875 187.743743896484375 189.0625 189.443756103515625 187.8125 186.15625 182.3000030517578125 176.0625 169.6374969482421875 163.631256103515625 160.75 159.4875030517578125 160.2062530517578125 162.118743896484375 162.0124969482421875 160.8312530517578125 158.4375 156.962493896484375 151.2687530517578125
223.2375030517578125 218.475006103515625 216.48748779296875 215.8125 214.881256103515625 217.125 222.2375030517578125 224.9562530517578125 229.681243896484375 233.8125 242.3562469482421875 251.3125 248.1312408447265625 250.306243896484375 250.600006103515625 246.087493896484375 244.4187469482421875 244.556243896484375 245.587493896484375 248.4375 245.4812469482421875 232.693756103515625 215.46875 196.9562530517578125 184.1750030517578125 175.4562530517578125 172.8312530517578125 174.2312469482421875 176.6437530517578125 175.4187469482421875 172.131256103515625 169.087493896484375 163.8000030517578125 158.181243896484375 154.6062469482421875 154.287506103515625 154.7375030517578125 154.8312530517578125 155.618743896484375 156.193756103515625 156.587493896484375 154.181243896484375 149.681243896484375 139.3937530517578125
220.5 214.34375 211.9875030517578125 211.600006103515625 210.3625030517578125 214.243743896484375 217.3625030517578125 219.4812469482421875 225.350006103515625 233 240.7062530517578125 245.8874969482421875 244.868743896484375 236.15625 234.0812530517578125 234.1750030517578125 232.6437530517578125 233.3312530517578125 234.381256103515625 237.34375 237.5 224.631256103515625 208.818756103515625 190.84375 169.493743896484375 158.493743896484375 160.8874969482421875 163.1875 166.3312530517578125 166.306243896484375 162.3874969482421875 157.4499969482421875 152.1125030517578125 146.662506103515625 144.3000030517578125 146.2750091552734375 148.225006103515625 150.712493896484375 153.149993896484375 153.59375 152.600006103515625 150.2624969482421875 141.0687408447265625 132.631256103515625
212.96875 207.8312530517578125 206.6374969482421875 205.9875030517578125 206.0437469482421875 208.6125030517578125 211.024993896484375 214.0124969482421875 221.5124969482421875 228.8562469482421875 231.993743896484375 232.756256103515625 230.2312469482421875 224.931243896484375 215.243743896484375 217.8125 216.681243896484375 216.3812408447265625 219.287506103515625 222.8000030517578125 220.9250030517578125 210.806243896484375 197.993743896484375 183.743743896484375 166.5437469482421875 154.681243896484375 153.15625 152.8000030517578125 154.7312469482421875 153.46875 152.587493896484375 147.6750030517578125 142.7312469482421875 138.0437469482421875 135.3062591552734375 139.337493896484375 144.1374969482421875 148.7312469482421875 152.131256103515625 150.943756103515625 144.4499969482421875 137.3000030517578125 134.0812530517578125 132.712493896484375
204.537506103515625 201.1999969482421875 200.9375 200.21875 199.84375 202.712493896484375 207.131256103515625 211.368743896484375 216.4875030517578125 220.431243896484375 222.03125 220.1687469482421875 214.5749969482421875 208.056243896484375 195.6062469482421875 196.65625 197.337493896484375 200.131256103515625 203.1062469482421875 205.71875 205.037506103515625 198.693756103515625 190.53125 183.1187591552734375 172.75 163.125 157.881256103515625 155.2312469482421875 153.65625 150.8000030517578125 145.1374969482421875 139.725006103515625 136.84375 130.1437530517578125 124.90000152587890625 127.5187530517578125 138.0625 146.2062530517578125 148.287506103515625 144.8125 137.75 134.399993896484375 135.46875 133.3562469482421875
195.5500030517578125 192.5500030517578125 193.756256103515625 194.274993896484375 193.7312469482421875 197.90625 202.725006103515625 206.399993896484375 209.287506103515625 212.84375 212.6437530517578125 208.306243896484375 201.4000091552734375 195.3125 185.6125030517578125 175.6374969482421875 179.056243896484375 186.09375 187.475006103515625 190.1125030517578125 190.5 189.9499969482421875 187.412506103515625 184.7874908447265625 177.100006103515625 167.568756103515625 160.9250030517578125 155.600006103515625 152.46875 150.056243896484375 146.59375 140.225006103515625 130.850006103515625 121.84375 116.00624847412109375 125.33750152587890625 132.1500091552734375 139.068756103515625 142.556243896484375 142.2687530517578125 138.0124969482421875 134.71875 133.212493896484375 128.4375
187.5812530517578125 185.568756103515625 185.774993896484375 187.4499969482421875 189.15625 191.818756103515625 195.3312530517578125 198.1999969482421875 201.8874969482421875 204.46875 204.71875 200.506256103515625 192.225006103515625 184.3874969482421875 177.21875 170.037506103515625 161.9375 167.6437530517578125 172.399993896484375 176.0749969482421875 177.9250030517578125 179.1062469482421875 181.6687469482421875 184.381256103515625 181.600006103515625 167.931243896484375 159.2937469482421875 154.037506103515625 150.4875030517578125 148.024993896484375 145.568756103515625 141.8000030517578125 133.3000030517578125 125.31874847412109375 125.72499847412109375 128.631256103515625 135.0187530517578125 141.412506103515625 147.0625 142.90625 137.53125 132.756256103515625 127.71875 124.8937530517578125
176.6437530517578125 176.412506103515625 177.681243896484375 178.7062530517578125 180.40625 184.6125030517578125 186.712493896484375 188.25 190.7375030517578125 193.8937530517578125 194.537506103515625 192.0437469482421875 182.243743896484375 175.774993896484375 169.274993896484375 163.443756103515625 156.1875 150.243743896484375 160.4250030517578125 163.1125030517578125 165.493743896484375 169.0124969482421875 173.3562469482421875 177.5437469482421875 177.15625 166.931243896484375 156.087493896484375 152.4499969482421875 149.600006103515625 145.25 138.3312530517578125 132.4437408447265625 134.7624969482421875 132.8249969482421875 130.40625 138.193756103515625 143.818756103515625 144.7312469482421875 145.9499969482421875 142.743743896484375 133.743743896484375 128.625 124.11875152587890625 122
165.693756103515625 166.3249969482421875 167.318756103515625 169.8937530517578125 172.443756103515625 174.975006103515625 177.3937530517578125 179.6374969482421875 182.2624969482421875 186.3937530517578125 186.118743896484375 178.568756103515625 170.662506103515625 165.100006103515625 159.40625 155.443756103515625 151.09375 143.625 143.287506103515625 147.2062530517578125 151.618743896484375 158.899993896484375 156.1687469482421875 162.431243896484375 163.5500030517578125 161.6125030517578125 156.1999969482421875 149.568756103515625 146.8562469482421875 142.6999969482421875 138.0812530517578125 136.4812469482421875 137.3000030517578125 135.1437530517578125 134.2937469482421875 139.256256103515625 140.375 139.225006103515625 140.4875030517578125 135.625 128.25 122.88124847412109375 120.5437469482421875 120.21875
