data/historical-monthly-weather-data/wc2.1_cruts4.09_10m_prec_2018-06.asc
ncols        51
nrows        45
xllcorner    -63.500000000000
yllcorner    -7.500000000000
cellsize     0.166666666667
NODATA_value -9999
[rows 0 to 18 of 45, columns 0 to 42 of 51]
228.15625 228.65625 229.1750030517578125 237.1062469482421875 241.96875 250.256256103515625 254.0187530517578125 256.4375 256.32501220703125 265.23748779296875 276.625 284.274993896484375 292.40625 296.868743896484375 298.649993896484375 301.875 301.931243896484375 299.100006103515625 295.337493896484375 295.11248779296875 299.89373779296875 295.399993896484375 292.41876220703125 285.57501220703125 280.83123779296875 277.32501220703125 276.03125 276.79376220703125 269.806243896484375 262.256256103515625 249.274993896484375 243.399993896484375 240.5 232.774993896484375 225.881256103515625 219.850006103515625 213.25 208.368743896484375 198.787506103515625 191.65625 187.5 187.274993896484375 180.2937469482421875
220.0187530517578125 220.875 226.65625 233.28125 242.256256103515625 251.09375 255.4187469482421875 258.274993896484375 265.85626220703125 275.618743896484375 285.1875 291.34375 292.07501220703125 294.45001220703125 293.881256103515625 294.681243896484375 291.98748779296875 285.70623779296875 280.95001220703125 281.725006103515625 284.48126220703125 281.181243896484375 280.962493896484375 277.90625 274.024993896484375 270.04376220703125 269.54376220703125 267.59375 261.818756103515625 250.193756103515625 242.068756103515625 240.9562530517578125 234.75 228.024993896484375 221.8625030517578125 211.3937530517578125 204.9250030517578125 197.8000030517578125 188.306243896484375 181.381256103515625 179.0187530517578125 170.493743896484375 168.375
207.381256103515625 214.65625 222.0749969482421875 227.09375 238.4812469482421875 251.3312530517578125 259.75 271.318756103515625 280.837493896484375 290.79998779296875 297.61248779296875 298.662506103515625 299.868743896484375 294.318756103515625 290.149993896484375 287.79998779296875 281.568756103515625 275.89373779296875 271.96875 270.79376220703125 275.17498779296875 279.35626220703125 279.48748779296875 282.46875 275.82501220703125 270.987518310546875 274.962493896484375 270.07501220703125 260.04998779296875 254.40625 243.1437530517578125 236.8312530517578125 228.4812469482421875 222.006256103515625 211.868743896484375 196.78125 191.875 187.1812591552734375 178.0812530517578125 171.3249969482421875 169.7375030517578125 163.524993896484375 159.087493896484375
193.881256103515625 197.837493896484375 210.943756103515625 222.256256103515625 232.725006103515625 247.006256103515625 261.91876220703125 277.131256103515625 291.9375 304.681243896484375 308.243743896484375 304.67498779296875 299.743743896484375 291.70001220703125 286.45001220703125 281.600006103515625 270.64373779296875 266.65625 263.29376220703125 270.412506103515625 273.73748779296875 272.70623779296875 276.256256103515625 282.59375 276.681243896484375 273.068756103515625 273.149993896484375 265.118743896484375 259.60626220703125 254.024993896484375 244.5 233.725006103515625 223.5187530517578125 210.193756103515625 198.993743896484375 193.7062530517578125 188.537506103515625 180.4875030517578125 170.337493896484375 162.993743896484375 159.225006103515625 156.78125 151.9812469482421875
195.662506103515625 197.6687469482421875 199.962493896484375 214.806243896484375 233.0437469482421875 245.2062530517578125 262.07501220703125 284.024993896484375 305.5 320.225006103515625 322.61248779296875 307.54998779296875 300.48748779296875 292.45623779296875 281.787506103515625 274.100006103515625 264.899993896484375 255.4375 252.0625 257.07501220703125 261.07501220703125 265.79998779296875 271.899993896484375 277.399993896484375 272.962493896484375 271.91876220703125 268.193756103515625 267.287506103515625 262.037506103515625 250.4499969482421875 243.9250030517578125 235.381256103515625 221.274993896484375 208.399993896484375 199.1062469482421875 188.306243896484375 181.8249969482421875 175.9875030517578125 164.0812530517578125 154.181243896484375 150.193756103515625 147.4499969482421875 144.09375
187.475006103515625 193.631256103515625 199.399993896484375 202.149993896484375 224.9499969482421875 248.0812530517578125 262.881256103515625 282.29376220703125 307.76251220703125 324.443756103515625 320.14373779296875 305.38751220703125 298.08123779296875 289.524993896484375 275.79376220703125 267.375 256.51873779296875 248.600006103515625 249.6437530517578125 252.681243896484375 260.587493896484375 264.868743896484375 269.70623779296875 269.225006103515625 270.931243896484375 271.818756103515625 265.48748779296875 264.600006103515625 260.33123779296875 248.7687530517578125 244.375 235.618743896484375 224.056243896484375 208.1750030517578125 192.712493896484375 188.4875030517578125 178.506256103515625 166.087493896484375 158.3937530517578125 153.7624969482421875 146.1125030517578125 144.40625 139.2062530517578125
183.9250030517578125 188.5187530517578125 197.46875 206.6875 216.975006103515625 230.2687530517578125 245.1687469482421875 270.631256103515625 285.70623779296875 300.51873779296875 303.381256103515625 293.431243896484375 290.375 285.21875 272.943756103515625 263.01873779296875 255.193756103515625 248.9250030517578125 244.84375 249.7062530517578125 251.118743896484375 256.75 260.256256103515625 264.54376220703125 272.65625 273.912506103515625 266.73126220703125 262.32501220703125 257.73748779296875 255.2687530517578125 243.399993896484375 230.09375 215.881256103515625 204.443756103515625 194.568756103515625 184.587493896484375 170.5187530517578125 161.256256103515625 152.649993896484375 148.8000030517578125 140.975006103515625 137.7062530517578125 134.743743896484375
178.5625 180.181243896484375 191.556243896484375 208.4375 221.3937530517578125 238.40625 241.881256103515625 245.84375 248.9499969482421875 266.51251220703125 278.881256103515625 279.193756103515625 279.9375 275.712493896484375 270.51251220703125 261.568756103515625 249.993743896484375 246.03125 242.318756103515625 239.725006103515625 254.59375 256.556243896484375 258.36248779296875 262.024993896484375 270.17498779296875 268.681243896484375 263.5062255859375 259.118743896484375 254.8937530517578125 245.7937469482421875 243.693756103515625 229.125 215.399993896484375 201.0437469482421875 184.850006103515625 174.0500030517578125 164.0124969482421875 154.868743896484375 143.28125 135.5 130.1687469482421875 129.8249969482421875 123.96250152587890625
173.493743896484375 177.881256103515625 187.774993896484375 202.8312530517578125 218.2624969482421875 229.40625 242 251.131256103515625 244.618743896484375 243.6687469482421875 251.506256103515625 257.162506103515625 266.64373779296875 265.73126220703125 263.649993896484375 255.48748779296875 254.756256103515625 254.90625 254.350006103515625 248 245.8874969482421875 258.92498779296875 254.399993896484375 265.78125 267.193756103515625 267.26251220703125 262.037506103515625 260.48126220703125 261.73126220703125 250.21875 247.431243896484375 222.412506103515625 200.2062530517578125 184.506256103515625 174.5124969482421875 170.5187530517578125 163.556243896484375 156.59375 144.9875030517578125 133.818756103515625 125.1374969482421875 119.2062530517578125 118.59999847412109375
169.181243896484375 175.068756103515625 186.2375030517578125 201.381256103515625 216.3000030517578125 226.431243896484375 237.5062408447265625 242.568756103515625 245.3000030517578125 246.024993896484375 245.5437469482421875 238.8312530517578125 250.600006103515625 254.8812408447265625 257.29998779296875 256.443756103515625 253.899993896484375 263.006256103515625 264.32501220703125 263.95001220703125 256.95623779296875 257.09375 249.7937469482421875 256.5625 256.037506103515625 261.78125 258.16876220703125 254 249.9250030517578125 244.743743896484375 237.2937469482421875 217.225006103515625 200.6062469482421875 185.7687530517578125 170.8312530517578125 164.493743896484375 160.1125030517578125 155.4499969482421875 146.2375030517578125 139.868743896484375 132.9875030517578125 126.03125 115.5812530517578125
167.34375 172.600006103515625 183.9875030517578125 197.90625 210.6750030517578125 223.59375 229.193756103515625 234.5 240.0500030517578125 243.399993896484375 245.9187469482421875 240.568756103515625 238.243743896484375 243.9375 247.4812469482421875 250.8937530517578125 252.1750030517578125 255.9875030517578125 264 273.57501220703125 282.29376220703125 274.57501220703125 256.54998779296875 237.725006103515625 247.34375 266.15625 265.006256103515625 255.3625030517578125 245.274993896484375 236.1999969482421875 226.9187469482421875 210.975006103515625 197.274993896484375 183.774993896484375 170.5437469482421875 160.75 156.46875 150.0749969482421875 147.28125 139.462493896484375 131.7312469482421875 122.4187469482421875 114.75
163.493743896484375 169.9875030517578125 183.9812469482421875 194.962493896484375 208.181243896484375 216.8125 227.931243896484375 235.09375 239.006256103515625 235.399993896484375 240.90625 239.9562530517578125 228.875 234.618743896484375 245.4812469482421875 248.1062469482421875 249.787506103515625 256.29998779296875 267.618743896484375 288.04998779296875 299.16876220703125 294.806243896484375 274.04998779296875 246.618743896484375 245.756256103515625 251.2687530517578125 245.475006103515625 241.7312469482421875 238.337493896484375 226.368743896484375 208.3249969482421875 198.899993896484375 188.0437469482421875 172.75 164.125 160.475006103515625 158.6374969482421875 153.7375030517578125 143.506256103515625 139.850006103515625 132.9250030517578125 122.53125 106.7312469482421875
163.024993896484375 168.818756103515625 181.0812530517578125 191.9187469482421875 205.84375 212.1062469482421875 220.881256103515625 228.274993896484375 228.524993896484375 228.6875 231.875 234.881256103515625 233.131256103515625 223.5437469482421875 229.037506103515625 237.09375 241.7312469482421875 252.149993896484375 255.3312530517578125 273.181243896484375 289.806243896484375 287.61248779296875 274.98126220703125 253.493743896484375 235.9499969482421875 236.2375030517578125 236.193756103515625 234.1437530517578125 232.5437469482421875 224.40625 204.681243896484375 187.912506103515625 181.6875 165.40625 156.818756103515625 155.9187469482421875 158.75 157.087493896484375 156.2687530517578125 147.5124969482421875 133.712493896484375 121.19374847412109375 100.1750030517578125
161.0749969482421875 167.4875030517578125 178.225006103515625 189.3562469482421875 199.25 206.850006103515625 212.8312530517578125 221.5437469482421875 224.0812530517578125 222.056243896484375 223.59375 222.693756103515625 224.6437530517578125 221.7062530517578125 212.568756103515625 224.71875 228.243743896484375 234.8249969482421875 241.818756103515625 256.412506103515625 269.875 269.66876220703125 262.131256103515625 252.693756103515625 242.4375 234.125 226.225006103515625 219.8625030517578125 216.5812530517578125 207.46875 197.212493896484375 183.7687530517578125 173.850006103515625 164.7687530517578125 152.59375 158.3874969482421875 165.899993896484375 169.287506103515625 168.5437469482421875 155.943756103515625 129.712493896484375 111.78125 101.96875
156.5437469482421875 163.125 175.256256103515625 187.0437469482421875 195.8312530517578125 202.556243896484375 209.6437530517578125 215.287506103515625 217.024993896484375 217 216.4250030517578125 216.9187469482421875 217.875 212.9187469482421875 200.818756103515625 209.5500030517578125 214.9187469482421875 225.9812469482421875 227.649993896484375 238.631256103515625 253.4187469482421875 256.21875 257.20001220703125 253.40625 252.53125 245.7624969482421875 237.1125030517578125 227.4562530517578125 224.2687530517578125 206.962493896484375 188.5187530517578125 179.350006103515625 177.181243896484375 161.90625 145.6062469482421875 144.3874969482421875 161.181243896484375 176.256256103515625 172.2062530517578125 155.100006103515625 137.5500030517578125 125.1374969482421875 118.72499847412109375
154.09375 159 170.4562530517578125 179.631256103515625 191.493743896484375 198.6374969482421875 203.6875 207.243743896484375 212.125 216.693756103515625 216.0437469482421875 215.375 216.212493896484375 211.9375 202.556243896484375 188.618743896484375 198.34375 213.34375 215.625 225.087493896484375 236.931243896484375 243.9562530517578125 251.850006103515625 256.006256103515625 255.756256103515625 249.681243896484375 236.7312469482421875 229.125 221.443756103515625 213.3000030517578125 198.0812530517578125 181.7062530517578125 164.537506103515625 148.087493896484375 134.3000030517578125 151.462493896484375 156.9875030517578125 165.9499969482421875 168.34375 162.75 153.0749969482421875 141.068756103515625 125.40000152587890625
150.2312469482421875 156.3125 165 176.649993896484375 187.399993896484375 195.0124969482421875 199.568756103515625 204.28125 204.712493896484375 207.34375 211.4250030517578125 213.1437530517578125 210.5374908447265625 206.837493896484375 205.443756103515625 193.53125 178.1062469482421875 190.25 201.5187530517578125 208.6999969482421875 217.1125030517578125 230.0812530517578125 239.8562469482421875 252.8249969482421875 252.600006103515625 238.59375 226.524993896484375 218.100006103515625 218.162506103515625 212.243743896484375 202.837493896484375 191.318756103515625 174.087493896484375 163.493743896484375 164.1687469482421875 167.1875 175.506256103515625 180.662506103515625 181.412506103515625 165.256256103515625 155.118743896484375 139.0187530517578125 119.8249969482421875
145.306243896484375 151.6875 162.59375 173.506256103515625 184.1750030517578125 193.4812469482421875 196.725006103515625 200.3125 201.40625 200.8874969482421875 202.412506103515625 207.65625 203.962493896484375 201.875 203.4812469482421875 196.6875 182.087493896484375 168.774993896484375 190.7937469482421875 191.3312530517578125 198.9187469482421875 211.125 228.5187530517578125 238.4187469482421875 243.181243896484375 229.4499969482421875 213.75 214.743743896484375 213.287506103515625 203.3625030517578125 185.743743896484375 170.2624969482421875 184.09375 180.024993896484375 174.8000030517578125 196.181243896484375 200.40625 188.493743896484375 180.28125 166.5500030517578125 143.03125 125.0749969482421875 109.2937469482421875
141.0749969482421875 149.006256103515625 159.243743896484375 170.399993896484375 181.381256103515625 187.337493896484375 191.399993896484375 194.212493896484375 197.96875 200.693756103515625 201.149993896484375 196.5124969482421875 194.774993896484375 195.5437469482421875 193.5500030517578125 190.037506103515625 188.1687469482421875 170.9499969482421875 166.337493896484375 170.024993896484375 184.3874969482421875 203.1125030517578125 199.21875 214.5437469482421875 219.068756103515625 223.756256103515625 216.9562530517578125 206.631256103515625 209.4250030517578125 199.412506103515625 185.5500030517578125 179.5812530517578125 183.274993896484375 177.5625 179.8562469482421875 193.3000030517578125 189.962493896484375 177.1374969482421875 168.3249969482421875 150.568756103515625 130.125 110.5812530517578125 99.9375
