data/historical-monthly-weather-data/wc2.1_cruts4.09_10m_prec_1972-09.asc
ncols        51
nrows        45
xllcorner    -63.500000000000
yllcorner    -7.500000000000
cellsize     0.166666666667
NODATA_value -9999
[rows 0 to 18 of 45, columns 0 to 43 of 51]
165.71875 166.8312530517578125 165.068756103515625 165.568756103515625 163.399993896484375 158.087493896484375 148.6750030517578125 138.34375 131.350006103515625 125.2312469482421875 121.24375152587890625 119.8937530517578125 118.80625152587890625 116.44374847412109375 115.88124847412109375 114.7687530517578125 114.7624969482421875 112.6875 111.56874847412109375 109.4499969482421875 107.4562530517578125 103.71250152587890625 100.9187469482421875 98.28749847412109375 95.27500152587890625 93.94374847412109375 94.03125 94.19374847412109375 92.625 88.86875152587890625 84.03125 80.28125 78.4250030517578125 75.3125 73.15625 73.1875 74.40000152587890625 75.71250152587890625 77.78125 80.31874847412109375 83.1374969482421875 85.99375152587890625 87.9187469482421875 90.1374969482421875
157.475006103515625 159.6374969482421875 162.7624969482421875 168.15625 173.6125030517578125 165.3562469482421875 154.5812530517578125 147.3000030517578125 140.368743896484375 133.806243896484375 129.212493896484375 126.84375 124.9499969482421875 121.40625 119.9875030517578125 119.16249847412109375 117.65000152587890625 116.625 115.75624847412109375 114.5187530517578125 111.7687530517578125 109.5625 106.4812469482421875 103.84375 99.44374847412109375 97.0124969482421875 96.78749847412109375 96.38124847412109375 93.5124969482421875 89.9562530517578125 85.93125152587890625 83.2687530517578125 80.9375 79.1374969482421875 77.47499847412109375 77.9875030517578125 79.6875 81.78125 83.9250030517578125 86.6062469482421875 89.72499847412109375 92.5749969482421875 95.1125030517578125 96.2687530517578125
145.537506103515625 150.600006103515625 156.350006103515625 165.024993896484375 172.4187469482421875 168.506256103515625 160.493743896484375 153.712493896484375 148.09375 142.3312530517578125 137.6999969482421875 134.5749969482421875 131.9562530517578125 127.5500030517578125 124.78749847412109375 123.6875 121.3249969482421875 119.8125 118.28749847412109375 116.77500152587890625 113.7937469482421875 110.75 107.96250152587890625 105 100.46250152587890625 96.8249969482421875 97.24375152587890625 95.61875152587890625 92.6750030517578125 88.7687530517578125 84.3874969482421875 81.6062469482421875 80.7937469482421875 79.46250152587890625 78.44374847412109375 79.1999969482421875 81.38124847412109375 84.31874847412109375 87.375 90.9812469482421875 94.8874969482421875 97.4812469482421875 100.6750030517578125 102.49375152587890625
131.337493896484375 137.625 149.743743896484375 158.8562469482421875 167.5124969482421875 166.462493896484375 162.899993896484375 160.7312469482421875 156.962493896484375 152.46875 147.1999969482421875 143.212493896484375 137.899993896484375 133.6374969482421875 130.2624969482421875 127.9812469482421875 125.58750152587890625 123.34999847412109375 122.21875 120.6687469482421875 117.15625 112.3937530517578125 108.18125152587890625 104.7687530517578125 99.52500152587890625 95.9250030517578125 94.96250152587890625 91.86875152587890625 89.3625030517578125 86.05625152587890625 82.4875030517578125 79.03125 78.0124969482421875 77.25624847412109375 76.4499969482421875 79.5124969482421875 83.09999847412109375 86.55625152587890625 90.75624847412109375 94.44374847412109375 98.3000030517578125 101.06874847412109375 104.2687530517578125 106.93125152587890625
131.756256103515625 134.7937469482421875 140.4375 150.506256103515625 163.537506103515625 165.712493896484375 164.524993896484375 164.8625030517578125 163.943756103515625 160.443756103515625 155.4187469482421875 149.056243896484375 144.1062469482421875 140.6125030517578125 136.756256103515625 133.40625 129.912506103515625 126.81874847412109375 124.76874542236328125 121.84999847412109375 119.00624847412109375 112.41249847412109375 108.27500152587890625 104.2312469482421875 98.69374847412109375 94.5 91.48125457763671875 89.0124969482421875 86.1437530517578125 82.38124847412109375 79.25 75.5625 74.6750030517578125 74.97499847412109375 75.61875152587890625 78.7937469482421875 82.95000457763671875 87.94374847412109375 93.06874847412109375 97.58750152587890625 101.8249969482421875 104.3312530517578125 106.875 110.375
135.524993896484375 138.556243896484375 141.8125 144.381256103515625 157.399993896484375 165.53125 167.2375030517578125 166.881256103515625 166 164.350006103515625 158.975006103515625 152.3562469482421875 147.6062469482421875 144.2937469482421875 139.6125030517578125 136.756256103515625 133.0625 129.0437469482421875 126.31874847412109375 123.6374969482421875 118.4562530517578125 112.15000152587890625 106.9375 101.36875152587890625 96.2937469482421875 91.24375152587890625 87.8125 85.5437469482421875 82.3312530517578125 78.6687469482421875 75.8249969482421875 74.5812530517578125 74.5187530517578125 75.28749847412109375 76.34999847412109375 81.03749847412109375 85.9250030517578125 92.2937469482421875 98.4250030517578125 102.96250152587890625 104.4250030517578125 106.69374847412109375 109.08750152587890625 112.9562530517578125
142.024993896484375 146.256256103515625 149.162506103515625 151.462493896484375 158.9124908447265625 161.7687530517578125 165.350006103515625 167.2624969482421875 165.1750030517578125 161.868743896484375 158.568756103515625 153.806243896484375 150.181243896484375 146.5124969482421875 142.4499969482421875 139.4250030517578125 136.03125 132.881256103515625 129.068756103515625 124.78749847412109375 118.08750152587890625 111.2624969482421875 104.1687469482421875 98.00624847412109375 93.05625152587890625 88.1999969482421875 84.77500152587890625 82.15000152587890625 78.40000152587890625 74.9375 72.86875152587890625 71.38124847412109375 72.6875 74.8937530517578125 77.18125152587890625 81.49375152587890625 87.09375 95.13124847412109375 103.25 105.63124847412109375 106.375 107.1687469482421875 109.2624969482421875 113.4812469482421875
149.337493896484375 154.100006103515625 157.1875 162.443756103515625 169.6750030517578125 172.743743896484375 170.96875 165.2687530517578125 159.743743896484375 157.65625 157.3562469482421875 154.5124969482421875 151.837493896484375 148.21875 145.5812530517578125 141.193756103515625 137.75 135.1875 131.4499969482421875 124.6062469482421875 117.68125152587890625 109.7937469482421875 102.15000152587890625 95.02500152587890625 89.34375 84.2937469482421875 80.40625 77.09999847412109375 74.08750152587890625 71.2312469482421875 69.59375 68.5124969482421875 70.4499969482421875 73.71875 76.00624847412109375 80.375 85.94374847412109375 92.9250030517578125 98.46250152587890625 101.27500152587890625 101.86875152587890625 102.2312469482421875 104.2062530517578125 107.15000152587890625
158.15625 164.1687469482421875 168.443756103515625 173.412506103515625 179.90625 180.9562530517578125 179.068756103515625 173.3625030517578125 164.600006103515625 157.625 156.837493896484375 154.2062530517578125 153.2375030517578125 149.21875 146.256256103515625 142.212493896484375 138.53125 135.368743896484375 131.9562530517578125 124.41249847412109375 115.4187469482421875 107.78125 98.29999542236328125 92.3562469482421875 85.88124847412109375 80.0749969482421875 76.41249847412109375 73.8562469482421875 71.7937469482421875 69.34999847412109375 68.6875 66.5625 67.4562530517578125 69.1687469482421875 71.63124847412109375 76.89374542236328125 82.5 87.84375 91.25 93.46875 94.00624847412109375 93.7687530517578125 95.3125 97.71250152587890625
165.5625 172.5187530517578125 177.274993896484375 182.193756103515625 189.4187469482421875 190.568756103515625 188.5500030517578125 182.149993896484375 174.006256103515625 167.274993896484375 162.6062469482421875 157.256256103515625 154.4499969482421875 151.3249969482421875 146.693756103515625 143.3249969482421875 138.193756103515625 134.131256103515625 130.037506103515625 123.9250030517578125 114.71250152587890625 104.84375 94.69374847412109375 87.96250152587890625 80.78125 75.24375152587890625 72.22499847412109375 70.0124969482421875 68.3312530517578125 67.1999969482421875 65.56874847412109375 63.55625152587890625 64.1999969482421875 66.2062530517578125 68.47499847412109375 72.78749847412109375 77.90625 82.18125152587890625 83.75 85.125 85.3937530517578125 85.36875152587890625 83.96250152587890625 85.1437530517578125
175.2375030517578125 182.412506103515625 187.212493896484375 191.625 197.8249969482421875 200.681243896484375 199.0437469482421875 190.1125030517578125 180.375 173.3249969482421875 168.4375 163.2937469482421875 157.2937469482421875 151.78125 146.1125030517578125 141.587493896484375 135.6125030517578125 131.1312408447265625 126.59999847412109375 121.4250030517578125 114.1437530517578125 103.9375 92.80625152587890625 82.19374847412109375 76.21250152587890625 72.8874969482421875 70.3125 67.40625 64.96250152587890625 63.91249847412109375 62.799999237060546875 61.100002288818359375 61.731250762939453125 62.97499847412109375 64.78749847412109375 68.16249847412109375 72.1374969482421875 75.3625030517578125 77.09375 76.875 75.71875 74.6999969482421875 74.5812530517578125 73.5
180.9499969482421875 187.8937530517578125 192.65625 198.399993896484375 204.256256103515625 206.4875030517578125 206.2062530517578125 197.7624969482421875 186.0500030517578125 176.837493896484375 171.4562530517578125 166.8000030517578125 158.2312469482421875 150.556243896484375 146.3125 140.587493896484375 134.84375 128.625 123.84375 120.49375152587890625 114.68125152587890625 104.03125 91.74375152587890625 80.28749847412109375 73.40625 69.08750152587890625 66.375 63.950000762939453125 61.34375 60.549999237060546875 59.356250762939453125 57.88124847412109375 58.25624847412109375 59.69374847412109375 61.83750152587890625 64.5500030517578125 67.38124847412109375 69.875 69.1750030517578125 67.4187469482421875 65.38124847412109375 63.581249237060546875 63.200000762939453125 61.762500762939453125
185.03125 191.4375 195.40625 199.2937469482421875 203.6125030517578125 205.0875091552734375 203.118743896484375 196.006256103515625 187.087493896484375 178.8249969482421875 171.8249969482421875 167.3125 159.8874969482421875 148.662506103515625 142.024993896484375 137.5 131.6374969482421875 125.75624847412109375 121.05625152587890625 117.0749969482421875 111.77500152587890625 102.16249847412109375 89.84375 79.1875 70.125 65.06874847412109375 63.27500152587890625 61.47499847412109375 59.44374847412109375 58.200000762939453125 56.28125 54.606250762939453125 55.05625152587890625 55.481250762939453125 57.012500762939453125 60 63.78749847412109375 66.58750152587890625 66.55625152587890625 62.13124847412109375 57.44374847412109375 56.325000762939453125 54.856250762939453125 49.05625152587890625
187.5625 192.8125 194.9250030517578125 197.681243896484375 201.475006103515625 200.40625 197.431243896484375 193.056243896484375 184.943756103515625 177.9187469482421875 169.7062530517578125 162.3000030517578125 155.3125 145.743743896484375 136.25 132.3000030517578125 126.8249969482421875 120.46875 114.7375030517578125 110.6374969482421875 104.86875152587890625 95.375 85.28749847412109375 77.6750030517578125 69.8874969482421875 63.99375152587890625 61.606250762939453125 59.34999847412109375 56.893749237060546875 55.65000152587890625 54.581249237060546875 52.450000762939453125 52.06874847412109375 52.081249237060546875 53.44374847412109375 57.41249847412109375 62.481250762939453125 67.6437530517578125 68.5812530517578125 65.3625030517578125 56.09375 50.25624847412109375 48.78125 47.024997711181640625
188.087493896484375 191.5187530517578125 192.6750030517578125 194.868743896484375 198.0437469482421875 193.7624969482421875 192.037506103515625 187.337493896484375 179.681243896484375 174.1374969482421875 165.118743896484375 157.399993896484375 149.662506103515625 140.6687469482421875 130.118743896484375 123.99375152587890625 119.5812530517578125 114.5812530517578125 108.40000152587890625 104.34999847412109375 98.875 91.15625 82.96250152587890625 77.77500152587890625 72.8125 67.49375152587890625 64.0500030517578125 60.200000762939453125 56.706249237060546875 55.21875 52.487499237060546875 50.11875152587890625 50 49.543750762939453125 49.387500762939453125 54.543750762939453125 63.06874847412109375 73.05625152587890625 77.8937530517578125 74.25624847412109375 66.6999969482421875 58.981250762939453125 55.28749847412109375 51.424999237060546875
186.4812469482421875 188.6750030517578125 190.28125 191.5625 192.15625 189.806243896484375 186.587493896484375 181.5812530517578125 175.493743896484375 170.3562469482421875 161.4812469482421875 152.568756103515625 144.1750030517578125 135.774993896484375 125.71875 116.5187530517578125 111.91249847412109375 108.4875030517578125 102.90625 99.3249969482421875 93.4250030517578125 87.6875 82.24375152587890625 79.6125030517578125 75.9812469482421875 70.36249542236328125 65.8312530517578125 61.856250762939453125 58.293750762939453125 55.71250152587890625 53.80625152587890625 50.46250152587890625 49.02500152587890625 48.78749847412109375 47.59999847412109375 55.03749847412109375 66.9562530517578125 78.16249847412109375 87.08750152587890625 86.65625 82.28749847412109375 71.55625152587890625 62 54.387500762939453125
182.412506103515625 184.943756103515625 187.118743896484375 188.381256103515625 188.2312469482421875 186.15625 182.649993896484375 178.5749969482421875 172.556243896484375 166.21875 158.6062469482421875 149.381256103515625 139.59375 130.625 122.86875152587890625 114.7062530517578125 105.97499847412109375 101.77500152587890625 98.3874969482421875 94.68125152587890625 88.70624542236328125 83.8625030517578125 80.86875152587890625 81.28749847412109375 79.40625 72.5625 67.69374847412109375 63.61875152587890625 60.09375 57.78125 56.637500762939453125 55.325000762939453125 53.1875 52.049999237060546875 54.987499237060546875 61.581249237060546875 72.1750030517578125 88.8562469482421875 104.63124847412109375 99.43125152587890625 89.5124969482421875 76.9375 64.50624847412109375 57.143749237060546875
179.09375 182.1437530517578125 182.931243896484375 184.350006103515625 185.96875 184.2375030517578125 180.1750030517578125 175.3874969482421875 170.2375030517578125 162.8625030517578125 154.9375 145.8937530517578125 136.100006103515625 127.2312469482421875 119.49375152587890625 112.47499847412109375 104.59375 95.9562530517578125 94.3937530517578125 90.53749847412109375 85.28125 79.8312530517578125 77.29375457763671875 79.2624969482421875 79.06874847412109375 73.4499969482421875 69.7687530517578125 65.9812469482421875 61.987499237060546875 58.731250762939453125 56.831249237060546875 55.450000762939453125 59.206249237060546875 63.168750762939453125 63.918750762939453125 66.47499847412109375 79.09375 94.1750030517578125 102.71250152587890625 99.74375152587890625 87.09999847412109375 75.03749847412109375 64.6062469482421875 59.52500152587890625
175.274993896484375 177.65625 178.375 180.8937530517578125 182.306243896484375 181.1125030517578125 177.3937530517578125 174.4875030517578125 168.618743896484375 161.1437530517578125 152.756256103515625 143 132.806243896484375 124.3000030517578125 116.0500030517578125 110.5187530517578125 104.13124847412109375 95 89.96875 86.5 82.84375 81.53749847412109375 72.5749969482421875 74.2624969482421875 75.71250152587890625 74.58750152587890625 72.5749969482421875 68.74375152587890625 66.2624969482421875 62.09999847412109375 58.893749237060546875 61.5625 70.4375 74.97499847412109375 77.4187469482421875 80.36875152587890625 86.67499542236328125 93.1062469482421875 95.81874847412109375 91.28125 81.3937530517578125 71.83750152587890625 64.09999847412109375 60.34999847412109375
