data/historical-monthly-weather-data/wc2.1_cruts4.09_10m_prec_1993-06.asc
ncols        45
nrows        45
xllcorner    -63.500000000000
yllcorner    -7.500000000000
cellsize     0.166666666667
NODATA_value -9999
[rows 0 to 18 of 45, columns 0 to 43 of 45]
426.125 429.024993896484375 425.46875 434.568756103515625 436.78125 437.975006103515625 429.98126220703125 419.20001220703125 400.056243896484375 394.537506103515625 392.037506103515625 382.881256103515625 373.95623779296875 360.67498779296875 345.899993896484375 333.243743896484375 318.25 304.806243896484375 291.54376220703125 282.17498779296875 278.75 267.024993896484375 257.34375 246.381256103515625 237.806243896484375 231.181243896484375 230.6687469482421875 232.649993896484375 227.6125030517578125 219.4375 206.399993896484375 199.475006103515625 195.75 188.193756103515625 181.6125030517578125 177.4187469482421875 173.0437469482421875 170.318756103515625 165.381256103515625 162.649993896484375 162.6125030517578125 167.40625 166.40625 167.3312530517578125
418.01873779296875 421.875 429.09375 436.693756103515625 447.087493896484375 448.13751220703125 439.618743896484375 427.76873779296875 417.82501220703125 410.32501220703125 402.175018310546875 388.693756103515625 368.5625 351.649993896484375 333.89373779296875 318.556243896484375 300.837493896484375 284.32501220703125 270.53125 262.45001220703125 257.21875 246.8562469482421875 239.681243896484375 231.381256103515625 222.837493896484375 215.1374969482421875 214.9812469482421875 214.4375 210.2375030517578125 198.274993896484375 188.693756103515625 185.0437469482421875 179.6687469482421875 174.350006103515625 169.65625 163.1750030517578125 159.943756103515625 156.3937530517578125 152.212493896484375 150.193756103515625 152.131256103515625 149.9187469482421875 153.5187530517578125 154.443756103515625
394.506256103515625 408.912506103515625 415.32501220703125 415.837493896484375 426.649993896484375 432.95623779296875 430.100006103515625 431.16876220703125 423.087493896484375 414.70623779296875 402.03125 382.181243896484375 363.45623779296875 338.20623779296875 317.78125 300.5625 280.73748779296875 265.20623779296875 252.3312530517578125 242.287506103515625 237.087493896484375 231.7375030517578125 223.2937469482421875 218.318756103515625 206.350006103515625 197.181243896484375 200.3562469482421875 198.149993896484375 191.662506103515625 185.6374969482421875 175.1999969482421875 168.837493896484375 163.4562530517578125 159.806243896484375 153.625 144.5812530517578125 143.1312408447265625 142.0812530517578125 138.9375 137.78125 140.9562530517578125 140.8125 142.25 142.118743896484375
368.23748779296875 374.40625 387.443756103515625 394.78125 399.5625 406.53125 413.20001220703125 418.65625 418.056243896484375 413.256256103515625 396.381256103515625 371.96875 347.48748779296875 321.337493896484375 301.54376220703125 283.45623779296875 260.60626220703125 247.068756103515625 234.96875 231.943756103515625 224.15625 212.8937530517578125 205.6999969482421875 201.65625 189.25 180.162506103515625 180.712493896484375 176.993743896484375 174.568756103515625 170.0187530517578125 162.4499969482421875 154.5124969482421875 149.1875 142.125 136.475006103515625 135.181243896484375 134.03125 131.0812530517578125 127.9250030517578125 127.00624847412109375 128.943756103515625 131.912506103515625 132.962493896484375 132.28125
370.63751220703125 371.212493896484375 360.11248779296875 369.443756103515625 383.21875 385.01873779296875 393.243743896484375 407.125 415.274993896484375 412.681243896484375 394.73126220703125 358.0625 332.975006103515625 308.868743896484375 285.125 265.92498779296875 246.3312530517578125 228.149993896484375 216.149993896484375 211.2375030517578125 203.1062469482421875 195.318756103515625 188.756256103515625 182.9875030517578125 171.0187530517578125 162.9875030517578125 161.412506103515625 162.8312530517578125 161.274993896484375 154.0500030517578125 149.71875 144.46875 137.931243896484375 132.4875030517578125 129.225006103515625 124.7375030517578125 123.09375 122.1062469482421875 118.3625030517578125 116.15000152587890625 118.3000030517578125 120.90000152587890625 123.0187530517578125 124.91249847412109375
352.131256103515625 358.35626220703125 349.806243896484375 334.71875 352.53125 369.399993896484375 372.681243896484375 381.34375 394.806243896484375 395.40625 371.21875 338.056243896484375 315.21875 292.818756103515625 267.95623779296875 249.71875 230.037506103515625 213.100006103515625 204.381256103515625 197.15625 191.2375030517578125 182.4187469482421875 174.399993896484375 164.625 156.6875 149.875 147.087493896484375 148.5625 147.96875 142.03125 140.131256103515625 135.9812469482421875 131.9499969482421875 125.59375 119.2624969482421875 119.28749847412109375 115.5124969482421875 110.33750152587890625 109.68125152587890625 111.52500152587890625 111.15625 114.5187530517578125 115.05625152587890625 116.40000152587890625
342.0625 343.274993896484375 336.71875 328.78125 323.431243896484375 324.725006103515625 328.024993896484375 343.95623779296875 345.33123779296875 345.79376220703125 332.8125 308.54376220703125 292.84375 276.13751220703125 254.556243896484375 236.4250030517578125 220.631256103515625 204.756256103515625 191.2624969482421875 184.818756103515625 173.8125 165.743743896484375 156.806243896484375 150.087493896484375 145.806243896484375 139.2312469482421875 136.28125 136.068756103515625 135.5749969482421875 135.6125030517578125 130.6125030517578125 125.00624847412109375 120.2062530517578125 117.1687469482421875 114.8625030517578125 111.5124969482421875 105.44374847412109375 102.44374847412109375 101.3562469482421875 103.71875 103.375 105.36875152587890625 107.59375 109.0187530517578125
328.20623779296875 322.07501220703125 316.975006103515625 318.39373779296875 314.17498779296875 318.66876220703125 305.506256103515625 294.29998779296875 284.006256103515625 289.975006103515625 289.931243896484375 279.16876220703125 269.59375 255.84375 242.318756103515625 226.3125 208.2687530517578125 194.149993896484375 180.6125030517578125 168.4250030517578125 166.3000030517578125 155.475006103515625 145.2375030517578125 138.149993896484375 133.818756103515625 126.0500030517578125 124.40625 124.3625030517578125 124.31874847412109375 121.75624847412109375 122.6750030517578125 117.49375152587890625 113.625 109.59375 104.24375152587890625 100.55625152587890625 97.0187530517578125 94.18125152587890625 91.19374847412109375 90.80625152587890625 91.9562530517578125 95.80625152587890625 95.59375 95.1437530517578125
312.32501220703125 309.131256103515625 300.5625 298.25 297.056243896484375 293.45623779296875 292.04376220703125 286.89373779296875 266.5625 253.7062530517578125 250.850006103515625 247.4375 247.868743896484375 238.568756103515625 227.993743896484375 212.725006103515625 203.6374969482421875 192.5187530517578125 180.9875030517578125 165.9187469482421875 152.375 148.1437530517578125 134.412506103515625 131.556243896484375 124.09999847412109375 117.4562530517578125 116.08750152587890625 117.5812530517578125 120.46250152587890625 117.65000152587890625 119.06874847412109375 109.74375152587890625 101.8937530517578125 97.21250152587890625 95.28125 95.5187530517578125 93.9562530517578125 92.59375 89.68125152587890625 87.05625152587890625 85.7937469482421875 85.49375152587890625 88.9812469482421875 88.36875152587890625
297.587493896484375 295.14373779296875 287.868743896484375 285.01251220703125 282.556243896484375 277.5 274.350006103515625 265.01251220703125 256.03125 245.881256103515625 235.4250030517578125 221.59375 225.181243896484375 221.625 214.881256103515625 205.4375 194.625 189.993743896484375 179.537506103515625 168.0749969482421875 151.024993896484375 138.9187469482421875 124.3625030517578125 119.4499969482421875 111.5812530517578125 107.875 107.4875030517578125 108.03749847412109375 108.7062530517578125 109.4812469482421875 109.40625 103.4187469482421875 98.7375030517578125 94.78125 90.49375152587890625 89.56874847412109375 89.5124969482421875 89.58750152587890625 88.125 88.5124969482421875 88.56874847412109375 87.8874969482421875 84.40000152587890625 80.1687469482421875
287.274993896484375 282.024993896484375 274.537506103515625 269.568756103515625 264.193756103515625 262.76873779296875 253.662506103515625 245.2624969482421875 240.2062530517578125 233.6687469482421875 226.84375 215.15625 206.837493896484375 205.34375 199.493743896484375 193.40625 185.493743896484375 177.09375 171.3000030517578125 166.0625 157.649993896484375 140.475006103515625 120.4250030517578125 104.24375152587890625 101.52500152587890625 103.2062530517578125 104.05625152587890625 102.71875 101.1875 100.81874847412109375 100.49375152587890625 97.125 94.0749969482421875 90.97499847412109375 87.78749847412109375 85.16249847412109375 85.2312469482421875 84.38124847412109375 86.5187530517578125 85.96875 85.381256103515625 83.11875152587890625 81.72499847412109375 75.03125
272.21875 268.368743896484375 265.056243896484375 256.42498779296875 252.068756103515625 246.09375 243.600006103515625 237.59375 231.6062469482421875 219.225006103515625 215.875 208.0749969482421875 192.193756103515625 190.5437469482421875 190.693756103515625 184.131256103515625 176.725006103515625 170.375 166.7624969482421875 167.743743896484375 159.837493896484375 143.8125 122.1750030517578125 102.97499847412109375 96.33750152587890625 93.5625 92.8937530517578125 94.0437469482421875 95.4562530517578125 94.1437530517578125 90.2937469482421875 89.96250152587890625 88.1374969482421875 84.0500030517578125 83.06874847412109375 83.66249847412109375 85.15625 85.2312469482421875 83.0625 84.88124847412109375 84.6875 81.75 74.6374969482421875 64.3000030517578125
262.975006103515625 257.4375 251.975006103515625 243.8625030517578125 240.8249969482421875 232.712493896484375 228.3249969482421875 223.2375030517578125 214.631256103515625 206.8625030517578125 202.118743896484375 197.5812530517578125 189.350006103515625 175.068756103515625 171.40625 169.337493896484375 164.4875030517578125 161.1937408447265625 152.962493896484375 152.8125 148.2624969482421875 133.850006103515625 116.59999847412109375 101.00624847412109375 88.75624847412109375 84.7062530517578125 86.3937530517578125 88.40625 90.7937469482421875 91.28749847412109375 87.08750152587890625 83.68125152587890625 83.91249847412109375 79.27500152587890625 78.1687469482421875 80.1374969482421875 84.09375 86.02500152587890625 89.28749847412109375 88.2312469482421875 83.91249847412109375 79.5812530517578125 68.91249847412109375 60.53125
251.5500030517578125 246.5437469482421875 239.5437469482421875 232.506256103515625 225.381256103515625 219.5625 212.8562469482421875 209.7375030517578125 204.0625 195.09375 189.493743896484375 181.587493896484375 176.3000030517578125 167.306243896484375 153.0812530517578125 154.381256103515625 149.2937469482421875 144.2312469482421875 139.15625 137.712493896484375 132.212493896484375 119.71875 105.75624847412109375 96.1999969482421875 87.59999847412109375 81.0749969482421875 80.2312469482421875 80.7687530517578125 82.5500030517578125 82.6875 82.5 80.6875 79.21875 77.8874969482421875 75.0187530517578125 80.33124542236328125 86.78749847412109375 91.61875152587890625 95.13124847412109375 92.0812530517578125 80.25 72.36875152587890625 69.1437530517578125 68.9562530517578125
236.024993896484375 231.90625 227.90625 222.7375030517578125 215.306243896484375 209.1062469482421875 204.1437530517578125 198.5625 192.3000030517578125 185.2312469482421875 177.9499969482421875 171.0749969482421875 164.84375 154.4187469482421875 138.8874969482421875 137.96875 134.5500030517578125 132.9375 125.6125030517578125 122.94374847412109375 119.1374969482421875 109.1125030517578125 99.6875 93.46875 89.28749847412109375 84.0437469482421875 83.22499847412109375 82.78749847412109375 84.7937469482421875 81.97499847412109375 78.5 78.55625152587890625 80.40000152587890625 76.15000152587890625 71.1125030517578125 72.7062530517578125 83.6687469482421875 94.5749969482421875 96.4875030517578125 91.11875152587890625 84.84375 80.6437530517578125 79.9187469482421875 73.83750152587890625
224.21875 218.1875 214.5749969482421875 207.649993896484375 204.681243896484375 199.6374969482421875 193.287506103515625 186.2624969482421875 182.9250030517578125 179.7062530517578125 172.2312469482421875 164.212493896484375 157.5812530517578125 147.6062469482421875 134.2687530517578125 118.91249847412109375 118.8125 120.15625 113.9875030517578125 111.22499847412109375 106.8562469482421875 99.75624847412109375 93.90625 91.6875 88.75624847412109375 84.6062469482421875 82.4812469482421875 82.875 83.2624969482421875 84.16249847412109375 82.31874847412109375 79.47499847412109375 74.52500152587890625 69.41249847412109375 65.2687530517578125 75.7937469482421875 80.8625030517578125 88.30625152587890625 93.7624969482421875 95.25 94.3125 90.57500457763671875 83.8937530517578125 74.7375030517578125
210.8937530517578125 207.03125 201.068756103515625 198.125 194.8000030517578125 190.7624969482421875 184.3874969482421875 178.837493896484375 171.649993896484375 166.837493896484375 163.1999969482421875 156.8562469482421875 147.65625 138.1687469482421875 130.3562469482421875 116.6875 101.91249847412109375 102.375 101.8937530517578125 98.81874847412109375 93.9562530517578125 90.40625 86.19374847412109375 88.09999847412109375 86.18125152587890625 80.25 78.5 78.4875030517578125 81.72499847412109375 83.5625 84.21250152587890625 83.72499847412109375 78.75624847412109375 76.41249847412109375 79.41249847412109375 83.15625 89.7687530517578125 95.3874969482421875 100.375 96.31874847412109375 95.375 88.9812469482421875 79.75624847412109375 73.30625152587890625
196.037506103515625 193.7062530517578125 191.6999969482421875 188.8874969482421875 186.193756103515625 184.15625 176.850006103515625 170.412506103515625 163.5 155.8874969482421875 150.149993896484375 146.556243896484375 136.9187469482421875 128.850006103515625 123.24375152587890625 113.05625152587890625 99.24375152587890625 86.6374969482421875 92.18125152587890625 86.75 82.88124847412109375 80.4875030517578125 80.28749847412109375 81.97499847412109375 82.6062469482421875 77.4499969482421875 74.4499969482421875 77.72499847412109375 80.4250030517578125 80.6875 77.8312530517578125 75.24375152587890625 83.86875152587890625 84.30625152587890625 84.36875152587890625 97.2312469482421875 102.02500152587890625 98.94374847412109375 99.2375030517578125 96.59375 87.5625 79.88124847412109375 72.78749847412109375 68.49375152587890625
182.8625030517578125 183.4562530517578125 181.6374969482421875 179.975006103515625 178.34375 173.399993896484375 167.212493896484375 160.4187469482421875 155.368743896484375 149.943756103515625 143.09375 132.7687530517578125 124.90000152587890625 119.0812530517578125 111.7624969482421875 104.03749847412109375 97.5437469482421875 83.63124847412109375 76.6374969482421875 73.71875 73.97499847412109375 75.40625 68.6437530517578125 72.96250152587890625 74.2312469482421875 75.96875 76.09375 75.36875152587890625 79.6125030517578125 79.90000152587890625 78.625 80.2687530517578125 84.11875152587890625 83.40625 86.625 95.46250152587890625 96.28125 92.5 92.1687469482421875 86.90625 79.2937469482421875 70.50624847412109375 66.6374969482421875 64.7624969482421875
