data/historical-monthly-weather-data/wc2.1_cruts4.09_10m_prec_1961-02.asc
ncols        51
nrows        45
xllcorner    -63.500000000000
yllcorner    -7.500000000000
cellsize     0.166666666667
NODATA_value -9999
[rows 20 to 39 of 45, columns 0 to 44 of 51]
150.3249969482421875 157.537506103515625 167.5749969482421875 178.743743896484375 192.1999969482421875 205.2062530517578125 219.1999969482421875 233.649993896484375 247.100006103515625 259.83123779296875 271.61248779296875 284.287506103515625 298.225006103515625 311.431243896484375 307.20001220703125 294.21875 283.90625 279.162506103515625 281.912506103515625 286.73126220703125 301.125 315.631256103515625 327.443756103515625 334 340.32501220703125 347.32501220703125 353.399993896484375 359.100006103515625 365.79998779296875 369.38751220703125 364.48126220703125 351.725006103515625 329.41876220703125 301.42498779296875 275.743743896484375 294.943756103515625 331.256256103515625 360.774993896484375 380.10626220703125 390.04998779296875 391.63751220703125 388.537506103515625 385.875 382.024993896484375 373.806243896484375
144.587493896484375 152.975006103515625 164.0437469482421875 177.25 191.0500030517578125 204.7937469482421875 219.1687469482421875 233.962493896484375 247.225006103515625 257.75 266.23126220703125 273.95623779296875 282.10626220703125 288.9375 291.056243896484375 286.73748779296875 281.64373779296875 279.84375 281.3125 285.48126220703125 294.84375 306.225006103515625 318.818756103515625 325.462493896484375 333.149993896484375 342.5625 350.76251220703125 357.91876220703125 366.5 372.01873779296875 371.256256103515625 360.068756103515625 342.11248779296875 323.26873779296875 311.368743896484375 324.21875 350.65625 372.73126220703125 385.5 391.38751220703125 392.90625 390.537506103515625 387.024993896484375 381.98748779296875 374.1875
141.056243896484375 150.662506103515625 161.931243896484375 175.78125 190.037506103515625 204.756256103515625 218.337493896484375 233.506256103515625 247.0437469482421875 254.306243896484375 258.431243896484375 260.98126220703125 263.493743896484375 268.762481689453125 275.45623779296875 277.48126220703125 276.600006103515625 277.51873779296875 278.725006103515625 280.756256103515625 288.38751220703125 296.6875 306.056243896484375 312.92498779296875 322.912506103515625 334.975006103515625 344.3125 353.443756103515625 364.618743896484375 372.881256103515625 376.70623779296875 373.881256103515625 360.23748779296875 349.912506103515625 350.868743896484375 364.6875 381.1875 393.04376220703125 397.5625 396.20623779296875 394.725006103515625 391.70001220703125 387.45623779296875 382.26873779296875 374.84375
139.4250030517578125 148.7375030517578125 160.46875 173.618743896484375 188.243743896484375 202.7062530517578125 216.818756103515625 230.493743896484375 242.850006103515625 248.131256103515625 250.837493896484375 251.5 249.162506103515625 256.25 265.29998779296875 269.82501220703125 271.51873779296875 274.45001220703125 275.806243896484375 276.818756103515625 281.756256103515625 287.36248779296875 293.9375 300.90625 311.743743896484375 322.806243896484375 334.806243896484375 346.625 358.35626220703125 368.71875 375.462493896484375 376.3125 370.70623779296875 368.86248779296875 377.13751220703125 394.506256103515625 406.65625 408.42498779296875 405.86248779296875 401.04376220703125 397.84375 393.037506103515625 388.899993896484375 384.83123779296875 379.26873779296875
140.431243896484375 148.4875030517578125 159.8937530517578125 173.4875030517578125 188.7624969482421875 201.412506103515625 214.3625030517578125 226.556243896484375 235.9562530517578125 242.006256103515625 245.462493896484375 247.1374969482421875 248.8312530517578125 254.0500030517578125 260.381256103515625 265.806243896484375 269.625 272.66876220703125 273.912506103515625 274.10626220703125 277.14373779296875 279.1875 281.975006103515625 287.462493896484375 297.57501220703125 313.33123779296875 325.306243896484375 339.068756103515625 351.23748779296875 361.04998779296875 367.118743896484375 369.162506103515625 371.79998779296875 376.75 387.0625 399.100006103515625 408.59375 409.931243896484375 406.38751220703125 401.65625 398.193756103515625 393.23126220703125 390.0625 388.568756103515625 381.71875
145.118743896484375 152.2937469482421875 162.4375 175.4250030517578125 189.8249969482421875 201.5 212.1999969482421875 222.787506103515625 231.15625 237.4875030517578125 241.9375 245.8000030517578125 250.2624969482421875 254.631256103515625 260.462493896484375 265.118743896484375 269.181243896484375 272.100006103515625 273.98748779296875 273.625 274.01873779296875 272.15625 270.54998779296875 272.818756103515625 286.10626220703125 303.850006103515625 319.41876220703125 331.931243896484375 344.381256103515625 352.1875 357.212493896484375 360.662506103515625 367.368743896484375 375.993743896484375 386.76873779296875 396.256256103515625 403.912506103515625 407.100006103515625 402.41876220703125 398.6875 395.943756103515625 391.90625 388.51251220703125 387.881256103515625 384.46875
152.0500030517578125 157.8562469482421875 166.4875030517578125 178.131256103515625 189.90625 199.5 209.3874969482421875 217.943756103515625 226.1687469482421875 233.693756103515625 240.0437469482421875 245.368743896484375 251.368743896484375 257.20623779296875 262.587493896484375 268.056243896484375 271.975006103515625 275.118743896484375 276.40625 275.36248779296875 273.787506103515625 270.399993896484375 265.087493896484375 264.850006103515625 281.03125 299.14373779296875 313.71875 325.975006103515625 336.537506103515625 343.76873779296875 349.34375 352.16876220703125 360.931243896484375 373.881256103515625 383.57501220703125 392.631256103515625 399.84375 402.337493896484375 399.412506103515625 395.6875 392.60626220703125 388.11248779296875 384.45623779296875 383.506256103515625 385.23748779296875
159.6687469482421875 163.681243896484375 171.1687469482421875 180.381256103515625 189.524993896484375 197.3000030517578125 206.375 215.3312530517578125 223.368743896484375 231.6687469482421875 238.506256103515625 245.037506103515625 251.8249969482421875 258.53125 264.787506103515625 270.993743896484375 275.225006103515625 279.787506103515625 280.85626220703125 280.45623779296875 278.90625 275.125 272.962493896484375 274.17498779296875 284.556243896484375 299.600006103515625 311.76873779296875 322.48748779296875 331.381256103515625 338.106231689453125 343.193756103515625 347.5 359.274993896484375 370.33123779296875 380.25 389.11248779296875 394.381256103515625 398.64373779296875 395.475006103515625 391.20001220703125 388.11248779296875 384.699981689453125 381.25 382.04376220703125 388.381256103515625
167.100006103515625 170.037506103515625 175.431243896484375 182.475006103515625 189.8249969482421875 196.475006103515625 204.524993896484375 212.5625 221.118743896484375 229.912506103515625 237.4812469482421875 244.75 252.0124969482421875 260.54998779296875 267.92498779296875 275.59375 281.70623779296875 285.625 288.556243896484375 288.125 286.962493896484375 283.375 283.36248779296875 285.48748779296875 291.79376220703125 302.29376220703125 312.40625 320.993743896484375 329.73748779296875 335.67498779296875 339.15625 344.375 355.35626220703125 366.89373779296875 378.14373779296875 385.256256103515625 391.85626220703125 396.46875 395.42498779296875 389.868743896484375 383.493743896484375 379.26873779296875 379.712493896484375 385.33123779296875 395.16876220703125
177.850006103515625 178.2312469482421875 181.6999969482421875 186.225006103515625 192 197.6687469482421875 203.993743896484375 210.881256103515625 218.6999969482421875 227.712493896484375 236.125 245.0500030517578125 253.875 263.787506103515625 272.51251220703125 279.774993896484375 287.39373779296875 294.09375 297.90625 297.23748779296875 295.125 292.95623779296875 293.256256103515625 294.306243896484375 298.23748779296875 305.956268310546875 313.40625 319.71875 326.63751220703125 331.8125 337.125 343.068756103515625 353.13751220703125 364.98126220703125 375.3125 383.39373779296875 389.131256103515625 395.13751220703125 392.881256103515625 388.1875 387.274993896484375 386.5625 387.087493896484375 394.462493896484375 398.100006103515625
187.912506103515625 186.256256103515625 186.9375 189.65625 193.006256103515625 197.9375 203.21875 209.337493896484375 217.0124969482421875 225.600006103515625 235.712493896484375 246.3625030517578125 257.306243896484375 267.20623779296875 275.912506103515625 284.86248779296875 293.6875 301.725006103515625 307.568756103515625 307.006256103515625 304.16876220703125 301.17498779296875 300.48748779296875 300.506256103515625 302.931243896484375 308.756256103515625 313.90625 318.931243896484375 324.225006103515625 329.45001220703125 335.23748779296875 342.068756103515625 353.58123779296875 365.66876220703125 376.475006103515625 382.59375 389.118743896484375 396.4375 394.42498779296875 389.693756103515625 391.07501220703125 394.84375 397.59375 400.993743896484375 405.01251220703125
196.2624969482421875 193.0250091552734375 192.2624969482421875 193.350006103515625 194.6062469482421875 198.100006103515625 202.712493896484375 207.1875 214.5500030517578125 223.931243896484375 234.1687469482421875 246.3000030517578125 258.912506103515625 270.868743896484375 280.256256103515625 290.42498779296875 297.54376220703125 304.91876220703125 310.625 312.32501220703125 310.16876220703125 307.993743896484375 305.98748779296875 305.5 307.306243896484375 310.88751220703125 314.024993896484375 317.63751220703125 321.95623779296875 328.54998779296875 335.131256103515625 342.087493896484375 353.84375 365.65625 376.962493896484375 383.649993896484375 390.78125 397.21875 395.462493896484375 396.03125 401.95001220703125 406.818756103515625 410.15625 415.100006103515625 421.625
207.7375030517578125 204.2937469482421875 202.7687530517578125 202.0500030517578125 201.3249969482421875 203.4250030517578125 205.931243896484375 209.34375 216.09375 224.8625030517578125 235.8125 248.40625 262.943756103515625 276.556243896484375 286.32501220703125 294.63751220703125 301.10626220703125 308.54376220703125 312.556243896484375 314.806243896484375 314.225006103515625 312.03125 310.256256103515625 308.6875 309.6875 312.056243896484375 313.78125 317.10626220703125 320.6875 326.83123779296875 334.42498779296875 341.40625 352.42498779296875 365.149993896484375 377.375 385.76251220703125 392.931243896484375 397.8125 397.631256103515625 404.149993896484375 411.35626220703125 417.193756103515625 423.625 431.95623779296875 446.693756103515625
220.162506103515625 215.931243896484375 213.100006103515625 211.3000030517578125 208.9875030517578125 208.9562530517578125 209.9562530517578125 212.118743896484375 216.46875 224.193756103515625 234.912506103515625 249.912506103515625 267.006256103515625 281.537506103515625 291.34375 299.14373779296875 304.975006103515625 311.09375 314.66876220703125 316.90625 315.881256103515625 313.568756103515625 312.412506103515625 310.08123779296875 310.29376220703125 311.587493896484375 312.743743896484375 314.75 318.318756103515625 325.59375 333.75 341.45623779296875 353.67498779296875 366.037506103515625 377.04376220703125 386.38751220703125 393.60626220703125 399.29376220703125 402.26251220703125 409.5625 416.70001220703125 424.61248779296875 436.024993896484375 447.625 464.412506103515625
232.15625 228.181243896484375 224.2687530517578125 220.149993896484375 216.912506103515625 215.4499969482421875 213.993743896484375 213.931243896484375 216.1687469482421875 222.15625 233.662506103515625 252.149993896484375 272.225006103515625 288.274993896484375 297.068756103515625 303.75 307.981231689453125 312.54376220703125 316.537506103515625 317.76873779296875 317.51251220703125 314.45001220703125 312.54376220703125 308.993743896484375 308.90625 308.725006103515625 310.149993896484375 312.38751220703125 315.693756103515625 323.90625 331.899993896484375 341.774993896484375 353.868743896484375 366.70001220703125 377.60626220703125 385.787506103515625 392.350006103515625 401.806243896484375 407.087493896484375 412.23748779296875 419.85626220703125 427.375 439.09375 451.931243896484375 466.23126220703125
244.4875030517578125 241.0500030517578125 236.5812530517578125 231.475006103515625 227.1062469482421875 224.9375 221.962493896484375 219.65625 219.568756103515625 223.9937591552734375 236.3000030517578125 256.38751220703125 278.04376220703125 294.506256103515625 302.381256103515625 307.743743896484375 311.631256103515625 314.91876220703125 316.268768310546875 317.6875 316.28125 313.86248779296875 310.64373779296875 307.631256103515625 305.96875 305.54376220703125 307.10626220703125 310.78125 314.20001220703125 321.88751220703125 330.79998779296875 340.70001220703125 353.350006103515625 366.118743896484375 375.524993896484375 382.149993896484375 391.618743896484375 398.556243896484375 402.82501220703125 409.600006103515625 418.368743896484375 424.274993896484375 432.837493896484375 445.28125 455.318756103515625
257.92498779296875 254.7062530517578125 249.274993896484375 245.1999969482421875 240.0749969482421875 236.4875030517578125 232.149993896484375 227.8000030517578125 224.712493896484375 222.9250030517578125 238.993743896484375 265.037506103515625 284.899993896484375 298.25 306.20623779296875 310.5625 313.54376220703125 315.70001220703125 317.20623779296875 316.73748779296875 313.899993896484375 310.20001220703125 306.71875 303.506256103515625 301.337493896484375 301.23126220703125 303.25 306.84375 311.493743896484375 319.256256103515625 328.274993896484375 338.01251220703125 351.34375 363.875 373.881256103515625 382.087493896484375 388.59375 394.568756103515625 398.79376220703125 404 410.287506103515625 416.225006103515625 423.98748779296875 434.16876220703125 442.125
271.76251220703125 268.818756103515625 263.5 258.837493896484375 254.1062469482421875 249.5 244.7062530517578125 239.9875030517578125 237.631256103515625 233.381256103515625 258.38751220703125 284.837493896484375 297.21875 304.70001220703125 310.725006103515625 313.78125 314.10626220703125 315.524993896484375 314.91876220703125 312.649993896484375 309.225006103515625 304.35626220703125 301.04998779296875 297.693756103515625 296.03125 296.11248779296875 298.32501220703125 302.79998779296875 308.09375 317.01873779296875 324.86248779296875 334.837493896484375 347.76873779296875 360.70623779296875 370.193756103515625 378.318756103515625 384.243743896484375 389.83123779296875 393.51873779296875 397.125 401 406.33123779296875 411.54376220703125 418.818756103515625 425.92498779296875
288.331268310546875 283.86248779296875 277.82501220703125 273.881256103515625 268.63751220703125 264.58123779296875 261.66876220703125 259.774993896484375 262.53125 275.643768310546875 303.725006103515625 310.98126220703125 313.243743896484375 316.118743896484375 319.28125 318.868743896484375 317.587493896484375 316 312.381256103515625 308.23126220703125 302.399993896484375 296.693756103515625 293.91876220703125 290.568756103515625 289.462493896484375 291.181243896484375 294.25 299.337493896484375 305.59375 314.14373779296875 323.33123779296875 332.25 343.475006103515625 355.13751220703125 366.67498779296875 373.61248779296875 377.89373779296875 383.58123779296875 385.65625 385.993743896484375 389.16876220703125 392.46875 397 402.67498779296875 408.5
305.837493896484375 300.16876220703125 294.01251220703125 288.76251220703125 283.73126220703125 280.837493896484375 278.64373779296875 280.29376220703125 286.36248779296875 299.9375 315.712493896484375 323.524993896484375 326.84375 327.756256103515625 327.88751220703125 325.95001220703125 322.28125 317.725006103515625 310.90625 304.70001220703125 295.23748779296875 288.149993896484375 284.01873779296875 281.462493896484375 282.8125 285.318756103515625 289.75 295.76251220703125 302.993743896484375 311.375 319.46875 330.03125 342.600006103515625 352.63751220703125 361.11248779296875 367.318756103515625 370.39373779296875 373.58123779296875 375.36248779296875 373.993743896484375 375.306243896484375 378.149993896484375 381.28125 384.3125 389.78125
