data/historical-monthly-weather-data/wc2.1_cruts4.09_10m_prec_1961-08.asc
ncols        45
nrows        45
xllcorner    -63.500000000000
yllcorner    -7.500000000000
cellsize     0.166666666667
NODATA_value -9999
[rows 0 to 18 of 45, columns 0 to 42 of 45]
262.76873779296875 274.11248779296875 275.91876220703125 283.318756103515625 291.431243896484375 296.01873779296875 291.20623779296875 289.125 283.45001220703125 274.068756103515625 257.04998779296875 244.03125 234.225006103515625 220.368743896484375 209.28125 194.4499969482421875 183.46875 174.006256103515625 164.9562530517578125 160.412506103515625 154.8125 147.368743896484375 140.618743896484375 135.181243896484375 128.8000030517578125 123.22499847412109375 122.34375 123.28749847412109375 118.15625 114.2312469482421875 106.22499847412109375 102.21250152587890625 99.21875 94.3937530517578125 91.1750030517578125 90.2375030517578125 88.55625152587890625 88.19374847412109375 89.4250030517578125 90.03125 91.21875 93.88124847412109375 94.51874542236328125
250.568756103515625 260.556243896484375 270.350006103515625 280.943756103515625 293.51873779296875 295.82501220703125 286.64373779296875 282.98126220703125 277.51251220703125 267.181243896484375 252 240.287506103515625 225.024993896484375 208.7624969482421875 195.96875 185.2375030517578125 172.318756103515625 163.09375 155.53125 150.03125 144.1437530517578125 136.7375030517578125 130.2624969482421875 126.13124847412109375 119.84999847412109375 113.59999847412109375 114.8249969482421875 114.49375152587890625 110.21875 105.51874542236328125 100.8625030517578125 96.625 94.22499847412109375 92.3125 89.5437469482421875 88.6374969482421875 86.25 87.91249847412109375 88.68125152587890625 89.60625457763671875 93.2062530517578125 94.9250030517578125 97.31874847412109375
225.625 237.993743896484375 248.693756103515625 261.04998779296875 272.42498779296875 273.75 269.45001220703125 265.34375 257.20623779296875 246.712493896484375 236.1875 225 210.131256103515625 192.6437530517578125 180.118743896484375 169.412506103515625 158.787506103515625 149.537506103515625 141.774993896484375 134.131256103515625 129.34375 124.18125152587890625 117.90000152587890625 114.55625152587890625 107.46250152587890625 102.7937469482421875 105.2062530517578125 103.9875030517578125 100.6999969482421875 97.5 92.30625152587890625 88.75 87.18125152587890625 86.5 83.6125030517578125 81.40000152587890625 81.03125 82.8312530517578125 83.55625152587890625 86.1999969482421875 91.22499847412109375 94.21875 98.50624847412109375
202.0500030517578125 209.9250030517578125 222.15625 234.087493896484375 241.46875 242.693756103515625 242.15625 240.318756103515625 237.4250030517578125 228.25 216.0749969482421875 203.5749969482421875 191.162506103515625 175.6687469482421875 164.162506103515625 153.743743896484375 144.9187469482421875 136.5749969482421875 129.03125 124.65000152587890625 118.50624847412109375 111.5187530517578125 104.7687530517578125 101.6437530517578125 95.8312530517578125 91.3125 93.3125 91.09375 89.4562530517578125 87.2937469482421875 83.52500152587890625 79.6750030517578125 77.36875152587890625 75.9499969482421875 74.40000152587890625 74.3125 76.4375 77.6999969482421875 78 82.33750152587890625 86.66249847412109375 92.375 97.09999847412109375
198.4875030517578125 199.625 197.6125030517578125 203.4499969482421875 212.75 213.6374969482421875 212.725006103515625 216.524993896484375 217.287506103515625 209.618743896484375 196.7937469482421875 184.318756103515625 172.8874969482421875 160.600006103515625 149.4812469482421875 140.625 131.524993896484375 122.68125152587890625 115.31874847412109375 111.61875152587890625 107.72499847412109375 99.16249847412109375 92.94374847412109375 91.0124969482421875 84.58750152587890625 79.91249847412109375 80.28749847412109375 81.44374847412109375 80.61875152587890625 77.1437530517578125 75.71250152587890625 71.9375 70.86875152587890625 70.2937469482421875 69.27500152587890625 68.77500152587890625 69.9875030517578125 71.8562469482421875 72.7312469482421875 76.0749969482421875 82.8125 88.7687530517578125 96.1750030517578125
187.9875030517578125 187.8562469482421875 183.037506103515625 176.3125 182.8937530517578125 191.3937530517578125 192.412506103515625 192.5749969482421875 194.1875 187.78125 174.1437530517578125 163.662506103515625 155.3874969482421875 145.868743896484375 136.1062469482421875 128.7312469482421875 119.5437469482421875 109.9875030517578125 104.06874847412109375 99.97499847412109375 96.0437469482421875 89.91249847412109375 84.3625030517578125 79.40000152587890625 75.2937469482421875 71.6750030517578125 72.2375030517578125 72.96250152587890625 73.125 69.6374969482421875 68.3312530517578125 66.7624969482421875 65 64.875 63.28749847412109375 64.55625152587890625 65.24375152587890625 65.9499969482421875 68.16249847412109375 72.8874969482421875 77.7312469482421875 84.43125152587890625 91.9187469482421875
178.662506103515625 179.337493896484375 174.6875 169.0500030517578125 168.0625 167.7624969482421875 167.34375 166.556243896484375 160.6437530517578125 156.368743896484375 149.125 142.912506103515625 138.787506103515625 131.743743896484375 124.97499847412109375 118.44374847412109375 110.2687530517578125 101.56874847412109375 94.2624969482421875 90.52500152587890625 85.875 80.8125 75.6687469482421875 71.6437530517578125 67.49375152587890625 64.625 65.08750152587890625 65.43125152587890625 64.40000152587890625 63.362499237060546875 61.80625152587890625 59.97499847412109375 59.6875 59.58750152587890625 58.78749847412109375 59.581249237060546875 59.90000152587890625 61.15625 64.125 68.8625030517578125 73.40000152587890625 79.65625 87.75624847412109375
170.8125 168.6999969482421875 166.899993896484375 163.068756103515625 162.806243896484375 161.28125 152.2375030517578125 138.59375 129.193756103515625 126.59999847412109375 127.4375 124.7624969482421875 122.1125030517578125 117.9875030517578125 113.44374847412109375 107.83750152587890625 101.65625 93.3249969482421875 85.6125030517578125 80.6875 77.18125152587890625 72.69374847412109375 67.13124847412109375 63.1875 60.49375152587890625 57.1875 57.33750152587890625 58.112499237060546875 57.97499847412109375 56 55.99375152587890625 54.549999237060546875 53.71875 54.21250152587890625 52.875 53.58750152587890625 54.27500152587890625 55.28749847412109375 57.518749237060546875 61.106250762939453125 65.9562530517578125 72.31874847412109375 79.53749847412109375
164.381256103515625 162.1875 161.15625 156.024993896484375 153.75 149.46875 142.15625 131.25 117.21250152587890625 109.46875 109.56874847412109375 108.84375 110.52500152587890625 107.72499847412109375 103.36875152587890625 98.1062469482421875 93.90625 86.9375 81.6374969482421875 75.00624847412109375 70.58750152587890625 66.68125152587890625 61.13124847412109375 59.106250762939453125 56 52.08750152587890625 51.25 52.768749237060546875 52.90000152587890625 51.262500762939453125 51.28125 49.112499237060546875 47.59999847412109375 46.53125 46 47.75 49.11875152587890625 50.46875 52.16249847412109375 55.299999237060546875 59.08750152587890625 63.25 68.1374969482421875
156.837493896484375 154.6062469482421875 152.087493896484375 148.8874969482421875 146.181243896484375 141.5 136.899993896484375 126.46250152587890625 114.8000030517578125 109.09375 105.1875 101.15000152587890625 102.18125152587890625 100.65625 95.0625 90.2687530517578125 85.1125030517578125 80.50624847412109375 75.6374969482421875 70.5437469482421875 66.09999847412109375 60.90000152587890625 55.46875 53.44374847412109375 50.22499847412109375 46.65625 46.16249847412109375 47.081249237060546875 46.63124847412109375 45.19374847412109375 44.09375 42.668750762939453125 42.46250152587890625 42.21250152587890625 42.262500762939453125 43.72499847412109375 44.63124847412109375 45.612499237060546875 47.83750152587890625 50.53749847412109375 53.28125 55.549999237060546875 58.21250152587890625
152.34375 149.3125 144.75 140.75 138.881256103515625 136.6062469482421875 131.743743896484375 120.2624969482421875 110.69374847412109375 103.94374847412109375 100.9812469482421875 97.4875030517578125 95.53749847412109375 92.9499969482421875 86.2687530517578125 80.56874847412109375 76.1062469482421875 72.9375 68.7687530517578125 65.19374847412109375 62.762500762939453125 57.575000762939453125 51.84375 48.15000152587890625 46.231250762939453125 43.15000152587890625 42.887500762939453125 42.91249847412109375 41.481250762939453125 39.668750762939453125 39.325000762939453125 38.331249237060546875 38.84999847412109375 38.875 38.268749237060546875 39.200000762939453125 40.012500762939453125 41.387500762939453125 43.043750762939453125 44.88124847412109375 46.58750152587890625 48.19374847412109375 50.53125
147.056243896484375 144.431243896484375 139.78125 136.7375030517578125 135.100006103515625 132.7687530517578125 128.8562469482421875 119.1875 109.38124847412109375 102.1687469482421875 97.96875 93.65000152587890625 89.03125 83.9812469482421875 80.18125152587890625 74.6437530517578125 69.7375030517578125 65.84999847412109375 63.012500762939453125 60.93125152587890625 58.831249237060546875 54.08750152587890625 48.9375 45.918750762939453125 43.106250762939453125 38.418750762939453125 37.90000152587890625 38.25 37.331249237060546875 36.106250762939453125 35.375 35.331249237060546875 34.94374847412109375 34.793750762939453125 34.887500762939453125 36.31874847412109375 37.24375152587890625 37.981250762939453125 38.34999847412109375 38.774997711181640625 40.06874847412109375 41.28749847412109375 42.43125152587890625
140.756256103515625 136.4875030517578125 132.8249969482421875 128.462493896484375 127.6875 124.4875030517578125 118.30625152587890625 111.375 102.9187469482421875 97.1999969482421875 93.25 88.86875152587890625 82.68125152587890625 75.4187469482421875 70.1999969482421875 66.13124847412109375 61.36875152587890625 59.0625 56.56874847412109375 53.918750762939453125 52.44374847412109375 48.575000762939453125 44.15000152587890625 40.47499847412109375 36.21875 32.71875 33.40000152587890625 34 34.4375 33.59999847412109375 32.68125152587890625 32.200000762939453125 32.424999237060546875 31.375 31.674999237060546875 33.71250152587890625 36.02500152587890625 36.518749237060546875 37.299999237060546875 36.11875152587890625 34.549999237060546875 36.21250152587890625 36.5
133.4375 127.77500152587890625 123.34375 120.6750030517578125 118.3625030517578125 114.06874847412109375 108.53749847412109375 103.66249847412109375 96.27500152587890625 91.31874847412109375 86.61875152587890625 80.375 74.59999847412109375 67.8000030517578125 60.018749237060546875 57.15625 53.63124847412109375 51.5 48.018749237060546875 45.450000762939453125 44.28749847412109375 41.06874847412109375 37.40625 35.012500762939453125 32.200000762939453125 29.956249237060546875 30.543750762939453125 31.299999237060546875 31.743749618530273438 31.46875 31.125 30.125 30.012500762939453125 29.337499618530273438 30.225000381469726562 33.09999847412109375 35.625 37.924999237060546875 39.268749237060546875 37.31874847412109375 32.325000762939453125 30.987499237060546875 32.706249237060546875
125.1374969482421875 121.1875 115.8937530517578125 111.80625152587890625 109.7375030517578125 105.4250030517578125 100.13124847412109375 94.53125 87.9499969482421875 83.47499847412109375 77.77500152587890625 72.38124847412109375 66.49375152587890625 59.28125 52.012500762939453125 47.674999237060546875 44.612499237060546875 42.137500762939453125 39.74375152587890625 38.02500152587890625 37.21250152587890625 35.03749847412109375 32.61875152587890625 31.862499237060546875 30.737499237060546875 29.774999618530273438 29.950000762939453125 30.206249237060546875 30.143749237060546875 29.8125 29.162500381469726562 28.75 28.681249618530273438 28.674999237060546875 29.0625 32.05625152587890625 35.706249237060546875 40.72499847412109375 43.0625 40.075000762939453125 37.3125 36.02500152587890625 37.83750152587890625
115.52500152587890625 112.6062469482421875 108.5500030517578125 104.5625 101.34375 98.0437469482421875 93.27500152587890625 86.53125 80.8562469482421875 76.1374969482421875 70.84375 64.47499847412109375 57.981250762939453125 51.418750762939453125 45.168750762939453125 39.268749237060546875 36.40625 34.512500762939453125 32.575000762939453125 31.462499618530273438 30.943750381469726562 29.96875 29.137500762939453125 29.875 29.975000381469726562 29.456249237060546875 29.612499237060546875 29.231250762939453125 28.831249237060546875 28.768749237060546875 28.662500381469726562 28.262500762939453125 27.712499618530273438 27.662500381469726562 28.431249618530273438 33.362499237060546875 37.97499847412109375 42.84375 45.91249847412109375 45.481250762939453125 44.331249237060546875 42.918750762939453125 41.72499847412109375
108.6437530517578125 106.19374847412109375 101.59375 98.0749969482421875 93.63124847412109375 90.80625152587890625 86.97499847412109375 81.4562530517578125 74.84999847412109375 70.4499969482421875 65.47499847412109375 58.16249847412109375 51.59999847412109375 45.19374847412109375 39.3125 33.981250762939453125 29.206249237060546875 27.3125 26.512500762939453125 26.006250381469726562 25.368749618530273438 25.475000381469726562 25.981250762939453125 28.368749618530273438 29.712499618530273438 29.325000762939453125 28.581249237060546875 28.100000381469726562 27.243749618530273438 26.981250762939453125 27.568750381469726562 28.28125 28.450000762939453125 28.712499618530273438 32.481250762939453125 37.33750152587890625 41.99375152587890625 48.21250152587890625 52.543750762939453125 49.950000762939453125 47.075000762939453125 44.44374847412109375 41.893749237060546875
99.0500030517578125 97.9562530517578125 94.3125 91.40625 87.2062530517578125 84.3312530517578125 79.0625 74.06874847412109375 68.4187469482421875 63.875 59.293750762939453125 52.80625152587890625 45.61875152587890625 39.200000762939453125 33.950000762939453125 29.018749237060546875 24.674999237060546875 21.5625 21.381250381469726562 20.518749237060546875 20.825000762939453125 21.587499618530273438 23.149999618530273438 25.793750762939453125 28.15625 28.543750762939453125 28.350000381469726562 27.643749237060546875 26.362499237060546875 25.793750762939453125 25.193750381469726562 25.524999618530273438 29.143749237060546875 32.9375 35.66249847412109375 41.200000762939453125 47.00624847412109375 51.90625 53.924999237060546875 52.55625152587890625 47.40000152587890625 45.018749237060546875 42.643749237060546875
89.91249847412109375 89.4812469482421875 86.78749847412109375 84.3125 81.38124847412109375 77.49375152587890625 72.84375 67.625 63.91249847412109375 60.18125152587890625 55.4375 47.481250762939453125 40.84999847412109375 35.08750152587890625 29.487499237060546875 25.362499237060546875 21.293750762939453125 18.075000762939453125 16.6875 16.299999237060546875 17.924999237060546875 20.918750762939453125 19.881250381469726562 22.806249618530273438 25.362499237060546875 27.418750762939453125 27.887500762939453125 26.975000381469726562 26.399999618530273438 24.831249237060546875 24.03125 25.987499237060546875 30.287500381469726562 33.40000152587890625 36.737499237060546875 42.08750152587890625 45.96250152587890625 48.38124847412109375 50.793750762939453125 49.38124847412109375 46.825000762939453125 44.549999237060546875 42.24375152587890625
