data/historical-monthly-weather-data/wc2.1_cruts4.09_10m_prec_2010-10.asc
ncols        51
nrows        45
xllcorner    -63.500000000000
yllcorner    -7.500000000000
cellsize     0.166666666667
NODATA_value -9999
[rows 20 to 39 of 45, columns 0 to 43 of 51]
95.96250152587890625 98.21875 101.77500152587890625 105.1750030517578125 108.3937530517578125 112.0625 115.65625 118.15625 119.71250152587890625 119.28125 117.125 111.84375 106.43125152587890625 100.84999847412109375 98.28749847412109375 96.24375152587890625 93.97499847412109375 93.5812530517578125 95.61875152587890625 97.28125 100.3562469482421875 104.63124847412109375 109.2624969482421875 114.25624847412109375 118.41249847412109375 119.96250152587890625 117.84999847412109375 112.05625152587890625 106.01250457763671875 101.72499847412109375 99.22499847412109375 100.5187530517578125 103.5124969482421875 108.03125 113.08750152587890625 111.4812469482421875 109.16249847412109375 109.7375030517578125 110.6062469482421875 111.47499847412109375 111.4812469482421875 109.0625 104.1062469482421875 98.9250030517578125
89.28125 92.9499969482421875 97.5 101.8125 106.125 110.65625 114.7937469482421875 118.2312469482421875 120.6750030517578125 120.02500152587890625 117.1125030517578125 111.68125152587890625 106.28125 101.74375152587890625 98.6999969482421875 96.6437530517578125 95.1687469482421875 95.20624542236328125 96.68125152587890625 98.7062530517578125 100.6437530517578125 104.27500152587890625 109.03749847412109375 113.3937530517578125 116.68125152587890625 118.6437530517578125 118.625 115.78749847412109375 113.03125 111.16249847412109375 110.11875152587890625 111.16249847412109375 113.56874847412109375 117.4812469482421875 120.09375 119.6062469482421875 116.9812469482421875 115.2312469482421875 114.4875030517578125 114.65625 114.11875152587890625 111.7375030517578125 108.1999969482421875 103.53749847412109375
84.2687530517578125 89.30625152587890625 94.6125030517578125 99.5187530517578125 103.8125 108.7312469482421875 113.6062469482421875 118.28749847412109375 122.38124847412109375 120.84999847412109375 117.28749847412109375 111.46250152587890625 106.8937530517578125 103.46250152587890625 100.33750152587890625 97.9875030517578125 96.49375152587890625 97.28125 98.61875152587890625 100.25 102.6999969482421875 105.3874969482421875 109 113.1687469482421875 116.2624969482421875 117.34375 118.8312530517578125 119.61875152587890625 118.61875152587890625 118.69374847412109375 119.7937469482421875 121.75 123.16249847412109375 125.76250457763671875 127.0812530517578125 126.0500030517578125 123.3937530517578125 120.1125030517578125 118.58750152587890625 119.6062469482421875 119.43125152587890625 117.1687469482421875 113.8125 109.24375152587890625
80.96875 87.00624847412109375 93.15625 97.4187469482421875 101.375 106.34375 111.1437530517578125 116.2624969482421875 120.1687469482421875 119.36875152587890625 115.8874969482421875 111.59375 108.0749969482421875 105.38124847412109375 102.90000152587890625 100.71250152587890625 99.56874847412109375 100.375 101.61875152587890625 103.0812530517578125 105.59375 108.5749969482421875 111.125 114.59375 116.97499847412109375 117.1374969482421875 117.66249847412109375 120.6374969482421875 123.18125152587890625 125.25624847412109375 127.47499847412109375 129.8000030517578125 131.2687530517578125 132.806243896484375 133.8000030517578125 133.587493896484375 131.350006103515625 127.78749847412109375 126.6374969482421875 126.8249969482421875 126.56874847412109375 124.4187469482421875 120.8312530517578125 115.8874969482421875
80.3562469482421875 86.15000152587890625 92.28125 95.4812469482421875 98.84375 103.4875030517578125 107.9187469482421875 112.08750152587890625 115.3249969482421875 116.0749969482421875 114.8312530517578125 112.13124847412109375 109.9875030517578125 108.2062530517578125 105.96875 104.28749847412109375 103.18125152587890625 104.1062469482421875 105.3874969482421875 106.9375 109.28749847412109375 111.3625030517578125 114.19374847412109375 117.19374847412109375 119.7062530517578125 121.71250152587890625 122.68125152587890625 125.4499969482421875 128.5124969482421875 131.2624969482421875 133.78125 135.6187591552734375 137.881256103515625 139.09375 140.25 139.8249969482421875 139.1999969482421875 137.9812469482421875 136.59375 136.774993896484375 136.25 133.59375 129.6125030517578125 125.3625030517578125
80.3125 85.0187530517578125 89.03749847412109375 92.58750152587890625 95.50624847412109375 99.77500152587890625 103.94374847412109375 107.78749847412109375 111.2624969482421875 113.3625030517578125 112.8937530517578125 112.28125 111.43125152587890625 110.69374847412109375 109.31874847412109375 107.90000152587890625 107.2062530517578125 108.0749969482421875 109.5437469482421875 111.1062469482421875 113.46250152587890625 115.3562469482421875 117.9562530517578125 121.22499847412109375 124.3874969482421875 127.28749847412109375 129.318756103515625 131.53125 134.2937469482421875 137.225006103515625 138.818756103515625 141.568756103515625 144.225006103515625 145.3874969482421875 147.1437530517578125 147.318756103515625 147.5 147.9499969482421875 147.493743896484375 147.743743896484375 147.4250030517578125 144.837493896484375 140.475006103515625 136.431243896484375
78.9875030517578125 80.88124847412109375 84.25624847412109375 87.5187530517578125 90.55625152587890625 95.22499847412109375 99.5500030517578125 103.65625 107.15625 109.5625 111.49375152587890625 112.72499847412109375 113.6374969482421875 114.3125 113.22499847412109375 112.40000152587890625 111.47499847412109375 112.7937469482421875 114.09375 115.5187530517578125 118.0187530517578125 119.90000152587890625 122.28125 126.7062530517578125 129.78125 132.975006103515625 135 137.2062530517578125 140.0625 142.4875030517578125 144.9250030517578125 146.6437530517578125 149.90625 151.9875030517578125 153.6125030517578125 154.9875030517578125 156.350006103515625 157.8312530517578125 158.8874969482421875 160.8249969482421875 161.5124969482421875 160.087493896484375 156.7687530517578125 152.975006103515625
76.6875 76.65625 79.49375152587890625 82.72499847412109375 85.8249969482421875 90.6374969482421875 95.52500152587890625 99.72499847412109375 103.55625152587890625 107.0625 109.84375 112.72499847412109375 115.7312469482421875 117.52500152587890625 117.2062530517578125 116.72499847412109375 116.5124969482421875 117.3249969482421875 118.8625030517578125 120.7624969482421875 122.8937530517578125 124.8125 127.80625152587890625 131.725006103515625 135.0749969482421875 138.6999969482421875 141.256256103515625 143.7062530517578125 145.649993896484375 147.6999969482421875 149.375 151.462493896484375 155.068756103515625 157.6437530517578125 160.787506103515625 162.5437469482421875 164.375 167.90625 170.068756103515625 173.9875030517578125 178.0812530517578125 177.181243896484375 173.225006103515625 171.431243896484375
74.32500457763671875 72.8874969482421875 75.15000152587890625 78.43125152587890625 81.6750030517578125 86.3125 91.08750152587890625 95.78749847412109375 100.3312530517578125 104.90625 109.0187530517578125 113.3562469482421875 117.65000152587890625 120.7624969482421875 121.3312530517578125 121.21875 121.6062469482421875 122.5187530517578125 123.86249542236328125 125.75624847412109375 127.71875 129.9562530517578125 132.868743896484375 136.6999969482421875 140.1687469482421875 144.2375030517578125 146.912506103515625 149.274993896484375 152.056243896484375 153.381256103515625 154.0749969482421875 155.9499969482421875 159.9187469482421875 163.2375030517578125 166.9812469482421875 169.8937530517578125 172.65625 176.3562469482421875 179.037506103515625 184 190.40625 190.412506103515625 187.6687469482421875 189.537506103515625
73.88124847412109375 71.72499847412109375 73.5 75.97499847412109375 78.9875030517578125 83.22499847412109375 88.15000152587890625 93.3125 98.78125 103.7312469482421875 109.09999847412109375 114.21250152587890625 119.875 124.28125 125.49375152587890625 126.50624847412109375 126.90625 128.443756103515625 129.5187530517578125 130.475006103515625 132.75 135.0625 137.524993896484375 140.7687530517578125 144.587493896484375 149.2312469482421875 151.7624969482421875 153.8375091552734375 155.8937530517578125 157.318756103515625 158.8312530517578125 160.84375 165.1437530517578125 169.681243896484375 173.8125 177.274993896484375 180.4499969482421875 185.131256103515625 186.3312530517578125 189.9375 195.881256103515625 200.5500030517578125 201.806243896484375 207.4812469482421875
73.50624847412109375 70.65000152587890625 72.15000152587890625 73.82500457763671875 76.5124969482421875 81.24375152587890625 86.1687469482421875 91.46875 97.21875 102.8249969482421875 109.24375152587890625 115.69374847412109375 122.77500152587890625 128.3562469482421875 129.9875030517578125 131.7687530517578125 133.375 134.3625030517578125 135.1437530517578125 136.149993896484375 137.850006103515625 140.0749969482421875 142.431243896484375 145.4250030517578125 149.1687469482421875 153.2687530517578125 155.725006103515625 157.712493896484375 159.5124969482421875 161.0749969482421875 163.337493896484375 165.7624969482421875 170.618743896484375 176.131256103515625 181.1062469482421875 184.3125 188.3125 193.5187530517578125 193.618743896484375 192.118743896484375 198.5437469482421875 207.8625030517578125 215 221.7312469482421875
73.03749847412109375 69.71875 70.5625 72.3625030517578125 75.2687530517578125 79.3937530517578125 84.2624969482421875 89.6687469482421875 95.875 102.25624847412109375 109.24375152587890625 117.0187530517578125 124.75 131.8125 135.09375 137.625 139.243743896484375 139.53125 140.875 141.662506103515625 143.056243896484375 144.912506103515625 147.131256103515625 149.662506103515625 153.306243896484375 156.8499908447265625 159.15625 161.1750030517578125 162.7937469482421875 165.1437530517578125 167.71875 170.1750030517578125 175.850006103515625 182.618743896484375 187.693756103515625 191.75 196.46875 201.818756103515625 200.693756103515625 200.7312469482421875 208.3625030517578125 219.693756103515625 228.4875030517578125 238.03125
75.96250152587890625 72.5500030517578125 72.77500152587890625 74.09999847412109375 75.9187469482421875 79.65000152587890625 83.97499847412109375 88.77500152587890625 95.00624847412109375 101.9812469482421875 111 119.22499847412109375 128.493743896484375 137.34375 141.2375030517578125 143.96875 145.537506103515625 145.899993896484375 146.5812530517578125 147.162506103515625 148.0187530517578125 149.318756103515625 150.743743896484375 153.1999969482421875 156.068756103515625 159.0124969482421875 161.2687530517578125 162.975006103515625 164.9187469482421875 168.6999969482421875 172.0625 175.556243896484375 180.681243896484375 188.3562469482421875 195.8625030517578125 202.274993896484375 207.34375 211.8249969482421875 212.7375030517578125 217.78125 226.2937469482421875 236.806243896484375 246.90625 256.91876220703125
78.90625 75.8125 75.6687469482421875 76.22499847412109375 76.8000030517578125 80.15000152587890625 83.90625 88.25 94.09375 101.47499847412109375 110.38124847412109375 121.1999969482421875 132.993743896484375 142.0500030517578125 147.1687469482421875 150.243743896484375 152.274993896484375 152.65625 152.25 152.875 153.100006103515625 153.625 154.4562530517578125 155.6125030517578125 158.243743896484375 160.6999969482421875 162.4499969482421875 164.25 166.75 171.318756103515625 176.2375030517578125 181.2312469482421875 188.100006103515625 195.412506103515625 204.631256103515625 211.90625 217.524993896484375 222.899993896484375 227.149993896484375 234.5749969482421875 242.381256103515625 253.1374969482421875 265.48126220703125 277.037506103515625
82.2687530517578125 79.59999847412109375 78.59999847412109375 78.47499847412109375 78.2937469482421875 81.05625152587890625 84.1875 88.0812530517578125 93.21250152587890625 100.55625152587890625 110.34375 122.8562469482421875 136.7687530517578125 148.306243896484375 152.818756103515625 156.3625030517578125 158.9812469482421875 158.993743896484375 158.4250030517578125 157.9812469482421875 157.9187469482421875 157.493743896484375 157.65625 157.84375 159.65625 161.537506103515625 163.6125030517578125 166.03125 168.7375030517578125 173.9250030517578125 179.618743896484375 186.212493896484375 194.162506103515625 203.287506103515625 212.381256103515625 219.443756103515625 225.8312530517578125 234.2687530517578125 240.5 248.1999969482421875 256.818756103515625 266.806243896484375 279.66876220703125 291.60626220703125
88.24375152587890625 85.55625152587890625 84.56874847412109375 83.7062530517578125 83.16249847412109375 85.3125 87.34999847412109375 90.03125 94.34375 100.6062469482421875 110.8312530517578125 124.3937530517578125 139.868743896484375 152.15625 157.912506103515625 161.8874969482421875 164.6125030517578125 164.7062530517578125 163.9187469482421875 162.84375 162.3937530517578125 161.7687530517578125 160.350006103515625 160.006256103515625 160.7687530517578125 161.537506103515625 163.2937469482421875 165.743743896484375 168.5625 175.0625 181.6750030517578125 189.1125030517578125 197.881256103515625 208.4812469482421875 217.306243896484375 223.9187469482421875 233.537506103515625 241.662506103515625 248.7937469482421875 256.75 266.350006103515625 276.506256103515625 285.725006103515625 297.67498779296875
94.6374969482421875 91.9875030517578125 90.7687530517578125 89.71250152587890625 88.8625030517578125 90.00624847412109375 91.03125 92.5124969482421875 95.6437530517578125 99.7937469482421875 110.71875 127.6062469482421875 142.431243896484375 154.1374969482421875 161.46875 166.7687530517578125 169.8312530517578125 169.9187469482421875 168.493743896484375 166.7937469482421875 165.6999969482421875 164.243743896484375 162.8625030517578125 161.3937530517578125 160.912506103515625 161.125 162.556243896484375 165.024993896484375 168.46875 175.7062530517578125 183.743743896484375 191.3874969482421875 202.21875 213.524993896484375 221.8562469482421875 230.7624969482421875 240.149993896484375 249.774993896484375 257.17498779296875 264.712493896484375 273.91876220703125 281.36248779296875 290.98126220703125 302.693756103515625
101.2687530517578125 98.71250152587890625 97.2624969482421875 96.03749847412109375 95.08750152587890625 95.4812469482421875 96.34375 97.1687469482421875 100.0500030517578125 102.65625 116.92499542236328125 134.125 146.9187469482421875 158.1125030517578125 165.53125 171.318756103515625 174.6374969482421875 174.3937530517578125 172.9187469482421875 170.4875030517578125 168.4187469482421875 165.6875 163.6125030517578125 161.318756103515625 160.6750030517578125 160.431243896484375 161.4812469482421875 164 167.5625 175.912506103515625 183.962493896484375 193.131256103515625 204.8562469482421875 216.125 226.225006103515625 234.46875 245.1750030517578125 254.2937469482421875 263.4375 271.95001220703125 278.274993896484375 286.20623779296875 292.975006103515625 301.743743896484375
109.5124969482421875 106.8125 105.65000152587890625 104.5 103.5 103.83750152587890625 104.6750030517578125 106.6999969482421875 111.03125 119.55625152587890625 134.662506103515625 145.118743896484375 153.875 162.8874969482421875 170.09375 175.7312469482421875 178.912506103515625 178.1187591552734375 175.5562591552734375 173.193756103515625 169.3625030517578125 165.6999969482421875 163.2062530517578125 160.8249969482421875 159.3937530517578125 159.5437469482421875 161.2312469482421875 164.0749969482421875 167.34375 175 183.7937469482421875 192.3249969482421875 202.462493896484375 212.662506103515625 223.8625030517578125 233.462493896484375 241.9875030517578125 251.1062469482421875 259.66876220703125 264.493743896484375 271.25 277.76251220703125 282.462493896484375 289.431243896484375
118.21250152587890625 115.5 114.59999847412109375 113.75624847412109375 112.6750030517578125 113.5812530517578125 114.5187530517578125 117.53749847412109375 123.07500457763671875 131.90625 142.631256103515625 152.725006103515625 161.2937469482421875 168.71875 175.4499969482421875 180.1687469482421875 183.25 182.0625 178.6062469482421875 174.8125 169.9499969482421875 165.181243896484375 161.5749969482421875 159.1999969482421875 158.7062530517578125 158.7062530517578125 160.568756103515625 163.8000030517578125 167.2937469482421875 174.5187530517578125 182.1125030517578125 190.868743896484375 201.8062591552734375 211.1999969482421875 222.0187530517578125 230.0749969482421875 237.2375030517578125 245.431243896484375 253.462493896484375 256.024993896484375 260.725006103515625 266.46875 269.806243896484375 274.774993896484375
