data/historical-monthly-weather-data/wc2.1_cruts4.09_10m_prec_1968-07.asc
ncols        51
nrows        45
xllcorner    -63.500000000000
yllcorner    -7.500000000000
cellsize     0.166666666667
NODATA_value -9999
[rows 19 to 37 of 45, columns 0 to 42 of 51]
117.00624847412109375 121.1437530517578125 121.9375 122.47499847412109375 122.0625 124.33750152587890625 120.36875152587890625 119.0437469482421875 117.47499847412109375 112.53749847412109375 108.71875 108.4499969482421875 104.96250152587890625 101.38124847412109375 94.65000152587890625 86.75 82.03749847412109375 88.38124847412109375 83.13750457763671875 80.44374847412109375 73.8625030517578125 76.1125030517578125 81.5812530517578125 83.34999847412109375 81.2624969482421875 74.8625030517578125 70.83750152587890625 69.91249847412109375 66.3249969482421875 63.137500762939453125 64.0625 68.6750030517578125 66.91249847412109375 64.2062530517578125 61.90625 60.50624847412109375 56.643749237060546875 51.25624847412109375 45.825000762939453125 38.78125 31.043750762939453125 26.493749618530273438 24.087499618530273438
101.3000030517578125 111.47499847412109375 117.0437469482421875 115.40000152587890625 113.21875 115.2624969482421875 113.59999847412109375 112.9875030517578125 110.68125152587890625 107.53749847412109375 102.9375 102.56874847412109375 100.71875 96.3562469482421875 90.2312469482421875 84.41249847412109375 81.3000030517578125 81.34999847412109375 83.16249847412109375 78.15000152587890625 79.9499969482421875 82.0500030517578125 85.16249847412109375 87.66249847412109375 84.84375 77.09375 68.78749847412109375 66.97499847412109375 65.94374847412109375 64.5625 66.94374847412109375 68.9499969482421875 64.33750152587890625 62.0625 59.86875152587890625 57.50624847412109375 53.893749237060546875 47.768749237060546875 41.61875152587890625 35.049999237060546875 28.899999618530273438 25.549999237060546875 22.631250381469726562
93.6687469482421875 97.5625 104.36875152587890625 106.75624847412109375 107.3125 105.1687469482421875 104.4499969482421875 104.11875152587890625 103.4499969482421875 101.09375 98.96250152587890625 95.6999969482421875 92.8937530517578125 93.09999847412109375 91.1374969482421875 85.75624847412109375 85.3249969482421875 83.8125 84.08750152587890625 82.84999847412109375 80.4375 82.22499847412109375 85.48125457763671875 83.3874969482421875 78.44374847412109375 72.5812530517578125 70.8312530517578125 66.1437530517578125 67.00624847412109375 68.21875 67.8249969482421875 66.7687530517578125 62.668750762939453125 59.21250152587890625 55.40000152587890625 53.693752288818359375 50.16249847412109375 44.71250152587890625 39.06874847412109375 33.262500762939453125 27.743749618530273438 24.637500762939453125 21.931249618530273438
86.11875152587890625 94.3249969482421875 98.80625152587890625 99.875 99.8125 99.3249969482421875 94.03749847412109375 93.78125 94.90000152587890625 97.1437530517578125 96.7062530517578125 93.78125 93.36875152587890625 92.1125030517578125 92.16249847412109375 90.59375 86.68125152587890625 83.5437469482421875 82.7937469482421875 83.8562469482421875 86.25 85.125 85.21875 82.3249969482421875 79.78125 72.65625 67.9562530517578125 66.31874847412109375 64.6062469482421875 64.2312469482421875 63.918750762939453125 63.893749237060546875 59.43125152587890625 54.53749847412109375 51.581249237060546875 48.143749237060546875 45.52500152587890625 40.206249237060546875 36.125 31.493749618530273438 26.643749237060546875 23.193750381469726562 20.674999237060546875
75.5500030517578125 85.33750152587890625 92.2687530517578125 93.13124847412109375 93.3249969482421875 91.3562469482421875 91.49375152587890625 89.875 88.56874847412109375 87.875 88.8125 92.34999847412109375 92.3125 92.8874969482421875 90.6437530517578125 89.2312469482421875 85.13124847412109375 85.4875030517578125 84.5812530517578125 87.53125 86.90000152587890625 88.78749847412109375 88.28749847412109375 87.40000152587890625 83.24375152587890625 74.9562530517578125 71.38124847412109375 65.40000152587890625 62.106250762939453125 61.09999847412109375 60.84375 60.06874847412109375 54.706249237060546875 49.206249237060546875 47.46875 43.112499237060546875 40.84999847412109375 37.15000152587890625 33.356250762939453125 28.9375 24.78125 21.818750381469726562 19.674999237060546875
67.8125 77.6750030517578125 85.74375152587890625 88.03125 89.2312469482421875 86.40625 86.0812530517578125 85.13124847412109375 84.25 85.74375152587890625 87 85.8874969482421875 89.6374969482421875 89.8249969482421875 87.4875030517578125 84.50624847412109375 83.1437530517578125 84.90625 86.21250152587890625 88.09375 89.43125152587890625 90.28749847412109375 93.78749847412109375 90.02500152587890625 82.7312469482421875 78.19374847412109375 70.125 63.887500762939453125 59.03749847412109375 57.71875 54.862499237060546875 52.49375152587890625 49.40625 44.96250152587890625 41.543750762939453125 38.86875152587890625 36.950000762939453125 33.112499237060546875 30.106250762939453125 26.543750762939453125 22.53125 20.362499237060546875 18.668750762939453125
64.2937469482421875 73.3937530517578125 77.31874847412109375 81.09999847412109375 82.5187530517578125 81.2062530517578125 80.81874847412109375 79.9375 78.5625 77.1437530517578125 82.18125152587890625 83.34375 83.1125030517578125 84.3625030517578125 83.6374969482421875 82.3937530517578125 80.84375 82.9562530517578125 85.6437530517578125 87.1062469482421875 91.24375152587890625 93.21875 96.40625 92.5 84.09999847412109375 76.4187469482421875 69.53749847412109375 61.893749237060546875 55.387500762939453125 52.13124847412109375 49.174999237060546875 46.06874847412109375 42.424999237060546875 39.424999237060546875 37.612499237060546875 35.356250762939453125 33.18125152587890625 30.225000381469726562 27.356250762939453125 24.15625 21.143749237060546875 18.893749237060546875 17.256250381469726562
58.77500152587890625 64.1999969482421875 69.6374969482421875 73.7687530517578125 75.28125 75.4562530517578125 76.0500030517578125 75.1437530517578125 72.86875152587890625 75.94374847412109375 79.59375 81 81.6125030517578125 81.09375 79.91249847412109375 80.90000152587890625 79.90625 80.52500152587890625 83.9562530517578125 86.98749542236328125 88.75 91.58750152587890625 96.1750030517578125 94.4187469482421875 84.02500152587890625 73.5187530517578125 66.2687530517578125 59.450000762939453125 53.24375152587890625 47.90625 45.34999847412109375 40.706249237060546875 36.862499237060546875 35.924999237060546875 33.575000762939453125 32.06874847412109375 29.09375 26.40625 24.149999618530273438 21.649999618530273438 19.34375 17.662500381469726562 16.125
53.90000152587890625 56.206249237060546875 60.90625 66.0625 68.0437469482421875 69.125 70.125 69.71250152587890625 70.0812530517578125 72.375 74.8625030517578125 75.42499542236328125 76.71875 77.2062530517578125 75.97499847412109375 76.1062469482421875 76.31874847412109375 77.9375 79.03125 82.90625 87.3625030517578125 89.3874969482421875 90.2375030517578125 88.21875 80.7624969482421875 71.24375152587890625 63.831249237060546875 57.075000762939453125 50.84375 46.706249237060546875 43.056247711181640625 39.512500762939453125 35.59999847412109375 32.58750152587890625 30.356250762939453125 28.631250381469726562 25.756250381469726562 23.34375 21.524999618530273438 19.768749237060546875 17.625 16.8125 15.181249618530273438
48.893749237060546875 50.53749847412109375 55.299999237060546875 57.418750762939453125 60.512500762939453125 61.02500152587890625 61.96875 63.706249237060546875 64.5812530517578125 67.7062530517578125 69.79375457763671875 70.7375030517578125 72.56874847412109375 74.28125 73.6437530517578125 73.53125 74.77500152587890625 74.28749847412109375 76.40625 79.91249847412109375 83 85.0124969482421875 86.8937530517578125 82.8874969482421875 76.2687530517578125 68.2312469482421875 61.15625 54.61875152587890625 49.99375152587890625 45.84999847412109375 41.606250762939453125 38.18125152587890625 33.875 30.25 27.618749618530273438 25.737499237060546875 23.118749618530273438 20.725000381469726562 19.006250381469726562 17.012500762939453125 15.556249618530273438 14.543749809265136719 13.662500381469726562
45.387500762939453125 47.793750762939453125 50.96250152587890625 52.737499237060546875 54.0625 55.43125152587890625 56.13124847412109375 59.125 61.393749237060546875 63.43125152587890625 65.6875 68.28749847412109375 70.09375 70.6999969482421875 70.5 70.59999847412109375 70.5124969482421875 71.625 72.3937530517578125 74.46250152587890625 78.1437530517578125 79.83750152587890625 81.77500152587890625 76.5625 71.16249847412109375 64.77500152587890625 57.96250152587890625 52.3125 47.987499237060546875 43.674999237060546875 39.86875152587890625 36.13124847412109375 31.762500762939453125 28.28125 25.162500381469726562 22.912500381469726562 20.987499237060546875 18.206249237060546875 16.118749618530273438 14.393750190734863281 13.143750190734863281 12.518750190734863281 11.856249809265136719
43.174999237060546875 44.72499847412109375 45.356250762939453125 48.125 50 51.90625 52.793750762939453125 54.674999237060546875 57.15625 59.71250152587890625 62.612499237060546875 64.5437469482421875 68.08750152587890625 67.38124847412109375 66.65000152587890625 67.3625030517578125 69.1125030517578125 67.7937469482421875 66.95624542236328125 70.34999847412109375 74.125 75.7937469482421875 76.5812530517578125 70.68125152587890625 65.0812530517578125 61.52500152587890625 55.46250152587890625 49.34375 44.31874847412109375 41 37.549999237060546875 34.44374847412109375 30.443750381469726562 27.006250381469726562 23.631250381469726562 20.799999237060546875 18.443750381469726562 16.181249618530273438 13.868749618530273438 11.850000381469726562 10.524999618530273438 10.350000381469726562 9.9312496185302734375
41.112499237060546875 40.46250152587890625 40.71250152587890625 42.081249237060546875 44.36875152587890625 46.856250762939453125 49.106250762939453125 50.71875 53.71875 55.518749237060546875 58.71250152587890625 62.09999847412109375 64.0625 66.1125030517578125 65.8874969482421875 66.0124969482421875 66.3625030517578125 65.00624847412109375 63.34375 66.5 68.28749847412109375 70.34999847412109375 70.28749847412109375 65.0625 61.4375 56.825000762939453125 51.72499847412109375 47.21250152587890625 41.66249847412109375 38.575000762939453125 35.94374847412109375 32.78125 28.662500381469726562 25.200000762939453125 22.081249237060546875 19.006250381469726562 16.681249618530273438 13.643750190734863281 11.675000190734863281 10.175000190734863281 8.9125003814697265625 8.5437498092651367188 8.1937503814697265625
39.6875 38.487499237060546875 37.825000762939453125 38.46250152587890625 40.231250762939453125 42.293750762939453125 44.71250152587890625 46.68125152587890625 48.299999237060546875 51.950000762939453125 56.200000762939453125 58.18125152587890625 60.987499237060546875 64.2687530517578125 64.6999969482421875 63.46875 62.24375152587890625 63.06874847412109375 62.75624847412109375 64.68125152587890625 65.2937469482421875 65.28125 64 60.44374847412109375 57.94374847412109375 53.55625152587890625 49.700000762939453125 44.737499237060546875 40.625 36.96875 34.075000762939453125 30.75 26.462499618530273438 23.256250381469726562 20.5625 18.037500381469726562 14.993749618530273438 12.162500381469726562 10.5 9.4499998092651367188 8.2687501907348632812 7.9312500953674316406 7.3062500953674316406
38.34999847412109375 37.09999847412109375 36.825000762939453125 37.06874847412109375 37.481250762939453125 38.03749847412109375 39.799999237060546875 40.674999237060546875 44.00624847412109375 46.543750762939453125 50.762500762939453125 54.512500762939453125 58.424999237060546875 60.78125 61.24375152587890625 59.793750762939453125 59.575000762939453125 59.78125 59.481250762939453125 60.518749237060546875 61.575000762939453125 59.96875 59.887500762939453125 57.15625 53.52500152587890625 49.606250762939453125 46.174999237060546875 42.74375152587890625 38.9375 35.581249237060546875 32.549999237060546875 29.018749237060546875 24.893749237060546875 22.024999618530273438 19.212499618530273438 16.46875 13.375 10.925000190734863281 9.75 8.6750001907348632812 7.7125000953674316406 7.4187498092651367188 7.0625
37.44374847412109375 35.143749237060546875 35.49375152587890625 35.1875 35.59375 35.90000152587890625 36.30625152587890625 36.887500762939453125 38.418750762939453125 41.075000762939453125 45.643749237060546875 50.924999237060546875 56.96875 60.43125152587890625 59.287502288818359375 58.0625 57.299999237060546875 56.793750762939453125 57.27500152587890625 56.91249847412109375 57.424999237060546875 57.40625 56.27500152587890625 53.581249237060546875 50.231250762939453125 46.50624847412109375 43.543750762939453125 40.52500152587890625 37.00624847412109375 32.25 29.443750381469726562 27.112499237060546875 23.674999237060546875 20.674999237060546875 17.506250381469726562 14.931250572204589844 12.418749809265136719 10.368749618530273438 9.15625 8.03125 7.125 6.6374998092651367188 6.5625
36.31874847412109375 34.84999847412109375 35.4375 34.393749237060546875 34.393749237060546875 34.137500762939453125 34.387500762939453125 34.47499847412109375 35.43125152587890625 36.950000762939453125 40.84375 46.72499847412109375 54.03749847412109375 56.09375 56.543750762939453125 55.793750762939453125 55.47499847412109375 54.299999237060546875 53.36875152587890625 53.168750762939453125 51.293750762939453125 52.393749237060546875 50.731250762939453125 48.0625 44.59999847412109375 43.08750152587890625 40.637500762939453125 38.106250762939453125 34.981250762939453125 30.706249237060546875 27.831249237060546875 25.787500381469726562 22.46875 19.768749237060546875 16.90625 14.375 12.3125 10.431249618530273438 9.5375003814697265625 8.5375003814697265625 7.4749999046325683594 7.0749998092651367188 6.625
34.762500762939453125 34.27500152587890625 34.41249847412109375 33.19374847412109375 33.03749847412109375 33.25 33.08750152587890625 32.762500762939453125 32.799999237060546875 32.606250762939453125 36.43125152587890625 42.8125 48.700000762939453125 51.16249847412109375 52.668750762939453125 52.75624847412109375 52.19374847412109375 50.393749237060546875 49.206249237060546875 48.99375152587890625 46.90625 46.02500152587890625 44.84999847412109375 43.46250152587890625 40.65625 39.075000762939453125 37.25 34.93125152587890625 32.393749237060546875 29.412500381469726562 26.431249618530273438 23.831249237060546875 20.793750762939453125 18.424999237060546875 15.943750381469726562 13.581250190734863281 11.806249618530273438 10.631250381469726562 9.9625005722045898438 8.90625 7.8125 7.3812499046325683594 6.875
32.5 32.737499237060546875 32.081249237060546875 32.087497711181640625 31.943750381469726562 31.881250381469726562 31.6875 31.168748855590820312 31.118749618530273438 30.212499618530273438 35.88124847412109375 41.418750762939453125 44.987499237060546875 47.5 49.46875 49.881252288818359375 48.0625 47.75624847412109375 45.756252288818359375 45.081249237060546875 43.706249237060546875 42.19374847412109375 40.1875 39.206249237060546875 37.637500762939453125 36.168750762939453125 34.356250762939453125 32.50624847412109375 30.5 27.362499237060546875 23.618749618530273438 21.625 19.068750381469726562 17.143749237060546875 14.643750190734863281 12.587499618530273438 11.649999618530273438 10.606249809265136719 10.012499809265136719 9.15625 8.1875 7.9437499046325683594 7.34375
