data/historical-monthly-weather-data/wc2.1_cruts4.09_10m_prec_1963-03.asc
ncols        51
nrows        45
xllcorner    -63.500000000000
yllcorner    -7.500000000000
cellsize     0.166666666667
NODATA_value -9999
[rows 20 to 39 of 45, columns 0 to 44 of 51]
242.475006103515625 247.181243896484375 253.274993896484375 259.86248779296875 267.09375 275.57501220703125 283.399993896484375 289.412506103515625 294.1875 295.67498779296875 294.556243896484375 292.962493896484375 291.743743896484375 291.875 282.98748779296875 269.193756103515625 257.0625 249.59375 245.6875 242.84375 246.75 251.71875 256.131256103515625 264.318756103515625 273.78125 283.975006103515625 294.54376220703125 304.975006103515625 314.82501220703125 320.58123779296875 320.568756103515625 315.024993896484375 300.16876220703125 280.86248779296875 262.73126220703125 283.36248779296875 312.86248779296875 330.10626220703125 339.28125 342.631256103515625 342.61248779296875 339.95623779296875 335.40625 331.537506103515625 326.912506103515625
238.8249969482421875 243.96875 252.068756103515625 259.806243896484375 268.256256103515625 278.53125 288.03125 296.068756103515625 301.193756103515625 299.787506103515625 293.6875 287.67498779296875 282.58123779296875 279.850006103515625 273.54376220703125 264.92498779296875 257.10626220703125 250.0187530517578125 244.556243896484375 240.1125030517578125 240.274993896484375 242.1374969482421875 247.056243896484375 254.1374969482421875 263.46875 275.243743896484375 289.36248779296875 300.28125 309.993743896484375 315.28125 314.806243896484375 310.068756103515625 298.70001220703125 286.556243896484375 280.587493896484375 293.787506103515625 316.78125 333.67498779296875 342.65625 344.46875 343.01251220703125 339.85626220703125 335.61248779296875 331.58123779296875 327.20001220703125
238.287506103515625 244.6062469482421875 252.5187530517578125 261.087493896484375 269.70623779296875 279.83123779296875 289.649993896484375 301.056243896484375 309.01873779296875 303.15625 292.318756103515625 280.26251220703125 270.70001220703125 267.48126220703125 265.143768310546875 260.46875 254.40625 247.725006103515625 241.28125 235.774993896484375 234.0812530517578125 232.912506103515625 234.2937469482421875 240.649993896484375 251.5500030517578125 265.07501220703125 280.337493896484375 293.16876220703125 303.21875 308.1875 309.89373779296875 310.48748779296875 307.381256103515625 303.13751220703125 306.287506103515625 317.42498779296875 332.65625 344.34375 349.399993896484375 348.79998779296875 345.29998779296875 341.04376220703125 336.600006103515625 331.431243896484375 326.88751220703125
241.662506103515625 247.0187530517578125 254.618743896484375 262.875 271.006256103515625 280.23126220703125 290.8125 301.75 307.91876220703125 299.95001220703125 286.83123779296875 274.756256103515625 261.78125 259.65625 259.693756103515625 257.037506103515625 252.6999969482421875 246.25 237.9875030517578125 230.837493896484375 227.056243896484375 223.618743896484375 222.5625 228.068756103515625 237.2624969482421875 250.2687530517578125 266.412506103515625 282.100006103515625 295.11248779296875 304.1875 311.25 316.162506103515625 317.91876220703125 320.087493896484375 327.0625 338.881256103515625 350.337493896484375 355.024993896484375 355.006256103515625 352.41876220703125 348.34375 342.662506103515625 337.618743896484375 331.225006103515625 327.54376220703125
250.306243896484375 253.09375 257.76873779296875 265.01873779296875 273.337493896484375 281.806243896484375 289.45001220703125 296.63751220703125 299.11248779296875 294.056243896484375 285.181243896484375 273.91876220703125 265.51251220703125 261.818756103515625 258.88751220703125 256.61248779296875 252.0749969482421875 245.306243896484375 236.806243896484375 227.125 220.21875 214.381256103515625 210.3562469482421875 213.0812530517578125 222.6999969482421875 238.2375030517578125 254.625 273.32501220703125 288.9375 303.20623779296875 313.76873779296875 322.318756103515625 328.431243896484375 334.07501220703125 341.337493896484375 347.90625 356.10626220703125 359.59375 357.931243896484375 356.21875 351.95001220703125 345.23748779296875 337.67498779296875 333.037506103515625 324.41876220703125
262.774993896484375 264.274993896484375 264.993743896484375 270.23748779296875 275.20001220703125 281.475006103515625 287.056243896484375 291.556243896484375 291.98126220703125 288.3125 282.25 275.649993896484375 270.01251220703125 265.64373779296875 261.59375 258.75 253.274993896484375 246.243743896484375 237.4812469482421875 225.40625 217.162506103515625 207.3312530517578125 198.8874969482421875 198.25 209.381256103515625 227.475006103515625 247.681243896484375 266.725006103515625 285.068756103515625 302.493743896484375 317.10626220703125 330.23748779296875 339.524993896484375 345.04376220703125 350.46875 354.41876220703125 359.556243896484375 362.21875 361.28125 358.84375 355.100006103515625 346.91876220703125 336.04376220703125 329.71875 321.4375
276.193756103515625 273.78125 273.912506103515625 275.587493896484375 277.60626220703125 281.712493896484375 284.625 286.681243896484375 286.35626220703125 284.66876220703125 281.48126220703125 277.25 273.368743896484375 270.20001220703125 266.556243896484375 262.86248779296875 258.85626220703125 250.524993896484375 240.5187530517578125 229.25 218.15625 206.1750030517578125 193.318756103515625 190.7062530517578125 204.8125 222.71875 243.7624969482421875 263 282.32501220703125 300.86248779296875 318.08123779296875 335.29376220703125 347.5 351.5625 355.162506103515625 358.6875 363.45623779296875 365.60626220703125 365.193756103515625 363.75 358.587493896484375 348.51873779296875 335.493743896484375 326.45001220703125 326.14373779296875
290.725006103515625 285.95623779296875 283.88751220703125 282.92498779296875 281.11248779296875 282.475006103515625 284.85626220703125 285.17498779296875 284.42498779296875 283.225006103515625 280.45001220703125 277.76251220703125 275.88751220703125 274.14373779296875 270.993743896484375 267.443756103515625 264.087493896484375 257.54998779296875 247.7937469482421875 236.568756103515625 224.868743896484375 211.6875 202.056243896484375 201.068756103515625 210.5437469482421875 225.368743896484375 244.375 263.693756103515625 282.375 299.54376220703125 316.58123779296875 333.0625 345.48126220703125 350.76873779296875 355.58123779296875 360.04376220703125 363.41876220703125 367.40625 368.568756103515625 369.45001220703125 368.112518310546875 355.85626220703125 338.193756103515625 327.774993896484375 337.4375
303.712493896484375 297.568756103515625 293.32501220703125 289.01873779296875 286.65625 285.600006103515625 284.462493896484375 283.587493896484375 283.037506103515625 281.568756103515625 280.25 279.08123779296875 278.23748779296875 278.04998779296875 276.59375 274.8125 273.38751220703125 267.350006103515625 258.806243896484375 248.225006103515625 236.0124969482421875 222.8562469482421875 214.03125 212.975006103515625 220.2062530517578125 230.9499969482421875 247.4875030517578125 265.58123779296875 283.318756103515625 299.5625 314.23748779296875 328.76873779296875 340.85626220703125 348.431243896484375 355.04376220703125 360.17498779296875 363.40625 367.89373779296875 369.943756103515625 370.84375 373.881256103515625 361.07501220703125 343.162506103515625 340.45001220703125 353.5
311.59375 304.29376220703125 298.45623779296875 292.98126220703125 289.23748779296875 285.76251220703125 283.84375 282.225006103515625 281.681243896484375 280.225006103515625 279.38751220703125 280.337493896484375 281.84375 283.09375 282.95001220703125 282.649993896484375 282.26873779296875 280.850006103515625 274.09375 261.51873779296875 248.2687530517578125 235.568756103515625 226.149993896484375 225.5749969482421875 230.21875 238.975006103515625 253.6125030517578125 269.26251220703125 284.65625 298.60626220703125 312.08123779296875 324.225006103515625 335.399993896484375 345.67498779296875 353.931243896484375 358.84375 362.587493896484375 368.068756103515625 366.399993896484375 366.818756103515625 370.256256103515625 366.84375 358.087493896484375 360.73748779296875 365.875
315.73126220703125 307.45001220703125 300.83123779296875 295.76251220703125 291.662506103515625 286.45623779296875 284.28125 281.70001220703125 280.59375 279.42498779296875 279.162506103515625 280.693756103515625 283.65625 285.54998779296875 287.26873779296875 289.29376220703125 292.38751220703125 292.28125 289.125 276.10626220703125 261.649993896484375 247.399993896484375 237.96875 236.6875 239.3562469482421875 247.28125 259.212493896484375 272.07501220703125 286.10626220703125 298.212493896484375 310.225006103515625 322.25 333.26251220703125 343.818756103515625 353.04376220703125 357.25 361.65625 367.943756103515625 364.73126220703125 357.90625 363.48126220703125 370.32501220703125 372.243743896484375 376.537506103515625 382.13751220703125
316.649993896484375 307.993743896484375 301.14373779296875 295.82501220703125 291.9375 286.287506103515625 283.600006103515625 279.89373779296875 278.462493896484375 277.475006103515625 277.506256103515625 279.818756103515625 282.98126220703125 287.29376220703125 291.375 295.631256103515625 297.693756103515625 297.61248779296875 294.756256103515625 285.64373779296875 270.96875 257.95623779296875 247.1374969482421875 245.118743896484375 248.625 254.09375 263.493743896484375 275.65625 286.76873779296875 298.225006103515625 309.537506103515625 320.649993896484375 330.631256103515625 341.287506103515625 351.01873779296875 356.01251220703125 362.54998779296875 368.14373779296875 362.45001220703125 359.71875 369.58123779296875 381.4375 388.54376220703125 399.337493896484375 408.787506103515625
312.07501220703125 304.568756103515625 298.04998779296875 292.92498779296875 288.212493896484375 283.91876220703125 280.08123779296875 275.987518310546875 273.774993896484375 273.82501220703125 276.875 279.475006103515625 284.41876220703125 291.79376220703125 296.4375 300.45623779296875 302.131256103515625 302.375 298.63751220703125 291.318756103515625 279.79376220703125 267.59375 256.631256103515625 255.368743896484375 257.375 261.04376220703125 268.91876220703125 279.16876220703125 289.962493896484375 299.89373779296875 310.04998779296875 320.225006103515625 330.76251220703125 341.350006103515625 350.149993896484375 357.818756103515625 364.975006103515625 369.89373779296875 367.006256103515625 373.350006103515625 384.21875 396.28125 407.868743896484375 421.537506103515625 441.67498779296875
306.243743896484375 299.587493896484375 295.087493896484375 290.61248779296875 286.20001220703125 281.087493896484375 276.337493896484375 272.10626220703125 269.54376220703125 269.524993896484375 272.91876220703125 279.149993896484375 286.068756103515625 292.899993896484375 297.73126220703125 303.16876220703125 307 306.6875 302.03125 295.64373779296875 286.5 275.337493896484375 265.975006103515625 263.29998779296875 264.243743896484375 266.04998779296875 273.462493896484375 281.95623779296875 292.774993896484375 301.35626220703125 309.73126220703125 320.20001220703125 331.381256103515625 341.60626220703125 352.118743896484375 360.256256103515625 367.193756103515625 372.20623779296875 376.537506103515625 385.375 395.350006103515625 408.17498779296875 424.45001220703125 441.131256103515625 464.962493896484375
300.71875 295.662506103515625 292.17498779296875 287.875 282.337493896484375 277.63751220703125 272.07501220703125 268.225006103515625 264.21875 263.23748779296875 268.162506103515625 277.40625 287.33123779296875 295.51251220703125 302.149993896484375 306.70623779296875 310.918731689453125 310.29998779296875 306.024993896484375 300.068756103515625 292.381256103515625 281.756256103515625 272.65625 269.181243896484375 269.53125 270.91876220703125 276.64373779296875 284.98748779296875 293.53125 302.162506103515625 311.15625 321.03125 331.71875 342.693756103515625 352.51873779296875 359.89373779296875 367.23748779296875 377.54376220703125 385.11248779296875 394.03125 404.51873779296875 415.89373779296875 432.024993896484375 449.6875 469.568756103515625
296.96875 291.743743896484375 287.9375 283.743743896484375 278.73126220703125 273.5625 268.70623779296875 263.131256103515625 257.60626220703125 256.65625 262.09375 273.42498779296875 286.88751220703125 297.96875 304.712493896484375 310.181243896484375 313.51251220703125 312.681243896484375 309.837493896484375 305.36248779296875 297.54998779296875 287.1875 277.70623779296875 274.6875 274.181243896484375 274.725006103515625 279.73748779296875 287.54998779296875 295.506256103515625 303.54376220703125 312.90625 322.15625 331.537506103515625 343.01251220703125 352.587493896484375 359.3125 369.04998779296875 379.131256103515625 385.118743896484375 394.73126220703125 406.037506103515625 416.537506103515625 429.20001220703125 446.4375 461.037506103515625
292.29998779296875 287.875 284.5 280.212493896484375 276.04376220703125 271.76873779296875 266.506256103515625 260.75 253.431243896484375 248.631256103515625 257.25 275.087493896484375 290.10626220703125 300.42498779296875 308.03125 312.70623779296875 315.318756103515625 314.350006103515625 312.45623779296875 306.88751220703125 299.89373779296875 290.25 281.58123779296875 277.368743896484375 276.15625 276.65625 281.381256103515625 289.462493896484375 296.73748779296875 305.17498779296875 313.96875 322.79998779296875 333.225006103515625 344.587493896484375 353.4375 361.20001220703125 370.662506103515625 380.5 386.618743896484375 392.96875 401.70623779296875 411.36248779296875 423.5 438.54998779296875 451.17498779296875
288.318756103515625 284.868743896484375 281.32501220703125 277.79376220703125 275.03125 271.88751220703125 267.600006103515625 261.8125 256.29998779296875 249.96875 266.42498779296875 285.54376220703125 296.818756103515625 305.59375 311.0625 315.35626220703125 316.212493896484375 314.725006103515625 311.79998779296875 305.70623779296875 297.725006103515625 289.287506103515625 282.85626220703125 278.412506103515625 277.14373779296875 278.006256103515625 282.34375 290.587493896484375 298.26251220703125 306.462493896484375 314.243743896484375 322.631256103515625 333.068756103515625 344.71875 352.89373779296875 361.92498779296875 370.837493896484375 378.074981689453125 385.118743896484375 391.962493896484375 397.0625 406.625 415.625 424.375 435.431243896484375
283.63751220703125 280.9375 278.993743896484375 276.89373779296875 275.274993896484375 272.53125 270.962493896484375 268.38751220703125 268.89373779296875 277.125 296.23748779296875 302.89373779296875 306.76873779296875 311.79998779296875 315.649993896484375 317.975006103515625 317.506256103515625 314.38751220703125 309.537506103515625 302.350006103515625 293.287506103515625 285.475006103515625 279.743743896484375 276.51251220703125 275.9375 277.70623779296875 282.65625 289.875 297.6812744140625 305.975006103515625 314.79998779296875 322.13751220703125 331.1875 342.23748779296875 353.42498779296875 360.368743896484375 367.287506103515625 375.225006103515625 379.712493896484375 383.70623779296875 387.85626220703125 396.67498779296875 403.28125 411.037506103515625 418.387481689453125
279.48748779296875 277.8125 277.100006103515625 275.79376220703125 275.95623779296875 276.568756103515625 276.006256103515625 278.368743896484375 282.8125 291.32501220703125 303.01251220703125 311.118743896484375 315.65625 318.556243896484375 321.29998779296875 321.51251220703125 319.63751220703125 314.59375 307.193756103515625 299.41876220703125 289.412506103515625 281.54376220703125 274.98748779296875 272.318756103515625 273.537506103515625 276.29998779296875 280.98126220703125 288.618743896484375 296.16876220703125 304.07501220703125 311.75 321.83123779296875 333.09375 342.51251220703125 352.40625 359.350006103515625 364.056243896484375 370.006256103515625 374.67498779296875 375.381256103515625 377.15625 384.26873779296875 389.662506103515625 395.01251220703125 400.70623779296875
