data/historical-monthly-weather-data/wc2.1_cruts4.09_10m_prec_1956-08.asc
ncols        45
nrows        45
xllcorner    -63.500000000000
yllcorner    -7.500000000000
cellsize     0.166666666667
NODATA_value -9999
[rows 0 to 19 of 45, columns 0 to 42 of 45]
264.45001220703125 270.375 272.07501220703125 280.20623779296875 289.70623779296875 299.39373779296875 300.33123779296875 304.20623779296875 304.850006103515625 301.58123779296875 289.381256103515625 279.943756103515625 273.79998779296875 262.38751220703125 251.806243896484375 236.21875 224.881256103515625 213.78125 202.90625 197.7937469482421875 192.625 185.306243896484375 178.556243896484375 172.2375030517578125 164.46875 157.337493896484375 153.850006103515625 152.2937469482421875 144.2624969482421875 143.131256103515625 137.524993896484375 136.8625030517578125 137.693756103515625 135.8562469482421875 135.774993896484375 137.181243896484375 137.100006103515625 138.71875 140.712493896484375 141.3249969482421875 142.7624969482421875 145.8937530517578125 145.756256103515625
256.131256103515625 259.48748779296875 267.368743896484375 276.8125 288.899993896484375 295.743743896484375 291.95623779296875 293.88751220703125 295.14373779296875 291.41876220703125 281.912506103515625 274.568756103515625 262.6875 248.8562469482421875 236.65625 226.4187469482421875 212.881256103515625 201.068756103515625 190.9375 183.7375030517578125 178.087493896484375 170.806243896484375 164.4499969482421875 160.1875 152.9812469482421875 145.412506103515625 145.2062530517578125 142.725006103515625 136.34375 134.881256103515625 134.1875 133.7062530517578125 135.037506103515625 136.712493896484375 136.7624969482421875 137.350006103515625 135.1999969482421875 139.1374969482421875 139.75 140.306243896484375 144.975006103515625 146.337493896484375 148.625
241.6687469482421875 248.6062469482421875 257.5 268.506256103515625 279.037506103515625 283.33123779296875 282.568756103515625 282.28125 279.350006103515625 274.04376220703125 268.412506103515625 260.76873779296875 248.412506103515625 232.25 219.8562469482421875 209.162506103515625 198.15625 187.087493896484375 177.5812530517578125 168.524993896484375 164.993743896484375 161.256256103515625 155.756256103515625 152.8874969482421875 144.71875 139.2312469482421875 140.475006103515625 136.4250030517578125 130.7937469482421875 130.9250030517578125 129.0437469482421875 129.0124969482421875 130.8000030517578125 133.712493896484375 132.743743896484375 130.4812469482421875 130.8125 134.34375 134.5437469482421875 137.5749969482421875 144.243743896484375 147.1999969482421875 151.9499969482421875
228.1750030517578125 231.6374969482421875 242.71875 253.8312530517578125 260.28125 262.806243896484375 264 264.149993896484375 265.36248779296875 259.89373779296875 250.78125 240.375 229.7375030517578125 214.8125 202.962493896484375 192.0812530517578125 182.943756103515625 173.962493896484375 165.8125 162 157.6999969482421875 152.3874969482421875 146.962493896484375 144.712493896484375 138.274993896484375 132.96875 133.3125 127.2312469482421875 123.1750030517578125 124.0625 123.4875030517578125 122.28749847412109375 122.1374969482421875 123.05625152587890625 123.3312530517578125 123.7624969482421875 127.47499847412109375 129.568756103515625 128.806243896484375 134.4375 139.84375 146.7312469482421875 151.8125
236.318756103515625 232.899993896484375 228.399993896484375 233.1374969482421875 242.056243896484375 243.0187530517578125 242.1687469482421875 247.1374969482421875 251.131256103515625 245.875 234.381256103515625 222.693756103515625 211.9875030517578125 199.84375 187.8000030517578125 178.274993896484375 168.431243896484375 159.59375 152.649993896484375 150.6750030517578125 150.1999969482421875 143.368743896484375 139.2375030517578125 139.1374969482421875 131.681243896484375 125.9250030517578125 123.46875 121.7062530517578125 118.15625 116.41249847412109375 118.5187530517578125 116.63124847412109375 117.6687469482421875 119.27500152587890625 119.6999969482421875 118.71875 120.3312530517578125 122.90000152587890625 122.80625152587890625 126.65625 135.931243896484375 143.056243896484375 152.0812530517578125
236.556243896484375 232.318756103515625 224.25 214.256256103515625 220.568756103515625 230.4875030517578125 231.6687469482421875 232.03125 236.21875 231.03125 216.75 205.850006103515625 197.46875 187.274993896484375 176.0812530517578125 167.756256103515625 157.2687530517578125 147.9499969482421875 143.631256103515625 141.943756103515625 141.7375030517578125 138.412506103515625 135.337493896484375 130.462493896484375 126.33750152587890625 122.0187530517578125 119.6062469482421875 116.8312530517578125 114.33750152587890625 111.38124847412109375 112.61875152587890625 113.09999847412109375 112.1062469482421875 113.6999969482421875 112.25 113.61875152587890625 113.59999847412109375 113.5500030517578125 115.5124969482421875 121.50624847412109375 127.46250152587890625 135.9812469482421875 145.3874969482421875
237.912506103515625 235.412506103515625 227.375 218.3000030517578125 215.46875 214.6750030517578125 213.90625 212.962493896484375 206.787506103515625 202.9562530517578125 195.1875 188.1062469482421875 183.6437530517578125 175.3000030517578125 167.1437530517578125 159.243743896484375 149.5500030517578125 141.899993896484375 136.34375 136.0124969482421875 134.9250030517578125 133.21875 130.712493896484375 127.19374847412109375 122.71250152587890625 119.41249847412109375 116.4562530517578125 112.71250152587890625 107.86875152587890625 107.69374847412109375 107.3000030517578125 106.1750030517578125 106.8562469482421875 107.72499847412109375 106.9187469482421875 106.72499847412109375 105.3625030517578125 105.69374847412109375 108.7375030517578125 114.58750152587890625 119.9187469482421875 127.91249847412109375 138.5187530517578125
240.4375 234.868743896484375 230.5500030517578125 223.600006103515625 221.7062530517578125 219.306243896484375 206.9187469482421875 188.350006103515625 176.243743896484375 173.59375 175.618743896484375 172.125 168.493743896484375 162.899993896484375 157.2312469482421875 150.131256103515625 142.8125 136 130.40625 128.8625030517578125 129.7375030517578125 128.899993896484375 125.4875030517578125 121.78125 119.6999969482421875 115.1125030517578125 111.28125 108.05625152587890625 104.25624847412109375 101.3249969482421875 102.6062469482421875 101.0749969482421875 99.99375152587890625 101.31874847412109375 98.7687530517578125 97.83750152587890625 96.58750152587890625 96.0437469482421875 97.6999969482421875 101.5625 107.3937530517578125 115.80625152587890625 125.40000152587890625
242.056243896484375 236.71875 233.7062530517578125 224.868743896484375 220.25 213.806243896484375 203.15625 187.46875 167.875 157.350006103515625 157.84375 156.375 158.1687469482421875 153.881256103515625 149.03125 143.1374969482421875 139.1875 134 131.7062530517578125 127.18125152587890625 126.3125 126.27500152587890625 122.4375 122.18125152587890625 118.8625030517578125 112.5437469482421875 106.41249847412109375 104.6125030517578125 101.1062469482421875 98.0812530517578125 98.7687530517578125 95.15625 92.3000030517578125 90.2312469482421875 88.81874847412109375 89.56874847412109375 89.31874847412109375 89.09999847412109375 89.53125 92.4187469482421875 96.3625030517578125 101.41249847412109375 107.54999542236328125
241.3312530517578125 236.40625 231.3874969482421875 225.3937530517578125 220.256256103515625 212.78125 205.587493896484375 189.662506103515625 172.3874969482421875 164.0812530517578125 158.3125 151.2937469482421875 151.6437530517578125 148.75 142.7937469482421875 138.5187530517578125 133.899993896484375 131.9250030517578125 129.868743896484375 127.46250152587890625 126.28749847412109375 123.462493896484375 119.16249847412109375 118.5437469482421875 114.5437469482421875 108.28749847412109375 102.71875 99.74375152587890625 94.96875 91.6125030517578125 89.46250152587890625 86.61875152587890625 86 85.2624969482421875 84.6687469482421875 84.5812530517578125 83.1062469482421875 81.91249847412109375 83.0749969482421875 85 87.08750152587890625 89.1875 92.03749847412109375
244.649993896484375 238.8874969482421875 230.743743896484375 223.568756103515625 219.8312530517578125 215.8000030517578125 207.712493896484375 189.2624969482421875 174.162506103515625 163.5187530517578125 158.681243896484375 151.90625 147.40625 142.625 135.5437469482421875 130.4812469482421875 127.44374847412109375 127.43125152587890625 125.9499969482421875 125.80625152587890625 128.3249969482421875 125.24375152587890625 119.8312530517578125 114.96875 113.44374847412109375 107.69374847412109375 102.3000030517578125 97.1875 90.08750152587890625 85.2624969482421875 84.13124847412109375 81.6687469482421875 82.28749847412109375 81.8249969482421875 79.69374847412109375 78.34999847412109375 76.5 75.8937530517578125 75.8249969482421875 76.1374969482421875 76.47499847412109375 77.625 80.11875152587890625
242.8625030517578125 237.84375 229.7375030517578125 224.149993896484375 220.962493896484375 216.8625030517578125 210.2062530517578125 194.162506103515625 177.9187469482421875 165.868743896484375 158.806243896484375 151.71875 144.1687469482421875 136.375 133.649993896484375 128.46875 124.3000030517578125 122.3562469482421875 122.61875152587890625 124.7687530517578125 127.6687469482421875 125.03125 120.31874847412109375 116.2937469482421875 111.7312469482421875 100.83750152587890625 95.08750152587890625 91.0749969482421875 85.1125030517578125 81.21875 78.84375 78.08750152587890625 76.72499847412109375 75.9250030517578125 75.2624969482421875 75.0625 73.52500152587890625 71.7624969482421875 69.22499847412109375 67 66.71875 67.3625030517578125 68.1062469482421875
238.649993896484375 231 224.506256103515625 216.8874969482421875 215.34375 209.806243896484375 199.3249969482421875 187.4875030517578125 172.743743896484375 162.5812530517578125 155.662506103515625 149.662506103515625 140.78125 130.25 124.65000152587890625 121.3249969482421875 116.6374969482421875 116.9187469482421875 116.9812469482421875 117.18125152587890625 120.9187469482421875 119.36875152587890625 115.50624847412109375 108.65000152587890625 98.96250152587890625 90.2687530517578125 87.9562530517578125 85.0437469482421875 82.40625 79.0749969482421875 75.86875152587890625 73.8562469482421875 73.88124847412109375 71.0500030517578125 70.8937530517578125 72.24375152587890625 73.6750030517578125 71.34375 69.1999969482421875 63.793750762939453125 58.44374847412109375 59.956249237060546875 59.41249847412109375
232.475006103515625 222.368743896484375 214.600006103515625 209.962493896484375 205.9250030517578125 198.5187530517578125 189.006256103515625 180.4499969482421875 166.9187469482421875 157.5749969482421875 149.181243896484375 141.0124969482421875 133.9187469482421875 124.8000030517578125 113.8625030517578125 112.1437530517578125 109.1125030517578125 108.97499847412109375 105.9875030517578125 105.28749847412109375 108.84999847412109375 107.61875152587890625 104.41249847412109375 99.7624969482421875 92.875 86.7624969482421875 84.43125152587890625 82.22499847412109375 79.7687530517578125 77.39374542236328125 75.22499847412109375 71.6437530517578125 70.9187469482421875 68.9562530517578125 70.25 73.625 75.5625 76.7624969482421875 75.11875152587890625 67.63124847412109375 55.91249847412109375 52.299999237060546875 54.09999847412109375
224.5812530517578125 217.03125 207.5124969482421875 200.2312469482421875 196.568756103515625 189.09375 179.84375 169.96875 157.7937469482421875 149.4375 139.399993896484375 133.181243896484375 126.38750457763671875 116.58750152587890625 105.81874847412109375 100.5749969482421875 97.8874969482421875 96.06874847412109375 94.40625 94.53125 97.6875 97.6374969482421875 96.08750152587890625 94.97499847412109375 92.0749969482421875 88.8125 85.4562530517578125 82.16249847412109375 78.5812530517578125 75.7375030517578125 72.49375152587890625 70.1062469482421875 69.55625152587890625 69.21250152587890625 69.4250030517578125 73.41249847412109375 78.11875152587890625 85.25 85.7062530517578125 75.9187469482421875 67.6374969482421875 63.262500762939453125 64.4812469482421875
213.712493896484375 207.587493896484375 200.0625 192.8000030517578125 186.962493896484375 181.274993896484375 172.868743896484375 160.774993896484375 150.318756103515625 141.625 132.4812469482421875 124.77500152587890625 116.9875030517578125 108.3249969482421875 98.8562469482421875 89.46875 86.46250152587890625 85.125 83.5625 84.3562469482421875 87.02500152587890625 88.77500152587890625 90.65000152587890625 93.1750030517578125 92.96875 90.3249969482421875 87.0437469482421875 82.1999969482421875 77.875 75.375 73.1999969482421875 70.5500030517578125 68.8125 68.45624542236328125 69.8312530517578125 78.72499847412109375 85.84999847412109375 92.8874969482421875 95.34999847412109375 90.69374847412109375 84.96875 78.8125 73.53749847412109375
207.71875 202.024993896484375 193.2687530517578125 186.71875 178.4562530517578125 173.7062530517578125 167.0625 157.0812530517578125 144.8125 136.78125 128.181243896484375 118.70000457763671875 110.8125 102.22499847412109375 92.80625152587890625 83.8249969482421875 75.4875030517578125 73.28125 73.93125152587890625 75.59999847412109375 76.78125 80.50624847412109375 85.27500152587890625 92.40000152587890625 95.3562469482421875 92.4187469482421875 86.5500030517578125 81.7312469482421875 76.21250152587890625 72.96875 72.21250152587890625 72.1750030517578125 72.3125 72.90000152587890625 81.96875 90.6875 97.91249847412109375 108.1687469482421875 113.8249969482421875 104.59999847412109375 95.1437530517578125 85.21875 76.2312469482421875
197.962493896484375 194.375 187.475006103515625 182.318756103515625 174.681243896484375 170.2937469482421875 161.056243896484375 152.2687530517578125 141.2375030517578125 132.243743896484375 123.80625152587890625 115.2624969482421875 104.99375152587890625 95.4562530517578125 86.6125030517578125 77.8000030517578125 69.7062530517578125 63.46250152587890625 65.6999969482421875 65.81874847412109375 68.4875030517578125 72.59999847412109375 79.25 86.90000152587890625 92.850006103515625 91.9375 87.81874847412109375 82.30625152587890625 75.5625 71.08750152587890625 66.8874969482421875 65.7375030517578125 74.88124847412109375 84.84999847412109375 91.59999847412109375 102.0812530517578125 111.88124847412109375 118.88124847412109375 118.8874969482421875 111.7375030517578125 97.09375 87.7312469482421875 79.15625
188.3874969482421875 185.6999969482421875 180.837493896484375 176.756256103515625 171.9562530517578125 165.96875 158.4187469482421875 149.225006103515625 141.6374969482421875 133.681243896484375 124.15000152587890625 111.34999847412109375 101.34375 92.2375030517578125 81.66249847412109375 74.2624969482421875 66.05625152587890625 58.799999237060546875 57.09375 58.40000152587890625 64.4250030517578125 74.99375152587890625 70.90625 79.3312530517578125 85.85625457763671875 90.22499847412109375 88.3625030517578125 82.1687469482421875 77.41875457763671875 69.6875 64.5500030517578125 67.3562469482421875 78.5749969482421875 87.25 95.96250152587890625 106.16249847412109375 111.49375152587890625 112.9250030517578125 113.6125030517578125 105.9812469482421875 96.5 87.8625030517578125 79.84375
180.2375030517578125 177.756256103515625 172.931243896484375 169.375 163.931243896484375 159.131256103515625 152.725006103515625 145.4562530517578125 140.9812469482421875 134.0250091552734375 126.0812530517578125 116.875 104.00624847412109375 91.47499847412109375 81.40000152587890625 71.5812530517578125 60.487499237060546875 56.887500762939453125 56.018749237060546875 58.293750762939453125 58.47499847412109375 61.53125 69.2687530517578125 76.34375 81.2687530517578125 82.9562530517578125 82.93125152587890625 80.2375030517578125 75.15000152587890625 67.1125030517578125 64.11875152587890625 72.4187469482421875 79.65000152587890625 88.56874847412109375 98.3249969482421875 104.25624847412109375 107.96875 110.8874969482421875 109.0187530517578125 103.11875152587890625 93.4375 85.71250152587890625 79.9562530517578125
