data/historical-monthly-weather-data/wc2.1_cruts4.09_10m_prec_1999-11.asc
ncols        51
nrows        45
xllcorner    -63.500000000000
yllcorner    -7.500000000000
cellsize     0.166666666667
NODATA_value -9999
[rows 0 to 18 of 45, columns 0 to 43 of 51]
83.81874847412109375 79.1125030517578125 76.2937469482421875 75.7062530517578125 75.2687530517578125 77.3562469482421875 79.1999969482421875 81.3000030517578125 85.05625152587890625 88.61875152587890625 92.3125 95.9375 99.74375152587890625 101.9187469482421875 104.93125152587890625 107.44374847412109375 109.83750152587890625 109.8000030517578125 109.7062530517578125 109.94374847412109375 109.1125030517578125 107.99375152587890625 107.50624847412109375 106.7062530517578125 106.50624847412109375 106.83750152587890625 108.3874969482421875 110.06874847412109375 111.88124847412109375 116.75624847412109375 122.5500030517578125 129.368743896484375 137.006256103515625 145.868743896484375 154.2062530517578125 161.59375 169.2937469482421875 175.943756103515625 178.8249969482421875 181.3312530517578125 181.993743896484375 181.6750030517578125 178.993743896484375 175.850006103515625
85.28125 79.88124847412109375 77.8000030517578125 77.25624847412109375 77.65000152587890625 79.90625 81.8562469482421875 85.0437469482421875 89.4375 93.3937530517578125 97.38124847412109375 100.75 103.78125 106.41249847412109375 108.65625 111.6125030517578125 113.33750152587890625 114.1999969482421875 114.59999847412109375 115.3249969482421875 114.31874847412109375 113.0812530517578125 112.7062530517578125 113.13124847412109375 112.41249847412109375 112.5124969482421875 114.0500030517578125 115.08750152587890625 116.9250030517578125 123.0124969482421875 130.4375 138.875 146.34375 157.1125030517578125 167.225006103515625 176.0812530517578125 185.4499969482421875 193.8625030517578125 197.024993896484375 199.96875 202.0749969482421875 200.9187469482421875 198.8249969482421875 193.5187530517578125
89.21875 84.61875152587890625 83.31874847412109375 83.24375152587890625 84.5625 86.8937530517578125 90.25624847412109375 93.6999969482421875 98.77500152587890625 102.91249847412109375 106.1125030517578125 108.56874847412109375 110.96250152587890625 112.6875 114.2937469482421875 116.09999847412109375 117.84375 118.7624969482421875 118.72499847412109375 119.3000030517578125 118.9562530517578125 118.3312530517578125 118.53125 119.97499847412109375 120.5 120.90000152587890625 121.9187469482421875 122.8125 123.72499847412109375 129.306243896484375 137.493743896484375 145.618743896484375 156.0187530517578125 167.087493896484375 178.899993896484375 188.4375 198.9375 210.75 215.4375 219.993743896484375 222.6750030517578125 220.118743896484375 217.0749969482421875 211.9875030517578125
91.71250152587890625 87.6999969482421875 88.52500152587890625 89.4187469482421875 91.83124542236328125 94.6687469482421875 98.1687469482421875 102.8625030517578125 109.05625152587890625 113.8000030517578125 116.0812530517578125 117.11875152587890625 118.21875 118.91249847412109375 119.9812469482421875 121.33750152587890625 122.8874969482421875 123.0187530517578125 123.0812530517578125 124.2062530517578125 124.6999969482421875 124.6374969482421875 124.63124847412109375 126.5437469482421875 128.1875 129.568756103515625 130.2062530517578125 129.28125 130.15625 136.306243896484375 143.975006103515625 152.743743896484375 162.6875 174.7062530517578125 187.3874969482421875 200.8562469482421875 214.4187469482421875 227.568756103515625 234.3625030517578125 239.9187469482421875 241.75 240.318756103515625 234.8937530517578125 228.3937530517578125
96.81874847412109375 92.13124847412109375 90.9875030517578125 93.6687469482421875 98.18125152587890625 101.8125 105.8125 111.5187530517578125 119.21250152587890625 125.3000030517578125 125.44374847412109375 124 123.99375152587890625 124.52500152587890625 125.24375152587890625 126.6125030517578125 127.53125 127.93125152587890625 127.71250152587890625 127.72499847412109375 130.006256103515625 130.693756103515625 131.524993896484375 134.9250030517578125 136.181243896484375 137.7375030517578125 136.037506103515625 135.7062530517578125 136.7375030517578125 141.4812469482421875 148.7062530517578125 157.381256103515625 168.46875 181.8562469482421875 196.2687530517578125 211.46875 227.4562530517578125 243.53125 253.256256103515625 257.600006103515625 261.16876220703125 257.20001220703125 251.7312469482421875 244.7375030517578125
101.28749847412109375 97.58750152587890625 96.59999847412109375 96.4187469482421875 101.8312530517578125 107.72499847412109375 112.83750152587890625 118.24375152587890625 125.5437469482421875 132.1062469482421875 131.1437530517578125 129.2062530517578125 129.3000030517578125 129.5625 129.71875 130.287506103515625 131.306243896484375 131.899993896484375 132.587493896484375 132.493743896484375 135.1437530517578125 137.5500030517578125 139.337493896484375 141.8125 144.21875 145.068756103515625 143.1374969482421875 141.5437469482421875 141.568756103515625 145.462493896484375 150.881256103515625 160.537506103515625 171.25 185.28125 199.6125030517578125 216.34375 233.5500030517578125 251.25 263.506256103515625 270 269.26251220703125 265.67498779296875 260.0625 253.8312530517578125
106.90000152587890625 105.02500152587890625 104.21875 103.9875030517578125 107.2687530517578125 111.61875152587890625 116.71250152587890625 121.625 125.9499969482421875 128.5437469482421875 130.7687530517578125 131.2624969482421875 132.65625 133.381256103515625 134.09375 134.8874969482421875 135.5812530517578125 136.1999969482421875 136.193756103515625 138.0749969482421875 141.693756103515625 144.9250030517578125 147.649993896484375 149.931243896484375 152.037506103515625 153.5124969482421875 150.306243896484375 147.1125030517578125 144.53125 147.8249969482421875 153.3125 161.28125 172.568756103515625 186.8000030517578125 202.3312530517578125 218.28125 234.975006103515625 253.975006103515625 271.350006103515625 277.412506103515625 275.25 270.78125 265.5 258.931243896484375
113.78125 112.41249847412109375 112.50624847412109375 114.0625 117.2062530517578125 119.875 121.27500152587890625 121.36875152587890625 121.25624847412109375 123.33750152587890625 128.65625 132.2312469482421875 134.943756103515625 136.568756103515625 137.725006103515625 139.0500030517578125 139.6125030517578125 140.25 141.09375 142.7687530517578125 148.96875 153.9187469482421875 156.65625 158.881256103515625 161.6750030517578125 160.662506103515625 155.8937530517578125 150.837493896484375 147.75 149.09375 153.350006103515625 161.556243896484375 172.90625 186.5124969482421875 201.912506103515625 216.6875 233.9562530517578125 250.7937469482421875 263.649993896484375 270.337493896484375 270.993743896484375 267.6875 262.96875 256.399993896484375
120.33750152587890625 120.1875 121.44374847412109375 123.375 125.97499847412109375 127.6875 128.056243896484375 126.61875152587890625 122.0812530517578125 121.09999847412109375 127.65000152587890625 132.6437530517578125 136.649993896484375 139 140.7624969482421875 142.024993896484375 142.899993896484375 145.0749969482421875 148.7937469482421875 151.399993896484375 156.75 162.7624969482421875 165.493743896484375 169.131256103515625 170.1125030517578125 167.693756103515625 160.7624969482421875 154.9499969482421875 150.6374969482421875 149.1062469482421875 152.712493896484375 160.774993896484375 170.1374969482421875 181.743743896484375 194.8937530517578125 209.3125 224.537506103515625 239.0500030517578125 249.475006103515625 257.5 259.756256103515625 256.631256103515625 254.2062530517578125 249.193756103515625
127.43125152587890625 127.52500152587890625 129.256256103515625 131.725006103515625 134.756256103515625 136.8562469482421875 136.4187469482421875 134.056243896484375 130.9499969482421875 130.4875030517578125 133.34375 135.7062530517578125 139.59375 141.868743896484375 143.3937530517578125 144.8937530517578125 146.3125 150.725006103515625 155.7937469482421875 161.3625030517578125 167.9875030517578125 173.806243896484375 176.118743896484375 178.4187469482421875 177.28125 174.4562530517578125 167.4875030517578125 159.5437469482421875 153.318756103515625 149.3312530517578125 151.3874969482421875 157.912506103515625 166.3562469482421875 177.118743896484375 189.03125 202.087493896484375 216.100006103515625 227.693756103515625 237.2062530517578125 244.875 249.118743896484375 247.693756103515625 244.556243896484375 238.774993896484375
135.024993896484375 135.725006103515625 137.368743896484375 140.006256103515625 143.1374969482421875 146.6750030517578125 146.8000030517578125 143.5437469482421875 140.4187469482421875 139.225006103515625 140.818756103515625 141.818756103515625 143.59375 144.993743896484375 145.8000030517578125 146.837493896484375 148.9187469482421875 155.2624969482421875 162.649993896484375 171.28125 182.90625 188.6125030517578125 189.0625 185.912506103515625 185.0625 183.524993896484375 175.837493896484375 167.2624969482421875 158.600006103515625 152.9812469482421875 153.4875030517578125 157.8874969482421875 165.649993896484375 174.7312469482421875 184.131256103515625 194.475006103515625 205.537506103515625 216.100006103515625 227.0187530517578125 234.8625030517578125 239.006256103515625 238.8249969482421875 237.0812530517578125 232.556243896484375
141.837493896484375 142.5625 144.2624969482421875 147.649993896484375 150.975006103515625 154.6999969482421875 155.868743896484375 152.399993896484375 148.9875030517578125 147.21875 147.0625 147.28125 146.34375 146.556243896484375 147.4187469482421875 148.662506103515625 151.4562530517578125 158.681243896484375 168.2375030517578125 180.443756103515625 195.9812469482421875 203.212493896484375 202.34375 196.100006103515625 192.131256103515625 188.9250030517578125 180.3312530517578125 171.7937469482421875 164.7937469482421875 158.6875 156.2687530517578125 157.375 162.662506103515625 169.5749969482421875 178.03125 187.225006103515625 196.5 206.618743896484375 216.2062530517578125 224.5187530517578125 230.443756103515625 230.5124969482421875 229.350006103515625 225.912506103515625
148.3937530517578125 149.5749969482421875 151.431243896484375 153.9375 156.53125 159.65625 160.2375030517578125 158.15625 155.2312469482421875 153.6999969482421875 152.6374969482421875 152.0812530517578125 150.2312469482421875 146.8312530517578125 146.881256103515625 148.568756103515625 152.03125 161.5 172.53125 185.774993896484375 204.475006103515625 213.399993896484375 212.2062530517578125 206.524993896484375 199.1437530517578125 193.131256103515625 186.2437591552734375 177.568756103515625 170.5187530517578125 163.9250030517578125 159.53125 157.7937469482421875 159.868743896484375 164.399993896484375 171.09375 179.0749969482421875 187.5187530517578125 196.462493896484375 206.881256103515625 213.806243896484375 221.3125 223.2375030517578125 219.9812469482421875 208.118743896484375
154.5812530517578125 154.8625030517578125 156.5812530517578125 158.649993896484375 161.006256103515625 162.6999969482421875 163.3125 162.600006103515625 161.0124969482421875 158.993743896484375 157.2312469482421875 153.9875030517578125 151.1062469482421875 147.350006103515625 144.6750030517578125 146.399993896484375 150.6687469482421875 160.4499969482421875 171.8000030517578125 184.4375 201.78125 212.7624969482421875 215.993743896484375 211.78125 206.256256103515625 200.8874969482421875 194.337493896484375 185.6750030517578125 177.1875 168.725006103515625 162.7624969482421875 158.53125 157.850006103515625 159.662506103515625 165.34375 173.024993896484375 180.6750030517578125 190.868743896484375 199.4375 208.2375030517578125 213.3312530517578125 209.162506103515625 203.5500030517578125 200.125
158.03125 158.243743896484375 160.0500030517578125 162.131256103515625 164.1875 165.5812530517578125 166.818756103515625 166.625 164.7937469482421875 162.4875030517578125 159.993743896484375 156.1125030517578125 151.9187469482421875 147.3562469482421875 142.53125 143.4375 148.412506103515625 158.462493896484375 169.78125 181.875 198.1437530517578125 210.7375030517578125 217.681243896484375 216.7687530517578125 214.7624969482421875 211.3000030517578125 203.5437469482421875 193.8625030517578125 184.256256103515625 173.399993896484375 164.8312530517578125 158.0812530517578125 156.53125 157.1312408447265625 160.3937530517578125 167.162506103515625 176.5437469482421875 188.6062469482421875 198.625 203.774993896484375 203.587493896484375 202.274993896484375 202.4250030517578125 202.03125
160.28125 160.4187469482421875 162.8249969482421875 164.9250030517578125 167.131256103515625 168.9875030517578125 169.725006103515625 169.71875 168.743743896484375 167.2375030517578125 163.96875 159.3312530517578125 154.4375 148.2624969482421875 142.318756103515625 139.631256103515625 146.475006103515625 158.1062469482421875 169.0437469482421875 180.5187530517578125 197.431243896484375 211.7687530517578125 220.8312530517578125 222.037506103515625 222.193756103515625 222.0437469482421875 215.225006103515625 204.493743896484375 191.556243896484375 177.568756103515625 166.6125030517578125 158.4250030517578125 155.162506103515625 155.506256103515625 156.162506103515625 164.556243896484375 175.6875 183.3249969482421875 191.556243896484375 196.09375 199.8625030517578125 201.556243896484375 201.9937591552734375 197.193756103515625
162.1062469482421875 163.056243896484375 165.162506103515625 167.431243896484375 170.1999969482421875 172.087493896484375 173.7375030517578125 173.8562469482421875 173.2312469482421875 171.475006103515625 168.6999969482421875 164.006256103515625 158.3562469482421875 152.0687408447265625 146.6687469482421875 144.337493896484375 147.225006103515625 157.462493896484375 169.118743896484375 181.087493896484375 198.375 213.7937469482421875 224.4499969482421875 225.9000091552734375 228.006256103515625 231.868743896484375 228.2937469482421875 214.2937469482421875 196.631256103515625 180.587493896484375 168.5625 161.2562408447265625 156.462493896484375 155.0437469482421875 160.337493896484375 171.693756103515625 178.7062530517578125 187.40625 196.243743896484375 198.5500030517578125 202.899993896484375 204.5812530517578125 200.412506103515625 198.087493896484375
162.743743896484375 163.899993896484375 166.912506103515625 169.9749908447265625 172.71875 176.09375 178.568756103515625 179.1750030517578125 178.787506103515625 177.037506103515625 174.28125 169.7624969482421875 163.28125 157.9250030517578125 154.225006103515625 152.03125 152.9375 157.8125 170.100006103515625 182.125 200.7624969482421875 214.993743896484375 225.556243896484375 228.881256103515625 232.931243896484375 237.6437530517578125 238.787506103515625 221.1687469482421875 198.6875 178.4375 164.6437530517578125 156.84375 157.475006103515625 163.21875 170.256256103515625 174.162506103515625 182.5812530517578125 191.2937469482421875 195.2312469482421875 202.649993896484375 205.78125 205.7375030517578125 203.181243896484375 200.806243896484375
162.71875 164.868743896484375 168.3312530517578125 172.1062469482421875 175.943756103515625 179.8249969482421875 182.693756103515625 184.725006103515625 185.193756103515625 184.5500030517578125 181.5062408447265625 176.631256103515625 170.412506103515625 165.4562530517578125 161.3249969482421875 159.4499969482421875 159.787506103515625 162.3062591552734375 170.4375 182.193756103515625 203.1125030517578125 221.118743896484375 226.1750030517578125 230.1875 234.975006103515625 238.7687530517578125 235.4499969482421875 220.0437469482421875 199.35626220703125 177 160.212493896484375 156.4499969482421875 164.5749969482421875 170.149993896484375 174.1374969482421875 181.412506103515625 187.96875 194.4562530517578125 200.71875 206.34375 209.381256103515625 211.962493896484375 207.943756103515625 204.4875030517578125
