data/historical-monthly-weather-data/wc2.1_cruts4.09_10m_prec_1985-07.asc
ncols        51
nrows        45
xllcorner    -63.500000000000
yllcorner    -7.500000000000
cellsize     0.166666666667
NODATA_value -9999
[rows 0 to 18 of 45, columns 0 to 43 of 51]
270.375 258.11248779296875 249.1687469482421875 245.8000030517578125 239.243743896484375 235.34375 231.6062469482421875 226.006256103515625 226.6125030517578125 229.337493896484375 228.0625 227.2624969482421875 225.46875 227.03125 229.756256103515625 230.0124969482421875 229.7375030517578125 223.9187469482421875 219.850006103515625 218.912506103515625 219.037506103515625 213.5500030517578125 209.59375 206.243743896484375 205.287506103515625 200.587493896484375 198.34375 196.4875030517578125 192.649993896484375 194.1875 188.056243896484375 186.600006103515625 190.0812530517578125 189.59375 188.6062469482421875 185.3937530517578125 178.59375 181.225006103515625 175.0812530517578125 170.368743896484375 171.8625030517578125 173.9187469482421875 170.5 169.5187530517578125
260.38751220703125 248.225006103515625 240.1062469482421875 237.9875030517578125 234.6374969482421875 231.868743896484375 228.3562469482421875 225.1374969482421875 226.4812469482421875 227.1687469482421875 225.943756103515625 223.8249969482421875 221.993743896484375 221.493743896484375 220.618743896484375 220.243743896484375 218.5187530517578125 214.03125 211.587493896484375 209.78125 204.21875 202.96875 201.125 202.1750030517578125 196.618743896484375 193.46875 192.1125030517578125 191.131256103515625 185.993743896484375 183.4812469482421875 181.7375030517578125 185.287506103515625 186.8874969482421875 189.40625 188.8000030517578125 182.131256103515625 175.287506103515625 174.4499969482421875 167.59375 164.7937469482421875 167.6750030517578125 166.4562530517578125 164.5124969482421875 160.725006103515625
237.6750030517578125 232.9875030517578125 231.875 229.149993896484375 225.243743896484375 221.837493896484375 220.6687469482421875 222.318756103515625 224.899993896484375 225.3937530517578125 223.931243896484375 219.53125 219.125 214.1999969482421875 211.2687530517578125 208.725006103515625 207.0124969482421875 202.4250030517578125 198.693756103515625 198.350006103515625 193.875 194.118743896484375 194.4187469482421875 194.7375030517578125 192.0500030517578125 186.84375 190.631256103515625 188.4499969482421875 184.6374969482421875 183.756256103515625 182.537506103515625 179.5500030517578125 182.1374969482421875 187.53125 181.0124969482421875 172.96875 170.09375 171.100006103515625 163.4812469482421875 161.0812530517578125 162.5749969482421875 162.337493896484375 158.693756103515625 156.5500030517578125
217.9562530517578125 211.28125 215.818756103515625 219.8312530517578125 216.693756103515625 212.506256103515625 211.125 216.5437469482421875 222.7062530517578125 224.84375 219.3000030517578125 214.212493896484375 211.4875030517578125 210.1999969482421875 204.0625 198.1374969482421875 193.6374969482421875 190.0437469482421875 188.818756103515625 192.712493896484375 190.4187469482421875 186.2937469482421875 186.4375 189.149993896484375 188.6374969482421875 185.78125 185.7375030517578125 179.931243896484375 179.600006103515625 184.100006103515625 183.462493896484375 179.78125 176.9562530517578125 175.274993896484375 170.7687530517578125 171.65625 171.2375030517578125 165.0124969482421875 159.8249969482421875 156.3312530517578125 159.7937469482421875 161.5749969482421875 157.962493896484375 154.84375
221.4812469482421875 206.9499969482421875 197.9250030517578125 203.28125 208.9875030517578125 204.8937530517578125 206.5187530517578125 211.8874969482421875 216.850006103515625 217.5625 217.568756103515625 210.7312469482421875 207.15625 203.649993896484375 196.3125 189.8874969482421875 183.78125 181.65625 177.181243896484375 179.5437469482421875 180.84375 177.587493896484375 176.912506103515625 184.774993896484375 184.125 181.181243896484375 178.462493896484375 178.9375 177.6374969482421875 177.25 178.8249969482421875 178.5124969482421875 178.6750030517578125 175.40625 170.725006103515625 165.28125 164.3000030517578125 161.7937469482421875 155.381256103515625 153.774993896484375 155.725006103515625 153.4250030517578125 153.524993896484375 152.712493896484375
211.5 204.3937530517578125 198.4250030517578125 182.9187469482421875 191.712493896484375 201.9562530517578125 203.4562530517578125 206.2375030517578125 213.03125 212.8625030517578125 210.337493896484375 204.90625 201.756256103515625 193.3562469482421875 189.03125 182.8312530517578125 174.40625 169.4250030517578125 168.399993896484375 172.131256103515625 173.2062530517578125 172.649993896484375 174.8312530517578125 176.0124969482421875 178.712493896484375 177.9375 175.5625 174.8125 172.037506103515625 171.943756103515625 173.381256103515625 177.3249969482421875 175.0187530517578125 175.0187530517578125 168.8625030517578125 165.212493896484375 157.274993896484375 154.8937530517578125 153.9499969482421875 154.943756103515625 150.725006103515625 150.9875030517578125 148.899993896484375 146.1750030517578125
204.75 199.556243896484375 195.462493896484375 189.5812530517578125 185.475006103515625 183.2937469482421875 190.84375 198.1062469482421875 200.7687530517578125 202.975006103515625 203.1437530517578125 194.46875 193.4875030517578125 187.256256103515625 179.875 175.4187469482421875 170.03125 161.9499969482421875 156.868743896484375 163.931243896484375 165.024993896484375 164.618743896484375 165.524993896484375 170.1999969482421875 172.225006103515625 174.90625 176.412506103515625 170.537506103515625 165.5749969482421875 170.1437530517578125 170.4812469482421875 168.9562530517578125 166.8874969482421875 169.59375 168.787506103515625 162.568756103515625 154.1062469482421875 149.524993896484375 150.024993896484375 152.09375 147.25 144.181243896484375 143.8000030517578125 140.756256103515625
201.412506103515625 194.068756103515625 192.5 190.8874969482421875 190.2312469482421875 194.975006103515625 191.0124969482421875 181.6999969482421875 180.6125030517578125 183.7062530517578125 185.7312469482421875 183.6437530517578125 181.962493896484375 175.9812469482421875 171.912506103515625 167.3874969482421875 160.931243896484375 154.7624969482421875 151.0437469482421875 150.59375 157.4187469482421875 160.875 161.03125 165.243743896484375 170.2624969482421875 168.5749969482421875 169.2687530517578125 162.34375 161.837493896484375 161.943756103515625 167.256256103515625 166.1875 165.837493896484375 164.5250091552734375 161.7375030517578125 153.506256103515625 146.318756103515625 142.3625030517578125 139.431243896484375 137.475006103515625 134.8000030517578125 134.431243896484375 133.4187469482421875 129.8125
197.631256103515625 192.0500030517578125 189.287506103515625 190.8562469482421875 192.78125 193.1937408447265625 191.4875030517578125 187.9375 181.0124969482421875 173.4499969482421875 171.875 167.25 171.475006103515625 166.0124969482421875 162.181243896484375 157.8937530517578125 154.96875 153.6687469482421875 155.5749969482421875 149.087493896484375 149.6062469482421875 157.4812469482421875 158.649993896484375 165.2312469482421875 169.056243896484375 163.5500030517578125 160.0187530517578125 161.493743896484375 161.8249969482421875 160.587493896484375 166.506256103515625 161.462493896484375 154.4875030517578125 150.75 149.8312530517578125 148.725006103515625 145.53125 143.212493896484375 137.475006103515625 132.09375 127.9187469482421875 126.15625 125.8125 121.13124847412109375
191.181243896484375 188.1750030517578125 188.068756103515625 190.037506103515625 192.068756103515625 195.2624969482421875 193.274993896484375 190.100006103515625 185.431243896484375 181.443756103515625 173.40625 162.0500030517578125 162.25 159.0749969482421875 156.4250030517578125 154.4250030517578125 149.34375 152.725006103515625 155.7312469482421875 154.5687408447265625 154.3625030517578125 153.024993896484375 151.6125030517578125 158.15625 160.493743896484375 161.587493896484375 157.9187469482421875 157.7062530517578125 155.5187530517578125 155.306243896484375 158.131256103515625 153.181243896484375 149.787506103515625 145.6750030517578125 142.649993896484375 142.875 141.3874969482421875 139.8000030517578125 134.625 132.443756103515625 130.287506103515625 126.0812530517578125 120.41249847412109375 112.97499847412109375
188.587493896484375 186.962493896484375 186.306243896484375 189.7312469482421875 191.256256103515625 194.5124969482421875 193.9250030517578125 186.6437530517578125 178.375 174.493743896484375 170.9250030517578125 162.8249969482421875 152.975006103515625 151.6125030517578125 146.6750030517578125 144.462493896484375 144.4562530517578125 148.34375 151.6125030517578125 157.618743896484375 162.556243896484375 159.431243896484375 151.9875030517578125 146.037506103515625 155.5 165.493743896484375 162.774993896484375 158.818756103515625 150.8937530517578125 150.274993896484375 150.5625 149.9562530517578125 147.9375 142.693756103515625 141.693756103515625 139.9562530517578125 138.649993896484375 133.65625 134.787506103515625 130.693756103515625 125.0500030517578125 119.83750152587890625 117.1750030517578125 107.0500030517578125
185.3312530517578125 182.3249969482421875 182.5749969482421875 186.693756103515625 189.662506103515625 192.8937530517578125 193.8562469482421875 187.15625 176.1687469482421875 166.90625 161.5 158.149993896484375 146.3312530517578125 141.9499969482421875 142.806243896484375 138.3562469482421875 138.4250030517578125 142.34375 146.6125030517578125 155.125 165.78125 165.743743896484375 163.8249969482421875 154.6750030517578125 154.3249969482421875 151.193756103515625 149.462493896484375 149.556243896484375 145.399993896484375 143.6062469482421875 139.8562469482421875 139.1999969482421875 139.2937469482421875 137.75 138.9187469482421875 139.337493896484375 136.0187530517578125 135.4187469482421875 128.306243896484375 124.3874969482421875 118.05625152587890625 115.4812469482421875 107.8312530517578125 96.71250152587890625
176.4562530517578125 176.71875 179.131256103515625 180.7624969482421875 181.850006103515625 185.212493896484375 183.9375 176.225006103515625 166.625 161.3312530517578125 157.4375 151.1875 146.2062530517578125 132.9187469482421875 129.4499969482421875 131.4375 131.75 137.024993896484375 141.9562530517578125 147.756256103515625 155.5500030517578125 157.024993896484375 159.1437530517578125 153.34375 145.0500030517578125 142.0812530517578125 142.09375 143.0437469482421875 140.2687530517578125 136.975006103515625 132.8562469482421875 128.1750030517578125 130.975006103515625 131.1062469482421875 131.9937591552734375 133.71875 135.65625 138.1875 136.4812469482421875 126.15000152587890625 114.8000030517578125 109.15625 98.15000152587890625 90.4187469482421875
169.399993896484375 169.443756103515625 172.15625 172.881256103515625 172.806243896484375 173.2062530517578125 171.037506103515625 165.125 161.181243896484375 153.681243896484375 149.125 144.625 136.975006103515625 127.97499847412109375 117.03749847412109375 121.4562530517578125 121.0124969482421875 127.24375152587890625 130.6875 137.09375 143.162506103515625 148.03125 151.225006103515625 148.5625 141.3562469482421875 136.6750030517578125 134.274993896484375 131.1437530517578125 128.40625 125.84999847412109375 127.13124847412109375 124.68125152587890625 123.22499847412109375 123.5437469482421875 125.36875152587890625 131.912506103515625 139.4812469482421875 146.6999969482421875 147.3937530517578125 135.21875 112.6999969482421875 100.19374847412109375 97.84375 102.5625
164.1687469482421875 162.0500030517578125 162.818756103515625 164.475006103515625 162.6062469482421875 161.25 162.6125030517578125 157.0187530517578125 151.53125 144.8000030517578125 140.087493896484375 134.3937530517578125 129.21875 123.09999847412109375 108.7937469482421875 109.03749847412109375 109.74375152587890625 114.6875 118.84375 125.80625152587890625 134.3249969482421875 139 142.875 144.6374969482421875 142.524993896484375 139.8000030517578125 136.4562530517578125 130.962493896484375 128.9187469482421875 127.5187530517578125 122.34999847412109375 121.27500152587890625 124.71250152587890625 122.8937530517578125 118.7937469482421875 123.6125030517578125 138.75 154.21875 157.125 143.8874969482421875 127.9250030517578125 117.03749847412109375 119.8312530517578125 114.3937530517578125
155.25 153.618743896484375 154.943756103515625 154.46875 153.625 155.09375 151.350006103515625 146.631256103515625 142.2687530517578125 138.587493896484375 132.524993896484375 127.7624969482421875 123.4187469482421875 117.72499847412109375 106.8249969482421875 93.34999847412109375 96.66249847412109375 103.28125 106.68125152587890625 113.9250030517578125 121.18125152587890625 129.243743896484375 135.9187469482421875 144.6374969482421875 145.40625 142.1374969482421875 135.71875 127.25624847412109375 125.59375 124.78749847412109375 127.2375030517578125 120.96250152587890625 117.6875 114.4499969482421875 112.2624969482421875 127.91249847412109375 140.7375030517578125 154.46875 162.537506103515625 161.693756103515625 152.787506103515625 141.25 132.15625 119.9375
146.8249969482421875 145.537506103515625 147.462493896484375 148.4875030517578125 148.6999969482421875 145.962493896484375 144.3937530517578125 140.25 136.3562469482421875 132.8625030517578125 127.89374542236328125 121.9375 116.18125152587890625 112.625 109.27500152587890625 99.96250152587890625 90.4375 91.6875 99.9187469482421875 106.05625152587890625 112.53125 121.25624847412109375 132.3937530517578125 144.6374969482421875 150.3937530517578125 138.118743896484375 126.69374847412109375 119.5500030517578125 120.7062530517578125 123.5812530517578125 126.5500030517578125 128.006256103515625 123.9562530517578125 121.7062530517578125 132.25 141.1875 157.6062469482421875 178.25 191.587493896484375 176.818756103515625 163.725006103515625 147.5187530517578125 130.837493896484375 120.91249847412109375
138.625 139.318756103515625 139.78125 142.225006103515625 142.3312530517578125 138.2687530517578125 135.743743896484375 133.2937469482421875 129.7687530517578125 123.1374969482421875 118.96250152587890625 116.6125030517578125 111.8125 108.5 107.65625 103.77500152587890625 95.83750152587890625 85.43125152587890625 94.9187469482421875 99.7375030517578125 105.61875152587890625 113.2062530517578125 127.8625030517578125 138.375 142.40625 130.5 118.84999847412109375 114.7937469482421875 117.36249542236328125 117.50624847412109375 114.41249847412109375 114.40625 131.7062530517578125 138.9562530517578125 139.28125 154.787506103515625 175.399993896484375 188.024993896484375 193.0124969482421875 181.4375 159.03125 143.09375 127.5500030517578125 117.9375
131 131.568756103515625 130.8249969482421875 132.118743896484375 134.0625 131.9187469482421875 127.96250152587890625 126.90000152587890625 124.68125152587890625 119.0749969482421875 114.8312530517578125 109.88124847412109375 106.78125 105.7375030517578125 101.66249847412109375 100.9375 97.4250030517578125 90.4812469482421875 86.52500152587890625 89.2312469482421875 99.2375030517578125 114.3000030517578125 108.6750030517578125 120.3937530517578125 125.6750030517578125 124.67499542236328125 118.03749847412109375 112.18125152587890625 115.1875 116.97499847412109375 116.44374847412109375 119.0124969482421875 131.7624969482421875 135.8125 140.693756103515625 153.2937469482421875 163.5 170.962493896484375 175.9250030517578125 162.5187530517578125 149.0812530517578125 132.90625 121.4499969482421875 112.83750152587890625
