data/historical-monthly-weather-data/wc2.1_cruts4.09_10m_prec_1957-09.asc
ncols        51
nrows        45
xllcorner    -63.500000000000
yllcorner    -7.500000000000
cellsize     0.166666666667
NODATA_value -9999
[rows 0 to 18 of 45, columns 0 to 43 of 51]
115.02500152587890625 109.7312469482421875 107.55625152587890625 107.65625 106.34999847412109375 104.91249847412109375 100.96875 96.2062530517578125 93.4375 91.1374969482421875 90.3562469482421875 91.49375152587890625 92.8125 93.1750030517578125 95.24375152587890625 96.8125 99.2624969482421875 99.8249969482421875 101.1374969482421875 101.25624847412109375 100.09999847412109375 97.1374969482421875 94.97499847412109375 92.7312469482421875 90.11875152587890625 89.05625152587890625 89.34999847412109375 89.69374847412109375 88.3874969482421875 85.05625152587890625 80.68125152587890625 77.25624847412109375 75.0187530517578125 71.4562530517578125 68.6062469482421875 66.49375152587890625 65.19374847412109375 63.793750762939453125 62.450000762939453125 61.36875152587890625 60.606250762939453125 60.65625 60.206249237060546875 59.887500762939453125
110.44374847412109375 105.0812530517578125 104.8000030517578125 106.625 108.77500152587890625 104.86875152587890625 99.71250152587890625 96.6374969482421875 93.6750030517578125 90.86875152587890625 89.3937530517578125 89.68125152587890625 90.31874847412109375 89.84375 91.47499847412109375 93.6125030517578125 95.1750030517578125 97.25624847412109375 99.40625 100.77500152587890625 98.96250152587890625 97.31874847412109375 94.8874969482421875 92.81874847412109375 89.16249847412109375 87.3125 87.7312469482421875 88.0625 85.84375 81.63124847412109375 76.81874847412109375 73.22499847412109375 70.0749969482421875 67.41249847412109375 64.59999847412109375 62.25 60.606250762939453125 59.16249847412109375 57.612499237060546875 56.362499237060546875 55.5625 55.6875 55.78749847412109375 55.03125
104.69374847412109375 101.375 101.1374969482421875 102.9812469482421875 104.31874847412109375 102.09999847412109375 97.9250030517578125 94.53125 92.09999847412109375 89.59375 87.8874969482421875 87.69374847412109375 87.93125152587890625 87.0437469482421875 88.0812530517578125 90.3562469482421875 91.55625152587890625 93.05625152587890625 94.44374847412109375 95.34375 93.1999969482421875 90.71250152587890625 88.49375152587890625 86.4562530517578125 83.15625 80.68125152587890625 82.2062530517578125 82.1125030517578125 80.46875 76.09375 71.02500152587890625 67.2937469482421875 65.0437469482421875 62.299999237060546875 59.606250762939453125 57.11875152587890625 55.4375 54.16249847412109375 53.08750152587890625 52.30625152587890625 51.80625152587890625 51.731250762939453125 52.18125152587890625 51.825000762939453125
97.16249847412109375 95.02500152587890625 97.56874847412109375 97.78125 97.96250152587890625 96.43125152587890625 94.09375 92.6875 90.97499847412109375 88.9562530517578125 86.63124847412109375 86.00624847412109375 84.6875 84.09999847412109375 85.1125030517578125 86.90625 88.34999847412109375 88.99375152587890625 90.16249847412109375 90.71875 87.94374847412109375 83.96250152587890625 80.53749847412109375 78.46250152587890625 75.09999847412109375 73.1062469482421875 74.09999847412109375 73.47499847412109375 72.84375 69.28125 65.15625 61.0625 58.299999237060546875 55.643749237060546875 52.737499237060546875 51.59999847412109375 50.5 49.262500762939453125 48.72499847412109375 47.918750762939453125 47.331249237060546875 47.325000762939453125 47.69374847412109375 47.8125
99.68125152587890625 94.96250152587890625 91.93125152587890625 91.40625 92.8249969482421875 92.21875 90.46250152587890625 89.69374847412109375 89.1437530517578125 87.3625030517578125 84.97499847412109375 83.0812530517578125 82.09999847412109375 82.11875152587890625 83.15000152587890625 84.5500030517578125 85.4499969482421875 85.02500152587890625 84.9499969482421875 84.00624847412109375 81.51250457763671875 76.21250152587890625 72.80625152587890625 70.6062469482421875 67.50624847412109375 65.50624847412109375 65.50624847412109375 65.98749542236328125 65.6125030517578125 61.99375152587890625 58.46250152587890625 54.36875152587890625 51.487499237060546875 49.237499237060546875 47.00624847412109375 45.700000762939453125 44.737499237060546875 44.143749237060546875 44.012500762939453125 43.59999847412109375 43.19374847412109375 43.09999847412109375 43.18125152587890625 43.65625
101.80625152587890625 96.7062530517578125 91.91249847412109375 86.75624847412109375 88.25 90.61875152587890625 89.99375152587890625 88.375 87.61875152587890625 86.6374969482421875 83.9375 81.9499969482421875 81.13124847412109375 81.2375030517578125 81.5 82.8625030517578125 83.24375152587890625 81.25624847412109375 79.6999969482421875 78.0812530517578125 74.16249847412109375 69.5 65.75 62.97499847412109375 60.63124847412109375 58.46250152587890625 58.46250152587890625 59.31874847412109375 58.918750762939453125 55.56874847412109375 52.375 50.16249847412109375 47.61875152587890625 45.40000152587890625 43.293750762939453125 42.81874847412109375 42.24375152587890625 42.3125 42.71250152587890625 42.4375 41.0625 40.918750762939453125 40.950000762939453125 41.58750152587890625
105.4499969482421875 100.66249847412109375 95.4812469482421875 90.0749969482421875 88.30625152587890625 87.4812469482421875 87.49375152587890625 86.6999969482421875 85.11875152587890625 83.1374969482421875 81.3874969482421875 80.375 80.19374847412109375 80.0124969482421875 80.2312469482421875 81.03749847412109375 81.08750152587890625 78.52500152587890625 75.1750030517578125 71.6374969482421875 67.10625457763671875 62.606250762939453125 58.206249237060546875 55.512500762939453125 53.65000152587890625 51.96250152587890625 52.206249237060546875 53 52.456249237060546875 49.46875 47 44.706249237060546875 42.97499847412109375 41.52500152587890625 40.049999237060546875 39.4375 39.38124847412109375 40.268749237060546875 41.612499237060546875 40.681247711181640625 39.25 38.625 38.58750152587890625 39.325000762939453125
109.55625152587890625 104.65625 99.4375 95.7062530517578125 93.5749969482421875 92.4250030517578125 89.16249847412109375 84.0812530517578125 80.6437530517578125 79.15625 78.83750152587890625 78.78749847412109375 79.08750152587890625 78.8874969482421875 79.28125 78.6999969482421875 78.06874847412109375 74.83750152587890625 70.4875030517578125 64.8125 60.41249847412109375 55.793750762939453125 51.5625 48.762500762939453125 46.83750152587890625 45.34999847412109375 45.518749237060546875 46.00624847412109375 46.13124847412109375 43.768749237060546875 41.81874847412109375 39.97499847412109375 38.63124847412109375 37.78125 36.38124847412109375 35.987499237060546875 36.09375 36.75 37.268749237060546875 36.80625152587890625 35.668750762939453125 34.987499237060546875 34.956249237060546875 35.299999237060546875
114.02500152587890625 109.6999969482421875 105.3125 101.43125152587890625 98.86875152587890625 96.4250030517578125 92.8562469482421875 87.6062469482421875 82.625 78.84375 78.41249847412109375 78.5500030517578125 79.81874847412109375 79.31874847412109375 78.1437530517578125 76.1687469482421875 74.0812530517578125 70.34999847412109375 66.1875 60.30625152587890625 55.15625 50.918750762939453125 46.0625 44.03125 41.862499237060546875 40.09999847412109375 40.456249237060546875 41.418750762939453125 42.168750762939453125 40.4375 39.40000152587890625 37.31874847412109375 35.63124847412109375 34.22499847412109375 33.24375152587890625 33.53125 33.90625 34.200000762939453125 34.09999847412109375 33.65000152587890625 32.68125152587890625 31.918750762939453125 31.806249618530273438 32.0625
117.2687530517578125 113.46250152587890625 109.56874847412109375 105.83750152587890625 103.8000030517578125 101.25 97.3937530517578125 91.6437530517578125 87.08750152587890625 83.5812530517578125 81.36875152587890625 80.30625152587890625 80.78125 80.61875152587890625 77.06874847412109375 73.75 69.47499847412109375 65.2624969482421875 60.987499237060546875 56.03125 51.043750762939453125 46.03749847412109375 41.18125152587890625 38.893749237060546875 36.518749237060546875 34.96875 35.674999237060546875 36.825000762939453125 37.83750152587890625 37.21250152587890625 36.03125 34.4375 32.875 31.912500381469726562 31.09375 31.199998855590820312 31.643749237060546875 31.774999618530273438 31.181249618530273438 30.606250762939453125 29.71875 29.106250762939453125 28.100000381469726562 28.012500762939453125
122.18125152587890625 118.34375 114.5625 110.72499847412109375 108.23749542236328125 106.43125152587890625 102.59375 95.4375 90.21250152587890625 86.7375030517578125 84.5500030517578125 83.58750152587890625 82.3625030517578125 80.6875 75.3000030517578125 69.97499847412109375 64.15000152587890625 59.762500762939453125 55.487499237060546875 51.19374847412109375 47.25624847412109375 42.356250762939453125 37.331249237060546875 33.63124847412109375 31.862499237060546875 31.375 32.356250762939453125 33.231250762939453125 33.91249847412109375 33.72499847412109375 33.206249237060546875 32.13124847412109375 30.84375 29.75 28.993749618530273438 28.950000762939453125 29.162500381469726562 29.112499237060546875 28.743749618530273438 27.731248855590820312 26.46875 25.612499237060546875 25.125 24.381250381469726562
125.31874847412109375 121.47499847412109375 117.7937469482421875 114.83750152587890625 112.2062530517578125 110.1437530517578125 107.06874847412109375 100.18125152587890625 94.13124847412109375 89.7375030517578125 87.3000030517578125 85.40625 81.53749847412109375 77.65625 72.8562469482421875 66.9562530517578125 61.331249237060546875 56.36875152587890625 52.22499847412109375 48.856250762939453125 45.543750762939453125 40.5 35.15000152587890625 31.287500381469726562 29.274999618530273438 28.4375 29.40625 30.524999618530273438 31.149999618530273438 31.306249618530273438 31.03125 30.337499618530273438 29.21875 28.5 28.181249618530273438 28.075000762939453125 28.056249618530273438 27.943750381469726562 26.6875 25.087499618530273438 23.5625 22.481250762939453125 21.981250762939453125 21.193750381469726562
127.4812469482421875 123.5500030517578125 119.5500030517578125 115.6687469482421875 112.40625 110.125 106.3874969482421875 100.375 95.90625 92.16249847412109375 88.84375 85.69374847412109375 80.91249847412109375 74.03749847412109375 68.1687469482421875 63.16249847412109375 57.78749847412109375 53.22499847412109375 49.34999847412109375 45.90625 42.799999237060546875 38.19374847412109375 32.918750762939453125 29.512500762939453125 26.793750762939453125 25.725000381469726562 27.112499237060546875 28.549999237060546875 29.53125 29.6875 29.256250381469726562 28.668750762939453125 27.84375 26.887500762939453125 26.53125 26.825000762939453125 27.481250762939453125 27.649999618530273438 26.625 23.9375 21.350000381469726562 20.5625 19.737499237060546875 17.4375
128.5187530517578125 124.1437530517578125 119.24375152587890625 114.9812469482421875 111.7062530517578125 108.25 104.19374847412109375 99.8125 95.88124847412109375 92.88124847412109375 88.86875152587890625 83.06874847412109375 77.21250152587890625 70.20000457763671875 63.11875152587890625 58.75624847412109375 53.856250762939453125 49.38124847412109375 45.3125 42.03749847412109375 38.77500152587890625 34.293750762939453125 29.893751144409179688 27.737499237060546875 25.65625 24.356250762939453125 25.631250381469726562 26.912500381469726562 27.75 28.087499618530273438 28.306249618530273438 27.649999618530273438 26.606250762939453125 25.662500381469726562 25.431249618530273438 26.40625 27.8125 29.1875 28.537500381469726562 26.243749618530273438 21.768749237060546875 19.131250381469726562 18.237499237060546875 17.337499618530273438
127.78749847412109375 122.49375152587890625 117.30625152587890625 113.0187530517578125 109.70000457763671875 104.71875 101.5625 97.19374847412109375 93.3937530517578125 91.0124969482421875 86.38124847412109375 79.9562530517578125 73.31874847412109375 66.3125 59.018749237060546875 53.981250762939453125 49.893749237060546875 46.21250152587890625 42.19374847412109375 39.143749237060546875 36.02500152587890625 32.21250152587890625 28.543750762939453125 27.431249618530273438 26.549999237060546875 25.693750381469726562 26.700000762939453125 27.40625 27.799999237060546875 28.174999237060546875 27.649999618530273438 26.96875 26.193750381469726562 25.137500762939453125 24.293750762939453125 26.056249618530273438 29.350000381469726562 33.200000762939453125 34.787502288818359375 32.61875152587890625 28.774999618530273438 24.637500762939453125 22.262500762939453125 20.03125
125.59999847412109375 119.8125 115.21875 110.7062530517578125 106.2375030517578125 102.5500030517578125 98.7937469482421875 94.4499969482421875 91.3000030517578125 88.96250152587890625 84.2062530517578125 76.88124847412109375 69.6374969482421875 62.762500762939453125 55.97499847412109375 49.88124847412109375 46 43.18125152587890625 39.618747711181640625 36.887500762939453125 33.674999237060546875 30.581249237060546875 27.893749237060546875 27.850000381469726562 27.700000762939453125 26.943750381469726562 27.643749237060546875 28.356250762939453125 28.768749237060546875 28.787500381469726562 28.856250762939453125 27.762500762939453125 26.381250381469726562 25.475000381469726562 24.181249618530273438 27.325000762939453125 32.55625152587890625 37.387500762939453125 41.65625 41.5625 39.299999237060546875 32.69374847412109375 26.84375 22.362499237060546875
121.71250152587890625 116.4875030517578125 112.5187530517578125 108.2312469482421875 103.6125030517578125 100.25 96.5187530517578125 92.7624969482421875 89.5812530517578125 86.5 82.2687530517578125 74.59999847412109375 66.5 59.31874847412109375 53.768749237060546875 48.356250762939453125 42.981250762939453125 40.043750762939453125 37.5 34.887500762939453125 31.693750381469726562 28.9375 27.087499618530273438 28.287500381469726562 29.024999618530273438 28.024999618530273438 28.712499618530273438 29.462499618530273438 29.962499618530273438 30.293750762939453125 30.950000762939453125 31.15625 29.350000381469726562 27.993749618530273438 28.868749618530273438 31.71875 36.53749847412109375 44.487499237060546875 53.06874847412109375 51.16249847412109375 46.30625152587890625 37.80625152587890625 29.693750381469726562 24.699998855590820312
117.77500152587890625 112.97499847412109375 108.18125152587890625 104 100.3249969482421875 97.125 93.08750152587890625 89.0124969482421875 86.4499969482421875 83.03749847412109375 78.8874969482421875 71.69374847412109375 64 57.200000762939453125 51.84999847412109375 47.081249237060546875 42.1875 37.59999847412109375 35.88124847412109375 33.33750152587890625 30.487499237060546875 27.581249237060546875 25.975000381469726562 27.912500381469726562 29.462499618530273438 29.106250762939453125 30.356250762939453125 31.293750762939453125 31.643749237060546875 31.587499618530273438 31.956249237060546875 32.19374847412109375 33.80625152587890625 35.231250762939453125 34.90000152587890625 35.61875152587890625 41.706249237060546875 49.03749847412109375 53.74375152587890625 52.58750152587890625 45.918750762939453125 37.88124847412109375 30.899999618530273438 27.056249618530273438
113.53125 108.4250030517578125 103.5625 100.0124969482421875 96.15625 93.2062530517578125 89.3312530517578125 86.1999969482421875 83.50624847412109375 80.27500152587890625 76.1875 69.08124542236328125 61.65000152587890625 55.40000152587890625 50.012500762939453125 46.012500762939453125 41.83750152587890625 37.11875152587890625 34.16249847412109375 31.868749618530273438 29.681249618530273438 28.299999237060546875 24.524999618530273438 26.524999618530273438 28.806249618530273438 30.362499237060546875 32.424999237060546875 33.41249847412109375 34.65625 34.262500762939453125 34.043750762939453125 36.83750152587890625 41.55625152587890625 43.325000762939453125 43.893749237060546875 44.75624847412109375 47.49375152587890625 50.31874847412109375 51.518749237060546875 48.93125152587890625 43.325000762939453125 36.96250152587890625 31.693750381469726562 28.75
