data/historical-monthly-weather-data/wc2.1_cruts4.09_10m_prec_1986-03.asc
ncols        51
nrows        45
xllcorner    -63.500000000000
yllcorner    -7.500000000000
cellsize     0.166666666667
NODATA_value -9999
[rows 0 to 19 of 45, columns 0 to 44 of 51]
184.443756103515625 180.6999969482421875 178.7312469482421875 182.350006103515625 184.21875 186.662506103515625 185.850006103515625 184.493743896484375 182.587493896484375 183.850006103515625 188.631256103515625 193.649993896484375 198.8249969482421875 201.28125 204.03125 206.568756103515625 211.5749969482421875 212.40625 216.0625 219.3312530517578125 223.7937469482421875 227.193756103515625 231.068756103515625 230.568756103515625 231.881256103515625 232.71875 231.7375030517578125 233.5 233.818756103515625 229.818756103515625 229.0124969482421875 225.649993896484375 224.412506103515625 224.9499969482421875 224.9875030517578125 227.662506103515625 229.6999969482421875 232.4499969482421875 238.193756103515625 243.193756103515625 248.631256103515625 254.6125030517578125 259.4375 265.287506103515625 268.71875
192.7375030517578125 188.4562530517578125 190.2312469482421875 193.743743896484375 196.7062530517578125 198.149993896484375 196.78125 196.1750030517578125 197.0187530517578125 198.6875 202.6062469482421875 206.03125 209.568756103515625 211.7624969482421875 213.6875 216.15625 219.9749908447265625 222.21875 224.3562469482421875 226.8312530517578125 230.09375 233.09375 236.9499969482421875 238.274993896484375 239.993743896484375 241.9250030517578125 241.5124969482421875 244.1125030517578125 244.4812469482421875 241.6062469482421875 239.9187469482421875 239.431243896484375 239.1750030517578125 243.09375 243.899993896484375 248.4812469482421875 253.100006103515625 257 263.14373779296875 268.118743896484375 274.48748779296875 280.04376220703125 284.350006103515625 289.28125 292.8125
202.78125 199.875 202.40625 205.743743896484375 207.4250030517578125 208.118743896484375 208.899993896484375 210.118743896484375 211.5124969482421875 213.850006103515625 214.931243896484375 216.1062469482421875 218.524993896484375 220.1374969482421875 221.75 224.9875030517578125 228.3562469482421875 231.162506103515625 232.975006103515625 235.256256103515625 238.6062469482421875 242.03125 244.4250030517578125 246.5625 248.868743896484375 249.6062469482421875 250.3937530517578125 253.4250030517578125 253.743743896484375 251.256256103515625 251.2624969482421875 251.59375 253.21875 255.6999969482421875 259.90625 263.33123779296875 269.01251220703125 275.368743896484375 281.524993896484375 287.95623779296875 294.381256103515625 299.15625 302.89373779296875 306.4375 310.912506103515625
211.4812469482421875 210.8874969482421875 215.53125 217.78125 218.8000030517578125 218.3562469482421875 219.475006103515625 221.7624969482421875 225.193756103515625 227.412506103515625 226.631256103515625 225 224.65625 225.0625 227.2312469482421875 230.412506103515625 235.368743896484375 239.2375030517578125 242.0187530517578125 244.274993896484375 248.3312530517578125 250.46875 251.0124969482421875 252.912506103515625 255.118743896484375 255.993743896484375 257.712493896484375 259.34375 260.54376220703125 260.212493896484375 259.86248779296875 262.89373779296875 264.931243896484375 267.806243896484375 272.087493896484375 278.193756103515625 285.243743896484375 292.75 300.89373779296875 307.29998779296875 312.381256103515625 317.54998779296875 321.125 323.36248779296875 327.431243896484375
226.5625 224.850006103515625 225.912506103515625 228.34375 228.8312530517578125 227.8312530517578125 227.3249969482421875 229.7375030517578125 235.21875 239.1374969482421875 236.0187530517578125 231.1875 229.524993896484375 230.6875 232.1750030517578125 236.3562469482421875 241.193756103515625 246.5500030517578125 248.899993896484375 250.618743896484375 254.837493896484375 255.9187469482421875 257.29998779296875 259.631256103515625 261.368743896484375 262.600006103515625 263.28125 265.35626220703125 269.64373779296875 268.493743896484375 270.42498779296875 272.60626220703125 277.45623779296875 282.100006103515625 287.20001220703125 294.793731689453125 302.6875 310.725006103515625 320.23126220703125 326.42498779296875 332.89373779296875 336.11248779296875 338.5625 341.20623779296875 343.32501220703125
239.9250030517578125 238.9562530517578125 241.0500030517578125 240.3249969482421875 237.1875 235.96875 234.899993896484375 235.881256103515625 241.3874969482421875 246.399993896484375 240.5812530517578125 235.274993896484375 234.8125 235.181243896484375 237.5 241.625 246.725006103515625 251.51251220703125 254.725006103515625 256.006256103515625 259.5625 262.10626220703125 264.35626220703125 266.39373779296875 268.46875 271.20001220703125 272.368743896484375 273.57501220703125 276.131256103515625 277.21875 279.100006103515625 282.850006103515625 287.4375 296.23748779296875 304.66876220703125 312.95623779296875 323.96875 333.668731689453125 343.881256103515625 351.95623779296875 356.45001220703125 359.41876220703125 361.11248779296875 362.412506103515625 362.774993896484375
251.693756103515625 250.306243896484375 251.09375 247.881256103515625 242.2687530517578125 239.193756103515625 236.850006103515625 234.4375 234.475006103515625 234.8125 234.712493896484375 234.0812530517578125 235.568756103515625 237.4250030517578125 240.6999969482421875 244.912506103515625 249.9187469482421875 253.274993896484375 255.71875 259.48126220703125 262.83123779296875 267.08123779296875 269.875 272.83123779296875 276.068756103515625 278.649993896484375 280.225006103515625 281.068756103515625 281.73748779296875 282.46875 287.743743896484375 292.225006103515625 298.631256103515625 307.36248779296875 318.243743896484375 329.837493896484375 341.70001220703125 353.61248779296875 367.943756103515625 374.881256103515625 376.125 378.881256103515625 379.89373779296875 380.662506103515625 382.587493896484375
259.91876220703125 257.84375 256.118743896484375 252.625 247.7312469482421875 243.21875 236.5 227.8562469482421875 221.2375030517578125 220.8000030517578125 225.9250030517578125 230.4250030517578125 235.3625030517578125 239.412506103515625 243.100006103515625 247.53125 250.8125 252.84375 255.587493896484375 259.743743896484375 265.15625 270.63751220703125 275.13751220703125 278.48126220703125 283.91876220703125 285.98126220703125 286.20001220703125 286.63751220703125 286.03125 287.337493896484375 291.875 300.024993896484375 307.256256103515625 317.48748779296875 329.837493896484375 342.743743896484375 356.537506103515625 369.875 383.631256103515625 390.17498779296875 392.524993896484375 394.662506103515625 395.26251220703125 395.212493896484375 395.26873779296875
266.25 263.33123779296875 261.70001220703125 258.26873779296875 252.7062530517578125 247.15625 239.118743896484375 228.21875 216.1875 212.8125 221.96875 230.0437469482421875 237.743743896484375 242.006256103515625 246.118743896484375 250.5625 253.4499969482421875 255.34375 259.362518310546875 263.54376220703125 267.33123779296875 274.67498779296875 280.01873779296875 288.162506103515625 293.806243896484375 294.76873779296875 291.962493896484375 289.88751220703125 289.806243896484375 289.899993896484375 294.556243896484375 302.4625244140625 310.506256103515625 320.75 332.65625 347.60626220703125 364.5625 379.01251220703125 393.04998779296875 400.225006103515625 403.71875 405.34375 406.20001220703125 405.45623779296875 401.58123779296875
272.375 268.70001220703125 266.337493896484375 262.756256103515625 258.006256103515625 252.5749969482421875 245.287506103515625 235.462493896484375 226.412506103515625 223.681243896484375 228.6687469482421875 234.03125 241.287506103515625 246.287506103515625 249.806243896484375 253.787506103515625 256.931243896484375 258.73126220703125 261.90625 265.806243896484375 270.087493896484375 278.318756103515625 287.118743896484375 298.41876220703125 302.5 302.79376220703125 298.92498779296875 294.95623779296875 292.26251220703125 290.756256103515625 293.818756103515625 302.768768310546875 312.537506103515625 324.412506103515625 336.662506103515625 351.975006103515625 369.306243896484375 386.01873779296875 401.20001220703125 410.96875 416.59375 418.625 416.32501220703125 410.056243896484375 405.86248779296875
278.09375 274.274993896484375 270.95623779296875 267.66876220703125 264.037506103515625 259.88751220703125 253.712493896484375 244.818756103515625 238.8125 237.118743896484375 238.881256103515625 242.787506103515625 247.443756103515625 252.4499969482421875 255.28125 257.84375 260.04376220703125 261.64373779296875 263.39373779296875 266.75 273.181243896484375 282.337493896484375 294.600006103515625 304.73126220703125 312.78125 310.07501220703125 304.556243896484375 301.29998779296875 296.67498779296875 292.91876220703125 296.100006103515625 303.34375 313.01873779296875 325.20001220703125 338.54998779296875 354 371.46875 389.23748779296875 405.649993896484375 418.75 426.03125 425.95001220703125 420.774993896484375 412.524993896484375 406.381256103515625
282.212493896484375 278.631256103515625 275.45623779296875 273.0625 269.125 266.837493896484375 262.98748779296875 256.1875 251.8249969482421875 249.806243896484375 250.21875 252.287506103515625 254.9250030517578125 258.60626220703125 262.868743896484375 265.09375 265.01251220703125 265.243743896484375 266.381256103515625 268.54376220703125 273.01873779296875 283.193756103515625 298.26251220703125 313.71875 319.756256103515625 311.41876220703125 304.51873779296875 300.95623779296875 299.125 298.53125 298.48748779296875 303.006256103515625 311.225006103515625 321.95001220703125 333.774993896484375 350.78125 369.118743896484375 387.024993896484375 403.118743896484375 418.600006103515625 428.037506103515625 425.58123779296875 415.443756103515625 399.65625 388.04998779296875
285.98126220703125 282.23748779296875 279.75 276.8125 273.943756103515625 273.10626220703125 270.118743896484375 265.78125 262.399993896484375 261.70001220703125 262.96875 263.868743896484375 266.08123779296875 266.85626220703125 269.931243896484375 271.46875 270.506256103515625 270.54998779296875 271.6875 271.76251220703125 272.91876220703125 282.29998779296875 296.48748779296875 309.09375 308.806243896484375 302.725006103515625 302.28125 301.79998779296875 301.868743896484375 302.318756103515625 302.36248779296875 303.32501220703125 308.90625 317.98126220703125 328.631256103515625 344.037506103515625 362.26873779296875 380.524993896484375 398.850006103515625 417.056243896484375 429.693756103515625 424.431243896484375 404.28125 383.96875 368.01873779296875
288.256256103515625 285.225006103515625 282.818756103515625 280.23126220703125 278.45623779296875 276.96875 276.04376220703125 274.73748779296875 274.162506103515625 274.17498779296875 275.037506103515625 275.76251220703125 276.46875 277.89373779296875 277.037506103515625 278.20623779296875 276.70623779296875 275.743743896484375 275.837493896484375 276.38751220703125 279.256256103515625 285.725006103515625 294.625 301.23126220703125 301.29998779296875 299.73126220703125 300.793731689453125 301.587493896484375 302.40625 303.350006103515625 304.6875 304.89373779296875 306.85626220703125 312.26873779296875 321.16876220703125 337.08123779296875 356.118743896484375 373.787506103515625 391.524993896484375 408.743743896484375 420.73126220703125 408.90625 391.35626220703125 375.725006103515625 361.96875
289.39373779296875 285.568756103515625 283.91876220703125 283.350006103515625 282.65625 282.024993896484375 283.04376220703125 283.83123779296875 283.943756103515625 284.67498779296875 286.54998779296875 287.262481689453125 287.8812255859375 288.65625 285.712493896484375 285.787506103515625 283.82501220703125 283.70001220703125 282.92498779296875 283.006256103515625 286.100006103515625 290.431243896484375 295.506256103515625 299.65625 301.5 303.087493896484375 304.125 304.850006103515625 306.350006103515625 307.725006103515625 306.350006103515625 304.90625 306.33123779296875 306.67498779296875 311.65625 328.868743896484375 349.212493896484375 366.568756103515625 378.70623779296875 387.41876220703125 389.568756103515625 385.125 379.625 368.975006103515625 358.59375
288.13751220703125 285.13751220703125 284.88751220703125 285.32501220703125 285.912506103515625 288.100006103515625 289.67498779296875 291.01251220703125 293.756256103515625 296.28125 297.79376220703125 299.4375 300.443756103515625 300.51251220703125 297.537506103515625 294.568756103515625 291.649993896484375 291.46875 290.381256103515625 290.712493896484375 292.25 294.368743896484375 297.33123779296875 300.068756103515625 301.875 304.625 306.45001220703125 308.38751220703125 311.48748779296875 312.587493896484375 311.993743896484375 309.16876220703125 307.068756103515625 306.39373779296875 308.875 330.95001220703125 348.71875 357.756256103515625 362.912506103515625 366.78125 366.90625 367.125 365.92498779296875 360.54376220703125 352.443756103515625
287.29376220703125 285.54376220703125 285.29376220703125 287.100006103515625 289.506256103515625 292.71875 296.818756103515625 299.63751220703125 303.09375 306.743743896484375 308.662506103515625 311.431243896484375 313.26873779296875 312.35626220703125 310.34375 305.57501220703125 299.193756103515625 297.118743896484375 297.09375 296.850006103515625 297.287506103515625 298.4375 300.5 302.32501220703125 304.375 305.33123779296875 307.76251220703125 311.16876220703125 314 316.850006103515625 317.20001220703125 314.63751220703125 312.962493896484375 315.58123779296875 329.36248779296875 347.412506103515625 355.131256103515625 355.412506103515625 352.868743896484375 351.04376220703125 351.90625 353.83123779296875 353.006256103515625 350.39373779296875 345.625
285.21875 284.66876220703125 286.618743896484375 290.17498779296875 293.743743896484375 297.931243896484375 302.443756103515625 307.01873779296875 311.79376220703125 315.962493896484375 319.32501220703125 323.95001220703125 325.118743896484375 325.462493896484375 322.556243896484375 316.25 309.375 301.0625 303.54376220703125 303.131256103515625 304.07501220703125 303.774993896484375 303.537506103515625 304.056243896484375 305.118743896484375 307.63751220703125 308.712493896484375 313.162506103515625 317.86248779296875 320.89373779296875 320.09375 312.600006103515625 312.506256103515625 320.1875 339.3125 365.649993896484375 361.537506103515625 352.61248779296875 345.962493896484375 344.35626220703125 342.368743896484375 343.40625 343.537506103515625 341.375 337.212493896484375
282.381256103515625 283.26873779296875 286.243743896484375 291.17498779296875 296.931243896484375 303.412506103515625 309.48126220703125 315.15625 320.243743896484375 325.15625 329.20623779296875 331.98748779296875 335.875 337.98748779296875 332.899993896484375 325.131256103515625 316.681243896484375 307.631256103515625 305.181243896484375 305.54998779296875 307.693756103515625 308.25 302.71875 303.01873779296875 304.574981689453125 307.524993896484375 310.0625 313.01251220703125 318.26873779296875 322.89373779296875 323.431243896484375 312.41876220703125 306.662506103515625 306.100006103515625 318.04998779296875 339.975006103515625 342.08123779296875 339.26251220703125 338.181243896484375 336.48126220703125 335.76251220703125 335.23126220703125 335.318756103515625 333.975006103515625 330.5
276.82501220703125 280.14373779296875 284.57501220703125 291.037506103515625 298.774993896484375 307.899993896484375 316 323.17498779296875 329.006256103515625 333.59375 337.381256103515625 340.006256103515625 345.29998779296875 349.70001220703125 341.431243896484375 328.600006103515625 316.5 312.131256103515625 308.087493896484375 307.20623779296875 305.71875 303.03125 301.375 300.399993896484375 301.337493896484375 303.131256103515625 306.23126220703125 310.618743896484375 313.850006103515625 315.76873779296875 313.54376220703125 305.375 292.625 280.82501220703125 276.274993896484375 292.975006103515625 312.61248779296875 322.1875 327.54376220703125 329.975006103515625 329.774993896484375 328.850006103515625 329.26873779296875 328.556243896484375 326.42498779296875
