data/historical-monthly-weather-data/wc2.1_cruts4.09_10m_prec_1995-08.asc
ncols        45
nrows        45
xllcorner    -63.500000000000
yllcorner    -7.500000000000
cellsize     0.166666666667
NODATA_value -9999
[rows 19 to 37 of 45, columns 0 to 42 of 45]
47.86875152587890625 48.0625 48.331249237060546875 49.075000762939453125 49.31874847412109375 50.03125 50.21875 50.11875152587890625 51.356250762939453125 51.668750762939453125 51.018749237060546875 47.393749237060546875 41.950000762939453125 36.77500152587890625 33.087497711181640625 29.487499237060546875 25.356248855590820312 24.743749618530273438 25.318750381469726562 27.618749618530273438 30.268749237060546875 34.950000762939453125 42.737499237060546875 49.450000762939453125 54.90625 58.231250762939453125 59.356250762939453125 58.36875152587890625 55.5 50.112499237060546875 48.38124847412109375 55.00624847412109375 59.831249237060546875 65.5437469482421875 71.7375030517578125 75.13124847412109375 76.84375 77.9875030517578125 76.0437469482421875 71.36875152587890625 64.1374969482421875 58.137500762939453125 53.549999237060546875
43.606250762939453125 45.018749237060546875 46.325000762939453125 47.268749237060546875 47.09375 47.75 48.50624847412109375 48.96875 50.36875152587890625 50.75624847412109375 50.643749237060546875 48.15625 43.03125 37.918750762939453125 33.581249237060546875 29.850000381469726562 26.287500381469726562 24.649999618530273438 25.731250762939453125 27.299999237060546875 31.5 37.00624847412109375 43.456249237060546875 50.375 57.41249847412109375 60.00624847412109375 58.46875 57.38124847412109375 56.200000762939453125 55.325000762939453125 56 59.88124847412109375 62.106250762939453125 65.1125030517578125 70.56874847412109375 73.3874969482421875 76.33750152587890625 77.34375 74.5437469482421875 70.5437469482421875 64.05625152587890625 58.987499237060546875 54.78749847412109375
41.09375 41.93125152587890625 43.61875152587890625 45.33750152587890625 46.05625152587890625 46.375 47.643749237060546875 47.731250762939453125 49.456249237060546875 49.8125 50.799999237060546875 50.33750152587890625 48.356250762939453125 43.768749237060546875 38.65000152587890625 33.268749237060546875 30.399999618530273438 28.825000762939453125 29.118749618530273438 30.424999237060546875 32.581249237060546875 37.018749237060546875 43.03749847412109375 49.325000762939453125 54.93125152587890625 58.71250152587890625 61.893749237060546875 60.68125152587890625 60.4375 59.63124847412109375 59.84999847412109375 61.38124847412109375 62.731250762939453125 65.15625 66.9250030517578125 69.7312469482421875 73.9375 76.5812530517578125 74.65000152587890625 70.25 64.2937469482421875 59.19374847412109375 54.19374847412109375
38.8125 40.97499847412109375 43.168750762939453125 44.4375 45.56874847412109375 46.06874847412109375 46.09999847412109375 46.03749847412109375 48.375 50.56874847412109375 53.03125 54.31874847412109375 54.643749237060546875 50.918750762939453125 44.418750762939453125 38.25 33.86875152587890625 32.174999237060546875 31.950000762939453125 32.44374847412109375 34.581249237060546875 38.487499237060546875 43.393749237060546875 47.143749237060546875 53.61875152587890625 59.262500762939453125 62.34999847412109375 63.456249237060546875 62.549999237060546875 60.56874847412109375 60.450000762939453125 62.09375 62.762500762939453125 62.956249237060546875 63.106250762939453125 63.049999237060546875 67.1999969482421875 73.25624847412109375 73.49375152587890625 68.9187469482421875 64.0812530517578125 58.58750152587890625 53.81874847412109375
37.668750762939453125 40.38124847412109375 43.012500762939453125 43.424999237060546875 44.09375 44.862499237060546875 45.74375152587890625 46.674999237060546875 47.65625 50.59999847412109375 53.75 57.625 59.63124847412109375 55.768749237060546875 49.16249847412109375 42.924999237060546875 38.40000152587890625 36.106250762939453125 35.200000762939453125 35.512500762939453125 37.46250152587890625 40.643749237060546875 44.043750762939453125 48.5 53.65000152587890625 57.793750762939453125 62.168750762939453125 62.0625 62.22499847412109375 61.56874847412109375 61.956249237060546875 62.83750152587890625 63.03749847412109375 61.268749237060546875 60.34375 59.049999237060546875 62.13124847412109375 68.1374969482421875 69.3625030517578125 65.8249969482421875 61.4375 56.956249237060546875 52.46875
37.362499237060546875 39.91249847412109375 42.28125 43.668750762939453125 44.606250762939453125 45.06874847412109375 45.5 46.575000762939453125 48.46250152587890625 51.4375 54 56.9375 58.893749237060546875 56.65625 51.424999237060546875 46.299999237060546875 42.143749237060546875 39.543750762939453125 38.1875 38.16249847412109375 39.893749237060546875 42.19374847412109375 45.06874847412109375 49 52.637500762939453125 57.362499237060546875 59.59375 60.22499847412109375 60.84375 61.1875 61.487499237060546875 62.049999237060546875 61.93125152587890625 61.174999237060546875 59.6875 58.231250762939453125 60.59999847412109375 62.887500762939453125 63.668750762939453125 61.91249847412109375 58.543750762939453125 55.262500762939453125 51.637500762939453125
38.043750762939453125 40.393749237060546875 41.5625 43.47499847412109375 43.84375 44.393749237060546875 44.9375 46.53749847412109375 47.66249847412109375 49.74375152587890625 52.375 54.856250762939453125 56.487499237060546875 54.799999237060546875 51.59375 47.28125 44.00624847412109375 41.93125152587890625 40.143749237060546875 40.25 41.893749237060546875 43.487499237060546875 46.22499847412109375 48.77500152587890625 51.700000762939453125 55.325000762939453125 57.762500762939453125 58.693752288818359375 59.987499237060546875 60.99375152587890625 61.268749237060546875 61.96875 60.956249237060546875 59.78125 58.200000762939453125 58.075000762939453125 59.043750762939453125 59.25 60.00624847412109375 57.91249847412109375 55.606250762939453125 52.99375152587890625 50.549999237060546875
38.78749847412109375 40.09999847412109375 41.46875 42.6875 43.1875 43.75624847412109375 44.96250152587890625 45.74375152587890625 46.1875 48.543750762939453125 50.91249847412109375 51.59999847412109375 52.25624847412109375 51.33750152587890625 49.53749847412109375 46.581249237060546875 44.44374847412109375 42.71875 41.84999847412109375 41.34375 42.13124847412109375 44.03749847412109375 45.90000152587890625 48.893749237060546875 51.40625 53.25624847412109375 56.206249237060546875 57.543750762939453125 58.481250762939453125 59.02500152587890625 60.21875 60.22499847412109375 59.69374847412109375 58.5625 56.518749237060546875 56.40000152587890625 55.950000762939453125 56.112499237060546875 55.606250762939453125 53.78749847412109375 51.81874847412109375 49.9375 49.09375
40.22499847412109375 39.637500762939453125 40.84999847412109375 41.950000762939453125 42.762500762939453125 42.918750762939453125 43.97499847412109375 44.90625 45.612499237060546875 47.08750152587890625 47.831249237060546875 47.91249847412109375 48.16249847412109375 47.96250152587890625 46.47499847412109375 44.987499237060546875 44.106250762939453125 43.081249237060546875 42.668750762939453125 42.27500152587890625 43.11875152587890625 43.674999237060546875 46.09999847412109375 48.5 50.262500762939453125 51.28749847412109375 54.043750762939453125 56 57.40625 58.18125152587890625 58.56874847412109375 58.375 57.75 55.981250762939453125 55.18125152587890625 54.200000762939453125 53.02500152587890625 52.74375152587890625 52.606250762939453125 51.5625 49.65000152587890625 48.66249847412109375 47.94374847412109375
40.375 40.356250762939453125 40.69374847412109375 41.50624847412109375 41.30625152587890625 41.625 42.13124847412109375 42.49375152587890625 44.03749847412109375 44.49375152587890625 44.875 44.55625152587890625 44.424999237060546875 44.46875 43.9375 43.27500152587890625 43.424999237060546875 43.21875 43.09375 43.19374847412109375 43.762500762939453125 44.206249237060546875 45.90625 47.38124847412109375 49.168750762939453125 49.643749237060546875 52.450000762939453125 54.1875 55.46875 56.174999237060546875 56.362499237060546875 56.575000762939453125 54.93125152587890625 52.83750152587890625 52.15625 52.262500762939453125 51.71875 51.450000762939453125 51.325000762939453125 49.80625152587890625 47.21875 46.5625 46.674999237060546875
40.4375 40.53125 40.549999237060546875 40.231250762939453125 40.237499237060546875 40.450000762939453125 40.43125152587890625 41.200000762939453125 41.6875 41.59999847412109375 42.00624847412109375 42.02500152587890625 41.86875152587890625 41.700000762939453125 41.53749847412109375 41.231250762939453125 41.08750152587890625 41.78749847412109375 42.68125152587890625 42.05625152587890625 42.4375 43.543750762939453125 45.18125152587890625 46.40000152587890625 47.637500762939453125 49.262500762939453125 50.918750762939453125 52.543750762939453125 52.81874847412109375 53.112499237060546875 53.487499237060546875 53.924999237060546875 52.33750152587890625 50.762500762939453125 50.11875152587890625 49.674999237060546875 50.6875 50.981250762939453125 50.31874847412109375 50.168750762939453125 48.9375 47.768749237060546875 46.24375152587890625
40.36875152587890625 39.887500762939453125 39.075000762939453125 39.24375152587890625 40.143749237060546875 39.71875 39.56874847412109375 39.299999237060546875 39.13124847412109375 38.84375 38.706249237060546875 39.55625152587890625 40.16249847412109375 40.0625 39.28749847412109375 39.09375 39.731250762939453125 40.518749237060546875 41.643749237060546875 41.581249237060546875 41.77500152587890625 41.700000762939453125 42.9375 44.36875152587890625 45.612499237060546875 47.66249847412109375 48.625 50.49375152587890625 51.47499847412109375 51.737499237060546875 52.106250762939453125 51.793750762939453125 49.887500762939453125 48.612499237060546875 48.762500762939453125 48.25624847412109375 49.125 49.693752288818359375 50.387500762939453125 51.40625 50.33750152587890625 47.362499237060546875 45.018749237060546875
40.02500152587890625 39.5 38.53749847412109375 38.418750762939453125 39.31874847412109375 38.643749237060546875 37.9375 36.90000152587890625 36.700000762939453125 36.481250762939453125 36.22499847412109375 36.78749847412109375 37.018749237060546875 37.481250762939453125 37.28125 38.09999847412109375 38.40000152587890625 38.887500762939453125 39.33750152587890625 39.66249847412109375 40.125 41.043750762939453125 41.418750762939453125 41.96250152587890625 43.606250762939453125 45.46250152587890625 46.612499237060546875 48.549999237060546875 49.331249237060546875 49.16249847412109375 49.737499237060546875 49.06874847412109375 47.5 46.700000762939453125 45.55625152587890625 45.05625152587890625 46.03125 47.08750152587890625 48.231250762939453125 49.375 48.450000762939453125 45.543750762939453125 43.97499847412109375
39.168750762939453125 38.299999237060546875 37.456249237060546875 37.356250762939453125 37.112499237060546875 36.049999237060546875 35.53125 34.6875 34.0625 34.13124847412109375 34.668750762939453125 34.65625 34.768749237060546875 35.68125152587890625 35.63124847412109375 36.487499237060546875 36.768749237060546875 37.40625 37.59999847412109375 37.75624847412109375 38.09999847412109375 38.61875152587890625 39.112499237060546875 40.66249847412109375 42.13124847412109375 43.1875 44.512500762939453125 45.125 46.325000762939453125 46.11875152587890625 46.825000762939453125 46.22499847412109375 44.737499237060546875 43.549999237060546875 42.53125 42.081249237060546875 42.862499237060546875 43.487499237060546875 44.40000152587890625 45.31874847412109375 44.28749847412109375 42.46250152587890625 41.00624847412109375
38.21250152587890625 37.81874847412109375 36.6875 36.606250762939453125 34.862499237060546875 33.99375152587890625 33.549999237060546875 32.65625 31.9375 31.649999618530273438 31.75 32.299999237060546875 33.112499237060546875 32.950000762939453125 33.53749847412109375 33.88124847412109375 34.700000762939453125 34.893749237060546875 34.84999847412109375 35.27500152587890625 35.8125 36.299999237060546875 37.0625 38.081249237060546875 39.762500762939453125 41.02500152587890625 42.18125152587890625 42.59375 44.268749237060546875 44.53749847412109375 44.825000762939453125 44.13124847412109375 41.99375152587890625 40.15000152587890625 39.40625 38.97499847412109375 39.5 39.69374847412109375 40.424999237060546875 40.450000762939453125 40.549999237060546875 39.512500762939453125 38.08750152587890625
37.74375152587890625 37.02500152587890625 35.91249847412109375 34.66249847412109375 33.34375 32.28125 31.46875 30.537500381469726562 29.34375 29.306249618530273438 29.350000381469726562 30.356250762939453125 30.737499237060546875 31.368749618530273438 31.868749618530273438 32.49375152587890625 33.112499237060546875 33.09375 32.981250762939453125 33.325000762939453125 33.9375 34.237499237060546875 34.549999237060546875 35.84999847412109375 37.11875152587890625 38.606250762939453125 39.72499847412109375 40.387500762939453125 42.168750762939453125 42.71875 42.25624847412109375 41.25 39.18125152587890625 37.043750762939453125 35.91249847412109375 35.44374847412109375 35.1875 35.74375152587890625 36.4375 36.43125152587890625 35.99375152587890625 35.25 34.59999847412109375
37.68125152587890625 36.77500152587890625 34.924999237060546875 33.143749237060546875 31.631250381469726562 30.087499618530273438 28.931249618530273438 27.649999618530273438 26.831249237060546875 26.924999237060546875 27.506250381469726562 28.125 29.049999237060546875 29.668750762939453125 30.3125 31.212499618530273438 31.487499237060546875 31.850000381469726562 31.337499618530273438 31.450000762939453125 32.24375152587890625 33.25624847412109375 33.47499847412109375 34.78125 35.68125152587890625 36.674999237060546875 37.581249237060546875 39.27500152587890625 40.112499237060546875 40.28749847412109375 39.99375152587890625 39.24375152587890625 36.137500762939453125 34.43125152587890625 32.81874847412109375 31.668750762939453125 31.975000381469726562 32.331249237060546875 32.325000762939453125 32.71250152587890625 32.40000152587890625 32.4375 31.34375
36.58750152587890625 35.306247711181640625 33.09375 31.25 29.537500381469726562 28.168750762939453125 27.03125 26.024999618530273438 25.018749237060546875 24.5625 25.9375 27.443750381469726562 28.418750762939453125 28.700000762939453125 29.5625 29.912500381469726562 30.131250381469726562 30.200000762939453125 29.993749618530273438 29.75 30.59375 31.65625 32.15000152587890625 33.56874847412109375 34.75 35.08750152587890625 36.31874847412109375 37.668750762939453125 37.71250152587890625 38.012500762939453125 38.21875 37.200000762939453125 34.4375 31.899999618530273438 30.143749237060546875 29.200000762939453125 29.287500381469726562 29.737499237060546875 29.493749618530273438 29.78125 29.325000762939453125 29.387500762939453125 28.475000381469726562
35.793750762939453125 34.50624847412109375 31.787500381469726562 30.068750381469726562 28.293750762939453125 26.737499237060546875 25.53125 24.425001144409179688 23.931249618530273438 23.431249618530273438 26.087499618530273438 27.706249237060546875 27.712499618530273438 28.25 29.174999237060546875 29.299999237060546875 29.075000762939453125 28.706249237060546875 29.03125 28.762500762939453125 29.53125 30.193750381469726562 30.84375 32.21250152587890625 33.46875 34.356250762939453125 35.625 36.90625 37.34375 37.31874847412109375 36.86875152587890625 36.5625 34.03125 30.375 28.018749237060546875 26.768749237060546875 27.381250381469726562 27.912500381469726562 27.887500762939453125 28.043750762939453125 26.5625 26.100000381469726562 25.5625
