data/historical-monthly-weather-data/wc2.1_cruts4.09_10m_prec_2009-12.asc
ncols        51
nrows        45
xllcorner    -63.500000000000
yllcorner    -7.500000000000
cellsize     0.166666666667
NODATA_value -9999
[rows 0 to 19 of 45, columns 0 to 44 of 51]
83.56874847412109375 82.1374969482421875 81.36875152587890625 81.78125 81.5437469482421875 83.16249847412109375 84.38124847412109375 84.875 86.28125 87.9812469482421875 90.9250030517578125 93.53749847412109375 96.78749847412109375 98.9187469482421875 101.125 103.40625 105.96875 107.00624847412109375 109.125 111.33750152587890625 114.3125 117.0124969482421875 119.68125152587890625 121.9562530517578125 124.125 125.8562469482421875 127.2687530517578125 128.625 130.181243896484375 132.556243896484375 134.412506103515625 137.162506103515625 139.6437530517578125 141.837493896484375 143.850006103515625 147.350006103515625 149.4812469482421875 151.2624969482421875 151.2562408447265625 151.5 151.181243896484375 149.6125030517578125 147.8625030517578125 145.318756103515625 144.225006103515625
82.78125 80.66249847412109375 80.55625152587890625 81.1437530517578125 81.65000152587890625 82.8937530517578125 83.65000152587890625 85.375 88.25624847412109375 90.9875030517578125 94.0124969482421875 96.40625 99.58750152587890625 102.375 104.6999969482421875 107.2624969482421875 110.0124969482421875 111.71875 113.74375152587890625 116.84375 119.49375152587890625 121.94374847412109375 125.0437469482421875 127.4875030517578125 129.837493896484375 131.84375 133.3562469482421875 134.600006103515625 136.149993896484375 139.3937530517578125 141.8562469482421875 145.274993896484375 147.4562530517578125 150.3937530517578125 153.756256103515625 155.6750030517578125 159.71875 162.350006103515625 161.7375030517578125 161.556243896484375 160.8937530517578125 158.868743896484375 156.75 152.5812530517578125 150.350006103515625
85.1125030517578125 83.6875 84.21875 85.1374969482421875 86.1062469482421875 86.8937530517578125 88.0124969482421875 89.99375152587890625 93.13124847412109375 95.9250030517578125 98.3937530517578125 100.7375030517578125 103.97499847412109375 106.7937469482421875 109.40000152587890625 111.7375030517578125 114.7937469482421875 116.8000030517578125 119.40000152587890625 122.50624847412109375 125.5500030517578125 128.850006103515625 132.375 134.7062530517578125 137.09375 140.056243896484375 141.7375030517578125 142.8937530517578125 144.899993896484375 147.3249969482421875 150.337493896484375 154.03125 158.0187530517578125 160.25 163.4562530517578125 166.8937530517578125 169.899993896484375 172.287506103515625 172.3312530517578125 171.875 170.6062469482421875 167.693756103515625 163.90625 160.4875030517578125 156.8625030517578125
87.2312469482421875 87.0187530517578125 88.8249969482421875 89.8000030517578125 91.4375 92.1125030517578125 93.19374847412109375 95.0749969482421875 98.1125030517578125 101.3312530517578125 103.59375 105.9375 108.55625152587890625 111.375 113.83750152587890625 116.68125152587890625 119.7937469482421875 121.5500030517578125 124.625 129.1312408447265625 132.931243896484375 136.537506103515625 139.493743896484375 142.25 144.462493896484375 147.975006103515625 149.975006103515625 150.75 153.2062530517578125 156.6125030517578125 159.5625 162.568756103515625 167.3000030517578125 171.2312469482421875 174.2624969482421875 177.4562530517578125 179.712493896484375 182.337493896484375 183.1374969482421875 182.1999969482421875 179.756256103515625 175.9812469482421875 171.368743896484375 167.65625 163.287506103515625
93.5124969482421875 92.0437469482421875 92.5500030517578125 94.6374969482421875 97.0749969482421875 98.0187530517578125 98.6875 100.25624847412109375 103.9250030517578125 107.30625152587890625 108.90000152587890625 110.65000152587890625 113.59999847412109375 116.5124969482421875 118.96250152587890625 121.81874847412109375 124.75624847412109375 126.94374847412109375 130.725006103515625 136.256256103515625 140.6374969482421875 143.7687530517578125 146.818756103515625 149.6750030517578125 152.149993896484375 156.037506103515625 157.024993896484375 158.056243896484375 160.6437530517578125 164.7624969482421875 168.3937530517578125 171.212493896484375 175.65625 180.0812530517578125 183.6437530517578125 187.3874969482421875 190.743743896484375 193.0187530517578125 193.6062469482421875 192.118743896484375 189.0500030517578125 184.212493896484375 179.21875 173.59375 169.443756103515625
101.2062530517578125 100.53125 100.3874969482421875 100.75 103.6875 105.88124847412109375 107.2937469482421875 108.7312469482421875 111.8562469482421875 114.8937530517578125 116.2062530517578125 118.15625 121.43125152587890625 124.3249969482421875 127.5124969482421875 130.462493896484375 133.774993896484375 135.537506103515625 140.4875030517578125 145.375 148.725006103515625 152.4499969482421875 155.306243896484375 158.21875 161.006256103515625 164.15625 166.3187408447265625 167.3312530517578125 169.0749969482421875 172.8937530517578125 176.8312530517578125 180.6187591552734375 183.1999969482421875 186.3125 191.8625030517578125 195.912506103515625 199.0124969482421875 203.09375 203.875 200.7312469482421875 194.7312469482421875 189.4187469482421875 182.662506103515625 177.475006103515625 174.0437469482421875
110.6750030517578125 110.4187469482421875 110.4187469482421875 110.3249969482421875 111.83750152587890625 113.50624847412109375 115.3937530517578125 116.8125 118.6750030517578125 120.1437530517578125 122.86875152587890625 125.61249542236328125 129.8874969482421875 133.0187530517578125 136.3874969482421875 139.9875030517578125 144.381256103515625 148.818756103515625 153.9562530517578125 157.1374969482421875 158.9250030517578125 162.0625 164.1999969482421875 166.5625 170.1687469482421875 172.8874969482421875 174.3000030517578125 176.631256103515625 178.318756103515625 181.3312530517578125 184.8874969482421875 188.2687530517578125 191.6125030517578125 194.181243896484375 198.0500030517578125 201.7062530517578125 205.8874969482421875 210.006256103515625 212.9375 207.9875030517578125 199.787506103515625 192.6125030517578125 186.1437530517578125 179.8874969482421875 175.506256103515625
120.63124847412109375 120.59375 120.8874969482421875 121.9250030517578125 123.63124847412109375 124.31874847412109375 124.31874847412109375 123.46250152587890625 123.11249542236328125 125.1437530517578125 129.53125 134.1750030517578125 138.46875 142.912506103515625 146.2624969482421875 150.3312530517578125 154.9250030517578125 161.225006103515625 166.943756103515625 167.3625030517578125 168.0749969482421875 169.6687469482421875 171.3562469482421875 173.274993896484375 177.649993896484375 181.3000030517578125 182.1687469482421875 183.96875 187.162506103515625 190.5 192.274993896484375 195.118743896484375 198.600006103515625 200.7312469482421875 204.912506103515625 206.65625 210.34375 213.3874969482421875 213.7062530517578125 209.131256103515625 202.0749969482421875 194.556243896484375 187.7937469482421875 181.056243896484375 175.3312530517578125
131.287506103515625 131.5749969482421875 132.368743896484375 133.6875 135.0187530517578125 136.024993896484375 135.8249969482421875 134.1062469482421875 131.5124969482421875 132.225006103515625 138 143.8125 148.9250030517578125 153.181243896484375 156.5625 160.3249969482421875 164.743743896484375 170.96875 176.3125 175.931243896484375 174.65625 175.975006103515625 177.9562530517578125 181.6374969482421875 185.28125 188.443756103515625 189.100006103515625 191.0812530517578125 193.318756103515625 195.587493896484375 198.475006103515625 199.90625 202.46875 205.28125 208.1687469482421875 209.90625 211.4250030517578125 212.3125 210.899993896484375 207.243743896484375 200.1437530517578125 193.2687530517578125 187.631256103515625 181.7687530517578125 177.693756103515625
141.537506103515625 142.46875 143.7750091552734375 145.818756103515625 147.3312530517578125 148.4562530517578125 148.631256103515625 147.618743896484375 146.931243896484375 147.8562469482421875 151.631256103515625 155.53125 160.931243896484375 164.09375 167.3687591552734375 170.34375 173.4562530517578125 177.3562469482421875 180.493743896484375 180.9562530517578125 180.40625 181.6125030517578125 183.9499969482421875 188.412506103515625 191.649993896484375 194.4562530517578125 195.1687469482421875 196.568756103515625 198.9875030517578125 200.7937469482421875 202.0187530517578125 203.024993896484375 204.90625 206.6374969482421875 209.556243896484375 212.1125030517578125 212.40625 212.0062408447265625 208.5812530517578125 204.34375 198.5749969482421875 193.0500030517578125 186.6062469482421875 181.149993896484375 178.5749969482421875
153.037506103515625 154.1437530517578125 155.3312530517578125 157 159.5437469482421875 161.9375 162.90625 161.9875030517578125 161.712493896484375 163.2312469482421875 166.399993896484375 169.993743896484375 173.6125030517578125 176.412506103515625 178.131256103515625 180 181.34375 183.3937530517578125 184.4187469482421875 184.4375 185.6999969482421875 187.25 190.087493896484375 192.462493896484375 198.337493896484375 201.375 201.087493896484375 200.6999969482421875 201.056243896484375 202.462493896484375 203.34375 204.7062530517578125 206.3874969482421875 207.975006103515625 210.162506103515625 211.3625030517578125 211.462493896484375 210.6687469482421875 208.193756103515625 203.3625030517578125 197.693756103515625 192.0625 186.7624969482421875 182.162506103515625 179.6062469482421875
163.193756103515625 163.9499969482421875 165.462493896484375 167.993743896484375 170.725006103515625 173.6750030517578125 175.84375 175.774993896484375 175.8000030517578125 178.087493896484375 181.431243896484375 185.03125 186.5437469482421875 188.0187530517578125 189.225006103515625 189.3562469482421875 189.53125 189.3249969482421875 189.1374969482421875 189.024993896484375 189.4250030517578125 191.774993896484375 196.243743896484375 199.443756103515625 204.556243896484375 207.3000030517578125 205.506256103515625 203.4187469482421875 202.024993896484375 202.7312469482421875 203.037506103515625 204.1125030517578125 205.5749969482421875 207.524993896484375 209.837493896484375 211.0812530517578125 210.9437408447265625 210.368743896484375 207.1750030517578125 202.5 196.90625 191.524993896484375 186.2062530517578125 181.3562469482421875 177.631256103515625
173.162506103515625 174.09375 176.0500030517578125 178.34375 181.6437530517578125 184.4187469482421875 186.568756103515625 187.993743896484375 188.8125 191.84375 195.625 198.9875030517578125 199.8125 199.0812530517578125 199.7687530517578125 199.0625 197.9250030517578125 197.3312530517578125 196.0437469482421875 194.3625030517578125 192.556243896484375 195.837493896484375 202.350006103515625 206.2937469482421875 209.03125 210 207.6875 205.2937469482421875 203.318756103515625 201.850006103515625 201.3125 201.506256103515625 202.5500030517578125 204.8312530517578125 207.4562530517578125 209.787506103515625 210.75 210.4499969482421875 206.9499969482421875 201.243743896484375 195.1062469482421875 190.787506103515625 184.475006103515625 176.274993896484375 172.462493896484375
182.056243896484375 182.90625 184.875 187.5437469482421875 190.5500030517578125 193.5500030517578125 196.0124969482421875 199.1437530517578125 201.774993896484375 204.46875 206.962493896484375 209.5437469482421875 210.912506103515625 210.475006103515625 209.3312530517578125 209.28125 207.368743896484375 205.4187469482421875 203.2375030517578125 201.1687469482421875 200.649993896484375 203.443756103515625 208.431243896484375 210.850006103515625 212.5437469482421875 213.125 210.90625 206.3125 202.5124969482421875 199.774993896484375 198.350006103515625 197.3625030517578125 198.96875 201.0749969482421875 204.6937408447265625 207.5124969482421875 209.71875 211.412506103515625 209.1062469482421875 204.71875 195.681243896484375 186.868743896484375 179.443756103515625 173.78125 171.90625
189.3874969482421875 190.149993896484375 192.8000030517578125 195.6125030517578125 199.087493896484375 202.225006103515625 206.100006103515625 209.8000030517578125 212.618743896484375 214.9250030517578125 217.3000030517578125 220.1125030517578125 221.21875 221.631256103515625 220.1125030517578125 219.868743896484375 217.024993896484375 214.3874969482421875 211.6437530517578125 210.6875 210.1437530517578125 212.0437469482421875 214.8562469482421875 215.6875 216.524993896484375 215.96875 212.712493896484375 207.6437530517578125 202.3625030517578125 196.975006103515625 193.337493896484375 192.1374969482421875 193.8562469482421875 196.774993896484375 201.0500030517578125 203.2624969482421875 207.600006103515625 212.8000030517578125 214.568756103515625 209.631256103515625 198.618743896484375 188.993743896484375 181.25 175.2312469482421875 170.5437469482421875
195.25 196.4187469482421875 199.5187530517578125 203.306243896484375 207.131256103515625 211.087493896484375 215.368743896484375 218.631256103515625 221.7312469482421875 225.337493896484375 227.5749969482421875 230.181243896484375 231.8249969482421875 232.443756103515625 231.475006103515625 229.0812530517578125 226.0625 224.100006103515625 221.087493896484375 219.556243896484375 219.65625 220.256256103515625 221.7687530517578125 220.993743896484375 220.912506103515625 220.774993896484375 216.4499969482421875 210.024993896484375 202.40625 193.975006103515625 188.3562469482421875 185.118743896484375 185.3625030517578125 188.1437530517578125 191.6687469482421875 195.4375 202.53125 211.743743896484375 218.0187530517578125 214.2624969482421875 202.8562469482421875 191.9375 182.6125030517578125 173.1750030517578125 169.1125030517578125
200.5625 202.28125 204.743743896484375 209.4250030517578125 214.34375 218.3125 223.399993896484375 228.337493896484375 232.4499969482421875 235.5812530517578125 238.037506103515625 240.2375030517578125 242.0437469482421875 242.850006103515625 242.1437530517578125 239.1750030517578125 234.1062469482421875 232.0187530517578125 230.287506103515625 228.53125 228.3249969482421875 228.381256103515625 228.9499969482421875 226.693756103515625 225.9187469482421875 225.9250030517578125 221.6999969482421875 213.0124969482421875 201.087493896484375 189.9562530517578125 182.3625030517578125 178.712493896484375 177.0124969482421875 176.0500030517578125 177.524993896484375 183.037506103515625 194.193756103515625 210.8125 227.443756103515625 219.7312469482421875 205.0437469482421875 192.5 180.412506103515625 172.0500030517578125 167.71875
204.725006103515625 206.9812469482421875 210.2375030517578125 215.8625030517578125 221.5812530517578125 227.1875 232.7312469482421875 237.600006103515625 241.7624969482421875 246.0187530517578125 249.2437591552734375 251.443756103515625 252.3562469482421875 253.1374969482421875 251.84375 248.4562530517578125 243.431243896484375 237.96875 238.506256103515625 236.943756103515625 236.8625030517578125 235.943756103515625 234.9812469482421875 232.5187530517578125 231.15625 230.8249969482421875 227.8562469482421875 215.4250030517578125 199.1999969482421875 184.3249969482421875 174.25 169.40625 169.1750030517578125 169.3562469482421875 167.287506103515625 165.71875 183.774993896484375 204.7062530517578125 217.5812530517578125 214.5500030517578125 200.78125 188.850006103515625 178.9499969482421875 171.662506103515625 167.524993896484375
207.6125030517578125 210.34375 215.056243896484375 221.5 228.2687530517578125 234.943756103515625 241.131256103515625 247.774993896484375 252.524993896484375 257.0625 259.306243896484375 260.524993896484375 262.3125 263.89373779296875 261.8125 257.83123779296875 252.912506103515625 247.28125 243.9812469482421875 243.287506103515625 244.149993896484375 244.818756103515625 239.806243896484375 237.556243896484375 236.53125 235.2375030517578125 229.881256103515625 217.46875 199.6687469482421875 181.15625 167.03125 166 169.0187530517578125 168.787506103515625 165.912506103515625 167.4499969482421875 181.193756103515625 196 205.462493896484375 203.337493896484375 193.618743896484375 184.0124969482421875 176.0625 170.587493896484375 167.9812469482421875
209.662506103515625 213.181243896484375 218.181243896484375 225.5625 233.8000030517578125 242.2312469482421875 250.1062469482421875 257.67498779296875 263.36248779296875 266.806243896484375 269.618743896484375 272.34375 274.51873779296875 274.756256103515625 271.056243896484375 264.993743896484375 258.98126220703125 255.181243896484375 252.2624969482421875 250.8562469482421875 248.537506103515625 245.84375 244.1125030517578125 242.1750030517578125 240.506256103515625 237.9875030517578125 231.443756103515625 220.931243896484375 204.34375 185.6062469482421875 173.1999969482421875 172.2375030517578125 174.006256103515625 175.5437469482421875 176.743743896484375 178.368743896484375 186.037506103515625 194.7937469482421875 199.2062530517578125 196.912506103515625 188.75 178.96875 173.993743896484375 170.493743896484375 168.806243896484375
