data/historical-monthly-weather-data/wc2.1_cruts4.09_10m_prec_2010-02.asc
ncols        45
nrows        45
xllcorner    -63.500000000000
yllcorner    -7.500000000000
cellsize     0.166666666667
NODATA_value -9999
[rows 0 to 19 of 45, columns 0 to 44 of 45]
125.83750152587890625 124.3562469482421875 126.2312469482421875 130.912506103515625 134.03125 141.8312530517578125 148.6062469482421875 152.625 155.399993896484375 160.8062591552734375 169.850006103515625 175.2375030517578125 179.443756103515625 177.2312469482421875 174.443756103515625 171.649993896484375 169.90625 164.0187530517578125 162.618743896484375 162.2937469482421875 164.712493896484375 167.600006103515625 172.0749969482421875 173.8874969482421875 176.1125030517578125 178.21875 176.2624969482421875 173.28125 170.274993896484375 165.774993896484375 161.5187530517578125 157.225006103515625 152.3249969482421875 147.5187530517578125 143.3625030517578125 142.1374969482421875 140.0124969482421875 137.774993896484375 138.443756103515625 138.350006103515625 139.181243896484375 140.837493896484375 141.5812530517578125 144.59375 148
127.8125 124.8125 127.1374969482421875 129.712493896484375 133.3125 142.7624969482421875 150.6999969482421875 159.1999969482421875 167.1687469482421875 174.568756103515625 182.431243896484375 185.4875030517578125 187.287506103515625 186.556243896484375 183.087493896484375 179.1062469482421875 175.975006103515625 170.2687530517578125 166.8125 164.306243896484375 165.537506103515625 168.5437469482421875 172.306243896484375 173.4250030517578125 174.087493896484375 175.725006103515625 173.725006103515625 171.875 169.225006103515625 164.6062469482421875 159.0187530517578125 155.1437530517578125 151.024993896484375 147.4250030517578125 143.21875 141.149993896484375 138.4375 135.2375030517578125 135.287506103515625 134.84375 135.0500030517578125 136.25 136.59375 138.8249969482421875 141.962493896484375
132.9187469482421875 129.9812469482421875 131.625 134.15625 138.1062469482421875 146.9250030517578125 156.9187469482421875 168.2687530517578125 179.3312530517578125 187.712493896484375 193.8625030517578125 195.3249969482421875 195.287506103515625 193.131256103515625 188.3000030517578125 183.3312530517578125 178.9187469482421875 174.6999969482421875 171.556243896484375 169.725006103515625 171.0625 175.1437530517578125 177.912506103515625 177.837493896484375 178.75 178.162506103515625 176.100006103515625 174.6374969482421875 171.2062530517578125 166.306243896484375 162.118743896484375 158.15625 154.568756103515625 149.96875 146.256256103515625 142.71875 139.493743896484375 136.4250030517578125 135.368743896484375 134.46875 134.0187530517578125 134.71875 135.0625 135.868743896484375 139.4562530517578125
137.1125030517578125 134.6374969482421875 136.8937530517578125 139.431243896484375 145.024993896484375 152.600006103515625 163.149993896484375 175.993743896484375 189.506256103515625 199.7375030517578125 204.287506103515625 202.7312469482421875 199.28125 195.2624969482421875 190.2375030517578125 184.9375 180.412506103515625 175.9375 174.6999969482421875 176.2687530517578125 178.787506103515625 181.9375 183.600006103515625 182.5500030517578125 181.443756103515625 179.7624969482421875 178.4499969482421875 176.5812530517578125 173.1875 169.40625 165.181243896484375 162.774993896484375 158.2937469482421875 153.8249969482421875 149.0437469482421875 145.4812469482421875 141.524993896484375 137.4562530517578125 136.4562530517578125 135.193756103515625 133.3625030517578125 133.743743896484375 133.9875030517578125 134.15625 137.4562530517578125
144.5124969482421875 140.493743896484375 140.725006103515625 143.78125 149.6062469482421875 157.5812530517578125 167.0812530517578125 181.0749969482421875 198.2937469482421875 211.625 211.068756103515625 205.193756103515625 201.274993896484375 197.0437469482421875 190.881256103515625 185.587493896484375 181.412506103515625 177.3625030517578125 178.587493896484375 182.3249969482421875 185.618743896484375 187.2312469482421875 188.837493896484375 186.931243896484375 184.006256103515625 181.4499969482421875 178.524993896484375 176.2375030517578125 175.212493896484375 172.4812469482421875 169.40625 166.375 162.7624969482421875 158.3125 153.162506103515625 149.0625 144.962493896484375 140.568756103515625 139.006256103515625 136.524993896484375 134.368743896484375 133.7937469482421875 133.193756103515625 133.056243896484375 135.1999969482421875
150.368743896484375 147.59375 147.1437530517578125 149.1875 154.712493896484375 164.15625 175.3125 189.625 207.912506103515625 223.8312530517578125 219.8874969482421875 212.6687469482421875 208.556243896484375 204.818756103515625 199.4812469482421875 195.649993896484375 190.9499969482421875 187.662506103515625 190.056243896484375 194.368743896484375 195.75 196.625 197.25 194.118743896484375 190.0749969482421875 187.6875 185.1687469482421875 182.5500030517578125 180.7937469482421875 178.1875 175.443756103515625 172.7062530517578125 168.681243896484375 166.068756103515625 162.0437469482421875 158.34375 154.912506103515625 150.9812469482421875 149.625 146.587493896484375 142.631256103515625 140.96875 139.53125 138.4250030517578125 138.4812469482421875
156.774993896484375 154.375 154.649993896484375 155.6999969482421875 160.5437469482421875 169.256256103515625 180.15625 191.9187469482421875 205.837493896484375 215.1125030517578125 217.6999969482421875 215.712493896484375 213.4499969482421875 211.3000030517578125 208.4499969482421875 206.068756103515625 204.318756103515625 204.306243896484375 206.493743896484375 207.90625 205.899993896484375 205.3000030517578125 203.537506103515625 199.725006103515625 197.506256103515625 194.3937530517578125 192 190.0749969482421875 186.84375 183.7624969482421875 182.0500030517578125 179.6125030517578125 176.806243896484375 173.03125 169.78125 168.0625 165.274993896484375 162.5500030517578125 161.9187469482421875 158.131256103515625 152.193756103515625 149.6437530517578125 147.5374908447265625 145.3312530517578125 143.96875
162.8249969482421875 159.850006103515625 160.2062530517578125 162.912506103515625 167.537506103515625 174.625 182.493743896484375 190.03125 197.162506103515625 204.412506103515625 212.2624969482421875 216.3874969482421875 217.7937469482421875 216.7937469482421875 215.868743896484375 215.837493896484375 216.212493896484375 219.256256103515625 223.0062408447265625 220.743743896484375 215.225006103515625 212.21875 209.125 205.787506103515625 203.6750030517578125 200.6750030517578125 198.3562469482421875 195.8249969482421875 193.493743896484375 190.4250030517578125 187.662506103515625 186.1125030517578125 183.8562469482421875 181.350006103515625 178.5749969482421875 177 175.274993896484375 173.118743896484375 171.618743896484375 167.8125 162.2624969482421875 159.5187530517578125 156.7937469482421875 153.3000030517578125 152.0749969482421875
169.3249969482421875 166.693756103515625 167.087493896484375 169.9250030517578125 173.78125 178.975006103515625 185.662506103515625 190.881256103515625 194.368743896484375 200.875 211.399993896484375 219.693756103515625 224.0124969482421875 225.3874969482421875 225.381256103515625 227 228.2062530517578125 230.600006103515625 234.4250030517578125 230.96875 223.2624969482421875 219.1875 215.90625 214.4375 212.1125030517578125 208.693756103515625 205.2937469482421875 202.318756103515625 200.193756103515625 197.2312469482421875 195.2375030517578125 194.2062530517578125 192.46875 190.3125 188.2687530517578125 188.068756103515625 187.4187469482421875 186.181243896484375 185.4499969482421875 182.2687530517578125 177.087493896484375 174.09375 171.3312530517578125 167.78125 167.0124969482421875
175.7312469482421875 173.493743896484375 174.381256103515625 176.5500030517578125 179.587493896484375 184.125 190.65625 195.8125 201.8249969482421875 209.100006103515625 219.287506103515625 226.2312469482421875 232.475006103515625 234.443756103515625 235.8125 236.6437530517578125 237.318756103515625 238.3000030517578125 237.90625 235.3125 228.8249969482421875 225.2375030517578125 223.131256103515625 223.443756103515625 220.962493896484375 216.7687530517578125 213.3249969482421875 209.125 207.21875 204.7624969482421875 202.2624969482421875 201.3000030517578125 200.5500030517578125 200.149993896484375 199.5 200.0500030517578125 200.4875030517578125 199.625 199.306243896484375 197.4875030517578125 193.9562530517578125 191.1062469482421875 187.3874969482421875 182.662506103515625 182.78125
181.443756103515625 179.4562530517578125 180.4250030517578125 182.40625 184.868743896484375 189.431243896484375 195.71875 202.4499969482421875 210.1999969482421875 218.9499969482421875 229.5812530517578125 237.0749969482421875 242.212493896484375 244.2375030517578125 245.375 245.7375030517578125 245.024993896484375 243.2375030517578125 240.693756103515625 238.15625 231.5812530517578125 228.493743896484375 229.0437469482421875 228.5 229.15625 224.431243896484375 219.7375030517578125 216.056243896484375 212.8937530517578125 210.368743896484375 208.9812469482421875 208.375 208.15625 208.725006103515625 210.162506103515625 212.162506103515625 212.6687469482421875 213.537506103515625 213.787506103515625 212.193756103515625 209.568756103515625 206.2687530517578125 202.3499908447265625 197.462493896484375 197.0875091552734375
187.462493896484375 185.46875 186.087493896484375 188.350006103515625 191.287506103515625 196.1125030517578125 202.649993896484375 211.118743896484375 219.53125 229.09375 240.59375 249.1687469482421875 252.818756103515625 253.712493896484375 254.59375 253.556243896484375 252.037506103515625 247.9875030517578125 243.1750030517578125 238.662506103515625 231.506256103515625 229.7312469482421875 233.71875 237.068756103515625 237.287506103515625 230.962493896484375 225.350006103515625 221.2624969482421875 218.350006103515625 217.087493896484375 216.1374969482421875 215.306243896484375 215.818756103515625 216.75 218.649993896484375 221.6687469482421875 224.3937530517578125 226.4250030517578125 227.5749969482421875 227.087493896484375 225.600006103515625 221.3937530517578125 215 207.6750030517578125 205.53125
191.375 190.03125 191.4250030517578125 193.7375030517578125 197.6750030517578125 203.3249969482421875 210.875 219.318756103515625 228.087493896484375 239.118743896484375 250.6875 259.61248779296875 263.01873779296875 261.95623779296875 261.899993896484375 259.79376220703125 257.524993896484375 253.243743896484375 248.431243896484375 242.2937469482421875 232.3562469482421875 231.71875 237.5187530517578125 240.59375 238.6062469482421875 232.787506103515625 229.21875 225.850006103515625 223.037506103515625 222.4375 222.2312469482421875 221.943756103515625 221.899993896484375 223.625 226.350006103515625 229.8562469482421875 233.4375 237.8625030517578125 240.631256103515625 241.53125 241.8562469482421875 236.0187530517578125 225.712493896484375 215.506256103515625 210.725006103515625
194.287506103515625 193.4499969482421875 195.368743896484375 198.399993896484375 203.1875 209.4000091552734375 218.1125030517578125 227.21875 236.6875 247.2687530517578125 257.95001220703125 265.1875 268.556243896484375 269.26251220703125 267.431243896484375 265.86248779296875 262.63751220703125 259.01873779296875 254.2062530517578125 249.7624969482421875 243.0625 241.1750030517578125 243.2687530517578125 242.5812530517578125 239.4499969482421875 234.412506103515625 232.0749969482421875 229.287506103515625 227.368743896484375 226.3937530517578125 226.71875 226.537506103515625 226.6750030517578125 228.943756103515625 231.943756103515625 236.71875 242.631256103515625 248.8125 253.7687530517578125 255.71875 254.587493896484375 244.568756103515625 234.0437469482421875 224.3937530517578125 219.4875030517578125
196.631256103515625 195.912506103515625 198.693756103515625 203.34375 208.09375 215.568756103515625 225.493743896484375 234.8125 244.868743896484375 255.2687530517578125 264.618743896484375 271.787506103515625 275.318756103515625 276.34375 275.006256103515625 272.681243896484375 270.143768310546875 266.475006103515625 262.82501220703125 260.225006103515625 254.5812530517578125 250.6750030517578125 249.850006103515625 247.375 243.25 239.568756103515625 237.59375 234.7062530517578125 232.6750030517578125 232.0749969482421875 231.024993896484375 229.649993896484375 229.7937469482421875 230.9499969482421875 233.943756103515625 238.6125030517578125 246.5 255.09375 260.57501220703125 261.42498779296875 256.42498779296875 248.6374969482421875 240.412506103515625 231.181243896484375 225.5124969482421875
197.7687530517578125 197.368743896484375 201.1062469482421875 206.59375 212.787506103515625 221.1062469482421875 231.53125 240.9812469482421875 251.6875 263.07501220703125 272.71875 280.087493896484375 284.13751220703125 284.756256103515625 283.125 278.84375 277.67498779296875 275.73126220703125 273.493743896484375 271.818756103515625 265.087493896484375 259.58123779296875 256.399993896484375 253.7624969482421875 248.524993896484375 243.84375 241.368743896484375 239.5749969482421875 238.5500030517578125 237.9562530517578125 236.90625 233.712493896484375 230.625 229.899993896484375 230.9499969482421875 236.6437530517578125 246.4250030517578125 257.98748779296875 265.98748779296875 266.556243896484375 260.412506103515625 252.243743896484375 244.0625 235.46875 228.806243896484375
196.931243896484375 198.0437469482421875 202.475006103515625 208.875 216.318756103515625 225.4875030517578125 236.3874969482421875 247.037506103515625 258.26873779296875 270.38751220703125 281.631256103515625 290.056243896484375 295.23748779296875 296.54998779296875 294.212493896484375 289.42498779296875 285.98126220703125 283.524993896484375 281.88751220703125 281.26873779296875 275.09375 268.649993896484375 263.256256103515625 259.78125 254.90625 248.100006103515625 244.431243896484375 243.806243896484375 244.243743896484375 244.96875 243.212493896484375 238.524993896484375 232.3249969482421875 226.34375 225.8249969482421875 231.4875030517578125 242.3125 259 273.25 270.006256103515625 260.337493896484375 252.5124969482421875 244.0187530517578125 236.024993896484375 230.493743896484375
194.25 196.568756103515625 202.8125 210.7062530517578125 219.0437469482421875 228.9749908447265625 240.6687469482421875 252.181243896484375 263.98748779296875 276.40625 289.23126220703125 300.712493896484375 309.21875 311.64373779296875 309.600006103515625 304.743743896484375 297.493743896484375 290.98748779296875 291.506256103515625 291.26251220703125 287.037506103515625 279.64373779296875 271.475006103515625 265.38751220703125 259.51251220703125 252.78125 248.3312530517578125 249.0124969482421875 250.962493896484375 252.5187530517578125 249.712493896484375 239.4562530517578125 230.1999969482421875 221.65625 217.618743896484375 220.21875 234.8000030517578125 251.975006103515625 264.98126220703125 264.693756103515625 255.962493896484375 248.568756103515625 241.3000030517578125 234.6750030517578125 230.0500030517578125
190.743743896484375 194.4812469482421875 201.7687530517578125 210.0812530517578125 219.7062530517578125 231.462493896484375 243.3062591552734375 256.28125 269.42498779296875 282.13751220703125 296.57501220703125 309.70001220703125 321.6875 329.34375 325.774993896484375 316.962493896484375 307.600006103515625 298.625 297.037506103515625 298.443756103515625 295.756256103515625 288.89373779296875 276.26873779296875 269.04998779296875 262.868743896484375 257.45623779296875 255.0500030517578125 255.8000030517578125 258.743743896484375 261.61248779296875 259.11248779296875 245.837493896484375 231.274993896484375 216.337493896484375 207.193756103515625 210.662506103515625 225.350006103515625 241.2624969482421875 252.5812530517578125 253.9375 249.068756103515625 242.381256103515625 236.975006103515625 232.087493896484375 228.4875030517578125
187.568756103515625 191.5500030517578125 199.65625 208.9187469482421875 220.125 233.03125 246.4875030517578125 259.34375 272.868743896484375 286.225006103515625 300.48126220703125 315.34375 331.78125 346.29998779296875 339.618743896484375 323.61248779296875 310.10626220703125 303.024993896484375 301.399993896484375 302.86248779296875 296.456268310546875 287.306243896484375 279.20001220703125 271.79998779296875 265.600006103515625 260.506256103515625 260.25 262.681243896484375 264.225006103515625 265.98126220703125 261.443756103515625 250.4812469482421875 231.693756103515625 211.212493896484375 196.274993896484375 202.056243896484375 219.868743896484375 235.899993896484375 245.1437530517578125 247.1437530517578125 242.53125 236.1875 233.59375 230.618743896484375 228.1750030517578125
