data/historical-monthly-weather-data/wc2.1_cruts4.09_10m_prec_2004-05.asc
ncols        45
nrows        45
xllcorner    -63.500000000000
yllcorner    -7.500000000000
cellsize     0.166666666667
NODATA_value -9999
[rows 20 to 39 of 45, columns 0 to 43 of 45]
239.5 258.725006103515625 275.975006103515625 289.20001220703125 302.181243896484375 322.48748779296875 338.73748779296875 349.975006103515625 354.54376220703125 353.60626220703125 354.243743896484375 356.67498779296875 352.78125 347.818756103515625 338.29376220703125 331.92498779296875 320.09375 320.881256103515625 331.54998779296875 336.95623779296875 357.96875 376.993743896484375 392.568756103515625 394.63751220703125 391.48126220703125 377.975006103515625 351.45001220703125 333.524993896484375 317.162506103515625 301.54998779296875 290.131256103515625 283.125 270.243743896484375 261.03125 257.71875 259.556243896484375 259.318756103515625 254.993743896484375 244.0749969482421875 229.78125 216.34375 203.3125 194.3874969482421875 190.875
233.243743896484375 244.5 266.26873779296875 287.725006103515625 302.54998779296875 319.125 338.537506103515625 354.54376220703125 360.475006103515625 360.76251220703125 359.649993896484375 357.431243896484375 351.95623779296875 345.181243896484375 342.48748779296875 333.20623779296875 338.61248779296875 336.36248779296875 344.712493896484375 347.16876220703125 352.743743896484375 368.01873779296875 382.08123779296875 377.07501220703125 365.868743896484375 358.96875 347.86248779296875 329.73748779296875 321.1875 308.14373779296875 291.40625 276.256256103515625 268.899993896484375 263.649993896484375 255.6125030517578125 252.462493896484375 252.037506103515625 247.568756103515625 236.6875 223.568756103515625 211.96875 200.318756103515625 191.3937530517578125 186.2687530517578125
227.431243896484375 246.399993896484375 267.243743896484375 289.29998779296875 304.975006103515625 320.34375 329.318756103515625 347.16876220703125 362.087493896484375 364.256256103515625 360.337493896484375 356.33123779296875 356.04998779296875 349.931243896484375 347.350006103515625 342.337493896484375 341.556243896484375 342.662506103515625 346.256256103515625 349.443756103515625 357.41876220703125 360.96875 369.46875 362.243743896484375 357.787506103515625 348.524993896484375 332.75 323.82501220703125 316.1875 302.100006103515625 284.21875 273.54998779296875 270.068756103515625 263.67498779296875 257.649993896484375 246.524993896484375 241.256256103515625 238.881256103515625 232.8000030517578125 220.037506103515625 207.149993896484375 196.8562469482421875 187.8562469482421875 182.274993896484375
218.6687469482421875 239.7062530517578125 264.45623779296875 284.71875 300.33123779296875 312.16876220703125 332.07501220703125 346.443756103515625 353.131256103515625 354.162506103515625 354.54376220703125 358.350006103515625 355.96875 353.64373779296875 348.493743896484375 344.037506103515625 342.95001220703125 346.96875 351.993743896484375 356.83123779296875 357.17498779296875 360.806243896484375 362.91876220703125 360.90625 351.01251220703125 335.625 324.274993896484375 316.26873779296875 310.91876220703125 303.57501220703125 293.46875 284.0625 280.443756103515625 272.17498779296875 263.475006103515625 247.5 243.8874969482421875 237.537506103515625 228.3125 216.524993896484375 203.0187530517578125 194.712493896484375 186.9875030517578125 179.693756103515625
215 236.462493896484375 259.512481689453125 284.51251220703125 303.54376220703125 316.743743896484375 326.756256103515625 340.8125 345.85626220703125 349.912506103515625 349.83123779296875 350.118743896484375 352.806243896484375 349.92498779296875 344.76873779296875 343.9375 347.64373779296875 350.51873779296875 352.88751220703125 357.51251220703125 361.537506103515625 360.67498779296875 364.212493896484375 358.07501220703125 346.67498779296875 340.618743896484375 328.59375 321.08123779296875 314.100006103515625 311.725006103515625 302.92498779296875 300.04376220703125 294.475006103515625 284.524993896484375 268.90625 254.149993896484375 246.243743896484375 233.6999969482421875 223.193756103515625 211.756256103515625 199.9187469482421875 190.6999969482421875 183.5124969482421875 174.8874969482421875
217.256256103515625 239.8249969482421875 256.681243896484375 280.26251220703125 295.58123779296875 306.912506103515625 315.64373779296875 327.71875 329.13751220703125 329.587493896484375 339.149993896484375 343.412506103515625 341.725006103515625 340.712493896484375 344.20623779296875 344.26251220703125 348.58123779296875 351.75 353.95623779296875 356.5625 360.29376220703125 359.34375 362.149993896484375 351.3125 344.70623779296875 337.412506103515625 333.625 325.756256103515625 317.537506103515625 315.88751220703125 313.95001220703125 318.95001220703125 313.8125 294.975006103515625 275.70001220703125 260.63751220703125 245.9499969482421875 232.962493896484375 217.118743896484375 205.087493896484375 194.568756103515625 184.46875 175.806243896484375 170.037506103515625
219.1062469482421875 232.774993896484375 251.25 269.60626220703125 282.79998779296875 293.5625 301.3125 307.568756103515625 311.73748779296875 322.35626220703125 329.412506103515625 329.712493896484375 331.8125 333.287506103515625 337.068756103515625 341.20001220703125 342.975006103515625 344.056243896484375 353.5 355.13751220703125 354.962493896484375 356.04376220703125 358.381256103515625 353.45623779296875 346.225006103515625 339.462493896484375 334.35626220703125 326.03125 318.98126220703125 314.368743896484375 317.34375 322.306243896484375 322.46875 298.26251220703125 274.98126220703125 257.225006103515625 244.875 228.5625 212.9875030517578125 201.0812530517578125 189.8000030517578125 180.5749969482421875 172.818756103515625 165.625
222.6125030517578125 231.1687469482421875 245.0124969482421875 256.524993896484375 268.631256103515625 279.975006103515625 288.60626220703125 292.4375 299.46875 309.568756103515625 315.26873779296875 315.881256103515625 318.743743896484375 320.29998779296875 327.21875 328.79376220703125 335.381256103515625 343.774993896484375 353.26251220703125 357.024993896484375 356.73126220703125 354.9375 360.71875 353.381256103515625 346.818756103515625 337.5 332.32501220703125 323.34375 316.76251220703125 313.087493896484375 313.26251220703125 314.20623779296875 309.17498779296875 289.725006103515625 272.149993896484375 254.368743896484375 238.462493896484375 225.1125030517578125 211.7312469482421875 197.3937530517578125 184.899993896484375 178.1999969482421875 171.34375 165.725006103515625
221.712493896484375 228.2687530517578125 236.3562469482421875 245.1750030517578125 254.131256103515625 259.568756103515625 265.868743896484375 275.875 287.912506103515625 294.17498779296875 300.850006103515625 304.306243896484375 306.41876220703125 311.899993896484375 321.712493896484375 329.649993896484375 336.26873779296875 342.33123779296875 349.693756103515625 354.975006103515625 355.61248779296875 353.53125 356.21875 348.412506103515625 340.92498779296875 328.67498779296875 323.618743896484375 317.524993896484375 310.21875 304.51251220703125 302.78125 297.95001220703125 289.8125 275.58123779296875 264.08123779296875 247.850006103515625 233.399993896484375 218.3874969482421875 205.625 191.9250030517578125 177.318756103515625 169.681243896484375 167.25 166.2937469482421875
218.0124969482421875 220.8874969482421875 224.0500030517578125 226.6999969482421875 232.006256103515625 241.006256103515625 248.4375 261.181243896484375 270.787506103515625 275.71875 284.306243896484375 289.787506103515625 294.493743896484375 302.131256103515625 312 320.631256103515625 327.40625 338.98126220703125 344.581268310546875 346.23126220703125 347.537506103515625 349.04376220703125 350.39373779296875 340.3125 328.20623779296875 322.681243896484375 312.600006103515625 301.23748779296875 293.65625 288.850006103515625 286.48126220703125 279.431243896484375 271.48748779296875 261.92498779296875 252.4250030517578125 236.34375 227.287506103515625 214.0749969482421875 200.962493896484375 192.21875 181.4187469482421875 173.3312530517578125 167.6125030517578125 163.7249908447265625
213.368743896484375 212.287506103515625 211.3562469482421875 213.681243896484375 218.03125 225.875 236.243743896484375 245.431243896484375 254.806243896484375 262.524993896484375 270.975006103515625 275.66876220703125 285.20001220703125 289.662506103515625 299.60626220703125 310.912506103515625 320.17498779296875 328.5625 336.51873779296875 342.100006103515625 339.23748779296875 338.475006103515625 339.83123779296875 326.45001220703125 314.54998779296875 311.38751220703125 299.39373779296875 286.0625 278.225006103515625 272.10626220703125 270.237518310546875 261.38751220703125 253.756256103515625 246.381256103515625 237.53125 222.850006103515625 214.65625 206.2687530517578125 197.96875 188.837493896484375 182.375 174.4812469482421875 168.5 162.3312530517578125
203.8249969482421875 200.087493896484375 198.78125 200.6875 205.243743896484375 211.181243896484375 223.681243896484375 229.618743896484375 238.1750030517578125 245.399993896484375 253.7687530517578125 258.34375 267.63751220703125 277.225006103515625 286.41876220703125 298.725006103515625 303.82501220703125 311.337493896484375 319.51873779296875 326.318756103515625 322.92498779296875 323.225006103515625 323.32501220703125 312.649993896484375 306.07501220703125 297.70623779296875 285.881256103515625 271.04998779296875 259.26251220703125 254.912506103515625 248.381256103515625 242.131256103515625 234.431243896484375 227.9250030517578125 221.7375030517578125 210.1125030517578125 202 195.7624969482421875 188.556243896484375 185.131256103515625 179.787506103515625 174.09375 169.493743896484375 166.7312469482421875
191.7937469482421875 189.087493896484375 187.243743896484375 189.568756103515625 190.931243896484375 195.693756103515625 204.78125 211.1062469482421875 219.412506103515625 228.899993896484375 241.756256103515625 247.587493896484375 256.506256103515625 267.79998779296875 274.8125 281.287506103515625 286.04376220703125 296.4375 300.53125 306.243743896484375 302.45623779296875 304.381256103515625 302.493743896484375 295.712493896484375 288.649993896484375 281.70623779296875 268.11248779296875 254.850006103515625 241.2624969482421875 235.318756103515625 230.287506103515625 223.4812469482421875 214.9187469482421875 212.181243896484375 205.8249969482421875 199.2624969482421875 189.9812469482421875 184.9187469482421875 179.5562591552734375 179.524993896484375 175.2687530517578125 172.8000030517578125 169.8625030517578125 169.25
180.4499969482421875 177.0625 177.4562530517578125 178.493743896484375 180.5625 183.037506103515625 188.3125 192.587493896484375 199.962493896484375 209.4812469482421875 221.5124969482421875 232.8874969482421875 241.350006103515625 250.256256103515625 258.54376220703125 266.61248779296875 271.90625 279.48126220703125 280.662506103515625 282.962493896484375 283.64373779296875 285.787506103515625 284.212493896484375 275.431243896484375 269.524993896484375 261.42498779296875 247.850006103515625 234.5749969482421875 224.162506103515625 217.9875030517578125 212.8562469482421875 206.28125 199.5812530517578125 194.2062530517578125 189.993743896484375 183.899993896484375 178.193756103515625 171.3874969482421875 170.28125 169.9499969482421875 167.2312469482421875 168.068756103515625 169.087493896484375 169.6750030517578125
168.46875 165.6875 166.631256103515625 168.5 170.21875 171.5749969482421875 172.2624969482421875 175.7312469482421875 179.8249969482421875 189.71875 203.256256103515625 215.712493896484375 229.2375030517578125 241.5187530517578125 247.8562469482421875 253.0687408447265625 256.193756103515625 262.381256103515625 263.274993896484375 261.787506103515625 262.45623779296875 262.09375 262.756256103515625 254.618743896484375 248.1999969482421875 240.9562530517578125 231.381256103515625 220.125 209.7125091552734375 204.34375 197.756256103515625 191.2312469482421875 183.03125 178.743743896484375 170.1687469482421875 166.5749969482421875 160.65625 160.2624969482421875 160.056243896484375 159.5625 158.568756103515625 158.375 160.1687469482421875 163.1875
160.3562469482421875 159.162506103515625 158.5124969482421875 159.2312469482421875 159.6374969482421875 160.0812530517578125 159.25 161.899993896484375 165.3874969482421875 171.006256103515625 181.75 198.681243896484375 215.84375 227.1999969482421875 234.693756103515625 238.3000030517578125 240.4875030517578125 242.125 244.743743896484375 242.4187469482421875 242.712493896484375 242.100006103515625 241.412506103515625 235.2937469482421875 228.568756103515625 221.4250030517578125 215.774993896484375 206.693756103515625 195.3312530517578125 189.587493896484375 184.131256103515625 177.774993896484375 169.84375 162.21875 155.78125 152.1125030517578125 152.6687469482421875 149.3937530517578125 149.8249969482421875 152.368743896484375 151.2687530517578125 153.46875 154.024993896484375 156.743743896484375
153.6437530517578125 153.600006103515625 152.5749969482421875 152.712493896484375 153.40625 151.899993896484375 150.931243896484375 150.1999969482421875 151.6125030517578125 151.6750030517578125 167.181243896484375 191.868743896484375 207.2312469482421875 216.6687469482421875 221.9499969482421875 224.53125 224.15625 224.0562591552734375 225.368743896484375 221.287506103515625 222.100006103515625 221.625 218.9812469482421875 213.7624969482421875 208.649993896484375 204.943756103515625 198.756256103515625 190.6875 181.375 176.75 172.475006103515625 167.4124908447265625 159.212493896484375 149.84375 144.475006103515625 143.662506103515625 143.3937530517578125 142.756256103515625 142.431243896484375 143.0500030517578125 142.412506103515625 142.7937469482421875 146.9812469482421875 150.412506103515625
147.5625 147.3125 147.837493896484375 147.274993896484375 148.568756103515625 147.4562530517578125 146.1187591552734375 143.975006103515625 144.712493896484375 144.0500030517578125 168.1875 192.53125 202.912506103515625 210.4499969482421875 212.75 213.2624969482421875 211.306243896484375 211.024993896484375 208.7624969482421875 206.1687469482421875 203.037506103515625 201.962493896484375 199.5 194.96875 190.6062469482421875 187.131256103515625 180.3625030517578125 177.7375030517578125 171.4000091552734375 165.6125030517578125 160.318756103515625 155.8312530517578125 149.375 139.8000030517578125 132.600006103515625 132.8249969482421875 134.8249969482421875 134.556243896484375 136.787506103515625 135.962493896484375 135.931243896484375 136.9250030517578125 136.7312469482421875 137.65625
138.931243896484375 139.0749969482421875 139.84375 140.787506103515625 140.40625 140.7687530517578125 142.2312469482421875 144.65625 151.118743896484375 165.1750030517578125 192.618743896484375 200.8125 201.59375 205.5625 206.193756103515625 205.46875 203.787506103515625 201.6687469482421875 198.90625 194.006256103515625 188.087493896484375 183.65625 182.037506103515625 179.881256103515625 174.993743896484375 171.8625030517578125 169.306243896484375 167.743743896484375 161.59375 158.287506103515625 151.9250030517578125 144.4499969482421875 140.212493896484375 135.100006103515625 132.131256103515625 131.318756103515625 131.0625 132.756256103515625 131.462493896484375 129 130.59375 130.9250030517578125 129.46875 131.4187469482421875
132.4499969482421875 132.399993896484375 134.4375 135.7062530517578125 136.931243896484375 138.25 139.7687530517578125 147.15625 156.8625030517578125 170.6875 185.1687469482421875 194.725006103515625 195.8125 197.350006103515625 199.6062469482421875 196.9562530517578125 193.7687530517578125 190.25 185.537506103515625 181.3312530517578125 173.4250030517578125 168.756256103515625 163.8874969482421875 162.0187530517578125 160.0437469482421875 158.881256103515625 156.8625030517578125 155.787506103515625 151.9375 149.037506103515625 145.350006103515625 142.037506103515625 138.0812530517578125 135.0124969482421875 132.6999969482421875 130.9250030517578125 129.681243896484375 130.712493896484375 128.9250030517578125 124.11875152587890625 123.96250152587890625 124.0749969482421875 121.56874847412109375 120.94374847412109375
