data/historical-monthly-weather-data/wc2.1_cruts4.09_10m_prec_2023-03.asc
ncols        45
nrows        45
xllcorner    -63.500000000000
yllcorner    -7.500000000000
cellsize     0.166666666667
NODATA_value -9999
[rows 0 to 19 of 45, columns 0 to 44 of 45]
200.8562469482421875 201.256256103515625 195.21875 193.8874969482421875 190.243743896484375 184.6374969482421875 175.6750030517578125 166.806243896484375 159.2062530517578125 154.78125 153.649993896484375 154.649993896484375 156.024993896484375 155.4499969482421875 156.4875030517578125 157.568756103515625 160.6437530517578125 161.818756103515625 165.2375030517578125 168.5625 173.7062530517578125 178.2375030517578125 183.618743896484375 187.875 194.1125030517578125 200.537506103515625 207.837493896484375 218.412506103515625 228.1750030517578125 234.0500030517578125 243.65625 250.4562530517578125 256.11248779296875 263.51251220703125 269.806243896484375 273.29376220703125 274.92498779296875 276.712493896484375 278.09375 277.75 277.4375 276.23748779296875 273.40625 271.412506103515625 266.83123779296875
208.631256103515625 211.524993896484375 213.337493896484375 215.806243896484375 216.96875 212.65625 204.943756103515625 198.3874969482421875 194.0124969482421875 190.649993896484375 189.7375030517578125 189.962493896484375 190.5625 190.006256103515625 189.9375 190.381256103515625 192.337493896484375 194.693756103515625 197.25 200.2062530517578125 204.3874969482421875 208.5187530517578125 213.6437530517578125 217.7624969482421875 222.46875 227.9250030517578125 233.8625030517578125 243.4812469482421875 251.287506103515625 255.9499969482421875 262.149993896484375 269.287506103515625 271.743743896484375 278.26873779296875 280.57501220703125 282.931243896484375 284.399993896484375 284.38751220703125 284.04998779296875 281.76873779296875 280.600006103515625 277.95623779296875 273.82501220703125 270.225006103515625 265.48748779296875
209.8874969482421875 215.6999969482421875 222.2624969482421875 228.8874969482421875 232.9812469482421875 231.3000030517578125 229.0187530517578125 227.1750030517578125 224.8937530517578125 223.5124969482421875 221.0625 219.71875 219.84375 219.2375030517578125 219.087493896484375 220.600006103515625 222.493743896484375 225.4937591552734375 227.850006103515625 230.7312469482421875 235.212493896484375 239.90625 243.631256103515625 247.693756103515625 252.0812530517578125 255.181243896484375 260.149993896484375 267.931243896484375 273 275 279.91876220703125 284.662506103515625 286.53125 288.543731689453125 291.95001220703125 291.15625 292.03125 292.85626220703125 290.29998779296875 287.243743896484375 283.912506103515625 279.33123779296875 273.75 268.04998779296875 264
207.65625 217.0625 229.8625030517578125 240.1062469482421875 248.3249969482421875 249.4187469482421875 251.368743896484375 254.3000030517578125 256.41876220703125 256.79376220703125 253.787506103515625 250.056243896484375 247.806243896484375 246.493743896484375 247.318756103515625 249.2687530517578125 253.3312530517578125 257.54998779296875 260.850006103515625 263.681243896484375 269.10626220703125 272.568756103515625 274.287506103515625 277.375 280.79376220703125 282.86248779296875 286.25 289.725006103515625 292.6875 293.64373779296875 294.60626220703125 298.89373779296875 298.556243896484375 298.46875 299.36248779296875 299.912506103515625 300.699981689453125 300.95001220703125 298.04998779296875 292.41876220703125 285.45001220703125 280.024993896484375 273.40625 265.86248779296875 261.23126220703125
210.8937530517578125 220.7312469482421875 233.8625030517578125 249.0187530517578125 261.51251220703125 266.181243896484375 270.368743896484375 277.45001220703125 284.64373779296875 289.306243896484375 285.3125 278.443756103515625 275.32501220703125 275.587493896484375 276.087493896484375 279.787506103515625 284.399993896484375 290.556243896484375 293.287506103515625 295.375 301.068756103515625 303.137481689453125 305.4375 308.09375 309.881256103515625 310.943756103515625 310.4375 311.399993896484375 314.850006103515625 311.375 311.318756103515625 311.04376220703125 311.181243896484375 310.337493896484375 309.375 309.75 309.725006103515625 308.6875 304.66876220703125 296.287506103515625 288.181243896484375 279.88751220703125 271.45623779296875 263.524993896484375 257.33123779296875
212.131256103515625 225.024993896484375 241.8249969482421875 256.34375 267.51873779296875 274.66876220703125 280.96875 288.993743896484375 298.649993896484375 307.04376220703125 301.6875 295.725006103515625 295.587493896484375 296.39373779296875 299.037506103515625 303.850006103515625 309.975006103515625 316.225006103515625 320.568756103515625 322.431243896484375 326.48126220703125 329.149993896484375 331.225006103515625 331.79998779296875 332.212493896484375 333.26873779296875 331.662506103515625 329.993743896484375 329.618743896484375 326.149993896484375 323.25 321.943756103515625 319.0625 319.90625 319.66876220703125 319 320.48126220703125 319.25 313.693756103515625 304.79376220703125 292.899993896484375 283.29998779296875 273.33123779296875 263.60626220703125 256.243743896484375
211.131256103515625 226.15625 243.90625 258.14373779296875 268.774993896484375 276.26251220703125 283.39373779296875 289.60626220703125 294.64373779296875 299.33123779296875 303.225006103515625 304.899993896484375 309.0625 313.556243896484375 318.774993896484375 325.04376220703125 332.40625 337.712493896484375 341.84375 347.38751220703125 350.09375 353.59375 354.818756103515625 354.625 354.462493896484375 353.35626220703125 350.70623779296875 347.08123779296875 342.806243896484375 336.375 334.76873779296875 331.493743896484375 327.88751220703125 325.71875 325.225006103515625 326.193756103515625 326.943756103515625 326.11248779296875 322.193756103515625 310.15625 293.79998779296875 283.04376220703125 271.743743896484375 260.993743896484375 254.90625
206.975006103515625 223.8937530517578125 241.28125 257.09375 270.54376220703125 278.71875 283 283.57501220703125 281.91876220703125 287.25 299.600006103515625 309.63751220703125 320.131256103515625 329.28125 336.42498779296875 344.38751220703125 350.712493896484375 354.993743896484375 360.225006103515625 366.868743896484375 371.443756103515625 375.412506103515625 377.556243896484375 376.0625 376.912506103515625 373.181243896484375 367.287506103515625 361.662506103515625 354.256256103515625 346.0625 340.96875 339.3125 334.056243896484375 330.868743896484375 329.29376220703125 329.962493896484375 331.07501220703125 330.03125 323.712493896484375 309.649993896484375 292.67498779296875 280.48126220703125 268.087493896484375 256.181243896484375 249.212493896484375
204.0124969482421875 223.34375 241.975006103515625 258.76873779296875 272.475006103515625 281.3125 285.868743896484375 285.1875 277.13751220703125 278.92498779296875 296.943756103515625 312.181243896484375 326.875 336.8125 345.556243896484375 354.5625 361.26873779296875 365.53125 372.662506103515625 379.381256103515625 381.41876220703125 387.73126220703125 390.73126220703125 395.537506103515625 396.34375 390.712493896484375 380.15625 370.681243896484375 363.17498779296875 351.91876220703125 345.25 341.67498779296875 336.149993896484375 331.818756103515625 328.65625 330.28125 333.23748779296875 332.04998779296875 324.71875 310 292.8125 279.1875 265.868743896484375 252.6437530517578125 243.806243896484375
201.125 223.149993896484375 242.1750030517578125 259.475006103515625 274.875 285.5625 292.89373779296875 295.23126220703125 291.57501220703125 294.70623779296875 307.6875 319.568756103515625 333.95623779296875 345.28125 354.03125 363.431243896484375 371.42498779296875 375.600006103515625 381.51251220703125 387.79998779296875 390.40625 397.85626220703125 405.625 414.85626220703125 413.4375 406.743743896484375 394.225006103515625 381.67498779296875 370.17498779296875 355.48748779296875 345.475006103515625 341.71875 337.131256103515625 333.649993896484375 329.91876220703125 330.89373779296875 333.11248779296875 332.91876220703125 325.45001220703125 311.681243896484375 294.98126220703125 280.399993896484375 263.806243896484375 246.34375 238.0124969482421875
198.243743896484375 223.337493896484375 242.587493896484375 260.78125 278.15625 292.01251220703125 302.58123779296875 307.837493896484375 308.71875 313.73748779296875 322.96875 333.274993896484375 344.443756103515625 356.17498779296875 364.774993896484375 373.006256103515625 380.41876220703125 384.412506103515625 388.20623779296875 393.662506103515625 399.375 408.09375 420.78125 428.431243896484375 432.568756103515625 421.5625 406.16876220703125 393.868743896484375 379.10626220703125 360.20623779296875 348.9375 341.899993896484375 336.443756103515625 332.6875 329.41876220703125 329.712493896484375 331.26873779296875 331.21875 323.931243896484375 311.92498779296875 295.5625 278.51873779296875 259.181243896484375 239.9562530517578125 231.118743896484375
197.3562469482421875 224.7937469482421875 244.7624969482421875 264.13751220703125 281.618743896484375 298.48748779296875 312.91876220703125 321.943756103515625 325.412506103515625 330.35626220703125 338.131256103515625 346.350006103515625 355.10626220703125 365.350006103515625 376.04998779296875 383.84375 387.92498779296875 389.95001220703125 392.89373779296875 396.662506103515625 399.79376220703125 410.375 427.42498779296875 442.850006103515625 444.287506103515625 425.556243896484375 407.35626220703125 393.6875 381.54998779296875 365.993743896484375 350.29376220703125 339.79376220703125 333.181243896484375 328.51251220703125 324.34375 326.274993896484375 328.662506103515625 328.73126220703125 321.33123779296875 311.243743896484375 296.431243896484375 277.28125 254.3562469482421875 230.556243896484375 219.024993896484375
196.693756103515625 225.993743896484375 247.0124969482421875 266.118743896484375 284.98748779296875 304.25 320.649993896484375 333.625 338.6875 345.65625 354.899993896484375 362 370.662506103515625 377.21875 386.16876220703125 392.818756103515625 395.48126220703125 397.287506103515625 400.274993896484375 401.118743896484375 399.65625 409.48748779296875 425.78125 437.568756103515625 430.60626220703125 415.25 405.037506103515625 394.375 383.6875 368.975006103515625 353.006256103515625 338.25 329.32501220703125 323.78125 319.274993896484375 320.024993896484375 322.587493896484375 323.26251220703125 318.01251220703125 310.36248779296875 297.92498779296875 276.48126220703125 246.9812469482421875 220.556243896484375 206.943756103515625
195.40625 226.9250030517578125 248.350006103515625 267.881256103515625 288.04998779296875 307.26251220703125 326.8125 344.3125 353.318756103515625 361.475006103515625 370.475006103515625 377.693756103515625 384.712493896484375 392.5 395.73748779296875 401.66876220703125 403.399993896484375 403.725006103515625 405.256256103515625 406.86248779296875 408.274993896484375 414.29998779296875 423.381256103515625 427.03125 421.024993896484375 412.16876220703125 403.29376220703125 393.337493896484375 382.75 368.381256103515625 353.756256103515625 338.056243896484375 325.79376220703125 317.26251220703125 311.95001220703125 313.51873779296875 317.04376220703125 317.412506103515625 312.17498779296875 304.38751220703125 292.10626220703125 266.42498779296875 238.743743896484375 215.21875 203.068756103515625
195.96875 227.21875 249.0437469482421875 270.11248779296875 291.23126220703125 311.568756103515625 333.73126220703125 354.193756103515625 364.1875 373.26873779296875 383.618743896484375 390.65625 397.350006103515625 403.98126220703125 403.931243896484375 407.88751220703125 408.60626220703125 410.037506103515625 410.23748779296875 411.17498779296875 413.5 417.04998779296875 421.25 421.806243896484375 418.65625 414.399993896484375 405.100006103515625 394.600006103515625 384.493743896484375 370.743743896484375 353.16876220703125 335.98126220703125 323.818756103515625 310.88751220703125 302.53125 305.48126220703125 310.056243896484375 310.149993896484375 301.33123779296875 288.41876220703125 270.85626220703125 251.53125 232.5437469482421875 212.6437530517578125 202.368743896484375
195.3562469482421875 227.181243896484375 249.787506103515625 271.38751220703125 293.5 316.96875 340.056243896484375 361.54376220703125 374.756256103515625 386.17498779296875 395.975006103515625 404.03125 410.850006103515625 416.20001220703125 415.73126220703125 414.95623779296875 413.943756103515625 415.16876220703125 414.84375 416.149993896484375 416.881256103515625 418.01251220703125 419.881256103515625 418.837493896484375 415.975006103515625 413.54998779296875 405.100006103515625 395.818756103515625 387.375 373.42498779296875 356.975006103515625 338.5 323.162506103515625 309.868743896484375 299.66876220703125 306.95001220703125 308.712493896484375 301.42498779296875 288.01251220703125 272.931243896484375 255.431243896484375 240.5 225.337493896484375 209.40625 200.375
195.243743896484375 227.8874969482421875 250.09375 272.556243896484375 296.118743896484375 320.725006103515625 346.806243896484375 370.256256103515625 384.38751220703125 397.131256103515625 407.41876220703125 416.58123779296875 424.212493896484375 427.86248779296875 428.35626220703125 424.693756103515625 418.475006103515625 416.90625 417.95623779296875 418.443756103515625 418.26873779296875 418.8125 420.10626220703125 418.10626220703125 415.868743896484375 411.225006103515625 403.42498779296875 395.806243896484375 386.787506103515625 375.23126220703125 360.162506103515625 342.3125 327.881256103515625 318.368743896484375 319.306243896484375 321.73748779296875 313.45001220703125 298.13751220703125 279.193756103515625 260.79376220703125 244.931243896484375 232.09375 218.09375 204.631256103515625 197.6374969482421875
195.475006103515625 228.2062530517578125 251.7062530517578125 275.318756103515625 299.67498779296875 324.76251220703125 350.76251220703125 375.83123779296875 391.42498779296875 404.78125 416.818756103515625 428.068756103515625 434.45623779296875 439.40625 438.368743896484375 432.33123779296875 425.181243896484375 414.78125 419.04376220703125 419.131256103515625 420.243743896484375 419.524993896484375 418.337493896484375 414.90625 411.58123779296875 409.26873779296875 399.881256103515625 393.756256103515625 387.16876220703125 376.368743896484375 360.66876220703125 338.16876220703125 325.943756103515625 322.01251220703125 328.26873779296875 337.73126220703125 317.90625 294.32501220703125 271.850006103515625 253.662506103515625 235.881256103515625 223.131256103515625 210.399993896484375 197.899993896484375 192.0999908447265625
195.368743896484375 228.1437530517578125 251.868743896484375 276.21875 302.181243896484375 329.006256103515625 356.11248779296875 381.95623779296875 397.76251220703125 411.931243896484375 424.725006103515625 433.16876220703125 442.66876220703125 449.600006103515625 445.26251220703125 436.9375 427.4375 415.92498779296875 413.17498779296875 414.162506103515625 417.53125 418.73126220703125 411.04998779296875 407.693756103515625 405.3125 403.850006103515625 396.60626220703125 388.79376220703125 383.181243896484375 375.01251220703125 361.625 336.01873779296875 318.48126220703125 306.899993896484375 307.068756103515625 313.118743896484375 299.625 281.64373779296875 263.774993896484375 245.4375 228.5812530517578125 215.318756103515625 203.15625 191.71875 187.2375030517578125
193.443756103515625 226.7375030517578125 250.875 275.91876220703125 303.181243896484375 331.943756103515625 360.48748779296875 387.399993896484375 403.9375 417.618743896484375 429.95623779296875 437.881256103515625 448.8125 458.35626220703125 449.57501220703125 434.375 419.83123779296875 414.524993896484375 409.443756103515625 408.693756103515625 407.662506103515625 405.08123779296875 403.25 398.493743896484375 395.51873779296875 392.806243896484375 386.70623779296875 381.074981689453125 373.443756103515625 363.0625 347.774993896484375 326.506256103515625 302.51873779296875 280.649993896484375 266.17498779296875 268.993743896484375 272.649993896484375 266.068756103515625 253.6687469482421875 238.493743896484375 222.1062469482421875 209.0124969482421875 197.493743896484375 186.8937530517578125 183.9812469482421875
