data/historical-monthly-weather-data/wc2.1_cruts4.09_10m_prec_1992-08.asc
ncols        51
nrows        45
xllcorner    -63.500000000000
yllcorner    -7.500000000000
cellsize     0.166666666667
NODATA_value -9999
[rows 19 to 37 of 45, columns 0 to 43 of 51]
135.9562530517578125 136.71875 136.7687530517578125 138 137.631256103515625 137.3562469482421875 135.556243896484375 132.712493896484375 131.681243896484375 128.09375 123.36875152587890625 116.77500152587890625 106.06874847412109375 95.2687530517578125 86.90625 78.40625 67.9499969482421875 65.36875152587890625 65.8312530517578125 69.9812469482421875 71.15625 75.84999847412109375 86.4375 95.7687530517578125 102.36875152587890625 104.80625152587890625 104.15625 100.0187530517578125 92.94374847412109375 82 77.33750152587890625 86.1437530517578125 93.1125030517578125 101.625 110.53125 113.19374847412109375 112.86875152587890625 111.3562469482421875 104.41249847412109375 93.9562530517578125 80.9875030517578125 71.28749847412109375 63.84999847412109375 57.40000152587890625
124.06874847412109375 127.9250030517578125 130.818756103515625 132.5812530517578125 131.03125 130.899993896484375 130.912506103515625 129.84375 129.631256103515625 126.53749847412109375 123.15625 118.4562530517578125 107.6125030517578125 96.4187469482421875 86.53125 77.8937530517578125 69.24375152587890625 64.0749969482421875 65.9187469482421875 68.31874847412109375 73.71250152587890625 80.7375030517578125 88.84999847412109375 98.46875 107.75 108.5500030517578125 103.06874847412109375 98.75 94.4562530517578125 90.6875 89.5187530517578125 93.6374969482421875 96.5500030517578125 100.8937530517578125 108.71875 110.625 112.18125152587890625 110.56874847412109375 102.6437530517578125 93.2624969482421875 81.375 72.97499847412109375 66.1125030517578125 59.18125152587890625
116.74375152587890625 118.68125152587890625 122.5437469482421875 126.3874969482421875 127.28749847412109375 126.52500152587890625 128.181243896484375 126.4375 127.44374847412109375 124.7312469482421875 124.21875 123.5 119.5 109.09999847412109375 97.53749847412109375 85.04999542236328125 78.50624847412109375 73.66249847412109375 73.3562469482421875 75.125 76.02500152587890625 81.2375030517578125 89.1999969482421875 97.5500030517578125 103.96875 106.74375152587890625 109.5500030517578125 104.8125 101.8874969482421875 97.8625030517578125 95.5749969482421875 95.71875 97.3000030517578125 100.8312530517578125 103.03749847412109375 105.0500030517578125 108.6437530517578125 109.53125 102.9812469482421875 93.25 82.15625 73.83750152587890625 66.09999847412109375 60.924999237060546875
109.75624847412109375 115.09999847412109375 120.3562469482421875 122.8937530517578125 124.9375 124.8937530517578125 123.46250152587890625 121.59375 124.61875152587890625 126.8937530517578125 130.149993896484375 132.65625 133.28125 124.22499847412109375 109.59375 95.75 85.6875 80.66249847412109375 79.15625 78.97499847412109375 80.25 84.86875152587890625 91.0749969482421875 94.21875 102.21250152587890625 108.25 110.7624969482421875 109.91249847412109375 105.65000152587890625 99.41249847412109375 96.3249969482421875 96.46875 97.06874847412109375 97.21250152587890625 97.05625152587890625 94.9375 98.7624969482421875 104.8312530517578125 101.625 91.83750152587890625 82.3625030517578125 73.625 66.2687530517578125 60.96250152587890625
104.3000030517578125 110.50624847412109375 117.02500152587890625 117.5749969482421875 118.6687469482421875 119.63750457763671875 120.8249969482421875 121.8125 121.4250030517578125 125.71250152587890625 130.5437469482421875 138.662506103515625 142.399993896484375 132.506256103515625 118.08750152587890625 104.46875 94.44374847412109375 88.2937469482421875 85.3000030517578125 84.8874969482421875 85.8937530517578125 89.1687469482421875 92.44374847412109375 97.00624847412109375 102.375 105.68125152587890625 110.33750152587890625 107.15000152587890625 104.5437469482421875 100.38124847412109375 98.0124969482421875 96.8625030517578125 96.83750152587890625 94.19374847412109375 92.56874847412109375 88.90000152587890625 91.5 97.8937530517578125 96.34999847412109375 88.16249847412109375 79.3874969482421875 71.9250030517578125 64.88124847412109375 59.268749237060546875
100.9812469482421875 106.0187530517578125 111.9187469482421875 115.4187469482421875 117.6999969482421875 118.09375 118.30625152587890625 119.8937530517578125 121.9187469482421875 126.24375152587890625 129.568756103515625 134.6750030517578125 137.568756103515625 131.0812530517578125 120.03749847412109375 109.43125152587890625 100.6437530517578125 94.1374969482421875 90.4250030517578125 89.50624847412109375 90.36875152587890625 91.99375152587890625 94.4375 97.96875 100.4875030517578125 104.9499969482421875 105.5 103.4875030517578125 101.53125 98.99375152587890625 96.46250152587890625 94.8125 94.49375152587890625 93.56874847412109375 91.31874847412109375 87.6437530517578125 89.40625 90.75 88.86875152587890625 83.3874969482421875 76.05625152587890625 70.09999847412109375 64.0500030517578125 59.137500762939453125
100.40625 104.31874847412109375 107.125 112.2624969482421875 113.31874847412109375 114.1687469482421875 114.9375 118.06874847412109375 118.40000152587890625 120.65625 124.25624847412109375 127.875 129.5124969482421875 123.99375152587890625 117.59999847412109375 108.9187469482421875 102.3125 97.3562469482421875 92.8625030517578125 92.49375152587890625 93.4875030517578125 93.84375 96.375 97.2375030517578125 98.4875030517578125 100.96250152587890625 101.8562469482421875 100.22499847412109375 99.2375030517578125 97.78749847412109375 95.19374847412109375 93.8125 92.3562469482421875 91.03125 88.83750152587890625 87.40625 87.34999847412109375 85.90625 84.1750030517578125 78.38124847412109375 72.65000152587890625 67.53749847412109375 62.924999237060546875 59.081249237060546875
101.00624847412109375 102.30625152587890625 105.43125152587890625 108.49375152587890625 109.65000152587890625 110.3874969482421875 112.6750030517578125 113.75 113 116.72499847412109375 120.50624847412109375 120.53125 120.6125030517578125 117.21875 113.375 107.05625152587890625 102.36875152587890625 97.6437530517578125 94.6999969482421875 92.40000152587890625 91.53125 92.7624969482421875 93.65625 95.55625152587890625 96.2062530517578125 95.6125030517578125 97.41249847412109375 96.4562530517578125 94.93125152587890625 92.9250030517578125 92.0187530517578125 89.84999847412109375 89.5749969482421875 88.81874847412109375 86.4187469482421875 85.1437530517578125 83.10625457763671875 81.80625152587890625 78.50624847412109375 73.28125 68.16249847412109375 64.1875 61.72499847412109375 57.61875152587890625
103.5 100.25 102.6999969482421875 105.0500030517578125 106.5500030517578125 106.125 107.875 109.25 109.90000152587890625 112.375 113.1374969482421875 112.5500030517578125 112.34375 111.21875 107.3562469482421875 103.52500152587890625 100.96250152587890625 96.99375152587890625 94.3625030517578125 91.75624847412109375 91 89.52500152587890625 91.6687469482421875 92.6062469482421875 92.18125152587890625 90.40000152587890625 91.875 91.96250152587890625 91.2375030517578125 89.81874847412109375 87.93125152587890625 85.7687530517578125 85.8249969482421875 84.65625 84.5500030517578125 82.11875152587890625 79.1437530517578125 77.28125 74.7062530517578125 70.72499847412109375 65.81874847412109375 63.106250762939453125 60.9375 59.331249237060546875
102.68125152587890625 101.125 101.0500030517578125 102.3000030517578125 101.0124969482421875 100.875 101.1750030517578125 101.25624847412109375 104.52500152587890625 105.31874847412109375 106.0187530517578125 105.0812530517578125 104.61875152587890625 104.44374847412109375 102.25624847412109375 99.6374969482421875 98.8000030517578125 96.0187530517578125 93.43125152587890625 91.375 90.03749847412109375 88.41249847412109375 89.1999969482421875 88.5437469482421875 88.28749847412109375 85.8000030517578125 87.28125 87.00624847412109375 86.11249542236328125 84.90625 83.0625 81.84375 80.84375 79.53125 79.9875030517578125 79.43125152587890625 77.5 75.8000030517578125 73.34999847412109375 68.8249969482421875 63.15000152587890625 61.05625152587890625 60.081249237060546875 60.143749237060546875
102.0625 100.6999969482421875 99.4375 97.43125152587890625 96.2624969482421875 96.13124847412109375 95.4562530517578125 96.7624969482421875 97.9250030517578125 97.7937469482421875 98.80625152587890625 98.7375030517578125 98.21250152587890625 97.5437469482421875 96.25 94.52500152587890625 93.03749847412109375 92.53125 92.25 88.6999969482421875 86.84999847412109375 86.44374847412109375 86.875 85.34999847412109375 83.7062530517578125 82.8874969482421875 82.25624847412109375 81.6437530517578125 79.28125 78.0812530517578125 77.2312469482421875 76.91249847412109375 76.16249847412109375 75.88124847412109375 76.5500030517578125 75.40625 76.09375 75.5187530517578125 72.59999847412109375 70.27500152587890625 66.6437530517578125 64.15000152587890625 61.356250762939453125 60.59375
101.1062469482421875 98.2624969482421875 94.6374969482421875 93.36875152587890625 94.00624847412109375 92.5500030517578125 91.90000152587890625 91.0187530517578125 90.9499969482421875 90.6437530517578125 90.58750152587890625 92.43125152587890625 93.61875152587890625 93.0749969482421875 90.46250152587890625 89.125 89.59999847412109375 89.49375152587890625 89.93125152587890625 87.7687530517578125 85.33750152587890625 82.375 81.88124847412109375 80.3562469482421875 78.4499969482421875 77.99375152587890625 76.1125030517578125 75.8312530517578125 74.49375152587890625 73.83750152587890625 73.6125030517578125 72.8125 71.8562469482421875 72.0437469482421875 74.05625152587890625 73.0812530517578125 73.8312530517578125 74.02500152587890625 73.4187469482421875 73.08750152587890625 69.9250030517578125 65.2687530517578125 61.65000152587890625 61.862499237060546875
99.4250030517578125 96.4250030517578125 92.1750030517578125 89.94374847412109375 90.3312530517578125 88.53125 86.875 84.53749847412109375 84.52500152587890625 84.51250457763671875 84.3249969482421875 85.40000152587890625 85.58750152587890625 86.2375030517578125 85.0749969482421875 86.2312469482421875 86.0124969482421875 85.4562530517578125 84.6875 83.53125 81.61875152587890625 80.5 78.18125152587890625 74.8249969482421875 73.41249847412109375 72.52500152587890625 70.8874969482421875 70.59999847412109375 69.0500030517578125 68.25624847412109375 68.81874847412109375 67.93125152587890625 67.5625 68.5749969482421875 68.72499847412109375 68.0500030517578125 69.27500152587890625 70.47499847412109375 70.9875030517578125 71.2624969482421875 68.75 64.4187469482421875 62.200000762939453125 60.83750152587890625
95.77500152587890625 92.13124847412109375 88.63124847412109375 86.9187469482421875 85.11875152587890625 82.625 81.59375 79.8249969482421875 78.5187530517578125 78.72499847412109375 79.9812469482421875 79.34999847412109375 78.9375 80.38124847412109375 79.6062469482421875 80.8937530517578125 80.74375152587890625 80.5749969482421875 79.3249969482421875 77.8937530517578125 75.8874969482421875 74.18125152587890625 72.3312530517578125 71.25 69.96250152587890625 68.1125030517578125 66.875 64.71250152587890625 63.856250762939453125 62.918750762939453125 63.5 62.65000152587890625 62.44374847412109375 62.918750762939453125 63.40625 63.08750152587890625 64.375 65.33750152587890625 66.1374969482421875 66.7937469482421875 64.6999969482421875 62.09999847412109375 60.143749237060546875 58.43125152587890625
91.8562469482421875 89.5500030517578125 85.9375 84.84375 80.0749969482421875 78.22499847412109375 77.5625 75.69374847412109375 73.7687530517578125 72.7375030517578125 72.56874847412109375 72.89374542236328125 73.7062530517578125 72.4187469482421875 73.15000152587890625 73.36875152587890625 74.46875 73.44374847412109375 71.8000030517578125 71.00624847412109375 69.6125030517578125 68.0749969482421875 66.9375 65.4875030517578125 65.16249847412109375 64.15000152587890625 62.74375152587890625 60.36875152587890625 60.237499237060546875 59.762500762939453125 59.59375 58.481250762939453125 57.43125152587890625 57.03749847412109375 57.93125152587890625 57.94374847412109375 59.200000762939453125 59.86875152587890625 60.94374847412109375 60.924999237060546875 61.02500152587890625 59.75624847412109375 57.918750762939453125 55.981250762939453125
89.0500030517578125 86.3125 83.34375 80.1750030517578125 76.875 74.7937469482421875 73.3125 71.44374847412109375 68.02500152587890625 67.18125152587890625 66.5 67.53125 67.09999847412109375 67.33750152587890625 67.77500152587890625 68.58750152587890625 69.2062530517578125 67.8000030517578125 66.03749847412109375 65.11875152587890625 64.0749969482421875 62.362499237060546875 60.65625 60.24375152587890625 59.737499237060546875 59.55625152587890625 58.268749237060546875 56.424999237060546875 56.52500152587890625 56.299999237060546875 55 53.375 52.47499847412109375 51.66249847412109375 52.043750762939453125 52.237499237060546875 52.549999237060546875 54.049999237060546875 55.5625 55.9375 55.700000762939453125 54.96875 54.38124847412109375 53.13124847412109375
85.9812469482421875 83.9562530517578125 80.44374847412109375 77.13124847412109375 74.3937530517578125 71.11875152587890625 68.71875 65.80625152587890625 63.03125 62.237499237060546875 62.50624847412109375 62.44374847412109375 62.924999237060546875 62.78125 62.93125152587890625 63.63124847412109375 62.97499847412109375 62.174999237060546875 59.674999237060546875 58.3125 57.75624847412109375 57.55625152587890625 55.88124847412109375 55.737499237060546875 54.956249237060546875 54.331249237060546875 53.1875 53.262500762939453125 52.40000152587890625 51.612499237060546875 50.456249237060546875 49.13124847412109375 46.950000762939453125 46.75624847412109375 46.46875 45.90625 47.331249237060546875 48.825000762939453125 49.46875 50.66249847412109375 50.77500152587890625 51.362499237060546875 50.09375 49.52500152587890625
80.61875152587890625 78.96250152587890625 75.71875 73.38124847412109375 71.0437469482421875 68.16249847412109375 65.55625152587890625 63.16249847412109375 59.612499237060546875 57.375 59.231250762939453125 60.88124847412109375 61.21875 59.93125152587890625 59.825000762939453125 58.668750762939453125 57.34375 55.81874847412109375 53.887500762939453125 51.9375 51.606250762939453125 51.63124847412109375 50.674999237060546875 50.950000762939453125 50.856250762939453125 49.59375 49.387500762939453125 49.331249237060546875 47.83750152587890625 47.21250152587890625 46.63124847412109375 44.99375152587890625 43.331249237060546875 42.11875152587890625 41.65000152587890625 41.612499237060546875 42.924999237060546875 44.725002288818359375 45.1875 46.34999847412109375 46.36875152587890625 47.075000762939453125 46.13124847412109375 46.08750152587890625
76.7624969482421875 75.77500152587890625 72.2687530517578125 71.11875152587890625 69.3937530517578125 66.00624847412109375 63.18125152587890625 60.356250762939453125 57.924999237060546875 55.28749847412109375 59.86875152587890625 61.375 59.200000762939453125 58.112499237060546875 57.40625 55.09999847412109375 52.331249237060546875 49.97499847412109375 48.924999237060546875 46.918750762939453125 46.59375 46.125 45.65625 46.09999847412109375 46.34999847412109375 46.13124847412109375 46.3125 46.5625 45.88124847412109375 44.893749237060546875 43.55625152587890625 42.762500762939453125 41.481250762939453125 38.93125152587890625 37.71875 37.41249847412109375 39.58750152587890625 41.68125152587890625 42.575000762939453125 43.668750762939453125 42.21250152587890625 42.05625152587890625 41.75 41.643749237060546875
