data/historical-monthly-weather-data/wc2.1_cruts4.09_10m_prec_1958-08.asc
ncols        51
nrows        45
xllcorner    -63.500000000000
yllcorner    -7.500000000000
cellsize     0.166666666667
NODATA_value -9999
[rows 19 to 37 of 45, columns 0 to 43 of 51]
81.06874847412109375 83.4250030517578125 85.2937469482421875 87.8625030517578125 89.3625030517578125 90.65000152587890625 90.86875152587890625 90.31874847412109375 90.86875152587890625 89.5812530517578125 87.2312469482421875 82.34999847412109375 74.46250152587890625 66.61875152587890625 60.799999237060546875 54.90625 47.674999237060546875 46.174999237060546875 46.856250762939453125 50.174999237060546875 51.174999237060546875 54.700000762939453125 62.21875 67.1999969482421875 69.67499542236328125 69.125 66.6750030517578125 62.137500762939453125 56.06874847412109375 48.69374847412109375 45.3125 49.581249237060546875 51.59999847412109375 53.887500762939453125 55.924999237060546875 54.950000762939453125 52.362499237060546875 49.231250762939453125 44.49375152587890625 38.53125 31.962499618530273438 27.887500762939453125 24.887500762939453125 22.3125
74.36875152587890625 78.6999969482421875 82.47499847412109375 85.5437469482421875 86.41249847412109375 87.75 89.0812530517578125 89.66249847412109375 90.6750030517578125 89.6062469482421875 88.1437530517578125 84.75 76.84999847412109375 68.7687530517578125 61.8125 55.75 49.706249237060546875 46.40000152587890625 48.168750762939453125 50.34375 54.450000762939453125 59.75 65.5625 70.6062469482421875 74.65000152587890625 72.63124847412109375 66.63124847412109375 61.625 57.00624847412109375 53.825000762939453125 52.393749237060546875 53.825000762939453125 53.33750152587890625 53.18125152587890625 54.59375 53.231250762939453125 51.58750152587890625 48.44374847412109375 43.34999847412109375 37.88124847412109375 31.768749237060546875 28.043750762939453125 25.125 22.256250381469726562
70.44374847412109375 73.72499847412109375 78.21875 82.80625152587890625 85.4187469482421875 86.28749847412109375 88.6875 88.6875 90.46250152587890625 89.53749847412109375 90.05625152587890625 89.71875 86.90625 79.41249847412109375 71.16249847412109375 62.237499237060546875 57.6875 54.65625 55.043750762939453125 56.90625 57.71250152587890625 61.743747711181640625 67.5625 71.53749847412109375 73.40000152587890625 72.4812469482421875 71.58750152587890625 65.8312530517578125 61.61875152587890625 58.143749237060546875 55.981250762939453125 55.02500152587890625 53.65625 52.91249847412109375 51.393749237060546875 50.19374847412109375 49.61875152587890625 47.65000152587890625 43.13124847412109375 37.518749237060546875 31.706249237060546875 27.918750762939453125 24.524999618530273438 22.206249237060546875
66.8625030517578125 72.4375 78.02500152587890625 81.9499969482421875 85.4812469482421875 86.77500152587890625 86.9499969482421875 86.7312469482421875 89.84375 92.4187469482421875 95.66249847412109375 97.9187469482421875 98.68125152587890625 92.3000030517578125 81.7312469482421875 71.6750030517578125 64.4375 61.356250762939453125 60.97499847412109375 61.49375152587890625 62.643749237060546875 66.2312469482421875 70.75 70.71250152587890625 73.6062469482421875 74.6999969482421875 73.2624969482421875 69.5812530517578125 64.13124847412109375 59.22499847412109375 56.53749847412109375 55.543750762939453125 53.47499847412109375 50.84375 48.106250762939453125 45.049999237060546875 44.74375152587890625 45.231250762939453125 42.1875 36.549999237060546875 31.40625 27.356250762939453125 24.006250381469726562 21.556249618530273438
65.31874847412109375 71.875 78.4375 81.0124969482421875 83.8874969482421875 85.6062469482421875 87.3249969482421875 88.90625 89.40625 93.33750152587890625 97.71250152587890625 104.28125 107.5812530517578125 100.5500030517578125 90.0187530517578125 79.9875030517578125 72.71250152587890625 68.80625152587890625 67.34375 67.78125 68.74375152587890625 71.3625030517578125 73.63124847412109375 74.56874847412109375 75.46250152587890625 74.55625152587890625 74.40625 68.99375152587890625 64.36875152587890625 60.59375 58.1875 56.3125 53.668750762939453125 49.33750152587890625 45.75624847412109375 41.862499237060546875 40.91249847412109375 41.481250762939453125 39.21250152587890625 34.40625 29.649999618530273438 26.206249237060546875 23.131250381469726562 20.668750762939453125
65.18125152587890625 71.5124969482421875 77.8000030517578125 82.4875030517578125 86.11875152587890625 87.1687469482421875 87.8562469482421875 89.6125030517578125 91.7375030517578125 95.65625 98.8562469482421875 103.3125 106.0749969482421875 101.59375 93.53749847412109375 85.74375152587890625 79.3562469482421875 75.1437530517578125 73.1750030517578125 73.2687530517578125 74.1374969482421875 75.4812469482421875 77.125 77.24375152587890625 75.8937530517578125 75.78749847412109375 72.69374847412109375 67.8937530517578125 63.53749847412109375 60.612499237060546875 58.012500762939453125 55.731250762939453125 52.71250152587890625 49.149997711181640625 45.03749847412109375 40.94374847412109375 39.4375 37.6875 35.38124847412109375 31.831249237060546875 27.774999618530273438 25.056249618530273438 22.506250381469726562 20.387500762939453125
66.81874847412109375 72.90625 77.1750030517578125 83.02500152587890625 85.7062530517578125 86.8312530517578125 87.68125152587890625 90.3249969482421875 91.0500030517578125 93.3125 96.6374969482421875 100.03125 101.90625 98.125 93.6437530517578125 87.3000030517578125 82.59375 79.58750152587890625 77.00624847412109375 77.6125030517578125 78.6125030517578125 79 80.7624969482421875 78.6062469482421875 76.25 74.6687469482421875 71.7624969482421875 67.09375 63.25624847412109375 60.84999847412109375 58.0625 55.799999237060546875 51.893749237060546875 47.893749237060546875 43.637500762939453125 40.456249237060546875 37.94374847412109375 34.9375 32.762500762939453125 29.206249237060546875 25.90625 23.674999237060546875 21.762500762939453125 20.131250381469726562
69.05625152587890625 73.28125 77.74375152587890625 82.0124969482421875 84.71875 85.7937469482421875 87.84999847412109375 88.9812469482421875 88.78125 92.1437530517578125 95.5124969482421875 96.03749847412109375 96.5500030517578125 94.3562469482421875 91.88124847412109375 87.34375 84.21250152587890625 81.44374847412109375 80.2062530517578125 79.33750152587890625 78.9187469482421875 80.1875 80.7687530517578125 79.55625152587890625 76.75624847412109375 72.9499969482421875 70.72499847412109375 66.5 62.22499847412109375 59.3125 57.418750762939453125 54.46875 50.831249237060546875 46.6875 41.90625 38.674999237060546875 35.21875 32.25624847412109375 29.587499618530273438 26.425001144409179688 23.506250381469726562 21.84375 20.825000762939453125 19.231248855590820312
72.59999847412109375 73.44374847412109375 77.3562469482421875 81.03125 83.96250152587890625 84.18125152587890625 85.93125152587890625 87.3874969482421875 88.2375030517578125 90.50624847412109375 91.4250030517578125 91.3000030517578125 91.5124969482421875 91 88.46250152587890625 85.96250152587890625 84.5625 82.52500152587890625 81.6687469482421875 80.63124847412109375 80.4499969482421875 79.5187530517578125 81.3874969482421875 79.47499847412109375 75.88124847412109375 71.2312469482421875 68.84375 65.3562469482421875 61.59999847412109375 58.90625 56.231250762939453125 53.06874847412109375 49.206249237060546875 44.38124847412109375 40.418750762939453125 36.53125 32.66249847412109375 29.487499237060546875 27.206249237060546875 24.625 21.918750762939453125 20.806249618530273438 20.006250381469726562 19.368749618530273438
73.9562530517578125 75.78749847412109375 77.72499847412109375 80.53125 81.1875 81.68125152587890625 82.3562469482421875 82.80625152587890625 85.72499847412109375 86.59999847412109375 87.41249847412109375 86.90625 86.78125 86.96875 85.78125 84.2624969482421875 84.3000030517578125 83.34999847412109375 82.58750152587890625 82.13124847412109375 81.59999847412109375 80.69374847412109375 81.53125 78.3000030517578125 75.0187530517578125 69.8312530517578125 67.5625 63.84999847412109375 59.96875 57.24375152587890625 54.393749237060546875 51.637500762939453125 46.831249237060546875 41.65000152587890625 37.72499847412109375 34.625 31.137500762939453125 27.962499618530273438 25.768749237060546875 23.087499618530273438 20.237499237060546875 19.40625 19.112499237060546875 19.09375
75.7062530517578125 77.28749847412109375 78.13124847412109375 78.1999969482421875 78.8000030517578125 79.28125 79.1999969482421875 80.6999969482421875 81.9875030517578125 82.1750030517578125 83.3125 83.5500030517578125 83.3874969482421875 83.16249847412109375 82.5812530517578125 81.65625 81.0500030517578125 81.96250152587890625 83.1875 81.34375 80.5187530517578125 80.93125152587890625 81.69374847412109375 77.8562469482421875 73.52500152587890625 69.9375 66.1062469482421875 62.28125 57.40625 54.387500762939453125 51.8125 49.299999237060546875 44.512500762939453125 39.8125 35.86875152587890625 32.375 29.799999237060546875 26.875 24.424999237060546875 22.40625 20.168750762939453125 19.231250762939453125 18.3125 18.037500381469726562
77.1999969482421875 77.21250152587890625 75.93125152587890625 76.40625 78.3249969482421875 77.74375152587890625 77.69374847412109375 77.4250030517578125 77.75624847412109375 77.875 78.2062530517578125 80.1125030517578125 81.47499847412109375 81.3125 79.47499847412109375 78.75624847412109375 79.7312469482421875 80.9250030517578125 82.75624847412109375 82.13124847412109375 80.93125152587890625 79.1437530517578125 79.21250152587890625 75.61875152587890625 71.27500152587890625 68.25624847412109375 63.543750762939453125 60.168750762939453125 56.143749237060546875 53.137500762939453125 50.56874847412109375 47.375 42.356250762939453125 37.88124847412109375 34.53749847412109375 30.924999237060546875 28.181249618530273438 25.368749618530273438 23.600000381469726562 22.112499237060546875 19.912500381469726562 18.299999237060546875 17.206249237060546875 17.162500381469726562
78.1875 77.59999847412109375 75.5812530517578125 75.09999847412109375 76.71250152587890625 75.8312530517578125 74.96250152587890625 73.44374847412109375 73.8937530517578125 74.3312530517578125 74.61875152587890625 75.91249847412109375 76.4187469482421875 77.30625152587890625 76.6687469482421875 78.0500030517578125 78.3312530517578125 79.0500030517578125 79.6999969482421875 79.91249847412109375 79.34999847412109375 79.4875030517578125 77.93125152587890625 72.7312469482421875 69.06874847412109375 65.84999847412109375 61.481250762939453125 58.299999237060546875 54.16249847412109375 50.77500152587890625 48.450000762939453125 44.918750762939453125 40.25 36.206249237060546875 31.950000762939453125 28.431249618530273438 25.831249237060546875 23.325000762939453125 21.84375 20.487499237060546875 18.462499618530273438 16.96875 16.21875 15.706250190734863281
77.71875 76.3562469482421875 74.7624969482421875 74.55625152587890625 74.1750030517578125 72.72499847412109375 72.40000152587890625 71.4375 70.75624847412109375 71.3874969482421875 72.96875 72.80625152587890625 72.78125 74.46250152587890625 74.06874847412109375 75.5625 75.9187469482421875 77.0500030517578125 77.28749847412109375 77.3000030517578125 76.59375 76.08750152587890625 74.9812469482421875 72.0437469482421875 68.53125 64.46875 60.40625 55.581249237060546875 52.018749237060546875 48.387500762939453125 45.950000762939453125 42.356250762939453125 37.86875152587890625 33.65625 29.681249618530273438 26.325000762939453125 23.774999618530273438 21.193750381469726562 19.850000381469726562 18.59375 16.731250762939453125 15.649999618530273438 14.887499809265136719 14.225000381469726562
76.875 76.4375 74.53749847412109375 74.74375152587890625 71.63124847412109375 70.75 70.85625457763671875 69.81874847412109375 68.5437469482421875 68.06874847412109375 68.38124847412109375 69.1125030517578125 70.27500152587890625 69.4562530517578125 70.4375 70.96250152587890625 72.4875030517578125 72.80625152587890625 72.65000152587890625 73.3125 73.15000152587890625 72.7624969482421875 72.33750152587890625 69.0625 66.58750152587890625 63.31874847412109375 59.049999237060546875 53.94374847412109375 50.950000762939453125 47.518749237060546875 44.393749237060546875 40.46875 35.512500762939453125 30.962499618530273438 27.356250762939453125 24.225000381469726562 21.700000762939453125 19.087499618530273438 17.862499237060546875 16.487499237060546875 15.262499809265136719 14.449999809265136719 13.637499809265136719 12.875
76.7312469482421875 75.75 74.2624969482421875 72.5 70.5500030517578125 69.46875 68.91249847412109375 67.9375 65.2312469482421875 64.9375 64.8000030517578125 66.28125 66.33750152587890625 67.0437469482421875 67.80625152587890625 68.93125152587890625 70.0500030517578125 70.0187530517578125 69.7375030517578125 70.28749847412109375 70.41249847412109375 69.71875 68.58124542236328125 66.4375 63.856250762939453125 61.50624847412109375 57.262500762939453125 52.55625152587890625 49.74375152587890625 46.38124847412109375 42.21875 37.84375 33.112499237060546875 28.53125 24.875 21.96875 19.243749618530273438 17.100000381469726562 16.087499618530273438 14.90625 13.637499809265136719 12.925000190734863281 12.356249809265136719 11.706250190734863281
76.3000030517578125 75.7312469482421875 73.6062469482421875 71.5812530517578125 70.0437469482421875 67.8562469482421875 66.47499847412109375 64.53749847412109375 62.53749847412109375 62.46250152587890625 63.450000762939453125 63.981250762939453125 65.125 65.6062469482421875 66.4187469482421875 67.8562469482421875 67.9499969482421875 68.5812530517578125 67.3937530517578125 67.3874969482421875 67.74375152587890625 68.4499969482421875 67.0500030517578125 65.22499847412109375 62.362499237060546875 59.5625 55.34999847412109375 52.40625 48.59999847412109375 44.518749237060546875 40.28125 36 30.587499618530273438 26.649999618530273438 22.962499618530273438 20.037500381469726562 18.049999237060546875 16.231250762939453125 15.074999809265136719 14.237500190734863281 13.131250381469726562 12.706250190734863281 11.881250381469726562 11.324999809265136719
73.625 73.1437530517578125 71.05625152587890625 69.8125 68.5124969482421875 66.7375030517578125 65.22499847412109375 63.84999847412109375 61.1875 59.793750762939453125 62.65625 65.27500152587890625 66.4499969482421875 65.94374847412109375 66.91249847412109375 66.72499847412109375 66.4187469482421875 66.25 65.58750152587890625 64.71875 65.08750152587890625 65.77500152587890625 64.8625030517578125 63.581249237060546875 61.518749237060546875 57.987499237060546875 54.643749237060546875 51.4375 46.862499237060546875 42.71875 38.768749237060546875 34.125 29.181249618530273438 24.856250762939453125 21.337499618530273438 18.887500762939453125 17.1875 15.731249809265136719 14.618749618530273438 13.856249809265136719 12.78125 12.337499618530273438 11.550000190734863281 11.037500381469726562
72.06874847412109375 72.00624847412109375 69.53125 69.3000030517578125 68.5 66.2375030517578125 64.53125 62.768749237060546875 61.38124847412109375 59.737499237060546875 65.9812469482421875 68.75 67.4375 67.41249847412109375 68.2062530517578125 67.16249847412109375 65.4812469482421875 64.2312469482421875 64.6062469482421875 63.487499237060546875 63.53749847412109375 63.21250152587890625 62.55625152587890625 61.481250762939453125 59.893749237060546875 57.5625 54.5 51.456249237060546875 47.47499847412109375 42.65625 37.74375152587890625 33.61875152587890625 29 23.893749237060546875 20.174999237060546875 17.831249237060546875 16.737499237060546875 15.625 14.725000381469726562 14.012499809265136719 12.518750190734863281 11.837499618530273438 11.162500381469726562 10.618749618530273438
