data/historical-monthly-weather-data/wc2.1_cruts4.09_10m_prec_1959-11.asc
ncols        51
nrows        45
xllcorner    -63.500000000000
yllcorner    -7.500000000000
cellsize     0.166666666667
NODATA_value -9999
[rows 0 to 18 of 45, columns 0 to 43 of 51]
190.587493896484375 189.787506103515625 185.2062530517578125 184.59375 183.537506103515625 183.7312469482421875 182.631256103515625 181.568756103515625 181.068756103515625 179.6437530517578125 178.181243896484375 174.65625 171.381256103515625 165.53125 160.90625 155.787506103515625 151.0625 144.8249969482421875 139.0812530517578125 134.3312530517578125 130.1062469482421875 125.96875 122.63124847412109375 118.75624847412109375 115.63124847412109375 113.2062530517578125 112.34375 111.65000152587890625 111.0437469482421875 113.1062469482421875 116.02500152587890625 119.90625 124.2937469482421875 129.756256103515625 134.78125 139.368743896484375 144.2375030517578125 148.2375030517578125 149.4375 150.3874969482421875 149.90625 149.2062530517578125 146.6374969482421875 144.1437530517578125
194.0562591552734375 192.21875 190.225006103515625 190.5812530517578125 192.287506103515625 192.59375 191.2375030517578125 192.068756103515625 191.774993896484375 189.9124908447265625 187.9250030517578125 182.975006103515625 177.4875030517578125 171.7375030517578125 165.6062469482421875 160.8874969482421875 154.899993896484375 148.8874969482421875 142.7624969482421875 137.7624969482421875 133.1999969482421875 128.9562530517578125 125.6999969482421875 122.96875 119.08750152587890625 116.30625152587890625 115.46875 114.3249969482421875 113.84999847412109375 116.84375 121.0437469482421875 126.1374969482421875 130.306243896484375 137.3312530517578125 143.7312469482421875 149.162506103515625 155.0437469482421875 160.1062469482421875 161.3312530517578125 162.475006103515625 163.0625 161.6437530517578125 159.6125030517578125 155.4187469482421875
194.375 193.2375030517578125 191.75 191.7624969482421875 194.2937469482421875 195.318756103515625 197.8874969482421875 199.962493896484375 201.712493896484375 200.9250030517578125 197.9875030517578125 192.125 186.2624969482421875 179.7062530517578125 172.8499908447265625 166.712493896484375 161.03125 155.431243896484375 149.0500030517578125 144.024993896484375 139.618743896484375 135.3312530517578125 131.96875 129.399993896484375 125.90625 122.662506103515625 121.18125152587890625 119.7937469482421875 118.40625 120.9875030517578125 126.00624847412109375 130.84375 137.4812469482421875 144.5812530517578125 152.2312469482421875 157.993743896484375 164.4875030517578125 172.100006103515625 174.556243896484375 177 178.068756103515625 175.7062530517578125 173.100006103515625 169.3249969482421875
189.84375 188.5437469482421875 189.9499969482421875 190.243743896484375 193.600006103515625 196.350006103515625 200.118743896484375 205.6062469482421875 210.556243896484375 211.9875030517578125 208.568756103515625 201.34375 194.4812469482421875 187.21875 180.0625 173.6374969482421875 168.056243896484375 162.03125 156.337493896484375 152.3000030517578125 148.100006103515625 143.4812469482421875 139.0500030517578125 135.818756103515625 132.4312591552734375 129.2937469482421875 127.28125 124.0812530517578125 122.625 125.8937530517578125 130.5187530517578125 136.0500030517578125 142.131256103515625 149.8625030517578125 158.068756103515625 166.868743896484375 175.6437530517578125 184.09375 188.2624969482421875 191.5687408447265625 192.037506103515625 190.78125 186.506256103515625 181.8937530517578125
190.0625 186.100006103515625 182.125 184.75 190.912506103515625 195.6750030517578125 201.1437530517578125 209.1750030517578125 217.8687591552734375 222.8249969482421875 217 206.962493896484375 199.6062469482421875 193.3312530517578125 186.287506103515625 180.399993896484375 174.46875 169.4124908447265625 164 158.9562530517578125 156.006256103515625 151.306243896484375 146.837493896484375 144.100006103515625 139.2312469482421875 135.462493896484375 131.0124969482421875 128.3625030517578125 127.06874847412109375 129.181243896484375 133.5500030517578125 139.1062469482421875 146.131256103515625 154.90625 164.4562530517578125 174.524993896484375 185.1062469482421875 195.7312469482421875 202.287506103515625 204.725006103515625 206.6875 203.65625 199.600006103515625 194.8249969482421875
186.3625030517578125 183.1999969482421875 179.9375 177.431243896484375 185.28125 193.993743896484375 201.193756103515625 208.462493896484375 216.868743896484375 223.4562530517578125 217.037506103515625 207.6999969482421875 201.868743896484375 196.381256103515625 189.8625030517578125 184.056243896484375 179.337493896484375 175.1374969482421875 171.375 166.431243896484375 162.9875030517578125 159.2062530517578125 154.837493896484375 150.350006103515625 146.0812530517578125 141.1687469482421875 136.4375 132.649993896484375 130.475006103515625 131.912506103515625 134.78125 141.337493896484375 148.25 157.787506103515625 167.462493896484375 179.193756103515625 191.162506103515625 203.537506103515625 212.462493896484375 216.868743896484375 215.6125030517578125 212.9875030517578125 208.850006103515625 204.743743896484375
184.100006103515625 183.087493896484375 180.78125 178.9375 183.1750030517578125 188.875 195.6999969482421875 201.90625 205.9499969482421875 206.899993896484375 207.0187530517578125 203.1687469482421875 200.625 197.1875 192.8937530517578125 188.7937469482421875 184.8312530517578125 181.2312469482421875 177.068756103515625 174.84375 171.5124969482421875 167.5625 163.2375030517578125 157.8312530517578125 152.6687469482421875 147.931243896484375 142.024993896484375 136.7750091552734375 132.2687530517578125 133.2937469482421875 136.3625030517578125 141.537506103515625 149.193756103515625 159.1999969482421875 170.1875 181.7375030517578125 193.84375 207.8249969482421875 221.3249969482421875 225.7375030517578125 223.5625 220.2687530517578125 216.4250030517578125 212.0749969482421875
183.84375 182.6875 182.3874969482421875 184.306243896484375 188.587493896484375 191.3562469482421875 191.943756103515625 190.4812469482421875 188.274993896484375 189.40625 195.243743896484375 197.318756103515625 197.9499969482421875 196.9499969482421875 194.7375030517578125 192.8125 189.8249969482421875 186.8625030517578125 184.212493896484375 181.9499969482421875 180.681243896484375 177.493743896484375 172.125 166 160.993743896484375 153.40625 146.0625 139.193756103515625 134.381256103515625 133.787506103515625 135.90625 141.443756103515625 149.4250030517578125 159.193756103515625 170.40625 181.493743896484375 194.625 207.4312591552734375 217.6875 222.9499969482421875 223.368743896484375 221.0437469482421875 217.6687469482421875 213.243743896484375
184.0812530517578125 184.662506103515625 186.7624969482421875 189.774993896484375 193.6687469482421875 195.193756103515625 194.4812469482421875 190.9875030517578125 182.46875 179.2249908447265625 187.0812530517578125 191.774993896484375 194.837493896484375 195.5124969482421875 195.443756103515625 194.693756103515625 193.28125 192.399993896484375 193.3874969482421875 192.0124969482421875 188.7375030517578125 185.84375 179.75 174.806243896484375 167.7687530517578125 158.7687530517578125 149.5437469482421875 142.212493896484375 136.443756103515625 133.5625 135.3562469482421875 141.0749969482421875 147.65625 156.0437469482421875 165.78125 177.118743896484375 189.149993896484375 200.6374969482421875 209.3937530517578125 216.2687530517578125 218.3125 216.1062469482421875 214.506256103515625 211.193756103515625
184.9812469482421875 185.806243896484375 189.1125030517578125 193.5187530517578125 198.5187530517578125 200.9187469482421875 199.4375 195.0187530517578125 188.9187469482421875 186.631256103515625 189.037506103515625 190.256256103515625 193.556243896484375 194.6750030517578125 195.5 196.412506103515625 196.756256103515625 198.818756103515625 201.3000030517578125 203.287506103515625 200.4875030517578125 196.3249969482421875 189 182.412506103515625 173.1687469482421875 163.8000030517578125 154.7624969482421875 145.6875 138.3937530517578125 133.600006103515625 134.287506103515625 138.931243896484375 145.0812530517578125 153.131256103515625 162.212493896484375 172.912506103515625 184.537506103515625 194.131256103515625 202.625 209.6374969482421875 213.71875 212.875 210.5625 206.3562469482421875
186.3312530517578125 188.03125 191.712493896484375 196.875 202.4812469482421875 207.243743896484375 206.9250030517578125 201.725006103515625 195.868743896484375 192.6374969482421875 193.2937469482421875 193.056243896484375 193.850006103515625 194.337493896484375 195.2312469482421875 196.6062469482421875 198.8562469482421875 203.381256103515625 208.6125030517578125 214.1062469482421875 216.1875 210.6687469482421875 200.4499969482421875 188.0500030517578125 179.1437530517578125 171.03125 161.5187530517578125 152.03125 142.756256103515625 136.7312469482421875 136.318756103515625 139.337493896484375 145.1875 152.118743896484375 159.4250030517578125 168.256256103515625 177.84375 187.100006103515625 197.274993896484375 204.9499969482421875 209.306243896484375 209.506256103515625 208.212493896484375 204.8874969482421875
187.7375030517578125 190.037506103515625 194.2937469482421875 200.899993896484375 207.193756103515625 212.1875 213.399993896484375 208.1125030517578125 201.943756103515625 197.899993896484375 196.1999969482421875 195.462493896484375 193.306243896484375 192.850006103515625 193.912506103515625 195.600006103515625 198.75 204.3625030517578125 212.256256103515625 221.9187469482421875 227.9187469482421875 223.34375 211.2375030517578125 195.993743896484375 184.412506103515625 175.131256103515625 165.056243896484375 155.8874969482421875 148.3249969482421875 142.068756103515625 139.1999969482421875 139.524993896484375 143.431243896484375 148.75 155.506256103515625 163.568756103515625 171.8562469482421875 181 190.506256103515625 199.100006103515625 205.475006103515625 205.8562469482421875 205.0124969482421875 202.3874969482421875
188.7687530517578125 192.318756103515625 197.243743896484375 203.1062469482421875 208.71875 212.931243896484375 213.399993896484375 210.1437530517578125 204.631256103515625 200.8937530517578125 198 196.9375 194.3937530517578125 189.850006103515625 189.8125 191.9375 195.806243896484375 204.1999969482421875 213.837493896484375 224.6125030517578125 233.743743896484375 230.693756103515625 218.131256103515625 203.96875 189.5749969482421875 178.149993896484375 169.975006103515625 160.931243896484375 153.5437469482421875 147.03125 142.59375 140.568756103515625 141.868743896484375 145.3312530517578125 150.78125 157.962493896484375 165.7062530517578125 174.0437469482421875 184.7687530517578125 192.6374969482421875 200.9187469482421875 202.943756103515625 200.0625 189.5749969482421875
189.431243896484375 192.506256103515625 197.6687469482421875 203.337493896484375 208.931243896484375 211.2624969482421875 211.8249969482421875 210.40625 206.681243896484375 202.2687530517578125 198.5500030517578125 194.6437530517578125 191.443756103515625 187.006256103515625 183.506256103515625 185.506256103515625 190.243743896484375 199 208.975006103515625 219.0124969482421875 226.7375030517578125 226.212493896484375 218.6500091552734375 206.75 194.850006103515625 184.53125 176.962493896484375 168.1374969482421875 159.649993896484375 151.6687469482421875 146.006256103515625 141.90625 140.975006103515625 142.2312469482421875 147.03125 154.125 161.2687530517578125 170.90625 180.34375 190.28125 196.712493896484375 193.2062530517578125 188.0749969482421875 185.1437530517578125
189.118743896484375 192.3874969482421875 197.8125 203.5500030517578125 208.84375 210.649993896484375 211.837493896484375 211.006256103515625 206.8625030517578125 202.0437469482421875 197.3625030517578125 192.71875 187.943756103515625 182.5625 176.2937469482421875 177.0437469482421875 182.3937530517578125 191.462493896484375 201.462493896484375 210.9375 217.9875030517578125 219.9375 216.9499969482421875 209.443756103515625 201.8874969482421875 193.9812469482421875 185.4875030517578125 175.875 166.475006103515625 156.443756103515625 148.568756103515625 142.337493896484375 140.6999969482421875 140.9875030517578125 143.7312469482421875 149.993743896484375 158.662506103515625 169.899993896484375 180.1999969482421875 186.306243896484375 187.443756103515625 187.03125 187.850006103515625 188.1374969482421875
187.7312469482421875 191.1374969482421875 197.3625030517578125 203.1875 208.631256103515625 210.84375 211.21875 210.5 207.318756103515625 203.412506103515625 197.71875 192.131256103515625 186.475006103515625 179.162506103515625 171.4812469482421875 167.6875 175 185.899993896484375 195.462493896484375 204.274993896484375 212.53125 216.9187469482421875 216.7312469482421875 212.3937530517578125 207.8937530517578125 203.8312530517578125 196.4187469482421875 185.9250030517578125 173.587493896484375 160.850006103515625 150.931243896484375 143.4812469482421875 140.368743896484375 140.5500030517578125 141 148.71875 158.8937530517578125 166 174.09375 178.9562530517578125 183.193756103515625 186.087493896484375 187.899993896484375 184.625
186.006256103515625 190.5812530517578125 196.4437408447265625 202.5 208.6125030517578125 210.6875 211.9562530517578125 211.225006103515625 208.3562469482421875 204.0250091552734375 198.868743896484375 193.181243896484375 186.625 179.181243896484375 172.1125030517578125 168.6062469482421875 170.962493896484375 180.162506103515625 190.475006103515625 199.931243896484375 209.037506103515625 215.1125030517578125 217.2062530517578125 214.1437530517578125 212.5124969482421875 212.96875 208.7062530517578125 195.3312530517578125 178.787506103515625 164.274993896484375 153.4562530517578125 146.9375 142.5124969482421875 141.1437530517578125 145.9375 156.2624969482421875 162.6750030517578125 170.6437530517578125 178.8249969482421875 181.068756103515625 185.4375 188.7375030517578125 186.84375 186.28125
183.806243896484375 188.6750030517578125 195.475006103515625 202.287506103515625 208.212493896484375 211.7375030517578125 213.662506103515625 213.193756103515625 210.5187530517578125 206.131256103515625 200.90625 195.21875 187.5500030517578125 181.0625 176 172.6125030517578125 172.5625 175.662506103515625 186.65625 196.28125 207.6437530517578125 213.600006103515625 216.662506103515625 216.2687530517578125 217.1999969482421875 219.0500030517578125 219.274993896484375 202.5625 181.587493896484375 163.212493896484375 150.78125 143.7937469482421875 144.368743896484375 149.600006103515625 156.0187530517578125 159.6374969482421875 167.4187469482421875 175.4562530517578125 179.1875 186.09375 189.21875 190.5 189.600006103515625 188.5437469482421875
181.0500030517578125 187.087493896484375 194.2312469482421875 201.662506103515625 208.662506103515625 212.412506103515625 214.40625 215.28125 213.4562530517578125 210.256256103515625 204.625 198.3125 190.7312469482421875 184.568756103515625 179 175.9375 175.15625 175.693756103515625 182.125 191.587493896484375 206.274993896484375 217.1125030517578125 215.8874969482421875 216.993743896484375 219.3625030517578125 221.006256103515625 217.2687530517578125 202.59375 183.243743896484375 162.850006103515625 147.631256103515625 144.350006103515625 151.850006103515625 157.006256103515625 160.693756103515625 167.475006103515625 173.662506103515625 179.774993896484375 185.681243896484375 190.9875030517578125 194.0124969482421875 197.118743896484375 194.1750030517578125 191.537506103515625
