data/historical-monthly-weather-data/wc2.1_cruts4.09_10m_tmin_1968-05.asc
ncols        51
nrows        45
xllcorner    -63.500000000000
yllcorner    -7.500000000000
cellsize     0.166666666667
NODATA_value -9999
21.0 21 21 21 21 21 21.0625 21 21.0625 21.1875 21.5625 21.8125 22 22 22 21.9375 21.875 21.625 21 21.0625 21 21 21 21.4375 21.3125 21.5625 21.3125 21 21 21 21 21 21.1875 21 21 21 21 21 21 21 21 21 21 20.25 21 20.5 20 20 20 19.4375 19.3125 
21 21 21 21 21 21 21 21 21 21 21.375 21.125 21.875 22 21.8125 21.25 21.125 21.1875 21 21.0625 21.1875 21 21 21 21.1875 21.8125 21.4375 21 20.9375 21 21 21 21 20.9375 21 20.6875 21 21 21 21 21 21 21 20.375 20.9375 20.125 20 20 19.9375 19.1875 19.1875 
21 21 21 21 21 21 21 21 21 21.125 21.1875 21 21.375 21.75 21.8125 21.4375 21.3125 21 21.3125 21.125 21.125 21 21 21 21 21.4375 21.375 20.9375 21 21.0625 21 21 21 20.9375 20.875 21 21 21 21 21 21 21 21 21 20.9375 20.25 20 20 20 19.1875 19.125 
21 21 21 21 21 21 21 21 21 21 21 21 21.375 21.375 21.1875 21.4375 21.5 21.0625 21.3125 21.125 21 21 21 21 21 21.1875 21.25 21 21 21.25 21 21 21 21 21 21.125 21.125 21 21 21 21 21 21 21 20.9375 20.5625 20 20 20 19.6875 19.1875 
21 21 21 21 21 21 21 21 21 21 21 21.0625 21 21 21 21 21.4375 21.25 21.6875 21.5 21 21 21 21 21 21.4375 21.9375 21.3125 21 21.5 21 21 21 21 21 21.0625 21.625 21.0625 21 21.0625 21 21 21 21 21 20.5625 20 20 20 20 19.375 
21 21 21 21 21 21 21 21 21 21 21 21.125 21 21 21 21 21 21.25 21.125 21 21 21 21 21.0625 21.125 21.25 21.375 21.625 21.0625 21.1875 21.4375 21 21 20.9375 20.9375 21 21 21.1875 21.4375 21.125 21 21 21 21 21 20.75 20.0625 20 20 20 20 
21 21 21 21 21 21 21 21 21 21 21 21 21 21 21 21 21 21.0625 21.875 21.4375 21.1875 21 21.1875 21.4375 21.0625 21 21 21.4375 21.625 21.4375 21 21 21 21 21 21 21 21.125 21.5625 21.3125 21.3125 21.25 21.3125 21.25 21.125 21 20.5625 20.125 20.4375 20.3125 20 
21 21 21 21 21 21 21 21 21 21.0625 21 21.1875 21 21 21 21 21 21.375 21.6875 21.6875 21.8125 21.5 21.5 21.6875 21 21.125 21.4375 21.875 21.875 21.8125 21.3125 21 21 21 21 21 21.125 21.6875 21.8125 22 22 22 21.9375 21.8125 21.75 21.4375 21 21 20.8125 20.875 20.625 
21 21 21 21 21 21 21 21 21 21 21.0625 21.4375 21.0625 21 21 21 21 21 21.125 21.4375 22 22 22 21.8125 21.125 21.0625 21.8125 22 21.5 21.1875 21.125 21 21 21.75 21.4375 21.0625 21 21 21.0625 21.5625 21.875 21.875 21.8125 21.375 21.625 21.6875 21 21 21 21 21 
21 21 21 21 21 21 21 21 21 21 21 21.5625 21.3125 21 21 21 21 21 21 21.125 21.9375 22 22 21.875 21.875 21.625 21.1875 21.625 21.5 21.5 21.1875 21 21 21 21.375 21.375 21.125 21 21 21 21 21 21.0625 21.375 21.375 21.3125 21 21 21 21 21 
21 21 21 21 21 21 21 21 21 21 21 21.0625 21.5 21.25 21 21 21 21 21 21 21.0625 21.875 22 22 21.9375 21.1875 21 21 21 21.75 21.5 21.0625 21 21 21 21 21.375 21.4375 21.4375 21.0625 21.125 21.0625 21.0625 21.5 21.5 21.6875 21 21 21 21 21 
21 21 21 21 21 21 21 21 21 21 21 21.0625 21.6875 21.625 21 21 21 21 21 21 21 21.125 21.3125 21.5625 21.625 21 21.125 21.125 21 21.125 21.8125 21.6875 21.125 21 21 21 21 21 21.5625 21.8125 22 21.6875 21.75 22 22 22 21.9375 21.375 21.0625 21.0625 21.6875 
21 21 21 21 21 21 21 21 21 21 21 21 21 21.4375 21.6875 21.0625 21.0625 21 21 21 21 21 21 21 21.5625 21.75 21.5625 21.75 21.75 21.25 21 21.625 21.5625 21 21 21 21.1875 21.1875 21.75 21.875 22 22 22 22 22 22 22 22 21.75 22 22 
21 21 21 21 21 21 21 21 21 21 21 21 21 21 21.75 21.0625 21.5625 21.0625 21.125 21 21 21 21.3125 21.0625 21.1875 21.6875 21.9375 22 22 22 21.875 21.625 21.9375 21.1875 21 21 21.125 21.1875 21.5 21.9375 22 22 22 21.875 21.3125 21.25 21.625 21.75 21.75 21.5 21.625 
21 21 21 21 21 21 21 21 21 21 21 21 21 21 21.6875 21.8125 21.9375 21.5 21.375 21.625 21.125 21 21 21.4375 21.125 21 21.125 21.3125 21.4375 21.375 21.875 22 22 21.8125 21.5625 21.9375 21.875 21.625 22 22 22 22 22 21.9375 21.125 21 21 21 21 21.0625 21.5 
21 21 21 21 21 21 21 21 21 21 21 21 21 21 21.3125 22 22 21.9375 21.75 21.875 21.125 21 21.3125 21.1875 21.6875 21.1875 21.0625 21 21 21.125 21 21.375 21.9375 22 22 22 22 22 22 22 22 22 22 21.125 21 21 21 21 21 21 21.1875 
21 21 21 21 21 21 21 21 21 21 21 21 21 21 21.125 21.4375 22 22 22 21.875 21.875 21.3125 21.4375 21.75 21.9375 22 21.625 21.125 21.4375 21.0625 21 21.5625 21.75 22 22 22 22 22 22 22 22 21.4375 21.25 21 21 21 21 21 21 21 21 
21 21 21 21 21 21 21 21 21 21.0625 21.4375 21.0625 21.3125 21.25 21.25 21.375 21.9375 22 22 22 22 21.9375 21.8125 22 22 22 22 21.5625 21.25 21.6875 21.75 22 22 22 22 22 22 22 22 22 22 21.6875 21.0625 21 21 21 21 21 21 21 21 
21 21 21 21 21 21 21 21 21 21 21 21.75 22 21.9375 21.8125 21.8125 22 22 22 22 22 22 22 22 22 22 22 22 21.875 22 22 22 22 22 22 22 22 22 21.875 22 21.4375 21.625 21.125 21 21 21 21 21 20.875 21 20.9375 
21 21 21 21 21 21 21 21 21 21 21 21.3125 21.9375 21.9375 22 22 22 22 22 22 22 22 22 22 22 22 22 22 22 22 22 22 21.9375 22 22 21.9375 21.75 21.9375 21.875 21.4375 21.3125 21.75 21.125 21 21 21 21 21 21 21.125 20.8125 
21 21 21 21 21 21 21 21 21 21 21.3125 21.4375 22 22 22 22 22 22 22 22 22 22 22 22 22 22 22 22 22 22 22 22 22 22 22 22 21.625 21.375 21.25 21.5625 21 21 21.375 21.125 21 21 21 21 21 21 20.4375 
21 21 21 21 21 21 21 21 21.0625 21 21.4375 22 22 22 22 22 22 22 22 22 22 22 22 22 22 22 22 22 22 22 22 22 22 22 22 21.8125 21.375 21 21 21 21 21 21 21 21 21 21 21 21 21 20.125 
21 21 21 21 21 21 21 21.0625 21.0625 21.1875 21.8125 22 22 22 22 22 22 22 22 22 22 22 22 22 22 22 22 22 22 22 22 22 22 22 22 21.75 21.75 21.4375 21 21 21 21 21 21 21 21 21 21 21 21 20 
21 21 21 21 21 21 21 21.0625 21.4375 21.875 22 22 22 22 22 22 22 22 22 22 22 22 22 22 22 22 22 22 22 22 22 22 22 22 21.625 21.5 21.375 21 21.0625 21 21 21 21 21 21 21 21 21 21 20.9375 20.1875 
21 21 21 21 21 21 21 21 21.625 22 22 22 22 22 22 22 22 22 22 22 22 22 22 22 22 22 22 22 22 22 22 22 22 22 21.3125 21.6875 21.0625 21 21 21 21 21 21 21 21 21 21.0625 21.125 21 21 20.3125 
21 21 21 21 21 21 21 21 21.8125 22 22 22 22 22 22 22 22 22 22 22 22 22 22 22 22 22 22 22 22 22 22 22 22 21.625 21 21.5 21 21 21 21 21 21 21 21 21 21.125 21 20.9375 20.9375 20.125 20 
21 21 21 21 21 21 21 21.125 21.9375 22 22 22 22 22 22 22 22 22 22 22 22 22 22 22 22 22 22 22 22 22 22 22 21.8125 21.0625 21.125 21.5 21 21 21 21 21 21 21 21.0625 21 21 20.625 20.25 20 20 19.5 
21 21 21 21 21 21 21 21.125 22 21.75 22 22 22 22 22 22 22 22 22 22 22 22 22 22 22 22 22 22 22 22 22 22 21.125 21.125 21.25 21 21 21 21 21 21 21 21 21 21 21 20.625 20 20 20 19.75 
21 21 21 21 21 21 21.3125 21.8125 21.5625 21.6875 22 22 22 22 22 22 22 22 22 22 22 22 22 22 22 22 22 22 22 22 21.9375 21.6875 21 21.3125 21 21 21 21 21 21 21.125 21.1875 21.125 21 20.625 20.5625 20.5 20 20 20 20 
21 21 21 21 21 21 21.0625 21.125 21.125 21.9375 22 22 22 22 22 22 22 22 22 22 22 22 22 22 22 22 22 22 21.9375 21.9375 21.9375 21.1875 21.0625 21.0625 21 21 21 21 21 21 21 21 21 20.9375 20.875 20.375 20 20 20 20 20 
21 21 21 21 21 21 21 21 21.5625 22 22 22 22 22 22 22 22 22 22 22 22 22 22 22 22 22 22 22 22 22 21.625 21 21 21 21 21 21 21 21 21 21 21 21 21 21 20.4375 20 20 20 20 20 
21 21 21 21 21 21 21 21 21.5 22 22 22 22 22 22 22 22 22 22 22 22 22 22 22 22 22 22 22 22 21.875 21.0625 21 21 21 21 21 21 21 21.0625 21.1875 21 21 21 20.9375 21 20.4375 20.125 20 20 20 20 
21 21 21 21 21 21 21 21 21.5 22 22 22 22 22 22 22 22 22 22 22 22 22 22 22 22 22 22 22 22 21.375 21 21 21 21 21 21 21 21 21.25 21 21 21 21 21 21 21 20.25 20 20 20 20 
21 21 21 21 21 21 21 21 21.375 22 22 22 22 22 22 22 22 22 22 22 22 22 22 22 22 22 21.875 21.8125 22 21.125 21 21 21 21 21 21 21 21.1875 21.25 21 21 21 20.5625 20.875 20.8125 20.5625 20.0625 20 20 20 19.6875 
21 21 21 21 21 21 21 21 21.1875 22 22 22 22 22 22 22 22 22 22 22 22 22 22 22 22 22 21.8125 21.1875 21.5 21.0625 21 21 21 21 21.125 21.375 21.5 21.25 21 21 21 21 20.875 20.875 20.5625 20 20 20 20 20 19.75 
21 21 21 21 21 21 21 21 21 21.75 22 22 22 22 22 22 22 22 22 22 22 22 22 21.9375 21.875 21.5625 21.8125 21.0625 21.125 21 21 21 21 21 21 21.625 21.0625 21 21 21 21 20.9375 21 20.4375 20.125 20 20 19.9375 19.75 19.8125 19.8125 
21 21 21 21 21 21 21 21 21.0625 21.6875 22 22 22 22 22 22 22 22 22 22 22 21.9375 21.6875 21.6875 21.75 21 21.4375 21 21 21 21 21 21 21 21 21.1875 21 21 20.75 20.75 20.6875 20.6875 20.5 20.4375 20 20 20 19.5 19.6875 19.25 19.6875 
21 21 21 21 21 21 21 21 21 21.6875 21.75 21.8125 22 22 22 22 22 22 22 21.9375 22 21.875 21.1875 21 21.0625 21.125 21.0625 21 21 21 21 21 21 21 21.125 21 21 21 20.375 20 20.125 20 20 20.25 20 20 20 19.75 19.3125 19.625 19.75 
20.5625 20.9375 21 21 21 21 21 21 21 21 21 21 21.4375 21.6875 21.8125 21.875 21.8125 22 22 21.4375 21.4375 21.0625 21.0625 21 21 21 21 21 21 21 21 21 21 21 21 21 21 20.6875 20.0625 20 20 20 20 20 20 20 20 20 20 20 20 
20.0625 20.75 21 21 21 21 21 21 21 21 21 21 21 21 21 21 21 21.1875 21.625 21 21 21 21 21 21 21 21 21 21 21 21 20.9375 20.6875 21 20.6875 20.875 21 20.75 20 20 20 20 20 20 20 20 20 20 20 20 20 
20 20.25 20.625 21 21 21 21 21 21 21 21 21 21 21 21 21 21 21 21.0625 21 21 21 21 21 21 21 21 21 21 21 20.9375 20.125 20.125 20.1875 20 20.125 20.625 20.3125 20 20 20 19.9375 20 20 20 20 20 20 20 19.875 20 
20 20 20 20.125 20.75 21 21 21 21 21 21 21 21 21 21 21 21 21 21 21 21 20.9375 20.9375 20.9375 20.625 20.9375 21 21 20.875 20.0625 20.875 20.125 20 20 20 20 20 20 20 20 20 20 20 20 20 20 20 20 20 20 20 
20 20 20 20 20.125 20.25 20.125 20.875 21 21 21 21 21 21 21 21 21 21 21 21 21 20.875 20.6875 20.375 20 20.125 20.9375 21 20.8125 20.3125 20 20.375 20 20 19.8125 19.5 20 19.9375 20 20 20 19.9375 20 20 20 20 20 20 20 19.625 20 
20 20 20 20 20 20 20 20.1875 20.3125 20.875 20.9375 21 21 21 21 21 21 21 20.9375 20.3125 20.1875 20.125 20 20.375 20 20.125 20.9375 21 21 20.1875 20.125 20.1875 20.25 20 19.4375 19 19.5 19.5625 19.9375 19.9375 20 20 20 20 20 20 20 20 20 19.6875 19.875 
20 20 20 20 20 20 20 20 20 20 20 20.125 20.125 20.5 20.6875 20.875 21 20.9375 20.4375 20 20 20 20 20.0625 20 20 20.1875 20.5625 20.375 20 20 20 20 20 19.8125 19.1875 19 19.3125 19.6875 19.5625 20 20 20 20 20 20 20 20 20 20 19.9375 
