data/historical-monthly-weather-data/wc2.1_cruts4.09_10m_prec_1969-11.asc
ncols        45
nrows        45
xllcorner    -63.500000000000
yllcorner    -7.500000000000
cellsize     0.166666666667
NODATA_value -9999
[rows 0 to 18 of 45, columns 0 to 43 of 45]
87.88124847412109375 84.78749847412109375 80.68125152587890625 78.4499969482421875 76.25624847412109375 75.61875152587890625 74.59375 73.84375 74.63124847412109375 75.2624969482421875 76.16249847412109375 78.0187530517578125 80.1687469482421875 81.25624847412109375 84.21250152587890625 86.94374847412109375 89.6125030517578125 90.59999847412109375 91.56874847412109375 92.5812530517578125 91.6062469482421875 90.24375152587890625 89.34375 87.8249969482421875 86.7687530517578125 86.1875 86.75 87.43125152587890625 87.21250152587890625 83.41249847412109375 79.4250030517578125 76.0625 72.9187469482421875 70.30625152587890625 67.52500152587890625 65.65000152587890625 63.943752288818359375 62.00624847412109375 60.112499237060546875 58.30625152587890625 56.05625152587890625 54.174999237060546875 51.737499237060546875 49.50624847412109375
90.69374847412109375 86.9187469482421875 83.78125 81.8312530517578125 80.65625 80.15000152587890625 79.15000152587890625 79.27500152587890625 80.19374847412109375 80.6750030517578125 81.41249847412109375 82.71875 83.9812469482421875 85.1999969482421875 87.3125 90.18125152587890625 92.22499847412109375 94.59375 96.6750030517578125 98.66249847412109375 97.4187469482421875 95.7375030517578125 94.63750457763671875 93.3562469482421875 91.06874847412109375 89.58750152587890625 89.56874847412109375 89.2312469482421875 88.5 85.06874847412109375 81.68125152587890625 78.8937530517578125 75.6437530517578125 74.00624847412109375 71.99375152587890625 70.53749847412109375 69.2937469482421875 67.8000030517578125 66.1125030517578125 64.61875152587890625 62.94374847412109375 60.856250762939453125 58.61875152587890625 55.80625152587890625
93.9812469482421875 90.3937530517578125 87.1374969482421875 84.7062530517578125 83.6687469482421875 83.5500030517578125 84.34999847412109375 85.1374969482421875 86.9187469482421875 87.8000030517578125 88.0625 88.75 89.59999847412109375 90.1750030517578125 91.8249969482421875 93.8125 95.83750152587890625 97.78749847412109375 99.00624847412109375 100.30625152587890625 98.7312469482421875 96.66249847412109375 95.16249847412109375 93.78125 91.6687469482421875 89.71875 89.2312469482421875 88.8312530517578125 87.5187530517578125 83.78125 80.90000152587890625 77.90000152587890625 75.74375152587890625 73.6437530517578125 71.74375152587890625 69.81874847412109375 68.16249847412109375 67.0749969482421875 65.5124969482421875 64.1687469482421875 62.456249237060546875 60.36875152587890625 58.362499237060546875 56.106250762939453125
95.34375 91.56874847412109375 89.3937530517578125 86.75624847412109375 85.8312530517578125 86.5749969482421875 88.08750152587890625 90.52500152587890625 93.69374847412109375 95.47499847412109375 95.375 95.13124847412109375 95.1437530517578125 95.0500030517578125 96.38124847412109375 98.0812530517578125 99.90625 100.53749847412109375 101.0625 102.03125 100.08750152587890625 97.3874969482421875 94.75624847412109375 92.80625152587890625 90.71250152587890625 88.84999847412109375 88.1999969482421875 86.7312469482421875 85.55625152587890625 82.40000152587890625 79.3000030517578125 76.6437530517578125 73.75624847412109375 71.49375152587890625 69.31874847412109375 67.9499969482421875 66.3874969482421875 64.71875 63.28125 61.793750762939453125 59.59999847412109375 58.293750762939453125 56.331249237060546875 54.325000762939453125
99.0437469482421875 93.7687530517578125 88.66249847412109375 86.84999847412109375 87.03749847412109375 88.78749847412109375 91.2312469482421875 94.9812469482421875 99.8562469482421875 103.1999969482421875 101.7624969482421875 99.8562469482421875 99.22499847412109375 99.24375152587890625 100.375 102.15625 103.4250030517578125 103.53125 103.0437469482421875 102.28749847412109375 100.65625 97.50624847412109375 94.53749847412109375 92.78749847412109375 89.7312469482421875 87.4562530517578125 85.375 84.53125 83.6999969482421875 79.94374847412109375 76.81874847412109375 74.22499847412109375 71.53749847412109375 69.36875152587890625 67.28125 65.6687469482421875 63.956249237060546875 62.200000762939453125 61 58.78749847412109375 56.75 55.299999237060546875 53.91249847412109375 52.36875152587890625
99.9875030517578125 94.83750152587890625 89.71250152587890625 85.15625 85.96875 89.5 92.72499847412109375 96.13124847412109375 100.9187469482421875 105.03125 103.28125 101.50624847412109375 101.4875030517578125 101.69374847412109375 102.47499847412109375 103.63124847412109375 104.875 104.33750152587890625 103.68125152587890625 101.9875030517578125 99.6875 96.94374847412109375 93.9250030517578125 91.11875152587890625 88.5124969482421875 85.61875152587890625 83.54375457763671875 82.125 80.8562469482421875 77.2312469482421875 73.80625152587890625 72.1687469482421875 69.5437469482421875 67.6875 65.57500457763671875 64.21875 62.50624847412109375 60.81874847412109375 59.762500762939453125 57.65625 54.41249847412109375 53 51.581249237060546875 50.25
101.66249847412109375 97.30625152587890625 92.22499847412109375 87.5437469482421875 86.36875152587890625 88.4375 91.4812469482421875 94.34999847412109375 97.1125030517578125 98.5187530517578125 99.78125 100.46875 101.9187469482421875 102.9499969482421875 104.2062530517578125 105.5625 106.4375 105.06874847412109375 102.94374847412109375 101.8249969482421875 99.28749847412109375 96.30625152587890625 93.22499847412109375 89.94374847412109375 86.8937530517578125 84.2312469482421875 81.6374969482421875 79.50624847412109375 77.05625152587890625 73.8000030517578125 71.1125030517578125 69.2624969482421875 67.1875 65.6125030517578125 63.987499237060546875 62.28125 60.293750762939453125 58.65000152587890625 58.387500762939453125 55.81874847412109375 52.024997711181640625 50.299999237060546875 48.862499237060546875 47.4375
104.40000152587890625 99.6062469482421875 95.11875152587890625 91.8937530517578125 90.38124847412109375 90.94374847412109375 90.9875030517578125 90.19374847412109375 89.9187469482421875 91.3874969482421875 95.3625030517578125 98.77500152587890625 101.6750030517578125 103.7375030517578125 105.2624969482421875 106.91249847412109375 107.4562530517578125 105.3249969482421875 102.9499969482421875 100.81874847412109375 99.1374969482421875 96.43125152587890625 92.69374847412109375 89.11875152587890625 86.22499847412109375 82.1374969482421875 78.94374847412109375 76.06874847412109375 73.65000152587890625 70.1437530517578125 67.57500457763671875 66.43125152587890625 64.7062530517578125 63.15625 61.706249237060546875 59.674999237060546875 57.77500152587890625 55.55625152587890625 54.075000762939453125 51.481250762939453125 48.143749237060546875 46.49375152587890625 45.06874847412109375 43.59375
106.71250152587890625 102.47499847412109375 99.02500152587890625 96.1374969482421875 94.2312469482421875 94.0437469482421875 93.25624847412109375 91.3874969482421875 88.15000152587890625 87.59375 92.65000152587890625 97.3312530517578125 101.46250152587890625 104.1875 105.4812469482421875 106.22499847412109375 106.28749847412109375 104.8874969482421875 104.25 102.3312530517578125 99.43125152587890625 96.7624969482421875 92.6125030517578125 89.65000152587890625 85.74375152587890625 80.99375152587890625 76.9875030517578125 73.97499847412109375 71.2375030517578125 67.125 64.97499847412109375 64.41249847412109375 62.418750762939453125 60.612499237060546875 58.981250762939453125 57.3125 55.31874847412109375 52.981250762939453125 51.08750152587890625 48.81874847412109375 45.78125 44.043750762939453125 42.825000762939453125 41.47499847412109375
109.33750152587890625 104.84375 101.88124847412109375 99.5625 98.0500030517578125 98.1125030517578125 96.74375152587890625 94.25 92.28749847412109375 92.3874969482421875 94.9375 97.9562530517578125 102.24375152587890625 105.0124969482421875 105.28749847412109375 105.2312469482421875 104.78749847412109375 104.65000152587890625 104.6374969482421875 104.35625457763671875 101.55625152587890625 98.13124847412109375 93.3312530517578125 89.5500030517578125 84.58750152587890625 79.76874542236328125 75.9875030517578125 72.25 68.90000152587890625 64.4375 62.33750152587890625 61.75624847412109375 59.97499847412109375 58.40625 56.893749237060546875 55.28749847412109375 53.456249237060546875 50.84999847412109375 48.924999237060546875 46.65625 43.96875 42.393749237060546875 40.875 39.25624847412109375
112.40625 107.9875030517578125 105.02500152587890625 102.9499969482421875 101.6062469482421875 102.6437530517578125 101.66249847412109375 98.59999847412109375 96.91249847412109375 96.7062530517578125 98.5500030517578125 100.7687530517578125 103.625 105.7624969482421875 104.7624969482421875 103.5 102.7624969482421875 103.58750152587890625 104.83750152587890625 106.1062469482421875 105.56874847412109375 101.3625030517578125 95.11875152587890625 88.5812530517578125 83.84375 79.6999969482421875 75.83750152587890625 72.0437469482421875 67.93125152587890625 63.418750762939453125 61.299999237060546875 60.443752288818359375 58.825000762939453125 57.09999847412109375 55.21875 53.28749847412109375 51.200000762939453125 48.81874847412109375 47.30625152587890625 45.125 42.44374847412109375 40.93125152587890625 39.481250762939453125 37.924999237060546875
115.94374847412109375 111.4812469482421875 108.58750152587890625 107.125 105.9562530517578125 107.09375 106.8000030517578125 103.625 101.9375 101.5437469482421875 102.25624847412109375 103.15000152587890625 103.2062530517578125 103.7312469482421875 102.66249847412109375 101.5437469482421875 101.24375152587890625 102.5749969482421875 105.04999542236328125 108.28749847412109375 109.40000152587890625 105.4250030517578125 98.16249847412109375 90.24375152587890625 84.2062530517578125 79.5124969482421875 75.44374847412109375 71.86875152587890625 68.6999969482421875 64.46875 61.65000152587890625 59.96250152587890625 57.80625152587890625 55.768749237060546875 54.02500152587890625 52.22499847412109375 50.15625 48.13124847412109375 46.49375152587890625 44.46875 42.143749237060546875 40.612499237060546875 39.1875 37.72499847412109375
119.40000152587890625 115.27500152587890625 112.55625152587890625 110.4875030517578125 108.84375 109.5625 108.88124847412109375 106.6999969482421875 105.52500152587890625 105.51250457763671875 105.59375 105.00624847412109375 103.40000152587890625 100.52500152587890625 98.94374847412109375 98.31874847412109375 98.55625152587890625 101.27500152587890625 104.55625152587890625 108.2312469482421875 110.6062469482421875 107.15625 99.5812530517578125 92.08750152587890625 84.75 79.0124969482421875 75.8249969482421875 72.38124847412109375 69.3874969482421875 65.47499847412109375 62.362499237060546875 60.012500762939453125 57 54.52500152587890625 52.65625 50.981250762939453125 49.18125152587890625 47.356250762939453125 46.075000762939453125 43.83750152587890625 41.86875152587890625 40.61875152587890625 38.75624847412109375 35.75624847412109375
122.44374847412109375 117.6687469482421875 114.93125152587890625 112.65000152587890625 110.91249847412109375 110.6687469482421875 110.0625 108.84375 108.7312469482421875 108.52500152587890625 108.13124847412109375 104.8125 101.5 97.6374969482421875 94.30625152587890625 93.875 94.78749847412109375 97.7062530517578125 101.13124847412109375 104.44374847412109375 105.99375152587890625 103.59999847412109375 98.24375152587890625 91.6999969482421875 85.4187469482421875 80.1374969482421875 77.27500152587890625 73.94374847412109375 70.55625152587890625 66.40000152587890625 63.16249847412109375 60.268749237060546875 56.58750152587890625 53.49375152587890625 51.6875 50.34375 48.75 47.637500762939453125 46.08750152587890625 44.387500762939453125 42 39.518749237060546875 37.112499237060546875 35.450000762939453125
123.0749969482421875 118.36875152587890625 115.83750152587890625 113.6875 111.8625030517578125 111.4875030517578125 111.34375 110.52500152587890625 110.1437530517578125 109.63124847412109375 108.58124542236328125 104.34999847412109375 99.6875 94.93125152587890625 90.33750152587890625 89.52500152587890625 91 94.2687530517578125 97.8874969482421875 101.0437469482421875 102.09999847412109375 100.625 97.125 92.4499969482421875 87.9375 83.65000152587890625 80.33750152587890625 76.72499847412109375 73 68.22499847412109375 64.3562469482421875 60.8125 56.97499847412109375 53.63124847412109375 51.28125 49.950000762939453125 49.19374847412109375 48.90625 48.1875 46.15625 43.081249237060546875 40.762500762939453125 38.93125152587890625 37.293750762939453125
122.71250152587890625 118.11875152587890625 116.1875 114.1687469482421875 112.5749969482421875 112.625 112.1750030517578125 111.5500030517578125 111.58750152587890625 111.46875 109.69374847412109375 104.55625152587890625 99 92.93125152587890625 87.8125 84.9250030517578125 87.6062469482421875 91.9812469482421875 95.5812530517578125 98.5437469482421875 99.97499847412109375 99.3625030517578125 96.8874969482421875 93.4812469482421875 90.1999969482421875 87.4499969482421875 84.58750152587890625 80.625 75.71875 70.06874847412109375 65.58750152587890625 61.78749847412109375 57.450000762939453125 54.1875 51.137500762939453125 50.56874847412109375 50.575000762939453125 49.387500762939453125 48.81874847412109375 47.268749237060546875 45.512500762939453125 43.41249847412109375 41.02500152587890625 37.987499237060546875
121.8874969482421875 118.09375 116.0187530517578125 114.25624847412109375 113.09999847412109375 113.1750030517578125 113.4250030517578125 112.88124847412109375 113.0500030517578125 112.65000152587890625 111.06874847412109375 105.56874847412109375 99.1875 92.8249969482421875 88.1437530517578125 85.56874847412109375 85.97499847412109375 89.6750030517578125 93.84999847412109375 97.2687530517578125 98.875 98.7624969482421875 97.0437469482421875 94.06874847412109375 91.96875 91.04999542236328125 89.56874847412109375 84.375 77.6875 71.5812530517578125 67.0187530517578125 63.862499237060546875 59 55.19374847412109375 53.81874847412109375 54.268749237060546875 53.09999847412109375 52.387500762939453125 52.293750762939453125 50.543750762939453125 49.200000762939453125 46.66249847412109375 42.77500152587890625 39.75
119.4562530517578125 115.8249969482421875 114.28125 112.8874969482421875 111.6062469482421875 112.5124969482421875 113.1374969482421875 112.8125 113.34999847412109375 113.22499847412109375 111.91249847412109375 106.68125152587890625 99.99375152587890625 94.34375 90.7624969482421875 88.28749847412109375 87.5500030517578125 88.38124847412109375 93.1374969482421875 96.86875152587890625 99.3249969482421875 98.83750152587890625 97.29375457763671875 95.4812469482421875 94.4812469482421875 94.18125152587890625 94.65625 88.0187530517578125 79.4250030517578125 71.88124847412109375 66.8562469482421875 63.700000762939453125 61.00624847412109375 59.768749237060546875 58.84999847412109375 56.731250762939453125 55.950000762939453125 55.13124847412109375 53.53125 52.91249847412109375 51.049999237060546875 48.21250152587890625 44.81874847412109375 41.84375
116.4562530517578125 113.53749847412109375 112.125 111.02500152587890625 110.24375152587890625 111.2624969482421875 111.94374847412109375 112.41249847412109375 113.74375152587890625 114.6437530517578125 113.4875030517578125 108.31874847412109375 102.03125 96.84999847412109375 93.0500030517578125 90.79375457763671875 89.73749542236328125 89.47499847412109375 92.21250152587890625 96.05625152587890625 99.8937530517578125 101.3562469482421875 97.5187530517578125 96.36875152587890625 96.05625152587890625 95.68125152587890625 94.47499847412109375 88.7062530517578125 80.81874847412109375 72.59999847412109375 66.55625152587890625 65.28125 65.5749969482421875 64.15000152587890625 62.02500152587890625 60.90000152587890625 59.36875152587890625 57.737499237060546875 56.46250152587890625 54.96250152587890625 52.793750762939453125 50.75 47.21875 44.168750762939453125
