data/historical-monthly-weather-data/wc2.1_cruts4.09_10m_prec_1992-06.asc
ncols        51
nrows        45
xllcorner    -63.500000000000
yllcorner    -7.500000000000
cellsize     0.166666666667
NODATA_value -9999
[rows 19 to 37 of 45, columns 0 to 42 of 51]
160.6437530517578125 162.9812469482421875 162.5124969482421875 159.993743896484375 160.09375 162.46875 160.087493896484375 155.4187469482421875 155.0749969482421875 152.131256103515625 147.462493896484375 141.181243896484375 132.9499969482421875 124.21875 115.8874969482421875 102.5749969482421875 93.6750030517578125 92.5749969482421875 85.3625030517578125 83.4875030517578125 73.75 70.97499847412109375 72.7937469482421875 74.1437530517578125 72.2937469482421875 71.125 72.59375 78.8937530517578125 79.2312469482421875 78.83750152587890625 80.9375 91.46875 93.38124847412109375 92.5625 93.125 98.8874969482421875 102.09375 99.25624847412109375 95.46250152587890625 90.2062530517578125 81.03749847412109375 70.88124847412109375 70.0124969482421875
150.2312469482421875 160.462493896484375 164.53125 163.2375030517578125 158.256256103515625 157.5124969482421875 158.600006103515625 156.6125030517578125 154.6999969482421875 150.506256103515625 147.6062469482421875 141.212493896484375 133.087493896484375 122.5812530517578125 112.24375152587890625 104.75 95.2062530517578125 90.15000152587890625 89.77500152587890625 85.3874969482421875 84.5 81.74375152587890625 80.6750030517578125 83.4562530517578125 82.2375030517578125 78.0437469482421875 73.5 75.31874847412109375 77.63124847412109375 81.4375 85.34375 92.53749847412109375 88.4250030517578125 86.81874847412109375 86.3937530517578125 91.59375 95.7312469482421875 95.3249969482421875 89.65000152587890625 83.9375 77.72499847412109375 69.94374847412109375 67.9250030517578125
149.5 151.71875 158.993743896484375 162.787506103515625 160.493743896484375 157.287506103515625 156.8312530517578125 154.4499969482421875 151.975006103515625 151.100006103515625 147.875 139.5437469482421875 131.2375030517578125 125.1750030517578125 118.5625 107.43125152587890625 106.88124847412109375 99.2062530517578125 98.3874969482421875 94.34375 88.0187530517578125 88.2375030517578125 86.9875030517578125 84.59375 80.9375 77.1999969482421875 78.5187530517578125 77.3125 81.88124847412109375 85.96875 86.96250152587890625 86.8125 84.875 85.8125 83.96250152587890625 85.5437469482421875 88.40625 90.16249847412109375 86.9812469482421875 82.4250030517578125 76.3625030517578125 70.83750152587890625 68.68125152587890625
149.1687469482421875 160.256256103515625 166.931243896484375 169.693756103515625 167.568756103515625 161.9499969482421875 152.631256103515625 148.59375 151.443756103515625 149.806243896484375 146 142.399993896484375 140.368743896484375 136.3625030517578125 128.7624969482421875 119.97499847412109375 111.15000152587890625 104.3312530517578125 101.84375 100.1062469482421875 98.28125 93.21250152587890625 87.77500152587890625 85.66249847412109375 85.31874847412109375 81.09999847412109375 79.11875152587890625 79.65625 82.36875152587890625 82.1687469482421875 82.7687530517578125 84.625 81.65000152587890625 79.52500152587890625 81.0812530517578125 80.0625 80.3874969482421875 82.5625 82.9250030517578125 80.6875 75.46250152587890625 71.34999847412109375 68.78125
145.7375030517578125 158.475006103515625 171.056243896484375 170.4499969482421875 166.8874969482421875 160.9499969482421875 158.850006103515625 153.7375030517578125 149.15625 143.9812469482421875 146.100006103515625 148.53125 143.931243896484375 142.256256103515625 131.149993896484375 122.86875152587890625 115.5124969482421875 112.2624969482421875 108.3625030517578125 104.625 101.58750152587890625 98.96875 92.40625 93.15000152587890625 88.88124847412109375 82.91249847412109375 84.1125030517578125 79.90000152587890625 79.1437530517578125 80.13124847412109375 80.3312530517578125 81.43125152587890625 79.81874847412109375 76.3562469482421875 76.83750152587890625 74.9375 76.34999847412109375 78.2624969482421875 77.6125030517578125 75.40625 72.125 69.59999847412109375 67.78749847412109375
140.28125 155.4187469482421875 166.318756103515625 173.2375030517578125 172.693756103515625 166.274993896484375 161.181243896484375 158.0812530517578125 152.09375 151.181243896484375 148.375 146.6687469482421875 146.712493896484375 139.743743896484375 129.462493896484375 122.15625 117.22499847412109375 111.75624847412109375 109.31874847412109375 108.1374969482421875 104.93125152587890625 100.15625 98.40000152587890625 97.34375 89.86875152587890625 83.8249969482421875 81.8937530517578125 79.7687530517578125 77.94374847412109375 78.8000030517578125 76.4499969482421875 75.18125152587890625 73.5625 72.97499847412109375 72.40625 72.08750152587890625 72.56874847412109375 72.3874969482421875 73.31874847412109375 72.0187530517578125 69.5500030517578125 68.3125 67.7687530517578125
140.9499969482421875 158.875 162.181243896484375 169.618743896484375 168.96875 164.524993896484375 158.1374969482421875 155.431243896484375 146.100006103515625 140.975006103515625 143.4187469482421875 142.0812530517578125 141.59375 136.881256103515625 130.1125030517578125 120.66249847412109375 116.2375030517578125 113.96875 111.875 107.3000030517578125 105.15000152587890625 101.84375 99.24375152587890625 96.625 91.6875 84.1374969482421875 81.8000030517578125 79.6125030517578125 75.7937469482421875 75.24375152587890625 72.71250152587890625 71.03125 69.46250152587890625 68.3000030517578125 67.5500030517578125 69.02500152587890625 69.5812530517578125 68.2312469482421875 67.65625 68.34375 66.40625 61.99375152587890625 61.30625152587890625
140.4812469482421875 149.100006103515625 157.568756103515625 162.100006103515625 161.212493896484375 157.9375 152.6687469482421875 143.3125 137.506256103515625 139.899993896484375 142.4875030517578125 140.4875030517578125 136.850006103515625 133.8874969482421875 129.068756103515625 123.7687530517578125 117.2312469482421875 111.0812530517578125 110.00624847412109375 105.8125 101.6875 99.2375030517578125 97.9499969482421875 99.02500152587890625 90.6875 83.6999969482421875 81.5500030517578125 78.0625 74.4375 72.6437530517578125 71.34375 67.5437469482421875 65.28125 64.3562469482421875 63.950000762939453125 64.4499969482421875 66.18125152587890625 65.1125030517578125 63.606250762939453125 64.96250152587890625 64.59375 61.5625 58.700000762939453125
140.84375 144.03125 149.649993896484375 149.524993896484375 148.443756103515625 148.0124969482421875 144.743743896484375 137.7062530517578125 134.4875030517578125 136.8187408447265625 136.475006103515625 135.412506103515625 131.2624969482421875 127.1750030517578125 122.5 117.8937530517578125 112.4812469482421875 109.38124847412109375 104.40000152587890625 102.5749969482421875 100.03125 95.53749847412109375 95.7312469482421875 93.71250152587890625 87.94374847412109375 81.0749969482421875 78.94374847412109375 75.63124847412109375 74.2375030517578125 73.31874847412109375 70.7687530517578125 67.9812469482421875 64.4875030517578125 60.887500762939453125 61.75624847412109375 62.02500152587890625 63.66249847412109375 62.387500762939453125 62.19374847412109375 62.75 62.61875152587890625 61.52500152587890625 56.018749237060546875
136.8000030517578125 143.40625 140.5749969482421875 137.5437469482421875 138.0187530517578125 132.84375 131.7624969482421875 131.0187530517578125 131.381256103515625 130.537506103515625 130.84375 128.806243896484375 126.75624847412109375 123.4875030517578125 119.08750152587890625 115.0500030517578125 111.5749969482421875 106.44374847412109375 103.8562469482421875 101.8000030517578125 96.8125 91.99375152587890625 89.2312469482421875 86.97499847412109375 82.77500152587890625 76.68125152587890625 76.6999969482421875 75.8937530517578125 73.7937469482421875 70.84999847412109375 67.5749969482421875 65.7624969482421875 61.93125152587890625 60.268749237060546875 58.987499237060546875 58.981250762939453125 61.43125152587890625 59.174999237060546875 59.299999237060546875 59.05625152587890625 58.012500762939453125 55.90625 53.59375
130.381256103515625 132.8562469482421875 130.7375030517578125 126.7312469482421875 125.46250152587890625 124.71875 123.25624847412109375 126.0749969482421875 125.1875 125.65625 125.6750030517578125 125.06874847412109375 123.6687469482421875 121.1875 115.74375152587890625 110.40625 106.18125152587890625 103.9562530517578125 97.7937469482421875 92.53749847412109375 90.78125 87.02500152587890625 84.30625152587890625 82.50624847412109375 77.8625030517578125 75.5749969482421875 74.77500152587890625 73.3937530517578125 71.84999847412109375 68.2687530517578125 65.3312530517578125 62.875 60.575000762939453125 59.200000762939453125 58.875 57.59999847412109375 60.706249237060546875 58.66249847412109375 55.88124847412109375 57.956249237060546875 56.50624847412109375 54.19374847412109375 53.49375152587890625
125.61875152587890625 125.28749847412109375 121.68125152587890625 119.1875 117.9875030517578125 116.96250152587890625 117.93125152587890625 119.11875152587890625 118.375 120.15625 121.09999847412109375 118.9250030517578125 119.58750152587890625 112.4875030517578125 109.0187530517578125 107.96250152587890625 104.8937530517578125 99.3874969482421875 94.03125 90.0437469482421875 86.34375 81.30625152587890625 78.8125 78 74.94374847412109375 73.3937530517578125 72.21250152587890625 71.4812469482421875 69.61875152587890625 66.46250152587890625 65.4375 63.049999237060546875 59.90000152587890625 57.21250152587890625 56.549999237060546875 55.706249237060546875 57.768749237060546875 57.256252288818359375 54.81874847412109375 52.581249237060546875 52.69374847412109375 50.78125 49.81874847412109375
119.47499847412109375 118.4375 113.5812530517578125 112.7624969482421875 114.4562530517578125 113.38124847412109375 113.0749969482421875 113.1875 113.7062530517578125 113.125 111.53125 110.9375 108.19374847412109375 106.7375030517578125 105.55625152587890625 103.2062530517578125 97.4875030517578125 92.375 88.21875 84.91249847412109375 81.1437530517578125 77.4375 73.19374847412109375 72.11875152587890625 71.56874847412109375 69.8125 69.7937469482421875 69.33750152587890625 67.53749847412109375 67.38124847412109375 64.90000152587890625 61.956249237060546875 59.424999237060546875 56.456249237060546875 55.087497711181640625 53.59375 54.125 52.424999237060546875 51.78125 50.55625152587890625 50.875 49.43125152587890625 47.8125
111.00624847412109375 110.18125152587890625 108.5437469482421875 108.34999847412109375 107.0187530517578125 106.8125 107.0124969482421875 108.0437469482421875 106.88124847412109375 106.58750152587890625 108.94374847412109375 106.9187469482421875 105.19374847412109375 105.8249969482421875 104.72499847412109375 99.0500030517578125 92.9812469482421875 90.16249847412109375 86.08750152587890625 82.28749847412109375 76.8937530517578125 72.56874847412109375 69.8625030517578125 69.3625030517578125 68.34999847412109375 67.53749847412109375 67.2687530517578125 66.6437530517578125 66.1999969482421875 65.9250030517578125 64.18125152587890625 60.256252288818359375 58.168750762939453125 56.799999237060546875 54.5625 52.875 51.53749847412109375 49.80625152587890625 49.18125152587890625 50.05625152587890625 50.200000762939453125 48.53749847412109375 46.11875152587890625
102.25624847412109375 103.02500152587890625 104.55625152587890625 103.93125152587890625 102.31874847412109375 101.46250152587890625 102.8874969482421875 101.75 100.21875 99.3125 101.91249847412109375 103.46875 102.59999847412109375 100.625 97.90625 95.49375152587890625 92.0812530517578125 87.16249847412109375 81.27500152587890625 77.66249847412109375 73.74375152587890625 69.31874847412109375 67.6875 65.9875030517578125 66 64.40000152587890625 65.46875 65.25 66.05625152587890625 65.06874847412109375 63.97499847412109375 61.66249847412109375 57.18125152587890625 54.78749847412109375 53.59999847412109375 51.981250762939453125 50.125 48.1875 47.80625152587890625 47.86875152587890625 46.83750152587890625 46.43125152587890625 45.018749237060546875
96.1437530517578125 94.9562530517578125 98.06874847412109375 100.16249847412109375 99.08750152587890625 95.7375030517578125 94.46250152587890625 94.96250152587890625 94.1687469482421875 93.3874969482421875 98.69374847412109375 101.4187469482421875 101.53125 103.25 100.3874969482421875 95.19374847412109375 89.3625030517578125 82.28125 76.59999847412109375 70.5 69.44374847412109375 64.6999969482421875 62.174999237060546875 61.237499237060546875 63.34999847412109375 63.09999847412109375 63.53749847412109375 62.756252288818359375 63.056247711181640625 61.90625 61.450000762939453125 60.206249237060546875 55.512500762939453125 52.96250152587890625 50.71250152587890625 49.768749237060546875 47.106250762939453125 47.456249237060546875 45.737499237060546875 45.66249847412109375 44.75 43.18125152587890625 42.36875152587890625
90.25624847412109375 88.94374847412109375 90.46250152587890625 92.4812469482421875 92.75 90.80625152587890625 89.6687469482421875 88.375 86.6374969482421875 85.8937530517578125 88.47499847412109375 96.22499847412109375 99.96250152587890625 100.4562530517578125 98 93.25624847412109375 86.6875 78.0749969482421875 71.8937530517578125 65.53749847412109375 62.91249847412109375 61.731250762939453125 58.97499847412109375 58.293750762939453125 60.125 60.012500762939453125 60.274997711181640625 59.81874847412109375 61.018749237060546875 59.5625 57.9375 56.96250152587890625 53.875 50.75 47.65000152587890625 46.893749237060546875 46.65625 44.84375 43.987499237060546875 44.1875 43.293750762939453125 41.362499237060546875 40.299999237060546875
82.06874847412109375 84.0500030517578125 83.3000030517578125 85.40625 87.03749847412109375 85.63750457763671875 84.40625 84.5749969482421875 82.5500030517578125 77.9812469482421875 83.91249847412109375 94.9250030517578125 99.72499847412109375 97.9187469482421875 95.30625152587890625 90.3312530517578125 84.4562530517578125 77.0500030517578125 70.4375 62.399997711181640625 58.950000762939453125 58.706249237060546875 56.24375152587890625 56.206249237060546875 56.268749237060546875 56.49375152587890625 58.30625152587890625 57.887500762939453125 57.41249847412109375 55.1875 55.3125 53.25624847412109375 51.231250762939453125 49.05625152587890625 46.125 45.1875 44.950000762939453125 44.5 42.71875 41.5 40.487499237060546875 39.96875 37.97499847412109375
74.94374847412109375 77.0625 78.21250152587890625 80.9875030517578125 81.7375030517578125 81.4375 81.75 81.8874969482421875 81.40000152587890625 76.69374847412109375 88.1374969482421875 97.99375152587890625 98.7687530517578125 97.63124847412109375 92.1750030517578125 86.8562469482421875 80.72499847412109375 74.66249847412109375 69.1875 62.61875152587890625 58.168750762939453125 56.28125 53.293750762939453125 53.53749847412109375 53.19374847412109375 54.625 56.11875152587890625 55.53749847412109375 54.862499237060546875 52.08750152587890625 50.80625152587890625 50.90625 49.512500762939453125 46.65625 44.19374847412109375 43.59999847412109375 42.96875 41.875 42.575000762939453125 40.59999847412109375 38.987499237060546875 38.950000762939453125 36.637500762939453125
