data/historical-monthly-weather-data/wc2.1_cruts4.09_10m_prec_2003-04.asc
ncols        45
nrows        45
xllcorner    -63.500000000000
yllcorner    -7.500000000000
cellsize     0.166666666667
NODATA_value -9999
[rows 20 to 39 of 45, columns 0 to 44 of 45]
238.0437469482421875 253.4812469482421875 266.90625 279.743743896484375 290.993743896484375 305.162506103515625 318.39373779296875 326.287506103515625 329.818756103515625 328.70623779296875 324.524993896484375 318.212493896484375 312.23126220703125 308.181243896484375 300.96875 295.8125 293.350006103515625 297.89373779296875 305.962493896484375 314.88751220703125 338.08123779296875 360.493743896484375 378.54376220703125 388.375 401.581268310546875 413.006256103515625 415.537506103515625 416.09375 413.29998779296875 407.71875 395.79998779296875 385.21875 369.806243896484375 351.82501220703125 337.556243896484375 361.212493896484375 396.587493896484375 425.875 445.48126220703125 456.54998779296875 460.71875 463.193756103515625 457.48126220703125 454.243743896484375 445.29376220703125
226.4375 239.306243896484375 253.743743896484375 271.5 286.53125 299.04998779296875 312.693756103515625 323.693756103515625 327.90625 324.162506103515625 315.056243896484375 302.475006103515625 293.256256103515625 288.78125 287.84375 285.54376220703125 287.337493896484375 291.475006103515625 298.993743896484375 306.993743896484375 322.5625 342.3125 363.40625 376 391.537506103515625 411.806243896484375 432.631256103515625 432.39373779296875 427.556243896484375 419.9375 405.45623779296875 390.568756103515625 378.649993896484375 369.056243896484375 366.75 380.337493896484375 407.368743896484375 432.35626220703125 446.743743896484375 454.39373779296875 458.29998779296875 458.431243896484375 452.931243896484375 448.29376220703125 438.91876220703125
216.0500030517578125 233.4812469482421875 249.337493896484375 266.818756103515625 282.524993896484375 295.35626220703125 306.443756103515625 319.725006103515625 330.149993896484375 320.868743896484375 305.125 287.60626220703125 275.475006103515625 272.662506103515625 275.63751220703125 278.53125 280.21875 283.61248779296875 289.037506103515625 294.79998779296875 309.51251220703125 326.26873779296875 341.875 356.46875 378.037506103515625 403.58123779296875 427.625 433.20623779296875 431.26873779296875 421.899993896484375 410.524993896484375 399.23126220703125 397.0625 395.5 399.506256103515625 407.45001220703125 424.92498779296875 443.537506103515625 452.931243896484375 454.506256103515625 454.92498779296875 451.58123779296875 445.975006103515625 440.618743896484375 432.318756103515625
207.181243896484375 224.2624969482421875 242.0124969482421875 257.95001220703125 273.29998779296875 286.04376220703125 299.587493896484375 310.975006103515625 318.875 309.1875 293.493743896484375 278.962493896484375 262.58123779296875 263.57501220703125 268.693756103515625 271.837493896484375 273.162506103515625 278.368743896484375 282.04376220703125 287.61248779296875 298.79998779296875 310.01873779296875 322.41876220703125 338.88751220703125 359.41876220703125 378.58123779296875 397.774993896484375 414.14373779296875 421.23126220703125 421.64373779296875 418.01251220703125 416.1875 419.41876220703125 420.48126220703125 426.16876220703125 433.162506103515625 446.42498779296875 456.056243896484375 457.931243896484375 454.131256103515625 451.67498779296875 445.306243896484375 438.243743896484375 430.85626220703125 425.38751220703125
200.9875030517578125 217.4375 233.993743896484375 251.118743896484375 267.71875 278.975006103515625 289.70623779296875 298.96875 301.59375 297.95001220703125 286.57501220703125 273.59375 266.08123779296875 262.306243896484375 264.375 266.89373779296875 270.443756103515625 274.96875 278.29998779296875 280.84375 288.212493896484375 295.837493896484375 305.568756103515625 318.42498779296875 335.743743896484375 360.35626220703125 381.806243896484375 399.48748779296875 413.98748779296875 425.58123779296875 430.92498779296875 436.26873779296875 443.29998779296875 445.274993896484375 447.493743896484375 448.86248779296875 456.681243896484375 458.9375 457.92498779296875 454.59375 449.40625 440.3125 433.53125 423.556243896484375 410.0625
201.193756103515625 215.5812530517578125 227.6750030517578125 243.59375 258.11248779296875 268.54376220703125 277.943756103515625 285.1875 284.98748779296875 281.65625 277.07501220703125 271.787506103515625 266.899993896484375 265.037506103515625 264.537506103515625 267.806243896484375 270.35626220703125 273.98748779296875 275.35626220703125 274.84375 281.45623779296875 284.65625 288.806243896484375 294.8125 315.75 343.912506103515625 371.524993896484375 391.21875 412.26873779296875 426.375 441.36248779296875 455.318756103515625 466.11248779296875 463.931243896484375 459.76251220703125 458.75 461.48126220703125 461.587493896484375 457.48126220703125 452.8125 447.59375 435.98126220703125 425.59375 412.83123779296875 402.375
201 210.8874969482421875 222.756256103515625 235.556243896484375 246.65625 257.131256103515625 264.83123779296875 269.899993896484375 270.90625 273.58123779296875 274.118743896484375 271.087493896484375 269.01251220703125 268.693756103515625 269.03125 271.181243896484375 272.962493896484375 274.587493896484375 276.58123779296875 277 278.712493896484375 278.78125 277.65625 281.625 305.350006103515625 331.39373779296875 359.662506103515625 381.16876220703125 404.41876220703125 421.899993896484375 442.225006103515625 461.899993896484375 478.412506103515625 473.86248779296875 467.431243896484375 463.493743896484375 463.5 461.975006103515625 455.243743896484375 449.83123779296875 441.9375 432.11248779296875 420.9375 410.51873779296875 408.23126220703125
202.131256103515625 208.3249969482421875 217.506256103515625 227.3874969482421875 237.306243896484375 245.568756103515625 253.5749969482421875 257.41876220703125 261.587493896484375 266.256256103515625 267.26251220703125 268.51873779296875 269.024993896484375 271.53125 272.90625 273.556243896484375 275.98748779296875 280.26251220703125 280.4375 281.743743896484375 283.306243896484375 281.337493896484375 284.90625 289.34375 306.20623779296875 329.13751220703125 351.662506103515625 373.100006103515625 394.381256103515625 413.131256103515625 430.88751220703125 448.1875 463.29376220703125 465.40625 465.70623779296875 461.6875 462.48748779296875 461.399993896484375 454.881256103515625 448.17498779296875 441.01251220703125 431.631256103515625 421.243743896484375 414.274993896484375 423.625
201.412506103515625 205.34375 211.662506103515625 219.6750030517578125 226.975006103515625 232.9875030517578125 239.875 247.181243896484375 254.5625 259.23748779296875 263.79376220703125 266.975006103515625 268.962493896484375 273.20623779296875 277.287506103515625 281.39373779296875 284.8125 285.91876220703125 288.21875 288.649993896484375 290.243743896484375 288.57501220703125 292.212493896484375 298.89373779296875 311.1875 329.88751220703125 349.20623779296875 367.131256103515625 385.375 401.71875 414.181243896484375 427.41876220703125 439.024993896484375 448.75 454.75 455.03125 458.1875 459.26873779296875 454.29376220703125 445.73748779296875 434.881256103515625 426.48126220703125 419.631256103515625 425.899993896484375 437.125
200.90625 202.5749969482421875 207.125 210.9187469482421875 216.96875 224.087493896484375 231.6999969482421875 240.1125030517578125 247.368743896484375 253.162506103515625 260.0625 264.9375 271.5 277.58123779296875 282.26251220703125 286.09375 289.95623779296875 295.087493896484375 296.5 294.90625 293.962493896484375 295.58123779296875 300.61248779296875 304.600006103515625 312.70001220703125 327.100006103515625 343.649993896484375 356.76251220703125 371.79376220703125 385.09375 396.01873779296875 405.04376220703125 417.131256103515625 430.143768310546875 440.29376220703125 443.59375 450 453.649993896484375 448.037506103515625 444.625 439.86248779296875 434.875 428.98126220703125 435.75 438.868743896484375
198.6687469482421875 197.8874969482421875 200.5812530517578125 203.756256103515625 209.0500030517578125 215.78125 224.399993896484375 231.8562469482421875 239.6999969482421875 247.899993896484375 256.45001220703125 263.79998779296875 273.66876220703125 279.73126220703125 286.006256103515625 291.10626220703125 297.381256103515625 303.07501220703125 306.08123779296875 305.693756103515625 303.850006103515625 303.14373779296875 305.712493896484375 305.84375 309.64373779296875 324.868743896484375 334.95623779296875 346.51251220703125 357.899993896484375 367.350006103515625 377.59375 386.25 400.23748779296875 413.78125 424.20623779296875 430.78125 435.54998779296875 441.493743896484375 442.78125 442.125 440.375 436.26251220703125 434.41876220703125 435.912506103515625 440.037506103515625
195.0437469482421875 192.5437469482421875 194.1999969482421875 197.875 201.681243896484375 207.1062469482421875 215.587493896484375 222.8249969482421875 231.2312469482421875 240.0500030517578125 250.5812530517578125 262.32501220703125 272.10626220703125 281.225006103515625 288.08123779296875 294.693756103515625 299.04376220703125 305.587493896484375 308.53125 312.381256103515625 311.006256103515625 309.61248779296875 308.993743896484375 308.118743896484375 313.243743896484375 321.58123779296875 327.23126220703125 336.431243896484375 343.36248779296875 352.725006103515625 363.04376220703125 371.618743896484375 382.631256103515625 395.912506103515625 407.475006103515625 414.79376220703125 422.568756103515625 427.1875 429.625 430.71875 436.6875 436.287506103515625 434.95623779296875 436.92498779296875 441.118743896484375
192.837493896484375 188.8000030517578125 189.8625030517578125 191.774993896484375 195.193756103515625 199.693756103515625 205.256256103515625 212.4562530517578125 220.662506103515625 231.4375 246.0187530517578125 257.76251220703125 271.23748779296875 283.66876220703125 290.631256103515625 296.33123779296875 302.28125 309.15625 311.08123779296875 313.41876220703125 314.462493896484375 313.274993896484375 311.537506103515625 310.087493896484375 313.631256103515625 315.84375 320.181243896484375 324.38751220703125 329.32501220703125 338.931243896484375 346.90625 353.600006103515625 363.399993896484375 376.29376220703125 387.899993896484375 397.287506103515625 404.818756103515625 411.181243896484375 411.8125 421.350006103515625 425.96875 426.162506103515625 427.92498779296875 432.4375 437.618743896484375
189.75 186.2937469482421875 186.693756103515625 187.15625 188.462493896484375 193.087493896484375 197.712493896484375 202.4187469482421875 210.5625 221.8125 235.649993896484375 252.1750030517578125 268.943756103515625 281.36248779296875 289.91876220703125 295.3125 302.193756103515625 308.67498779296875 311.649993896484375 313.943756103515625 314.806243896484375 314.32501220703125 313.087493896484375 307.625 309.837493896484375 309.537506103515625 309.693756103515625 311.26251220703125 314.63751220703125 321.506256103515625 328.875 337.037506103515625 346.23748779296875 357.600006103515625 368.962493896484375 377.431243896484375 385.837493896484375 388.88751220703125 396.78125 405.36248779296875 409.15625 412.625 417 423.381256103515625 430.26251220703125
185.868743896484375 183.6062469482421875 183.993743896484375 182.5812530517578125 182.337493896484375 185.2375030517578125 188.318756103515625 192.6125030517578125 199.3874969482421875 209.2375030517578125 225.59375 245.9875030517578125 267.09375 284.618743896484375 292.28125 297.881256103515625 302.5625 306.024993896484375 311.243743896484375 311.61248779296875 314.16876220703125 312.037506103515625 310.899993896484375 302.90625 301.712493896484375 301.95001220703125 300.63751220703125 298.64373779296875 300.4375 308.006256103515625 314.087493896484375 322.0625 329.006256103515625 339.98126220703125 349.125 356.100006103515625 361.649993896484375 373.46875 381.08123779296875 387.556243896484375 391.199981689453125 396.0625 402.26251220703125 408.38751220703125 411.61248779296875
185.631256103515625 184.4375 184.056243896484375 182.5124969482421875 181.243743896484375 182.131256103515625 184.256256103515625 186.375 190.1125030517578125 197.5500030517578125 211.756256103515625 234.618743896484375 260.125 279.40625 288.39373779296875 294.875 300.57501220703125 304.287506103515625 308.54376220703125 311.537506103515625 311.375 310.006256103515625 304.3125 297.66876220703125 293.76251220703125 292.61248779296875 291.38751220703125 289.975006103515625 290.59375 295.868743896484375 301.38751220703125 306.90625 312.76251220703125 322.9375 329.3125 332.45623779296875 343.381256103515625 354.23748779296875 359.65625 366.32501220703125 372.60626220703125 376.524993896484375 380.76873779296875 386.82501220703125 387.399993896484375
186.181243896484375 185.8874969482421875 184.7375030517578125 183.368743896484375 181.4499969482421875 181.462493896484375 182.537506103515625 181.5812530517578125 181.65625 184.7062530517578125 199.8874969482421875 227.96875 251.649993896484375 269.100006103515625 281.306243896484375 289.63751220703125 294.318756103515625 298.649993896484375 303.29998779296875 303.875 303.73748779296875 301.0625 295.3125 289.381256103515625 284.149993896484375 282.15625 281.806243896484375 280.975006103515625 280.41876220703125 283.96875 289.70001220703125 295.287506103515625 300.13751220703125 306.09375 310.48748779296875 315.90625 325.774993896484375 336.60626220703125 343.86248779296875 346.78125 352.462493896484375 355.38751220703125 360.61248779296875 365.04376220703125 366.67498779296875
187.912506103515625 186.412506103515625 184.524993896484375 183.618743896484375 181.693756103515625 181.5625 181.087493896484375 178.7624969482421875 179.0749969482421875 179.7624969482421875 199.193756103515625 226.399993896484375 246.462493896484375 262.54376220703125 274.15625 283.36248779296875 287.662506103515625 292.506256103515625 293.64373779296875 292.6875 291.75 288 284.662506103515625 278.92498779296875 273.524993896484375 272.743743896484375 270.024993896484375 270.92498779296875 271.23748779296875 275.01873779296875 277.83123779296875 282.881256103515625 288.556243896484375 292.21875 293.13751220703125 301.98126220703125 310.693756103515625 318.149993896484375 326.89373779296875 330.51873779296875 333.087493896484375 336.431243896484375 338.149993896484375 340.237518310546875 343
184.3562469482421875 181.75 180.96875 181.337493896484375 181.375 180.8874969482421875 181.475006103515625 181.818756103515625 186.9875030517578125 197.9875030517578125 218.0500030517578125 234.2687530517578125 246.03125 259.475006103515625 269.8125 276.51251220703125 281.11248779296875 283.975006103515625 281.92498779296875 281.83123779296875 279.20001220703125 274.568756103515625 271.29998779296875 268.15625 264.71875 262.01873779296875 261.01873779296875 262.15625 262.774993896484375 267.875 271.63751220703125 273.556243896484375 278.36248779296875 283.34375 289.631256103515625 294.5 299.73126220703125 307.149993896484375 311.83123779296875 312.60626220703125 315.45001220703125 318.993743896484375 319.225006103515625 322.32501220703125 324.20001220703125
179.40625 178.0749969482421875 178.5812530517578125 180.1624908447265625 181.3249969482421875 182.9187469482421875 183.524993896484375 188.068756103515625 196.068756103515625 207.350006103515625 221.6125030517578125 235.962493896484375 246.131256103515625 256.92498779296875 265.462493896484375 270.79998779296875 274.725006103515625 276.20623779296875 272.60626220703125 269.98126220703125 265.42498779296875 262.806243896484375 256.70623779296875 253.774993896484375 254.037506103515625 252.9375 253.193756103515625 255.024993896484375 256.475006103515625 260.95001220703125 262.631256103515625 269.149993896484375 276.181243896484375 280.824981689453125 286.65625 290.01873779296875 293.024993896484375 298.1875 299.975006103515625 297.61248779296875 298.34375 301.118743896484375 299.84375 301.83123779296875 305.3125
