data/historical-monthly-weather-data/wc2.1_cruts4.09_10m_prec_1972-11.asc
ncols        45
nrows        45
xllcorner    -63.500000000000
yllcorner    -7.500000000000
cellsize     0.166666666667
NODATA_value -9999
[rows 0 to 19 of 45, columns 0 to 43 of 45]
209.306243896484375 211.1750030517578125 206.2062530517578125 205.25 203.556243896484375 201.600006103515625 197.96875 194.287506103515625 190.5187530517578125 185.662506103515625 180.787506103515625 174.0687408447265625 167.65625 158.899993896484375 152.068756103515625 144.90625 138.3874969482421875 131.556243896484375 125.4250030517578125 120.2687530517578125 115.75 111.36875152587890625 108.0187530517578125 105.8625030517578125 104.63124847412109375 104.09375 105.6750030517578125 107.55625152587890625 109.4250030517578125 113.71250152587890625 118.84375 124.7687530517578125 130.3937530517578125 137.0187530517578125 142.837493896484375 146.1437530517578125 149.3249969482421875 151.3312530517578125 148.962493896484375 146.068756103515625 141.8062591552734375 137.3937530517578125 131.3312530517578125 125.3562469482421875
213.34375 214.181243896484375 212.443756103515625 212.9812469482421875 214.5812530517578125 212.4812469482421875 208.193756103515625 206.1374969482421875 201.84375 195.7312469482421875 189.6062469482421875 180.9250030517578125 171.9250030517578125 162.9250030517578125 154.4250030517578125 147.443756103515625 139.6125030517578125 133.0812530517578125 126.6750030517578125 121.34375 116.59375 112.1374969482421875 108.94374847412109375 108.21875 106.72499847412109375 106.2375030517578125 108.25 109.9812469482421875 112.21250152587890625 117.09375 123 129.712493896484375 134.7687530517578125 142.649993896484375 149.4499969482421875 152.5437469482421875 155.475006103515625 157.2937469482421875 154.0437469482421875 150.4499969482421875 146.4187469482421875 141.306243896484375 135.806243896484375 128.5749969482421875
212.631256103515625 213.975006103515625 212.25 211.7312469482421875 213.662506103515625 211.8312530517578125 211.287506103515625 209.962493896484375 207.1062469482421875 201.4187469482421875 193.756256103515625 183.881256103515625 174.2624969482421875 164.368743896484375 155.350006103515625 147.2375030517578125 139.8312530517578125 133.54998779296875 126.8249969482421875 121.40625 117.11875152587890625 113.06874847412109375 110.2375030517578125 110.56874847412109375 110.3874969482421875 110.36875152587890625 112.52500152587890625 114.7624969482421875 116.7624969482421875 121.78749847412109375 129.0625 136.037506103515625 143.6437530517578125 151.5625 159.5437469482421875 162.193756103515625 164.9250030517578125 168.3562469482421875 165.2937469482421875 161.931243896484375 157.368743896484375 150.6875 144.0187530517578125 136.5625
206.381256103515625 207.131256103515625 207.850006103515625 206.84375 208.875 208.337493896484375 208.475006103515625 210.0625 209.712493896484375 205.556243896484375 196.875 185.4812469482421875 174.8125 164.2624969482421875 155.212493896484375 147.131256103515625 140.006256103515625 133.21875 126.9375 122.25 118.5500030517578125 114.75624847412109375 111.6062469482421875 112.4250030517578125 113.4250030517578125 114.52500152587890625 117.02500152587890625 118.31874847412109375 120.97499847412109375 127.4187469482421875 135.0625 143.3874969482421875 150.524993896484375 159.131256103515625 167.600006103515625 172.774993896484375 176.943756103515625 180.306243896484375 177.881256103515625 174.2062530517578125 168.0812530517578125 161.462493896484375 152.5625 143.75
205.4499969482421875 202.931243896484375 197.0749969482421875 197.837493896484375 202.068756103515625 203.0749969482421875 204.3625030517578125 207.8312530517578125 210.4562530517578125 208.9812469482421875 197.568756103515625 183.568756103515625 172.4375 162.8125 154.118743896484375 146.743743896484375 139.493743896484375 133.350006103515625 127.07500457763671875 121.46875 119.27500152587890625 116.03125 113.5187530517578125 115.81874847412109375 116.7312469482421875 118.28125 119.3562469482421875 121.84999847412109375 125.3312530517578125 131.2687530517578125 139.3000030517578125 148.212493896484375 156.3312530517578125 165.9499969482421875 175.65625 181.524993896484375 186.756256103515625 191.40625 190.350006103515625 184.9499969482421875 179.2375030517578125 170.3249969482421875 160.8562469482421875 151.3312530517578125
201.2687530517578125 199.3312530517578125 193.6437530517578125 188.337493896484375 193.7312469482421875 198.21875 200.537506103515625 202.5812530517578125 204.475006103515625 204.2062530517578125 192.2624969482421875 179.100006103515625 169.443756103515625 160.6062469482421875 152.2624969482421875 144.90625 138.4812469482421875 132.587493896484375 127.1125030517578125 121.34375 119.63124847412109375 118.1062469482421875 116.66249847412109375 118.56874847412109375 120.8562469482421875 122.21875 123.5187530517578125 125.3562469482421875 128.306243896484375 133.712493896484375 140.3125 150.28125 157.662506103515625 167.3312530517578125 176.46875 183.568756103515625 189.743743896484375 195.693756103515625 196.9250030517578125 193.475006103515625 185.149993896484375 176.7062530517578125 167.2937469482421875 158.431243896484375
198.7937469482421875 198.943756103515625 193.6687469482421875 188.412506103515625 189.3562469482421875 190.100006103515625 191.475006103515625 191.8874969482421875 189.5812530517578125 184.2687530517578125 178.475006103515625 170.4124908447265625 163.7937469482421875 156.75 150.118743896484375 143.9375 137.931243896484375 131.993743896484375 125.71875 121.6437530517578125 121.00624847412109375 120.5 120.21875 122.3937530517578125 124.84375 127.16249847412109375 127.8562469482421875 128.693756103515625 129.618743896484375 134.6374969482421875 141.4562530517578125 149.8874969482421875 157.368743896484375 166.6437530517578125 176.287506103515625 182.787506103515625 188.743743896484375 195.931243896484375 201.6750030517578125 198.71875 190.1125030517578125 181.4250030517578125 172.5812530517578125 163.818756103515625
198.53125 198.2062530517578125 194.4187469482421875 192.4187469482421875 192.65625 189.6687469482421875 184.28125 177.068756103515625 169.243743896484375 164.5187530517578125 163.9562530517578125 161.1750030517578125 157.3625030517578125 152.4187469482421875 147.25 142.4875030517578125 136.962493896484375 131.0437469482421875 125.40625 121.0625 122.84999847412109375 124.1062469482421875 124.2062530517578125 126.84375 130.306243896484375 131 130.850006103515625 130.4562530517578125 131.2687530517578125 134.6687469482421875 140.46875 149.1125030517578125 156.2687530517578125 164.5 173.5812530517578125 179.306243896484375 185.9875030517578125 191.875 195.149993896484375 193.7312469482421875 188.1437530517578125 180.875 172.9375 164.649993896484375
198.96875 199.8312530517578125 197.9375 196.3812408447265625 195.5187530517578125 190.943756103515625 184.0749969482421875 174.90625 161.59375 153.4187469482421875 154.9187469482421875 154.53125 152.881256103515625 149.3249969482421875 145.181243896484375 140.5812530517578125 135.587493896484375 131.0749969482421875 127.91875457763671875 124.2687530517578125 125.6875 128.162506103515625 128.6750030517578125 132.8125 135.2375030517578125 135.162506103515625 133.600006103515625 132.90625 132.875 133.743743896484375 138.90625 147.4187469482421875 152.787506103515625 159.21875 166.443756103515625 172.3000030517578125 177.8874969482421875 182.618743896484375 185.087493896484375 185.787506103515625 182.381256103515625 176.162506103515625 170.6125030517578125 164.0749969482421875
200.131256103515625 200.537506103515625 199.21875 198.3874969482421875 197.993743896484375 193.9875030517578125 186.1875 176.056243896484375 165.056243896484375 157.7312469482421875 154.662506103515625 151.5500030517578125 150.21875 147.0500030517578125 142.8625030517578125 138.6374969482421875 134.21875 131.6999969482421875 129.618743896484375 128.350006103515625 131.100006103515625 133.850006103515625 134.506256103515625 138.0187530517578125 139.1374969482421875 139.125 137.9187469482421875 135.7937469482421875 134.3625030517578125 133.0812530517578125 136.78125 143.850006103515625 148.46875 154.256256103515625 160.5187530517578125 165.6875 170.8125 173.8249969482421875 176.625 178.09375 177.118743896484375 172.9562530517578125 167.818756103515625 161.506256103515625
201.774993896484375 202.3249969482421875 200.6750030517578125 199.899993896484375 199.4812469482421875 197.443756103515625 190.556243896484375 179.5749969482421875 168.868743896484375 160.8312530517578125 156.3249969482421875 152.068756103515625 148.806243896484375 145.118743896484375 140.368743896484375 135.8125 132.0812530517578125 131.2375030517578125 130.993743896484375 132.149993896484375 139.1062469482421875 142.212493896484375 141.9375 141.806243896484375 143.5625 144.9875030517578125 143.649993896484375 141.4499969482421875 138.2624969482421875 135.600006103515625 137.912506103515625 143.0500030517578125 147.118743896484375 151.5 155.75 159.087493896484375 162.3625030517578125 165.225006103515625 169.9250030517578125 172.4375 172.3125 169.850006103515625 166.46875 161.681243896484375
203.375 203.756256103515625 202.087493896484375 202.2312469482421875 201.943756103515625 199.993743896484375 194.4562530517578125 183.3874969482421875 172.6374969482421875 164.162506103515625 157.8874969482421875 152.868743896484375 146.931243896484375 142.193756103515625 137.5 133.0812530517578125 129.9124908447265625 130.024993896484375 131.7687530517578125 135.8125 145.8937530517578125 150.443756103515625 149.587493896484375 147.8125 147.8312530517578125 148.462493896484375 146.899993896484375 145.15625 143.78125 140.7937469482421875 140.556243896484375 142.818756103515625 144.9499969482421875 147.806243896484375 151.649993896484375 154.5437469482421875 156.993743896484375 160.09375 164.3000030517578125 167.662506103515625 169.3562469482421875 167.8125 165.568756103515625 162.024993896484375
204.5124969482421875 205.399993896484375 203.8625030517578125 202.6750030517578125 201.28125 198.5749969482421875 192.4562530517578125 183.399993896484375 173.59375 165.712493896484375 158.7062530517578125 152.9875030517578125 146.28125 138.181243896484375 132.7375030517578125 128.71875 126.1374969482421875 128.34375 131.506256103515625 136.5812530517578125 149.1500091552734375 155.225006103515625 154.5500030517578125 153.962493896484375 152.0812530517578125 151.1374969482421875 151.3937530517578125 150.024993896484375 149.037506103515625 145.7375030517578125 143.8125 143.5749969482421875 143.125 144.28125 147.0500030517578125 149.475006103515625 151.850006103515625 154.600006103515625 159.943756103515625 162.71875 166.0437469482421875 166.5187530517578125 163.4187469482421875 154.131256103515625
205.181243896484375 204.7312469482421875 202.931243896484375 201.1062469482421875 199.381256103515625 194.943756103515625 189.0812530517578125 181.8562469482421875 173.9375 165.8625030517578125 158.4375 150.162506103515625 142.618743896484375 134.3562469482421875 126.5812530517578125 122.65625 120.8125 123.5812530517578125 127.33750152587890625 132.350006103515625 144.212493896484375 152.131256103515625 155.1125030517578125 156.25 156.46875 156.649993896484375 157.78125 156.962493896484375 155.1999969482421875 150.4187469482421875 147.2062530517578125 144.787506103515625 142.1750030517578125 141.2937469482421875 143.600006103515625 146.3249969482421875 148.5812530517578125 152.9375 157.4875030517578125 162.399993896484375 164.4812469482421875 160.712493896484375 156.03125 153.118743896484375
204.125 203.4875030517578125 201.6750030517578125 199.6999969482421875 197.443756103515625 192.5812530517578125 187.3562469482421875 180.7312469482421875 172.743743896484375 164.5812530517578125 156.5812530517578125 147.662506103515625 138.806243896484375 129.850006103515625 120.34999847412109375 115.84999847412109375 114.6437530517578125 117.875 121.91249847412109375 126.84999847412109375 138.493743896484375 148.181243896484375 154.5187530517578125 158.8874969482421875 162.59375 165.056243896484375 165.743743896484375 164.537506103515625 162.1937408447265625 155.59375 150.3000030517578125 145.8874969482421875 142.8125 141.2624969482421875 141.90625 144.5812530517578125 149.087493896484375 156.0062408447265625 163.75 167.899993896484375 167.40625 164.443756103515625 162.4250030517578125 160.0437469482421875
201.8000030517578125 201.0124969482421875 199.806243896484375 197.6875 195.4187469482421875 190.975006103515625 185.087493896484375 178.681243896484375 171.743743896484375 164.556243896484375 155.912506103515625 146.162506103515625 136.5437469482421875 126.16249847412109375 115.91249847412109375 108.65000152587890625 108.9187469482421875 113.5 117.46875 122.24375152587890625 134.8874969482421875 146.493743896484375 155.03125 161.756256103515625 167.9875030517578125 173.875 175.9187469482421875 174.3562469482421875 169.5625 160.5124969482421875 153.350006103515625 147.8625030517578125 143.587493896484375 142.193756103515625 140.9499969482421875 145.7937469482421875 152.65625 156.8249969482421875 165.3000030517578125 171.25 175.7937469482421875 173.75 169.774993896484375 161.75
199.037506103515625 199.21875 197.431243896484375 195.34375 193.524993896484375 188.9812469482421875 183.96875 177.587493896484375 171.0812530517578125 163.7937469482421875 155.725006103515625 145.8312530517578125 135.443756103515625 124.9187469482421875 115.1687469482421875 108.1437530517578125 105.3874969482421875 109.02500152587890625 113.58750152587890625 118.9187469482421875 132.4250030517578125 145.462493896484375 155.8874969482421875 163.6125030517578125 172.162506103515625 182.0500030517578125 187.3312530517578125 183.59375 175.068756103515625 164.5187530517578125 156.649993896484375 152.3000030517578125 146.9499969482421875 144.306243896484375 147.818756103515625 155.9562530517578125 159.806243896484375 165.84375 176.6624908447265625 182.5 189.0124969482421875 185.556243896484375 175.6750030517578125 167.943756103515625
195.3312530517578125 195.818756103515625 194.7937469482421875 193.21875 191.006256103515625 187.6875 183.15625 176.975006103515625 170.725006103515625 163.5187530517578125 155.5437469482421875 145.8625030517578125 134.875 125.1999969482421875 116.83750152587890625 109.8625030517578125 105.5187530517578125 105.22499847412109375 109.90625 115.11875152587890625 130.350006103515625 143.725006103515625 155.1374969482421875 164.9875030517578125 175.8000030517578125 187.1750030517578125 196.9375 190.681243896484375 178.287506103515625 164.162506103515625 154.8625030517578125 150.2624969482421875 150.6125030517578125 155.3249969482421875 161.0562591552734375 162.9375 168.8125 175.412506103515625 181.1125030517578125 190.662506103515625 195.131256103515625 190.274993896484375 182.1437530517578125 174.46875
191.0124969482421875 192.681243896484375 191.84375 190.649993896484375 189.193756103515625 185.96875 181.4250030517578125 176.2624969482421875 170.818756103515625 164.6374969482421875 156.506256103515625 146.568756103515625 135.8625030517578125 126.5812530517578125 117.8937530517578125 111.125 106.25624847412109375 104.1374969482421875 105.75 110.59375 128.125 145.1437530517578125 154.0749969482421875 165.1875 177.28125 188.6687469482421875 195.1750030517578125 190.993743896484375 180.3874969482421875 164.537506103515625 152.587493896484375 152.1437530517578125 160.3562469482421875 165.625 169.1875 174.9250030517578125 179.7687530517578125 184.787506103515625 191.3937530517578125 197.7312469482421875 200.8499908447265625 198.84375 189.9812469482421875 181.774993896484375
186.1687469482421875 188.725006103515625 187.9250030517578125 187.2312469482421875 186.1750030517578125 183.75 180.0625 175.412506103515625 171.037506103515625 165.9375 159.15625 149.78125 139.3874969482421875 129.068756103515625 120.28125 112.4187469482421875 105.3874969482421875 104.05625152587890625 104.11875152587890625 107.5437469482421875 123.34999847412109375 138.75 152.7937469482421875 164.5500030517578125 175.7375030517578125 184.274993896484375 188.1062469482421875 188.587493896484375 180.59375 166.131256103515625 157.212493896484375 161.537506103515625 168.3312530517578125 176.037506103515625 182.243743896484375 187.21875 192.875 198.8312530517578125 202.774993896484375 205.774993896484375 207.40625 204.756256103515625 197.4250030517578125 190.600006103515625
