data/historical-monthly-weather-data/wc2.1_cruts4.09_10m_prec_1988-03.asc
ncols        45
nrows        45
xllcorner    -63.500000000000
yllcorner    -7.500000000000
cellsize     0.166666666667
NODATA_value -9999
[rows 0 to 19 of 45, columns 0 to 44 of 45]
122.3937530517578125 121.5812530517578125 117.4562530517578125 116.25624847412109375 113.75 110.65000152587890625 105.59999847412109375 100.7624969482421875 97.44374847412109375 96.15000152587890625 97.1437530517578125 100.8874969482421875 105.19374847412109375 108.52500152587890625 114.75624847412109375 121.375 129.59375 135.3000030517578125 142.8625030517578125 149.850006103515625 155.0187530517578125 159.024993896484375 163.8937530517578125 168.368743896484375 174.756256103515625 181.59375 190.818756103515625 203.4875030517578125 215.2062530517578125 221.193756103515625 230.3562469482421875 237.149993896484375 244.75 254.462493896484375 263.75 273.10626220703125 281.42498779296875 290.318756103515625 299.693756103515625 307.63751220703125 315.83123779296875 322.82501220703125 328.006256103515625 334.16876220703125 335.84375
128.28125 128.681243896484375 128.506256103515625 128.65625 128.0812530517578125 124.7312469482421875 119.47499847412109375 115.1062469482421875 113.1125030517578125 111.8874969482421875 112.3937530517578125 115.40625 118.96875 122.1999969482421875 127.8249969482421875 134.25 141.975006103515625 150.8562469482421875 160.1875 169.1750030517578125 174.4562530517578125 178.8312530517578125 184.193756103515625 189.037506103515625 194.493743896484375 200.818756103515625 208.725006103515625 220.25 229.9499969482421875 234.9187469482421875 241 248.4499969482421875 254.59375 265.28125 272.76873779296875 283.381256103515625 294.09375 303.725006103515625 313.100006103515625 320.63751220703125 329.600006103515625 336.13751220703125 340.875 346.1875 348.818756103515625
134.96875 137.006256103515625 138.837493896484375 140.5 140.681243896484375 138.1062469482421875 135.318756103515625 133.03125 131.837493896484375 131.375 130.6062469482421875 132.368743896484375 135.3249969482421875 138.193756103515625 143.5 150.3312530517578125 157.556243896484375 166.0187530517578125 174.1687469482421875 182.1437530517578125 187.3874969482421875 192.1687469482421875 196.4250030517578125 202.0124969482421875 208.0812530517578125 213.318756103515625 221.037506103515625 231.462493896484375 239.4499969482421875 243 248.9187469482421875 255.3125 262.65625 271.10626220703125 281.706268310546875 291.20623779296875 303.399993896484375 316.162506103515625 325.618743896484375 334.931243896484375 344 349.3125 353.125 356.57501220703125 360.524993896484375
140.6750030517578125 144.84375 149.7312469482421875 152.506256103515625 154.087493896484375 152.350006103515625 151.381256103515625 151.2312469482421875 152.1750030517578125 152.3249969482421875 150.8125 150.756256103515625 151.8562469482421875 153.8312530517578125 159.2937469482421875 165.868743896484375 173.868743896484375 181.5187530517578125 188.5187530517578125 194.787506103515625 200.3312530517578125 203.9812469482421875 206.6687469482421875 212.34375 218.6750030517578125 224.1125030517578125 231.3562469482421875 238.943756103515625 245.9312591552734375 249.756256103515625 253.34375 260.574981689453125 267.75 276.28125 286.60626220703125 299.337493896484375 313.51251220703125 328.04998779296875 339.95001220703125 349.36248779296875 356.98748779296875 362.443756103515625 365.71875 367.42498779296875 370.95001220703125
150.96875 154.96875 158.90625 163.5812530517578125 166.568756103515625 166.1062469482421875 165.6125030517578125 167.1687469482421875 170.6062469482421875 172.818756103515625 170.193756103515625 167.75 167.787506103515625 170.212493896484375 174.8937530517578125 181.975006103515625 189.506256103515625 196.6750030517578125 201.34375 205.399993896484375 210.743743896484375 213.3874969482421875 216.6374969482421875 222.8625030517578125 229.0437469482421875 234.756256103515625 239.71875 246.0124969482421875 254.1875 255.431243896484375 259.368743896484375 263.962493896484375 273.32501220703125 283.16876220703125 293.993743896484375 308.48126220703125 323.89373779296875 339.35626220703125 352.89373779296875 362.243743896484375 371.54376220703125 374.59375 376.34375 378.33123779296875 379.837493896484375
162.337493896484375 166.899993896484375 171.725006103515625 174.287506103515625 174.837493896484375 174.7062530517578125 174.350006103515625 175.4499969482421875 179.5625 183.25 179.087493896484375 176.568756103515625 177.818756103515625 179.9187469482421875 184.975006103515625 191.75 199.1437530517578125 205.0500030517578125 209.4812469482421875 212.3562469482421875 217.0500030517578125 220.9187469482421875 224.818756103515625 230.287506103515625 236.131256103515625 242.5437469482421875 247.1125030517578125 251.725006103515625 257.306243896484375 259.73126220703125 262.631256103515625 267.681243896484375 275.92498779296875 288.899993896484375 302.056243896484375 316.712493896484375 334.774993896484375 351.443756103515625 365.71875 377.381256103515625 384.806243896484375 387.774993896484375 388.92498779296875 389.66876220703125 389.587493896484375
173.2624969482421875 177.3562469482421875 181.087493896484375 181.6750030517578125 180.193756103515625 178.9875030517578125 178 176.9250030517578125 177.5 178.274993896484375 178.9187469482421875 180.2624969482421875 183.4250030517578125 186.993743896484375 192.5625 199.068756103515625 206.03125 210.056243896484375 213.100006103515625 217.3312530517578125 221.75 227.0812530517578125 231.368743896484375 236.9187469482421875 242.993743896484375 248.443756103515625 252.587493896484375 256.0625 259.0625 260.34375 265.54998779296875 270.38751220703125 279.443756103515625 291.274993896484375 305.71875 322.79376220703125 340.881256103515625 359.056243896484375 377.537506103515625 388.20001220703125 392.58123779296875 395.625 396.35626220703125 396.875 398.8125
181.8625030517578125 185.193756103515625 186.9124908447265625 187 185.8874969482421875 183.8249969482421875 179.8312530517578125 174.3000030517578125 170.2312469482421875 170.8625030517578125 175.975006103515625 181.65625 187.912506103515625 193.568756103515625 199.1125030517578125 205.350006103515625 210.3937530517578125 212.6750030517578125 215.25 219.193756103515625 225.2937469482421875 231.6875 237.3562469482421875 242.6062469482421875 249.8249969482421875 254.0625 256.256256103515625 258.568756103515625 259.67498779296875 260.837493896484375 264.63751220703125 272.04998779296875 281.03125 293.318756103515625 308.08123779296875 325.537506103515625 344.58123779296875 363.318756103515625 380.95001220703125 391.337493896484375 397.087493896484375 399.75 400.350006103515625 400.38751220703125 400.743743896484375
189.15625 191.3625030517578125 192.912506103515625 192.8937530517578125 191.1062469482421875 188.318756103515625 183.4187469482421875 176.1999969482421875 167.9812469482421875 166.412506103515625 174.818756103515625 183.3625030517578125 191.9187469482421875 197.649993896484375 202.649993896484375 207.8187408447265625 211.5749969482421875 213.556243896484375 217.162506103515625 221.1125030517578125 225.8874969482421875 233.912506103515625 240.350006103515625 249.662506103515625 256.962493896484375 260.118743896484375 259.51251220703125 259.45623779296875 260.95001220703125 261.162506103515625 265.23126220703125 272.53125 281.76251220703125 293.42498779296875 307.01251220703125 325.350006103515625 346.23748779296875 364.931243896484375 382.11248779296875 392.600006103515625 399.143768310546875 401.412506103515625 402.506256103515625 402.09375 398.95001220703125
196.4250030517578125 197.4124908447265625 198.225006103515625 197.9375 196.6125030517578125 193.912506103515625 189.631256103515625 183.3000030517578125 177.4375 176.475006103515625 181.75 188.2062530517578125 196.462493896484375 202.681243896484375 206.149993896484375 209.71875 212.618743896484375 214.4375 217.4250030517578125 221.2062530517578125 226.46875 235.28125 244.743743896484375 256.743743896484375 262.65625 265.243743896484375 263.743743896484375 261.98748779296875 261.149993896484375 260.225006103515625 263.20623779296875 271.662506103515625 282.04998779296875 294.57501220703125 307.85626220703125 325.524993896484375 345.54376220703125 365.1875 382.71875 395.068756103515625 403.225006103515625 405.98748779296875 404.21875 398.66876220703125 395.681243896484375
203.462493896484375 203.7062530517578125 203.5812530517578125 203.3312530517578125 202.71875 201.0749969482421875 197.7312469482421875 192.181243896484375 188.774993896484375 188.756256103515625 191.5812530517578125 196.8874969482421875 202.96875 209.0124969482421875 210.962493896484375 212.256256103515625 213.4375 215.0437469482421875 216.9375 220.34375 227.475006103515625 237.118743896484375 249.556243896484375 260.524993896484375 269.82501220703125 269.79998779296875 266.83123779296875 265.71875 263.20001220703125 260.618743896484375 264.04376220703125 271.20623779296875 281.131256103515625 293.46875 307.13751220703125 324.01251220703125 343.14373779296875 362.73126220703125 380.6875 395.649993896484375 404.92498779296875 405.725006103515625 401.443756103515625 394.26251220703125 389.774993896484375
209.2375030517578125 209.149993896484375 208.9875030517578125 209.3562469482421875 208.40625 208.274993896484375 206.8125 202.9812469482421875 200.993743896484375 200.837493896484375 202.6125030517578125 205.7312469482421875 209.3000030517578125 213.475006103515625 216.4187469482421875 217.3562469482421875 216.5749969482421875 217.1374969482421875 218.631256103515625 221.149993896484375 226.7375030517578125 237.3249969482421875 252.162506103515625 267.53125 274.96875 270 265.818756103515625 264.41876220703125 264.42498779296875 264.89373779296875 265.768768310546875 270.756256103515625 279.39373779296875 290.381256103515625 302.61248779296875 320.756256103515625 340.506256103515625 359.962493896484375 377.45001220703125 394.381256103515625 405.5 403.95623779296875 394.84375 380.5 370.868743896484375
214.787506103515625 214.09375 214.3000030517578125 214.1374969482421875 213.975006103515625 215.0500030517578125 214.368743896484375 212.5625 211.46875 212.5187530517578125 215 216.2687530517578125 218.4562530517578125 219.350006103515625 221.21875 221.6875 220.2687530517578125 220.806243896484375 222.3687591552734375 223.3000030517578125 226.212493896484375 236.2062530517578125 250.3625030517578125 263.10626220703125 264.912506103515625 261.64373779296875 263.024993896484375 264.306243896484375 266.03125 267.70001220703125 268.95001220703125 271.01251220703125 277.38751220703125 286.943756103515625 298.15625 314.76251220703125 334.32501220703125 354.024993896484375 373.42498779296875 392.756256103515625 406.743743896484375 402.41876220703125 383.70623779296875 364.9375 351.212493896484375
219.024993896484375 218.412506103515625 218.5500030517578125 218.5749969482421875 219.2062530517578125 219.8625030517578125 220.8937530517578125 221.618743896484375 222.90625 224.631256103515625 226.787506103515625 227.0187530517578125 226.975006103515625 227.5 226.100006103515625 226.337493896484375 224.6062469482421875 224.375 225.225006103515625 226.6125030517578125 231.056243896484375 238.7312469482421875 248.4812469482421875 255.975006103515625 257.86248779296875 258.34375 260.98126220703125 263.381256103515625 265.787506103515625 268.149993896484375 270.84375 272.51251220703125 275.693756103515625 281.95623779296875 291.61248779296875 308.587493896484375 328.806243896484375 347.875 366.58123779296875 384.831268310546875 398.024993896484375 387.375 371.024993896484375 356.66876220703125 345.037506103515625
220.90625 219.625 220.3312530517578125 221.9562530517578125 223.4875030517578125 224.899993896484375 227.5812530517578125 230.100006103515625 231.899993896484375 234.125 237 236.8000030517578125 236.21875 235.787506103515625 232.7375030517578125 232.193756103515625 230.181243896484375 230.649993896484375 230.78125 231.806243896484375 236.46875 242.4375 248.9875030517578125 254.3937530517578125 257.756256103515625 260.962493896484375 263.631256103515625 266.024993896484375 269.118743896484375 272.056243896484375 272.556243896484375 272.899993896484375 275.625 277.33123779296875 283.375 301.431243896484375 322.71875 341.40625 354.79998779296875 365.024993896484375 368.881256103515625 365.17498779296875 360.243743896484375 350.568756103515625 342.162506103515625
220.712493896484375 220.0500030517578125 221.8625030517578125 224.3125 226.90625 230.6374969482421875 233.899993896484375 236.943756103515625 240.787506103515625 244.4000091552734375 246.8125 247.068756103515625 246.3562469482421875 245.024993896484375 241.993743896484375 239.0749969482421875 236.3937530517578125 236.837493896484375 236.6875 237.9250030517578125 241.350006103515625 245.4875030517578125 250.3000030517578125 254.506256103515625 257.89373779296875 262.10626220703125 265.53125 269.0625 273.65625 276.51873779296875 277.90625 277.193756103515625 276.774993896484375 277.54998779296875 281.287506103515625 303.712493896484375 322.5625 333.41876220703125 340.29998779296875 345.931243896484375 347.793731689453125 348.5 347.65625 343.006256103515625 336.73126220703125
220.6875 220.9250030517578125 222.756256103515625 226.3312530517578125 230.3874969482421875 235.024993896484375 240.3937530517578125 244.71875 249.100006103515625 253.5625 256.20001220703125 257.037506103515625 256.693756103515625 254.2562408447265625 252.0437469482421875 247.7937469482421875 242.3874969482421875 241.28125 241.9749908447265625 242.681243896484375 245.2312469482421875 248.568756103515625 252.6062469482421875 256.07501220703125 259.73126220703125 262.46875 266.5 271.42498779296875 275.89373779296875 280.51251220703125 282.912506103515625 282.649993896484375 282.618743896484375 286.381256103515625 300.48126220703125 319.26873779296875 328.85626220703125 331.493743896484375 331.17498779296875 331.41876220703125 333.96875 336.3125 335.84375 333.79998779296875 330.6875
218.6750030517578125 219.71875 223.274993896484375 228.21875 233.1999969482421875 238.524993896484375 244.100006103515625 249.7624969482421875 255.2937469482421875 260.350006103515625 264.33123779296875 266.84375 266.0625 264.774993896484375 261.86248779296875 256.36248779296875 250.53125 244.25 246.84375 247.28125 250.037506103515625 252 253.993743896484375 256.5625 259.61248779296875 263.9375 267.0625 273.17498779296875 279.58123779296875 284.60626220703125 286.243743896484375 281.73748779296875 283.087493896484375 291.375 310.306243896484375 336.76251220703125 335.375 329.412506103515625 325.11248779296875 325.462493896484375 325.26251220703125 326.84375 327.375 325.868743896484375 323.256256103515625
215.9499969482421875 217.9499969482421875 222.2624969482421875 228.3125 235 242 248.681243896484375 255.0625 261.024993896484375 266.85626220703125 271.618743896484375 272.83123779296875 274.54376220703125 274.912506103515625 270.225006103515625 263.48126220703125 256.32501220703125 249.3125 247.7624969482421875 248.65625 252.1750030517578125 254.5812530517578125 252.03125 254.600006103515625 258.32501220703125 263.3125 267.975006103515625 273.068756103515625 280.26251220703125 286.95623779296875 290.037506103515625 282.53125 278.70001220703125 279.368743896484375 291.59375 313.8125 317.943756103515625 317.45623779296875 318.28125 318.399993896484375 319.29376220703125 319.48748779296875 320.100006103515625 319.462493896484375 317.46875
211.287506103515625 214.9812469482421875 220.3874969482421875 227.6374969482421875 235.8937530517578125 244.8000030517578125 252.8874969482421875 260.35626220703125 267.006256103515625 272.725006103515625 277.4375 278.78125 281.91876220703125 284.368743896484375 277.07501220703125 266.20623779296875 256.03125 252.6875 249.6374969482421875 249.368743896484375 249.6750030517578125 249.15625 249.5812530517578125 251.2687530517578125 254.6999969482421875 258.943756103515625 264.35626220703125 270.975006103515625 276.649993896484375 281.162506103515625 281.962493896484375 277.14373779296875 266.818756103515625 257.056243896484375 254.006256103515625 271.068756103515625 291.162506103515625 301.993743896484375 308.67498779296875 312.618743896484375 313.912506103515625 313.79998779296875 314.84375 314.912506103515625 314.17498779296875
