data/historical-monthly-weather-data/wc2.1_cruts4.09_10m_prec_1973-03.asc
ncols        51
nrows        45
xllcorner    -63.500000000000
yllcorner    -7.500000000000
cellsize     0.166666666667
NODATA_value -9999
[rows 20 to 39 of 45, columns 0 to 44 of 51]
304.6875 308.725006103515625 314.79998779296875 321.51251220703125 329.212493896484375 340.399993896484375 351.181243896484375 359.637481689453125 365.662506103515625 367.412506103515625 366.287506103515625 366.79998779296875 368.193756103515625 371.29376220703125 362.83123779296875 347.912506103515625 334.493743896484375 324.225006103515625 318.16876220703125 311.63751220703125 302.475006103515625 292.75 282.60626220703125 277.38751220703125 273.337493896484375 270.381256103515625 271.66876220703125 273.34375 275.01251220703125 277.350006103515625 275.45001220703125 269.056243896484375 255.962493896484375 239.287506103515625 223.8125 242.4187469482421875 268.95001220703125 285.03125 293.587493896484375 297.04376220703125 297.8125 297.9375 296.61248779296875 296.125 296.743743896484375
302.131256103515625 307.89373779296875 317.600006103515625 326.90625 337.28125 351.35626220703125 364.84375 376.318756103515625 382.681243896484375 380.475006103515625 372.65625 366.681243896484375 362.08123779296875 360.587493896484375 354.95001220703125 346.26251220703125 338.0625 328.131256103515625 319.90625 311.45001220703125 299.39373779296875 288.15625 280.45623779296875 274.13751220703125 269.82501220703125 268.212493896484375 272.36248779296875 273.76251220703125 274.600006103515625 275.868743896484375 272.868743896484375 266.42498779296875 255.34375 243.868743896484375 237.943756103515625 249.71875 270.14373779296875 285.45001220703125 293.76873779296875 295.943756103515625 295.556243896484375 295.39373779296875 294.48748779296875 294.087493896484375 295.475006103515625
303.368743896484375 311.899993896484375 322.568756103515625 334.162506103515625 345.96875 360.412506103515625 374.73126220703125 390.943756103515625 400.850006103515625 392.51873779296875 377.96875 363.181243896484375 351.73126220703125 348.65625 347.65625 343.76251220703125 337.5625 328.09375 318.524993896484375 308.88751220703125 296.1875 283.28125 273.306243896484375 266.59375 264.16876220703125 264.36248779296875 269.274993896484375 271.962493896484375 272.475006103515625 272.83123779296875 271.068756103515625 268.48748779296875 263.51251220703125 257.76251220703125 258.61248779296875 268.11248779296875 281.40625 291.73748779296875 296.6875 296.850006103515625 294.818756103515625 293.837493896484375 292.90625 291.73126220703125 293.66876220703125
309.193756103515625 318.78125 330.618743896484375 343.306243896484375 355.850006103515625 369.037506103515625 383.95001220703125 399.11248779296875 406.243743896484375 394.39373779296875 376.01873779296875 359.86248779296875 342.6875 339.943756103515625 341.600006103515625 339.96875 335.78125 326.975006103515625 315.45623779296875 304.23126220703125 290.45001220703125 276.412506103515625 265.125 258.412506103515625 255.087493896484375 255.756256103515625 261.662506103515625 266.9375 269.868743896484375 273.26251220703125 275.48748779296875 275.818756103515625 273.9375 272.48748779296875 275.46875 284.631256103515625 293.79998779296875 297.42498779296875 297.931243896484375 296.412506103515625 293.92498779296875 291.79376220703125 290.42498779296875 288.412506103515625 292.36248779296875
321.712493896484375 330.46875 340.13751220703125 353.10626220703125 367.36248779296875 379.33123779296875 389.76251220703125 399.33123779296875 400.96875 392.26873779296875 378.600006103515625 362.21875 349.756256103515625 343.90625 341.20623779296875 339.71875 335.04998779296875 326.225006103515625 314.899993896484375 300.962493896484375 284.57501220703125 269.0625 255.66876220703125 246.75 245.068756103515625 249.462493896484375 255.7937469482421875 263.89373779296875 268.96875 276.51251220703125 281.100006103515625 283.78125 284.51873779296875 284.79998779296875 286.818756103515625 290.5625 296.04998779296875 297.806243896484375 296.79998779296875 296.006256103515625 293.36248779296875 290.431243896484375 287 286.743743896484375 287.65625
339 348.54998779296875 354.443756103515625 366.256256103515625 377.32501220703125 386.11248779296875 393.256256103515625 398.649993896484375 397.087493896484375 389.70623779296875 379.14373779296875 367.83123779296875 357.868743896484375 350.131256103515625 345.443756103515625 342.79998779296875 336.556243896484375 327.774993896484375 316.54376220703125 299.962493896484375 283.16876220703125 263.962493896484375 246.40625 234.431243896484375 235.6374969482421875 243.90625 254.337493896484375 262.67498779296875 270.10626220703125 280.024993896484375 287.618743896484375 293.524993896484375 295.79376220703125 294.64373779296875 293.79998779296875 294.350006103515625 296.26873779296875 296.51251220703125 295.993743896484375 294.58123779296875 292.368743896484375 288.4375 282.4375 281.01873779296875 283.212493896484375
356.056243896484375 361.57501220703125 367.337493896484375 374.850006103515625 382.337493896484375 388.399993896484375 392.01873779296875 394.25 392.006256103515625 387.631256103515625 381.13751220703125 372.54376220703125 364.412506103515625 357.662506103515625 352.725006103515625 348.07501220703125 343.037506103515625 332.48748779296875 319.66876220703125 304.475006103515625 285.21875 264.67498779296875 242.743743896484375 229.162506103515625 234.7624969482421875 243.65625 255.3000030517578125 263.943756103515625 272.32501220703125 283.03125 292.587493896484375 301.568756103515625 304.92498779296875 300.85626220703125 296.96875 296.01251220703125 296.556243896484375 295.475006103515625 295.29376220703125 294.787506103515625 291.67498779296875 287.087493896484375 280.29998779296875 277.34375 286.21875
374.306243896484375 377.66876220703125 380.993743896484375 385.34375 387.95001220703125 390.462493896484375 393.681243896484375 393.83123779296875 391.38751220703125 388.131256103515625 382.493743896484375 375.737518310546875 369.83123779296875 364.506256103515625 359.29998779296875 353.86248779296875 348.86248779296875 340.556243896484375 328.131256103515625 313.162506103515625 294.493743896484375 273.70623779296875 256.86248779296875 245.318756103515625 245.6125030517578125 251.46875 260.91876220703125 269.600006103515625 277.256256103515625 286.36248779296875 295.431243896484375 303.23748779296875 305.40625 300.88751220703125 296.537506103515625 295.23748779296875 293.59375 293.10626220703125 294.149993896484375 295.60626220703125 295.8125 290.5625 281.11248779296875 277.90625 295.037506103515625
390.493743896484375 392.881256103515625 393.693756103515625 393.76251220703125 395.8125 395.33123779296875 394.01251220703125 392.875 391.149993896484375 387.98748779296875 384.70623779296875 379.70001220703125 374.850006103515625 371.11248779296875 367.25 363.212493896484375 359.899993896484375 352.118743896484375 341.33123779296875 327.46875 309.38751220703125 289.943756103515625 275.131256103515625 263.493743896484375 261.125 262.493743896484375 269.100006103515625 276.381256103515625 282.975006103515625 290.89373779296875 297.36248779296875 302.89373779296875 303.61248779296875 299.75 295.631256103515625 293.75 290.943756103515625 289.89373779296875 291.48748779296875 292.92498779296875 296.76873779296875 292.024993896484375 283.506256103515625 287.662506103515625 307.568756103515625
399.63751220703125 400.89373779296875 399.10626220703125 396.92498779296875 396.51251220703125 393.212493896484375 391.5 390.01251220703125 388.96875 386.48126220703125 384.40625 382.14373779296875 380.16876220703125 377.98126220703125 375.125 372.23126220703125 369.556243896484375 367.79376220703125 359.39373779296875 343.125 324.60626220703125 306.70623779296875 291.85626220703125 280.96875 275.649993896484375 274.91876220703125 279.33123779296875 283.96875 288.21875 293.70623779296875 298.818756103515625 301.92498779296875 301.4375 299.51251220703125 296.1875 292.774993896484375 288.92498779296875 287.350006103515625 285.462493896484375 286.024993896484375 289.743743896484375 292.75 292.212493896484375 301.28125 314.26873779296875
403.92498779296875 404.024993896484375 400.51251220703125 398.04376220703125 396.51251220703125 391.368743896484375 390.0625 387.98748779296875 386.850006103515625 385.41876220703125 384.70623779296875 383.118743896484375 382.84375 381.17498779296875 380.087493896484375 379.46875 380.649993896484375 380.462493896484375 376.806243896484375 360.162506103515625 340.98748779296875 322 307.91876220703125 296.46875 288.993743896484375 287.600006103515625 288.90625 290.5625 293.462493896484375 296.9375 300.431243896484375 303.21875 302.26873779296875 300.23748779296875 297.225006103515625 291.85626220703125 287.0625 284.774993896484375 281.037506103515625 275.537506103515625 280.38751220703125 291.41876220703125 299.75 310.45001220703125 323.70001220703125
403.912506103515625 403.493743896484375 399.037506103515625 395.475006103515625 393.631256103515625 388.45001220703125 387.100006103515625 384.162506103515625 383.193756103515625 382.64373779296875 382.86248779296875 382.13751220703125 381.837493896484375 383.04998779296875 384.443756103515625 386.087493896484375 385.256256103515625 385.01873779296875 381.71875 370.36248779296875 351.75 335.26251220703125 320.20001220703125 308.3125 302.350006103515625 298.45623779296875 296.881256103515625 297.82501220703125 297.76873779296875 300.443756103515625 303.100006103515625 304.84375 302.693756103515625 300.506256103515625 297.524993896484375 291.568756103515625 287.131256103515625 283.08123779296875 276.818756103515625 273.91876220703125 281.54376220703125 296.39373779296875 308.95623779296875 325.087493896484375 341.40625
395.962493896484375 396.318756103515625 392.131256103515625 388.73126220703125 385.743743896484375 382.774993896484375 380.29998779296875 377.23126220703125 375.556243896484375 376.79376220703125 381.350006103515625 380.493743896484375 381.76873779296875 386.33123779296875 388.243743896484375 389.375 387.91876220703125 387.993743896484375 383.556243896484375 374.524993896484375 360.162506103515625 344.9375 330 319.96875 313.04998779296875 307.837493896484375 304.70623779296875 303.65625 303.431243896484375 304.712493896484375 306.412506103515625 307.45001220703125 305.98748779296875 303.9375 300.243743896484375 295.95623779296875 291.34375 286.100006103515625 281.243743896484375 284.556243896484375 292.16876220703125 306.23748779296875 321.256256103515625 338.66876220703125 363.306243896484375
386.337493896484375 386.90625 385.28125 382.756256103515625 380.225006103515625 376.51251220703125 373.225006103515625 370.35626220703125 368.506256103515625 369.95623779296875 375.16876220703125 378.58123779296875 381.712493896484375 384.71875 386.743743896484375 389.693756103515625 390.95623779296875 390.26251220703125 384.587493896484375 376.73126220703125 365.5 351.681243896484375 339.006256103515625 328.243743896484375 321.118743896484375 314.631256103515625 311.25 308.48748779296875 308.524993896484375 308.65625 308.818756103515625 310.431243896484375 309.83123779296875 307.73126220703125 305.64373779296875 301.26873779296875 295.92498779296875 290.125 290.09375 294.54998779296875 300.61248779296875 314.04376220703125 331.38751220703125 349.8125 376.67498779296875
376.79376220703125 378.625 378.26873779296875 376.0625 372.125 369.26251220703125 365.16876220703125 363.0625 359.48748779296875 359.79376220703125 367.23748779296875 374.399993896484375 381.100006103515625 385.40625 389.63751220703125 391.38751220703125 393.087493896484375 391.868743896484375 386.587493896484375 379.181243896484375 369.75 356.66876220703125 344.487518310546875 333.75 327.08123779296875 321.056243896484375 316.09375 313.45623779296875 311.375 311.78125 312.79998779296875 314.04998779296875 313.293731689453125 312.162506103515625 309.73748779296875 304.5 299.131256103515625 297.181243896484375 299.01251220703125 302.818756103515625 308.53125 319.649993896484375 335.41876220703125 353.137481689453125 375.681243896484375
367.837493896484375 369.04998779296875 368.443756103515625 366.65625 363.60626220703125 359.82501220703125 356.274993896484375 351.512481689453125 345.66876220703125 345.79376220703125 353.79998779296875 365.087493896484375 378.087493896484375 387.649993896484375 392.131256103515625 394.899993896484375 395.34375 393.381256103515625 389.350006103515625 383.34375 373.38751220703125 360.287506103515625 347.506256103515625 337.975006103515625 330.962493896484375 324.64373779296875 319.5625 317.03125 314.89373779296875 314.756256103515625 316.14373779296875 316.85626220703125 315.45623779296875 315.54998779296875 313.65625 308.8125 306.41876220703125 305.07501220703125 305.8125 310.256256103515625 316.54376220703125 325.91876220703125 337.73126220703125 353.70001220703125 370.1875
357.46875 359.337493896484375 359.48126220703125 357.899993896484375 356.181243896484375 353.16876220703125 348.63751220703125 343.20623779296875 334.78125 329.537506103515625 341.568756103515625 362.962493896484375 379.86248779296875 390.149993896484375 395.89373779296875 397.524993896484375 396.86248779296875 394.212493896484375 390.79998779296875 382.850006103515625 373.53125 360.975006103515625 348.98126220703125 338.618743896484375 331.4375 325.76873779296875 321.181243896484375 319.73126220703125 317.5 317.88751220703125 318.625 319 319.29998779296875 320.056243896484375 318.350006103515625 315.524993896484375 314.11248779296875 313.60626220703125 314.725006103515625 316.76251220703125 321.056243896484375 328.71875 338.76873779296875 351.556243896484375 364.537506103515625
348.41876220703125 350.96875 350.95623779296875 350.5 350.662506103515625 348.73748779296875 345.04998779296875 339.20623779296875 332.98126220703125 325.537506103515625 347.568756103515625 371.79376220703125 385.4375 395.38751220703125 398.662506103515625 399.90625 397.11248779296875 393.381256103515625 388.23126220703125 379.1875 368.25 356.83123779296875 347.412506103515625 337.36248779296875 330.756256103515625 326.20001220703125 322.01251220703125 321.600006103515625 320.475006103515625 320.649993896484375 320.306243896484375 320.274993896484375 321.35626220703125 323.256256103515625 321.8125 321.32501220703125 320.662506103515625 319.087493896484375 321.29998779296875 323.90625 325.306243896484375 331.912506103515625 338.28125 344.712493896484375 354.712493896484375
341.118743896484375 343.09375 344.13751220703125 344.693756103515625 345.59375 343.681243896484375 343.01251220703125 340.90625 342.131256103515625 353.08123779296875 377.90625 386.26251220703125 390.95623779296875 396.806243896484375 399.45623779296875 399.837493896484375 396.868743896484375 391.412506103515625 383.95623779296875 373.631256103515625 361 349.975006103515625 341.17498779296875 332.975006103515625 327.67498779296875 324.66876220703125 322.13751220703125 321.5625 321.42498779296875 321.66876220703125 322.225006103515625 321.0625 321.66876220703125 324.03125 326.375 325.14373779296875 323.89373779296875 323.95001220703125 324.306243896484375 324.76873779296875 325.524993896484375 331.51251220703125 335.818756103515625 341.287506103515625 347.84375
334.912506103515625 336.412506103515625 337.943756103515625 338.53125 340.743743896484375 342.506256103515625 342.600006103515625 346.243743896484375 351.98126220703125 362.70001220703125 377.4375 387.875 393.943756103515625 397.837493896484375 400.79376220703125 400.48126220703125 397.462493896484375 390.068756103515625 379.67498779296875 368.787506103515625 354.70623779296875 343.256256103515625 333.162506103515625 326.01873779296875 323.26251220703125 321.899993896484375 320.01873779296875 320.943756103515625 321.40625 321.20623779296875 320.42498779296875 322 325.649993896484375 327.4375 329.60626220703125 329.493743896484375 327.381256103515625 326.79376220703125 327.63751220703125 325.41876220703125 324.36248779296875 329 332.29998779296875 335.79376220703125 340.78125
