data/historical-monthly-weather-data/wc2.1_cruts4.09_10m_prec_2011-01.asc
ncols        45
nrows        45
xllcorner    -63.500000000000
yllcorner    -7.500000000000
cellsize     0.166666666667
NODATA_value -9999
[rows 0 to 19 of 45, columns 0 to 44 of 45]
120.44374847412109375 115.11875152587890625 110.44374847412109375 107.8937530517578125 104.5187530517578125 104.4375 103.21250152587890625 100.4375 98.2375030517578125 97.41249847412109375 97.6374969482421875 98.03749847412109375 97.65000152587890625 94.9250030517578125 93.8125 94.03125 94.43125152587890625 93.28125 96.3937530517578125 99.5500030517578125 103.3562469482421875 108.36875152587890625 113.5500030517578125 118.44374847412109375 124.90625 130.806243896484375 137.350006103515625 145.125 153.5124969482421875 158.9812469482421875 164.7375030517578125 170.756256103515625 176.006256103515625 183.056243896484375 188.8625030517578125 195.4875030517578125 199.625 202.506256103515625 205.4250030517578125 207.7375030517578125 209.21875 210.743743896484375 211.15625 212.056243896484375 213.96875
126.875 120.6374969482421875 116.5812530517578125 113.3312530517578125 110.93125152587890625 111.11875152587890625 110.0500030517578125 109.0500030517578125 108.4375 107.99375152587890625 106.9562530517578125 105.71875 103.80625152587890625 102.0500030517578125 100.4812469482421875 99.44374847412109375 98.65000152587890625 98.9812469482421875 101.6999969482421875 105.91249847412109375 110.8312530517578125 115.96875 121.8625030517578125 128.1687469482421875 133.8625030517578125 139.662506103515625 146.899993896484375 154.53125 162.087493896484375 168.212493896484375 173.4187469482421875 178.3937530517578125 183.868743896484375 192.3874969482421875 198.212493896484375 202.875 209.462493896484375 212.662506103515625 214.5187530517578125 216.1875 218.024993896484375 219.03125 217.8874969482421875 218.1125030517578125 219.28125
133.6437530517578125 128.03125 124.1999969482421875 121.5187530517578125 119.7624969482421875 119.88124847412109375 119.7375030517578125 119.89374542236328125 119.7312469482421875 119.3000030517578125 117.78749847412109375 115.50624847412109375 113.15625 110.21250152587890625 108.00624847412109375 105.6437530517578125 104.40000152587890625 104.7937469482421875 106.88124847412109375 111.7687530517578125 117.46250152587890625 124.03125 130.287506103515625 136.2062530517578125 141.9562530517578125 147.6999969482421875 155.3125 163.1437530517578125 169.806243896484375 175.006256103515625 181.3125 187.1875 194.256256103515625 199.625 207.2062530517578125 212.21875 218.46875 223.4875030517578125 225.8249969482421875 227.181243896484375 230 230.1374969482421875 229.1125030517578125 228.4187469482421875 227.5
139.4875030517578125 134.649993896484375 133.1062469482421875 131.1374969482421875 130.75 128.756256103515625 129.443756103515625 131.056243896484375 132.2937469482421875 132.649993896484375 129.7375030517578125 126.03749847412109375 122.40625 118.6687469482421875 116.0812530517578125 113.1125030517578125 110.52500152587890625 109.5124969482421875 111.96875 118.28125 125.9187469482421875 133 137.912506103515625 144.475006103515625 150.7375030517578125 156.8562469482421875 164.9499969482421875 171.28125 177.875 183.568756103515625 189.556243896484375 196.943756103515625 203.4187469482421875 209.056243896484375 215.0124969482421875 222.225006103515625 227.912506103515625 233.84375 237.5749969482421875 240.8937530517578125 242.318756103515625 243.1687469482421875 241.8125 239.46875 237.9375
150.2687530517578125 143.9812469482421875 141.350006103515625 140.7062530517578125 140.5124969482421875 139.5500030517578125 139.125 141.381256103515625 144.5187530517578125 145.9562530517578125 141.3312530517578125 136.4499969482421875 132.662506103515625 128.9187469482421875 125.72499847412109375 122.0124969482421875 118.1999969482421875 114.83750152587890625 118.5749969482421875 126.7937469482421875 135.7937469482421875 142.46875 147.5124969482421875 153.587493896484375 159.693756103515625 167.0625 172.8937530517578125 179.2062530517578125 187.899993896484375 193.3312530517578125 199.3937530517578125 204.0187530517578125 211.84375 219.131256103515625 225.506256103515625 232.78125 240.3937530517578125 244.975006103515625 249.774993896484375 253.475006103515625 257.693756103515625 256.975006103515625 255.71875 252.131256103515625 249.412506103515625
159.6374969482421875 154.8125 152.3000030517578125 150.6374969482421875 150.2375030517578125 149.399993896484375 149.287506103515625 150.4375 153.462493896484375 155.662506103515625 150.6437530517578125 146.8125 143.306243896484375 140.243743896484375 136.743743896484375 134.6500091552734375 130.5749969482421875 126.68125152587890625 131.6687469482421875 139.8312530517578125 147.5187530517578125 153.125 158.681243896484375 163.5812530517578125 169.774993896484375 176.6437530517578125 182.943756103515625 188.9250030517578125 196.8249969482421875 203.5 208.90625 214.1999969482421875 220.212493896484375 228.2624969482421875 237.6999969482421875 245.3312530517578125 253.2312469482421875 259.85626220703125 266.056243896484375 272.256256103515625 275.024993896484375 275.10626220703125 272.818756103515625 269.33123779296875 265.899993896484375
169.274993896484375 165.5500030517578125 163.6187591552734375 160.743743896484375 158.7624969482421875 156.162506103515625 155.287506103515625 155.1999969482421875 155.993743896484375 155.6875 155.28125 154.5 154.03125 152.625 150.8125 150.0812530517578125 149.4562530517578125 150.4562530517578125 154.65625 158.2312469482421875 160.662506103515625 164.943756103515625 167.9812469482421875 172.90625 179.587493896484375 185.587493896484375 191.8562469482421875 198.3874969482421875 205.0124969482421875 211.475006103515625 218.7624969482421875 224.59375 230.5 237.7624969482421875 246.5124969482421875 256.98126220703125 266.04376220703125 274.96875 284.90625 290.399993896484375 293.0625 292.875 290.65625 287.32501220703125 282.96875
180.243743896484375 175.243743896484375 172.962493896484375 170.7624969482421875 168.1875 165.3312530517578125 161.875 156.962493896484375 153.881256103515625 155.5625 159.631256103515625 162.787506103515625 165.287506103515625 165.1062469482421875 165.53125 166.4875030517578125 168.875 173.056243896484375 179.087493896484375 176.9562530517578125 174.1875 175.4812469482421875 177.475006103515625 182.5437469482421875 189.524993896484375 194.9875030517578125 200.4875030517578125 206.5812530517578125 214.4812469482421875 221.6374969482421875 227.7624969482421875 234.2624969482421875 240.4124908447265625 247.787506103515625 256.40625 267.66876220703125 278.537506103515625 289.07501220703125 299.32501220703125 307.88751220703125 313.14373779296875 313.412506103515625 311.59375 307.59375 304.40625
190.399993896484375 185.6999969482421875 183.4875030517578125 180.2687530517578125 178.0124969482421875 173.8625030517578125 169.493743896484375 164.256256103515625 159.0187530517578125 158.9812469482421875 167.3874969482421875 173.4250030517578125 178.462493896484375 179.7687530517578125 180.4562530517578125 181.1750030517578125 183.0749969482421875 187.068756103515625 191.65625 187.7687530517578125 182.8874969482421875 183.8125 185.15625 192.3312530517578125 198.899993896484375 203.9124908447265625 209.4375 214.5812530517578125 222.6312408447265625 230.8874969482421875 238.5 243.993743896484375 250.875 257.83123779296875 266.412506103515625 277.57501220703125 290.274993896484375 301.88751220703125 313.34375 323.71875 330.024993896484375 330.943756103515625 332.662506103515625 331.76873779296875 327.868743896484375
200.5187530517578125 196.1999969482421875 192.774993896484375 189.8312530517578125 187.743743896484375 184.1999969482421875 180.0812530517578125 176.4187469482421875 174.256256103515625 176.6999969482421875 182.8874969482421875 188.90625 193.8249969482421875 195.725006103515625 195.5124969482421875 195.068756103515625 194.318756103515625 194.7624969482421875 194.2687530517578125 191.162506103515625 187.6062469482421875 188.868743896484375 191.625 200.6999969482421875 206.2062530517578125 210.3625030517578125 215.9562530517578125 221.7687530517578125 228.912506103515625 237.568756103515625 245.3125 252.149993896484375 260.212493896484375 268.462493896484375 277.818756103515625 288.806243896484375 301.26251220703125 314.11248779296875 326.681243896484375 338.51873779296875 348.693756103515625 351.475006103515625 353.89373779296875 352.51251220703125 350.21875
211.8000030517578125 207.9499969482421875 203.4250030517578125 199.9250030517578125 197.03125 194.5187530517578125 191.787506103515625 190.993743896484375 191.6687469482421875 195.3937530517578125 202.493743896484375 208.40625 211.0500030517578125 211.6437530517578125 209.3874969482421875 206.3874969482421875 202.4562530517578125 199.3312530517578125 195.3562469482421875 190.899993896484375 190.0124969482421875 191.662506103515625 197.287506103515625 205.1437530517578125 213.350006103515625 216.212493896484375 221.1437530517578125 227.2062530517578125 234.2062530517578125 241.618743896484375 249.975006103515625 258.53125 268.068756103515625 277.58123779296875 287.29998779296875 299.98748779296875 312.66876220703125 324.756256103515625 339.618743896484375 354 365.70001220703125 368.212493896484375 371.856231689453125 372.26873779296875 370.274993896484375
220.8937530517578125 216.850006103515625 212.8000030517578125 210.4562530517578125 208.125 205.649993896484375 204.5437469482421875 206.818756103515625 209.662506103515625 214.0812530517578125 222.0437469482421875 229.524993896484375 229.412506103515625 227.131256103515625 223.149993896484375 217.3625030517578125 211.837493896484375 204.931243896484375 199.068756103515625 192.412506103515625 190.318756103515625 192.725006103515625 200.818756103515625 212.399993896484375 219.1687469482421875 219.1125030517578125 224.15625 230.4812469482421875 238.631256103515625 248.125 257.17498779296875 265.75 275.95001220703125 285.95001220703125 296.368743896484375 309.443756103515625 322.58123779296875 334.65625 350.03125 365.98748779296875 378.631256103515625 381.431243896484375 381.125 379.306243896484375 374.125
231.0437469482421875 227.5 223.96875 221.2937469482421875 219.131256103515625 218.975006103515625 219.068756103515625 221.193756103515625 225.4499969482421875 231.443756103515625 239.5812530517578125 246.8125 246.2687530517578125 239.90625 234.5187530517578125 227.756256103515625 220.1437530517578125 212.9562530517578125 205.181243896484375 196.649993896484375 189.618743896484375 193.149993896484375 203.0500030517578125 212.318756103515625 214.2937469482421875 215.28125 224.5124969482421875 234.399993896484375 243.649993896484375 254.3937530517578125 264.32501220703125 273.149993896484375 282.850006103515625 292.975006103515625 303.60626220703125 316.76251220703125 329.337493896484375 341.45001220703125 356.5625 372.79998779296875 387.868743896484375 389.58123779296875 381.91876220703125 373.54376220703125 365.71875
239.568756103515625 236.943756103515625 233.6999969482421875 231.40625 230.0749969482421875 229.3874969482421875 230.71875 235.28125 240.375 246.993743896484375 253.1437530517578125 257.681243896484375 255.5812530517578125 250.75 243.243743896484375 236.8874969482421875 228.181243896484375 220.8874969482421875 212.056243896484375 203.71875 198.65625 200.524993896484375 205.5 212.09375 213.5500030517578125 216.725006103515625 226.774993896484375 237.53125 249.34375 260.45623779296875 271.04998779296875 280.45001220703125 289.66876220703125 298.743743896484375 309.962493896484375 322.537506103515625 335.54998779296875 348.806243896484375 362.67498779296875 376.556243896484375 387.350006103515625 378.943756103515625 372.92498779296875 370.67498779296875 366.96875
246.7375030517578125 244.34375 242.068756103515625 240.274993896484375 240.381256103515625 240.875 243.756256103515625 247.8874969482421875 252.7062530517578125 258.01873779296875 264.04998779296875 266.787506103515625 265.34375 261.26251220703125 253.399993896484375 246.0625 237.0749969482421875 228.318756103515625 220.024993896484375 213.399993896484375 209.618743896484375 208.5625 211.3562469482421875 215.78125 220.037506103515625 224.6374969482421875 234.2375030517578125 245.84375 257.51873779296875 269.73126220703125 279.837493896484375 287.65625 297.931243896484375 305.92498779296875 315.79376220703125 327.0625 340.806243896484375 355.58123779296875 368.59375 372.36248779296875 369.681243896484375 366.20623779296875 368.82501220703125 370.524993896484375 363.912506103515625
252.649993896484375 250.1062469482421875 248.6437530517578125 247.5187530517578125 248.5437469482421875 250.0500030517578125 253.78125 258.024993896484375 262.056243896484375 267.79376220703125 273.61248779296875 276.11248779296875 275.118743896484375 271.28125 264.13751220703125 253.725006103515625 245.21875 236.649993896484375 227.8562469482421875 221.6875 219.931243896484375 218.774993896484375 219.6062469482421875 223.28125 227.381256103515625 232.412506103515625 241.5187530517578125 254.5437469482421875 267.774993896484375 281.024993896484375 291.225006103515625 297.84375 303.6875 310.506256103515625 318.368743896484375 332.23748779296875 346.556243896484375 359.73748779296875 370.587493896484375 369.9375 360.568756103515625 358.8125 364.60626220703125 365.38751220703125 360.28125
256.48748779296875 254.506256103515625 252.875 252.9187469482421875 255.2312469482421875 257.54998779296875 262.193756103515625 266.73126220703125 271.006256103515625 275.95623779296875 282.23126220703125 285.63751220703125 284.95623779296875 281.337493896484375 274.41876220703125 264.431243896484375 250.524993896484375 241.462493896484375 234.5812530517578125 230.78125 228.8874969482421875 228.1999969482421875 228.068756103515625 230.65625 235.59375 239.8562469482421875 248.475006103515625 262.006256103515625 277.787506103515625 292.78125 304.42498779296875 310.28125 312.86248779296875 315.60626220703125 325.287506103515625 339.38751220703125 352.25 367.48126220703125 383.506256103515625 377.95001220703125 368.243743896484375 363.41876220703125 362.45623779296875 362.17498779296875 357.556243896484375
260.13751220703125 258.39373779296875 257 258.118743896484375 260.243743896484375 263.756256103515625 268.82501220703125 273.625 277.681243896484375 282.912506103515625 287.59375 293.39373779296875 294.337493896484375 291.412506103515625 284.006256103515625 272.368743896484375 257.787506103515625 245.1374969482421875 241.774993896484375 238.84375 238.4187469482421875 237.181243896484375 236.181243896484375 238.6062469482421875 242.743743896484375 247.8125 255.1374969482421875 270.912506103515625 289.899993896484375 307.024993896484375 317.0625 314.850006103515625 315.912506103515625 320.118743896484375 327.36248779296875 340.96875 358.15625 373.787506103515625 384.21875 385.056243896484375 375.162506103515625 366.03125 361.875 360.45001220703125 355.83123779296875
260.6875 259.506256103515625 259.100006103515625 261.493743896484375 264.806243896484375 268.98748779296875 272.943756103515625 278.875 283.51251220703125 288.618743896484375 292.95001220703125 296.975006103515625 300.38751220703125 301.98748779296875 292.95001220703125 278.03125 261.625 248.5812530517578125 242.212493896484375 242.131256103515625 244.787506103515625 245.3625030517578125 239.8312530517578125 244.318756103515625 249.2375030517578125 255.8562469482421875 266.587493896484375 281.11248779296875 301.0625 319.34375 330.53125 323.70001220703125 319.95001220703125 316.41876220703125 320.25 337.79376220703125 358 373.48126220703125 386.193756103515625 387.45001220703125 379.881256103515625 368.149993896484375 361.60626220703125 359.73748779296875 354.7562255859375
260.36248779296875 259.36248779296875 259.66876220703125 261.39373779296875 265.82501220703125 272.16876220703125 277.243743896484375 282.21875 286.64373779296875 291.381256103515625 294.818756103515625 299.412506103515625 306.51873779296875 313 299.587493896484375 278.39373779296875 259.58123779296875 250.5749969482421875 245.399993896484375 244.5812530517578125 244.850006103515625 242.5500030517578125 241.9187469482421875 246.9875030517578125 253.5875091552734375 262.76873779296875 274.45001220703125 290.118743896484375 306.068756103515625 319.36248779296875 326.98126220703125 322.618743896484375 315.70623779296875 307.131256103515625 307.131256103515625 327.29376220703125 355.98126220703125 380.09375 393.068756103515625 395.068756103515625 386.6875 370.86248779296875 365.09375 362.03125 356.15625
