data/historical-monthly-weather-data/wc2.1_cruts4.09_10m_prec_2013-10.asc
ncols        51
nrows        45
xllcorner    -63.500000000000
yllcorner    -7.500000000000
cellsize     0.166666666667
NODATA_value -9999
[rows 0 to 19 of 45, columns 0 to 43 of 51]
106.5625 105.13124847412109375 103.5812530517578125 103.7937469482421875 103.36875152587890625 103.15000152587890625 101.61875152587890625 100.3625030517578125 100.2624969482421875 101.31874847412109375 103.7312469482421875 106.1125030517578125 107.96875 108.34375 109.09999847412109375 109.7062530517578125 110.0187530517578125 108.5124969482421875 107.5625 106.46250152587890625 105.4812469482421875 104.00624847412109375 102.8562469482421875 101.5812530517578125 100.6687469482421875 100.0812530517578125 99.27500152587890625 98.78125 98.71250152587890625 98.6125030517578125 98.78749847412109375 99.06874847412109375 99.47499847412109375 100.18125152587890625 101.33750152587890625 102.72499847412109375 104.13124847412109375 105.40625 106.8249969482421875 108.08750152587890625 109.3000030517578125 110.0625 109.77500152587890625 108.7937469482421875
103.6374969482421875 102.78749847412109375 103.46250152587890625 105.9375 108.6437530517578125 108.49375152587890625 107.78125 108.125 110.08750152587890625 112.00624847412109375 114.08750152587890625 115.63124847412109375 116.65000152587890625 116.9375 116.90000152587890625 117.0625 116.125 114.8562469482421875 113.91249847412109375 113.21875 111.8312530517578125 110.71875 109.6750030517578125 108.4375 107.2937469482421875 105.84375 105.0124969482421875 104.09999847412109375 103.27500152587890625 102.375 103.02500152587890625 104.125 105.0437469482421875 106.5 107.5187530517578125 108.6999969482421875 110.58750152587890625 111.96875 113.63124847412109375 114.90000152587890625 116.33750152587890625 117.3249969482421875 117.25 116.2062530517578125
100.53125 100.94374847412109375 103.53749847412109375 108.52500152587890625 113.58750152587890625 115.7624969482421875 117.9562530517578125 121.1750030517578125 125.0812530517578125 127.72499847412109375 129.056243896484375 129.0124969482421875 128.506256103515625 127.3000030517578125 126.09375 125.02500152587890625 123.8000030517578125 122.3937530517578125 121.22499847412109375 120.4187469482421875 119.15625 118.77500152587890625 117.90625 116.19374847412109375 114.50624847412109375 113.05625152587890625 111.3874969482421875 109.8125 107.5437469482421875 106.9250030517578125 107.84999847412109375 108.5187530517578125 109.5812530517578125 111.46250152587890625 113.02500152587890625 114.3312530517578125 115.875 117.6875 119.40000152587890625 120.43125152587890625 121.6437530517578125 122.5625 122.625 122.38124847412109375
96.7375030517578125 97.7375030517578125 103.19374847412109375 109.2937469482421875 116.58750152587890625 121.40000152587890625 127.16249847412109375 134 141.2624969482421875 145.375 145.21875 142.7312469482421875 140.0124969482421875 137.431243896484375 135.774993896484375 133.493743896484375 131.368743896484375 130.225006103515625 129.243743896484375 128.649993896484375 127.8562469482421875 126.98125457763671875 125.6125030517578125 123.8000030517578125 121.63124847412109375 119.4375 116.96250152587890625 114.28125 111.5500030517578125 110.71250152587890625 111.4875030517578125 112.6062469482421875 113.19374847412109375 114.65000152587890625 115.93125152587890625 118.50624847412109375 120.78125 122.7062530517578125 124.5437469482421875 125.53125 125.59375 126.74375152587890625 127.1750030517578125 127.6687469482421875
97.59999847412109375 96.9812469482421875 101.2062530517578125 108.40625 118.0187530517578125 125.68125152587890625 134.09375 143.943756103515625 155.7062530517578125 163.662506103515625 160.6687469482421875 154.1999969482421875 149.9812469482421875 147.09375 144.3312530517578125 141.149993896484375 138.756256103515625 136.875 135.6687469482421875 135.100006103515625 135.2062530517578125 134.212493896484375 132.8312530517578125 130.912506103515625 128.287506103515625 125.5812530517578125 121.66249847412109375 118.65625 115.9250030517578125 114.11875152587890625 114.50624847412109375 115.22499847412109375 116.4250030517578125 117.96250152587890625 119.96250152587890625 122.2937469482421875 124.86875152587890625 127.5187530517578125 128.774993896484375 129.337493896484375 129 129.475006103515625 130.5187530517578125 131.381256103515625
100.125 100.0749969482421875 102.28749847412109375 106.1999969482421875 116.6875 126.8937530517578125 136.4187469482421875 147.024993896484375 159.399993896484375 170.118743896484375 165.2375030517578125 158.212493896484375 154.899993896484375 152.068756103515625 149.3249969482421875 147.1999969482421875 144.618743896484375 143.1374969482421875 142.725006103515625 142.350006103515625 142.3562469482421875 141.587493896484375 140.350006103515625 136.931243896484375 133.725006103515625 130.3125 125.53749847412109375 121.21875 118.34999847412109375 116.18125152587890625 116.1999969482421875 117.5124969482421875 118.3937530517578125 120.1750030517578125 122.3312530517578125 124.99375152587890625 127.68125152587890625 130.9875030517578125 133.024993896484375 132.037506103515625 129.03125 129.306243896484375 129.71875 131.2375030517578125
105.27500152587890625 105.46875 107.4499969482421875 110.4812469482421875 118.78125 127.2375030517578125 135.6875 143.6875 150.850006103515625 155.6750030517578125 157.78125 156.912506103515625 156.3562469482421875 155.462493896484375 153.625 152.2687530517578125 150.568756103515625 149.212493896484375 148.806243896484375 149.3937530517578125 149.7375030517578125 149.1875 147.506256103515625 143.600006103515625 139.681243896484375 135.3312530517578125 130.087493896484375 124.5812530517578125 120.0124969482421875 118.18125152587890625 117.9499969482421875 118.5 119.28125 121.3937530517578125 123.9562530517578125 125.93125152587890625 128.5500030517578125 131.756256103515625 134.7687530517578125 131.412506103515625 126.99375152587890625 125.5625 125.84999847412109375 127.93125152587890625
111.47499847412109375 111.6687469482421875 114.78749847412109375 119.50624847412109375 125.66249847412109375 132.118743896484375 136.274993896484375 137.7312469482421875 136.5187530517578125 139.4562530517578125 147.59375 152.5 156.024993896484375 157.431243896484375 157.881256103515625 157.3249969482421875 156.368743896484375 155.5749969482421875 155.7062530517578125 157.15625 157.837493896484375 157.0500030517578125 155.162506103515625 150.78125 145.912506103515625 140.15625 133.5062408447265625 126.5187530517578125 120.9250030517578125 117.9250030517578125 117.68125152587890625 118.38124847412109375 119.4499969482421875 121.6687469482421875 123.6999969482421875 125.09999847412109375 126.18125152587890625 128.0749969482421875 127.9375 124.4187469482421875 119.50624847412109375 117.09999847412109375 115.9875030517578125 116.80625152587890625
118.41249847412109375 119.8125 123.97499847412109375 128.625 134.1125030517578125 138.350006103515625 140.287506103515625 137.649993896484375 130.1999969482421875 129.225006103515625 140.5625 148.818756103515625 154.931243896484375 157.868743896484375 160.287506103515625 161.875 162.4562530517578125 163.6125030517578125 165.431243896484375 166.65625 166.649993896484375 165.8249969482421875 162.1999969482421875 157.681243896484375 151.024993896484375 143.524993896484375 134.993743896484375 128.4250030517578125 122.3249969482421875 118.33750152587890625 117.6687469482421875 117.7375030517578125 117.97499847412109375 119.1875 120.24375152587890625 121.4187469482421875 122.15000152587890625 121.9187469482421875 119.30625152587890625 115.1999969482421875 109.8000030517578125 105.84375 103.5437469482421875 101.71875
126.19374847412109375 128.368743896484375 132.568756103515625 137.912506103515625 143.7624969482421875 147.475006103515625 148.3937530517578125 145 139.068756103515625 138.03125 143.9250030517578125 149.712493896484375 155.75 159.662506103515625 163.6999969482421875 167.1687469482421875 169.3312530517578125 172.412506103515625 175.6374969482421875 179 177.962493896484375 175.6374969482421875 170.3625030517578125 163.2375030517578125 153.975006103515625 145.306243896484375 136.9562530517578125 129.056243896484375 122.8312530517578125 118.6750030517578125 116.44374847412109375 115.99375152587890625 115.7687530517578125 116.6999969482421875 117.65625 117.9499969482421875 117.28749847412109375 115.6750030517578125 111.96875 106.24375152587890625 100.00624847412109375 94.8937530517578125 90.21875 86.7375030517578125
134.3125 137 141.149993896484375 146.6062469482421875 152.712493896484375 158.8000030517578125 160.46875 156.1875 151.03125 149.681243896484375 152.2375030517578125 155.506256103515625 158.9375 163.068756103515625 168.037506103515625 172.243743896484375 176.368743896484375 180.962493896484375 185.9875030517578125 191.0625 191.6437530517578125 187.1437530517578125 179.3000030517578125 167.600006103515625 158.0124969482421875 149.375 140.712493896484375 132.34375 124.44374847412109375 119.78749847412109375 117.0124969482421875 115.625 115.0500030517578125 115.15625 114.9499969482421875 113.9187469482421875 112.25624847412109375 108.9375 104.0625 97.5 90.43125152587890625 84.46250152587890625 79.2687530517578125 74.1750030517578125
141.131256103515625 143.75 148.162506103515625 154.193756103515625 160.90625 167.7375030517578125 171.181243896484375 165.912506103515625 161.2624969482421875 158.8312530517578125 159.2937469482421875 161.837493896484375 164.3125 168.368743896484375 174.1437530517578125 178.412506103515625 183.0749969482421875 188.0124969482421875 193.6374969482421875 200.5124969482421875 203.7937469482421875 198.337493896484375 187.96875 173.7687530517578125 161.087493896484375 150.0437469482421875 140.1437530517578125 132.5437469482421875 125.53749847412109375 121.02500152587890625 116.97499847412109375 114.6687469482421875 113.02500152587890625 112.41249847412109375 111.77500152587890625 109.7062530517578125 106.8125 103.1437530517578125 97.05625152587890625 90.09999847412109375 82.02500152587890625 75.50624847412109375 69.8312530517578125 64.96250152587890625
147.1125030517578125 149.9375 154.40625 159.90625 166.2937469482421875 171.881256103515625 173.506256103515625 171.4562530517578125 167.875 166.5437469482421875 166.59375 168.15625 171.006256103515625 173.3562469482421875 178.8874969482421875 184.337493896484375 188.4875030517578125 193.9875030517578125 199.8874969482421875 205.9875030517578125 211.274993896484375 206.375 194.681243896484375 179.3625030517578125 160.6812591552734375 147.8312530517578125 141.274993896484375 133.6875 127.22499847412109375 122.11875152587890625 117.30625152587890625 113.30625152587890625 111.31874847412109375 109.5437469482421875 108.2687530517578125 105.81874847412109375 102.33750152587890625 98.6875 92.6875 84.03749847412109375 75.7687530517578125 69.6437530517578125 63.30625152587890625 55.22499847412109375
151.899993896484375 154.568756103515625 159.0500030517578125 164.125 169.3312530517578125 173.6999969482421875 175.3125 175.4875030517578125 173.8249969482421875 172.25 171.8249969482421875 173.368743896484375 175.899993896484375 179.0749969482421875 182.649993896484375 188.21875 191.9562530517578125 196.475006103515625 201.118743896484375 205.8625030517578125 209.3874969482421875 205.587493896484375 197.71875 184.1687469482421875 167.9562530517578125 155.2937469482421875 146.375 137.368743896484375 129.431243896484375 122.44374847412109375 116.2624969482421875 111.77500152587890625 109 106.8249969482421875 105.16249847412109375 102.6999969482421875 99.4562530517578125 96.27500152587890625 90.34999847412109375 82.28125 72.6687469482421875 64.34375 57.700000762939453125 51.84375
154.306243896484375 157.3062591552734375 161.1624908447265625 166.1750030517578125 171.0437469482421875 174.756256103515625 178.0625 179.4375 177.837493896484375 176.78125 176.649993896484375 178.024993896484375 180.2687530517578125 183.3937530517578125 186.2624969482421875 191.28125 194.0124969482421875 196.375 198.850006103515625 202.875 205.6750030517578125 204.693756103515625 200.9875030517578125 192.493743896484375 181.3312530517578125 168.899993896484375 155.8125 143.193756103515625 132.2312469482421875 122.74375152587890625 114.8625030517578125 109.09375 106 104.3249969482421875 102.5 99.52500152587890625 97.1687469482421875 96.03125 92.1437530517578125 83.3562469482421875 72.49375152587890625 64.2062530517578125 58.125 53.00624847412109375
155.1999969482421875 158.0500030517578125 162.287506103515625 167.399993896484375 172.1750030517578125 176.53125 179.962493896484375 181.662506103515625 181.1437530517578125 180.743743896484375 179.899993896484375 180.225006103515625 182.4562530517578125 185.7874908447265625 189.287506103515625 192.681243896484375 193.068756103515625 193.96875 195.2937469482421875 197.756256103515625 199.8874969482421875 202.287506103515625 204.006256103515625 202.2937469482421875 194.3562469482421875 181.256256103515625 165.7687530517578125 150.0437469482421875 135.7062530517578125 123.0625 113.375 105.875 102.09999847412109375 100.2687530517578125 97.72499847412109375 94.0437469482421875 94.21250152587890625 94.3125 92.4187469482421875 84.6374969482421875 75.16249847412109375 67.16249847412109375 60.41249847412109375 54.56874847412109375
154.3562469482421875 157.6125030517578125 163.0250091552734375 168.881256103515625 173.818756103515625 178.40625 182.3312530517578125 184.7062530517578125 184.681243896484375 183.4375 182.1062469482421875 181.9562530517578125 182.875 185.15625 187.59375 189.537506103515625 187.806243896484375 187.412506103515625 188.462493896484375 190.9499969482421875 193.3000030517578125 197.8562469482421875 204.75 209.568756103515625 206.7624969482421875 190.1125030517578125 173 153.96875 136.4812469482421875 122.00624847412109375 111.5187530517578125 104.4375 98.21875 93.6062469482421875 90.0812530517578125 89.1875 90.5812530517578125 95.8249969482421875 98.875 89.25624847412109375 78.77500152587890625 70.52500152587890625 62.668750762939453125 56.90625
152.46875 156.5437469482421875 163.2687530517578125 169.931243896484375 175.8625030517578125 181.6062469482421875 186.337493896484375 188.962493896484375 188.681243896484375 187.412506103515625 185.787506103515625 183.8249969482421875 182.8000030517578125 182.34375 182.8249969482421875 182.625 180.3937530517578125 178.787506103515625 180.46875 182.4312591552734375 184.875 189.8874969482421875 197.90625 204.774993896484375 204.1437530517578125 191.381256103515625 176.681243896484375 156.09375 135.9375 118.9875030517578125 107.1999969482421875 99.61875152587890625 95.7375030517578125 92.9375 87 80.2624969482421875 86.2312469482421875 93.7375030517578125 95.4875030517578125 90.24375152587890625 81.05625152587890625 73.4187469482421875 65.81874847412109375 59.987499237060546875
149.2624969482421875 155.100006103515625 163.125 171.1750030517578125 178.712493896484375 184.962493896484375 190.149993896484375 193.6875 194.2687530517578125 192.024993896484375 188.3249969482421875 185.2062530517578125 181.65625 178.53125 177.381256103515625 177.131256103515625 174.631256103515625 171.9499969482421875 173.1687469482421875 174.287506103515625 176.0437469482421875 183.412506103515625 187.556243896484375 193.568756103515625 193.6437530517578125 187.1687469482421875 173.3125 154.5187530517578125 135.7375030517578125 116.9562530517578125 102.69374847412109375 98.53749847412109375 99.66249847412109375 96.1875 90.71875 85.625 87.74375152587890625 91.2062530517578125 91.8312530517578125 88.3874969482421875 81.80625152587890625 76.9250030517578125 69.1999969482421875 63.28749847412109375
145.318756103515625 152.9499969482421875 162.1062469482421875 171.5625 180.774993896484375 188.7375030517578125 195.3937530517578125 199.9812469482421875 200.0812530517578125 197.756256103515625 192.8625030517578125 187.1437530517578125 181.337493896484375 175.71875 173.3562469482421875 172.306243896484375 168.8874969482421875 168.6374969482421875 169.693756103515625 172.100006103515625 171.4375 174.493743896484375 181.712493896484375 185.9875030517578125 185.3937530517578125 178.756256103515625 167.0749969482421875 153.2375030517578125 135.306243896484375 118.08750152587890625 106.13124847412109375 104.9562530517578125 105.24375152587890625 105.2312469482421875 103.5500030517578125 97.7687530517578125 94.3000030517578125 93.0124969482421875 91.03125 87.5 83.0187530517578125 78.88750457763671875 72.31874847412109375 66.3562469482421875
