data/historical-monthly-weather-data/wc2.1_cruts4.09_10m_prec_1993-11.asc
ncols        51
nrows        45
xllcorner    -63.500000000000
yllcorner    -7.500000000000
cellsize     0.166666666667
NODATA_value -9999
[rows 20 to 39 of 45, columns 0 to 43 of 51]
229.0124969482421875 233.5437469482421875 239.024993896484375 244.5124969482421875 249.118743896484375 255.1750030517578125 261.04998779296875 265.10626220703125 266.681243896484375 265.431243896484375 262.506256103515625 258.475006103515625 252.475006103515625 243.399993896484375 236.774993896484375 229.6374969482421875 223.774993896484375 222.274993896484375 226.256256103515625 229.1750030517578125 232.5812530517578125 232.9375 230.149993896484375 226.8249969482421875 223.337493896484375 217.2375030517578125 207.3125 193.2062530517578125 178.0749969482421875 166.8625030517578125 158.100006103515625 156.212493896484375 159.4375 164.600006103515625 170 176.5625 181.2937469482421875 186.1437530517578125 188.7062530517578125 191.15625 192.1875 193.381256103515625 192.962493896484375 191.493743896484375
229.3874969482421875 232.84375 239.756256103515625 246.6750030517578125 253.34375 260.48748779296875 268.48748779296875 274.45001220703125 278.98126220703125 280.08123779296875 278.712493896484375 276.92498779296875 272.04376220703125 262.60626220703125 253.8000030517578125 244.90625 238.8000030517578125 234.28125 233.3249969482421875 234.03125 232.0749969482421875 230.3125 228.5500030517578125 224.850006103515625 220.3249969482421875 214.725006103515625 207.96875 196.693756103515625 185.818756103515625 177.0625 168.3312530517578125 165.3625030517578125 167.943756103515625 174.274993896484375 181.1374969482421875 187.225006103515625 191.787506103515625 195.5812530517578125 196.0812530517578125 197.5625 197.625 197.868743896484375 197.431243896484375 196.8125
230.087493896484375 235.274993896484375 242.4499969482421875 250.2312469482421875 258.149993896484375 265.82501220703125 273.743743896484375 282.875 290.20001220703125 292.86248779296875 294.53125 294.625 295.34375 286.70001220703125 272.556243896484375 260.037506103515625 251.34375 244.912506103515625 240.34375 237.4187469482421875 233.625 229.6750030517578125 225.9187469482421875 221.78125 218.631256103515625 214.381256103515625 208.0187530517578125 200.4187469482421875 191.2062530517578125 183.506256103515625 177.0749969482421875 174.0124969482421875 177.993743896484375 184.7375030517578125 191.243743896484375 197.756256103515625 202.3312530517578125 203.818756103515625 203.0437469482421875 203.3625030517578125 203.53125 202.806243896484375 201.837493896484375 200.9375
231.912506103515625 237.2687530517578125 244.912506103515625 252.0124969482421875 260.60626220703125 269.54376220703125 278.17498779296875 287.98126220703125 294.431243896484375 298.41876220703125 301.475006103515625 307.056243896484375 311.48126220703125 301.09375 284.07501220703125 270.17498779296875 259.975006103515625 252.1125030517578125 245.149993896484375 239.0124969482421875 233.962493896484375 228.84375 223.287506103515625 219.181243896484375 216.162506103515625 212.087493896484375 209.625 201.7687530517578125 195.368743896484375 189.1750030517578125 185.1750030517578125 183.1437530517578125 186.962493896484375 192.881256103515625 199.6999969482421875 207.5187530517578125 212.1374969482421875 211.462493896484375 210.3000030517578125 209.625 208.868743896484375 207.84375 206.712493896484375 205.6374969482421875
237.306243896484375 241.256256103515625 248.65625 256.04998779296875 265.58123779296875 273.15625 280.59375 289.162506103515625 295.931243896484375 300.274993896484375 304.481231689453125 306.71875 308.23748779296875 300.662506103515625 287.662506103515625 275.23748779296875 265.15625 255.6125030517578125 247.7312469482421875 240.350006103515625 233.600006103515625 226.243743896484375 220.9499969482421875 216.2375030517578125 212.462493896484375 210.912506103515625 208.5437469482421875 203.9375 198.381256103515625 195.0187530517578125 191.493743896484375 190.1062469482421875 193.725006103515625 199.1437530517578125 204.568756103515625 210.6062469482421875 215.256256103515625 215.0749969482421875 214.6125030517578125 214.681243896484375 213.5187530517578125 212.3249969482421875 212.287506103515625 212.756256103515625
246.7624969482421875 250.4499969482421875 253.850006103515625 261.46875 268.681243896484375 274.66876220703125 280.524993896484375 287.59375 293.375 297.78125 301.11248779296875 302.36248779296875 300.524993896484375 294.350006103515625 285.6875 276.48748779296875 268.21875 258.66876220703125 250.162506103515625 242.3312530517578125 234.212493896484375 225.9250030517578125 218.53125 212.118743896484375 209.6374969482421875 209.4562530517578125 208.9375 206.350006103515625 202.6999969482421875 200.368743896484375 197.2624969482421875 195.9187469482421875 199.3625030517578125 202.837493896484375 207.212493896484375 211.931243896484375 215.4812469482421875 217.0437469482421875 218.5124969482421875 218.912506103515625 218.6750030517578125 217.5625 215.756256103515625 217.6374969482421875
257.85626220703125 258.38751220703125 260.16876220703125 264.131256103515625 268 272.04376220703125 278.46875 283.75 286.63751220703125 290.57501220703125 294.774993896484375 295.074981689453125 292.29998779296875 287.056243896484375 280.774993896484375 272.756256103515625 266.118743896484375 258.10626220703125 250.462493896484375 242.193756103515625 233.75 225.1437530517578125 216.8625030517578125 210.7937469482421875 209.9375 209.8000030517578125 209.2937469482421875 207.5812530517578125 205.6687469482421875 202.8249969482421875 200.912506103515625 199.7062530517578125 203.3000030517578125 206.4812469482421875 208.912506103515625 212.6062469482421875 215.5187530517578125 216.6999969482421875 219.78125 221.600006103515625 222.4187469482421875 221.4375 220.243743896484375 221.1437530517578125
269.39373779296875 266.725006103515625 265.71875 265.70001220703125 267.024993896484375 268.993743896484375 273.65625 278.493743896484375 281.51251220703125 284.67498779296875 286.618743896484375 286.36248779296875 283.274993896484375 278.41876220703125 274.381256103515625 268.518768310546875 262.625 256.64373779296875 249.7937469482421875 242.6687469482421875 235.2312469482421875 226.6687469482421875 220.818756103515625 216.1125030517578125 213.787506103515625 212.1687469482421875 210.756256103515625 209.5 207.4375 204.84375 202.212493896484375 201.25 204.5500030517578125 206.681243896484375 209.7312469482421875 212.681243896484375 214.8562469482421875 217.131256103515625 219.5625 224.2375030517578125 227.7937469482421875 227.881256103515625 223.3874969482421875 223.556243896484375
280.46875 274.5625 269.01251220703125 265.943756103515625 264.51251220703125 264.95001220703125 267.95623779296875 271.756256103515625 275.649993896484375 278 279.5625 277.98748779296875 275.287506103515625 270.5625 267.443756103515625 264.51251220703125 261.16876220703125 255.1687469482421875 249.3562469482421875 243.4499969482421875 237.34375 230.131256103515625 225.4499969482421875 221.899993896484375 218.5875091552734375 215.6437530517578125 214.149993896484375 211.631256103515625 209.524993896484375 206 203.34375 201.681243896484375 203.681243896484375 205.90625 209.368743896484375 211.787506103515625 213.875 215.399993896484375 218.274993896484375 222.1999969482421875 228.006256103515625 227.774993896484375 226.09375 231.162506103515625
288.01873779296875 279.09375 270.899993896484375 262.95623779296875 260.04376220703125 260.03125 262.01873779296875 265.07501220703125 268.181243896484375 269.256256103515625 270.568756103515625 269.73748779296875 267.8125 264.975006103515625 262.67498779296875 260.41876220703125 256.243743896484375 252.6687469482421875 247.431243896484375 242.524993896484375 237.568756103515625 233.506256103515625 229.993743896484375 225.5 221.818756103515625 218.975006103515625 216.6062469482421875 213.0749969482421875 209.818756103515625 207.1750030517578125 204.493743896484375 202.743743896484375 204.2687530517578125 206.84375 209.53125 210.3562469482421875 210.9187469482421875 213 213.5437469482421875 216.024993896484375 220.8125 227.6374969482421875 231.1875 239.3249969482421875
293.125 281.96875 271.82501220703125 262.193756103515625 256.318756103515625 256.54998779296875 257.600006103515625 259.056243896484375 260.09375 261.86248779296875 263.274993896484375 263 262.5 259.17498779296875 257.79998779296875 256.3125 254.1999969482421875 250.556243896484375 245.4250030517578125 243.4937591552734375 240.4562530517578125 237.568756103515625 234.8562469482421875 230.1125030517578125 225.181243896484375 222.131256103515625 218.28125 214.34375 210.162506103515625 207.3499908447265625 205.2750091552734375 204.100006103515625 204.993743896484375 208.0500030517578125 209.3874969482421875 209.1437530517578125 209.4250030517578125 211.931243896484375 211.068756103515625 207.5187530517578125 213.3249969482421875 225.4312591552734375 234.4375 243.3625030517578125
296.45623779296875 284.493743896484375 273.20001220703125 264.01251220703125 258.068756103515625 254.5500030517578125 253.90625 253.337493896484375 253.6062469482421875 254.431243896484375 255.7437591552734375 256.45623779296875 256.15625 254.78125 255.1374969482421875 254.5124969482421875 252.8125 249.9499969482421875 247.0749969482421875 246.3312530517578125 244.3312530517578125 241.681243896484375 238.9499969482421875 233.649993896484375 229.21875 224.7937469482421875 219.600006103515625 214.75 209.649993896484375 207.75 206.15625 204.7062530517578125 205.7375030517578125 207.65625 209.9625091552734375 209.4250030517578125 209.306243896484375 209.975006103515625 207.6687469482421875 206.8000030517578125 215.368743896484375 229.774993896484375 241.84375 256.306243896484375
295.23126220703125 284.806243896484375 274.024993896484375 265.48126220703125 258.91876220703125 253.34375 250.493743896484375 248.40625 247.0812530517578125 246.9499969482421875 249.587493896484375 249.975006103515625 251.100006103515625 252.7937469482421875 252.9875030517578125 253.0124969482421875 251.15625 251.25 250.443756103515625 250.2312469482421875 248.4499969482421875 244.993743896484375 241.0437469482421875 235.6062469482421875 231.100006103515625 226.1062469482421875 220.337493896484375 214.506256103515625 209.8000030517578125 208.037506103515625 206.837493896484375 205.7375030517578125 206.462493896484375 207.850006103515625 210.6875 210.899993896484375 211.8312530517578125 211.8937530517578125 210.287506103515625 215.3312530517578125 224.09375 237.8125 252.8000030517578125 271.368743896484375
292.412506103515625 284 274.17498779296875 266.59375 259.08123779296875 252.3312530517578125 246.59375 243.243743896484375 240.8562469482421875 239.46875 241.006256103515625 244.024993896484375 247.318756103515625 249.0812530517578125 250.0625 250.8000030517578125 250.850006103515625 252.1999969482421875 252.9812469482421875 253.818756103515625 251.443756103515625 247.65625 243.3312530517578125 237.256256103515625 232.25 226.5625 220.78125 214.1062469482421875 209.0437469482421875 207.5625 206.9187469482421875 207 207.7624969482421875 209.0812530517578125 211.96875 213.2687530517578125 213.681243896484375 212.962493896484375 215.5625 222.96875 231.1750030517578125 244.96875 263.006256103515625 284.100006103515625
290.556243896484375 283.712493896484375 274.818756103515625 266.58123779296875 259.193756103515625 250.943756103515625 243.15625 238.1437530517578125 232.837493896484375 231.350006103515625 233.568756103515625 238.84375 243.7687530517578125 247.993743896484375 250.2125091552734375 249.818756103515625 250.6687469482421875 253.125 254.962493896484375 256.225006103515625 254.181243896484375 250.006256103515625 244.8874969482421875 237.625 231.306243896484375 226.006256103515625 219.2375030517578125 213.100006103515625 207.5124969482421875 206.5625 207.1062469482421875 207.5625 208.125 210.2312469482421875 211.943756103515625 212.506256103515625 213.118743896484375 217.056243896484375 221.34375 227.6374969482421875 236.4499969482421875 248.806243896484375 265.59375 284.83123779296875
287.899993896484375 281.712493896484375 273.60626220703125 265.35626220703125 257.975006103515625 249.46875 241.100006103515625 233.0124969482421875 225.600006103515625 222.0187530517578125 225.399993896484375 232.2937469482421875 240.2312469482421875 246.7624969482421875 248.3312530517578125 249.600006103515625 249.056243896484375 252.4187469482421875 255.7687530517578125 258.67498779296875 256.07501220703125 249.8937530517578125 243.75 236.587493896484375 230.131256103515625 224.337493896484375 218.118743896484375 212.537506103515625 207.568756103515625 205.931243896484375 207.243743896484375 207.6125030517578125 208.7375030517578125 210.537506103515625 211.0187530517578125 211.5812530517578125 216.649993896484375 220.912506103515625 224.774993896484375 231.8562469482421875 241.0625 251.1999969482421875 264.212493896484375 279.962493896484375
285.131256103515625 280.23748779296875 273.20001220703125 265.850006103515625 258.28125 249.5812530517578125 239.881256103515625 230.2750091552734375 220.21875 211.7937469482421875 217.3874969482421875 231.5 240.2375030517578125 244.899993896484375 246.6062469482421875 247.25 246.681243896484375 249.96875 253.8125 256.40625 253.131256103515625 246.7375030517578125 240.5437469482421875 233.375 226.9437408447265625 222.0437469482421875 215.493743896484375 211.100006103515625 206.131256103515625 205.54998779296875 206.4749908447265625 208.3562469482421875 209.0437469482421875 210.8249969482421875 211.2624969482421875 213.743743896484375 219.1875 224.6374969482421875 229.568756103515625 234.475006103515625 241.75 249.350006103515625 259.337493896484375 272.006256103515625
286.537506103515625 281.649993896484375 274.60626220703125 267.91876220703125 260.399993896484375 251.59375 242.2375030517578125 232.381256103515625 221.837493896484375 211.193756103515625 223.756256103515625 239.0812530517578125 243.3625030517578125 245.3625030517578125 245.75 245.2624969482421875 244.1125030517578125 246.6062469482421875 249.318756103515625 249.5187530517578125 246.9250030517578125 241.78125 236.3249969482421875 228.850006103515625 223.1687469482421875 218.693756103515625 212.84375 209.0437469482421875 205.21875 205.625 204.662506103515625 206.21875 207.756256103515625 209.618743896484375 210.78125 215.1374969482421875 221.5 226.90625 233.337493896484375 238.868743896484375 242.40625 248.587493896484375 253.868743896484375 261.29998779296875
294.14373779296875 288.506256103515625 281.649993896484375 274.20623779296875 265.79376220703125 256.743743896484375 248.0500030517578125 239.5 233.712493896484375 235.5625 249.412506103515625 249.850006103515625 248.149993896484375 247.84375 246.587493896484375 244.837493896484375 243.1437530517578125 244.3874969482421875 244.774993896484375 244.443756103515625 240.993743896484375 235.8874969482421875 231.59375 225.618743896484375 219.5500030517578125 215.75 211.1437530517578125 207.993743896484375 205.350006103515625 205.5187530517578125 205.59375 206.7062530517578125 208.274993896484375 210.212493896484375 214.649993896484375 219.912506103515625 224.662506103515625 231.3000030517578125 236.4437408447265625 237.9187469482421875 240.068756103515625 245.225006103515625 247.1062469482421875 252.618743896484375
302.837493896484375 296.82501220703125 289.15625 280.743743896484375 273.1875 264.95001220703125 256.26251220703125 250.1062469482421875 246.84375 247.756256103515625 252.0437469482421875 253.125 251.087493896484375 249.556243896484375 247.662506103515625 244.96875 243.28125 242.725006103515625 241.5500030517578125 240.1125030517578125 235.587493896484375 230.649993896484375 225.743743896484375 220.1750030517578125 216.118743896484375 212.4124908447265625 208.875 207.03125 205.2062530517578125 205.09375 204.993743896484375 208.875 212.90625 215.649993896484375 220.7687530517578125 225.0437469482421875 228.7624969482421875 233.4000091552734375 238.056243896484375 237.1437530517578125 237.837493896484375 240.899993896484375 241.5437469482421875 243.100006103515625
