data/historical-monthly-weather-data/wc2.1_cruts4.09_10m_prec_1974-10.asc
ncols        45
nrows        45
xllcorner    -63.500000000000
yllcorner    -7.500000000000
cellsize     0.166666666667
NODATA_value -9999
[rows 19 to 37 of 45, columns 0 to 43 of 45]
190.881256103515625 191.8312530517578125 190.1374969482421875 187.774993896484375 184.818756103515625 180.7062530517578125 175.212493896484375 168.318756103515625 160.4499969482421875 151.368743896484375 140.59375 128.9875030517578125 117.8874969482421875 107.5187530517578125 99.02500152587890625 91.5812530517578125 83.33750152587890625 76.93125152587890625 71.34375 66.11875152587890625 58.63124847412109375 52.049999237060546875 47.36875152587890625 48.33750152587890625 49.206249237060546875 48.93125152587890625 49.90625 50.21875 48.606250762939453125 47.34999847412109375 47.331249237060546875 51.856250762939453125 57.862499237060546875 64.03125 69.84375 76.08750152587890625 84.4499969482421875 94.9875030517578125 105.28749847412109375 114.16249847412109375 121.0812530517578125 124.0625 121.77500152587890625 118.5749969482421875
184.9875030517578125 188.8000030517578125 189.6875 189.0625 187.3625030517578125 183.631256103515625 179.1750030517578125 172.8312530517578125 165.243743896484375 155.28125 144.0749969482421875 131.6687469482421875 120.0187530517578125 108.59375 99.7687530517578125 91.6875 83.68125152587890625 76.7687530517578125 71.8562469482421875 66.3562469482421875 59.97499847412109375 53.737499237060546875 48.21875 48.22499847412109375 48.768749237060546875 48.6875 50.137500762939453125 50.237499237060546875 50.075000762939453125 51.56874847412109375 53.799999237060546875 58 63.606250762939453125 70.3312530517578125 78.11875152587890625 84.25624847412109375 89.91249847412109375 97.59999847412109375 105.6875 113.75 120.6687469482421875 123.84375 123.60625457763671875 122.46875
179.5562591552734375 186.475006103515625 189.131256103515625 189.8812408447265625 189.631256103515625 187.1437530517578125 183.1687469482421875 177.850006103515625 171.28125 160.725006103515625 148.1999969482421875 135.149993896484375 123.16249847412109375 112.58750152587890625 103.03749847412109375 94.81874847412109375 87.30625152587890625 80.0812530517578125 74.03125 68.2375030517578125 61.125 54.75 49.49375152587890625 48.700000762939453125 48.231250762939453125 47.831249237060546875 50.08750152587890625 51.56874847412109375 53.09999847412109375 56.09375 59.47499847412109375 63.856250762939453125 68.8625030517578125 74.8312530517578125 80.59375 87.59375 93.15625 98.99375152587890625 105.88124847412109375 113.5500030517578125 120.1875 123.7687530517578125 125.55625152587890625 125.52500152587890625
176.9375 187.0812530517578125 191.21875 192.787506103515625 192.162506103515625 190.0437469482421875 186.9499969482421875 183.1999969482421875 178.7687530517578125 166.587493896484375 152.756256103515625 138.6750030517578125 127.18125152587890625 117.4375 107.53125 98.7937469482421875 91.01250457763671875 83.71875 76.7937469482421875 70.15625 63.27500152587890625 56.46250152587890625 50.75 49.40000152587890625 48.28125 47.043750762939453125 49.91249847412109375 53.05625152587890625 55.53125 59.737499237060546875 64.5812530517578125 69.71250152587890625 73.8312530517578125 78.46875 82.9562530517578125 89.4250030517578125 94.9562530517578125 99.5812530517578125 106.1062469482421875 114.84375 122.27500152587890625 126.43125152587890625 128.962493896484375 129.5625
177.7937469482421875 190.1062469482421875 196.3125 196.756256103515625 195.5749969482421875 193.287506103515625 189.7375030517578125 186.3874969482421875 181.350006103515625 169.6437530517578125 155.28125 142.274993896484375 131.2687530517578125 121.7062530517578125 112.06874847412109375 103.1062469482421875 95.19374847412109375 87.3125 79.7062530517578125 72.3562469482421875 65.3625030517578125 58.612499237060546875 52.3125 50.450000762939453125 48.83750152587890625 47.081249237060546875 49.668750762939453125 53.96250152587890625 58.27500152587890625 63.59375 69.2312469482421875 74.7375030517578125 78.34375 81.71875 85.375 92.02500152587890625 97.59999847412109375 101.8937530517578125 109.1437530517578125 117.68125152587890625 125.46875 130.193756103515625 132.96875 133.8000030517578125
184.6999969482421875 196.4250030517578125 202.962493896484375 201.350006103515625 199.100006103515625 195.9250030517578125 191.431243896484375 186.287506103515625 179.962493896484375 170.15625 158.3000030517578125 146.4562530517578125 136.25 126.96875 117.0437469482421875 108.15625 99.75624847412109375 91.34375 83.06874847412109375 75.2624969482421875 67.8937530517578125 60.46250152587890625 54.21250152587890625 51.96250152587890625 50.231250762939453125 49.125 52.15625 56.65000152587890625 61.50624847412109375 67.3249969482421875 73.28749847412109375 78.5749969482421875 82.02500152587890625 84.50624847412109375 87.5812530517578125 93.59375 99.84999847412109375 105.7624969482421875 113.36875152587890625 122.5 130.6687469482421875 135.475006103515625 138.40625 140.774993896484375
194.337493896484375 203.725006103515625 205.6687469482421875 204.962493896484375 201.8125 197.556243896484375 192.225006103515625 186.1312408447265625 179.8499908447265625 171.600006103515625 160.193756103515625 150.225006103515625 140.693756103515625 131.818756103515625 122.41249847412109375 113.25624847412109375 104.81874847412109375 95.59999847412109375 86.86875152587890625 78.44374847412109375 70.78749847412109375 63.03125 56.49375152587890625 54.18125152587890625 52.581249237060546875 51.75 55.512500762939453125 60.15625 65.19374847412109375 71.27500152587890625 76.86875152587890625 82.7062530517578125 85.66249847412109375 87.25624847412109375 89.90000152587890625 95.71250152587890625 102.0500030517578125 108.8625030517578125 117.75 127.5749969482421875 136.6374969482421875 142.225006103515625 145.5625 149
207.493743896484375 212.2062530517578125 212.131256103515625 209.8625030517578125 205.912506103515625 201.368743896484375 195.118743896484375 188.337493896484375 181.024993896484375 172.193756103515625 163.131256103515625 154.34375 145.787506103515625 137.506256103515625 127.875 118.96875 109.86875152587890625 100.61875152587890625 91.29999542236328125 82.36875152587890625 74.3249969482421875 66.15625 59.200000762939453125 57.518749237060546875 55.96875 55.450000762939453125 59.606250762939453125 64.69374847412109375 70.1687469482421875 76.0625 82.1125030517578125 87.18125152587890625 89.38124847412109375 90.25 91.625 97.4250030517578125 103.90625 110.9875030517578125 121.3562469482421875 133.149993896484375 143.875 151.8937530517578125 157.7687530517578125 162.912506103515625
220.5625 222.6125030517578125 220.149993896484375 216.3562469482421875 211.149993896484375 205.475006103515625 199.03125 191.0124969482421875 183.0625 174.7687530517578125 165.7375030517578125 157.943756103515625 150.774993896484375 142.625 133.4250030517578125 124.4812469482421875 115.71250152587890625 105.53749847412109375 95.97499847412109375 86.96250152587890625 78.1875 69.55625152587890625 62.56874847412109375 60.75624847412109375 59.518749237060546875 59.40625 64.2375030517578125 69.94374847412109375 75.38124847412109375 81.08750152587890625 86.6875 91.72499847412109375 92.8874969482421875 92.65625 93.63124847412109375 98.83750152587890625 104.875 112.72499847412109375 124.1999969482421875 138.0437469482421875 152.3499908447265625 162.443756103515625 169.443756103515625 178.212493896484375
233.5812530517578125 233.8249969482421875 228.4875030517578125 223.34375 217.0187530517578125 209.4562530517578125 201.431243896484375 193.2312469482421875 185.337493896484375 177.6750030517578125 169.493743896484375 162.399993896484375 155.6062469482421875 147.881256103515625 139.181243896484375 130.2624969482421875 121.65625 111.18125152587890625 101.08750152587890625 91.6374969482421875 82.25624847412109375 73.3625030517578125 66.00624847412109375 64.30625152587890625 63.375 63.706249237060546875 69.0187530517578125 75.1374969482421875 81.39374542236328125 86.6687469482421875 91.50624847412109375 96.13124847412109375 96.3249969482421875 95.2062530517578125 95.27500152587890625 100.21250152587890625 105.94374847412109375 113.1125030517578125 124.90625 139.556243896484375 155.943756103515625 167.9187469482421875 177.4562530517578125 191.131256103515625
244.274993896484375 243.537506103515625 236.75 229.1437530517578125 222.3249969482421875 213.037506103515625 204.5500030517578125 196.5 189.3625030517578125 181.28125 174.037506103515625 166.962493896484375 160.9187469482421875 153.7687530517578125 145.25 137.068756103515625 128.0500030517578125 117.9875030517578125 107.4562530517578125 97.15000152587890625 87.78749847412109375 78.74375152587890625 71.0124969482421875 69.3312530517578125 68.93125152587890625 69.91249847412109375 75.46875 81.6875 87.68125152587890625 92.3000030517578125 96.7687530517578125 100.6125030517578125 100.4250030517578125 99.4812469482421875 99.15000152587890625 103.1125030517578125 107.6999969482421875 114.0437469482421875 123.625 135.8874969482421875 150.368743896484375 165.475006103515625 178.3562469482421875 195.3312530517578125
254.0062408447265625 252.0437469482421875 244.618743896484375 234.8062591552734375 227.368743896484375 218.7062530517578125 209.306243896484375 200.71875 193.149993896484375 185.1750030517578125 178.587493896484375 172.4812469482421875 167.212493896484375 160.4187469482421875 151.7687530517578125 143.90625 135.6875 124.9375 114.03125 103.65625 93.71250152587890625 84.4375 76.5625 75.11875152587890625 75.11875152587890625 76.2312469482421875 81.9875030517578125 88.375 94.28125 98.0749969482421875 102.00624847412109375 105.16249847412109375 104.79999542236328125 104.0500030517578125 103.61875152587890625 106.03749847412109375 109.5625 114.6687469482421875 122.16249847412109375 129.375 142.3312530517578125 159.7312469482421875 176.625 193.6999969482421875
261.149993896484375 258.475006103515625 249.350006103515625 240.712493896484375 234.4499969482421875 223.537506103515625 213.462493896484375 204.6062469482421875 197.0124969482421875 189.5 182.868743896484375 177.7375030517578125 172.3125 166.34375 159.024993896484375 151.4562530517578125 142.8000030517578125 131.2937469482421875 120.86875152587890625 110.27500152587890625 100.0500030517578125 90.46875 82.5187530517578125 81.21875 81.63124847412109375 82.875 88.7624969482421875 95.31874847412109375 101.09375 104.4375 107.46250152587890625 109.61875152587890625 109.28125 108.86875152587890625 107.99375152587890625 109.53749847412109375 111.97499847412109375 115.66249847412109375 120.88124847412109375 127.49375152587890625 139.5124969482421875 157.056243896484375 174.09375 192.306243896484375
264.04376220703125 260.556243896484375 252.131256103515625 244.931243896484375 238 227.46875 217.368743896484375 208.2687530517578125 200.4375 193.40625 189.618743896484375 184.056243896484375 179.6062469482421875 174.6999969482421875 167.350006103515625 159.375 150.181243896484375 138.9250030517578125 128.162506103515625 117.6374969482421875 107.5124969482421875 98.09375 90.16249847412109375 89.34375 89.8562469482421875 91.24375152587890625 97.0187530517578125 103.21250152587890625 108.8312530517578125 112.00624847412109375 114.2624969482421875 115.9875030517578125 114.91249847412109375 114.86875152587890625 115.11875152587890625 117.125 118.74375152587890625 120.7312469482421875 124.78749847412109375 131.9875030517578125 141.8937530517578125 156.475006103515625 171.912506103515625 187.96875
264.17498779296875 261.1875 254.618743896484375 248.4562530517578125 240.681243896484375 230.90625 221.0749969482421875 212.28125 203.34375 196.7312469482421875 192.2062530517578125 189.9812469482421875 188.006256103515625 182.0437469482421875 175.4250030517578125 167.21875 158.0812530517578125 147.0437469482421875 135.556243896484375 125.4375 115.4562530517578125 106.125 98.4499969482421875 97.4187469482421875 98.41249847412109375 99.9812469482421875 105.30625152587890625 111.27500152587890625 116.88124847412109375 119.3937530517578125 121.38124847412109375 122.8937530517578125 122.5437469482421875 122.03125 123.00624847412109375 124.64374542236328125 125.61875152587890625 126.94374847412109375 130.306243896484375 135.9562530517578125 142.493743896484375 154.4875030517578125 168.443756103515625 182.75
263.48748779296875 261.53125 254.9562530517578125 249.78125 242.59375 233.225006103515625 223.5500030517578125 215.3125 204.837493896484375 198.1125030517578125 195.09375 195.024993896484375 195.1750030517578125 191.375 183.1500091552734375 174.84375 165.881256103515625 154.7624969482421875 143.5187530517578125 132.912506103515625 123.46875 114.2312469482421875 106.7937469482421875 105.77500152587890625 106.8625030517578125 108.5812530517578125 113.9187469482421875 119.99375152587890625 125.34375 127.0625 128.256256103515625 129.681243896484375 129.6437530517578125 130.0500030517578125 130.662506103515625 131.306243896484375 131.8000030517578125 133.725006103515625 135.7375030517578125 138.7687530517578125 142.899993896484375 151.7687530517578125 163.1687469482421875 174.806243896484375
258.73748779296875 256.85626220703125 251.8937530517578125 245.993743896484375 239.5437469482421875 231.2937469482421875 221.681243896484375 213.1125030517578125 202.725006103515625 195.6062469482421875 194.9562530517578125 197.181243896484375 199.837493896484375 196.931243896484375 189.681243896484375 181.21875 171.993743896484375 161.71875 151.1687469482421875 140.8937530517578125 132.28125 123.9812469482421875 116.3625030517578125 115.4812469482421875 116.33750152587890625 117.65000152587890625 122.3312530517578125 127.93125152587890625 132.818756103515625 134.5500030517578125 135.381256103515625 136.5437469482421875 136.756256103515625 137.9812469482421875 138.1875 138.006256103515625 139.818756103515625 140.90625 142.4375 144.625 148.1750030517578125 155.1374969482421875 162.162506103515625 171.3249969482421875
253.5187530517578125 252.024993896484375 247.524993896484375 242.3000030517578125 236.5187530517578125 228.4812469482421875 219.3874969482421875 210.7312469482421875 199.9187469482421875 190.7062530517578125 193.212493896484375 201.556243896484375 203.506256103515625 199.9812469482421875 194.306243896484375 186.78125 177.524993896484375 168.149993896484375 158.0500030517578125 148.2687530517578125 140.375 132.681243896484375 126.1875 125 125.4562530517578125 126.71875 130.725006103515625 135.818756103515625 140.600006103515625 142 142.9187469482421875 143.2937469482421875 144.756256103515625 146.256256103515625 145.8937530517578125 146.6062469482421875 147.7062530517578125 149.0749969482421875 150.056243896484375 151.2312469482421875 153.662506103515625 157.181243896484375 162.2312469482421875 168.837493896484375
249.4499969482421875 248.2937469482421875 243.899993896484375 239.2312469482421875 234.256256103515625 226.8249969482421875 219.8249969482421875 211.912506103515625 202.28125 191.649993896484375 201.118743896484375 210.0500030517578125 209.0749969482421875 205.037506103515625 199.162506103515625 191.850006103515625 182.649993896484375 173.8937530517578125 164.8000030517578125 155.3937530517578125 148.0124969482421875 140.53125 134.662506103515625 133.318756103515625 134.1062469482421875 135.337493896484375 138.5500030517578125 143.15625 147.5 149 149.087493896484375 149.931243896484375 151.850006103515625 153.2624969482421875 153.9187469482421875 153.7312469482421875 155.1750030517578125 155.7375030517578125 157.087493896484375 158.181243896484375 158.1687469482421875 160.225006103515625 161.8000030517578125 164.7375030517578125
