data/historical-monthly-weather-data/wc2.1_cruts4.09_10m_prec_1973-09.asc
ncols        45
nrows        45
xllcorner    -63.500000000000
yllcorner    -7.500000000000
cellsize     0.166666666667
NODATA_value -9999
[rows 19 to 37 of 45, columns 0 to 43 of 45]
86.96250152587890625 85.19374847412109375 84.125 84.1125030517578125 84.5187530517578125 86.5625 87.88124847412109375 88.5437469482421875 90.50624847412109375 90.96250152587890625 90.28125 86.75624847412109375 82.15625 77.6125030517578125 73.8874969482421875 71.34375 67.84999847412109375 68.3937530517578125 67.7937469482421875 70.6125030517578125 74.25624847412109375 79.6062469482421875 88.375 94.63124847412109375 98.90000152587890625 99.8312530517578125 98.8000030517578125 97.58750152587890625 92.2312469482421875 86.6374969482421875 84.03749847412109375 93.2687530517578125 104.19374847412109375 118.78749847412109375 130.1875 130.756256103515625 129.3937530517578125 128.7312469482421875 126.46875 119.77500152587890625 108.61875152587890625 96.4250030517578125 93.33124542236328125 93.7062530517578125
79.02500152587890625 78.1437530517578125 78.2687530517578125 78.7624969482421875 79.40625 81.09375 83.13124847412109375 84.7375030517578125 87.49375152587890625 89.0812530517578125 88.75624847412109375 86.4562530517578125 82.25 77.06874847412109375 73.96875 70.00624847412109375 66.7062530517578125 65.71250152587890625 67.43125152587890625 68.2312469482421875 74.2624969482421875 81.59999847412109375 88.7937469482421875 95.24375152587890625 101.46875 104.04375457763671875 102.3562469482421875 99.18125152587890625 96.00624847412109375 96.03749847412109375 97.15625 104.81874847412109375 116.71250152587890625 133.2312469482421875 151.9187469482421875 147.34375 135.443756103515625 128.2624969482421875 122.4187469482421875 116.31874847412109375 109.61875152587890625 102.34999847412109375 99.1374969482421875 98.88124847412109375
72.5 70.86875152587890625 71.33750152587890625 72.2937469482421875 74 76.6750030517578125 78.93125152587890625 81.65625 84.8312530517578125 87.08750152587890625 87.6875 86.43125152587890625 84.1062469482421875 80.13124847412109375 76.625 71.91249847412109375 68.625 67.55625152587890625 69.09375 70.1437530517578125 73.71250152587890625 80.2624969482421875 87.15000152587890625 93.58750152587890625 99.2312469482421875 103.52500152587890625 105.88124847412109375 104.11875152587890625 104.46875 105.875 107.5 112.4812469482421875 122.71250152587890625 136.149993896484375 144.100006103515625 142.225006103515625 132.2375030517578125 125.66249847412109375 119.875 115.94374847412109375 112.8000030517578125 109.53125 109.0749969482421875 109.08750152587890625
66.75624847412109375 65.99375152587890625 66.09375 67.3874969482421875 69.15000152587890625 72.03749847412109375 75.24375152587890625 78.56874847412109375 82.8562469482421875 85.1374969482421875 87.65625 87.75624847412109375 87.7937469482421875 85.02500152587890625 79.77500152587890625 74.74375152587890625 70.6125030517578125 70.09375 70.40000152587890625 71.4375 75.0500030517578125 80.78749847412109375 86.40625 91.61875152587890625 98.3625030517578125 103.40625 105.91249847412109375 108.53749847412109375 109.625 110.54375457763671875 113.38124847412109375 118.5187530517578125 125.44374847412109375 132.4499969482421875 134.8312530517578125 129.9875030517578125 124.8000030517578125 120.0437469482421875 117.18125152587890625 117.4499969482421875 118.83750152587890625 117.74375152587890625 118.16249847412109375 118.6875
62.50624847412109375 61.21250152587890625 61.75 62.52500152587890625 63.69374847412109375 67.49375152587890625 71.25 74.75 79.1125030517578125 82.1875 84.84999847412109375 87.4812469482421875 90.25624847412109375 87.93125152587890625 82.125 76.80625152587890625 72.97499847412109375 72.53125 72.91249847412109375 73.43125152587890625 76.8874969482421875 81.34999847412109375 87.1875 92.7687530517578125 98.74375152587890625 102.8937530517578125 105.3874969482421875 108.25 112.28125 114.21250152587890625 116.59999847412109375 121.28749847412109375 125.49375152587890625 129.318756103515625 130.412506103515625 124.9812469482421875 122.3312530517578125 121.40625 120.80625152587890625 124.06874847412109375 126.47499847412109375 126.6999969482421875 128.8562469482421875 130.537506103515625
59.21875 57.78125 57.69374847412109375 58.02500152587890625 60.606250762939453125 64.09999847412109375 67.6999969482421875 71.4250030517578125 75.4812469482421875 79.27500152587890625 82.61875152587890625 84.75624847412109375 86.77500152587890625 86.1999969482421875 82.375 77.8937530517578125 74.8249969482421875 74.15000152587890625 74.3312530517578125 75.4187469482421875 78.9562530517578125 82.7624969482421875 88.9250030517578125 94.76250457763671875 98.97499847412109375 104.53125 107.1750030517578125 110.5187530517578125 114.55625152587890625 117.2687530517578125 119.13124847412109375 122.3937530517578125 127 129.4812469482421875 129.0812530517578125 126.15000152587890625 126.72499847412109375 127.5187530517578125 128 131.256256103515625 134.34375 136.818756103515625 140.0437469482421875 145.712493896484375
56.84999847412109375 56.21875 55.268749237060546875 55.88124847412109375 57.1875 60.49375152587890625 64.41249847412109375 68.1437530517578125 72.0437469482421875 76.13124847412109375 78.8937530517578125 81.4375 83.3312530517578125 83.34375 81.15000152587890625 78.21250152587890625 75.5625 75.61875152587890625 75.875 76.875 80.28749847412109375 83.80625152587890625 89.8937530517578125 96.03125 100.84999847412109375 105.3562469482421875 109.6875 114.4250030517578125 117.875 120.5124969482421875 122.2062530517578125 125.6125030517578125 127.6750030517578125 129.4562530517578125 130.7687530517578125 132.6750030517578125 133.431243896484375 135.256256103515625 138.431243896484375 141.256256103515625 145.931243896484375 148.131256103515625 151.712493896484375 159.131256103515625
53.34375 51.793750762939453125 51.612499237060546875 52.58750152587890625 53.78125 57.325000762939453125 61.012500762939453125 64.46875 67.86875152587890625 72.0500030517578125 75.88124847412109375 78.9499969482421875 80.9562530517578125 82.0187530517578125 80.75624847412109375 78.6374969482421875 77.3625030517578125 77.09999847412109375 77.5812530517578125 78.61875152587890625 82.24375152587890625 85.6062469482421875 90.8937530517578125 98.59375 103.18125152587890625 108.2312469482421875 112.71250152587890625 116.33750152587890625 120.05625152587890625 122.34999847412109375 123.99375152587890625 126 130.6750030517578125 133.587493896484375 134.96875 138.662506103515625 141.84375 144.0437469482421875 147.881256103515625 151.962493896484375 155.6125030517578125 159.256256103515625 164.2874908447265625 169.25
49.22499847412109375 47.331249237060546875 47.9375 48.84375 50.65000152587890625 53.99375152587890625 57.825000762939453125 61.43125152587890625 64.7312469482421875 69.11875152587890625 72.9875030517578125 76.34375 79.03125 81.4499969482421875 80.5625 79.16249847412109375 78.15000152587890625 78.28125 78.9499969482421875 80.65625 83.9562530517578125 87.58750152587890625 92.625 99.7687530517578125 106.0124969482421875 110.8562469482421875 114.9562530517578125 118.69374847412109375 122.3937530517578125 125.29999542236328125 125.90000152587890625 128.024993896484375 133.9812469482421875 137.65625 140.975006103515625 145.131256103515625 151.1437530517578125 155.65625 160 164.2687530517578125 168.618743896484375 173.1875 174.837493896484375 181.318756103515625
45.53749847412109375 43.1875 43.856250762939453125 45.21250152587890625 47.16249847412109375 50.44374847412109375 54.15625 58.09375 61.918750762939453125 66.08750152587890625 70.00624847412109375 73.5749969482421875 77.6437530517578125 80.18125152587890625 79.78749847412109375 80.15000152587890625 80.6875 79.3874969482421875 79.9875030517578125 81.9499969482421875 85.6437530517578125 89.71875 94.91249847412109375 102.1750030517578125 107.5437469482421875 113.28749847412109375 117.3625030517578125 121.8562469482421875 126.7687530517578125 127.9375 127.8625030517578125 129.7687530517578125 135.4499969482421875 141.28125 148.037506103515625 152.743743896484375 160.837493896484375 167.975006103515625 173.943756103515625 178.318756103515625 178.46875 179.8874969482421875 184.806243896484375 192.9812469482421875
45.012500762939453125 42.418750762939453125 42.5 43.512500762939453125 45.112499237060546875 48.47499847412109375 52.18125152587890625 56.018749237060546875 59.918750762939453125 63.90625 67.84999847412109375 72.30625152587890625 76.56874847412109375 79.84375 80.98749542236328125 81.1750030517578125 81.33750152587890625 81.49375152587890625 81.5500030517578125 83.34999847412109375 87.49375152587890625 92.25 96.6437530517578125 102.90000152587890625 109.43125152587890625 116.18125152587890625 119.63124847412109375 123.09375 126.44374847412109375 129.024993896484375 131.225006103515625 134.1374969482421875 139.868743896484375 146.53125 154.65625 161.3562469482421875 170.7937469482421875 181.3874969482421875 184.631256103515625 192.5500030517578125 195.9812469482421875 195.681243896484375 196.837493896484375 203.618743896484375
44.137500762939453125 41.481250762939453125 41.84375 42.27500152587890625 43.737499237060546875 47.16249847412109375 50.36875152587890625 53.96875 58.174999237060546875 62.487499237060546875 66.53749847412109375 71.09999847412109375 76.97499847412109375 80.46875 81.65000152587890625 82.2687530517578125 83.7312469482421875 84.2062530517578125 84.3000030517578125 86.68125152587890625 90.5625 95.63124847412109375 100.3625030517578125 105.8000030517578125 111.5 118.0749969482421875 121.25 124.15000152587890625 127.38124847412109375 128.9562530517578125 133.1374969482421875 137.5124969482421875 143.7937469482421875 153.524993896484375 162.743743896484375 168.6875 179.2375030517578125 192.0625 199.6374969482421875 207.4499969482421875 210.774993896484375 208.975006103515625 208.381256103515625 212.162506103515625
44.25624847412109375 41.03125 41.012500762939453125 41.58750152587890625 43.19374847412109375 46.08750152587890625 49.293750762939453125 52.793750762939453125 57.231250762939453125 61.46875 65.88124847412109375 70.6437530517578125 75.4812469482421875 80.46250152587890625 83.11875152587890625 85.7062530517578125 87.06874847412109375 87.93125152587890625 89.22499847412109375 92.3312530517578125 96.4499969482421875 99.5 104.07500457763671875 108.46875 115.30625152587890625 119.3937530517578125 121.53749847412109375 125.47499847412109375 128.443756103515625 131.15625 135.8937530517578125 139.7687530517578125 147.693756103515625 157.881256103515625 167.5 174.412506103515625 185.181243896484375 196.443756103515625 205.100006103515625 213.90625 220.1750030517578125 218.4375 218.399993896484375 219.868743896484375
47.856250762939453125 44.987499237060546875 44.22499847412109375 44.293750762939453125 45.18125152587890625 47.731250762939453125 50.71250152587890625 53.44374847412109375 57.53749847412109375 61.36875152587890625 67.3125 71.5500030517578125 76.86875152587890625 83.5 86.77500152587890625 90.53125 93.16249847412109375 95.6687469482421875 97.33750152587890625 100.4187469482421875 103.3125 105.80625152587890625 108.125 111.8249969482421875 117.11875152587890625 119.84375 121.83750152587890625 125.09999847412109375 128.125 133.399993896484375 137.975006103515625 143.131256103515625 150.6687469482421875 161.0749969482421875 172.131256103515625 179.4875030517578125 188.90625 197.3125 205.7937469482421875 216.506256103515625 223.443756103515625 223.2687530517578125 224.506256103515625 225.1374969482421875
51.56874847412109375 49.237499237060546875 48.356250762939453125 47.75624847412109375 47.706249237060546875 49.71250152587890625 52.325000762939453125 54.68125152587890625 58.16249847412109375 62.424999237060546875 67.2312469482421875 73.4562530517578125 79.09375 84.5625 89.7937469482421875 94.58750152587890625 99.81874847412109375 103.2375030517578125 106.15625 109.27500152587890625 111.3874969482421875 112.28125 113.2375030517578125 114.81874847412109375 117.38124847412109375 119.09375 120.86875152587890625 123.8625030517578125 126.50624847412109375 132.4562530517578125 138.96875 145.524993896484375 153.943756103515625 163.850006103515625 175.087493896484375 185.7687530517578125 192.837493896484375 200.212493896484375 208.868743896484375 216.5749969482421875 222.7624969482421875 226.8625030517578125 230.693756103515625 232.2062530517578125
55.83750152587890625 53.75 52.549999237060546875 51.75624847412109375 51.268749237060546875 52.418750762939453125 54.63124847412109375 56.549999237060546875 59.33750152587890625 63.456249237060546875 68.78125 75.81874847412109375 81.94374847412109375 88.00624847412109375 94.0812530517578125 100.4562530517578125 106.46875 110.0124969482421875 115.1062469482421875 118.0749969482421875 119.9375 119.59375 117.94374847412109375 117.33750152587890625 116.9187469482421875 118.46250152587890625 120.63124847412109375 122.53125 125.06874847412109375 131.3249969482421875 138.6687469482421875 145.475006103515625 154.787506103515625 165.3562469482421875 175.618743896484375 184.1875 193.125 203.725006103515625 210.125 217.912506103515625 220.5625 223.087493896484375 229.662506103515625 230.993743896484375
61.46250152587890625 59.24375152587890625 58.262500762939453125 57.46250152587890625 56.862499237060546875 57.83750152587890625 58.893749237060546875 60.84375 63.52500152587890625 66.90625 72.18125152587890625 78.9812469482421875 86.27500152587890625 93.2687530517578125 99.65625 106.65625 112.84375 117.5500030517578125 122.78749847412109375 127.3249969482421875 126.84999847412109375 125.16249847412109375 121.25624847412109375 118.4812469482421875 117.3312530517578125 117.28749847412109375 118.30625152587890625 120.28125 122.8625030517578125 129.006256103515625 136.8312530517578125 144.587493896484375 152.868743896484375 163.162506103515625 172.912506103515625 179.9499969482421875 191.34375 200.181243896484375 206.2312469482421875 212.5749969482421875 218.087493896484375 219.756256103515625 222.837493896484375 225.4187469482421875
67.16249847412109375 65.1687469482421875 64.0749969482421875 63.012500762939453125 62.950000762939453125 63.543750762939453125 64.4562530517578125 65.71250152587890625 68.3000030517578125 70.6437530517578125 76.34999847412109375 85.75 93.25 100.0124969482421875 106.875 113.18125152587890625 119.8312530517578125 123.40625 127.46875 131.0749969482421875 131.21875 126.88124847412109375 122.41249847412109375 118.13124847412109375 115.8625030517578125 115.21875 115.38124847412109375 116.5437469482421875 119.0437469482421875 125.9875030517578125 133.8000030517578125 142.131256103515625 151.34375 161.34375 170.756256103515625 178.850006103515625 188.40625 197.9250030517578125 202.287506103515625 206.84375 211.5 212.3937530517578125 216.443756103515625 219.962493896484375
71.9250030517578125 70.49375152587890625 69.6437530517578125 68.49375152587890625 68.63124847412109375 69.41249847412109375 70.3125 71.71250152587890625 74.5625 76.7375030517578125 87 95.96250152587890625 102 107.6999969482421875 113.9499969482421875 120.36875152587890625 124.6999969482421875 127.8249969482421875 129.5437469482421875 130.6999969482421875 130.649993896484375 126.30625152587890625 121.9187469482421875 116.8249969482421875 113.3562469482421875 111.49375152587890625 112.2375030517578125 113.59375 115.9375 123.1999969482421875 129.3000030517578125 137.3249969482421875 146.693756103515625 158.3562469482421875 168.337493896484375 173.350006103515625 182.100006103515625 190.5124969482421875 197.881256103515625 203.28125 204.75 209.1437530517578125 208.837493896484375 210.162506103515625
