data/historical-monthly-weather-data/wc2.1_cruts4.09_10m_tmax_1961-12.asc
ncols        51
nrows        45
xllcorner    -63.500000000000
yllcorner    -7.500000000000
cellsize     0.166666666667
NODATA_value -9999
31.0 31 31 31 31 31 31 31 31 31 31 31 31 31 31 31 31.125 31 31 31 31 30.9375 30.5 31 30.625 30.875 30.8125 30.3125 30 30 30 30.6875 30.75 30.3125 30 30 30.6875 31 30.6875 30.9375 31 30.875 30.0625 30 30 30 30 29.6875 29.4375 29 29 
31 31 31 31 31 31 31 31 31 31 31 31 31 31 31 31 31 31 31 31 31 30.625 30.375 30.3125 30.5 30.9375 31 30.25 30 30.25 30.0625 30.25 30.5 30 30 30 30.3125 31 31 31 30.9375 31 30.8125 30 30 29.8125 30 29.9375 29.4375 29 29 
31 31 31 31 31 31 31 31 31 31 31 31 31 31 31 31 31 31 31 30.875 30.6875 30.25 30 30 30 30.625 30.6875 30 30 30.8125 30 30.4375 30.8125 30.4375 30.125 30.5625 30.6875 30.8125 31 31 30.875 30.875 30.875 30.3125 30 29.8125 30 30 29.6875 29 29 
30.875 30.5625 30.875 31 31 31 31 31 31 31 30.9375 31 31 31 31 31 31 31 31 30.4375 30 30 30 30 30 30.1875 30.25 30.0625 30.625 30.8125 30.625 30.125 30.875 31 31 31 30.75 30.875 30.875 31 31 31 30.8125 30.6875 30 30.0625 30 30 30 29.5 29 
30.9375 30.9375 30.1875 30.3125 30.9375 31 30.875 30.3125 30.0625 30.25 30.125 30.8125 31 31 31 31 31 31 31 30.9375 30.125 30 30 30 30 30.125 30.75 30.125 30 30.875 30.875 30.625 30.625 30.75 31 31 31 30.9375 31 31 30.9375 31 31 30.9375 30.6875 30.25 30 30 30 29.9375 29.0625 
30.25 30.25 30 30 30.0625 30.375 30.5 30.375 30 30 30 30.25 30.5 31 31 31 30.875 31 31 30.4375 30 30 30 30 30 30 30.25 30.4375 30.0625 30.4375 30.9375 31 30.75 30.0625 30.25 30.9375 30.375 31 31 31 30.8125 31 30.9375 30.875 31 30.5 30 30 30 30 30 
30 30.125 30.25 30 30 30 30 30.0625 30.0625 30 30 30.0625 30.125 31 30.5625 30.0625 30 30.375 30.75 30.125 30 30 30 30.1875 30 30 30 30.3125 30.5 30.5625 30.0625 30.375 30.875 30.625 30.125 30.0625 30.6875 31 31 31 31 31 31 31 31 31 30.5625 30.25 30.4375 30.3125 30 
30 30 30 30 30 30 30 30 30 30 30 30 30 30.125 30 30 30 30.25 30.4375 30.5625 30.3125 30.125 30.1875 30 30 30 30.1875 30.6875 30.875 30.9375 30.5 30.0625 30.875 30.625 30.6875 30.6875 30.9375 31 31 31 31.125 31.0625 31 31.1875 31.3125 31.5625 31.3125 31 30.8125 30.8125 30.4375 
30 30 30 30 30 30 30 30 30 30 30 30 30 30 30 30 30 30 30.1875 30.3125 30.3125 30 30.375 30.0625 30 30 30.4375 31 30.375 30.1875 30.1875 30 30.625 31 31 31 31 31 31 31 31 31 31 31 31.375 31.8125 31.75 31.125 31 31 31 
30 30 30 30 30 30 30 30 30 30 30 30 30 30 30 30 30 30 30 30.1875 30.125 30 30.25 30 30 30 30 30.375 30.3125 30.5 30.375 30 30.5 30.875 31 31 31 31 31 31 31 31 31 31 31.3125 31.5 31.4375 31 31 31 31 
30 30 30 30 30 30 30 30 30 30 30 30 30 30 30 30 30 30 30 30 30 30 30 30 30 30 30 30 30 30.625 30.6875 30.75 30.5 30.125 30.8125 31 31 31 31 31 31 31 31 31.375 31.25 31.875 31.5625 31.25 31.1875 31 31 
30 30 30 30 30 30 30 30 30 30 30 30 30 30 30 30 30 30 30 30 30 30 30 30 30 30 30 30 30 30.0625 30.8125 31 31 30.875 30.875 31 30.9375 31 31 31 31.125 31.0625 31.5 32 32 31.8125 31.625 31.75 31.1875 31.0625 31 
30 30 30 30 30 30 30 30 30 30 30 30 30 30 30 30 30 30 30 30 30 30 30 30 30 30 30 30 30.0625 30 30.25 30.8125 31 30.9375 31 31 31 31 31 31 31.0625 31.4375 31.75 31.625 31.3125 31.8125 31.75 31.3125 31 31.0625 31 
30 30 30 30 30 30 30 30 30 30 30 30 30 30 30 30 30 30 30 30 30 30 30 30 30 30 30.1875 30.4375 30.8125 31 31 31 31 31 30.9375 31 31 31 31 31 31.1875 31.125 31 31 31 31.3125 31.75 31.625 31 31 31 
30 30 30 30 30 30 30 30 30 30 30 30 30 30 30 30 30 30 30 30 30 30 30 30 30 30 30 30 30.0625 30.0625 30.9375 31 31 31 31 31 31 31 31 31 31 31 31.0625 31 31 31 31 31 31 31 31 
30 30 30 30 30 30 30 30 30 30 30 30 30 30 30 30 30 30 30 30 30 30 30 30 30 30 30 30 30 30.125 30.1875 31 31 31 31 31 31 31 31 31 31 31 31 31 31 31 31 31 30.9375 30.8125 30.875 
30 30 30 30 30 30 30 30 30 30 30 30 30 30 30 30 30 30 30 30 30 30 30 30 30 30.0625 30 30 30.0625 30.25 30.4375 31 31 31 31 31 31 31 31 31 31 31 31 31 30.9375 30.9375 31 30.75 30.0625 30.4375 30.75 
30 30 30 30 30 30 30 30 30 30 30 30 30 30 30 30 30 30 30 30 30 30 30 30 30 30 30.3125 30.125 30.1875 30.9375 31 31 31 31 31 31 31 31 31 31 31 31 31 31 30.9375 30.9375 31 30.6875 30 30.3125 30.5 
30 30 30 30 30 30 30 30 30 30 30 30 30 30 30 30 30 30 30 30 30.125 30.1875 30 30 30 30.3125 30.625 30.875 30.8125 31 31 31 31 31 31 31 31 31 31 31 31 31 31 31 31 31 30.8125 30.3125 30 30.625 30.1875 
30 30 30 30 30 30 30 30 30.0625 30 30.0625 30 30 30 30 30 30 30 30 30 30 30 30 30 30.5 30.75 30.6875 31 31 31 31 31 31 31 31 31 31 31 31 31 31 31 31 31 31 31 31 30.3125 30.0625 30.8125 30 
30 30.25 30 30.375 30.25 30.0625 30.25 30.0625 30 30.25 30.4375 30 30 30 30 30 30 30 30 30 30 30 30 30 30.3125 31 31 31 31 31 31 31 31 31 31 31 31 31 31 31 31 31 31 31 30.8125 30.75 30.4375 30.0625 30.6875 30.625 30 
30.75 30.5 30.5 31 30.6875 30.875 30.6875 31 30.8125 30.875 30.9375 30.4375 30 30 30 30 30 30 30 30 30 30 30 30 30.1875 31 31 31 31 31 31 31 31 31 31 31 31 31 31 31 31 30.875 31 30.9375 30.125 30.3125 30.125 30 30.75 30.1875 30 
30.9375 31 31 31 30.1875 30.6875 30.375 30.6875 30.8125 31 31 30.625 30.3125 30.125 30 30 30 30 30 30 30 30 30 30.0625 30.0625 30.3125 30.875 31 31 31 31 31 31 31 31 31 31 31 31 31 31 30.6875 31 30.875 30.125 30 30 30.25 30.8125 30.0625 29.9375 
30.9375 31 31 30.875 30.25 30.5 31 31 30.9375 31 31 30.9375 30.5 30 30 30 30 30 30 30 30 30 30 30 30 30.4375 30.8125 31 30.875 30.9375 31 31 31 31 31 31 31 31 31 31 30.875 30.9375 30.4375 30.75 30.375 30.25 30.375 31 30.8125 30.5 30 
31 31 31 30.9375 30.875 31 31 31 31 31 31 30.875 30.0625 30 30 30 30 30 30 30 30 30 30 30 30.0625 30.125 30.1875 30.9375 30.375 30.875 31 31 31 31 31 31 31 31 31 31 30.9375 30.625 30.125 30.4375 31 31 31 31 31 30.75 30.125 
31 31 31 31 31 31 31 31 31 31 31 31 30.75 30.25 30.125 30 30 30 30 30 30.125 30 30 30 30 30.1875 30.625 31 31 30.4375 31 31 31 31 31 31 31 31 31 31 30.75 30.5 31 31 31 31 31 30.75 30.75 30.125 29.9375 
31 31 31 31 31 31 31 31 31 31 31 31 31 31 31 31 30.3125 30.125 30 30 30 30 30 30.25 30 30.0625 30.3125 30.625 30.9375 30.5625 30.9375 31 31 30.9375 31 31 31 31 31 31 30.9375 30.6875 30.875 31 30.9375 31 30.625 30.0625 29.9375 29.9375 29.0625 
31 31 31 31 31 31 31 31 31 31 31 31 31 31 31 31 30.75 30.5625 30.1875 30 30.125 30.0625 30 30.25 30.0625 30.1875 30.0625 30.625 30.25 30.9375 30.625 30.9375 30.8125 31 31 31 31 30.4375 30.4375 30.6875 30.5625 30.5 30.625 30.75 30.4375 30.9375 30.375 30 29.9375 29.9375 29.5 
31 31 31 31 31 31 31 31 31 31 31 31 31 31 31 31 31 31 30.6875 30.0625 30 30.3125 30 30 30.3125 30.4375 30.375 30.5625 30.6875 30.25 30.5 30.8125 30.9375 31 31 30.9375 30.75 30 30 30.3125 30.875 30.9375 30.9375 30.625 30 30.375 30.25 29.625 29.875 30 30 
31 31 31 31 31 31 31 31 31 31 31 31 31 31 31 31 31 31 30.9375 30.375 30.0625 30.0625 30.25 30.375 30.625 30.5 30 30.0625 30 30.0625 30.6875 30.5625 30.8125 30.6875 30.375 30.5 30.75 30 30 30.8125 30.375 30.5625 30.875 30.25 30.625 30.25 29.9375 30 29.875 30 30 
31 31 31 31 31 31 31 31 31 31 31 31 31 31 31 31 31 31 31 30.6875 30.125 30.1875 30.25 30.0625 30.125 30 30 30 30 30.25 30.875 30.125 30.5 30.1875 30 30.6875 30.875 30 30 30.375 30.25 30.25 30.625 30.6875 30.625 30.0625 30 30 30 30 29.8125 
31 31 31 31 31 31 31 31 31 31 31 31 31 31 31 31 31 31 31 31 30.8125 30.5625 30.8125 30.6875 30.5625 30 30 30 30.1875 30.25 30.0625 30 30.25 30.3125 30 30.375 30.8125 30 30.625 30.4375 30.125 30 30.4375 30.25 31 30.375 30 29.9375 30 30 29.75 
31 31 31 31 31 31 31 31 31 31 31 31 31 31 31 31 31 31 31 31 31 30.9375 30.8125 30.625 30.75 30.1875 30 30 30.375 30 30 30 30.125 30.4375 30 30.0625 30 30 30.625 30.1875 30 30 30.125 30.875 30.9375 30.9375 29.875 29.875 29.6875 29.625 29.4375 
31 31 31 31 31 31 31 31 31 31 31 31 31 31 31 31 31 31 31 31 31 30.8125 30.625 30.8125 30.625 30.4375 30 30 30 30 30 30 30 30 30 30 30.0625 30.125 30.25 30 30.125 30.0625 30 30.3125 30.1875 30.125 30 30 29.875 29.1875 29.125 
31 31 31 31 31 31 31 31 31 31 31 31 31 31 31 31 31 31 31 31 31 30.9375 30.5625 30.875 30.75 30.75 30.125 30 30 30 30 30 30 30 30.0625 30.4375 30.25 30.0625 30.0625 30 30 30.125 30 30.0625 30 30 30 30 29.0625 29.0625 29 
31 31 31 31 31 31 31 31 31 31 31 31 31 31 31 31 31 31 31 31 31 30.875 30.875 30.8125 30.625 30.4375 30.1875 30 30 30 30 30 30 30 30 30.3125 30 30.125 30 30 30 30 30 30 30 30 30 29.625 29.0625 29 29 
31 31 31 31 31 31 31 31 31 31 31 31 31 31 31 31 31 31 31 31 31 30.6875 30.125 30.5625 30.6875 30.1875 30.375 30 30 30 30 30 30 30 30.0625 30.125 30.1875 30 30 30 30 30 30 29.9375 29.9375 29.875 29.875 29.0625 29 29 29 
31 31 31 31 31 31 31 31 31 31 31 31 31 31 31 31 31 31 31 30.875 31 30.9375 30.3125 30.0625 30.3125 30.1875 30.375 30 30 30 30.1875 30.75 30.375 30.375 30.4375 30.125 30.125 30 30 29.5625 29.9375 30 30 30 30 30 30 29.5 29 29 29 
31 31 31 31 31 31 31 31 31 31 31 31 31 31 31 31 31 31 31 30.5625 30.9375 30.625 30.3125 30 30.0625 30 30.25 30 30 30 30.1875 30.75 30.8125 30.75 30.4375 30 30.125 30 29.875 29.9375 30 29.6875 29.875 30 29.875 30 30 30 29.9375 29.1875 29 
31 31 31 31 31 31 31 31 31 31 31 31 31 31 31 31 31 31 31 30.375 30.5 30 30.0625 30 30 30 30.5625 30 30 30.125 30.375 30.0625 30 30.375 30.1875 30.0625 30.125 30 29.6875 29.9375 30 29.5 29.5 30 30 29.9375 29.375 29.9375 30 29.5625 29.0625 
30.875 30.875 31 31 31 31 31 31 31 31 31 31 31 31 31 31 31 31 31 30.4375 30.6875 30 30 30 30 30 30.5625 30.3125 30 30.0625 30.125 30 30 30.125 30 30.1875 30 30 29.8125 30 30 29.625 29.875 30 29.875 29.4375 29 29.625 30 29 29 
30.375 30.75 31 31 31 31 31 31 31 31 31 31 31 31 31 31 31 31 30.8125 30.0625 30.125 30 30 30 30 30 30.4375 30.6875 30.3125 30 30 30 30 30 30 30 30 30 30 30 30 29.6875 29.875 30 29.625 29.0625 29 29.625 29.9375 29.75 29.5625 
30 30.9375 31 31 31 31 31 31 31 31 31 31 30.9375 31 31 31 30.9375 30.75 30.375 30.5 30.0625 30 30 30 30 30 30.125 31 30.5625 30 30 30 30 30 30 30 30 30 30 30 29.9375 29.1875 29.5 29.9375 29.1875 29 29.5 29.875 29.875 29.3125 30 
30 30.75 31 31 31 31 30.8125 30.875 30.8125 31 31 31 30.25 30.8125 31 30.8125 30.875 30.8125 30.3125 30 30 30.0625 30 30 30 30 30.4375 30.875 30.75 30 30 30 30 30.125 30 30 30 30 30 29.8125 29.8125 29.1875 29.4375 29.6875 29.125 29.0625 29.125 29.25 30 29.375 29.25 
30 30 30.375 30.25 30.375 30.9375 30 30 30.25 30.8125 30.5625 30.9375 30.25 30.875 30.8125 30.8125 31 31 30.25 30 30 30 30 30 30 30 30 30.3125 30.25 30 30 30.125 30 30.25 30.125 30.0625 29.875 29.8125 30 29.1875 29.375 29.25 29 29.5 29 29 29.1875 29.125 29.8125 29.3125 29 
