data/historical-monthly-weather-data/wc2.1_cruts4.09_10m_prec_1953-06.asc
ncols        51
nrows        45
xllcorner    -63.500000000000
yllcorner    -7.500000000000
cellsize     0.166666666667
NODATA_value -9999
[rows 19 to 37 of 45, columns 0 to 42 of 51]
118.78125 113.2624969482421875 106.18125152587890625 97.9812469482421875 91.93125152587890625 89.5437469482421875 84.93125152587890625 79.68125152587890625 79.63124847412109375 78.7312469482421875 76.40625 70.5187530517578125 63.41249847412109375 56.47499847412109375 50.518749237060546875 42.8125 37.450000762939453125 36.143749237060546875 32.6875 31.850000381469726562 31.087499618530273438 33.80625152587890625 38.90000152587890625 42.75 44.637500762939453125 46.793750762939453125 49.88124847412109375 56.31874847412109375 58.5625 60.106250762939453125 63.50624847412109375 73.61875152587890625 76.24375152587890625 76.56874847412109375 78.28749847412109375 85.6687469482421875 91.30625152587890625 91.61875152587890625 91.11875152587890625 88.9375 82.40625 73.875 74.6750030517578125
104.6999969482421875 104.7937469482421875 100.4499969482421875 92.80625152587890625 83.80625152587890625 79.8625030517578125 77.36875152587890625 73.77500152587890625 73.08750152587890625 71.7312469482421875 70.58750152587890625 65.44374847412109375 59.299999237060546875 52.387500762939453125 45.93125152587890625 40.90000152587890625 35.5 32.9375 32.24375152587890625 30.668750762939453125 33.793750762939453125 37.03125 41.21875 46.49375152587890625 49.543750762939453125 50.50624847412109375 49.84375 53.174999237060546875 56.887500762939453125 61.731250762939453125 66.75624847412109375 74.36875152587890625 72.0437469482421875 71.5812530517578125 72.27500152587890625 78.90000152587890625 85.0500030517578125 87.31874847412109375 84.8562469482421875 82.0625 78.3312530517578125 72.11875152587890625 71.59999847412109375
98.0500030517578125 92.9499969482421875 90.5187530517578125 85.6687469482421875 78.0500030517578125 73.16249847412109375 70.15625 66.72499847412109375 65.8562469482421875 66.125 65.0437469482421875 59.918750762939453125 54.706249237060546875 50.487499237060546875 45.768749237060546875 39.49375152587890625 37.46250152587890625 34.19374847412109375 33.487499237060546875 32.231250762939453125 33.543750762939453125 38.168750762939453125 42.481250762939453125 45.450000762939453125 47.518749237060546875 49.15000152587890625 52.581249237060546875 53.99375152587890625 59.53749847412109375 64.83750152587890625 67.8625030517578125 69.74375152587890625 69.03125 70.5625 69.9562530517578125 73.3249969482421875 78.05625152587890625 82.00624847412109375 81.6750030517578125 79.8874969482421875 76.24375152587890625 72.2937469482421875 71.5625
92.0124969482421875 92.15000152587890625 88.5749969482421875 82.4499969482421875 74.55625152587890625 68.90625 62.55625152587890625 58.825000762939453125 60.21250152587890625 60.231250762939453125 59.18125152587890625 56.84375 54.96875 52.206249237060546875 47.200000762939453125 41.831249237060546875 36.924999237060546875 34.168750762939453125 33.06874847412109375 32.75 35.90000152587890625 38.53125 41.043750762939453125 44.49375152587890625 48.90000152587890625 50.84375 52.362499237060546875 55.112499237060546875 59.450000762939453125 61.706249237060546875 64.4875030517578125 67.9875030517578125 66.36875152587890625 65.2312469482421875 67.3125 68.25624847412109375 70.52500152587890625 74.5625 77.24375152587890625 77.53125 74.65000152587890625 72.0812530517578125 70.875
84.2312469482421875 85.71875 84.5812530517578125 76.1750030517578125 67.34999847412109375 62.40000152587890625 59.825000762939453125 56.41249847412109375 55.31874847412109375 54.299999237060546875 55.84999847412109375 56.799999237060546875 54.918750762939453125 53.887500762939453125 47.725002288818359375 42.56874847412109375 38.15625 36.65000152587890625 35.168750762939453125 34.25 36.8125 40.27500152587890625 42.21875 47.481250762939453125 50.19374847412109375 51.4375 55.331249237060546875 55.143749237060546875 57.15000152587890625 60.27500152587890625 62.762500762939453125 65.65000152587890625 65.00624847412109375 62.63124847412109375 63.637500762939453125 63.55625152587890625 66.4812469482421875 70.02500152587890625 71.6125030517578125 71.8125 70.72499847412109375 69.7312469482421875 69.3125
76.03125 79.0749969482421875 76.59375 70.9499969482421875 63.02500152587890625 58.65625 55.78749847412109375 53.90625 52.731250762939453125 53.59999847412109375 53.706249237060546875 53.987499237060546875 54.88124847412109375 52.737499237060546875 47.112499237060546875 42.362499237060546875 38.84375 36.65625 35.71250152587890625 35.65625 37.96250152587890625 40.262500762939453125 44.09375 48.756252288818359375 50.08750152587890625 51.549999237060546875 53.61875152587890625 54.987499237060546875 56.362499237060546875 59.456249237060546875 59.9375 60.83750152587890625 60.043750762939453125 59.862499237060546875 59.862499237060546875 60.862499237060546875 62.706249237060546875 64.15000152587890625 67.0187530517578125 67.9375 67.59999847412109375 67.8874969482421875 68.7624969482421875
70.9499969482421875 75.49375152587890625 69.1875 63.61875152587890625 55.793750762939453125 52.918750762939453125 50.456249237060546875 49.41249847412109375 47.55625152587890625 47.200000762939453125 49.41249847412109375 50.66249847412109375 52.25624847412109375 51.8125 47.700000762939453125 42.25 38.950000762939453125 37.88124847412109375 37.106250762939453125 35.93125152587890625 38.22499847412109375 40.77500152587890625 43.887500762939453125 47.83750152587890625 50.68125152587890625 51.4375 53.40625 54.91249847412109375 54.96250152587890625 56.96875 57.25 57.731250762939453125 56.825000762939453125 56.03125 55.71250152587890625 57.981250762939453125 59.69374847412109375 59.86875152587890625 61.25 63.90625 63.96875 61.09999847412109375 61.75624847412109375
62.518749237060546875 62.25 59.91249847412109375 55.43125152587890625 49.72499847412109375 48 46.456249237060546875 43.83750152587890625 43.41249847412109375 45.731250762939453125 48.387500762939453125 50.3125 51.78125 52.862499237060546875 49.71250152587890625 45.83750152587890625 41.81874847412109375 39.3125 38.8125 37.643749237060546875 38.806247711181640625 41.09999847412109375 44.31874847412109375 49.924999237060546875 50.856250762939453125 51.80625152587890625 53.91249847412109375 54.56874847412109375 54.700000762939453125 55.625 56.6875 55.25 53.56874847412109375 52.737499237060546875 52.456249237060546875 53.75 56.262500762939453125 56.53749847412109375 56.981250762939453125 60.11875152587890625 61.61875152587890625 60.09999847412109375 58.59999847412109375
54.793750762939453125 51.9375 50.27500152587890625 46.543750762939453125 43.012500762939453125 42.77500152587890625 42.262500762939453125 40.768749237060546875 41.40000152587890625 43.94374847412109375 45.950000762939453125 49.00624847412109375 51.168750762939453125 52.575000762939453125 49.762500762939453125 46.34999847412109375 42.86875152587890625 41.40000152587890625 39.393749237060546875 38.90000152587890625 40.21250152587890625 41.15625 44.512500762939453125 48.31874847412109375 50.25624847412109375 50.924999237060546875 52.950000762939453125 53.606250762939453125 55.331249237060546875 56.78749847412109375 56.731250762939453125 56.03125 53.09375 49.83750152587890625 50.38124847412109375 51.331249237060546875 53.63124847412109375 53.63124847412109375 55.11875152587890625 57.46875 59.13124847412109375 59.5 55.43125152587890625
46.61875152587890625 44.93125152587890625 41.950000762939453125 39.25624847412109375 37.86875152587890625 36.80625152587890625 37.19374847412109375 37.84375 39.74375152587890625 41.49375152587890625 43.94374847412109375 47.299999237060546875 50.9375 53.34999847412109375 50.950000762939453125 47.987499237060546875 45.43125152587890625 43.081249237060546875 41.90000152587890625 41.231250762939453125 41.16249847412109375 41.44374847412109375 42.93125152587890625 46.09999847412109375 48.356250762939453125 49.03125 52.299999237060546875 54.668750762939453125 55.81874847412109375 55.518749237060546875 54.700000762939453125 54.543750762939453125 51.15625 49.293750762939453125 47.90625 48.487499237060546875 51.3125 50.356250762939453125 51.99375152587890625 53.46250152587890625 54.112499237060546875 53.4375 52.450000762939453125
41.41249847412109375 39.25 37.4375 35.40625 34.331249237060546875 34.762500762939453125 35.19374847412109375 37.06874847412109375 38.77500152587890625 41.13124847412109375 43.71250152587890625 47.68125152587890625 51.78125 54.762500762939453125 52.53125 49.72499847412109375 47.46250152587890625 46.36875152587890625 43.59375 41.43125152587890625 42.375 42.668750762939453125 43.72499847412109375 46.549999237060546875 47.8125 50.206249237060546875 52.668750762939453125 54.375 55.65625 54.44374847412109375 53.412502288818359375 52.450000762939453125 50.237499237060546875 48.575000762939453125 47.86875152587890625 47.28125 50.450000762939453125 49.46875 48.375 51.59999847412109375 51.68125152587890625 50.625 50.987499237060546875
37.537502288818359375 35.40000152587890625 33.88124847412109375 32.93125152587890625 32.487499237060546875 33.03749847412109375 34.325000762939453125 35.875 37.768749237060546875 40.69374847412109375 43.768749237060546875 47.1875 52.11875152587890625 53.049999237060546875 52.375 52.299999237060546875 51.21250152587890625 48.612499237060546875 46.049999237060546875 44.34375 44.05625152587890625 43.28749847412109375 44.037502288818359375 46.762500762939453125 48.299999237060546875 50.637500762939453125 52.53125 54.46250152587890625 55.1875 53.887500762939453125 54.06874847412109375 52.83750152587890625 49.88124847412109375 47.112499237060546875 46.09999847412109375 45.668750762939453125 47.75624847412109375 47.83750152587890625 46.825000762939453125 45.99375152587890625 47.143749237060546875 46.231250762939453125 46.143749237060546875
33.97499847412109375 32.36875152587890625 31.049999237060546875 31.056249618530273438 31.881250381469726562 32.59375 33.66249847412109375 35.018749237060546875 37.4375 39.75624847412109375 41.987499237060546875 45.831249237060546875 49.13124847412109375 52.59999847412109375 53.637500762939453125 53.625 51.700000762939453125 49.25624847412109375 47.174999237060546875 45.69374847412109375 45.03749847412109375 44.581249237060546875 43.90000152587890625 45.924999237060546875 48.40625 50 52.38124847412109375 54.28749847412109375 54.81874847412109375 55.5625 54.174999237060546875 52.22499847412109375 49.71875 46.668750762939453125 45.05625152587890625 43.93125152587890625 44.58750152587890625 43.456249237060546875 43.65625 43.44374847412109375 44.52500152587890625 43.83750152587890625 42.981250762939453125
32.49375152587890625 31.28125 30.912500381469726562 31.174999237060546875 31.193750381469726562 32.21875 33.50624847412109375 35.262500762939453125 37.18125152587890625 39.625 43.41249847412109375 46.78125 50.49375152587890625 55.1875 56.950000762939453125 55.84999847412109375 54.18125152587890625 52.99375152587890625 50.825000762939453125 48.987499237060546875 47.137500762939453125 45.987499237060546875 45.94374847412109375 47.71875 49.237499237060546875 50.825000762939453125 52.643749237060546875 54.043750762939453125 55.331249237060546875 55.612499237060546875 54.450000762939453125 51.31874847412109375 49.081249237060546875 47.33750152587890625 44.956249237060546875 43.53125 42.47499847412109375 41.174999237060546875 41.043750762939453125 42.24375152587890625 42.84375 41.799999237060546875 40.09375
31.193750381469726562 30.75 31.337499618530273438 31.412500381469726562 31.337499618530273438 32.231250762939453125 33.97499847412109375 35.06874847412109375 36.88124847412109375 39.08750152587890625 43.03125 47.88124847412109375 52.02500152587890625 55.40625 56.825000762939453125 58.125 58.50624847412109375 55.981250762939453125 52.53749847412109375 50.69374847412109375 49.46875 47.950000762939453125 48.34999847412109375 48.75624847412109375 50.375 50.77500152587890625 53.25624847412109375 54.706249237060546875 56.77500152587890625 56.09375 55.143749237060546875 53.0625 48.706249237060546875 46.0625 44.512500762939453125 43.018749237060546875 41.40000152587890625 39.737499237060546875 39.50624847412109375 39.65625 38.924999237060546875 38.793750762939453125 37.80625152587890625
30.825000762939453125 29.975000381469726562 31.075000762939453125 32.018749237060546875 32.05625152587890625 32.137500762939453125 33.012500762939453125 34.66249847412109375 36.68125152587890625 38.9375 44.143749237060546875 49.59999847412109375 54.30625152587890625 60.02500152587890625 62 62.231250762939453125 61.38124847412109375 57.27500152587890625 53.75 50 50.4375 48.31874847412109375 47.731250762939453125 48.143749237060546875 50.918750762939453125 51.90000152587890625 53.606250762939453125 54.262500762939453125 55.61875152587890625 54.512500762939453125 53.80625152587890625 52.38124847412109375 47.72499847412109375 44.94374847412109375 42.4375 41.418750762939453125 38.99375152587890625 39.05625152587890625 37.49375152587890625 37.25624847412109375 36.34375 35.106250762939453125 34.49375152587890625
31.924999237060546875 30.975000381469726562 31.65625 32.58750152587890625 33.049999237060546875 33.5 34.36875152587890625 35.293750762939453125 36.80625152587890625 38.90000152587890625 42.80625152587890625 50.674999237060546875 57.25 62.237499237060546875 64.74375152587890625 65.4875030517578125 64.19374847412109375 58.65625 54.450000762939453125 50.15625 49.174999237060546875 49.34999847412109375 48.21875 48.487499237060546875 50.78749847412109375 51.53749847412109375 52.81874847412109375 53.40625 55.331249237060546875 53.700000762939453125 51.768749237060546875 50.387500762939453125 47.03125 43.674999237060546875 40.41249847412109375 39.40625 38.893749237060546875 37.075000762939453125 36.08750152587890625 35.96250152587890625 34.987499237060546875 33.30625152587890625 32.393749237060546875
32.11875152587890625 32.362499237060546875 32.206249237060546875 33.231250762939453125 34.21875 34.77500152587890625 35.487499237060546875 36.950000762939453125 38.22499847412109375 38.331249237060546875 43.90000152587890625 53.706249237060546875 61.012500762939453125 64.55625152587890625 67.1374969482421875 67.78749847412109375 67 62.056247711181640625 57.200000762939453125 51.168750762939453125 49.16249847412109375 49.856250762939453125 48.59999847412109375 49.15000152587890625 49.743747711181640625 50.512500762939453125 52.90000152587890625 53.25624847412109375 53.43125152587890625 50.91249847412109375 50.387500762939453125 47.887500762939453125 45.393749237060546875 42.84999847412109375 39.637500762939453125 38.393749237060546875 37.768749237060546875 36.96250152587890625 35.106250762939453125 33.77500152587890625 32.625 32.018749237060546875 30.25
31.818750381469726562 32.24375152587890625 32.887500762939453125 34.325000762939453125 35.018749237060546875 36.02500152587890625 37.40000152587890625 38.856250762939453125 40.84375 40.77500152587890625 49.75 59.40000152587890625 64.36875152587890625 68.27500152587890625 68.875 69.2312469482421875 68.0500030517578125 63.887500762939453125 59.681247711181640625 54.518749237060546875 51.31874847412109375 50.325000762939453125 48.28749847412109375 48.856250762939453125 48.875 50.52500152587890625 52.46250152587890625 52.456249237060546875 52.200000762939453125 49.043750762939453125 47.137500762939453125 46.52500152587890625 44.55625152587890625 41.325000762939453125 38.49375152587890625 37.456249237060546875 36.424999237060546875 34.99375152587890625 35.174999237060546875 33.11875152587890625 31.443750381469726562 31.143749237060546875 29.081249237060546875
