data/historical-monthly-weather-data/wc2.1_cruts4.09_10m_prec_1991-11.asc
ncols        51
nrows        45
xllcorner    -63.500000000000
yllcorner    -7.500000000000
cellsize     0.166666666667
NODATA_value -9999
[rows 0 to 19 of 45, columns 0 to 43 of 51]
39.106250762939453125 37.00624847412109375 35.41249847412109375 34.762500762939453125 34.21250152587890625 34.737499237060546875 35.137500762939453125 35.8125 38.137500762939453125 40.5 43.19374847412109375 47.418750762939453125 51.950000762939453125 55.83750152587890625 61.543750762939453125 67.1125030517578125 72.6999969482421875 78.0812530517578125 83.375 88.28749847412109375 89.68125152587890625 90.34999847412109375 91.19374847412109375 89.9187469482421875 88.88124847412109375 88.3249969482421875 88.83750152587890625 89.4812469482421875 89.4187469482421875 87 84.5625 82.8625030517578125 81.6062469482421875 80.9875030517578125 80.25 80.59375 81.2687530517578125 81.66249847412109375 81.96250152587890625 82.375 82.15625 82.77500152587890625 82.50624847412109375 82.09999847412109375
39.30625152587890625 37.03125 35.862499237060546875 35.34375 35.19374847412109375 35.450000762939453125 35.543750762939453125 36.293750762939453125 38.4375 40.518749237060546875 42.9375 46.90625 50.94374847412109375 54.950000762939453125 60.33750152587890625 66.2375030517578125 71.47499847412109375 77.1437530517578125 82.44374847412109375 87.21250152587890625 87.30625152587890625 86.6750030517578125 86.55625152587890625 86.2687530517578125 85.03749847412109375 84.5500030517578125 85.5500030517578125 86.24375152587890625 86.52500152587890625 84.0500030517578125 81.56874847412109375 79.7687530517578125 77.9812469482421875 77.9499969482421875 77.66249847412109375 78.3125 79.3625030517578125 80.16249847412109375 80.4375 80.91249847412109375 81.25624847412109375 81.63124847412109375 81.77500152587890625 80.71250152587890625
43.043750762939453125 41.206249237060546875 40.125 39.46875 39.40000152587890625 39.206249237060546875 39.331249237060546875 39.662502288818359375 41.600002288818359375 43.30625152587890625 44.950000762939453125 48.31874847412109375 51.90000152587890625 55.356250762939453125 60.581249237060546875 66.02500152587890625 71.2624969482421875 76.125 80.1875 83.9187469482421875 83.5187530517578125 82.40625 81.8249969482421875 81.8312530517578125 81.1999969482421875 80.71250152587890625 81.7375030517578125 82.8312530517578125 82.91249847412109375 80.15625 78.0812530517578125 76.0124969482421875 75.55625152587890625 75.25624847412109375 75.40000152587890625 76.09999847412109375 77.3125 79.2062530517578125 80.03125 81.06874847412109375 81.6374969482421875 81.65000152587890625 81.69374847412109375 81.0124969482421875
46.549999237060546875 45.00624847412109375 44.58750152587890625 43.987499237060546875 44 43.49375152587890625 43.09999847412109375 43.356250762939453125 45.22499847412109375 46.65000152587890625 47.47499847412109375 49.99375152587890625 52.793750762939453125 55.612499237060546875 60.75624847412109375 66.15625 71.30625152587890625 74.65625 77.68125152587890625 80.6875 79.92499542236328125 78.2937469482421875 76.8125 76.6374969482421875 76.3874969482421875 76.3312530517578125 77.54999542236328125 78.05625152587890625 78.6062469482421875 76.43125152587890625 74.1750030517578125 72.4812469482421875 71.5749969482421875 71.49375152587890625 71.71250152587890625 73.6875 75.8125 77.90000152587890625 79.40000152587890625 80.75624847412109375 81.0749969482421875 81.68125152587890625 81.11875152587890625 80.25
51.50624847412109375 49.606250762939453125 47.78749847412109375 47.71250152587890625 48.40625 47.74375152587890625 46.99375152587890625 47.06874847412109375 49.024997711181640625 50.450000762939453125 49.893749237060546875 51.137500762939453125 53.1875 55.762500762939453125 60.78125 66.2375030517578125 70.9250030517578125 73.28749847412109375 74.8874969482421875 76.03125 75.40000152587890625 73.4875030517578125 71.8249969482421875 72.16249847412109375 71.5187530517578125 71.47499847412109375 71.8874969482421875 73.2687530517578125 74.375 71.7375030517578125 69.4812469482421875 67.8874969482421875 67.40625 67.6875 68.34999847412109375 70.6999969482421875 73.4250030517578125 76.25 78.625 79.59375 80.5437469482421875 80.4812469482421875 80.16249847412109375 79.375
56.71875 55.262500762939453125 53.3125 51.53749847412109375 52.63124847412109375 52.700000762939453125 52.049999237060546875 51.549999237060546875 52.987499237060546875 54.237499237060546875 52.83750152587890625 53.61875152587890625 55.481250762939453125 57.68125152587890625 61.69374847412109375 65.97499847412109375 69.85625457763671875 70.6750030517578125 71.1125030517578125 70.7624969482421875 69.84375 68.5625 67.2375030517578125 67.15625 67.24375152587890625 67.0500030517578125 67.66249847412109375 68.72499847412109375 69.59999847412109375 67.16249847412109375 64.6750030517578125 63.96250152587890625 63.55625152587890625 64.1687469482421875 64.8937530517578125 67.8562469482421875 71.0500030517578125 74.46875 77.68125152587890625 79.4250030517578125 79.2624969482421875 79.375 79 78.5500030517578125
62.71875 62.200000762939453125 60.13124847412109375 58.149997711181640625 57.94374847412109375 56.93125152587890625 55.86875152587890625 54.81874847412109375 54.71250152587890625 54.012500762939453125 53.637500762939453125 55.11875152587890625 57.299999237060546875 59.424999237060546875 62.731250762939453125 66.21875 68.9187469482421875 67.99375152587890625 66.2375030517578125 65.2937469482421875 64.46250152587890625 63.456249237060546875 62.524997711181640625 62.512500762939453125 62.668750762939453125 62.96875 63.424999237060546875 64.09999847412109375 64.0812530517578125 62.03125 60.212497711181640625 59.3125 59.41249847412109375 60.262500762939453125 61.518749237060546875 64.3562469482421875 67.5625 71.4812469482421875 76.2375030517578125 78.05625152587890625 77.6875 77.5500030517578125 77.30625152587890625 76.7624969482421875
69.4875030517578125 69.1125030517578125 67.375 66.25624847412109375 65.74375152587890625 63.36875152587890625 60.06874847412109375 56.44374847412109375 54.15625 53.11875152587890625 53.86875152587890625 56.387500762939453125 58.943752288818359375 61.11875152587890625 63.53749847412109375 66.09375 67.52500152587890625 64.9375 61.887500762939453125 59.393749237060546875 59.27500152587890625 58.862499237060546875 57.94374847412109375 58.143749237060546875 58.78125 58.40625 58.65000152587890625 58.856250762939453125 59.02500152587890625 56.862499237060546875 55.206249237060546875 54.918750762939453125 55.268749237060546875 56.09375 57.481250762939453125 60.143749237060546875 63.668750762939453125 67.1875 70.78125 72.94374847412109375 73.56874847412109375 73.72499847412109375 73.59375 73.0124969482421875
75.66249847412109375 75.7312469482421875 74.53125 73.4250030517578125 72.46875 69.5 65.59999847412109375 61.168750762939453125 56.799999237060546875 54.443752288818359375 55.83750152587890625 58.91249847412109375 61.94374847412109375 64.0437469482421875 64.6999969482421875 64.9250030517578125 64.5187530517578125 61.956249237060546875 59.643749237060546875 57.03125 56.28749847412109375 56.03749847412109375 55.02500152587890625 55.825000762939453125 56 55.387500762939453125 55.11875152587890625 55.31874847412109375 55.27500152587890625 52.762500762939453125 51.5625 51.799999237060546875 51.83750152587890625 52.33750152587890625 53.34999847412109375 56.200000762939453125 59.44374847412109375 62.612499237060546875 65.7624969482421875 68.46875 69.7062530517578125 69.84375 70.2312469482421875 69.99375152587890625
82.19374847412109375 82.0124969482421875 80.9562530517578125 80.0437469482421875 79.2375030517578125 76.4562530517578125 72.09375 67.1374969482421875 63.331249237060546875 61.15625 60.96250152587890625 62.80625152587890625 65.75624847412109375 67.4499969482421875 65.8000030517578125 63.606250762939453125 61.24375152587890625 59.03125 56.90625 55.03749847412109375 54.450000762939453125 53.893749237060546875 52.700000762939453125 53.174999237060546875 52.875 52.38124847412109375 52.36875152587890625 52.09999847412109375 51.65625 49.05625152587890625 48.043750762939453125 48.34375 48.44374847412109375 48.96250152587890625 49.93125152587890625 52.674999237060546875 55.856250762939453125 58.55625152587890625 61.637500762939453125 64.44374847412109375 66.36249542236328125 66.9187469482421875 67.02500152587890625 66.46250152587890625
89.1687469482421875 88.98749542236328125 87.71875 86.75 85.90625 83.96250152587890625 79.88124847412109375 74.3937530517578125 70.5124969482421875 67.9499969482421875 67.1374969482421875 68.1437530517578125 69.8125 70.59999847412109375 66.6062469482421875 62.00624847412109375 57.94374847412109375 55.956249237060546875 54.31874847412109375 53.106250762939453125 53.69374847412109375 52.83750152587890625 51.018749237060546875 50.106250762939453125 50.106250762939453125 50.18125152587890625 50.231250762939453125 50.02500152587890625 49.125 46.706249237060546875 45.84375 45.987499237060546875 46.174999237060546875 46.47499847412109375 47 49.25624847412109375 51.93125152587890625 54.606250762939453125 58.237499237060546875 61.262500762939453125 63.33750152587890625 64.1687469482421875 64.53749847412109375 64.25
95.7687530517578125 95.23749542236328125 93.8312530517578125 93.2687530517578125 92.47499847412109375 90.84999847412109375 87.6062469482421875 82.1125030517578125 78.18125152587890625 75.44374847412109375 73.7312469482421875 72.8937530517578125 71.61875152587890625 70.36875152587890625 66.03125 61.299999237060546875 57.27500152587890625 55.393749237060546875 54.262500762939453125 53.84999847412109375 54.987499237060546875 54.02500152587890625 51.50624847412109375 49.8125 49.03125 48.700000762939453125 48.581249237060546875 48.518749237060546875 48.30625152587890625 46.28125 45.043750762939453125 44.65000152587890625 44.356250762939453125 44.28125 44.762500762939453125 46.862499237060546875 49.21250152587890625 51.9375 55.40625 58.768749237060546875 61.5 62.34999847412109375 62.80625152587890625 62.6875
102.33750152587890625 101.71875 100.24375152587890625 99.0187530517578125 97.72499847412109375 96.09999847412109375 92.8312530517578125 88.4250030517578125 84.94374847412109375 82.53125 80.2624969482421875 77.3312530517578125 73.71250152587890625 69.1374969482421875 64.3312530517578125 59.981250762939453125 56.3125 55.13124847412109375 54.28749847412109375 53.90000152587890625 55.356250762939453125 54.30625152587890625 51.362499237060546875 49.78749847412109375 48.16249847412109375 47.15000152587890625 47.52500152587890625 47.518749237060546875 47.450000762939453125 45.825000762939453125 44.53749847412109375 43.78749847412109375 42.80625152587890625 42.27500152587890625 42.512500762939453125 44.40625 46.668750762939453125 49.206249237060546875 53.08750152587890625 56.293750762939453125 59.625 60.93125152587890625 60.71875 58.143749237060546875
108.5 106.9499969482421875 105.27500152587890625 103.6875 102.25624847412109375 100.0749969482421875 97.22499847412109375 93.8937530517578125 91.375 88.86875152587890625 86.16249847412109375 80.2624969482421875 74.3937530517578125 68.25 62.231250762939453125 58.137500762939453125 55 53.893749237060546875 53.075000762939453125 52.393749237060546875 53.06874847412109375 52.143749237060546875 49.96250152587890625 48.65625 47.46250152587890625 46.59375 47.13124847412109375 47.21250152587890625 46.918750762939453125 45.293750762939453125 44.106250762939453125 43.09999847412109375 41.59999847412109375 40.52500152587890625 40.65000152587890625 42.5625 44.71250152587890625 47.643749237060546875 51.1875 55.03749847412109375 57.86875152587890625 57.493747711181640625 56.55625152587890625 56.24375152587890625
111.7062530517578125 109.9812469482421875 108.40625 106.8937530517578125 105.3874969482421875 103.25624847412109375 101.0500030517578125 98.24375152587890625 95.50624847412109375 92.7375030517578125 89.4562530517578125 82.6125030517578125 75.44374847412109375 68.44374847412109375 61.674999237060546875 57.581249237060546875 55.049999237060546875 54.24375152587890625 53.58750152587890625 52.80625152587890625 52.737499237060546875 51.66249847412109375 49.84999847412109375 49.049999237060546875 48.5 47.918750762939453125 48.16249847412109375 48.03125 47.52500152587890625 45.6875 44.206249237060546875 42.86875152587890625 41.21250152587890625 39.893749237060546875 39.5 41.174999237060546875 43.69374847412109375 47.049999237060546875 50.731250762939453125 53.387500762939453125 54.55625152587890625 55.15000152587890625 56.03749847412109375 56.799999237060546875
113.875 112.03125 110.96875 109.5437469482421875 108.2312469482421875 106.65000152587890625 104.375 101.86875152587890625 99.5625 97.1374969482421875 93.19374847412109375 85.4562530517578125 77.4250030517578125 69.30625152587890625 62.1875 56.893749237060546875 55.46250152587890625 55.424999237060546875 54.8125 53.893749237060546875 53.5 52.28749847412109375 50.38124847412109375 49.799999237060546875 49.481250762939453125 49.456249237060546875 49.893749237060546875 49.55625152587890625 48.33750152587890625 46.075000762939453125 44.375 42.950000762939453125 40.950000762939453125 39.59999847412109375 38.581249237060546875 40.65000152587890625 43.56874847412109375 45.71250152587890625 48.643749237060546875 50.768749237060546875 52.75 54.33750152587890625 55.61875152587890625 55.40000152587890625
115.66249847412109375 114.3249969482421875 113.0749969482421875 111.84999847412109375 110.97499847412109375 109.59999847412109375 108.1062469482421875 105.8000030517578125 103.63124847412109375 100.93125152587890625 97.1437530517578125 88.9562530517578125 80.1437530517578125 71.6374969482421875 64.8125 59.793750762939453125 56.99375152587890625 56.59375 56.393749237060546875 55.706249237060546875 54.88124847412109375 53.25624847412109375 51.13124847412109375 50.28125 50.1875 50.862499237060546875 52.00624847412109375 50.950000762939453125 48.65625 46.299999237060546875 44.731250762939453125 43.862499237060546875 41.456249237060546875 39.68125152587890625 39.83750152587890625 42.575000762939453125 44.43125152587890625 46.78125 49.637500762939453125 50.94374847412109375 52.862499237060546875 54.65625 54.924999237060546875 55.581249237060546875
116.03749847412109375 114.78749847412109375 113.9812469482421875 113.1062469482421875 112.03749847412109375 111.4250030517578125 110.27500152587890625 108.15625 106.28125 103.78749847412109375 100.1999969482421875 92.40625 83.4499969482421875 75.625 69.6437530517578125 64.7062530517578125 61.16249847412109375 58.97499847412109375 59.325000762939453125 58.84375 57.75624847412109375 54.96250152587890625 52.03125 51.33750152587890625 51.47499847412109375 52.15625 54.40000152587890625 52.5625 49.200000762939453125 46.137500762939453125 44.387500762939453125 43.637500762939453125 42.625 42.581249237060546875 42.99375152587890625 43.799999237060546875 45.950000762939453125 48.237499237060546875 49.81874847412109375 52.375 53.924999237060546875 55.08750152587890625 55.65000152587890625 56.18125152587890625
115.8625030517578125 115.2624969482421875 114.5500030517578125 113.9250030517578125 113.2937469482421875 112.78125 111.6374969482421875 110.22499847412109375 109.03749847412109375 107.42499542236328125 103.94374847412109375 96.375 87.9187469482421875 80.61875152587890625 74.5 69.7375030517578125 66.0124969482421875 63.0625 62.206249237060546875 61.856250762939453125 60.81874847412109375 58.15000152587890625 52.94374847412109375 52.143749237060546875 52.262500762939453125 52.581249237060546875 53.80625152587890625 52.46250152587890625 49.59375 46.299999237060546875 44.05625152587890625 44.65625 45.637500762939453125 45.33750152587890625 44.78749847412109375 46.34999847412109375 47.950000762939453125 49.606250762939453125 51.762500762939453125 53.856250762939453125 55.34375 57.03749847412109375 56.987499237060546875 57.03125
115.5812530517578125 115.4562530517578125 114.81874847412109375 114.5124969482421875 114.1750030517578125 114.15000152587890625 113.5625 112.4875030517578125 112.1750030517578125 111.43125152587890625 109.05625152587890625 102.22499847412109375 94.3000030517578125 86.58750152587890625 80.40000152587890625 74.90625 69.84999847412109375 67.6750030517578125 66.21875 65.28125 62.55625152587890625 58.143749237060546875 53.97499847412109375 52.875 52.299999237060546875 51.481250762939453125 51.84999847412109375 51.75 49.575000762939453125 46.94374847412109375 45.86875152587890625 48.075000762939453125 48.31874847412109375 48.262500762939453125 48 49.05625152587890625 50.58750152587890625 52.28125 53.987499237060546875 55.549999237060546875 56.893749237060546875 58.08750152587890625 58.06874847412109375 58.231250762939453125
