data/historical-monthly-weather-data/wc2.1_cruts4.09_10m_prec_1981-08.asc
ncols        51
nrows        45
xllcorner    -63.500000000000
yllcorner    -7.500000000000
cellsize     0.166666666667
NODATA_value -9999
[rows 19 to 37 of 45, columns 0 to 42 of 51]
119.99375152587890625 122.7312469482421875 125.4562530517578125 129.375 131.774993896484375 133.8625030517578125 134.3874969482421875 133.71875 134.256256103515625 132.087493896484375 128.618743896484375 123.06874847412109375 112.9875030517578125 102.5625 94.69374847412109375 86.4250030517578125 75.8125 74 75.6062469482421875 81.6125030517578125 84.65625 92.1999969482421875 106.99375152587890625 118.5500030517578125 126.34999847412109375 128.756256103515625 126.1374969482421875 119.16249847412109375 108.84999847412109375 94.43125152587890625 87.46250152587890625 95.65625 101.59375 108.8937530517578125 116.09375 115.8937530517578125 112.25624847412109375 107.4250030517578125 98.08750152587890625 85.8125 71.91249847412109375 62.706249237060546875 55.799999237060546875
109.6374969482421875 115.0625 120.3562469482421875 124.7687530517578125 125.9875030517578125 128.125 130.274993896484375 131.25 132.5812530517578125 130.818756103515625 128.712493896484375 125.15000152587890625 114.91249847412109375 104.0625 94.52500152587890625 86.09999847412109375 77.4562530517578125 72.71875 75.8874969482421875 79.8000030517578125 87.6437530517578125 97.79999542236328125 109.31874847412109375 120.99375152587890625 131.806243896484375 132.024993896484375 123.43125152587890625 116.2062530517578125 109.21875 103.00624847412109375 99.81874847412109375 102.47499847412109375 103.8312530517578125 106.5625 112.625 111.78125 110.25624847412109375 105.5187530517578125 95.50624847412109375 84.44374847412109375 71.68125152587890625 63.46250152587890625 56.90000152587890625
103.30625152587890625 107.00624847412109375 113.11875152587890625 119.43125152587890625 122.9875030517578125 124.375 128.0500030517578125 128.2375030517578125 130.7375030517578125 129.3000030517578125 130.131256103515625 130.78125 127.9499969482421875 118.06874847412109375 106.84999847412109375 94.30625152587890625 88.125 83.84999847412109375 84.66249847412109375 87.9499969482421875 90.34375 98.03749847412109375 109.02500152587890625 118.86875152587890625 126 128.4187469482421875 129.6750030517578125 121.83750152587890625 116.24375152587890625 109.65000152587890625 105.06874847412109375 103.2062530517578125 103.1062469482421875 104.9812469482421875 105.25624847412109375 104.81874847412109375 105.56874847412109375 103.4812469482421875 94.9187469482421875 83.6999969482421875 71.7687530517578125 63.53749847412109375 56.106250762939453125
97.3125 104.02500152587890625 111.4375 116.5812530517578125 121.21250152587890625 123.2375030517578125 123.74375152587890625 123.6687469482421875 128.149993896484375 131.8625030517578125 136.649993896484375 140.8312530517578125 143.0124969482421875 134.75 120.3562469482421875 106.4499969482421875 96.4562530517578125 92.05625152587890625 91.5749969482421875 92.6125030517578125 95.29375457763671875 102.03125 110.5812530517578125 113.875 122.68125152587890625 128.8249969482421875 129.5437469482421875 126.15625 118.9375 109.80625152587890625 104.34999847412109375 102.46250152587890625 101.3562469482421875 99.77500152587890625 97.77500152587890625 93.50624847412109375 94.8312530517578125 98.02500152587890625 92.78125 81.71250152587890625 71.36249542236328125 62.69374847412109375 55.52500152587890625
92.7624969482421875 100.27500152587890625 108.66249847412109375 111.6999969482421875 115.2375030517578125 118.0749969482421875 121.05625152587890625 123.80625152587890625 124.8312530517578125 130.6374969482421875 137.125 147.2312469482421875 152.84375 143.787506103515625 129.7624969482421875 116.25 106.4250030517578125 100.83750152587890625 98.71875 99.5187530517578125 101.82500457763671875 106.84999847412109375 111.71875 116.52500152587890625 121.91249847412109375 124.5812530517578125 127.69374847412109375 121.5625 116.21875 109.46250152587890625 104.78125 101.5500030517578125 99.7624969482421875 95.34375 91.99375152587890625 86.40625 86.75624847412109375 90.44374847412109375 87 77.65000152587890625 68.1437530517578125 60.74375152587890625 53.96250152587890625
90.13124847412109375 96.56874847412109375 104.2312469482421875 109.84375 114.2937469482421875 116.49375152587890625 118.41249847412109375 121.68125152587890625 125.2062530517578125 131.131256103515625 136.1062469482421875 143.0187530517578125 147.649993896484375 142.225006103515625 131.9375 121.875 113.5500030517578125 107.5749969482421875 104.6750030517578125 104.88124847412109375 106.9499969482421875 109.91249847412109375 113.625 117.00624847412109375 118.7312469482421875 122.5625 120.8000030517578125 116.0124969482421875 111.4187469482421875 106.53125 101.7937469482421875 98.0749969482421875 96.03749847412109375 93.4375 89.49375152587890625 84.03125 83.6999969482421875 82.8312530517578125 79.3249969482421875 72.65625 64.65625 58.737499237060546875 52.93125152587890625
89.9499969482421875 95.375 100.0124969482421875 106.9250030517578125 109.99375152587890625 112.4812469482421875 114.86875152587890625 119.6125030517578125 121.4250030517578125 125.24375152587890625 130.4812469482421875 135.7687530517578125 139 134.5625 129.318756103515625 121.40625 115.53749847412109375 111.30625152587890625 107.5 108.3125 110.4187469482421875 111.77500152587890625 115.44374847412109375 115.375 115.4375 116.75 115.34999847412109375 111 107.4875030517578125 103.83750152587890625 99.08750152587890625 95.72499847412109375 92.55625152587890625 89.59999847412109375 85.8249969482421875 82.63124847412109375 80.6687469482421875 77.40000152587890625 74.22499847412109375 67.52500152587890625 61.137500762939453125 56.08750152587890625 51.643749237060546875
90.71875 93.59999847412109375 98.2687530517578125 102.96250152587890625 105.91249847412109375 108.21875 112.02500152587890625 114.6687469482421875 115.3874969482421875 120.75 126.1999969482421875 127.7937469482421875 129.4187469482421875 127.34999847412109375 124.8312530517578125 119.44374847412109375 115.7312469482421875 111.6437530517578125 109.52500152587890625 108.02500152587890625 107.78749847412109375 110.0437469482421875 111.59375 112.6750030517578125 111.9250030517578125 109.6374969482421875 109.25 105.6125030517578125 101.5437469482421875 97.4187469482421875 94.59375 90.53749847412109375 88.5 86.08750152587890625 82.0749969482421875 79.09375 75.3625030517578125 72.34999847412109375 67.9499969482421875 62 56.362499237060546875 52.450000762939453125 49.950000762939453125
93.1750030517578125 91.72499847412109375 95.5124969482421875 99.28749847412109375 102.30625152587890625 103.41249847412109375 106.61875152587890625 109.5 111.69374847412109375 115.7375030517578125 118.09375 119.1062469482421875 120.5625 120.97499847412109375 118.3625030517578125 115.6750030517578125 114.2624969482421875 110.9499969482421875 109.06874847412109375 107.0749969482421875 106.86875152587890625 105.7375030517578125 108.65000152587890625 108.50624847412109375 106.44374847412109375 102.7937469482421875 102 99.53125 96.3312530517578125 92.93125152587890625 89.24375152587890625 85.3125 83.58750152587890625 80.7062530517578125 78.875 74.8874969482421875 70.4187469482421875 67.05625152587890625 63.43125152587890625 58.66249847412109375 53.40000152587890625 50.6875 48.549999237060546875
92.5500030517578125 92.4375 93.6999969482421875 96.24375152587890625 96.40000152587890625 97.6750030517578125 99.36875152587890625 100.8937530517578125 105.66249847412109375 107.99375152587890625 110.2624969482421875 110.99375152587890625 112.21250152587890625 113.7062530517578125 112.86875152587890625 111.4875030517578125 111.96875 109.90625 107.93125152587890625 106.4875030517578125 105.4499969482421875 104.0625 105.19374847412109375 103.08750152587890625 101.2312469482421875 96.69374847412109375 95.93125152587890625 93.08750152587890625 89.71250152587890625 86.6999969482421875 83.1875 80.3000030517578125 77.56874847412109375 74.55625152587890625 73.25 71.03749847412109375 67.55625152587890625 64.375 60.94374847412109375 55.93125152587890625 50.16249847412109375 48.06874847412109375 47.03125
91.4375 91.40000152587890625 91.55625152587890625 90.99375152587890625 91.2375030517578125 92.4375 93.11875152587890625 95.72499847412109375 98.30625152587890625 99.625 102.15000152587890625 103.80625152587890625 105.02500152587890625 106.0500030517578125 106.1999969482421875 105.84999847412109375 105.63124847412109375 106.11875152587890625 106.7937469482421875 103.59375 101.8874969482421875 101.80625152587890625 102.44374847412109375 99.1374969482421875 95.4812469482421875 92.7062530517578125 89.63124847412109375 86.53125 81.75 78.8000030517578125 76.3562469482421875 74.4187469482421875 71.8562469482421875 69.74375152587890625 68.54375457763671875 65.7312469482421875 64.4812469482421875 62.206249237060546875 58.43125152587890625 55.25 51.1875 48.84375 46.44374847412109375
89.9187469482421875 88.46875 86.4250030517578125 86.5500030517578125 88.43125152587890625 88.3312530517578125 88.96875 89.34999847412109375 90.65000152587890625 91.68125152587890625 93.02500152587890625 96.68125152587890625 99.77500152587890625 100.97499847412109375 99.7624969482421875 99.90000152587890625 101.9562530517578125 102.8874969482421875 104.41249847412109375 102.7937469482421875 100.3625030517578125 97.1687469482421875 96.6125030517578125 93.16249847412109375 89.03749847412109375 86.5625 82.2062530517578125 79.59375 76.03125 73.65625 71.81874847412109375 69.4250030517578125 66.58750152587890625 64.84375 64.7375030517578125 62.03125 60.731250762939453125 58.981250762939453125 57.106250762939453125 55.47499847412109375 51.83750152587890625 47.96875 45.03749847412109375
87.6999969482421875 86.02500152587890625 83.41249847412109375 82.59999847412109375 84.21250152587890625 83.75 83.34375 82.27500152587890625 83.53749847412109375 84.77500152587890625 85.94374847412109375 88.81874847412109375 90.90000152587890625 93.41249847412109375 93.8312530517578125 96.71875 98.0500030517578125 98.46875 98.5812530517578125 98.125 96.2062530517578125 95.125 92.34375 86.625 82.96875 79.90000152587890625 75.91249847412109375 73.40625 69.7375030517578125 67.28125 66.25624847412109375 63.818752288818359375 61.512500762939453125 60.418750762939453125 58.612499237060546875 56.15625 55.237499237060546875 54.28749847412109375 53.325000762939453125 52.21875 49.1875 45.69374847412109375 43.83750152587890625
83.25 80.94374847412109375 78.91249847412109375 78.4562530517578125 77.9562530517578125 76.8000030517578125 76.9812469482421875 76.43125152587890625 76.4562530517578125 77.93125152587890625 80.5625 81.9375 83.58750152587890625 87.15625 87.90625 90.83750152587890625 92.15000152587890625 92.9875030517578125 92.5187530517578125 91.74375152587890625 89.69374847412109375 87.8937530517578125 85.66249847412109375 82.6062469482421875 79.1374969482421875 75.0500030517578125 71.4187469482421875 66.90000152587890625 63.918750762939453125 61.40000152587890625 60.46875 58.137500762939453125 55.91249847412109375 54.262500762939453125 52.643749237060546875 50.512500762939453125 49.612499237060546875 48.512500762939453125 47.88124847412109375 47.15625 44.637500762939453125 42.4375 40.8125
78.61875152587890625 77.40625 75.1750030517578125 75.15000152587890625 71.88124847412109375 71.31874847412109375 71.8125 71.21250152587890625 70.6687469482421875 70.9562530517578125 72.2062530517578125 74.6687469482421875 77.8125 78.63124847412109375 80.88124847412109375 82.5124969482421875 85.0625 84.875 83.91249847412109375 83.8249969482421875 82.5124969482421875 80.90000152587890625 79.5 76.11875152587890625 73.83750152587890625 70.75 66.8874969482421875 62.06874847412109375 59.77500152587890625 57.72499847412109375 56.11875152587890625 53.5625 50.543750762939453125 48.08750152587890625 46.78749847412109375 44.94374847412109375 44.03749847412109375 42.78749847412109375 42.456249237060546875 41.456249237060546875 40.59375 39.375 37.875
75.0749969482421875 73.4187469482421875 71.65000152587890625 69.6687469482421875 67.59999847412109375 66.78125 66.52500152587890625 65.90625 63.96875 64.43125152587890625 65.16249847412109375 68.4812469482421875 70.44374847412109375 72.9875030517578125 74.9187469482421875 77.13124847412109375 79.11875152587890625 78.4499969482421875 77.31874847412109375 77.0812530517578125 76.125 74.3125 72.24375152587890625 70.1875 67.8249969482421875 65.78125 62.012500762939453125 57.706249237060546875 55.625 53.90000152587890625 51.268749237060546875 48.33750152587890625 45.4375 42.65000152587890625 40.91249847412109375 39.293750762939453125 37.799999237060546875 37.237499237060546875 37.331249237060546875 36.78125 35.856250762939453125 35.02500152587890625 34.38124847412109375
71.69374847412109375 70.4562530517578125 67.9562530517578125 65.65000152587890625 63.83750152587890625 61.84999847412109375 60.65000152587890625 59 57.643749237060546875 58.09999847412109375 59.71875 61.731250762939453125 64.5 66.5625 68.4875030517578125 70.96250152587890625 71.84375 71.90000152587890625 69.8562469482421875 69.0625 68.65625 68.53749847412109375 66.50624847412109375 64.96250152587890625 62.50624847412109375 60.1875 56.637500762939453125 54.40625 51.43125152587890625 49.28125 46.97499847412109375 44.450000762939453125 40.450000762939453125 38.21875 36.06874847412109375 34.049999237060546875 33.549999237060546875 33.174999237060546875 32.799999237060546875 32.875 32.262500762939453125 32.24375152587890625 31.162500381469726562
66.5500030517578125 65.36875152587890625 62.862499237060546875 61.125 59.43125152587890625 57.65000152587890625 56.174999237060546875 54.88124847412109375 52.86875152587890625 52 54.950000762939453125 58.47499847412109375 60.94374847412109375 61.80625152587890625 63.84999847412109375 64.7312469482421875 65.2375030517578125 64.50624847412109375 63.06874847412109375 61.512500762939453125 61.299999237060546875 61.43125152587890625 60.21250152587890625 59.38124847412109375 57.956249237060546875 55.125 52.674999237060546875 50.36875152587890625 46.856250762939453125 45.012500762939453125 43.387500762939453125 40.72499847412109375 37.212497711181640625 34.206249237060546875 31.975000381469726562 30.518749237060546875 30.09375 30.081249237060546875 29.681249618530273438 29.806249618530273438 29.193750381469726562 29.268749237060546875 28.3125
62.66249847412109375 61.88124847412109375 58.981250762939453125 58.00624847412109375 56.625 54.34999847412109375 52.56874847412109375 50.84999847412109375 49.8125 48.581249237060546875 53.875 57.137500762939453125 57.143749237060546875 58.1875 59.918750762939453125 60.03125 59.28749847412109375 57.63124847412109375 57.21250152587890625 55.5625 55.3125 54.793750762939453125 54.09375 53.65625 52.875 51.418750762939453125 49.481250762939453125 47.52500152587890625 44.90625 42.80625152587890625 40.549999237060546875 38.78749847412109375 35.637500762939453125 31.5 28.8125 27.268749237060546875 27.618749618530273438 27.90625 27.84375 27.975000381469726562 26.5 26.006250381469726562 25.456249237060546875
