data/historical-monthly-weather-data/wc2.1_cruts4.09_10m_prec_1975-01.asc
ncols        51
nrows        45
xllcorner    -63.500000000000
yllcorner    -7.500000000000
cellsize     0.166666666667
NODATA_value -9999
[rows 20 to 39 of 45, columns 0 to 44 of 51]
286.03125 287.125 289.787506103515625 294.41876220703125 299.506256103515625 307.51873779296875 316.45623779296875 322.83123779296875 327.59375 329.84375 331.26873779296875 335.100006103515625 342.40625 350.568756103515625 340.75 320.42498779296875 305.8125 297.631256103515625 296.48126220703125 295.25 298.193756103515625 299.743743896484375 299.89373779296875 300.649993896484375 302.118743896484375 303.85626220703125 303.73126220703125 303.95001220703125 303.76873779296875 304.037506103515625 297.86248779296875 287.35626220703125 273.45001220703125 259.29998779296875 247.118743896484375 261.337493896484375 284.39373779296875 300.01873779296875 303.149993896484375 295.73748779296875 281.9375 269.068756103515625 260.225006103515625 253.681243896484375 250.256256103515625
275.100006103515625 274.73748779296875 277.243743896484375 283.037506103515625 290.51251220703125 299.36248779296875 308.475006103515625 317.381256103515625 322.67498779296875 320.89373779296875 316.806243896484375 311.618743896484375 310.15625 312.45001220703125 310.25 301.8125 296.01873779296875 292.32501220703125 291.225006103515625 291.475006103515625 291.89373779296875 294.01873779296875 296.88751220703125 298.79376220703125 301.35626220703125 304.65625 307.51873779296875 305.693756103515625 302.15625 297.912506103515625 287.85626220703125 276.756256103515625 267.8125 262.306243896484375 259.975006103515625 272.912506103515625 296.243743896484375 314.96875 317.78125 307.100006103515625 290.443756103515625 275.63751220703125 264.73748779296875 256.42498779296875 251.756256103515625
264.54998779296875 264.125 264.693756103515625 270.100006103515625 279.04998779296875 290.393768310546875 300.38751220703125 310.54998779296875 318.618743896484375 312.431243896484375 300.274993896484375 286.04376220703125 276.82501220703125 277.662506103515625 283.11248779296875 284.98748779296875 284.01873779296875 283.9375 284.35626220703125 285.125 286.712493896484375 288.493743896484375 290.600006103515625 292.6875 297.774993896484375 304.225006103515625 308.350006103515625 305.83123779296875 299.943756103515625 291.29376220703125 279.73748779296875 269.875 268.96875 269.818756103515625 274.506256103515625 286.600006103515625 309.681243896484375 335.98748779296875 336.087493896484375 316.556243896484375 296.350006103515625 280.76873779296875 266.63751220703125 256.92498779296875 251.9812469482421875
253.681243896484375 251.225006103515625 250.399993896484375 256.33123779296875 266.95623779296875 278.54376220703125 290.11248779296875 300.693756103515625 306.89373779296875 298.625 284.212493896484375 268.73748779296875 251.875 255.868743896484375 267.15625 273.243743896484375 275.5625 277.57501220703125 279.493743896484375 281.46875 281.85626220703125 282.943756103515625 284.60626220703125 286.243743896484375 292.618743896484375 299.393768310546875 305.125 301.975006103515625 295.86248779296875 289.375 280.774993896484375 274.40625 275.712493896484375 279.32501220703125 285.818756103515625 297.475006103515625 316.39373779296875 338.13751220703125 337.100006103515625 317.931243896484375 297.40625 280.76251220703125 266.59375 256.524993896484375 252.818756103515625
244.1999969482421875 240.5625 238.087493896484375 246.287506103515625 259.556243896484375 270.193756103515625 279.993743896484375 288.53125 291.0625 285.662506103515625 274.83123779296875 262.71875 252.6812591552734375 253.5437469482421875 260.4375 266.90625 270.943756103515625 275.024993896484375 277.14373779296875 277.61248779296875 277.337493896484375 276.48748779296875 276.90625 277.806243896484375 283.556243896484375 292.04376220703125 296.40625 297.462493896484375 294.15625 291.493743896484375 287.03125 284.6875 285.381256103515625 289.14373779296875 294.975006103515625 302.600006103515625 315.381256103515625 324.131256103515625 322.087493896484375 309.88751220703125 292.587493896484375 277.42498779296875 264.25 255.9875030517578125 250.743743896484375
240.350006103515625 239.0749969482421875 238.056243896484375 245.2312469482421875 254.28125 263.649993896484375 271.493743896484375 276.75 277.868743896484375 274.306243896484375 268.431243896484375 262.256256103515625 256.693756103515625 256.10626220703125 259.67498779296875 264.662506103515625 269.375 273.981231689453125 276.41876220703125 276.1875 275.48748779296875 271.51873779296875 269.71875 267.95623779296875 274.54998779296875 284.806243896484375 292.181243896484375 294.78125 294.962493896484375 292.95623779296875 293.79376220703125 294.631256103515625 296.39373779296875 297.649993896484375 301.524993896484375 305.306243896484375 311.149993896484375 313.08123779296875 309.4375 299.350006103515625 285.568756103515625 271.71875 258.6875 251.787506103515625 250.1687469482421875
239.068756103515625 238.068756103515625 240.1687469482421875 245.600006103515625 251.600006103515625 259.125 265.86248779296875 268.899993896484375 269.681243896484375 269.3125 266.993743896484375 264.41876220703125 262.037506103515625 262.09375 264.243743896484375 268.38751220703125 272.524993896484375 276.768768310546875 279.943756103515625 278.443756103515625 275.21875 271.82501220703125 266.17498779296875 262.712493896484375 271.881256103515625 281.88751220703125 289.13751220703125 293.15625 295.39373779296875 295.98748779296875 299.337493896484375 301.58123779296875 304.506256103515625 304.67498779296875 304.868743896484375 306.5625 308.38751220703125 305.82501220703125 299.681243896484375 291.118743896484375 278.5625 265.13751220703125 253.818756103515625 248.46875 254.381256103515625
239.4812469482421875 237.287506103515625 241.1062469482421875 246.068756103515625 251.0500030517578125 256.256256103515625 261.01251220703125 263.36248779296875 265.037506103515625 265.54998779296875 265.568756103515625 265.91876220703125 265.45001220703125 266.493743896484375 268.6875 272.51873779296875 276.14373779296875 282.368743896484375 283.649993896484375 283.29376220703125 281.618743896484375 276.618743896484375 275.09375 272.45623779296875 277.45623779296875 284.42498779296875 290.243743896484375 293.40625 296.23126220703125 299.649993896484375 302.53125 305.10626220703125 307.225006103515625 306.25 305.79376220703125 305.61248779296875 303.92498779296875 300.381256103515625 294.76873779296875 285.524993896484375 274.881256103515625 263.225006103515625 251.5812530517578125 248.40625 265.45623779296875
239.1062469482421875 236.881256103515625 241.024993896484375 246.78125 251.337493896484375 254.662506103515625 256.493743896484375 259.181243896484375 260.818756103515625 262.693756103515625 264.79376220703125 266.537506103515625 268.11248779296875 271.806243896484375 274.78125 279.36248779296875 285.350006103515625 289.912506103515625 292.024993896484375 291.79376220703125 289.61248779296875 285.618743896484375 284.868743896484375 283.256256103515625 285.36248779296875 289.21875 293.5 295.95623779296875 299.25 302.756256103515625 304.693756103515625 306.51873779296875 307.6875 307.46875 306.943756103515625 304.6875 302.45001220703125 297.850006103515625 292.78125 283.881256103515625 271.96875 262.412506103515625 255.881256103515625 259.881256103515625 278.725006103515625
244.6500091552734375 242.087493896484375 247.006256103515625 253.09375 256.26873779296875 256.46875 255.9187469482421875 257.556243896484375 259.181243896484375 260.9375 264.60626220703125 268.91876220703125 272.76873779296875 277.88751220703125 282.743743896484375 287.45001220703125 292.681243896484375 298.306243896484375 302.149993896484375 300.868743896484375 298.25 296.443756103515625 295.087493896484375 292.537506103515625 293.51251220703125 295.993743896484375 298.29376220703125 299.51251220703125 301.90625 304.38751220703125 306.9375 308.53125 308.29998779296875 308.78125 307.61248779296875 304.912506103515625 301.268768310546875 297.774993896484375 292.4375 285.13751220703125 276.868743896484375 271.46875 269.35626220703125 274.943756103515625 285.875
249.118743896484375 246.337493896484375 249.306243896484375 254.59375 258.07501220703125 255.118743896484375 254.1999969482421875 254.524993896484375 256.462493896484375 259.60626220703125 264.79998779296875 270.86248779296875 276.88751220703125 282.6875 289.056243896484375 294.38751220703125 300.73126220703125 307.368743896484375 311.5625 310.712493896484375 307.431243896484375 304.9375 304.70623779296875 301.39373779296875 300.40625 302.806243896484375 303.91876220703125 303.83123779296875 305.881256103515625 307.181243896484375 309.399993896484375 310.993743896484375 309.88751220703125 309.818756103515625 308.412506103515625 305.1875 300.73748779296875 297.975006103515625 294.39373779296875 288.45623779296875 283.243743896484375 281.11248779296875 281.83123779296875 284.95623779296875 293.931243896484375
252.087493896484375 248.381256103515625 249.568756103515625 252.03125 252.75 250.975006103515625 251.4187469482421875 250.8625030517578125 253.5 257.46875 263.475006103515625 271.04376220703125 279.04376220703125 287.57501220703125 295.118743896484375 301.03125 306.13751220703125 312.125 315.01873779296875 315.76251220703125 312.70623779296875 310.725006103515625 311.25 307.58123779296875 307.39373779296875 308.375 307.82501220703125 307.60626220703125 307.600006103515625 309.850006103515625 311.693756103515625 312.875 311.850006103515625 311.36248779296875 309.86248779296875 305.53125 302.350006103515625 297.6875 293.71875 289.96875 289.399993896484375 290.25 293.01873779296875 299.493743896484375 308.57501220703125
259.09375 255.2937469482421875 255.46875 255.787506103515625 253.8249969482421875 251.774993896484375 250.350006103515625 249.506256103515625 250.5812530517578125 255.868743896484375 263.91876220703125 272.850006103515625 284.006256103515625 295.350006103515625 302.13751220703125 307.443756103515625 311.48748779296875 315.068756103515625 316.931243896484375 318.162506103515625 316.037506103515625 314.568756103515625 314.5 312.868743896484375 312.08123779296875 312.993743896484375 311.79998779296875 309.493743896484375 309.162506103515625 312.78125 314.274993896484375 314.17498779296875 313.625 313.631256103515625 311.399993896484375 307.83123779296875 303.90625 299.34375 294.66876220703125 294.91876220703125 294.98126220703125 297.54376220703125 302.54998779296875 311.287506103515625 326.13751220703125
265.95623779296875 262.375 260.88751220703125 259.42498779296875 255.1875 252.475006103515625 250.3000030517578125 248.0500030517578125 248.693756103515625 252.431243896484375 260.931243896484375 274.59375 289.26873779296875 301.399993896484375 308.256256103515625 312.462493896484375 316.875 319.79998779296875 319.70001220703125 319.4375 318.10626220703125 317.375 317.568756103515625 315.79998779296875 315.07501220703125 315.09375 313.125 311.725006103515625 312.14373779296875 314.3125 316.787506103515625 317.212493896484375 316.087493896484375 316.35626220703125 314.287506103515625 310.3125 305.39373779296875 299.48748779296875 297.212493896484375 297.59375 297.5 301.54376220703125 308.20623779296875 317.98748779296875 333.78125
274.193756103515625 269.82501220703125 266.92498779296875 262.912506103515625 257.95001220703125 254.4250030517578125 250.118743896484375 246.462493896484375 244.28125 248.006256103515625 258.85626220703125 275.75 295.506256103515625 310.443756103515625 316.36248779296875 318.712493896484375 321.42498779296875 322.29376220703125 321.5 319.037506103515625 318.837493896484375 318.587493896484375 319 317.01251220703125 316.59375 315.181243896484375 314.28125 313.725006103515625 314.01873779296875 315.54998779296875 318.11248779296875 320.01873779296875 319.32501220703125 318.274993896484375 315.78125 311.274993896484375 305.10626220703125 301.556243896484375 299.681243896484375 298.431243896484375 298.53125 301.76873779296875 308.399993896484375 316.98748779296875 329.399993896484375
283.98748779296875 279.087493896484375 275.256256103515625 270.381256103515625 264.837493896484375 258.86248779296875 253.46875 247.1125030517578125 242.475006103515625 244.037506103515625 256.32501220703125 277.76873779296875 300.818756103515625 317.056243896484375 322.899993896484375 324.6875 325.0625 324.48126220703125 322.462493896484375 319.0625 317.63751220703125 317.868743896484375 317.38751220703125 315.006256103515625 314.45001220703125 314.45623779296875 313.76873779296875 313.92498779296875 315.100006103515625 316.681243896484375 320 321.787506103515625 322.181243896484375 321.556243896484375 318.912506103515625 313.28125 309.881256103515625 305.36248779296875 301.39373779296875 299.86248779296875 299.73748779296875 302.58123779296875 307.024993896484375 313.881256103515625 321.962493896484375
293.98748779296875 289.10626220703125 283.931243896484375 278.54998779296875 272.475006103515625 265.756256103515625 259.774993896484375 251.3312530517578125 242.78125 237.912506103515625 254.431243896484375 285.40625 308.837493896484375 321.65625 327.649993896484375 329.256256103515625 328.58123779296875 326.59375 323.21875 318.381256103515625 316.76251220703125 314.88751220703125 314.256256103515625 312.131256103515625 312.149993896484375 313.20623779296875 313.33123779296875 314.82501220703125 316.48748779296875 318.618743896484375 321.76251220703125 323.8125 325.100006103515625 325.087493896484375 322.51251220703125 317.51251220703125 312.975006103515625 307.34375 303.493743896484375 300.350006103515625 297.912506103515625 299.42498779296875 303.59375 308.125 312.85626220703125
304.3125 299.274993896484375 293.40625 288.256256103515625 282.412506103515625 276.4375 269.51873779296875 261.149993896484375 252.875 245.149993896484375 274.95001220703125 306.54376220703125 321.84375 329.45001220703125 333.73126220703125 334.04998779296875 331.51251220703125 329.125 325.23748779296875 319.36248779296875 315.8125 311.96875 309.96875 308.28125 308.850006103515625 311.006256103515625 311.54376220703125 313.78125 316.5625 319.9375 322.743743896484375 324.01251220703125 325.70623779296875 326.70001220703125 324.443756103515625 319.65625 313.54998779296875 308.193756103515625 304.118743896484375 299.725006103515625 295.556243896484375 296.63751220703125 298.037506103515625 299.225006103515625 302.881256103515625
318.21875 310.381256103515625 304.6875 299.037506103515625 293.462493896484375 287.75 281.46875 277.756256103515625 279.29376220703125 293.63751220703125 328.90625 336.212493896484375 337.975006103515625 340.4375 342.006256103515625 340.20001220703125 337.318756103515625 332.42498779296875 326.412506103515625 319.59375 312.70001220703125 307.475006103515625 304.743743896484375 303.48126220703125 304.149993896484375 306.662506103515625 308.981231689453125 312.681243896484375 317.118743896484375 322.056243896484375 324.86248779296875 326.068756103515625 326.71875 325.76251220703125 325.899993896484375 320.875 313.931243896484375 308.493743896484375 303.118743896484375 296.79376220703125 292.287506103515625 291.912506103515625 291.76251220703125 293.40625 296.462493896484375
333.26873779296875 324.381256103515625 317.274993896484375 310.01873779296875 305.86248779296875 301.64373779296875 297.725006103515625 298.67498779296875 306.04998779296875 321.76873779296875 340.54998779296875 349.881256103515625 351.118743896484375 351.61248779296875 350.568756103515625 348.024993896484375 343.84375 337.73126220703125 328.443756103515625 319.056243896484375 308.024993896484375 301.71875 298.149993896484375 297.14373779296875 298.88751220703125 301.768768310546875 305.82501220703125 311.631256103515625 317.0625 322.006256103515625 324.712493896484375 327.743743896484375 329.537506103515625 328.212493896484375 325.493743896484375 320.13751220703125 313.11248779296875 306.85626220703125 300.443756103515625 293.20623779296875 288.40625 287.17498779296875 285.75 286.40625 289.46875
