data/historical-monthly-weather-data/wc2.1_cruts4.09_10m_prec_1983-05.asc
ncols        45
nrows        45
xllcorner    -63.500000000000
yllcorner    -7.500000000000
cellsize     0.166666666667
NODATA_value -9999
[rows 19 to 37 of 45, columns 0 to 43 of 45]
154.4375 155.931243896484375 157.725006103515625 158.9812469482421875 161.975006103515625 167.09375 170.162506103515625 171.96875 174.7062530517578125 176.9375 178.587493896484375 174.5437469482421875 169.381256103515625 161.274993896484375 154.131256103515625 144.5500030517578125 136.875 137.5437469482421875 136.443756103515625 138.3937530517578125 138.7312469482421875 143.537506103515625 150.493743896484375 152.693756103515625 151.818756103515625 147.96875 145.931243896484375 145.131256103515625 140.193756103515625 135.3312530517578125 134.5437469482421875 140.5 138.7062530517578125 135.068756103515625 135.3625030517578125 137.75 137.78125 136.350006103515625 134.006256103515625 130.125 122.1062469482421875 117.23125457763671875 117.2687530517578125 117.46250152587890625
140.28125 146.6125030517578125 150.3874969482421875 151.5625 152.75 159.3125 164.024993896484375 166.806243896484375 169.90625 170.9375 171.9187469482421875 169.1374969482421875 162.78125 156.2312469482421875 148.100006103515625 141.649993896484375 133.381256103515625 131.3625030517578125 133.5437469482421875 133.649993896484375 140.21875 145.912506103515625 150.5749969482421875 152.381256103515625 152.6062469482421875 149.1750030517578125 143.100006103515625 140.6999969482421875 139.006256103515625 138.806243896484375 140.6687469482421875 143.818756103515625 138.6437530517578125 134.4250030517578125 133.28125 134.9562530517578125 135.625 134.399993896484375 130.96875 125.8937530517578125 121.15000152587890625 116.69374847412109375 114.47499847412109375 115.29999542236328125
131.2312469482421875 133.056243896484375 138.9187469482421875 143.8874969482421875 145.5749969482421875 150.100006103515625 156.162506103515625 161.0749969482421875 164.8125 166.506256103515625 166.90625 163.2375030517578125 157.6687469482421875 151.568756103515625 146.662506103515625 139.0749969482421875 137.993743896484375 135.100006103515625 136.712493896484375 136.100006103515625 137.287506103515625 142.2937469482421875 147.1875 146.837493896484375 144.40625 144 144.193756103515625 141.774993896484375 143.7062530517578125 145.162506103515625 144.993743896484375 144.350006103515625 141.5625 138.8249969482421875 134.7062530517578125 133.5812530517578125 134.056243896484375 132.568756103515625 128.837493896484375 124.0187530517578125 120.00624847412109375 116.03125 113.5500030517578125 113.1750030517578125
122.71875 128.5437469482421875 133.2312469482421875 137.774993896484375 139.3562469482421875 143.2375030517578125 144.618743896484375 150.318756103515625 157.962493896484375 160.625 160.1437530517578125 157.024993896484375 155.21875 150.6125030517578125 145.9250030517578125 140.131256103515625 136.5437469482421875 135.4375 135.587493896484375 135.743743896484375 138.53125 139.6999969482421875 143.1437530517578125 142.4875030517578125 143.2062530517578125 142.274993896484375 140.600006103515625 142.1125030517578125 144.600006103515625 145.8249969482421875 145.25 147.09375 145.9250030517578125 142.0187530517578125 138.46875 132.84375 130.4875030517578125 129.90625 128.5 123.5749969482421875 118.5187530517578125 115.05625152587890625 112.2624969482421875 111.3249969482421875
112.66249847412109375 119.5812530517578125 125.625 128.6374969482421875 129.787506103515625 132.6062469482421875 139.375 144.181243896484375 148.618743896484375 151.149993896484375 153.0625 154.9499969482421875 153.9187469482421875 152.3937530517578125 146.7062530517578125 141.0812530517578125 137.3625030517578125 137.631256103515625 138.65625 139.75 139.881256103515625 141.443756103515625 142.756256103515625 144.537506103515625 143.4812469482421875 140.350006103515625 140.618743896484375 142.662506103515625 146.4187469482421875 151.0187530517578125 154.6999969482421875 157.59375 156.037506103515625 150.5749969482421875 145.024993896484375 136.15625 134.212493896484375 130.9812469482421875 127.55625152587890625 122.88124847412109375 117.19374847412109375 114.56874847412109375 112.28749847412109375 110.0625
105.52500152587890625 112.52500152587890625 117.1437530517578125 121.5812530517578125 123.7312469482421875 127.66875457763671875 131.024993896484375 136.368743896484375 140.53125 144.693756103515625 147.0124969482421875 148.96875 151.7937469482421875 151.475006103515625 145.962493896484375 141.7937469482421875 139.975006103515625 140.03125 140.25 141.53125 143.399993896484375 143.4875030517578125 145.6687469482421875 146.1999969482421875 144.899993896484375 146.0187530517578125 146.34375 149.056243896484375 152.4375 159.9187469482421875 164.75 171.756256103515625 168.6999969482421875 161.7375030517578125 151.6750030517578125 142.8000030517578125 137.875 130.662506103515625 126.18125152587890625 121.40000152587890625 116.3937530517578125 112.9499969482421875 110.6687469482421875 107.3562469482421875
101.0187530517578125 108.2937469482421875 109.7062530517578125 113.09375 113.6750030517578125 117.4375 121.03125 126.24375152587890625 129.3625030517578125 132.3562469482421875 139.1062469482421875 144.1875 146.8000030517578125 148.71875 147.118743896484375 143.2687530517578125 141.6999969482421875 142.0437469482421875 142.412506103515625 143.1062469482421875 145.149993896484375 145.462493896484375 147.6374969482421875 146.568756103515625 147.6125030517578125 148.5812530517578125 152.8562469482421875 155.8562469482421875 159.0812530517578125 167.3562469482421875 176.3249969482421875 188.443756103515625 185.15625 172.181243896484375 159.2624969482421875 149.53125 140.1999969482421875 132.193756103515625 124.3625030517578125 118.9562530517578125 114.3937530517578125 110.0812530517578125 106.5749969482421875 104.69374847412109375
94.40000152587890625 97.1062469482421875 100.3125 103.0437469482421875 104.27500152587890625 108.53125 112.33750152587890625 115.9250030517578125 120.5749969482421875 128.0812530517578125 134.4875030517578125 139.4812469482421875 145.4250030517578125 149.931243896484375 148.806243896484375 146.787506103515625 144.212493896484375 143.5749969482421875 146.818756103515625 147.0124969482421875 147.6437530517578125 148.943756103515625 151.162506103515625 152.7687530517578125 153.743743896484375 155.2312469482421875 159.375 162.5625 166.774993896484375 173.3874969482421875 184.975006103515625 196.9562530517578125 195.9562530517578125 178.506256103515625 162.1437530517578125 150.6062469482421875 142.5187530517578125 132.431243896484375 124.4499969482421875 118.7937469482421875 113.4562530517578125 109.19374847412109375 105.7375030517578125 102.5437469482421875
88.1374969482421875 88.1437530517578125 90.7687530517578125 92.5749969482421875 95.0124969482421875 100.15000152587890625 104.8312530517578125 108.05625152587890625 114.28125 122.06874847412109375 128.5749969482421875 135.149993896484375 143.024993896484375 149.006256103515625 149.693756103515625 146.756256103515625 146.46875 148.7937469482421875 151.90625 152.8562469482421875 153.506256103515625 153.75 157.65625 158.4375 159.9375 160.4562530517578125 165.024993896484375 168.28125 173.1062469482421875 179.943756103515625 189.5812530517578125 198.631256103515625 193.5 177.712493896484375 163.75 152 141.78125 133.368743896484375 126.34375 118.93125152587890625 112.5124969482421875 109.27500152587890625 105.8937530517578125 103.22499847412109375
81.02500152587890625 79.9562530517578125 81.65000152587890625 83.96875 86.65625 90.25 94.49375152587890625 100.375 108.8562469482421875 115.59999847412109375 122.99375152587890625 131.9812469482421875 140.931243896484375 150.056243896484375 152.6750030517578125 152.9250030517578125 152.8312530517578125 154.087493896484375 156.1437530517578125 157.59375 158.743743896484375 158.943756103515625 161.7062530517578125 162.3625030517578125 163.6062469482421875 162.806243896484375 167.6374969482421875 172.681243896484375 177.337493896484375 182.4375 190.1999969482421875 194.743743896484375 186.8562469482421875 173.443756103515625 162.4499969482421875 151.443756103515625 142.03125 132.5 125.5187530517578125 118.09999847412109375 110 105.72499847412109375 104.5812530517578125 104.3874969482421875
78.875 76.75 77.2375030517578125 77.94374847412109375 79.8562469482421875 84.78749847412109375 89.4812469482421875 96.4499969482421875 104.30625152587890625 110.7375030517578125 119.1875 129.28125 139.681243896484375 150.399993896484375 154.493743896484375 156.6374969482421875 157.9187469482421875 161.75 162.818756103515625 162.375 163.8000030517578125 165.6125030517578125 167.7937469482421875 167.34375 166.25 168.806243896484375 170.931243896484375 172.8874969482421875 176.8937530517578125 181.056243896484375 186.71875 188.162506103515625 180.337493896484375 170.0625 160.381256103515625 149.25 143.006256103515625 134.3312530517578125 126.6125030517578125 121.80625152587890625 115.5625 110.5749969482421875 107 104.625
77.31874847412109375 74.19374847412109375 73.58750152587890625 74.53749847412109375 76.41249847412109375 80.99375152587890625 86.78125 92.5124969482421875 100.4875030517578125 108.2687530517578125 116.93125152587890625 126.8000030517578125 139.6875 149.1875 154.8937530517578125 160.1437530517578125 164.149993896484375 166.568756103515625 168.6062469482421875 169.8562469482421875 169.118743896484375 169.787506103515625 171.96875 169.649993896484375 168.493743896484375 172.2624969482421875 173.0625 173.431243896484375 176.725006103515625 178.5 182.7312469482421875 181.225006103515625 173.6875 165.193756103515625 156.1750030517578125 145.6999969482421875 139.90625 134.068756103515625 128.9375 123.34375 119.4375 114.08750152587890625 109.9499969482421875 105.7687530517578125
74.9499969482421875 71.2624969482421875 70.7624969482421875 71.78125 73.94374847412109375 77.8937530517578125 84.47499847412109375 89 96.75624847412109375 104.4562530517578125 113.1750030517578125 122.93125152587890625 135.6999969482421875 148.0500030517578125 154.8562469482421875 162.443756103515625 165.7375030517578125 167.8937530517578125 170.006256103515625 171.8000030517578125 170.5500030517578125 171.6125030517578125 173.056243896484375 171.912506103515625 173.4562530517578125 174.225006103515625 174.7375030517578125 173.618743896484375 173.7312469482421875 175.0812530517578125 174.399993896484375 173.0625 165.524993896484375 158.03125 151.100006103515625 142.46875 136.5187530517578125 131.9562530517578125 127.0500030517578125 124.8000030517578125 121.125 116.83750152587890625 113.21250152587890625 110.9250030517578125
77.0812530517578125 73.90625 72.94374847412109375 73.8874969482421875 74.66249847412109375 78.03125 83.34375 87.8937530517578125 95.26874542236328125 103.59999847412109375 114.15000152587890625 124.28749847412109375 136.712493896484375 150.149993896484375 157.2687530517578125 163.4250030517578125 168 172.162506103515625 172.03125 173.2687530517578125 171.3937530517578125 173.100006103515625 173.1125030517578125 173.53125 174.28125 175.368743896484375 174.1125030517578125 173.256256103515625 171.2687530517578125 170.1125030517578125 168.9187469482421875 165.806243896484375 157.75 153.306243896484375 146.5124969482421875 141.09375 134.024993896484375 129.943756103515625 125.81874847412109375 125.43125152587890625 122.0812530517578125 119.7937469482421875 117.1687469482421875 116.2312469482421875
79.8312530517578125 76.42499542236328125 76.1125030517578125 76.2937469482421875 77.15625 79.46250152587890625 83.1999969482421875 86.7312469482421875 93.31874847412109375 101.31874847412109375 111.15000152587890625 123.71250152587890625 135.59375 147.5500030517578125 156.818756103515625 165.662506103515625 172.0437469482421875 174.931243896484375 173.0437469482421875 172.3125 172.7062530517578125 174.318756103515625 174.1875 172.756256103515625 173.5749969482421875 173.2687530517578125 171.131256103515625 169.318756103515625 168.662506103515625 165.96875 163.256256103515625 159.056243896484375 152.412506103515625 146.3937530517578125 141.4187469482421875 136.1062469482421875 131.2687530517578125 125.59999847412109375 124.09375 123.125 120.4187469482421875 120.36875152587890625 120.4812469482421875 120.33750152587890625
82.0187530517578125 78.9812469482421875 78.75 79.1875 79.7312469482421875 81.4187469482421875 82.90000152587890625 85.9875030517578125 90.65000152587890625 98.49375152587890625 108.84375 121.6875 136.1125030517578125 150.1125030517578125 159.4812469482421875 168.087493896484375 174.337493896484375 176.7624969482421875 174.6875 171.475006103515625 171.6437530517578125 171.4499969482421875 172.4812469482421875 170.681243896484375 170.4499969482421875 169.943756103515625 169.7312469482421875 168.537506103515625 166.90625 163.693756103515625 158.53125 153.225006103515625 145.443756103515625 140.556243896484375 132.4437408447265625 128.806243896484375 123.47499847412109375 122.3562469482421875 121.2062530517578125 119.75 117.9875030517578125 117.17499542236328125 117.86875152587890625 119.53125
87.9187469482421875 85.63124847412109375 84.61875152587890625 84.4875030517578125 84.3562469482421875 85.34375 85.81874847412109375 88.3312530517578125 92.41249847412109375 97.88124847412109375 106.7375030517578125 121.8874969482421875 138.212493896484375 151.287506103515625 161.837493896484375 169.818756103515625 175.8125 175.375 174.712493896484375 170.90625 170.6999969482421875 170.15625 169.943756103515625 168.681243896484375 167.3625030517578125 165.931243896484375 167.5749969482421875 166.8937530517578125 163.3000030517578125 158.96875 153.9812469482421875 148.162506103515625 140.493743896484375 132.993743896484375 126.55625152587890625 122.6125030517578125 122.06874847412109375 118.4250030517578125 117.6374969482421875 118.5 116.5500030517578125 117.56874847412109375 117.4187469482421875 118.9562530517578125
94.34999847412109375 92.74375152587890625 91.40000152587890625 90.9499969482421875 90.9875030517578125 90.70000457763671875 90.8312530517578125 91.2375030517578125 93.9375 95.8625030517578125 107.9875030517578125 128.318756103515625 143.40625 154.881256103515625 164.162506103515625 171.649993896484375 175.8625030517578125 174.337493896484375 173.0500030517578125 167.931243896484375 168.03125 167.381256103515625 165.5187530517578125 164.0187530517578125 162.9187469482421875 163.181243896484375 163.337493896484375 162.1999969482421875 159.037506103515625 154.96875 150.3625030517578125 145.09375 137.0437469482421875 128.03125 122.4562530517578125 120.53125 119.03125 117.21875 115.7624969482421875 115.0749969482421875 113.4562530517578125 113.18125152587890625 115.9499969482421875 118.15625
99.7312469482421875 98.09375 97.82500457763671875 97 97.52500152587890625 97.3625030517578125 97.1687469482421875 96.5812530517578125 98.77500152587890625 100.11875152587890625 119.21875 140.0437469482421875 151.524993896484375 161.3000030517578125 168.4375 174.337493896484375 177.1687469482421875 175.743743896484375 171.818756103515625 167.9375 164.818756103515625 163.6374969482421875 161.649993896484375 159.8625030517578125 158.475006103515625 158.087493896484375 156.524993896484375 158.8874969482421875 157.162506103515625 151.399993896484375 145.368743896484375 140.1750030517578125 133.493743896484375 124.15000152587890625 116.8625030517578125 115.6750030517578125 115.90625 114.15625 114.8249969482421875 112.9499969482421875 111.80625152587890625 112.02500152587890625 111.3625030517578125 111.7062530517578125
