data/historical-monthly-weather-data/wc2.1_cruts4.09_10m_prec_1956-02.asc
ncols        51
nrows        45
xllcorner    -63.500000000000
yllcorner    -7.500000000000
cellsize     0.166666666667
NODATA_value -9999
[rows 0 to 19 of 45, columns 0 to 43 of 51]
178.493743896484375 173.743743896484375 165.7312469482421875 160.5 153.25 148.725006103515625 142.7624969482421875 134.7624969482421875 127.21875 122.1999969482421875 120.2624969482421875 118.2687530517578125 115.8000030517578125 109.7375030517578125 106.21875 103.13124847412109375 100.875 97.2312469482421875 96.3562469482421875 95.99375152587890625 96.28125 96.68125152587890625 98.3937530517578125 101.34375 105.11875152587890625 109.81874847412109375 117.41249847412109375 126.0124969482421875 135.03125 141.337493896484375 148.056243896484375 155.3249969482421875 161.243743896484375 167.662506103515625 175.193756103515625 183.875 191.318756103515625 198.4375 206.412506103515625 212.7687530517578125 220.1437530517578125 225.3562469482421875 228.5187530517578125 234.868743896484375
189.225006103515625 185.056243896484375 180.087493896484375 174.375 169.5124969482421875 167.475006103515625 162.8562469482421875 158.7937469482421875 154.318756103515625 149.274993896484375 145.068756103515625 140.1875 134.993743896484375 128.625 123.28749847412109375 118.1687469482421875 114.24375152587890625 111.6437530517578125 111.0187530517578125 110.68125152587890625 110.9499969482421875 112.1125030517578125 114.13124847412109375 116.93125152587890625 119.9562530517578125 124.49375152587890625 131.1125030517578125 139.1687469482421875 147.024993896484375 152.4499969482421875 157.256256103515625 164.2375030517578125 170.318756103515625 177.443756103515625 184.506256103515625 194.15625 203.2624969482421875 211.3249969482421875 219.7624969482421875 226.6374969482421875 234.0625 238.806243896484375 241.287506103515625 246.46875
198.912506103515625 195.256256103515625 190.662506103515625 186.21875 183.118743896484375 182.493743896484375 182.212493896484375 182.7937469482421875 181.774993896484375 177.5749969482421875 171.662506103515625 164.649993896484375 157.100006103515625 148.6687469482421875 141.181243896484375 134.28125 128.4187469482421875 125.5749969482421875 124 123.15625 123.2937469482421875 125.1875 126.59999847412109375 128.9375 132.6374969482421875 135.975006103515625 142.03125 149.6750030517578125 155.975006103515625 160.118743896484375 165.2375030517578125 171.212493896484375 178.2937469482421875 184.931243896484375 193.5 203.381256103515625 214.368743896484375 225.243743896484375 233.40625 240.8249969482421875 248.15625 251.693756103515625 253.6125030517578125 255.7687530517578125
206.287506103515625 203.3312530517578125 200.931243896484375 197.9562530517578125 198.59375 199.15625 202.5812530517578125 207.806243896484375 210.975006103515625 209.506256103515625 202.2687530517578125 191.4187469482421875 179.756256103515625 168.6687469482421875 159.6687469482421875 151.1437530517578125 143.868743896484375 138.7687530517578125 136.6374969482421875 136.65625 137.2937469482421875 138.34375 138.8125 140.90625 143.662506103515625 146.587493896484375 152.6750030517578125 159.1875 164.493743896484375 168.53125 172.318756103515625 178.8125 185.53125 193.274993896484375 201.71875 214.0749969482421875 226.868743896484375 238.9375 248.875 257.149993896484375 263.068756103515625 265.568756103515625 266.48126220703125 266.61248779296875
218.4250030517578125 213.087493896484375 208.931243896484375 208.09375 210.7937469482421875 214.9187469482421875 220.399993896484375 230.568756103515625 240.493743896484375 244.100006103515625 231.75 215.381256103515625 202.125 189.6687469482421875 178.118743896484375 168.1687469482421875 159.7624969482421875 152.6750030517578125 150.4250030517578125 150.462493896484375 151.3312530517578125 151 151.2937469482421875 153.0500030517578125 154.850006103515625 157.375 161.337493896484375 166.40625 172.787506103515625 176.712493896484375 180.381256103515625 185.0749969482421875 193.368743896484375 202.0812530517578125 211.193756103515625 225.2062530517578125 240.6125030517578125 255.03125 265.86248779296875 273.399993896484375 279.98748779296875 280.068756103515625 278.48748779296875 277.33123779296875
227.462493896484375 223.5124969482421875 218.1687469482421875 215.681243896484375 217.850006103515625 223.868743896484375 231.4375 241.993743896484375 254.243743896484375 262.0625 246.6125030517578125 229.287506103515625 216.1999969482421875 204.46875 193.381256103515625 184.412506103515625 175.006256103515625 167.7687530517578125 165.7624969482421875 165.6750030517578125 164.756256103515625 163.6750030517578125 162.993743896484375 163.2375030517578125 163.4187469482421875 165.40625 169.274993896484375 173.493743896484375 178.6437530517578125 182.587493896484375 186.5625 191.5625 199.493743896484375 210.625 221.4499969482421875 236.524993896484375 253.506256103515625 269.375 282.08123779296875 290.318756103515625 294.875 293.54998779296875 290.899993896484375 288.243743896484375
237.162506103515625 233.1999969482421875 228.443756103515625 224.03125 224.7375030517578125 229.118743896484375 235.631256103515625 242.475006103515625 250.5812530517578125 252.2312469482421875 246.0625 235.7062530517578125 225.600006103515625 216.225006103515625 207.6062469482421875 199.899993896484375 193.056243896484375 188.181243896484375 185.3625030517578125 182.193756103515625 178.1750030517578125 175.725006103515625 172.8125 171.6062469482421875 172.399993896484375 172.8125 176.21875 180.59375 183.8562469482421875 187.3874969482421875 192.6125030517578125 198.100006103515625 207.587493896484375 217.2312469482421875 228.8937530517578125 246.712493896484375 264.625 282.57501220703125 298.01873779296875 306.756256103515625 309.100006103515625 307.10626220703125 304.024993896484375 300.01251220703125
246.1750030517578125 240.6875 235.625 233.21875 233.15625 234.618743896484375 236.5124969482421875 237.7375030517578125 238.7687530517578125 239.7624969482421875 241.2937469482421875 239.0625 233.962493896484375 226.5500030517578125 219.9812469482421875 214.556243896484375 209.600006103515625 207.03125 205.037506103515625 197.962493896484375 190.6125030517578125 185.9375 181.6875 180.0500030517578125 180 179.631256103515625 182.556243896484375 185.850006103515625 189.493743896484375 193.087493896484375 197.306243896484375 203.818756103515625 213.8375091552734375 224.90625 236.943756103515625 254.725006103515625 273.79998779296875 292.431243896484375 307.462493896484375 317.618743896484375 322.425018310546875 321.306243896484375 318.21875 312.65625
254.8562469482421875 249.34375 244.024993896484375 241.5437469482421875 240.100006103515625 238.681243896484375 238.75 236.881256103515625 233.5749969482421875 233.850006103515625 238.6437530517578125 241.225006103515625 239.3937530517578125 234.4187469482421875 228.568756103515625 224.4875030517578125 220.0124969482421875 216.3874969482421875 214.0187530517578125 205.59375 196.34375 190.787506103515625 186.443756103515625 186.524993896484375 186.3937530517578125 185.787506103515625 187.84375 190.787506103515625 194.712493896484375 198.149993896484375 202.8249969482421875 209.4250030517578125 219.462493896484375 230.21875 242.337493896484375 261.01873779296875 280.662506103515625 299.79376220703125 316.39373779296875 328.48126220703125 335.21875 335.66876220703125 334.66876220703125 331.03125
263.11248779296875 257.58123779296875 252.71875 249.056243896484375 246.25 243.681243896484375 243.306243896484375 241.087493896484375 240.5250091552734375 241.350006103515625 245.28125 246.149993896484375 246.1875 241.6999969482421875 236.875 231.649993896484375 226.3562469482421875 221.087493896484375 214.5749969482421875 206.774993896484375 198.756256103515625 193.7687530517578125 190.5625 192.431243896484375 192.475006103515625 191.5 193.75 195.8000030517578125 200.0437469482421875 203.6687469482421875 207.368743896484375 213.462493896484375 223.8625030517578125 235.806243896484375 248.7312469482421875 267.368743896484375 287.399993896484375 305.993743896484375 323.39373779296875 338.32501220703125 349.056243896484375 351.95623779296875 351.5625 347.9375
270.100006103515625 264.34375 259.368743896484375 255.256256103515625 251.4875030517578125 248.725006103515625 247.787506103515625 247.3000030517578125 248.443756103515625 250.506256103515625 254.5437469482421875 255.7375030517578125 254.350006103515625 249.71875 244.3125 238.306243896484375 231.3312530517578125 223.256256103515625 214.6437530517578125 206.806243896484375 198.7937469482421875 194.3312530517578125 193.4812469482421875 194.837493896484375 197.850006103515625 196.7624969482421875 198.09375 200.7624969482421875 203.9187469482421875 207.056243896484375 211.3874969482421875 217.212493896484375 227.40625 239.556243896484375 253.9499969482421875 273.381256103515625 292.318756103515625 312.306243896484375 330.625 346.42498779296875 359.5 363.556243896484375 365.100006103515625 363.34375
276.4375 270.4375 264.76873779296875 260.881256103515625 257.568756103515625 255.03125 254.25 255.71875 257.45623779296875 260.256256103515625 264.95001220703125 267.243743896484375 264.25 258.40625 252.381256103515625 244.568756103515625 236.524993896484375 226.25 215.5500030517578125 205.975006103515625 197.3000030517578125 193.75 195.5500030517578125 200.3937530517578125 203.368743896484375 201.1750030517578125 201.6437530517578125 203.8312530517578125 207.0187530517578125 210.962493896484375 215.1999969482421875 220.2687530517578125 230.443756103515625 242.100006103515625 255.96875 275.54998779296875 296.23126220703125 316.806243896484375 336.475006103515625 354.28125 369.725006103515625 373.76251220703125 372.706268310546875 368.21875
279.375 274.193756103515625 269.4375 265.45001220703125 263.33123779296875 261.78125 262.15625 263.42498779296875 265.38751220703125 269.70623779296875 274.35626220703125 276.98126220703125 273.83123779296875 265.96875 258.64373779296875 249.431243896484375 240.3937530517578125 229.8249969482421875 219.068756103515625 208.0250091552734375 196.7687530517578125 193.818756103515625 196.84375 201.6437530517578125 203.0124969482421875 201.475006103515625 203.59375 206.1999969482421875 209.225006103515625 213.375 217.7937469482421875 222.787506103515625 231.59375 243.131256103515625 256.85626220703125 275.793731689453125 296.28125 318.84375 340.63751220703125 360.66876220703125 379.39373779296875 382.14373779296875 376.20623779296875 368.33123779296875
280.98126220703125 276.28125 272.149993896484375 268.975006103515625 267.837493896484375 266.90625 268.631256103515625 270.54998779296875 273.243743896484375 276.931243896484375 280.506256103515625 281.4375 278.412506103515625 272.45623779296875 263.08123779296875 254.0437469482421875 243.850006103515625 233.8312530517578125 223.024993896484375 213.34375 204.524993896484375 200.225006103515625 199.868743896484375 201.65625 202.306243896484375 201.5812530517578125 204.5625 207.431243896484375 210.96875 214.28125 218.6875 223.2062530517578125 231.381256103515625 242.556243896484375 255.4875030517578125 274.66876220703125 296.662506103515625 320.274993896484375 344.75 366.3125 383.0625 380.5625 375.774993896484375 370.34375
283.04376220703125 278.01873779296875 274.725006103515625 273.337493896484375 271.76873779296875 272.23126220703125 275.16876220703125 277.118743896484375 280.431243896484375 283.88751220703125 285.993743896484375 286.837493896484375 283.95623779296875 278.306243896484375 269.1875 259.20001220703125 249.4187469482421875 239.318756103515625 229.587493896484375 221.443756103515625 213.5 207.4562530517578125 204.6687469482421875 204.8874969482421875 204.493743896484375 204.756256103515625 207.6875 210.0500030517578125 213.0500030517578125 216.4250030517578125 219.225006103515625 222.2375030517578125 229.8125 239.1125030517578125 251.225006103515625 269.28125 292.57501220703125 318.04998779296875 341.912506103515625 360.79998779296875 371.181243896484375 373.23748779296875 373.556243896484375 370.256256103515625
283.568756103515625 278.493743896484375 276.087493896484375 275.462493896484375 275.337493896484375 276.662506103515625 279.98126220703125 281.881256103515625 285.91876220703125 290.54376220703125 293 293.943756103515625 291.48126220703125 285.306243896484375 275.70001220703125 263.63751220703125 254.9562530517578125 246.4187469482421875 237.875 230.475006103515625 221.6374969482421875 214.3125 209.600006103515625 209.53125 208.0124969482421875 207.1437530517578125 209.225006103515625 212.068756103515625 215.5437469482421875 218.649993896484375 221.21875 222.2062530517578125 226.125 232.8125 242.006256103515625 260.04998779296875 284.243743896484375 311.98748779296875 337.39373779296875 354.46875 362.51251220703125 365.34375 367.212493896484375 366.35626220703125
281.443756103515625 277.95623779296875 276.16876220703125 276.318756103515625 277.443756103515625 279.618743896484375 283.318756103515625 286.412506103515625 291.08123779296875 296.48748779296875 300.67498779296875 302.618743896484375 301.149993896484375 295.506256103515625 284.887481689453125 272.09375 261.0625 251.993743896484375 243.9499969482421875 237.375 229.0437469482421875 221.0124969482421875 214.506256103515625 213.59375 212.225006103515625 209.368743896484375 210.006256103515625 213.412506103515625 217.725006103515625 221.8000030517578125 223.5187530517578125 222.9187469482421875 223.412506103515625 224.28125 231.087493896484375 247.9499969482421875 271.96875 304.256256103515625 335.649993896484375 346.712493896484375 349.399993896484375 353.600006103515625 356.07501220703125 357.087493896484375
277.60626220703125 275.337493896484375 275.5625 277.20001220703125 278.943756103515625 281.837493896484375 286.243743896484375 290.087493896484375 295.20001220703125 300.73126220703125 306.443756103515625 311.32501220703125 313.037506103515625 308.193756103515625 297.57501220703125 284.412506103515625 269.625 256.537506103515625 249.96875 243.381256103515625 236.5749969482421875 227.6750030517578125 218.8874969482421875 215.975006103515625 213.8937530517578125 211.181243896484375 210.9375 215.1750030517578125 220.524993896484375 225.274993896484375 226.087493896484375 220.3625030517578125 217.556243896484375 215.443756103515625 218.0187530517578125 230.84375 257.85626220703125 289.64373779296875 318.931243896484375 333.4375 337.274993896484375 341.25 344.662506103515625 347.15625
272.756256103515625 272.01873779296875 273.23126220703125 274.96875 277.89373779296875 282.84375 287.225006103515625 292.53125 298.95623779296875 304.58123779296875 311.725006103515625 318.10626220703125 323.056243896484375 323.162506103515625 310.725006103515625 293.587493896484375 276.6875 261.04376220703125 252.25 246.7312469482421875 241.0625 232.5625 220.2062530517578125 216.5187530517578125 214.3625030517578125 212.8625030517578125 214.1374969482421875 218.1437530517578125 224.1125030517578125 230.0124969482421875 231.162506103515625 222.868743896484375 214.9187469482421875 206.34375 203.350006103515625 216.28125 242.3874969482421875 271.73748779296875 298.41876220703125 314.681243896484375 323.26251220703125 327.068756103515625 331.881256103515625 336
268.20001220703125 267.36248779296875 269.306243896484375 271.837493896484375 276.350006103515625 282.506256103515625 288.631256103515625 293.61248779296875 300.3125 306.556243896484375 313.32501220703125 321.337493896484375 330.58123779296875 337.118743896484375 321.45623779296875 297.54998779296875 276.893768310546875 262.6875 253.5749969482421875 247.8249969482421875 239.0625 228.6999969482421875 219.9875030517578125 216.274993896484375 214.193756103515625 213 215.899993896484375 221.087493896484375 225.6687469482421875 230.568756103515625 229.9875030517578125 223.8562469482421875 211.84375 197.8000030517578125 188.8249969482421875 203.2937469482421875 231.7062530517578125 260.337493896484375 284.29998779296875 301.212493896484375 309.9375 313.287506103515625 320.875 327
