data/historical-monthly-weather-data/wc2.1_cruts4.09_10m_prec_1957-10.asc
ncols        51
nrows        45
xllcorner    -63.500000000000
yllcorner    -7.500000000000
cellsize     0.166666666667
NODATA_value -9999
[rows 0 to 18 of 45, columns 0 to 43 of 51]
118.71875 114.9375 112.2624969482421875 111.7375030517578125 110.5749969482421875 109.8937530517578125 107.8312530517578125 105.99375152587890625 104.8874969482421875 104.93125152587890625 106.3874969482421875 107.68125152587890625 108.4499969482421875 107.8312530517578125 107.7937469482421875 107.6750030517578125 107.3625030517578125 105.63124847412109375 104.54375457763671875 103.2937469482421875 102.06874847412109375 100.36875152587890625 99.0812530517578125 98.31874847412109375 97.96250152587890625 98.02500152587890625 98.46250152587890625 99.27500152587890625 100.6437530517578125 102.59375 105.00624847412109375 107.59999847412109375 110.6062469482421875 114.1125030517578125 117.72499847412109375 118.8125 119.3874969482421875 119.46875 117.7687530517578125 115.50624847412109375 113.19374847412109375 111.03125 107.9250030517578125 104.11875152587890625
117.8937530517578125 114.1374969482421875 113.15625 114.28125 115.68125152587890625 114.59375 113.03749847412109375 112.50624847412109375 113.0749969482421875 113.5437469482421875 114.21250152587890625 114.4187469482421875 114.1750030517578125 113.3312530517578125 112.5500030517578125 112.08750152587890625 110.625 109.34375 108.40625 107.6687469482421875 106.13124847412109375 104.81874847412109375 103.7312469482421875 103.2062530517578125 102.8874969482421875 102.36875152587890625 103.06874847412109375 103.8249969482421875 104.78749847412109375 106.4875030517578125 109.96875 113.96875 117.86875152587890625 122.5500030517578125 126.25624847412109375 126.6875 127.34999847412109375 127.0187530517578125 125.1125030517578125 122.34999847412109375 119.8249969482421875 117.58750152587890625 114.36875152587890625 110.2312469482421875
117.90625 115.2687530517578125 114.9499969482421875 117.1750030517578125 119.5 119.9875030517578125 120.66249847412109375 122.375 124.46875 125.25624847412109375 124.86875152587890625 123.46875 121.75 119.52500152587890625 117.8562469482421875 116.43125152587890625 114.93125152587890625 113.4812469482421875 112.2937469482421875 111.44374847412109375 110.11875152587890625 109.6437530517578125 108.8937530517578125 108.38124847412109375 108.02500152587890625 107.94374847412109375 108.2624969482421875 108.75 108.625 110.84999847412109375 114.8249969482421875 118.5124969482421875 122.41249847412109375 127.31874847412109375 131.4187469482421875 131.8249969482421875 131.84375 131.8125 130.193756103515625 127.47499847412109375 124.9499969482421875 122.59375 119.4875030517578125 115.91249847412109375
117.05625152587890625 114.88124847412109375 116.33750152587890625 118.03749847412109375 121.1750030517578125 123.46250152587890625 126.96875 131.3874969482421875 136.2937469482421875 138.1062469482421875 136.006256103515625 132.318756103515625 128.59375 125.1999969482421875 123.33750152587890625 121.06874847412109375 118.9375 117.6750030517578125 116.56874847412109375 115.81874847412109375 115.0812530517578125 114.2937469482421875 113.28125 113.19374847412109375 112.9250030517578125 112.6750030517578125 112.625 112.4187469482421875 112.1875 114.3562469482421875 118.28125 122.54999542236328125 125.6125030517578125 129.6374969482421875 133.0749969482421875 134.756256103515625 135.40625 135.412506103515625 134.2937469482421875 132.006256103515625 128.6999969482421875 126.6750030517578125 123.88124847412109375 120.9187469482421875
121.3562469482421875 116.88124847412109375 115.59999847412109375 117.22499847412109375 121.53749847412109375 125.94374847412109375 131.28125 137.837493896484375 146.462493896484375 151.462493896484375 146.462493896484375 139.162506103515625 134.1875 130.587493896484375 127.9187469482421875 125.03125 122.8312530517578125 120.7937469482421875 119.3625030517578125 118.5437469482421875 118.7624969482421875 118.09375 117.31874847412109375 117.6125030517578125 117.47499847412109375 117.2375030517578125 116.19374847412109375 116.0437469482421875 116.125 117.4250030517578125 121.00624847412109375 124.88124847412109375 128.306243896484375 132.0124969482421875 135.868743896484375 137.068756103515625 137.875 138.5500030517578125 137.3125 135.1687469482421875 131.9499969482421875 129.375 127.33750152587890625 124.66249847412109375
125.69374847412109375 121.4375 117.5124969482421875 115.41249847412109375 120.6437530517578125 127.18125152587890625 133.03125 139.7687530517578125 148.65625 155.90625 149.024993896484375 141.2312469482421875 137.006256103515625 133.443756103515625 130.65625 128.5625 125.99375152587890625 124.0124969482421875 122.91249847412109375 122.06874847412109375 122.56874847412109375 122.59375 122.41249847412109375 121.8125 121.53749847412109375 120.99375152587890625 119.34999847412109375 118.1062469482421875 118.2062530517578125 119 122.06874847412109375 126.3937530517578125 128.962493896484375 132.40625 135.912506103515625 137.40625 138.350006103515625 139.8249969482421875 140.118743896484375 137.1999969482421875 132.1062469482421875 129.899993896484375 127.78749847412109375 126.09375
133.0124969482421875 128.5 124.00624847412109375 120.71250152587890625 123.5124969482421875 127.83750152587890625 132.162506103515625 135.993743896484375 139.90625 141.7062530517578125 141.1875 138.90625 137.1374969482421875 135.193756103515625 132.993743896484375 131.368743896484375 129.306243896484375 127.08750152587890625 125.6437530517578125 125.34375 126.5749969482421875 127.28749847412109375 127.2624969482421875 126.65625 126.1374969482421875 125.13124847412109375 123.2312469482421875 121.00624847412109375 119.5437469482421875 120.5437469482421875 123.1750030517578125 126.41249847412109375 128.3937530517578125 131.5812530517578125 134.975006103515625 135.6999969482421875 136.6062469482421875 138.1374969482421875 140.2375030517578125 135.8312530517578125 130.181243896484375 126.94374847412109375 125.34999847412109375 124.7312469482421875
141.4562530517578125 136.3562469482421875 132.875 131.162506103515625 131.3249969482421875 133.0500030517578125 132.681243896484375 129.9562530517578125 126.0749969482421875 126.2624969482421875 131.287506103515625 134.162506103515625 135.9375 135.912506103515625 135.462493896484375 134.193756103515625 132.5437469482421875 130.475006103515625 129.162506103515625 129.375 131.287506103515625 132.318756103515625 132.59375 132.0124969482421875 131.0500030517578125 129.087493896484375 126.0749969482421875 122.53749847412109375 120.1437530517578125 119.7937469482421875 122.1750030517578125 125.3312530517578125 127.1374969482421875 129.899993896484375 132.212493896484375 132.318756103515625 131.65625 132.006256103515625 131.5812530517578125 127.90000152587890625 122.6374969482421875 119.15000152587890625 116.83750152587890625 115.625
149.59375 145.556243896484375 143.181243896484375 141.25 140.5625 139.7375030517578125 136.931243896484375 130.1687469482421875 120.47499847412109375 117.25624847412109375 125.30625152587890625 131.1875 135.256256103515625 136.4875030517578125 137.1999969482421875 137.193756103515625 136.318756103515625 135.8249969482421875 135.881256103515625 135.9250030517578125 137.587493896484375 138.9875030517578125 138.1437530517578125 137.6687469482421875 135.34375 131.96875 127.25 124.15625 121.2687530517578125 119.75624847412109375 121.5 123.7687530517578125 124.41249847412109375 125.78749847412109375 126.8125 126.6999969482421875 125.8562469482421875 124.1750030517578125 121.6374969482421875 117.86875152587890625 112.6437530517578125 108.28749847412109375 105.5625 102.5
158.537506103515625 155.0187530517578125 152.6062469482421875 151.4562530517578125 151.037506103515625 149.3937530517578125 145.25 137.5 129.100006103515625 125.6750030517578125 128.78125 132.46875 136.4499969482421875 138.4312591552734375 139.9499969482421875 140.8625030517578125 140.78125 141.8312530517578125 143.0500030517578125 144.90625 146.0749969482421875 146.631256103515625 144.7375030517578125 142.256256103515625 137.774993896484375 133.443756103515625 128.9187469482421875 124.56874847412109375 121.52500152587890625 119.66249847412109375 119.5812530517578125 121.0437469482421875 121.0187530517578125 121.83750152587890625 122.5625 121.59999847412109375 119.46250152587890625 116.5500030517578125 113.25 108.1875 102.5187530517578125 97.6062469482421875 93.1062469482421875 89.0124969482421875
167.725006103515625 164.462493896484375 161.96875 160.9187469482421875 160.78125 161.256256103515625 157.4875030517578125 148.537506103515625 140.681243896484375 136.774993896484375 136.725006103515625 138.068756103515625 139.693756103515625 141.71875 143.506256103515625 144.443756103515625 145.4499969482421875 147.712493896484375 150.443756103515625 153.7312469482421875 156.5749969482421875 155.7312469482421875 152.03125 145.8312530517578125 141.1999969482421875 137.03125 132.3125 127.5625 122.91249847412109375 120.41249847412109375 119.59375 119.9187469482421875 119.27500152587890625 119.11875152587890625 118.44374847412109375 116.2062530517578125 113.16249847412109375 108.73749542236328125 104.52500152587890625 98.86875152587890625 92.66249847412109375 87.3625030517578125 82.7937469482421875 77.5187530517578125
174.850006103515625 171.4250030517578125 169.2312469482421875 168.8312530517578125 169.2624969482421875 170.462493896484375 168.381256103515625 158.3249969482421875 150.850006103515625 145.9375 143.881256103515625 144.2375030517578125 144.6687469482421875 146.287506103515625 148.5749969482421875 149.4375 150.7312469482421875 153.3000030517578125 156.556243896484375 161.350006103515625 166.5625 165.09375 159.443756103515625 151.1999969482421875 143.9499969482421875 137.631256103515625 131.787506103515625 127.8312530517578125 124.0625 121.6125030517578125 119.38124847412109375 118.5812530517578125 116.8249969482421875 115.875 114.7687530517578125 111.5749969482421875 107.45624542236328125 102.81874847412109375 97.375 91.28749847412109375 84.03125 78.50624847412109375 73.7687530517578125 69.05625152587890625
180.7624969482421875 177.662506103515625 175.556243896484375 174.5749969482421875 174.71875 174.75 170.9812469482421875 164.1875 157.7375030517578125 153.84375 151.381256103515625 150.4812469482421875 150.774993896484375 150.5500030517578125 152.5124969482421875 154.2687530517578125 155.09375 158.162506103515625 161.71875 165.962493896484375 172.8625030517578125 171.9499969482421875 165.256256103515625 156.1374969482421875 143.59375 135.6062469482421875 132.90625 129.037506103515625 125.8625030517578125 122.71250152587890625 119.5812530517578125 116.94374847412109375 114.81874847412109375 112.65000152587890625 110.8937530517578125 107.4375 102.8625030517578125 98.3625030517578125 92.97499847412109375 85.1062469482421875 77.63124847412109375 72.77500152587890625 67.5812530517578125 59.72499847412109375
185.3312530517578125 182.0749969482421875 180.0749969482421875 178.725006103515625 177.6999969482421875 176.6687469482421875 173.0812530517578125 168.5812530517578125 164.0124969482421875 159.912506103515625 156.96875 155.712493896484375 155.318756103515625 155.4875030517578125 155.6750030517578125 157.493743896484375 157.9562530517578125 160.28125 162.875 166.09375 171.53125 171.462493896484375 167.993743896484375 160.431243896484375 150.149993896484375 142.475006103515625 137.78125 132.6750030517578125 128.1687469482421875 123.0625 118.4250030517578125 115.1999969482421875 112.24375152587890625 109.71250152587890625 107.6125030517578125 104.28125 100.06874847412109375 96.22499847412109375 90.97499847412109375 83.77500152587890625 74.99375152587890625 67.8937530517578125 62.456249237060546875 57.043750762939453125
187.806243896484375 184.806243896484375 182.068756103515625 180.6374969482421875 179.274993896484375 177.6875 175.9375 172.662506103515625 168.16876220703125 164.5749969482421875 161.9000091552734375 160.34375 159.600006103515625 159.625 159.181243896484375 160.556243896484375 160.212493896484375 160.7375030517578125 161.5749969482421875 164.181243896484375 168.931243896484375 171.131256103515625 171.1125030517578125 167.9562530517578125 162.3000030517578125 155.087493896484375 146.75 138.368743896484375 130.9812469482421875 123.44374847412109375 117.1125030517578125 112.59375 109.47499847412109375 107.63124847412109375 105.59375 102.0437469482421875 99.1062469482421875 97.74375152587890625 95.43125152587890625 88.24375152587890625 78.4875030517578125 70.59375 64.83750152587890625 59.53125
188.600006103515625 185.3000030517578125 182.9812469482421875 181.6750030517578125 180.2562408447265625 179.4437408447265625 177.899993896484375 175.037506103515625 171.618743896484375 168.6687469482421875 165.306243896484375 162.756256103515625 161.9499969482421875 162.1437530517578125 162.274993896484375 162.306243896484375 160.0749969482421875 159.381256103515625 159.2312469482421875 160.556243896484375 164.65625 169.5437469482421875 174.056243896484375 176.7937469482421875 174.1875 166.600006103515625 156.25 145.087493896484375 134.4562530517578125 123.875 115.7375030517578125 109.4875030517578125 105.84375 104.03749847412109375 101.46250152587890625 97.5500030517578125 97.6062469482421875 97.99375152587890625 98.77500152587890625 93.58750152587890625 85.88124847412109375 77.25624847412109375 69.5625 62.5625
187.3625030517578125 184.475006103515625 183.506256103515625 183.0124969482421875 181.743743896484375 181.243743896484375 180.2937469482421875 178.15625 175.2312469482421875 171.5 167.725006103515625 164.71875 162.75 162.03125 161.3312530517578125 160.25 156.3312530517578125 154.5749969482421875 154.212493896484375 155.5 159.65625 166.181243896484375 175.03125 183.431243896484375 185.4812469482421875 174.837493896484375 163.1437530517578125 148.931243896484375 135.3125 122.90625 114.03125 108.2312469482421875 102.2312469482421875 97.71250152587890625 94.28749847412109375 93.59999847412109375 95.34999847412109375 101.66249847412109375 108.80625152587890625 102.58750152587890625 94.2312469482421875 84.28749847412109375 74.24375152587890625 66.53749847412109375
185.5500030517578125 183.40625 183.7624969482421875 183.931243896484375 183.5187530517578125 184.1875 184 182.0500030517578125 178.9250030517578125 175.21875 171.2062530517578125 166.662506103515625 163.0812530517578125 160.1125030517578125 157.8625030517578125 155.131256103515625 150.912506103515625 148.1062469482421875 148.212493896484375 149.0124969482421875 153.0187530517578125 159.6687469482421875 169.2312469482421875 179.212493896484375 183.056243896484375 175.8937530517578125 166.587493896484375 151.0500030517578125 134.90625 120.09375 109.9250030517578125 103.66249847412109375 100.28749847412109375 97.8937530517578125 92.15625 85.5500030517578125 92.5625 101.6999969482421875 107.0625 105.1437530517578125 97.83750152587890625 88.58750152587890625 78.84375 71.03749847412109375
182.243743896484375 181.943756103515625 183.587493896484375 185.0749969482421875 186.125 187.1999969482421875 187.443756103515625 186.3874969482421875 184.056243896484375 179.462493896484375 173.587493896484375 168.131256103515625 162.4375 157.2937469482421875 153.8000030517578125 151.149993896484375 146.84375 143.0749969482421875 142.75 142.7687530517578125 145.975006103515625 154.34375 160.381256103515625 169.3249969482421875 173.5437469482421875 171.868743896484375 163.3562469482421875 149.5812530517578125 134.8625030517578125 118.28749847412109375 105.65000152587890625 103.0124969482421875 105.15000152587890625 102.3000030517578125 97.28749847412109375 92.77500152587890625 96.1062469482421875 101.2375030517578125 104.72499847412109375 103.9875030517578125 99.0500030517578125 93.2687530517578125 83.5625 75.81874847412109375
