data/historical-monthly-weather-data/wc2.1_cruts4.09_10m_prec_1964-01.asc
ncols        45
nrows        45
xllcorner    -63.500000000000
yllcorner    -7.500000000000
cellsize     0.166666666667
NODATA_value -9999
[rows 0 to 19 of 45, columns 0 to 44 of 45]
135.756256103515625 135.5812530517578125 130.149993896484375 126.28749847412109375 121.1374969482421875 117.77500152587890625 112.83750152587890625 106.3937530517578125 100.78125 96.7312469482421875 93.84375 91.8874969482421875 89.3562469482421875 84.8874969482421875 82.84999847412109375 82.15625 81.71250152587890625 80.3625030517578125 82.8000030517578125 85.16249847412109375 87.7312469482421875 91.1999969482421875 94.8125 98.7312469482421875 104.03125 109.03749847412109375 115.81874847412109375 123.9499969482421875 131.774993896484375 131.100006103515625 129.3000030517578125 127.33750152587890625 124.61875152587890625 122.84999847412109375 120.16249847412109375 119.625 117.65625 115.30625152587890625 115.7624969482421875 116.31874847412109375 116.59999847412109375 118.1437530517578125 119.28125 120.9499969482421875 124.7687530517578125
142.118743896484375 142.125 138.618743896484375 135.1125030517578125 132.1062469482421875 129.28125 124.59375 120 115.6125030517578125 111.4375 106.8312530517578125 102.88124847412109375 98.4562530517578125 94.47499847412109375 91.6062469482421875 89.40625 87.64374542236328125 87.875 90.41249847412109375 94.1437530517578125 97.875 101.58750152587890625 105.9375 110.7312469482421875 114.9562530517578125 119.3874969482421875 126.11875152587890625 133.3937530517578125 139.8312530517578125 139.7687530517578125 137.71875 135.181243896484375 132.8312530517578125 132.2624969482421875 129.8562469482421875 128.65625 128.912506103515625 127.44374847412109375 127.97499847412109375 128.90625 130.0625 131.4250030517578125 131.625 132.875 136.0812530517578125
145.118743896484375 145.881256103515625 143.4437408447265625 141.412506103515625 139.943756103515625 137.9562530517578125 135.181243896484375 132.6125030517578125 129.0812530517578125 125.11875152587890625 120.19374847412109375 115.15625 110.24375152587890625 105.0124969482421875 101.3312530517578125 97.6875 95.2687530517578125 95.21250152587890625 96.84375 100.8562469482421875 104.84375 109.33750152587890625 113.44374847412109375 117.25 120.83750152587890625 124.53749847412109375 131.131256103515625 138.2062530517578125 143.4187469482421875 142.28125 140.8625030517578125 138.712493896484375 136.975006103515625 133.7062530517578125 132.006256103515625 131.0749969482421875 131.225006103515625 130.9875030517578125 132.024993896484375 132.993743896484375 134.9875030517578125 136.4187469482421875 137.3312530517578125 138.568756103515625 140.5500030517578125
145.975006103515625 147.462493896484375 148.2375030517578125 147.8312530517578125 148.787506103515625 145.506256103515625 144.850006103515625 144.9812469482421875 143.556243896484375 140.943756103515625 134.943756103515625 128.4562530517578125 122.3000030517578125 116.28749847412109375 111.99375152587890625 107.53749847412109375 103.625 101.7624969482421875 103.21250152587890625 108.00624847412109375 113.1062469482421875 117.3562469482421875 119.5437469482421875 123.1062469482421875 126.3000030517578125 129.537506103515625 136.1062469482421875 141.5124969482421875 146.3000030517578125 145.1750030517578125 143.100006103515625 141.631256103515625 138.806243896484375 135.0875091552734375 131.743743896484375 132.1125030517578125 131.993743896484375 132.3874969482421875 134.3874969482421875 136.649993896484375 138.09375 140.6437530517578125 142.193756103515625 143.1437530517578125 144.818756103515625
151.5187530517578125 151.3874969482421875 151.649993896484375 153.462493896484375 155.431243896484375 154.4562530517578125 153.75 155.756256103515625 157.125 156.28125 149 141.4812469482421875 135.256256103515625 129.21875 124.18125152587890625 118.8125 113.4562530517578125 108.80625152587890625 110.8874969482421875 116.8937530517578125 122.53749847412109375 125.5812530517578125 127 129.28125 131.4187469482421875 134.8000030517578125 139.09375 144.118743896484375 150.2437591552734375 148.568756103515625 146.2062530517578125 142.4375 140.15625 137.024993896484375 133.5749969482421875 134.0625 135.2249908447265625 135.0500030517578125 137.8000030517578125 140.412506103515625 143.6062469482421875 145.9375 148.2312469482421875 149.0500030517578125 150.118743896484375
155.493743896484375 156.662506103515625 157.256256103515625 158.212493896484375 160.1875 159.78125 159.8125 160.9875030517578125 162.6875 163.21875 156.181243896484375 150.3249969482421875 144.850006103515625 139.9499969482421875 134.8249969482421875 131.212493896484375 125.6999969482421875 120.1750030517578125 123.0625 128.524993896484375 132.0625 133.256256103515625 134.1687469482421875 134.5625 135.8625030517578125 137.96875 142.3000030517578125 146.837493896484375 152.0812530517578125 151.6687469482421875 149.28125 146.506256103515625 143.850006103515625 142.1750030517578125 141.6062469482421875 143.1437530517578125 145.3249969482421875 147.0812530517578125 150.475006103515625 154.1875 156.274993896484375 158.7312469482421875 160.0812530517578125 160.65625 161.21875
159.2375030517578125 161.15625 162.4375 162.3562469482421875 162.84375 160.8874969482421875 160.412506103515625 160.5437469482421875 160.4562530517578125 159.0437469482421875 157.46875 155.399993896484375 153.6374969482421875 150.9375 147.8249969482421875 145.818756103515625 143.8000030517578125 142.5437469482421875 144.100006103515625 144.649993896484375 142.412506103515625 141.3562469482421875 139.131256103515625 138.59375 139.3249969482421875 139.875 143.8625030517578125 148.5625 152.7062530517578125 152.649993896484375 152.287506103515625 150.6999969482421875 149.1125030517578125 148.256256103515625 148.662506103515625 152.9499969482421875 156.868743896484375 160.818756103515625 166.15625 169.056243896484375 170.618743896484375 172.3625030517578125 173.2062530517578125 173.3562469482421875 173.243743896484375
163.84375 164.212493896484375 165.21875 165.96875 166.024993896484375 164.118743896484375 161.337493896484375 156.993743896484375 153.568756103515625 154.7687530517578125 158.2624969482421875 160.7312469482421875 162.5124969482421875 161.6125030517578125 161.0437469482421875 160.962493896484375 162.0124969482421875 163.318756103515625 165.9375 160.5437469482421875 152.5437469482421875 147.850006103515625 143.75 142.399993896484375 142.3874969482421875 141.6750030517578125 144.806243896484375 149.037506103515625 153.9875030517578125 155.0749969482421875 154.712493896484375 154.5 154.3937530517578125 155.056243896484375 156.8249969482421875 162.7687530517578125 168.8562469482421875 174.6750030517578125 180.03125 184.2937469482421875 186.8874969482421875 188.3000030517578125 188.712493896484375 187.881256103515625 188.337493896484375
168.587493896484375 168.975006103515625 170.037506103515625 169.8625030517578125 170.2937469482421875 167.4375 164.0812530517578125 159.712493896484375 154.493743896484375 154.225006103515625 162.100006103515625 167.6374969482421875 172.21875 173.0187530517578125 172.7062530517578125 172.2874908447265625 172.693756103515625 173.524993896484375 174.443756103515625 167.1750030517578125 156.71875 151.03125 145.78125 145.5812530517578125 144.774993896484375 143.375 146.6374969482421875 150.337493896484375 155.6750030517578125 158.506256103515625 160.337493896484375 160.6875 162.443756103515625 164.2937469482421875 167.493743896484375 174.462493896484375 182.7687530517578125 190.1999969482421875 196.274993896484375 201.493743896484375 204.3874969482421875 205.28125 206.899993896484375 207.1062469482421875 206.774993896484375
173.1374969482421875 173.524993896484375 173.4375 173.556243896484375 174.1999969482421875 172.1875 169.3937530517578125 166.868743896484375 164.9187469482421875 167.15625 172.943756103515625 178.6750030517578125 183.381256103515625 185.03125 183.7312469482421875 182.03125 179.7624969482421875 177.0500030517578125 173.1750030517578125 166.5437469482421875 156.8937530517578125 150.993743896484375 146.3937530517578125 147.2062530517578125 145.28125 143.0812530517578125 146.5625 151.024993896484375 156.087493896484375 160.337493896484375 163.5749969482421875 166.256256103515625 170.28125 174.475006103515625 179.649993896484375 187.6374969482421875 196.8874969482421875 206.0625 212.881256103515625 218.875 223.912506103515625 224.975006103515625 225.96875 224.8625030517578125 225.15625
178.5187530517578125 179 177.9375 177.568756103515625 177.5 176.681243896484375 175.4875030517578125 175.9250030517578125 176.818756103515625 180.399993896484375 187.1374969482421875 192.899993896484375 195.6999969482421875 196.368743896484375 193.037506103515625 188.7937469482421875 183.4875030517578125 177.4499969482421875 170.4499969482421875 162.625 155.0187530517578125 149.0437469482421875 146.181243896484375 145.78125 145.5749969482421875 142.3874969482421875 145.712493896484375 150.681243896484375 156.100006103515625 160.725006103515625 165.774993896484375 171.024993896484375 177.46875 183.96875 190.837493896484375 200.975006103515625 211.3874969482421875 220.9562530517578125 229.2687530517578125 236.725006103515625 242.40625 242.2687530517578125 242.96875 242.006256103515625 242.100006103515625
183.2312469482421875 183.381256103515625 182.7062530517578125 183.34375 183.8062591552734375 183.118743896484375 183.4499969482421875 186.6999969482421875 189.6999969482421875 194.0124969482421875 201.4875030517578125 208.3125 208.1999969482421875 205.943756103515625 201.0124969482421875 194.306243896484375 187.6374969482421875 178.306243896484375 169.8312530517578125 160.3249969482421875 151.693756103515625 146.2062530517578125 145 147.4187469482421875 146.375 141.6687469482421875 145.693756103515625 151.5 158.3937530517578125 165.4562530517578125 172.15625 178.568756103515625 186.2062530517578125 193.756256103515625 201.787506103515625 212.84375 224.1750030517578125 234.149993896484375 242.4187469482421875 250.381256103515625 256.08123779296875 255.29998779296875 252.5749969482421875 249.4375 247.3125
188.8874969482421875 189.287506103515625 189.0625 189.399993896484375 190.024993896484375 191.3562469482421875 192.78125 195.90625 200.2375030517578125 206.0187530517578125 213.631256103515625 219.6875 218.6437530517578125 212.350006103515625 206.212493896484375 198.7624969482421875 190.40625 181.0062408447265625 171.068756103515625 160.1687469482421875 147.6125030517578125 142.912506103515625 142.943756103515625 144 140.3312530517578125 136.9375 144.3312530517578125 153.131256103515625 161.556243896484375 170.556243896484375 179 186.662506103515625 194.6437530517578125 202.881256103515625 211.6687469482421875 223.2937469482421875 234.756256103515625 245.1125030517578125 252.712493896484375 260.256256103515625 266.95623779296875 264.662506103515625 256.20001220703125 248.1125030517578125 244.0749969482421875
192.9375 193.962493896484375 193.9499969482421875 194.625 195.9250030517578125 196.8000030517578125 199.2624969482421875 204.4875030517578125 209.6125030517578125 215.975006103515625 221.756256103515625 224.84375 221.868743896484375 216.5 208.5625 201.6374969482421875 192.5124969482421875 183.25 172.6437530517578125 162.087493896484375 150.9875030517578125 144.7687530517578125 141.0500030517578125 140.725006103515625 137.350006103515625 136 144.5625 154.6374969482421875 165.5187530517578125 175.8312530517578125 185.84375 194.9875030517578125 203.225006103515625 211.28125 221.006256103515625 232.7062530517578125 244.931243896484375 256.506256103515625 262.98748779296875 268.587493896484375 271.943756103515625 261.83123779296875 253.662506103515625 248.9499969482421875 247.537506103515625
195.4812469482421875 196.8937530517578125 197.78125 198.9499969482421875 201.5250091552734375 203.399993896484375 207.131256103515625 211.875 216.556243896484375 221.5749969482421875 226.9375 227.8312530517578125 224.850006103515625 219.6437530517578125 211.431243896484375 203.7375030517578125 194.53125 184.3874969482421875 174.618743896484375 165.7312469482421875 155.693756103515625 147.3312530517578125 142.21875 141.40625 140.9499969482421875 141.537506103515625 150.556243896484375 161.8625030517578125 173.337493896484375 185.1999969482421875 195.7375030517578125 204.53125 213.787506103515625 221.2312469482421875 230.15625 241.0749969482421875 254.0500030517578125 267.100006103515625 274.568756103515625 274.51251220703125 269.399993896484375 261.35626220703125 257.431243896484375 253.868743896484375 250.125
196.8312530517578125 198.399993896484375 200.037506103515625 201.8312530517578125 205.21875 207.868743896484375 212.2312469482421875 216.931243896484375 220.6875 225.78125 230.6062469482421875 230.693756103515625 227.4562530517578125 221.9499969482421875 214.2937469482421875 204.15625 195.524993896484375 185.912506103515625 176.15625 167.9562530517578125 159.5875091552734375 151.212493896484375 144.975006103515625 144.71875 145.412506103515625 147.4812469482421875 156.8937530517578125 169.7687530517578125 183.0187530517578125 196.4562530517578125 207.8874969482421875 216.506256103515625 222.743743896484375 229.368743896484375 236.943756103515625 249.943756103515625 263.45001220703125 275.70623779296875 283.368743896484375 281.818756103515625 272.868743896484375 264.70001220703125 261.32501220703125 255.5437469482421875 252.4812469482421875
196.2312469482421875 198.53125 200.125 202.8937530517578125 207.368743896484375 210.5500030517578125 215.4812469482421875 220.2624969482421875 224.006256103515625 228.181243896484375 233.09375 233.287506103515625 229.681243896484375 223.8625030517578125 216.381256103515625 206.7062530517578125 193.9812469482421875 184.4250030517578125 176.5625 170.46875 162.3000030517578125 154.4875030517578125 147.943756103515625 148.162506103515625 150.7062530517578125 153.524993896484375 163.34375 177.2624969482421875 192.962493896484375 208.4812469482421875 221.7624969482421875 230.5124969482421875 234.4375 238.0437469482421875 247.0124969482421875 260.26251220703125 272.712493896484375 286.806243896484375 299.993743896484375 295.98126220703125 287.556243896484375 275.89373779296875 266.287506103515625 258.681243896484375 255.6374969482421875
194.3000030517578125 197.225006103515625 199.068756103515625 202.6437530517578125 206.837493896484375 210.6687469482421875 215.556243896484375 220.1374969482421875 223.6875 228.0500030517578125 231.587493896484375 233.5124969482421875 231.0187530517578125 225.587493896484375 217.681243896484375 206.774993896484375 193.725006103515625 181.881256103515625 176.9250030517578125 171.850006103515625 165.59375 158.3312530517578125 152.2062530517578125 153.6374969482421875 157.056243896484375 161.6750030517578125 171.368743896484375 187.493743896484375 206.1999969482421875 223.9375 236.7312469482421875 239.75 242.318756103515625 246.7937469482421875 253.681243896484375 266.07501220703125 281.399993896484375 295.3125 303.587493896484375 304.07501220703125 295.16876220703125 281.6875 271.537506103515625 264.625 261.3125
189.806243896484375 193.5812530517578125 196.162506103515625 200.6687469482421875 205.65625 209.6062469482421875 213.118743896484375 218.2062530517578125 222.15625 226.46875 229.7624969482421875 230.118743896484375 229.412506103515625 227.375 218.193756103515625 204.9187469482421875 190.712493896484375 179.03125 172.2375030517578125 169.59375 166.5625 161.712493896484375 153.8249969482421875 158.0124969482421875 163.337493896484375 170.3125 183.0437469482421875 199.0812530517578125 219.287506103515625 238.587493896484375 252.8000030517578125 252.4875030517578125 251.0500030517578125 249.1687469482421875 253.0437469482421875 268.006256103515625 285.13751220703125 298.274993896484375 307.58123779296875 307.51873779296875 300.006256103515625 286.48126220703125 276.787506103515625 271.493743896484375 267.681243896484375
184.75 188.9875030517578125 192.068756103515625 195.9250030517578125 201.6062469482421875 206.787506103515625 210.712493896484375 214.600006103515625 218.375 222.462493896484375 225.100006103515625 225.868743896484375 227.8937530517578125 229.375 217.0500030517578125 199.4187469482421875 183.8000030517578125 175.412506103515625 169.850006103515625 167.0625 163.587493896484375 158.149993896484375 154.774993896484375 160.693756103515625 168.5124969482421875 178.5 192.6125030517578125 210.125 228.1125030517578125 244.1875 255.9562530517578125 257.58123779296875 253.243743896484375 246.875 247.34375 263.9375 287.381256103515625 306.89373779296875 315.67498779296875 315.381256103515625 306.837493896484375 291.818756103515625 284.756256103515625 280.256256103515625 275.568756103515625
