data/historical-monthly-weather-data/wc2.1_cruts4.09_10m_prec_2000-11.asc
ncols        45
nrows        45
xllcorner    -63.500000000000
yllcorner    -7.500000000000
cellsize     0.166666666667
NODATA_value -9999
[rows 0 to 19 of 45, columns 0 to 43 of 45]
119.9250030517578125 118.5812530517578125 117.2375030517578125 118.71875 120.1687469482421875 124.03125 127.31874847412109375 130.587493896484375 134.5187530517578125 137.7937469482421875 140.9562530517578125 142.0625 143.25 142.024993896484375 141.1125030517578125 139.537506103515625 138.1374969482421875 134.681243896484375 131.493743896484375 129.0187530517578125 126.2375030517578125 123.3625030517578125 120.97499847412109375 116.49375152587890625 112.5749969482421875 109.11875152587890625 105.58750152587890625 102.0187530517578125 98.03749847412109375 93.21875 88.6750030517578125 84.77500152587890625 80.6750030517578125 77.0625 73.4562530517578125 71.75 70.43125152587890625 69 68.5749969482421875 68.3937530517578125 67.7687530517578125 68.3000030517578125 68.2062530517578125 68.25
122.5 119.53125 118.78125 119.875 122.11875152587890625 125.65000152587890625 128.431243896484375 132.78125 136.9875030517578125 140.1687469482421875 143.1687469482421875 143.5500030517578125 143.3000030517578125 142.5749969482421875 140.868743896484375 140.100006103515625 137.9875030517578125 134.9375 131.506256103515625 128.875 125.55625152587890625 122.26874542236328125 119.6437530517578125 115.875 110.78749847412109375 106.6374969482421875 103.25624847412109375 99.4499969482421875 95.5749969482421875 90.3312530517578125 85.3625030517578125 81.0500030517578125 76.36875152587890625 73.27500152587890625 69.9375 68.05625152587890625 66.5500030517578125 64.97499847412109375 64.33750152587890625 64.08750152587890625 63.80625152587890625 64.1687469482421875 64.46875 64.0812530517578125
129.6062469482421875 127.27500152587890625 126.3249969482421875 126.58750152587890625 128.743743896484375 131.162506103515625 134.837493896484375 138.3937530517578125 142.787506103515625 145.556243896484375 146.8312530517578125 145.9250030517578125 144.8874969482421875 143.1437530517578125 140.96875 139.212493896484375 137.53125 135.0500030517578125 131.65625 129.0812530517578125 125.5187530517578125 121.83750152587890625 118.6875 114.53749847412109375 109.3874969482421875 104.46875 100.7687530517578125 97.16249847412109375 92.88750457763671875 87.375 82.9875030517578125 78.4499969482421875 74.9562530517578125 71.5187530517578125 68.38124847412109375 66.03749847412109375 64.13124847412109375 62.862499237060546875 62.1875 61.918750762939453125 61.450000762939453125 61.549999237060546875 61.831249237060546875 61.924999237060546875
134.818756103515625 132.681243896484375 133.306243896484375 133.3000030517578125 135.4187469482421875 137.1374969482421875 139.5812530517578125 143.4562530517578125 148.431243896484375 151.2375030517578125 150.7062530517578125 148.006256103515625 145.53125 142.71875 140.3937530517578125 138.5749969482421875 137.1437530517578125 134.524993896484375 131.975006103515625 130.3937530517578125 126.63124847412109375 122.2375030517578125 117.6999969482421875 112.4562530517578125 106.9250030517578125 101.80625152587890625 98.02500152587890625 93.4250030517578125 89.5437469482421875 84.84999847412109375 80.41249847412109375 76.43125152587890625 72.44374847412109375 69.05625152587890625 65.8562469482421875 64.1437530517578125 62.375 60.65625 59.950000762939453125 59.375 58.268749237060546875 58.837497711181640625 58.762500762939453125 58.88124847412109375
143.837493896484375 140.087493896484375 136.318756103515625 137.46875 141.09375 142.5749969482421875 144.25 148 153.9250030517578125 157.5500030517578125 153.725006103515625 148.1125030517578125 144.5187530517578125 141.75 139.475006103515625 138.0812530517578125 136.4187469482421875 134.681243896484375 132.46875 130.0437469482421875 126.90625 121.9875030517578125 117.00624847412109375 111.6687469482421875 104.59999847412109375 98.72499847412109375 93.49375152587890625 89.8312530517578125 86.46250152587890625 81.34999847412109375 77.08750152587890625 73.38124847412109375 69.8312530517578125 66.75624847412109375 63.81874847412109375 62.02500152587890625 60.21875 58.46875 57.862499237060546875 56.424999237060546875 55.293750762939453125 55.34375 55.512500762939453125 55.825000762939453125
151.649993896484375 148.7624969482421875 144.8000030517578125 141.337493896484375 145.9187469482421875 149.8249969482421875 152.162506103515625 154.6437530517578125 159.3562469482421875 162.9375 157.3000030517578125 150.9562530517578125 147.318756103515625 144.100006103515625 141.225006103515625 138.9812469482421875 137.350006103515625 135.4625091552734375 133.774993896484375 130.7312469482421875 126.5812530517578125 121.8937530517578125 116.59999847412109375 109.9375 103.4187469482421875 96.8625030517578125 91.7062530517578125 87.46250152587890625 83.78125 78.7375030517578125 74.11249542236328125 71.34999847412109375 68.05625152587890625 65.5500030517578125 62.88124847412109375 61.643749237060546875 60.19374847412109375 58.78125 58.25 56.706249237060546875 54.137500762939453125 53.987499237060546875 53.90000152587890625 54.22499847412109375
161.15625 160.3874969482421875 156.3937530517578125 152.5625 153.7687530517578125 154.868743896484375 156.524993896484375 157.7062530517578125 158.243743896484375 156.5812530517578125 154.5437469482421875 150.9499969482421875 148.59375 145.756256103515625 143.3625030517578125 141.287506103515625 139.162506103515625 136.743743896484375 133.774993896484375 131.9499969482421875 127.27500152587890625 121.89374542236328125 116.24375152587890625 109.0124969482421875 102.03749847412109375 95.8000030517578125 90.1125030517578125 85.19374847412109375 80.27500152587890625 75.5437469482421875 71.58750152587890625 68.59375 66.06874847412109375 64.125 62.237499237060546875 61 59.643749237060546875 58.668750762939453125 58.78749847412109375 56.575000762939453125 53.22499847412109375 52.518749237060546875 52.168750762939453125 52.19374847412109375
172.493743896484375 171.850006103515625 168.8312530517578125 167.4250030517578125 167.9812469482421875 165.9875030517578125 161.899993896484375 156.318756103515625 151.0625 148.693756103515625 150.21875 150.09375 149.068756103515625 146.993743896484375 145.0124969482421875 143.4250030517578125 140.962493896484375 137.9812469482421875 135.181243896484375 132.3625030517578125 128.5 123.0625 116.25 108.58750152587890625 101.84999847412109375 93.9875030517578125 87.6687469482421875 82.0124969482421875 77.2312469482421875 72.1875 68.27500152587890625 65.96875 64.02500152587890625 62.33750152587890625 60.918750762939453125 59.706249237060546875 58.825000762939453125 57.55625152587890625 56.40000152587890625 53.94374847412109375 50.80625152587890625 49.950000762939453125 49.30625152587890625 49.02500152587890625
182.318756103515625 182.9812469482421875 181.5437469482421875 180.46875 180.0749969482421875 176.475006103515625 170.8000030517578125 163.0437469482421875 152.100006103515625 145.9749908447265625 149.037506103515625 150.537506103515625 150.8874969482421875 149.4812469482421875 148.181243896484375 146.4812469482421875 144.2062530517578125 141.8000030517578125 140.71875 137.6125030517578125 131.399993896484375 125.34999847412109375 117.36875152587890625 110.2937469482421875 102.18125152587890625 93.4562530517578125 86.1875 80.3562469482421875 75.1999969482421875 69.58750152587890625 66.19374847412109375 64.55625152587890625 62.5 60.80625152587890625 59.393749237060546875 58.700000762939453125 57.91249847412109375 56.706249237060546875 55.143749237060546875 53.018749237060546875 50.08750152587890625 48.706249237060546875 47.893749237060546875 47.34375
192.7687530517578125 193.243743896484375 192.350006103515625 191.9562530517578125 192.0437469482421875 188.8000030517578125 181.868743896484375 172.756256103515625 163.3312530517578125 157.5812530517578125 156.0124969482421875 154.3125 154.412506103515625 152.7937469482421875 151.2687530517578125 149.850006103515625 147.931243896484375 146.7312469482421875 145.743743896484375 144.0437469482421875 137.131256103515625 129.25 119.72499847412109375 111.3625030517578125 101.81874847412109375 92.8874969482421875 85.78125 79.09999847412109375 73.2937469482421875 67.3562469482421875 64.1062469482421875 62.612499237060546875 60.88124847412109375 59.59375 58.46250152587890625 57.99375152587890625 57.53749847412109375 56.200000762939453125 54.59999847412109375 52.49375152587890625 49.91249847412109375 48.3125 46.762500762939453125 45.46875
203.774993896484375 204.649993896484375 203.431243896484375 203.15625 203.25 201.8562469482421875 195.5124969482421875 185.006256103515625 175.306243896484375 168.350006103515625 165.024993896484375 161.625 159.2062530517578125 156.600006103515625 154.274993896484375 152.350006103515625 151.006256103515625 150.693756103515625 150.712493896484375 150.443756103515625 145.71875 135.7375030517578125 123.46250152587890625 111.3125 101.90625 93.625 86.3249969482421875 79.5187530517578125 72.8125 66.86875152587890625 63.65625 61.9375 60.512500762939453125 59.206249237060546875 57.875 57.168750762939453125 56.518749237060546875 55.481250762939453125 54.44374847412109375 52.481250762939453125 49.862499237060546875 48.00624847412109375 46.137500762939453125 44.543750762939453125
212.337493896484375 212.975006103515625 211.78125 212.537506103515625 212.875 211.681243896484375 206.7375030517578125 195.943756103515625 185.756256103515625 177.9812469482421875 172.5500030517578125 168.4812469482421875 163.381256103515625 159.774993896484375 157.412506103515625 155.5625 154.6750030517578125 154.4812469482421875 155.662506103515625 157.462493896484375 154 143.149993896484375 128.46875 114.1687469482421875 102.9187469482421875 93.8562469482421875 86.30625152587890625 79.7062530517578125 74.0124969482421875 68.375 64.4499969482421875 61.956249237060546875 60.03125 58.424999237060546875 57.27500152587890625 56.706249237060546875 56.018749237060546875 55.36875152587890625 54.325000762939453125 52.74375152587890625 50.668750762939453125 48.50624847412109375 46.31874847412109375 44.456249237060546875
220.287506103515625 221.368743896484375 220.3125 219.7312469482421875 218.9875030517578125 217.125 211.5812530517578125 202.78125 193.2062530517578125 185.712493896484375 179.212493896484375 174.662506103515625 168.96875 161.7062530517578125 158.381256103515625 156.868743896484375 156.4812469482421875 157.8562469482421875 159.600006103515625 161.350006103515625 158.7312469482421875 147.46875 131.306243896484375 117.18125152587890625 104.09375 93.65625 87.1125030517578125 80.6437530517578125 75.1374969482421875 69.84375 65.63124847412109375 62.50624847412109375 59.731250762939453125 57.6875 56.41249847412109375 55.924999237060546875 55.47499847412109375 54.981250762939453125 54.49375152587890625 52.86875152587890625 51.36875152587890625 49.262500762939453125 46.24375152587890625 42.262500762939453125
227.7937469482421875 227.3312530517578125 226.0124969482421875 224.787506103515625 223.6999969482421875 220.0124969482421875 214.78125 207.9187469482421875 200.131256103515625 192.0812530517578125 184.8625030517578125 177.5875091552734375 171.1750030517578125 163.8562469482421875 157.493743896484375 155.962493896484375 156.3125 157.6062469482421875 159.100006103515625 159.743743896484375 155.2062530517578125 144.53125 130.506256103515625 117.3937530517578125 105.44374847412109375 95.34375 89.1062469482421875 82.7624969482421875 76.77500152587890625 71.2062530517578125 66.91249847412109375 63.21250152587890625 59.75 57.09375 55.84375 55.65000152587890625 55.331249237060546875 55.5625 54.799999237060546875 53.83750152587890625 51.84999847412109375 48.15000152587890625 44.36875152587890625 41.84999847412109375
232.6125030517578125 231.6875 230.3312530517578125 228.9499969482421875 227.3125 223.256256103515625 218.837493896484375 212.725006103515625 204.818756103515625 196.625 188.75 181.0124969482421875 173.375 165.368743896484375 156.662506103515625 154.2937469482421875 155.493743896484375 157.2062530517578125 158.875 159 152.8562469482421875 142.493743896484375 130.037506103515625 118.9499969482421875 108.9875030517578125 99.7624969482421875 92.94374847412109375 86.1374969482421875 79.7375030517578125 73.4375 68.38124847412109375 63.950000762939453125 60.268749237060546875 57.28125 55.34375 54.91249847412109375 55.206249237060546875 55.97499847412109375 55.34375 53.049999237060546875 49.53125 46.86875152587890625 44.762500762939453125 43.137500762939453125
235.875 234.493743896484375 233.8249969482421875 232.2937469482421875 230.6999969482421875 227.2375030517578125 222.1437530517578125 216.350006103515625 209.75 202.774993896484375 194.149993896484375 185.756256103515625 177.524993896484375 167.8937530517578125 157.90625 151.631256103515625 154.9499969482421875 158.53125 159.9875030517578125 159.568756103515625 153.068756103515625 142.84375 130.71875 120.9187469482421875 112.1750030517578125 104.5187530517578125 98.1125030517578125 90.8312530517578125 82.97499847412109375 75.63124847412109375 69.8625030517578125 65.1125030517578125 60.80625152587890625 57.80625152587890625 55.012500762939453125 55.13124847412109375 55.97499847412109375 55.33750152587890625 53.875 51.09375 48.30625152587890625 46.72499847412109375 45.168750762939453125 42.91249847412109375
238.7375030517578125 238.243743896484375 236.912506103515625 235.4375 234.475006103515625 231.0437469482421875 227.162506103515625 221.524993896484375 215.5 208.368743896484375 200.493743896484375 192.243743896484375 183.3000030517578125 173.6374969482421875 164.15625 158.162506103515625 157.274993896484375 159.618743896484375 162.0437469482421875 162.131256103515625 154.931243896484375 144.225006103515625 132.006256103515625 122.40000152587890625 114.80625152587890625 109.0749969482421875 104.125 95.3249969482421875 85.4375 77.47499847412109375 71.5625 67.4187469482421875 62.481250762939453125 58.78749847412109375 57.668750762939453125 58.668750762939453125 57.975002288818359375 57.47499847412109375 55.74375152587890625 51.86875152587890625 48.887500762939453125 47.581249237060546875 45.331249237060546875 43.90625
241.3249969482421875 240.8562469482421875 240.59375 240.0437469482421875 238.8625030517578125 237.368743896484375 234.5500030517578125 229.443756103515625 223.5812530517578125 216.2687530517578125 208.2375030517578125 200.1062469482421875 190.181243896484375 181.5437469482421875 173.943756103515625 168.0749969482421875 165.0812530517578125 162.4875030517578125 166.462493896484375 167.274993896484375 160.193756103515625 147.28125 133.837493896484375 125.2062530517578125 118.59999847412109375 113.2062530517578125 110.33750152587890625 99.7312469482421875 87.5812530517578125 77.9187469482421875 71.38124847412109375 67.1437530517578125 64.3625030517578125 63.299999237060546875 62.543750762939453125 60.581249237060546875 60.05625152587890625 59.3125 56.18125152587890625 53.77500152587890625 50.49375152587890625 48.68125152587890625 46.6875 45.137500762939453125
243.1374969482421875 243.850006103515625 244.068756103515625 244.287506103515625 244.4250030517578125 243.59375 241.2375030517578125 237.868743896484375 232.8937530517578125 226.662506103515625 218.056243896484375 209.399993896484375 199.6437530517578125 191.4250030517578125 183.2937469482421875 177.7687530517578125 174.25 169.774993896484375 170.475006103515625 171.868743896484375 165.8125 154.21875 135.7312469482421875 127.4187469482421875 121.2687530517578125 115.4187469482421875 110.46875 100.78125 89.3249969482421875 78.7937469482421875 71.0437469482421875 68.6750030517578125 68.91249847412109375 67.49375152587890625 65.3312530517578125 64.22499847412109375 62.69374847412109375 60.924999237060546875 58.5 55.71250152587890625 52.481250762939453125 51.143749237060546875 48.59375 46.59375
244.2624969482421875 245.837493896484375 246.337493896484375 247.6062469482421875 248.618743896484375 249.3625030517578125 248.712493896484375 246.4375 242.8125 237.806243896484375 230.806243896484375 222.725006103515625 213.193756103515625 203.193756103515625 194.875 187.59375 180.6125030517578125 178.4375 177.8312530517578125 177.837493896484375 168.068756103515625 152.90625 138.1437530517578125 129.662506103515625 122.3249969482421875 114.3125 107.71250152587890625 100.53749847412109375 90.2687530517578125 80.3625030517578125 74.0187530517578125 73.7624969482421875 72.84375 71.81874847412109375 70.0749969482421875 67.99375152587890625 66.0749969482421875 64.09999847412109375 61.15000152587890625 57.862499237060546875 54.612499237060546875 52.831249237060546875 50.293750762939453125 48.34999847412109375
