data/historical-monthly-weather-data/wc2.1_cruts4.09_10m_prec_1979-03.asc
ncols        51
nrows        45
xllcorner    -63.500000000000
yllcorner    -7.500000000000
cellsize     0.166666666667
NODATA_value -9999
[rows 0 to 19 of 45, columns 0 to 44 of 51]
170.943756103515625 168.2687530517578125 180.125 199.59375 217.931243896484375 240.5500030517578125 259 275.14373779296875 286.15625 301.125 320.787506103515625 334.85626220703125 348.29998779296875 356.024993896484375 358.04376220703125 358.587493896484375 363.16876220703125 359.524993896484375 360.462493896484375 361.25 367.537506103515625 372.76873779296875 377.512481689453125 367.60626220703125 359.10626220703125 348.462493896484375 328.25 309.70623779296875 291.14373779296875 285.46875 287 285.64373779296875 288.5 294.125 299.42498779296875 308.14373779296875 316.225006103515625 324.84375 333.868743896484375 341.20623779296875 348.86248779296875 355.506256103515625 360.256256103515625 365.95623779296875 366.35626220703125
170.4375 163.068756103515625 174.2312469482421875 189.4875030517578125 205.506256103515625 225.9250030517578125 243.3625030517578125 260.537506103515625 276.85626220703125 293.6875 312.725006103515625 324.60626220703125 335.662506103515625 343.65625 345.66876220703125 347.600006103515625 350.743743896484375 345.45001220703125 338.862518310546875 333.57501220703125 335.70001220703125 338.4375 341.70001220703125 336.931243896484375 331.88751220703125 326.01251220703125 311.45001220703125 299.162506103515625 285.45623779296875 280.556243896484375 279.17498779296875 279.91876220703125 284.993743896484375 296.100006103515625 303.493743896484375 313.868743896484375 324.162506103515625 333.16876220703125 341.45623779296875 347.61248779296875 355.368743896484375 361.14373779296875 365.08123779296875 369.524993896484375 370.318756103515625
180.2375030517578125 173.3937530517578125 181.84375 193.037506103515625 203.7624969482421875 218.475006103515625 233.837493896484375 249.4250030517578125 264.63751220703125 280.8125 294.368743896484375 302.82501220703125 312.125 319.475006103515625 322.04998779296875 326.181243896484375 329.649993896484375 327.11248779296875 322.13751220703125 318.48126220703125 320.587493896484375 323.54376220703125 324.399993896484375 320.73748779296875 316.399993896484375 309.48126220703125 299.32501220703125 290.88751220703125 280.5625 277.524993896484375 279.10626220703125 281.66876220703125 289.51873779296875 299.318756103515625 311.26873779296875 320.23126220703125 331.76873779296875 343.76873779296875 351.70001220703125 359.350006103515625 366.73748779296875 370.8125 373.36248779296875 375.475006103515625 377.475006103515625
190.462493896484375 185.71875 192.493743896484375 198.4812469482421875 204.0500030517578125 211.506256103515625 220.943756103515625 231.8625030517578125 246.0124969482421875 259.21875 268.337493896484375 273.225006103515625 279 284.89373779296875 289.34375 294.493743896484375 301.356231689453125 303.600006103515625 303.912506103515625 303.725006103515625 307.11248779296875 308.29998779296875 306.79376220703125 302.399993896484375 297.475006103515625 290.837493896484375 284.82501220703125 278.381256103515625 272.60626220703125 273.875 276.67498779296875 283.649993896484375 292.39373779296875 302.975006103515625 315.181243896484375 327.46875 340.756256103515625 354.23126220703125 364.35626220703125 371.681243896484375 377.125 380.899993896484375 382.506256103515625 382.412506103515625 383.875
206.8000030517578125 201.1062469482421875 201.3625030517578125 203.462493896484375 204.068756103515625 204.806243896484375 206.212493896484375 210.993743896484375 222.8874969482421875 234.1062469482421875 238.3249969482421875 239.8000030517578125 244.100006103515625 250.912506103515625 255.600006103515625 262.868743896484375 270.756256103515625 278.006256103515625 281.693756103515625 284.399993896484375 288.337493896484375 288.4375 288.07501220703125 284.17498779296875 278.71875 273.006256103515625 269.07501220703125 266.850006103515625 267.818756103515625 269.95623779296875 276.462493896484375 283.70623779296875 295.64373779296875 308.131256103515625 321.26251220703125 335.17498779296875 349.32501220703125 363.34375 374.8125 381.66876220703125 388.475006103515625 389.368743896484375 389.04376220703125 388.931243896484375 388.274993896484375
222.556243896484375 218.3000030517578125 219.2687530517578125 218.056243896484375 214.71875 213.5437469482421875 212.6125030517578125 214.09375 223.1687469482421875 232.4812469482421875 231.4875030517578125 230.8000030517578125 234.6750030517578125 239.100006103515625 244.037506103515625 250.600006103515625 258.100006103515625 264.5 269.125 271.5 275.0625 277.28125 278.662506103515625 276.48748779296875 273.75 271.899993896484375 270.26873779296875 268.975006103515625 269.65625 273.14373779296875 278.23748779296875 285.58123779296875 295.556243896484375 310.506256103515625 325.268768310546875 338.71875 355.14373779296875 369.899993896484375 381.83123779296875 390.899993896484375 395.587493896484375 396.48126220703125 395.61248779296875 394.337493896484375 392.23126220703125
237.2937469482421875 233.631256103515625 233.6999969482421875 230.350006103515625 224.65625 220.8937530517578125 217.71875 214.8249969482421875 216.2062530517578125 218.15625 219.7687530517578125 221.2937469482421875 224.90625 228.7687530517578125 233.5812530517578125 239.225006103515625 245.5749969482421875 249.6687469482421875 252.725006103515625 257.07501220703125 260.806243896484375 265.38751220703125 268.256256103515625 269.618743896484375 270.962493896484375 271.76873779296875 272.243743896484375 272.13751220703125 272.14373779296875 273.943756103515625 280.5 286.59375 296.337493896484375 308.89373779296875 323.83123779296875 339.225006103515625 355.068756103515625 370.837493896484375 386.868743896484375 394.756256103515625 396.337493896484375 397.443756103515625 396.368743896484375 395.08123779296875 395.20001220703125
248.899993896484375 245.568756103515625 243.5625 240 234.9187469482421875 228.943756103515625 220.75 210.9875030517578125 203.9499969482421875 202.756256103515625 206.7937469482421875 211.037506103515625 215.787506103515625 219.8000030517578125 223.84375 228.681243896484375 232.34375 234.368743896484375 236.9812469482421875 241.037506103515625 247.0500030517578125 253.3125 258.65625 262.85626220703125 269.024993896484375 271.91876220703125 272.725006103515625 273.64373779296875 273.51873779296875 274.6875 278.83123779296875 286.681243896484375 295.274993896484375 307.149993896484375 321.26251220703125 336.399993896484375 352.65625 368.41876220703125 383.306243896484375 390.79998779296875 393.78125 394.649993896484375 393.67498779296875 392.149993896484375 390.962493896484375
258.54998779296875 255.006256103515625 253.15625 249.6062469482421875 243.7937469482421875 236.618743896484375 226.96875 214.787506103515625 202.193756103515625 197.8499908447265625 205.2624969482421875 212.337493896484375 219.193756103515625 222.899993896484375 226.6437530517578125 230.7062530517578125 233.3000030517578125 234.8499908447265625 238.3000030517578125 242.0812530517578125 246.5124969482421875 254.4250030517578125 260.54998779296875 269.54376220703125 276.26873779296875 278.54998779296875 276.681243896484375 275.38751220703125 275.868743896484375 275.63751220703125 279.587493896484375 286.73748779296875 294.85626220703125 305.20623779296875 317.26251220703125 332.57501220703125 349.962493896484375 364.9375 378.9375 386.23748779296875 389.84375 390.475006103515625 390.193756103515625 388.4375 384.08123779296875
268.0625 264.32501220703125 261.76873779296875 258.03125 252.9187469482421875 245.743743896484375 236.65625 225.318756103515625 215.2312469482421875 211.3000030517578125 214.7375030517578125 219.149993896484375 225.431243896484375 229.537506103515625 232.0749969482421875 235 237.15625 238.2937469482421875 240.7624969482421875 244.0437469482421875 248.7624969482421875 257.32501220703125 266.524993896484375 278.431243896484375 283.66876220703125 285.28125 282.399993896484375 279.23748779296875 277.1875 275.35626220703125 277.712493896484375 285.59375 294.193756103515625 304.70001220703125 315.59375 329.475006103515625 345.1875 360.350006103515625 374.274993896484375 383.118743896484375 388.03125 389.26873779296875 386.41876220703125 379.975006103515625 375.993743896484375
277.20623779296875 273.743743896484375 270.306243896484375 266.756256103515625 262.649993896484375 256.73748779296875 248.662506103515625 238.0500030517578125 230.649993896484375 227.5187530517578125 227.7687530517578125 230.6374969482421875 234.287506103515625 238.1437530517578125 239.46875 240.3874969482421875 241.0812530517578125 241.725006103515625 242.59375 245.131256103515625 251.618743896484375 260.787506103515625 272.975006103515625 283.70001220703125 292.600006103515625 291.33123779296875 286.82501220703125 284.318756103515625 280.375 276.399993896484375 278.787506103515625 284.85626220703125 292.368743896484375 301.98126220703125 312.556243896484375 325.024993896484375 339.20623779296875 353.681243896484375 367.61248779296875 378.66876220703125 384.462493896484375 383.95001220703125 378.92498779296875 371.21875 366.024993896484375
283.975006103515625 280.90625 277.60626220703125 275.006256103515625 270.618743896484375 266.79376220703125 261.23126220703125 252.8312530517578125 247.024993896484375 243.5749969482421875 242.6062469482421875 243.59375 245.149993896484375 247.6750030517578125 250.21875 250.712493896484375 249.0437469482421875 248.0812530517578125 248.006256103515625 249.0124969482421875 253.131256103515625 262.6875 276.912506103515625 292.25 298.96875 292.1875 286.25 283.368743896484375 281.95623779296875 280.993743896484375 280.443756103515625 283.98126220703125 290.037506103515625 298.162506103515625 307.20623779296875 320.868743896484375 335.625 349.931243896484375 363.212493896484375 375.91876220703125 383.287506103515625 380.61248779296875 371.14373779296875 356.79998779296875 346.73748779296875
290.337493896484375 287.162506103515625 284.59375 281.443756103515625 278.20623779296875 276.162506103515625 271.787506103515625 266.09375 261.306243896484375 259.287506103515625 259.1875 258.931243896484375 259.95001220703125 259.493743896484375 260.86248779296875 260.65625 258.04376220703125 256.5 255.962493896484375 254.59375 254.975006103515625 263.162506103515625 275.975006103515625 288.26873779296875 288.71875 283.681243896484375 283.649993896484375 283.54376220703125 283.875 283.95001220703125 283.556243896484375 283.82501220703125 287.462493896484375 294.13751220703125 302.149993896484375 314.381256103515625 329.037506103515625 343.63751220703125 358.60626220703125 373.42498779296875 383.29998779296875 378.037506103515625 359.67498779296875 341.287506103515625 327.306243896484375
295.256256103515625 292.86248779296875 290.443756103515625 287.6875 285.67498779296875 283.29376220703125 281.368743896484375 279.01873779296875 277.225006103515625 276 275.61248779296875 275.100006103515625 274.57501220703125 274.66876220703125 272.162506103515625 271.54998779296875 268.34375 265.46875 263.54998779296875 262.17498779296875 263.493743896484375 268.25 275.431243896484375 281.63751220703125 281.9375 280.70623779296875 281.91876220703125 282.837493896484375 283.756256103515625 284.337493896484375 285.23126220703125 284.912506103515625 285.225006103515625 288.524993896484375 295.01873779296875 307.73748779296875 323.162506103515625 337.21875 351.42498779296875 365.11248779296875 374.17498779296875 363.01251220703125 346.943756103515625 332.73126220703125 320.618743896484375
299.29376220703125 296.08123779296875 294.65625 294.274993896484375 293.66876220703125 292.46875 292.89373779296875 292.98748779296875 292.13751220703125 291.818756103515625 292.693756103515625 292.556243896484375 292.381256103515625 292.21875 287.806243896484375 286.36248779296875 282.85626220703125 280.66876220703125 277.806243896484375 275.70623779296875 276.243743896484375 277.82501220703125 280.29998779296875 283.131256103515625 283.98126220703125 284.67498779296875 285.36248779296875 285.85626220703125 287.087493896484375 288.10626220703125 286.53125 284.712493896484375 284.57501220703125 283.256256103515625 286.181243896484375 300.25 316.975006103515625 330.88751220703125 340.23126220703125 346.493743896484375 346.98126220703125 342.274993896484375 336.76251220703125 326.76873779296875 317.41876220703125
300.837493896484375 298.54998779296875 298.818756103515625 299.79376220703125 300.850006103515625 302.931243896484375 304.287506103515625 305.35626220703125 307.443756103515625 309.23748779296875 310.01873779296875 311.34375 312.04998779296875 311.681243896484375 307.46875 303.16876220703125 298.8125 296.54998779296875 293.23748779296875 291.193756103515625 289.10626220703125 287.3125 286.524993896484375 286.85626220703125 286.462493896484375 287.13751220703125 288.068756103515625 289.26873779296875 291.61248779296875 292.350006103515625 291.568756103515625 288.53125 285.15625 282.91876220703125 283.600006103515625 302.1875 316.662506103515625 323.17498779296875 326.48748779296875 328.681243896484375 327.5625 326.875 325.01251220703125 319.5 311.91876220703125
303.04376220703125 302.07501220703125 302.625 305.368743896484375 308.65625 312.26251220703125 316.66876220703125 319.63751220703125 322.774993896484375 325.96875 327.45623779296875 330.475006103515625 332.61248779296875 331.67498779296875 328.756256103515625 322.76251220703125 314.95623779296875 310.75 308.57501220703125 305.787506103515625 301.51251220703125 297.59375 294.681243896484375 292.868743896484375 291.45623779296875 289.21875 290.131256103515625 292.225006103515625 293.88751220703125 296.225006103515625 296.306243896484375 293.51251220703125 290.51251220703125 291.337493896484375 302.42498779296875 317.306243896484375 322.649993896484375 321.318756103515625 317.850006103515625 315.131256103515625 314.83123779296875 315.58123779296875 313.90625 310.725006103515625 305.86248779296875
305.23126220703125 305.57501220703125 308.79998779296875 313.837493896484375 318.79376220703125 323.85626220703125 329.15625 334.412506103515625 339.04376220703125 342.881256103515625 345.96875 351.375 353.212493896484375 353.98748779296875 350.568756103515625 343.28125 335.23748779296875 324.78125 325.86248779296875 323.29376220703125 318.86248779296875 312.556243896484375 306.40625 301.78125 297.712493896484375 295.38751220703125 294.03125 296.28125 298.83123779296875 300.899993896484375 299.54376220703125 291.837493896484375 290.26251220703125 295.78125 311.743743896484375 334.193756103515625 328.70001220703125 319.01251220703125 311.818756103515625 309.3125 306.462493896484375 306.48748779296875 305.70623779296875 302.95623779296875 298.46875
306.75 308.649993896484375 313.33123779296875 320.26873779296875 328.10626220703125 336.118743896484375 343.618743896484375 350.51251220703125 355.57501220703125 360.256256103515625 364.162506103515625 367.912506103515625 373.162506103515625 376.287506103515625 370.85626220703125 362.306243896484375 352.850006103515625 341.98748779296875 338.36248779296875 337.131256103515625 333.45001220703125 327.28125 314.681243896484375 308.368743896484375 303.15625 299.67498779296875 298.70001220703125 298.5625 300.76251220703125 303.85626220703125 303.318756103515625 291.912506103515625 285.068756103515625 282.993743896484375 292.4375 310.95001220703125 311.25 307.15625 305.006256103515625 302.34375 300.618743896484375 299.306243896484375 298.57501220703125 296.59375 292.600006103515625
305.28125 309.90625 316.54376220703125 325.70001220703125 336.225006103515625 347.66876220703125 357.868743896484375 366.850006103515625 372.84375 377.149993896484375 380.806243896484375 384.65625 391.818756103515625 397.912506103515625 389.20001220703125 375.16876220703125 361.787506103515625 356.600006103515625 351.63751220703125 349.4375 341.462493896484375 331.337493896484375 322.274993896484375 313.28125 306.0625 300.08123779296875 298.70623779296875 299.04998779296875 298.443756103515625 298.462493896484375 294.88751220703125 285.787506103515625 272.32501220703125 259.887481689453125 254.274993896484375 268.193756103515625 284.681243896484375 291.931243896484375 295.600006103515625 296.649993896484375 295.39373779296875 293.75 293.375 291.98126220703125 289.03125
