data/historical-monthly-weather-data/wc2.1_cruts4.09_10m_prec_2009-09.asc
ncols        51
nrows        45
xllcorner    -63.500000000000
yllcorner    -7.500000000000
cellsize     0.166666666667
NODATA_value -9999
[rows 19 to 37 of 45, columns 0 to 43 of 51]
80.7937469482421875 76.5124969482421875 71.75 67.68125152587890625 63.96250152587890625 61.69374847412109375 58.90000152587890625 55.918750762939453125 55.16249847412109375 53.762500762939453125 51.46875 46.06874847412109375 40.143749237060546875 34.6875 30.081249237060546875 26.293750762939453125 22.5 20.524999618530273438 18.34375 17.168750762939453125 16.212499618530273438 15.637499809265136719 15.949999809265136719 17.450000762939453125 18.881250381469726562 19.825000762939453125 21.299999237060546875 22.737499237060546875 23.0625 23.231248855590820312 24.037500381469726562 27.868749618530273438 29.762500762939453125 32.0625 33.44374847412109375 32.88124847412109375 32.012500762939453125 31.475000381469726562 31.087499618530273438 29.693750381469726562 27.09375 24.03125 23.21875 23.25
75.6437530517578125 72.28125 68.40625 64.5812530517578125 60.887500762939453125 58.28749847412109375 56.018749237060546875 53.612499237060546875 53.3125 52.549999237060546875 50.5 46.0625 40.72499847412109375 35.25 30.837499618530273438 26.418750762939453125 22.637500762939453125 20.081249237060546875 18.493749618530273438 16.6875 16.306249618530273438 16.15625 16.149999618530273438 17.631250381469726562 19.34375 20.568750381469726562 22.018749237060546875 23.149999618530273438 24.137500762939453125 26.200000762939453125 28.53125 32.393749237060546875 34.543750762939453125 37.24375152587890625 40.36875152587890625 38.22499847412109375 34.487499237060546875 32.1875 30.71875 29.25 27.600000381469726562 25.681249618530273438 24.768749237060546875 24.581251144409179688
71.71250152587890625 67.71250152587890625 64.0749969482421875 60.575000762939453125 57.59999847412109375 55.74375152587890625 53.581249237060546875 51.875 51.77500152587890625 51.31874847412109375 49.77500152587890625 46.262500762939453125 42.21250152587890625 37.518749237060546875 32.78125 27.818750381469726562 23.84375 21.006250381469726562 19.143749237060546875 17.231250762939453125 16.274999618530273438 16.024999618530273438 16.012500762939453125 17.412500381469726562 18.912500381469726562 20.393749237060546875 22.743749618530273438 24.375 26.462499618530273438 29.375 32.487499237060546875 36.02500152587890625 37.668750762939453125 39.481250762939453125 39.706249237060546875 38.143749237060546875 34.731250762939453125 32.418750762939453125 30.762500762939453125 29.625 28.712499618530273438 27.6875 27.368749618530273438 27.143749237060546875
68.41249847412109375 65.28749847412109375 61.200000762939453125 57.825000762939453125 54.77500152587890625 53.09999847412109375 51.58750152587890625 50.25624847412109375 50.77500152587890625 50.268749237060546875 49.75 47.3125 44.84375 40.88124847412109375 35.075000762939453125 29.700000762939453125 25.149999618530273438 22.243749618530273438 19.762500762939453125 17.668750762939453125 16.693750381469726562 16.28125 16.068750381469726562 17.15625 18.806249618530273438 20.368749618530273438 22.856250762939453125 25.600000381469726562 28.087499618530273438 31.337499618530273438 35.25624847412109375 39.362499237060546875 39.94374847412109375 39.84375 38.5 36.018749237060546875 33.72499847412109375 31.762500762939453125 30.65625 30.462499618530273438 30.5625 29.981250762939453125 29.793750762939453125 29.59375
66.71875 62.981250762939453125 59.24375152587890625 55.38124847412109375 51.8125 50.96875 50 48.88124847412109375 49.43125152587890625 49.325000762939453125 48.918750762939453125 48.24375152587890625 47.549999237060546875 44.018749237060546875 37.56874847412109375 31.6875 26.924999237060546875 23.743749618530273438 21.018749237060546875 18.587499618530273438 17.493749618530273438 16.743749618530273438 16.537500381469726562 17.75 19.293750762939453125 20.731250762939453125 23.368749618530273438 26.331249237060546875 29.768749237060546875 33.575000762939453125 37.706249237060546875 41.950000762939453125 41.66249847412109375 40.543750762939453125 38.768749237060546875 35.75 33.80625152587890625 32.52500152587890625 31.899999618530273438 32.387500762939453125 32.65000152587890625 32.40000152587890625 32.65000152587890625 32.706249237060546875
65.96875 61.91249847412109375 57.55625152587890625 53.200000762939453125 50.80625152587890625 49.768749237060546875 48.77500152587890625 47.924999237060546875 48.25624847412109375 48.549999237060546875 48.549999237060546875 47.950000762939453125 47.299999237060546875 44.981250762939453125 39.231250762939453125 33.362499237060546875 28.575000762939453125 25.037500381469726562 22.049999237060546875 19.568750381469726562 18.393749237060546875 17.431249618530273438 17.225000381469726562 18.568750381469726562 19.793750762939453125 21.606250762939453125 24.487499237060546875 27.8125 31.506250381469726562 35.80625152587890625 40.06874847412109375 44.112499237060546875 43.9375 42.30625152587890625 39.918750762939453125 37.1875 35.71250152587890625 34.543750762939453125 34.049999237060546875 34.418750762939453125 34.78749847412109375 35.137500762939453125 35.65625 36.712497711181640625
66.46250152587890625 63.143749237060546875 57.612499237060546875 53.43125152587890625 49.799999237060546875 48.643749237060546875 47.962497711181640625 47.143749237060546875 47.36875152587890625 47.793750762939453125 47.44374847412109375 47.393749237060546875 47.081249237060546875 45.375 40.30625152587890625 34.887500762939453125 29.993749618530273438 26.512500762939453125 23.325000762939453125 20.612499237060546875 19.3125 18.21875 17.950000762939453125 19.375 20.818750381469726562 22.481250762939453125 25.96875 29.943750381469726562 33.75 38.3125 42.799999237060546875 47.112499237060546875 45.924999237060546875 43.93125152587890625 41.875 40.174999237060546875 38.325000762939453125 37.0625 37.13124847412109375 37.27500152587890625 37.97499847412109375 38.206249237060546875 38.825000762939453125 40.28749847412109375
67.11875152587890625 63.05625152587890625 58.237499237060546875 54.350002288818359375 50.61875152587890625 49.481250762939453125 48.46250152587890625 47.299999237060546875 47 47.356250762939453125 47.5625 48.0625 48.08750152587890625 47.168750762939453125 42.549999237060546875 37.362499237060546875 32.86875152587890625 29.006250381469726562 25.674999237060546875 22.787500381469726562 21.375 20.056249618530273438 19.524999618530273438 21.40625 22.9375 24.887500762939453125 28.737499237060546875 32.75 36.950000762939453125 41.418750762939453125 45.84375 49.487499237060546875 48.737499237060546875 46.49375152587890625 43.94374847412109375 42.637500762939453125 41.34999847412109375 40.03749847412109375 40.19374847412109375 40.581249237060546875 40.91249847412109375 41.36875152587890625 42.19374847412109375 42.893749237060546875
67.53749847412109375 63.47499847412109375 59.38124847412109375 55.19374847412109375 52 50.43125152587890625 49.28125 48.012500762939453125 47.424999237060546875 47.737499237060546875 47.831249237060546875 48.71875 49.375 49.418750762939453125 44.924999237060546875 40 35.5 31.637500762939453125 28.143749237060546875 25.274999618530273438 23.600000381469726562 22.181249618530273438 21.481250762939453125 23.368749618530273438 25.399999618530273438 27.481250762939453125 31.600000381469726562 36.00624847412109375 40.481250762939453125 45.168750762939453125 49.09999847412109375 52.637500762939453125 51.74375152587890625 49.03125 46.487499237060546875 45.206249237060546875 44.68125152587890625 43.918750762939453125 44.112499237060546875 44.44374847412109375 44.831249237060546875 45.3125 45.0625 45.96250152587890625
68.38124847412109375 64.125 59.84999847412109375 55.96250152587890625 52.875 51.043750762939453125 49.606250762939453125 48.450000762939453125 48.05625152587890625 48.0625 48.0625 49.206249237060546875 50.918750762939453125 51.168750762939453125 47.012500762939453125 43.012500762939453125 39.1875 34.424999237060546875 30.756250381469726562 27.831249237060546875 26.131250381469726562 24.674999237060546875 23.912500381469726562 25.993749618530273438 27.962499618530273438 30.431249618530273438 34.862499237060546875 39.86875152587890625 45.09375 49.05625152587890625 52.5 55.668750762939453125 54.081249237060546875 51.52500152587890625 49.543750762939453125 48.28125 48.331249237060546875 48.206249237060546875 48.706249237060546875 48.950000762939453125 48.049999237060546875 47.487499237060546875 47.86875152587890625 49.02500152587890625
70.50624847412109375 66.2624969482421875 61.424999237060546875 57.49375152587890625 54.36875152587890625 52.68125152587890625 51.262500762939453125 50.05625152587890625 49.637500762939453125 49.424999237060546875 49.387500762939453125 51.03125 52.78125 53.487499237060546875 50.58750152587890625 46.875 43.19374847412109375 39.03125 34.981250762939453125 31.912500381469726562 30.337499618530273438 29.037500381469726562 28 29.975000381469726562 32.481250762939453125 35.44374847412109375 39.90625 44.799999237060546875 49.518749237060546875 53.262500762939453125 56.77500152587890625 59.59375 57.63124847412109375 55.09375 53.34999847412109375 52.58750152587890625 52.875 53.643749237060546875 53.143749237060546875 54.16249847412109375 53.90625 52.625 51.768749237060546875 52.40625
71.53125 67.59375 63.625 59.28125 56.40625 54.90000152587890625 52.987499237060546875 51.625 51.40625 51.387500762939453125 51.34375 52.91249847412109375 55.66249847412109375 56.41249847412109375 53.924999237060546875 50.887500762939453125 48.3125 44.25624847412109375 40.03125 37.09999847412109375 35.362499237060546875 34.15625 33.19374847412109375 35.106250762939453125 37.543750762939453125 40.706249237060546875 45.262500762939453125 50.081249237060546875 54.77500152587890625 57.206249237060546875 60.56874847412109375 63.106250762939453125 61.05625152587890625 59.52500152587890625 57.91249847412109375 56.69374847412109375 57.262500762939453125 58.56874847412109375 59.11875152587890625 59.86875152587890625 59.30625152587890625 57.34999847412109375 55.75 55.375
73.1999969482421875 68.7062530517578125 64.75 61.200000762939453125 59.075000762939453125 57.03125 55.21250152587890625 53.856250762939453125 53.793750762939453125 53.606250762939453125 53.78749847412109375 55.375 57.22499847412109375 58.99375152587890625 57.90625 56.59375 54.27500152587890625 50.33750152587890625 46.53749847412109375 43.8125 42.106250762939453125 39.99375152587890625 38.97499847412109375 40.700000762939453125 43.799999237060546875 46.28125 50.55625152587890625 55.950000762939453125 60.50624847412109375 62.49375152587890625 65.0437469482421875 66.3625030517578125 64.71250152587890625 63.200000762939453125 61.606250762939453125 60.55625152587890625 61.081249237060546875 61.81874847412109375 62.512500762939453125 63.375 63.44374847412109375 61.21875 59.549999237060546875 58.375
74.38124847412109375 70.7624969482421875 66.9499969482421875 64.02500152587890625 62.05625152587890625 60.33750152587890625 58.94374847412109375 57.268749237060546875 57.15625 56.74375152587890625 58.38124847412109375 59.424999237060546875 61.53749847412109375 64.55625152587890625 64.30625152587890625 64.2937469482421875 63.137500762939453125 60.13124847412109375 56.31874847412109375 53.47499847412109375 51.21875 48.924999237060546875 47.0625 48.68125152587890625 51.412502288818359375 53.456249237060546875 57.56874847412109375 62.63124847412109375 67.03125 69.25624847412109375 70.53749847412109375 71.4187469482421875 69.28125 67.75 66.59375 65.43125152587890625 65.2312469482421875 64.80625152587890625 65.2687530517578125 66.4875030517578125 66.5437469482421875 64.68125152587890625 63.30625152587890625 61.84375
74.8625030517578125 72.3249969482421875 69.71250152587890625 67.25624847412109375 65.22499847412109375 63.706249237060546875 62.674999237060546875 61.25624847412109375 60.731250762939453125 60.912502288818359375 61.71875 64.44374847412109375 66.71875 68.78125 70.5187530517578125 71.8000030517578125 72.97499847412109375 70.6125030517578125 67.46250152587890625 64.54375457763671875 61.918750762939453125 58.83750152587890625 56.450000762939453125 57.206249237060546875 58.93125152587890625 60.581249237060546875 64.49375152587890625 69.31874847412109375 73.22499847412109375 74.75 75.8249969482421875 76.3000030517578125 74.3000030517578125 72.40000152587890625 71.2312469482421875 71.0500030517578125 69.6687469482421875 68.59375 68.8937530517578125 68.96875 68.59375 67.96875 67.3125 66.0812530517578125
76.06874847412109375 74.1125030517578125 72.21875 70.71875 69.2062530517578125 67.4875030517578125 66.75 65.5437469482421875 64.5437469482421875 64.84999847412109375 66.3937530517578125 69.88124847412109375 72.4812469482421875 75.0500030517578125 77.91249847412109375 80.99375152587890625 83.28125 81.09375 79.50624847412109375 76.46250152587890625 73.8125 70.0749969482421875 66.2687530517578125 66.0187530517578125 66.3125 68.05625152587890625 72.0187530517578125 76.11875152587890625 79.65625 80.2687530517578125 80.6374969482421875 80.1999969482421875 78.43125152587890625 76.8249969482421875 75.1750030517578125 73.94374847412109375 73.02500152587890625 72.86875152587890625 72.1875 72.08124542236328125 70.38124847412109375 69.2687530517578125 69.5187530517578125 68.25
78.00624847412109375 75.9562530517578125 74.77500152587890625 73.6999969482421875 72.55625152587890625 71.5625 70.44374847412109375 70.1999969482421875 69.71250152587890625 69.875 71.9375 75.52500152587890625 79.5 83.11875152587890625 86.68125152587890625 90.75 93.68125152587890625 92.8249969482421875 91.7375030517578125 90.18125152587890625 86.21250152587890625 81.7687530517578125 76.61875152587890625 75.0812530517578125 74.96875 75.7937469482421875 78.7624969482421875 82.5500030517578125 85.75624847412109375 85.53125 85.4562530517578125 84.8874969482421875 82.50624847412109375 80.9187469482421875 79.1999969482421875 77.1875 77.1374969482421875 76.15000152587890625 75.15000152587890625 74.41249847412109375 73.4812469482421875 72.0812530517578125 71.2687530517578125 70.43125152587890625
79.9812469482421875 78.2937469482421875 77.2312469482421875 76.1374969482421875 76 75.5124969482421875 75.1999969482421875 75.09375 75.24375152587890625 74.93125152587890625 78.1374969482421875 84.6875 89.09375 92.7687530517578125 97.1687469482421875 101.1062469482421875 104.91249847412109375 103.65625 102.28749847412109375 100.58750152587890625 97.47499847412109375 91.4187469482421875 85.96875 83.38124847412109375 82.59999847412109375 83.0812530517578125 85.1062469482421875 87.94374847412109375 90.7062530517578125 90.40000152587890625 89.59999847412109375 88.8249969482421875 87.00624847412109375 85.41249847412109375 83.63124847412109375 81.95000457763671875 81 80.15000152587890625 78.30625152587890625 76.71875 75.3562469482421875 73.66249847412109375 73.21875 72.7687530517578125
81.83750152587890625 80.7624969482421875 80.11875152587890625 79.06874847412109375 79.3937530517578125 79.88124847412109375 80.36875152587890625 81.2062530517578125 82.2312469482421875 82.36875152587890625 90.84999847412109375 97.2624969482421875 100.4250030517578125 103.36875152587890625 107.59999847412109375 112.11875152587890625 114.30625152587890625 113.25 110.56874847412109375 107.61875152587890625 104.9375 99.1437530517578125 93.93125152587890625 90.71875 89.05625152587890625 88.65000152587890625 90.7687530517578125 93.41249847412109375 95.68125152587890625 95.0749969482421875 92.5124969482421875 91.2062530517578125 89.74375152587890625 89.3937530517578125 88.08750152587890625 84.83750152587890625 83.5437469482421875 82.24375152587890625 81.50624847412109375 80.10625457763671875 77.3625030517578125 76.90625 74.96875 73.8249969482421875
