data/historical-monthly-weather-data/wc2.1_cruts4.09_10m_prec_2011-03.asc
ncols        45
nrows        45
xllcorner    -63.500000000000
yllcorner    -7.500000000000
cellsize     0.166666666667
NODATA_value -9999
[rows 20 to 39 of 45, columns 0 to 43 of 45]
213.524993896484375 219.6062469482421875 226.2937469482421875 233.4250030517578125 241.274993896484375 250.943756103515625 260.225006103515625 268.03125 275.01873779296875 279.01873779296875 280.48748779296875 280.92498779296875 281.63751220703125 283.75 277.524993896484375 266.412506103515625 256.756256103515625 251.475006103515625 249.6875 248.7375030517578125 253.493743896484375 259.125 264.143768310546875 272.899993896484375 282.91876220703125 293.26873779296875 301.350006103515625 308.79376220703125 315.65625 319.125 316.962493896484375 309.5 293.38751220703125 273.162506103515625 254.225006103515625 272.462493896484375 298.89373779296875 313.32501220703125 319.756256103515625 320.60626220703125 318.625 316.368743896484375 312.662506103515625 309.774993896484375
204.875 211.5 219.6999969482421875 227.5124969482421875 236.1374969482421875 247.243743896484375 257.95001220703125 267.556243896484375 274.91876220703125 276.38751220703125 273.41876220703125 269.774993896484375 266.78125 266.068756103515625 262.21875 256.100006103515625 250.662506103515625 246.1062469482421875 243.0812530517578125 240.8000030517578125 241.7624969482421875 244.225006103515625 249.7624969482421875 257.6875 267.9375 280.26251220703125 292.57501220703125 301.068756103515625 308.399993896484375 311.71875 309.412506103515625 303.006256103515625 290.23126220703125 276.88751220703125 269.53125 280.32501220703125 300.20001220703125 314.068756103515625 320.41876220703125 320.037506103515625 316.962493896484375 314.431243896484375 311.162506103515625 308.35626220703125
198.537506103515625 206.1687469482421875 214.037506103515625 222.368743896484375 230.9562530517578125 241.806243896484375 252.7375030517578125 265.256256103515625 275.243743896484375 272.98748779296875 266.006256103515625 257.006256103515625 250.0124969482421875 248.84375 248.5749969482421875 246.1125030517578125 242.3874969482421875 238.5 234.84375 231.75 230.931243896484375 230.412506103515625 232.4499969482421875 239.8062591552734375 251.8562469482421875 266.16876220703125 280.043731689453125 291.07501220703125 299.256256103515625 302.587493896484375 302.73748779296875 301.76873779296875 296.91876220703125 290.96875 292.11248779296875 300.556243896484375 312.6875 321.337493896484375 324.13751220703125 321.6875 316.95001220703125 313.53125 310.28125 306.60626220703125
192.181243896484375 198.125 206.2062530517578125 215.006256103515625 223.9499969482421875 234.318756103515625 246.149993896484375 258.537506103515625 267.25 263.70623779296875 255.256256103515625 246.7624969482421875 237.1687469482421875 237.2687530517578125 239.3375091552734375 238.931243896484375 237.024993896484375 233.7375030517578125 228.7312469482421875 224.412506103515625 221.774993896484375 219.2062530517578125 218.9187469482421875 225.1374969482421875 234.993743896484375 248.375 263.256256103515625 277.3125 288.712493896484375 296.29998779296875 301.95623779296875 305.381256103515625 305.15625 305.212493896484375 309.787506103515625 318.431243896484375 326.5 328.28125 326.3125 322.13751220703125 316.95001220703125 312.29998779296875 308.54998779296875 303.89373779296875
189.287506103515625 192.21875 198.568756103515625 207.475006103515625 217.462493896484375 227.625 237.3625030517578125 246.943756103515625 252.8000030517578125 252.2375030517578125 248.149993896484375 240.9812469482421875 236.03125 235.1687469482421875 234.75 234.8937530517578125 233.100006103515625 229.8874969482421875 225.0625 218.681243896484375 213.28125 208.5749969482421875 205.53125 208.6062469482421875 218.337493896484375 233.743743896484375 248.868743896484375 266.01251220703125 280.087493896484375 292.975006103515625 302.20623779296875 309.36248779296875 313.23126220703125 316.41876220703125 321.07501220703125 324.38751220703125 329.04376220703125 329.412506103515625 325.962493896484375 322.64373779296875 317.350006103515625 311.818756103515625 305.82501220703125 302.89373779296875
189.337493896484375 190.46875 194.462493896484375 202.6062469482421875 210.7687530517578125 219.59375 227.9875030517578125 235.712493896484375 240.1875 241.212493896484375 240.006256103515625 237.368743896484375 235.3125 234.2624969482421875 233.15625 233.087493896484375 230.7312469482421875 227.7312469482421875 223.1125030517578125 214.9187469482421875 208.568756103515625 200.3125 193.1437530517578125 192.587493896484375 203.337493896484375 220.756256103515625 239.556243896484375 257.056243896484375 273.868743896484375 289.91876220703125 303.29998779296875 314.98126220703125 321.712493896484375 324.600006103515625 327.26873779296875 327.818756103515625 329.28125 328.649993896484375 325.899993896484375 322 317.26251220703125 310.537506103515625 301.6875 297.42498779296875
192.8312530517578125 190.943756103515625 194.46875 199.90625 205.75 213.03125 219.5124969482421875 225.431243896484375 229.306243896484375 232.024993896484375 233.337493896484375 232.756256103515625 232.28125 232.34375 232.193756103515625 231.9875030517578125 231.6312408447265625 228.21875 223.1750030517578125 216.506256103515625 208.1750030517578125 198.5437469482421875 187.587493896484375 184.875 198.087493896484375 214.8874969482421875 234.225006103515625 251.6750030517578125 269.193756103515625 286.38751220703125 302.33123779296875 317.96875 326.993743896484375 327.993743896484375 328.51873779296875 328.399993896484375 329.306243896484375 328.037506103515625 325.79998779296875 322.86248779296875 317.024993896484375 309.181243896484375 299.01873779296875 292.787506103515625
197.193756103515625 193.556243896484375 195.46875 198.84375 201.78125 207.125 213.381256103515625 218.1062469482421875 221.65625 224.774993896484375 226.462493896484375 227.1125030517578125 228.2062530517578125 229.524993896484375 230.399993896484375 231.03125 231.962493896484375 230.96875 227.068756103515625 221.306243896484375 213.274993896484375 203.3125 196.0812530517578125 194.6750030517578125 203.006256103515625 216.3625030517578125 233.431243896484375 250.6437530517578125 267.274993896484375 283.181243896484375 299.068756103515625 314.056243896484375 322.8125 324.48748779296875 325.65625 326.16876220703125 325.65625 325.9375 325.13751220703125 324.3125 322.01251220703125 312.912506103515625 299.375 292.4375
200.806243896484375 196.193756103515625 196.46875 197.3625030517578125 199.6875 203.3937530517578125 207.15625 211.0812530517578125 214.712493896484375 217.568756103515625 220.381256103515625 222.1875 224.068756103515625 226.6750030517578125 229.475006103515625 232.2375030517578125 235.4812469482421875 235.6875 233.7312469482421875 229.46875 221.9375 212.9375 207.256256103515625 205.59375 211.4250030517578125 220.587493896484375 235.0124969482421875 250.8187408447265625 266.35626220703125 281.368743896484375 295.08123779296875 308.193756103515625 316.225006103515625 319.58123779296875 322 322.90625 322.118743896484375 322.693756103515625 322.66876220703125 321.868743896484375 323.46875 314.48748779296875 301.4375 301.88751220703125
205.381256103515625 199.8625030517578125 198.4875030517578125 197.8874969482421875 198.537506103515625 199.96875 202.600006103515625 205.3874969482421875 208.631256103515625 211.1750030517578125 214.0812530517578125 217.631256103515625 221.524993896484375 225.4250030517578125 229.2687530517578125 233.1750030517578125 237.225006103515625 241.493743896484375 241.2937469482421875 235.631256103515625 228.2062530517578125 220.7624969482421875 215.4875030517578125 215.0500030517578125 219.037506103515625 226.837493896484375 239.6750030517578125 253.3187408447265625 266.725006103515625 279.256256103515625 291.36248779296875 301.79376220703125 308.743743896484375 314.350006103515625 318.056243896484375 318.506256103515625 317.931243896484375 319.118743896484375 315.67498779296875 314.287506103515625 316.04998779296875 315.38751220703125 310.712493896484375 316.11248779296875
208.306243896484375 201.90625 199.337493896484375 198.1750030517578125 197.8000030517578125 197.375 199.125 200.587493896484375 202.993743896484375 205.350006103515625 208.3625030517578125 212.443756103515625 217.6437530517578125 222.1750030517578125 227.274993896484375 232.850006103515625 239.5625 244.75 247.618743896484375 241.84375 234.462493896484375 226.78125 222.568756103515625 222.431243896484375 225.4187469482421875 233.2062530517578125 243.7937469482421875 255.0749969482421875 267.375 277.76873779296875 287.975006103515625 297.787506103515625 304.33123779296875 310 314.36248779296875 313.95623779296875 313.70001220703125 315.35626220703125 310.368743896484375 302.649993896484375 306.01251220703125 314.13751220703125 318.850006103515625 325.82501220703125
209.774993896484375 202.931243896484375 199.3874969482421875 197.1687469482421875 196.037506103515625 194.5437469482421875 195.1875 195.15625 196.875 198.9187469482421875 201.787506103515625 206.4562530517578125 211.8562469482421875 218.2624969482421875 224.9562530517578125 232.0124969482421875 237.600006103515625 242.4812469482421875 245.3125 242.9875030517578125 236.3312530517578125 230.7375030517578125 226.212493896484375 226.375 231.0749969482421875 237.3499908447265625 245.993743896484375 256.993743896484375 266.881256103515625 276.375 285.618743896484375 294.243743896484375 299.631256103515625 305.181243896484375 309.79998779296875 309.899993896484375 311.33123779296875 312.193756103515625 304.95001220703125 300.493743896484375 307.193756103515625 319.475006103515625 328.625 341.225006103515625
211.787506103515625 205.287506103515625 200.6687469482421875 197.1875 194.149993896484375 192.34375 190.975006103515625 189.5187530517578125 190.056243896484375 192.274993896484375 196.7312469482421875 201.3562469482421875 207.774993896484375 216.2062530517578125 222.9562530517578125 229.4250030517578125 234.306243896484375 238.850006103515625 240.475006103515625 239.287506103515625 235.306243896484375 230.5812530517578125 226.1750030517578125 227.774993896484375 231.787506103515625 237.15625 245.3874969482421875 255.631256103515625 266.2125244140625 275.037506103515625 283.881256103515625 292.26251220703125 298.006256103515625 303.26873779296875 306.899993896484375 309.4375 311.556243896484375 311.98126220703125 306.95623779296875 309.881256103515625 317.03125 328.88751220703125 341.10626220703125 355.412506103515625
213.600006103515625 207.274993896484375 202.649993896484375 198.118743896484375 193.837493896484375 190.1374969482421875 186.8874969482421875 184.193756103515625 183.84375 185.4562530517578125 189.5749969482421875 196.3874969482421875 203.9187469482421875 211.5437469482421875 218.024993896484375 225.0749969482421875 231.1437530517578125 234.6999969482421875 235.0437469482421875 234.1437530517578125 231.9187469482421875 227.962493896484375 225.0187530517578125 226.024993896484375 229.8249969482421875 234.225006103515625 243.1374969482421875 252.993743896484375 264.712493896484375 273.23126220703125 281.33123779296875 290.725006103515625 296.962493896484375 301.64373779296875 306.556243896484375 309.662506103515625 311.79998779296875 312.46875 313.35626220703125 318.056243896484375 324.162506103515625 335.875 351.131256103515625 367.04998779296875
215.681243896484375 209.9499969482421875 204.681243896484375 198.818756103515625 192.350006103515625 187.693756103515625 182.693756103515625 179.1374969482421875 177.2375030517578125 177.618743896484375 182.149993896484375 190.59375 199.8125 207.9499969482421875 215.2312469482421875 221.162506103515625 226.96875 229.6875 229.8125 228.8000030517578125 227.46875 223.875 221.1125030517578125 222.1374969482421875 226.09375 230.837493896484375 239.4499969482421875 250.306243896484375 261.14373779296875 270.70623779296875 280.393768310546875 290.118743896484375 295.881256103515625 301.01251220703125 305.20001220703125 307.88751220703125 310.6875 316.04998779296875 319.475006103515625 324.006256103515625 330.26251220703125 340.024993896484375 354.23126220703125 370.037506103515625
219.6374969482421875 212.8249969482421875 206.087493896484375 198.9875030517578125 191.649993896484375 185.743743896484375 180.2937469482421875 174.756256103515625 171.100006103515625 170.806243896484375 174.8937530517578125 183.9375 194.7375030517578125 204.0187530517578125 210.40625 215.9562530517578125 220.225006103515625 222.181243896484375 222.818756103515625 222.5 221.037506103515625 217.662506103515625 214.806243896484375 216.837493896484375 220.75 225.506256103515625 234.524993896484375 246.0187530517578125 257.537506103515625 268.25 280.068756103515625 290.899993896484375 295.850006103515625 301.60626220703125 305.79998779296875 308.506256103515625 313.98126220703125 319.6875 321.9375 327.13751220703125 334.024993896484375 342.45001220703125 353.04998779296875 367.681243896484375
222.9812469482421875 215.7624969482421875 208.068756103515625 199.6374969482421875 191.7062530517578125 185.4562530517578125 178.8874969482421875 172.443756103515625 166.8812408447265625 163.3249969482421875 168.7375030517578125 181.2312469482421875 192.1437530517578125 199.9562530517578125 205.881256103515625 209.875 212.6125030517578125 213.899993896484375 214.71875 213.256256103515625 212.2937469482421875 209.5437469482421875 207.431243896484375 209.1750030517578125 213.1374969482421875 218.4875030517578125 228.2687530517578125 240.962493896484375 253.0187530517578125 265.90625 279.16876220703125 291.40625 297.73748779296875 303.625 307.46875 311.712493896484375 317.64373779296875 323.76873779296875 326.287506103515625 328.875 333.66876220703125 340.774993896484375 350.181243896484375 362.17498779296875
226.6999969482421875 219.1750030517578125 210.1687469482421875 201.1062469482421875 193 186.6062469482421875 179.8375091552734375 172.53125 167.399993896484375 162.131256103515625 171.75 184.125 191.649993896484375 197.537506103515625 201.0749969482421875 203.8000030517578125 204.506256103515625 204.943756103515625 204.625 202.5124969482421875 200.8937530517578125 199.056243896484375 198.6875 200.8312530517578125 205.2937469482421875 211.506256103515625 221.8562469482421875 235.625 249.09375 263.462493896484375 277.70623779296875 291.225006103515625 298.20001220703125 304.787506103515625 308.462493896484375 314.431243896484375 320.493743896484375 324.98126220703125 328.48126220703125 331.587493896484375 333.350006103515625 339.86248779296875 346.01873779296875 352.100006103515625
229.274993896484375 220.975006103515625 212.412506103515625 203.712493896484375 195.756256103515625 188.899993896484375 183.1875 177.212493896484375 175 178.0124969482421875 188.0437469482421875 191.2062530517578125 192.78125 195.100006103515625 196.8812408447265625 197.7062530517578125 197.087493896484375 196.3249969482421875 194.7062530517578125 191.9187469482421875 189.96875 188.9375 189.375 192.881256103515625 198.306243896484375 205.6812591552734375 217.2062530517578125 230.90625 245.3249969482421875 260.912506103515625 277.274993896484375 291.17498779296875 298.41876220703125 306.024993896484375 313.76873779296875 318.20001220703125 322.631256103515625 327.806243896484375 329.1875 329.95623779296875 331.01251220703125 336.95001220703125 341.162506103515625 346.46875
232.1687469482421875 223.25 214.9562530517578125 206.2624969482421875 198.9499969482421875 193.681243896484375 187.8937530517578125 184.318756103515625 183.5 185.443756103515625 189.3874969482421875 192.1750030517578125 192.912506103515625 192.71875 193.1062469482421875 192.100006103515625 190.162506103515625 188.2062530517578125 185.1125030517578125 182.125 180.0437469482421875 179.4375 179.6999969482421875 183.962493896484375 191.03125 199.524993896484375 211.4625091552734375 226.15625 241.149993896484375 257.41876220703125 273.85626220703125 291.381256103515625 302.29376220703125 310.181243896484375 318.38751220703125 323.01251220703125 325.493743896484375 328.95623779296875 330.537506103515625 328.5 327.600006103515625 332.25 335.51251220703125 338.9375
