data/historical-monthly-weather-data/wc2.1_cruts4.09_10m_prec_1977-11.asc
ncols        45
nrows        45
xllcorner    -63.500000000000
yllcorner    -7.500000000000
cellsize     0.166666666667
NODATA_value -9999
[rows 19 to 37 of 45, columns 0 to 43 of 45]
141.1062469482421875 135.40625 130.90625 127.0625 123.53749847412109375 122.8249969482421875 121.8937530517578125 120.61875152587890625 121.21875 121.5500030517578125 120.1437530517578125 114.40625 107.46250152587890625 100.59999847412109375 95.45000457763671875 91.03125 86.8937530517578125 85.7375030517578125 85.40625 85.34375 80.4562530517578125 72.9499969482421875 65.71875 62.18125152587890625 59.28125 56.168750762939453125 54.56874847412109375 52.637500762939453125 48.918750762939453125 45.3125 43.40625 44.581249237060546875 43.018749237060546875 40.981250762939453125 38.53125 36.456249237060546875 34.50624847412109375 32.55625152587890625 30.412500381469726562 28.174999237060546875 25.950000762939453125 24.399999618530273438 22.537500381469726562 21.018749237060546875
139.649993896484375 134.9562530517578125 131.3562469482421875 127.75 124.08750152587890625 124.03749847412109375 124.3000030517578125 124.1437530517578125 125.5812530517578125 126.1437530517578125 125.34999847412109375 120.7937469482421875 114.9499969482421875 107.9375 102.22499847412109375 96.49375152587890625 91.5 88.5812530517578125 87.8625030517578125 86.1687469482421875 81.40000152587890625 74.9187469482421875 68.03125 64.4875030517578125 61.46875 58.268749237060546875 56.50624847412109375 53.90000152587890625 51.03749847412109375 50.174999237060546875 49.96250152587890625 50.97499847412109375 48.606250762939453125 45.893749237060546875 43.22499847412109375 41.125 38.58750152587890625 36.03125 33.28749847412109375 30.600000381469726562 27.84375 25.987499237060546875 24.081249237060546875 22.3125
139.100006103515625 133.7624969482421875 130.7624969482421875 127.66875457763671875 124.8125 125.2687530517578125 126.58750152587890625 127.30625152587890625 129.943756103515625 131.4375 131.3625030517578125 128.5250091552734375 123.9187469482421875 117.28749847412109375 110.40000152587890625 103.65000152587890625 98.2937469482421875 93.91249847412109375 91.0625 88.4375 82.21875 75.6687469482421875 69.65625 65.9562530517578125 62.5 59.262500762939453125 58.38124847412109375 56.549999237060546875 55.018749237060546875 55.424999237060546875 55.91249847412109375 57.137500762939453125 54.38124847412109375 51.706249237060546875 49.09375 46.487499237060546875 43.456249237060546875 40.24375152587890625 36.643749237060546875 33.325000762939453125 29.987499237060546875 27.743749618530273438 25.612499237060546875 23.731250762939453125
138.8937530517578125 134.587493896484375 131.4499969482421875 128.462493896484375 125.86875152587890625 126.59375 127.94374847412109375 130.149993896484375 133.9187469482421875 135.975006103515625 137.2687530517578125 136.0500030517578125 134.84375 129.15625 119.63124847412109375 110.9375 104.2375030517578125 98.8562469482421875 94.38124847412109375 90.3249969482421875 83.8625030517578125 77.1437530517578125 70.9812469482421875 67.125 63.981250762939453125 61.03749847412109375 60.268749237060546875 59.543750762939453125 58.58750152587890625 59.90625 61.78749847412109375 63.581249237060546875 61.06874847412109375 58.206249237060546875 55.11875152587890625 52.16249847412109375 48.606250762939453125 44.362499237060546875 39.97499847412109375 35.950000762939453125 32.200000762939453125 29.556249618530273438 27.143749237060546875 25
139.90625 136.318756103515625 133 129.024993896484375 126.2624969482421875 127.74375152587890625 129.649993896484375 132.375 135.756256103515625 138.3625030517578125 140.381256103515625 142.506256103515625 143.90625 138.056243896484375 126.8249969482421875 117.0625 109.3249969482421875 103.1374969482421875 97.5749969482421875 92.21250152587890625 85.65000152587890625 78.99375152587890625 72.68125152587890625 68.99375152587890625 66.0187530517578125 63.22499847412109375 63.768749237060546875 63.081249237060546875 63.112499237060546875 65.21250152587890625 68.2937469482421875 70.8625030517578125 68.0749969482421875 64.6999969482421875 61.34999847412109375 57.918750762939453125 53.418750762939453125 47.74375152587890625 42.712497711181640625 38.03749847412109375 33.71875 30.868749618530273438 28.3125 26.03125
143.21875 139.3874969482421875 135.431243896484375 130.8625030517578125 127.96875 128.912506103515625 130.5625 132.975006103515625 136.493743896484375 139.25 141.912506103515625 143.318756103515625 144.306243896484375 140.462493896484375 130.7937469482421875 121.21875 113.15625 106.09375 100.0437469482421875 94.13124847412109375 87.3312530517578125 80.28749847412109375 74.4875030517578125 70.8000030517578125 67.7624969482421875 65.9187469482421875 66.68125152587890625 67.1374969482421875 67.63124847412109375 70.9812469482421875 74.61875152587890625 77.75 74.74375152587890625 70.93125152587890625 66.8562469482421875 62.06874847412109375 56.637500762939453125 50.168750762939453125 44.793750762939453125 39.8125 35.0625 32.03125 29.537500381469726562 27.356250762939453125
148.368743896484375 144.8625030517578125 138.2375030517578125 133.337493896484375 128.943756103515625 129.3249969482421875 130.5 132.4812469482421875 135.5625 138.318756103515625 140.6687469482421875 142.431243896484375 142.774993896484375 140.318756103515625 132.4812469482421875 124.0187530517578125 116.4187469482421875 109.1687469482421875 102.72499847412109375 96.5812530517578125 89.5749969482421875 82.56874847412109375 76.4187469482421875 72.33750152587890625 69.9187469482421875 68.74375152587890625 70.3000030517578125 71.6750030517578125 73.0437469482421875 77.03749847412109375 81.15625 84.5749969482421875 81.2624969482421875 76.43125152587890625 71.66249847412109375 65.71250152587890625 59.1875 52.375 46.97499847412109375 41.65625 36.66249847412109375 33.481250762939453125 30.581249237060546875 28.475000381469726562
150.9187469482421875 145.631256103515625 139.368743896484375 133.975006103515625 129.287506103515625 129.0749969482421875 130.712493896484375 132.0187530517578125 133.8312530517578125 136.3937530517578125 139.28125 141.40625 142.2375030517578125 141.0124969482421875 134.287506103515625 126.1999969482421875 119.15625 112.36875152587890625 106.02500152587890625 99.5749969482421875 92.6999969482421875 85.9187469482421875 79.77500152587890625 76.0749969482421875 74.53125 73.72499847412109375 75.65625 77.63124847412109375 79.90000152587890625 83.5437469482421875 87.9375 91.1374969482421875 87.0749969482421875 81.2312469482421875 74.9562530517578125 68.46875 61.643749237060546875 54.63124847412109375 49.375 44.08750152587890625 39.00624847412109375 35.49375152587890625 32.362499237060546875 29.837499618530273438
152.90625 145.8625030517578125 139.618743896484375 133.9812469482421875 129.6062469482421875 128.7937469482421875 129.75 131.03125 132.9499969482421875 135.21875 137.1687469482421875 139.8312530517578125 141.375 141.0625 135.5437469482421875 128.368743896484375 121.55625152587890625 115.4562530517578125 109.2312469482421875 103.09375 96.9187469482421875 90.44374847412109375 85.47499847412109375 82.56874847412109375 80.8000030517578125 79.8000030517578125 81.78125 84.3625030517578125 86.84999847412109375 90.3562469482421875 94.0749969482421875 96.96250152587890625 91.8937530517578125 84.625 77.77500152587890625 70.9562530517578125 63.94374847412109375 57.21250152587890625 51.637500762939453125 46.75 41.90000152587890625 38.15000152587890625 34.075000762939453125 31.137500762939453125
154.975006103515625 146.350006103515625 139.2375030517578125 133.7312469482421875 129.4812469482421875 128.25 128.568756103515625 129.493743896484375 131.899993896484375 133.8249969482421875 135.7624969482421875 138.4187469482421875 140.9375 141.3562469482421875 136.4875030517578125 130.875 125.2624969482421875 118.9375 112.96250152587890625 107.1750030517578125 101.8125 96.15625 91.97499847412109375 89.8000030517578125 88.0124969482421875 86.8625030517578125 89.2062530517578125 91.65625 94.41249847412109375 97.09999847412109375 100.30625152587890625 102.3125 95.83750152587890625 87.7937469482421875 80.4187469482421875 73.40000152587890625 66.4375 59.53749847412109375 53.981250762939453125 48.83750152587890625 44.293750762939453125 40.200000762939453125 36.24375152587890625 33.72499847412109375
158.3000030517578125 148.962493896484375 141.3625030517578125 134.287506103515625 130.1125030517578125 128.743743896484375 128.568756103515625 129.149993896484375 131.2937469482421875 132.725006103515625 134.662506103515625 137.8562469482421875 140.9375 142.631256103515625 139.0812530517578125 134.7312469482421875 129.443756103515625 124.21250152587890625 118.27500152587890625 112.78125 108.05625152587890625 103.96250152587890625 100.4875030517578125 98.3312530517578125 96.8249969482421875 96.1687469482421875 98.4187469482421875 100.6374969482421875 102.8874969482421875 104.83750152587890625 106.68125152587890625 107.4187469482421875 100.42499542236328125 92.46875 84.7375030517578125 77.2937469482421875 70.0124969482421875 63.487499237060546875 57.393749237060546875 52.05625152587890625 47.53125 44.84999847412109375 41.762500762939453125 39.731250762939453125
160.8625030517578125 151.337493896484375 143.537506103515625 136.3562469482421875 131.3312530517578125 130.131256103515625 129.4375 129.212493896484375 130.4562530517578125 132.350006103515625 134.5 138.0812530517578125 142.037506103515625 143.693756103515625 141.6875 138.850006103515625 135.493743896484375 130.1875 124.03749847412109375 119.83750152587890625 116.15625 112.8125 109.93125152587890625 108.08750152587890625 106.5 106.21875 108.03749847412109375 110.1999969482421875 111.9250030517578125 112.43125152587890625 113.00624847412109375 112.68125152587890625 105.1999969482421875 97.5124969482421875 89.25 81.53749847412109375 74.3937530517578125 68.19374847412109375 61.74375152587890625 54.90625 50.887500762939453125 49.66249847412109375 47.78125 45.99375152587890625
163.1437530517578125 154.09375 146.4187469482421875 140.131256103515625 135.649993896484375 132.568756103515625 131.0124969482421875 129.78125 130.7062530517578125 132.243743896484375 134.4187469482421875 138.618743896484375 142.75 145.712493896484375 145.756256103515625 144.537506103515625 142.3625030517578125 137.431243896484375 132.2375030517578125 128.5 125.53125 122.4562530517578125 119.78125 118.1125030517578125 117.23749542236328125 116.71250152587890625 118.0500030517578125 119.875 120.9562530517578125 120.56874847412109375 119.81874847412109375 117.9375 110.34999847412109375 102.1750030517578125 94.47499847412109375 86.78749847412109375 79.59375 72.96250152587890625 66.1125030517578125 60.125 57.037502288818359375 56.637500762939453125 55.625 55.143749237060546875
166.9875030517578125 159.0749969482421875 151.881256103515625 146.100006103515625 141.475006103515625 137.537506103515625 135.09375 133.3249969482421875 133.350006103515625 134.243743896484375 137.037506103515625 140.9562530517578125 145.8312530517578125 150.7062530517578125 151.818756103515625 152.318756103515625 151.1687469482421875 148.0187530517578125 143.881256103515625 140.3562469482421875 137.537506103515625 134.0500030517578125 130.774993896484375 129.243743896484375 128.6125030517578125 128.024993896484375 129.118743896484375 130.4562530517578125 131.649993896484375 130.068756103515625 128.0812530517578125 125.1687469482421875 117.40625 109.13124847412109375 101.86875152587890625 94.50624847412109375 87.7375030517578125 80.875 74.53125 70.7312469482421875 68.18125152587890625 68.21250152587890625 68.52500152587890625 69.65000152587890625
170.5187530517578125 164 157.412506103515625 152.2624969482421875 147.256256103515625 142.912506103515625 139.21875 137 136.3000030517578125 136.3312530517578125 138.4187469482421875 143.75 149.881256103515625 154.9499969482421875 157.806243896484375 160.2312469482421875 161.5187530517578125 159.337493896484375 156.1062469482421875 153.1875 150.0437469482421875 146.337493896484375 142.8625030517578125 141.125 140.431243896484375 139.625 140.774993896484375 141.5812530517578125 142.337493896484375 139.631256103515625 136.4875030517578125 133.0749969482421875 125.28749847412109375 117.1374969482421875 110.09999847412109375 103.25 96.22499847412109375 89.02500152587890625 84.68125152587890625 82.36875152587890625 80.25624847412109375 81.0625 83.16249847412109375 85.9499969482421875
174.8562469482421875 169.46875 163.506256103515625 158.056243896484375 153.225006103515625 148.21875 143.568756103515625 140.65625 138.162506103515625 138.0437469482421875 140.537506103515625 147.2375030517578125 154.368743896484375 161.256256103515625 166.193756103515625 169.3562469482421875 172.506256103515625 171.3625030517578125 168.84375 166.2624969482421875 163.3562469482421875 159.3874969482421875 155.368743896484375 152.96875 151.556243896484375 151.0749969482421875 151.5 152.537506103515625 152.681243896484375 149.0124969482421875 145.28125 140.899993896484375 133 125.58750152587890625 118.16249847412109375 111.02500152587890625 104.1125030517578125 99.1125030517578125 95.96875 93.8562469482421875 92.74375152587890625 93.90000152587890625 96.625 100.05625152587890625
180.850006103515625 175.6999969482421875 170.1374969482421875 164.625 159.71875 154.681243896484375 149.787506103515625 145.131256103515625 141.46875 140.306243896484375 143.8874969482421875 151.743743896484375 160.9562530517578125 169.6062469482421875 174.943756103515625 180.212493896484375 183.3125 183.243743896484375 182.1437530517578125 181 177.743743896484375 172.306243896484375 167.46875 164.756256103515625 162.9250030517578125 161.756256103515625 162.056243896484375 163.0124969482421875 163.09375 158.181243896484375 154.3249969482421875 149.381256103515625 142.193756103515625 135.118743896484375 127.3874969482421875 120.4250030517578125 116.0625 111.4187469482421875 108.3000030517578125 106.875 106.4250030517578125 107.5187530517578125 109.8562469482421875 113.3125
187.068756103515625 182.587493896484375 177.587493896484375 172.537506103515625 167.475006103515625 162.350006103515625 156.6999969482421875 151.1374969482421875 145.881256103515625 141.743743896484375 147.274993896484375 160.3249969482421875 170.3937530517578125 178.068756103515625 184.318756103515625 190.0749969482421875 194.03125 194.5 194.25 193.274993896484375 189.59375 183.881256103515625 178.818756103515625 175.618743896484375 173.28125 172.3499908447265625 171.7624969482421875 173.0625 172.5187530517578125 167.774993896484375 163.0500030517578125 158.78125 151.681243896484375 145.1750030517578125 137.875 132.212493896484375 128.3625030517578125 124.59375 122.2062530517578125 119.99375152587890625 119.0749969482421875 119.88124847412109375 121.9250030517578125 125.3249969482421875
195.2062530517578125 190.6750030517578125 185.681243896484375 181.0749969482421875 176.068756103515625 171.068756103515625 165.743743896484375 160.1687469482421875 154.7312469482421875 149.243743896484375 160.475006103515625 175.118743896484375 182.368743896484375 188.412506103515625 194.4187469482421875 200.1750030517578125 204.4499969482421875 204.90625 204.350006103515625 201.9875030517578125 198.90625 194.0500030517578125 189.3874969482421875 185.3625030517578125 183.09375 181.993743896484375 181.181243896484375 182.287506103515625 181.9875030517578125 177.5625 170.7624969482421875 165.9937591552734375 160.03125 154.225006103515625 147.9375 143.868743896484375 140.912506103515625 137.4812469482421875 136.212493896484375 134.5812530517578125 132.024993896484375 132.8000030517578125 133.3625030517578125 135.28125
