data/historical-monthly-weather-data/wc2.1_cruts4.09_10m_prec_2013-04.asc
ncols        51
nrows        45
xllcorner    -63.500000000000
yllcorner    -7.500000000000
cellsize     0.166666666667
NODATA_value -9999
[rows 20 to 39 of 45, columns 0 to 44 of 51]
288.850006103515625 303.79998779296875 318.63751220703125 333.149993896484375 345.918731689453125 363.193756103515625 379.537506103515625 389.39373779296875 392.768768310546875 390.39373779296875 384.65625 377.95623779296875 371.818756103515625 367.912506103515625 359.662506103515625 353.79998779296875 350.493743896484375 351.83123779296875 356.70001220703125 359.243743896484375 358.712493896484375 353.774993896484375 346.10626220703125 339.743743896484375 337.54376220703125 334.556243896484375 329.600006103515625 323.912506103515625 316.193756103515625 309.42498779296875 298.375 287.79998779296875 270.212493896484375 250.8625030517578125 234.75 243.962493896484375 259.96875 270.787506103515625 274.16876220703125 271.73126220703125 265.618743896484375 262 254.3874969482421875 249.274993896484375 247.09375
285.350006103515625 297.48126220703125 314.056243896484375 335.125 352.88751220703125 368.53125 385.662506103515625 399.36248779296875 403.193756103515625 397.006256103515625 384.587493896484375 369.33123779296875 358.35626220703125 353.162506103515625 352.08123779296875 349.29376220703125 350.82501220703125 350.912506103515625 354.350006103515625 355.45623779296875 348.46875 343.34375 340.48126220703125 336.0625 335.07501220703125 338.568756103515625 347.931243896484375 341.087493896484375 331.26251220703125 322.88751220703125 309.89373779296875 295.98748779296875 280.399993896484375 266.38751220703125 257.943756103515625 259.58123779296875 269.65625 277.4375 277.193756103515625 272.40625 265.85626220703125 260.5625 252.6999969482421875 246.475006103515625 243.712493896484375
283.162506103515625 301.506256103515625 320.40625 341.76251220703125 360.9375 377.04376220703125 391.087493896484375 407.6875 419.037506103515625 405.006256103515625 383.306243896484375 360.65625 345.03125 341.131256103515625 344.568756103515625 347.899993896484375 348.943756103515625 347.48126220703125 347.756256103515625 346.068756103515625 340.20001220703125 334.29998779296875 328.14373779296875 325.61248779296875 329.51873779296875 336.95623779296875 348.84375 346.399993896484375 338.53125 328.79998779296875 318.20623779296875 306.92498779296875 297.96875 289.01873779296875 284.149993896484375 281.01873779296875 283.95001220703125 287.04376220703125 283.16876220703125 274.33123779296875 265.475006103515625 257.881256103515625 249.7062530517578125 242.818756103515625 240.375
284.42498779296875 303.36248779296875 325.306243896484375 345.07501220703125 363.975006103515625 379.45001220703125 395.86248779296875 409.100006103515625 416.399993896484375 400.5625 377.45001220703125 356.89373779296875 334.287506103515625 334.08123779296875 339.66876220703125 342.868743896484375 343.04376220703125 343.693756103515625 341.76251220703125 340.037506103515625 332.39373779296875 323.181243896484375 316.17498779296875 316.08123779296875 319.53125 322.01251220703125 330.23748779296875 336.649993896484375 335.818756103515625 333.54998779296875 328.76251220703125 324.46875 318.92498779296875 311.09375 306.600006103515625 301.556243896484375 300.48748779296875 296.73748779296875 287.63751220703125 275.23126220703125 264.57501220703125 255.318756103515625 246.462493896484375 238.6125030517578125 237.8625030517578125
289.5 308.83123779296875 329.67498779296875 351.41876220703125 372.16876220703125 384.78125 396.40625 405.75 405.13751220703125 396.04376220703125 377.056243896484375 356.73748779296875 343.912506103515625 336.287506103515625 337.412506103515625 339.306243896484375 341.84375 341.493743896484375 339.08123779296875 334.07501220703125 324.212493896484375 313.631256103515625 306.08123779296875 303.29998779296875 304.51873779296875 312.431243896484375 322.76873779296875 330.318756103515625 335.368743896484375 341.88751220703125 343.9375 344.943756103515625 341.61248779296875 333.587493896484375 325.66876220703125 315.399993896484375 309.53125 300.056243896484375 288.818756103515625 276.51873779296875 264.14373779296875 253.46875 244.931243896484375 235.818756103515625 230.7937469482421875
304.3125 321.70001220703125 336.337493896484375 356.5625 374.318756103515625 384.899993896484375 393.64373779296875 399.081268310546875 393.53125 383.73748779296875 372.54376220703125 360.70001220703125 349.662506103515625 343.125 340.287506103515625 342.66876220703125 343.462493896484375 341.85626220703125 336.993743896484375 328.556243896484375 319.90625 306.618743896484375 295.35626220703125 286.66876220703125 292.162506103515625 303.98748779296875 319.943756103515625 329.181243896484375 339.537506103515625 347.96875 357.600006103515625 365.193756103515625 363.98126220703125 351.818756103515625 338.29376220703125 325.21875 314.899993896484375 303.28125 289.774993896484375 276.537506103515625 264.08123779296875 252.09375 241.756256103515625 231.2937469482421875 228.0500030517578125
318.537506103515625 330.73126220703125 344.6875 359.662506103515625 371.631256103515625 381.256256103515625 386.337493896484375 387.45623779296875 382.306243896484375 379.51873779296875 373.868743896484375 363.14373779296875 353.9375 347.743743896484375 345.38751220703125 345.875 345.381256103515625 341.412506103515625 337.537506103515625 330.67498779296875 318.125 303.45001220703125 288.506256103515625 278.774993896484375 288.006256103515625 298.875 315.931243896484375 326.96875 339.324981689453125 350.33123779296875 364.09375 375.84375 378.08123779296875 362.756256103515625 346.431243896484375 330.649993896484375 318.03125 305.01873779296875 289.85626220703125 276.25 262.35626220703125 251.868743896484375 241.5187530517578125 232.6999969482421875 233.8874969482421875
335.5 343.431243896484375 352.67498779296875 362.21875 371.48126220703125 376.57501220703125 380.9375 378.98126220703125 377.037506103515625 375.78125 369.34375 362.600006103515625 354.912506103515625 350.71875 349.11248779296875 347.26873779296875 347.26873779296875 346.743743896484375 340.850006103515625 335.506256103515625 324.443756103515625 309.225006103515625 300.57501220703125 291.512481689453125 294.399993896484375 303.04998779296875 315.274993896484375 326.475006103515625 337.350006103515625 349.25 360.61248779296875 370.0625 370.48126220703125 359.5 347.399993896484375 331.274993896484375 319.01873779296875 306.149993896484375 291.1875 276.850006103515625 263.54376220703125 253.78125 244.337493896484375 237.8125 245.399993896484375
349.118743896484375 354.787506103515625 358.73126220703125 364.48126220703125 368.631256103515625 369.0625 370.5625 372.631256103515625 374.193756103515625 371.70001220703125 368.912506103515625 363.04376220703125 355.57501220703125 352.03125 353.23748779296875 355.28125 356.068756103515625 351.712493896484375 348.600006103515625 342.568756103515625 333.15625 319.83123779296875 312.618743896484375 306.16876220703125 304.86248779296875 309.993743896484375 319.524993896484375 327.78125 336.14373779296875 345.8125 352.38751220703125 358.118743896484375 355.29376220703125 349.881256103515625 341.693756103515625 328.618743896484375 317.975006103515625 306.506256103515625 292.65625 277.243743896484375 261.91876220703125 253.2624969482421875 246.40625 247.975006103515625 256.54998779296875
356.32501220703125 358.993743896484375 360.068756103515625 358.8125 361.024993896484375 362.287506103515625 363.881256103515625 366.587493896484375 367.04998779296875 365.25 364.89373779296875 360.51873779296875 358.26251220703125 356.1875 357.181243896484375 357.95623779296875 358.51251220703125 359.11248779296875 355.01873779296875 346.95623779296875 335.993743896484375 327.83123779296875 323.368743896484375 315.181243896484375 310.837493896484375 313.01873779296875 320.51251220703125 324.78125 330.6875 337.28125 341.95001220703125 343.65625 341.5625 339.162506103515625 334.399993896484375 323.76873779296875 315.53125 305.9375 292.037506103515625 280.26873779296875 268.9375 262.931243896484375 257.26251220703125 259.787506103515625 263.600006103515625
359.375 358.48126220703125 356.693756103515625 354.64373779296875 355.70623779296875 355.48748779296875 357.65625 357.90625 358.4375 359.36248779296875 360.46875 358.824981689453125 360.225006103515625 357.306243896484375 359.32501220703125 360.625 363.287506103515625 364.54376220703125 362.5 356.13751220703125 345.475006103515625 336.056243896484375 330.21875 319.36248779296875 312.11248779296875 316.64373779296875 318.51873779296875 321.806243896484375 324.756256103515625 327.4375 330.875 331.756256103515625 331.600006103515625 330.08123779296875 325.92498779296875 317.98748779296875 308.85626220703125 301.125 292.287506103515625 282.76251220703125 273.70001220703125 268.89373779296875 266.443756103515625 266.475006103515625 270.91876220703125
358.71875 355.40625 352.23126220703125 351.5625 350.38751220703125 347.28125 348.618743896484375 347.818756103515625 348.51873779296875 349.600006103515625 352.79998779296875 356.57501220703125 357.149993896484375 357.375 359.131256103515625 361.26251220703125 360.662506103515625 362.98126220703125 361.16876220703125 360.13751220703125 351.32501220703125 342.5625 334.63751220703125 324.20623779296875 319.85626220703125 318.993743896484375 317.0625 318.587493896484375 317.83123779296875 319.98126220703125 322.90625 323.306243896484375 321.03125 319.79376220703125 317 310.037506103515625 303.462493896484375 295.15625 287.806243896484375 280.100006103515625 276.61248779296875 274.818756103515625 273.350006103515625 274.34375 278.931243896484375
353.600006103515625 347.51873779296875 344.58123779296875 342.20623779296875 341.756256103515625 338 335.381256103515625 335.25 335.100006103515625 338.38751220703125 346.54376220703125 349.45623779296875 354.04376220703125 357.48748779296875 358.25 358.15625 358.556243896484375 361.32501220703125 358.58123779296875 356.181243896484375 350.887481689453125 343.118743896484375 334.86248779296875 325.662506103515625 321.625 316.368743896484375 314.131256103515625 311.75 309.89373779296875 312.4375 313.318756103515625 312.225006103515625 309.70623779296875 309.125 307.243743896484375 302.70623779296875 296.70623779296875 290.45001220703125 283.193756103515625 282.5 279.337493896484375 278.256256103515625 279.024993896484375 281.931243896484375 287.274993896484375
345.787506103515625 340.70623779296875 337.91876220703125 334.51251220703125 331.75 329.36248779296875 326.26873779296875 322.90625 322.225006103515625 325.58123779296875 332.01251220703125 340.82501220703125 348.92498779296875 351.41876220703125 353.11248779296875 351.587493896484375 352.20001220703125 354.64373779296875 353.4375 351.34375 346.524993896484375 340.225006103515625 333.306243896484375 321.912506103515625 318.618743896484375 312.78125 307.45001220703125 303.412506103515625 300.96875 301.21875 301.725006103515625 302.21875 300.01873779296875 299.07501220703125 297.90625 293.5625 289.118743896484375 281.40625 280.712493896484375 280.975006103515625 278.53125 279.98126220703125 282.712493896484375 287.07501220703125 293.76873779296875
335.51873779296875 332.625 331.037506103515625 325.61248779296875 321.45001220703125 317.26251220703125 312.75 309.73126220703125 306.756256103515625 307.774993896484375 317.63751220703125 331.26251220703125 344.23126220703125 352.181243896484375 351.61248779296875 349.212493896484375 346.3125 345.41876220703125 347.09375 343.28125 341.037506103515625 333.693756103515625 327.78125 315.66876220703125 310.899993896484375 307.48748779296875 301.64373779296875 295.024993896484375 291.899993896484375 293.087493896484375 292.59375 293.256256103515625 289.92498779296875 289.63751220703125 287.60626220703125 283.131256103515625 277.524993896484375 277.381256103515625 277.850006103515625 278.08123779296875 276.79376220703125 279.556243896484375 283.76873779296875 288.23126220703125 292.45001220703125
325.73748779296875 324.98748779296875 322.46875 317.45623779296875 312.13751220703125 305.868743896484375 301.09375 295.83123779296875 289.45001220703125 288.149993896484375 296.08123779296875 313.443756103515625 332.256256103515625 342.149993896484375 342.21875 339.79998779296875 337.231231689453125 336.899993896484375 337.95623779296875 337.556243896484375 333.181243896484375 327.54998779296875 317.699981689453125 308.068756103515625 301.537506103515625 297.743743896484375 292.91876220703125 287.73126220703125 284.34375 284.100006103515625 283.818756103515625 283.10626220703125 280.14373779296875 280.54998779296875 277.649993896484375 271.75 272.256256103515625 273.087493896484375 272.912506103515625 274.16876220703125 275.5625 277.79998779296875 280.71875 285.23748779296875 287.38751220703125
316.66876220703125 317.73126220703125 314.274993896484375 309.95001220703125 304.14373779296875 297.587493896484375 292.399993896484375 283.53125 272.943756103515625 266.631256103515625 277.181243896484375 301.95623779296875 318.39373779296875 326.006256103515625 329.162506103515625 327.91876220703125 323.45623779296875 324.13751220703125 326.100006103515625 323.662506103515625 320.225006103515625 314.13751220703125 305.1875 297.21875 290.225006103515625 286.431243896484375 283.375 279.63751220703125 275.98748779296875 274.899993896484375 275.662506103515625 275.918731689453125 273.29376220703125 271.40625 268.193756103515625 265.931243896484375 267.45623779296875 270.03125 272.16876220703125 271.32501220703125 272.92498779296875 274.57501220703125 278.243743896484375 281.587493896484375 284.3125
311.07501220703125 310.09375 305.59375 302.23126220703125 296.681243896484375 290.83123779296875 284.08123779296875 274.100006103515625 264.88751220703125 256.149993896484375 273.068756103515625 296.57501220703125 308.34375 314.274993896484375 316.13751220703125 315.26251220703125 309.91876220703125 311.431243896484375 310.056243896484375 306.54376220703125 303.11248779296875 296.850006103515625 291.306243896484375 284.368743896484375 277.98748779296875 276.17498779296875 271.556243896484375 270.40625 268.399993896484375 268.287506103515625 267.03125 267.60626220703125 267.01251220703125 264.32501220703125 259.368743896484375 261.756256103515625 263.98126220703125 265.368743896484375 269.63751220703125 269.993743896484375 269.73748779296875 271.712493896484375 272.65625 274.13751220703125 277.506256103515625
303.48126220703125 299.587493896484375 295.73748779296875 293.35626220703125 290.01251220703125 282.912506103515625 277.274993896484375 270.931243896484375 268.75 274.0625 290.76873779296875 299.443756103515625 301.39373779296875 305.09375 306.243743896484375 303.29998779296875 298.993743896484375 298.54376220703125 293.875 291.475006103515625 287.01251220703125 280.67498779296875 275.881256103515625 271.993743896484375 267.96875 264.537506103515625 262.11248779296875 261.70001220703125 260.524993896484375 262.300018310546875 262.51873779296875 260.774993896484375 260.524993896484375 260.26251220703125 261.193756103515625 261.118743896484375 261.350006103515625 263.75 265.118743896484375 263.40625 263.681243896484375 265.83123779296875 265.41876220703125 267.57501220703125 269.90625
294.75 291.631256103515625 288.58123779296875 286.837493896484375 284.037506103515625 279.306243896484375 272.850006103515625 271.899993896484375 273.225006103515625 278.29998779296875 286.58123779296875 293.568756103515625 294.712493896484375 296.431243896484375 296.4375 292.975006103515625 288.78125 286.981231689453125 280.743743896484375 275.79998779296875 270.09375 266.53125 259.59375 256.21875 256.125 254.600006103515625 253.806243896484375 254.5124969482421875 254.587493896484375 256.300018310546875 255.0625 258.368743896484375 261.26251220703125 261.76251220703125 263.350006103515625 262.83123779296875 262.006256103515625 263.29998779296875 262.537506103515625 258.337493896484375 257.056243896484375 258.493743896484375 256.64373779296875 257.73126220703125 261.01251220703125
