data/historical-monthly-weather-data/wc2.1_cruts4.09_10m_prec_1993-06.asc
ncols        45
nrows        45
xllcorner    -63.500000000000
yllcorner    -7.500000000000
cellsize     0.166666666667
NODATA_value -9999
[rows 19 to 37 of 45, columns 0 to 43 of 45]
172.8874969482421875 174.2937469482421875 171.1374969482421875 165.649993896484375 162.9499969482421875 162.493743896484375 157.2687530517578125 150.1125030517578125 148.337493896484375 144.2937469482421875 138.6125030517578125 131.431243896484375 122.53749847412109375 113.31874847412109375 104.66249847412109375 91.7062530517578125 82.91249847412109375 81.21250152587890625 74.21250152587890625 72.16249847412109375 64.6875 63.581249237060546875 66.59999847412109375 68.40000152587890625 67.09999847412109375 66.3249969482421875 67.34375 72.71250152587890625 72.58750152587890625 72.0124969482421875 73.78125 83.1687469482421875 84.30625152587890625 82.8874969482421875 82.7375030517578125 87.40000152587890625 89.78749847412109375 86.86875152587890625 83.34999847412109375 78.58750152587890625 70.49375152587890625 61.90625 61.4375 61.075000762939453125
153.4875030517578125 162.8937530517578125 164.193756103515625 159.8249969482421875 152.024993896484375 148.600006103515625 147.03125 142.78125 139.8937530517578125 135.118743896484375 131.5625 124.6750030517578125 116.34375 106.03749847412109375 96.11875152587890625 88.72499847412109375 79.81874847412109375 75.2375030517578125 74.58750152587890625 70.90625 71.72499847412109375 71.3625030517578125 72.46250152587890625 75.9875030517578125 75.71875 72.53125 68.00624847412109375 69.21250152587890625 70.9375 74.25624847412109375 77.7062530517578125 84.09375 79.7687530517578125 77.61875152587890625 76.5749969482421875 80.75 83.9499969482421875 83.18125152587890625 78.0187530517578125 72.8625030517578125 67.36875152587890625 60.793750762939453125 59.268749237060546875 59.36875152587890625
144.662506103515625 145.9375 150.0812530517578125 150.3874969482421875 145.162506103515625 139.7624969482421875 136.9875030517578125 132.75 129.7312469482421875 128.306243896484375 124.8562469482421875 116.84999847412109375 108.9375 102.9812469482421875 96.59375 86.6062469482421875 85.3625030517578125 79.2062530517578125 78.65625 75.8249969482421875 72.69374847412109375 75.38124847412109375 76.86875152587890625 76.09999847412109375 73.96875 71.4875030517578125 72.43125152587890625 70.875 74.6374969482421875 78.27500152587890625 79.1062469482421875 78.84375 76.4812469482421875 76.6062469482421875 74.28749847412109375 75.2624969482421875 77.33750152587890625 78.47499847412109375 75.4562530517578125 71.28749847412109375 65.9187469482421875 61.27500152587890625 59.581249237060546875 59.918750762939453125
136.6687469482421875 145.943756103515625 148.8625030517578125 147.6999969482421875 142.4562530517578125 135.381256103515625 125.6374969482421875 120.43125152587890625 122.13124847412109375 120.44374847412109375 116.9499969482421875 113.31874847412109375 110.91249847412109375 106.9562530517578125 100.09999847412109375 92.3937530517578125 84.9375 80.0625 78.68125152587890625 78.16249847412109375 79.2624969482421875 78.09999847412109375 76.4562530517578125 76.2624969482421875 77.44374847412109375 74.84375 72.8000030517578125 72.84375 74.94374847412109375 74.69374847412109375 75.2687530517578125 76.84999847412109375 73.5437469482421875 70.91249847412109375 71.61875152587890625 70.27500152587890625 70.15625 71.65625 71.6999969482421875 69.53749847412109375 64.8312530517578125 61.418750762939453125 59.34375 58.237499237060546875
125.38124847412109375 135.587493896484375 142.9812469482421875 138.71875 132.3625030517578125 126.0625 123.11875152587890625 118.0187530517578125 114.3625030517578125 110.4812469482421875 112.0812530517578125 113.8125 110.1125030517578125 108.59999847412109375 99.52500152587890625 92.59999847412109375 86.59999847412109375 84.91249847412109375 82.9375 81.28125 81.6125030517578125 82.59999847412109375 80.1875 82.69374847412109375 80.5187530517578125 76.4562530517578125 77.3937530517578125 73.08750152587890625 72.03125 72.90625 73.1125030517578125 74.0625 71.9562530517578125 68.1062469482421875 67.8125 65.65000152587890625 66.375 67.6062469482421875 66.77500152587890625 64.66249847412109375 61.66249847412109375 59.59375 58.174999237060546875 57.700000762939453125
113.3312530517578125 124.6374969482421875 130.0625 131.5437469482421875 127.6875 122.02500152587890625 117.7624969482421875 115.0749969482421875 111.0500030517578125 110.8312530517578125 109.21250152587890625 108.4499969482421875 108.9875030517578125 104.1750030517578125 96.25 90.44374847412109375 86.66249847412109375 83.6875 83.21875 83.9250030517578125 84.1875 83.46875 85.2062530517578125 86.25 81.3125 77.27500152587890625 75.34375 73.0124969482421875 71.0187530517578125 71.8125 69.69374847412109375 68.5 66.375 65.1125030517578125 63.881252288818359375 63.018749237060546875 62.881252288818359375 62.200000762939453125 62.737499237060546875 61.40625 59.13124847412109375 58.200000762939453125 57.84375 55.981250762939453125
106.65625 119.44374847412109375 118.68125152587890625 120.3562469482421875 116.6999969482421875 113.34999847412109375 109.15625 107.56874847412109375 101.80625152587890625 99.0187530517578125 101.55625152587890625 101.68125152587890625 102.46875 100 95.09375 88.08750152587890625 84.9562530517578125 84.71250152587890625 84.8874969482421875 83.30625152587890625 84.3937530517578125 84.8874969482421875 85.875 85.5625 82.9499969482421875 77.56874847412109375 75.30625152587890625 72.93125152587890625 69.15625 68.66249847412109375 66.4250030517578125 64.8312530517578125 62.75 60.950000762939453125 59.55625152587890625 60.19374847412109375 60.075000762939453125 58.3125 57.59375 57.981250762939453125 56.168750762939453125 52.53125 52.075000762939453125 52.424999237060546875
98.97499847412109375 104 107.72499847412109375 108.46875 105.90625 104.02500152587890625 101.19374847412109375 95.6750030517578125 92.86875152587890625 95.66249847412109375 98.72499847412109375 99.0812530517578125 98.3562469482421875 97.83750152587890625 94.65625 90.875 86.36875152587890625 83.27500152587890625 84.22499847412109375 82.9375 82.38124847412109375 83.40000152587890625 85.40000152587890625 88.28749847412109375 82.5187530517578125 77.5437469482421875 75.4187469482421875 71.84999847412109375 68.21875 66.55625152587890625 65.3874969482421875 61.793750762939453125 59.012500762939453125 57.356250762939453125 56.200000762939453125 55.96875 56.831249237060546875 55.3125 53.793750762939453125 54.768749237060546875 54.325000762939453125 51.887500762939453125 49.65625 48.981250762939453125
92.46875 93.1687469482421875 95.7375030517578125 94.61875152587890625 93.09999847412109375 93.5187530517578125 92.4187469482421875 88.91249847412109375 88.2624969482421875 91.34999847412109375 92.8312530517578125 94.44374847412109375 94.03749847412109375 93.3000030517578125 90.4250030517578125 87.3249969482421875 83.7624969482421875 82.9250030517578125 80.8312530517578125 81.27500152587890625 81.88124847412109375 81.0749969482421875 84.1750030517578125 84.19374847412109375 80.5625 75.53749847412109375 73.40000152587890625 69.94374847412109375 68.36875152587890625 67.43125152587890625 65.0625 62.375 58.36875152587890625 54.200000762939453125 54.0625 53.625 54.356250762939453125 52.668750762939453125 52.262500762939453125 52.56874847412109375 52.356250762939453125 51.59375 47.19374847412109375 47.3125
84.15625 86.6875 84.65625 82.71250152587890625 83.0187530517578125 80.875 81.3625030517578125 82.1750030517578125 84.09375 85.375 87.59375 89.02500152587890625 90.59999847412109375 90.97499847412109375 88.5437469482421875 86.0500030517578125 84.09375 81.68125152587890625 81.3625030517578125 81.61875152587890625 80.1374969482421875 78.8937530517578125 79.22499847412109375 78.78749847412109375 76.3562469482421875 71.8249969482421875 71.6875 70.56874847412109375 68.25624847412109375 65.4187469482421875 62.34375 60.487499237060546875 56.112499237060546875 53.612499237060546875 51.46250152587890625 50.78749847412109375 52.174999237060546875 49.643749237060546875 49.52500152587890625 49.168750762939453125 48.1875 46.612499237060546875 44.9375 46.3125
77.68125152587890625 77.9562530517578125 76.7312469482421875 74.59375 74.1875 74.86875152587890625 75.3000030517578125 78.44374847412109375 79.72499847412109375 82.00624847412109375 84.2062530517578125 86.71875 88.9187469482421875 90.02500152587890625 87.1062469482421875 83.93125152587890625 81.63124847412109375 81.3937530517578125 78.1125030517578125 75.5812530517578125 76.50624847412109375 75.875 75.99375152587890625 75.73125457763671875 72.6125030517578125 71.3874969482421875 70.4250030517578125 68.71875 66.9187469482421875 63.38124847412109375 60.456249237060546875 57.90000152587890625 54.918750762939453125 52.65625 51.325000762939453125 49.481250762939453125 51.40625 49.006252288818359375 46.43125152587890625 47.9375 46.5625 44.83750152587890625 44.4875030517578125 43.34375
72.88124847412109375 71.8249969482421875 70.00624847412109375 69.0187530517578125 68.88124847412109375 69.5187530517578125 71.53125 73.8125 75.28749847412109375 78.5 81.41249847412109375 82.90000152587890625 86.5625 84.2937469482421875 83.09375 83.4562530517578125 82.3125 79.4187469482421875 76.625 74.96875 74.08750152587890625 72.1374969482421875 72.1875 72.5500030517578125 70.6062469482421875 69.8937530517578125 68.5124969482421875 67.3937530517578125 65.2624969482421875 61.987499237060546875 60.74375152587890625 58.13124847412109375 54.33750152587890625 50.90625 49.28749847412109375 47.78749847412109375 48.762500762939453125 47.618747711181640625 45.28749847412109375 43.21875 43.112499237060546875 41.65625 41.0625 40.55625152587890625
67.74375152587890625 66.56874847412109375 64.2687530517578125 64.41249847412109375 66.1062469482421875 66.84999847412109375 68.1999969482421875 69.9187469482421875 72.2375030517578125 74.0437469482421875 75.30625152587890625 77.7687530517578125 78.8874969482421875 80.75 81.5 81.11875152587890625 78.08750152587890625 75.3562469482421875 73.34375 72.09375 70.90625 69.8625030517578125 68.0500030517578125 67.9187469482421875 68.1125030517578125 66.99375152587890625 66.6999969482421875 65.8562469482421875 63.74375152587890625 63.15625 60.40000152587890625 57.21250152587890625 53.981250762939453125 50.25624847412109375 48.018749237060546875 45.9375 45.606250762939453125 43.44374847412109375 42.5625 41.30625152587890625 41.34375 40.24375152587890625 39.08750152587890625 38.4187469482421875
63.043750762939453125 62.137500762939453125 61.612499237060546875 62.03749847412109375 61.91249847412109375 63.0625 64.63124847412109375 66.8312530517578125 68.1374969482421875 70.1437530517578125 74.125 75.7062530517578125 77.5812530517578125 81.16249847412109375 82.27500152587890625 79.5812530517578125 76.40625 75.43125152587890625 73.34375 71.50624847412109375 68.65000152587890625 66.7062530517578125 66.0124969482421875 66.21250152587890625 65.71875 65.30625152587890625 64.7687530517578125 63.78749847412109375 62.950000762939453125 62.19374847412109375 60.03125 55.81874847412109375 52.956249237060546875 50.700000762939453125 47.69374847412109375 45.424999237060546875 43.487499237060546875 41.331249237060546875 40.43125152587890625 40.831249237060546875 40.668750762939453125 39.33750152587890625 37.43125152587890625 36.31874847412109375
58.40625 58.518749237060546875 59.731250762939453125 59.80625152587890625 59.424999237060546875 60.11875152587890625 62.293750762939453125 63.0625 64.1687469482421875 65.7687530517578125 69.93125152587890625 74.02500152587890625 76.5812530517578125 78.21875 78.2937469482421875 78.40625 77.5812530517578125 74.75624847412109375 70.9187469482421875 69.0749969482421875 67.2312469482421875 64.875 64.91249847412109375 63.75624847412109375 64.0625 62.71250152587890625 63.46875 62.90000152587890625 63.3125 61.756252288818359375 60.09999847412109375 57.268749237060546875 52.21250152587890625 49.03749847412109375 47.012500762939453125 44.768749237060546875 42.40625 40.03125 39.30625152587890625 38.97499847412109375 37.831249237060546875 37.46875 36.331249237060546875 33.46875
55.40625 54.512500762939453125 56.53749847412109375 58.125 57.918750762939453125 57.0625 57.5 59.15625 60.66249847412109375 62.34999847412109375 68.375 73.3312530517578125 76.7312469482421875 81.4499969482421875 81.68125152587890625 79.8125 77.11875152587890625 72.2624969482421875 68.3937530517578125 64.1125030517578125 64.5124969482421875 61.53749847412109375 60.4375 59.80625152587890625 62.00624847412109375 61.86875152587890625 62.012500762939453125 60.9375 60.856250762939453125 59.13124847412109375 57.987499237060546875 56.08750152587890625 50.83750152587890625 47.56874847412109375 44.63124847412109375 43.03125 39.956249237060546875 39.52500152587890625 37.643749237060546875 37.21250152587890625 36.13124847412109375 34.762500762939453125 34.03749847412109375 32.21875
53.456249237060546875 52.44374847412109375 53.5625 55.043750762939453125 55.58750152587890625 55.418750762939453125 55.81874847412109375 56.21875 56.950000762939453125 58.46250152587890625 62.424999237060546875 70.83750152587890625 76.90625 80.6062469482421875 81.38124847412109375 80.02500152587890625 76.69374847412109375 70.2687530517578125 65.6437530517578125 60.793750762939453125 59.46250152587890625 59.49375152587890625 57.84999847412109375 57.34999847412109375 59.24375152587890625 59.16249847412109375 59.19374847412109375 58.44374847412109375 59.293750762939453125 57.231250762939453125 55.012500762939453125 53.36875152587890625 49.59375 45.875 42.22499847412109375 40.84999847412109375 39.950000762939453125 37.75 36.606250762939453125 36.393749237060546875 35.30625152587890625 33.581249237060546875 32.65000152587890625 31.950000762939453125
50.13124847412109375 51.075000762939453125 50.793750762939453125 52.3125 53.668750762939453125 53.72499847412109375 53.91249847412109375 55.137500762939453125 55.5 54.174999237060546875 60.356250762939453125 71.21875 78.1125030517578125 79.9812469482421875 80.7375030517578125 79.27500152587890625 76.58750152587890625 70.9499969482421875 65.7312469482421875 59.018749237060546875 56.61875152587890625 57.25624847412109375 55.606250762939453125 55.6875 55.768749237060546875 55.97499847412109375 57.5625 56.90000152587890625 56.16249847412109375 53.393749237060546875 52.80625152587890625 50.143749237060546875 47.44374847412109375 44.637500762939453125 41.168750762939453125 39.706249237060546875 38.875 37.86875152587890625 35.950000762939453125 34.5625 33.375 32.799999237060546875 31.018749237060546875 32.47499847412109375
46.91249847412109375 48.03749847412109375 48.93125152587890625 50.9375 51.731250762939453125 52.40000152587890625 53.543750762939453125 54.69374847412109375 56.03125 54.481250762939453125 64.7624969482421875 74.97499847412109375 78.83750152587890625 81.24375152587890625 79.625 77.84999847412109375 74.84375 70.22499847412109375 65.8249969482421875 60.268749237060546875 56.625 55.418750762939453125 53.02500152587890625 53.325000762939453125 52.981250762939453125 54.34375 55.668750762939453125 54.86875152587890625 53.97499847412109375 50.68125152587890625 48.78749847412109375 48.200000762939453125 46.13124847412109375 42.72499847412109375 39.737499237060546875 38.65000152587890625 37.56874847412109375 36.049999237060546875 36.28125 34.231250762939453125 32.549999237060546875 32.34999847412109375 30.274999618530273438 29.631250381469726562
