data/historical-monthly-weather-data/wc2.1_cruts4.09_10m_prec_1983-11.asc
ncols        51
nrows        45
xllcorner    -63.500000000000
yllcorner    -7.500000000000
cellsize     0.166666666667
NODATA_value -9999
[rows 19 to 37 of 45, columns 0 to 43 of 51]
181.4812469482421875 181.6374969482421875 180.3562469482421875 179.4812469482421875 178.431243896484375 177.21875 174.9812469482421875 171.78125 168.6687469482421875 164.756256103515625 159.125 150.587493896484375 140.962493896484375 131.318756103515625 123.0749969482421875 115.7312469482421875 108.90625 106.40625 105.0124969482421875 105.02500152587890625 105.5437469482421875 103.9250030517578125 102.2375030517578125 103.65000152587890625 105.5437469482421875 106.40625 106.99375152587890625 106.1687469482421875 100.86875152587890625 93.0187530517578125 88.33750152587890625 90.7937469482421875 92.6999969482421875 94.6999969482421875 95.9250030517578125 97.2375030517578125 99.0124969482421875 100.9250030517578125 102.1374969482421875 102.88124847412109375 103.1062469482421875 101.9187469482421875 98.52500152587890625 95.44374847412109375
181.9875030517578125 183.4875030517578125 183.4562530517578125 182.975006103515625 181.7375030517578125 181.274993896484375 180.5437469482421875 178.71875 176.7375030517578125 173.15625 168.21875 160.7937469482421875 152.1062469482421875 141.8625030517578125 132.78125 123.72499847412109375 115.78749847412109375 110.78125 108.5812530517578125 106.16249847412109375 105.9812469482421875 104.7687530517578125 102.74375152587890625 104.1374969482421875 106 106.78749847412109375 107.33750152587890625 105.4250030517578125 102.1062469482421875 99.53125 97.875 99.6125030517578125 100.58750152587890625 102.0437469482421875 103.63124847412109375 105.94374847412109375 107.125 108.38124847412109375 108.6687469482421875 108.9375 108.15000152587890625 106.1687469482421875 103.1437530517578125 99.43125152587890625
183.618743896484375 184.2750091552734375 185.0500030517578125 185.287506103515625 185.1750030517578125 185.287506103515625 185.806243896484375 185.0187530517578125 184.8312530517578125 182.6125030517578125 178.53125 172.8937530517578125 165.287506103515625 155.006256103515625 144.3000030517578125 133.868743896484375 125.38124847412109375 118.18125152587890625 112.9812469482421875 109.00624847412109375 106.0812530517578125 103.6437530517578125 101.84375 102.875 104.06874847412109375 105.02500152587890625 107.2687530517578125 107.1687469482421875 106.65625 106.24375152587890625 105.4250030517578125 107.2375030517578125 108.15000152587890625 110.6437530517578125 113.40625 115.55625152587890625 116.72499847412109375 117.3937530517578125 116.1875 115.59375 113.97499847412109375 111.1999969482421875 107.90000152587890625 104.33750152587890625
185.4875030517578125 187.5124969482421875 188.212493896484375 188.7312469482421875 189.1750030517578125 189.4562530517578125 189.725006103515625 190.899993896484375 192.3937530517578125 191.0124969482421875 188.8312530517578125 184.78125 181.0437469482421875 171.4250030517578125 157.118743896484375 144.149993896484375 133.8375091552734375 124.9812469482421875 117.38124847412109375 111.1875 107.08750152587890625 103.3625030517578125 100.4375 101.1062469482421875 102.7937469482421875 104.31874847412109375 106.9812469482421875 109.11875152587890625 109.9375 110.86875152587890625 112.25624847412109375 114.77500152587890625 116.96875 120.0749969482421875 122.96250152587890625 125.50624847412109375 126.75 126.00624847412109375 123.75 122.1437530517578125 120.3000030517578125 116.69374847412109375 112.84999847412109375 108.8312530517578125
188.3687591552734375 190.318756103515625 191.2624969482421875 191.1437530517578125 192.0500030517578125 193.2937469482421875 194.118743896484375 195.78125 196.6437530517578125 196.006256103515625 194.631256103515625 194.493743896484375 193.4562530517578125 182.9250030517578125 166.287506103515625 151.8874969482421875 140.212493896484375 129.962493896484375 120.55625152587890625 112.3000030517578125 107.2375030517578125 102.68125152587890625 98.66249847412109375 99.3562469482421875 101.16249847412109375 102.83750152587890625 107.81874847412109375 110.25624847412109375 113.1062469482421875 115.5 119.0187530517578125 122.875 125.3874969482421875 128.399993896484375 131.881256103515625 135.3249969482421875 136.524993896484375 134.318756103515625 131.556243896484375 129.1312408447265625 126.52500152587890625 122.63124847412109375 118.63124847412109375 114.21875
194.1687469482421875 194.7062530517578125 195.337493896484375 195.3249969482421875 196.8625030517578125 197.193756103515625 197.306243896484375 198.2062530517578125 199.2312469482421875 198.774993896484375 198.149993896484375 196.3562469482421875 194.0625 185.587493896484375 171.006256103515625 156.962493896484375 144.8249969482421875 133.0437469482421875 122.59999847412109375 113.25 107.0437469482421875 101.15000152587890625 97.00624847412109375 97.4499969482421875 98.9562530517578125 101.9499969482421875 107.3249969482421875 111.93125152587890625 115.78749847412109375 120.3937530517578125 124.8249969482421875 129.75 132.6062469482421875 135.743743896484375 138.7312469482421875 141.0625 142.25 140.256256103515625 137.75 135.600006103515625 132.556243896484375 128.5124969482421875 125.0749969482421875 121.30625152587890625
203.6062469482421875 203.725006103515625 200.9375 201.0124969482421875 200.743743896484375 199.9812469482421875 199.0625 199.0437469482421875 199.3874969482421875 198.912506103515625 197.7375030517578125 195.787506103515625 191.9562530517578125 184.787506103515625 172.6062469482421875 160.056243896484375 148.506256103515625 136.162506103515625 124.8312530517578125 114.7624969482421875 107.5187530517578125 100.78749847412109375 95.4562530517578125 95.1687469482421875 97.3249969482421875 101.08750152587890625 107.75624847412109375 113.94374847412109375 119.4375 125.21250152587890625 130.4812469482421875 136.0187530517578125 139.212493896484375 141.4875030517578125 144.149993896484375 145.7312469482421875 146.274993896484375 145.3937530517578125 144 141.850006103515625 139.1999969482421875 134.993743896484375 130.3125 127.03125
216.15625 213.9875030517578125 209.9499969482421875 207.2312469482421875 204.4812469482421875 202.149993896484375 201.5187530517578125 200.087493896484375 198.28125 197.337493896484375 196.649993896484375 194.46875 190.4812469482421875 184.2312469482421875 173.4499969482421875 161.4187469482421875 150.587493896484375 138.712493896484375 127.4375 116.75624847412109375 108.7375030517578125 101.27500152587890625 95.0625 94.9875030517578125 98.0749969482421875 102.08750152587890625 109.25 116.43125152587890625 123.5 129.149993896484375 135.3312530517578125 141.162506103515625 144.6125030517578125 146.7937469482421875 148.287506103515625 149.7062530517578125 150.399993896484375 149.7687530517578125 149.399993896484375 148.0625 145.8000030517578125 140.662506103515625 135.28125 130.5374908447265625
229.5749969482421875 225.087493896484375 218.8249969482421875 212.993743896484375 208.306243896484375 204.28125 202.193756103515625 200.306243896484375 198.40625 196.7562408447265625 194.4375 192.2687530517578125 188.493743896484375 182.8249969482421875 173.475006103515625 162.6125030517578125 152.0500030517578125 141.024993896484375 129.84375 119.33750152587890625 111.1062469482421875 102.9562530517578125 97.28125 97.9562530517578125 100.65000152587890625 104.2624969482421875 111.5124969482421875 119.58750152587890625 127.08750152587890625 133.037506103515625 138.7937469482421875 144.818756103515625 148.131256103515625 149.618743896484375 151.7312469482421875 153.2624969482421875 154.162506103515625 154.84375 154.0812530517578125 154.5749969482421875 153.8312530517578125 148.125 139.3312530517578125 133.15625
242.0812530517578125 235.2624969482421875 225.399993896484375 217.256256103515625 210.6062469482421875 205.350006103515625 202.0124969482421875 199.34375 197.993743896484375 195.649993896484375 193 190.2375030517578125 187.068756103515625 181.7687530517578125 173.131256103515625 164.1374969482421875 154.993743896484375 143.6875 132.7312469482421875 122.4812469482421875 114.21875 105.9812469482421875 100.2312469482421875 101.5812530517578125 104.08750152587890625 107.375 115.1875 123.19374847412109375 131.2312469482421875 136.587493896484375 142.28125 147.7375030517578125 150.181243896484375 151.8312530517578125 154.4187469482421875 156.225006103515625 157.8125 158.618743896484375 158.193756103515625 158.1750030517578125 158.868743896484375 151.9375 143.6999969482421875 139.6125030517578125
247.6125030517578125 239.0749969482421875 227.9375 216.712493896484375 209.787506103515625 204.84375 201.3312530517578125 198.7375030517578125 197.03125 193.8874969482421875 191.181243896484375 188.9250030517578125 186.181243896484375 182.162506103515625 174.693756103515625 166.8000030517578125 157.6687469482421875 147.7375030517578125 136.9875030517578125 127.05625152587890625 118.82500457763671875 111.5 105.7937469482421875 106.75624847412109375 109.2062530517578125 112.6999969482421875 120.3937530517578125 128.131256103515625 135.65625 141.0812530517578125 146.0812530517578125 150.912506103515625 153.181243896484375 155.40625 157.7687530517578125 159.243743896484375 160.5812530517578125 162.600006103515625 160.90625 160.256256103515625 160.65625 158.4562530517578125 153.225006103515625 150.71875
250.3312530517578125 240.899993896484375 229.1875 217.625 209.2312469482421875 205.2312469482421875 201.681243896484375 198.5124969482421875 195.5187530517578125 193.0625 190.5749969482421875 188.59375 186.7375030517578125 182.3125 176.243743896484375 169.662506103515625 162.4250030517578125 152.475006103515625 141.625 133.125 125.40625 118.03125 112.21250152587890625 113.0625 115 118.5124969482421875 125.6875 133.443756103515625 140.4812469482421875 145.149993896484375 149.7624969482421875 154.3625030517578125 156.3249969482421875 159.243743896484375 161.024993896484375 162.5124969482421875 164.5437469482421875 167.8125 165.46875 160.59375 162.306243896484375 164.125 162.53125 160.431243896484375
250.6999969482421875 241.4875030517578125 229.931243896484375 219.8687591552734375 212.4499969482421875 206.118743896484375 201.9875030517578125 197.9562530517578125 194.693756103515625 191.8249969482421875 189.5437469482421875 188.3249969482421875 186.556243896484375 183.600006103515625 179.493743896484375 174.2937469482421875 168.006256103515625 158.506256103515625 148.8562469482421875 140.837493896484375 133.1750030517578125 125.4187469482421875 119.13124847412109375 119.6687469482421875 121.8874969482421875 124.7624969482421875 131.350006103515625 138.6999969482421875 145.1374969482421875 149.7375030517578125 153.8312530517578125 157.475006103515625 159.693756103515625 162.0500030517578125 164.9812469482421875 167 169.5500030517578125 172.15625 169.068756103515625 166.725006103515625 171.09375 174.868743896484375 175.443756103515625 177.1125030517578125
242.318756103515625 234.837493896484375 225.1999969482421875 217.162506103515625 210.631256103515625 203.8937530517578125 199.25 195.25 191.8562469482421875 189.375 189.131256103515625 188.1750030517578125 187.9187469482421875 187.725006103515625 184.4187469482421875 180.625 174.975006103515625 167.5812530517578125 159.1999969482421875 151.46875 143.975006103515625 135.8000030517578125 128.881256103515625 129.0625 130.96875 133.243743896484375 139.2062530517578125 145.65625 151.962493896484375 155.693756103515625 159.068756103515625 162.087493896484375 164.087493896484375 166.2312469482421875 169.7312469482421875 172.5187530517578125 176.1062469482421875 178.4250030517578125 176.3312530517578125 179.3000030517578125 184.5500030517578125 188.9375 192.943756103515625 198.743743896484375
231.931243896484375 226.4375 219.0812530517578125 213.368743896484375 207.5124969482421875 201.243743896484375 195.6437530517578125 191.9499969482421875 188.875 186.59375 186.649993896484375 188.3562469482421875 190.306243896484375 190.7624969482421875 189.0749969482421875 186.868743896484375 183.46875 177.1999969482421875 169.9250030517578125 162.9375 155.225006103515625 147.0124969482421875 139.962493896484375 139.4250030517578125 140.6999969482421875 142.1374969482421875 147.6875 153.131256103515625 158.6374969482421875 161.556243896484375 164.21875 167.1999969482421875 169.21875 171.4562530517578125 175.1999969482421875 178.975006103515625 182.193756103515625 183.931243896484375 185.90625 191.5437469482421875 197.1437530517578125 203.09375 211.2687530517578125 220.8000030517578125
222.756256103515625 218.743743896484375 213.412506103515625 208.5625 204.1374969482421875 198.0062408447265625 192.068756103515625 188.28125 184.0625 182.806243896484375 184.5124969482421875 188.6750030517578125 192.587493896484375 195.75 196.125 194.212493896484375 192.4499969482421875 187.3625030517578125 180.993743896484375 174.5124969482421875 167.256256103515625 159.0124969482421875 151.5500030517578125 149.8874969482421875 149.84375 151.0437469482421875 155.368743896484375 160.556243896484375 165.0124969482421875 167.28125 169.7562408447265625 172.0749969482421875 173.881256103515625 176.90625 179.75 182.850006103515625 186.1062469482421875 191.912506103515625 195.837493896484375 201.1437530517578125 208.1062469482421875 214.443756103515625 223.6062469482421875 233.868743896484375
214.3625030517578125 210.818756103515625 206.5 202.100006103515625 198.162506103515625 192.9499969482421875 187.6875 182.5749969482421875 177.693756103515625 175.787506103515625 179.4250030517578125 185.9499969482421875 193.4375 199.71875 201.068756103515625 202.0124969482421875 200.6125030517578125 197.0124969482421875 192.412506103515625 187.7062530517578125 180.618743896484375 171.4250030517578125 163.568756103515625 161.4875030517578125 160.806243896484375 161.0749969482421875 164.681243896484375 169.21875 173.0812530517578125 173.8937530517578125 176.181243896484375 177.681243896484375 179.7375030517578125 182.381256103515625 183.9375 186.1374969482421875 192.431243896484375 197.7687530517578125 201.09375 207.006256103515625 214.4250030517578125 220.149993896484375 227.7375030517578125 237.1062469482421875
206.15625 203.4812469482421875 200.212493896484375 196.7624969482421875 193.1062469482421875 188.774993896484375 183.6750030517578125 178.412506103515625 172.46875 167.6999969482421875 174.056243896484375 187.506256103515625 196.931243896484375 203.118743896484375 206.1875 208.3312530517578125 208.4875030517578125 205.7937469482421875 202.443756103515625 198.287506103515625 191.381256103515625 182.5500030517578125 175 172.381256103515625 171.0500030517578125 171.3249969482421875 173.431243896484375 177.625 180.2687530517578125 181.037506103515625 182.212493896484375 184.2687530517578125 185.6875 188.131256103515625 189.34375 192.2624969482421875 197.837493896484375 203.28125 207.2062530517578125 210.9562530517578125 216.6125030517578125 221.4187469482421875 228.03125 236.75
200.2624969482421875 197.662506103515625 194.7312469482421875 192.149993896484375 189.0124969482421875 185.75 182.037506103515625 177.71875 172.5124969482421875 167.037506103515625 180.056243896484375 195.8000030517578125 202.8937530517578125 208.28125 211.8125 214.625 215.868743896484375 213.6062469482421875 210.350006103515625 205.25 199.625 192.368743896484375 185.7687530517578125 182.256256103515625 180.837493896484375 180.681243896484375 181.962493896484375 185.3125 187.6062469482421875 188.443756103515625 187.125 188.2624969482421875 190.1125030517578125 192.3937530517578125 193.881256103515625 197.625 203.0625 207.5562591552734375 212.5437469482421875 216.618743896484375 218.8874969482421875 223.59375 227.475006103515625 233.2687530517578125
