data/historical-monthly-weather-data/wc2.1_cruts4.09_10m_prec_1954-12.asc
ncols        45
nrows        45
xllcorner    -63.500000000000
yllcorner    -7.500000000000
cellsize     0.166666666667
NODATA_value -9999
[rows 0 to 19 of 45, columns 0 to 44 of 45]
235.1374969482421875 231.881256103515625 224.037506103515625 218.899993896484375 211.681243896484375 205.318756103515625 197.9562530517578125 189.2312469482421875 181.368743896484375 174.3249969482421875 170.03125 164.787506103515625 160.631256103515625 154.75 149.193756103515625 143.7874908447265625 139.0500030517578125 134.0124969482421875 130.587493896484375 127.5437469482421875 127.13124847412109375 126.6374969482421875 126.1687469482421875 126.3125 126.4562530517578125 126.3125 127.2312469482421875 128.337493896484375 129.65625 131.8874969482421875 133.6125030517578125 136.3125 139.28125 142.0812530517578125 144.6125030517578125 148.274993896484375 150.462493896484375 152.1999969482421875 151.568756103515625 151.0749969482421875 150.056243896484375 147.9375 145.712493896484375 142.693756103515625 141.024993896484375
238.350006103515625 234.5187530517578125 230.1062469482421875 226.787506103515625 222.5124969482421875 214.868743896484375 205.7687530517578125 199.2312469482421875 193.0437469482421875 186.506256103515625 180.8312530517578125 173.774993896484375 168.375 162.4187469482421875 156.056243896484375 150.118743896484375 144.743743896484375 139.3625030517578125 134.5500030517578125 131.306243896484375 130.1437530517578125 129.118743896484375 128.881256103515625 128.96875 129.09375 129.09375 130.34375 131.600006103515625 133.162506103515625 136.381256103515625 138.8625030517578125 142.3874969482421875 145.40625 149.318756103515625 153.600006103515625 155.875 160.181243896484375 162.96875 161.7062530517578125 160.774993896484375 159.350006103515625 156.806243896484375 154.181243896484375 149.5124969482421875 146.53125
237.100006103515625 234.5500030517578125 230.9562530517578125 227.556243896484375 223.837493896484375 216.431243896484375 209.7687530517578125 204.975006103515625 199.774993896484375 193.600006103515625 186.9562530517578125 179.78125 174.287506103515625 168.1750030517578125 161.8125 155.162506103515625 149.8249969482421875 144.59375 140.3125 136.8625030517578125 135.5625 134.837493896484375 134.375 133.6687469482421875 133.15625 133.5124969482421875 135.0187530517578125 136.431243896484375 138.6750030517578125 141.3625030517578125 144.625 148.6437530517578125 153.556243896484375 156.9250030517578125 161.2062530517578125 165.337493896484375 169.037506103515625 171.9812469482421875 171.8562469482421875 171.0749969482421875 169.4875030517578125 166.118743896484375 161.90625 157.9562530517578125 153.225006103515625
233.037506103515625 232.7937469482421875 231.0749969482421875 226.256256103515625 223.1687469482421875 217.149993896484375 212.21875 208.6374969482421875 204.087493896484375 199.462493896484375 192.931243896484375 185.8874969482421875 179.4250030517578125 173.3625030517578125 166.524993896484375 160.2624969482421875 154.7312469482421875 149.2125091552734375 145.568756103515625 143.7375030517578125 142.600006103515625 141.40625 139.6062469482421875 138.5187530517578125 137 137.149993896484375 139.0812530517578125 140.4437408447265625 143.368743896484375 147.3000030517578125 150.8000030517578125 154.4562530517578125 160.1687469482421875 165.243743896484375 169.462493896484375 173.8000030517578125 177.243743896484375 180.931243896484375 182.131256103515625 181.5 179.2312469482421875 175.149993896484375 170.1687469482421875 165.9187469482421875 160.024993896484375
239.100006103515625 234.506256103515625 228.087493896484375 224.725006103515625 222.4499969482421875 218.3000030517578125 213.868743896484375 210.8625030517578125 208.506256103515625 204.9250030517578125 197.8125 190.0625 184.337493896484375 178.587493896484375 171.556243896484375 165.100006103515625 159.225006103515625 154.350006103515625 151.649993896484375 150.9250030517578125 149.712493896484375 147.1999969482421875 144.712493896484375 142.9250030517578125 140.84375 140.65625 141.8249969482421875 143.7062530517578125 147.0625 151.9250030517578125 156.40625 160.193756103515625 165.7312469482421875 171.337493896484375 176.21875 181.537506103515625 186.587493896484375 190.53125 192.162506103515625 191.618743896484375 189.337493896484375 184.381256103515625 179.087493896484375 172.962493896484375 166.806243896484375
243.975006103515625 240.2687530517578125 232.03125 224.4437408447265625 223.03125 221.212493896484375 217.9812469482421875 214.3562469482421875 211.368743896484375 207.787506103515625 200.943756103515625 194.131256103515625 189.5124969482421875 184.1437530517578125 178.7375030517578125 172.9499969482421875 167.850006103515625 162.4562530517578125 161.056243896484375 159.431243896484375 156.375 153.65625 150.2375030517578125 148.0749969482421875 145.912506103515625 144.774993896484375 147.15625 149.3249969482421875 152.1687469482421875 156.96875 161.90625 166.7874908447265625 170.78125 175.306243896484375 182.28125 188.40625 193.806243896484375 200.1687469482421875 202.8000030517578125 201.475006103515625 196.993743896484375 191.8125 184.962493896484375 179.34375 173.4562530517578125
251.21875 247.3874969482421875 239.40625 230.837493896484375 226.0812530517578125 222.5187530517578125 219.5124969482421875 215.2937469482421875 210.6062469482421875 204.993743896484375 201.375 196.71875 194.1687469482421875 189.7312469482421875 185.337493896484375 181.0812530517578125 177.899993896484375 175.6687469482421875 174.256256103515625 170.4250030517578125 164.8375091552734375 160.6750030517578125 155.8062591552734375 152.7375030517578125 151.006256103515625 149.28125 151.25 154.84375 157.9187469482421875 162.181243896484375 166.9562530517578125 171.65625 176.53125 180.78125 186.4187469482421875 192.6875 199.71875 206.7687530517578125 212.4562530517578125 210.243743896484375 204.3249969482421875 197.5500030517578125 191.1999969482421875 184.5812530517578125 177.318756103515625
258.568756103515625 254.0437469482421875 246.587493896484375 240.318756103515625 235.625 229.3625030517578125 222.056243896484375 213.443756103515625 205.6437530517578125 201.806243896484375 201.4250030517578125 200.3312530517578125 198.34375 196.2937469482421875 192.59375 189.7375030517578125 187.431243896484375 187.350006103515625 186.381256103515625 179.337493896484375 171.8000030517578125 165.3000030517578125 159.381256103515625 155.662506103515625 154.431243896484375 153.368743896484375 155.1062469482421875 158.5625 163.225006103515625 168.0124969482421875 171.412506103515625 175.8562469482421875 181.037506103515625 185.0749969482421875 191.2687530517578125 196.243743896484375 203.3625030517578125 209.9375 213.899993896484375 212.8937530517578125 208.8562469482421875 202.068756103515625 195.662506103515625 188.6687469482421875 179.600006103515625
267.4375 262.993743896484375 256.4375 250.587493896484375 245.006256103515625 239.024993896484375 231.1125030517578125 220.881256103515625 209.443756103515625 203.5500030517578125 205.212493896484375 205.943756103515625 205.162506103515625 203.0749969482421875 200.193756103515625 197.7624969482421875 195.868743896484375 195.350006103515625 193.475006103515625 185.1875 175.212493896484375 168.0500030517578125 162.1125030517578125 159.9499969482421875 158.1125030517578125 156.71875 158.625 162.537506103515625 166.725006103515625 170.881256103515625 175.6374969482421875 179.1374969482421875 183.7437591552734375 188.6312408447265625 193.850006103515625 199.125 204.556243896484375 209.3874969482421875 212.0812530517578125 212.4875030517578125 208.8625030517578125 203.100006103515625 198.193756103515625 192.3874969482421875 184.662506103515625
274.493743896484375 270.774993896484375 265.131256103515625 260.537506103515625 255.068756103515625 249.0500030517578125 241.5187530517578125 232.306243896484375 223.78125 217.787506103515625 215.962493896484375 213.8375091552734375 213.4375 210.03125 207.899993896484375 205.4187469482421875 202.75 199.256256103515625 194.556243896484375 186.912506103515625 177.4562530517578125 169.9250030517578125 164.1374969482421875 162.693756103515625 160.600006103515625 159.0500030517578125 161.3249969482421875 165.1312408447265625 169.837493896484375 173.9499969482421875 177.600006103515625 181.0812530517578125 185.3000030517578125 189.412506103515625 194.881256103515625 201.225006103515625 205.743743896484375 209.6999969482421875 210.78125 211.0124969482421875 209.181243896484375 205.2312469482421875 199.881256103515625 194.7312469482421875 188.274993896484375
283.056243896484375 279.17498779296875 273.20001220703125 267.806243896484375 263.98748779296875 259.73126220703125 253.2062530517578125 243.9250030517578125 235.818756103515625 230.4187469482421875 227.3000030517578125 224.6999969482421875 222.0187530517578125 218.443756103515625 215.125 212.1999969482421875 208.2375030517578125 202.4187469482421875 195.1750030517578125 186.90625 179.0500030517578125 171.631256103515625 166.03125 162.962493896484375 163.287506103515625 162.149993896484375 163.9875030517578125 166.693756103515625 170.006256103515625 174.1062469482421875 177.787506103515625 181.8937530517578125 186.131256103515625 190.3249969482421875 195.3000030517578125 200.625 205.1875 208.9875030517578125 211.4499969482421875 211.4875030517578125 210.1687469482421875 206.5 202.71875 198.8000030517578125 192.056243896484375
289.537506103515625 285.25 279.79376220703125 275.73748779296875 272.04376220703125 268.212493896484375 263.07501220703125 254.7375030517578125 246.837493896484375 242.1999969482421875 239.0187530517578125 236.84375 232.03125 227.3625030517578125 223.2687530517578125 218.131256103515625 212.6687469482421875 204.337493896484375 195.8562469482421875 187.46875 178.67498779296875 171.787506103515625 167.46875 165.618743896484375 165.8625030517578125 165.087493896484375 166.243743896484375 168.0749969482421875 170.3625030517578125 174.1437530517578125 177.5500030517578125 181.6437530517578125 185.8125 190.443756103515625 195.6875 201.0812530517578125 205.46875 209.556243896484375 211.4875030517578125 211.8937530517578125 210.875 207.787506103515625 204.34375 200.381256103515625 192.243743896484375
295.068756103515625 291.38751220703125 286.63751220703125 282.11248779296875 279.08123779296875 274.57501220703125 268.96875 262.443756103515625 255.53125 251.600006103515625 248.8312530517578125 246.9499969482421875 242.131256103515625 235.5 230.5625 224.087493896484375 216.868743896484375 208.0812530517578125 198.5124969482421875 188.6125030517578125 177.618743896484375 171.3874969482421875 168.649993896484375 167.993743896484375 167.0124969482421875 165.5437469482421875 166.84375 168.90625 171.1999969482421875 173.3625030517578125 176.243743896484375 179.712493896484375 183.631256103515625 188.681243896484375 194.274993896484375 200.71875 206.1687469482421875 210.5500030517578125 212.337493896484375 211.84375 210.4187469482421875 208.806243896484375 204.53125 197.0749969482421875 188.84375
298.693756103515625 295.100006103515625 290.35626220703125 286.350006103515625 282.681243896484375 278.10626220703125 272.63751220703125 268.125 263.45001220703125 258.912506103515625 254.40625 252.212493896484375 248.899993896484375 243.368743896484375 236.037506103515625 229.9562530517578125 221.600006103515625 211.4187469482421875 201.037506103515625 190.8562469482421875 180.8874969482421875 173.931243896484375 169.756256103515625 168.4875030517578125 167.5187530517578125 166.5 168.431243896484375 169.193756103515625 170.3625030517578125 171.693756103515625 173.962493896484375 176.5437469482421875 181.0437469482421875 185.9875030517578125 192.59375 199.524993896484375 206.1875 212.6374969482421875 215.943756103515625 217.193756103515625 212.9562530517578125 206.556243896484375 201.15625 196.568756103515625 190.431243896484375
302.837493896484375 298.993743896484375 294.9375 290.649993896484375 287.193756103515625 282.274993896484375 278.212493896484375 273.91876220703125 269.33123779296875 264.13751220703125 259.39373779296875 257.3125 253.587493896484375 248.8562469482421875 240.8249969482421875 234.1125030517578125 224.568756103515625 213.881256103515625 203.243743896484375 194.3562469482421875 184.587493896484375 177.0124969482421875 171.34375 169.8312530517578125 169.318756103515625 168.493743896484375 169.975006103515625 170.65625 170.837493896484375 170.056243896484375 170.5500030517578125 173.037506103515625 177.6999969482421875 183.46875 190.806243896484375 197.2687530517578125 206.1437530517578125 216.412506103515625 224.8000030517578125 226.46875 220.693756103515625 212.7312469482421875 206.131256103515625 200.493743896484375 191.0812530517578125
305 301.58123779296875 297.743743896484375 294.412506103515625 290.875 286.587493896484375 282.462493896484375 277.13751220703125 272.73126220703125 269.068756103515625 264.024993896484375 261.39373779296875 258 253.2312469482421875 245.462493896484375 236.149993896484375 226.25 216.493743896484375 205.8937530517578125 196.7312469482421875 187.8937530517578125 179.5187530517578125 173.212493896484375 171.600006103515625 171.6062469482421875 172.181243896484375 173.274993896484375 173.131256103515625 171.600006103515625 168.3562469482421875 167.212493896484375 167.962493896484375 171.28125 176.9187469482421875 183.5625 191.537506103515625 203.2687530517578125 217.899993896484375 232 235.9812469482421875 230.4562530517578125 220.181243896484375 210.7312469482421875 200.3312530517578125 191.625
306.243743896484375 303.48126220703125 298.29376220703125 295.712493896484375 293.1875 288.381256103515625 284.76251220703125 281.03125 277.70001220703125 273.318756103515625 268.399993896484375 265.006256103515625 261.493743896484375 256.662506103515625 248.8125 238.631256103515625 226.5812530517578125 216.9812469482421875 207.8937530517578125 198.818756103515625 190.181243896484375 181.868743896484375 175.34375 173.7687530517578125 174.4499969482421875 176.2624969482421875 177.868743896484375 176.181243896484375 171.2624969482421875 165.8000030517578125 162.9749908447265625 163.3937530517578125 164.943756103515625 167.0437469482421875 171.631256103515625 181.21875 197.0749969482421875 219.6374969482421875 245.65625 246.306243896484375 237.5500030517578125 224.6062469482421875 211.068756103515625 201.181243896484375 192.15625
306.79998779296875 304.66876220703125 300.01251220703125 297.98126220703125 295.83123779296875 292.524993896484375 288.806243896484375 284.375 280.70623779296875 277.337493896484375 272.931243896484375 269.056243896484375 264.100006103515625 258.83123779296875 250.1687469482421875 239.4499969482421875 227.462493896484375 214.9250030517578125 208.0437469482421875 199.46875 192.118743896484375 184.28125 177.7312469482421875 177.006256103515625 178.243743896484375 180.693756103515625 183.7375030517578125 179.243743896484375 170.837493896484375 162.181243896484375 157.1125030517578125 156.3937530517578125 159.3125 162.53125 163.7312469482421875 166.2624969482421875 189.1374969482421875 216.337493896484375 237.712493896484375 242.5812530517578125 234.037506103515625 221.8000030517578125 210.96875 202.5 193.868743896484375
305.63751220703125 303.993743896484375 300.787506103515625 299.14373779296875 297.58123779296875 295.01251220703125 291.4375 288.4625244140625 285.08123779296875 281.618743896484375 275.806243896484375 270.375 265.85626220703125 260.912506103515625 251.2937469482421875 239.9499969482421875 228.0749969482421875 215.649993896484375 205.5500030517578125 198.087493896484375 192.8125 187.618743896484375 179.350006103515625 179.806243896484375 182.2687530517578125 184.881256103515625 186.368743896484375 182.125 172.5187530517578125 160.6875 151.9812469482421875 154.774993896484375 160.912506103515625 163.90625 164.4562530517578125 170.2937469482421875 189.1999969482421875 210.149993896484375 226.975006103515625 231.5437469482421875 226.5437469482421875 217.1750030517578125 208.9499969482421875 202.8937530517578125 196.34375
302.79998779296875 302.11248779296875 298.70001220703125 297.61248779296875 297.193756103515625 296.20001220703125 294.087493896484375 291.600006103515625 288.92498779296875 283.993743896484375 278.5625 274.26251220703125 269.649993896484375 262.98126220703125 251.75 238.5437469482421875 225.806243896484375 215.25 205.725006103515625 197.975006103515625 191.506256103515625 185.181243896484375 180.743743896484375 182.399993896484375 185.3125 187.7624969482421875 188.6750030517578125 186.2312469482421875 177.8625030517578125 166.024993896484375 159.0500030517578125 162.21875 167.443756103515625 172.46875 177.381256103515625 183.7937469482421875 196.9375 211.8125 222.462493896484375 225.8249969482421875 221.774993896484375 212.2937469482421875 207.8562469482421875 204.46875 199.2375030517578125
