data/historical-monthly-weather-data/wc2.1_cruts4.09_10m_prec_2021-08.asc
ncols        45
nrows        45
xllcorner    -63.500000000000
yllcorner    -7.500000000000
cellsize     0.166666666667
NODATA_value -9999
[rows 19 to 37 of 45, columns 0 to 43 of 45]
110.3625030517578125 117.6374969482421875 124.28125 132.006256103515625 138.0124969482421875 142.8312530517578125 145.756256103515625 147.96875 155.350006103515625 160.0187530517578125 162.243743896484375 158.962493896484375 148.8874969482421875 137.59375 128.568756103515625 118.58750152587890625 105.09999847412109375 103.875 107.43125152587890625 117.51250457763671875 124.25 138.068756103515625 163.5625 186.7624969482421875 205.318756103515625 215.537506103515625 216.65625 209.9812469482421875 196.4250030517578125 172.037506103515625 160.5875091552734375 176.931243896484375 188.662506103515625 202.975006103515625 219.568756103515625 237.225006103515625 251.9375 264.54376220703125 262.1875 249.412506103515625 227.118743896484375 208.3937530517578125 194.287506103515625 181.25
100.34375 109.2312469482421875 117.6687469482421875 125.2624969482421875 129.6125030517578125 134.6999969482421875 139.8249969482421875 144.2312469482421875 152.493743896484375 157.6062469482421875 161.618743896484375 161.34375 151.587493896484375 140.125 128.850006103515625 118.59999847412109375 107.8125 102.36875152587890625 108.0187530517578125 114.99375152587890625 128.6062469482421875 146.243743896484375 166.8249969482421875 190.181243896484375 213.75 220.53125 211.8125 204.875 197.3937530517578125 188.2312469482421875 184.0500030517578125 190.743743896484375 195.381256103515625 202.8625030517578125 219.0500030517578125 234.8000030517578125 253.037506103515625 264.693756103515625 258.95623779296875 248 227.875 212.131256103515625 199.1999969482421875 184.381256103515625
94.0500030517578125 100.53749847412109375 109.1750030517578125 118.1062469482421875 124.47499847412109375 129.2375030517578125 136.4812469482421875 140.4562530517578125 149.84375 155.131256103515625 162.6875 168.3812408447265625 169.037506103515625 159.625 146.274993896484375 130.46875 123.15000152587890625 118.375 120.7375030517578125 126.75 132.475006103515625 146.368743896484375 165.9375 186.3937530517578125 203.787506103515625 214.0749969482421875 222.3125 214.78125 210.381256103515625 200.8562469482421875 194.4375 193.2375030517578125 196.493743896484375 203.96875 210.2249908447265625 225.59375 247.212493896484375 263.743743896484375 260.524993896484375 247.868743896484375 229.2312469482421875 213.1687469482421875 197.100006103515625 187.3000030517578125
88.41249847412109375 97.2062530517578125 106.74375152587890625 114.25624847412109375 121.55625152587890625 127.3874969482421875 131.756256103515625 135.8249969482421875 147.1437530517578125 158.25 170.725006103515625 181.462493896484375 189.53125 183.024993896484375 165.537506103515625 147.9250030517578125 135.3249969482421875 130.2937469482421875 130.756256103515625 133.4875030517578125 139.568756103515625 151.962493896484375 167.7624969482421875 177.9562530517578125 197.806243896484375 214.1437530517578125 221.743743896484375 222.287506103515625 215.3312530517578125 201.4562530517578125 193.631256103515625 192.7375030517578125 195.375 197.5749969482421875 200.318756103515625 205.8625030517578125 226.3625030517578125 253.65625 257.5 243.78125 228.756256103515625 211 195.537506103515625 185.0124969482421875
85.90000152587890625 95.83750152587890625 106.91249847412109375 112.83750152587890625 119.4875030517578125 126.49375152587890625 133.868743896484375 141.2687530517578125 148.118743896484375 161.0187530517578125 174.96875 192.787506103515625 204.84375 196.6687469482421875 179.368743896484375 162.100006103515625 149.6062469482421875 142.7624969482421875 140.7312469482421875 143 148.506256103515625 158.28125 168.3937530517578125 180.943756103515625 195.368743896484375 205.9250030517578125 217.4375 213.1999969482421875 209.537506103515625 199.943756103515625 193.5 190.1875 192.850006103515625 190.8937530517578125 191.75 193.03125 209.306243896484375 235.6687469482421875 242.625 232.25 218.6062469482421875 204.131256103515625 189.4250030517578125 177.881256103515625
85.3874969482421875 94.9375 105.9375 115.1687469482421875 123.375 130.1687469482421875 136.7687530517578125 145.0625 154.256256103515625 166.712493896484375 178.0500030517578125 190.743743896484375 200.3562469482421875 196.024993896484375 183.350006103515625 170.5 159.8562469482421875 152.2687530517578125 148.9187469482421875 150.1374969482421875 155.1687469482421875 161.743743896484375 169.993743896484375 180.3312530517578125 188.9875030517578125 201.2937469482421875 204.4875030517578125 202.34375 199.8125 193.443756103515625 186.743743896484375 182.587493896484375 185.90625 188.8562469482421875 189.537506103515625 190.337493896484375 203.8249969482421875 217 222.0749969482421875 217.774993896484375 207.4562530517578125 196.962493896484375 184.975006103515625 175.5124969482421875
86.90000152587890625 96.06874847412109375 104.7312469482421875 116.0437469482421875 123.4375 130.8874969482421875 138.368743896484375 148.662506103515625 155.0749969482421875 164.1125030517578125 174.9499969482421875 184.537506103515625 191.149993896484375 187.0124969482421875 180.756256103515625 170.4812469482421875 162.96875 157.5124969482421875 152.6125030517578125 154.4499969482421875 159.306243896484375 163.3562469482421875 171.318756103515625 176.381256103515625 182.274993896484375 190.3312530517578125 193.8312530517578125 192.256256103515625 191.462493896484375 187.1999969482421875 180.431243896484375 177 179.256256103515625 182.649993896484375 184.443756103515625 189.5500030517578125 198.1999969482421875 203.912506103515625 208.587493896484375 202.850006103515625 196.225006103515625 187.8000030517578125 179.850006103515625 173.46875
87.69374847412109375 94.2624969482421875 103.93125152587890625 114.02500152587890625 122.2687530517578125 129.899993896484375 139.399993896484375 147.34375 151.9875030517578125 162.649993896484375 173.3000030517578125 177.15625 180.7687530517578125 179.03125 175.8874969482421875 168.5749969482421875 163.568756103515625 157.9562530517578125 155.1125030517578125 153.318756103515625 154.431243896484375 159.3312530517578125 163.6999969482421875 170.1062469482421875 174.4187469482421875 176.2937469482421875 181.037506103515625 180.368743896484375 178.34375 173.381256103515625 170.1999969482421875 165.712493896484375 170.725006103515625 175.7375030517578125 177.4499969482421875 182.6125030517578125 186.2937469482421875 191.662506103515625 191.9499969482421875 187.1687469482421875 181.693756103515625 176.2937469482421875 174.4187469482421875 167.375
89.8000030517578125 91.99375152587890625 101.6750030517578125 111.90625 121.3562469482421875 127.91249847412109375 136.912506103515625 145.3625030517578125 151.6062469482421875 160.2062530517578125 166.162506103515625 168.493743896484375 171.087493896484375 172.131256103515625 168.212493896484375 164.118743896484375 161.8562469482421875 156.9250030517578125 154.068756103515625 151.225006103515625 151.975006103515625 151.524993896484375 157.34375 161.5437469482421875 163.4187469482421875 162.693756103515625 166.337493896484375 167.2687530517578125 166.4875030517578125 162.943756103515625 158.4250030517578125 154.40625 160.3125 164.837493896484375 171.368743896484375 173.84375 175.037506103515625 178.600006103515625 180.15625 178.118743896484375 173.037506103515625 171.1437530517578125 170.225006103515625 170.524993896484375
88.8312530517578125 92.16249847412109375 100.00624847412109375 109.8249969482421875 116.77500152587890625 123.75 131.037506103515625 137.712493896484375 147.21875 153.0812530517578125 158.53125 159.8499908447265625 161.5500030517578125 163.568756103515625 161.662506103515625 158.931243896484375 158.8874969482421875 155.4187469482421875 152.1437530517578125 149.756256103515625 148.931243896484375 147.6750030517578125 150.493743896484375 151.350006103515625 152.9875030517578125 150.4875030517578125 153.6999969482421875 153.5500030517578125 152.2062530517578125 149.4875030517578125 145.568756103515625 143.6999969482421875 147.9499969482421875 152.306243896484375 159.931243896484375 165.8625030517578125 169.0124969482421875 172.5500030517578125 174.1999969482421875 170.681243896484375 163.3625030517578125 163.0187530517578125 165.3937530517578125 170.4250030517578125
86.6125030517578125 89.50624847412109375 95.77500152587890625 101.65625 108.25 115.36875152587890625 121.61875152587890625 130.100006103515625 136.7624969482421875 141.3562469482421875 147.3125 149.993743896484375 151.71875 153.0187530517578125 152.475006103515625 151.100006103515625 150 150.2062530517578125 150.743743896484375 145.8874969482421875 143.7624969482421875 144.024993896484375 145.7062530517578125 144.087493896484375 142.2624969482421875 141.65625 140.462493896484375 139.118743896484375 134.8562469482421875 132.912506103515625 131.5500030517578125 131.943756103515625 136.5812530517578125 142.59375 150.34375 154.556243896484375 162.6374969482421875 168.1999969482421875 168.34375 169.8000030517578125 167.5500030517578125 165.943756103515625 163.0749969482421875 165.2687530517578125
83.90000152587890625 84.8125 88.1374969482421875 94.00624847412109375 101.8874969482421875 107.6750030517578125 114.33750152587890625 120.18125152587890625 125.2687530517578125 129.6875 134.1437530517578125 139.8125 144.337493896484375 145.9875030517578125 143.4375 142.6875 144.806243896484375 145.78125 147.631256103515625 145.1125030517578125 141.6374969482421875 137.1999969482421875 136.75 134.0749969482421875 130.6875 129.6687469482421875 125.74375152587890625 124.38124847412109375 121.55625152587890625 121.19374847412109375 121.7375030517578125 122.0124969482421875 126.0749969482421875 132.712493896484375 142.6875 146.806243896484375 154.46875 161.0625 166.006256103515625 171.71875 170.506256103515625 163.1687469482421875 157.7687530517578125 161.837493896484375
80.47499847412109375 80.65625 82.72499847412109375 86.86875152587890625 93.74375152587890625 99.1999969482421875 104.69374847412109375 108.78125 114.09375 119.01874542236328125 123.49375152587890625 128.181243896484375 131.368743896484375 135.0500030517578125 134.850006103515625 138.09375 139.193756103515625 139.556243896484375 139.587493896484375 138.8000030517578125 135.868743896484375 134.125 130.1999969482421875 123.59999847412109375 120.1062469482421875 117.4562530517578125 113.40625 111.53125 108.09999847412109375 107.99375152587890625 110.34375 110.97499847412109375 115.86875152587890625 123.6125030517578125 129.7062530517578125 133.8125 141.6687469482421875 149.693756103515625 156.25 162.568756103515625 162.2312469482421875 155.375 152.9562530517578125 152.431243896484375
74.69374847412109375 73.86875152587890625 75.40000152587890625 78.7062530517578125 82.15000152587890625 86.0124969482421875 91.41249847412109375 95.68125152587890625 99.8125 105.6750030517578125 112.80625152587890625 115.80625152587890625 118.8000030517578125 124.38124847412109375 124.94374847412109375 128.493743896484375 129.84375 131.193756103515625 130.8312530517578125 129.931243896484375 126.96250152587890625 124.2937469482421875 121.17499542236328125 118.0124969482421875 114.36875152587890625 109.77500152587890625 105.91249847412109375 100.6437530517578125 97.8249969482421875 97.06874847412109375 98.96875 99.2624969482421875 103.9375 110.25 116.3874969482421875 120.6687469482421875 127.96875 134.7062530517578125 140.6687469482421875 146.368743896484375 145.8812408447265625 142.5749969482421875 140.40625 138.568756103515625
68.84375 68.65000152587890625 68.97499847412109375 71.50624847412109375 71.09999847412109375 74.72499847412109375 79.6062469482421875 83.2624969482421875 87.1999969482421875 92.125 97.8312530517578125 102.8249969482421875 108.30625152587890625 110.40625 113.43125152587890625 115.3937530517578125 118.7937469482421875 119.06874847412109375 118.40000152587890625 118.8625030517578125 117.09999847412109375 114.83750152587890625 113 109.0437469482421875 106.74375152587890625 103.25 98.7062530517578125 92.71250152587890625 90.6062469482421875 89.9875030517578125 90.21250152587890625 89.5500030517578125 92.49375152587890625 96.875 103.2375030517578125 107.58750152587890625 114.1687469482421875 119.6437530517578125 124.9562530517578125 127.9499969482421875 131.1125030517578125 130.3125 128.0749969482421875 125.43125152587890625
64.2062530517578125 63.30625152587890625 63.11875152587890625 62.893749237060546875 62.762500762939453125 65.3249969482421875 68.6374969482421875 71.6875 74.31874847412109375 79.6875 85.0124969482421875 91.41249847412109375 95.6999969482421875 100.55625152587890625 103.50624847412109375 106.61875152587890625 109.55625152587890625 109.52500152587890625 108.9812469482421875 109.53749847412109375 108.4499969482421875 106.0124969482421875 103.2312469482421875 100.8312530517578125 98.03125 95.71875 91.0124969482421875 85.5625 83.46250152587890625 82.72499847412109375 80.7062530517578125 78.82500457763671875 81.5749969482421875 84.875 89.7937469482421875 93.86875152587890625 98.15000152587890625 104.4812469482421875 109.7062530517578125 112.53749847412109375 114.05625152587890625 113.9562530517578125 114 112.53125
60.41249847412109375 59.674999237060546875 58.63124847412109375 57.81874847412109375 57.59999847412109375 58.41249847412109375 60.05625152587890625 61.25 63.61875152587890625 68 73.625 78.50624847412109375 84.1750030517578125 88.91249847412109375 92.6437530517578125 97.06874847412109375 99.34999847412109375 100.6374969482421875 99 98.9375 98.59375 98.56874847412109375 95.74375152587890625 93.59999847412109375 90.1437530517578125 86.94374847412109375 82.46875 79.94374847412109375 76.34999847412109375 74.15625 71.71250152587890625 69.7062530517578125 70.09375 73.78125 77.05625152587890625 79.24375152587890625 84.78749847412109375 90.41875457763671875 93.47499847412109375 97.4499969482421875 99.25624847412109375 101.4250030517578125 99.84999847412109375 99.5
55.331249237060546875 54.49375152587890625 53.25624847412109375 52.74375152587890625 52.41249847412109375 52.787502288818359375 53.53125 54.44374847412109375 55.24375152587890625 57.143749237060546875 63.325000762939453125 70.09999847412109375 75.78749847412109375 79.4875030517578125 84.28749847412109375 87.53749847412109375 90.1875 90.65000152587890625 90.03125 88.99375152587890625 88.96875 89.21250152587890625 87.46250152587890625 85.83750152587890625 83.3249969482421875 78.93125152587890625 75.9562530517578125 73.2937469482421875 68.75 66.2624969482421875 64.05625152587890625 61.125 61.90625 63.65625 66.18125152587890625 68.75624847412109375 73.53125 79.125 81.5500030517578125 85.11875152587890625 86.44374847412109375 88.52500152587890625 87.38124847412109375 87.8000030517578125
51.34375 50.80625152587890625 49.125 49.106250762939453125 48.831249237060546875 48.30625152587890625 48.25624847412109375 48.24375152587890625 49.262500762939453125 50.08750152587890625 57.93125152587890625 64.53125 67.67499542236328125 72.03125 77.25624847412109375 80.38124847412109375 82.09375 81.4875030517578125 82.46250152587890625 81.41249847412109375 81.21250152587890625 80.44374847412109375 79.28749847412109375 77.8249969482421875 75.74375152587890625 72.9375 70.53749847412109375 68.3125 64.90625 61.4375 57.72499847412109375 55.59999847412109375 56.65000152587890625 56.237499237060546875 57.24375152587890625 59.02500152587890625 64.72499847412109375 70.3562469482421875 73.2375030517578125 76.43125152587890625 75.0437469482421875 75.2937469482421875 75.15625 75.2937469482421875
