data/historical-monthly-weather-data/wc2.1_cruts4.09_10m_prec_1951-08.asc
ncols        51
nrows        45
xllcorner    -63.500000000000
yllcorner    -7.500000000000
cellsize     0.166666666667
NODATA_value -9999
[rows 0 to 18 of 45, columns 0 to 42 of 51]
205.90625 210.5187530517578125 211.493743896484375 217.40625 224.1875 230.212493896484375 229.318756103515625 230.7062530517578125 229.9812469482421875 226.368743896484375 216.274993896484375 209.399993896484375 205.2062530517578125 197.2375030517578125 191.306243896484375 181.6875 175.2375030517578125 169.0437469482421875 162.9187469482421875 161.024993896484375 157.381256103515625 151.6875 146.4499969482421875 141.693756103515625 135.787506103515625 130.46875 128.899993896484375 129.037506103515625 123.0187530517578125 119.2312469482421875 111.34999847412109375 107.5812530517578125 104.7062530517578125 99.8562469482421875 96.7062530517578125 96.1875 94.9187469482421875 95.00624847412109375 96.65625 97.55625152587890625 99.125 102.52500152587890625 103.7624969482421875
196.6437530517578125 199.850006103515625 206.3125 213.943756103515625 223.4250030517578125 227.462493896484375 223.068756103515625 223.100006103515625 222.6687469482421875 218.493743896484375 210.2062530517578125 204.6875 195.943756103515625 185.9812469482421875 178.6125030517578125 172.8312530517578125 164.625 158.725006103515625 154.125 151.337493896484375 147.2624969482421875 141.431243896484375 136.3312530517578125 132.712493896484375 126.66249847412109375 120.4250030517578125 120.9875030517578125 119.78125 114.5437469482421875 109.36875152587890625 104.3249969482421875 99.6999969482421875 96.9875030517578125 94.8000030517578125 91.75624847412109375 90.83750152587890625 88.40000152587890625 90.1125030517578125 90.84999847412109375 91.6999969482421875 95.34999847412109375 97.47499847412109375 100.3249969482421875
178.600006103515625 184.09375 191.462493896484375 200.5625 209.193756103515625 212.1125030517578125 211.0500030517578125 210.2937469482421875 207.3562469482421875 202.6062469482421875 197.7937469482421875 192.40625 183.649993896484375 172.256256103515625 164.8249969482421875 158.71875 152.3625030517578125 146.2937469482421875 141.3874969482421875 136.287506103515625 133.350006103515625 129.8874969482421875 124.99375152587890625 122.1437530517578125 115.08750152587890625 110.3937530517578125 112.0437469482421875 109.63124847412109375 105.21875 101.40625 95.61875152587890625 91.5437469482421875 89.4375 88.21250152587890625 84.7687530517578125 82.22499847412109375 81.55625152587890625 83.0625 83.46250152587890625 85.78749847412109375 90.4875030517578125 93.52500152587890625 97.8562469482421875
161.631256103515625 164.1374969482421875 172.9875030517578125 182.09375 187.899993896484375 190.3312530517578125 191.6750030517578125 192.193756103515625 192.975006103515625 188.84375 182.149993896484375 175.1875 168.0749969482421875 157.9875030517578125 151.068756103515625 144.881256103515625 139.850006103515625 134.4812469482421875 129.6374969482421875 127.80625152587890625 123.56874847412109375 118.2624969482421875 112.9375 110.24375152587890625 104.4562530517578125 99.7687530517578125 100.77500152587890625 97.0500030517578125 94.1687469482421875 91.3312530517578125 86.94374847412109375 82.46250152587890625 79.3874969482421875 77.21250152587890625 74.96250152587890625 74.28125 75.81874847412109375 76.5 76.29999542236328125 80.02500152587890625 83.71875 88.9499969482421875 93.28125
160.399993896484375 157.8125 155.78125 160.40625 167.912506103515625 169.7937469482421875 170.4250030517578125 175.0625 178.40625 175.037506103515625 167.318756103515625 159.8874969482421875 153.1750030517578125 145.4812469482421875 138.537506103515625 133.4375 127.76874542236328125 121.72499847412109375 116.8937530517578125 115.59999847412109375 113.75 106.8625030517578125 102.09999847412109375 100.72499847412109375 94.1062469482421875 89.11875152587890625 88.1125030517578125 87.8312530517578125 85.59375 81.2687530517578125 79.21875 74.7062530517578125 72.71250152587890625 71.22499847412109375 69.28749847412109375 67.96875 68.3312530517578125 69.3625030517578125 69.53125 72.0500030517578125 77.74375152587890625 82.8312530517578125 89.25
153.037506103515625 149.9812469482421875 145.9187469482421875 140.8249969482421875 146.462493896484375 154.443756103515625 156.6687469482421875 158.375 162.1750030517578125 159.475006103515625 150.5500030517578125 144.274993896484375 139.7624969482421875 133.9812469482421875 127.7624969482421875 123.5749969482421875 117.36875152587890625 110.40625 106.8874969482421875 105.11875152587890625 103.15000152587890625 98.71250152587890625 94.59375 89.7375030517578125 85.5437469482421875 81.63124847412109375 80.7312469482421875 79.8125 78.56874847412109375 73.9875030517578125 71.8937530517578125 69.46875 66.6062469482421875 65.40000152587890625 62.75 62.91249847412109375 62.50624847412109375 62.16249847412109375 63.44374847412109375 67.0187530517578125 70.70000457763671875 76.28125 82.5625
146.4875030517578125 144.6437530517578125 140.9812469482421875 136.8874969482421875 136.681243896484375 137.6875 138.7375030517578125 139.662506103515625 136.8125 135.443756103515625 131.4875030517578125 128.381256103515625 127.0625 123.0124969482421875 119.06874847412109375 115.21875 109.5625 103.3000030517578125 98.2687530517578125 96.86875152587890625 94.02500152587890625 90.63124847412109375 86.8249969482421875 82.90625 78.5625 75.375 74.2312469482421875 72.78749847412109375 70.1374969482421875 67.97499847412109375 65.38124847412109375 62.53125 61.03749847412109375 59.737499237060546875 57.731250762939453125 57.18125152587890625 56.1875 56.15625 57.987499237060546875 61.393749237060546875 64.56874847412109375 69.58750152587890625 76.2062530517578125
141.131256103515625 137.556243896484375 136.412506103515625 133.9562530517578125 134.5437469482421875 134.693756103515625 128.6687469482421875 118.6687469482421875 112.3312530517578125 112.0124969482421875 114.74375152587890625 114.3312530517578125 113.9187469482421875 112.1062469482421875 109.81874847412109375 106.41249847412109375 102.3874969482421875 96.3125 90.8125 88.0749969482421875 86.3937530517578125 83.50624847412109375 79.0812530517578125 75.09999847412109375 72.3625030517578125 68.4812469482421875 66.90000152587890625 65.91249847412109375 64.125 60.78749847412109375 59.69374847412109375 57.09999847412109375 54.950000762939453125 54.174999237060546875 51.56874847412109375 50.762500762939453125 49.96875 49.5625 50.59999847412109375 52.862499237060546875 56.206249237060546875 61.168750762939453125 66.90000152587890625
136.9875030517578125 133.806243896484375 133.412506103515625 129.9375 128.9250030517578125 126.78125 122.1125030517578125 114.2937469482421875 103.7312469482421875 98.59375 100.46250152587890625 101.5 104.84375 104.02500152587890625 101.6687469482421875 98.375 96.13124847412109375 91.34375 88.28749847412109375 83.66249847412109375 80.83750152587890625 78.4499969482421875 73.86875152587890625 72.0625 68.65000152587890625 63.918750762939453125 61.08750152587890625 60.956249237060546875 59.49375152587890625 56.5625 55.575000762939453125 52.25 49.450000762939453125 47.16249847412109375 45.40625 45.58750152587890625 45.393749237060546875 45.25 45.66249847412109375 47.387500762939453125 49.69374847412109375 52.71875 56.375
131.8687591552734375 129.149993896484375 127.63124847412109375 125.7937469482421875 124.45000457763671875 121.91249847412109375 119.53125 112 103.3937530517578125 100.00624847412109375 98.21875 96.02500152587890625 98.6374969482421875 98.8312530517578125 95.0625 92.0812530517578125 88.74375152587890625 86.28749847412109375 83.63124847412109375 80.63124847412109375 77.65625 73.6062469482421875 68.90000152587890625 66.9250030517578125 63.237499237060546875 58.731250762939453125 56.34375 55.5625 53.44374847412109375 50.825000762939453125 48.74375152587890625 46.299999237060546875 44.981250762939453125 43.59999847412109375 42.4375 42.299999237060546875 41.575000762939453125 41.03125 41.81874847412109375 43.02500152587890625 44.33750152587890625 45.72499847412109375 47.518749237060546875
129.3625030517578125 126.34999847412109375 123.2062530517578125 120.7062530517578125 120.1125030517578125 119.6687469482421875 117.02500152587890625 108.4187469482421875 101.52500152587890625 97.09375 96.0749969482421875 94.24375152587890625 93.8562469482421875 92.84999847412109375 87.8312530517578125 83.7624969482421875 80.96250152587890625 79.9187469482421875 77.8874969482421875 76.4812469482421875 75.78125 71.6125030517578125 66.3874969482421875 62.125 59.924999237060546875 55.83750152587890625 53.643749237060546875 51.799999237060546875 48.575000762939453125 45.543750762939453125 44.40000152587890625 42.52500152587890625 42.03749847412109375 40.950000762939453125 39.206249237060546875 38.50624847412109375 37.6875 37.481250762939453125 37.668750762939453125 38.05625152587890625 38.456249237060546875 39.27500152587890625 40.78125
126.27500152587890625 123.75624847412109375 120.5625 118.8874969482421875 118.53125 118.05625152587890625 116.27500152587890625 109.2312469482421875 101.9812469482421875 96.9562530517578125 94.7062530517578125 92.02500152587890625 88.9375 85.3312530517578125 83.15000152587890625 79.15625 75.8249969482421875 73.78749847412109375 73.0812530517578125 73.24375152587890625 72.88124847412109375 69.19374847412109375 64.56874847412109375 60.918750762939453125 57.24375152587890625 50.80625152587890625 48.44374847412109375 47.143749237060546875 44.59999847412109375 42.331249237060546875 40.80625152587890625 40.05625152587890625 38.6875 37.5625 36.643749237060546875 36.56874847412109375 35.93125152587890625 35.19374847412109375 34.200000762939453125 33.31874847412109375 33.418750762939453125 33.887500762939453125 34.418750762939453125
122.30625152587890625 118.4875030517578125 116.1062469482421875 113.2624969482421875 113.66249847412109375 112.38124847412109375 108.46250152587890625 103.7624969482421875 97.53125 93.75 91.58750152587890625 88.75 83.97499847412109375 78.03749847412109375 74.24375152587890625 71.65625 68.2687530517578125 67.8125 67.2062530517578125 66.4875030517578125 66.8000030517578125 63.981250762939453125 60.081249237060546875 55.268749237060546875 49.3125 44.237499237060546875 43.63124847412109375 42.84375 42.05625152587890625 40.30625152587890625 38.56874847412109375 37.375 36.81874847412109375 34.78749847412109375 34.200000762939453125 34.91249847412109375 35.75624847412109375 34.78749847412109375 34.018749237060546875 31.606250762939453125 29.181249618530273438 30.056249618530273438 29.875
117.3125 112.3625030517578125 109.28749847412109375 107.9187469482421875 106.9250030517578125 104.58750152587890625 101.15625 98.24375152587890625 92.7937469482421875 89.5749969482421875 86.46250152587890625 81.65625 77.2062530517578125 71.5812530517578125 64.86875152587890625 63.41249847412109375 61.24375152587890625 60.74375152587890625 58.643749237060546875 57.674999237060546875 58.143749237060546875 55.862499237060546875 52.668750762939453125 49.293750762939453125 45.012500762939453125 41.450000762939453125 40.799999237060546875 40.356250762939453125 39.6875 38.61875152587890625 37.612499237060546875 35.80625152587890625 34.950000762939453125 33.44374847412109375 33.606250762939453125 35.30625152587890625 36.43125152587890625 37.21250152587890625 36.71875 33.356250762939453125 27.774999618530273438 26.075000762939453125 27.056249618530273438
111.09375 107.6750030517578125 103.80625152587890625 101.1374969482421875 100.3562469482421875 97.9562530517578125 94.65625 90.97499847412109375 86.1374969482421875 83.24375152587890625 78.9812469482421875 74.9375 70.28125 64.09999847412109375 57.71875 54.481250762939453125 52.612499237060546875 51.36875152587890625 50.22499847412109375 49.90000152587890625 50.49375152587890625 49.262500762939453125 47.33750152587890625 46.018749237060546875 43.950000762939453125 41.918750762939453125 40.78125 39.77500152587890625 38.543750762939453125 37.38124847412109375 35.96875 34.875 34.137500762939453125 33.43125152587890625 33.081249237060546875 35.0625 37.5 41.11875152587890625 41.59999847412109375 37.08750152587890625 33.237499237060546875 31.262500762939453125 32.02500152587890625
103.50624847412109375 101.0625 98.2937469482421875 95.6750030517578125 93.81874847412109375 92.30625152587890625 89.46875 84.6062469482421875 80.49375152587890625 77.2312469482421875 73.25624847412109375 68.13124847412109375 62.71250152587890625 57.0625 51.625 46.375 44.50624847412109375 43.668750762939453125 42.731250762939453125 42.918750762939453125 43.5625 43.59375 43.66249847412109375 44.34375 43.75624847412109375 42.21250152587890625 41.106250762939453125 39.34375 37.71250152587890625 36.84375 36.09999847412109375 34.981250762939453125 33.674999237060546875 32.97499847412109375 33.15000152587890625 37.450000762939453125 41.02500152587890625 44.581249237060546875 45.94374847412109375 43.84999847412109375 41.25624847412109375 38.53125 36.237499237060546875
98.2937469482421875 96.25 92.99375152587890625 90.80625152587890625 87.78749847412109375 86.7062530517578125 84.6999969482421875 80.96250152587890625 75.83750152587890625 72.8125 69.03749847412109375 62.78749847412109375 57.22499847412109375 51.581249237060546875 46.393749237060546875 41.575000762939453125 37.16249847412109375 36.02500152587890625 36.293750762939453125 37.02500152587890625 37.174999237060546875 38.450000762939453125 40.200000762939453125 43.24375152587890625 44.34999847412109375 42.793750762939453125 40.5 38.6875 36.518749237060546875 35.40000152587890625 35.46875 35.75624847412109375 35.34375 35.02500152587890625 38.80625152587890625 43 46.612499237060546875 51.66249847412109375 54.44374847412109375 50.106250762939453125 45.68125152587890625 41.28125 37.3125
90.31874847412109375 89.5124969482421875 87.16249847412109375 85.6062469482421875 82.90000152587890625 81.81874847412109375 78.41249847412109375 75.18125152587890625 70.8937530517578125 67.55625152587890625 64.09375 58.575000762939453125 52.075000762939453125 46.237499237060546875 41.481250762939453125 36.93125152587890625 32.78749847412109375 29.799999237060546875 30.831249237060546875 30.875 32.00624847412109375 33.825000762939453125 36.81874847412109375 40.306247711181640625 42.981250762939453125 42.549999237060546875 41.03749847412109375 38.90625 36.143749237060546875 34.53125 33.018749237060546875 32.793750762939453125 36.856250762939453125 40.96875 43.512500762939453125 48.44374847412109375 53.21250152587890625 56.66249847412109375 56.762500762939453125 53.43125152587890625 46.55625152587890625 42.46875 38.700000762939453125
82.65000152587890625 82.4375 81.00624847412109375 79.9187469482421875 78.4812469482421875 76.4812469482421875 73.74375152587890625 70.25 67.90000152587890625 65.34375 61.581249237060546875 54.25624847412109375 48.22499847412109375 42.88124847412109375 37.49375152587890625 33.74375152587890625 29.6875 26.368749618530273438 25.5625 26.15625 29.056249618530273438 34.09375 32.512500762939453125 36.49375152587890625 39.61875152587890625 41.78749847412109375 41.31874847412109375 38.83750152587890625 37.018749237060546875 33.94374847412109375 32.0625 33.956249237060546875 38.96250152587890625 42.36875152587890625 45.74375152587890625 50.49375152587890625 53.018749237060546875 53.706249237060546875 54.174999237060546875 50.6875 46.3125 42.53125 39.03125
