data/historical-monthly-weather-data/wc2.1_cruts4.09_10m_prec_1952-03.asc
ncols        45
nrows        45
xllcorner    -63.500000000000
yllcorner    -7.500000000000
cellsize     0.166666666667
NODATA_value -9999
[rows 0 to 19 of 45, columns 0 to 44 of 45]
76.1437530517578125 69.02500152587890625 64.3249969482421875 61.96250152587890625 59.268749237060546875 58.6875 57.44374847412109375 56.450000762939453125 57.56874847412109375 59.99375152587890625 64.03125 70.9375 78.5625 85.65000152587890625 95.46250152587890625 105.7687530517578125 117.4499969482421875 126.11875152587890625 136.4187469482421875 146.131256103515625 153.318756103515625 159.2687530517578125 165.962493896484375 171.28125 178.40625 185.756256103515625 194.1812591552734375 205.818756103515625 216.4187469482421875 221.0437469482421875 228.7375030517578125 233.881256103515625 238.8625030517578125 245.5812530517578125 251.5124969482421875 256.368743896484375 259.86248779296875 263.875 269.368743896484375 273.649993896484375 278.29376220703125 283.181243896484375 286.712493896484375 291.04376220703125 291.412506103515625
81.25 74.04375457763671875 70.8125 68.40000152587890625 66.1062469482421875 65.66249847412109375 64.71875 64.43125152587890625 67.0124969482421875 70.19374847412109375 74.625 81.78125 89.5187530517578125 97.125 106.96250152587890625 117.5749969482421875 129.306243896484375 141.537506103515625 154.1687469482421875 166.350006103515625 173.8249969482421875 180.2937469482421875 187.5812530517578125 193.287506103515625 199.443756103515625 206.21875 213.1687469482421875 223.5187530517578125 231.8625030517578125 235.2249908447265625 239.625 245.0500030517578125 247.881256103515625 254.756256103515625 258.0625 262.850006103515625 267.20001220703125 270.600006103515625 275.524993896484375 279.03125 283.96875 288.29376220703125 291.350006103515625 294.850006103515625 295.75
88.8249969482421875 82.3562469482421875 80.09999847412109375 78.40000152587890625 76.4375 76.75 77.5437469482421875 78.8562469482421875 82.40000152587890625 86.58750152587890625 90.66249847412109375 97.3249969482421875 104.9562530517578125 112.56874847412109375 122.4187469482421875 133.631256103515625 145.1687469482421875 157.181243896484375 168.8249969482421875 180.1999969482421875 187.9375 195.09375 201.5437469482421875 208.149993896484375 215.024993896484375 220.774993896484375 227.3562469482421875 236.3687591552734375 242.75 244.4562530517578125 248.4187469482421875 252.5124969482421875 255.899993896484375 259.875 265.41876220703125 268.23748779296875 272.987518310546875 278.29998779296875 282.82501220703125 287.524993896484375 292.16876220703125 295.45001220703125 297.743743896484375 299.70623779296875 301.756256103515625
96.2624969482421875 91.0749969482421875 90.625 89.5437469482421875 88.3937530517578125 89.53749847412109375 91.80625152587890625 94.8937530517578125 100.24375152587890625 105.3249969482421875 109.3125 114.8874969482421875 121.28125 128.337493896484375 138.493743896484375 149.662506103515625 162.100006103515625 173.399993896484375 184.006256103515625 193.8312530517578125 202.181243896484375 208.537506103515625 213.6875 220.5437469482421875 227.84375 233.90625 239.8125 245.618743896484375 250.774993896484375 252.5124969482421875 253.912506103515625 258.556243896484375 261.181243896484375 264.51251220703125 269.03125 274.04998779296875 279.70623779296875 285.65625 291.82501220703125 296.193756103515625 299.28125 302.66876220703125 304.625 305.20623779296875 306.993743896484375
106.78749847412109375 101.2312469482421875 100.1750030517578125 100.21250152587890625 99.91249847412109375 102.22499847412109375 105.2624969482421875 109.875 117.34375 124.3249969482421875 127.80625152587890625 131.75 137.462493896484375 145.037506103515625 154.6125030517578125 166.3874969482421875 178.5187530517578125 189.443756103515625 197.8625030517578125 205.600006103515625 214.0500030517578125 219.693756103515625 225.71875 233.3125 240.556243896484375 246.9875030517578125 250.2937469482421875 254.568756103515625 260.681243896484375 259.556243896484375 261.118743896484375 262.86248779296875 267.087493896484375 271.09375 275.381256103515625 281.256256103515625 287.181243896484375 293.149993896484375 300.243743896484375 304.118743896484375 308.25 309.631256103515625 310.35626220703125 311.231231689453125 311.431243896484375
115.9875030517578125 110.71250152587890625 110.2687530517578125 109.09375 107.44374847412109375 110.41249847412109375 114.0625 118.875 127.1875 135.556243896484375 138.09375 141.975006103515625 148.6750030517578125 156.0124969482421875 165.881256103515625 177.306243896484375 189.2937469482421875 199.162506103515625 207.5812530517578125 214.34375 222.28125 229.3000030517578125 236.131256103515625 242.9375 249.912506103515625 257.07501220703125 259.78125 262.100006103515625 265.375 265.393768310546875 265.787506103515625 267.98126220703125 271.25 278.475006103515625 285.17498779296875 291.15625 299.443756103515625 306.38751220703125 313.66876220703125 318.931243896484375 320.962493896484375 321.962493896484375 321.88751220703125 321.5 320.375
124.55625152587890625 118.96875 117.96875 115.68125152587890625 112.97499847412109375 115.7062530517578125 119.3937530517578125 123.1125030517578125 129.024993896484375 135.212493896484375 141.3249969482421875 148.068756103515625 156.274993896484375 164.837493896484375 174.975006103515625 186.037506103515625 197.5187530517578125 205.7312469482421875 212.9375 221.2687530517578125 229.0500030517578125 237.6687469482421875 244.96875 251.9187469482421875 259.125 265.256256103515625 267.36248779296875 268.26873779296875 268.70623779296875 267.5 270.21875 272.20623779296875 276.54376220703125 283.04998779296875 291.337493896484375 299.818756103515625 308.33123779296875 316.73126220703125 327.26251220703125 331.118743896484375 330 330.70001220703125 329.95623779296875 329.087493896484375 329.625
131.4187469482421875 125.53125 123.4250030517578125 121.03749847412109375 118.8000030517578125 121.34999847412109375 123.33750152587890625 124.18125152587890625 126.5812530517578125 132.4812469482421875 141.931243896484375 152.03125 162.787506103515625 173.1062469482421875 183.0500030517578125 193.71875 203.256256103515625 209.8874969482421875 216.818756103515625 225.09375 234.6750030517578125 244.4875030517578125 253.3562469482421875 259.98748779296875 268.4375 273.21875 273.100006103515625 272.649993896484375 270.96875 269.625 270.962493896484375 275.66876220703125 280.256256103515625 287.600006103515625 296.662506103515625 305.787506103515625 315.48126220703125 324.59375 334.087493896484375 337.25 336.79376220703125 336.79376220703125 335.57501220703125 333.96875 333.1875
136.9562530517578125 130.806243896484375 128.975006103515625 126.8874969482421875 124.4875030517578125 126.50624847412109375 127.7624969482421875 127.2375030517578125 126.53125 130.649993896484375 142.6687469482421875 155.1125030517578125 167.868743896484375 178.306243896484375 187.5500030517578125 196.9562530517578125 205.15625 211.818756103515625 220.149993896484375 228.787506103515625 237.1999969482421875 248.899993896484375 258.70623779296875 269.61248779296875 278 281.506256103515625 278.35626220703125 275.40625 274.212493896484375 272.16876220703125 274.20623779296875 279.21875 284.618743896484375 291.943756103515625 300.5625 311.04376220703125 322.9375 332.368743896484375 341.29998779296875 344.125 343.881256103515625 343.056243896484375 341.78125 339.33123779296875 335.54998779296875
142.368743896484375 136.0437469482421875 134.118743896484375 132.2249908447265625 130.4375 132.4375 133.943756103515625 133.9250030517578125 135.1437530517578125 140.006256103515625 149.8125 160.6875 173.2937469482421875 184.21875 191.8562469482421875 199.5812530517578125 206.837493896484375 213.6374969482421875 221.78125 230.625 239.7375030517578125 252.462493896484375 265.66876220703125 279.40625 286.149993896484375 288.86248779296875 284.70623779296875 279.975006103515625 276.412506103515625 273.54376220703125 274.89373779296875 281.64373779296875 288.806243896484375 297.70001220703125 306.64373779296875 316.96875 328.5625 339.33123779296875 348.381256103515625 352.493743896484375 353.20623779296875 352.287506103515625 347.975006103515625 340.693756103515625 336.962493896484375
147.806243896484375 141.568756103515625 139.431243896484375 137.931243896484375 136.931243896484375 139.537506103515625 141.5812530517578125 142.056243896484375 145.337493896484375 151.25 159.3874969482421875 169.4250030517578125 180.287506103515625 191.0625 197.1875 202.631256103515625 208.149993896484375 215.09375 222.506256103515625 231.2937469482421875 242.5749969482421875 256.46875 273.149993896484375 285.67498779296875 295.95001220703125 295.618743896484375 289.943756103515625 285.962493896484375 280.743743896484375 276.443756103515625 278.6875 284.58123779296875 291.850006103515625 301.212493896484375 311.23748779296875 321.33123779296875 332.63751220703125 343.837493896484375 353.15625 359.256256103515625 360.48126220703125 357.350006103515625 350.29998779296875 341.16876220703125 336.04998779296875
153.399993896484375 147.412506103515625 145.475006103515625 144.59375 143.4875030517578125 147.0812530517578125 150.3562469482421875 152.03125 156.4875030517578125 162.4812469482421875 169.881256103515625 177.6750030517578125 185.881256103515625 194.587493896484375 201.7624969482421875 207.125 211.0500030517578125 217.212493896484375 224.4375 232.5749969482421875 242.681243896484375 258.08123779296875 277.875 295.274993896484375 303.381256103515625 297.524993896484375 290.79998779296875 286.9375 284.774993896484375 284.0625 283.962493896484375 287.975006103515625 294.443756103515625 303.04376220703125 312.243743896484375 324.32501220703125 337.024993896484375 348.774993896484375 357.306243896484375 364.649993896484375 366.881256103515625 361.274993896484375 349.600006103515625 333.83123779296875 324.14373779296875
159.024993896484375 153.068756103515625 151.6125030517578125 150.5500030517578125 150.1374969482421875 154.46875 158.1687469482421875 161.256256103515625 166.4499969482421875 173.537506103515625 181.537506103515625 187.3249969482421875 193.743743896484375 199.0437469482421875 205.46875 210.693756103515625 214.3125 220.71875 228.3125 235.056243896484375 242.8125 258.131256103515625 277.70001220703125 292.225006103515625 293.96875 289.912506103515625 289.712493896484375 289.23748779296875 289.368743896484375 290.3125 290.943756103515625 292.243743896484375 296.787506103515625 304.42498779296875 313.20623779296875 324.524993896484375 337.90625 350.625 360.67498779296875 369.725006103515625 373.89373779296875 365.35626220703125 344.681243896484375 324.649993896484375 311.193756103515625
163.53125 158.131256103515625 156.8625030517578125 156.100006103515625 156.375 160.3562469482421875 165.193756103515625 170.09375 177.225006103515625 184.962493896484375 192.693756103515625 197.1125030517578125 201.0124969482421875 205.556243896484375 209.2375030517578125 214.5500030517578125 218.149993896484375 224.0437469482421875 231.1062469482421875 238.6125030517578125 248.5500030517578125 261.96875 277.17498779296875 285.91876220703125 287.76251220703125 287.86248779296875 289.5 290.70623779296875 292.0625 294.10626220703125 296.618743896484375 297.82501220703125 299.36248779296875 304.01251220703125 311.743743896484375 324.256256103515625 339.23126220703125 352.08123779296875 361.57501220703125 369.537506103515625 372.82501220703125 357.86248779296875 338.649993896484375 321.92498779296875 310.118743896484375
165.46875 159.850006103515625 159.2312469482421875 159.84375 160.962493896484375 165.556243896484375 171.7312469482421875 178.056243896484375 185.506256103515625 193.568756103515625 201.850006103515625 205.6437530517578125 208.8125 212.3312530517578125 214.59375 219.3562469482421875 222.8312530517578125 229.506256103515625 235.9499969482421875 243.1999969482421875 253.806243896484375 265.8125 277.943756103515625 284.837493896484375 288.79998779296875 292.4375 294.64373779296875 296.46875 299.09375 302.024993896484375 302.32501220703125 302.25 303.58123779296875 303.587493896484375 307.875 322.48748779296875 339.600006103515625 353.26873779296875 359.76873779296875 362.48748779296875 358.86248779296875 348.550018310546875 337.34375 322.63751220703125 313.01251220703125
165.712493896484375 160.818756103515625 161.21875 162.662506103515625 164.7687530517578125 171.1750030517578125 177.899993896484375 184.743743896484375 193.681243896484375 202.7687530517578125 210.5749969482421875 214.537506103515625 217.3562469482421875 219.912506103515625 222.368743896484375 225.100006103515625 228.0625 234.7624969482421875 241 248.5625 258.256256103515625 268.73748779296875 279.381256103515625 285.506256103515625 290.01873779296875 295.381256103515625 299.068756103515625 302.71875 307.600006103515625 310.681243896484375 312.131256103515625 311.04376220703125 309.11248779296875 308.36248779296875 310.51251220703125 330.743743896484375 346.15625 352.712493896484375 354.98126220703125 355.875 352.368743896484375 344.38751220703125 334.493743896484375 322.0625 313.63751220703125
165.9187469482421875 161.90625 162.537506103515625 164.9875030517578125 168.350006103515625 175.5625 183.993743896484375 191.9250030517578125 201.2375030517578125 210.931243896484375 218.868743896484375 223.162506103515625 226.125 227.556243896484375 230.931243896484375 232.5625 233.037506103515625 238.2937469482421875 245.318756103515625 252.443756103515625 261.58123779296875 271.625 281.881256103515625 287.73126220703125 293.16876220703125 297.487518310546875 302.45001220703125 308.306243896484375 313.63751220703125 318.90625 321.681243896484375 321.193756103515625 319.95001220703125 322.806243896484375 336.85626220703125 353.649993896484375 359.57501220703125 358.068756103515625 354.54376220703125 351.862518310546875 350.625 342.850006103515625 331.381256103515625 319.743743896484375 313.662506103515625
163.774993896484375 160.256256103515625 162.1687469482421875 165.6875 169.7937469482421875 177.6437530517578125 186.381256103515625 195.53125 205.96875 216.40625 225.6999969482421875 231.568756103515625 234.28125 236.8249969482421875 239.600006103515625 240.09375 240.1687469482421875 240.2937469482421875 249.1437530517578125 255.9187469482421875 265.60626220703125 274.54376220703125 282.943756103515625 288.48126220703125 294 300.850006103515625 305.412506103515625 313.25 321.318756103515625 327.225006103515625 329.125 323.8125 324.40625 332.806243896484375 352.837493896484375 378.46875 372.13751220703125 361.03125 352.537506103515625 349.3125 344.743743896484375 337.54376220703125 328.59375 318.693756103515625 312.76251220703125
160.962493896484375 158.0187530517578125 160.4812469482421875 164.806243896484375 170.2062530517578125 179.412506103515625 189.131256103515625 199.09375 210.1437530517578125 221.506256103515625 231.712493896484375 236.662506103515625 241.7062530517578125 245.8312530517578125 246.9875030517578125 246.287506103515625 245.0437469482421875 244.381256103515625 248.943756103515625 256.037506103515625 266.73748779296875 276.46875 280.20623779296875 286.443756103515625 293.48748779296875 301.850006103515625 308.774993896484375 316.037506103515625 325.625 333.556243896484375 337.125 328.318756103515625 323.212493896484375 323.256256103515625 336.1875 357.600006103515625 357.725006103515625 352.631256103515625 348.774993896484375 344.20623779296875 340.16876220703125 333.193756103515625 326.381256103515625 318.96875 313.375
156.8562469482421875 155.0500030517578125 158.2937469482421875 163.5187530517578125 170.0812530517578125 180.818756103515625 191.7687530517578125 202.756256103515625 214.600006103515625 226.100006103515625 236.506256103515625 241.7312469482421875 248.1750030517578125 254.3312530517578125 253.068756103515625 248.431243896484375 244.1687469482421875 246.8937530517578125 249.850006103515625 255.662506103515625 263.0625 269.743743896484375 276.962493896484375 282.837493896484375 290.26873779296875 298.51251220703125 306.84375 316.443756103515625 324.73126220703125 330.21875 331.11248779296875 325.39373779296875 312.95623779296875 301.17498779296875 296.787506103515625 313.09375 332.03125 339.88751220703125 341.899993896484375 340.59375 336.42498779296875 330.568756103515625 325.95001220703125 320.662506103515625 316.10626220703125
