data/historical-monthly-weather-data/wc2.1_cruts4.09_10m_prec_1976-01.asc
ncols        45
nrows        45
xllcorner    -63.500000000000
yllcorner    -7.500000000000
cellsize     0.166666666667
NODATA_value -9999
[rows 20 to 39 of 45, columns 0 to 44 of 45]
302.912506103515625 294.16876220703125 289.86248779296875 287.818756103515625 286.65625 292.5625 300.04376220703125 305.287506103515625 310.54376220703125 313.712493896484375 315.975006103515625 319.875 326.98126220703125 334.86248779296875 325.41876220703125 305.91876220703125 291.881256103515625 283.84375 282.493743896484375 280.95001220703125 282.587493896484375 282.78125 281.63751220703125 281.10626220703125 281.21875 281.70001220703125 281.21875 281.193756103515625 280.75 280.46875 274.20623779296875 263.70001220703125 248.4875030517578125 233.037506103515625 219.681243896484375 230.149993896484375 248.15625 259.54376220703125 260.95623779296875 253.4812469482421875 240.662506103515625 229.162506103515625 221.1999969482421875 215.2062530517578125 211.662506103515625
297.73126220703125 287.625 283.350006103515625 282.693756103515625 284.056243896484375 291.131256103515625 299.131256103515625 307.100006103515625 312.693756103515625 311.625 308.23748779296875 303.350006103515625 302 304.274993896484375 301.899993896484375 293.41876220703125 287.443756103515625 282.95623779296875 280.918731689453125 280.068756103515625 278.493743896484375 278.431243896484375 279.09375 279.11248779296875 279.743743896484375 281.225006103515625 283.375 281.41876220703125 277.90625 273.743743896484375 264.26873779296875 253.537506103515625 243.037506103515625 235.5187530517578125 230.975006103515625 240.306243896484375 258.59375 272.67498779296875 273.70001220703125 263.25 247.875 234.46875 224.5124969482421875 216.7687530517578125 211.943756103515625
292.9375 283.149993896484375 276.962493896484375 276.068756103515625 279.162506103515625 288.96875 298.162506103515625 307.568756103515625 315.725006103515625 309.84375 298.006256103515625 283.912506103515625 274.787506103515625 275.53125 280.51873779296875 281.88751220703125 280.287506103515625 278.662506103515625 277.40625 276.350006103515625 275.17498779296875 274.09375 273.38751220703125 273.131256103515625 275.649993896484375 279.625 282.868743896484375 280.26251220703125 274.600006103515625 266.66876220703125 256.131256103515625 246.8249969482421875 243.8125 242.0625 243.7562408447265625 252.3125 270.35626220703125 290.975006103515625 289.524993896484375 271.36248779296875 252.8499908447265625 238.568756103515625 225.681243896484375 216.556243896484375 211.256256103515625
288.78125 278.34375 270.5 269.83123779296875 274.381256103515625 284.368743896484375 295.0625 304.73126220703125 310.587493896484375 301.92498779296875 287.056243896484375 271.037506103515625 253.6687469482421875 257.243743896484375 267.774993896484375 272.993743896484375 274.26251220703125 274.137481689453125 273.743743896484375 273.337493896484375 270.756256103515625 268.78125 267.45001220703125 266.57501220703125 270.09375 274.16876220703125 278.850006103515625 275.73126220703125 269.931243896484375 264.23126220703125 256.625 250.712493896484375 249.78125 250.506256103515625 253.7687530517578125 261.774993896484375 275.975006103515625 292.51251220703125 290.100006103515625 272.306243896484375 253.556243896484375 238.5187530517578125 225.71875 216.34375 211.75
286.256256103515625 276.181243896484375 266.21875 267.625 274.61248779296875 283.399993896484375 292.01873779296875 299.32501220703125 300.9375 294.45001220703125 282.449981689453125 269.15625 258.04998779296875 258.037506103515625 263.79998779296875 269.037506103515625 271.58123779296875 272.96875 272.212493896484375 269.818756103515625 266.412506103515625 262.46875 259.868743896484375 258.14373779296875 260.95001220703125 266.42498779296875 269.92498779296875 270.681243896484375 267.54376220703125 265.5 261.912506103515625 259.88751220703125 258.38751220703125 259.26251220703125 261.88751220703125 266.193756103515625 274.84375 280.03125 276.837493896484375 265.125 249.25 235.65625 223.9187469482421875 216.181243896484375 209.9000091552734375
289.568756103515625 283.79376220703125 275.0625 274.92498779296875 277.056243896484375 284.17498779296875 290.40625 293.868743896484375 293.443756103515625 288.20001220703125 280.568756103515625 272.7125244140625 265.57501220703125 263.60626220703125 265.556243896484375 268.9375 271.743743896484375 273.131256103515625 272.212493896484375 268.64373779296875 264.60626220703125 257.54998779296875 252.75 248.4812469482421875 251.962493896484375 258.95623779296875 265.193756103515625 267.39373779296875 267.506256103515625 266.26873779296875 267.70001220703125 268.75 268.212493896484375 266.75 267.600006103515625 268.32501220703125 270.84375 270.0625 265.54998779296875 255.774993896484375 243.006256103515625 230.7062530517578125 219.243743896484375 212.743743896484375 209.306243896484375
290.931243896484375 286.63751220703125 282.51873779296875 281.462493896484375 281.21875 286.118743896484375 290.6875 291.199981689453125 289.725006103515625 287.10626220703125 282.45623779296875 277.649993896484375 273.087493896484375 271.13751220703125 271.26873779296875 273.45001220703125 275.40625 276.256256103515625 275.837493896484375 270.887481689453125 264.274993896484375 257.64373779296875 249.1374969482421875 243.274993896484375 249.1437530517578125 255.899993896484375 262.100006103515625 265.66876220703125 267.73748779296875 268.91876220703125 272.681243896484375 275.03125 275.318756103515625 272.587493896484375 269.881256103515625 268.73748779296875 267.662506103515625 262.962493896484375 256.36248779296875 247.96875 236.306243896484375 224.4375 214.475006103515625 209.399993896484375 212.4375
293.625 289.04376220703125 288.23748779296875 288.01873779296875 287.875 289.85626220703125 291.67498779296875 290.8125 289.524993896484375 287.068756103515625 284.15625 281.6875 278.399993896484375 276.78125 276.61248779296875 278.17498779296875 279.33123779296875 282.03125 279.61248779296875 275.65625 270.34375 261.975006103515625 257.181243896484375 252.006256103515625 253.931243896484375 257.90625 262.85626220703125 265.75 268.4375 272.1875 275.5625 278.20623779296875 277.53125 273.48748779296875 269.95623779296875 267.08123779296875 262.912506103515625 257.39373779296875 251.2937469482421875 242.3625030517578125 232.375 222.0625 211.850006103515625 208.631256103515625 221.2624969482421875
294.79998779296875 291.41876220703125 292.375 294.53125 295.125 294.649993896484375 292.524993896484375 291.462493896484375 289.412506103515625 287.756256103515625 286.381256103515625 284.67498779296875 282.84375 283.375 283.649993896484375 285.67498779296875 288.90625 289.743743896484375 288 284.01251220703125 277.98748779296875 270.36248779296875 266.07501220703125 261.756256103515625 261.024993896484375 262.118743896484375 265.756256103515625 268.068756103515625 271.243743896484375 275.068756103515625 277.537506103515625 279.431243896484375 277.65625 274.01251220703125 270.1875 265.39373779296875 260.73126220703125 254.3000030517578125 248.649993896484375 240.0124969482421875 228.993743896484375 220.462493896484375 214.5625 217.381256103515625 231.662506103515625
298.79998779296875 296.25 299.39373779296875 303.243743896484375 303.38751220703125 299.42498779296875 294.54376220703125 292.29998779296875 289.9375 287.787506103515625 287.75 288.456268310546875 288.643768310546875 290.2562255859375 292.274993896484375 294.21875 296.48126220703125 298.34375 298.256256103515625 293.15625 286.59375 280.943756103515625 275.96875 270.84375 269.10626220703125 269.07501220703125 270.962493896484375 272.243743896484375 274.600006103515625 277.10626220703125 279.70001220703125 280.96875 277.64373779296875 274.431243896484375 269.79376220703125 264.51873779296875 258.587493896484375 252.975006103515625 246.931243896484375 239.493743896484375 231.3874969482421875 226.1687469482421875 223.818756103515625 227.7687530517578125 235.4812469482421875
300.631256103515625 299.08123779296875 301.149993896484375 305.4375 307.225006103515625 299.8125 294.71875 291.04998779296875 288.86248779296875 287.96875 289.32501220703125 291.625 293.7750244140625 295.78125 299.149993896484375 301.54998779296875 304.806243896484375 307.60626220703125 307.850006103515625 303.100006103515625 295.818756103515625 289.40625 285.462493896484375 279.681243896484375 276.256256103515625 276.26251220703125 277.149993896484375 277.29376220703125 279.337493896484375 280.33123779296875 282.10626220703125 282.83123779296875 278.48126220703125 274.556243896484375 269.51251220703125 263.662506103515625 256.9375 251.8312530517578125 247.056243896484375 240.537506103515625 234.743743896484375 232.0500030517578125 231.8000030517578125 233.4812469482421875 239.65625
299.98748779296875 298.41876220703125 299.649993896484375 301.875 301.600006103515625 296.068756103515625 292.88751220703125 288.46875 286.98126220703125 286.912506103515625 289.056243896484375 292.725006103515625 296.743743896484375 301.36248779296875 305.76251220703125 308.568756103515625 310.40625 312.5625 311.54998779296875 308.41876220703125 301.337493896484375 295.40625 292.193756103515625 286.20623779296875 283.67498779296875 282.54376220703125 281.95623779296875 282.037506103515625 282.162506103515625 283.568756103515625 284.443756103515625 284.287506103515625 279.70623779296875 275.149993896484375 269.79376220703125 262.850006103515625 257.07501220703125 250.1750030517578125 244.8937530517578125 239.975006103515625 237.806243896484375 237.2937469482421875 238.4562530517578125 242.618743896484375 248.881256103515625
300.79998779296875 299.381256103515625 300.181243896484375 300.73126220703125 298.20001220703125 293.3125 288.85626220703125 284.95623779296875 282.4375 284.48126220703125 289.40625 294.756256103515625 302.231231689453125 309.831268310546875 313.26873779296875 315.212493896484375 315.8125 315.625 313.71875 311.20623779296875 305.287506103515625 300.07501220703125 296.53125 292.82501220703125 290.0625 289.181243896484375 288 286.0625 285.774993896484375 287.818756103515625 287.66876220703125 285.6875 281.13751220703125 276.649993896484375 270.29376220703125 263.725006103515625 256.98126220703125 249.9187469482421875 243.806243896484375 241.9812469482421875 240.0625 240.693756103515625 243.3562469482421875 249.0437469482421875 259.787506103515625
301.024993896484375 299.98748779296875 299.51251220703125 298.79998779296875 294.45623779296875 289.787506103515625 285.431243896484375 280.850006103515625 278.63751220703125 279.6875 285.787506103515625 296.58123779296875 307.975006103515625 316.462493896484375 319.82501220703125 320.475006103515625 321.274993896484375 320.5 316.75 312.912506103515625 308.056243896484375 303.868743896484375 300.88751220703125 297.41876220703125 295.125 293.743743896484375 291.83123779296875 290.63751220703125 290.86248779296875 290.95001220703125 290.962493896484375 288.73126220703125 283.212493896484375 278.58123779296875 272.006256103515625 264.71875 256.79998779296875 248.318756103515625 243.96875 241.993743896484375 239.7062530517578125 241.243743896484375 244.899993896484375 251.068756103515625 262.40625
302.82501220703125 301.01251220703125 299.51873779296875 296.524993896484375 292.15625 287.45623779296875 281.556243896484375 276.26873779296875 271.662506103515625 273.41876220703125 282.75 297.34375 314.40625 326 328.256256103515625 326.84375 325.850006103515625 323.10626220703125 318.83123779296875 313.01873779296875 309.600006103515625 306.225006103515625 303.79376220703125 300.518768310546875 298.92498779296875 296.587493896484375 295.60626220703125 295.13751220703125 295.08123779296875 293.95623779296875 293.318756103515625 291.743743896484375 286.193756103515625 280.024993896484375 272.70001220703125 264.61248779296875 255.368743896484375 248.5437469482421875 244.28125 240.7687530517578125 238.3937530517578125 239.006256103515625 242.34375 247.287506103515625 255.8562469482421875
306.17498779296875 303.443756103515625 300.88751220703125 296.98748779296875 292.11248779296875 285.40625 279.10626220703125 271.625 265.074981689453125 265.13751220703125 276.600006103515625 296.65625 317.8125 331.38751220703125 333.912506103515625 332.243743896484375 329.20001220703125 325.350006103515625 320.15625 313.75 309.58123779296875 307.118743896484375 304.256256103515625 301.01873779296875 299.79376220703125 299.149993896484375 298.431243896484375 298.600006103515625 299.29998779296875 297.63751220703125 297.08123779296875 294.78125 289.91876220703125 283.837493896484375 276.10626220703125 266.881256103515625 259.76873779296875 251.912506103515625 245.75 241.774993896484375 239.0187530517578125 239.193756103515625 240.7062530517578125 244.2062530517578125 249.3874969482421875
309.64373779296875 306.58123779296875 302.46875 298.01251220703125 292.65625 285.82501220703125 279.65625 270.65625 260.618743896484375 254.4562530517578125 270.868743896484375 301.568756103515625 323.6875 334.34375 337.506256103515625 336.100006103515625 332.368743896484375 327.46875 321.29376220703125 313.83123779296875 309.9375 305.881256103515625 303.35626220703125 300.76873779296875 300.556243896484375 301.350006103515625 301.443756103515625 302.85626220703125 303.943756103515625 302.256256103515625 300.91876220703125 298.256256103515625 293.899993896484375 288.11248779296875 280.1875 271.28125 263.03125 254.1125030517578125 247.806243896484375 242.306243896484375 237.537506103515625 236.6062469482421875 237.8312530517578125 239.46875 242.068756103515625
313.600006103515625 310.024993896484375 305.15625 300.931243896484375 295.875 290.431243896484375 283.95623779296875 275.76873779296875 266.6875 258.08123779296875 288.787506103515625 320.368743896484375 334.48748779296875 340.40625 342.274993896484375 340.01251220703125 334.85626220703125 329.962493896484375 323.66876220703125 315.556243896484375 310.20001220703125 304.712493896484375 301.29998779296875 299.58123779296875 300.25 302.51251220703125 303 305.118743896484375 307.21875 306.33123779296875 304.15625 300.337493896484375 296.15625 291.162506103515625 283.36248779296875 274.48126220703125 264.78125 255.9499969482421875 249.3000030517578125 242.6062469482421875 236.2937469482421875 234.993743896484375 234.0187530517578125 233.0437469482421875 234.8625030517578125
322.11248779296875 315.587493896484375 310.912506103515625 306.162506103515625 301.431243896484375 296.412506103515625 290.75 287.625 289.1875 303.90625 340.16876220703125 346.66876220703125 347.29998779296875 348.506256103515625 348.29376220703125 344.53125 339.71875 332.90625 325.056243896484375 316.524993896484375 308.39373779296875 302.03125 298.337493896484375 297.149993896484375 297.98126220703125 300.625 302.82501220703125 306.287506103515625 309.98126220703125 310.949981689453125 309.193756103515625 305.725006103515625 301.024993896484375 294.725006103515625 289.45623779296875 280.399993896484375 269.9375 261.04376220703125 253.21875 244.875 238.2375030517578125 235.8937530517578125 233.8874969482421875 233.4499969482421875 235.09375
331.837493896484375 324.25 318.131256103515625 311.76251220703125 308.45623779296875 304.98748779296875 301.78125 303.48126220703125 311.243743896484375 327.51251220703125 346.79376220703125 355.868743896484375 356.61248779296875 356.5 354.337493896484375 350.587493896484375 345.193756103515625 337.806243896484375 327.25 316.756256103515625 305.024993896484375 298.100006103515625 294.01251220703125 293.10626220703125 295.043731689453125 298.037506103515625 301.84375 307.33123779296875 311.98748779296875 313.45001220703125 312.23126220703125 311.056243896484375 307.962493896484375 301.78125 294.40625 285.13751220703125 274.60626220703125 265.024993896484375 256.26873779296875 247.03125 240.149993896484375 237.225006103515625 234.3562469482421875 233.3312530517578125 235.3625030517578125
