data/historical-monthly-weather-data/wc2.1_cruts4.09_10m_prec_1951-11.asc
ncols        45
nrows        45
xllcorner    -63.500000000000
yllcorner    -7.500000000000
cellsize     0.166666666667
NODATA_value -9999
[rows 20 to 39 of 45, columns 0 to 43 of 45]
161.4562530517578125 163.0187530517578125 164.6062469482421875 166.0500030517578125 166.931243896484375 169.09375 171.1374969482421875 172.225006103515625 173.1999969482421875 172.600006103515625 170.5625 165.7312469482421875 159.4187469482421875 151.3874969482421875 144.9499969482421875 138.3874969482421875 132.8000030517578125 130.2062530517578125 130.8874969482421875 130.9187469482421875 131.1374969482421875 129.625 127.15625 129.100006103515625 131.65625 132.8000030517578125 133.09375 130.3312530517578125 125.9250030517578125 122.6875 120.65000152587890625 123.0500030517578125 126.1125030517578125 130.149993896484375 134.2062530517578125 137.993743896484375 140.125 142.162506103515625 141.493743896484375 140.5812530517578125 138.4187469482421875 134.943756103515625 130.21875 124.9875030517578125
160.7687530517578125 161.46875 163.837493896484375 166.0500030517578125 168.0812530517578125 170.8249969482421875 174.1374969482421875 176.318756103515625 179.1125030517578125 179.975006103515625 178.943756103515625 176.03125 170.943756103515625 163.0749969482421875 155.1999969482421875 147.4187469482421875 141.5437469482421875 137.0625 134.806243896484375 133.556243896484375 131.2375030517578125 129.0749969482421875 127.71875 130.03125 132.4812469482421875 134.40625 136.8625030517578125 136.125 134.9375 133.9187469482421875 132.3874969482421875 134.524993896484375 137.4875030517578125 142.90625 148.5 151.975006103515625 153.881256103515625 154.975006103515625 152.287506103515625 150.2312469482421875 146.975006103515625 142.850006103515625 138.1875 133.5
160.375 162.181243896484375 164.493743896484375 167.006256103515625 169.618743896484375 172.6062469482421875 175.774993896484375 179.899993896484375 184.368743896484375 186.1312408447265625 187.100006103515625 185.881256103515625 184.90625 177.931243896484375 166.6374969482421875 156.493743896484375 148.931243896484375 143.21875 138.787506103515625 135.4875030517578125 132.5500030517578125 129.6750030517578125 127.7312469482421875 130.2624969482421875 134.087493896484375 137.337493896484375 140.3000030517578125 142.274993896484375 142.537506103515625 142.693756103515625 143.431243896484375 146.056243896484375 150.65625 156.912506103515625 162.712493896484375 166.587493896484375 168.4499969482421875 167.524993896484375 163.306243896484375 159.8249969482421875 156.225006103515625 151.3312530517578125 146.2937469482421875 141.3249969482421875
161.0812530517578125 162.818756103515625 165.162506103515625 166.912506103515625 169.712493896484375 173.625 177.399993896484375 182.087493896484375 186.0625 188.712493896484375 190.6687469482421875 193.524993896484375 195.537506103515625 187.993743896484375 174.71875 163.4499969482421875 154.78125 148.125 142.1999969482421875 137.037506103515625 133.649993896484375 130.40625 127.7687530517578125 130.8249969482421875 135.2624969482421875 139.068756103515625 144.90625 146.9187469482421875 149.5 151.0749969482421875 154.0749969482421875 158.037506103515625 163.118743896484375 169.399993896484375 176.118743896484375 181.34375 183.3062591552734375 180.399993896484375 175.243743896484375 170.318756103515625 165.375 159.712493896484375 154.056243896484375 148.40625
164.3312530517578125 164.875 166.75 168.3249969482421875 171.4562530517578125 174.600006103515625 177.84375 181.943756103515625 186.162506103515625 189.1062469482421875 191.912506103515625 193.3249969482421875 194.21875 189.006256103515625 178.1374969482421875 167.5625 158.743743896484375 151.0124969482421875 144.4499969482421875 138.5437469482421875 134.443756103515625 130.1750030517578125 127.96875 131.15625 135.59375 141.537506103515625 147.693756103515625 152.287506103515625 155.806243896484375 159.850006103515625 163.5625 168.4812469482421875 174.100006103515625 180.7375030517578125 186.912506103515625 190.8125 192.9187469482421875 190.350006103515625 185.181243896484375 180.243743896484375 174.3125 167.899993896484375 162.46875 157.3125
170.243743896484375 170.4250030517578125 169.2937469482421875 170.774993896484375 172.193756103515625 174.4499969482421875 176.899993896484375 180.2624969482421875 183.962493896484375 186.9562530517578125 189.381256103515625 190.7687530517578125 190.2937469482421875 186.5500030517578125 178.350006103515625 169.59375 161.712493896484375 153.8499908447265625 146.837493896484375 140.6437530517578125 135.912506103515625 131.34375 128.162506103515625 130.712493896484375 136.431243896484375 143.7375030517578125 151.5 157.9499969482421875 163.3312530517578125 168.475006103515625 172.8562469482421875 178.1999969482421875 184.399993896484375 190.0812530517578125 196.100006103515625 199.087493896484375 200.4499969482421875 199.462493896484375 195.5187530517578125 190.1999969482421875 184.381256103515625 177.2312469482421875 169.6374969482421875 164.8000030517578125
176.649993896484375 174.506256103515625 172.600006103515625 172.03125 171.6687469482421875 172.9250030517578125 175.881256103515625 178.25 180.21875 183.037506103515625 186.1750030517578125 187.625 187.2624969482421875 184.7062530517578125 178.0500030517578125 169.9250030517578125 162.96875 155.837493896484375 149.1687469482421875 142.556243896484375 137.618743896484375 132.850006103515625 129.193756103515625 132.2062530517578125 139.318756103515625 147.0749969482421875 155.28125 162.8000030517578125 170.024993896484375 174.8125 180.212493896484375 185.875 193.125 199.537506103515625 204.6687469482421875 207.6750030517578125 209.34375 208.71875 205.9812469482421875 201.5124969482421875 195.9499969482421875 187.2687530517578125 178.4499969482421875 171.3874969482421875
183.2062530517578125 178.725006103515625 175.3625030517578125 172.6999969482421875 171.1374969482421875 171.274993896484375 173.2687530517578125 175.5124969482421875 177.6875 180.118743896484375 181.962493896484375 183.6875 183.806243896484375 182.0749969482421875 176.9499969482421875 170.1437530517578125 163.568756103515625 157.524993896484375 151.1437530517578125 145.056243896484375 140.6750030517578125 135.875 133.6687469482421875 137.962493896484375 144.625 151.84375 159.912506103515625 168.337493896484375 175.90625 180.9250030517578125 185.6062469482421875 191.568756103515625 199.4499969482421875 205.818756103515625 212.568756103515625 215.9187469482421875 217.943756103515625 219.21875 215.7062530517578125 213.5625 209.850006103515625 200.1437530517578125 186.46875 177.2312469482421875
189.8625030517578125 183.1125030517578125 177.15625 172.96875 170.0749969482421875 169.3249969482421875 170.381256103515625 172.0625 174.8625030517578125 176.8562469482421875 178.6374969482421875 180.0124969482421875 180.9875030517578125 179.868743896484375 175.5187530517578125 170.6687469482421875 165.71875 159.5 153.59375 148.056243896484375 144.375 140.287506103515625 138.837493896484375 144.243743896484375 150.7937469482421875 157.618743896484375 166.162506103515625 174.15625 182.1687469482421875 186.381256103515625 190.9875030517578125 196.3312530517578125 203.8312530517578125 211.2312469482421875 219.431243896484375 223.412506103515625 226.537506103515625 228.087493896484375 225.056243896484375 222.1374969482421875 220.3249969482421875 208.8625030517578125 195.818756103515625 189.1687469482421875
197.162506103515625 188.649993896484375 181.1062469482421875 173.8874969482421875 170.1875 168.899993896484375 169.006256103515625 169.975006103515625 172.2687530517578125 173.493743896484375 175.15625 177.149993896484375 178.725006103515625 179.056243896484375 175.875 172.15625 167.2062530517578125 162.4375 156.7312469482421875 151.625 148.368743896484375 145.9499969482421875 145.0124969482421875 149.975006103515625 156.475006103515625 163.59375 171.8125 179.287506103515625 186.568756103515625 191.71875 196.381256103515625 201.818756103515625 209.7937469482421875 218.6687469482421875 227.21875 231.287506103515625 234.649993896484375 238.53125 234.243743896484375 231.1062469482421875 229.65625 225.3937530517578125 216.9875030517578125 213.0124969482421875
203.3937530517578125 193.7062530517578125 184.9499969482421875 176.6999969482421875 171.0749969482421875 169.662506103515625 168.8000030517578125 168.4375 169.3874969482421875 171.0812530517578125 172.8625030517578125 175.2687530517578125 177.899993896484375 178.056243896484375 176.25 173.818756103515625 170.837493896484375 166.024993896484375 160.1687469482421875 156.78125 154.4375 152.462493896484375 151.78125 156.725006103515625 162.53125 169.6687469482421875 177.006256103515625 184.4187469482421875 191.0812530517578125 196.193756103515625 201.5124969482421875 207.7312469482421875 216.024993896484375 226.537506103515625 234.881256103515625 239.6374969482421875 244.618743896484375 251 246.46875 237.7937469482421875 239.068756103515625 241.5625 239.212493896484375 236.4562530517578125
209.118743896484375 199.1062469482421875 189.618743896484375 181.7312469482421875 176.09375 171.899993896484375 169.600006103515625 167.6687469482421875 168.006256103515625 169.0187530517578125 170.6750030517578125 173.7624969482421875 176.53125 178.15625 178.3000030517578125 177.28125 175.2624969482421875 170.931243896484375 166.412506103515625 163.662506103515625 161.6999969482421875 159.556243896484375 158.6125030517578125 163.181243896484375 169.381256103515625 175.587493896484375 182.09375 188.8937530517578125 194.8937530517578125 201 206.8937530517578125 213.0437469482421875 222.4562530517578125 232.8874969482421875 243.537506103515625 249.8125 256.243743896484375 262.337493896484375 257.39373779296875 253.2437591552734375 259.462493896484375 265.92498779296875 267.79998779296875 271.681243896484375
215.818756103515625 206.6374969482421875 197.3249969482421875 189.681243896484375 183.506256103515625 177.8249969482421875 174.0749969482421875 171.0500030517578125 169.837493896484375 169.618743896484375 171.6437530517578125 174.1125030517578125 177.53125 181.1374969482421875 181.9375 182.287506103515625 180.931243896484375 178.7375030517578125 175.5749969482421875 173.125 171.0812530517578125 168.125 166.056243896484375 169.8937530517578125 175.375 180.587493896484375 186.568756103515625 192.5437469482421875 198.993743896484375 205.618743896484375 212.337493896484375 219.318756103515625 229.4812469482421875 240.4562530517578125 252.9000091552734375 261.33123779296875 270.4375 277.21875 275.087493896484375 280.524993896484375 289.73126220703125 298.475006103515625 306.91876220703125 318.59375
221.875 213.943756103515625 205.0749969482421875 197.9562530517578125 190.931243896484375 184.375 178.6062469482421875 174.71875 172.1437530517578125 170.399993896484375 171.09375 175.037506103515625 179.6062469482421875 183.0812530517578125 185.2624969482421875 187.1687469482421875 188.068756103515625 186.96875 184.9375 183.1687469482421875 180.4875030517578125 177.0500030517578125 174.3625030517578125 176.9250030517578125 181.1999969482421875 185.100006103515625 190.9562530517578125 196.193756103515625 202.306243896484375 209.625 217.3312530517578125 226.0812530517578125 237.368743896484375 249.475006103515625 263.26251220703125 274.35626220703125 284.087493896484375 291.17498779296875 297.03125 308.51251220703125 320.087493896484375 332.67498779296875 349.306243896484375 368.618743896484375
228.6125030517578125 221.7062530517578125 213.2874908447265625 205.53125 198.46875 190.7375030517578125 183.412506103515625 178.2937469482421875 173.09375 170.78125 171.53125 176.8000030517578125 182.28125 187.4499969482421875 191.3312530517578125 193.350006103515625 195.7312469482421875 195.6687469482421875 194.4562530517578125 193.0437469482421875 190.443756103515625 186.4250030517578125 182.78125 183.5437469482421875 185.7312469482421875 189.0500030517578125 193.774993896484375 199.21875 204.7062530517578125 212.962493896484375 222.3937530517578125 232.0625 244.1687469482421875 258.412506103515625 271.82501220703125 283.037506103515625 294.01873779296875 308.837493896484375 319.443756103515625 332.225006103515625 347.89373779296875 362.462493896484375 382.087493896484375 403.98748779296875
235.381256103515625 228.8625030517578125 220.9562530517578125 213.024993896484375 205.8312530517578125 197.8625030517578125 190.0437469482421875 182.506256103515625 175.6687469482421875 171.8562469482421875 173.71875 179.993743896484375 187.506256103515625 194.1687469482421875 197.7624969482421875 201.34375 202.8937530517578125 203.8125 204.0437469482421875 204.125 201.0749969482421875 195.40625 190.681243896484375 190.21875 190.90625 192.4875030517578125 196.618743896484375 201.6437530517578125 206.96875 215.100006103515625 226.056243896484375 236.3874969482421875 249.8937530517578125 264.48126220703125 276.943756103515625 287.89373779296875 304.79376220703125 320.100006103515625 330.98126220703125 346.037506103515625 363.774993896484375 378.17498779296875 396.056243896484375 417.26251220703125
242.1374969482421875 236.587493896484375 229.443756103515625 222.118743896484375 214.649993896484375 206.4250030517578125 197.4562530517578125 188.625 179.631256103515625 172.037506103515625 176.0124969482421875 188.0812530517578125 196.024993896484375 200.96875 204.818756103515625 208.087493896484375 209.8000030517578125 211 212.0124969482421875 212.1062469482421875 208.524993896484375 202.6062469482421875 197.537506103515625 195.600006103515625 194.743743896484375 195.600006103515625 198.212493896484375 203.1312408447265625 207.556243896484375 217.3125 228.681243896484375 241.4375 255.1500091552734375 270.38751220703125 283.34375 296.5625 313.625 330.399993896484375 343.46875 356.11248779296875 372.07501220703125 385.70001220703125 402.587493896484375 423.274993896484375
252.1125030517578125 246.5124969482421875 239.243743896484375 232.381256103515625 224.84375 216.493743896484375 207.681243896484375 198.556243896484375 189.0749969482421875 179.600006103515625 189.9375 203.2624969482421875 207.381256103515625 209.8937530517578125 212.6875 215.1750030517578125 216.524993896484375 217.381256103515625 217.806243896484375 216.1999969482421875 213.21875 208.287506103515625 203.5437469482421875 199.881256103515625 198.1062469482421875 197.8874969482421875 199.774993896484375 203.96875 208.443756103515625 219.631256103515625 229.475006103515625 242.3249969482421875 257.350006103515625 273.056243896484375 287.193756103515625 302.64373779296875 320.61248779296875 337.07501220703125 352.98748779296875 367.35626220703125 378.54998779296875 392.625 405.193756103515625 420.95001220703125
265.274993896484375 259.03125 251.9875030517578125 244.5 236.2375030517578125 227.6999969482421875 219.5437469482421875 211.59375 206.34375 207.868743896484375 220.0437469482421875 220.8937530517578125 219.962493896484375 220.493743896484375 221.4499969482421875 222.2624969482421875 222.6624908447265625 222.7375030517578125 221.53125 219.8000030517578125 216.181243896484375 211.1999969482421875 207.3562469482421875 204.0437469482421875 200.9124908447265625 200.2624969482421875 201.7062530517578125 204.90625 209.0500030517578125 218.9562530517578125 229.087493896484375 240.5124969482421875 254.337493896484375 268.837493896484375 286.20001220703125 302.59375 318.13751220703125 336.23748779296875 350.42498779296875 358.91876220703125 368.1875 380.58123779296875 387.76251220703125 400.35626220703125
279.13751220703125 272.61248779296875 264.9375 256.70623779296875 249.3125 241.662506103515625 233.618743896484375 227.975006103515625 225.287506103515625 226.46875 230.7937469482421875 232.4562530517578125 231.34375 230.818756103515625 230.618743896484375 229.8562469482421875 229.6750030517578125 228.375 226.1687469482421875 223.7750091552734375 219.2375030517578125 214.4250030517578125 209.868743896484375 206.0437469482421875 203.7937469482421875 202.2312469482421875 203.037506103515625 205.837493896484375 209.125 217.475006103515625 226.193756103515625 239.5999908447265625 254.8125 268.84375 285.76873779296875 300.649993896484375 314.64373779296875 329.818756103515625 343.350006103515625 348.556243896484375 355.70001220703125 364.524993896484375 369.381256103515625 375.193756103515625
