data/historical-monthly-weather-data/wc2.1_cruts4.09_10m_prec_1998-11.asc
ncols        51
nrows        45
xllcorner    -63.500000000000
yllcorner    -7.500000000000
cellsize     0.166666666667
NODATA_value -9999
[rows 0 to 18 of 45, columns 0 to 43 of 51]
120.7312469482421875 110.9375 105.0500030517578125 102.4875030517578125 100.1875 101.3937530517578125 102.3249969482421875 103.38124847412109375 105.6374969482421875 107.4562530517578125 109.3562469482421875 110.7624969482421875 112.375 112.21875 113.16249847412109375 113.6999969482421875 114.27500152587890625 112.9499969482421875 111.7624969482421875 110.96250152587890625 109.2312469482421875 107.27500152587890625 105.88124847412109375 103.8125 102.30625152587890625 101.3625030517578125 101.47499847412109375 101.7062530517578125 101.6999969482421875 102.44374847412109375 103.69374847412109375 105.77500152587890625 108.11875152587890625 111.34999847412109375 114.2937469482421875 117.47499847412109375 120.98125457763671875 123.83750152587890625 125.15000152587890625 126.3625030517578125 126.4187469482421875 126.53749847412109375 125.1374969482421875 123.59375
126.65000152587890625 114.8562469482421875 109.0625 105.6875 103.6875 104.7687530517578125 105.59999847412109375 107.8000030517578125 110.31874847412109375 112.1374969482421875 113.9562530517578125 114.7312469482421875 115.16249847412109375 115.3249969482421875 115.4187469482421875 116.40000152587890625 116.24375152587890625 115.78749847412109375 114.9875030517578125 114.58750152587890625 112.5500030517578125 110.3562469482421875 108.9375 107.6999969482421875 105.33750152587890625 103.86875152587890625 103.8874969482421875 103.52500152587890625 103.43125152587890625 104.4187469482421875 106.15625 108.69374847412109375 110.65625 115.0749969482421875 119.0187530517578125 122.9375 127.2937469482421875 131.100006103515625 132.462493896484375 133.875 134.8625030517578125 134.4812469482421875 133.587493896484375 130.7375030517578125
134.125 122.43125152587890625 115.4499969482421875 110.2937469482421875 107.3874969482421875 108.24375152587890625 110.75 113.1875 116.56874847412109375 118.6687469482421875 119.65625 119.61875152587890625 119.5812530517578125 119 118.61875152587890625 118.6062469482421875 118.66249847412109375 118.27500152587890625 117.05625152587890625 116.44374847412109375 114.52500152587890625 112.3625030517578125 110.93125152587890625 110.0437469482421875 108.3249969482421875 106.6750030517578125 106.33750152587890625 105.96875 105.22499847412109375 105.8000030517578125 108.1374969482421875 110.375 114.3874969482421875 118.7687530517578125 123.6999969482421875 127.88124847412109375 132.7687530517578125 138.631256103515625 140.96875 143.4562530517578125 144.850006103515625 143.693756103515625 142.368743896484375 139.9250030517578125
139.068756103515625 127.26874542236328125 120.8000030517578125 114.24375152587890625 110.41249847412109375 111.49375152587890625 114.06874847412109375 117.83750152587890625 122.59375 125.5437469482421875 125.78125 124.5437469482421875 123.5124969482421875 122.18125152587890625 121.55625152587890625 121.3312530517578125 121.40625 120.28749847412109375 119.16875457763671875 118.96875 117.27500152587890625 114.97499847412109375 112.77500152587890625 111.6687469482421875 110.3937530517578125 109.2062530517578125 108.65000152587890625 106.9812469482421875 106.40625 107.63124847412109375 109.6374969482421875 112.4375 115.99375152587890625 120.8937530517578125 126.2312469482421875 132.8625030517578125 139.537506103515625 146.0500030517578125 149.756256103515625 152.868743896484375 153.78125 153.5187530517578125 150.8562469482421875 147.7937469482421875
147.2312469482421875 133.3000030517578125 121.9499969482421875 115.58750152587890625 112.3000030517578125 113.90000152587890625 116.86875152587890625 121.5500030517578125 127.9812469482421875 132.5437469482421875 130.837493896484375 127.46250152587890625 125.7062530517578125 124.6062469482421875 123.94374847412109375 123.99375152587890625 123.65000152587890625 122.80625152587890625 121.40000152587890625 120.02500152587890625 119.3562469482421875 117.13124847412109375 115.06874847412109375 114.6999969482421875 112.6125030517578125 111.25 108.9250030517578125 107.99375152587890625 107.75624847412109375 108.06874847412109375 109.9250030517578125 112.79375457763671875 117.1062469482421875 122.84375 129.21875 136.8000030517578125 144.912506103515625 153.125 158.65625 161.0625 163.1374969482421875 161.4562530517578125 158.9562530517578125 155.8125
149.625 136.1437530517578125 124.7312469482421875 114.5812530517578125 112.11875152587890625 115.8000030517578125 119.5 123.4562530517578125 129.475006103515625 134.693756103515625 132.256256103515625 128.9250030517578125 127.7062530517578125 126.75624847412109375 125.8312530517578125 125.36875152587890625 125.28749847412109375 124.3625030517578125 123.49375152587890625 121.66249847412109375 120.75 119.49375152587890625 117.8000030517578125 116.44374847412109375 115.21250152587890625 113.2312469482421875 110.83750152587890625 109.0625 108.19374847412109375 108.15625 109.0124969482421875 112.83750152587890625 117.1687469482421875 123.5749969482421875 130.131256103515625 138.975006103515625 148.056243896484375 157.5500030517578125 164.818756103515625 168.6875 168.1750030517578125 166.75 164.1374969482421875 161.5
152.8125 140.7624969482421875 129.412506103515625 119.11875152587890625 114.0437469482421875 115.6687469482421875 118.9187469482421875 122.0124969482421875 125.1374969482421875 126.6062469482421875 127.74375152587890625 127.30625152587890625 127.8000030517578125 127.7312469482421875 127.59375 127.6062469482421875 127.375 126.1437530517578125 124.25624847412109375 123.80625152587890625 123.1687469482421875 122.0812530517578125 120.75624847412109375 119.09375 117.53749847412109375 116.03749847412109375 112.84375 110 107.31874847412109375 107.1875 108.43125152587890625 111.35625457763671875 116.4250030517578125 123.28125 130.9187469482421875 139.53125 148.6374969482421875 159.25 169.912506103515625 173.6875 172.431243896484375 170.3937530517578125 167.962493896484375 165.09375
157.5437469482421875 145.0999908447265625 134.649993896484375 126.3125 120.71250152587890625 120.16249847412109375 119.2687530517578125 117.38124847412109375 116.3562469482421875 117.65625 122.0437469482421875 124.9375 127.06874847412109375 128.1437530517578125 128.6750030517578125 129.3562469482421875 129.100006103515625 127.59375 126.09375 125.0812530517578125 126.0749969482421875 125.8562469482421875 124.11875152587890625 122.31874847412109375 121.25 117.8874969482421875 113.72499847412109375 109.65000152587890625 106.81874847412109375 105.65625 106.3874969482421875 109.80625152587890625 115.21875 121.9812469482421875 129.8625030517578125 138.068756103515625 147.881256103515625 157.475006103515625 165.5124969482421875 169.837493896484375 170.462493896484375 169.125 166.9250030517578125 164.0187530517578125
160.8000030517578125 149.618743896484375 140.806243896484375 133.0124969482421875 126.9187469482421875 125.15625 122.96250152587890625 119.375 114.3874969482421875 112.97499847412109375 118.6437530517578125 123.09375 126.65000152587890625 128.59375 129.5625 129.9812469482421875 129.8562469482421875 129.5250091552734375 130.3874969482421875 129.8937530517578125 129.743743896484375 129.9812469482421875 127.9499969482421875 127.13124847412109375 124.65625 120.3312530517578125 114.7624969482421875 110.3625030517578125 106.84375 104.15000152587890625 104.8937530517578125 108.6687469482421875 113.0812530517578125 118.8937530517578125 125.73125457763671875 134.0812530517578125 142.9812469482421875 151.524993896484375 158.2687530517578125 163.662506103515625 165.399993896484375 164.068756103515625 163.21875 161.131256103515625
164.4375 153.318756103515625 145.368743896484375 138.5500030517578125 133.100006103515625 131.4250030517578125 128.1875 123.5625 120.08750152587890625 119.34375 121.7062530517578125 123.875 127.5437469482421875 129.5437469482421875 130.1062469482421875 130.5 130.5749969482421875 132.0812530517578125 133.875 135.681243896484375 136.0749969482421875 135.7624969482421875 133.09375 131.1875 127.1437530517578125 122.5749969482421875 117.21250152587890625 111.5187530517578125 106.8625030517578125 102.9562530517578125 103.09375 106.28125 110.48125457763671875 116.06874847412109375 122.5 130.34375 138.8874969482421875 145.931243896484375 152.350006103515625 157.6750030517578125 160.8562469482421875 160.4875030517578125 159.0437469482421875 156.3000030517578125
168.5625 157.993743896484375 150.25 143.9187469482421875 138.8000030517578125 138.243743896484375 135.225006103515625 129.587493896484375 126.25 125.02500152587890625 126.34375 127.4812469482421875 129.318756103515625 130.6437530517578125 130.3625030517578125 130.100006103515625 130.5812530517578125 133.537506103515625 137.118743896484375 141.2375030517578125 145.1750030517578125 144.25 139.875 133.931243896484375 130.15625 126.54999542236328125 120.86875152587890625 114.9250030517578125 108.8312530517578125 104.25 103.78749847412109375 105.9250030517578125 110 114.8125 119.93125152587890625 126.34999847412109375 133.3562469482421875 140.1062469482421875 147.631256103515625 153.287506103515625 156.506256103515625 156.8874969482421875 156.212493896484375 154.1374969482421875
172.375 162.1875 154.725006103515625 149.381256103515625 144.587493896484375 144.0124969482421875 141.7375030517578125 135.78125 132.3000030517578125 130.6750030517578125 130.4875030517578125 130.631256103515625 129.7312469482421875 129.743743896484375 129.4812469482421875 129.4250030517578125 130.506256103515625 134.1687469482421875 139.5 146.3937530517578125 153.0437469482421875 152.899993896484375 147.3312530517578125 139.274993896484375 133.4375 128.8625030517578125 122.77500152587890625 117.03749847412109375 112.28749847412109375 107.71875 105.59375 105.84375 108.50624847412109375 112.1687469482421875 116.91249847412109375 122.8000030517578125 128.8562469482421875 135.5437469482421875 142.40625 148.5437469482421875 153.118743896484375 153.6062469482421875 153.181243896484375 151.6687469482421875
175.84375 166.6437530517578125 159.5749969482421875 153.5187530517578125 148.181243896484375 146.975006103515625 144.0437469482421875 139.306243896484375 136.3312530517578125 135.024993896484375 134.0500030517578125 133.15625 131.1062469482421875 127.625 126.6750030517578125 127.08750152587890625 128.7687530517578125 134.2937469482421875 140.78125 148.3874969482421875 157.1999969482421875 158.1437530517578125 152.25 144.8000030517578125 136.8000030517578125 130.5 125.74375152587890625 120.1125030517578125 115.53749847412109375 110.96875 107.8625030517578125 106.4812469482421875 107.21250152587890625 109.50624847412109375 113.3562469482421875 118.63124847412109375 124.3312530517578125 130.4499969482421875 138.056243896484375 143.4812469482421875 149.2687530517578125 150.8937530517578125 148.96875 141.587493896484375
178.90625 169.15625 162.2687530517578125 156.0437469482421875 150.71875 148.1125030517578125 145.212493896484375 141.600006103515625 139.9187469482421875 138.2687530517578125 136.712493896484375 133.1437530517578125 129.8125 125.7375030517578125 122.52500152587890625 123.03749847412109375 125.47499847412109375 131.274993896484375 137.993743896484375 145.125 152.899993896484375 155.431243896484375 152.881256103515625 146.75 140.3000030517578125 134.625 130.306243896484375 124.86875152587890625 119.5 114.02500152587890625 110.1687469482421875 107.375 106.4812469482421875 107.18125152587890625 110.55625152587890625 115.8000030517578125 121.1374969482421875 128.2624969482421875 134.8312530517578125 141.6687469482421875 145.9562530517578125 143.3874969482421875 139.6999969482421875 137.9187469482421875
180.0500030517578125 170.337493896484375 163.6374969482421875 157.5187530517578125 152.006256103515625 149.125 146.743743896484375 143.600006103515625 141.65625 139.71875 137.475006103515625 133.149993896484375 128.5 123.5812530517578125 118.6125030517578125 118.5124969482421875 121.53749847412109375 127.6875 134.5500030517578125 141.3937530517578125 148.4562530517578125 152.3562469482421875 152.662506103515625 149.2687530517578125 145.59375 141.462493896484375 136.46875 130.475006103515625 124.4562530517578125 117.5749969482421875 112.1750030517578125 107.8874969482421875 106.46875 106.4375 108.2937469482421875 112.9875030517578125 119.55625152587890625 128.0437469482421875 135.568756103515625 139.912506103515625 140.5124969482421875 139.875 140.1875 140.4375
180 170.3249969482421875 164.368743896484375 158.350006103515625 153.0187530517578125 150.568756103515625 147.71875 144.78125 143.5 142.193756103515625 139.1999969482421875 134.0625 128.625 122.27500152587890625 116.46875 113.4375 118 125.5187530517578125 132.21875 138.6875 146.368743896484375 151.662506103515625 153.600006103515625 152.0749969482421875 150.2687530517578125 148.662506103515625 144.4562530517578125 137.868743896484375 129.725006103515625 120.9187469482421875 114.11875152587890625 108.99375152587890625 106.47499847412109375 106.3312530517578125 106.46875 112.34375 120.18125152587890625 125.68125152587890625 131.9562530517578125 135.787506103515625 139.03125 140.506256103515625 141.0500030517578125 138.212493896484375
179.5 170.806243896484375 164.5500030517578125 158.75 153.96875 151.5500030517578125 149.524993896484375 146.6374969482421875 145.625 144.056243896484375 141.443756103515625 136.1125030517578125 129.899993896484375 123.3562469482421875 118.0437469482421875 115.3249969482421875 116.6999969482421875 123.1999969482421875 130.568756103515625 137.556243896484375 145.6312408447265625 151.7687530517578125 155.0124969482421875 154.0500030517578125 153.975006103515625 155.399993896484375 153.5187530517578125 144.8249969482421875 133.600006103515625 123.6125030517578125 116.24375152587890625 111.91249847412109375 108.375 107.05625152587890625 110.4562530517578125 118.40625 123.46875 129.7624969482421875 136.4375 138.6437530517578125 142.2624969482421875 143.7312469482421875 141.0500030517578125 139.931243896484375
177.931243896484375 169.2312469482421875 163.6687469482421875 158.381256103515625 153.381256103515625 152.2062530517578125 150.8312530517578125 148.3937530517578125 147.6687469482421875 146.256256103515625 143.806243896484375 138.693756103515625 131.8937530517578125 126.1687469482421875 122.2624969482421875 119.68125152587890625 119.4812469482421875 121.90000152587890625 129.90625 137.125 146.399993896484375 152.006256103515625 155.4812469482421875 156.1999969482421875 157.8312530517578125 160.162506103515625 161.6374969482421875 150.556243896484375 136.0812530517578125 123.27500152587890625 114.7687530517578125 110.1437530517578125 110.38124847412109375 114.02500152587890625 118.6125030517578125 121.43125152587890625 127.5 133.806243896484375 137.0187530517578125 142.7062530517578125 145.337493896484375 145.4875030517578125 143.8249969482421875 142.5749969482421875
175.725006103515625 167.7937469482421875 162.412506103515625 157.5124969482421875 153.193756103515625 152.3874969482421875 151.3000030517578125 150.006256103515625 150.162506103515625 149.850006103515625 147.337493896484375 142.0437469482421875 135.5500030517578125 130.256256103515625 126.0437469482421875 123.7312469482421875 123.08750152587890625 123.8249969482421875 128.8000030517578125 135.9875030517578125 147.212493896484375 155.818756103515625 155.75 157.375 159.899993896484375 161.9875030517578125 160.5625 151.0124969482421875 137.7624969482421875 123.53125 112.9562530517578125 111.2624969482421875 116.78125 120.2937469482421875 122.74375152587890625 127.91249847412109375 132.6999969482421875 137.4187469482421875 142.181243896484375 146.4812469482421875 148.9499969482421875 150.850006103515625 148.0187530517578125 145.868743896484375
