data/historical-monthly-weather-data/wc2.1_cruts4.09_10m_prec_1981-03.asc
ncols        51
nrows        45
xllcorner    -63.500000000000
yllcorner    -7.500000000000
cellsize     0.166666666667
NODATA_value -9999
[rows 0 to 19 of 45, columns 0 to 43 of 51]
205.9875030517578125 205.1125030517578125 199 197.931243896484375 194.5 189.1875 180.4250030517578125 171.6437530517578125 163.625 158.806243896484375 157.34375 158.0250091552734375 159.0812530517578125 158.2624969482421875 159.806243896484375 161.5625 165.34375 166.4812469482421875 169.8937530517578125 172.8625030517578125 175.6875 177.475006103515625 179.90625 180.6750030517578125 183.2062530517578125 185.8874969482421875 190.09375 197.274993896484375 202.1875 194.943756103515625 188.712493896484375 180.0749969482421875 172.806243896484375 166.493743896484375 159.6125030517578125 156.149993896484375 152.3000030517578125 149.149993896484375 150.662506103515625 152.1062469482421875 153.850006103515625 156.587493896484375 158.65625 161.7062530517578125
216.649993896484375 217.118743896484375 217.2375030517578125 218.068756103515625 217.5812530517578125 211.6999969482421875 202.4875030517578125 194.475006103515625 188.3874969482421875 183.287506103515625 180.65625 179.6125030517578125 178.975006103515625 177.5 177.7375030517578125 178.712493896484375 181.2062530517578125 184.59375 188.3000030517578125 192.006256103515625 194.3375091552734375 196.1374969482421875 198.6125030517578125 198.9250030517578125 199.53125 200.8000030517578125 203.181243896484375 208.787506103515625 211.5 204.212493896484375 196.5 189.375 181.75 176.7312469482421875 169.40625 167.4875030517578125 165.875 164.037506103515625 166.8249969482421875 169.399993896484375 172.84375 175.743743896484375 177.837493896484375 180.6875
222.899993896484375 224.806243896484375 227.0124969482421875 229.087493896484375 228.787506103515625 224.46875 219.8625030517578125 215.71875 211.2687530517578125 207.6999969482421875 203.2312469482421875 200.3937530517578125 198.943756103515625 197.0625 196.6750030517578125 197.9812469482421875 199.6875 202.84375 205.4812469482421875 208.1875 209.693756103515625 210.868743896484375 210.975006103515625 210.193756103515625 209.350006103515625 207.693756103515625 209.2062530517578125 213.181243896484375 213.8312530517578125 205.118743896484375 197.0124969482421875 188.6875 180.9562530517578125 173.28125 166.774993896484375 163.2687530517578125 161.53125 160.537506103515625 163.3000030517578125 166.899993896484375 170.618743896484375 174.25 177.40625 180.649993896484375
226.193756103515625 230.118743896484375 235.6999969482421875 238 238.693756103515625 236.1125030517578125 234.975006103515625 234.818756103515625 234.2062530517578125 232.0437469482421875 226.9812469482421875 221.7375030517578125 217.993743896484375 215.181243896484375 215.0187530517578125 215.9250030517578125 218.6687469482421875 221.587493896484375 223.712493896484375 225.006256103515625 225.8625030517578125 224.5437469482421875 221.5812530517578125 218.7312469482421875 215.8249969482421875 212.28125 212.6374969482421875 213.443756103515625 212.7375030517578125 203.90625 193.59375 185.34375 176.2624969482421875 167.21875 159.087493896484375 156.1687469482421875 154.193756103515625 152.868743896484375 156.4499969482421875 159.9562530517578125 163.125 168.399993896484375 173.212493896484375 177.3000030517578125
235.65625 237.8062591552734375 240.4875030517578125 244.306243896484375 246.0124969482421875 245.806243896484375 246.0749969482421875 249.0749969482421875 252.756256103515625 254.243743896484375 248.2375030517578125 240.1687469482421875 235.4499969482421875 233.7624969482421875 232.662506103515625 234.3125 236.662506103515625 239.899993896484375 240.2312469482421875 239.5812530517578125 239.1750030517578125 235.3937530517578125 231.5500030517578125 227.068756103515625 221.681243896484375 216.350006103515625 213.90625 213.1374969482421875 212.931243896484375 201.7312469482421875 191.3937530517578125 180.837493896484375 172.1374969482421875 162.681243896484375 153.4812469482421875 150.2687530517578125 147.631256103515625 145.537506103515625 149.399993896484375 152.6437530517578125 156.537506103515625 162.21875 168.0437469482421875 173.8000030517578125
241.774993896484375 243.84375 247.5437469482421875 248.118743896484375 246.3562469482421875 246.943756103515625 247.787506103515625 250.381256103515625 255.5749969482421875 259.787506103515625 252.4875030517578125 245.1750030517578125 242.837493896484375 241.4250030517578125 241.90625 244.1875 247.40625 250.0437469482421875 251.0687408447265625 249.618743896484375 246.9375 242.618743896484375 237.681243896484375 230.90625 223.8249969482421875 217.78125 214.5749969482421875 212.03125 209.493743896484375 199.6687469482421875 189.03125 179.3312530517578125 170.337493896484375 163.09375 155.443756103515625 151.899993896484375 149.9812469482421875 147.787506103515625 150.899993896484375 153.9562530517578125 156.056243896484375 161.381256103515625 166.78125 171.8312530517578125
245.4562530517578125 246.087493896484375 248.2062530517578125 246.274993896484375 242.100006103515625 241.556243896484375 241.84375 241.7624969482421875 242.600006103515625 243.46875 243.7437591552734375 242.6875 243.725006103515625 245.087493896484375 247.493743896484375 250.7687530517578125 254.6999969482421875 256.14373779296875 256.506256103515625 257.32501220703125 252.7687530517578125 248.068756103515625 241.5749969482421875 233.537506103515625 225.287506103515625 217.193756103515625 213.256256103515625 209.5625 204.837493896484375 194.7687530517578125 186.6312408447265625 177.5124969482421875 169.725006103515625 162.5749969482421875 156.34375 153.850006103515625 151.6437530517578125 149.681243896484375 153.350006103515625 154.649993896484375 154.318756103515625 158.96875 163.5749969482421875 168.056243896484375
245.375 244.3249969482421875 243.7937469482421875 241.600006103515625 238.3562469482421875 237.0437469482421875 233.743743896484375 228.193756103515625 223.5437469482421875 224.8874969482421875 231.7375030517578125 237.2062530517578125 243.024993896484375 247.8312530517578125 251.5749969482421875 255.9562530517578125 258.912506103515625 259.20001220703125 259.975006103515625 261.04998779296875 256.91876220703125 251.4875030517578125 244.556243896484375 234.912506103515625 226.5 216.1437530517578125 210.2624969482421875 205.5 199.2624969482421875 189.881256103515625 181.59375 175.1437530517578125 168.087493896484375 162.0562591552734375 156.8125 154.5562591552734375 152.681243896484375 150.725006103515625 152.96875 152.962493896484375 152.03125 155.681243896484375 159.493743896484375 163.1437530517578125
244.5 242.15625 241.65625 239.59375 235.8625030517578125 233.8312530517578125 229.625 222.2624969482421875 212.787506103515625 211.5749969482421875 222.756256103515625 232.274993896484375 241.4187469482421875 246.975006103515625 251.6750030517578125 256.556243896484375 259.54376220703125 259.66876220703125 261.587493896484375 262.46875 255.7375030517578125 250.8625030517578125 243.587493896484375 237.1374969482421875 227.96875 216.037506103515625 207.712493896484375 201.03125 195.274993896484375 185.943756103515625 178.756256103515625 173.162506103515625 167.2062530517578125 161.8562469482421875 157.0749969482421875 155.993743896484375 155.65625 154.2062530517578125 155.787506103515625 155.100006103515625 153.65625 155.9875030517578125 158.78125 161.15625
243.431243896484375 239.96875 238.7687530517578125 236.6687469482421875 233.818756103515625 232.118743896484375 228.899993896484375 222.9812469482421875 216.9875030517578125 216.837493896484375 224.1062469482421875 231.2687530517578125 240.3125 247.056243896484375 251.5749969482421875 256.431243896484375 260.068756103515625 260.006256103515625 260.943756103515625 261.256256103515625 254.162506103515625 249.03125 243.7062530517578125 239.068756103515625 227.9187469482421875 214.9875030517578125 205.875 197.931243896484375 190.537506103515625 181.287506103515625 174.350006103515625 170.5187530517578125 166.28125 162.46875 158.5812530517578125 157.975006103515625 158.0437469482421875 157.725006103515625 159.0812530517578125 158.506256103515625 156.899993896484375 158.2062530517578125 158.5812530517578125 157.7624969482421875
242.1125030517578125 238.118743896484375 236.125 234.375 232.6374969482421875 232.287506103515625 230.318756103515625 225.649993896484375 223.03125 224.2750091552734375 228.725006103515625 234.8312530517578125 241.681243896484375 248.7937469482421875 253.0187530517578125 256.83123779296875 259.875 259.587493896484375 258.98126220703125 258.54376220703125 252.712493896484375 247.412506103515625 243.9375 237.625 228.9812469482421875 213.443756103515625 203.2062530517578125 195.787506103515625 187.306243896484375 177.712493896484375 172.03125 168.318756103515625 164.7687530517578125 161.875 159.256256103515625 159.0500030517578125 159.5625 159.962493896484375 161.1750030517578125 161.0812530517578125 159.225006103515625 158.5749969482421875 156.7062530517578125 154.1062469482421875
241.3312530517578125 237.5437469482421875 235.712493896484375 234.8249969482421875 232.881256103515625 234.1062469482421875 234.181243896484375 231.475006103515625 230.631256103515625 231.8249969482421875 235.125 239.3562469482421875 244.024993896484375 249.6875 255.3874969482421875 259.037506103515625 259.96875 258.381256103515625 257.15625 255.537506103515625 247.681243896484375 243 241.4562530517578125 239.256256103515625 229.0749969482421875 209.899993896484375 198.899993896484375 191.412506103515625 184.9250030517578125 178.1374969482421875 171.524993896484375 167.2375030517578125 163.537506103515625 160.5124969482421875 157.850006103515625 158.9250030517578125 160.3874969482421875 161.3249969482421875 162.162506103515625 162.568756103515625 161.006256103515625 158.53125 153.7937469482421875 147.5749969482421875
240.5124969482421875 236.618743896484375 235.4499969482421875 234.149993896484375 233.1687469482421875 235.5124969482421875 236.2375030517578125 235.712493896484375 235.8874969482421875 238.475006103515625 242.6750030517578125 245.6062469482421875 249.59375 252.225006103515625 256.85626220703125 259.95623779296875 260.20001220703125 258.462493896484375 257.26251220703125 253.693756103515625 242.625 237.0749969482421875 234.6750030517578125 230.65625 216.71875 200 193.5437469482421875 188.125 182.993743896484375 177.725006103515625 172.1374969482421875 166.806243896484375 162.256256103515625 158.993743896484375 156.40625 157.375 159.443756103515625 161.0812530517578125 162.6750030517578125 163.84375 163.024993896484375 158.5812530517578125 149.1999969482421875 140.537506103515625
238.4499969482421875 235.243743896484375 234.243743896484375 233.318756103515625 233.3249969482421875 234.9875030517578125 237.318756103515625 239.350006103515625 242.1374969482421875 245.4812469482421875 249.3625030517578125 251.8562469482421875 254.149993896484375 257.118743896484375 258.09375 260.96875 260.837493896484375 258.20001220703125 256.11248779296875 252.9812469482421875 243.2375030517578125 234.8375091552734375 228 220.006256103515625 207.21875 194.3625030517578125 189.068756103515625 184.524993896484375 180.024993896484375 175.90625 172.056243896484375 167.1999969482421875 161.2375030517578125 156.6125030517578125 153.787506103515625 155.537506103515625 158.5437469482421875 160.4187469482421875 161.5437469482421875 161.993743896484375 160.506256103515625 152.9375 143.8937530517578125 136.368743896484375
235.8125 232.3937530517578125 232.2624969482421875 233.287506103515625 234.399993896484375 236.7062530517578125 240.600006103515625 244.3249969482421875 247.568756103515625 251.3312530517578125 255.899993896484375 257.9375 259.67498779296875 261.587493896484375 260.51873779296875 262.256256103515625 261.65625 259.962493896484375 257.23748779296875 253.8249969482421875 244.1999969482421875 233.837493896484375 224.068756103515625 215.1750030517578125 204.7624969482421875 194.899993896484375 189.6312408447265625 185.0124969482421875 180.96875 177.618743896484375 172.8249969482421875 167.6125030517578125 161.4875030517578125 154.412506103515625 149.837493896484375 152.3937530517578125 156.131256103515625 157.868743896484375 156.037506103515625 152.3562469482421875 146.681243896484375 142.350006103515625 138.337493896484375 133.118743896484375
231.3249969482421875 229.006256103515625 230.3249969482421875 232.4499969482421875 234.8937530517578125 239.462493896484375 243.6999969482421875 247.8125 253.0500030517578125 258.131256103515625 262.068756103515625 264.4375 265.92498779296875 266.75 265.51873779296875 264.368743896484375 262.85626220703125 261.26873779296875 258.462493896484375 255.431243896484375 244.40625 232.212493896484375 220.931243896484375 212.03125 202.7062530517578125 194.5749969482421875 189.962493896484375 186.0187530517578125 182.899993896484375 179.850006103515625 176.037506103515625 170.53125 162.5124969482421875 154.881256103515625 149.0812530517578125 153.881256103515625 156.381256103515625 154.34375 148.9875030517578125 142.71875 135.8000030517578125 133.743743896484375 132.0500030517578125 129.318756103515625
227.21875 226.318756103515625 227.912506103515625 231.40625 235.5 240.8312530517578125 247.0500030517578125 252.243743896484375 257.868743896484375 263.64373779296875 267.693756103515625 270.518768310546875 272.23748779296875 271.73126220703125 271.243743896484375 268.462493896484375 263.84375 260.84375 259.287506103515625 256.01251220703125 244.212493896484375 231.4375 219.71875 210.943756103515625 202.693756103515625 194.162506103515625 190 186.875 183.600006103515625 182.03125 179.274993896484375 174.3000030517578125 166.3874969482421875 160.1999969482421875 159.59375 162.0437469482421875 159.59375 153.431243896484375 144.28125 135.2375030517578125 128.256256103515625 127.2937469482421875 126.3000030517578125 125.0812530517578125
222.318756103515625 222.5812530517578125 226.024993896484375 230.96875 236.056243896484375 241.962493896484375 248.2624969482421875 254.6999969482421875 261.38751220703125 267.67498779296875 272.95623779296875 277.256256103515625 278.23126220703125 278.67498779296875 277.42498779296875 273.36248779296875 268.5 260.79376220703125 262.16876220703125 259.54998779296875 249.212493896484375 236.368743896484375 223.90625 214.256256103515625 205.212493896484375 197.5187530517578125 192.212493896484375 189.475006103515625 187.0500030517578125 185.774993896484375 182.65625 175.100006103515625 167.693756103515625 163.631256103515625 165.056243896484375 170.600006103515625 161.8562469482421875 151.1062469482421875 140.6687469482421875 132.350006103515625 124.88124847412109375 123.69374847412109375 123.02500152587890625 121.96875
216.943756103515625 218.475006103515625 222.75 228.8125 235.618743896484375 243.125 250.40625 257.51251220703125 264.51251220703125 271.46875 277.443756103515625 280.037506103515625 283.225006103515625 285.08123779296875 282.024993896484375 276.78125 270.756256103515625 263.256256103515625 261.26251220703125 260.274993896484375 252.243743896484375 241.462493896484375 226.1125030517578125 216.3249969482421875 207.4250030517578125 199.787506103515625 195.1062469482421875 191.1125030517578125 188.787506103515625 188.681243896484375 186.587493896484375 177.125 166.2312469482421875 157.5812530517578125 155.318756103515625 158.587493896484375 152.3874969482421875 144.087493896484375 136.6812591552734375 129.1875 122.90000152587890625 121.15000152587890625 120.3874969482421875 119.5625
209.7687530517578125 213.274993896484375 218.6437530517578125 225.875 234.162506103515625 243.5 252.100006103515625 260.149993896484375 267.78125 274.57501220703125 280.38751220703125 282.881256103515625 287.21875 290.975006103515625 285.318756103515625 275.975006103515625 267.0625 264.39373779296875 261.875 260.75 251.1999969482421875 239.399993896484375 228.4562530517578125 217.787506103515625 208.2937469482421875 199.7062530517578125 195.15625 191.787506103515625 188.0124969482421875 186.537506103515625 183.1374969482421875 175.5062408447265625 160.493743896484375 145.868743896484375 135.6750030517578125 136.8125 138.7687530517578125 135.84375 131.7375030517578125 126.54999542236328125 121.03125 119.1374969482421875 118.38124847412109375 117.6750030517578125
