data/historical-monthly-weather-data/wc2.1_cruts4.09_10m_prec_1979-05.asc
ncols        45
nrows        45
xllcorner    -63.500000000000
yllcorner    -7.500000000000
cellsize     0.166666666667
NODATA_value -9999
[rows 19 to 37 of 45, columns 0 to 43 of 45]
261.787506103515625 268.13751220703125 274.625 280.181243896484375 288.493743896484375 298.13751220703125 303.6875 306.256256103515625 305.89373779296875 303.962493896484375 302.5625 299.6875 296.125 286.75 276.71875 261.6875 249.6062469482421875 250.90625 248.7375030517578125 251.7624969482421875 250.087493896484375 256.100006103515625 265.92498779296875 268.212493896484375 265.256256103515625 256.96875 251.0437469482421875 247.212493896484375 236.162506103515625 223.9812469482421875 218.5749969482421875 224.96875 224.7624969482421875 222.524993896484375 226.556243896484375 232.1062469482421875 233.4562530517578125 232.21875 228.8249969482421875 222.65625 209.350006103515625 200.899993896484375 200.8249969482421875 200.8000030517578125
246.881256103515625 261.73126220703125 272.149993896484375 277.9375 283.431243896484375 296.17498779296875 304.96875 309.381256103515625 309.618743896484375 305.40625 302.46875 300.16876220703125 292.59375 284.28125 271.993743896484375 262.556243896484375 249.0500030517578125 244.7687530517578125 247.96875 246.9562530517578125 255.6374969482421875 262.1875 266.943756103515625 267.61248779296875 265.625 257.350006103515625 244.287506103515625 237.618743896484375 231.899993896484375 226.912506103515625 225.056243896484375 226.337493896484375 220.899993896484375 218.0500030517578125 219.8812408447265625 224.587493896484375 227.3312530517578125 226.875 222.037506103515625 214.2624969482421875 206.931243896484375 199.381256103515625 195.568756103515625 196.774993896484375
240.2312469482421875 246.9812469482421875 261.662506103515625 275.07501220703125 281.88751220703125 291.100006103515625 302.725006103515625 311.28125 312.787506103515625 309.70623779296875 305.39373779296875 299.600006103515625 291.193756103515625 281.79998779296875 275.14373779296875 263.350006103515625 263.26873779296875 256.5 257.79998779296875 254.5812530517578125 252.5124969482421875 257.10626220703125 261.462493896484375 257.600006103515625 250.3187408447265625 246.631256103515625 244.118743896484375 237.243743896484375 237.28125 234.2562408447265625 228.3312530517578125 223.0500030517578125 221.6062469482421875 221.537506103515625 218.9499969482421875 219.3625030517578125 222.131256103515625 221.625 216.7312469482421875 209.8562469482421875 204.1687469482421875 197.6812591552734375 193.625 192.9499969482421875
234.006256103515625 248.5187530517578125 261.774993896484375 275.17498779296875 282.3125 290.32501220703125 292.65625 302.993743896484375 312.399993896484375 311.01873779296875 304.506256103515625 297.631256103515625 294 285.48748779296875 278.89373779296875 270.45623779296875 265.48748779296875 261.29998779296875 259.024993896484375 256.46875 256.57501220703125 253.40625 254.493743896484375 249.34375 246.868743896484375 241.6875 235.818756103515625 235.368743896484375 236.0500030517578125 232.087493896484375 225.068756103515625 223.1687469482421875 224.462493896484375 222.9625091552734375 221.681243896484375 215.2874908447265625 213.868743896484375 215.3000030517578125 214.6687469482421875 208.0625 200.962493896484375 195.5749969482421875 191.149993896484375 189.681243896484375
224.743743896484375 241.5 258.337493896484375 269.60626220703125 276.41876220703125 281.58123779296875 294.087493896484375 301.67498779296875 304.056243896484375 301.868743896484375 299.15625 299.29998779296875 294.318756103515625 289.29376220703125 280.53125 272.42498779296875 267.131256103515625 265.20623779296875 264.056243896484375 262.76873779296875 257.568756103515625 254.8000030517578125 251.837493896484375 250.4812469482421875 244.412506103515625 235.0812530517578125 232.2312469482421875 232.3937530517578125 234.8000030517578125 235.962493896484375 235.1437530517578125 234.462493896484375 235.5625 232.212493896484375 228.4375 217.9187469482421875 218.1875 216.1999969482421875 212.6437530517578125 206.7687530517578125 198.899993896484375 195.0124969482421875 191.4499969482421875 187.8125
220.725006103515625 237.975006103515625 252.8000030517578125 268.20623779296875 277.82501220703125 284.475006103515625 288.524993896484375 296.26251220703125 297.368743896484375 297.881256103515625 294.943756103515625 292.587493896484375 292.3125 287.149993896484375 278.36248779296875 273.087493896484375 271.45623779296875 268.662506103515625 265.556243896484375 264.212493896484375 262.01251220703125 256.32501220703125 254.649993896484375 250.631256103515625 243.649993896484375 241 237.818756103515625 238.59375 239.9562530517578125 245.181243896484375 245.65625 250.681243896484375 250.024993896484375 245.056243896484375 235.0437469482421875 225.774993896484375 222.431243896484375 214.962493896484375 210.087493896484375 204.34375 197.84375 192.600006103515625 189.0999908447265625 183.5625
222.7312469482421875 241.100006103515625 249.5437469482421875 263.39373779296875 269.537506103515625 274.86248779296875 278.256256103515625 284.70001220703125 282.90625 280.506256103515625 285.91876220703125 287.337493896484375 283.868743896484375 280.65625 278.98126220703125 274.306243896484375 273.0625 270.556243896484375 267.381256103515625 264.59375 262.53125 257.07501220703125 255.1999969482421875 248.0749969482421875 244.631256103515625 241.2687530517578125 244.1374969482421875 244.8874969482421875 245.5625 251.5625 257.818756103515625 269.800018310546875 269.46875 256.556243896484375 243.1062469482421875 233.693756103515625 224.4875030517578125 216.725006103515625 206.693756103515625 200.131256103515625 194.5812530517578125 187.9187469482421875 182.3000030517578125 179.1875
223.9187469482421875 233.5812530517578125 244.556243896484375 254.506256103515625 259.64373779296875 264.6875 267.3125 268.78125 269.39373779296875 275.70623779296875 279.04376220703125 277.475006103515625 277.57501220703125 276.743743896484375 275.368743896484375 274 270.76873779296875 266.625 268.993743896484375 265.493743896484375 260.725006103515625 257.037506103515625 255.0812530517578125 252.3000030517578125 248.5749969482421875 245.78125 247.9562530517578125 248.6062469482421875 250.3937530517578125 254.0250091552734375 264.243743896484375 276.212493896484375 280.381256103515625 262.550018310546875 245.2937469482421875 233.59375 226.6999969482421875 215.90625 205.806243896484375 199 192.318756103515625 185.8062591552734375 180.337493896484375 175.1125030517578125
226.743743896484375 231.5124969482421875 238.9562530517578125 243.53125 248.774993896484375 254.6062469482421875 258.01873779296875 257.375 260.5 266.35626220703125 268.600006103515625 267.63751220703125 268.743743896484375 268.306243896484375 269.693756103515625 266.337493896484375 267.068756103515625 268.67498779296875 271.01251220703125 269.07501220703125 264.318756103515625 258.662506103515625 259.381256103515625 255.0625 252 247.5500030517578125 249.90625 250.2687530517578125 252.6437530517578125 256.875 264.574981689453125 272.90625 272.29998779296875 258.23748779296875 245.806243896484375 234.149993896484375 224.0749969482421875 216.1312408447265625 207.8312530517578125 198.2687530517578125 189.9250030517578125 185.2312469482421875 179.993743896484375 175.7062530517578125
225.431243896484375 228.600006103515625 231.34375 234.462493896484375 237.743743896484375 238.318756103515625 239.806243896484375 244.725006103515625 252.2937469482421875 254.868743896484375 257.95623779296875 259.66876220703125 260.475006103515625 263.662506103515625 267.649993896484375 269.54376220703125 270.29998779296875 270.006256103515625 270.681243896484375 269.881256103515625 265.975006103515625 260.306243896484375 259 254.4875030517578125 250.943756103515625 244.431243896484375 246.931243896484375 249.59375 251.4875030517578125 253.7375030517578125 259.443756103515625 262.28125 258.63751220703125 248.868743896484375 241.6437530517578125 231.375 222.743743896484375 213.1999969482421875 205.1062469482421875 195.6999969482421875 184.6437530517578125 178.2624969482421875 176.8874969482421875 176.899993896484375
223.568756103515625 223.725006103515625 222.399993896484375 220.375 221.006256103515625 225.0124969482421875 227.4875030517578125 234.8312530517578125 240.28125 241.6687469482421875 246.4562530517578125 249.875 252.868743896484375 257.9375 262.475006103515625 265.524993896484375 266.84375 271.09375 270.399993896484375 266.818756103515625 263.618743896484375 260.73748779296875 258.625 252.59375 245.7937469482421875 244.443756103515625 243 241.2687530517578125 242.475006103515625 244.7624969482421875 249.1062469482421875 249.162506103515625 245.625 240.100006103515625 234.756256103515625 224.40625 220.8125 212.8562469482421875 203.8874969482421875 199.0187530517578125 191.4250030517578125 184.068756103515625 178.7312469482421875 175.181243896484375
221.087493896484375 217.899993896484375 213.1624908447265625 211.556243896484375 211.90625 214.818756103515625 219.912506103515625 223.96875 229.1875 233.0437469482421875 237.7062530517578125 240.368743896484375 247.5 249.837493896484375 255.024993896484375 260.9375 264.86248779296875 266.67498779296875 267.962493896484375 267.537506103515625 261.212493896484375 256.806243896484375 254.881256103515625 246.5124969482421875 239.943756103515625 240.5 237.337493896484375 233.625 234.1999969482421875 234.59375 238.5187530517578125 236.1062469482421875 232.818756103515625 229.375 224.7062530517578125 215.40625 212.443756103515625 208.9812469482421875 204.34375 198.53125 195.0625 187.306243896484375 181.1750030517578125 174.7312469482421875
213.5187530517578125 208.274993896484375 203.84375 202.5625 203.7062530517578125 204.850006103515625 212.03125 213.03125 217.5500030517578125 220.9499969482421875 225.524993896484375 228.0500030517578125 234.912506103515625 241.7375030517578125 246.875 254.318756103515625 255.3249969482421875 256.75 258.46875 259.25 252.6750030517578125 249.318756103515625 246.6750030517578125 240.431243896484375 238.0437469482421875 234.6750030517578125 231.3125 225.8937530517578125 222.600006103515625 223.725006103515625 222.65625 221.693756103515625 218.181243896484375 215.6374969482421875 213.4562530517578125 206.8187408447265625 203.618743896484375 202.0749969482421875 197.96875 197.5812530517578125 194.6687469482421875 188.850006103515625 183.756256103515625 180.6062469482421875
203.84375 199.9499969482421875 195.618743896484375 195.431243896484375 194.087493896484375 194.6687469482421875 199.28125 201.2062530517578125 205.40625 210.6437530517578125 219.0500030517578125 222.381256103515625 228.6062469482421875 236.7624969482421875 240.5500030517578125 243.725006103515625 245.0437469482421875 249.350006103515625 247.993743896484375 248.2624969482421875 241.6125030517578125 239.806243896484375 235.850006103515625 232.4875030517578125 229.649993896484375 227.2624969482421875 221.931243896484375 217.162506103515625 211.6437530517578125 210.5749969482421875 210.0187530517578125 207.7375030517578125 203.2312469482421875 204.1437530517578125 201.712493896484375 199.4875030517578125 194.568756103515625 193.693756103515625 190.8000030517578125 193.306243896484375 191 188.568756103515625 185.3000030517578125 184.5187530517578125
194.75 190.3312530517578125 188.9812469482421875 188.149993896484375 188.1999969482421875 187.087493896484375 188.618743896484375 189.0812530517578125 192.3125 197.4499969482421875 204.9812469482421875 213.1062469482421875 218.6374969482421875 224.5187530517578125 230.0437469482421875 235.337493896484375 237.756256103515625 240.0749969482421875 236.6374969482421875 234.412506103515625 231.681243896484375 230.3312530517578125 226.8125 221.75 219.681243896484375 216.131256103515625 210.125 204.59375 201.100006103515625 199.0749969482421875 197.6125030517578125 194.806243896484375 191.84375 190.1437530517578125 189.5749969482421875 187.287506103515625 185.4250030517578125 182.056243896484375 183.0124969482421875 184.5 183.21875 184.381256103515625 185.5187530517578125 186.149993896484375
184.5749969482421875 180.993743896484375 180.818756103515625 181.5124969482421875 181.806243896484375 180.09375 177.537506103515625 177.7624969482421875 177.8125 183.337493896484375 192.350006103515625 201.3562469482421875 211.350006103515625 220.149993896484375 224.3874969482421875 227.725006103515625 228.7687530517578125 230.337493896484375 226.96875 221.8625030517578125 219.4562530517578125 216.381256103515625 214.9250030517578125 210.1750030517578125 207.4499969482421875 204.3000030517578125 201.03125 196.5625 192.368743896484375 190.431243896484375 186.931243896484375 183.4875030517578125 178.837493896484375 177.9812469482421875 172.8125 172.431243896484375 169.59375 172.412506103515625 173.725006103515625 174.4250030517578125 174.475006103515625 174.524993896484375 176.6374969482421875 180.0187530517578125
177.7624969482421875 176.056243896484375 174.337493896484375 174.037506103515625 173.1999969482421875 171.131256103515625 167.5749969482421875 167.6125030517578125 167.6125030517578125 169.6062469482421875 176.6437530517578125 190.1687469482421875 203.662506103515625 211.587493896484375 216.9812469482421875 218.9562530517578125 219.274993896484375 217.2937469482421875 215.962493896484375 210.5625 208.337493896484375 205.4875030517578125 203.181243896484375 199.712493896484375 196.2312469482421875 192.5749969482421875 191.9562530517578125 188.5812530517578125 182.649993896484375 179.8125 176.868743896484375 173.0749969482421875 168.225006103515625 163.6437530517578125 160.100006103515625 158.881256103515625 162.087493896484375 161.0500030517578125 162.71875 166.4875030517578125 166.225006103515625 168.9250030517578125 169.75 172.8937530517578125
172.2937469482421875 171.9562530517578125 169.9499969482421875 169.1750030517578125 168.8562469482421875 165.1750030517578125 162.0187530517578125 159.0625 157.524993896484375 154.556243896484375 167.1687469482421875 188.65625 200.4562530517578125 206.506256103515625 209.837493896484375 210.8249969482421875 208.818756103515625 205.725006103515625 203.818756103515625 197.2937469482421875 195.9812469482421875 193.6875 190.03125 186.868743896484375 184.2062530517578125 183.0124969482421875 181.1374969482421875 177.7937469482421875 172.8562469482421875 170.600006103515625 168.337493896484375 165.3625030517578125 159.818756103515625 153.0749969482421875 150.1374969482421875 151.2312469482421875 152.8312530517578125 153.9562530517578125 154.53125 156.037506103515625 156.0999908447265625 156.8562469482421875 161.756256103515625 165.78125
167.662506103515625 167.15625 166.943756103515625 165.475006103515625 165.96875 163.087493896484375 159.9250030517578125 155.818756103515625 154.0187530517578125 150.6875 172.9250030517578125 194.3625030517578125 201.149993896484375 205.243743896484375 205.65625 204.6125030517578125 201.0749969482421875 198.225006103515625 193.493743896484375 188.7062530517578125 184.256256103515625 181.875 178.662506103515625 175.662506103515625 173.1437530517578125 171.6437530517578125 168.3937530517578125 169.2687530517578125 166.381256103515625 162.5187530517578125 158.837493896484375 156.024993896484375 151.806243896484375 144.375 139.0749969482421875 140.662506103515625 144.0749969482421875 144.975006103515625 148.1437530517578125 147.899993896484375 148.5124969482421875 149.9812469482421875 150.087493896484375 151.4250030517578125
