data/historical-monthly-weather-data/wc2.1_cruts4.09_10m_prec_1998-06.asc
ncols        51
nrows        45
xllcorner    -63.500000000000
yllcorner    -7.500000000000
cellsize     0.166666666667
NODATA_value -9999
[rows 19 to 37 of 45, columns 0 to 43 of 51]
229.8312530517578125 229.6999969482421875 227.8312530517578125 223.4875030517578125 223.1999969482421875 228.1875 226.875 222.225006103515625 223.7375030517578125 221.46875 217.0437469482421875 212.9375 205.9499969482421875 197.6875 189.7062530517578125 172.7375030517578125 162.3562469482421875 164.9187469482421875 156.318756103515625 157.493743896484375 144.431243896484375 145.1999969482421875 154.9375 157.681243896484375 152.5187530517578125 148.318756103515625 146.3937530517578125 153.34375 148.4562530517578125 142.631256103515625 141.399993896484375 155.087493896484375 158.3562469482421875 157.78125 159.28125 167.2937469482421875 170.3625030517578125 163.149993896484375 153.7937469482421875 142.225006103515625 125.21875 108.6437530517578125 106.66249847412109375 104.86875152587890625
210.6062469482421875 221.506256103515625 226.09375 223.743743896484375 216.7062530517578125 217.618743896484375 221.537506103515625 221.0812530517578125 220.524993896484375 216.631256103515625 214.881256103515625 210.0187530517578125 202.53125 190.96875 179.78125 172.524993896484375 161.350006103515625 157.4375 161.6062469482421875 158.743743896484375 163.3937530517578125 165.1374969482421875 169.787506103515625 176.131256103515625 172.8312530517578125 162.7062530517578125 148.15625 146.125 144.9562530517578125 146.2375030517578125 147.4187469482421875 154.65625 147.787506103515625 145.9375 145.7624969482421875 153.037506103515625 157.9499969482421875 155.1374969482421875 143.28125 131.53125 119.5812530517578125 106.7062530517578125 102.97499847412109375 102.0187530517578125
205.193756103515625 204.9875030517578125 214.0500030517578125 218.787506103515625 215.7312469482421875 213.6999969482421875 215.806243896484375 215.1687469482421875 214.0187530517578125 215.037506103515625 212.9187469482421875 204.6687469482421875 196.337493896484375 191.2062530517578125 186.0437469482421875 173.3937530517578125 177.5500030517578125 170.21875 174.6374969482421875 173.3937530517578125 168.368743896484375 176.375 181.1125030517578125 177.149993896484375 169.443756103515625 160.818756103515625 158.068756103515625 149.662506103515625 152.243743896484375 153.193756103515625 148.475006103515625 142.850006103515625 139.6125030517578125 142.0625 139.587493896484375 141.037506103515625 144.131256103515625 145.243743896484375 137.78125 128.2687530517578125 116.8625030517578125 107.52500152587890625 103.5437469482421875 103.1437530517578125
200.568756103515625 212.15625 220.3000030517578125 223.6687469482421875 221.0562591552734375 216.337493896484375 206.881256103515625 204.2624969482421875 210.618743896484375 210.7687530517578125 207.9250030517578125 206.024993896484375 206.493743896484375 204.256256103515625 198.1125030517578125 189.96875 181.274993896484375 176.2312469482421875 178.506256103515625 182.1374969482421875 186.193756103515625 184.3562469482421875 180.9562530517578125 178.118743896484375 177.881256103515625 168.693756103515625 158.881256103515625 153.649993896484375 152.381256103515625 145.162506103515625 139.556243896484375 137.068756103515625 132.225006103515625 129.65625 132.8125 130.243743896484375 129.5749969482421875 131.712493896484375 130.3125 124.74375152587890625 114.90000152587890625 107.78125 103.21875 100.375
191.7937469482421875 206.056243896484375 221.5 220.09375 215.337493896484375 210.587493896484375 211.2687530517578125 207.725006103515625 204.149993896484375 199.587493896484375 205.1437530517578125 211.631256103515625 208.1750030517578125 209.243743896484375 198.4250030517578125 191.618743896484375 185.899993896484375 187.618743896484375 188.399993896484375 189.3874969482421875 191.5500030517578125 194.8000030517578125 189.4812469482421875 192.65625 184.350006103515625 171.493743896484375 167.7312469482421875 152.7062530517578125 144.662506103515625 139.649993896484375 133.375 129.7062530517578125 127.05625152587890625 122.3625030517578125 123.78125 120.2375030517578125 121.8125 124.0437469482421875 121.3562469482421875 116.21250152587890625 109.56874847412109375 104.9375 101.53749847412109375 99.84375
180.875 198.625 211.4375 219.1750030517578125 218.068756103515625 213.15625 210.368743896484375 209.9562530517578125 204.8562469482421875 206.4250030517578125 205.3625030517578125 205.774993896484375 208.649993896484375 201.899993896484375 192.6999969482421875 187.7937469482421875 186.40625 184.975006103515625 188.8000030517578125 194.9250030517578125 197.03125 196.3249969482421875 200.8874969482421875 200.2937469482421875 185.350006103515625 172.350006103515625 161.975006103515625 150.8312530517578125 140.7062530517578125 135.399993896484375 124.9875030517578125 117.7375030517578125 115.1125030517578125 114.94374847412109375 114.7062530517578125 114.09375 114.66249847412109375 114.05625152587890625 114.1750030517578125 110.6374969482421875 105.4875030517578125 102.8625030517578125 101.36875152587890625 97.2375030517578125
177.4875030517578125 198.9812469482421875 201.96875 210.0625 208.725006103515625 206.5749969482421875 202.506256103515625 202.875 193.6062469482421875 189.5749969482421875 195.6750030517578125 196.2687530517578125 198.006256103515625 194.274993896484375 190.4875030517578125 182.7937469482421875 182.4375 186.65625 191.6374969482421875 192.3249969482421875 196.3562469482421875 198.649993896484375 201.506256103515625 197.631256103515625 187.787506103515625 171.6125030517578125 160.2125091552734375 148.693756103515625 134.912506103515625 127.2937469482421875 116.91249847412109375 109.34999847412109375 106.875 105.81874847412109375 105.3562469482421875 107.8562469482421875 108.9250030517578125 106.8249969482421875 104.875 104.66249847412109375 100.5187530517578125 93.1999969482421875 91.6062469482421875 91.4812469482421875
169.1875 178.375 188.40625 193.96875 193.556243896484375 193.2375030517578125 190.875 183.0187530517578125 178.631256103515625 184.7375030517578125 191.181243896484375 190.756256103515625 187.975006103515625 186.568756103515625 185.6437530517578125 184.350006103515625 181.037506103515625 179.1875 185.8125 187.1687469482421875 187.662506103515625 191.350006103515625 196.6687469482421875 199.9499969482421875 183 167.7624969482421875 156.5625 142.587493896484375 129.2687530517578125 120.06874847412109375 112.28125 101.9375 98.77500152587890625 98.4187469482421875 98.77500152587890625 99.83750152587890625 102.6437530517578125 101.03125 97.83124542236328125 98.81874847412109375 97.3249969482421875 92.3625030517578125 87.7687530517578125 86.1062469482421875
162.1062469482421875 164.212493896484375 171.556243896484375 172.7624969482421875 173.1812591552734375 176.412506103515625 176.6437530517578125 172 171.181243896484375 177.350006103515625 180.03125 180.6999969482421875 177.087493896484375 173.993743896484375 173.0437469482421875 172.524993896484375 170.7687530517578125 173.5749969482421875 173.662506103515625 178.837493896484375 182.149993896484375 181.975006103515625 189.96875 186.6437530517578125 174.618743896484375 159.506256103515625 148.368743896484375 134.868743896484375 125.63124847412109375 118.28125 108.90000152587890625 100.5625 96 91.97499847412109375 94.5749969482421875 95.24375152587890625 97.84375 95.90625 94.8249969482421875 94.80625152587890625 93.8125 92.1062469482421875 83.90000152587890625 83.7937469482421875
150.71875 156.350006103515625 154.84375 153.600006103515625 156.53125 154.2937469482421875 156.993743896484375 160.15625 163.8625030517578125 166.0999908447265625 169.6875 168.9187469482421875 167.9562530517578125 165.818756103515625 165.1062469482421875 165.2937469482421875 166.337493896484375 166.0124969482421875 169.787506103515625 174.568756103515625 173.5500030517578125 172.6875 174.5812530517578125 170.40625 161.2937469482421875 147.6374969482421875 140.787506103515625 131.912506103515625 121.53749847412109375 111.49375152587890625 101.75 95.4187469482421875 90.71875 89.8937530517578125 89.4499969482421875 89.71250152587890625 93.5 90.0124969482421875 89.59999847412109375 88.53749847412109375 86.375 83.40000152587890625 80.3000030517578125 82.6437530517578125
138.100006103515625 139.625 139.125 137.03125 138.0500030517578125 140.8499908447265625 143.2062530517578125 150.5124969482421875 152.725006103515625 156.5749969482421875 159.806243896484375 160.9375 160.881256103515625 159.837493896484375 157.21875 154.9124908447265625 154.1687469482421875 157.7312469482421875 155.4499969482421875 154.1750030517578125 158.09375 158.6374969482421875 160.087493896484375 156.5 146.5124969482421875 140.087493896484375 132.1437530517578125 122.8249969482421875 114.0124969482421875 104.2375030517578125 96.1125030517578125 89.7624969482421875 87.375 86.93125152587890625 87.86875152587890625 86.1999969482421875 90.86875152587890625 87.78125 83.21250152587890625 85.75624847412109375 83.21875 80.22499847412109375 79.71250152587890625 77.84999847412109375
127.9250030517578125 127.03749847412109375 125.1437530517578125 124.7687530517578125 125.86875152587890625 128.399993896484375 133.5 138.90625 141.243743896484375 146.6125030517578125 150.9375 150.1437530517578125 152.7624969482421875 145.7312469482421875 145.006256103515625 147.7937469482421875 148.125 146.493743896484375 145.0437469482421875 145.3874969482421875 145.7624969482421875 143.6437530517578125 144.943756103515625 142.9875030517578125 135.8125 130.8125 122.65000152587890625 114.99375152587890625 106.36875152587890625 98.34999847412109375 94.11875152587890625 88.58750152587890625 85.0812530517578125 82.68125152587890625 82.99375152587890625 81.9499969482421875 84.96250152587890625 84.16249847412109375 80.33750152587890625 76.7624969482421875 76.72499847412109375 74.5 73.8000030517578125 73.2624969482421875
117.0625 115.93125152587890625 112.9499969482421875 114.2312469482421875 118.28749847412109375 120.85625457763671875 124.47499847412109375 128.618743896484375 132.381256103515625 134.8874969482421875 136.037506103515625 137.21875 135.524993896484375 135.6875 137.3312530517578125 137.65625 133.693756103515625 132.0124969482421875 131.8249969482421875 132.725006103515625 132.4562530517578125 132.256256103515625 129.9812469482421875 127.33750152587890625 124.6875 119.375 113.7687530517578125 107.18125152587890625 99.2687530517578125 96.59999847412109375 91.1374969482421875 85.6062469482421875 83.02500152587890625 80.18125152587890625 79.4250030517578125 77.43125152587890625 78.1999969482421875 75.6875 74.66249847412109375 72.7624969482421875 73.24375152587890625 71.86875152587890625 70.36875152587890625 69.7312469482421875
105.28749847412109375 104.63124847412109375 104.53749847412109375 106.09375 106.69374847412109375 109.59375 113.19374847412109375 117.77500152587890625 119.7062530517578125 122.6750030517578125 128.6999969482421875 128.40625 128.350006103515625 131.2937469482421875 132.537506103515625 128.0124969482421875 123.09375 124.1062469482421875 123.6125030517578125 123.30625152587890625 119.9499969482421875 117.9875030517578125 117.59999847412109375 115.9499969482421875 112.6125030517578125 109.1437530517578125 103.8625030517578125 97.88124847412109375 92.74375152587890625 90.8249969482421875 87.33750152587890625 81.27500152587890625 79.375 78.75 76.78749847412109375 74.6437530517578125 72.8125 70.4875030517578125 69.6999969482421875 71.0437469482421875 71.46250152587890625 69.7937469482421875 67.09999847412109375 65.7312469482421875
93.80625152587890625 94.84999847412109375 97.4187469482421875 98.18125152587890625 98.1437530517578125 99.9187469482421875 104.11875152587890625 105.91249847412109375 107.54999542236328125 109.9812469482421875 116.3125 120.46875 121.72499847412109375 121.6750030517578125 120.40625 119.3937530517578125 117.4562530517578125 115.34999847412109375 111.97499847412109375 111.44374847412109375 109.6875 106.94374847412109375 107.6437530517578125 104.1125030517578125 102.59375 98.2062530517578125 95.65625 90.9499969482421875 88.22499847412109375 86.0812530517578125 84.28125 81.06874847412109375 76.15000152587890625 74.11875152587890625 73.58750152587890625 71.66249847412109375 69.3000030517578125 66.8312530517578125 66.5749969482421875 66.9375 65.8874969482421875 66.0187530517578125 64.75624847412109375 60.30625152587890625
85.19374847412109375 84.61875152587890625 88.3249969482421875 91.22499847412109375 91.3937530517578125 90.41249847412109375 91.50624847412109375 94.41249847412109375 96.8125 99.40000152587890625 108.625 114.2312469482421875 116.9187469482421875 121.5124969482421875 119.75 115.0187530517578125 109.7624969482421875 104.6062469482421875 101.1437530517578125 96.69374847412109375 98.3562469482421875 94.61875152587890625 93.40000152587890625 91.1750030517578125 92.90000152587890625 90.8249969482421875 87.875 83.0812530517578125 80.3874969482421875 78.66249847412109375 78.34375 77.13124847412109375 72.09375 69.84375 67.84999847412109375 67.0187530517578125 63.700000762939453125 64.47499847412109375 62.59999847412109375 62.975002288818359375 62.22499847412109375 60.6875 60.21250152587890625 57.68125152587890625
77.63124847412109375 76.9187469482421875 79.03125 81.6374969482421875 82.8312530517578125 82.83750152587890625 83.625 84.3874969482421875 85.41249847412109375 87.5500030517578125 93.13124847412109375 103.8625030517578125 110.66249847412109375 113.90625 112.68125152587890625 108.59375 102.5124969482421875 95.21250152587890625 90.6999969482421875 85.52500152587890625 84.36875152587890625 85 82.9875030517578125 81.24375152587890625 82.59375 81.00624847412109375 78.5749969482421875 75.03125 74.03749847412109375 72.4875030517578125 71.16249847412109375 70.68125152587890625 67.8000030517578125 64.9187469482421875 61.887500762939453125 61.46250152587890625 61.65000152587890625 59.799999237060546875 59.21875 60.06874847412109375 59.424999237060546875 57.331249237060546875 56.44374847412109375 55.91249847412109375
68.43125152587890625 70.4499969482421875 70.5 73 75.24375152587890625 75.40000152587890625 75.78749847412109375 77.53749847412109375 77.8874969482421875 75.84375 84.09999847412109375 97.84999847412109375 105.74375152587890625 106.6062469482421875 105.3625030517578125 101.22499847412109375 96.1437530517578125 90.1062469482421875 84.84999847412109375 77.3562469482421875 74.74375152587890625 76.0124969482421875 74.0500030517578125 73.31874847412109375 72.3874969482421875 71.4812469482421875 71.5749969482421875 68.78125 66.41249847412109375 64.34375 65.4499969482421875 63.96250152587890625 62.5 60.84375 58.125 57.6875 58.09999847412109375 58.27500152587890625 56.5625 55.61875152587890625 54.856250762939453125 54.65000152587890625 52.375 55.46250152587890625
60.27500152587890625 62.3125 63.84375 66.7937469482421875 68.1750030517578125 69.0625 70.5625 72.02500152587890625 73.5187530517578125 71.1875 84.1437530517578125 96.4375 100.3312530517578125 102.125 98.00624847412109375 93.6875 88.46875 83.78125 79.61875152587890625 73.8000030517578125 69.75624847412109375 68.58750152587890625 65.78749847412109375 65.4375 64.21875 64.9499969482421875 65.1125030517578125 62.71875 60.668750762939453125 58.299999237060546875 57.99375152587890625 59.21875 58.5625 56.106250762939453125 54.05625152587890625 54.21250152587890625 54.3125 53.799999237060546875 55.456249237060546875 53.543750762939453125 52.06874847412109375 52.481250762939453125 49.731250762939453125 49.262500762939453125
