data/historical-monthly-weather-data/wc2.1_cruts4.09_10m_prec_1954-07.asc
ncols        45
nrows        45
xllcorner    -63.500000000000
yllcorner    -7.500000000000
cellsize     0.166666666667
NODATA_value -9999
[rows 0 to 18 of 45, columns 0 to 42 of 45]
348.04376220703125 345.756256103515625 338.53125 337.212493896484375 330.743743896484375 323.73748779296875 316.350006103515625 306.10626220703125 301.725006103515625 299.76873779296875 292.350006103515625 284.287506103515625 274.800018310546875 269.625 265.58123779296875 258.618743896484375 251.4875030517578125 240.4499969482421875 231.875 226.774993896484375 223.475006103515625 214.6750030517578125 207.6437530517578125 201.5625 197.9499969482421875 191.0437469482421875 187.84375 185.274993896484375 180.381256103515625 177.9812469482421875 168.318756103515625 163.34375 164.3249969482421875 162.100006103515625 159.931243896484375 158.462493896484375 154.2624969482421875 158.2375030517578125 155.03125 153.087493896484375 156.631256103515625 160.443756103515625 159.1750030517578125
333.3125 330.756256103515625 324.818756103515625 325.493743896484375 323.506256103515625 317.20001220703125 309.11248779296875 301.068756103515625 296.475006103515625 290.537506103515625 282.118743896484375 271.86248779296875 262.024993896484375 254 246.15625 238.9875030517578125 230.712493896484375 221.1750030517578125 214.1687469482421875 207.975006103515625 199 194.493743896484375 189.5 187.743743896484375 180.0500030517578125 174.9499969482421875 173.399993896484375 172.5 167.337493896484375 161.743743896484375 156.53125 156.2937469482421875 156.631256103515625 158.149993896484375 157.537506103515625 154.4499969482421875 151.5124969482421875 153.5812530517578125 150.1437530517578125 150.21875 155.399993896484375 156.212493896484375 156.274993896484375
301.88751220703125 307.46875 309.243743896484375 307.475006103515625 303.26251220703125 294.83123779296875 288.73748779296875 285.95623779296875 282.23748779296875 275.53125 266.587493896484375 254.0124969482421875 246.3125 233.875 224.6750030517578125 216.1999969482421875 208.943756103515625 199.881256103515625 192 187.5 179.28125 175.568756103515625 172.1062469482421875 169.287506103515625 164.024993896484375 157.28125 160.7937469482421875 159.7375030517578125 156.8000030517578125 153.318756103515625 149.1687469482421875 144.149993896484375 145.975006103515625 150.462493896484375 145.78125 142.399993896484375 143.524993896484375 147.84375 144.181243896484375 144.90625 149.037506103515625 150.9250030517578125 149.5
274.568756103515625 275.837493896484375 283.21875 288.54998779296875 283.6875 273.10626220703125 265.60626220703125 266.46875 266.5 261.431243896484375 247.6125030517578125 235.006256103515625 225.375 217.59375 206.100006103515625 195.306243896484375 186.2687530517578125 178.8125 173.818756103515625 173.368743896484375 166.71875 158.6062469482421875 154.4562530517578125 153.225006103515625 149.618743896484375 144.8000030517578125 145.7937469482421875 142.6875 143.399993896484375 144.9499969482421875 141.9812469482421875 137.131256103515625 135.2937469482421875 134.6750030517578125 132.287506103515625 136.712493896484375 140.506256103515625 139.3312530517578125 138.1062469482421875 138.125 144.2312469482421875 148.1437530517578125 147
276.975006103515625 267.48126220703125 255.8562469482421875 261.381256103515625 266.60626220703125 255.1999969482421875 250.3874969482421875 249.899993896484375 247.912506103515625 240.9499969482421875 233.368743896484375 219.506256103515625 209.5749969482421875 200.2062530517578125 188.506256103515625 178.2375030517578125 168.556243896484375 162.8874969482421875 155.274993896484375 153.537506103515625 149.787506103515625 142.1687469482421875 137.0187530517578125 139.493743896484375 135.6437530517578125 130.9250030517578125 130.4562530517578125 132.8937530517578125 133.53125 131.84375 131.1687469482421875 129.4812469482421875 130.40625 129.212493896484375 127.31874847412109375 127.31874847412109375 131.037506103515625 133.34375 131.4375 133.337493896484375 138.2312469482421875 138.5562591552734375 140.8937530517578125
264.056243896484375 263 254.850006103515625 233.287506103515625 242.0625 247.8874969482421875 241.9812469482421875 237.568756103515625 237.2687530517578125 229.1125030517578125 218.8125 206.8874969482421875 197.8000030517578125 184.131256103515625 175.71875 166.0500030517578125 154.5625 146.037506103515625 141.03125 139.8874969482421875 135.84375 130.5124969482421875 127.59375 125.2062530517578125 124.16249847412109375 121.38124847412109375 121.44374847412109375 123.24375152587890625 123.1062469482421875 122.0625 121.7062530517578125 123.4187469482421875 122.7624969482421875 124.0187530517578125 121.28125 122.81874847412109375 121.3249969482421875 123.78749847412109375 126.53749847412109375 130.84375 130.5625 133.1687469482421875 133.506256103515625
255.4499969482421875 255.8562469482421875 249.818756103515625 240.3125 232.3874969482421875 222.381256103515625 223.3312530517578125 223.587493896484375 218.5437469482421875 213 205.625 190.931243896484375 184.3874969482421875 173.274993896484375 162.3249969482421875 154.4875030517578125 145.8937530517578125 134.3249969482421875 125.49375152587890625 126.41249847412109375 122.4875030517578125 117.5124969482421875 113.80625152587890625 114.22499847412109375 113.0437469482421875 112.93125152587890625 115.78125 114.3562469482421875 112.9562530517578125 115.46875 114.6875 112.9375 112.50624847412109375 115.55625152587890625 116.6437530517578125 116.4499969482421875 114.8000030517578125 115.625 119.63124847412109375 124.8562469482421875 124.25624847412109375 123.9375 125.73749542236328125
251.0437469482421875 247.84375 244.7312469482421875 240.4375 236.493743896484375 233.8562469482421875 220.162506103515625 201.1750030517578125 192.46875 188.318756103515625 183.2937469482421875 175.6750030517578125 168.9250030517578125 158.5437469482421875 150.868743896484375 143.118743896484375 133.7687530517578125 123.6062469482421875 115.5500030517578125 110.3312530517578125 110.6374969482421875 108.5124969482421875 104.47499847412109375 104.7062530517578125 105.6999969482421875 103.1125030517578125 105.50624847412109375 103.625 105.33750152587890625 105.1374969482421875 107.8937530517578125 106.75624847412109375 107.5124969482421875 107.8562469482421875 107.63124847412109375 106.00624847412109375 105.2062530517578125 106.4375 107.72499847412109375 109.625 110.7375030517578125 112.58750152587890625 113.7062530517578125
245.881256103515625 243.90625 238.9499969482421875 238.412506103515625 237.4499969482421875 229.600006103515625 218.7375030517578125 206.287506103515625 191.1875 176.131256103515625 167.975006103515625 158.4499969482421875 157.6875 148.087493896484375 140.3562469482421875 132.5124969482421875 125.8249969482421875 119.4187469482421875 115.36875152587890625 105.53125 101.25624847412109375 102.02500152587890625 98.6062469482421875 100.375 100.7312469482421875 96.09999847412109375 95.8312530517578125 99.0749969482421875 101.3000030517578125 100.44374847412109375 103.7375030517578125 100.3625030517578125 96.91249847412109375 95.59375 96.40000152587890625 99.36875152587890625 101.2937469482421875 103.7312469482421875 103.13124847412109375 102.4875030517578125 102.46875 103.0812530517578125 104.65625
237.399993896484375 237.5749969482421875 235.6437530517578125 235.375 234.3562469482421875 230.0500030517578125 219.0812530517578125 207.2375030517578125 194.4875030517578125 182.9812469482421875 168.274993896484375 152.5625 148.2062530517578125 140.899993896484375 133.8000030517578125 127.40000152587890625 118.59375 115.65625 112.19374847412109375 105.875 100.88124847412109375 95.4250030517578125 90.5500030517578125 92.3562469482421875 91.9250030517578125 91.31874847412109375 90.96875 93.0500030517578125 93.65000152587890625 93.6437530517578125 95.16249847412109375 92.13124847412109375 90.88124847412109375 89.3000030517578125 88.70000457763671875 92.30625152587890625 95.2312469482421875 98.01874542236328125 97.96875 99.9375 101.69374847412109375 100.4562530517578125 97.6999969482421875
233.6125030517578125 234.59375 231.649993896484375 232.9375 231.1687469482421875 227.1374969482421875 218.131256103515625 202.125 185.868743896484375 174.850006103515625 164.8000030517578125 152.2624969482421875 138.806243896484375 133.3562469482421875 124.06874847412109375 117.31874847412109375 112.33750152587890625 109.6687469482421875 106.3125 104.72499847412109375 102.75624847412109375 95.8937530517578125 87.3000030517578125 82.0124969482421875 85.8000030517578125 90.15625 90.33750152587890625 90.25624847412109375 87.49375152587890625 87.3937530517578125 87.5500030517578125 87.28125 86.83750152587890625 84.56874847412109375 85.11875152587890625 87.34999847412109375 90.2312469482421875 90.61875152587890625 95.11875152587890625 95.8937530517578125 95.1374969482421875 93.11875152587890625 92.78125
228.368743896484375 226.9812469482421875 225.024993896484375 227.037506103515625 226.96875 223.350006103515625 216.568756103515625 201.6125030517578125 182.850006103515625 166.756256103515625 155.3874969482421875 147.399993896484375 132.1875 124.0500030517578125 119.84375 111.25624847412109375 106.4499969482421875 103.8874969482421875 101.31874847412109375 101.40000152587890625 102.65000152587890625 97.21250152587890625 91.38124847412109375 84.40000152587890625 82.81874847412109375 80.22499847412109375 80.68125152587890625 82.4875030517578125 81.71250152587890625 81.0437469482421875 79.0187530517578125 78.8249969482421875 79.5124969482421875 79.3000030517578125 81.03749847412109375 84.3562469482421875 85.80625152587890625 88.97499847412109375 88.0437469482421875 89.1437530517578125 87.9562530517578125 87.9375 83.65000152587890625
216.21875 218.212493896484375 218.78125 217.7062530517578125 215.4562530517578125 212.6374969482421875 204.068756103515625 188.868743896484375 172.2937469482421875 160.8125 151.318756103515625 140.5437469482421875 131.493743896484375 115.4499969482421875 107.78125 104.7937469482421875 100.30625152587890625 98.9187469482421875 96.88124847412109375 95.25 94.5749969482421875 90 86.3562469482421875 81.4812469482421875 75.90000152587890625 73.5500030517578125 74.65625 76.65000152587890625 76.4499969482421875 75.0124969482421875 72.9499969482421875 70.625 72.68125152587890625 73.3312530517578125 74.71875 78.4875030517578125 82.8562469482421875 87.91249847412109375 91.0124969482421875 88.1999969482421875 83.8000030517578125 81.46250152587890625 74.61875152587890625
206.475006103515625 207.600006103515625 208.46875 206.306243896484375 202.78125 197.21875 188.53125 176.056243896484375 166.037506103515625 152.837493896484375 143.131256103515625 134.0812530517578125 122.61875152587890625 110.46250152587890625 96.78749847412109375 96.03125 91.28749847412109375 90.91249847412109375 88.2062530517578125 87.25 85.5812530517578125 83.00624847412109375 79.93125152587890625 76.93125152587890625 72.16249847412109375 69.0749969482421875 68.7687530517578125 68.3000030517578125 67.91249847412109375 66.9187469482421875 67.84375 66.83750152587890625 66.4812469482421875 67.1062469482421875 68.8625030517578125 75.00624847412109375 82.4187469482421875 90.2375030517578125 95.27500152587890625 91.8562469482421875 80.09375 72.96250152587890625 72.68125152587890625
199.4499969482421875 197.712493896484375 196.131256103515625 195.0749969482421875 189.5187530517578125 182.443756103515625 178.1750030517578125 166.568756103515625 155.4250030517578125 143.506256103515625 134.100006103515625 124.1999969482421875 115.2312469482421875 105.7687530517578125 89.5625 85.75624847412109375 82.34375 81.52500152587890625 79.84999847412109375 79.6437530517578125 79.63124847412109375 77.0124969482421875 74.375 73.69374847412109375 71.58750152587890625 69.4562530517578125 68.5 66.6687469482421875 66.47499847412109375 66.15625 63.81874847412109375 63.61875152587890625 65.71875 65.09999847412109375 63.518749237060546875 68.3000030517578125 79.46875 91.5749969482421875 97.2062530517578125 92.75 85.8000030517578125 81.1374969482421875 85.74375152587890625
188.0749969482421875 186.7062530517578125 185.774993896484375 182.21875 177.9499969482421875 174.431243896484375 164.931243896484375 154.756256103515625 145.3000030517578125 136.899993896484375 126.5437469482421875 117.7062530517578125 109.6374969482421875 100.71875 87.5625 73.08750152587890625 72.1875 73.09375 71.3625030517578125 71.83750152587890625 71.3625030517578125 70.8625030517578125 69.8000030517578125 72.6437530517578125 71.94374847412109375 69.5 66.8562469482421875 63.375 63.174999237060546875 63.22499847412109375 64.8937530517578125 62.081249237060546875 60.625 59.16249847412109375 58.43125152587890625 68.5749969482421875 77.9562530517578125 88.3562469482421875 95.81874847412109375 98.21250152587890625 95.80625152587890625 92.58750152587890625 90.7624969482421875
177.399993896484375 176.318756103515625 176.1062469482421875 174.274993896484375 171.243743896484375 163.21875 156.4499969482421875 147.2375030517578125 138.600006103515625 130.7062530517578125 121.6999969482421875 111.94374847412109375 102.8312530517578125 95.9250030517578125 89.13124847412109375 77.96250152587890625 67.2687530517578125 64.6125030517578125 66.63124847412109375 66.68125152587890625 65.8562469482421875 65.8562469482421875 67.1374969482421875 71.6437530517578125 73.3249969482421875 66.46250152587890625 61.25624847412109375 58.22499847412109375 59.237499237060546875 61.15625 63.15000152587890625 64.34375 62.43125152587890625 61.375 67.0124969482421875 73.46875 84.49375152587890625 98.2624969482421875 107.7687530517578125 101.38124847412109375 96.2624969482421875 91.74375152587890625 86.28125
167.337493896484375 168.881256103515625 166.8625030517578125 166.6374969482421875 163.3937530517578125 153.962493896484375 146.287506103515625 139.006256103515625 131.056243896484375 120.3874969482421875 112.4875030517578125 106.49375152587890625 98.50624847412109375 92.09375 87.5625 80.7687530517578125 71.22499847412109375 60.25624847412109375 63.36875152587890625 62.875 61.818752288818359375 61.28125 64.4499969482421875 67.97499847412109375 68.6687469482421875 61.918750762939453125 56.549999237060546875 54.91249847412109375 56.481250762939453125 57.112499237060546875 56.18125152587890625 56.706249237060546875 65.25624847412109375 68.7375030517578125 69.03749847412109375 78.65625 91.71875 101.06874847412109375 106.21875 102.15625 91.9812469482421875 87.15625 81.96875
158.0625 159.6750030517578125 156.2062530517578125 154.6125030517578125 153.4875030517578125 146.306243896484375 137.149993896484375 131.4499969482421875 125.05625152587890625 115.6062469482421875 107.86875152587890625 99.78125 93.63124847412109375 89.46875 82.46875 78.36875152587890625 72.31874847412109375 63.875 57.924999237060546875 56.46250152587890625 58.08750152587890625 61.97499847412109375 54.512500762939453125 58.674999237060546875 59.94374847412109375 58.34375 55.25624847412109375 52.706249237060546875 54.38124847412109375 55.887500762939453125 56.34375 58.21875 64.2687530517578125 65.9250030517578125 68.21875 76.09999847412109375 83.4375 89.6875 95.0437469482421875 90.3874969482421875 85.56874847412109375 79.72499847412109375 76.18125152587890625
