data/historical-monthly-weather-data/wc2.1_cruts4.09_10m_prec_2018-05.asc
ncols        45
nrows        45
xllcorner    -63.500000000000
yllcorner    -7.500000000000
cellsize     0.166666666667
NODATA_value -9999
[rows 0 to 19 of 45, columns 0 to 43 of 45]
357.34375 355.42498779296875 355.16876220703125 361.662506103515625 365.149993896484375 367.162506103515625 364.59375 364.181243896484375 362.54376220703125 363.79376220703125 362.61248779296875 356.693756103515625 352.75 349.5 344.08123779296875 340.65625 335.98126220703125 330.375 327.73126220703125 327.79998779296875 328.399993896484375 328.649993896484375 332.48126220703125 331.66876220703125 332.23126220703125 334.73126220703125 335.08123779296875 337.20623779296875 336.806243896484375 340.42498779296875 339.818756103515625 341.98126220703125 346.23748779296875 348.88751220703125 351.131256103515625 351.79998779296875 350.256256103515625 345.29376220703125 338.287506103515625 332.75 324.381256103515625 316.462493896484375 305.756256103515625 299.40625
355.26251220703125 350.67498779296875 353.85626220703125 361.53125 369.306243896484375 372.3125 369.787506103515625 369.618743896484375 369.73748779296875 367.3125 365.743743896484375 358.86248779296875 351.837493896484375 345.39373779296875 337.84375 331.15625 324.8125 318.131256103515625 317.17498779296875 317.45623779296875 318.274993896484375 319.975006103515625 321.625 323.300018310546875 323.26873779296875 323.38751220703125 325.98126220703125 328.162506103515625 329.36248779296875 331.431243896484375 331.774993896484375 338.15625 340.88751220703125 347.0625 349.45001220703125 344.337493896484375 343.524993896484375 338.15625 332.39373779296875 320.806243896484375 311.34375 306.368743896484375 295.23126220703125 283.95001220703125
345.993743896484375 344.256256103515625 349.70623779296875 355.337493896484375 360.087493896484375 364.54998779296875 367.024993896484375 370.5625 371.662506103515625 369.29376220703125 365.91876220703125 356.587493896484375 346.837493896484375 335.98126220703125 327.71875 321.287506103515625 312.8125 304.875 303.0625 303.58123779296875 304.35626220703125 307.71875 309.381256103515625 309.6875 309.07501220703125 311.40625 315.63751220703125 316.693756103515625 316.431243896484375 319.381256103515625 321.48126220703125 326.756256103515625 334.212493896484375 338.76251220703125 343.95623779296875 338.23126220703125 335.587493896484375 331.54376220703125 324.83123779296875 316.693756103515625 310.98748779296875 301.54998779296875 293.34375 282.993743896484375
331.92498779296875 327.868743896484375 338.98126220703125 343.26251220703125 347.79998779296875 351.89373779296875 356.70001220703125 364.162506103515625 370.743743896484375 370.274993896484375 363.568756103515625 352 337.725006103515625 325.38751220703125 316.193756103515625 307.899993896484375 298.16876220703125 290.79998779296875 288.368743896484375 290.86248779296875 295.75 297.21875 296.86248779296875 297.39373779296875 296.475006103515625 296.40625 301.287506103515625 300.84375 300.92498779296875 307.600006103515625 311.818756103515625 317.73126220703125 323.86248779296875 328.39373779296875 331.35626220703125 331.86248779296875 330.86248779296875 326.83123779296875 321.76251220703125 315.85626220703125 309.45623779296875 304.056243896484375 292.774993896484375 282.28125
338.73126220703125 330.306243896484375 323.23126220703125 325.91876220703125 331.850006103515625 335.48748779296875 342.818756103515625 353.04998779296875 365.037506103515625 369.162506103515625 357.756256103515625 340.681243896484375 328.274993896484375 316.306243896484375 306.3125 296.14373779296875 285.143768310546875 278.17498779296875 275.39373779296875 278.993743896484375 283.693756103515625 284.037506103515625 282.29376220703125 285.54376220703125 283.01873779296875 282.42498779296875 282.36248779296875 285.681243896484375 287.487518310546875 293.837493896484375 301.193756103515625 306.600006103515625 312.45623779296875 320.818756103515625 326.41876220703125 324.76251220703125 325.506256103515625 324.506256103515625 321.86248779296875 316.6875 313.15625 304.662506103515625 294.868743896484375 286.774993896484375
339.29998779296875 331.006256103515625 320.625 308.20623779296875 313.10626220703125 321.625 328.76873779296875 336.006256103515625 349.01873779296875 355.33123779296875 346.412506103515625 328.850006103515625 319.70623779296875 310.431243896484375 298.693756103515625 291.64373779296875 279.64373779296875 271.024993896484375 268.681243896484375 272.70623779296875 274.76873779296875 275.712493896484375 276.0625 273.881256103515625 272.162506103515625 271.193756103515625 271.774993896484375 273.256256103515625 276.868743896484375 284.76251220703125 293.16876220703125 301.51873779296875 308.412506103515625 317.21875 323.57501220703125 325.243743896484375 325.881256103515625 325.943756103515625 329.3125 326.600006103515625 321.837493896484375 315.756256103515625 306.543731689453125 299.48748779296875
342.556243896484375 331.9375 319.14373779296875 305.862518310546875 299.056243896484375 300.618743896484375 305.912506103515625 311.899993896484375 313.4375 320.25 319.89373779296875 311.90625 307.475006103515625 301.931243896484375 293.75 286.087493896484375 279.412506103515625 272.84375 268.48748779296875 271.149993896484375 269.587493896484375 267.506256103515625 263.756256103515625 263.306243896484375 262.493743896484375 263.537506103515625 262.84375 263.712493896484375 264.54998779296875 273.84375 284.17498779296875 291.70001220703125 298.787506103515625 308.76873779296875 317.92498779296875 323.274993896484375 324.45623779296875 326.5625 332.6875 335.131256103515625 330.881256103515625 323.92498779296875 316.57501220703125 312.743743896484375
344.256256103515625 331.88751220703125 317.20001220703125 304.86248779296875 295.83123779296875 296.100006103515625 290.774993896484375 279.881256103515625 272.54376220703125 281.725006103515625 293.40625 294.993743896484375 297.25 294.243743896484375 289.26251220703125 284.981231689453125 279.649993896484375 275.29376220703125 270.42498779296875 267.29376220703125 266.54998779296875 261.54998779296875 256.743743896484375 252.3249969482421875 252.774993896484375 248.8249969482421875 251.350006103515625 251.4562530517578125 253.274993896484375 263.54376220703125 274.54998779296875 283.03125 292.58123779296875 301.09375 308.618743896484375 313.743743896484375 318.4375 324.45001220703125 329.5 329.443756103515625 331.381256103515625 326.868743896484375 322.925018310546875 317.774993896484375
344.34375 331.51251220703125 318.04376220703125 303.443756103515625 291.993743896484375 289.181243896484375 282.850006103515625 273.431243896484375 260.59375 258.16876220703125 270.29376220703125 279.83123779296875 288.681243896484375 288.087493896484375 284.649993896484375 282.868743896484375 279.35626220703125 277.100006103515625 275.33123779296875 266.6875 258.756256103515625 255.8499908447265625 246.899993896484375 247.8874969482421875 243.024993896484375 238.15625 238.875 243.412506103515625 249.881256103515625 259.96875 274.21875 282.693756103515625 286.524993896484375 291.943756103515625 301.381256103515625 308.256256103515625 314.462493896484375 321.6875 330.07501220703125 330.01873779296875 329.34375 326.381256103515625 327.75 328.26251220703125
343.03125 331.54998779296875 317.712493896484375 304.087493896484375 289.068756103515625 285.32501220703125 279.78125 272.25 266.63751220703125 266.787506103515625 271.91876220703125 273.23748779296875 283.54998779296875 283.84375 282.8125 278.962493896484375 275.59375 273.568756103515625 272.88751220703125 268.9375 257.837493896484375 247.4875030517578125 239.0812530517578125 237.5124969482421875 230.600006103515625 226.037506103515625 227.6999969482421875 233.524993896484375 242.850006103515625 257.75 269.61248779296875 277.95623779296875 284.5 290.20623779296875 295.818756103515625 302.29998779296875 307.881256103515625 316.26251220703125 326.07501220703125 333.318756103515625 338.649993896484375 341.01873779296875 335.79998779296875 331.125
341.33123779296875 331.287506103515625 316.0625 302.524993896484375 287.274993896484375 284.04998779296875 279.181243896484375 270.350006103515625 267.29998779296875 270.375 276.14373779296875 280.60626220703125 279.16876220703125 281.524993896484375 277.89373779296875 273.10626220703125 269.943756103515625 269.106231689453125 268.08123779296875 267.068756103515625 263.662506103515625 248.712493896484375 234.9875030517578125 220.5625 219.4375 218.40625 221.4250030517578125 228.149993896484375 235.193756103515625 248.368743896484375 263.131256103515625 274.625 280.068756103515625 284.649993896484375 288.787506103515625 292.5 298.35626220703125 308.48748779296875 322.79998779296875 333.79998779296875 342.21875 343.975006103515625 346.91876220703125 339.03125
341.100006103515625 329.32501220703125 314.975006103515625 301.46875 287.993743896484375 281.46875 278.98126220703125 273.86248779296875 273.8125 273.475006103515625 278.337493896484375 284.48126220703125 277.04376220703125 275.89373779296875 274.006256103515625 267.175018310546875 263.506256103515625 262.443756103515625 262.431243896484375 264.868743896484375 264.4375 253.9250030517578125 238.46875 221.875 211.4625091552734375 205.84375 209.818756103515625 218.9875030517578125 230.6062469482421875 243.7062530517578125 254.9250030517578125 265.943756103515625 270.568756103515625 274.056243896484375 280.274993896484375 287.73748779296875 296.068756103515625 304.40625 316.493743896484375 328.92498779296875 340.86248779296875 343.837493896484375 341.362518310546875 323.725006103515625
341.693756103515625 327.17498779296875 312.21875 299.14373779296875 285.287506103515625 280.92498779296875 275.88751220703125 270.0625 271.337493896484375 275.131256103515625 279.131256103515625 281.76251220703125 277.587493896484375 264.943756103515625 260.34375 258.274993896484375 254.537506103515625 253.7687530517578125 253.4499969482421875 255.725006103515625 258.381256103515625 247.40625 233.1875 217.462493896484375 197.375 189.46875 201.375 214.037506103515625 228.725006103515625 242.962493896484375 251.9875030517578125 258.4375 260.806243896484375 262.26251220703125 268.64373779296875 279.46875 290.087493896484375 302.506256103515625 317.92498779296875 330.125 339.35626220703125 343.39373779296875 330.912506103515625 317.98126220703125
334.875 321.39373779296875 308.23126220703125 294.912506103515625 282.92498779296875 276.912506103515625 271.04376220703125 266.368743896484375 269.662506103515625 273.037506103515625 271.743743896484375 270.181243896484375 265.212493896484375 257.09375 243.7375030517578125 244.350006103515625 240.8125 238.6750030517578125 240.15625 242.7687530517578125 242.8312530517578125 234.40625 223.1875 211.96875 197.0625 188.7312469482421875 197.8625030517578125 209.1687469482421875 223.837493896484375 235.337493896484375 247.6062469482421875 252.381256103515625 253.568756103515625 254.431243896484375 258.41876220703125 272.61248779296875 288.375 304.84375 322.33123779296875 331.08123779296875 327.70623779296875 321.04998779296875 322.837493896484375 327.42498779296875
326.912506103515625 315.79376220703125 304.16876220703125 291.006256103515625 278.70001220703125 273.350006103515625 270.368743896484375 267.375 267.556243896484375 266.625 263.462493896484375 259.41876220703125 251.5124969482421875 242.4562530517578125 225.8562469482421875 224.8125 223.3874969482421875 224.4875030517578125 225.7687530517578125 227.100006103515625 227.9562530517578125 223.087493896484375 216.7312469482421875 214.5187530517578125 209.125 205.087493896484375 211.587493896484375 221.8125 233.024993896484375 241.5187530517578125 244.75 247.037506103515625 250.4250030517578125 246.087493896484375 243.850006103515625 255.306243896484375 283.100006103515625 307.35626220703125 321.587493896484375 324.375 318.48126220703125 319.818756103515625 331.443756103515625 333.806243896484375
317.90625 306.90625 297.837493896484375 286.82501220703125 274.5625 271.287506103515625 269.149993896484375 265.61248779296875 262.86248779296875 261.287506103515625 255.806243896484375 249.3249969482421875 240.443756103515625 232.337493896484375 218.774993896484375 204.875 206.6875 212.493743896484375 211.712493896484375 212.787506103515625 214.34375 215.399993896484375 215.125 220.006256103515625 219.524993896484375 217.2375030517578125 223.6999969482421875 231.78125 241.9187469482421875 250.4250030517578125 256.368743896484375 255.899993896484375 246.225006103515625 236.056243896484375 231.475006103515625 256.693756103515625 277.649993896484375 299.899993896484375 316.524993896484375 325.337493896484375 324.98126220703125 325.67498779296875 330.46875 325.506256103515625
310.70623779296875 300.96875 290.64373779296875 281.818756103515625 273.193756103515625 268.15625 264.600006103515625 260.318756103515625 258.337493896484375 255.243743896484375 250.056243896484375 244.0812530517578125 233.90625 223.993743896484375 213.350006103515625 202.568756103515625 190.8312530517578125 195.03125 197.9812469482421875 200.0187530517578125 202.756256103515625 205.2624969482421875 210.53125 223.131256103515625 230.462493896484375 224.3000030517578125 229.2375030517578125 238.587493896484375 248.9499969482421875 256.61248779296875 263.149993896484375 266.350006103515625 257.399993896484375 248.493743896484375 256.17498779296875 269.33123779296875 290.57501220703125 312.78125 334.212493896484375 333.712493896484375 329.89373779296875 326.17498779296875 321.23748779296875 320.29998779296875
300.90625 294.16876220703125 286.41876220703125 277.60626220703125 269.90625 267.79998779296875 262.899993896484375 257.20001220703125 252.587493896484375 248.8937530517578125 242.962493896484375 238.725006103515625 226.3125 217.8000030517578125 207.90625 198.681243896484375 187.8625030517578125 178.318756103515625 187.875 188.8249969482421875 191.6437530517578125 196.25 203.162506103515625 218.4187469482421875 229.912506103515625 229.056243896484375 231.125 243.100006103515625 254.8312530517578125 258.13751220703125 255.25 253.0625 264.98748779296875 268.5625 271.38751220703125 296.287506103515625 317.537506103515625 328.943756103515625 340.60626220703125 341.806243896484375 328.431243896484375 322.32501220703125 317.131256103515625 316.5625
290.98748779296875 285.931243896484375 278.787506103515625 273.61248779296875 268.306243896484375 264.57501220703125 260.83123779296875 256.443756103515625 250.6875 246.7687530517578125 238.2062530517578125 227.068756103515625 216.5187530517578125 208.818756103515625 199.806243896484375 192.96875 185.6500091552734375 174.1750030517578125 171.381256103515625 173.9375 178.6437530517578125 187.037506103515625 185.1125030517578125 203.1687469482421875 216.943756103515625 227.618743896484375 237.53125 244.993743896484375 256.79998779296875 259.399993896484375 259.431243896484375 264.631256103515625 274.34375 278.32501220703125 285.306243896484375 305.41876220703125 317.8125 325.125 336.61248779296875 333.068756103515625 322.48126220703125 314.056243896484375 312.79376220703125 315.51873779296875
279.95001220703125 276.71875 272.006256103515625 265.806243896484375 262.45001220703125 263.54376220703125 261.34375 256.556243896484375 249.75 241.8125 234.5500030517578125 227.1687469482421875 219.5437469482421875 208.0437469482421875 197.125 183.15625 171.6875 170.1999969482421875 166.475006103515625 166.6437530517578125 166.125 171.149993896484375 180.3249969482421875 193.943756103515625 205.5437469482421875 213.34375 227.3125 243.475006103515625 250.90625 250.8562469482421875 256.6875 275.774993896484375 281 282.837493896484375 293.16876220703125 308.625 319.493743896484375 326.71875 329.225006103515625 327.32501220703125 314.149993896484375 305.45001220703125 308.975006103515625 311.875
