data/historical-monthly-weather-data/wc2.1_cruts4.09_10m_prec_1990-10.asc
ncols        51
nrows        45
xllcorner    -63.500000000000
yllcorner    -7.500000000000
cellsize     0.166666666667
NODATA_value -9999
[rows 19 to 37 of 45, columns 0 to 43 of 51]
137.787506103515625 136.725006103515625 135.412506103515625 133.875 132.1875 131.03125 129.125 126.3125 123.43125152587890625 119.6062469482421875 114.02500152587890625 106.11875152587890625 98.28749847412109375 91.02500152587890625 85.83750152587890625 81.5500030517578125 76.4187469482421875 73.0749969482421875 70.47499847412109375 68.3249969482421875 64.26874542236328125 61.393749237060546875 60.28749847412109375 61.16249847412109375 60.94374847412109375 59.012500762939453125 56.9375 54.1875 49.668750762939453125 45.231250762939453125 42.456249237060546875 43.40625 42.28749847412109375 40.581249237060546875 38.362499237060546875 35.36875152587890625 33.38124847412109375 32.24375152587890625 31.412500381469726562 30.149999618530273438 28.549999237060546875 26.943750381469726562 24.5 22.268749237060546875
131.71875 132.625 133.1062469482421875 132.837493896484375 132.03125 131.2312469482421875 130.1875 127.90625 125.2937469482421875 120.88124847412109375 115.0437469482421875 106.7687530517578125 98.71875 90.7624969482421875 85.28749847412109375 80.3874969482421875 75.4812469482421875 71.84999847412109375 70.0812530517578125 67.8249969482421875 64.9875030517578125 62.5 60.331249237060546875 60.21250152587890625 59.918750762939453125 58.543750762939453125 56.99375152587890625 53.950000762939453125 50.924999237060546875 49.331249237060546875 48.643749237060546875 49.28749847412109375 47.6875 46.15625 44.72499847412109375 41.043750762939453125 37.34375 34.84375 33.049999237060546875 31.287500381469726562 29.462499618530273438 27.71875 25.493749618530273438 23.456249237060546875
126.125 129.100006103515625 130.787506103515625 131.475006103515625 131.712493896484375 131.84375 131.2624969482421875 129.8562469482421875 128.0749969482421875 123.27500152587890625 116.52500152587890625 108.03749847412109375 100.0187530517578125 92.99375152587890625 86.9812469482421875 82 77.6062469482421875 73.9875030517578125 71.5 69.19374847412109375 65.59999847412109375 62.84999847412109375 60.875 60.03125 58.831249237060546875 57.299999237060546875 56.71875 55.11875152587890625 53.74375152587890625 53.737499237060546875 54.24375152587890625 55.112499237060546875 53.00624847412109375 50.875 48.206249237060546875 44.74375152587890625 40.71875 37.268749237060546875 34.768749237060546875 32.68125152587890625 30.537500381469726562 28.618749618530273438 26.587499618530273438 24.487499237060546875
122.6750030517578125 127.7312469482421875 130.350006103515625 131.568756103515625 131.53125 131.96875 132.125 131.96875 131.8125 125.9187469482421875 118.3312530517578125 109.36875152587890625 102.0625 96 89.7624969482421875 84.3874969482421875 79.8249969482421875 76.46250152587890625 73.50624847412109375 70.68125152587890625 67.40000152587890625 64.1125030517578125 61.512500762939453125 60.1875 58.481250762939453125 56.21250152587890625 56.31874847412109375 56.456249237060546875 55.981250762939453125 57.325000762939453125 59.331249237060546875 61.05625152587890625 58.225002288818359375 55.24375152587890625 51.80625152587890625 47.893749237060546875 43.63124847412109375 39.456249237060546875 36.53749847412109375 34.5 32.262500762939453125 30.212499618530273438 28.037500381469726562 25.78125
121.80625152587890625 128.3249969482421875 132.149993896484375 132.34375 131.743743896484375 132.181243896484375 132.15625 132.4250030517578125 131.943756103515625 126.5437469482421875 118.7937469482421875 111.1062469482421875 104.6374969482421875 99.05625152587890625 93.16249847412109375 87.6875 83.1687469482421875 79.53749847412109375 76.2375030517578125 73.0187530517578125 69.7062530517578125 66.56874847412109375 63.28125 61.356250762939453125 59.06874847412109375 56.21250152587890625 55.9375 57.22499847412109375 58.549999237060546875 61.125 64.02500152587890625 66.19374847412109375 63.174999237060546875 59.450000762939453125 55.612499237060546875 51.50624847412109375 46.831249237060546875 42.09375 39.03749847412109375 36.543750762939453125 34.09999847412109375 32.00624847412109375 29.756250381469726562 27.34375
125.08124542236328125 131.193756103515625 134.96875 133.53125 132 131.9187469482421875 131.40625 130.5437469482421875 129.21875 125.34999847412109375 119.68125152587890625 113.33750152587890625 107.9499969482421875 103.0187530517578125 97.0500030517578125 91.7375030517578125 86.9250030517578125 83.09375 79.50624847412109375 76.11875152587890625 72.55625152587890625 68.7687530517578125 65.6062469482421875 63.18125152587890625 60.731250762939453125 58.56874847412109375 58.61875152587890625 59.93125152587890625 61.65000152587890625 64.8249969482421875 68.18125152587890625 70.34999847412109375 67.55625152587890625 63.481250762939453125 59.4375 54.6875 50.012500762939453125 45.481250762939453125 42.02500152587890625 39.299999237060546875 36.53749847412109375 34.268749237060546875 31.893749237060546875 29.587499618530273438
129.8312530517578125 134.28125 134.8562469482421875 133.8312530517578125 131.556243896484375 130.912506103515625 129.975006103515625 128.6125030517578125 127.4250030517578125 124.83750152587890625 119.71875 115.2624969482421875 110.8937530517578125 106.7062530517578125 101.28749847412109375 95.8874969482421875 91.15000152587890625 86.9250030517578125 83.19374847412109375 79.53125 75.8249969482421875 71.8312530517578125 68.4375 65.94374847412109375 63.575000762939453125 61.674999237060546875 62.293750762939453125 63.5 65.21875 68.7312469482421875 71.875 74.71875 71.8874969482421875 67.46250152587890625 63.34375 58.293750762939453125 53.3125 48.78125 45.3125 42.325000762939453125 39.36875152587890625 37.049999237060546875 34.481250762939453125 32.137500762939453125
135.087493896484375 135.8000030517578125 135.274993896484375 133.6750030517578125 131.34375 130.8125 129.568756103515625 128.068756103515625 126.44374847412109375 123.72499847412109375 120.71875 117.71875 114.6875 111.52500152587890625 106.1125030517578125 101.00624847412109375 95.86875152587890625 91.7624969482421875 87.65000152587890625 83.6750030517578125 79.9187469482421875 75.8000030517578125 72.1875 70.30625152587890625 67.8625030517578125 66.1062469482421875 66.86875152587890625 68.24375152587890625 70.18125152587890625 73.40000152587890625 76.9375 79.0500030517578125 75.7937469482421875 71.0124969482421875 66.11875152587890625 61.21250152587890625 56.418750762939453125 51.9375 48.743747711181640625 45.99375152587890625 43.0625 40.74375152587890625 38.1875 35.63124847412109375
139.6999969482421875 138.0437469482421875 136.3687591552734375 134.337493896484375 131.756256103515625 130.84375 129.8125 127.83750152587890625 126.09375 124.09999847412109375 121.5 119.7937469482421875 118.46875 115.94374847412109375 111.0625 106.08750152587890625 101.34999847412109375 96.56874847412109375 92.40000152587890625 88.55625152587890625 84.3874969482421875 80.15000152587890625 76.83750152587890625 74.65000152587890625 72.3562469482421875 70.8625030517578125 72.0625 73.75 75.3874969482421875 78.34999847412109375 81.31874847412109375 83.41249847412109375 79.5124969482421875 74.03749847412109375 69 63.981250762939453125 59.13124847412109375 55.16249847412109375 52.09999847412109375 49.7062530517578125 47.418750762939453125 44.90000152587890625 41.83750152587890625 39.424999237060546875
144.149993896484375 140.837493896484375 137.7624969482421875 135.431243896484375 132.6750030517578125 130.9562530517578125 129.225006103515625 127.44374847412109375 126.0437469482421875 124.8000030517578125 123.1999969482421875 122.5812530517578125 122.1062469482421875 120.5 116.24375152587890625 111.44374847412109375 107.0187530517578125 102.08750152587890625 97.56874847412109375 93.46875 89.03125 84.91249847412109375 81.4875030517578125 79.30625152587890625 77.11875152587890625 75.9250030517578125 77.36875152587890625 79.1750030517578125 81.3874969482421875 83.7624969482421875 85.9499969482421875 87.5625 83.0625 77.0749969482421875 71.56874847412109375 66.75 62.049999237060546875 57.94374847412109375 54.86875152587890625 52.612499237060546875 50.737499237060546875 48.15000152587890625 45.075000762939453125 43.21875
148.0124969482421875 144.0437469482421875 140.2937469482421875 136.712493896484375 133.8812408447265625 131.3625030517578125 129.6750030517578125 128.306243896484375 127.7062530517578125 126.50624847412109375 125.9375 125.68125152587890625 126.1999969482421875 125.5 121.75624847412109375 117.9187469482421875 113.4499969482421875 108.93125152587890625 104.02500152587890625 99.15000152587890625 94.97499847412109375 90.9562530517578125 87.33750152587890625 85.02500152587890625 83.3125 82.71250152587890625 84.1687469482421875 85.9250030517578125 87.68125152587890625 89.2312469482421875 90.8312530517578125 91.5625 86.65000152587890625 80.7937469482421875 75.0187530517578125 70.1687469482421875 65.40625 61.450000762939453125 57.700000762939453125 54.875 52.768749237060546875 51.27500152587890625 49.00624847412109375 47.81874847412109375
151.3249969482421875 146.6875 142.75 138.056243896484375 135.006256103515625 133.193756103515625 131.274993896484375 129.881256103515625 129.306243896484375 128.4812469482421875 128.725006103515625 129.5437469482421875 131.100006103515625 131.149993896484375 127.6875 124.5187530517578125 121.0625 115.9875030517578125 110.7375030517578125 105.80625152587890625 101.2937469482421875 97.3000030517578125 93.72499847412109375 91.53749847412109375 90.09375 89.46250152587890625 91.00624847412109375 92.77500152587890625 94.3000030517578125 94.83750152587890625 95.6999969482421875 95.53125 90.38124847412109375 84.58750152587890625 78.8249969482421875 73.5749969482421875 68.8937530517578125 64.9187469482421875 60.637500762939453125 56.174999237060546875 54.112499237060546875 53.793750762939453125 52.868747711181640625 51.77500152587890625
153.350006103515625 148.46875 143.6999969482421875 139.8000030517578125 137.618743896484375 134.6875 132.59375 131.2687530517578125 130.975006103515625 130.806243896484375 131.3312530517578125 133.256256103515625 135.09375 136.256256103515625 134.318756103515625 131.8312530517578125 128.3312530517578125 122.59375 117.75 112.61875152587890625 107.96250152587890625 103.84375 100.3312530517578125 98.1875 97.0625 96.44374847412109375 97.9875030517578125 99.84375 101.125 101 100.74375152587890625 99.43125152587890625 94.1999969482421875 88.61875152587890625 82.5187530517578125 77.34375 72.72499847412109375 68.5812530517578125 63.68125152587890625 59.46875 57.63124847412109375 57.731250762939453125 57.100002288818359375 56.543750762939453125
154.943756103515625 149.8874969482421875 145.4250030517578125 142.193756103515625 139.4437408447265625 136.5812530517578125 134.25 132.6374969482421875 132.4187469482421875 132.9187469482421875 135.868743896484375 137.943756103515625 141.0812530517578125 143.7062530517578125 142.274993896484375 139.875 136.306243896484375 130.712493896484375 125.43125152587890625 120.21250152587890625 115.4375 111.25 107.5124969482421875 105.875 104.8562469482421875 104.3562469482421875 105.8874969482421875 107.49375152587890625 108.7375030517578125 108.2937469482421875 107.0812530517578125 105.1374969482421875 99.02500152587890625 93.56874847412109375 88.2062530517578125 83.53749847412109375 78.53125 73.681243896484375 69.2624969482421875 66.46875 64.75 64.59999847412109375 64.2624969482421875 63.862499237060546875
155.2624969482421875 150.875 147.306243896484375 144.4562530517578125 140.975006103515625 138.3125 135.90625 134.256256103515625 133.5437469482421875 134.65625 137.4499969482421875 142.381256103515625 147.993743896484375 150.4187469482421875 150.125 148.03125 144.912506103515625 139.399993896484375 133.225006103515625 128.2312469482421875 123.30625152587890625 118.8937530517578125 115.13124847412109375 113.24375152587890625 112.7312469482421875 112.4562530517578125 113.6750030517578125 115.2375030517578125 116.6125030517578125 115.38124847412109375 113.71875 111.33750152587890625 105.5749969482421875 99.4499969482421875 94.4812469482421875 89.65625 84.34375 79.3625030517578125 75.9250030517578125 73.7375030517578125 71.72499847412109375 71.61875152587890625 71.9187469482421875 71.9250030517578125
155.5124969482421875 152.03125 148.34375 145.850006103515625 142.4875030517578125 139.8249969482421875 137.1999969482421875 135.6750030517578125 134.1062469482421875 135.3312530517578125 139.412506103515625 146.2624969482421875 154.024993896484375 158.8249969482421875 157.756256103515625 156.0749969482421875 153.506256103515625 147.8000030517578125 141.6374969482421875 135.9187469482421875 131.1875 126.41249847412109375 122.6125030517578125 120.6437530517578125 120.30625152587890625 120.24375152587890625 121.6999969482421875 123.625 124.90000152587890625 122.7687530517578125 120.1374969482421875 117.4375 111.7312469482421875 106.1687469482421875 100.78125 95.36875152587890625 89.94374847412109375 85.7062530517578125 82.78125 80.59375 78.77500152587890625 78.43125152587890625 78.9499969482421875 79.1437530517578125
155.78125 152.537506103515625 149.712493896484375 146.6750030517578125 143.65625 141.3125 138.350006103515625 136.1750030517578125 134.28125 134.8000030517578125 140.149993896484375 148.6875 158.462493896484375 164.212493896484375 164.4812469482421875 163.2375030517578125 160.8312530517578125 155.6062469482421875 149.693756103515625 143.818756103515625 139.306243896484375 134.90625 130.318756103515625 128.5812530517578125 128.0749969482421875 127.71875 128.96875 130.912506103515625 132.1062469482421875 129.975006103515625 126.90625 123.875 118.4375 113.59999847412109375 107.96875 102.30625152587890625 98.1875 93.74375152587890625 90.9250030517578125 88.6687469482421875 87.0749969482421875 86.88124847412109375 86.47499847412109375 86.96250152587890625
156.149993896484375 153.2687530517578125 150.693756103515625 148.024993896484375 145.2624969482421875 142.681243896484375 139.5812530517578125 136.9187469482421875 134.25 132.774993896484375 139.850006103515625 152.8625030517578125 162.1750030517578125 167.556243896484375 169.59375 169.71875 167.7312469482421875 162.993743896484375 156.975006103515625 151.037506103515625 146.5812530517578125 142.09375 138.1062469482421875 136.0812530517578125 135.2624969482421875 135.037506103515625 136.118743896484375 138.0749969482421875 139.631256103515625 137.131256103515625 134.0812530517578125 130.3000030517578125 125.96875 121.5 115.5500030517578125 110.9375 106.69374847412109375 102.8000030517578125 99.8937530517578125 97.28125 95.41249847412109375 94.40625 94.2937469482421875 94.9875030517578125
156.34375 153.912506103515625 151.506256103515625 149.21875 146.962493896484375 144.5187530517578125 142.46875 139.9875030517578125 137.8000030517578125 135.024993896484375 146.9562530517578125 160.524993896484375 167.71875 172.787506103515625 175.0437469482421875 175.7687530517578125 174.149993896484375 169.618743896484375 164.100006103515625 158.0124969482421875 153.3000030517578125 148.2937469482421875 144.350006103515625 142.2375030517578125 141.9187469482421875 141.8874969482421875 142.65625 144.6999969482421875 146.28125 143.9562530517578125 140.1062469482421875 136.75 133.0500030517578125 128.6750030517578125 123.7687530517578125 118.88124847412109375 115.34375 111.2937469482421875 108.93125152587890625 106.5 103.4812469482421875 102.7062530517578125 101.71875 101.71250152587890625
