data/historical-monthly-weather-data/wc2.1_cruts4.09_10m_prec_2016-07.asc
ncols        51
nrows        45
xllcorner    -63.500000000000
yllcorner    -7.500000000000
cellsize     0.166666666667
NODATA_value -9999
[rows 19 to 37 of 45, columns 0 to 42 of 51]
102.08750152587890625 103.5437469482421875 103.80625152587890625 104.13124847412109375 103.75 106.4187469482421875 103.8312530517578125 103.53749847412109375 103.3000030517578125 100.1062469482421875 97.88124847412109375 99.3937530517578125 97.9875030517578125 96.36875152587890625 91.84999847412109375 85.88124847412109375 82.90000152587890625 91.44374847412109375 88.03749847412109375 87.3625030517578125 83.2687530517578125 89.38750457763671875 99.58750152587890625 105.4875030517578125 106.77500152587890625 102.2624969482421875 100.74375152587890625 103.6750030517578125 102.5187530517578125 100.1062469482421875 104.03749847412109375 114.625 116.84999847412109375 118.27500152587890625 121.25 127.6687469482421875 130.3125 129.65625 125.8249969482421875 116.54999542236328125 102.7624969482421875 91.28749847412109375 85.7312469482421875
94.4375 101.75 106.25 104.41249847412109375 102.1750030517578125 104.3874969482421875 103.24375152587890625 103.21875 102.21250152587890625 100.5124969482421875 97.4250030517578125 98.88124847412109375 98.96250152587890625 96.4812469482421875 92.08750152587890625 87.80625152587890625 86.09375 87.6875 91.1999969482421875 87.2375030517578125 91.8249969482421875 97.1687469482421875 104.0437469482421875 110.9187469482421875 111.49375152587890625 105.36875152587890625 97.91875457763671875 99.5749969482421875 102.33750152587890625 102.72499847412109375 108.97499847412109375 115.34375 112.96875 115.52500152587890625 118.9562530517578125 123.34375 126.1374969482421875 123.05625152587890625 116.40000152587890625 107.22499847412109375 97.30625152587890625 89.9562530517578125 82.7312469482421875
93.52500152587890625 95.24375152587890625 101.0749969482421875 102.84999847412109375 102.8874969482421875 100.75 100.08750152587890625 99.9187469482421875 100.4250030517578125 99.38124847412109375 98.61875152587890625 97.1437530517578125 96.08750152587890625 98.0749969482421875 97.71875 93.52500152587890625 94.53749847412109375 93.88124847412109375 95.1125030517578125 94.75 93.83750152587890625 97.96875 104.22499847412109375 105.25 102.8874969482421875 99.125 100.8874969482421875 98.52500152587890625 104.375 108.8249969482421875 110.5812530517578125 111.8000030517578125 110.5500030517578125 111.2062530517578125 111.4875030517578125 116.8937530517578125 119.22499847412109375 116.9562530517578125 111.03749847412109375 103.40000152587890625 94.9875030517578125 88.6437530517578125 82.4499969482421875
92.1437530517578125 98.53749847412109375 102.15625 102.4250030517578125 101.66249847412109375 100.7312469482421875 95.00624847412109375 94.6374969482421875 96.875 100.46875 101.38124847412109375 100.15000152587890625 101.6062469482421875 102.03125 103.6687469482421875 103.36875152587890625 100.1437530517578125 96.9187469482421875 96.3249969482421875 97.97499847412109375 101.91249847412109375 101.875 103.5812530517578125 103.5749969482421875 104.38124847412109375 99.09375 96.78125 98.83750152587890625 100.80625152587890625 102.6062469482421875 104.2375030517578125 106.9812469482421875 105.1687469482421875 103.1999969482421875 105.1374969482421875 106.2312469482421875 109.91249847412109375 107.02500152587890625 104.4812469482421875 99.78749847412109375 93.03125 85.41249847412109375 79.9187469482421875
87.0187530517578125 95.71875 101.91249847412109375 101.40000152587890625 100.375 97.78749847412109375 97.59375 95.71250152587890625 95.3125 95.6437530517578125 97.875 103.34999847412109375 104.9562530517578125 107.11875152587890625 105.6125030517578125 104.9375 100.8312530517578125 100.9250030517578125 99.4250030517578125 102.5500030517578125 102.4875030517578125 105.59375 106.25624847412109375 108.88124847412109375 107.9499969482421875 101.3874969482421875 100.90000152587890625 96.8625030517578125 96.3937530517578125 97.0749969482421875 98.625 99.9250030517578125 96.5749969482421875 93.33750152587890625 97.5187530517578125 96.3625030517578125 100.5625 101.56874847412109375 99.3625030517578125 94.71250152587890625 89.6750030517578125 82.9187469482421875 78.16249847412109375
84.3625030517578125 93.91249847412109375 101.34999847412109375 101.90625 101.4375 97.65625 96.93125152587890625 95.7375030517578125 95.56874847412109375 98.2687530517578125 100.71250152587890625 100.65625 106.28125 107.63124847412109375 105.3562469482421875 102.1374969482421875 100.6687469482421875 101.71250152587890625 101.9812469482421875 103.1750030517578125 105.02500152587890625 106.53125 111.6437530517578125 110.9499969482421875 106.21875 104.83750152587890625 98.3249969482421875 93.9250030517578125 90.99375152587890625 91.0187530517578125 88.2312469482421875 86.66249847412109375 86.93125152587890625 85.4187469482421875 85.90000152587890625 88.0749969482421875 92.84375 93.18125152587890625 92.6750030517578125 90.0437469482421875 84.69374847412109375 80.1062469482421875 76.1062469482421875
86.46875 95.59375 97.83750152587890625 99.86875152587890625 99.21250152587890625 96.97499847412109375 96.11249542236328125 94.83750152587890625 93.83750152587890625 92.86875152587890625 99.6750030517578125 101.9187469482421875 102.4375 104.6062469482421875 103.7062530517578125 102.0437469482421875 99.75624847412109375 100.56874847412109375 101.84999847412109375 101.86875152587890625 106.58750152587890625 109.03125 113.4375 112.6437530517578125 106.7624969482421875 101.40000152587890625 96.5187530517578125 90.1875 84.6374969482421875 81.53125 78.40000152587890625 75.4250030517578125 74.34999847412109375 75.0437469482421875 78.41249847412109375 81.25624847412109375 85.1875 87.6750030517578125 87.1750030517578125 85.1062469482421875 82.81874847412109375 76.96250152587890625 72.4812469482421875
83.59999847412109375 88.7062530517578125 93.3937530517578125 96.11875152587890625 95.6125030517578125 94.90000152587890625 94.99375152587890625 93.31874847412109375 90.625 94.6875 99.4562530517578125 101.34375 102.25 101.6437530517578125 99.7375030517578125 100.4875030517578125 98.5500030517578125 97.36875152587890625 99.4250030517578125 101.16249847412109375 102.6875 105.71250152587890625 111.2687530517578125 112.9562530517578125 104.7312469482421875 95.7687530517578125 90.3000030517578125 85.06874847412109375 79.93125152587890625 73.7062530517578125 71.2312469482421875 65.78749847412109375 64.3249969482421875 68.72499847412109375 71.125 75.41249847412109375 76.99375152587890625 79.6374969482421875 80.3625030517578125 80.00624847412109375 79.72499847412109375 75.43125152587890625 70.3562469482421875
81 82.46250152587890625 86.61875152587890625 91.1437530517578125 91.4375 91.6687469482421875 92.02500152587890625 90.6062469482421875 90.61875152587890625 93.27500152587890625 96.0625 96.25624847412109375 97.34999847412109375 97.3874969482421875 95.0812530517578125 94.41249847412109375 93.75624847412109375 93.78749847412109375 93.06874847412109375 95.75 100.06874847412109375 101.7062530517578125 102.56874847412109375 103.56874847412109375 98.75 90.9562530517578125 85.3249969482421875 80.0625 74.9187469482421875 70.6062469482421875 66.5500030517578125 62.97499847412109375 61.72499847412109375 62.65000152587890625 65.4499969482421875 69 70.44374847412109375 73.38124847412109375 75.05625152587890625 76.9250030517578125 76.7312469482421875 75.38124847412109375 69.08750152587890625
77.13124847412109375 78.2687530517578125 83.0500030517578125 83.6062469482421875 85.69374847412109375 84.97499847412109375 85.0500030517578125 86.2687530517578125 86.5187530517578125 89.83750152587890625 91.6687469482421875 91.7937469482421875 93.03749847412109375 94.15625 92.25 91.0500030517578125 91.4375 88.91249847412109375 89.44374847412109375 91.66249847412109375 94.0749969482421875 95.3625030517578125 97.0437469482421875 95.4812469482421875 91.4250030517578125 85.34375 80.0500030517578125 75.0625 72.1750030517578125 68.06874847412109375 63.293750762939453125 60.125 58.450000762939453125 58.424999237060546875 60.55625152587890625 63.55625152587890625 65.3125 67.96875 69.5187530517578125 69.71250152587890625 71.6687469482421875 68.7937469482421875 65.11875152587890625
71.25624847412109375 74.15625 77.1374969482421875 77.84375 77.93125152587890625 78.4562530517578125 78.09375 80.9499969482421875 82.875 84.4499969482421875 86.30625152587890625 88.38124847412109375 89.43125152587890625 88.9499969482421875 87.55625152587890625 86.6062469482421875 85.3625030517578125 84.90625 83.96875 84.6374969482421875 87.5124969482421875 88.1750030517578125 89.6062469482421875 86.38124847412109375 83.3000030517578125 78.88124847412109375 73.75 69.8249969482421875 67.28749847412109375 63.33750152587890625 59.78125 56.487499237060546875 54.737499237060546875 54.83750152587890625 55.72499847412109375 57.606250762939453125 60.956249237060546875 62.043750762939453125 61.731250762939453125 62.41249847412109375 64.75 63.21250152587890625 60.24375152587890625
66.81874847412109375 68.8249969482421875 68.6062469482421875 71.5124969482421875 72.96875 74.2312469482421875 74.05625152587890625 75.3249969482421875 77.3562469482421875 79.44374847412109375 81.94374847412109375 83.02500152587890625 86.11875152587890625 83.94374847412109375 81.9187469482421875 81.7624969482421875 82.7624969482421875 79.56874847412109375 76.90625 79.18125152587890625 82.00624847412109375 82.4187469482421875 82.38124847412109375 78.06874847412109375 74.3562469482421875 72.90625 68.56874847412109375 63.91249847412109375 60.299999237060546875 58.09375 55.46250152587890625 53.53125 52.33750152587890625 52.5 52.78749847412109375 53.1875 54.99375152587890625 57.331249237060546875 55.793750762939453125 54.36875152587890625 55.56874847412109375 56.206249237060546875 54.237499237060546875
62.18125152587890625 61.231250762939453125 61.06874847412109375 62.487499237060546875 65.1062469482421875 67.3937530517578125 69.19374847412109375 70.09999847412109375 72.72499847412109375 73.6687469482421875 76.44374847412109375 79.3312530517578125 80.33750152587890625 81.5 80.1125030517578125 79.1999969482421875 78.5625 75.44374847412109375 72.02500152587890625 74.16249847412109375 74.625 75.375 74.3125 70.38124847412109375 68.5437469482421875 65.5625 62.15000152587890625 59.362499237060546875 54.96875 53.36875152587890625 52.299999237060546875 50.612499237060546875 49.16249847412109375 49.13124847412109375 49.6875 49.293750762939453125 50.94374847412109375 50.081249237060546875 49.018749237060546875 49.33750152587890625 50.15000152587890625 49.50624847412109375 47.924999237060546875
55.424999237060546875 54.08750152587890625 53.28125 54.237499237060546875 56.71875 58.99375152587890625 61.637500762939453125 63.549999237060546875 64.44374847412109375 67.90625 72.0625 73.19374847412109375 75.3562469482421875 78.1062469482421875 77.5 75.0124969482421875 72.52500152587890625 72.13124847412109375 70.4187469482421875 71.24375152587890625 70.5500030517578125 69.15000152587890625 66.8625030517578125 64.36875152587890625 63.34375 60.231250762939453125 58.06874847412109375 54.518749237060546875 51.862499237060546875 49.71250152587890625 48.49375152587890625 46.78749847412109375 44.825000762939453125 44.862499237060546875 45.93125152587890625 46.55625152587890625 45.674999237060546875 44.762500762939453125 44.1875 45.65625 46.27500152587890625 46.11875152587890625 43.450000762939453125
48.86875152587890625 47.950000762939453125 48.22499847412109375 49.18125152587890625 50.28125 51.05625152587890625 53.38124847412109375 54.33750152587890625 57.66249847412109375 59.75 63.950000762939453125 67.4499969482421875 71.0437469482421875 72.7624969482421875 72.24375152587890625 69.50624847412109375 68.3000030517578125 67.36875152587890625 65.8249969482421875 65.8249969482421875 65.71875 62.83750152587890625 61.88124847412109375 59.97499847412109375 57.38124847412109375 54.43125152587890625 52.481250762939453125 50.52500152587890625 48.075000762939453125 46.481250762939453125 45.31874847412109375 43.43125152587890625 41.581249237060546875 41.96875 42.50624847412109375 42.18125152587890625 40.55625152587890625 40.081249237060546875 40.78749847412109375 41.46250152587890625 42.362499237060546875 42.84999847412109375 42.25
43.31874847412109375 41.41249847412109375 42.88124847412109375 43.549999237060546875 45.03749847412109375 45.96250152587890625 46.950000762939453125 47.94374847412109375 49.125 51.59375 56.331249237060546875 61.793750762939453125 68.0625 71.15625 68.7687530517578125 66.375 64.58750152587890625 62.99375152587890625 62.481250762939453125 61.11875152587890625 60.58750152587890625 59.5 57.543750762939453125 55.424999237060546875 52.856250762939453125 49.856250762939453125 48.21250152587890625 46.46875 44.22499847412109375 40.9375 40.03749847412109375 39.887500762939453125 38.924999237060546875 38.799999237060546875 38.19374847412109375 37.731250762939453125 37.08750152587890625 37.424999237060546875 37.46250152587890625 37.331249237060546875 37.66249847412109375 37.40625 38.668750762939453125
37.09999847412109375 36.387500762939453125 38.043750762939453125 37.981250762939453125 39.018749237060546875 39.58750152587890625 40.65000152587890625 41.4375 42.52500152587890625 44.21875 48.606250762939453125 54.956249237060546875 62.725002288818359375 64.3625030517578125 64.06874847412109375 62.46875 61.362499237060546875 59.22499847412109375 57.375 56.36875152587890625 53.52500152587890625 53.83750152587890625 51.49375152587890625 49.262500762939453125 46.331249237060546875 45.44374847412109375 44.03125 42.58750152587890625 40.53125 37.862499237060546875 36.90000152587890625 37.06874847412109375 35.981250762939453125 35.924999237060546875 35.456249237060546875 34.387500762939453125 34.21250152587890625 34.125 34.956249237060546875 34.93125152587890625 34.268749237060546875 34.47499847412109375 34.049999237060546875
31.162500381469726562 31.431249618530273438 32.53125 32.34375 33.21250152587890625 34.481250762939453125 35.41249847412109375 36.02500152587890625 36.66249847412109375 36.94374847412109375 41.66249847412109375 48.625 54.825000762939453125 57.081249237060546875 58.206249237060546875 57.793750762939453125 56.61875152587890625 54.03749847412109375 52.106250762939453125 51.268749237060546875 48.424999237060546875 46.90625 45.25 44.15000152587890625 41.6875 40.55625152587890625 39.5625 38.049999237060546875 36.4375 35.237499237060546875 34.112499237060546875 33.41249847412109375 32.356250762939453125 32.325000762939453125 31.956249237060546875 30.700000762939453125 30.424999237060546875 31.456249237060546875 32.543750762939453125 32.02500152587890625 31.0625 31.206249237060546875 30.712499618530273438
25.46875 26.318750381469726562 26.649999618530273438 27.568750381469726562 28.381250381469726562 29.549999237060546875 30.587499618530273438 31.21875 32.21875 32.21875 39.168750762939453125 45.21875 48.90000152587890625 51.41249847412109375 53.237499237060546875 53.40000152587890625 51.15000152587890625 50.31874847412109375 47.74375152587890625 46.543750762939453125 44.637500762939453125 42.65625 40.3125 39.5 38.16249847412109375 36.987499237060546875 35.793750762939453125 34.58750152587890625 33.331249237060546875 31.850000381469726562 29.649999618530273438 29.5625 28.71875 28.881250381469726562 27.912500381469726562 26.65625 27.612501144409179688 28.306249618530273438 29.162500381469726562 29.018751144409179688 28.362499237060546875 29.212499618530273438 28.600000381469726562
