data/historical-monthly-weather-data/wc2.1_cruts4.09_10m_prec_2010-06.asc
ncols        45
nrows        45
xllcorner    -63.500000000000
yllcorner    -7.500000000000
cellsize     0.166666666667
NODATA_value -9999
[rows 0 to 18 of 45, columns 0 to 43 of 45]
189.649993896484375 180.806243896484375 177.068756103515625 179.8562469482421875 180.5187530517578125 185.318756103515625 187.037506103515625 187.8937530517578125 187.600006103515625 194.024993896484375 202.524993896484375 209.943756103515625 217.993743896484375 223.6125030517578125 229.037506103515625 235.8249969482421875 240.087493896484375 242.2062530517578125 243.4562530517578125 247.068756103515625 252.1125030517578125 248.90625 246.9499969482421875 241.53125 237.837493896484375 235.4187469482421875 236.193756103515625 239.068756103515625 234.9250030517578125 228.931243896484375 217.9187469482421875 213.087493896484375 210.681243896484375 204.024993896484375 198.256256103515625 194.318756103515625 190.0187530517578125 187.506256103515625 182.4375 179.7687530517578125 179.993743896484375 185.03125 183.625 184.600006103515625
187.2312469482421875 178.3312530517578125 178.056243896484375 179.0625 182.0500030517578125 186.787506103515625 188.5187530517578125 189.256256103515625 194.068756103515625 200.568756103515625 207.225006103515625 213.181243896484375 215.431243896484375 219.15625 222.5437469482421875 227.149993896484375 229.131256103515625 229.6125030517578125 231.3125 236.7624969482421875 240.0437469482421875 237.5625 237.556243896484375 234.3874969482421875 230.4250030517578125 226.625 227.2375030517578125 226.8625030517578125 223 212.8874969482421875 205.5625 204.350006103515625 199.587493896484375 194.568756103515625 190.1750030517578125 183.1875 179.7687530517578125 176.006256103515625 171.6437530517578125 169.78125 172.287506103515625 169.568756103515625 173.2937469482421875 174.2687530517578125
184.4375 181.3562469482421875 181.506256103515625 180.1374969482421875 184.006256103515625 190.725006103515625 194.3562469482421875 200.4375 205.850006103515625 211.7687530517578125 215.71875 217.5124969482421875 219.6687469482421875 217.193756103515625 217.6999969482421875 219.7312469482421875 218.6687469482421875 218.5124969482421875 219.587493896484375 222.1374969482421875 225.568756103515625 228.2687530517578125 227.5437469482421875 228.6125030517578125 221.818756103515625 216.9250030517578125 220.837493896484375 218 210.850006103515625 206.46875 197.443756103515625 192.662506103515625 187.5187530517578125 184.09375 177.6687469482421875 167.4499969482421875 165.8937530517578125 164.8562469482421875 161.75 160.9499969482421875 165.1437530517578125 164.9812469482421875 166.587493896484375 166.475006103515625
180.8625030517578125 175.5437469482421875 179.8625030517578125 182.625 184.7312469482421875 191.5187530517578125 198.9375 206.5812530517578125 215.09375 222.25 223.100006103515625 221.024993896484375 218.2624969482421875 213.568756103515625 213.118743896484375 213.125 208.131256103515625 207.8812408447265625 207.962493896484375 215.6750030517578125 217.056243896484375 214.46875 215.524993896484375 218.493743896484375 211.962493896484375 207.71875 208.399993896484375 203.1687469482421875 199.8249969482421875 196.3125 189.712493896484375 182.3625030517578125 176.993743896484375 169.3562469482421875 163.274993896484375 161.9187469482421875 160.6999969482421875 157.337493896484375 154.225006103515625 153.868743896484375 156.9187469482421875 160.7312469482421875 162.1437530517578125 161.537506103515625
191.1437530517578125 184.03125 177.6374969482421875 182.28125 189.712493896484375 193.7687530517578125 201.6750030517578125 213.412506103515625 226.118743896484375 233.9812469482421875 233.256256103515625 222.4187469482421875 217.725006103515625 212.6875 208.0500030517578125 205.6750030517578125 201.712493896484375 196.03125 194.6999969482421875 199.350006103515625 200.34375 201.4562530517578125 203.618743896484375 205.375 199.78125 197.162506103515625 194.9375 195.125 192.162506103515625 184.8562469482421875 181.3312530517578125 176.587493896484375 169.4875030517578125 163.5500030517578125 160.243743896484375 154.975006103515625 153.131256103515625 152.193756103515625 148.337493896484375 146.4875030517578125 150.0749969482421875 153.7687530517578125 156.7937469482421875 159.5749969482421875
191.0500030517578125 187.993743896484375 182.8874969482421875 175.3125 185.3625030517578125 197.7937469482421875 203.6437530517578125 213.056243896484375 228.59375 237.681243896484375 231.8937530517578125 221.056243896484375 216 210.3312530517578125 202.7375030517578125 199.0812530517578125 193.056243896484375 187.256256103515625 187.899993896484375 189.7312469482421875 193.1125030517578125 193.4875030517578125 194.34375 191.524993896484375 190.318756103515625 189.006256103515625 184.90625 184.9250030517578125 182.774993896484375 176.4875030517578125 175.5437469482421875 171.756256103515625 167.962493896484375 161.131256103515625 154.1687469482421875 154.868743896484375 150.59375 144.5 144.6374969482421875 148.1687469482421875 148.693756103515625 153.7062530517578125 154.8125 156.90625
195.3625030517578125 190.6750030517578125 186.649993896484375 182.71875 180.662506103515625 184.9187469482421875 190.90625 205 212.8562469482421875 220.7062530517578125 220.2062530517578125 212.743743896484375 210.618743896484375 207.212493896484375 199.899993896484375 194.34375 189.787506103515625 184.006256103515625 179.587493896484375 181.5749969482421875 179.850006103515625 181 180.75 181.1750030517578125 184.243743896484375 183.0500030517578125 178.375 175.9499969482421875 173.6437530517578125 174.53125 169.287506103515625 163.287506103515625 158.6875 156.40625 155.100006103515625 151.7375030517578125 144.4875030517578125 141.4250030517578125 141.037506103515625 145.537506103515625 146.1750030517578125 149.53125 153.118743896484375 155.3937530517578125
197.0749969482421875 189.15625 186.068756103515625 187.506256103515625 186.056243896484375 192.75 189.2937469482421875 186.881256103515625 186.0187530517578125 196.243743896484375 202.899993896484375 202.7937469482421875 203.3562469482421875 200.4187469482421875 197.40625 191.75 183.6062469482421875 178.524993896484375 173.3625030517578125 169.1374969482421875 176.556243896484375 174.9562530517578125 173.381256103515625 173.1999969482421875 176.0437469482421875 172.96875 169.6875 167.2687530517578125 165.3000030517578125 162.431243896484375 164.6750030517578125 158.8625030517578125 155.681243896484375 152.318756103515625 147.006256103515625 143.34375 139.7062530517578125 137.03125 133.931243896484375 134.568756103515625 137.4499969482421875 143.743743896484375 143.837493896484375 143.375
195.774993896484375 190.318756103515625 185.212493896484375 184.5437469482421875 185.0437469482421875 186.625 190.100006103515625 191.287506103515625 183.287506103515625 180.09375 183.7687530517578125 187.631256103515625 194.6374969482421875 193.9375 191.8125 185.225006103515625 183.7375030517578125 181.1875 178.03125 170.931243896484375 166.412506103515625 172.100006103515625 166.193756103515625 170.9375 169.3125 167.2312469482421875 164.1374969482421875 163.712493896484375 165.568756103515625 162.181243896484375 165.0124969482421875 153.162506103515625 144.350006103515625 140.1125030517578125 139.6750030517578125 141.774993896484375 141.056243896484375 140.625 137.600006103515625 134.8874969482421875 134.118743896484375 134.131256103515625 139.975006103515625 139.1062469482421875
194.5749969482421875 190.2624969482421875 186.006256103515625 185.118743896484375 184.875 185.243743896484375 187.225006103515625 185.1062469482421875 184.2687530517578125 182.506256103515625 180.225006103515625 175.149993896484375 183.90625 186.8562469482421875 186.6125030517578125 183.806243896484375 179.7375030517578125 183.181243896484375 181.1374969482421875 177.9437408447265625 169.9250030517578125 166.8249969482421875 159.2624969482421875 160.90625 158.0124969482421875 159.462493896484375 157.6125030517578125 155.7937469482421875 154.5437469482421875 155.96875 156.6062469482421875 149.024993896484375 144.7062530517578125 141.587493896484375 137.774993896484375 138.1750030517578125 139.912506103515625 141.75 140.9375 143.0812530517578125 144.493743896484375 143.8874969482421875 138.5500030517578125 131.6374969482421875
195.7312469482421875 190.149993896484375 185.8000030517578125 183.5812530517578125 181.40625 183.9375 181.368743896484375 179.375 180.875 181.306243896484375 181.40625 177.256256103515625 175.5562591552734375 179.3312530517578125 178.818756103515625 177.868743896484375 175.524993896484375 175.006256103515625 177.431243896484375 180.7687530517578125 182.837493896484375 174.3625030517578125 159.912506103515625 145.693756103515625 149.125 158.306243896484375 158.118743896484375 153.3125 148.75 148.3937530517578125 148.5437469482421875 144.40625 142.4499969482421875 140.6999969482421875 138.625 136.412506103515625 138.4250030517578125 138.8625030517578125 144.006256103515625 144.618743896484375 145.006256103515625 141.6437530517578125 139.524993896484375 128.09375
192.2375030517578125 187.8125 186.350006103515625 181.4875030517578125 179.96875 179.181243896484375 181.243743896484375 180.8249969482421875 181.318756103515625 176.7375030517578125 179.2062530517578125 177.4375 168.3125 171.3312530517578125 175.96875 174.350006103515625 172.2062530517578125 173.412506103515625 177.8562469482421875 188.0812530517578125 191.3249969482421875 184.71875 168.4375 149.03125 146.09375 147.5124969482421875 145.024993896484375 144.1875 144.1374969482421875 142.1687469482421875 136.7624969482421875 136.9812469482421875 136.75 133.28125 134.5187530517578125 137.4250030517578125 141.7375030517578125 143.7687530517578125 141.7375030517578125 146.4812469482421875 147.631256103515625 142.9812469482421875 130.8249969482421875 112.6750030517578125
192.2937469482421875 186.7375030517578125 183.712493896484375 179.100006103515625 178.5437469482421875 176.03125 176.524993896484375 176.618743896484375 174.618743896484375 173.181243896484375 174 174.2312469482421875 170.9499969482421875 161.899993896484375 162.743743896484375 165.21875 165.2624969482421875 169.1062469482421875 168.09375 176.5187530517578125 183.3000030517578125 178.1125030517578125 166.9375 151.3562469482421875 138.65625 137.1687469482421875 138.443756103515625 139.100006103515625 140.6125030517578125 141.2937469482421875 135.0187530517578125 130.3125 133.162506103515625 128.6437530517578125 129.587493896484375 134.71875 143.1750030517578125 148.34375 155.850006103515625 155.7937469482421875 149.75 142.4437408447265625 123.6437530517578125 108.59999847412109375
190.2375030517578125 185.1687469482421875 180.943756103515625 177.037506103515625 173.3125 172.375 170.943756103515625 172.4187469482421875 172.412506103515625 169.46875 169.1125030517578125 165.681243896484375 164.28125 159.3937530517578125 149.868743896484375 155.4250030517578125 154.9375 156.2624969482421875 157.8249969482421875 164.15625 169.006256103515625 165.1999969482421875 157.368743896484375 149.2624969482421875 141.068756103515625 134.6999969482421875 131.8249969482421875 130.3249969482421875 131.09375 131.118743896484375 130.881256103515625 128.399993896484375 128.4875030517578125 129.1999969482421875 127.15625 138.03125 150.9499969482421875 161.3125 169.506256103515625 166.0124969482421875 146.21875 132.318756103515625 126.7375030517578125 126.3937530517578125
183.1750030517578125 178.756256103515625 176.8937530517578125 174.4875030517578125 170.537506103515625 169.3125 169.28125 168.6999969482421875 167.9250030517578125 166.306243896484375 164.131256103515625 161.4812469482421875 159.0749969482421875 152.5500030517578125 141.162506103515625 144.506256103515625 145.5 149.931243896484375 148.087493896484375 152.1687469482421875 157.912506103515625 156.03125 153.399993896484375 149.1750030517578125 146.9375 141.8874969482421875 139.0124969482421875 136.0187530517578125 137.3125 132.256256103515625 126.4562530517578125 126.7375030517578125 132.2375030517578125 128.1062469482421875 122.28125 126.6437530517578125 147.375 168.4875030517578125 173.662506103515625 165.712493896484375 155.71875 148.662506103515625 147.8562469482421875 136.7312469482421875
178.350006103515625 172.412506103515625 170.90625 167.131256103515625 166.8312530517578125 166.5500030517578125 165.337493896484375 163.4875030517578125 165.024993896484375 166.662506103515625 164.149993896484375 160.3625030517578125 157.6437530517578125 151.443756103515625 142.0187530517578125 129.8312530517578125 134.0437469482421875 141.274993896484375 139.9250030517578125 143.131256103515625 147.0625 147.8312530517578125 149.412506103515625 150.40625 149.0812530517578125 144.912506103515625 139.875 138.4499969482421875 137.274993896484375 138.0500030517578125 134.5124969482421875 129.806243896484375 124.03125 118.25624847412109375 113.7312469482421875 133.6750030517578125 144.131256103515625 159.0124969482421875 170.2375030517578125 174.3625030517578125 173.975006103515625 167.9499969482421875 156.3125 139.556243896484375
171.912506103515625 167.693756103515625 164.350006103515625 163.875 163.368743896484375 164.0124969482421875 162.8312530517578125 162.225006103515625 160.0500030517578125 159.943756103515625 160.818756103515625 158.649993896484375 153.256256103515625 147.399993896484375 143.6437530517578125 132.9187469482421875 120.1750030517578125 125.7375030517578125 130.506256103515625 132.4187469482421875 134.3249969482421875 138.84375 141.6437530517578125 148.3562469482421875 147.631256103515625 139.3562469482421875 135.056243896484375 133.28125 137.100006103515625 139.225006103515625 139.4812469482421875 138.2687530517578125 132.6125030517578125 131.774993896484375 140.0437469482421875 148.350006103515625 161.756256103515625 173.5187530517578125 183.818756103515625 177.5124969482421875 176.8312530517578125 165.943756103515625 149.587493896484375 137.90625
163.631256103515625 160.5187530517578125 160.53125 160.350006103515625 160.5500030517578125 163.149993896484375 161.28125 160.037506103515625 157.9562530517578125 154.9375 153.4562530517578125 154.0187530517578125 147.9499969482421875 143.368743896484375 141.868743896484375 134.7375030517578125 122.6125030517578125 111.4562530517578125 123.6374969482421875 121.625 123.21250152587890625 127.4187469482421875 134.9187469482421875 140.4250030517578125 143.3249969482421875 135.7312469482421875 129.3125 133.412506103515625 136.4562530517578125 135.625 129.6750030517578125 124.7624969482421875 141.8625030517578125 146.087493896484375 149.6125030517578125 174.587493896484375 185.1125030517578125 181.3249969482421875 183.0062408447265625 179.1062469482421875 163.2312469482421875 149.5124969482421875 136.7375030517578125 128.9187469482421875
156.2687530517578125 155.5187530517578125 155.84375 156.8000030517578125 158.1125030517578125 158.368743896484375 157.6437530517578125 156.100006103515625 155.6875 154.6374969482421875 151.9187469482421875 145.1750030517578125 140.756256103515625 138.3937530517578125 134.5187530517578125 129.84375 126.40625 112.84999847412109375 107.91249847412109375 108.3562469482421875 114.3937530517578125 122.78125 117.6875 126.93125152587890625 130.306243896484375 134.1750030517578125 133.306243896484375 130.625 136.462493896484375 135.3625030517578125 131.631256103515625 133.4499969482421875 142.6875 145.09375 154.40625 172.381256103515625 175.8312530517578125 170.756256103515625 171.100006103515625 162.1437530517578125 148.59375 132.4187469482421875 125.3625030517578125 121.8000030517578125
