data/historical-monthly-weather-data/wc2.1_cruts4.09_10m_prec_1951-08.asc
ncols        51
nrows        45
xllcorner    -63.500000000000
yllcorner    -7.500000000000
cellsize     0.166666666667
NODATA_value -9999
[rows 19 to 37 of 45, columns 0 to 42 of 51]
76.05625152587890625 76.0500030517578125 74.625 73.69374847412109375 71.9187469482421875 70.31874847412109375 67.9499969482421875 65.3000030517578125 64.49375152587890625 62.63124847412109375 59.893749237060546875 54.63124847412109375 47.53125 40.887500762939453125 35.88124847412109375 31.15625 26.018749237060546875 24.418750762939453125 24.018749237060546875 25.043750762939453125 25.512500762939453125 27.356250762939453125 31.362501144409179688 34.856250762939453125 37.393749237060546875 38.46875 38.84999847412109375 37.950000762939453125 35.981250762939453125 32.83750152587890625 32.112499237060546875 36.91249847412109375 39.90000152587890625 43.325000762939453125 47.13124847412109375 49.74375152587890625 51.38124847412109375 52.706249237060546875 51.956249237060546875 49.3125 44.875 41.50624847412109375 39.0625
67.9875030517578125 69.86875152587890625 70.0500030517578125 69.38124847412109375 67 65.4875030517578125 64.1125030517578125 62.34999847412109375 61.96875 60.36875152587890625 58.393749237060546875 54.450000762939453125 47.71875 41.237499237060546875 35.66249847412109375 30.918750762939453125 26.506250381469726562 23.975000381469726562 24.1875 24.637500762939453125 26.71875 29.549999237060546875 32.799999237060546875 36.450000762939453125 39.981250762939453125 40.44374847412109375 38.93125152587890625 37.887500762939453125 36.90625 36.737499237060546875 37.674999237060546875 40.6875 41.831249237060546875 43.356250762939453125 46.53125 48.65000152587890625 51 52.09375 50.725002288818359375 48.47499847412109375 44.53125 41.737499237060546875 39.53749847412109375
62.674999237060546875 63.706249237060546875 64.4187469482421875 64.81874847412109375 63.6875 61.90625 61.325000762939453125 59.293750762939453125 59.47499847412109375 58.0625 57.49375152587890625 55.799999237060546875 52.50624847412109375 46.575000762939453125 40.19374847412109375 33.799999237060546875 30.087499618530273438 27.693750381469726562 27.118749618530273438 27.399999618530273438 27.943750381469726562 30.21875 33.55625152587890625 36.768749237060546875 39.237499237060546875 40.40625 41.987499237060546875 40.71250152587890625 40.262500762939453125 40.143749237060546875 40.81874847412109375 42.268749237060546875 42.706249237060546875 43.700000762939453125 44.331249237060546875 46.293750762939453125 49.34999847412109375 51.4375 50.543750762939453125 47.99375152587890625 44.33750152587890625 41.512500762939453125 38.65000152587890625
57.793750762939453125 60.793750762939453125 62.18125152587890625 61.84375 61.21250152587890625 59.799999237060546875 57.8125 55.77500152587890625 56.862499237060546875 57.75624847412109375 58.9375 59.075000762939453125 58.22499847412109375 53.125 45.331249237060546875 38.1875 33.012500762939453125 30.5625 29.5625 29.200000762939453125 29.975000381469726562 32.137500762939453125 34.90625 36.21250152587890625 39.30625152587890625 41.71875 43.15625 43.34999847412109375 42.33750152587890625 41.41249847412109375 41.856250762939453125 43.375 43.25 42.56874847412109375 42.012500762939453125 41.93125152587890625 44.83750152587890625 49.012500762939453125 49.49375152587890625 46.75624847412109375 43.84375 40.668750762939453125 37.94374847412109375
54.325000762939453125 58.09999847412109375 60.106250762939453125 58.65625 57.52500152587890625 56.706249237060546875 56.043750762939453125 55.424999237060546875 55 56.8125 58.84375 61.90625 62.91249847412109375 57.793750762939453125 49.893749237060546875 42.61875152587890625 37.25 34.28125 32.6875 32.21250152587890625 32.91249847412109375 34.59375 36.27500152587890625 38.206249237060546875 40.424999237060546875 41.875 44.21250152587890625 43.481250762939453125 43.081249237060546875 43.03125 43.80625152587890625 44.74375152587890625 44.11875152587890625 41.96875 40.49375152587890625 39.36875152587890625 41.293750762939453125 45.174999237060546875 46.237499237060546875 44.15625 41.53749847412109375 39.043750762939453125 36.53125
52.09999847412109375 55.58750152587890625 57.24375152587890625 57.18125152587890625 56.543750762939453125 55.5 54.46875 54.21875 54.94374847412109375 56.81874847412109375 58.25624847412109375 60.46875 61.674999237060546875 58.424999237060546875 51.99375152587890625 45.762500762939453125 40.768749237060546875 37.575000762939453125 35.65000152587890625 34.96250152587890625 35.575000762939453125 36.606250762939453125 37.96250152587890625 39.58750152587890625 40.78749847412109375 42.825000762939453125 43.575000762939453125 43.299999237060546875 43.18125152587890625 43.75 44.424999237060546875 45.0625 44.081249237060546875 42.43125152587890625 40.424999237060546875 38.94374847412109375 40.081249237060546875 41.262500762939453125 41.956249237060546875 41.049999237060546875 39.08750152587890625 37.418750762939453125 35.47499847412109375
51.25624847412109375 54.44374847412109375 54.52500152587890625 55.24375152587890625 54.03125 53.3125 52.674999237060546875 53.21875 53.231250762939453125 54.25 55.94374847412109375 57.93125152587890625 59.075000762939453125 56.69374847412109375 52.33750152587890625 46.90000152587890625 42.71250152587890625 40.05625152587890625 37.793750762939453125 37.28125 37.90625 38.424999237060546875 39.825000762939453125 40.424999237060546875 41.200000762939453125 42.53125 43.481250762939453125 43.375 43.68125152587890625 44.674999237060546875 45.237499237060546875 45.91249847412109375 44.08750152587890625 41.981250762939453125 39.712497711181640625 38.899997711181640625 38.91249847412109375 38.49375152587890625 39.08750152587890625 37.93125152587890625 36.69374847412109375 35.44374847412109375 34.3125
50.731250762939453125 52.487499237060546875 53.09375 53.27500152587890625 52.55625152587890625 52.018749237060546875 52.24375152587890625 52.03125 51.65000152587890625 53.43125152587890625 55.325000762939453125 56.05625152587890625 56.887500762939453125 55.78749847412109375 52.674999237060546875 48.25 44.84999847412109375 42.1875 40.456249237060546875 39.125 38.950000762939453125 39.762500762939453125 40.424999237060546875 41.5625 42.15625 42.27500152587890625 43.700000762939453125 43.94374847412109375 44.049999237060546875 44.543750762939453125 45.643749237060546875 45.63124847412109375 43.893749237060546875 41.5 38.637500762939453125 37.69374847412109375 36.612499237060546875 36.06874847412109375 35.81874847412109375 34.83750152587890625 33.799999237060546875 33.106250762939453125 33.137500762939453125
51.081249237060546875 50.418750762939453125 51.137500762939453125 51.518749237060546875 51.47499847412109375 50.58750152587890625 50.768749237060546875 50.86875152587890625 51.231250762939453125 52.518749237060546875 53.15000152587890625 53.887500762939453125 54.96250152587890625 55.206249237060546875 52.200000762939453125 48.950000762939453125 46.52500152587890625 44.106250762939453125 42.43125152587890625 40.875 40.668750762939453125 40.25624847412109375 41.47499847412109375 42.24375152587890625 42.40625 42.00624847412109375 43.41249847412109375 44.22499847412109375 44.72499847412109375 45.268749237060546875 45.59999847412109375 45.25 43.174999237060546875 40.049999237060546875 37.75624847412109375 36.09375 34.47499847412109375 33.55625152587890625 33.512500762939453125 33.018749237060546875 32.043750762939453125 32.00624847412109375 32.21250152587890625
49.8125 49.9375 49.793750762939453125 50.15000152587890625 49.24375152587890625 48.756252288818359375 48.450000762939453125 48.149997711181640625 49.84999847412109375 50.456249237060546875 51.15000152587890625 51.981250762939453125 53.137500762939453125 54.125 52.05625152587890625 49.518749237060546875 47.981250762939453125 46.05625152587890625 44.325000762939453125 42.93125152587890625 42.40000152587890625 41.825000762939453125 42.393749237060546875 42.450000762939453125 42.75624847412109375 42.012500762939453125 43.53125 44.25624847412109375 44.65000152587890625 45.00624847412109375 44.99375152587890625 44.799999237060546875 41.762500762939453125 38.18125152587890625 35.799999237060546875 34.768749237060546875 33.43125152587890625 32.418750762939453125 32.34999847412109375 31.543750762939453125 30.112499237060546875 30.331249237060546875 31.137500762939453125
49.00624847412109375 49.27500152587890625 48.90000152587890625 48.03749847412109375 47.59999847412109375 47.481250762939453125 47.081249237060546875 47.706249237060546875 48.63124847412109375 48.96875 50.012500762939453125 51.27500152587890625 52.424999237060546875 53.231250762939453125 51.893749237060546875 50.06874847412109375 48.450000762939453125 47.63124847412109375 46.96875 44.75 43.862499237060546875 43.81874847412109375 44.24375152587890625 43.893749237060546875 43.518749237060546875 43.606250762939453125 44.075000762939453125 44.58750152587890625 44.06874847412109375 43.83750152587890625 43.78125 43.5625 40.47499847412109375 37.3125 34.924999237060546875 33.387500762939453125 32.91249847412109375 32.09999847412109375 31.5625 31.493749618530273438 30.825000762939453125 30.725000381469726562 30.443750381469726562
48.11875152587890625 47.700000762939453125 46.512500762939453125 46.375 47.174999237060546875 46.787502288818359375 46.768749237060546875 46.68125152587890625 47.1875 47.606250762939453125 48.237499237060546875 50.5625 52.668750762939453125 53.53749847412109375 51.706249237060546875 50.375 50.106250762939453125 49.49375152587890625 49.174999237060546875 47.5625 46.30625152587890625 44.831249237060546875 44.737499237060546875 44.362499237060546875 43.80625152587890625 44.106250762939453125 43.81874847412109375 44.47499847412109375 44.38124847412109375 43.93125152587890625 43.637500762939453125 42.63124847412109375 39.293750762939453125 36.34999847412109375 34.52500152587890625 32.8125 32.08750152587890625 31.3125 31.481250762939453125 32.00624847412109375 31.299999237060546875 30.043750762939453125 29.181249618530273438
46.84999847412109375 46.418750762939453125 45.22499847412109375 44.91249847412109375 45.9375 45.71875 45.55625152587890625 44.99375152587890625 45.762500762939453125 46.50624847412109375 47.28125 49.25 50.799999237060546875 52.412502288818359375 51.668750762939453125 52.106250762939453125 51.66249847412109375 50.84375 49.83750152587890625 48.706249237060546875 47.65625 47.143749237060546875 45.97499847412109375 44.46250152587890625 44.11875152587890625 44.09375 43.84999847412109375 44.456249237060546875 44.03125 43.02500152587890625 42.674999237060546875 41.15000152587890625 38.08750152587890625 35.5625 32.825000762939453125 31.049999237060546875 30.337499618530273438 29.743749618530273438 30.081249237060546875 30.549999237060546875 29.831251144409179688 28.512500762939453125 28.100000381469726562
44.40000152587890625 43.65625 43.018749237060546875 43.206249237060546875 43.36875152587890625 43.106250762939453125 43.59375 43.6875 44.16249847412109375 45.47499847412109375 47.46875 48.668750762939453125 50.02500152587890625 52.38124847412109375 52.168750762939453125 53.106250762939453125 53.05625152587890625 52.612499237060546875 51.40000152587890625 50.168750762939453125 49.012500762939453125 48.075000762939453125 47.08750152587890625 46.71875 46.174999237060546875 45.293750762939453125 44.962497711181640625 44.018749237060546875 43.75624847412109375 42.231250762939453125 41.55625152587890625 39.72499847412109375 36.762500762939453125 34.018749237060546875 31.5 29.731250762939453125 28.881250381469726562 28.012500762939453125 28.112499237060546875 28.318750381469726562 27.412500381469726562 26.5625 26.018749237060546875
41.862499237060546875 41.71875 41.1875 41.91249847412109375 40.77500152587890625 41.15625 42.15000152587890625 42.52500152587890625 43.03749847412109375 44.05625152587890625 45.61875152587890625 47.606250762939453125 49.9375 50.69374847412109375 51.80625152587890625 52.40625 53.549999237060546875 52.668750762939453125 51.28749847412109375 50.575000762939453125 49.793750762939453125 48.9375 48.34375 47.40625 47.25624847412109375 46.625 45.84375 44.33750152587890625 44.27500152587890625 42.700000762939453125 41.174999237060546875 38.831249237060546875 35.34999847412109375 32.200000762939453125 29.96875 28.28125 27.293750762939453125 26.137500762939453125 26.024999618530273438 25.59375 25.262500762939453125 24.731248855590820312 24.037500381469726562
40.106250762939453125 39.72499847412109375 39.63124847412109375 39.47499847412109375 39.206249237060546875 39.74375152587890625 40.575000762939453125 41.22499847412109375 41.200000762939453125 42.65000152587890625 44.22499847412109375 46.90625 48.59999847412109375 50.65625 51.93125152587890625 53.33750152587890625 54.537502288818359375 53.50624847412109375 52.09999847412109375 51.40000152587890625 50.831249237060546875 49.762500762939453125 48.61875152587890625 48.200000762939453125 47.625 47.356250762939453125 46.262500762939453125 44.737499237060546875 44.53125 42.80625152587890625 40.106250762939453125 37.143749237060546875 33.78749847412109375 30.481250762939453125 28.100000381469726562 26.431249618530273438 24.943750381469726562 24.112499237060546875 23.96875 23.4375 22.693750381469726562 22.1875 21.806249618530273438
39.518749237060546875 39.28749847412109375 38.84375 38.52500152587890625 38.512500762939453125 38.549999237060546875 39.05625152587890625 39.19374847412109375 39.674999237060546875 41.34999847412109375 43.8125 46.06874847412109375 48.8125 50.956249237060546875 52.700000762939453125 54.84375 55.643749237060546875 55.31874847412109375 53.27500152587890625 52.28125 52.00624847412109375 52.03125 50.66249847412109375 50.22499847412109375 49.15000152587890625 48.181247711181640625 46.637500762939453125 46.1875 44.737499237060546875 42.143749237060546875 39.168750762939453125 36.112499237060546875 31.868749618530273438 29.09375 26.481250762939453125 24.431249618530273438 23.506250381469726562 22.6875 22.125 21.893749237060546875 21.231250762939453125 21.137500762939453125 20.337499618530273438
37.987499237060546875 37.72499847412109375 37.25624847412109375 37.28749847412109375 37.38124847412109375 37.69374847412109375 38.231250762939453125 38.850002288818359375 38.97499847412109375 39.856250762939453125 43.674999237060546875 47.65625 50.762500762939453125 52.50624847412109375 54.862499237060546875 56.15625 57.018749237060546875 56.206249237060546875 54.71250152587890625 53.13124847412109375 52.9375 53.075000762939453125 52.08750152587890625 51.8125 51.075000762939453125 49.143749237060546875 47.93125152587890625 46.856250762939453125 44.28749847412109375 41.40000152587890625 38.543750762939453125 34.90625 31.024999618530273438 27.668750762939453125 25.0625 23.274999618530273438 22.337499618530273438 21.700000762939453125 21.018749237060546875 20.768749237060546875 20.012500762939453125 19.881250381469726562 19.09375
36.65000152587890625 36.612499237060546875 35.9375 36.53125 36.91249847412109375 37.13124847412109375 37.674999237060546875 38.19374847412109375 39.231250762939453125 40.081249237060546875 46.47499847412109375 50.924999237060546875 52.5 54.96250152587890625 57.59375 58.581249237060546875 58.625 57.00624847412109375 56.549999237060546875 54.84375 54.481250762939453125 53.856250762939453125 53.125 52.78749847412109375 52.137500762939453125 50.90000152587890625 49.581249237060546875 48.25624847412109375 45.90000152587890625 42.18125152587890625 38.21875 35 31.306249618530273438 26.987499237060546875 23.981250762939453125 22.049999237060546875 21.643749237060546875 21.174999237060546875 20.6875 20.381250381469726562 18.924999237060546875 18.356250762939453125 17.793750762939453125
