data/historical-monthly-weather-data/wc2.1_cruts4.09_10m_prec_2016-05.asc
ncols        51
nrows        45
xllcorner    -63.500000000000
yllcorner    -7.500000000000
cellsize     0.166666666667
NODATA_value -9999
[rows 19 to 37 of 45, columns 0 to 43 of 51]
166.8625030517578125 163.256256103515625 161.7687530517578125 159.9375 159.774993896484375 161.8937530517578125 161.943756103515625 159.431243896484375 149.7687530517578125 138.5187530517578125 128.3937530517578125 121.875 115.90625 108.44374847412109375 104.25 98.7312469482421875 94.53125 96.8000030517578125 97.93125152587890625 101.22499847412109375 103.5124969482421875 109.25624847412109375 117.21875 124.8000030517578125 130.5124969482421875 133.868743896484375 141.0749969482421875 149.662506103515625 153.2937469482421875 154.5500030517578125 159.6999969482421875 173.2062530517578125 178.6125030517578125 181.9812469482421875 189.912506103515625 195.2687530517578125 196.40625 195.524993896484375 193.6374969482421875 189.475006103515625 179.2062530517578125 172.868743896484375 173.712493896484375 174.537506103515625
168.75 172.875 174.6437530517578125 173.3874969482421875 171.6750030517578125 172.818756103515625 171.087493896484375 166.162506103515625 156.024993896484375 143.3562469482421875 132.3000030517578125 125.9562530517578125 118.2937469482421875 111.15625 105.7687530517578125 102.0749969482421875 96.96250152587890625 96.68125152587890625 99.53125 100.88124847412109375 107.1374969482421875 112.8249969482421875 118.46250152587890625 125.80625152587890625 132.59375 136.443756103515625 139.7375030517578125 146.5 153.2937469482421875 159.3625030517578125 167.306243896484375 177.125 178 180.318756103515625 185.9375 190.8312530517578125 193.53125 193.568756103515625 190.4250030517578125 184.774993896484375 179.4499969482421875 173.5500030517578125 170.84375 172.4250030517578125
175.4375 176.1125030517578125 181.90625 186.493743896484375 185.5250091552734375 181.537506103515625 177.6687469482421875 171.5187530517578125 161.65625 149.6374969482421875 137.962493896484375 130.0187530517578125 121.83750152587890625 114.0749969482421875 110.5625 105.53125 105.41249847412109375 103.75624847412109375 105.5437469482421875 105.6125030517578125 107.05625152587890625 111.53749847412109375 116.6750030517578125 122.22499847412109375 126.65625 133.024993896484375 142.118743896484375 148.8000030517578125 159.5812530517578125 167.3249969482421875 172.6125030517578125 177.4250030517578125 181.125 185.3000030517578125 186.9499969482421875 188.4499969482421875 191.5187530517578125 191.8249969482421875 188.5749969482421875 183.6062469482421875 179.537506103515625 174.243743896484375 170.96875 170.6125030517578125
181.46875 189.9375 195.4499969482421875 200.399993896484375 199.4187469482421875 191.8874969482421875 179.212493896484375 171.53125 165.9187469482421875 154.962493896484375 142.350006103515625 133.8000030517578125 127.49375152587890625 119.8312530517578125 115.93125152587890625 111.78125 109.28749847412109375 108.22499847412109375 108.1062469482421875 108.03125 110.0812530517578125 110.88124847412109375 114.30625152587890625 119.49375152587890625 126.66249847412109375 132.5625 139.6999969482421875 150.1875 161.5 168.6062469482421875 173.006256103515625 180.462493896484375 186.068756103515625 188.756256103515625 191.2687530517578125 187.125 186.912506103515625 189.1999969482421875 189.681243896484375 184.818756103515625 179.40625 174.743743896484375 170.818756103515625 169.4499969482421875
183.256256103515625 195.25 202.587493896484375 204.2624969482421875 201.443756103515625 192.25 186.625 177.6374969482421875 168.524993896484375 157.4499969482421875 146.943756103515625 141.375 134.09375 127.40625 121.7687530517578125 116.93125152587890625 113.56874847412109375 112.7687530517578125 112.5 112.36875152587890625 112.03125 112.91875457763671875 114.49375152587890625 121.74375152587890625 127.3937530517578125 131.2312469482421875 140.006256103515625 150.9499969482421875 163.53125 174.3937530517578125 183.8874969482421875 192.7624969482421875 198.443756103515625 199.618743896484375 200.0500030517578125 192.6374969482421875 194.4187469482421875 194.1374969482421875 192.087493896484375 187.837493896484375 181.5812530517578125 177.90625 174.3874969482421875 170.6999969482421875
188.5500030517578125 202.7375030517578125 207.2312469482421875 210.1374969482421875 207.4250030517578125 199.6875 189.34375 181.53125 172.09375 162.8125 152.28125 145.274993896484375 139.8937530517578125 132.6875 126.18125152587890625 121.7312469482421875 119.18125152587890625 117.28125 115.4562530517578125 114.73749542236328125 115.56874847412109375 115.11249542236328125 117.27500152587890625 123.5625 129.0437469482421875 136.8937530517578125 145.8937530517578125 157.693756103515625 170.056243896484375 184.3562469482421875 195.350006103515625 209.493743896484375 214.0187530517578125 213.9562530517578125 209.056243896484375 203.1125030517578125 202.1875 197.350006103515625 194.1125030517578125 189.962493896484375 184.8562469482421875 179.568756103515625 175.6875 169.8874969482421875
198.256256103515625 214.8312530517578125 212.7312469482421875 212.9375 206.256256103515625 198.375 188.875 181.5 170.931243896484375 160.5187530517578125 155 149.818756103515625 142.59375 135.9499969482421875 131.975006103515625 126.99375152587890625 123.88124847412109375 121.41249847412109375 118.89374542236328125 116.96250152587890625 117.6875 117.25624847412109375 119.3312530517578125 124.24375152587890625 131.837493896484375 139.587493896484375 152.4875030517578125 164.8125 177.1374969482421875 192.462493896484375 208.46875 229.1750030517578125 234.3562469482421875 227.5187530517578125 219.6750030517578125 214.0812530517578125 208.28125 203.5187530517578125 195.475006103515625 190.4812469482421875 186.1687469482421875 179.1875 172.9375 169.0625
203.0500030517578125 211.787506103515625 212.7312469482421875 210.712493896484375 204.306243896484375 197.568756103515625 188.774993896484375 179.3874969482421875 170.868743896484375 166.087493896484375 159.65625 152.6437530517578125 146.9375 141.087493896484375 136.649993896484375 132.5437469482421875 127.8937530517578125 124.2624969482421875 123.96875 121.40000152587890625 120.71875 120.8625030517578125 122.7624969482421875 129.868743896484375 137.3937530517578125 145.6687469482421875 158.524993896484375 171.100006103515625 184.6062469482421875 198.193756103515625 217.3562469482421875 238.2375030517578125 247.84375 237.024993896484375 225.993743896484375 218.8000030517578125 215.7687530517578125 208.59375 200.412506103515625 195.1437530517578125 189.618743896484375 182.34375 175.850006103515625 169.537506103515625
208.7062530517578125 212.587493896484375 211.4187469482421875 206.2062530517578125 201.3249969482421875 196.506256103515625 189.5812530517578125 179.84375 173.4187469482421875 168.7937469482421875 161.993743896484375 155.1062469482421875 149.7687530517578125 143.7937469482421875 140.25 134.6125030517578125 131.381256103515625 130.193756103515625 129.631256103515625 127.4875030517578125 126.56874847412109375 125.59999847412109375 128.6187591552734375 135.03125 143.0124969482421875 150.3249969482421875 163.587493896484375 176.256256103515625 190.4375 204.34375 221.350006103515625 238.931243896484375 244.65625 237.3249969482421875 230.962493896484375 224.3249969482421875 218.84375 214.8625030517578125 208.4375 200.3249969482421875 192.975006103515625 187.118743896484375 180.4187469482421875 174.649993896484375
210.1437530517578125 212.193756103515625 207.881256103515625 202.8249969482421875 197.756256103515625 190.0187530517578125 183 178.5 175.875 169.524993896484375 163.649993896484375 158.3125 152.6062469482421875 148.462493896484375 145.9499969482421875 142.475006103515625 138.6875 136.3000030517578125 134.7062530517578125 132.837493896484375 132.068756103515625 130.8000030517578125 132.6750030517578125 138.8249969482421875 146.412506103515625 152.3625030517578125 165.681243896484375 179.943756103515625 193.806243896484375 205.8249969482421875 220.725006103515625 233.056243896484375 236.1062469482421875 232.774993896484375 231.46875 226.662506103515625 223.1125030517578125 217.962493896484375 211.6875 203.5749969482421875 193.21875 185.318756103515625 182.2062530517578125 180.46875
208.556243896484375 207.712493896484375 201.4499969482421875 194 188.7937469482421875 185.1062469482421875 179.774993896484375 178.1437530517578125 174.8000030517578125 168.399993896484375 164.40625 160.5187530517578125 156.399993896484375 153.625 151.5500030517578125 148.78125 145.3125 145.162506103515625 142.712493896484375 139.1875 138.412506103515625 138.1875 139.318756103515625 144.2062530517578125 149.3562469482421875 158.056243896484375 168.3874969482421875 178.993743896484375 191.6374969482421875 202.8125 215.631256103515625 224.568756103515625 227.71875 228.4562530517578125 229.1687469482421875 224.725006103515625 226.818756103515625 223.7312469482421875 216.556243896484375 213.1875 206.3249969482421875 196.868743896484375 189.15625 183.4375
205.9562530517578125 202.037506103515625 194.4124908447265625 189.4187469482421875 185.8249969482421875 182.1750030517578125 179.8125 176.412506103515625 173.743743896484375 169.84375 166.46875 162.46875 161.375 157.181243896484375 155.818756103515625 154.975006103515625 153.0812530517578125 151.5749969482421875 150.068756103515625 148.024993896484375 145.1125030517578125 143.6125030517578125 144.4812469482421875 147.368743896484375 151.9875030517578125 161.3312530517578125 169.962493896484375 178.40625 189.806243896484375 198.524993896484375 210.03125 215.850006103515625 219.1687469482421875 221.9749908447265625 223.4937591552734375 220.431243896484375 223.65625 225.725006103515625 223.243743896484375 218.8249969482421875 216.399993896484375 205.975006103515625 196.9562530517578125 187.7062530517578125
197.850006103515625 192.1374969482421875 186.4875030517578125 183.625 182.537506103515625 178.4250030517578125 178.9875030517578125 174.1125030517578125 171.71875 168.2624969482421875 165.618743896484375 161.943756103515625 161.2687530517578125 160.493743896484375 159.443756103515625 159.912506103515625 156.462493896484375 154.787506103515625 153.524993896484375 152.1062469482421875 148.53125 147.1999969482421875 147.1999969482421875 150.6062469482421875 157.225006103515625 163.368743896484375 171.1687469482421875 177.5437469482421875 185.037506103515625 193.368743896484375 199.462493896484375 205.5749969482421875 208.4875030517578125 212.1374969482421875 216.1999969482421875 215.962493896484375 219.2687530517578125 223.743743896484375 221.78125 223.4250030517578125 221.5749969482421875 212.931243896484375 204.681243896484375 198.662506103515625
183.1875 179.506256103515625 175.34375 174.9250030517578125 173.125 171.1062469482421875 172.274993896484375 170.71875 169.1062469482421875 167.8562469482421875 168.9499969482421875 166.381256103515625 165.8625030517578125 166.6437530517578125 165.193756103515625 163.4187469482421875 160.5625 160.931243896484375 157.8249969482421875 156.125 152.100006103515625 151.40625 150.1750030517578125 154.256256103515625 159.412506103515625 165.1687469482421875 170.4812469482421875 176.368743896484375 180.9499969482421875 186.3562469482421875 191.7937469482421875 195.6374969482421875 197.1500091552734375 203.8937530517578125 207.3937530517578125 211.3562469482421875 212.4000091552734375 217.2312469482421875 216.443756103515625 221.287506103515625 220.100006103515625 215.6437530517578125 209.7312469482421875 206.65625
168.8125 165.5124969482421875 165.2312469482421875 165.493743896484375 166.375 165.443756103515625 166.71875 166.462493896484375 165.0687408447265625 164.5500030517578125 165.881256103515625 167.756256103515625 167.40625 167.274993896484375 167.7375030517578125 168.0187530517578125 166.3625030517578125 165.6125030517578125 161.09375 157.787506103515625 155.9875030517578125 155.40625 154.056243896484375 155.818756103515625 160.3000030517578125 163.943756103515625 167.568756103515625 171.649993896484375 176.8125 180.368743896484375 183.96875 186.3562469482421875 188.8937530517578125 192.725006103515625 197.7687530517578125 201.0625 204.8125 206.368743896484375 209.7624969482421875 213.3125 213.225006103515625 213.368743896484375 213.0124969482421875 211.993743896484375
153.787506103515625 151.8874969482421875 153.649993896484375 156.243743896484375 158.5437469482421875 159.3000030517578125 159.274993896484375 160.962493896484375 157.8562469482421875 158.806243896484375 162.5625 166.149993896484375 170.225006103515625 173.1750030517578125 173.181243896484375 172.5812530517578125 170.2937469482421875 169.256256103515625 164.787506103515625 159.3937530517578125 157.587493896484375 155.568756103515625 155.2937469482421875 156.100006103515625 158.837493896484375 161.568756103515625 166.274993896484375 170.212493896484375 173.7624969482421875 176.53125 177.3249969482421875 178.212493896484375 178.625 182.912506103515625 182.662506103515625 187.2687530517578125 189.193756103515625 197.068756103515625 200.649993896484375 203.131256103515625 204.53125 203.8125 205.15625 207.850006103515625
140.4250030517578125 140.3562469482421875 141.1750030517578125 143.243743896484375 144.9562530517578125 146.125 145.993743896484375 148.412506103515625 147.6999969482421875 148.2062530517578125 152.9499969482421875 162.2937469482421875 171.1437530517578125 175.087493896484375 176.756256103515625 175.53125 173.09375 169.625 166.8000030517578125 161.15625 159.318756103515625 157.2937469482421875 156.0625 156.7312469482421875 157.7687530517578125 158.9187469482421875 164.5875091552734375 168.1750030517578125 168.9250030517578125 170.1062469482421875 170.662506103515625 170.493743896484375 170.0124969482421875 169.7937469482421875 170.399993896484375 173.024993896484375 180.4562530517578125 182.9812469482421875 186.6062469482421875 192.3562469482421875 193.212493896484375 196.0749969482421875 196.46875 199.46875
128.3562469482421875 129.4812469482421875 130.3687591552734375 132.3312530517578125 134.7062530517578125 135.056243896484375 135.8125 136.368743896484375 136.743743896484375 135.568756103515625 147.881256103515625 166.1437530517578125 175.412506103515625 179.3937530517578125 179.9875030517578125 178.3937530517578125 174.3874969482421875 170.15625 167.0625 160.46875 159.274993896484375 157.4187469482421875 154.8625030517578125 154.7687530517578125 155.3625030517578125 157.475006103515625 160.8562469482421875 163.15625 163.5749969482421875 164.537506103515625 165.15625 165.1750030517578125 163.3312530517578125 160.1999969482421875 160.743743896484375 164.881256103515625 169.4875030517578125 173.462493896484375 175.475006103515625 178.368743896484375 179.443756103515625 180.475006103515625 186.0812530517578125 190.6062469482421875
117.40000152587890625 118.53749847412109375 120.9812469482421875 122.6125030517578125 125.8625030517578125 127.36875152587890625 128.6437530517578125 129 131.2062530517578125 131.9875030517578125 155.1687469482421875 175.34375 181.9562530517578125 185.8249969482421875 184.59375 181.7687530517578125 176.8125 172.962493896484375 167.5437469482421875 162.368743896484375 158.3625030517578125 156.3625030517578125 153.818756103515625 152.9812469482421875 152.71875 153.631256103515625 154.5812530517578125 159.5812530517578125 160.8000030517578125 159.59375 158.2312469482421875 157.818756103515625 156.6750030517578125 152.149993896484375 149.5 153.3000030517578125 158.993743896484375 161.881256103515625 166.506256103515625 167.2312469482421875 168.837493896484375 170.9499969482421875 171.4812469482421875 173.318756103515625
