data/historical-monthly-weather-data/wc2.1_cruts4.09_10m_prec_1996-02.asc
ncols        51
nrows        45
xllcorner    -63.500000000000
yllcorner    -7.500000000000
cellsize     0.166666666667
NODATA_value -9999
[rows 0 to 19 of 45, columns 0 to 44 of 51]
275.962493896484375 277.524993896484375 271.662506103515625 269.82501220703125 264.181243896484375 262.08123779296875 257.26873779296875 248.243743896484375 237.7624969482421875 231.5437469482421875 230.6875 226.2375030517578125 220.274993896484375 206.9499969482421875 195.1687469482421875 183.8312530517578125 174.100006103515625 162.1374969482421875 155.0062408447265625 149.162506103515625 147.15625 145.7312469482421875 145.912506103515625 146.15625 147.118743896484375 148.600006103515625 150.806243896484375 153.212493896484375 155.943756103515625 157.443756103515625 159.5187530517578125 161.962493896484375 163.6875 165.8562469482421875 168.7375030517578125 171.9562530517578125 173.7062530517578125 174.9875030517578125 177.0812530517578125 177.7312469482421875 179.375 180.787506103515625 180.8000030517578125 183.3562469482421875 184.024993896484375
287.743743896484375 289.91876220703125 288.79998779296875 285.993743896484375 284.23126220703125 286.04376220703125 283.287506103515625 281.25 276.662506103515625 270.806243896484375 265.875 256 244.9499969482421875 231.318756103515625 216.5 201.8249969482421875 189 176.3874969482421875 166.6750030517578125 158.225006103515625 155.1687469482421875 153.9875030517578125 153.712493896484375 153.3625030517578125 152.9250030517578125 153.9250030517578125 155.631256103515625 158.399993896484375 160.8312530517578125 162.2375030517578125 163.09375 166.0500030517578125 168.537506103515625 171.931243896484375 174.6999969482421875 177.568756103515625 179.337493896484375 180.100006103515625 181.6999969482421875 182.024993896484375 183.056243896484375 183.8249969482421875 183.162506103515625 184.59375 184.712493896484375
296.118743896484375 298.993743896484375 298.243743896484375 297.350006103515625 298.25 301.431243896484375 305.0625 310.056243896484375 310.931243896484375 306.1875 297.962493896484375 284.42498779296875 269.46875 252.5749969482421875 234.4250030517578125 217.087493896484375 201.53125 189.462493896484375 179.212493896484375 170.693756103515625 167.2624969482421875 166.693756103515625 165.1125030517578125 163.181243896484375 162.5124969482421875 161.056243896484375 162.3125 164.96875 166.1687469482421875 166.962493896484375 168.9250030517578125 171.5 174.6999969482421875 177.1750030517578125 180.774993896484375 182.443756103515625 184.381256103515625 186.09375 186.6125030517578125 186.6687469482421875 186.96875 186.6999969482421875 185.568756103515625 184.774993896484375 185.587493896484375
300.237518310546875 303.98748779296875 306.3125 307.381256103515625 313.818756103515625 317.756256103515625 325.98748779296875 337.0625 343.78125 342.806243896484375 331.96875 312.368743896484375 291.08123779296875 270.42498779296875 250.3562469482421875 231.024993896484375 213.9250030517578125 200.3125 191.09375 185.2312469482421875 182.3937530517578125 180.381256103515625 177.09375 173.725006103515625 170.587493896484375 167.5187530517578125 168.943756103515625 170.7062530517578125 171.3625030517578125 172.8125 174.2687530517578125 178.0749969482421875 180.431243896484375 183.350006103515625 186 188.4187469482421875 190.2687530517578125 191.4499969482421875 192.4812469482421875 192.4187469482421875 191.0625 189.8874969482421875 188.056243896484375 185.943756103515625 186.5
310.899993896484375 311.087493896484375 310.443756103515625 314.40625 323.412506103515625 331.631256103515625 341.524993896484375 358.67498779296875 374.54998779296875 380.512481689453125 361.225006103515625 333.51251220703125 310.399993896484375 288.29998779296875 265.04998779296875 244.212493896484375 226.256256103515625 211.7624969482421875 204.306243896484375 199.9875030517578125 197.350006103515625 193.118743896484375 189.15625 184.243743896484375 178.6750030517578125 174.118743896484375 173.399993896484375 174.1437530517578125 176.475006103515625 178.556243896484375 180.7062530517578125 183.368743896484375 186.7624969482421875 189.8312530517578125 192.2624969482421875 194.6062469482421875 196.993743896484375 198.506256103515625 199.274993896484375 197.881256103515625 196.34375 193.399993896484375 189.899993896484375 186.9875030517578125 186.1437530517578125
317.725006103515625 320 317.806243896484375 319.45623779296875 327.58123779296875 338.5 351.26251220703125 368.48748779296875 387.056243896484375 398.64373779296875 374.42498779296875 345.35626220703125 322.61248779296875 301.743743896484375 279.88751220703125 261.087493896484375 242.431243896484375 228.7312469482421875 222.506256103515625 218.693756103515625 213.2062530517578125 207.3000030517578125 201.431243896484375 194.3625030517578125 186.7312469482421875 181.4499969482421875 180.8625030517578125 181.0500030517578125 182.4187469482421875 184.4812469482421875 186.84375 189.6125030517578125 191.90625 196.3874969482421875 199.46875 201.681243896484375 204.318756103515625 205.9562530517578125 207.287506103515625 205.6374969482421875 202.0749969482421875 198.0437469482421875 193.7687530517578125 189.9499969482421875 186.9375
325.14373779296875 327.431243896484375 326.38751220703125 325.5 331.618743896484375 339.9375 351 362.34375 373.95001220703125 375.5 365.08123779296875 346.51251220703125 328.14373779296875 310.787506103515625 293.26873779296875 277.08123779296875 262.64373779296875 253.03125 246.59375 239.3625030517578125 229.212493896484375 220.743743896484375 211.3937530517578125 202.5437469482421875 195.649993896484375 188.6374969482421875 187.8937530517578125 188.618743896484375 188.350006103515625 189.7937469482421875 193.149993896484375 196.0437469482421875 198.962493896484375 201.131256103515625 204.0749969482421875 207.787506103515625 210.2375030517578125 212.5500030517578125 215.1125030517578125 213.0437469482421875 207.3937530517578125 202.7687530517578125 198.21875 193.5124969482421875 189.443756103515625
331.274993896484375 331.45623779296875 330.181243896484375 332.350006103515625 337.42498779296875 341.45623779296875 345.67498779296875 348.58123779296875 349.20623779296875 349.368743896484375 349.912506103515625 343.149993896484375 331.96875 317.506256103515625 303.84375 291.787506103515625 280.837493896484375 275.26873779296875 270.79998779296875 259.131256103515625 244.0124969482421875 231.9375 220.25 210.868743896484375 203.0500030517578125 195.2375030517578125 194.318756103515625 194.2937469482421875 194.75 196.0749969482421875 198.1062469482421875 201.631256103515625 204.2937469482421875 206.8937530517578125 209.256256103515625 212.087493896484375 214.7312469482421875 216.837493896484375 218.337493896484375 216.6687469482421875 212.162506103515625 208 203.3499908447265625 197.7062530517578125 194.6125030517578125
338.17498779296875 338.29376220703125 336.66876220703125 338.662506103515625 341.693756103515625 341.70623779296875 343.399993896484375 341.931243896484375 336.212493896484375 335.256256103515625 340.412506103515625 340.568756103515625 334.10626220703125 323.45001220703125 312.41876220703125 303.993743896484375 295.212493896484375 288.40625 283.431243896484375 269.818756103515625 251.7624969482421875 238.0437469482421875 225.75 218.2062530517578125 210.09375 201.837493896484375 200.0625 199.84375 200.6437530517578125 201.5812530517578125 203.806243896484375 207.1687469482421875 209.34375 211.193756103515625 213.21875 216.475006103515625 219.3000030517578125 221.4499969482421875 223.5625 222.65625 218.9250030517578125 215.475006103515625 211.9375 207.3312530517578125 205.556243896484375
344.381256103515625 344.41876220703125 343.350006103515625 343.61248779296875 344.600006103515625 343.16876220703125 344.39373779296875 342.649993896484375 340.837493896484375 340.54376220703125 344.34375 342.11248779296875 338.318756103515625 328.67498779296875 320.962493896484375 313.131256103515625 305.024993896484375 296.087493896484375 285.40625 272.40625 255.5437469482421875 242.087493896484375 230.7624969482421875 225.1374969482421875 216.96875 208.118743896484375 206.600006103515625 205.475006103515625 206.681243896484375 207.5812530517578125 208.568756103515625 211.1125030517578125 213.287506103515625 215.8000030517578125 218.162506103515625 221.162506103515625 224.024993896484375 225.5625 227.7624969482421875 228.3000030517578125 226.6750030517578125 224.46875 220.993743896484375 216.1875 216.1687469482421875
348.67498779296875 348.29376220703125 346.95623779296875 346.462493896484375 346.01251220703125 344.443756103515625 345.03125 345.85626220703125 346.39373779296875 347.712493896484375 351.42498779296875 349.76873779296875 344.287506103515625 334.98748779296875 328.28125 321.36248779296875 312.712493896484375 300.10626220703125 286.399993896484375 273.181243896484375 256.01873779296875 242.8937530517578125 234.0812530517578125 227.7312469482421875 222.943756103515625 213.8562469482421875 211.40625 211.0625 211.2062530517578125 211.40625 212.75 214.8125 216.475006103515625 218.899993896484375 222.2375030517578125 225.7375030517578125 227.6374969482421875 230.024993896484375 232.4250030517578125 232.975006103515625 232.3687591552734375 230.618743896484375 228.087493896484375 224.2312469482421875 224.3312530517578125
352.443756103515625 351.725006103515625 349.443756103515625 349.13751220703125 349.225006103515625 347.806243896484375 348.41876220703125 351.70001220703125 352.76251220703125 354.79376220703125 359.26251220703125 360.20001220703125 353.95001220703125 344.33123779296875 337.274993896484375 328.256256103515625 318.40625 302.86248779296875 286.45623779296875 270.943756103515625 252.8812408447265625 240.743743896484375 234.9812469482421875 232.9375 228.3125 218.287506103515625 215.087493896484375 214.381256103515625 214.681243896484375 215.59375 216.743743896484375 217.875 219.5437469482421875 221.5500030517578125 224.5500030517578125 228.4250030517578125 231.962493896484375 234.90625 237.71875 239 239.3625030517578125 237.3562469482421875 233.0625 227.399993896484375 225.975006103515625
351.75 351.962493896484375 350.787506103515625 350.306243896484375 351.86248779296875 351.51873779296875 353.375 356.087493896484375 357.13751220703125 360.86248779296875 365.087493896484375 367.86248779296875 363.162506103515625 352.46875 343.899993896484375 333 321.837493896484375 305.96875 289.587493896484375 272.181243896484375 250.6437530517578125 239.100006103515625 234.662506103515625 232.881256103515625 226.962493896484375 218.181243896484375 217 216.9375 217.1937408447265625 218.243743896484375 219.4499969482421875 220.4375 220.8874969482421875 222.975006103515625 226.056243896484375 229.7624969482421875 233.5437469482421875 238.306243896484375 242.193756103515625 244.3625030517578125 246.25 243.2375030517578125 235.743743896484375 227.8874969482421875 224.1125030517578125
349.350006103515625 350.068756103515625 349.537506103515625 349.95001220703125 352.618743896484375 352.850006103515625 356.14373779296875 359.3125 361.068756103515625 363.600006103515625 366.293731689453125 368.181243896484375 365.318756103515625 358.681243896484375 347.57501220703125 336.91876220703125 324.225006103515625 309.212493896484375 292.881256103515625 277.34375 258.70001220703125 245.0749969482421875 236.2624969482421875 231.3562469482421875 225.149993896484375 217.8874969482421875 217.875 218.25 219.21875 219.3312530517578125 220.4562530517578125 220.943756103515625 220.9812469482421875 222.9499969482421875 225.631256103515625 230.037506103515625 235.5625 241.4562530517578125 247.037506103515625 249.8312530517578125 249.9812469482421875 243.337493896484375 236.3562469482421875 229.7624969482421875 226.25
348.29376220703125 348.53125 348.806243896484375 351.243743896484375 353.03125 354.774993896484375 359.28125 362.17498779296875 364.59375 366.693756103515625 367.506256103515625 369.625 367.46875 361.64373779296875 350.899993896484375 338.95623779296875 326.84375 312.056243896484375 297.42498779296875 284.181243896484375 266.82501220703125 251.118743896484375 239.506256103515625 233.3000030517578125 226.631256103515625 221.0187530517578125 221.100006103515625 221.03125 221.506256103515625 221.71875 221.25 220.3062591552734375 220.024993896484375 220.618743896484375 222.993743896484375 227.2312469482421875 234.587493896484375 242.7687530517578125 249.0500030517578125 251.15625 247.8562469482421875 243.0812530517578125 237.993743896484375 231.524993896484375 227.1999969482421875
345.399993896484375 345.537506103515625 346.643768310546875 349.649993896484375 352.95001220703125 355.40625 359.96875 362.40625 365.71875 369.256256103515625 370.493743896484375 372.96875 371.662506103515625 365.48126220703125 354.10626220703125 339.38751220703125 328.70001220703125 316.274993896484375 303.57501220703125 291.60626220703125 273.375 256.318756103515625 242.71875 236.756256103515625 229.506256103515625 223.3312530517578125 222.6750030517578125 223.15625 224.1875 224.149993896484375 223.462493896484375 220.6062469482421875 217.100006103515625 215.65625 215.943756103515625 221.1750030517578125 230.2937469482421875 241.2937469482421875 250.2937469482421875 252.600006103515625 248.6125030517578125 243.03125 237.40625 231.125 225.6687469482421875
339.256256103515625 341.21875 342.774993896484375 346.399993896484375 350.931243896484375 354.08123779296875 358.75 362.331268310546875 366.287506103515625 370.756256103515625 374.118743896484375 377.931243896484375 378.100006103515625 372.79998779296875 360.10626220703125 344.41876220703125 330.693756103515625 317.90625 306.16876220703125 295.600006103515625 278.506256103515625 261.10626220703125 245.9375 239.662506103515625 233.28125 225.587493896484375 223.4812469482421875 224.631256103515625 226.568756103515625 227.5625 226.024993896484375 221.649993896484375 215.087493896484375 208.618743896484375 207.34375 212.5187530517578125 222.568756103515625 238.274993896484375 253.21875 252.40625 245.4812469482421875 239.850006103515625 233.443756103515625 227.3249969482421875 222.837493896484375
330.70001220703125 334.1875 338.125 343.5 348.693756103515625 352.58123779296875 357.88751220703125 362.16876220703125 366.41876220703125 370.774993896484375 375.70001220703125 382.556243896484375 386.068756103515625 381.368743896484375 368.45001220703125 352.212493896484375 333.70623779296875 315.95001220703125 306.01251220703125 295.618743896484375 282.149993896484375 265.73126220703125 249.75 241.818756103515625 235.131256103515625 228.006256103515625 224.90625 226.774993896484375 229.7062530517578125 231.3562469482421875 228.868743896484375 219.4562530517578125 210.0749969482421875 201.25 196.756256103515625 199.125 212.5500030517578125 228.5437469482421875 242.212493896484375 244.1125030517578125 238.1875 233.0124969482421875 227.850006103515625 223.0749969482421875 219.287506103515625
320.993743896484375 326.34375 331.42498779296875 336.818756103515625 343.36248779296875 349.587493896484375 354.631256103515625 360.568756103515625 366.11248779296875 370.28125 376.51873779296875 384.45001220703125 391.118743896484375 391.756256103515625 376.39373779296875 355.181243896484375 334.07501220703125 313.26251220703125 300.59375 291.693756103515625 281.65625 268.13751220703125 250.212493896484375 242.1374969482421875 235.8000030517578125 230.3562469482421875 228.806243896484375 230.287506103515625 233.6687469482421875 236.475006103515625 234.318756103515625 222.2687530517578125 208.149993896484375 193.6437530517578125 184.5749969482421875 187.7624969482421875 201.1374969482421875 215.881256103515625 227.7687530517578125 231.0625 228.7062530517578125 224.337493896484375 221.03125 217.9812469482421875 214.9875030517578125
311.524993896484375 316.774993896484375 322.59375 328.806243896484375 337.131256103515625 344.6875 351.649993896484375 356.91876220703125 362.587493896484375 367.23126220703125 372.725006103515625 381.806243896484375 392.71875 400.256256103515625 380.84375 351.625 326.21875 307.39373779296875 294.475006103515625 285.618743896484375 274.056243896484375 260.76873779296875 249.1374969482421875 241.7062530517578125 235.90625 231.1875 231.28125 233.84375 235.5812530517578125 237.3312530517578125 233.431243896484375 223.6062469482421875 205.787506103515625 186.524993896484375 172.4562530517578125 177.681243896484375 193.649993896484375 208.350006103515625 218.274993896484375 222.0687408447265625 219.943756103515625 215.9812469482421875 215.337493896484375 214.1374969482421875 212.03125
