data/historical-monthly-weather-data/wc2.1_cruts4.09_10m_tmin_2022-07.asc
ncols        51
nrows        45
xllcorner    -63.500000000000
yllcorner    -7.500000000000
cellsize     0.166666666667
NODATA_value -9999
23.0 23 23 23 23 23 23 23 23 23 23 23.1875 23.875 23.0625 23.0625 23.4375 24 23.5 23 23 23 23 23 23 23 23 23 22.4375 22 22 22 22.0625 22.5625 22 22 22 22 22 22 22 22 22 21.75 21 21.6875 21.3125 21 21 21 20.875 20.6875 
23 23 23 23 23 23 23 23 23 23 23 23 23.125 23.5 23.6875 23.9375 24 23.9375 23.1875 23.1875 23.125 23 23 23 23 23 23 22.4375 22.125 22.1875 22.25 22.25 22.375 22 22 21.6875 22 22 22 22 22 22 22 21.25 21.6875 21.0625 21 21 21 20.8125 20.6875 
23 23 23 23 23 23 23 23 23 23 23 23 23.25 24 24 23.9375 24 24 23.9375 23.4375 23.25 23 23 23 23 23.0625 23.1875 22.625 22.6875 22.9375 22.375 22.4375 22.75 22.1875 22 22 22 22 22 22 22 22 22 21.875 21.8125 21.0625 21 21 21 20.75 20.5 
23 23 23 23 23 23 23 23 23 23 23.0625 23 23.4375 24 23.875 24 24 24 24 23.375 23 23 23 23 23 23.1875 23.25 22.9375 23 23 23 22.3125 22.9375 22.8125 22.375 22.4375 22.1875 22 22 22 22 22 22 22 21.3125 21.3125 21 21 21 20.75 20.3125 
23 23 23 23 23 23 23 23 23 23.4375 23 23.3125 24 24 24 24 24 24 24 24 23.25 23.0625 23.625 23.1875 23 23.25 23.8125 23.125 23 23 23 22.75 22.625 22.75 22.75 22.4375 22.4375 22 22 22 22 22 22 21.9375 21.9375 21.4375 21 21 21 20.9375 20.375 
23 23 23 23 23 23 23 23.3125 23 23.5 23 23.75 24 24 24 24 24 24 24 24 23.3125 23.25 23.25 23.4375 23.3125 23.25 23.3125 23.5625 23.0625 23 23 23 22.6875 22.0625 22.0625 22.1875 22 22 22.25 22 21.9375 22 22 22 22 21.5 21 21 21 21 21 
23 23 23 23 23 23 23.5 23.375 23.625 23.625 23 23.75 24 24 24 24 23.9375 24 24 24 23.9375 23.75 23.9375 23.9375 23.5625 23.6875 23 23.625 23.5 23.0625 23 23 23 22.5625 22 22.0625 22.0625 22.375 22.5 22.125 22 22 22 22 22 22 21.4375 21.0625 21.3125 21.1875 21 
23 23 23 23 23 23 23.3125 24 24 24 23.4375 24 24 24 24 24 24 24 24 24 24 24 24 24 23.375 23.5625 23.6875 24 23.875 23.125 23 22.625 23 22.625 22.5 22.375 22.5 22.9375 23 23 22.75 22.4375 22.125 22.3125 22.375 22.0625 22 21.9375 21.75 21.6875 21.6875 
23 23 23 23 23 23 23.0625 23.125 23.4375 23.75 23.875 24 24 24 24 24 24 24 24 24 24.4375 24.0625 24 23.9375 23.25 23.4375 23.9375 24 23.5625 23 22.9375 22.375 22.9375 23 23 22.625 22 22 22.0625 22.375 22.5 22.75 22.5 22.25 22.375 22.375 22 22 22 22 22 
23 23 23 23 23 23 23 23 23 23.0625 23.6875 24 24 24 24 24 24 24 24 24 24.25 24.1875 24.5 24 24 23.875 23.5625 23.8125 23.5 23.0625 23 23 23 22.875 22.875 22.875 22.5 22 22 22 22 22 22 22.25 22.375 22.25 22 22 22 22 22 
23 23 23 23 23.125 23.3125 23.375 23.625 23.875 23.9375 24 24 24 24 24 24 24 24 24 24 24 24 24.1875 24.625 24.125 23.4375 23 23 23 23.375 23 23 22.9375 22.125 22 22.4375 22.5 22.5625 22.3125 22 22 22 22 22.1875 22.4375 22.625 22 22 22 22 22 
23 23 23 23 23 23.1875 23.1875 23.375 24 24 24 24 24 24 24 24 24 24 24 24 24 24 24 24.25 24.1875 23.6875 23.8125 23.75 23.375 23 23 23 23 22.75 22.125 22 22 22.125 22.5625 22.5 22.0625 22 22.1875 22.9375 23 23 22.9375 22.1875 22 22.0625 22.625 
23.0625 23.6875 23.4375 23.0625 23 23 23.125 23.75 24 24 24 24 24 24 24.25 24 24 24 24 24 24 24 24 24 24 24 24 24 23.9375 23.125 23 23 23 22.6875 22.3125 22.5625 22.5625 22.375 22.5 22.25 22.625 22.5 22.9375 23 22.875 22.9375 23 23 22.75 22.4375 22.75 
23.8125 24 24 24 23.75 23.75 24 24 24 24 24 24 24 24 24.5 24 24 24 24 24 24 24 24 24 24 24 24 24 24 23.8125 23.1875 23 23 23 22.1875 22.125 22.75 22.4375 22.125 22.125 22.875 23 23 22.875 22.125 22.0625 22.5 22.5 22.6875 22.5 22.1875 
24 24 24 24 24 24 24 24 24 24 24 24 24 24 24.5 24.4375 24.0625 24 24 24 24 24 24 24 24 24 24 24 23.9375 23.125 23.0625 23.0625 23 23 22.9375 23 23 22.875 23 23 23 23 22.75 22.3125 22 22 22 22 22 22 22 
24 24 24 24 24 24 24 24 24 24 24 24 24 24 24.125 24.875 24.6875 24.0625 24 24.0625 24 24 24 24 24 24 24 24 23.625 23 23 23 23 23 23 23 23 23 23 23 23 22.8125 22.1875 22 22 22 22 22 21.9375 21.9375 22 
24 24 24 24 24 24 24 24 24 24 24 24 24 24 24 24.0625 24.875 24.75 24.375 24.0625 24 24 24 24 24 24 24 24 23.875 23.0625 23 23 23 23 23 23 23 23 23 23 23 22.25 22 22 22 22 22 21.9375 21.0625 21.4375 22 
24 24 24 24 24 24 24 24 24 24 24 24 24.0625 24.0625 24 24 24.3125 25 24.5 24.1875 24.25 24 24 24 24 24 24 24 23.9375 23.375 23.125 23.5625 23 23 23 23 23 23 22.9375 22.8125 22.875 22.125 22 22 22 22 22 21.75 21 21.375 21.8125 
24 24 24 24 24 24 24 24 24 24 24 24.1875 24.5 24.375 24.5 24.375 24.0625 24.5625 25 24.8125 24.875 24.5 24.8125 24.5 24.125 24 24 24 24 23.625 23.5625 23.25 23 23 23 23 23 23 22.4375 22.4375 22.1875 22 22 22 22 22 21.5 21 21 21.625 21.4375 
24 24 24 24 24 24 24 24 24 24 24 24 24 24.25 24.6875 24.9375 24.9375 24.625 25 24.8125 24.9375 25 25 25 24.75 24.9375 24.625 24 24 24 24 23.1875 23 23 23 22.9375 22.625 22.6875 22.4375 22 22 22 22 22 22 21.9375 21.125 21 21 21.9375 21.0625 
24 24 24 24 24 24 24 24 24 24 24 24 24.1875 24.875 25 25 25 25 25 25 25 24.9375 24.4375 24 24 24.1875 24.375 24.25 24 24 24 23.125 23 23 23 23 22.1875 22.125 22.0625 22 22 22 22 22 21.5 21.125 21 21 21.1875 21.6875 21 
24 24 24 24 24 24 24 24 24 24 24 24.375 25 25 25 25 25 25 25 25 25 24.75 24.0625 24.0625 24.3125 24.125 24.125 24 24 24 23.9375 23.375 23 23 22.8125 22.6875 22.0625 22 22 22 22 22 21.9375 21.375 21 21 21 21 21.25 21.1875 20.875 
24 24 24 24 24 24 24 24 24 24 24.0625 24.5 25 24.875 24.75 25 25 25 25 25 24.3125 24.375 24.375 24.5 24.25 24 24.1875 24 24 24 24 23.75 23 23 22.625 22.4375 22.4375 22 22 22 22 21.8125 21.25 21 21 21 21 21.0625 21.0625 21 20.25 
23.875 24 24 24 24 24 24 24 24 24 24 24.4375 24.8125 24.1875 24.0625 24.5625 25 24.6875 24.5625 24.1875 24 24.4375 24.125 24.0625 24 24 24.0625 24 24 24 24 23.75 23 23 22.375 22.3125 22 22 22 22 21.5 21.0625 21 21 21 21 21 21.1875 21 21 20.4375 
23.9375 24 23.9375 23.6875 23.4375 23.875 24 24 24 24 24 24.1875 24.0625 24 24.125 24.3125 24.8125 24.25 24.3125 24.1875 24 24.125 24 24 24 24 24 24 24 24 24 23.5625 23 23 22 22.125 22 22 22 21.625 21 21 21 21 21 21 21.375 21.1875 21 21 20.75 
23.625 23.25 23.625 23 23 23.4375 24 24 24 24 24 24 24 24 24 24.1875 24.625 24.4375 24.375 24.625 24 24 24 24 24 24 24 24 24 24 23.9375 23.3125 23 22.75 22 22 22 21.75 21.5625 21 21 21 21 21 21 21.3125 21.0625 20.875 20.9375 20.125 20 
23.4375 23.3125 23.375 23 23 23.6875 24 24 24 24 24 24 24 24 24 24 24.25 24.5625 24.3125 24.1875 24.25 24 24 24 24 24 24 24 24 23.875 23 23 22.875 22.1875 22 22 22 21.1875 21.125 21 21 21 21 21 21 21 20.625 20.1875 20 20 19.9375 
23 23.125 23 23 23.125 23.9375 24 24 24 24 24 24 24 24 24 24.1875 24.375 24.1875 24.25 24.125 24 24 24 24 24 24 24 24 23.875 23.0625 23 22.875 22.1875 22 22 22 21.9375 21 21 21 21 21 21 21.0625 21 21 20.5625 20 20 20 19.9375 
23 23 23 23.0625 23.5 23.9375 24 24 24 24 24 24 24 24 24 24 24 24 24.0625 24 24 24 24 24 24 24 24 24 23.4375 23 22.75 22.1875 22 22 22 22 21.5 21 21 21 21.125 21.1875 21.125 21 20.375 20.4375 20.3125 19.75 19.9375 19.9375 20 
23 23 23 23.3125 24 23.8125 23.9375 23.6875 23.75 24 24 24 24 24 24 24 24 24 24 24 24 24 24 24 24 24 23.75 23.5 23.0625 23 22.8125 22 22 22 21.9375 21.8125 21.4375 20.9375 21 21 21 21 21 20.75 20.75 20.25 20 20 19.9375 20 20 
22.625 22.8125 23 23 23.25 23.375 23.375 23 23.125 23.5625 23.9375 24 24 24 24 24 24 24 24 24 24 24 24 24 24 24 23.5625 23 23 23 22.5625 22 22 22 21.3125 21 21 20.6875 21 21 21 21 21 21 20.6875 20.0625 20 20 20 20 20 
22 22.1875 23 23 23 23.25 23 23 23 23 23.4375 23.9375 24 24 24 24 24.125 24 24 24 24 24 24 24 24 23.6875 23.25 23 23 23 22.1875 22 22 21.9375 21 21 21 20.8125 21 21 21 20.875 20.8125 20.625 20.625 20 20 19.9375 19.9375 20 19.875 
22 22.125 23 23 23 23 23 23 23 23 23 23.625 24 24 24 24 24 24 24 24 24 24 24 24 23.75 23.0625 23 23 23 22.8125 22 21.9375 21.625 21.625 21.0625 21 21 21 21 21 20.5625 20.0625 20.3125 20.75 20.6875 20.125 19.875 19.875 20 19.875 20 
22 22 22.0625 22.125 22.8125 23 23 23 23 23 23 23 23.6875 24 24 24 24 24 24 24 24 24 23.8125 23.8125 23.0625 23 23 23 23 22.5625 22 21.25 21 21 21 21 21 21 20.9375 20.375 20.5 20.0625 20 20.0625 20 20 20 20 20 20 20 
22 22.0625 22 22 22 22.375 23 23 23 23 23 23 23.375 23.6875 23.9375 24 24 24 24 24 23.8125 23.5625 23 23.3125 23 23 23 23 23 22.25 22 21 21 21 21 21 21 20.5625 20.125 20 20 20 20 20 20 20 20 20 20 20 20 
22 22 22 22 22 22 22.25 22.875 23 23 23 23.0625 23.0625 23 23.1875 23.6875 24 23.9375 23.625 23.6875 23.0625 23 23 23 23 23 23 23 22.8125 22.0625 21.6875 21 21 21 21 21.1875 20.875 20.25 20.1875 20 20 20 20 20 20 20 20 19.9375 20 20 20 
22 22 22 22 22 22 22 22 22.0625 22.4375 22.625 22.8125 23 23 23 23 23.25 23 23 23 23 23 23 23 23 23 23 22.8125 22.5625 22 21.5 21 21 21 21 21.125 20.9375 20 20 20 20 20 20 20 19.875 19.8125 19.875 19.6875 20 20 20 
22 22 22 22 22 22 22 22 22 22 22 22.0625 22.625 23 23 23 23 23 23 23 23 23 23 23 22.875 22.875 22.9375 22.0625 22 21.75 21.5 21 21 21 21.1875 21 20.5625 20 19.9375 19.5625 19.875 19.8125 20 20 20 20 20 20 20 20 20 
22 22 22 22 22 22 22 22 22 22 22 22 22 22.375 22.5625 22.75 22.8125 23 23 23 23 23 22.6875 22.1875 22.125 22.1875 22.0625 22 21.8125 21.125 21 21 21 21 21 20.625 20.25 20 19.5625 19.625 19.875 19.125 19.25 19.8125 19.8125 20 20 20 20 20 20 
21.75 22 22 22 22 22 22 22 22 22 22 22 22 22 22 22 22 22.125 22.8125 22.375 22.5 22.0625 22 22 22 22 22 21.625 21 21 21 20.8125 20.4375 20.5625 20.1875 20 20 20 19.1875 19.4375 19.625 19 19 19.5625 20 20 20 20 20 20 20 
21 21.25 21 21.4375 21.875 22 22 22 22 22 22 22 22 22 22 21.9375 22 22 22.0625 22 22 22 22 22 22 22 21.875 21.0625 20.9375 20.625 20.5 20 20 19.8125 19.8125 20 20 19.8125 19.0625 19 19 19 19 19.375 20 20 20 20 20 20 20 
21 21 21 21 21.0625 21.3125 21.3125 21.25 21.25 21.375 21.5625 21.5 21.25 21.0625 21.3125 21.0625 21.0625 21.8125 21.75 21.8125 22 21.6875 21.75 21.9375 21.4375 21.75 21.5625 21 20.5 20 20.1875 20 19.375 19.1875 19 19.375 19.625 19.1875 19 19 19 19 19.0625 19.6875 20 20 20 20 20 20 20 
21 21 21 21 21 21 21 21 21 21 21 21 21 21 21 21 21 21 21 21.125 21.0625 21 21.125 21.125 21 21 21 21 20.3125 20 20 20 20 19.0625 19 18.625 19 19 19 19 19 19 19.5625 20 20 20 20 20 20 20 20 
21 21 21 21 21 21 21 21 21 21 21 21 21 21 21 21 21 21 20.6875 20.3125 20.5 20.9375 21 21 21 21 21 20.875 20 19.875 20 20 19.875 19.125 18.6875 18 18.5 18.8125 19 19 19 19.1875 20 20 20 20 20 20 20 20 20 
21 21 20.9375 20.8125 20.25 20 20.25 20.375 20.625 20.875 20.75 20.6875 20.375 20.5625 20.5625 20.75 20.8125 20.5625 20.125 20 20 20 20.75 21 21 20.9375 20.6875 20.1875 19.875 19.25 19.5 19.75 19.375 19 18.9375 18.25 18 18.375 19 19 19 19.5625 20 20 20 20 20 20 20 20 20 
