data/historical-monthly-weather-data/wc2.1_cruts4.09_10m_prec_1985-01.asc
ncols        51
nrows        45
xllcorner    -63.500000000000
yllcorner    -7.500000000000
cellsize     0.166666666667
NODATA_value -9999
[rows 0 to 19 of 45, columns 0 to 44 of 51]
102.4562530517578125 95.53125 90.4187469482421875 87.3000030517578125 83.7062530517578125 83.66249847412109375 82.81874847412109375 80.8125 79.69374847412109375 79.78125 80.75624847412109375 82.24375152587890625 83.1437530517578125 82.0437469482421875 82.53749847412109375 84.2062530517578125 85.9812469482421875 86.02500152587890625 89.96875 93.94374847412109375 98.21875 103.61875152587890625 109.1437530517578125 114.06874847412109375 120.4499969482421875 126.21250152587890625 132.056243896484375 138.9812469482421875 145.9812469482421875 147.5749969482421875 148.7687530517578125 149.962493896484375 150.4187469482421875 152.1750030517578125 153.100006103515625 157.15625 159.6125030517578125 161.506256103515625 166.375 171.28125 175.75 181.3249969482421875 186.15625 191.5 197.837493896484375
109.27500152587890625 101.15625 96.1999969482421875 92.19374847412109375 89.13124847412109375 89.3874969482421875 88.8625030517578125 88.4499969482421875 88.84999847412109375 89.47499847412109375 89.6687469482421875 89.9875030517578125 89.7062530517578125 89.5500030517578125 89.72499847412109375 90.33750152587890625 91.0749969482421875 92.7687530517578125 96.6999969482421875 102.0187530517578125 107.5124969482421875 113.19374847412109375 119.59999847412109375 125.96250152587890625 131.6374969482421875 137.2937469482421875 143.5749969482421875 149.9875030517578125 155.9250030517578125 158.243743896484375 159.0749969482421875 159.568756103515625 160.462493896484375 163.8249969482421875 165.118743896484375 168.1750030517578125 173.2624969482421875 176 180.306243896484375 184.9499969482421875 189.931243896484375 194.8937530517578125 198.037506103515625 202.375 207.4187469482421875
117.15000152587890625 109.28749847412109375 104.1687469482421875 100.2375030517578125 97.3874969482421875 97.84375 98.3125 99.1437530517578125 100.1999969482421875 101.0812530517578125 101.07500457763671875 100.6125030517578125 100.0500030517578125 98.9187469482421875 98.5124969482421875 97.88124847412109375 98.1999969482421875 99.86875152587890625 103.21250152587890625 109.1999969482421875 115.53749847412109375 122.72499847412109375 129.5437469482421875 135.5124969482421875 141.212493896484375 146.756256103515625 153.25 159.712493896484375 164.600006103515625 166.0187530517578125 167.9375 169.306243896484375 171.875 172.787506103515625 175.9375 179.681243896484375 184.9375 189.5749969482421875 194.25 198.5 204.1687469482421875 208.2312469482421875 211.3000030517578125 214.631256103515625 217.524993896484375
124.5124969482421875 117.09375 113.50624847412109375 109.80625152587890625 107.78125 106.71250152587890625 108.25 110.65625 113.21875 115.1062469482421875 114.15000152587890625 112.5124969482421875 110.90000152587890625 109.0812530517578125 108.25 106.99375152587890625 105.96875 106.2062530517578125 109.80625152587890625 117.16249847412109375 125.4875030517578125 133.25 138.818756103515625 145.381256103515625 151.53125 157.375 164.181243896484375 168.962493896484375 173.6437530517578125 175.506256103515625 177.131256103515625 179.9562530517578125 182.2312469482421875 183.693756103515625 185.7624969482421875 191.806243896484375 197.0187530517578125 202.7624969482421875 208.5124969482421875 214.2624969482421875 218.431243896484375 222.96875 225.631256103515625 227.25 229.375
136.3249969482421875 127.21875 122.3125 119.34375 117.19374847412109375 117.25624847412109375 118.25 121.625 126.1875 129.412506103515625 127.2062530517578125 124.59375 122.8874969482421875 121.08750152587890625 119.69374847412109375 117.6687469482421875 115.3874969482421875 113.21875 118.0187530517578125 127.3000030517578125 137.087493896484375 144.5 150.21875 156.2312469482421875 162.087493896484375 169.068756103515625 173.4250030517578125 178.0124969482421875 184.59375 186.2312469482421875 188.006256103515625 188.368743896484375 192.28125 195.662506103515625 198.5749969482421875 205.1062469482421875 212.462493896484375 217.350006103515625 223.7687530517578125 229.46875 235.8125 238.693756103515625 241.1999969482421875 241.375 242.212493896484375
145.4437408447265625 137.181243896484375 132.1875 128.131256103515625 125.6750030517578125 126.0625 127.625 130.337493896484375 135.131256103515625 139.3125 137.0187530517578125 135.556243896484375 134.243743896484375 133.2624969482421875 131.6437530517578125 131.274993896484375 128.84375 126.25 132.5 141.931243896484375 150.399993896484375 156.6750030517578125 162.8125 167.3874969482421875 173.125 179.34375 184.006256103515625 188.087493896484375 193.787506103515625 196.96875 198.5437469482421875 200.0749969482421875 203.212493896484375 208.318756103515625 215.0124969482421875 222.4499969482421875 230.587493896484375 237.631256103515625 244.6062469482421875 251.6312408447265625 255.7062530517578125 258.662506103515625 259.54376220703125 259.212493896484375 259.024993896484375
154.6125030517578125 146.8312530517578125 142.131256103515625 136.8874969482421875 133.0500030517578125 132.15625 133.2937469482421875 135.181243896484375 138.2312469482421875 140.399993896484375 142.443756103515625 143.9375 145.693756103515625 146.462493896484375 146.6062469482421875 147.7312469482421875 148.881256103515625 151.4499969482421875 157.274993896484375 162.368743896484375 165.399993896484375 170.1875 173.5437469482421875 177.875 183.8000030517578125 188.875 193.3249969482421875 197.787506103515625 202.15625 205.5812530517578125 209.5749969482421875 212.256256103515625 216.375 221.9375 229.2062530517578125 239.8562469482421875 249.556243896484375 259.037506103515625 268.58123779296875 273.79376220703125 276.631256103515625 278.46875 278.681243896484375 277.79998779296875 276.32501220703125
164.943756103515625 155.5187530517578125 150.3625030517578125 145.625 141.21875 140.2937469482421875 139.4499969482421875 137.3562469482421875 137.1125030517578125 141.21875 147.537506103515625 152.868743896484375 157.625 159.818756103515625 162.287506103515625 165.274993896484375 169.681243896484375 175.787506103515625 183.875 183.399993896484375 180.931243896484375 182.462493896484375 184.5437469482421875 188.743743896484375 194.6750030517578125 198.875 202.3249969482421875 206.1937408447265625 211.7624969482421875 216.28125 219.681243896484375 223.649993896484375 229.056243896484375 235.899993896484375 244.15625 256.20623779296875 268.14373779296875 279.431243896484375 288.368743896484375 295.36248779296875 299.5 300.92498779296875 300.63751220703125 298.318756103515625 297.587493896484375
173.875 164.5437469482421875 159.53125 154.037506103515625 150 147.9875030517578125 146.3000030517578125 143.90625 141.868743896484375 144.537506103515625 155.006256103515625 163.1875 170.5625 174.4187469482421875 177.3562469482421875 180.306243896484375 184.4499969482421875 190.662506103515625 197.5812530517578125 195.4812469482421875 190.756256103515625 191.7937469482421875 193.0812530517578125 199.306243896484375 204.600006103515625 208.162506103515625 211.40625 214.0187530517578125 219.506256103515625 225.149993896484375 230.056243896484375 233.2375030517578125 239.84375 246.9375 255.818756103515625 268.29998779296875 282.5625 295.306243896484375 305.125 313.41876220703125 318.04998779296875 319.068756103515625 321.162506103515625 320.90625 318.96875
182.65625 173.53125 167.6125030517578125 162.556243896484375 158.8312530517578125 157.25 155.693756103515625 154.6062469482421875 155.5500030517578125 160.774993896484375 169.4937591552734375 177.943756103515625 185.46875 190.125 192.4187469482421875 194.443756103515625 196.149993896484375 198.975006103515625 200.875 199.75 196.318756103515625 197.6437530517578125 200.3249969482421875 208.3312530517578125 212.3937530517578125 214.868743896484375 217.9250030517578125 220.975006103515625 225.306243896484375 231.3249969482421875 236.3937530517578125 240.9499969482421875 249.212493896484375 258.100006103515625 268.26251220703125 281.15625 295.71875 310.17498779296875 320.84375 330.256256103515625 338.20623779296875 339.95001220703125 341.53125 339.774993896484375 338.85626220703125
192.506256103515625 183.693756103515625 176.9499969482421875 171.59375 167.350006103515625 166.556243896484375 166.1062469482421875 167.537506103515625 171.1999969482421875 177.899993896484375 187.837493896484375 196.4562530517578125 202.068756103515625 205.71875 206.243743896484375 205.9375 204.649993896484375 204.0812530517578125 202.5500030517578125 200.118743896484375 199.4375 201.0812530517578125 206.7062530517578125 213.3000030517578125 220 220.943756103515625 223.0437469482421875 226.0687408447265625 230.037506103515625 234.8125 240.5500030517578125 246.850006103515625 256.943756103515625 267.506256103515625 278.5 293.51251220703125 308.756256103515625 322.8125 335.600006103515625 347.20623779296875 356.212493896484375 356.60626220703125 358.20623779296875 357.100006103515625 356
200.681243896484375 191.8312530517578125 185.59375 181.3249969482421875 177.6062469482421875 176.8000030517578125 177.6687469482421875 181.75 187.524993896484375 195.09375 206.0187530517578125 216.1875 219.2375030517578125 220.181243896484375 219.2687530517578125 216.4875030517578125 213.8562469482421875 209.587493896484375 206.25 201.6437530517578125 199.8312530517578125 202.4499969482421875 210.787506103515625 221.131256103515625 226.100006103515625 223.806243896484375 225.6687469482421875 228.59375 233.3625030517578125 240.087493896484375 246.431243896484375 252.693756103515625 263.26251220703125 274.14373779296875 285.64373779296875 300.887481689453125 316.45623779296875 330.35626220703125 343.51873779296875 356.54998779296875 366.26251220703125 366.193756103515625 363.17498779296875 359.274993896484375 355.11248779296875
209.90625 201.625 195.9499969482421875 191.4375 187.9187469482421875 189.0500030517578125 190.881256103515625 194.78125 201.9187469482421875 211.0749969482421875 222.3249969482421875 232.225006103515625 234.7937469482421875 231.8125 229.7687530517578125 226.306243896484375 221.837493896484375 217.475006103515625 212.306243896484375 205.8625030517578125 199.09375 203.0812530517578125 213.4875030517578125 221.306243896484375 221.100006103515625 219.7375030517578125 225.5687408447265625 231.6687469482421875 237.1812591552734375 244.993743896484375 252.1062469482421875 258.53125 268.38751220703125 279.10626220703125 290.506256103515625 305.568756103515625 320.318756103515625 334.04998779296875 346.85626220703125 360.118743896484375 372.024993896484375 370.21875 359.54376220703125 348.98748779296875 342.381256103515625
217.587493896484375 210.318756103515625 204.9937591552734375 200.9250030517578125 198.1687469482421875 198.7687530517578125 201.587493896484375 207.59375 215.5749969482421875 225.412506103515625 234.912506103515625 242.1750030517578125 243.100006103515625 241.524993896484375 237.625 234.806243896484375 229.475006103515625 225.193756103515625 219.087493896484375 213.0187530517578125 208.5187530517578125 210.9812469482421875 216.368743896484375 221.2375030517578125 220.3249969482421875 221 227.274993896484375 233.912506103515625 241.556243896484375 249.600006103515625 257.287506103515625 264.15625 273.26873779296875 282.6875 294.32501220703125 308.493743896484375 323.337493896484375 337.84375 349.16876220703125 359.89373779296875 367.5 355.92498779296875 346.66876220703125 341.6875 339.08123779296875
223.806243896484375 216.84375 212.4250030517578125 208.8625030517578125 207.4250030517578125 209.1062469482421875 213.34375 219.0124969482421875 226.7937469482421875 235.4375 244.8000030517578125 250.287506103515625 251.756256103515625 250.8312530517578125 246.7687530517578125 243.193756103515625 237.774993896484375 232.15625 226.787506103515625 222.693756103515625 219.743743896484375 219.318756103515625 222.5187530517578125 224.868743896484375 226.5187530517578125 228.3125 233.806243896484375 240.90625 248.0812530517578125 256.943756103515625 263.912506103515625 269.087493896484375 278.774993896484375 286.70623779296875 296.54998779296875 308.806243896484375 323.58123779296875 338.63751220703125 347.631256103515625 347.33123779296875 341.475006103515625 336.25 336.90625 337.20623779296875 332.600006103515625
228.8562469482421875 221.837493896484375 218.2375030517578125 215.3312530517578125 214.7687530517578125 217.368743896484375 222.4562530517578125 228.28125 235.3249969482421875 244.3000030517578125 253.381256103515625 258.5625 260.39373779296875 259.625 256.412506103515625 249.9812469482421875 245.2312469482421875 239.96875 234.274993896484375 230.806243896484375 230.181243896484375 229.868743896484375 231.15625 232.3562469482421875 233.524993896484375 235.3937530517578125 240.0187530517578125 248.15625 256.462493896484375 266.04998779296875 272.86248779296875 276.64373779296875 281.76873779296875 288.11248779296875 295.600006103515625 309.493743896484375 323.96875 336.5625 341.88751220703125 336.068756103515625 323.381256103515625 321.506256103515625 327.056243896484375 328.34375 325.85626220703125
231.8874969482421875 225.5124969482421875 221.850006103515625 220.068756103515625 220.71875 224.0749969482421875 230.0124969482421875 236.149993896484375 243.399993896484375 251.618743896484375 261.08123779296875 267.01251220703125 269.006256103515625 268.41876220703125 265.57501220703125 259.774993896484375 249.7687530517578125 244.1750030517578125 240.5437469482421875 239.693756103515625 239.1687469482421875 239.5749969482421875 239.962493896484375 239.725006103515625 241.337493896484375 242.0500030517578125 245.850006103515625 254.149993896484375 264.5625 275.51251220703125 283.368743896484375 286.181243896484375 287.84375 289.962493896484375 298.57501220703125 311.931243896484375 324.23748779296875 337.818756103515625 346.54376220703125 335.16876220703125 321.78125 318.65625 319.8125 321.649993896484375 320.256256103515625
234.225006103515625 228.037506103515625 224.631256103515625 223.7624969482421875 224.243743896484375 228.75 235.1687469482421875 241.6374969482421875 248.837493896484375 257.46875 265.57501220703125 273.743743896484375 277.287506103515625 277.368743896484375 274.11248779296875 266.71875 256.14373779296875 247.037506103515625 247.1062469482421875 247.3249969482421875 248.506256103515625 248.6062469482421875 248.2375030517578125 247.5124969482421875 247.96875 249.125 251.28125 261.38751220703125 274.45623779296875 287.07501220703125 293.20001220703125 288.32501220703125 288.03125 290.912506103515625 296.66876220703125 308.76873779296875 324.23748779296875 337.600006103515625 342.23126220703125 337.90625 325.368743896484375 318.6875 317.118743896484375 317.98126220703125 316.85626220703125
233.681243896484375 228 225.4562530517578125 225.743743896484375 227.21875 232.3874969482421875 237.931243896484375 245.5500030517578125 253.399993896484375 262.068756103515625 270.04376220703125 276.5625 282.41876220703125 286.82501220703125 282.01873779296875 271.443756103515625 259.056243896484375 249.649993896484375 246.6999969482421875 249.90625 254.5187530517578125 256.725006103515625 251.8000030517578125 252.9375 253.8249969482421875 256.21875 261.33123779296875 269.79376220703125 283.38751220703125 296.76251220703125 303.66876220703125 294.3125 289.118743896484375 284.45001220703125 286.51873779296875 301.45001220703125 318.75 331.475006103515625 339.48748779296875 337.15625 328.006256103515625 319.10626220703125 315.20001220703125 315.51251220703125 314.29376220703125
232.306243896484375 226.8312530517578125 224.943756103515625 224.693756103515625 227.1875 234.2624969482421875 240.9250030517578125 247.8000030517578125 255.59375 264.04998779296875 271.26251220703125 278.33123779296875 287.649993896484375 296.70001220703125 287.6875 271.01251220703125 256.20623779296875 250.850006103515625 249.212493896484375 251.725006103515625 254.024993896484375 253.3874969482421875 253.65625 255.1999969482421875 257.493743896484375 262.15625 267.85626220703125 277.024993896484375 286.48748779296875 295.01251220703125 298.54376220703125 291.375 282.89373779296875 273.20623779296875 271.45001220703125 287.98126220703125 312 331.79998779296875 341.13751220703125 340.88751220703125 332.26873779296875 319.88751220703125 316.5 315.662506103515625 313.92498779296875
