data/historical-monthly-weather-data/wc2.1_cruts4.09_10m_prec_2013-08.asc
ncols        45
nrows        45
xllcorner    -63.500000000000
yllcorner    -7.500000000000
cellsize     0.166666666667
NODATA_value -9999
[rows 0 to 19 of 45, columns 0 to 43 of 45]
333.29998779296875 342.28125 343.13751220703125 351.587493896484375 361.25 368.75 364.9375 364.63751220703125 360.181243896484375 351.07501220703125 331.83123779296875 316.381256103515625 304.850006103515625 287.6875 272.131256103515625 251.5 235.774993896484375 221.162506103515625 207.087493896484375 199.181243896484375 192.3562469482421875 183.631256103515625 175.850006103515625 170.3312530517578125 163.631256103515625 157.774993896484375 157.2375030517578125 158.8937530517578125 154.162506103515625 159.3625030517578125 159.5625 165.256256103515625 173.2624969482421875 177.71875 183.9562530517578125 190.8625030517578125 195.4499969482421875 202.1999969482421875 207.8687591552734375 211.399993896484375 215.8937530517578125 221.3874969482421875 221.65625 221.0187530517578125
320.962493896484375 327.75 337.899993896484375 349.59375 364.13751220703125 369.09375 360.26251220703125 358.443756103515625 355.13751220703125 345.71875 329.66876220703125 316.53125 298.34375 278.337493896484375 260.71875 245.5187530517578125 227.1437530517578125 211.568756103515625 198.0437469482421875 187.9187469482421875 180.875 172.493743896484375 165.368743896484375 162.2624969482421875 156.399993896484375 150.243743896484375 152.899993896484375 153.2937469482421875 150.03125 155.375 161.931243896484375 168.4187469482421875 177.1437530517578125 186.100006103515625 192.5875091552734375 198.881256103515625 200.975006103515625 211.7624969482421875 215.6875 219.3125 229.162506103515625 232.1125030517578125 236.3000030517578125 238.431243896484375
293.6875 304.20001220703125 315.95623779296875 330.287506103515625 343.76251220703125 347.693756103515625 345.0625 342.837493896484375 336.14373779296875 326.42498779296875 316.33123779296875 303.71875 285.712493896484375 263.649993896484375 245.96875 230.4375 214.9187469482421875 200.193756103515625 187.4375 175.5749969482421875 171.212493896484375 166.9250030517578125 161.149993896484375 160 153.4499969482421875 149.681243896484375 153.787506103515625 152.068756103515625 148.993743896484375 155.7624969482421875 160.3249969482421875 166.912506103515625 176.131256103515625 186.8125 191.8000030517578125 194.125 200.037506103515625 210.53125 213.9375 221.625 235.037506103515625 240.5 248.5749969482421875 249.756256103515625
267.78125 273.256256103515625 287.693756103515625 302.225006103515625 311.287506103515625 315.212493896484375 317.42498779296875 318.162506103515625 318.26251220703125 310.04376220703125 297.40625 282.54376220703125 267.443756103515625 247.475006103515625 230.6687469482421875 215.0812530517578125 201.8125 189.4562530517578125 178.2312469482421875 172.1125030517578125 167.412506103515625 161.943756103515625 156.681243896484375 156.662506103515625 152.3000030517578125 148.9250030517578125 151.7687530517578125 147.21875 145.287506103515625 152.225006103515625 157.618743896484375 162.006256103515625 168.3312530517578125 175.962493896484375 182.4499969482421875 188.681243896484375 199.943756103515625 208.4562530517578125 210.381256103515625 222.493743896484375 234.162506103515625 246.118743896484375 254.649993896484375 261.274993896484375
267.837493896484375 264.743743896484375 261.0625 268.256256103515625 280.412506103515625 284.07501220703125 285.806243896484375 294.17498779296875 299.181243896484375 292.8125 278.82501220703125 263.4375 249.1437530517578125 233.1062469482421875 216.381256103515625 202.59375 188.774993896484375 176.75 167.0437469482421875 163.212493896484375 163.1062469482421875 156.3937530517578125 152.912506103515625 155.712493896484375 150.399993896484375 146.649993896484375 145.899993896484375 145.8562469482421875 143.96875 146.9812469482421875 155.1125030517578125 157.943756103515625 165.6437530517578125 174.1437530517578125 180.725006103515625 184.8562469482421875 192.875 202.149993896484375 205.15625 214.475006103515625 232.8625030517578125 245.2874908447265625 260.568756103515625 268.58123779296875
257.65625 253.3000030517578125 245.9250030517578125 236.5749969482421875 245.4499969482421875 259.524993896484375 264.1875 267.850006103515625 273.975006103515625 268.962493896484375 253.09375 239.8562469482421875 229.431243896484375 216.756256103515625 202.037506103515625 190.6062469482421875 176.9187469482421875 165.131256103515625 159.0749969482421875 156.2624969482421875 156.9187469482421875 154.443756103515625 152.462493896484375 149.868743896484375 148.181243896484375 145.96875 145.0812530517578125 143.537506103515625 142.6437530517578125 143.5 149.90625 155.28125 159.59375 167.59375 170.84375 178.024993896484375 182.875 187.3625030517578125 193.53125 206.381256103515625 219.0437469482421875 233.912506103515625 249.9375 265.14373779296875
248.7937469482421875 245.9250030517578125 238.850006103515625 230.8937530517578125 229.7624969482421875 232.149993896484375 234.9812469482421875 237.462493896484375 232.53125 229.962493896484375 222.693756103515625 214.9812469482421875 210.056243896484375 200.537506103515625 190.350006103515625 180.375 168.5 159.3625030517578125 152.6687469482421875 152.100006103515625 152.243743896484375 151.931243896484375 150.881256103515625 149.78125 147.537506103515625 146.3125 144.625 141.662506103515625 137.475006103515625 141.3125 145.006256103515625 147.618743896484375 153.6750030517578125 160.0187530517578125 163.6875 167.8000030517578125 169.881256103515625 174.3625030517578125 182.131256103515625 194.5812530517578125 206 220.0625 238.2624969482421875 257.66876220703125
241.7375030517578125 235.4187469482421875 232.3312530517578125 226.90625 226.8625030517578125 227.9187469482421875 218.84375 202.7062530517578125 191.9812469482421875 191.3000030517578125 195.59375 192.681243896484375 189.46875 183.8937530517578125 177.475006103515625 169.287506103515625 160.9187469482421875 153.443756103515625 147.3874969482421875 146.125 148.962493896484375 150.03125 148.212493896484375 146.774993896484375 147.2687530517578125 144.2937469482421875 141.2312469482421875 138.712493896484375 135.5749969482421875 135.225006103515625 140.6062469482421875 142.15625 145.087493896484375 151.524993896484375 151.975006103515625 154.2375030517578125 155.8312530517578125 158.243743896484375 163.350006103515625 172.1437530517578125 184.1999969482421875 198.9812469482421875 215.5500030517578125 231.7937469482421875
235.5749969482421875 229.631256103515625 227.8625030517578125 220.7062530517578125 218.006256103515625 214.9875030517578125 207.96875 195.350006103515625 177.225006103515625 168.256256103515625 170.9499969482421875 170.59375 173.71875 170.100006103515625 165.306243896484375 159.2062530517578125 155.350006103515625 150.3312530517578125 148.587493896484375 144.506256103515625 145.931243896484375 148.5124969482421875 146.65625 149.5 148.4812469482421875 143.274993896484375 137.118743896484375 136.2687530517578125 133.318756103515625 132.3249969482421875 136.3562469482421875 134.431243896484375 134.1687469482421875 134.9250030517578125 136.337493896484375 140.5625 143.0625 145.4499969482421875 148.243743896484375 155 163.4499969482421875 172.4937591552734375 183.2375030517578125 194.3937530517578125
227.5812530517578125 222.1437530517578125 218.506256103515625 214.2624969482421875 211.087493896484375 207.1750030517578125 203.774993896484375 191.3937530517578125 176.4250030517578125 170.2937469482421875 166.5812530517578125 160.6687469482421875 162.4875030517578125 160.7687530517578125 155.399993896484375 151.7687530517578125 147.787506103515625 146.8937530517578125 145.943756103515625 144.868743896484375 146.556243896484375 146.4875030517578125 144.5 146.962493896484375 145.0625 139.8125 134.225006103515625 131.7375030517578125 126.86875152587890625 124.78749847412109375 124.36875152587890625 122.8625030517578125 125.1437530517578125 127.3125 129.493743896484375 131.8874969482421875 131.993743896484375 132.368743896484375 135.9875030517578125 140.787506103515625 145.7937469482421875 149.931243896484375 155.193756103515625 158.649993896484375
223.7687530517578125 217.649993896484375 211.256256103515625 206.0187530517578125 204.162506103515625 203.600006103515625 199.4375 184.9875030517578125 172.7937469482421875 164.6875 162.1875 156.96875 153.931243896484375 150.5437469482421875 144.5500030517578125 140.600006103515625 138.8562469482421875 140.5687408447265625 140.774993896484375 142.743743896484375 149.350006103515625 149.681243896484375 146.9499969482421875 144.2874908447265625 145.4875030517578125 140.8249969482421875 135.399993896484375 129.9875030517578125 121.8125 117.21875 117.6437530517578125 116.1999969482421875 119.8000030517578125 121.91249847412109375 121.375 121.375 120.43125152587890625 121.2624969482421875 122.59375 124.4562530517578125 126.25 128.881256103515625 133.625 133.7937469482421875
217.306243896484375 212.1812591552734375 205.84375 202.087493896484375 200.6875 199.774993896484375 196.75 184.7312469482421875 171.7312469482421875 162.475006103515625 157.806243896484375 152.431243896484375 146.375 140.006256103515625 138.7687530517578125 134.9499969482421875 132.243743896484375 132.3125 134.8625030517578125 139.9375 147.71875 149.412506103515625 148.256256103515625 146.837493896484375 144.2687530517578125 132.868743896484375 126.7624969482421875 122.68125152587890625 115.8625030517578125 112.13124847412109375 110.44374847412109375 111.02500152587890625 111.40000152587890625 112.625 113.91249847412109375 115.4250030517578125 114.7062530517578125 113.4812469482421875 110.6374969482421875 108.09999847412109375 108.56874847412109375 110.31874847412109375 112.2375030517578125 107.09999847412109375
209.1125030517578125 201.9812469482421875 197.15625 191.5187530517578125 191.4562530517578125 188.899993896484375 181.9749908447265625 173.6875 162.225006103515625 154.8562469482421875 150.40625 146.162506103515625 138.931243896484375 129.9250030517578125 125.8937530517578125 124.06874847412109375 120.9499969482421875 123.6687469482421875 126.40000152587890625 129.71875 138.90625 142.4250030517578125 142.84375 137.8874969482421875 128.5187530517578125 119.71250152587890625 118.0625 115.3249969482421875 112.8937530517578125 109.56874847412109375 106.3937530517578125 104.8937530517578125 106.90625 104.8312530517578125 106.58750152587890625 110.18125152587890625 113.88124847412109375 111.6750030517578125 109.28749847412109375 101.53125 93.71875 96.8937530517578125 96.71875 90.4250030517578125
199.4124908447265625 190.524993896484375 184.6125030517578125 181.5625 179.1875 174.6062469482421875 168.25 162.681243896484375 152.443756103515625 145.899993896484375 140.0124969482421875 133.743743896484375 128.2937469482421875 120.83750152587890625 111.6374969482421875 111.40625 110.0437469482421875 112.5 112.21875 114.6999969482421875 123.84375 128.0250091552734375 129.443756103515625 127.13124847412109375 121.2062530517578125 115.71250152587890625 113.96250152587890625 112.08750152587890625 109.8625030517578125 107.58750152587890625 105.5625 101.58750152587890625 102.2687530517578125 101.21250152587890625 104.88124847412109375 111.38124847412109375 115.75624847412109375 118.96250152587890625 117.31874847412109375 106.3249969482421875 88.4812469482421875 83.46875 87.08750152587890625 93.28125
188.756256103515625 182.2937469482421875 174.90625 169.53125 167.318756103515625 162.4499969482421875 156.131256103515625 149.149993896484375 140.118743896484375 134.3249969482421875 126.8000030517578125 122.1875 116.8312530517578125 108.6875 99.7624969482421875 96.03749847412109375 94.81874847412109375 95.4562530517578125 96.4562530517578125 99.75 108.6437530517578125 114.6437530517578125 118.55625152587890625 120.78125 120.125 118.5749969482421875 115.49375152587890625 112.1437530517578125 108.28749847412109375 105.21875 101.4875030517578125 99.0625 99.84999847412109375 101.08750152587890625 103.0749969482421875 110.47499847412109375 119.1062469482421875 131.587493896484375 133.5625 119.4375 107.2687530517578125 100.94374847412109375 103.46250152587890625 102.5500030517578125
175.9875030517578125 170.931243896484375 165.243743896484375 159.8125 155.649993896484375 152.0749969482421875 146.274993896484375 137.287506103515625 129.6750030517578125 123.5 116.7062530517578125 110.5749969482421875 104.21250152587890625 97.0625 89.4875030517578125 81.90000152587890625 80.24375152587890625 81.21250152587890625 82.1687469482421875 85.96250152587890625 94.41249847412109375 102.7687530517578125 111.21875 118.13124847412109375 121.125 120.6437530517578125 117.65000152587890625 112.2375030517578125 107.31874847412109375 104.6062469482421875 102.22499847412109375 99.28125 98.3125 99.4562530517578125 103.05625152587890625 117.84375 130.2937469482421875 142.8937530517578125 148.5500030517578125 143.0124969482421875 135.462493896484375 126.0187530517578125 117.78125 108.875
167.3937530517578125 162.8625030517578125 156.1750030517578125 151.306243896484375 145.0812530517578125 142.068756103515625 137.5625 130.306243896484375 121.19374847412109375 115.5625 109.2624969482421875 101.52500152587890625 95.03749847412109375 87.9812469482421875 80.55625152587890625 73.46250152587890625 67.0124969482421875 66.9812469482421875 69.75 74.125 80.96250152587890625 91.50624847412109375 103.6750030517578125 116.4375 123.83750152587890625 123.25 116.8937530517578125 111.49375152587890625 104.91249847412109375 101.0625 100.5625 101.1437530517578125 102.80625152587890625 105.3125 120.2687530517578125 135.0250091552734375 147.9499969482421875 165.7937469482421875 177.1374969482421875 165.21875 152.1750030517578125 136.40625 121.91249847412109375 113.49375152587890625
155.0812530517578125 152.399993896484375 147.181243896484375 143.337493896484375 137.6125030517578125 134.725006103515625 128.037506103515625 121.71875 113.83750152587890625 107.59375 101.59375 94.75624847412109375 86.375 78.61875152587890625 71.78749847412109375 64.9499969482421875 58.77500152587890625 54.91249847412109375 58.487499237060546875 60.80625152587890625 68.6875 79.28749847412109375 93.4187469482421875 106.9875030517578125 118.65000152587890625 121.3937530517578125 117.6374969482421875 111.5187530517578125 103.4499969482421875 97.8874969482421875 92.58750152587890625 91.5500030517578125 105.83750152587890625 121.84375 133.5812530517578125 151.15625 168.181243896484375 181.3625030517578125 184.1437530517578125 175.587493896484375 154.5124969482421875 139.943756103515625 126.38124847412109375 117.96250152587890625
143.306243896484375 141.431243896484375 137.756256103515625 134.6875 131.09375 126.83750152587890625 121.38124847412109375 114.7624969482421875 109.8249969482421875 104.6125030517578125 97.96250152587890625 87.83750152587890625 79.84999847412109375 72.625 64.5500030517578125 58.97499847412109375 52.81874847412109375 48.012500762939453125 47.71875 50.487499237060546875 61.231250762939453125 78.0812530517578125 80.74375152587890625 95.15000152587890625 107.72499847412109375 117.7624969482421875 117.25624847412109375 110.4499969482421875 105.3000030517578125 95.3249969482421875 88.72499847412109375 93.1750030517578125 110.3249969482421875 124.44374847412109375 139.125 156.3625030517578125 166.712493896484375 171.40625 174.962493896484375 165.5187530517578125 152.5749969482421875 139.568756103515625 127.28125 117.77500152587890625
133.0812530517578125 131.3562469482421875 127.68125152587890625 124.875 120.7312469482421875 117.27500152587890625 112.6687469482421875 107.52500152587890625 105.03749847412109375 100.8125 95.59999847412109375 88.50624847412109375 78.53125 68.90625 61.418750762939453125 54.13124847412109375 45.9375 43.94374847412109375 44.09999847412109375 47.393749237060546875 52.44374847412109375 61.36875152587890625 75.9375 88.8937530517578125 99.8000030517578125 106.7937469482421875 108.8562469482421875 106.875 101.4250030517578125 91.1062469482421875 87.46875 99.40000152587890625 111.00624847412109375 125.4875030517578125 141.6437530517578125 152.625 160.556243896484375 167.412506103515625 166.912506103515625 160.0437469482421875 146.837493896484375 135.6374969482421875 127.28125 119.3312530517578125
