data/historical-monthly-weather-data/wc2.1_cruts4.09_10m_prec_1976-05.asc
ncols        45
nrows        45
xllcorner    -63.500000000000
yllcorner    -7.500000000000
cellsize     0.166666666667
NODATA_value -9999
[rows 19 to 37 of 45, columns 0 to 43 of 45]
319.756256103515625 320.399993896484375 317.23126220703125 312.03125 309.48748779296875 307.79998779296875 301.381256103515625 292.29376220703125 283.01873779296875 272.86248779296875 263.20623779296875 251.7624969482421875 239.881256103515625 223.6062469482421875 206.318756103515625 186.118743896484375 168.9562530517578125 161 150.8562469482421875 143.6687469482421875 132.625 125.05625152587890625 120.2312469482421875 120.3249969482421875 119.55625152587890625 116.86875152587890625 118.4499969482421875 121.40625 120.71250152587890625 119.40000152587890625 121.4250030517578125 129.556243896484375 130.4187469482421875 129.5124969482421875 132.6875 139.3499908447265625 144.100006103515625 147.462493896484375 149.96875 150.6437530517578125 146 143.056243896484375 145.774993896484375 148.4187469482421875
300.03125 310.868743896484375 311.58123779296875 305.831268310546875 299.51873779296875 300.8125 297.53125 290.100006103515625 281.5625 269.649993896484375 258.98748779296875 248.6374969482421875 234.1437530517578125 219.381256103515625 200.818756103515625 184.9562530517578125 167.0437469482421875 155.53125 148.8000030517578125 139.431243896484375 134.756256103515625 128.193756103515625 121.59375 120.72499847412109375 119.99375152587890625 116.98125457763671875 115.28125 116.91249847412109375 118.9375 121.875 126.5187530517578125 132.274993896484375 129.931243896484375 128.399993896484375 130.0124969482421875 135.8312530517578125 141.068756103515625 144.53125 145.712493896484375 144.875 143.9499969482421875 141.4499969482421875 141.287506103515625 144.568756103515625
290.375 291.5 296.787506103515625 298.774993896484375 293.100006103515625 290.63751220703125 290.14373779296875 286.61248779296875 279.475006103515625 268.86248779296875 257.337493896484375 244.6875 230.28125 215.337493896484375 201.274993896484375 183.9187469482421875 175.1125030517578125 161.506256103515625 153.15625 142.3125 132.4875030517578125 126.05625152587890625 120.2624969482421875 117.09999847412109375 113.46250152587890625 112.15000152587890625 115.32500457763671875 117.02500152587890625 122.25624847412109375 126.90000152587890625 130.006256103515625 132.4812469482421875 132.28125 132.09375 130.8249969482421875 133.7937469482421875 138.693756103515625 141.7312469482421875 142.431243896484375 141.837493896484375 141.6687469482421875 139.71875 139.1999969482421875 140.9499969482421875
281.26251220703125 291.399993896484375 294.10626220703125 294.962493896484375 288.73126220703125 284.931243896484375 275.712493896484375 274.15625 274.45001220703125 265.70001220703125 252.787506103515625 239.9562530517578125 230.0124969482421875 216.2937469482421875 202.431243896484375 187.4875030517578125 175.34375 163.2687530517578125 152.568756103515625 142.1687469482421875 134.15625 124.66249847412109375 118.18125152587890625 114.2312469482421875 112.38124847412109375 110.03125 111.69374847412109375 116.5749969482421875 122.3562469482421875 126.9562530517578125 129.875 134.725006103515625 136.0124969482421875 134.6750030517578125 133.8937530517578125 132.368743896484375 134.274993896484375 138.1125030517578125 141.2312469482421875 140.4499969482421875 139.0625 137.6875 136.787506103515625 137.8000030517578125
268.1875 280.975006103515625 287.16876220703125 284.993743896484375 277.962493896484375 272.131256103515625 273.493743896484375 270.125 264.61248779296875 255.6687469482421875 246.431243896484375 240.03125 229.7062530517578125 219.1875 203.743743896484375 189 176.59375 165.881256103515625 155.725006103515625 145.899993896484375 135.131256103515625 126.05625152587890625 117.8625030517578125 115.63124847412109375 112.1062469482421875 107.8625030517578125 111.08750152587890625 116.58750152587890625 123.58750152587890625 131.25 138.1750030517578125 144.212493896484375 145.1999969482421875 142.4187469482421875 139.7312469482421875 135.037506103515625 137.350006103515625 138.4375 139.4499969482421875 139.03125 136.9875030517578125 136.693756103515625 136.4187469482421875 135.912506103515625
261.45623779296875 274.693756103515625 277.993743896484375 279.45623779296875 274.600006103515625 270.8125 265.09375 262.806243896484375 256.66876220703125 250.381256103515625 241.399993896484375 233.6999969482421875 227.8874969482421875 217.9187469482421875 202.5812530517578125 189.868743896484375 179.881256103515625 168.4875030517578125 157.087493896484375 147.181243896484375 138.1062469482421875 127.5625 120.0749969482421875 116.625 112.6750030517578125 111.53749847412109375 115.06874847412109375 121.40625 128.4187469482421875 138.7937469482421875 147.024993896484375 157.100006103515625 156.806243896484375 152.600006103515625 145.6437530517578125 140.993743896484375 140.34375 137.2624969482421875 137.243743896484375 136.774993896484375 135.59375 134.3937530517578125 134.212493896484375 132.399993896484375
261.850006103515625 276.131256103515625 271.725006103515625 271.16876220703125 262.743743896484375 258.537506103515625 253.2750091552734375 250.8125 242.725006103515625 234.4875030517578125 232.962493896484375 229.0437469482421875 221.4812469482421875 213.6875 203.8125 191.5124969482421875 181.7687530517578125 170.493743896484375 158.993743896484375 148.2312469482421875 139.256256103515625 128.912506103515625 121.40000152587890625 116.53125 114.27500152587890625 112.9250030517578125 119.7624969482421875 126.66249847412109375 133.850006103515625 145.1750030517578125 157.306243896484375 172.3562469482421875 171.875 162.1062469482421875 152.3937530517578125 147 141.931243896484375 138.068756103515625 134.53125 133.40625 132.75 130.5749969482421875 128.899993896484375 128.806243896484375
260.868743896484375 265.51251220703125 265.506256103515625 262.681243896484375 255.0749969482421875 251.125 245.40625 238.850006103515625 233.006256103515625 232.2687530517578125 229.118743896484375 223.337493896484375 219.1374969482421875 213.6750030517578125 204.2937469482421875 194.46875 183.431243896484375 171.024993896484375 162.8312530517578125 151.4875030517578125 140.7687530517578125 131.1687469482421875 123.4812469482421875 120.90625 118.7937469482421875 118.02500152587890625 125.09999847412109375 132.5625 140.931243896484375 150.9499969482421875 165.4875030517578125 180.493743896484375 181.9250030517578125 167.7312469482421875 154.5749969482421875 147.3312530517578125 143.4375 137.4499969482421875 133.7624969482421875 132.3874969482421875 130.8625030517578125 128.7687530517578125 127.2062530517578125 125.53749847412109375
261.806243896484375 261.149993896484375 258.993743896484375 252.693756103515625 247.21875 244.462493896484375 239.6687469482421875 231.3000030517578125 227.7375030517578125 226.662506103515625 222.6875 217.881256103515625 215.1125030517578125 210.4499969482421875 203.493743896484375 192.537506103515625 184.4875030517578125 175.818756103515625 167.34375 156.631256103515625 145.5500030517578125 134.4875030517578125 127.90625 124.83750152587890625 123.38124847412109375 122.125 129.875 137.787506103515625 147 157.287506103515625 170.131256103515625 182.4250030517578125 179.7062530517578125 166.681243896484375 155.524993896484375 147.975006103515625 141.90625 137.53125 134.931243896484375 131.6750030517578125 128.943756103515625 128.068756103515625 126.65000152587890625 125.6875
257.962493896484375 256.09375 250.5124969482421875 244.7062530517578125 239.125 231.8312530517578125 225.5749969482421875 222.693756103515625 223.256256103515625 219.4187469482421875 216.2750091552734375 214.1125030517578125 211.506256103515625 210.1687469482421875 205.5562591552734375 198.6437530517578125 190.618743896484375 180.4875030517578125 170.881256103515625 160.649993896484375 149.712493896484375 138.3125 130.5625 127.65000152587890625 126.2624969482421875 124.3312530517578125 132.524993896484375 142.09375 151.412506103515625 160.15625 171.2375030517578125 179.2312469482421875 173.59375 162.4187469482421875 153.774993896484375 146.75 141.381256103515625 135.7687530517578125 133.1125030517578125 129.7687530517578125 125.03749847412109375 122.88124847412109375 124.0749969482421875 126.0625
253.712493896484375 250 241.743743896484375 232.443756103515625 226.037506103515625 222.9812469482421875 218.2312469482421875 218.181243896484375 217.0812530517578125 212.399993896484375 210.9187469482421875 210.149993896484375 209.2375030517578125 209.4875030517578125 206.037506103515625 200.7624969482421875 193.850006103515625 187.0812530517578125 176.649993896484375 164.75 154.2312469482421875 144.2624969482421875 136.087493896484375 132.6437530517578125 129.8625030517578125 130.8562469482421875 137.037506103515625 144.087493896484375 152.7312469482421875 160.193756103515625 168.8874969482421875 173.53125 167.75 159.34375 151.75 144.2624969482421875 141.662506103515625 136.6062469482421875 132.868743896484375 132.03125 129.21875 126.13124847412109375 124.2375030517578125 123.46250152587890625
248.8562469482421875 243.068756103515625 232.8000030517578125 225.6687469482421875 220.5500030517578125 217.056243896484375 215.4187469482421875 212.693756103515625 211.6812591552734375 209.381256103515625 207.9250030517578125 206.40625 208.8312530517578125 206.7687530517578125 204.6875 202.59375 198.40625 190.2624969482421875 181.3937530517578125 171.6125030517578125 159.0812530517578125 148.212493896484375 140.2375030517578125 135.6999969482421875 133.287506103515625 135.625 140.806243896484375 146.4375 154.3249969482421875 159.1875 166.068756103515625 167.5187530517578125 161.7937469482421875 154.9375 147.78125 140.5500030517578125 137.962493896484375 135.350006103515625 133.818756103515625 131.7624969482421875 131.1999969482421875 127.46250152587890625 124.72499847412109375 121.63124847412109375
238.006256103515625 231.4375 223.162506103515625 218.006256103515625 215.25 210.5749969482421875 211.71875 206.600006103515625 205.287506103515625 202.8562469482421875 201.618743896484375 199.931243896484375 202.193756103515625 203.975006103515625 202.6875 202.8249969482421875 197.2624969482421875 189.4187469482421875 181.368743896484375 172.8562469482421875 160.306243896484375 150.2937469482421875 142.1437530517578125 138.96875 139.162506103515625 139.5 144.337493896484375 148.568756103515625 153.46875 157.4375 159.3000030517578125 160.368743896484375 154.462493896484375 148.3874969482421875 143.037506103515625 137.1750030517578125 134.0187530517578125 132.28125 130.4375 131.337493896484375 130.556243896484375 127.72499847412109375 125.3125 124.1875
222.9250030517578125 218.5437469482421875 211.787506103515625 209.287506103515625 205.2375030517578125 201.350006103515625 201.243743896484375 198.318756103515625 197.4499969482421875 197.4250030517578125 200.287506103515625 199.4499969482421875 201.2687530517578125 204.4499969482421875 202.8562469482421875 200.524993896484375 196.1437530517578125 191.306243896484375 181.6750030517578125 173.4812469482421875 161.5124969482421875 153.193756103515625 144.8499908447265625 143.4375 143.4187469482421875 144.3249969482421875 147.3375091552734375 151.256256103515625 153.7312469482421875 154.84375 155.5625 154.368743896484375 147.75 144.40625 139.0187530517578125 135.8249969482421875 131.1750030517578125 129.4375 127.53749847412109375 129.475006103515625 128.2062530517578125 127.1125030517578125 125.4812469482421875 125.5812530517578125
208.53125 204.125 201.850006103515625 199.9875030517578125 198.6999969482421875 194.3125 192.3874969482421875 189.243743896484375 188.2624969482421875 188.8937530517578125 191.712493896484375 195.568756103515625 196.96875 198.475006103515625 199.350006103515625 199.8125 197.2375030517578125 191.5749969482421875 180.943756103515625 171.681243896484375 163.1875 156 148.493743896484375 146.03125 146.493743896484375 146.524993896484375 148.28125 150.7624969482421875 153.7937469482421875 152.8874969482421875 151.587493896484375 148.8312530517578125 143.3562469482421875 138.375 134.5124969482421875 131.0437469482421875 128.125 124.3249969482421875 124.21875 124.59375 123.16249847412109375 123.9562530517578125 124.8249969482421875 125.4499969482421875
193.381256103515625 190.287506103515625 190.2937469482421875 191.131256103515625 191.2312469482421875 187.412506103515625 182.46875 180.274993896484375 176.8625030517578125 178.662506103515625 183.71875 188.818756103515625 194.625 199.1125030517578125 199.6437530517578125 199.3312530517578125 196.4375 190.9250030517578125 180.993743896484375 170.149993896484375 162.712493896484375 155.087493896484375 149.7375030517578125 147.399993896484375 147.3249969482421875 147.4499969482421875 150.4187469482421875 152.8937530517578125 154.5437469482421875 152.5749969482421875 148.4562530517578125 144.162506103515625 137.375 133.3249969482421875 126.26874542236328125 124.0124969482421875 120.1875 120.3937530517578125 119.8874969482421875 118.99375152587890625 117.7624969482421875 117.33750152587890625 118.41249847412109375 120.4875030517578125
182.09375 180.975006103515625 179.65625 179.7562408447265625 179.0625 175.90625 171 169.649993896484375 167.212493896484375 166.5749969482421875 170.818756103515625 181.056243896484375 190.931243896484375 195.3874969482421875 197.8000030517578125 197.0749969482421875 194.3937530517578125 186.8249969482421875 179.4812469482421875 169.21875 162.8312530517578125 156.287506103515625 151.0500030517578125 149.556243896484375 148.7375030517578125 148.181243896484375 152.287506103515625 154.587493896484375 153.774993896484375 150.2687530517578125 145.8312530517578125 140.587493896484375 133.662506103515625 126.8874969482421875 121.15000152587890625 118.08750152587890625 118.3937530517578125 115.6125030517578125 115.125 116.13124847412109375 114.41249847412109375 115.53125 115.46250152587890625 117.11875152587890625
172.431243896484375 172.6437530517578125 171.2312469482421875 171.03125 171.1687469482421875 167.225006103515625 163.6875 160.256256103515625 157.243743896484375 152.7062530517578125 163.4375 182.2062530517578125 191.193756103515625 194.5812530517578125 195.8625030517578125 195.0124969482421875 190.9375 183.2687530517578125 176.3937530517578125 166 161.306243896484375 156.0625 150.4812469482421875 149.1062469482421875 148.743743896484375 149.8000030517578125 152.03125 153.256256103515625 152.212493896484375 148.5 143.9812469482421875 138.868743896484375 131.2687530517578125 122.8312530517578125 117.65000152587890625 116.1125030517578125 115.03749847412109375 113.5812530517578125 112.15625 111.43125152587890625 109.8000030517578125 109.3625030517578125 111.90000152587890625 113.9250030517578125
163.850006103515625 163.8874969482421875 164.3874969482421875 163.649993896484375 164.837493896484375 162.5 159.8125 156 153.5749969482421875 149.5 170.600006103515625 190.056243896484375 194.875 197.03125 196.1875 194.0625 189.1750030517578125 182.5625 173.962493896484375 165.7687530517578125 159.2062530517578125 154.7312469482421875 150.118743896484375 148.743743896484375 148.1999969482421875 148.71875 148.8562469482421875 152.8249969482421875 152.618743896484375 146.90625 140.65625 135.28125 128.78125 119.75624847412109375 112.71875 111.54999542236328125 111.7375030517578125 109.9562530517578125 110.36875152587890625 108.28749847412109375 106.9187469482421875 106.8249969482421875 105.86875152587890625 105.8937530517578125
