data/historical-monthly-weather-data/wc2.1_cruts4.09_10m_prec_1991-11.asc
ncols        51
nrows        45
xllcorner    -63.500000000000
yllcorner    -7.500000000000
cellsize     0.166666666667
NODATA_value -9999
[rows 20 to 39 of 45, columns 0 to 43 of 51]
116.1999969482421875 116.99375152587890625 117.15000152587890625 117.09375 116.6374969482421875 116.99375152587890625 117.22499847412109375 116.9375 117.29999542236328125 116.71875 114.8249969482421875 109.08750152587890625 102.1999969482421875 94.3625030517578125 87.5437469482421875 80.8125 74.9250030517578125 71.0500030517578125 69.03749847412109375 66.53749847412109375 63.493747711181640625 59.450000762939453125 55.143749237060546875 53.875 53.081249237060546875 52.049999237060546875 52.36875152587890625 51.75 50.581249237060546875 50.86875152587890625 51.674999237060546875 53.78749847412109375 53.28125 52.606250762939453125 52.18125152587890625 53.52500152587890625 54.53749847412109375 55.6875 56.825000762939453125 58.0625 58.80625152587890625 59.46250152587890625 59.53125 59.27500152587890625
117.6687469482421875 117.9812469482421875 118.6875 119.1062469482421875 119.3562469482421875 119.9499969482421875 120.88124847412109375 121.125 122.5437469482421875 122.75624847412109375 121.43125152587890625 117.2937469482421875 111.5437469482421875 104.00624847412109375 96 88.22499847412109375 81.8000030517578125 76.4187469482421875 72.3625030517578125 68.80625152587890625 64.21250152587890625 59.668750762939453125 55.63124847412109375 54.03749847412109375 52.706249237060546875 51.63124847412109375 52.793750762939453125 53.0625 53.33750152587890625 55.0625 56.668750762939453125 59.13124847412109375 58.262500762939453125 57.75 57.543750762939453125 58.549999237060546875 59.293750762939453125 59.90000152587890625 60.16249847412109375 60.81874847412109375 61.00624847412109375 61.125 60.97499847412109375 60.768749237060546875
119.3249969482421875 120.5500030517578125 121.2375030517578125 121.8625030517578125 122.4562530517578125 123.06874847412109375 123.7312469482421875 125.1125030517578125 127.5 128.1374969482421875 128.0437469482421875 125.44374847412109375 122.8249969482421875 116.09999847412109375 105.5124969482421875 95.83750152587890625 88.0500030517578125 81.4562530517578125 75.75 70.7062530517578125 65.5187530517578125 60.393749237060546875 55.86875152587890625 53.97499847412109375 52.799999237060546875 51.825000762939453125 53.22499847412109375 54.643749237060546875 55.643749237060546875 58.362499237060546875 61.49375152587890625 64.6062469482421875 64.13124847412109375 63.46250152587890625 62.91249847412109375 63.75624847412109375 64.1999969482421875 63.8125 63.34999847412109375 63.356250762939453125 63.299999237060546875 62.893749237060546875 62.41249847412109375 61.9375
121.9250030517578125 123.1750030517578125 124.0124969482421875 124.2375030517578125 125.13124847412109375 126.30625152587890625 127.21250152587890625 128.8125 130.693756103515625 131.75 132.2375030517578125 132.725006103515625 132.493743896484375 125.53749847412109375 113.15625 102.2062530517578125 93.2687530517578125 85.63124847412109375 78.6374969482421875 72.25624847412109375 66.6437530517578125 61.21875 56.268749237060546875 54.41249847412109375 53.27500152587890625 52.418750762939453125 55.0625 56.69374847412109375 58.8125 62.4375 66.8874969482421875 70.90000152587890625 70.1750030517578125 69.02500152587890625 68.24375152587890625 68.90000152587890625 68.59999847412109375 66.8000030517578125 65.97499847412109375 65.4812469482421875 64.9875030517578125 64.4875030517578125 64 63.46250152587890625
126.47499847412109375 126.8249969482421875 127.4812469482421875 127.7937469482421875 129.118743896484375 129.600006103515625 129.9499969482421875 130.9812469482421875 132.8937530517578125 133.9812469482421875 134.9187469482421875 134.7624969482421875 134.243743896484375 129.100006103515625 117.88124847412109375 106.8874969482421875 97.36875152587890625 88.63124847412109375 80.8937530517578125 73.74375152587890625 67.5812530517578125 61.575000762939453125 56.75 54.80625152587890625 53.549999237060546875 53.418750762939453125 56.36875152587890625 59.21250152587890625 61.93125152587890625 66.88124847412109375 72.00624847412109375 76.6999969482421875 75.7687530517578125 74.2062530517578125 72.65625 71.9562530517578125 70.8625030517578125 68.4499969482421875 67.56874847412109375 67.1125030517578125 66.34999847412109375 65.875 65.81874847412109375 65.81874847412109375
133.443756103515625 133.5500030517578125 132 132.350006103515625 132.475006103515625 132.193756103515625 131.774993896484375 132.1062469482421875 133.4749908447265625 134.462493896484375 135.024993896484375 135.21875 134.1312408447265625 130.287506103515625 120.6125030517578125 110.3874969482421875 101.06874847412109375 91.8249969482421875 83.4187469482421875 75.75 69.09375 62.77500152587890625 57.40625 55.09375 54.262500762939453125 54.612499237060546875 58.362499237060546875 62.168750762939453125 65.88124847412109375 71.56874847412109375 77.3125 82.38124847412109375 81.15625 78.5124969482421875 76.22499847412109375 74.36875152587890625 72.16249847412109375 69.6374969482421875 69.1062469482421875 68.59999847412109375 67.9499969482421875 67.5437469482421875 66.9812469482421875 67.4499969482421875
142.6999969482421875 141.318756103515625 138.850006103515625 137.243743896484375 135.662506103515625 134.337493896484375 134.15625 133.587493896484375 133.5 134.149993896484375 135.125 135.618743896484375 134.9250030517578125 132.149993896484375 123.43125152587890625 113.4562530517578125 104.5187530517578125 95.4812469482421875 87.0124969482421875 78.86875152587890625 71.90625 65.3125 59.58750152587890625 57.518749237060546875 57.375 58.043750762939453125 62.237499237060546875 66.78749847412109375 71.4875030517578125 77.00624847412109375 83.1062469482421875 88.0749969482421875 86 82.19374847412109375 78.25 75.75 73.1437530517578125 70.3625030517578125 70.21250152587890625 70.0187530517578125 69.59375 69.05625152587890625 68.53749847412109375 68.55625152587890625
152.59375 149.65625 145.625 141.868743896484375 138.881256103515625 136.4499969482421875 135.350006103515625 134.4812469482421875 134.3625030517578125 134.5749969482421875 134.493743896484375 135.412506103515625 135.34375 133.399993896484375 125.71875 116.5 107.6687469482421875 99.13124847412109375 90.6062469482421875 82.5500030517578125 75.63124847412109375 68.81874847412109375 63.606250762939453125 62.11875152587890625 61.84375 62.40000152587890625 66.8625030517578125 72.09375 77.2312469482421875 82.71250152587890625 88.31874847412109375 93.0625 89.84375 84.46875 79.77500152587890625 76.8125 73.90000152587890625 71.36875152587890625 70.9250030517578125 71.52500152587890625 71.83750152587890625 71.4375 69.6687469482421875 69.3125
162.1437530517578125 157.6062469482421875 151.037506103515625 145.6125030517578125 141.225006103515625 137.962493896484375 136.006256103515625 134.65625 134.931243896484375 134.6750030517578125 134.443756103515625 135.337493896484375 136.118743896484375 134.78125 127.71250152587890625 119.88124847412109375 112.08750152587890625 103.21875 94.77500152587890625 86.81874847412109375 80.11875152587890625 73.46250152587890625 68.4250030517578125 67.47499847412109375 67.21875 67.71875 72.6750030517578125 78.0500030517578125 83.6062469482421875 88.4499969482421875 93.65000152587890625 97.5749969482421875 92.8562469482421875 86.50624847412109375 81.1374969482421875 77.8000030517578125 74.7624969482421875 71.9250030517578125 71.47499847412109375 71.71875 72.59375 71.88124847412109375 70.78125 71.7624969482421875
168.2375030517578125 162.2624969482421875 154.625 146.9499969482421875 142.2312469482421875 139.0625 136.9250030517578125 135.5124969482421875 135.587493896484375 134.850006103515625 134.65625 136 137.2375030517578125 137.0500030517578125 131.3125 124.77500152587890625 117.34999847412109375 109.47499847412109375 101.0437469482421875 93.22499847412109375 86.75624847412109375 80.96250152587890625 76.1875 75.21875 75.15000152587890625 76.03125 81.0500030517578125 86.30625152587890625 91.4875030517578125 95.53125 99.3125 101.9499969482421875 96.59375 90.1750030517578125 84.25 80.13124847412109375 76.38124847412109375 73.5500030517578125 72.0437469482421875 71.49375152587890625 71.78125 73.0187530517578125 73.25624847412109375 74.9187469482421875
172.681243896484375 165.75 157.4875030517578125 149.3937530517578125 143.506256103515625 140.84375 138.556243896484375 136.6687469482421875 135.90625 135.71875 135.7312469482421875 137.3937530517578125 139.381256103515625 139.0749969482421875 134.90625 129.931243896484375 124.41249847412109375 116.46875 107.8249969482421875 101.0437469482421875 95.13124847412109375 89.6062469482421875 85 84.1875 84.05625152587890625 85.2375030517578125 89.96250152587890625 95.28125 100 102.5500030517578125 104.99375152587890625 106.4562530517578125 100.4562530517578125 94.16249847412109375 87.5500030517578125 82.8125 78.75624847412109375 75.8874969482421875 73.5187530517578125 70.59375 70.9250030517578125 73.63750457763671875 75.3125 76.9375
175.84375 168.712493896484375 160.318756103515625 153.037506103515625 147.6437530517578125 143.28125 140.4562530517578125 137.8937530517578125 136.9562530517578125 136.5 136.6999969482421875 138.9375 141.1125030517578125 142.0437469482421875 139.9375 136.631256103515625 132.287506103515625 124.7062530517578125 116.8562469482421875 110.41249847412109375 104.8000030517578125 99.22499847412109375 94.53749847412109375 93.7624969482421875 94.1437530517578125 95.1125030517578125 99.47499847412109375 104.52500152587890625 108.66249847412109375 110.1999969482421875 111.15625 110.96875 104.75 97.80625152587890625 91.56874847412109375 86.4562530517578125 82.00624847412109375 78.22499847412109375 74.94374847412109375 72.5625 73.47499847412109375 76.68125152587890625 79.05625152587890625 82.16249847412109375
174.6687469482421875 168.462493896484375 161.1750030517578125 155.0812530517578125 150.131256103515625 145.4187469482421875 142.2312469482421875 139.625 138.399993896484375 137.962493896484375 139.40625 141.75 144.931243896484375 148.0124969482421875 147.125 145.587493896484375 142.350006103515625 136.4562530517578125 129.5500030517578125 123.3000030517578125 117.8625030517578125 111.9812469482421875 106.84375 106.09375 106.52500152587890625 107.2937469482421875 111.2687530517578125 115.69374847412109375 119.6999969482421875 119.7062530517578125 119.125 117.55625152587890625 110.93125152587890625 103.7375030517578125 97.6687469482421875 92.53749847412109375 88.125 83.68125152587890625 80.0812530517578125 79.2624969482421875 79.82500457763671875 82.63124847412109375 85.7937469482421875 90.15000152587890625
172.337493896484375 167.28125 161.3249969482421875 156.6875 152.068756103515625 147.5500030517578125 143.6062469482421875 141.1437530517578125 139.8874969482421875 139.3000030517578125 140.7375030517578125 144.90625 149.681243896484375 153.306243896484375 154.3062591552734375 154.7687530517578125 153.9875030517578125 149.0812530517578125 143.0437469482421875 137.34375 131.7624969482421875 125.8249969482421875 120.59375 119.5187530517578125 119.74375152587890625 120.15000152587890625 123.90000152587890625 127.625 130.9499969482421875 129.4250030517578125 127.28125 124.80625152587890625 117.90000152587890625 110.66249847412109375 104.59999847412109375 99.58750152587890625 94.5187530517578125 89.25624847412109375 86.75624847412109375 86.34375 86.1999969482421875 88.86875152587890625 93.0187530517578125 98.1374969482421875
170.8874969482421875 166.725006103515625 162 157.78125 153.975006103515625 149.431243896484375 145.1062469482421875 142.4875030517578125 140.087493896484375 140.0124969482421875 142.4812469482421875 148.4250030517578125 154.631256103515625 160.4250030517578125 163.712493896484375 165.100006103515625 166.2937469482421875 162.475006103515625 157.1750030517578125 151.875 146.6687469482421875 140.625 135.037506103515625 133.2375030517578125 132.65625 133.1437530517578125 136.0187530517578125 139.631256103515625 142.037506103515625 139.15625 135.9250030517578125 132.0437469482421875 124.84999847412109375 118.0812530517578125 111.38124847412109375 105.65625 100.27500152587890625 96.6374969482421875 94.34999847412109375 92.99375152587890625 92.66249847412109375 94.7062530517578125 98.38124847412109375 102.91249847412109375
170.9562530517578125 167.024993896484375 162.9124908447265625 158.8562469482421875 155.28125 151.2312469482421875 147.21875 143.3937530517578125 140.2937469482421875 139.649993896484375 143.600006103515625 151.2562408447265625 160.162506103515625 168.337493896484375 172.6062469482421875 176.65625 178.3562469482421875 175.875 172.118743896484375 168.3812408447265625 163.125 156.006256103515625 149.868743896484375 147.7687530517578125 146.7687530517578125 146.59375 148.975006103515625 152.1437530517578125 154.100006103515625 149.53125 145.6437530517578125 140.7312469482421875 133.8000030517578125 126.9499969482421875 119.59375 113.53125 110 106.125 103.30625152587890625 102.03125 101.6875 102.9250030517578125 105.3937530517578125 108.9812469482421875
171.2937469482421875 167.9499969482421875 164.5500030517578125 161.0812530517578125 157.568756103515625 153.9875030517578125 149.818756103515625 145.6437530517578125 141.493743896484375 138.350006103515625 144.587493896484375 157.881256103515625 168.2375030517578125 176.1374969482421875 181.9875030517578125 187.193756103515625 190.381256103515625 188.75 186.1125030517578125 182.8312530517578125 177.4937591552734375 170.375 164.2687530517578125 161.743743896484375 160.274993896484375 160.225006103515625 161.431243896484375 164.4875030517578125 165.4375 160.4875030517578125 155.21875 150.443756103515625 143.1437530517578125 136.431243896484375 129.0749969482421875 123.65625 119.96875 116.3562469482421875 113.71875 111.1687469482421875 109.8312530517578125 110.1437530517578125 111.61249542236328125 114.34375
173.1437530517578125 169.818756103515625 166.587493896484375 163.75 160.53125 157.587493896484375 154.3562469482421875 150.71875 146.96875 143.0124969482421875 155.131256103515625 170.4499969482421875 178.6687469482421875 185.6687469482421875 191.931243896484375 197.806243896484375 201.9499969482421875 200.7062530517578125 198.1374969482421875 193.90625 189.46875 183.4875030517578125 177.9875030517578125 174.6875 173.25 172.9812469482421875 173.5625 176.03125 176.7937469482421875 171.6500091552734375 163.9187469482421875 158.2062530517578125 151.5812530517578125 145.162506103515625 138.34375 133.868743896484375 130.4562530517578125 126.53749847412109375 124.47499847412109375 121.9875030517578125 118.68125152587890625 118.4250030517578125 118.00624847412109375 118.77500152587890625
172.7687530517578125 169.975006103515625 167.84375 165.537506103515625 162.75 160.693756103515625 158.9250030517578125 157.2062530517578125 157.90625 163.975006103515625 178.9562530517578125 185.006256103515625 189.806243896484375 195.881256103515625 201.1750030517578125 206.243743896484375 210.274993896484375 209.34375 206.3874969482421875 203.068756103515625 198.5187530517578125 192.8874969482421875 188.4499969482421875 185.59375 183.0500030517578125 182.5437469482421875 182.5500030517578125 183.96875 184.4375 179.3125 172.8937530517578125 167.25 161.024993896484375 154.993743896484375 150.75 147.024993896484375 142.8125 139.8874969482421875 137.2312469482421875 132.587493896484375 128.6750030517578125 128.2375030517578125 126.34375 126.5812530517578125
171.9250030517578125 170.0500030517578125 168.5812530517578125 166.8125 165.6687469482421875 165.306243896484375 164.71875 165.818756103515625 169.7687530517578125 177 186.9875030517578125 194.506256103515625 199.8562469482421875 205.6875 210.59375 214.7937469482421875 218.975006103515625 217.8937530517578125 215.21875 212.412506103515625 207.46875 202.306243896484375 197.53125 194.2375030517578125 192.5749969482421875 191.2375030517578125 190.506256103515625 191.368743896484375 191.162506103515625 186.28125 180.462493896484375 177.9375 174.09375 168.875 165.4812469482421875 161.3125 156.6750030517578125 152.7687530517578125 150.037506103515625 144.024993896484375 139.368743896484375 138.03125 135.5999908447265625 134.0124969482421875
