data/historical-monthly-weather-data/wc2.1_cruts4.09_10m_prec_1956-11.asc
ncols        51
nrows        45
xllcorner    -63.500000000000
yllcorner    -7.500000000000
cellsize     0.166666666667
NODATA_value -9999
[rows 0 to 19 of 45, columns 0 to 43 of 51]
218.1875 215.9375 210.6750030517578125 210.09375 209.024993896484375 209.337493896484375 208.1750030517578125 206.975006103515625 205.8874969482421875 203.649993896484375 201.274993896484375 196.03125 190.9375 182.9499969482421875 175.84375 168.149993896484375 161.0625 152.881256103515625 145.375 139.1125030517578125 134.2624969482421875 129.649993896484375 125.875 121.61875152587890625 118.15625 115.4250030517578125 113.97499847412109375 112.7062530517578125 111.5 112.8625030517578125 115.08750152587890625 118.27500152587890625 122.1062469482421875 126.9812469482421875 131.381256103515625 135.006256103515625 138.8562469482421875 141.806243896484375 142.024993896484375 141.9875030517578125 140.6999969482421875 139.40625 136.4499969482421875 133.5812530517578125
223.0437469482421875 219.181243896484375 216.6062469482421875 216.931243896484375 218.7624969482421875 219.087493896484375 217.53125 218.399993896484375 217.412506103515625 214.568756103515625 211.5 204.5812530517578125 197.0124969482421875 189.118743896484375 180.2937469482421875 172.993743896484375 164.40625 155.962493896484375 147.475006103515625 140.4499969482421875 135.100006103515625 130.256256103515625 126.49375152587890625 123.5187530517578125 119.41249847412109375 116.40625 115.28749847412109375 113.78749847412109375 112.9375 115.3249969482421875 118.84999847412109375 123.2687530517578125 126.94374847412109375 133.4187469482421875 139.1750030517578125 143.5124969482421875 148.1125030517578125 151.90625 152.0437469482421875 152.100006103515625 151.649993896484375 149.681243896484375 147.1437530517578125 142.743743896484375
224.4562530517578125 221.3000030517578125 218.868743896484375 218.3874969482421875 220.7375030517578125 221.3312530517578125 223.6374969482421875 225.318756103515625 226.006256103515625 223.7312469482421875 219.087493896484375 210.78125 202.46875 193.4499969482421875 183.8874969482421875 175.1125030517578125 166.962493896484375 159.1999969482421875 150.787506103515625 144.0187530517578125 138.899993896484375 134.162506103515625 130.4250030517578125 127.6687469482421875 124.08750152587890625 120.71875 119.1750030517578125 117.7375030517578125 116.25 118.33750152587890625 122.7624969482421875 127.03125 133.037506103515625 139.493743896484375 146.381256103515625 150.962493896484375 156.087493896484375 162.243743896484375 163.537506103515625 164.806243896484375 164.837493896484375 161.975006103515625 158.943756103515625 154.943756103515625
220.3125 216.943756103515625 217.4562530517578125 216.818756103515625 219.625 221.524993896484375 224.5 229.256256103515625 232.725006103515625 232.149993896484375 226.2937469482421875 216.068756103515625 206.3562469482421875 196.375 186.5124969482421875 177.5437469482421875 169.6437530517578125 161.875 154.6875 149.28125 144.6125030517578125 139.6875 135.0187530517578125 131.75 128.34375 125.24375152587890625 123.4250030517578125 120.5124969482421875 119.19374847412109375 122.11875152587890625 126.26874542236328125 131.306243896484375 136.6999969482421875 143.6750030517578125 150.993743896484375 158.4250030517578125 165.649993896484375 172.5500030517578125 175.4625091552734375 177.568756103515625 177.0749969482421875 175.2624969482421875 170.756256103515625 166.03125
221.837493896484375 215.337493896484375 209.2375030517578125 210.8249969482421875 216.350006103515625 219.899993896484375 224.087493896484375 230.9499969482421875 237.75 240.25 231.087493896484375 217.5500030517578125 207.0187530517578125 197.8125 188.181243896484375 179.8562469482421875 171.6999969482421875 165.3937530517578125 158.8937530517578125 152.899993896484375 149.6437530517578125 144.818756103515625 140.256256103515625 137.587493896484375 132.90625 129.34375 125.46875 123.3312530517578125 122.43125152587890625 124.34375 128.375 133.5187530517578125 139.7624969482421875 147.681243896484375 156.193756103515625 164.7937469482421875 173.71875 182.6687469482421875 187.837493896484375 189.15625 190.087493896484375 186.6687469482421875 182.3625030517578125 177.5749969482421875
219.475006103515625 214.068756103515625 208.2624969482421875 203.443756103515625 210.3874969482421875 218.0437469482421875 223.774993896484375 229.3874969482421875 235.4187469482421875 239.225006103515625 229.09375 216.0437469482421875 206.8562469482421875 198.25 189.0124969482421875 180.71875 173.756256103515625 168.3312530517578125 163.5437469482421875 157.787506103515625 154.100006103515625 150.2624969482421875 145.9250030517578125 141.8625030517578125 138.0625 133.6750030517578125 129.71875 126.63124847412109375 124.96875 126.3562469482421875 129.0500030517578125 135.21875 141.462493896484375 150.118743896484375 158.875 169.1875 179.556243896484375 190.274993896484375 197.7375030517578125 200.993743896484375 199.037506103515625 195.9875030517578125 191.5625 187.381256103515625
218.9812469482421875 216.2937469482421875 211.006256103515625 206.287506103515625 208.587493896484375 212.475006103515625 217.524993896484375 221.65625 222.681243896484375 220.2062530517578125 216.8874969482421875 209.431243896484375 203.431243896484375 196.6999969482421875 189.6062469482421875 182.8874969482421875 176.568756103515625 171.756256103515625 166.649993896484375 163.5187530517578125 160.03125 156.068756103515625 151.9187469482421875 147.3249969482421875 143.0437469482421875 139.125 134.162506103515625 129.8000030517578125 126.03749847412109375 127.125 130.0812530517578125 135.0187530517578125 142.068756103515625 151.306243896484375 161.3937530517578125 171.693756103515625 182.399993896484375 194.8125 206.7062530517578125 210.0812530517578125 207.3125 203.631256103515625 199.46875 195.006256103515625
220.8874969482421875 218.162506103515625 214.65625 213.568756103515625 215.28125 215.431243896484375 213.1750030517578125 208.600006103515625 202.7687530517578125 200.4875030517578125 203.125 201.693756103515625 198.774993896484375 194.318756103515625 189.2312469482421875 184.5625 179.1750030517578125 174.9562530517578125 171.274993896484375 168.1062469482421875 166.59375 163.4375 158.4375 153.493743896484375 149.662506103515625 143.3874969482421875 137.2249908447265625 131.4375 127.46250152587890625 127.11875152587890625 129.2687530517578125 134.65625 142.131256103515625 151.225006103515625 161.6875 171.6999969482421875 183.568756103515625 195.0625 204.0812530517578125 208.3937530517578125 208.1374969482421875 205.3625030517578125 201.6062469482421875 197.0749969482421875
223.1750030517578125 222.274993896484375 221.03125 220.5625 221.193756103515625 219.5437469482421875 215.5187530517578125 208.5187530517578125 195.8625030517578125 189.100006103515625 193.993743896484375 195.2937469482421875 194.837493896484375 192.068756103515625 189.287506103515625 186.0124969482421875 182.2937469482421875 179.787506103515625 179.1999969482421875 176.5812530517578125 173.2062530517578125 170.3625030517578125 164.743743896484375 160.993743896484375 155.412506103515625 147.90625 140.09375 133.943756103515625 129.1937408447265625 126.80625152587890625 128.837493896484375 134.524993896484375 140.84375 148.818756103515625 158.037506103515625 168.4875030517578125 179.493743896484375 189.9562530517578125 197.649993896484375 203.53125 204.8625030517578125 202.193756103515625 200.1062469482421875 196.59375
226.28125 225.3937530517578125 224.962493896484375 225.443756103515625 226.71875 225.7062530517578125 220.4812469482421875 212.193756103515625 202.1687469482421875 196.350006103515625 195.53125 193.225006103515625 192.9250030517578125 190.600006103515625 188.9812469482421875 187.5812530517578125 185.7624969482421875 185.7375030517578125 186.15625 186.3125 183.3562469482421875 179.3625030517578125 172.65625 167.506256103515625 159.9499969482421875 152.193756103515625 144.65625 136.975006103515625 130.8625030517578125 126.81874847412109375 127.9499969482421875 132.806243896484375 138.850006103515625 146.7062530517578125 155.5124969482421875 165.506256103515625 176.287506103515625 185.087493896484375 192.662506103515625 198.743743896484375 202.0500030517578125 200.65625 197.8937530517578125 193.524993896484375
229.881256103515625 229.743743896484375 229.1062469482421875 229.818756103515625 231.1999969482421875 232.4250030517578125 228.131256103515625 218.6999969482421875 208.881256103515625 202.0749969482421875 199.40625 195.5500030517578125 192.7062530517578125 189.837493896484375 188.5124969482421875 187.881256103515625 188.03125 190.0625 192.681243896484375 195.725006103515625 197.1750030517578125 191.943756103515625 182.631256103515625 172.2375030517578125 165.0500030517578125 158.537506103515625 150.681243896484375 142.756256103515625 134.8562469482421875 129.84375 130.0625 133.5437469482421875 139.4812469482421875 146.443756103515625 153.712493896484375 162.087493896484375 171.09375 179.7375030517578125 188.9812469482421875 195.743743896484375 199.337493896484375 198.899993896484375 197.1125030517578125 193.59375
232.8312530517578125 232.837493896484375 232.350006103515625 234.243743896484375 235.899993896484375 237.1062469482421875 234.274993896484375 224.53125 214.46875 206.9250030517578125 201.962493896484375 197.943756103515625 192.618743896484375 189.1437530517578125 188.09375 187.7937469482421875 188.8249969482421875 191.7375030517578125 196.631256103515625 203.3187408447265625 208.1687469482421875 203.6374969482421875 192.4812469482421875 179.4875030517578125 169.8562469482421875 162.28125 154.09375 146.587493896484375 140.46875 135.381256103515625 133.443756103515625 134.46875 138.6750030517578125 144.1750030517578125 151.03125 158.818756103515625 166.7375030517578125 175.443756103515625 184.0500030517578125 191.65625 197.149993896484375 196.9375 195.5749969482421875 192.725006103515625
235.193756103515625 236.100006103515625 235.912506103515625 236.412506103515625 236.8625030517578125 236.975006103515625 233.181243896484375 225.59375 216.40625 209.337493896484375 203.368743896484375 199.4875030517578125 194.2375030517578125 187.212493896484375 185.149993896484375 185.287506103515625 186.9812469482421875 192.4375 198.84375 206.381256103515625 213.9375 210.5812530517578125 198.8249969482421875 186.8000030517578125 174.6437530517578125 165.100006103515625 158.8312530517578125 151.618743896484375 145.850006103515625 140.65625 137.381256103515625 136.3000030517578125 138.056243896484375 141.868743896484375 147.5749969482421875 154.65625 162.2062530517578125 170.287506103515625 180.0749969482421875 186.9499969482421875 194.1999969482421875 195.600006103515625 192.318756103515625 181.9187469482421875
237.0812530517578125 236.8125 236.431243896484375 236.25 236.337493896484375 234.1875 230.40625 224.78125 217.681243896484375 210.131256103515625 203.5500030517578125 197.243743896484375 191.868743896484375 185.3874969482421875 179.9875030517578125 180.056243896484375 182.65625 188.4562530517578125 195.1437530517578125 201.9499969482421875 208.037506103515625 206.806243896484375 199.4250030517578125 189.462493896484375 179.5625 171.09375 165.556243896484375 158.7937469482421875 152.149993896484375 145.7375030517578125 141.431243896484375 138.462493896484375 138.125 139.8625030517578125 145.0187530517578125 152.162506103515625 159.3312530517578125 168.8562469482421875 177.475006103515625 186.4375 191.9499969482421875 187.90625 182.350006103515625 179.1374969482421875
237.318756103515625 236.875 236.493743896484375 236.1437530517578125 235.5812530517578125 232.806243896484375 229.7062530517578125 224.693756103515625 217.4562530517578125 209.806243896484375 202.5500030517578125 195.78125 189.100006103515625 181.9187469482421875 173.899993896484375 172.8874969482421875 176.2062530517578125 182.493743896484375 189.3874969482421875 195.8312530517578125 201.1062469482421875 201.850006103515625 198.40625 192.431243896484375 186.5500030517578125 180.375 174.1875 166.881256103515625 159.556243896484375 151.287506103515625 144.90625 139.9375 138.962493896484375 139.8249969482421875 143.056243896484375 149.53125 158.399993896484375 169.8312530517578125 180.0437469482421875 185.9875030517578125 186.8499908447265625 185.2687530517578125 184.78125 184.006256103515625
236.149993896484375 235.53125 235.850006103515625 235.306243896484375 234.7312469482421875 232.3562469482421875 228.3312530517578125 223.5 217.6125030517578125 211.243743896484375 203.225006103515625 195.743743896484375 188.3937530517578125 179.462493896484375 170.1437530517578125 164.756256103515625 170.162506103515625 178.4250030517578125 185.0749969482421875 191.0500030517578125 197.2062530517578125 199.9250030517578125 198.7937469482421875 195.7062530517578125 192.7062530517578125 190.1687469482421875 185.243743896484375 177.337493896484375 167.3937530517578125 156.587493896484375 148.274993896484375 142.1687469482421875 139.8000030517578125 140.59375 141.6374969482421875 149.75 160.375 167.9499969482421875 176.7687530517578125 182.337493896484375 186.943756103515625 188.037506103515625 187.65625 182.6062469482421875
234.524993896484375 235.056243896484375 234.693756103515625 234.2062530517578125 234.181243896484375 231.6374969482421875 228.618743896484375 223.787506103515625 218.475006103515625 211.9875030517578125 204.756256103515625 197.4250030517578125 189.3249969482421875 180.4375 171.7624969482421875 166.681243896484375 167.3312530517578125 174.1125030517578125 181.7312469482421875 188.412506103515625 195.1750030517578125 199.1437530517578125 199.806243896484375 197.90625 197.618743896484375 199.3937530517578125 197.7062530517578125 187.3125 173.4562530517578125 160.993743896484375 151.875 146.725006103515625 143.125 142.4375 147.9375 158.943756103515625 165.9375 174.7062530517578125 184.2937469482421875 187.9187469482421875 193.212493896484375 194.1875 189.318756103515625 186.368743896484375
232.2375030517578125 233.0500030517578125 233.7624969482421875 234.1374969482421875 233.837493896484375 233.087493896484375 230.9499969482421875 226.5625 221.475006103515625 214.90625 207.625 200.3312530517578125 191.149993896484375 183.28125 176.5749969482421875 171.59375 169.9250030517578125 170.931243896484375 179.4499969482421875 186.5187530517578125 195.1437530517578125 198.6750030517578125 199.96875 200.6125030517578125 202.868743896484375 206.1437530517578125 208.899993896484375 195.475006103515625 177.462493896484375 161.1750030517578125 150.4250030517578125 144.818756103515625 146.318756103515625 152.443756103515625 159.78125 164.0625 172.6062469482421875 181.5 186.3000030517578125 194.506256103515625 198.3249969482421875 197.537506103515625 194.087493896484375 190.931243896484375
229.21875 231.40625 232.5625 233.631256103515625 234.5625 234.274993896484375 232.431243896484375 229.662506103515625 225.462493896484375 220.0812530517578125 212.337493896484375 204.40625 195.3249969482421875 187.756256103515625 180.524993896484375 175.8874969482421875 173.506256103515625 172.181243896484375 176.5187530517578125 183.625 195.15625 202.899993896484375 199.8937530517578125 202.056243896484375 205.8187408447265625 209.0749969482421875 208.21875 196.8312530517578125 180.3562469482421875 162.0500030517578125 148.475006103515625 146.6437530517578125 155.337493896484375 161.587493896484375 166.3000030517578125 173.9499969482421875 180.9499969482421875 187.868743896484375 194.5625 200.6374969482421875 204.037506103515625 205.65625 200.681243896484375 196.368743896484375
225.4499969482421875 228.662506103515625 230.0749969482421875 232.068756103515625 233.774993896484375 234.806243896484375 234.462493896484375 232.631256103515625 229.78125 225.662506103515625 219.5812530517578125 212.1437530517578125 203.21875 193.931243896484375 186.537506103515625 180.2062530517578125 174.40625 175.0187530517578125 177.5124969482421875 182.868743896484375 191.368743896484375 196.3562469482421875 200.0187530517578125 202.8874969482421875 205.556243896484375 205.662506103515625 201.931243896484375 195.399993896484375 181.431243896484375 164.1875 153.25 155.693756103515625 162.568756103515625 170.6750030517578125 177.4812469482421875 183.912506103515625 191.2249908447265625 198.756256103515625 203.631256103515625 207.412506103515625 210.212493896484375 210.6875 206.6125030517578125 203.256256103515625
