data/historical-monthly-weather-data/wc2.1_cruts4.09_10m_prec_1975-07.asc
ncols        51
nrows        45
xllcorner    -63.500000000000
yllcorner    -7.500000000000
cellsize     0.166666666667
NODATA_value -9999
[rows 19 to 37 of 45, columns 0 to 42 of 51]
134.475006103515625 138.306243896484375 142.600006103515625 147.2937469482421875 150.9375 159.03125 159.1687469482421875 162.318756103515625 163.6999969482421875 160.0124969482421875 157.8312530517578125 162.1062469482421875 161.618743896484375 160.5812530517578125 154.0812530517578125 144.9812469482421875 140.662506103515625 155.5124969482421875 150 149.1750030517578125 142.850006103515625 154.0749969482421875 172.1750030517578125 181.03125 181.475006103515625 171.9562530517578125 166.337493896484375 167.774993896484375 162.75 157.0437469482421875 161.443756103515625 176.7375030517578125 184.3249969482421875 191.8625030517578125 202.118743896484375 216.2687530517578125 223.9875030517578125 226.40625 224.3312530517578125 212.4875030517578125 191.7624969482421875 174.681243896484375 168.28125
121.05625152587890625 131.681243896484375 141.837493896484375 144.1125030517578125 145.65625 153.431243896484375 156.287506103515625 160.1999969482421875 160.1125030517578125 158.4187469482421875 154.5187530517578125 158.0124969482421875 159.243743896484375 156.306243896484375 150.3125 144.2437591552734375 142.381256103515625 145.931243896484375 152.6437530517578125 146.9499969482421875 155.9875030517578125 166.443756103515625 179.3000030517578125 190.056243896484375 189.4812469482421875 177.3874969482421875 161.84375 161.193756103515625 162.287506103515625 160.4375 167.625 175.5124969482421875 175.225006103515625 183.65625 193.662506103515625 203.850006103515625 211.3625030517578125 209.3937530517578125 202.5625 191.15625 178 169.0749969482421875 159.868743896484375
116.8125 119.52500152587890625 131.318756103515625 138.7624969482421875 143.9499969482421875 145.8874969482421875 149.725006103515625 153.6687469482421875 155.5437469482421875 154.462493896484375 153.7687530517578125 151.96875 150.774993896484375 154.46875 155.09375 149.587493896484375 152.4375 152.9562530517578125 156.6062469482421875 157.600006103515625 157.9187469482421875 166.875 179.1750030517578125 180.15625 174.9562530517578125 167.1437530517578125 166.912506103515625 159.5124969482421875 165.287506103515625 169.1125030517578125 168.5437469482421875 167.837493896484375 168.506256103515625 173.0500030517578125 177.0812530517578125 188.318756103515625 194.6125030517578125 193.8625030517578125 188.5 180.1437530517578125 170.09375 163.5437469482421875 156.881256103515625
112.46250152587890625 120.3249969482421875 129.537506103515625 135.4000091552734375 139.806243896484375 143.7375030517578125 140.3625030517578125 144 148.131256103515625 153.78125 155.28125 153.3000030517578125 155.412506103515625 156.162506103515625 160.0437469482421875 161.0812530517578125 157.631256103515625 154.806243896484375 156.193756103515625 161.131256103515625 170.1437530517578125 172.649993896484375 177.693756103515625 177.118743896484375 177.5437469482421875 167.2687530517578125 160.1875 160 159.4187469482421875 158.618743896484375 157.399993896484375 158.4187469482421875 157.537506103515625 157.25 162.8874969482421875 166.8562469482421875 174.8937530517578125 172.899993896484375 173.0812530517578125 169.90625 163.100006103515625 154.6125030517578125 149.5500030517578125
105.1125030517578125 115.71250152587890625 128.006256103515625 132.899993896484375 136.9187469482421875 137.78125 141.693756103515625 142.5187530517578125 142.3312530517578125 142.806243896484375 145.993743896484375 153.7375030517578125 155.6374969482421875 158.725006103515625 158.4499969482421875 159.587493896484375 155.556243896484375 158.8312530517578125 159.587493896484375 167.818756103515625 170.5812530517578125 178.7062530517578125 182.256256103515625 186.2375030517578125 183.6062469482421875 171.125 166.850006103515625 156.3874969482421875 151.7624969482421875 149.056243896484375 147.5749969482421875 146.2375030517578125 142.4250030517578125 139.4812469482421875 147.681243896484375 147.931243896484375 156.537506103515625 160.556243896484375 161.056243896484375 157.756256103515625 153.712493896484375 146.8562469482421875 143.1687469482421875
101.1125030517578125 112.71250152587890625 126.46250152587890625 132.7312469482421875 137.412506103515625 135.9499969482421875 138.2687530517578125 139.3000030517578125 139.2687530517578125 142.931243896484375 146.1999969482421875 145.3937530517578125 152.75 154.4250030517578125 153.6125030517578125 151.662506103515625 152.3000030517578125 157.78125 162.318756103515625 168.1687469482421875 174.412506103515625 180.125 191.53125 189.8312530517578125 180.6687469482421875 176.9562530517578125 162.318756103515625 151.181243896484375 142.587493896484375 138.850006103515625 130.8249969482421875 125.3312530517578125 126.22499847412109375 125.18125152587890625 127.15000152587890625 132.1750030517578125 141.368743896484375 144.2312469482421875 147.03125 146.693756103515625 141.9375 138.7624969482421875 136.4375
102.68125152587890625 113.69374847412109375 120.9375 128.850006103515625 133.0187530517578125 132.993743896484375 134.443756103515625 134.7624969482421875 133.3375091552734375 131.6437530517578125 140.9250030517578125 143.118743896484375 142.868743896484375 145.524993896484375 147.162506103515625 148.0500030517578125 148.100006103515625 153.899993896484375 160.6687469482421875 165.318756103515625 176.5749969482421875 184.131256103515625 194.587493896484375 192.681243896484375 181.5437469482421875 170.962493896484375 158.9875030517578125 144.587493896484375 131.8874969482421875 123.44374847412109375 115.15000152587890625 107.80625152587890625 106.34999847412109375 107.93125152587890625 113.5625 119.2937469482421875 126.96250152587890625 132.875 135.318756103515625 135.6125030517578125 135.662506103515625 130.3249969482421875 127.0749969482421875
97.46250152587890625 103.24375152587890625 112.5 120.3125 123.9375 125.8625030517578125 128.537506103515625 128.4250030517578125 125.06874847412109375 130.725006103515625 137.2624969482421875 139.037506103515625 139.350006103515625 138.225006103515625 138.743743896484375 143.399993896484375 144.2874908447265625 147.287506103515625 155.350006103515625 162.8874969482421875 169.131256103515625 177.8312530517578125 190.412506103515625 192.7062530517578125 177.4875030517578125 160.7624969482421875 147.837493896484375 135.225006103515625 123.25 110.3312530517578125 103.40000152587890625 92.93125152587890625 90.8874969482421875 97.63124847412109375 101.69374847412109375 109.0437469482421875 112.6687469482421875 118.15625 121.9812469482421875 124.48125457763671875 127.3937530517578125 124.66249847412109375 120.4812469482421875
92.5187530517578125 93.65000152587890625 101.30625152587890625 110.25624847412109375 114.06874847412109375 117.1374969482421875 120.1750030517578125 120.53749847412109375 121.3125 125.3562469482421875 129.4499969482421875 129.037506103515625 129.7437591552734375 129.6437530517578125 129.774993896484375 132.6062469482421875 135.4499969482421875 140.2624969482421875 143.96875 152.912506103515625 163.7687530517578125 170.3625030517578125 175.0749969482421875 176.149993896484375 166.649993896484375 151.931243896484375 138.65625 126.0749969482421875 114.16249847412109375 104.4250030517578125 95.45000457763671875 87.86875152587890625 86.21875 88.00624847412109375 92.4875030517578125 98.28749847412109375 101.22499847412109375 106.56874847412109375 111.3000030517578125 116.8249969482421875 119.5500030517578125 121.56874847412109375 115.55625152587890625
87.3937530517578125 87.75 95.2624969482421875 98.50624847412109375 103.5812530517578125 105.18125152587890625 107.63124847412109375 111.27500152587890625 112.55625152587890625 117.68125152587890625 120.72499847412109375 120.3874969482421875 121.3937530517578125 122.78125 123.63124847412109375 125.78125 130.2375030517578125 131.274993896484375 136.8125 144.931243896484375 152.7937469482421875 158.7937469482421875 164.943756103515625 161.631256103515625 153.462493896484375 141.5749969482421875 129 116.9375 108.5437469482421875 99.34999847412109375 89.6437530517578125 82.90625 80.6875 81.15000152587890625 84.6125030517578125 89.2375030517578125 92.15625 96.56874847412109375 100.71875 103.25 108.7624969482421875 108.13124847412109375 106.2375030517578125
86.1687469482421875 88.3125 92.56874847412109375 94.4875030517578125 95.65625 97.4812469482421875 98.22499847412109375 102.90625 106.1687469482421875 108.90625 111.8937530517578125 114.28125 115.1750030517578125 114.625 115.66249847412109375 117.59999847412109375 119.22499847412109375 122.99375152587890625 126.1437530517578125 131.5437469482421875 139.90625 144.75 150.337493896484375 144.2062530517578125 137.774993896484375 128.8625030517578125 116.8937530517578125 106.80625152587890625 99.24375152587890625 90.90625 83.47499847412109375 77 74.68125152587890625 75.24375152587890625 76.84999847412109375 79.56874847412109375 84.3312530517578125 86.1750030517578125 87.16249847412109375 89.81874847412109375 95.2312469482421875 96.15625 94.96875
87.08750152587890625 87.9250030517578125 86.9812469482421875 90.2375030517578125 91.6687469482421875 93.21875 92.97499847412109375 94.6125030517578125 97.7312469482421875 100.9812469482421875 104.7062530517578125 105.93125152587890625 109.66249847412109375 107.03125 106.7062530517578125 109.05625152587890625 113.1875 112.84999847412109375 113.2312469482421875 120.7312469482421875 128.774993896484375 133.125 136.1437530517578125 128.3000030517578125 120.96875 117.02500152587890625 106.65000152587890625 95.8249969482421875 87.09375 81.83750152587890625 76.3125 72.1374969482421875 70.61875152587890625 71.19374847412109375 71.83750152587890625 72.2937469482421875 74.59999847412109375 77.7687530517578125 76.71250152587890625 75.93125152587890625 79.0749969482421875 82.5437469482421875 82.4375
88.28749847412109375 84.90000152587890625 82.88124847412109375 83.08750152587890625 84.9375 86.6437530517578125 87.80625152587890625 88 91.3937530517578125 92.875 96.5812530517578125 100.08750152587890625 101.15625 102.7312469482421875 102.75 103.59999847412109375 105.0187530517578125 104.625 103.72499847412109375 110.6437530517578125 114.875 119.47499847412109375 120.625 113.6062469482421875 109.3937530517578125 103.15625 94.65000152587890625 87.03125 77.5812530517578125 73.69374847412109375 70.8000030517578125 67.3249969482421875 65.4375 65.68125152587890625 66.65625 65.875 67.74375152587890625 66.3874969482421875 65.65625 66.8937530517578125 69.0500030517578125 70.21250152587890625 70.21875
92.80625152587890625 88.3625030517578125 84.18125152587890625 82.7375030517578125 83.6125030517578125 84.1999969482421875 85.2937469482421875 85.4875030517578125 85.19374847412109375 88.4250030517578125 92.50624847412109375 92.7375030517578125 94.375 96.9875030517578125 97.4187469482421875 95.72499847412109375 94.25 97.18125152587890625 98.5187530517578125 103.28749847412109375 105.4375 106.375 105.2624969482421875 100.7375030517578125 97.9812469482421875 91.81874847412109375 85.6687469482421875 77.3874969482421875 70.86875152587890625 66.7624969482421875 64.1875 61.16249847412109375 58.668750762939453125 58.9375 60.58750152587890625 61.174999237060546875 59.6875 58.30625152587890625 58.02500152587890625 60.52500152587890625 62.06874847412109375 63.424999237060546875 61.393749237060546875
97.00624847412109375 92.4875030517578125 89.0187530517578125 86.61875152587890625 84.40000152587890625 81.59375 81.3249969482421875 79.09375 80.91249847412109375 80.97499847412109375 83.78749847412109375 86.09999847412109375 88.52500152587890625 88.8874969482421875 88.83750152587890625 86.3625030517578125 86.02500152587890625 87.90625 89.2624969482421875 92.43125152587890625 95.0625 93.43125152587890625 94.125 90.6125030517578125 85.69374847412109375 80.1374969482421875 74.6999969482421875 69.1999969482421875 63.41249847412109375 60.58750152587890625 58.518749237060546875 55.69374847412109375 53.46250152587890625 54.15000152587890625 55.03749847412109375 54.4375 52.11875152587890625 51.34999847412109375 52.543750762939453125 53.737499237060546875 55.43125152587890625 57.1875 57.58750152587890625
100.8874969482421875 93.6999969482421875 91.9250030517578125 88.11875152587890625 85.97499847412109375 82.3937530517578125 79.05625152587890625 75.8937530517578125 73.6437530517578125 73.25 75.94374847412109375 80.0187530517578125 84.88124847412109375 85.9499969482421875 82.9187469482421875 80.30625152587890625 78.78125 79.5124969482421875 81.90625 82.93125152587890625 84.59375 85.30625152587890625 84.2937469482421875 80.61875152587890625 75.96875 70.625 66.03125 61.262500762939453125 56.21875 51.63124847412109375 50.387500762939453125 50.106250762939453125 49.02500152587890625 49.075000762939453125 48.46875 47.78749847412109375 46.84999847412109375 47.143749237060546875 47.331249237060546875 47.387500762939453125 48.075000762939453125 48.46250152587890625 50.9375
100.6437530517578125 96 95.21250152587890625 89.72499847412109375 86.8625030517578125 82.05625152587890625 78.34375 74.28749847412109375 71.00624847412109375 68.6750030517578125 70.40000152587890625 75.21875 81.3125 79.3874969482421875 77.4562530517578125 74.3874969482421875 72.4875030517578125 72.13124847412109375 72.40000152587890625 73.49375152587890625 71.6687469482421875 73.8625030517578125 72.0124969482421875 68.3562469482421875 63.49375152587890625 61.3125 57.59375 53.68125152587890625 49.40625 45.987499237060546875 44.950000762939453125 45.27500152587890625 44.15625 44.31874847412109375 43.96875 42.706249237060546875 42.53125 42.46875 43.65625 43.837497711181640625 43.24375152587890625 44.012500762939453125 44
98.33750152587890625 96.7937469482421875 95.1125030517578125 89.4375 86.5124969482421875 82.99375152587890625 78.46250152587890625 73.56874847412109375 68.5187530517578125 63.168750762939453125 65.3249969482421875 70.8249969482421875 74.3562469482421875 72.34999847412109375 70.80625152587890625 67.8249969482421875 64.7062530517578125 63.31874847412109375 63.112499237060546875 64.03749847412109375 61.88124847412109375 61.262500762939453125 60.112499237060546875 58.143749237060546875 54.19374847412109375 51.875 49.137500762939453125 45.69374847412109375 42.49375152587890625 41.15000152587890625 40.112499237060546875 39.59999847412109375 38.612499237060546875 38.84375 38.66249847412109375 37.36875152587890625 37.200000762939453125 38.6875 40.21875 39.80625152587890625 38.831249237060546875 39.33750152587890625 39.05625152587890625
94.6125030517578125 95.31874847412109375 91.58750152587890625 89.44374847412109375 86.6750030517578125 82.5625 77.9562530517578125 72.5749969482421875 67.4375 60.6875 66.4499969482421875 70.2624969482421875 69.56874847412109375 67.15625 65.4375 62.012500762939453125 56.674999237060546875 56.83750152587890625 55.50624847412109375 55.59375 54.36875152587890625 52.887500762939453125 50.674999237060546875 49.21875 46.887500762939453125 44.75624847412109375 42.1875 39.59375 37.16249847412109375 35.743747711181640625 33.674999237060546875 33.94374847412109375 33.28125 33.78749847412109375 32.918750762939453125 31.743749618530273438 33.21250152587890625 34.33750152587890625 35.63124847412109375 35.674999237060546875 35.09999847412109375 36.34999847412109375 35.768749237060546875
