data/historical-monthly-weather-data/wc2.1_cruts4.09_10m_prec_1964-12.asc
ncols        51
nrows        45
xllcorner    -63.500000000000
yllcorner    -7.500000000000
cellsize     0.166666666667
NODATA_value -9999
[rows 20 to 39 of 45, columns 0 to 44 of 51]
233.4562530517578125 247.4187469482421875 257.631256103515625 268.70001220703125 280.42498779296875 288.931243896484375 296.03125 302.23126220703125 306.03125 307.068756103515625 305.899993896484375 306.431243896484375 306.443756103515625 303.88751220703125 298.149993896484375 290.274993896484375 282.568756103515625 276.662506103515625 274.10626220703125 272.45001220703125 276.96875 282.006256103515625 286.943756103515625 291.837493896484375 298.38751220703125 302.89373779296875 299.556243896484375 288.40625 272.75 256.65625 244.5124969482421875 240.8249969482421875 243.2937469482421875 248.7249908447265625 254.943756103515625 261.162506103515625 270.57501220703125 280.54376220703125 285.431243896484375 283.5 275.54998779296875 264.60626220703125 256.73126220703125 250.03125 244.2375030517578125
221.0812530517578125 234.5 246.256256103515625 259.881256103515625 273.162506103515625 282.08123779296875 290.5 298.04998779296875 302.087493896484375 303.40625 301.63751220703125 300.64373779296875 299.118743896484375 295.33123779296875 290.63751220703125 284.399993896484375 278.35626220703125 274.162506103515625 271.51251220703125 270.03125 272.75 278.5 285.943756103515625 291.89373779296875 299.98126220703125 309.40625 312.38751220703125 303.54998779296875 289.76873779296875 276.32501220703125 265.33123779296875 259.66876220703125 259.67498779296875 263.943756103515625 268.14373779296875 273.23126220703125 282.42498779296875 292.899993896484375 295.818756103515625 290.868743896484375 282.88751220703125 272.75 264.306243896484375 257.287506103515625 252.006256103515625
209.2937469482421875 224.2937469482421875 235.912506103515625 249.806243896484375 264.556243896484375 275.368743896484375 284.14373779296875 293.118743896484375 299.21875 299.78125 297.41876220703125 294.10626220703125 292.056243896484375 288.15625 283.86248779296875 278.600006103515625 273.23748779296875 269.71875 267.8125 265.868743896484375 268.693756103515625 273.912506103515625 280.46875 287.61248779296875 298.087493896484375 311.92498779296875 320.48126220703125 314.762481689453125 303.04376220703125 292.462493896484375 283.631256103515625 277.83123779296875 277.46875 278.78125 280.84375 282.3125 291.993743896484375 307.506256103515625 309.51873779296875 301.568756103515625 291.83123779296875 281.08123779296875 272.36248779296875 264.95001220703125 259.17498779296875
196.78125 210.0625 221.943756103515625 237.068756103515625 253.7624969482421875 265.78125 276.693756103515625 286.193756103515625 292.28125 292.70623779296875 290.875 288.64373779296875 286.693756103515625 283.76873779296875 280 275.5 271.3125 268.875 266.975006103515625 265.03125 265.84375 269.368743896484375 273.556243896484375 281.20001220703125 291.649993896484375 305.006256103515625 313.83123779296875 314.568756103515625 310.73126220703125 304.037506103515625 298.67498779296875 293.306243896484375 294.17498779296875 294.962493896484375 296.274993896484375 294.91876220703125 303.51873779296875 318.84375 320.524993896484375 312.04998779296875 300.98748779296875 289.75 279.4375 270.75 266.79998779296875
186.4375 197.318756103515625 209.0187530517578125 227.193756103515625 246.756256103515625 258.70623779296875 269.368743896484375 278.006256103515625 283.037506103515625 285.16876220703125 284.84375 282.83123779296875 281.04998779296875 278.58123779296875 276.23748779296875 273.07501220703125 269.79376220703125 268.34375 266.662506103515625 264.66876220703125 263.78125 264.14373779296875 266.375 272.625 283.568756103515625 298.056243896484375 307.8125 312.975006103515625 314.506256103515625 313.03125 311.212493896484375 308.081268310546875 310.5625 312.068756103515625 312.36248779296875 313.149993896484375 320.71875 328.88751220703125 328.875 322.26251220703125 311.149993896484375 299.024993896484375 286.774993896484375 278.625 272.45623779296875
180.412506103515625 192.25 204.899993896484375 223.056243896484375 240.84375 252.1875 261.53125 269.48748779296875 274.39373779296875 276.6875 277.056243896484375 276.51873779296875 275.09375 273.318756103515625 272.63751220703125 270.90625 268.3125 267.66876220703125 266.5625 264.524993896484375 263.60626220703125 260.73748779296875 258.912506103515625 262.28125 275.73748779296875 292.40625 304.79376220703125 312.962493896484375 318.20623779296875 320.23126220703125 321.131256103515625 322.681243896484375 327.725006103515625 329.21875 330.556243896484375 331.66876220703125 337.381256103515625 343.024993896484375 341.60626220703125 335.58123779296875 324.600006103515625 308.91876220703125 293.51251220703125 282.606231689453125 278.256256103515625
179.53125 191.100006103515625 205.2687530517578125 222.1125030517578125 237.9812469482421875 248.006256103515625 255.475006103515625 262.125 266.01873779296875 269.48748779296875 272.20001220703125 272.57501220703125 271.64373779296875 271.162506103515625 271.54998779296875 271.368743896484375 270.118743896484375 270.056243896484375 269.350006103515625 266.67498779296875 264.6875 260.625 256.41876220703125 256.912506103515625 272.149993896484375 289.13751220703125 302.193756103515625 311.756256103515625 319.9375 324.01251220703125 328.14373779296875 332.868743896484375 342.225006103515625 345.70001220703125 348.5 351.04998779296875 355.01873779296875 359.25 357.3125 352.36248779296875 342 322.449981689453125 301.41876220703125 287.899993896484375 290.26251220703125
179.899993896484375 191.2624969482421875 205.8375091552734375 221.5124969482421875 235.399993896484375 244.2062530517578125 250.7062530517578125 255.5500030517578125 259.03125 262.45623779296875 265.399993896484375 266.92498779296875 268.36248779296875 269.40625 271.006256103515625 271.537506103515625 272.04376220703125 272.29376220703125 272.399993896484375 270.375 268.681243896484375 265.581268310546875 264.274993896484375 266.743743896484375 277.631256103515625 291.84375 302.82501220703125 311.71875 319.98126220703125 325.4375 330.38751220703125 335.73748779296875 347.212493896484375 356.08123779296875 362.875 366.9375 371.88751220703125 376.806243896484375 376.181243896484375 373.41876220703125 365.07501220703125 342.881256103515625 311.91876220703125 295.66876220703125 308.60626220703125
179.5812530517578125 190.818756103515625 205.6374969482421875 221.3125 233.3874969482421875 239.962493896484375 244.78125 248.868743896484375 252.15625 255.1875 259.23126220703125 262.40625 265 267.756256103515625 270.10626220703125 272.862518310546875 274.649993896484375 276.006256103515625 276.67498779296875 275.63751220703125 274.649993896484375 273.17498779296875 274.10626220703125 276.712493896484375 285.381256103515625 296.75 305.59375 313.449981689453125 321.3125 326.368743896484375 331.125 336.381256103515625 350.006256103515625 362.39373779296875 373.681243896484375 380.5625 387.98126220703125 393.993743896484375 393.71875 393.45001220703125 389.92498779296875 364.350006103515625 332.149993896484375 320.17498779296875 333.54376220703125
183.587493896484375 193.4812469482421875 208.225006103515625 224.0250091552734375 235.9375 238.9875030517578125 241.318756103515625 244.5 247 249.6437530517578125 253.899993896484375 257.475006103515625 262.17498779296875 266.84375 270.3812255859375 273.29998779296875 276.36248779296875 280.274993896484375 281.96875 281.256256103515625 280.287506103515625 279.868743896484375 280.54376220703125 283.54376220703125 290.743743896484375 300.13751220703125 305.66876220703125 312.756256103515625 319.23748779296875 325.118743896484375 330.818756103515625 337.09375 353.09375 367.943756103515625 382.08123779296875 390.912506103515625 400.568756103515625 408.375 409.649993896484375 409.57501220703125 404.9375 388.006256103515625 364.90625 355.21875 357.85626220703125
186.75 194.8000030517578125 207.493743896484375 221.7937469482421875 231.631256103515625 233.2375030517578125 235.1437530517578125 237.431243896484375 239.5437469482421875 243.4187469482421875 248.1750030517578125 253.0124969482421875 259.181243896484375 264.875 269.037506103515625 273.33123779296875 278.412506103515625 282.51251220703125 286.38751220703125 286.506256103515625 285.475006103515625 285.16876220703125 286.41876220703125 288.85626220703125 294.243743896484375 301.462493896484375 305.76251220703125 311.25 316.71875 324.04376220703125 330.84375 338.412506103515625 355.256256103515625 372.774993896484375 388.850006103515625 400.53125 412.956268310546875 423.11248779296875 424.850006103515625 423.46875 421.662506103515625 411.92498779296875 398.15625 386.3125 384.61248779296875
189.256256103515625 194.256256103515625 203.6374969482421875 212.46875 218.2687530517578125 222.1999969482421875 225.3125 227.5500030517578125 230.756256103515625 234.881256103515625 240.725006103515625 247.4499969482421875 255.3000030517578125 262.318756103515625 268.274993896484375 273.662506103515625 277.837493896484375 282.16876220703125 286.26873779296875 287.73748779296875 288.056243896484375 288.34375 289.193756103515625 291.10626220703125 296.743743896484375 302.149993896484375 304.73126220703125 309.07501220703125 314.0625 322.66876220703125 330.78125 339.91876220703125 356.537506103515625 375.57501220703125 394.274993896484375 409.73126220703125 423.318756103515625 434.993743896484375 438.337493896484375 439.318756103515625 443.412506103515625 441.51251220703125 437.04998779296875 432.712493896484375 436.350006103515625
194.4875030517578125 196.5625 201.631256103515625 207.09375 210.462493896484375 213.493743896484375 215.256256103515625 216.5625 219.806243896484375 224.912506103515625 233.59375 241.743743896484375 251.6374969482421875 261.63751220703125 267.9375 272.899993896484375 276.587493896484375 281.70623779296875 284.225006103515625 286.20001220703125 287.20001220703125 288.45623779296875 289.5 290.5625 294.899993896484375 299.91876220703125 301.899993896484375 304.118743896484375 309.149993896484375 318.5 328.837493896484375 339.73748779296875 357.618743896484375 377.48748779296875 397.506256103515625 414.4375 430.32501220703125 444.649993896484375 450.568756103515625 459.71875 467.70001220703125 472.850006103515625 479.875 492.07501220703125 517.20623779296875
199.4250030517578125 199.0124969482421875 201.2312469482421875 202.931243896484375 203 204.40625 205.243743896484375 205.5749969482421875 208.5999908447265625 214.0437469482421875 223.1125030517578125 235.306243896484375 248.1750030517578125 259.137481689453125 266.475006103515625 271.399993896484375 275.712493896484375 280.54998779296875 282.35626220703125 284.306243896484375 285.587493896484375 286.556243896484375 287.181243896484375 287.9375 290.70623779296875 294.51873779296875 296.818756103515625 299.118743896484375 304.20001220703125 314.16876220703125 325.92498779296875 339.20623779296875 358.125 378.95001220703125 399.318756103515625 417.431243896484375 436.149993896484375 451.20001220703125 463.375 477.5 491.056243896484375 502.725006103515625 518.5562744140625 542.6187744140625 576.8187255859375
203.850006103515625 201.8562469482421875 201.34375 199.787506103515625 197.725006103515625 197.1437530517578125 196.1374969482421875 195.15625 196.875 202.556243896484375 213.381256103515625 228.337493896484375 245.149993896484375 259.375 267.0625 271.975006103515625 275.550018310546875 279.3125 281.475006103515625 281.837493896484375 283.63751220703125 283.60626220703125 284.850006103515625 284.46875 285.57501220703125 288.462493896484375 290.39373779296875 293.118743896484375 297.931243896484375 309.34375 322.85626220703125 337.681243896484375 357.774993896484375 379.743743896484375 400.70001220703125 418.98748779296875 437.89373779296875 457.76873779296875 474.3125 490.35626220703125 508.5625 524.1187744140625 544.25 571.25 600.95001220703125
209.8874969482421875 206.881256103515625 204.649993896484375 201.7624969482421875 198.09375 195.975006103515625 192.71875 189.34375 188.7624969482421875 191.837493896484375 203.5500030517578125 222.3000030517578125 243.0437469482421875 259.175018310546875 267.79998779296875 273.01251220703125 276.212493896484375 279.07501220703125 279.524993896484375 278.75 279.5625 280.29376220703125 280.07501220703125 279.08123779296875 279.875 281.443756103515625 283.48126220703125 285.850006103515625 290.3125 303.17498779296875 318.381256103515625 333.76873779296875 354.506256103515625 375.6875 396.3125 413.649993896484375 434.912506103515625 455.068756103515625 472.01251220703125 489.818756103515625 509.39373779296875 528.0062255859375 547.60626220703125 572.70001220703125 594.36248779296875
215.8312530517578125 212.15625 209.056243896484375 205.475006103515625 201.25 197.8625030517578125 193.6374969482421875 187.9250030517578125 183.5625 181.0625 195.774993896484375 222.59375 244.2062530517578125 259.66876220703125 268.70623779296875 273.96875 277.35626220703125 278.681243896484375 278.51251220703125 276.725006103515625 276.125 275.42498779296875 274.48126220703125 272.818756103515625 272.337493896484375 273.399993896484375 274.79998779296875 278.006256103515625 283.100006103515625 297.118743896484375 313.14373779296875 329.431243896484375 349.98126220703125 371.537506103515625 391.475006103515625 410.631256103515625 431.01873779296875 450.59375 466.11248779296875 483.82501220703125 503.07501220703125 521.66876220703125 541.4375 564.76873779296875 579.95001220703125
220.53125 216.8874969482421875 213.743743896484375 209.881256103515625 205.9375 201.649993896484375 197.462493896484375 191.7937469482421875 187.274993896484375 181.8187408447265625 206.625 235.162506103515625 251.693756103515625 264.056243896484375 271.725006103515625 276.5625 278.943756103515625 279.5625 277.537506103515625 275.056243896484375 272.056243896484375 269.818756103515625 268.337493896484375 265.88751220703125 264.381256103515625 264.71875 267.23748779296875 270.399993896484375 275.556243896484375 290.875 307.037506103515625 324.350006103515625 344.76873779296875 366.03125 385.70001220703125 404.54376220703125 423.850006103515625 441.912506103515625 457.943756103515625 474.5 492.024993896484375 509.649993896484375 527.51251220703125 548.3375244140625 562.66876220703125
220.506256103515625 217.4562530517578125 215.4562530517578125 213.0500030517578125 209.9499969482421875 207.087493896484375 204.712493896484375 203.100006103515625 205.556243896484375 217.3000030517578125 246.537506103515625 257.256256103515625 264.39373779296875 272.59375 278.20623779296875 282.03125 283.63751220703125 281.893768310546875 278.41876220703125 274.23126220703125 269.09375 264.59375 261.79376220703125 259.462493896484375 258.412506103515625 258.837493896484375 261.26873779296875 265.181243896484375 270.6875 285.318756103515625 301.41876220703125 316.33123779296875 334.931243896484375 354.03125 373.70001220703125 391.193756103515625 408.51251220703125 425.23748779296875 439.34375 453.67498779296875 470.04376220703125 484.14373779296875 498.537506103515625 514.76251220703125 525.4625244140625
220.7312469482421875 218.412506103515625 217.4812469482421875 216.350006103515625 214.9375 214.712493896484375 215.162506103515625 218.0687408447265625 224.943756103515625 238.4250030517578125 257.48748779296875 269.087493896484375 275.07501220703125 281.350006103515625 286.10626220703125 288.58123779296875 288.98126220703125 286.225006103515625 280.337493896484375 274.0625 265.34375 258.10626220703125 253.4250030517578125 250.65625 250.8562469482421875 252.4187469482421875 256.181243896484375 260.9375 266.59375 280.45001220703125 294.45001220703125 309.193756103515625 326.40625 343.256256103515625 360.037506103515625 374.73748779296875 391.024993896484375 405.76251220703125 418.04376220703125 429.79998779296875 442.66876220703125 454.57501220703125 466.98126220703125 479.78125 488.743743896484375
