data/historical-monthly-weather-data/wc2.1_cruts4.09_10m_prec_1976-04.asc
ncols        45
nrows        45
xllcorner    -63.500000000000
yllcorner    -7.500000000000
cellsize     0.166666666667
NODATA_value -9999
[rows 20 to 39 of 45, columns 0 to 44 of 45]
268.143768310546875 275.38751220703125 279.850006103515625 283.087493896484375 284.64373779296875 290.90625 296.193756103515625 296.5625 295.07501220703125 289.76251220703125 281.76873779296875 271.14373779296875 260.90625 252.381256103515625 240.631256103515625 230.725006103515625 222.8874969482421875 218.774993896484375 216.90625 213.975006103515625 211.568756103515625 206.9187469482421875 201.1687469482421875 199.274993896484375 200.368743896484375 201.3312530517578125 202.875 204.256256103515625 204.399993896484375 205.59375 203.868743896484375 201.6374969482421875 190.9375 178.318756103515625 168.3000030517578125 179.1374969482421875 196.0500030517578125 209.9499969482421875 219.6437530517578125 225.21875 227.524993896484375 229.7062530517578125 227.943756103515625 227.649993896484375 225.993743896484375
261.368743896484375 265.899993896484375 271.350006103515625 279.46875 284.368743896484375 289.04376220703125 294.79376220703125 298.01251220703125 296.92498779296875 289.037506103515625 276.556243896484375 260.850006103515625 248.3562469482421875 239.96875 233.46875 225.8625030517578125 221.274993896484375 216.4875030517578125 213.84375 210.2375030517578125 204.3312530517578125 199.9499969482421875 197.337493896484375 196.53125 198.2375030517578125 203.0124969482421875 213.5875091552734375 214.712493896484375 214.0500030517578125 214.9812469482421875 212.7375030517578125 208.787506103515625 199.3000030517578125 190.181243896484375 185.4375 190.8812408447265625 203.306243896484375 214.7375030517578125 221.4000091552734375 224.8125 226.5 227.131256103515625 225.1062469482421875 223.756256103515625 221.712493896484375
255.9187469482421875 265.79376220703125 272.431243896484375 279.73748779296875 284.86248779296875 289.743743896484375 293.0625 298.42498779296875 302.868743896484375 289.587493896484375 270.931243896484375 251.1374969482421875 236.5 229.9187469482421875 226.787506103515625 223.368743896484375 218.6062469482421875 212.975006103515625 208.5500030517578125 203.462493896484375 198.5124969482421875 193.9812469482421875 189.6875 189.899993896484375 194.3625030517578125 201.431243896484375 213.6875 217.84375 218.837493896484375 219.5187530517578125 219.587493896484375 218.056243896484375 213.1125030517578125 207.306243896484375 204.9187469482421875 206.8874969482421875 214.006256103515625 221.6999969482421875 225.412506103515625 225.337493896484375 224.8874969482421875 223.462493896484375 221.0625 219.100006103515625 217.475006103515625
253.5812530517578125 263.95623779296875 272.306243896484375 277.225006103515625 281.26873779296875 286.087493896484375 291.899993896484375 295.48126220703125 297.337493896484375 283.23748779296875 264.1875 246.8937530517578125 228.506256103515625 225.243743896484375 223.7624969482421875 220.318756103515625 215.1125030517578125 210.8249969482421875 205.1374969482421875 200.068756103515625 194.006256103515625 187.4499969482421875 182.6125030517578125 184.1999969482421875 188.399993896484375 192.53125 202.6750030517578125 212.524993896484375 218.2937469482421875 224.256256103515625 228.756256103515625 232.65625 229.96875 224.631256103515625 222.193756103515625 222.3812408447265625 226.09375 228.09375 227.662506103515625 224.649993896484375 222.537506103515625 219.6750030517578125 216.65625 213.787506103515625 213.8874969482421875
254.681243896484375 265.287506103515625 271.76251220703125 277.11248779296875 281.649993896484375 284.8125 287.881256103515625 289.462493896484375 286.125 277.25 261.649993896484375 245.493743896484375 234.712493896484375 227.149993896484375 222.806243896484375 218.53125 214.8249969482421875 209.9375 203.9562530517578125 196.912506103515625 189.412506103515625 181.912506103515625 176.649993896484375 176.681243896484375 179.5625 186.9375 198.6125030517578125 209.4812469482421875 219.4250030517578125 231.625 241.3874969482421875 249.6750030517578125 248.350006103515625 242.5437469482421875 237.225006103515625 233 232.431243896484375 229.46875 227.193756103515625 224.181243896484375 220.5812530517578125 216.4875030517578125 213.756256103515625 209.78125 206.21875
263.85626220703125 272.587493896484375 273.08123779296875 276.46875 278.162506103515625 280.38751220703125 282.13751220703125 281.70001220703125 275.36248779296875 266.40625 256.725006103515625 247.3249969482421875 238.6875 232.587493896484375 225.59375 221.5812530517578125 216.725006103515625 210.96875 203.46875 194.337493896484375 187.3562469482421875 178.09375 170.5500030517578125 167.1374969482421875 172.5124969482421875 182.287506103515625 197.6374969482421875 210 223.8625030517578125 237.806243896484375 253.368743896484375 266.912506103515625 266.83123779296875 257.45623779296875 247.556243896484375 240.5812530517578125 235.993743896484375 230.756256103515625 226.587493896484375 222.7312469482421875 218.9375 213.7687530517578125 209.4375 204.2687530517578125 202.5
270.38751220703125 274.41876220703125 275.53125 276.3125 275.17498779296875 277.20623779296875 276.6875 273.54998779296875 267.73126220703125 263.88751220703125 258.29998779296875 250.506256103515625 244 238.837493896484375 232.2312469482421875 226.9562530517578125 221.212493896484375 213.7624969482421875 206.618743896484375 198.181243896484375 188.4499969482421875 177.9250030517578125 167.90625 163.9250030517578125 171.662506103515625 181.125 197.5749969482421875 211.5812530517578125 227.274993896484375 243.037506103515625 261.600006103515625 278.193756103515625 279.65625 266.75 253.743743896484375 244.3937530517578125 237.7312469482421875 231.15625 225.5187530517578125 221.1999969482421875 216.0812530517578125 212.100006103515625 207.7375030517578125 204.0124969482421875 206.3125
278.649993896484375 278.78125 277.643768310546875 276.118743896484375 274.756256103515625 273.9375 273.125 268.07501220703125 264.712493896484375 262.131256103515625 256.243743896484375 252.0437469482421875 247.4562530517578125 244.5 238.475006103515625 231.6374969482421875 226.181243896484375 220.6687469482421875 211.8874969482421875 204.024993896484375 194.662506103515625 183.274993896484375 176.5250091552734375 173.068756103515625 177.3562469482421875 185.806243896484375 199.850006103515625 214.537506103515625 229.787506103515625 246.15625 262.899993896484375 277.48126220703125 276.51251220703125 265.57501220703125 254.5812530517578125 244.53125 237.84375 231.100006103515625 225.462493896484375 220.431243896484375 215.65625 212.256256103515625 208.65625 206.9875030517578125 215.09375
284.412506103515625 282.681243896484375 278.881256103515625 276.33123779296875 272.881256103515625 269.07501220703125 266.48748779296875 264.51873779296875 263.8125 260.5 257.412506103515625 254.5437469482421875 250.9187469482421875 249.149993896484375 245.306243896484375 241.149993896484375 236.181243896484375 227.8312530517578125 220.4562530517578125 211.75 202.8562469482421875 192.03125 185.6875 183.9499969482421875 186.0124969482421875 192.681243896484375 205.631256103515625 219.037506103515625 233.1437530517578125 247.774993896484375 260.64373779296875 271.899993896484375 267.59375 259.82501220703125 250.806243896484375 242.5187530517578125 236.65625 230.6437530517578125 225.5875091552734375 219.4812469482421875 212.8312530517578125 210.193756103515625 208.662506103515625 213.8937530517578125 223
288.75 285.431243896484375 280.699981689453125 274.1875 270.587493896484375 267.662506103515625 265.193756103515625 263.79376220703125 262.41876220703125 259.662506103515625 258.375 256.66876220703125 256.85626220703125 256.337493896484375 253.0749969482421875 248.8562469482421875 244.3812408447265625 239.2062530517578125 230.9187469482421875 220.5437469482421875 210.212493896484375 202.0625 197.03125 194.2937469482421875 194.662506103515625 199.7687530517578125 211.8249969482421875 222.899993896484375 235.40625 246.8249969482421875 256.943756103515625 263.79998779296875 259.787506103515625 254.1750030517578125 247.5 240.4375 235.774993896484375 230.5187530517578125 224.5812530517578125 220.5187530517578125 216.4187469482421875 215.368743896484375 214.3625030517578125 219.875 224.912506103515625
290.36248779296875 285.20001220703125 279.524993896484375 273.73748779296875 270.431243896484375 266.587493896484375 264.618743896484375 261.462493896484375 260.23748779296875 259.57501220703125 259.41876220703125 259.66876220703125 262.54998779296875 261.556243896484375 259.943756103515625 257.07501220703125 254.8937530517578125 250.0812530517578125 242.850006103515625 233.2062530517578125 222.4875030517578125 213.03125 206.818756103515625 202.375 200.993743896484375 207.8000030517578125 216.4499969482421875 227.0812530517578125 237.475006103515625 244.899993896484375 252.5812530517578125 257.399993896484375 254.712493896484375 249.8312530517578125 243.493743896484375 237.881256103515625 231.881256103515625 227.3562469482421875 224.3562469482421875 221.131256103515625 218.006256103515625 217.2624969482421875 218.1875 221.0187530517578125 226.5187530517578125
289.34375 283.287506103515625 277.743743896484375 274.26251220703125 270.337493896484375 264.5625 262.118743896484375 258.34375 257.34375 256.899993896484375 258.36248779296875 262.568756103515625 264.868743896484375 266.36248779296875 265.493743896484375 264.3125 260.70623779296875 256.774993896484375 249.568756103515625 243.28125 233.306243896484375 223.78125 215.868743896484375 211.6437530517578125 212.1750030517578125 215.618743896484375 221.850006103515625 231.368743896484375 238.931243896484375 244.7687530517578125 250.6437530517578125 253.743743896484375 249.2375030517578125 244.649993896484375 239.3249969482421875 233.8562469482421875 229.1687469482421875 223.5437469482421875 220.681243896484375 217.806243896484375 218.068756103515625 218.975006103515625 219.9875030517578125 222.9187469482421875 228.462493896484375
287.13751220703125 279.59375 275.04998779296875 271.087493896484375 268.54376220703125 262.91876220703125 258.131256103515625 255.443756103515625 253.8562469482421875 255.0187530517578125 260.193756103515625 263.65625 268.837493896484375 272.76873779296875 272.26251220703125 270.649993896484375 268.868743896484375 265.506256103515625 257.63751220703125 250.40625 242.787506103515625 233.868743896484375 225.649993896484375 221.8874969482421875 222.493743896484375 222.756256103515625 228.5625 234.9875030517578125 241.2062530517578125 246.0625 248.7937469482421875 249.3249969482421875 244.4875030517578125 240.4812469482421875 235.837493896484375 231.712493896484375 226.850006103515625 222.0749969482421875 217.818756103515625 218.881256103515625 217.9875030517578125 218.524993896484375 220.4562530517578125 224.125 229.962493896484375
283.04998779296875 277.03125 273.33123779296875 269.23126220703125 265.58123779296875 261.76251220703125 257.29998779296875 252.75 250.756256103515625 251.96875 255.8937530517578125 263.76873779296875 271.51873779296875 274.78125 276.11248779296875 274.725006103515625 274.287506103515625 271.01873779296875 264.375 257.4375 250.2624969482421875 242.4250030517578125 235.0625 229.3937530517578125 230.21875 229.743743896484375 232.850006103515625 237.5749969482421875 242.725006103515625 244.368743896484375 245.2937469482421875 245.712493896484375 241.006256103515625 236.78125 232.7312469482421875 228.25 224.03125 217.3874969482421875 216.774993896484375 217.0124969482421875 215.212493896484375 216.7312469482421875 219.3125 223.3000030517578125 229.806243896484375
277.11248779296875 273.475006103515625 271.39373779296875 266.287506103515625 262.125 257.537506103515625 252.59375 248.8874969482421875 245.1875 244.681243896484375 251.4375 263.15625 274.76251220703125 282.462493896484375 283.08123779296875 282.193756103515625 280.07501220703125 274.587493896484375 270.36248779296875 262.26251220703125 257.1875 248.65625 242.037506103515625 235.306243896484375 234.693756103515625 235.625 237.850006103515625 239.9124908447265625 243.7937469482421875 244.975006103515625 243.6374969482421875 242.943756103515625 237.15625 233.53125 228.78125 223.6875 217.9875030517578125 216.6062469482421875 215.6374969482421875 214.4562530517578125 212.2375030517578125 213.881256103515625 216.7624969482421875 220.03125 224.2375030517578125
272.92498779296875 271.23126220703125 268.631256103515625 264.04376220703125 259.1875 253.3312530517578125 248.743743896484375 243.7312469482421875 237.725006103515625 235.9187469482421875 241.8312530517578125 256.943756103515625 273.600006103515625 283.07501220703125 284.84375 284.587493896484375 283.32501220703125 278.83123779296875 274.681243896484375 269.662506103515625 263.225006103515625 256.17498779296875 246.618743896484375 241.287506103515625 238.9250030517578125 239.131256103515625 241.243743896484375 243.5437469482421875 246.243743896484375 245.193756103515625 243.0500030517578125 240.306243896484375 234.6125030517578125 231.5500030517578125 225.9375 219.0437469482421875 217.5 216.1750030517578125 214.1125030517578125 213.1750030517578125 212.4499969482421875 213.1875 214.5749969482421875 217.350006103515625 219.431243896484375
269.431243896484375 269.368743896484375 266.11248779296875 262.243743896484375 257.11248779296875 251.493743896484375 247.0124969482421875 239.4250030517578125 230.34375 224.899993896484375 233.774993896484375 255.618743896484375 270.681243896484375 278.524993896484375 283.431243896484375 284.73748779296875 282.381256103515625 279.40625 276.65625 270.5 265.162506103515625 257.993743896484375 249.149993896484375 244.681243896484375 241.462493896484375 241.2375030517578125 243.875 246.350006103515625 247.78125 245.024993896484375 242.8562469482421875 240.118743896484375 234.4812469482421875 229.399993896484375 223.3625030517578125 218.774993896484375 217.3249969482421875 216.7375030517578125 216.0500030517578125 213 212 211.8125 213.3562469482421875 214.7937469482421875 216.7937469482421875
269.23748779296875 267.48748779296875 263.399993896484375 260.42498779296875 255.618743896484375 250.8937530517578125 245.462493896484375 237.1875 229.631256103515625 222.443756103515625 237.6437530517578125 259.0625 270.45623779296875 277.056243896484375 281.306243896484375 283.399993896484375 280.649993896484375 279.11248779296875 274.15625 267.618743896484375 262.70623779296875 255.649993896484375 249.756256103515625 245.631256103515625 242.4250030517578125 243.4437408447265625 243.6687469482421875 247.3249969482421875 249.1999969482421875 246.524993896484375 241.756256103515625 238.6687469482421875 234.6062469482421875 228.7375030517578125 221.0187530517578125 219.7375030517578125 218.28125 216.1750030517578125 216.8125 214.34375 211.5124969482421875 211.2687530517578125 210.34375 209.96875 212.09375
270.01251220703125 265.46875 261.6875 259.318756103515625 256.16876220703125 250.15625 245.4812469482421875 240.181243896484375 238.818756103515625 244.162506103515625 259.73126220703125 268.64373779296875 271.65625 276.462493896484375 279.90625 279.79376220703125 277.78125 275.23748779296875 268.26251220703125 263.537506103515625 258.15625 251.3249969482421875 246.318756103515625 244.3312530517578125 242.5625 241.4812469482421875 242.443756103515625 245.46875 246.9812469482421875 246.15625 243.03125 238.068756103515625 234.3562469482421875 230.568756103515625 227.868743896484375 224.3249969482421875 221.1125030517578125 219.7562408447265625 218.056243896484375 213.881256103515625 211.5 211.4812469482421875 209.5437469482421875 209.8125 211.212493896484375
270.125 265.943756103515625 262.5625 260.51251220703125 257.568756103515625 253.3312530517578125 247.631256103515625 246.9875030517578125 248.850006103515625 254.1999969482421875 262.618743896484375 270.32501220703125 272.79998779296875 275.91876220703125 278.01251220703125 276.98748779296875 274.73748779296875 271.756256103515625 264.13751220703125 257.899993896484375 251.78125 247.837493896484375 240.993743896484375 238.975006103515625 240.25 240.256256103515625 241.4875030517578125 244.306243896484375 245.8937530517578125 245.28125 241.212493896484375 241.368743896484375 240.537506103515625 237.34375 235.15625 231.1437530517578125 226.881256103515625 224.556243896484375 221.0749969482421875 214.84375 211.256256103515625 210.787506103515625 207.8125 207.368743896484375 209.7624969482421875
