data/historical-monthly-weather-data/wc2.1_cruts4.09_10m_prec_1992-01.asc
ncols        45
nrows        45
xllcorner    -63.500000000000
yllcorner    -7.500000000000
cellsize     0.166666666667
NODATA_value -9999
[rows 20 to 39 of 45, columns 0 to 43 of 45]
182.756256103515625 180.6875 183.212493896484375 187.649993896484375 192.756256103515625 201.774993896484375 212.03125 220.850006103515625 228.912506103515625 235.3937530517578125 240.8000030517578125 244.78125 250.7312469482421875 257.35626220703125 250.9812469482421875 236.8312530517578125 226.756256103515625 221.193756103515625 220.7624969482421875 219.506256103515625 216.7687530517578125 212.1999969482421875 207.024993896484375 204.6687469482421875 203.1437530517578125 202.1750030517578125 202.618743896484375 203.7687530517578125 204.756256103515625 206.662506103515625 204.2937469482421875 197.875 183.2624969482421875 168.1062469482421875 154.743743896484375 157.71875 165.212493896484375 167.59375 162.975006103515625 152.850006103515625 139.96875 129.037506103515625 120.5437469482421875 113.63124847412109375
184.787506103515625 181.84375 184.6374969482421875 190.3562469482421875 197.537506103515625 207.25 217.649993896484375 228.1875 236.125 238.868743896484375 239.4875030517578125 236.899993896484375 236.725006103515625 239.3625030517578125 238.087493896484375 231.943756103515625 227.693756103515625 224.28125 222.75 221.5812530517578125 216.243743896484375 211.506256103515625 207.681243896484375 205.681243896484375 204.5 204.243743896484375 206.71875 206.556243896484375 205.4375 204.9187469482421875 200.4375 194.0749969482421875 183.03125 173.5749969482421875 166.3312530517578125 168.350006103515625 175.9250030517578125 179.8562469482421875 174.493743896484375 161.8937530517578125 146.931243896484375 134.625 124.84375 116.8312530517578125
187.1125030517578125 184.28125 186.0625 192.006256103515625 200.774993896484375 212.3000030517578125 223.287506103515625 234.556243896484375 244.0437469482421875 242.493743896484375 235.9187469482421875 226.131256103515625 219.962493896484375 221.6125030517578125 225.9437408447265625 227.2687530517578125 226.0812530517578125 224.4187469482421875 222.975006103515625 221.1687469482421875 216.1687469482421875 210.712493896484375 205.9250030517578125 203.7312469482421875 204 205.618743896484375 209 208.475006103515625 205.868743896484375 202.8000030517578125 197.78125 192.6875 187.4000091552734375 182.225006103515625 179.412506103515625 180.625 187.8562469482421875 195.931243896484375 188.2937469482421875 170.0625 152.618743896484375 139.506256103515625 127.91249847412109375 119.0124969482421875
191.006256103515625 187.28125 188.100006103515625 194.65625 204.943756103515625 216.09375 227.4375 238.125 245.3312530517578125 240.881256103515625 231.225006103515625 219.6374969482421875 206.662506103515625 210.5500030517578125 219.0812530517578125 223.100006103515625 223.806243896484375 222.962493896484375 221.850006103515625 220.28125 214.475006103515625 208.75 203.962493896484375 201.556243896484375 202.7937469482421875 204.75 209.375 208.537506103515625 205.8874969482421875 204.556243896484375 201.850006103515625 199.5124969482421875 195.875 192.649993896484375 190.9875030517578125 191.412506103515625 195.5500030517578125 200.462493896484375 191.78125 173.256256103515625 155.2062530517578125 141.46875 129.78125 120.59999847412109375
196.024993896484375 192.03125 191.5749969482421875 200.212493896484375 212.9812469482421875 222.693756103515625 231.587493896484375 239.524993896484375 242.7687530517578125 239.399993896484375 231.3937530517578125 221.7687530517578125 213.78125 214.693756103515625 219 222.631256103515625 223.9625091552734375 223.9812469482421875 222.225006103515625 218.7687530517578125 212.693756103515625 205.931243896484375 200.6062469482421875 197.850006103515625 198.84375 202.1750030517578125 206.0500030517578125 208.2375030517578125 207.662506103515625 209.256256103515625 209.7937469482421875 210.6687469482421875 206.693756103515625 203.6437530517578125 201.524993896484375 198.7375030517578125 198.5 195.2624969482421875 185.931243896484375 171.15625 154.618743896484375 141.65625 130.493743896484375 122.09999847412109375
205.4875030517578125 204.1999969482421875 204.881256103515625 212.962493896484375 222.5 230.3625030517578125 236.506256103515625 240.46875 241.475006103515625 238.53125 233.53125 228.243743896484375 223.475006103515625 222.725006103515625 223.5187530517578125 225.2062530517578125 226.375 226.056243896484375 223.787506103515625 219.149993896484375 212.931243896484375 204.15625 197.537506103515625 193.068756103515625 194.899993896484375 199.71875 205.868743896484375 209.3312530517578125 211.3937530517578125 213.6687469482421875 218.3625030517578125 221.8874969482421875 218.7312469482421875 213.84375 210.3499908447265625 204.53125 199.431243896484375 191.743743896484375 181.3625030517578125 167.725006103515625 152.943756103515625 140.6062469482421875 129.5124969482421875 121.7624969482421875
216.256256103515625 216.3312530517578125 219.2937469482421875 225.2937469482421875 231.5124969482421875 236.943756103515625 241.243743896484375 242.2687530517578125 241.962493896484375 240.7375030517578125 237.837493896484375 234.9812469482421875 232.3249969482421875 231.5500030517578125 230.5749969482421875 231.0187530517578125 231.212493896484375 230.3312530517578125 228.3937530517578125 222.5812530517578125 214.5749969482421875 206.5625 197.40625 192.0124969482421875 196.087493896484375 201.131256103515625 207.5749969482421875 212.368743896484375 216.149993896484375 220.2375030517578125 226.6687469482421875 231.131256103515625 228.5124969482421875 222.4187469482421875 215.993743896484375 208.8249969482421875 201.2937469482421875 191.006256103515625 179.0749969482421875 166.2062530517578125 151.875 139.337493896484375 128.6750030517578125 121.3562469482421875
229.0749969482421875 229.4875030517578125 233.4499969482421875 238.15625 242.4812469482421875 244.818756103515625 246.3562469482421875 245.7062530517578125 245.1374969482421875 243.649993896484375 241.84375 240.875 239.2687530517578125 238.725006103515625 237.256256103515625 236.9187469482421875 236.2312469482421875 236.8312530517578125 233.131256103515625 228.118743896484375 221.53125 212.4499969482421875 206.649993896484375 202.024993896484375 203.3625030517578125 206.600006103515625 212.3937530517578125 216.9375 221.475006103515625 227.5124969482421875 233.399993896484375 237.931243896484375 234.3562469482421875 226.9875030517578125 219.787506103515625 211.5437469482421875 202.03125 191.3937530517578125 179.7062530517578125 166.225006103515625 152.725006103515625 140.5 129.068756103515625 122.40625
240.399993896484375 242.212493896484375 246.0187530517578125 250.6437530517578125 253.6437530517578125 253.225006103515625 251 249.756256103515625 248.1687469482421875 247 246.1875 245.8249969482421875 245.4562530517578125 246.7312469482421875 245.4875030517578125 245.3625030517578125 246.2624969482421875 245.181243896484375 241.962493896484375 236.8312530517578125 229.975006103515625 221.8562469482421875 216.774993896484375 213.1750030517578125 212.6999969482421875 214.03125 219.0812530517578125 223.4375 228.631256103515625 234.5625 239.4375 243.0500030517578125 238.493743896484375 231.381256103515625 223.912506103515625 214.443756103515625 204.9187469482421875 193.8625030517578125 182.368743896484375 168.8937530517578125 154.3812408447265625 142.743743896484375 133.4250030517578125 129.9187469482421875
247.9499969482421875 249.9812469482421875 254.9375 260.20001220703125 262.068756103515625 258.712493896484375 254.3249969482421875 252.2375030517578125 250.4124908447265625 248.7937469482421875 249.1437530517578125 250.850006103515625 252.2375030517578125 254.5437469482421875 255.068756103515625 255.1875 255.5187530517578125 255.28125 253.350006103515625 247.2062530517578125 240.068756103515625 233.806243896484375 228.375 224.4562530517578125 223.631256103515625 224.4375 228.3312530517578125 232.024993896484375 236.6999969482421875 241.087493896484375 245.5625 248.212493896484375 242.5187530517578125 236.1437530517578125 228.350006103515625 219.1437530517578125 209.2687530517578125 199.475006103515625 188.037506103515625 175.618743896484375 163.1687469482421875 153.618743896484375 146.350006103515625 143.5124969482421875
252.681243896484375 254.962493896484375 258.35626220703125 263.350006103515625 266.0625 259.92498779296875 255.65625 252.6437530517578125 251.006256103515625 250.5625 252.15625 255.274993896484375 258.41876220703125 261.11248779296875 263.212493896484375 264.15625 265.73748779296875 266.287506103515625 264.524993896484375 258.600006103515625 250.9875030517578125 244.2624969482421875 239.9562530517578125 235.875 234.0437469482421875 235.337493896484375 238.65625 241.600006103515625 246.1125030517578125 248.75 251.9562530517578125 253.6875 247.350006103515625 240.7624969482421875 233.0500030517578125 224.087493896484375 214.306243896484375 205.6374969482421875 195.6750030517578125 184.25 173.6750030517578125 165.8874969482421875 160.037506103515625 155.8312530517578125
254.7375030517578125 256.32501220703125 258.39373779296875 261.037506103515625 261.48126220703125 257.20623779296875 254.9250030517578125 251.568756103515625 250.71875 251.087493896484375 253.5124969482421875 257.91876220703125 262.774993896484375 267.92498779296875 271.368743896484375 273.10626220703125 273.837493896484375 273.86248779296875 270.931243896484375 266.318756103515625 259.04998779296875 252.931243896484375 249.475006103515625 245.5749969482421875 244.9437408447265625 245.6687469482421875 247.943756103515625 251.0250091552734375 253.9875030517578125 256.58123779296875 258.45623779296875 258.962493896484375 252.7375030517578125 246.0124969482421875 238.5 229.306243896484375 221.09375 211.6437530517578125 201.850006103515625 192.2249908447265625 184.868743896484375 178.90625 174.2937469482421875 172.0124969482421875
253.756256103515625 254.7375030517578125 256.475006103515625 257.806243896484375 256.51873779296875 253.2312469482421875 250.287506103515625 247.8249969482421875 246.6999969482421875 249.59375 255.0812530517578125 261.38751220703125 269.73126220703125 278 281.118743896484375 282.61248779296875 282.6875 280.725006103515625 277.01873779296875 272.9375 266.649993896484375 261.125 257.443756103515625 255.6437530517578125 255.03125 256.23126220703125 258.23126220703125 259.76251220703125 262.51873779296875 265.5625 266.29376220703125 265.006256103515625 259.274993896484375 253.2312469482421875 245.3874969482421875 237.0749969482421875 228.587493896484375 219.618743896484375 210.25 204.3874969482421875 198.443756103515625 194.225006103515625 191.587493896484375 191.337493896484375
251.59375 252.181243896484375 252.975006103515625 253.493743896484375 250.993743896484375 248.3125 245.875 243.3249969482421875 243.118743896484375 245.84375 253.09375 264.693756103515625 277.037506103515625 286.66876220703125 290.243743896484375 291.14373779296875 291.88751220703125 289.462493896484375 284.100006103515625 278.82501220703125 273.443756103515625 268.787506103515625 265.60626220703125 264.15625 264.125 265.08123779296875 266.63751220703125 269.0625 272.51873779296875 273.66876220703125 274.375 272.78125 266.67498779296875 261.125 253.662506103515625 245.287506103515625 236.28125 226.6374969482421875 220.125 215.649993896484375 210.7312469482421875 208.475006103515625 207.868743896484375 209.28125
250.931243896484375 250.25 250.28125 249.162506103515625 246.868743896484375 244.5500030517578125 241.1999969482421875 238.443756103515625 236.7312469482421875 240.6875 251.3937530517578125 266.90625 284.912506103515625 297.95623779296875 301.162506103515625 300.774993896484375 300.412506103515625 296.287506103515625 290.443756103515625 283.412506103515625 279.29998779296875 275.375 272.67498779296875 271.46875 272.149993896484375 272.34375 274.9375 278.23126220703125 281.58123779296875 281.51251220703125 281.54998779296875 280.54998779296875 274.96875 268.625 261.10626220703125 252.5250091552734375 242.7687530517578125 235.3249969482421875 230.131256103515625 225.625 222.0124969482421875 220.212493896484375 220.712493896484375 222.5
252.412506103515625 250.693756103515625 249.8000030517578125 247.912506103515625 245.2312469482421875 241.443756103515625 238.037506103515625 233.618743896484375 230.46875 233.1374969482421875 246.006256103515625 266.90625 289.256256103515625 304.86248779296875 309.212493896484375 309.475006103515625 307.98748779296875 303.04998779296875 296.45001220703125 288.92498779296875 284.193756103515625 281.14373779296875 278.09375 276.67498779296875 277.45001220703125 278.931243896484375 281.54998779296875 285.28125 289.212493896484375 288.899993896484375 289.33123779296875 288.024993896484375 283.743743896484375 278.212493896484375 270.95001220703125 261.58123779296875 254.212493896484375 246.09375 239.5625 235.15625 231.8562469482421875 230.7937469482421875 230.90625 232.8125
254.1875 251.9187469482421875 249.693756103515625 247.2624969482421875 244.181243896484375 240.5187530517578125 237.4562530517578125 231.9812469482421875 226.0437469482421875 223.431243896484375 240.837493896484375 271.76873779296875 295.71875 309.45623779296875 315.337493896484375 316.806243896484375 315.475006103515625 309.78125 302.36248779296875 293.931243896484375 289.506256103515625 285.07501220703125 282.350006103515625 281.23126220703125 282.58123779296875 285.100006103515625 288.243743896484375 292.91876220703125 297.11248779296875 297.07501220703125 297.14373779296875 295.91876220703125 292.83123779296875 288.337493896484375 281.506256103515625 272.79376220703125 264.51873779296875 255.6062469482421875 249.28125 243.8000030517578125 238.993743896484375 237.962493896484375 239.1062469482421875 240.5812530517578125
255.6687469482421875 252.9375 250.0749969482421875 247.90625 245.193756103515625 242.96875 239.9499969482421875 235.4875030517578125 230.743743896484375 226.306243896484375 256.806243896484375 289.23748779296875 306.73748779296875 316.899993896484375 322.46875 324.01251220703125 322.125 316.6875 309.274993896484375 300.35626220703125 294.631256103515625 288.90625 285.368743896484375 284.75 286.618743896484375 290.20001220703125 293.41876220703125 298.48748779296875 303.399993896484375 304.41876220703125 304 302.01873779296875 299.70623779296875 296.60626220703125 290.48126220703125 282.068756103515625 272.5625 263.975006103515625 257.631256103515625 251.243743896484375 245.318756103515625 244.84375 244.8125 244.7687530517578125
257.100006103515625 252.6062469482421875 250.5500030517578125 248.587493896484375 246.7375030517578125 245.5437469482421875 243.868743896484375 244.3937530517578125 249.5749969482421875 266.54998779296875 303.162506103515625 314 319.71875 325.95623779296875 329.899993896484375 330.350006103515625 329.125 322.368743896484375 314.0625 305.162506103515625 296.899993896484375 290.40625 286.66876220703125 286.287506103515625 288.056243896484375 291.70623779296875 295.962493896484375 301.66876220703125 307.587493896484375 310.274993896484375 310.225006103515625 308.51251220703125 305.59375 301.068756103515625 297.46875 289.15625 279.16876220703125 270.79998779296875 263.431243896484375 255.493743896484375 249.337493896484375 247.8125 246.6687469482421875 247.1437530517578125
258.756256103515625 254.1750030517578125 251.725006103515625 249.2062530517578125 249.25 250.037506103515625 251.181243896484375 256.54376220703125 267.975006103515625 287.29998779296875 309.875 323.4375 329.59375 334.90625 337.287506103515625 337.962493896484375 336.4375 329.73748779296875 319.41876220703125 309.118743896484375 297.475006103515625 290.5 286.443756103515625 286.11248779296875 288.67498779296875 292.35626220703125 297.556243896484375 304.54998779296875 310.774993896484375 313.75 314.04376220703125 314.443756103515625 312.962493896484375 308.337493896484375 302.45001220703125 294.15625 284.4375 275.618743896484375 267.45623779296875 258.743743896484375 252.412506103515625 250.1374969482421875 247.8312530517578125 247.493743896484375
