data/historical-monthly-weather-data/wc2.1_cruts4.09_10m_prec_1955-12.asc
ncols        51
nrows        45
xllcorner    -63.500000000000
yllcorner    -7.500000000000
cellsize     0.166666666667
NODATA_value -9999
[rows 20 to 39 of 45, columns 0 to 44 of 51]
235.6125030517578125 242.350006103515625 248.21875 255.2624969482421875 263.306243896484375 271.07501220703125 277.95623779296875 284.131256103515625 288.82501220703125 291.04376220703125 291.07501220703125 292.056243896484375 292.443756103515625 290.35626220703125 285.125 277.837493896484375 270.381256103515625 263.13751220703125 258.899993896484375 253.912506103515625 245.162506103515625 235.506256103515625 226.868743896484375 223.0625 221.28125 218.506256103515625 213.212493896484375 203 190.306243896484375 180.03125 172.850006103515625 171.5500030517578125 174.568756103515625 179.71875 185.8312530517578125 194.2624969482421875 205.631256103515625 217.649993896484375 225.5 227.9499969482421875 225.587493896484375 221.462493896484375 219.8125 219.1062469482421875 220.1999969482421875
229.306243896484375 235.4250030517578125 242.8937530517578125 252.556243896484375 262.21875 270.537506103515625 278.887481689453125 286.48748779296875 291.193756103515625 293.41876220703125 292.537506103515625 291.98748779296875 290.84375 287.4375 282.975006103515625 276.943756103515625 270.75 264.5625 259.668731689453125 254.5 244.71875 236.618743896484375 230.787506103515625 227.5187530517578125 226.5 226.9562530517578125 226 217.1374969482421875 205.431243896484375 196.84375 190.375 187.524993896484375 188.100006103515625 191.618743896484375 195.493743896484375 202.493743896484375 213.100006103515625 224.8937530517578125 231.1125030517578125 231.118743896484375 228.806243896484375 225.71875 223.962493896484375 223.412506103515625 225.7874908447265625
223.756256103515625 231.506256103515625 238.881256103515625 248.9187469482421875 260.11248779296875 270.41876220703125 279.26873779296875 288.337493896484375 294.837493896484375 295.95623779296875 294.11248779296875 291.125 289.350006103515625 285.67498779296875 281.274993896484375 275.881256103515625 270 263.90625 259.1875 253.243743896484375 244.3000030517578125 236.7062530517578125 231.006256103515625 228.5625 229.131256103515625 232.681243896484375 235.71875 228.881256103515625 218.3249969482421875 211.59375 206.5500030517578125 203.4375 202.8874969482421875 203.3625030517578125 204.806243896484375 208.462493896484375 218.7062530517578125 233.625 239 236.6875 233.0437469482421875 229.837493896484375 228.2062530517578125 227.743743896484375 230.631256103515625
218.962493896484375 225.8000030517578125 233.1999969482421875 244.131256103515625 256.98126220703125 268.225006103515625 278.88751220703125 288.143768310546875 294.212493896484375 294.625 292.76251220703125 290.34375 288.212493896484375 285.04376220703125 280.6875 275.51873779296875 270.381256103515625 265.068756103515625 260.162506103515625 254.181243896484375 244.28125 236.3312530517578125 229.6875 227.9250030517578125 228.6999969482421875 232.131256103515625 235.4187469482421875 233.1812591552734375 228.068756103515625 223.8499908447265625 221.0187530517578125 217.84375 217.34375 216.4812469482421875 216.4749908447265625 217.0749969482421875 225.431243896484375 239.149993896484375 243.943756103515625 241.1437530517578125 236.4499969482421875 232.9562530517578125 230.1125030517578125 228.912506103515625 235.193756103515625
217.037506103515625 222.25 229.0437469482421875 242.75 258.09375 268.88751220703125 278.88751220703125 286.787506103515625 291.287506103515625 292.83123779296875 291.83123779296875 289.09375 286.59375 283.36248779296875 279.86248779296875 275.5625 270.86248779296875 266.306243896484375 261.431243896484375 255.412506103515625 244.868743896484375 235.193756103515625 227.912506103515625 225.375 226.84375 231.46875 235.537506103515625 236.568756103515625 235.2687530517578125 234.537506103515625 234.0625 232.1374969482421875 231.84375 230.4812469482421875 228.7062530517578125 229.7624969482421875 236.212493896484375 243.4312591552734375 246.6374969482421875 245.118743896484375 240.3062591552734375 236.1750030517578125 231.850006103515625 231.4250030517578125 237.787506103515625
219.9375 227.118743896484375 234.412506103515625 247.6062469482421875 260.57501220703125 270.28125 278.412506103515625 285.03125 288.806243896484375 289.86248779296875 288.9375 287.09375 284.368743896484375 281.29998779296875 278.993743896484375 275.625 271.162506103515625 267.23748779296875 262.756256103515625 256.73748779296875 247.087493896484375 235.524993896484375 225.6687469482421875 221.03125 224.9812469482421875 231.712493896484375 237.9375 241.21875 242.625 244.256256103515625 245.506256103515625 246.712493896484375 247.2937469482421875 244.6875 242.5 242.568756103515625 246.4187469482421875 250.662506103515625 252.4812469482421875 251.306243896484375 246.568756103515625 239.9187469482421875 233.337493896484375 231.0437469482421875 240.618743896484375
224.71875 232.3312530517578125 241.875 254.0500030517578125 265.318756103515625 273.11248779296875 278.625 283.23126220703125 285.168731689453125 286.73126220703125 287.506256103515625 285.875 282.9375 280.506256103515625 278.91876220703125 276.84375 273.48748779296875 270.10626220703125 266.068756103515625 259.600006103515625 249.9375 238.337493896484375 227.287506103515625 220.649993896484375 226.631256103515625 234.1687469482421875 241.1687469482421875 245.681243896484375 249.350006103515625 252.2687530517578125 255.65625 258.8125 261.274993896484375 258.625 256.087493896484375 255.9499969482421875 257.274993896484375 259.41876220703125 260.618743896484375 260.16876220703125 256.10626220703125 247.7312469482421875 238.024993896484375 234.6062469482421875 249.7624969482421875
230.65625 238.850006103515625 249.6062469482421875 261.14373779296875 270.6875 276.63751220703125 280.274993896484375 282.181243896484375 282.837493896484375 283.537506103515625 283.774993896484375 282.556243896484375 281.350006103515625 279.818756103515625 279.15625 277.51873779296875 275.70001220703125 272.67498779296875 269.475006103515625 263.84375 255.4812469482421875 245.7937469482421875 238.1374969482421875 233.4250030517578125 235.96875 241.59375 247.1062469482421875 251.2062530517578125 255.03125 258.743743896484375 262.4375 265.543731689453125 268.26873779296875 268.15625 267.04376220703125 266.681243896484375 267.45623779296875 268.962493896484375 270.881256103515625 271.98748779296875 269.625 260.89373779296875 245.1125030517578125 240.6750030517578125 264.368743896484375
235.4250030517578125 244.475006103515625 256.443756103515625 268.85626220703125 276.837493896484375 279.53125 280.493743896484375 280.725006103515625 280.306243896484375 279.76251220703125 280.38751220703125 280.243743896484375 279.54998779296875 279.17498779296875 278.96875 279.3125 278.60626220703125 276.70001220703125 274.131256103515625 269.60626220703125 262.88751220703125 255.6999969482421875 250.9187469482421875 246.5687408447265625 247.46875 251.068756103515625 254.9875030517578125 258.35626220703125 261.899993896484375 264.975006103515625 268.056243896484375 270.5625 273.743743896484375 274.9375 275.8125 276.20001220703125 277.42498779296875 278.48126220703125 280.287506103515625 282.95623779296875 284.20001220703125 274.48748779296875 259.51251220703125 259.887481689453125 284.04376220703125
241.306243896484375 250.068756103515625 263.024993896484375 276.58123779296875 285.08123779296875 283.04376220703125 280.443756103515625 279.08123779296875 277.287506103515625 275.818756103515625 276.29998779296875 276.20623779296875 277.41876220703125 278.75 279.58123779296875 279.962493896484375 280.412506103515625 281.087493896484375 279.556243896484375 275.4375 269.53125 264.118743896484375 259.8125 256.48748779296875 256.806243896484375 259.399993896484375 260.76251220703125 263.71875 266.23126220703125 269.38751220703125 272.537506103515625 275.16876220703125 279.90625 282.70623779296875 285.26873779296875 285.88751220703125 287.39373779296875 288.48748779296875 290.41876220703125 292.28125 291.98126220703125 289.11248779296875 281.975006103515625 285 300.48126220703125
245.2624969482421875 253.318756103515625 264.83123779296875 277.73126220703125 284.60626220703125 280.40625 276.75 273.90625 271.23748779296875 270.76251220703125 271.4375 272.4375 274.96875 277.125 278.48748779296875 280.149993896484375 282.53125 283.412506103515625 284.056243896484375 280.899993896484375 275.649993896484375 271.181243896484375 268.20623779296875 265.193756103515625 264.73126220703125 266.23748779296875 266.83123779296875 268.61248779296875 270.368743896484375 274.100006103515625 277.33123779296875 280.25 285.5 290.287506103515625 294.04376220703125 295.54376220703125 297.725006103515625 299.17498779296875 300.3125 300.162506103515625 300.95623779296875 303.57501220703125 304.131256103515625 306.08123779296875 318.14373779296875
247.8937530517578125 253.5500030517578125 262.09375 269.337493896484375 272.3125 270.899993896484375 268.40625 265.243743896484375 263.493743896484375 263.03125 264.63751220703125 267.48126220703125 271.537506103515625 274.875 277.975006103515625 280.63751220703125 282 283.14373779296875 284.100006103515625 282.412506103515625 279.28125 276.212493896484375 273.63751220703125 271.056243896484375 271.8125 272.556243896484375 271.912506103515625 272.96875 274.443756103515625 278.60626220703125 282.16876220703125 285.712493896484375 290.65625 296.67498779296875 302.29998779296875 305.58123779296875 307.40625 308.76873779296875 309.89373779296875 310.35626220703125 314.381256103515625 322.71875 330.631256103515625 338.975006103515625 355.83123779296875
251.368743896484375 253.818756103515625 257.86248779296875 262 263.068756103515625 261.38751220703125 257.98126220703125 254.28125 252.6312408447265625 253.256256103515625 257.943756103515625 262.162506103515625 268.23126220703125 274.45001220703125 277.774993896484375 279.91876220703125 280.693756103515625 282.756256103515625 282.212493896484375 281.21875 279.10626220703125 277.306243896484375 275.35626220703125 272.95623779296875 273.61248779296875 275.01251220703125 274.381256103515625 274.03125 275.96875 280.5625 285.71875 290.568756103515625 296.96875 304.17498779296875 311.3125 315.75 319.20623779296875 322.306243896484375 324.5 329.84375 335.681243896484375 347.649993896484375 362.70001220703125 382.662506103515625 416.8125
253.943756103515625 253.6999969482421875 255.100006103515625 255.59375 253.600006103515625 250.850006103515625 247.25 243.1062469482421875 241.2937469482421875 242.3125 247.4562530517578125 255.9812469482421875 265.068756103515625 272.11248779296875 276.41876220703125 278.381256103515625 279.756256103515625 281.64373779296875 280.54998779296875 279.67498779296875 278.100006103515625 276.33123779296875 274.36248779296875 272.756256103515625 273.125 274.48748779296875 274.75 275.03125 277.493743896484375 282.45623779296875 288.61248779296875 295.337493896484375 303.131256103515625 311.774993896484375 319.78125 325.34375 331.125 334.78125 340.75 348.83123779296875 357.668731689453125 372.53125 392.100006103515625 419.25 459.712493896484375
255.618743896484375 253.8125 252.649993896484375 249.975006103515625 246.274993896484375 241.975006103515625 236.9562530517578125 231.962493896484375 228.881256103515625 230.306243896484375 237.568756103515625 249.0999908447265625 262.287506103515625 272.625 277.14373779296875 279 279.537506103515625 280.443756103515625 279.84375 277.556243896484375 276.818756103515625 274.38751220703125 273.41876220703125 271.712493896484375 271.60626220703125 273.15625 273.70001220703125 274.91876220703125 277.60626220703125 283.71875 291.25 299.26873779296875 308.662506103515625 319.006256103515625 328.16876220703125 334.21875 340.48126220703125 347.96875 356.631256103515625 365.40625 376.76251220703125 392.54998779296875 413.13751220703125 440.256256103515625 475.38751220703125
257.75 254.8312530517578125 251.8125 247.8000030517578125 242.537506103515625 237.21875 230.399993896484375 223.381256103515625 218.3874969482421875 217.5749969482421875 226.4562530517578125 242.443756103515625 260.024993896484375 272.42498779296875 277.837493896484375 279.83123779296875 279.931243896484375 280.131256103515625 278.10626220703125 274.975006103515625 273.60626220703125 272.29376220703125 270.212493896484375 268.399993896484375 268.493743896484375 269.26251220703125 270.3125 271.61248779296875 274.41876220703125 282.25 291.65625 300.66876220703125 311.662506103515625 322.48748779296875 332.568756103515625 339.10626220703125 348.65625 357.649993896484375 367.118743896484375 377.725006103515625 390.399993896484375 407.3125 426.01251220703125 449.95623779296875 475.912506103515625
259.53125 255.9499969482421875 252.03125 247.462493896484375 241.818756103515625 235.743743896484375 228.600006103515625 219.618743896484375 210.9875030517578125 204.568756103515625 217.46875 242.556243896484375 261.181243896484375 272.943756103515625 278.66876220703125 280.587493896484375 280.75 279.649993896484375 277.287506103515625 273.443756103515625 271.0687255859375 268.70623779296875 266.318756103515625 264.212493896484375 263.40625 264.10626220703125 264.91876220703125 267.48126220703125 271.33123779296875 280.67498779296875 291.29376220703125 301.70623779296875 313.70001220703125 326.056243896484375 336.79376220703125 346.35626220703125 356.743743896484375 366.73748779296875 375.837493896484375 387.01873779296875 399.931243896484375 415.70001220703125 433.07501220703125 453.899993896484375 471.5
260.587493896484375 257.0625 253.212493896484375 248.375 243.2937469482421875 236.75 230.274993896484375 221.912506103515625 213.6812591552734375 204.4187469482421875 228.818756103515625 255.8000030517578125 268.89373779296875 277.399993896484375 281.57501220703125 282.943756103515625 282.03125 280.48748779296875 276.53125 272.29376220703125 267.912506103515625 264.41876220703125 261.84375 259.337493896484375 257.881256103515625 258.17498779296875 260.462493896484375 263.350006103515625 267.631256103515625 278.649993896484375 289.92498779296875 301.85626220703125 314.83123779296875 328.162506103515625 339.91876220703125 350.693756103515625 361.725006103515625 371.90625 382.118743896484375 393.01251220703125 404.943756103515625 418.875 433.34375 450.5625 464.61248779296875
260.256256103515625 256.90625 253.931243896484375 250.306243896484375 245.78125 240.649993896484375 235.96875 232.1062469482421875 231.743743896484375 241.537506103515625 270.256256103515625 277.54998779296875 280.73748779296875 285.162506103515625 287.443756103515625 287.98748779296875 286.54376220703125 282.86248779296875 277.71875 272.006256103515625 265.899993896484375 260.51873779296875 256.98126220703125 254.6687469482421875 253.712493896484375 254.1687469482421875 256.381256103515625 260.01251220703125 264.75 275.59375 287.35626220703125 297.60626220703125 309.90625 322.375 335.17498779296875 345.875 356.3125 366.350006103515625 375.506256103515625 384.975006103515625 396.412506103515625 407.350006103515625 418.73126220703125 431.89373779296875 442.07501220703125
260.91876220703125 257.83123779296875 255.5 252.8000030517578125 249.681243896484375 247.1437530517578125 245.28125 246.100006103515625 250.4875030517578125 261.881256103515625 279.04998779296875 287.631256103515625 290.08123779296875 292.912506103515625 294.61248779296875 294.087493896484375 291.725006103515625 287.26873779296875 279.96875 272.431243896484375 263.125 255.3874969482421875 250.3125 247.600006103515625 247.90625 249.4937591552734375 253 257.41876220703125 262.33123779296875 272.912506103515625 283.23748779296875 293.975006103515625 306 317.412506103515625 328.67498779296875 337.881256103515625 348.48126220703125 357.8125 365.875 373.625 382.475006103515625 391.600006103515625 401.29376220703125 411.53125 419.71875
