data/historical-monthly-weather-data/wc2.1_cruts4.09_10m_prec_1998-02.asc
ncols        51
nrows        45
xllcorner    -63.500000000000
yllcorner    -7.500000000000
cellsize     0.166666666667
NODATA_value -9999
[rows 19 to 37 of 45, columns 0 to 43 of 51]
184.868743896484375 185.693756103515625 187.90625 190.462493896484375 194.462493896484375 199.600006103515625 204.806243896484375 209.3625030517578125 216.131256103515625 222.84375 229.556243896484375 234.0437469482421875 238.7624969482421875 241.53125 229.3249969482421875 211.462493896484375 196.1999969482421875 186.618743896484375 180.8000030517578125 177.931243896484375 176.2312469482421875 173.8000030517578125 171.9250030517578125 170.3249969482421875 169.431243896484375 169.125 171.3937530517578125 175.3562469482421875 178.8562469482421875 182.6062469482421875 182.03125 176.274993896484375 161.71875 145.7687530517578125 134.149993896484375 138.5187530517578125 151.53125 163.7062530517578125 172.787506103515625 177.2062530517578125 176.8562469482421875 174.524993896484375 174.78125 174.75
176.399993896484375 178.8249969482421875 181.412506103515625 184.256256103515625 188.9875030517578125 193.912506103515625 199.368743896484375 205 211.6062469482421875 217.6687469482421875 222.4562530517578125 226.5812530517578125 231.006256103515625 234.3625030517578125 223.6374969482421875 207.006256103515625 192.9812469482421875 182.9375 178.131256103515625 174.2937469482421875 173.4875030517578125 172.431243896484375 170.681243896484375 169.962493896484375 169.7375030517578125 170.287506103515625 172.8562469482421875 175.662506103515625 179.3562469482421875 183.868743896484375 184.5124969482421875 180.0437469482421875 164.7687530517578125 146.431243896484375 130.28125 137.2375030517578125 152.087493896484375 163.625 171.21875 174.649993896484375 174.524993896484375 173.537506103515625 172.943756103515625 172.25
167.3937530517578125 171.0812530517578125 174.225006103515625 178.3937530517578125 182.7312469482421875 188.193756103515625 193.9499969482421875 199.868743896484375 206.3874969482421875 210.756256103515625 213.15625 213.962493896484375 214.725006103515625 214.1687469482421875 208.899993896484375 199.056243896484375 189.0437469482421875 181.4562530517578125 176.287506103515625 172.625 170.037506103515625 168.46875 168.1750030517578125 167.4375 167.65625 169.193756103515625 172.756256103515625 176.2312469482421875 180.90625 186.993743896484375 190.462493896484375 187.3000030517578125 173.5500030517578125 158.837493896484375 148.4187469482421875 151.850006103515625 161.7312469482421875 169.4562530517578125 173.78125 175.100006103515625 174.6875 173.8562469482421875 172.725006103515625 171.3249969482421875
160.850006103515625 165.6687469482421875 168.4375 172.537506103515625 176.618743896484375 182.9250030517578125 188.0062408447265625 194.318756103515625 201.181243896484375 203.118743896484375 202.4250030517578125 199.899993896484375 197.28125 196.46875 195.1875 190.337493896484375 183.6437530517578125 178.3937530517578125 173.556243896484375 169.181243896484375 166.6875 164.5749969482421875 163.5124969482421875 162.899993896484375 164.1750030517578125 166.899993896484375 171.0124969482421875 175.462493896484375 181.5124969482421875 189.5437469482421875 196.0625 197.774993896484375 185.4562530517578125 173.96875 168.7937469482421875 171.9250030517578125 176.506256103515625 178.9250030517578125 179.1687469482421875 176.9250030517578125 174.912506103515625 173.631256103515625 172.03125 170.40625
155.25 159.3625030517578125 162.3625030517578125 165.5812530517578125 169.912506103515625 176.4499969482421875 182.625 188.287506103515625 194.475006103515625 195.1750030517578125 193.8249969482421875 190.5625 185.0749969482421875 186.3937530517578125 187.4187469482421875 184.875 180.443756103515625 176.962493896484375 172.662506103515625 168.087493896484375 164.65625 161.662506103515625 159.681243896484375 159.28125 161.149993896484375 163.537506103515625 169.1999969482421875 175.21875 181.78125 191.15625 199.4812469482421875 203.256256103515625 194.431243896484375 186.3562469482421875 183.7624969482421875 187.3000030517578125 188.4250030517578125 184.9875030517578125 181.600006103515625 177.5812530517578125 174.600006103515625 172.5 170.9499969482421875 169.8625030517578125
152.368743896484375 154.5687408447265625 157.0437469482421875 160.493743896484375 165.337493896484375 170.787506103515625 176.6687469482421875 181.837493896484375 186.0187530517578125 187.6999969482421875 187.337493896484375 185.4875030517578125 183.662506103515625 184.181243896484375 183.712493896484375 182.2624969482421875 179.693756103515625 176.712493896484375 172.712493896484375 168.0187530517578125 163.96875 159.4562530517578125 155.837493896484375 154.912506103515625 156.6062469482421875 161.6437530517578125 167.524993896484375 174.8000030517578125 181.868743896484375 191.181243896484375 199.2937469482421875 203.743743896484375 198.7937469482421875 193.5124969482421875 191.1437530517578125 190.8312530517578125 189.3312530517578125 184.556243896484375 180.3562469482421875 176.162506103515625 172.868743896484375 170.7062530517578125 169.600006103515625 169.7062530517578125
153.274993896484375 154.037506103515625 155.0124969482421875 157.806243896484375 161.84375 166.9562530517578125 171.59375 176.068756103515625 179.7062530517578125 181.8625030517578125 182.5500030517578125 182.78125 183.46875 183.818756103515625 183.40625 181.868743896484375 179.8874969482421875 177.2375030517578125 174.068756103515625 169.431243896484375 164.28125 157.9812469482421875 152.3562469482421875 149.850006103515625 153.53125 159.8937530517578125 167.931243896484375 174.8937530517578125 182.368743896484375 190.743743896484375 198.368743896484375 203.5625 200.25 196.212493896484375 193.3125 190.6187591552734375 187.1374969482421875 182.15625 177.15625 173.2375030517578125 170.100006103515625 168.3249969482421875 167.1437530517578125 167.600006103515625
156.475006103515625 156.024993896484375 156.2937469482421875 158.8125 161.537506103515625 165.181243896484375 169.34375 172.381256103515625 175.6437530517578125 178.40625 180.1999969482421875 181.2624969482421875 182.756256103515625 183.9499969482421875 183.743743896484375 183.431243896484375 182.037506103515625 180.243743896484375 177.337493896484375 172.899993896484375 167.1687469482421875 160.5625 153.2750091552734375 149.65625 155.368743896484375 162.431243896484375 170.4499969482421875 177.7375030517578125 184.568756103515625 192.3937530517578125 199.912506103515625 204.1125030517578125 200.6125030517578125 197.381256103515625 192.524993896484375 188.9562530517578125 184.7687530517578125 179.0437469482421875 174.6374969482421875 170.556243896484375 167.1750030517578125 165.1687469482421875 163.8312530517578125 164.0625
160.09375 158.118743896484375 158.40625 159.899993896484375 161.53125 163.8625030517578125 167.4812469482421875 170.8874969482421875 173.6750030517578125 176.6062469482421875 178.350006103515625 179.8625030517578125 181.506256103515625 183.006256103515625 184 184.899993896484375 184.443756103515625 184.350006103515625 182.0500030517578125 178.6750030517578125 173.5749969482421875 167.193756103515625 162.1750030517578125 159.5625 162.3249969482421875 168.1374969482421875 175.34375 182.287506103515625 188.5749969482421875 195.8000030517578125 202.5812530517578125 206.9812469482421875 203.625 197.6374969482421875 191.368743896484375 187.162506103515625 181.681243896484375 176.4499969482421875 171.7874908447265625 167.337493896484375 163.837493896484375 162.225006103515625 160.9562530517578125 161.7624969482421875
162.9499969482421875 160.524993896484375 160.0124969482421875 160.8874969482421875 162.131256103515625 163.7624969482421875 166.6437530517578125 169.40625 172.306243896484375 175.2062530517578125 177.118743896484375 178.743743896484375 180.318756103515625 182.8312530517578125 185.09375 187.625 189.03125 189.1374969482421875 188.662506103515625 185.868743896484375 181.6374969482421875 175.912506103515625 172.6687469482421875 170.90625 171.662506103515625 175.40625 182.0187530517578125 188.287506103515625 194.9187469482421875 201.2624969482421875 206.462493896484375 210.6062469482421875 205.3375091552734375 198.118743896484375 191.1687469482421875 185.556243896484375 180.28125 174.8000030517578125 170.8249969482421875 165.649993896484375 160.5812530517578125 158.5625 158.8249969482421875 161.5187530517578125
167.8312530517578125 164.475006103515625 163.5500030517578125 163.556243896484375 164.681243896484375 165.8562469482421875 167.587493896484375 169.65625 171.787506103515625 174.712493896484375 177.0124969482421875 179.6687469482421875 182.125 185.4187469482421875 188.493743896484375 190.6374969482421875 193.0124969482421875 194.912506103515625 194.9499969482421875 192.0749969482421875 187.90625 183.7937469482421875 181.4875030517578125 180.3125 181.0187530517578125 184.475006103515625 190.493743896484375 196.337493896484375 202.506256103515625 207.0687408447265625 211.625 214.6374969482421875 208.118743896484375 200.537506103515625 192.5812530517578125 186.837493896484375 180.506256103515625 175.087493896484375 170.037506103515625 164.6875 161.462493896484375 160.5749969482421875 160.587493896484375 163.6437530517578125
171.6374969482421875 168.1062469482421875 166.1750030517578125 165.975006103515625 166.2312469482421875 167.28125 168.4562530517578125 170.131256103515625 172.037506103515625 174.4250030517578125 177.837493896484375 181.59375 185.3874969482421875 188.431243896484375 191.3125 194.40625 197.3937530517578125 199.9937591552734375 201.1750030517578125 198.306243896484375 194.431243896484375 190.618743896484375 188.59375 188.274993896484375 189.662506103515625 193.524993896484375 199.1999969482421875 205.225006103515625 211.037506103515625 214.087493896484375 216.993743896484375 218.743743896484375 212.493743896484375 204.587493896484375 196.381256103515625 188.9250030517578125 182.3000030517578125 176.78125 171.1999969482421875 165.2624969482421875 162.412506103515625 163.024993896484375 163.6437530517578125 164.6687469482421875
173.375 170.0500030517578125 168.2312469482421875 167.9375 167.59375 167.8874969482421875 168.8625030517578125 169.475006103515625 171.1750030517578125 174.181243896484375 177.6687469482421875 182.46875 187.3625030517578125 191.71875 194.881256103515625 198.6437530517578125 200.2687530517578125 202.318756103515625 203.306243896484375 201.9187469482421875 199.181243896484375 196.71875 194.7062530517578125 195.537506103515625 198.0812530517578125 202.0500030517578125 207.4499969482421875 213.493743896484375 219.2937469482421875 221.90625 223.631256103515625 223.8937530517578125 217.212493896484375 208.7312469482421875 200.3312530517578125 192.4250030517578125 185.3249969482421875 178.693756103515625 172.59375 168.28125 166.7312469482421875 167.375 167.837493896484375 169.09375
176.0124969482421875 173.1999969482421875 171.443756103515625 170.274993896484375 168.8937530517578125 168.5187530517578125 168.2312469482421875 168.53125 170.65625 174.131256103515625 179.024993896484375 184.524993896484375 191.125 196.881256103515625 200.28125 202.662506103515625 203.8000030517578125 205.9499969482421875 205.8937530517578125 204.9499969482421875 203.524993896484375 201.3562469482421875 199.818756103515625 200.568756103515625 203.256256103515625 207.125 212.375 219.024993896484375 225.037506103515625 227.587493896484375 230.1999969482421875 230.6125030517578125 223.3000030517578125 215.1875 206.993743896484375 199.193756103515625 191.2624969482421875 183.1374969482421875 177.056243896484375 174.693756103515625 173.037506103515625 173.5124969482421875 174.631256103515625 176.71875
179.1999969482421875 176.2687530517578125 173.975006103515625 172.475006103515625 170.3125 168.6687469482421875 167.662506103515625 167.5187530517578125 168.78125 172.537506103515625 178.2937469482421875 186.0812530517578125 194.9499969482421875 201.6875 205.100006103515625 207.056243896484375 207.7375030517578125 209.0625 208.8249969482421875 207.993743896484375 206.524993896484375 204.475006103515625 203.6125030517578125 204.337493896484375 207.0500030517578125 210.7687530517578125 216.34375 222.8625030517578125 229.6125030517578125 233.4875030517578125 237.006256103515625 238.3000030517578125 231.6437530517578125 223.0437469482421875 213.850006103515625 205.8000030517578125 197.068756103515625 188.506256103515625 183.181243896484375 180.5500030517578125 178.25 178.9562530517578125 181.4875030517578125 184.287506103515625
182.287506103515625 179.8937530517578125 177.1125030517578125 174.09375 171.600006103515625 169.318756103515625 166.8625030517578125 165.4875030517578125 166.0625 169.506256103515625 176.818756103515625 187.7687530517578125 199.3249969482421875 207.568756103515625 210.3562469482421875 211.568756103515625 211.1875 211.618743896484375 211.8000030517578125 210.443756103515625 209.743743896484375 207.46875 206.368743896484375 206.75 209.818756103515625 213.1062469482421875 219.4875030517578125 226.8249969482421875 234.0437469482421875 239.2312469482421875 243.2624969482421875 246.6750030517578125 239.899993896484375 231.4187469482421875 221.8937530517578125 212.475006103515625 202.65625 195.212493896484375 190.3125 186.1062469482421875 183.431243896484375 183.375 185.4562530517578125 188.225006103515625
186.7437591552734375 184.1437530517578125 180.443756103515625 176.2312469482421875 172.5124969482421875 170.15625 167.1687469482421875 164.712493896484375 164.1999969482421875 167.0500030517578125 175.568756103515625 188.537506103515625 202.2312469482421875 211.8312530517578125 214.6875 215.6687469482421875 215.6687469482421875 215.6750030517578125 214.4250030517578125 213.5749969482421875 212.4812469482421875 210.96875 209.34375 210.506256103515625 212.975006103515625 216.493743896484375 222.9875030517578125 231.368743896484375 238.8562469482421875 244.8937530517578125 251.118743896484375 255.943756103515625 250.024993896484375 241.78125 231.475006103515625 221.024993896484375 212.59375 203.618743896484375 197.875 194.0812530517578125 191.59375 190.4875030517578125 190.9562530517578125 193.381256103515625
192.256256103515625 189.006256103515625 183.96875 179.8937530517578125 175.1750030517578125 172.256256103515625 168.881256103515625 165.568756103515625 163.443756103515625 162.306243896484375 174.0187530517578125 192.1875 205.5812530517578125 214.056243896484375 217.8562469482421875 218.962493896484375 219.09375 218.7750091552734375 218.087493896484375 216.34375 214.6374969482421875 212.631256103515625 211.1875 212.618743896484375 215.149993896484375 219.306243896484375 226.037506103515625 234.181243896484375 242.7062530517578125 250.2624969482421875 258.212493896484375 264.48748779296875 259.743743896484375 251.78125 242.131256103515625 232.5500030517578125 222.274993896484375 212.631256103515625 206.5124969482421875 201.6999969482421875 197.78125 196.4187469482421875 196.2624969482421875 197.568756103515625
197.5 193.9812469482421875 188.524993896484375 183.4875030517578125 178.6999969482421875 175.493743896484375 172.375 169.3562469482421875 168.34375 166.0437469482421875 184.5437469482421875 203.7062530517578125 212.7375030517578125 218.087493896484375 221.431243896484375 222.46875 221.556243896484375 221.2375030517578125 219.5625 217.0187530517578125 215.3249969482421875 212.8562469482421875 211.881256103515625 213.5625 216.8562469482421875 221.493743896484375 228.28125 237.0124969482421875 246.1062469482421875 255.881256103515625 264.412506103515625 272.368743896484375 268.256256103515625 261.41876220703125 252.0062408447265625 242.600006103515625 232 222.131256103515625 215.46875 209.5124969482421875 204.1999969482421875 202.306243896484375 200.725006103515625 200.5625
