data/historical-monthly-weather-data/wc2.1_cruts4.09_10m_prec_1969-06.asc
ncols        45
nrows        45
xllcorner    -63.500000000000
yllcorner    -7.500000000000
cellsize     0.166666666667
NODATA_value -9999
[rows 19 to 37 of 45, columns 0 to 43 of 45]
94.88124847412109375 96.66249847412109375 97.9812469482421875 98.24375152587890625 100.28749847412109375 104.78125 106.41249847412109375 106.5187530517578125 110.21875 112.15625 112.3874969482421875 109.58750152587890625 104.86875152587890625 99.7687530517578125 95.6750030517578125 87.16249847412109375 82.15625 84.53749847412109375 81.2937469482421875 83.5187530517578125 80.6125030517578125 85.80625152587890625 96.1750030517578125 99.01874542236328125 96.34999847412109375 94.1125030517578125 92.34375 95.91249847412109375 92.1875 88.72499847412109375 88.3000030517578125 97.1374969482421875 98.96875 98.27500152587890625 99.3000030517578125 106.78125 111.8000030517578125 110.21250152587890625 107.77500152587890625 103.5124969482421875 94.72499847412109375 85.6125030517578125 87.50624847412109375 89.3562469482421875
84.83750152587890625 91.09999847412109375 95.1437530517578125 96.2937469482421875 95.36875152587890625 97.81874847412109375 101.61875152587890625 103.54375457763671875 106.1062469482421875 107.08750152587890625 108.625 106.00624847412109375 101.71875 95.49375152587890625 89.8312530517578125 86.1875 80.77500152587890625 79.91249847412109375 83.28749847412109375 83.46250152587890625 90.18125152587890625 96.1062469482421875 103.5187530517578125 108.6062469482421875 107.20000457763671875 101.3312530517578125 91.68125152587890625 89.63124847412109375 88.28125 89.3874969482421875 90.65625 95.5500030517578125 90.77500152587890625 88.99375152587890625 88.56874847412109375 95.03749847412109375 100.6750030517578125 101.72499847412109375 97.5437469482421875 93.18125152587890625 88.15000152587890625 81.79999542236328125 82.03125 84.33750152587890625
80.65625 82.44374847412109375 88.21250152587890625 92.31874847412109375 93.11875152587890625 94.1437530517578125 96.9562530517578125 98.6125030517578125 100.65000152587890625 103.80625152587890625 105.09999847412109375 101.41249847412109375 97.33750152587890625 94.84375 92.22499847412109375 85.8874969482421875 88.0749969482421875 85.6875 89.38124847412109375 90.55625152587890625 91.9562530517578125 101.1062469482421875 108.30625152587890625 107.11875152587890625 103.08750152587890625 98.28125 95.96875 90.08750152587890625 90.99375152587890625 92.1125030517578125 90.0187530517578125 87.15625 84.40000152587890625 84.8562469482421875 82.7062530517578125 85.25624847412109375 89.2937469482421875 92.45000457763671875 91.13124847412109375 88.3125 83.75 80.0812530517578125 80.09375 82.72499847412109375
76.96875 83.4375 88.84999847412109375 92.4812469482421875 93.56874847412109375 93.4187469482421875 91.0500030517578125 91.6687469482421875 96.91249847412109375 99.46875 100.36249542236328125 100.34375 101.25 100.6999969482421875 97.6062469482421875 93.44374847412109375 89.25624847412109375 88.13124847412109375 90.8562469482421875 94.59999847412109375 100.7375030517578125 104.13124847412109375 106.24375152587890625 105.6999969482421875 106.21875 101.21250152587890625 94.7375030517578125 90.8249969482421875 89.4499969482421875 85.91249847412109375 83.50624847412109375 82.66249847412109375 78.71875 75.88124847412109375 76.75 76.5500030517578125 77.91249847412109375 81.21250152587890625 83.53749847412109375 83.34375 79.96250152587890625 77.9250030517578125 77.4375 78.125
71.78125 79.0749969482421875 87.30625152587890625 89.0812530517578125 89.35625457763671875 89.2375030517578125 91.3000030517578125 91.5749969482421875 92.38124847412109375 92.74375152587890625 97.6750030517578125 102.28125 101.9875030517578125 103.68125152587890625 98.25 94.6750030517578125 91.84375 94.125 96.15000152587890625 98.5625 103.4187469482421875 109.3625030517578125 110.1125030517578125 113.0437469482421875 108.78125 101.65000152587890625 98.88124847412109375 89.34375 84.15625 82.03125 79.34999847412109375 77.83750152587890625 74.9562530517578125 70.53749847412109375 70.03749847412109375 68.78125 70.83750152587890625 73.59999847412109375 74.93125152587890625 74.86875152587890625 73.6875 73.50624847412109375 74.02500152587890625 75.72499847412109375
66.05625152587890625 74.34999847412109375 81.4375 86.83750152587890625 88.7375030517578125 88.65000152587890625 89.30625152587890625 91 91.25624847412109375 94.53125 96.55625152587890625 98.86875152587890625 102.3000030517578125 100.71250152587890625 96.08750152587890625 93.32500457763671875 92.5749969482421875 93.21875 96.7375030517578125 101.75624847412109375 106.27500152587890625 109.65625 115.71875 116.3562469482421875 108.2062530517578125 101.02500152587890625 94.49375152587890625 87.46250152587890625 81.25624847412109375 79.0437469482421875 74.02500152587890625 70.41249847412109375 67.34375 65.34999847412109375 63.5625 63.4812469482421875 64.375 64.91249847412109375 67.6750030517578125 68.6125030517578125 68.4375 69.78125 71.80625152587890625 71.86875152587890625
63.28125 72.71250152587890625 76.02500152587890625 81.4499969482421875 83.25 84.3000030517578125 84.46250152587890625 86.50624847412109375 84.9562530517578125 85.65000152587890625 90.9562530517578125 93.8625030517578125 97.3312530517578125 97.74375152587890625 95.8312530517578125 91.59375 91.3000030517578125 94.72499847412109375 98.8000030517578125 100.8937530517578125 106.03125 110.6374969482421875 115.3125 113.9375 108.71875 99.68125152587890625 92.75 85.6437530517578125 77.4812469482421875 74.0187530517578125 69.0500030517578125 65.21250152587890625 62.018749237060546875 59.262500762939453125 57.081249237060546875 58.21250152587890625 58.86875152587890625 58.125 59.518749237060546875 62.293750762939453125 62.69374847412109375 61.03749847412109375 62.94374847412109375 65.86875152587890625
59.1875 63.737499237060546875 69.3125 73.52500152587890625 75.49375152587890625 77.33750152587890625 78.2937469482421875 76.9812469482421875 77.5812530517578125 82.875 88.5437469482421875 91.6062469482421875 93.5437469482421875 95.72499847412109375 95.33750152587890625 94.28125 92.46875 92.6875 97.5 99.80625152587890625 102.75624847412109375 107.7062530517578125 113.49375152587890625 116.0749969482421875 106.5749969482421875 97.96250152587890625 91.16249847412109375 82.71875 74.86875152587890625 70.3562469482421875 66.77500152587890625 61.09999847412109375 57.00624847412109375 54.143749237060546875 51.856250762939453125 51.77500152587890625 52.88124847412109375 52.018749237060546875 52.5625 55.77500152587890625 57.737499237060546875 57.96875 58.262500762939453125 60.237499237060546875
55.643749237060546875 57.356250762939453125 61.668750762939453125 63.97499847412109375 66 69.1999969482421875 71.24375152587890625 71.3625030517578125 73.59999847412109375 79.02500152587890625 83.1687469482421875 87.25624847412109375 89.36875152587890625 91.15000152587890625 90.8562469482421875 90.27500152587890625 89.25 91.75 92.9812469482421875 97.1374969482421875 101.3000030517578125 103.80625152587890625 110.75624847412109375 109.36875152587890625 102.53125 93.8312530517578125 87.1125030517578125 78.96875 73.4875030517578125 69.96875 65.3249969482421875 60.65625 55.15000152587890625 49.66249847412109375 48 47.28749847412109375 47.81874847412109375 46.487499237060546875 48 50.53125 52.71250152587890625 55.27500152587890625 53.6875 57
51.22499847412109375 53.83750152587890625 54.75624847412109375 55.88124847412109375 58.575000762939453125 59.5625 62.47499847412109375 65.7375030517578125 69.9187469482421875 73.6875 78.33750152587890625 82.08750152587890625 86.0124969482421875 88.72499847412109375 88.71875 88.59999847412109375 89.1125030517578125 89.83750152587890625 92.94374847412109375 96.7687530517578125 98.2937469482421875 100.0749969482421875 103.15000152587890625 101.05625152587890625 95.7687530517578125 87.74375152587890625 83.59999847412109375 78.19374847412109375 72.0187530517578125 66.69374847412109375 61.549999237060546875 57.875 51.88124847412109375 47.66249847412109375 43.9375 42.631252288818359375 43.25624847412109375 40.924999237060546875 42.5 44.21250152587890625 45.58750152587890625 47.424999237060546875 49.143749237060546875 54.09375
49.22499847412109375 49.96250152587890625 50.75 51.049999237060546875 52.543750762939453125 55.05625152587890625 57.450000762939453125 62.09999847412109375 65.58750152587890625 70.0500030517578125 74.52500152587890625 79.3000030517578125 83.8249969482421875 87.31874847412109375 86.75624847412109375 85.8125 85.81874847412109375 88.63124847412109375 88.2375030517578125 88.5 92.59999847412109375 94.8625030517578125 97.49375152587890625 95.61875152587890625 89.5187530517578125 85.6437530517578125 80.72499847412109375 74.96250152587890625 69.5749969482421875 63.674999237060546875 58.81874847412109375 54.543750762939453125 49.74375152587890625 45.581249237060546875 42.28749847412109375 39.58750152587890625 39.975002288818359375 37.293750762939453125 36.5 39.268749237060546875 39.94374847412109375 41.518749237060546875 44.46875 46.41249847412109375
48.262500762939453125 47.68125152587890625 47.46875 47.93125152587890625 49.018749237060546875 51.049999237060546875 54.200000762939453125 57.77500152587890625 61.206249237060546875 66.2624969482421875 71.24375152587890625 75.09375 80.99375152587890625 81.27500152587890625 82.24375152587890625 84.75624847412109375 85.84999847412109375 85.6687469482421875 85.5749969482421875 86.6437530517578125 88.47499847412109375 88.93125152587890625 91.22499847412109375 90.15625 85.625 82.4187469482421875 77.27500152587890625 72.44374847412109375 66.94374847412109375 61.44374847412109375 58.27500152587890625 53.90625 48.22499847412109375 42.893749237060546875 39.21875 36.387500762939453125 35.49375152587890625 33.293750762939453125 32.30625152587890625 31.793750762939453125 32.950000762939453125 34.475002288818359375 36.8125 39.125
47.21875 46.15000152587890625 45.02500152587890625 45.75 47.65625 49.41249847412109375 51.66249847412109375 54.44374847412109375 58.33750152587890625 61.987499237060546875 65.31874847412109375 69.8874969482421875 73.3125 77.40625 80.18125152587890625 81.8312530517578125 80.7937469482421875 80.5187530517578125 80.99375152587890625 82.27500152587890625 83.49375152587890625 84.875 84.71250152587890625 83.0625 81.25 77.69374847412109375 74.06874847412109375 69.8125 64.55625152587890625 61.831249237060546875 57.168750762939453125 52.237499237060546875 46.956249237060546875 41.262500762939453125 36.893749237060546875 33.31874847412109375 31.056249618530273438 27.837499618530273438 27.40625 27.037500381469726562 27.837499618530273438 29.325000762939453125 31 32.84375
48.22499847412109375 47.087497711181640625 46.74375152587890625 47.21250152587890625 47.33750152587890625 48.97499847412109375 51.02500152587890625 53.71250152587890625 56.262500762939453125 59.543750762939453125 64.6374969482421875 68.08750152587890625 71.90625 77.3625030517578125 80.41249847412109375 79.6999969482421875 78.41249847412109375 79.75624847412109375 79.9187469482421875 80.34999847412109375 79.4250030517578125 79.43125152587890625 80.34999847412109375 79.2687530517578125 76.88124847412109375 74.4187469482421875 70.8312530517578125 66.78749847412109375 63.09999847412109375 60.24375152587890625 56.15000152587890625 50.231250762939453125 45.231250762939453125 40.674999237060546875 35.63124847412109375 31.743749618530273438 28.25 24.931249618530273438 24.043750762939453125 24.212499618530273438 24.287500381469726562 25.068750381469726562 25.625 26.618749618530273438
49.043750762939453125 48.53125 49.18125152587890625 48.924999237060546875 48.41249847412109375 49.262500762939453125 51.46875 52.59999847412109375 54.41249847412109375 56.737499237060546875 61.424999237060546875 66.72499847412109375 70.83750152587890625 74.15000152587890625 76.0625 77.9812469482421875 79.00624847412109375 78.24375152587890625 76.33750152587890625 76.46875 76.43125152587890625 75.71250152587890625 77.2624969482421875 74.75624847412109375 73.5124969482421875 70.2375030517578125 68.44374847412109375 65.08750152587890625 62.86875152587890625 59.231250762939453125 55.58750152587890625 50.84375 43.84375 38.512500762939453125 34.15625 30.225000381469726562 26.387500762939453125 22.8125 21.606250762939453125 20.856250762939453125 19.881250381469726562 20.5625 20.981250762939453125 20.412500381469726562
50.731250762939453125 49.19374847412109375 50.31874847412109375 51 50.24375152587890625 49.393749237060546875 49.793750762939453125 51.262500762939453125 52.956249237060546875 54.856250762939453125 60.768749237060546875 66.50624847412109375 71.0625 76.9875030517578125 79 78.9562530517578125 77.97499847412109375 74.9250030517578125 72.7687530517578125 69.94374847412109375 72.125 70.4375 70.40625 68.74375152587890625 69.88124847412109375 68.1999969482421875 65.9812469482421875 62.40000152587890625 59.96875 56.231250762939453125 53.081249237060546875 49.16249847412109375 42.03125 36.63124847412109375 31.662500381469726562 28.206249237060546875 23.987499237060546875 21.475000381469726562 19.34375 18.125 16.774999618530273438 16.412500381469726562 16.524999618530273438 16.168750762939453125
53.08750152587890625 51.40625 51.737499237060546875 52.41249847412109375 52.200000762939453125 51.637500762939453125 51.668750762939453125 51.74375152587890625 52.393749237060546875 53.793750762939453125 57.581249237060546875 66.125 72.68125152587890625 77.1437530517578125 79.18125152587890625 79.1750030517578125 77.1687469482421875 72.2062530517578125 69.0187530517578125 65.34999847412109375 65.21875 66.52500152587890625 65.65625 64.36875152587890625 65.40000152587890625 64.15000152587890625 62.231250762939453125 59.44374847412109375 58.30625152587890625 54.299999237060546875 50.125 46.46875 40.71875 35.11875152587890625 29.806249618530273438 26.768749237060546875 24.087499618530273438 20.787500381469726562 18.987499237060546875 17.793750762939453125 16.325000762939453125 15.431249618530273438 15.018750190734863281 14.8125
53.59375 54.03749847412109375 52.981250762939453125 53.768749237060546875 54.362499237060546875 53.6875 53.21875 53.80625152587890625 53.80625152587890625 52.21875 57.918750762939453125 68.52500152587890625 75.44374847412109375 77.61875152587890625 79.1437530517578125 78.53749847412109375 76.71875 72.36875152587890625 68.3249969482421875 62.50624847412109375 60.950000762939453125 62.59375 61.52500152587890625 61.081249237060546875 60.38124847412109375 59.737499237060546875 59.84999847412109375 57.53749847412109375 55.15000152587890625 50.53749847412109375 47.96250152587890625 43.450000762939453125 38.78125 34.02500152587890625 29.012500762939453125 26.112499237060546875 23.693750381469726562 21.293750762939453125 19.049999237060546875 17.256250381469726562 15.6875 15 13.850000381469726562 14.231249809265136719
53.799999237060546875 54.53749847412109375 54.768749237060546875 56.15625 56.1875 55.91249847412109375 56.13124847412109375 56.375 57.02500152587890625 54.856250762939453125 64.52500152587890625 74.31874847412109375 77.8125 79.96875 78.6750030517578125 77.2937469482421875 74.75624847412109375 71.16249847412109375 67.75 62.987499237060546875 59.93125152587890625 59.34999847412109375 57.31874847412109375 57.231250762939453125 56.3125 57.125 57.30625152587890625 55.19374847412109375 52.9375 47.96875 44.25624847412109375 41.706249237060546875 37.700000762939453125 32.65000152587890625 28.1875 25.743749618530273438 23.387500762939453125 20.856250762939453125 19.818750381469726562 17.631250381469726562 15.756250381469726562 14.962499618530273438 13.449999809265136719 12.649999618530273438
