data/historical-monthly-weather-data/wc2.1_cruts4.09_10m_prec_1977-05.asc
ncols        45
nrows        45
xllcorner    -63.500000000000
yllcorner    -7.500000000000
cellsize     0.166666666667
NODATA_value -9999
[rows 0 to 19 of 45, columns 0 to 43 of 45]
358.725006103515625 362.14373779296875 364.787506103515625 374.04376220703125 380.212493896484375 384.82501220703125 384.5625 386.556243896484375 387.21875 390.98748779296875 391.962493896484375 386.899993896484375 383.73748779296875 381.14373779296875 374.98126220703125 370.79998779296875 365.20001220703125 357.993743896484375 353.931243896484375 353.037506103515625 353.88751220703125 354.506256103515625 358.875 357.181243896484375 356.787506103515625 358.212493896484375 356.006256103515625 355.40625 352.524993896484375 356.306243896484375 356.037506103515625 358.556243896484375 362.40625 364.42498779296875 366.51251220703125 370.193756103515625 372.23748779296875 370.818756103515625 368.32501220703125 367.57501220703125 363.8125 360.84375 354.662506103515625 353.256256103515625
356.006256103515625 356.237518310546875 362.087493896484375 372.23126220703125 382.61248779296875 388.25 388.08123779296875 390.40625 393.36248779296875 393.662506103515625 394.649993896484375 388.875 382.712493896484375 376.92498779296875 368.67498779296875 361.131256103515625 353.774993896484375 344.76873779296875 341.806243896484375 340.46875 341.537506103515625 343.86248779296875 346.16876220703125 348.625 349.26251220703125 349.76251220703125 351.17498779296875 351.85626220703125 351.61248779296875 353.274993896484375 353.274993896484375 359.506256103515625 360.98748779296875 365.89373779296875 367.537506103515625 365.64373779296875 369.118743896484375 367.98126220703125 367.649993896484375 361.11248779296875 356.91876220703125 358.149993896484375 352.26873779296875 345.712493896484375
347.962493896484375 350.82501220703125 358.818756103515625 366.76873779296875 373.90625 380.912506103515625 385.931243896484375 392.131256103515625 396.15625 396.57501220703125 395.625 387.181243896484375 378.09375 367.46875 358.350006103515625 351.0625 341.431243896484375 331.618743896484375 328.381256103515625 328 329.850006103515625 334.875 338.11248779296875 340.09375 341.162506103515625 345.14373779296875 349.04376220703125 349.11248779296875 347.643768310546875 349.64373779296875 350.662506103515625 354.92498779296875 360.45001220703125 362.58123779296875 366.15625 363 363.98126220703125 363.61248779296875 360.899993896484375 356.756256103515625 355.5 350.787506103515625 347.662506103515625 341.568756103515625
335.29376220703125 335.48748779296875 349.181243896484375 355.625 362.45623779296875 368.943756103515625 376.28125 386.54998779296875 396.33123779296875 398.712493896484375 394.17498779296875 383.25 369.11248779296875 356.79998779296875 346.5625 337.11248779296875 326.10626220703125 317.681243896484375 314.63751220703125 317.33123779296875 324.63751220703125 328.600006103515625 330.64373779296875 333.85626220703125 335.54376220703125 337.79376220703125 343.07501220703125 341.868743896484375 341.068756103515625 346.556243896484375 349.04376220703125 353.1875 356.21875 357.21875 357.33123779296875 360.068756103515625 362.13751220703125 360.912506103515625 358.431243896484375 355 351.256256103515625 350.20623779296875 342.61248779296875 335.51251220703125
343.274993896484375 338.96875 334.01251220703125 338.875 347.26251220703125 353.20623779296875 363.09375 376.29376220703125 391.756256103515625 398.98126220703125 389.225006103515625 372.17498779296875 359.9375 347.912506103515625 336.693756103515625 325.08123779296875 312.73126220703125 305.4375 302.868743896484375 307.649993896484375 315.725006103515625 319.399993896484375 320.79376220703125 328.07501220703125 328.787506103515625 331.29376220703125 331.350006103515625 334.850006103515625 336.20001220703125 340.625 345.84375 348.475006103515625 350.09375 354.20001220703125 356.0625 355.600006103515625 358.712493896484375 359.868743896484375 358.381256103515625 353.943756103515625 351.712493896484375 346.037506103515625 339.13751220703125 333.943756103515625
342.95001220703125 338.412506103515625 331.056243896484375 321.51873779296875 329.98126220703125 341.41876220703125 351.38751220703125 361.54376220703125 377.98126220703125 387.287506103515625 379.787506103515625 361.73126220703125 352.681243896484375 343.25 330.100006103515625 321.975006103515625 308.61248779296875 300.287506103515625 299.09375 305.306243896484375 311.26873779296875 316.399993896484375 320.993743896484375 322.54998779296875 324.70623779296875 327.225006103515625 328.056243896484375 329.39373779296875 332.787506103515625 338.0625 343.3125 348.11248779296875 349.399993896484375 352.45001220703125 353.587493896484375 355.10626220703125 356.41876220703125 356.95623779296875 359.90625 355.98748779296875 350.26873779296875 345.45001220703125 337.54376220703125 331.84375
345.006256103515625 337.67498779296875 329.08123779296875 320.10626220703125 317.60626220703125 322.04998779296875 330.23748779296875 339.243743896484375 342.89373779296875 352.306243896484375 353.693756103515625 345.681243896484375 341.443756103515625 335.806243896484375 326.587493896484375 317.82501220703125 310.524993896484375 305.28125 302.850006103515625 308.5625 311.225006103515625 313.65625 314.100006103515625 318.16876220703125 321.82501220703125 327.17498779296875 326.4375 326.9375 326.73126220703125 332.712493896484375 339.125 341.73748779296875 341.787506103515625 344.71875 347.48748779296875 351.28125 351.42498779296875 352.29998779296875 356.01251220703125 355.51873779296875 348.33123779296875 340.75 333.193756103515625 329.36248779296875
345.51251220703125 336.04376220703125 326.63751220703125 320.01873779296875 316.48748779296875 319.993743896484375 317.01873779296875 307.649993896484375 301.16876220703125 312.806243896484375 327.1875 329.412506103515625 332.25 329.149993896484375 323.631256103515625 318.8125 313.274993896484375 311.337493896484375 309.225006103515625 309.28125 313.71875 313.399993896484375 313.20623779296875 312.818756103515625 318.431243896484375 317.787506103515625 320.899993896484375 320.15625 320.70623779296875 326.85626220703125 332.875 335.350006103515625 337.087493896484375 337.212493896484375 337.024993896484375 339.17498779296875 341.60626220703125 345.04998779296875 345.725006103515625 340.70623779296875 338.225006103515625 331.54998779296875 325.88751220703125 319.26873779296875
344.375 334.61248779296875 327.21875 319.16876220703125 313.89373779296875 314.51873779296875 310.76873779296875 303.28125 290.45001220703125 288.91876220703125 303.568756103515625 314.42498779296875 324.36248779296875 323.806243896484375 320.79376220703125 319.73748779296875 317.07501220703125 317.899993896484375 319.662506103515625 313.64373779296875 309.95623779296875 312.493743896484375 307.493743896484375 314.01873779296875 313.01251220703125 310.98748779296875 310.587493896484375 314.225006103515625 319.33123779296875 323.168731689453125 331.0625 331.8125 327.193756103515625 324.48126220703125 326.96875 330.556243896484375 334.006256103515625 338.01251220703125 340.8125 334.506256103515625 328.068756103515625 321.33123779296875 319.26251220703125 316.76251220703125
341.86248779296875 333.662506103515625 326.618743896484375 320.399993896484375 312.0999755859375 312.20001220703125 309.681243896484375 304.59375 299.66876220703125 300.837493896484375 307.524993896484375 308.868743896484375 320.21875 320.537506103515625 321.131256103515625 318.837493896484375 317.28125 318.65625 321.85626220703125 321.5625 314.375 308.100006103515625 303.787506103515625 307.162506103515625 303.48126220703125 301.61248779296875 301.131256103515625 305 312.28125 320.20001220703125 323.100006103515625 322.14373779296875 321.20001220703125 319.64373779296875 318.58123779296875 321.5 323.85626220703125 328.568756103515625 331.73748779296875 331.64373779296875 329.86248779296875 326.681243896484375 316.649993896484375 307.84375
339.087493896484375 332.524993896484375 324.725006103515625 319.337493896484375 311.41876220703125 312.53125 311.181243896484375 304.962493896484375 302.75 307.087493896484375 314.350006103515625 319.10626220703125 317 319.6875 318.13751220703125 315.693756103515625 315.20001220703125 318.17498779296875 321.14373779296875 324.54376220703125 327.08123779296875 315.40625 304.493743896484375 291.01873779296875 294.681243896484375 297.17498779296875 296.993743896484375 300.42498779296875 303.14373779296875 307.32501220703125 312.3125 313.899993896484375 312.3125 310.475006103515625 308.587493896484375 308.475006103515625 310.912506103515625 317.04998779296875 323.899993896484375 326.51873779296875 326.60626220703125 321.53125 317.8125 305.07501220703125
338.39373779296875 330.431243896484375 323.82501220703125 318.693756103515625 312.98748779296875 310.693756103515625 312.20001220703125 310.34375 311.42498779296875 311.712493896484375 317.90625 325.36248779296875 317.26251220703125 316.65625 317.306243896484375 312.51873779296875 311.493743896484375 314.28125 318.475006103515625 326.15625 332.60626220703125 326.63751220703125 313.54998779296875 296.4375 286.79376220703125 281.83123779296875 280.48126220703125 284.587493896484375 290.95001220703125 294.66876220703125 295.45001220703125 296.88751220703125 295.881256103515625 294.443756103515625 296.17498779296875 300.368743896484375 305.556243896484375 309.943756103515625 314.162506103515625 317.725006103515625 320.71875 316.162506103515625 306.993743896484375 285.4375
338.662506103515625 328.33123779296875 321.25 316.73126220703125 310.725006103515625 310.962493896484375 309.806243896484375 307.26251220703125 309.743743896484375 314.54998779296875 319.71875 324.08123779296875 320.725006103515625 307.70623779296875 305.1875 305.837493896484375 304.600006103515625 307.66876220703125 311.475006103515625 318.95623779296875 329.33123779296875 322.67498779296875 310.881256103515625 293.79376220703125 269.850006103515625 260.40625 267.51251220703125 273.66876220703125 281.64373779296875 286.431243896484375 284.8125 281.568756103515625 279.53125 277.493743896484375 280.67498779296875 288.806243896484375 296.587493896484375 305.274993896484375 312.431243896484375 315.3125 315.20623779296875 311.243743896484375 292.86248779296875 275.48126220703125
331.712493896484375 322.61248779296875 317.399993896484375 312.631256103515625 308.70001220703125 307.212493896484375 305.21875 304.056243896484375 308.79998779296875 313.087493896484375 312.306243896484375 312.625 309.20623779296875 302.11248779296875 289.25 292.881256103515625 291.73748779296875 292.98126220703125 298.868743896484375 306.70001220703125 313.60626220703125 309.893768310546875 301.543731689453125 289.243743896484375 271.006256103515625 259.649993896484375 260.64373779296875 262.8125 269.0625 270.70623779296875 273.17498779296875 268.712493896484375 266.625 265.25 267.09375 278.975006103515625 292.11248779296875 304.98126220703125 314.08123779296875 313.568756103515625 301.818756103515625 287.943756103515625 282.11248779296875 279.61248779296875
324.33123779296875 317.475006103515625 313.475006103515625 308.45001220703125 303.73748779296875 302.850006103515625 304 304.756256103515625 306.556243896484375 306.681243896484375 304.41876220703125 302.375 295.975006103515625 288.087493896484375 271.068756103515625 272.59375 273.787506103515625 278.787506103515625 284.23126220703125 290.17498779296875 297.712493896484375 298.168731689453125 295.58123779296875 293.16876220703125 285.449981689453125 277.681243896484375 272.88751220703125 271.73126220703125 272.318756103515625 270.5625 263.58123779296875 257.32501220703125 258.681243896484375 253.1125030517578125 249.5749969482421875 258.681243896484375 283.756256103515625 304.443756103515625 312.631256103515625 309.181243896484375 297.28125 289.850006103515625 291.34375 285.5
316.056243896484375 309.07501220703125 307.181243896484375 303.89373779296875 298.76873779296875 299.9375 301.875 302.04998779296875 301.23748779296875 301.443756103515625 297.287506103515625 292.83123779296875 285.618743896484375 279.10626220703125 265.59375 251.337493896484375 256.29376220703125 266.95623779296875 269.59375 275 283.03125 290.96875 296.04376220703125 300.681243896484375 296.83123779296875 288.850006103515625 282.125 276.78125 275 273.443756103515625 269.73126220703125 261.068756103515625 250.087493896484375 239.693756103515625 234.618743896484375 257.556243896484375 275.399993896484375 294.15625 307.25 312.662506103515625 308.28125 299.15625 292.962493896484375 279.48748779296875
309.631256103515625 303.681243896484375 300 298.39373779296875 296.693756103515625 295.774993896484375 296.006256103515625 295.25 296.068756103515625 295.399993896484375 292.399993896484375 288.98126220703125 280.556243896484375 272.149993896484375 262.04376220703125 251.4562530517578125 239.4812469482421875 247.9562530517578125 255.0749969482421875 261.46875 270.60626220703125 279.962493896484375 291.9375 304.65625 308.493743896484375 292.88751220703125 282.91876220703125 278.131256103515625 275.90625 273.649993896484375 271.01873779296875 266.5625 257.26873779296875 249.125 257.131256103515625 267.54376220703125 285.14373779296875 303.65625 323.3125 322.024993896484375 316.181243896484375 302.3125 286.537506103515625 275.943756103515625
301.26251220703125 297.58123779296875 295.73126220703125 293.29998779296875 291.82501220703125 293.9375 292.58123779296875 290.34375 289.25 289.15625 286.36248779296875 285.337493896484375 274.318756103515625 267.67498779296875 258.45001220703125 249.7062530517578125 238.7937469482421875 229.4812469482421875 244.818756103515625 249.3937530517578125 257.70623779296875 268.79376220703125 281.73748779296875 296.04376220703125 303.287506103515625 293.08123779296875 279.32501220703125 277.6875 276.92498779296875 270.462493896484375 258.75 249.649993896484375 261.193756103515625 265.649993896484375 268.818756103515625 290.32501220703125 307.350006103515625 314.83123779296875 324.287506103515625 324.087493896484375 309.100006103515625 295.03125 281.256256103515625 272.89373779296875
292.806243896484375 290.037506103515625 287.90625 288.399993896484375 288.66876220703125 288.8125 288.71875 288.0625 286.79998779296875 287.78125 283.131256103515625 274.07501220703125 265.33123779296875 259.70001220703125 251.4499969482421875 245.6374969482421875 239.09375 226.96875 225.9875030517578125 232.1437530517578125 241.9187469482421875 256.975006103515625 256.40625 273.10626220703125 281.912506103515625 285.337493896484375 281.35626220703125 274.524993896484375 274.056243896484375 267.38751220703125 259.20001220703125 257.64373779296875 266.931243896484375 271.731231689453125 278.86248779296875 295.26251220703125 303.38751220703125 306.712493896484375 314.975006103515625 309.350006103515625 296.787506103515625 283 275.35626220703125 272.024993896484375
283.0625 281.48748779296875 280.95623779296875 279.462493896484375 280.931243896484375 286.225006103515625 287.899993896484375 287.04998779296875 285.66876220703125 283.193756103515625 281.09375 276.899993896484375 271.95623779296875 261.79998779296875 251.15625 236.1374969482421875 223.993743896484375 224.506256103515625 222 224.693756103515625 226.443756103515625 235.8249969482421875 249.350006103515625 258.58123779296875 263.29376220703125 262.524993896484375 264.3125 268.15625 263.48126220703125 254.7937469482421875 253.0749969482421875 265.28125 270.0625 272.556243896484375 282.73748779296875 294.33123779296875 300.71875 303.725006103515625 302.90625 298.13751220703125 283.118743896484375 271.193756103515625 270.087493896484375 268.850006103515625
