data/historical-monthly-weather-data/wc2.1_cruts4.09_10m_prec_1981-10.asc
ncols        45
nrows        45
xllcorner    -63.500000000000
yllcorner    -7.500000000000
cellsize     0.166666666667
NODATA_value -9999
[rows 0 to 18 of 45, columns 0 to 43 of 45]
156.5749969482421875 157.7062530517578125 156.53125 157.6875 157.4562530517578125 155.056243896484375 150.3312530517578125 145.75 140.943756103515625 137.6062469482421875 136.0625 133.7062530517578125 130.7062530517578125 126.16249847412109375 122.5500030517578125 119.02500152587890625 115.58750152587890625 111.6750030517578125 108.68125152587890625 105.6750030517578125 103.0500030517578125 100.0812530517578125 97.6062469482421875 96.0500030517578125 94.99375152587890625 94.4499969482421875 95.03749847412109375 96.08750152587890625 97.6062469482421875 99.40000152587890625 101.5625 103.96250152587890625 107.1999969482421875 110.9562530517578125 115.2624969482421875 119.7062530517578125 124.21875 128.556243896484375 132.3249969482421875 135.8000030517578125 139.2312469482421875 142.0124969482421875 143.46875 143.6999969482421875
152.4562530517578125 154.03125 155.899993896484375 160.131256103515625 164.1750030517578125 160.868743896484375 156.318756103515625 153.006256103515625 149.6750030517578125 146.0500030517578125 142.7312469482421875 138.4499969482421875 133.743743896484375 128.618743896484375 124.13124847412109375 120.21875 115.5812530517578125 112 109.0187530517578125 106.40000152587890625 103.4187469482421875 100.7312469482421875 98.3874969482421875 96.9562530517578125 95.7687530517578125 94.6125030517578125 95.71250152587890625 97.0124969482421875 98.3249969482421875 99.375 101.90625 105.09999847412109375 109.28125 114.3937530517578125 119.15000152587890625 124.03749847412109375 129.875 135.068756103515625 139.3937530517578125 143.068756103515625 146.9812469482421875 150.15625 151.9375 152.1374969482421875
145.40625 147.912506103515625 150.1687469482421875 155.306243896484375 160.118743896484375 159 157.53125 157.1437530517578125 155.6750030517578125 152.399993896484375 147.7312469482421875 141.7624969482421875 135.6687469482421875 129.34375 124.27500152587890625 119.75 115.40000152587890625 111.75624847412109375 108.5749969482421875 105.8249969482421875 102.7687530517578125 100.55625152587890625 98.2375030517578125 96.6437530517578125 95.3125 94.4875030517578125 95.44374847412109375 96.80625152587890625 97.4562530517578125 99.1062469482421875 102.1437530517578125 105.21250152587890625 110.11875152587890625 116.3249969482421875 122.46875 128.693756103515625 135.46875 142.537506103515625 148.006256103515625 152.5187530517578125 157.131256103515625 160.3312530517578125 162.2624969482421875 163.2687530517578125
137.1062469482421875 139.5124969482421875 143.3249969482421875 147.0437469482421875 152.125 153.3000030517578125 155.412506103515625 158.3000030517578125 160.1437530517578125 158.056243896484375 151.600006103515625 143.556243896484375 135.818756103515625 128.8125 124.03125 119.11875152587890625 114.5749969482421875 111.2375030517578125 108.21250152587890625 105.55625152587890625 102.6875 99.8312530517578125 96.96250152587890625 95.5812530517578125 94.2312469482421875 93.19374847412109375 94.1125030517578125 95.19374847412109375 96.03749847412109375 97.8562469482421875 101.0187530517578125 104.8249969482421875 109.8937530517578125 116.30625152587890625 122.90000152587890625 131.7624969482421875 140.787506103515625 149.5500030517578125 156.524993896484375 162.2937469482421875 166.6687469482421875 170.3249969482421875 172.625 174.3937530517578125
135.243743896484375 134.5437469482421875 134.6437530517578125 137.6999969482421875 143.5437469482421875 147.068756103515625 151.1125030517578125 156.212493896484375 162.056243896484375 163.412506103515625 154.1437530517578125 142.9375 134.5625 127.93125152587890625 122.875 117.8562469482421875 113.64374542236328125 109.6687469482421875 106.34999847412109375 103.59999847412109375 101.27500152587890625 98.21250152587890625 95.2937469482421875 94.1437530517578125 92.8000030517578125 91.8000030517578125 92.1875 93.59375 95.00624847412109375 96.3249969482421875 99.34375 103.05625152587890625 109.20000457763671875 116.28125 124.30625152587890625 134.0625 144.806243896484375 155.9562530517578125 163.6875 170.381256103515625 175.5124969482421875 178.4499969482421875 181.649993896484375 183.71875
134.1374969482421875 133.46875 130.600006103515625 129.3312530517578125 135.875 141.4875030517578125 145.774993896484375 150.6437530517578125 156.6374969482421875 160.4562530517578125 149.78125 138.9250030517578125 131.9562530517578125 125.9250030517578125 121.15625 117.1999969482421875 112.88124847412109375 108.65625 105.2624969482421875 102.125 99.9187469482421875 97.34999847412109375 94.9187469482421875 93.1999969482421875 91.94374847412109375 90.88124847412109375 91.00624847412109375 91.73125457763671875 93.3000030517578125 94.34375 97.0437469482421875 101.23125457763671875 107.11875152587890625 114.46875 122.75624847412109375 133.568756103515625 145.381256103515625 158.375 168.6437530517578125 175.131256103515625 178.306243896484375 181.6999969482421875 184.6687469482421875 188.0187530517578125
136.1687469482421875 135.118743896484375 131.818756103515625 129.381256103515625 133.056243896484375 135.9250030517578125 138.2375030517578125 139.806243896484375 140.75 139.3937530517578125 135.850006103515625 131.162506103515625 127.15000152587890625 123.15000152587890625 119.24375152587890625 115.9875030517578125 112.3125 107.52500152587890625 103.38124847412109375 100.3249969482421875 98.59375 96.5812530517578125 94.25624847412109375 92.7375030517578125 91.5437469482421875 90.3249969482421875 90.4812469482421875 90.6374969482421875 91.1374969482421875 92.49375152587890625 94.9250030517578125 98.3562469482421875 104.087493896484375 111.61249542236328125 120.25 130.9187469482421875 143.3562469482421875 157.125 170.068756103515625 175.1437530517578125 177.90625 179.743743896484375 183.193756103515625 187.837493896484375
139.3249969482421875 137.6125030517578125 135.5124969482421875 134.8562469482421875 135.6750030517578125 135.5437469482421875 132.818756103515625 127.7937469482421875 121.4250030517578125 119.06874847412109375 121.21875 121.90625 121.63124847412109375 119.78125 117.65625 114.875 111.56874847412109375 106.61875152587890625 102.16249847412109375 99.11875152587890625 97.84375 96.03749847412109375 93.97499847412109375 92.69374847412109375 91.36875152587890625 89.71250152587890625 89.25624847412109375 88.65000152587890625 88.58750152587890625 89.0500030517578125 91.38124847412109375 94.8312530517578125 100.68125152587890625 108.08750152587890625 116.1374969482421875 126.59375 137.787506103515625 150.4812469482421875 160.3937530517578125 166.28125 169.3562469482421875 170.3937530517578125 172.3625030517578125 175.53125
143.318756103515625 142.53125 141.493743896484375 140.5500030517578125 140.4375 137.8125 132.875 124.22499847412109375 112.7687530517578125 107.5500030517578125 112.71875 116.40625 118.46875 117.9187469482421875 116.4562530517578125 114.3249969482421875 111.3312530517578125 107.55625152587890625 104.09999847412109375 100.8125 99.28125 97.71875 94.91249847412109375 93.80625152587890625 91.6875 89.2062530517578125 87.68125152587890625 87.44374847412109375 87.1374969482421875 86.96875 89.0124969482421875 91.97499847412109375 96.84375 103.0437469482421875 109.75624847412109375 119.65000152587890625 130.125 140.0812530517578125 147.162506103515625 152.493743896484375 155.1687469482421875 154.475006103515625 155.256256103515625 155.03125
148.0500030517578125 147.6374969482421875 146.443756103515625 146.15625 146.1999969482421875 142.912506103515625 136.9562530517578125 127.7062530517578125 117.7375030517578125 112.49375152587890625 113.19374847412109375 115.0812530517578125 117.28749847412109375 117.5187530517578125 116.3000030517578125 114.3874969482421875 111.5500030517578125 108.875 106.25624847412109375 104.1875 102.25624847412109375 100.0749969482421875 96.6125030517578125 94.25624847412109375 90.84999847412109375 87.875 86.5749969482421875 85.53125 85.16249847412109375 84.9812469482421875 85.96250152587890625 88.5 92.74375152587890625 98.27500152587890625 104.5124969482421875 113.1687469482421875 121.8249969482421875 129.7624969482421875 135.618743896484375 138.993743896484375 140.568756103515625 138.631256103515625 136.2562408447265625 133.8562469482421875
152.9875030517578125 152.6062469482421875 151.21875 150.8937530517578125 151.056243896484375 149.90625 144.556243896484375 134.4937591552734375 125.25624847412109375 119.6750030517578125 117.625 117.55625152587890625 117.80625152587890625 118.15000152587890625 116.72499847412109375 114.3000030517578125 111.88124847412109375 110.03125 108.4250030517578125 107.2937469482421875 106.4562530517578125 103.27500152587890625 98.6750030517578125 94.0625 90.74375152587890625 88.0500030517578125 86.68125152587890625 85.46875 84.0812530517578125 83.72499847412109375 84.3937530517578125 86.28125 90.0187530517578125 94.5812530517578125 99.4562530517578125 106.5437469482421875 113.69374847412109375 119.33750152587890625 123.7687530517578125 125.99375152587890625 126.35625457763671875 123.3562469482421875 120.4562530517578125 115.78749847412109375
156.9250030517578125 156.2624969482421875 155.0187530517578125 155.181243896484375 155.806243896484375 155.3625030517578125 151.662506103515625 140.850006103515625 132.1374969482421875 125.7937469482421875 122.1062469482421875 120.78749847412109375 119.59999847412109375 119.1687469482421875 117.9499969482421875 115.3874969482421875 113.0749969482421875 111.46250152587890625 110.27500152587890625 110.1687469482421875 110.78749847412109375 107.125 101.2624969482421875 95.59375 90.86875152587890625 86.9812469482421875 84.8937530517578125 84.1437530517578125 83.34375 83.15000152587890625 83 84.1999969482421875 86.93125152587890625 90.6687469482421875 94.8562469482421875 100.46250152587890625 105.78125 110.41249847412109375 113.21250152587890625 114.6999969482421875 113.34999847412109375 109.625 105.93125152587890625 101.69374847412109375
159.8937530517578125 159.274993896484375 158.0500030517578125 157.568756103515625 157.806243896484375 156.399993896484375 151.3625030517578125 143.6750030517578125 136.125 130.850006103515625 126.86875152587890625 124.0124969482421875 122.15625 119.74375152587890625 118.15000152587890625 116.1999969482421875 113.5437469482421875 112.36875152587890625 111.46875 111.0124969482421875 112.65000152587890625 109.28749847412109375 102.8312530517578125 96.88124847412109375 89.1374969482421875 84.4250030517578125 84.28749847412109375 83.5 83.09999847412109375 82.56874847412109375 81.97499847412109375 81.96875 84.28749847412109375 86.83750152587890625 90.18125152587890625 94.93125152587890625 99.1062469482421875 103.1875 105.9875030517578125 105.3000030517578125 103.5187530517578125 100.36875152587890625 95.71250152587890625 86.5812530517578125
161.59375 160.6687469482421875 159.4187469482421875 158.493743896484375 157.618743896484375 155.34375 150.662506103515625 145.15625 139.462493896484375 134.212493896484375 129.899993896484375 126.3125 123.34375 120.7687530517578125 117.72499847412109375 115.8249969482421875 112.91249847412109375 111.31874847412109375 109.90625 108.86875152587890625 109.55625152587890625 106.84999847412109375 102.5187530517578125 97.78749847412109375 91.74375152587890625 87.43125152587890625 86.05625152587890625 84.49375152587890625 83.21875 81.53749847412109375 80.08750152587890625 79.75624847412109375 81.28749847412109375 83.3125 86.09375 90.3625030517578125 94.28749847412109375 98.4812469482421875 101.3249969482421875 101.4499969482421875 98.03749847412109375 91.90625 86.8937530517578125 81.3000030517578125
161.462493896484375 160.8125 158.899993896484375 157.8562469482421875 156.681243896484375 153.962493896484375 150.881256103515625 146.5437469482421875 140.9375 136.125 131.962493896484375 127.82500457763671875 124.1999969482421875 121.19374847412109375 117.6437530517578125 115.40000152587890625 111.96250152587890625 109.2937469482421875 106.90625 105.72499847412109375 106.21250152587890625 105.125 103.1125030517578125 101.2375030517578125 98.1875 94.3312530517578125 90.75624847412109375 87.15625 84.02500152587890625 80.8562469482421875 78.3125 77.125 78.28749847412109375 80.53749847412109375 82.96875 86.50624847412109375 90.8874969482421875 96.7937469482421875 101.66249847412109375 100.9812469482421875 96.02500152587890625 90.38124847412109375 86.5812530517578125 82.5437469482421875
159.8937530517578125 159.0437469482421875 157.506256103515625 156.5437469482421875 155.287506103515625 153.2624969482421875 150.443756103515625 146.462493896484375 141.7624969482421875 137.46875 132.725006103515625 127.4875030517578125 123.53125 120.34375 117.22499847412109375 114.0749969482421875 109.41249847412109375 106.1750030517578125 103.3937530517578125 101.63124847412109375 101.94374847412109375 102.77500152587890625 103.6687469482421875 105.49375152587890625 104.4499969482421875 100.52500152587890625 95.77500152587890625 90.44374847412109375 85.2687530517578125 80.22499847412109375 76.58750152587890625 74.21250152587890625 74.72499847412109375 76.68125152587890625 78.3312530517578125 80.8249969482421875 87.0437469482421875 93.78125 100.3125 100.58750152587890625 97.625 93.05625152587890625 88.86875152587890625 84.22499847412109375
156.5749969482421875 156.149993896484375 155.71875 155.4375 154.2687530517578125 152.5 150.1437530517578125 146.774993896484375 142.53125 137.6062469482421875 132.53125 126.74375152587890625 121.65000152587890625 117.6437530517578125 113.9812469482421875 110.18125152587890625 104.5812530517578125 100.90625 98.2624969482421875 96.7624969482421875 97.3625030517578125 99.43125152587890625 103.1125030517578125 108.38124847412109375 110.24375152587890625 104.65625 99.11875152587890625 91.90625 84.88124847412109375 78.78125 74.71250152587890625 72.61875152587890625 71.30625152587890625 70.94374847412109375 71.53125 75.83750152587890625 82.7687530517578125 94.1999969482421875 105.78749847412109375 104.3125 100.50624847412109375 96.22499847412109375 91.06874847412109375 87.05625152587890625
152.3249969482421875 152.75 153.34375 153.4875030517578125 152.912506103515625 151.8625030517578125 149.8874969482421875 146.5437469482421875 142.212493896484375 137.5 132.3874969482421875 125.5500030517578125 119.40000152587890625 113.8937530517578125 109.30625152587890625 104.53125 98.96250152587890625 94.83750152587890625 92.69374847412109375 91.0625 91.9499969482421875 94.46250152587890625 98.86875152587890625 105.09999847412109375 108.03125 104.59375 100.46250152587890625 92.49375152587890625 83.9375 76.40000152587890625 71.5500030517578125 69.125 69.3125 70.1750030517578125 68.7624969482421875 68.0437469482421875 78.72499847412109375 92.13124847412109375 102.08750152587890625 105.2312469482421875 102.9562530517578125 99.3562469482421875 94.4875030517578125 90.4375
146.875 149.068756103515625 150.6125030517578125 151.681243896484375 152.131256103515625 151.162506103515625 149.25 146.381256103515625 142.806243896484375 137.5749969482421875 131.2125091552734375 123.91249847412109375 116.46875 109.7062530517578125 104.41249847412109375 99.8874969482421875 94.46250152587890625 89.8937530517578125 87.6125030517578125 85.7062530517578125 86.4499969482421875 90.3312530517578125 92.9562530517578125 98.58750152587890625 101.71250152587890625 101.50624847412109375 97.8249969482421875 90.91249847412109375 83.2687530517578125 74.7062530517578125 68.30625152587890625 68.3000030517578125 72 72.41249847412109375 71.43125152587890625 72.46250152587890625 80.09375 89.78749847412109375 98.30625152587890625 103.09375 103.69374847412109375 103.375 98.16249847412109375 93.96875
