data/historical-monthly-weather-data/wc2.1_cruts4.09_10m_prec_2006-03.asc
ncols        51
nrows        45
xllcorner    -63.500000000000
yllcorner    -7.500000000000
cellsize     0.166666666667
NODATA_value -9999
[rows 0 to 19 of 45, columns 0 to 44 of 51]
194.7062530517578125 192.1687469482421875 186.0500030517578125 184.84375 181.46875 176.375 168.0812530517578125 159.8125 152.443756103515625 148.0625 146.8625030517578125 147.9187469482421875 149.368743896484375 149.1062469482421875 151.368743896484375 153.850006103515625 158.2624969482421875 160.162506103515625 164.2624969482421875 167.9375 171.256256103515625 173.537506103515625 176.774993896484375 180.03125 185.3937530517578125 191.212493896484375 200.024993896484375 212.443756103515625 224.15625 231.90625 243.375 252.568756103515625 263.024993896484375 276.01251220703125 288.33123779296875 298.606231689453125 307.318756103515625 316.431243896484375 324.837493896484375 331.350006103515625 338.10626220703125 343.618743896484375 347.162506103515625 351.57501220703125 350.46875
204.556243896484375 203.6437530517578125 203.5749969482421875 204.337493896484375 203.8249969482421875 198.0625 189.162506103515625 181.40625 175.681243896484375 170.912506103515625 168.506256103515625 167.899993896484375 167.75 166.84375 167.8937530517578125 169.6687469482421875 172.9499969482421875 177.2624969482421875 181.9562530517578125 186.600006103515625 189.725006103515625 192.306243896484375 195.943756103515625 199.7375030517578125 204.28125 209.78125 217.524993896484375 229.131256103515625 239.1875 246.8125 256.17498779296875 267.087493896484375 276.493743896484375 291.01873779296875 301.725006103515625 313.193756103515625 324.28125 333.95623779296875 342.20623779296875 348.162506103515625 355.65625 360.54998779296875 363.537506103515625 366.89373779296875 366.243743896484375
212.3562469482421875 213.618743896484375 216.375 219.2312469482421875 219.6062469482421875 214.662506103515625 209.225006103515625 204.3312530517578125 199.493743896484375 195.524993896484375 190.8312530517578125 188.15625 186.899993896484375 185.318756103515625 185.65625 187.6999969482421875 190.1374969482421875 194.1750030517578125 197.6875 201.4187469482421875 204.5749969482421875 207.556243896484375 210 214.4875030517578125 219.537506103515625 223.8249969482421875 231.46875 242.068756103515625 250.5124969482421875 257.006256103515625 266.54376220703125 276.70001220703125 287.443756103515625 299.48748779296875 313.587493896484375 323.67498779296875 336.212493896484375 349.21875 357.70001220703125 365.818756103515625 373.587493896484375 377.20623779296875 379.149993896484375 380.475006103515625 380.73126220703125
217.837493896484375 222.006256103515625 229.1062469482421875 233.3000030517578125 235.493743896484375 231.412506103515625 228.2687530517578125 226.15625 224.1374969482421875 220.7437591552734375 214.7125091552734375 209.274993896484375 205.381256103515625 202.506256103515625 202.899993896484375 204.46875 207.8125 211.3874969482421875 214.256256103515625 216.59375 220.1374969482421875 221.912506103515625 222.6812591552734375 227.1062469482421875 232.274993896484375 236.6437530517578125 243.8625030517578125 251.5500030517578125 259.11248779296875 266.04998779296875 273.368743896484375 284.63751220703125 295.149993896484375 307.13751220703125 320.79998779296875 334.34375 348.9375 363.75 375.13751220703125 383.66876220703125 390.100006103515625 393.89373779296875 395.274993896484375 394.63751220703125 393.98748779296875
229.962493896484375 233.5124969482421875 238.868743896484375 245.6875 249.7062530517578125 247.100006103515625 244.2312469482421875 244.15625 245.431243896484375 244.65625 236.8249969482421875 228.0749969482421875 222.712493896484375 220.40625 219.743743896484375 221.8249969482421875 224.5749969482421875 228.243743896484375 229.181243896484375 229.631256103515625 233.0812530517578125 233.8000030517578125 235.193756103515625 240.0812530517578125 244.912506103515625 249.4375 254.318756103515625 260.774993896484375 269.6875 274.087493896484375 281.98126220703125 290.54376220703125 303.36248779296875 316.625 330.6875 346.01873779296875 361.78125 377.506256103515625 390.96875 399.73748779296875 408.287506103515625 409.556243896484375 409.3125 408.931243896484375 405.681243896484375
242.15625 247.0625 254.0437469482421875 258 258.600006103515625 256.1875 253.1750030517578125 252.0437469482421875 254.0437469482421875 255.149993896484375 245.1374969482421875 236.337493896484375 232.556243896484375 229.850006103515625 230.0187530517578125 232.09375 235.087493896484375 237.931243896484375 239.287506103515625 238.9875030517578125 241.7375030517578125 243.71875 245.774993896484375 249.8125 254.34375 259.625 264.20001220703125 269.01873779296875 275.29376220703125 280.82501220703125 287.381256103515625 296.256256103515625 307.475006103515625 323.86248779296875 340.17498779296875 355.41876220703125 373.943756103515625 390.850006103515625 405.431243896484375 417.08123779296875 423.931243896484375 425.431243896484375 424.79376220703125 423.287506103515625 418.125
253.0187530517578125 258.01251220703125 263.837493896484375 265.29376220703125 263.29376220703125 259.100006103515625 254.84375 250.3625030517578125 247.3625030517578125 244.4812469482421875 241.243743896484375 237.806243896484375 236.6125030517578125 235.875 237.181243896484375 239.4562530517578125 242.4375 243.8562469482421875 244.381256103515625 246.274993896484375 248.743743896484375 252.243743896484375 254.6312408447265625 258.84375 263.65625 268.006256103515625 272.256256103515625 275.95623779296875 279.58123779296875 283.649993896484375 292.462493896484375 300.78125 312.5 327.16876220703125 344.45623779296875 362.20001220703125 380.537506103515625 398.98126220703125 418.51873779296875 429.475006103515625 433.350006103515625 435.318756103515625 434.61248779296875 433.15625 430.024993896484375
260.41876220703125 265.08123779296875 268.381256103515625 269.53125 268.375 262.774993896484375 254.03125 243.1999969482421875 233.837493896484375 230.9499969482421875 233.8874969482421875 236.375 239.28125 241.25 243.1125030517578125 245.725006103515625 247.100006103515625 247.149993896484375 247.84375 250.03125 254.4187469482421875 259.04998779296875 262.89373779296875 266.850006103515625 273.024993896484375 276.11248779296875 278.40625 281.024993896484375 282.649993896484375 286.318756103515625 293.274993896484375 304.14373779296875 315.337493896484375 330.04376220703125 347.25 365.20623779296875 384.40625 403.34375 422.212493896484375 433.225006103515625 439.04998779296875 441 440.600006103515625 438.95623779296875 434.10626220703125
266.85626220703125 270.6875 273.84375 274.78125 272.70623779296875 266.162506103515625 256.26873779296875 243.21875 228.2624969482421875 222.4562530517578125 229.743743896484375 236 241.806243896484375 244.037506103515625 246.2937469482421875 248.8000030517578125 249.6999969482421875 249.5 251.274993896484375 253.375 256.212493896484375 262.618743896484375 267.287506103515625 275.837493896484375 282.1875 284.256256103515625 283.63751220703125 283.875 286.04376220703125 288.381256103515625 295.28125 305.618743896484375 316.79998779296875 330.443756103515625 346.006256103515625 364.75 385.83123779296875 404.5 422.931243896484375 434.13751220703125 440.96875 443.01873779296875 443.73126220703125 442.1875 433.899993896484375
273.256256103515625 276.28125 278.375 278.83123779296875 277.350006103515625 271.09375 262.225006103515625 250.5437469482421875 238.71875 233.4812469482421875 236.337493896484375 239.75 245.056243896484375 248 249.506256103515625 251.4375 252.4812469482421875 252.024993896484375 252.8625030517578125 254.5812530517578125 257.899993896484375 265.162506103515625 273.1875 284.837493896484375 289.79998779296875 291.368743896484375 289.95001220703125 288.524993896484375 288.26251220703125 288.993743896484375 294.287506103515625 305.53125 317.649993896484375 332.01251220703125 346.881256103515625 364.65625 384.57501220703125 404.15625 422.9375 436.225006103515625 444.95623779296875 448.087493896484375 446.287506103515625 439.64373779296875 432.01251220703125
279.287506103515625 282 282.83123779296875 283.28125 282.743743896484375 278.04376220703125 270.61248779296875 260.118743896484375 251.4250030517578125 247.181243896484375 246.556243896484375 248.4187469482421875 251.056243896484375 253.9562530517578125 254.6374969482421875 255.0124969482421875 254.96875 254.2375030517578125 253.5749969482421875 254.649993896484375 260.01873779296875 268.149993896484375 279.45001220703125 290.07501220703125 298.98748779296875 297.8125 294.993743896484375 294.45623779296875 292.462493896484375 291.03125 296.41876220703125 305.86248779296875 317.20001220703125 331.01873779296875 346.056243896484375 362.8125 381.57501220703125 400.943756103515625 420.14373779296875 436.29376220703125 446.29376220703125 447.818756103515625 443.8125 435.96875 427.1875
283.58123779296875 286.26873779296875 287.024993896484375 288.23748779296875 287.21875 284.67498779296875 279.899993896484375 271.78125 264.881256103515625 260.26251220703125 258.25 258.29998779296875 258.912506103515625 260.53125 262.58123779296875 262.51873779296875 260.131256103515625 257.9375 256.61248779296875 256.443756103515625 259.75 268.649993896484375 282.39373779296875 298.11248779296875 305.23748779296875 298.850006103515625 294.90625 294.306243896484375 295.274993896484375 297.04376220703125 299.287506103515625 306 315.78125 328.024993896484375 341.393768310546875 359.54998779296875 379.037506103515625 398.28125 416.649993896484375 434.625 446.39373779296875 445.743743896484375 436.931243896484375 421.65625 407.912506103515625
287.54376220703125 289.693756103515625 290.98748779296875 291.40625 291.443756103515625 290.556243896484375 286.88751220703125 281.537506103515625 275.73748779296875 272.556243896484375 271.475006103515625 270.381256103515625 270.625 269.38751220703125 270.14373779296875 269.29998779296875 265.95001220703125 263.462493896484375 262.006256103515625 259.743743896484375 259.64373779296875 267.53125 280.243743896484375 293.29376220703125 294.46875 290.29376220703125 292.756256103515625 295.375 298.46875 301.350006103515625 303.73748779296875 306.90625 314.037506103515625 324.618743896484375 336.837493896484375 353.35626220703125 372.712493896484375 392.26873779296875 412.40625 432.59375 447.20001220703125 443.868743896484375 424.943756103515625 405.225006103515625 387.649993896484375
289.993743896484375 292.537506103515625 293.71875 294.337493896484375 295.368743896484375 293.95623779296875 292.631256103515625 290.65625 287.9124755859375 285.53125 284.08123779296875 282.875 281.67498779296875 281.13751220703125 277.875 276.57501220703125 272.61248779296875 269.037506103515625 266.5 264.58123779296875 265.899993896484375 270.76873779296875 278.25 285.618743896484375 287.16876220703125 287.381256103515625 291.462493896484375 295.51873779296875 299.53125 302.95623779296875 306.693756103515625 309.1875 312.65625 319.54376220703125 329.96875 347.04376220703125 367.350006103515625 386.26873779296875 405.59375 424.46875 438.087493896484375 427.875 411.65625 396.962493896484375 382.26873779296875
291.34375 292.90625 294.76873779296875 297.45001220703125 299.625 299.14373779296875 299.993743896484375 300.306243896484375 298.38751220703125 296.83123779296875 296.524993896484375 295.40625 294.274993896484375 293.17498779296875 287.79376220703125 285.412506103515625 281.01251220703125 278.32501220703125 275.01251220703125 272.67498779296875 274.01873779296875 276.63751220703125 280.287506103515625 285.20623779296875 288.318756103515625 291.42498779296875 295.48748779296875 299.506256103515625 304.212493896484375 308.193756103515625 309.306243896484375 310.16876220703125 313.20623779296875 315.024993896484375 321.524993896484375 340.36248779296875 362.42498779296875 381.681243896484375 396.45001220703125 407.84375 412.162506103515625 408.20001220703125 402.868743896484375 391.9375 380.79998779296875
290.274993896484375 292.54998779296875 295.78125 299.475006103515625 302.98126220703125 305.537506103515625 307.024993896484375 308.04998779296875 308.95001220703125 309.399993896484375 308.8125 308.787506103515625 308.15625 306.475006103515625 301.087493896484375 295.649993896484375 290.3125 287.662506103515625 284.131256103515625 282.08123779296875 281.73748779296875 282.03125 283.48126220703125 286.912506103515625 289.818756103515625 293.931243896484375 298.70001220703125 303.881256103515625 310.15625 313.96875 315.98748779296875 315.556243896484375 315.13751220703125 316.03125 320.13751220703125 344.45001220703125 364.399993896484375 375.600006103515625 384.475006103515625 392.318756103515625 395.51251220703125 394.975006103515625 392.29998779296875 385.34375 376.568756103515625
289.67498779296875 293.07501220703125 296.26873779296875 301.38751220703125 306.76251220703125 310.51251220703125 314.73126220703125 317.350006103515625 319.14373779296875 320.83123779296875 320.78125 322.01873779296875 322.39373779296875 319.79998779296875 315.4375 308.1875 299.41876220703125 294.96875 292.587493896484375 290.037506103515625 288.51251220703125 287.70623779296875 288.11248779296875 290.51251220703125 293.51873779296875 295.743743896484375 301.037506103515625 307.618743896484375 313.625 319.256256103515625 322.3125 322.26251220703125 322.40625 326.881256103515625 343.006256103515625 363.681243896484375 373.66876220703125 376.225006103515625 378.04376220703125 380.91876220703125 385.712493896484375 385.84375 382.08123779296875 376.818756103515625 371.57501220703125
288.125 292.681243896484375 298.23748779296875 305.29376220703125 312.024993896484375 316.818756103515625 321.51251220703125 326 329.149993896484375 331.375 332.76251220703125 335.993743896484375 335.6875 334.40625 329.21875 320.51873779296875 311.3125 300.67498779296875 300.868743896484375 298.243743896484375 297.29998779296875 295.20623779296875 293.51251220703125 294.57501220703125 296.48748779296875 300.131256103515625 303.899993896484375 311.381256103515625 319.118743896484375 324.83123779296875 326.631256103515625 321.5 323.431243896484375 333.381256103515625 355.40625 385.23748779296875 383.04998779296875 375.98748779296875 372.79998779296875 375.23126220703125 376.350006103515625 375.98748779296875 373.837493896484375 369.57501220703125 364.95001220703125
285.84375 291.806243896484375 298.51251220703125 307.131256103515625 316.3125 323.57501220703125 329.89373779296875 335.57501220703125 339.01251220703125 341.98126220703125 344.056243896484375 345.368743896484375 347.92498779296875 348.51251220703125 341.17498779296875 331.04998779296875 320.36248779296875 309.03125 304.38751220703125 302.63751220703125 303.07501220703125 301.993743896484375 295.28125 296.068756103515625 298.375 302.3125 307.350006103515625 313.11248779296875 321.23126220703125 328.46875 331.506256103515625 322.64373779296875 318.88751220703125 320.41876220703125 335.125 360.5 365 364.33123779296875 366.25 367.53125 369.287506103515625 367.89373779296875 366.625 364.006256103515625 360.118743896484375
280.837493896484375 289.193756103515625 297.46875 307.84375 319.243743896484375 329.32501220703125 337.8125 345.04998779296875 349.26251220703125 351.8125 353.60626220703125 354.78125 358.806243896484375 361.79998779296875 351.26873779296875 336.10626220703125 321.79376220703125 315.274993896484375 309.07501220703125 306.23126220703125 303.274993896484375 299.23126220703125 296.462493896484375 295.943756103515625 297.587493896484375 300.29998779296875 305.681243896484375 312.67498779296875 318.5 322.8125 322.818756103515625 316.70001220703125 305.712493896484375 295.51251220703125 292.83123779296875 312.65625 335.82501220703125 348.39373779296875 356.48748779296875 361.40625 363.087493896484375 361.837493896484375 361.73126220703125 360.46875 358.037506103515625
