data/historical-monthly-weather-data/wc2.1_cruts4.09_10m_prec_1987-01.asc
ncols        51
nrows        45
xllcorner    -63.500000000000
yllcorner    -7.500000000000
cellsize     0.166666666667
NODATA_value -9999
[rows 20 to 39 of 45, columns 0 to 44 of 51]
189.40625 189.056243896484375 193.1999969482421875 199.350006103515625 206.131256103515625 216.3312530517578125 227.743743896484375 237.5500030517578125 246.181243896484375 253.0187530517578125 258.837493896484375 263.875 271.212493896484375 279.350006103515625 273.556243896484375 259.21875 249.375 245.118743896484375 246.6374969482421875 248.056243896484375 253.0437469482421875 256.837493896484375 259.412506103515625 262.225006103515625 265.649993896484375 269.45623779296875 272.34375 275.71875 278.725006103515625 281.631256103515625 278.48748779296875 270.962493896484375 258.787506103515625 246.0625 235.212493896484375 249.7624969482421875 272.96875 289.20623779296875 293.45623779296875 287.537506103515625 275.131256103515625 262.756256103515625 254.1624908447265625 247.631256103515625 243.2624969482421875
188.725006103515625 187.350006103515625 191.7062530517578125 199.1062469482421875 208.0124969482421875 218.899993896484375 230.431243896484375 242.0625 250.6750030517578125 253.7687530517578125 254.625 252.524993896484375 253.0500030517578125 256.649993896484375 256.431243896484375 250.9875030517578125 247.6999969482421875 246.1875 246.84375 248.625 250.318756103515625 253.462493896484375 257.350006103515625 261.04376220703125 265.45001220703125 270.6875 276.399993896484375 278.07501220703125 278.13751220703125 277.07501220703125 270.412506103515625 262.381256103515625 254.912506103515625 250.431243896484375 249.0124969482421875 262.443756103515625 286.037506103515625 305.337493896484375 309.181243896484375 299.875 284.54376220703125 270.225006103515625 259.587493896484375 251.34375 245.625
188.3562469482421875 187.0124969482421875 190.2687530517578125 197.7937469482421875 208.21875 220.9562530517578125 233.056243896484375 245.53125 255.8812408447265625 254.6750030517578125 248.1999969482421875 238.443756103515625 232.5437469482421875 234.9250030517578125 240.662506103515625 243.34375 243.5 244.162506103515625 245.212493896484375 246.5187530517578125 248.2062530517578125 250.0625 252.3625030517578125 256.09375 262.743743896484375 270.837493896484375 277.806243896484375 279.006256103515625 277.006256103515625 272 264.01251220703125 257.25 257.48748779296875 259.1875 264.587493896484375 277.29376220703125 300.787506103515625 327.556243896484375 328.662506103515625 310.493743896484375 291.462493896484375 276.306243896484375 262.46875 252.787506103515625 246.71875
189.34375 186.9812469482421875 189.1437530517578125 197.118743896484375 208.912506103515625 221.34375 233.96875 245.9875030517578125 254.15625 250.2624969482421875 240.875 229.4562530517578125 216.524993896484375 221.3249969482421875 231.587493896484375 237.28125 239.631256103515625 241.3125 242.850006103515625 244.4375 244.725006103515625 245.631256103515625 247.318756103515625 250.7062530517578125 258.5625 267.068756103515625 275.587493896484375 276.33123779296875 274.23126220703125 271.29998779296875 266.193756103515625 262.86248779296875 265.39373779296875 269.91876220703125 277.274993896484375 289.65625 309.1875 331.59375 331.45001220703125 313.412506103515625 293.787506103515625 277.38751220703125 263.318756103515625 253.1437530517578125 248.181243896484375
191.493743896484375 188.7312469482421875 189.506256103515625 199.3937530517578125 213.5 224.5500030517578125 234.875 244.28125 248.587493896484375 246.1125030517578125 238.75 229.625 222.100006103515625 223.912506103515625 229.899993896484375 235.3562469482421875 238.556243896484375 241.3000030517578125 242.212493896484375 241.8000030517578125 241.2312469482421875 240.2687530517578125 240.7312469482421875 243.5 250.9187469482421875 261.006256103515625 268.375 273.037506103515625 273.66876220703125 274.399993896484375 273.337493896484375 274.01251220703125 276.17498779296875 281.08123779296875 287.98748779296875 296.524993896484375 310.11248779296875 319.79998779296875 318.462493896484375 307.01251220703125 290.350006103515625 275.16876220703125 261.875 253.3000030517578125 246.725006103515625
197.9187469482421875 197.600006103515625 199.5 208.712493896484375 219.4812469482421875 228.837493896484375 236.631256103515625 242.2312469482421875 244.537506103515625 242.7312469482421875 238.787506103515625 234.350006103515625 230.368743896484375 230.631256103515625 233.131256103515625 236.7375030517578125 239.9375 242.4375 242.943756103515625 241.2937469482421875 240.0812530517578125 236.2062530517578125 234.587493896484375 235.0687408447265625 243.2937469482421875 255.037506103515625 265.23126220703125 271.443756103515625 275.45001220703125 276.931243896484375 281.01873779296875 284.92498779296875 288.38751220703125 291.056243896484375 296.3125 301.13751220703125 307.95001220703125 310.881256103515625 307.787506103515625 298.225006103515625 284.8125 270.64373779296875 257.23748779296875 249.806243896484375 246.7624969482421875
205.181243896484375 205.774993896484375 209.9499969482421875 217.2375030517578125 224.8625030517578125 232.068756103515625 238.2937469482421875 241.21875 242.524993896484375 242.8249969482421875 241.350006103515625 239.6875 238.15625 238.587493896484375 239.462493896484375 241.9187469482421875 244.256256103515625 246.193756103515625 247.1062469482421875 244.0812530517578125 240.5124969482421875 236.9375 231.8249969482421875 230.8625030517578125 241.4187469482421875 253.0625 263.3125 270.98748779296875 277.10626220703125 281.04376220703125 287.59375 292.975006103515625 297.806243896484375 299.71875 301.64373779296875 304.65625 307.725006103515625 306.337493896484375 300.587493896484375 292.32501220703125 279.86248779296875 265.64373779296875 253.475006103515625 247.25 251.618743896484375
214.1374969482421875 214.5625 219.774993896484375 225.9937591552734375 231.975006103515625 236.4499969482421875 240.28125 241.90625 243.3000030517578125 243.6875 243.662506103515625 244.193756103515625 243.962493896484375 244.9187469482421875 245.431243896484375 247.25 248.78125 252.3375091552734375 251.412506103515625 249.21875 246.8000030517578125 241.6374969482421875 239.96875 239.850006103515625 246.9250030517578125 256.006256103515625 265.1875 272.32501220703125 279.162506103515625 285.837493896484375 291.96875 297.725006103515625 302.03125 303.10626220703125 304.66876220703125 306.087493896484375 305.86248779296875 303.65625 298.29998779296875 289.100006103515625 278.23748779296875 265.29998779296875 252.337493896484375 247.9187469482421875 263.32501220703125
221.506256103515625 222.78125 227.8874969482421875 234.181243896484375 239.087493896484375 241.306243896484375 241.84375 243.2624969482421875 243.993743896484375 245.03125 246.3562469482421875 247.7312469482421875 249.0124969482421875 252.0437469482421875 252.975006103515625 255.149993896484375 258.48748779296875 260.350006103515625 259.993743896484375 257.725006103515625 254.6437530517578125 250.149993896484375 248.9875030517578125 249.912506103515625 254.6062469482421875 261.087493896484375 269.118743896484375 275.818756103515625 283.33123779296875 290.149993896484375 295.38751220703125 300.46875 304.07501220703125 306.16876220703125 307.95623779296875 307.568756103515625 307.118743896484375 304.01251220703125 299.100006103515625 290.037506103515625 277.681243896484375 266.38751220703125 258.0625 260.48126220703125 277.662506103515625
225.4562530517578125 226.625 232.7312469482421875 239.625 243.568756103515625 243.5 242.506256103515625 243.556243896484375 244.318756103515625 245.212493896484375 247.9375 251.587493896484375 254.8562469482421875 259.068756103515625 261.86248779296875 264.26251220703125 267.0625 269.82501220703125 270.912506103515625 267.58123779296875 263.875 261.100006103515625 259.225006103515625 259.35626220703125 263.11248779296875 268.4375 274.806243896484375 280.524993896484375 287.32501220703125 293.14373779296875 298.95001220703125 303.806243896484375 306.306243896484375 309.45623779296875 310.943756103515625 310.57501220703125 309.225006103515625 307.693756103515625 302.587493896484375 295.193756103515625 286.51251220703125 279.16876220703125 275.04376220703125 278.8125 288.09375
226.7937469482421875 227.875 232.5187530517578125 239.0812530517578125 243.8625030517578125 241.6750030517578125 241.306243896484375 241.899993896484375 243.162506103515625 245.4187469482421875 249.6125030517578125 254.8312530517578125 260.037506103515625 264.85626220703125 269.225006103515625 272.431243896484375 276.46875 280.11248779296875 281.45623779296875 278.381256103515625 273.850006103515625 270.193756103515625 269.149993896484375 268.61248779296875 270.649993896484375 275.95001220703125 281.38751220703125 286.04376220703125 292.625 297.29998779296875 302.76251220703125 307.618743896484375 309.568756103515625 312.524993896484375 314.131256103515625 313.75 312.11248779296875 311.82501220703125 308.725006103515625 302.83123779296875 297.350006103515625 293.15625 291.649993896484375 292.693756103515625 300.04376220703125
225.6999969482421875 225.9187469482421875 229.274993896484375 233.631256103515625 236.3249969482421875 236.15625 237.993743896484375 238.631256103515625 240.9250030517578125 244.25 249.506256103515625 256.212493896484375 263.3125 270.78125 276.48748779296875 280.493743896484375 283.59375 286.681243896484375 286.79376220703125 285.087493896484375 280.5625 277.15625 276.625 275.70001220703125 278.443756103515625 282.5 286.493743896484375 291.118743896484375 295.837493896484375 301.431243896484375 306.48748779296875 310.95001220703125 313.256256103515625 316.131256103515625 318.01251220703125 317.01873779296875 317.225006103515625 315.399993896484375 312.14373779296875 308.681243896484375 308.225006103515625 307.01251220703125 307.48748779296875 311.881256103515625 319.32501220703125
222.21875 221.975006103515625 224.7937469482421875 227.693756103515625 228.5437469482421875 229.068756103515625 230.068756103515625 231.4250030517578125 233.84375 240.0625 248.787506103515625 257.787506103515625 268.79376220703125 279.79376220703125 285.162506103515625 288.868743896484375 291.231231689453125 292.193756103515625 291.40625 290.168731689453125 286.46875 283.45623779296875 282.306243896484375 283.056243896484375 285.04376220703125 288.88751220703125 292.21875 294.806243896484375 299.16876220703125 306.0625 310.725006103515625 313.95623779296875 317.006256103515625 320.73748779296875 322.193756103515625 322.287506103515625 322 320.61248779296875 316.86248779296875 318 318.587493896484375 319.57501220703125 322.82501220703125 329.993743896484375 343.61248779296875
217.8125 217.34375 219.0812530517578125 220.9562530517578125 220.3937530517578125 221.1875 222.368743896484375 223.4187469482421875 227.1125030517578125 233.6624908447265625 244.5 259.0625 274.493743896484375 287.287506103515625 293.14373779296875 296.14373779296875 299.10626220703125 299.54376220703125 296.96875 294.368743896484375 291.387481689453125 289.068756103515625 288.131256103515625 288.5 290.32501220703125 293.07501220703125 295.60626220703125 298.943756103515625 303.912506103515625 309.375 315 318.756256103515625 321.5 325.837493896484375 327.82501220703125 327.76873779296875 326.6875 324.100006103515625 323.28125 324.98126220703125 325.774993896484375 328.92498779296875 334.54376220703125 343.412506103515625 358.337493896484375
214.9562530517578125 213.506256103515625 214.368743896484375 214.53125 213.9250030517578125 214.7312469482421875 214.8312530517578125 215.506256103515625 218.09375 226.0625 240.5187530517578125 259.1875 280.574981689453125 297.206268310546875 302.774993896484375 304.48126220703125 306.29376220703125 304.850006103515625 301.70623779296875 297.13751220703125 295.21875 293.375 292.64373779296875 292.568756103515625 294.375 295.568756103515625 298.89373779296875 302.88751220703125 307.625 312.412506103515625 318.09375 323.34375 326.806243896484375 330.125 331.962493896484375 331.48126220703125 329.193756103515625 329.368743896484375 329.26873779296875 329.54998779296875 330.962493896484375 333.8125 340.056243896484375 348.306243896484375 360
215.431243896484375 213.118743896484375 213.087493896484375 212.462493896484375 211.3625030517578125 210.6062469482421875 210.3000030517578125 209.162506103515625 210.149993896484375 216.556243896484375 232.618743896484375 256.475006103515625 282.28125 301.76251220703125 308.78125 311.537506103515625 312.48126220703125 310.0625 305.90625 300.59375 297.712493896484375 296.5 295.056243896484375 294.318756103515625 295.70001220703125 297.85626220703125 300.943756103515625 305.193756103515625 310.368743896484375 315.15625 321.662506103515625 326.8125 331.5 335.350006103515625 337.0625 335.100006103515625 335.443756103515625 334.20623779296875 331.868743896484375 331.868743896484375 333.20623779296875 336.26873779296875 340.86248779296875 348.024993896484375 355.73748779296875
216.368743896484375 213.631256103515625 212.381256103515625 211.1999969482421875 209.6437530517578125 208.6999969482421875 208.381256103515625 206.0187530517578125 204.1062469482421875 205.256256103515625 225.037506103515625 258.33123779296875 285.837493896484375 303.79376220703125 312.756256103515625 317.10626220703125 318.587493896484375 315.21875 309.95001220703125 303.45623779296875 300.600006103515625 297.625 296.193756103515625 295.375 296.96875 299.743743896484375 303.162506103515625 308.181243896484375 313.412506103515625 318.743743896484375 325.125 330.587493896484375 336.25 340.818756103515625 342.587493896484375 340.92498779296875 339.54998779296875 336.71875 334.431243896484375 332.70001220703125 331.54998779296875 333.8125 338.850006103515625 344.193756103515625 349.0625
216.59375 213.5124969482421875 211.7687530517578125 210.7937469482421875 209.506256103515625 209.631256103515625 209.1750030517578125 207.5500030517578125 206.568756103515625 205.8625030517578125 237.4375 272.28125 293.943756103515625 308.73748779296875 317.756256103515625 322.59375 323.818756103515625 320.53125 315.04376220703125 307.82501220703125 303.33123779296875 298.70623779296875 296.11248779296875 295.443756103515625 297.1875 300.725006103515625 304 309.212493896484375 315.056243896484375 321.54998779296875 327.5625 332.26251220703125 338.26251220703125 343.84375 345.818756103515625 343.96875 340.48748779296875 337.53125 334.96875 331.850006103515625 328.86248779296875 331.193756103515625 333.79998779296875 336.068756103515625 340.41876220703125
213.6437530517578125 209.712493896484375 209.193756103515625 208.943756103515625 208.9375 210.3562469482421875 211.4499969482421875 214.5812530517578125 222.7624969482421875 241.9375 279.693756103515625 294.693756103515625 305.1875 316.068756103515625 323.58123779296875 327.45001220703125 329.42498779296875 324.693756103515625 318.16876220703125 310.83123779296875 303.4375 297.681243896484375 294.568756103515625 294.068756103515625 295.618743896484375 299.16876220703125 303.568756103515625 309.54376220703125 316.42498779296875 324.131256103515625 329.868743896484375 334.162506103515625 338.54998779296875 341.431243896484375 345.38751220703125 343.01251220703125 338.375 335.13751220703125 331.15625 325.96875 322.600006103515625 323.32501220703125 324.23748779296875 326.993743896484375 330.66876220703125
210.2312469482421875 206.96875 206.8312530517578125 206.774993896484375 208.9812469482421875 212.6125030517578125 216.6687469482421875 224.5437469482421875 238.71875 260.443756103515625 285.66876220703125 303.01251220703125 313.649993896484375 323.40625 329.399993896484375 333.57501220703125 335.3125 330.5625 321.88751220703125 313.006256103515625 301.881256103515625 295.3125 291.54998779296875 291.068756103515625 293.40625 296.975006103515625 302.45623779296875 309.86248779296875 317.04376220703125 324.368743896484375 329.65625 335.381256103515625 340.3125 342.13751220703125 342.4375 339.45623779296875 334.5625 330.26873779296875 325.212493896484375 319.01251220703125 315.36248779296875 315.07501220703125 314.475006103515625 316.056243896484375 319.63751220703125
