data/historical-monthly-weather-data/wc2.1_cruts4.09_10m_prec_2020-06.asc
ncols        51
nrows        45
xllcorner    -63.500000000000
yllcorner    -7.500000000000
cellsize     0.166666666667
NODATA_value -9999
[rows 19 to 37 of 45, columns 0 to 42 of 51]
189.7375030517578125 194.6062469482421875 196.5500030517578125 196.0437469482421875 198.9375 205.693756103515625 206.6374969482421875 205.0812530517578125 212.431243896484375 216.693756103515625 218.09375 216.337493896484375 210.962493896484375 204.0500030517578125 197.037506103515625 180.4124908447265625 170.649993896484375 175.006256103515625 167.5625 171.193756103515625 163.09375 171.212493896484375 189.806243896484375 195.818756103515625 191.287506103515625 187.5437469482421875 184.1937408447265625 191.4875030517578125 183.53125 172.431243896484375 166.65625 177.6125030517578125 175.149993896484375 167.8937530517578125 162.837493896484375 165.2312469482421875 162.34375 149.3000030517578125 132.787506103515625 114.88124847412109375 94.0187530517578125 76.09999847412109375 69.4250030517578125
168.9562530517578125 182.274993896484375 189.193756103515625 190.068756103515625 186.899993896484375 190.881256103515625 197.5812530517578125 200.8312530517578125 206.53125 209.40625 213.649993896484375 211.743743896484375 206.53125 196.7687530517578125 186.46875 179.9812469482421875 169.3937530517578125 166.8312530517578125 172.9187469482421875 172.15625 183.493743896484375 192.787506103515625 205.350006103515625 215.7937469482421875 213.78125 202.8000030517578125 183.71875 179.7687530517578125 176.600006103515625 174.6125030517578125 172.068756103515625 176.0749969482421875 163.100006103515625 155.649993896484375 150.0749969482421875 152.556243896484375 152.243743896484375 143.868743896484375 125.53125 107.81874847412109375 91.15000152587890625 75.81874847412109375 67.84999847412109375
159.712493896484375 163.65625 173.5625 179.7687530517578125 179.90625 182.375 188.631256103515625 192.743743896484375 197.9499969482421875 205.4187469482421875 209.443756103515625 204.818756103515625 199.3937530517578125 196.8062591552734375 192.868743896484375 180.818756103515625 186.350006103515625 180.3062591552734375 186.774993896484375 187.787506103515625 188.0812530517578125 203.881256103515625 215.9562530517578125 213.8249969482421875 206.53125 197.568756103515625 193.1437530517578125 181.4375 182.7937469482421875 180.7375030517578125 171.6750030517578125 161.625 153.71875 151.8874969482421875 144.78125 141.931243896484375 140.556243896484375 136.5749969482421875 122.5 106.8562469482421875 90.59999847412109375 77.61875152587890625 69.1750030517578125
151.4499969482421875 164.193756103515625 172.975006103515625 177.8562469482421875 178.40625 179.837493896484375 177.337493896484375 180.475006103515625 192.4499969482421875 199.0625 202.4375 204.7375030517578125 208.9875030517578125 210.118743896484375 205.3312530517578125 198.0812530517578125 190.2062530517578125 186.600006103515625 190.787506103515625 196.9375 206.8249969482421875 210.881256103515625 212.6875 211.818756103515625 213.556243896484375 204.131256103515625 191.25 183.462493896484375 180.287506103515625 169.1374969482421875 159.7937469482421875 154.006256103515625 145.212493896484375 138.90625 138.662506103515625 132.3000030517578125 127.78125 125.5 117.5500030517578125 105.58750152587890625 90.61875152587890625 79.09999847412109375 70
140.03125 153.90625 168.5187530517578125 170.375 169.9250030517578125 171.756256103515625 178.162506103515625 180.993743896484375 184.3125 186.587493896484375 198.1062469482421875 209.287506103515625 210.475006103515625 215.6750030517578125 206.1125030517578125 200.181243896484375 195.34375 198.7062530517578125 201.118743896484375 204.1812591552734375 211.412506103515625 220.5749969482421875 219.6750030517578125 225.787506103515625 218 204.337493896484375 198.850006103515625 179.681243896484375 168.693756103515625 160.6062469482421875 151.0187530517578125 144.40625 138.8312530517578125 131.037506103515625 129.774993896484375 122.91249847412109375 121.13124847412109375 119.47499847412109375 110.9812469482421875 100.03749847412109375 88.2687530517578125 78.6750030517578125 70.3937530517578125
127.65625 142.9875030517578125 155.818756103515625 165.34375 168.59375 170.787506103515625 174.65625 180.537506103515625 182.8249969482421875 191.0749969482421875 196.7312469482421875 202.587493896484375 210.78125 208.618743896484375 200.712493896484375 196.6125030517578125 196.1875 195.9187469482421875 201.2375030517578125 209.4812469482421875 216.0124969482421875 220 229.756256103515625 231.3312530517578125 215.881256103515625 202.1875 189.0812530517578125 174.8249969482421875 161.743743896484375 153.6875 139.8937530517578125 129.8625030517578125 125.08750152587890625 122.9812469482421875 120.6687469482421875 117.31874847412109375 114.96250152587890625 110.9812469482421875 105.8312530517578125 96.91249847412109375 86.74375152587890625 78.80625152587890625 71.88124847412109375
121.2312469482421875 138.4250030517578125 144.443756103515625 154.5500030517578125 158.1687469482421875 162.600006103515625 165.5500030517578125 172.087493896484375 170.693756103515625 173.681243896484375 185.8562469482421875 192.28125 199.7624969482421875 201.1687469482421875 198.8000030517578125 191.693756103515625 192.2624969482421875 197.693756103515625 203.9499969482421875 206.0437469482421875 213.8625030517578125 220.350006103515625 227.368743896484375 224.9812469482421875 215.4562530517578125 198.162506103515625 184.1875 169.7437591552734375 152.8000030517578125 142.5625 129.337493896484375 119.38124847412109375 115.4250030517578125 113.02500152587890625 111.1125030517578125 111.41249847412109375 109.9562530517578125 104.91249847412109375 98.3874969482421875 93.0812530517578125 84.2937469482421875 72.9375 66.40000152587890625
113.33750152587890625 121.46875 132.0437469482421875 140.0812530517578125 144.15625 149.600006103515625 153.587493896484375 152.875 155.350006103515625 167.09375 179.462493896484375 185.318756103515625 188.71875 192.8249969482421875 193.5124969482421875 193.1125030517578125 190.600006103515625 189.4875030517578125 197.368743896484375 199.931243896484375 203.21875 210.381256103515625 219.2687530517578125 224.625 207.006256103515625 190.8312530517578125 177.2375030517578125 160.306243896484375 144.256256103515625 132.568756103515625 122.59375 109.99375152587890625 105.6374969482421875 104.3874969482421875 103.6750030517578125 102.8937530517578125 103.66249847412109375 99.5749969482421875 92.3125 88.7375030517578125 82.6875 73.6062469482421875 65.15625
106.6687469482421875 109.66249847412109375 117.99375152587890625 122.56874847412109375 126.8000030517578125 134.3312530517578125 139.875 141.4437408447265625 146.6875 158.1999969482421875 166.899993896484375 173.9187469482421875 176.8000030517578125 179.381256103515625 180.0500030517578125 180.462493896484375 179.5187530517578125 183.25 184.0437469482421875 190.4875030517578125 196.1437530517578125 198.318756103515625 209.3312530517578125 206.962493896484375 194.6999969482421875 178.6999969482421875 165.4187469482421875 149.3249969482421875 138.024993896484375 128.712493896484375 117.2937469482421875 107.21250152587890625 101.625 96.75 98.6875 97.8312530517578125 98.7375030517578125 94.70000457763671875 89.94374847412109375 85.83750152587890625 80.6875 74.625 63.731250762939453125
97.6875 102.6437530517578125 104.68125152587890625 107.15000152587890625 112.69374847412109375 115.55625152587890625 122.30625152587890625 129.6125030517578125 138.274993896484375 146.0187530517578125 155.243743896484375 160.8937530517578125 166.5124969482421875 170.287506103515625 171.3000030517578125 172.524993896484375 174.6125030517578125 174.943756103515625 179.5812530517578125 185.381256103515625 185.8249969482421875 186.5749969482421875 190.181243896484375 186.53125 177.350006103515625 162.875 154.5500030517578125 143.818756103515625 131.493743896484375 119.56874847412109375 108.11875152587890625 100.4499969482421875 95.02500152587890625 93.71875 92.6999969482421875 91.7624969482421875 94.1750030517578125 88.99375152587890625 85.34999847412109375 80.74375152587890625 75.15625 68.71875 62.368747711181640625
89.84999847412109375 91.6687469482421875 93.66249847412109375 94.7375030517578125 98.16249847412109375 103.93125152587890625 109.6875 119.5625 126.47499847412109375 135.087493896484375 143.53125 150.712493896484375 157.131256103515625 161.975006103515625 161.537506103515625 160.7062530517578125 161.375 165.8125 163.9812469482421875 163.2937469482421875 168.537506103515625 170.2624969482421875 172.8874969482421875 169.5437469482421875 159.131256103515625 152.399993896484375 143.006256103515625 132.03125 121.65625 110.31874847412109375 100.81874847412109375 93.34999847412109375 90.3937530517578125 89.4812469482421875 89.90000152587890625 87.18125152587890625 90.75 86.28125 79.1062469482421875 78.5 73.1062469482421875 67.15000152587890625 63.424999237060546875
83.8125 83.66249847412109375 84.05625152587890625 85.61875152587890625 88.40000152587890625 93.31874847412109375 100.4562530517578125 108.1875 114.6374969482421875 123.9562530517578125 132.850006103515625 138.03125 146.662506103515625 145.4499969482421875 147.3312530517578125 152.2937469482421875 154.5437469482421875 153.5749969482421875 152.587493896484375 153.537506103515625 154.6687469482421875 153.1875 155.243743896484375 153.3249969482421875 145.6999969482421875 140.3000030517578125 130.8312530517578125 121.83750152587890625 111.91249847412109375 102.68125152587890625 97.4875030517578125 91.02500152587890625 86.90000152587890625 83.9499969482421875 83.71250152587890625 81.86875152587890625 83.9812469482421875 82.09999847412109375 76.19374847412109375 70.49375152587890625 68.0187530517578125 63.40625 60.15625
77.3249969482421875 76.6750030517578125 75.8249969482421875 77.9562530517578125 82.2062530517578125 86.6999969482421875 92.1875 98.36875152587890625 105.43125152587890625 111.83750152587890625 117.3625030517578125 123.78749847412109375 127.83750152587890625 133.3312530517578125 137.90625 140.8312530517578125 139.024993896484375 138.006256103515625 138.3000030517578125 139.75 139.9187469482421875 140.149993896484375 138.100006103515625 135.162506103515625 132.162506103515625 126.2937469482421875 119.6687469482421875 112 102.9812469482421875 99.5124969482421875 93.19374847412109375 86.86875152587890625 83.71875 80.28749847412109375 78.94374847412109375 76.3625030517578125 76.46875 73.24375152587890625 70.55625152587890625 66.97499847412109375 65.4812469482421875 62.112499237060546875 58.65000152587890625
70.40000152587890625 69.97499847412109375 70.8312530517578125 72.96875 74.59375 78.83750152587890625 83.83750152587890625 89.7937469482421875 94.625 100.5 109.28749847412109375 113.99375152587890625 119.16249847412109375 127.0187530517578125 131.493743896484375 129.8937530517578125 127.43125152587890625 129.243743896484375 129.2062530517578125 129.3249969482421875 126.18125152587890625 124.4375 124.3249969482421875 122.2937469482421875 118.44374847412109375 114.3625030517578125 108.15000152587890625 101.15000152587890625 95.125 92.46250152587890625 88.25624847412109375 81.4499969482421875 78.93125152587890625 77.6750030517578125 75.0812530517578125 72.4250030517578125 70.09999847412109375 67.1999969482421875 65.2937469482421875 65.21875 64.1999969482421875 61.00624847412109375 56.950000762939453125
63.606250762939453125 64.27500152587890625 66.8249969482421875 68.25 69.2624969482421875 72.3249969482421875 77.3562469482421875 80.72499847412109375 84.53125 89.0812530517578125 97.18125152587890625 105.2062530517578125 111.1750030517578125 115.7937469482421875 117.9812469482421875 120.15000152587890625 121.0187530517578125 119.6062469482421875 116.53125 116.375 114.8937530517578125 112.28125 113.24375152587890625 109.16249847412109375 107.0500030517578125 101.9812469482421875 98.6374969482421875 93.00624847412109375 89.46875 86.61875152587890625 84.125 80.22499847412109375 74.66249847412109375 71.9875030517578125 70.75624847412109375 68.36875152587890625 65.59999847412109375 62.71250152587890625 61.72499847412109375 61.28125 59.4375 58.30625152587890625 55.90625
58.575000762939453125 58.112499237060546875 61.3125 64.09375 65.1062469482421875 65.8625030517578125 68.20000457763671875 71.9812469482421875 75.75624847412109375 79.7937469482421875 89.58750152587890625 98.3125 105.15000152587890625 113.8312530517578125 115.84999847412109375 114.7624969482421875 112.52500152587890625 107.9812469482421875 104.77500152587890625 100.5124969482421875 102.5187530517578125 98.86875152587890625 97.7687530517578125 94.99375152587890625 96.2375030517578125 93.49375152587890625 89.7687530517578125 84.1437530517578125 80.65625 78.28749847412109375 77.28125 75.40625 69.7062530517578125 66.77500152587890625 64.15000152587890625 62.84999847412109375 59.31874847412109375 59.606250762939453125 57.456249237060546875 57.424999237060546875 56.25624847412109375 54.043750762939453125 52.72499847412109375
53.69374847412109375 53.1875 55.21875 57.71875 59.325000762939453125 60.674999237060546875 62.68125152587890625 64.72499847412109375 67.3562469482421875 70.94374847412109375 77.58750152587890625 89.7937469482421875 99.25624847412109375 105.8249969482421875 108.21875 107.6875 104.5625 97.7937469482421875 93.47499847412109375 88.4375 87.44374847412109375 88.30625152587890625 86.36875152587890625 84.21250152587890625 85.1437530517578125 83.03125 79.9250030517578125 75.7062530517578125 74.02500152587890625 71.7624969482421875 69.72499847412109375 68.5187530517578125 64.9499969482421875 61.418750762939453125 57.83750152587890625 56.97499847412109375 56.77500152587890625 54.625 53.77500152587890625 54.237499237060546875 53.293750762939453125 50.81874847412109375 49.40000152587890625
47.549999237060546875 49.018749237060546875 49.549999237060546875 51.887500762939453125 54.174999237060546875 55.5625 57.168750762939453125 59.918750762939453125 62.0625 62.31874847412109375 71.1750030517578125 85.2624969482421875 94.81874847412109375 98.3249969482421875 100.4499969482421875 99.77500152587890625 97.56874847412109375 92.06874847412109375 86.97499847412109375 79.5124969482421875 77.02500152587890625 78.49375152587890625 76.5500030517578125 75.55625152587890625 74.28125 73.00624847412109375 72.56874847412109375 69.18125152587890625 66.21875 63.4375 63.75 61.52500152587890625 59.34375 56.99375152587890625 53.74375152587890625 52.918750762939453125 52.91249847412109375 52.706249237060546875 50.825000762939453125 49.674999237060546875 48.71250152587890625 48.125 45.74375152587890625
42.09999847412109375 43.643749237060546875 45.18125152587890625 47.768749237060546875 49.33750152587890625 51.18125152587890625 53.56874847412109375 56.03749847412109375 59.15625 59.24375152587890625 72.21875 84.69374847412109375 89.97499847412109375 93.6374969482421875 92.84375 91.81874847412109375 89.27500152587890625 85.11875152587890625 81.13124847412109375 75.41249847412109375 71.4250030517578125 70.34375 67.5437469482421875 67.03749847412109375 65.5812530517578125 66.0749969482421875 65.8000030517578125 62.90000152587890625 60.30625152587890625 57.25624847412109375 56.18125152587890625 56.581249237060546875 55.18125152587890625 52.15000152587890625 49.543750762939453125 49.28749847412109375 49.043750762939453125 48.237499237060546875 49.418750762939453125 47.44374847412109375 45.86875152587890625 45.97499847412109375 43.362499237060546875
