data/historical-monthly-weather-data/wc2.1_cruts4.09_10m_prec_1995-06.asc
ncols        45
nrows        45
xllcorner    -63.500000000000
yllcorner    -7.500000000000
cellsize     0.166666666667
NODATA_value -9999
[rows 0 to 19 of 45, columns 0 to 43 of 45]
285.1875 283.51873779296875 281.537506103515625 288.63751220703125 291.556243896484375 296.056243896484375 294.73748779296875 291.71875 284.368743896484375 286.881256103515625 291.90625 293.04998779296875 294.587493896484375 292.712493896484375 289.524993896484375 287.98748779296875 283.88751220703125 278.96875 273.57501220703125 271.38751220703125 273.068756103515625 266.23748779296875 261.037506103515625 253.1062469482421875 247.2624969482421875 242.931243896484375 242.7624969482421875 244.8249969482421875 239.9187469482421875 234.1875 223.4562530517578125 219.21875 218.506256103515625 213.4875030517578125 209.493743896484375 208.1125030517578125 206.4250030517578125 206.5124969482421875 203.068756103515625 202.1437530517578125 204.3249969482421875 211.162506103515625 210.537506103515625 212.462493896484375
278.0562744140625 277.087493896484375 281.962493896484375 287.73748779296875 295.787506103515625 300.225006103515625 298.71875 295.20001220703125 294.98126220703125 296.83123779296875 298.443756103515625 296.962493896484375 290.26251220703125 285.725006103515625 280.131256103515625 276.23748779296875 269.64373779296875 262.149993896484375 256.51873779296875 255.774993896484375 255.568756103515625 249.8125 246.9375 241.7687530517578125 235.993743896484375 230.631256103515625 230.75 230.0625 225.975006103515625 216.600006103515625 210.15625 210.1374969482421875 207.568756103515625 204.868743896484375 202.90625 198.881256103515625 198.725006103515625 197.96875 195.40625 195.412506103515625 200.3249969482421875 198.21875 203.53125 205.443756103515625
263.89373779296875 270.787506103515625 276.36248779296875 278.681243896484375 288.181243896484375 296.14373779296875 298.15625 303.32501220703125 304.26873779296875 305.36248779296875 303.38751220703125 296.600006103515625 290.45623779296875 278.53125 270.04998779296875 263.806243896484375 254.4749908447265625 247.2687530517578125 241.9250030517578125 238.8125 238.993743896484375 238.7937469482421875 235.1875 234.243743896484375 225.4812469482421875 218.943756103515625 222.6437530517578125 219.743743896484375 212.618743896484375 209.368743896484375 201.506256103515625 198.1062469482421875 195.46875 194.774993896484375 190.96875 183.568756103515625 185.6687469482421875 188.100006103515625 186.806243896484375 187.912506103515625 194.7062530517578125 195.3249969482421875 197.850006103515625 198.274993896484375
248.28125 250.693756103515625 262.068756103515625 270.462493896484375 277.225006103515625 285.58123779296875 293.881256103515625 301.850006103515625 307.76251220703125 311.07501220703125 305.32501220703125 294.212493896484375 282.54998779296875 268.868743896484375 260.09375 252.243743896484375 239.274993896484375 233.1437530517578125 227.837493896484375 231.212493896484375 229.3312530517578125 223.625 221.8874969482421875 222.743743896484375 214.1062469482421875 208.1374969482421875 208.7312469482421875 203.681243896484375 200.681243896484375 198.506256103515625 193.3000030517578125 187.5124969482421875 184.8937530517578125 179.9812469482421875 176.743743896484375 179.15625 181.8874969482421875 181.8937530517578125 180.475006103515625 181.943756103515625 187.2937469482421875 192.3249969482421875 194.3312530517578125 193.90625
252.2375030517578125 251.756256103515625 247.9375 258.98126220703125 273.287506103515625 278 287.26873779296875 301.28125 313.38751220703125 318.006256103515625 310.79998779296875 289.0625 275.89373779296875 262.84375 249.8125 240.0625 229.15625 217.993743896484375 212.1687469482421875 213.1125030517578125 211.09375 209.350006103515625 208.8000030517578125 208.3312530517578125 200.5625 196.21875 194.0812530517578125 194.625 192.21875 186.399993896484375 184.5187530517578125 181.568756103515625 177.3874969482421875 174.506256103515625 174.475006103515625 172.7937469482421875 174.931243896484375 177.818756103515625 175.381256103515625 174.9187469482421875 180.725006103515625 185.4250030517578125 189.09375 192.524993896484375
243.837493896484375 248.212493896484375 246.3562469482421875 240.3562469482421875 257.875 274.037506103515625 280.212493896484375 290.774993896484375 306.8125 313.48126220703125 300.39373779296875 280.024993896484375 267.506256103515625 254.725006103515625 239.443756103515625 229.3312530517578125 217.225006103515625 206.743743896484375 203.774993896484375 202.2624969482421875 202.8249969482421875 200.350006103515625 198.506256103515625 193.5124969482421875 190.337493896484375 187.3874969482421875 183.537506103515625 184.0625 182.5625 177.8000030517578125 178.524993896484375 176.556243896484375 175.71875 171.8125 167.681243896484375 172.2249908447265625 171.318756103515625 167.818756103515625 169.756256103515625 175.381256103515625 177.28125 183.3312530517578125 184.5187530517578125 187.0500030517578125
241.4812469482421875 243.350006103515625 243.006256103515625 242.118743896484375 242.881256103515625 247.712493896484375 254.09375 270.70001220703125 276.86248779296875 282.5625 277.35626220703125 262.699981689453125 254.9375 245.912506103515625 232.225006103515625 221.056243896484375 211.5812530517578125 201.787506103515625 193.868743896484375 193.03125 188.337493896484375 186.7687530517578125 183.8874969482421875 182.375 183.618743896484375 180.9187469482421875 176.6125030517578125 174.84375 173.2937469482421875 175.6999969482421875 172.087493896484375 167.806243896484375 165.9250030517578125 166.5687408447265625 168.3249969482421875 168.024993896484375 163.28125 162.8562469482421875 163.868743896484375 170.28125 172.0500030517578125 175.9375 179.9250030517578125 182.5749969482421875
236.3874969482421875 233.8000030517578125 234.5500030517578125 240.5437469482421875 242.225006103515625 250.0625 243.9562530517578125 239.149993896484375 234.8874969482421875 244.2624969482421875 248.837493896484375 244.375 240.78125 233.2375030517578125 225.71875 215.46875 202.90625 194.475006103515625 186.28125 179.2375030517578125 184.287506103515625 179.8562469482421875 175.6687469482421875 173.6687469482421875 174.8312530517578125 170.412506103515625 167.6125030517578125 165.9250030517578125 164.8000030517578125 163.399993896484375 167.287506103515625 163.1687469482421875 162.5500030517578125 161.8937530517578125 159.09375 157.9562530517578125 156.78125 156.350006103515625 153.9250030517578125 155.5500030517578125 159.625 166.787506103515625 166.5749969482421875 165.9562530517578125
229.6999969482421875 229.6687469482421875 227.6374969482421875 230.600006103515625 234.3562469482421875 235.7687530517578125 238.9187469482421875 238.9499969482421875 226.0374908447265625 219.087493896484375 220.556243896484375 221.6374969482421875 226.25 221.975006103515625 216.46875 206.1750030517578125 201.774993896484375 196.318756103515625 190.287506103515625 180.256256103515625 172.8562469482421875 176.100006103515625 167.6374969482421875 170.71875 167.568756103515625 164.2937469482421875 161.7624969482421875 162.125 164.8562469482421875 162.90625 167.337493896484375 156.943756103515625 150.1687469482421875 148.125 150.0749969482421875 154.806243896484375 156.4875030517578125 158.28125 155.7937469482421875 153.3874969482421875 153.0187530517578125 152.8937530517578125 159.2687530517578125 158.2687530517578125
223.65625 224.5500030517578125 223.2312469482421875 225.556243896484375 228.1125030517578125 228.2062530517578125 229.78125 226.0812530517578125 222.3625030517578125 217.40625 211.9499969482421875 203.006256103515625 210.024993896484375 210.475006103515625 207.9875030517578125 202.7624969482421875 196.21875 197.375 192.5625 186.662506103515625 175.6125030517578125 169.881256103515625 159.9250030517578125 160.0749969482421875 155.8312530517578125 156.212493896484375 154.962493896484375 154.006256103515625 153.7062530517578125 156.4312591552734375 158.5 152.274993896484375 149.899993896484375 148.787506103515625 146.881256103515625 149.40625 153.381256103515625 157.368743896484375 157.149993896484375 160.037506103515625 161.993743896484375 161.1125030517578125 154.8562469482421875 147.09375
220.6374969482421875 219.6999969482421875 218.006256103515625 218.381256103515625 218.2937469482421875 221.21875 217.5500030517578125 214.3249969482421875 213.6875 211.6125030517578125 209.149993896484375 201.6875 197.15625 199.006256103515625 196.90625 194.46875 190.3874969482421875 187.462493896484375 187.5500030517578125 188.5625 187.943756103515625 176.6437530517578125 159.818756103515625 144.3312530517578125 146.5625 154.631256103515625 155.125 151.306243896484375 147.75 148.618743896484375 150.006256103515625 147.1875 146.962493896484375 147.0187530517578125 146.681243896484375 146.1062469482421875 150.0437469482421875 152.125 158.2312469482421875 159.212493896484375 159.868743896484375 155.9562530517578125 153.368743896484375 140.7937469482421875
213.3312530517578125 213.337493896484375 214.725006103515625 211.868743896484375 212.3625030517578125 211.3249969482421875 213.2062530517578125 211.9375 210.274993896484375 202.568756103515625 203.03125 198.8562469482421875 186.662506103515625 188.131256103515625 191.8000030517578125 188.743743896484375 185.0124969482421875 184.0625 186.431243896484375 194.631256103515625 195.1875 185.7937469482421875 167.15625 146.8312530517578125 143.0124969482421875 143.743743896484375 141.993743896484375 142.0812530517578125 142.9562530517578125 142.1125030517578125 137.78125 139.1687469482421875 140.4562530517578125 138.4499969482421875 141.3562469482421875 145.993743896484375 152.1999969482421875 155.818756103515625 153.9499969482421875 159.2312469482421875 160.5500030517578125 155.28125 141.8125 122.11875152587890625
210.287506103515625 208.7375030517578125 208.181243896484375 205.412506103515625 206.84375 203.787506103515625 203.881256103515625 203.2375030517578125 198.868743896484375 195.024993896484375 193.84375 192.5 187.381256103515625 176.09375 175.712493896484375 177.087493896484375 175.78125 177.8125 174.6312408447265625 181.1875 185.5437469482421875 177.774993896484375 164.493743896484375 148.274993896484375 135.21875 133.337493896484375 135.306243896484375 136.850006103515625 139.274993896484375 140.9562530517578125 135.693756103515625 131.975006103515625 136.162506103515625 132.90625 135.243743896484375 141.993743896484375 152.40625 159.243743896484375 167.40625 167.3000030517578125 160.756256103515625 152.681243896484375 132.28125 116.1750030517578125
205.1437530517578125 203.84375 201.756256103515625 199.631256103515625 197.306243896484375 196.0625 193.9499969482421875 194.943756103515625 192.96875 187.649993896484375 185.3874969482421875 180.4499969482421875 177.912506103515625 171.59375 160.149993896484375 164.8625030517578125 163.068756103515625 162.65625 162.4375 167.037506103515625 169.649993896484375 163.6125030517578125 153.912506103515625 145.40625 137.03125 130.65625 128.600006103515625 128.0124969482421875 129.6750030517578125 130.5500030517578125 131.1750030517578125 129.600006103515625 130.8625030517578125 132.743743896484375 131.818756103515625 144.399993896484375 159.2937469482421875 171.537506103515625 180.28125 176.3874969482421875 155.193756103515625 140.1750030517578125 134.006256103515625 133.600006103515625
195.256256103515625 194.5437469482421875 194.8874969482421875 194.28125 191.5749969482421875 189.931243896484375 189.3249969482421875 187.9562530517578125 185.2624969482421875 181.5812530517578125 177.4875030517578125 173.506256103515625 169.975006103515625 162.0625 148.8125 151.131256103515625 150.9250030517578125 153.943756103515625 150.4812469482421875 153 156.899993896484375 153.1437530517578125 148.9875030517578125 144.5749969482421875 142.28125 137.412506103515625 135.40625 133.399993896484375 135.587493896484375 131.40625 126.44374847412109375 127.5625 134.118743896484375 131 126.0749969482421875 131.7062530517578125 154.6062469482421875 178.0625 183.756256103515625 175.412506103515625 164.818756103515625 156.9562530517578125 155.693756103515625 143.8312530517578125
188.0749969482421875 185.6062469482421875 186.15625 183.8937530517578125 185.056243896484375 184.40625 182.431243896484375 179.600006103515625 179.587493896484375 179.568756103515625 175.1750030517578125 170.0625 166.193756103515625 158.681243896484375 147.600006103515625 133.806243896484375 137.0187530517578125 143.037506103515625 140.306243896484375 142.149993896484375 144.5625 143.818756103515625 144.0812530517578125 145 143.875 140.131256103515625 136.0625 135.587493896484375 135.3312530517578125 136.8937530517578125 134.15625 130.212493896484375 125.35625457763671875 120.40000152587890625 116.6687469482421875 138.2375030517578125 150.318756103515625 167.056243896484375 179.34375 184.0625 183.8874969482421875 176.9875030517578125 164.118743896484375 146.2312469482421875
179.3312530517578125 178.618743896484375 177.0437469482421875 178.2312469482421875 179.0500030517578125 179.318756103515625 177.28125 175.78125 171.850006103515625 170.0749969482421875 169.40625 166.03125 159.40625 152.3000030517578125 147.15625 135.0124969482421875 121.01250457763671875 125.4812469482421875 129.0749969482421875 129.850006103515625 130.625 133.899993896484375 135.662506103515625 142.318756103515625 142.0500030517578125 134.5500030517578125 131.1687469482421875 130.318756103515625 134.912506103515625 137.743743896484375 138.7375030517578125 138.3000030517578125 133.5187530517578125 133.5625 142.9312591552734375 152.600006103515625 167.7375030517578125 181.2375030517578125 192.8000030517578125 186.8000030517578125 186.6062469482421875 174.5437469482421875 156.6687469482421875 144.0625
168.8125 169.3249969482421875 171.243743896484375 172.65625 174.193756103515625 176.431243896484375 173.537506103515625 171.25 167.431243896484375 162.587493896484375 159.5625 158.975006103515625 151.662506103515625 145.9250030517578125 143.1062469482421875 134.7312469482421875 121.5124969482421875 109.49375152587890625 120.40000152587890625 117.47499847412109375 118.34999847412109375 121.8000030517578125 128.4812469482421875 134.15625 137.506256103515625 130.7937469482421875 125.40000152587890625 130.212493896484375 134.0124969482421875 133.931243896484375 128.725006103515625 124.52500152587890625 142.4375 147.5749969482421875 152.087493896484375 178.7937469482421875 190.975006103515625 188.375 190.9875030517578125 187.6687469482421875 171.6125030517578125 156.962493896484375 143.2687530517578125 134.9375
159.493743896484375 162.4875030517578125 164.681243896484375 167.2312469482421875 169.8625030517578125 169.431243896484375 167.6750030517578125 164.9875030517578125 162.9562530517578125 160.21875 155.8874969482421875 147.7624969482421875 142.193756103515625 138.725006103515625 133.6374969482421875 127.8125 123.31874847412109375 109.1062469482421875 103.40000152587890625 103.0500030517578125 108.5749969482421875 116.3625030517578125 111.46875 120.7937469482421875 124.6687469482421875 129.09375 129.0625 127.2624969482421875 133.78125 133.3937530517578125 130.399993896484375 132.875 142.8937530517578125 146.087493896484375 156.368743896484375 175.7624969482421875 180.524993896484375 176.462493896484375 177.631256103515625 169.1062469482421875 155.5437469482421875 138.75 131.431243896484375 127.8312530517578125
152.8562469482421875 156.5749969482421875 157.625 156.65625 158.28125 162.181243896484375 161.350006103515625 158.21875 159.4875030517578125 158.1062469482421875 154.8874969482421875 150.1687469482421875 143.3000030517578125 135.774993896484375 128.8874969482421875 116.16249847412109375 108.15625 109.34999847412109375 103.2687530517578125 103.9875030517578125 97.30625152587890625 100.2312469482421875 109.61875152587890625 114.4187469482421875 113.56874847412109375 113.40625 114.9250030517578125 123.6437530517578125 122.875 120.84375 122.6062469482421875 137.5500030517578125 143.0187530517578125 145.087493896484375 149.2687530517578125 160.90625 168.40625 165.8312530517578125 160.8125 153 138.4250030517578125 121.9812469482421875 121.375 120.8625030517578125
