data/historical-monthly-weather-data/wc2.1_cruts4.09_10m_prec_2006-02.asc
ncols        45
nrows        45
xllcorner    -63.500000000000
yllcorner    -7.500000000000
cellsize     0.166666666667
NODATA_value -9999
[rows 20 to 39 of 45, columns 0 to 44 of 45]
307.53125 313.006256103515625 320.649993896484375 329.212493896484375 341.15625 351.556243896484375 362.67498779296875 373.600006103515625 382.32501220703125 389.15625 394.6875 405.993743896484375 419.412506103515625 431.01251220703125 415.787506103515625 389.037506103515625 366.087493896484375 346.931243896484375 337.13751220703125 328.92498779296875 325.243743896484375 320.899993896484375 315.975006103515625 316.90625 319.375 323 328.79998779296875 334.787506103515625 341.725006103515625 345.806243896484375 341.91876220703125 330.51873779296875 309.39373779296875 282.82501220703125 258.51873779296875 276.64373779296875 310.84375 338.67498779296875 356.837493896484375 366.131256103515625 367.774993896484375 366.056243896484375 364.95623779296875 363.08123779296875 359.274993896484375
296.631256103515625 303.9375 312.98748779296875 324.67498779296875 336.5625 348.274993896484375 360.1875 371.85626220703125 380.649993896484375 384.631256103515625 385.725006103515625 389.11248779296875 393.4375 395.45001220703125 389.193756103515625 374.3125 358.25 342.587493896484375 330.85626220703125 321.875 314.193756103515625 308.36248779296875 305.649993896484375 306.58123779296875 310.03125 315.66876220703125 323.850006103515625 331.681243896484375 340.88751220703125 347.212493896484375 347.681243896484375 338.149993896484375 321.04998779296875 302.975006103515625 291.46875 303.34375 327.993743896484375 348.568756103515625 360.53125 366.087493896484375 367.73748779296875 366.90625 365.1875 362.399993896484375 359.20623779296875
289.83123779296875 298.95001220703125 307.76873779296875 320.006256103515625 332.100006103515625 345.57501220703125 356.368743896484375 368.899993896484375 378.48748779296875 377.98748779296875 373.14373779296875 368.524993896484375 364.33123779296875 363.65625 363.76251220703125 357.506256103515625 346.9375 334.61248779296875 322.506256103515625 311.25 303.25 296 291.57501220703125 292.6875 298.006256103515625 305.881256103515625 315.42498779296875 325.524993896484375 337.59375 346.88751220703125 352.11248779296875 350.84375 337.73748779296875 327.5 327.88751220703125 340.412506103515625 355.431243896484375 366.162506103515625 370.41876220703125 369.225006103515625 368.162506103515625 366.84375 364.57501220703125 361.806243896484375 359.287506103515625
284.8125 292.57501220703125 302.04376220703125 312.868743896484375 325.59375 339.118743896484375 351.39373779296875 362.09375 370.087493896484375 366.90625 360.25 352.48126220703125 341.04376220703125 342.462493896484375 345.64373779296875 342.631256103515625 335.443756103515625 326.181243896484375 314.82501220703125 303.118743896484375 293.5 284.8125 278.79376220703125 279.90625 285.712493896484375 292.38751220703125 304.51251220703125 317.3125 330.13751220703125 341.712493896484375 350 352.506256103515625 347.006256103515625 344.725006103515625 351.86248779296875 367.381256103515625 377.95001220703125 378.95623779296875 376.46875 372.006256103515625 369.243743896484375 366.15625 363.875 362.149993896484375 362.024993896484375
284.806243896484375 289.131256103515625 297.73126220703125 309.20001220703125 323.01873779296875 333.90625 344.91876220703125 353.912506103515625 357.649993896484375 355.899993896484375 350.5 343.625 337.068756103515625 335.306243896484375 334.59375 332.600006103515625 328 319.381256103515625 308.524993896484375 296.61248779296875 286.09375 274.993743896484375 266.3125 266 270.868743896484375 281.5625 293.73748779296875 308.46875 321.92498779296875 333.243743896484375 341.21875 345.14373779296875 347.443756103515625 351.537506103515625 360.556243896484375 370.76251220703125 378.48748779296875 378.79998779296875 375.274993896484375 370.787506103515625 367.66876220703125 364.29998779296875 362.75 363.39373779296875 362.73126220703125
292.368743896484375 293.9375 299.71875 309.85626220703125 321.993743896484375 331.600006103515625 339.38751220703125 346.33123779296875 348.70623779296875 347.618743896484375 343.73748779296875 339.399993896484375 335.899993896484375 332.287506103515625 330.506256103515625 327.193756103515625 322.67498779296875 314.29998779296875 304.649993896484375 292.63751220703125 280.337493896484375 266.375 254.412506103515625 251.1125030517578125 258.66876220703125 270.9375 286.39373779296875 300.1875 314.07501220703125 323.78125 331.04376220703125 336.556243896484375 342.70001220703125 350.23748779296875 359.631256103515625 367.162506103515625 372.89373779296875 374.64373779296875 369.949981689453125 366.293731689453125 363.73748779296875 361.125 359.256256103515625 360.625 363.70623779296875
305.431243896484375 304.787506103515625 307.76251220703125 315.59375 323.34375 329.23748779296875 335.45623779296875 339.04376220703125 341.306243896484375 342.193756103515625 341.13751220703125 338.54376220703125 336.743743896484375 334.58123779296875 331.475006103515625 328.39373779296875 323.006256103515625 314.60626220703125 304.125 291.375 277.63751220703125 262.943756103515625 248.068756103515625 242.618743896484375 252.8874969482421875 265.45623779296875 280.056243896484375 293.662506103515625 305.850006103515625 315.131256103515625 323.01251220703125 327.98126220703125 335.92498779296875 347.32501220703125 355.600006103515625 362.59375 367.787506103515625 368.76873779296875 365.600006103515625 361.837493896484375 358.912506103515625 356.024993896484375 354.131256103515625 355.306243896484375 362.587493896484375
320.11248779296875 316.54376220703125 317.649993896484375 321.23748779296875 324.70001220703125 327.09375 331.600006103515625 335.462493896484375 337.524993896484375 339.63751220703125 339.350006103515625 338.17498779296875 337.13751220703125 335.70623779296875 332.95623779296875 329.899993896484375 324.100006103515625 316.95001220703125 305.89373779296875 293.61248779296875 280.38751220703125 265.725006103515625 254.125 249.9812469482421875 254.90625 264.712493896484375 277.20001220703125 289.45001220703125 300.193756103515625 309.09375 316.600006103515625 323.01873779296875 333.61248779296875 343.068756103515625 351.36248779296875 358.087493896484375 361.39373779296875 363.912506103515625 360.443756103515625 356.09375 353.09375 351.39373779296875 349.9375 352.837493896484375 363.662506103515625
332.743743896484375 328.100006103515625 325.725006103515625 325.881256103515625 326.53125 326.850006103515625 329.399993896484375 331.70001220703125 334.587493896484375 337.537506103515625 338.34375 337.850006103515625 337.03125 337.54376220703125 335.41876220703125 333.337493896484375 328.92498779296875 320.5625 311.13751220703125 298.568756103515625 286.04376220703125 271.90625 262.5 259.17498779296875 260.33123779296875 266.09375 276.818756103515625 287.225006103515625 297.875 306.100006103515625 312.181243896484375 319.462493896484375 329.16876220703125 338.92498779296875 348.306243896484375 353.33123779296875 357.8125 360.59375 358.92498779296875 353.274993896484375 347.23126220703125 344.98748779296875 347.274993896484375 354.70001220703125 368.09375
342.5625 335.28125 330.96875 328.15625 327.618743896484375 327.38751220703125 328.20623779296875 329.64373779296875 331.70001220703125 335.15625 337.16876220703125 338.20623779296875 338.537506103515625 339.943756103515625 338.912506103515625 335.818756103515625 332.71875 327.3125 318.662506103515625 305.73126220703125 292.337493896484375 279.67498779296875 270.63751220703125 266.600006103515625 265.96875 269.54376220703125 277.98748779296875 286.3125 295.225006103515625 302.4375 309.79376220703125 317.368743896484375 326.212493896484375 336.23126220703125 344.806243896484375 350.774993896484375 354.51873779296875 358.631256103515625 355.63751220703125 350.556243896484375 349.256256103515625 350.162506103515625 352.5625 361.51251220703125 368.681243896484375
348.9375 340.4375 333.10626220703125 328.95623779296875 325.993743896484375 325.975006103515625 326.462493896484375 327.86248779296875 329.9375 332.88751220703125 337.36248779296875 339.943756103515625 342.024993896484375 342.33123779296875 340.787506103515625 339.225006103515625 337.087493896484375 333.056243896484375 326.46875 313.51251220703125 299.493743896484375 286.162506103515625 276.33123779296875 271.76873779296875 270.20623779296875 272.487518310546875 278.899993896484375 286.03125 293.39373779296875 300.25 307.537506103515625 315.51873779296875 325.66876220703125 335.943756103515625 344.962493896484375 349.23126220703125 353.806243896484375 359.10626220703125 356.149993896484375 350.774993896484375 351.29998779296875 356.20001220703125 360.61248779296875 365.837493896484375 372.837493896484375
349.76251220703125 340.943756103515625 333.225006103515625 328.25 323.693756103515625 322.806243896484375 323.649993896484375 323.806243896484375 325.91876220703125 330.493743896484375 335.34375 339.243743896484375 342.5625 344.506256103515625 343.3125 342.806243896484375 338.36248779296875 333.58123779296875 326.86248779296875 316.34375 303.287506103515625 290.98126220703125 280.162506103515625 275.681243896484375 274.13751220703125 274.91876220703125 279.600006103515625 285.462493896484375 291.86248779296875 299.556243896484375 307.08123779296875 314.73126220703125 325.037506103515625 335.11248779296875 344.618743896484375 349.53125 354.76251220703125 359.375 356.40625 355.568756103515625 359.9375 365.71875 370.618743896484375 377.149993896484375 385.95623779296875
344.618743896484375 336.89373779296875 330.54376220703125 325.274993896484375 320.024993896484375 318.868743896484375 318.26251220703125 318.64373779296875 321.65625 327.01251220703125 334.293731689453125 338.318756103515625 343.26251220703125 346.350006103515625 345.5 342.83123779296875 337.76251220703125 332.98126220703125 324.46875 314.64373779296875 303.63751220703125 291.806243896484375 281.693756103515625 277.21875 275.98126220703125 276.61248779296875 280.5 286.46875 292.45623779296875 299.17498779296875 306.98126220703125 314.03125 323.54376220703125 334.381256103515625 344.73126220703125 351.45001220703125 357.024993896484375 360.48748779296875 358.943756103515625 363.39373779296875 368.8125 375.10626220703125 382.36248779296875 391.51251220703125 407.46875
339.35626220703125 331.54998779296875 325.693756103515625 321.475006103515625 316.33123779296875 313.91876220703125 312.943756103515625 313.306243896484375 314.75 320.493743896484375 329.08123779296875 336.01873779296875 343.35626220703125 346.693756103515625 345.86248779296875 342.725006103515625 337.181243896484375 330.912506103515625 321.95001220703125 312.20001220703125 301.3125 289.943756103515625 281.03125 276.98748779296875 276.20623779296875 276.931243896484375 280.806243896484375 286.006256103515625 292.256256103515625 299.443756103515625 307.068756103515625 314.14373779296875 324.59375 335.04998779296875 344.26873779296875 352.15625 358.125 362.587493896484375 363.943756103515625 369.09375 374.375 382.07501220703125 393.274993896484375 404.868743896484375 422.23748779296875
333.399993896484375 327 321.837493896484375 316.53125 312.32501220703125 309.61248779296875 306.774993896484375 305.58123779296875 305.67498779296875 310.681243896484375 321.73748779296875 333.331268310546875 344.01251220703125 348.625 346.556243896484375 342.306243896484375 335.08123779296875 327.212493896484375 318.70623779296875 308.100006103515625 298.618743896484375 287.26251220703125 278.375 274.368743896484375 274.48126220703125 274.9375 279.53125 285.350006103515625 291.649993896484375 299.25 306.131256103515625 314.649993896484375 324.912506103515625 335.73126220703125 344.881256103515625 351.993743896484375 357.725006103515625 365.9375 369.40625 372.61248779296875 378.274993896484375 385.1875 396.13751220703125 408.306243896484375 422.95001220703125
326.318756103515625 321.693756103515625 316.90625 311.40625 306.681243896484375 303.912506103515625 299.850006103515625 296.39373779296875 294.100006103515625 297.462493896484375 310.04376220703125 325.60626220703125 340.61248779296875 348.006256103515625 344.92498779296875 338.95001220703125 331.17498779296875 322.01873779296875 311.01251220703125 300.931243896484375 291.625 282.20001220703125 273.368743896484375 270.79998779296875 270.38751220703125 271.431243896484375 276.51873779296875 283.96875 290.73126220703125 298.131256103515625 306.118743896484375 314.95001220703125 325.837493896484375 336.76251220703125 344.649993896484375 350.63751220703125 359.318756103515625 365.51251220703125 368.162506103515625 372.943756103515625 379.6875 384.92498779296875 392.787506103515625 404.318756103515625 414.649993896484375
320.51251220703125 317.118743896484375 312.04376220703125 308.82501220703125 304.0625 300.131256103515625 295.04376220703125 289.67498779296875 284.13751220703125 280.01251220703125 297.350006103515625 322.20623779296875 337.631256103515625 344.024993896484375 341.256256103515625 333.868743896484375 324.931243896484375 314.725006103515625 304.100006103515625 292.625 283.337493896484375 274.23126220703125 266.5 264.662506103515625 264.61248779296875 266.70001220703125 272.5625 280.26251220703125 288.462493896484375 296.350006103515625 304.85626220703125 313.931243896484375 325.6875 336.550018310546875 345.20001220703125 352.868743896484375 359.149993896484375 364.712493896484375 367.4375 370.91876220703125 375.45001220703125 380.568756103515625 387.48748779296875 396.693756103515625 404.64373779296875
315.337493896484375 313.068756103515625 309.03125 305.82501220703125 302.375 297.868743896484375 292.90625 287.712493896484375 283.65625 277.01873779296875 304.524993896484375 330.85626220703125 339.618743896484375 341.57501220703125 336.88751220703125 328.056243896484375 316.42498779296875 305.95001220703125 293.837493896484375 281.418731689453125 273.09375 264.48126220703125 258.3125 257.162506103515625 258.29998779296875 261.20001220703125 267.54998779296875 276.28125 285.350006103515625 294.79376220703125 302.743743896484375 312.537506103515625 324.16876220703125 335.631256103515625 344.006256103515625 351.90625 357.85626220703125 363.32501220703125 365.65625 367.712493896484375 370.162506103515625 374.54376220703125 378.881256103515625 385.225006103515625 391.962493896484375
314.84375 310.431243896484375 305.875 303.82501220703125 300.162506103515625 296.625 294.181243896484375 292.600006103515625 294.587493896484375 307.79376220703125 337.193756103515625 340.67498779296875 338.10626220703125 335.375 328.6875 317.649993896484375 305.912506103515625 294.524993896484375 281.693756103515625 269.618743896484375 261.26873779296875 253.96875 249.912506103515625 249.225006103515625 251.037506103515625 255.5500030517578125 262.631256103515625 271.837493896484375 281.875 291.881256103515625 302.125 311.956268310546875 322.51873779296875 333.3125 343.993743896484375 350.73126220703125 355.04376220703125 360.45623779296875 361.368743896484375 360.45623779296875 362.3125 364.79998779296875 368.5 373.368743896484375 378.8125
315.181243896484375 308.95623779296875 304.475006103515625 301.23748779296875 298.04376220703125 295.993743896484375 294.48126220703125 296.78125 302.162506103515625 315.07501220703125 329.78125 333.51251220703125 332 327.41876220703125 318.95623779296875 308.01873779296875 295.76251220703125 283.837493896484375 270.381256103515625 258.712493896484375 249.3874969482421875 242.975006103515625 239.462493896484375 239.75 243.774993896484375 249.056243896484375 257.23748779296875 267.15625 278.118743896484375 288.912506103515625 299.29998779296875 311.787506103515625 324.243743896484375 334.01873779296875 342.274993896484375 348.23126220703125 351.20623779296875 354.10626220703125 354.78125 352.32501220703125 352.48748779296875 354.587493896484375 357.006256103515625 359.375 364.48748779296875
