data/historical-monthly-weather-data/wc2.1_cruts4.09_10m_prec_2016-10.asc
ncols        51
nrows        45
xllcorner    -63.500000000000
yllcorner    -7.500000000000
cellsize     0.166666666667
NODATA_value -9999
[rows 19 to 37 of 45, columns 0 to 43 of 51]
102.6125030517578125 105.56874847412109375 111.3249969482421875 117.6062469482421875 123.78125 129.375 134.1687469482421875 137.5749969482421875 138.4187469482421875 137.625 135.131256103515625 132.7375030517578125 130.2375030517578125 127.8562469482421875 128.5500030517578125 130.1999969482421875 130 132.625 136.28125 141.1062469482421875 144.0749969482421875 150.34375 160.3125 167.15625 169.662506103515625 166.6062469482421875 158.774993896484375 148.568756103515625 133.71875 117.99375152587890625 107.0749969482421875 106.875 107.5187530517578125 107.80625152587890625 106.63124847412109375 102.78125 101.5187530517578125 102.625 102.50624847412109375 100.6125030517578125 97.34999847412109375 92.71875 84.9562530517578125 77.74375152587890625
105.5500030517578125 110.8562469482421875 118.0437469482421875 125.28749847412109375 132.125 137.381256103515625 142.243743896484375 145.625 146.9812469482421875 145.8125 143.131256103515625 139.8937530517578125 136.6062469482421875 132.7375030517578125 132.6687469482421875 133.0500030517578125 132.806243896484375 134.243743896484375 138.962493896484375 142.881256103515625 147.212493896484375 153.006256103515625 158.943756103515625 163.0625 165.5812530517578125 164.3312530517578125 157.9875030517578125 146.975006103515625 135.9812469482421875 126.9250030517578125 120.30625152587890625 118.4250030517578125 118.41249847412109375 119.99375152587890625 122.0124969482421875 117.0187530517578125 111.50624847412109375 108.99375152587890625 106.1687469482421875 103.24375152587890625 99.69374847412109375 94.9562530517578125 88.30625152587890625 82.0437469482421875
108.06874847412109375 116.1062469482421875 124.4250030517578125 132.4812469482421875 140.21875 145.806243896484375 150.34375 154.0437469482421875 156.875 155.743743896484375 152.1999969482421875 148.2375030517578125 144.4375 141.4562530517578125 140.399993896484375 140.506256103515625 141.0625 142.1999969482421875 145.2062530517578125 148.65625 150.0124969482421875 153.53125 158.34375 160.649993896484375 161.09375 159.78125 156.1374969482421875 149.024993896484375 142.212493896484375 136.1999969482421875 131.3125 129.024993896484375 128.34375 129.3125 128.78125 124.99375152587890625 119.18125152587890625 114.3125 109.9250030517578125 106.3562469482421875 102.31874847412109375 97.5 91.9187469482421875 85.90625
111.6437530517578125 122.6062469482421875 132.03125 140.6437530517578125 148.037506103515625 153.4499969482421875 158.2312469482421875 162.9562530517578125 168.368743896484375 166.337493896484375 161.8874969482421875 156.71875 153.4250030517578125 151.431243896484375 149.8562469482421875 149.256256103515625 149.3937530517578125 150.662506103515625 152.4250030517578125 154.3000030517578125 155.125 155.9875030517578125 157.8625030517578125 159.056243896484375 158.475006103515625 155.3874969482421875 153.618743896484375 151.1062469482421875 146.412506103515625 142.837493896484375 140.493743896484375 139.212493896484375 137.524993896484375 137.1875 135.4812469482421875 131.15625 125.34375 118.99375152587890625 113.875 111.0812530517578125 107.36875152587890625 102.46250152587890625 96.84375 90.68125152587890625
115.6875 128.649993896484375 139.2687530517578125 146.681243896484375 153.337493896484375 159.1437530517578125 164.1999969482421875 169.912506103515625 175.337493896484375 174.1687469482421875 169.4375 165.256256103515625 162.3562469482421875 160.4875030517578125 159.03125 157.9250030517578125 157.8625030517578125 158.03125 158.46875 158.9375 159.1437530517578125 159.7624969482421875 159.462493896484375 159.0500030517578125 156.9812469482421875 152.3125 149.2375030517578125 149.493743896484375 149.15625 148.0187530517578125 147.03125 146.1875 144.75 143.493743896484375 141.662506103515625 138.2687530517578125 132.912506103515625 126.28749847412109375 121.4562530517578125 117.88124847412109375 113.9875030517578125 108.9812469482421875 102.93125152587890625 96.2687530517578125
123.43125152587890625 136.662506103515625 147.350006103515625 152.7624969482421875 158.193756103515625 163.931243896484375 168.975006103515625 173.8249969482421875 178.4187469482421875 179.4187469482421875 177.537506103515625 174.5187530517578125 172.4812469482421875 170.9499969482421875 168.931243896484375 167.78125 166.8937530517578125 166.068756103515625 165.2312469482421875 164.6999969482421875 163.9875030517578125 162.6125030517578125 162.1999969482421875 160.5124969482421875 158.087493896484375 155.3874969482421875 152.7312469482421875 152.537506103515625 152.6999969482421875 152.3562469482421875 151.7375030517578125 150.4250030517578125 150.131256103515625 148.850006103515625 147.475006103515625 143.96875 140.287506103515625 135.993743896484375 130.837493896484375 127.1750030517578125 122.9499969482421875 117.2312469482421875 110.5437469482421875 104.21875
132.725006103515625 144.75 151.9187469482421875 157.568756103515625 161.943756103515625 167.399993896484375 172.4187469482421875 177.0187530517578125 182.0124969482421875 184.9250030517578125 183.725006103515625 182.7624969482421875 181.4187469482421875 180.34375 178.818756103515625 177.2062530517578125 176.1687469482421875 173.9812469482421875 172.2562408447265625 170.600006103515625 169.2062530517578125 166.993743896484375 165.6750030517578125 163.78125 161.6374969482421875 159.6125030517578125 158.03125 156.9812469482421875 156.59375 156.506256103515625 154.868743896484375 154.6437530517578125 155.0749969482421875 154.0437469482421875 153.587493896484375 150.774993896484375 147.9250030517578125 145.306243896484375 140.993743896484375 137.2937469482421875 133.1125030517578125 127.18125152587890625 119.8937530517578125 113.41875457763671875
141.5625 149.350006103515625 155.15625 159.8874969482421875 163.9499969482421875 169.7375030517578125 174.631256103515625 179.181243896484375 183.3000030517578125 185.6687469482421875 187.21875 187.3625030517578125 187.0374908447265625 186.631256103515625 184.662506103515625 183.350006103515625 181.3312530517578125 179.5124969482421875 177.287506103515625 175.15625 173.5 170.943756103515625 168.899993896484375 168.2312469482421875 165.631256103515625 163.6999969482421875 161.8937530517578125 160.600006103515625 160.131256103515625 159.5187530517578125 158.9499969482421875 157.693756103515625 158.818756103515625 158.899993896484375 158.3937530517578125 156.8562469482421875 155.256256103515625 153.649993896484375 150.7624969482421875 148.5 145.118743896484375 140.0124969482421875 133.40625 126.8874969482421875
149.8562469482421875 154.4812469482421875 158.8312530517578125 162.875 166.3937530517578125 171.8562469482421875 177.225006103515625 181.2624969482421875 184.8937530517578125 187.9499969482421875 189.6374969482421875 190.600006103515625 191.7375030517578125 191.337493896484375 189.7687530517578125 188.28125 186.8125 184.0124969482421875 182.037506103515625 180.4812469482421875 177.9250030517578125 174.9812469482421875 173.46875 171.756256103515625 169.2937469482421875 167.59375 166.193756103515625 164.9499969482421875 163.2375030517578125 162.2937469482421875 161.024993896484375 160.287506103515625 161.881256103515625 162.556243896484375 163.681243896484375 162.6062469482421875 161.493743896484375 161.9375 160.0437469482421875 159.5749969482421875 159.0749969482421875 154.274993896484375 146.90625 141.818756103515625
157.899993896484375 159.96875 162.412506103515625 165.7937469482421875 168.75 173.21875 177.7687530517578125 182.09375 185.912506103515625 189.7375030517578125 192.556243896484375 194.181243896484375 195.568756103515625 195.618743896484375 194.5749969482421875 193 191.8000030517578125 189.056243896484375 186.725006103515625 185.024993896484375 181.868743896484375 179.0625 177.1125030517578125 175.024993896484375 172.5 171.1062469482421875 169.6374969482421875 168.100006103515625 167.181243896484375 165.493743896484375 163.28125 162.46875 164.46875 165.9250030517578125 167.7312469482421875 167.8625030517578125 167.712493896484375 168.318756103515625 166.962493896484375 167.4250030517578125 169.006256103515625 164.9375 158.5500030517578125 156.3125
163.431243896484375 163.4749908447265625 164.243743896484375 165.2312469482421875 167.1999969482421875 170.2687530517578125 174.524993896484375 179.087493896484375 183.6875 187.25 191.3000030517578125 193.3625030517578125 196.1750030517578125 197.537506103515625 196.850006103515625 196.412506103515625 194.7624969482421875 193.03125 190.399993896484375 187.46875 184.7937469482421875 182.0500030517578125 179.46875 176.693756103515625 174.59375 173.8937530517578125 172.1875 170.2375030517578125 168.462493896484375 166.9375 165.6125030517578125 164.931243896484375 166.962493896484375 169.3625030517578125 171.2687530517578125 171.899993896484375 172.131256103515625 173.6687469482421875 171.0500030517578125 170.4812469482421875 171.8625030517578125 172.0687408447265625 169.21875 170.1750030517578125
168.087493896484375 165.9375 165.475006103515625 164.1437530517578125 164.9250030517578125 168.4250030517578125 172.0437469482421875 176.2062530517578125 180.46875 184.225006103515625 189.1750030517578125 192.806243896484375 197.1687469482421875 199.662506103515625 199.0187530517578125 199.118743896484375 198.774993896484375 196.306243896484375 193.4875030517578125 190.78125 187.368743896484375 184.556243896484375 181.875 178.850006103515625 176.725006103515625 175.375 173.587493896484375 171.506256103515625 169.443756103515625 168.0749969482421875 167.587493896484375 167.306243896484375 169.587493896484375 172.5812530517578125 174.9812469482421875 175.274993896484375 176.2937469482421875 178.306243896484375 174.9187469482421875 170.037506103515625 172.1125030517578125 176.5812530517578125 178.9375 180.818756103515625
171.0437469482421875 167.2375030517578125 164.837493896484375 163.506256103515625 164.412506103515625 166.068756103515625 169 172.8312530517578125 177.056243896484375 181.3562469482421875 186.412506103515625 191.5625 196.3312530517578125 200.40625 201.5812530517578125 202.1374969482421875 201.287506103515625 197.975006103515625 196.1500091552734375 193.3874969482421875 189.6875 186.4875030517578125 183.743743896484375 180.3125 178.225006103515625 176.3625030517578125 174.381256103515625 172.3249969482421875 170.087493896484375 169.493743896484375 169.337493896484375 169.03125 171.806243896484375 175.600006103515625 177.7687530517578125 178.806243896484375 180.4187469482421875 182.568756103515625 178.350006103515625 175.118743896484375 178.4875030517578125 184.806243896484375 188.681243896484375 192.9499969482421875
171.625 167.2062530517578125 164.4375 163.212493896484375 162.662506103515625 163.493743896484375 165.125 167.59375 171.4812469482421875 176.34375 184.3625030517578125 189.7937469482421875 196.462493896484375 202.6687469482421875 203.931243896484375 203.912506103515625 202.3874969482421875 199.3874969482421875 196.962493896484375 194.193756103515625 190.3000030517578125 186.90625 183.649993896484375 180.774993896484375 178.40625 176.3562469482421875 174.337493896484375 171.943756103515625 169.912506103515625 170.6062469482421875 171.0187530517578125 171.506256103515625 173.1999969482421875 177.2937469482421875 181.212493896484375 184.118743896484375 185.806243896484375 186.993743896484375 184.9250030517578125 186.462493896484375 190.8000030517578125 196.5187530517578125 201.5625 206.3312530517578125
170.4875030517578125 166.475006103515625 164.15625 162.6374969482421875 160.5812530517578125 160.649993896484375 161.1062469482421875 162.5187530517578125 165.40625 170.681243896484375 178.0625 187.225006103515625 197.243743896484375 203.181243896484375 205.34375 204.993743896484375 203.4875030517578125 200.71875 197.149993896484375 194.806243896484375 190.65625 186.84375 183.462493896484375 179.818756103515625 177.8874969482421875 175.8625030517578125 173.350006103515625 170.943756103515625 169.4562530517578125 170.725006103515625 172.4562530517578125 174.125 176.8937530517578125 180.0124969482421875 184.9250030517578125 188.243743896484375 190.1437530517578125 191.943756103515625 193.15625 197.1062469482421875 201.21875 207.2624969482421875 214.287506103515625 220.4499969482421875
169.118743896484375 165.8625030517578125 162.818756103515625 161.118743896484375 158.5812530517578125 157.712493896484375 157.024993896484375 157.65625 159.125 164.09375 172.5187530517578125 183.875 196.4187469482421875 205.318756103515625 205.837493896484375 205.3874969482421875 204.118743896484375 201.068756103515625 197.6437530517578125 194.3000030517578125 190.412506103515625 186.0749969482421875 182.5 178.53125 176.4562530517578125 174.4499969482421875 172.368743896484375 170.6437530517578125 169.3125 170.9250030517578125 173.131256103515625 176.037506103515625 179.274993896484375 183.46875 187.7125091552734375 190.5500030517578125 192.912506103515625 197.181243896484375 200.399993896484375 204.9562530517578125 210.0812530517578125 215.6875 223.350006103515625 230.03125
166.774993896484375 163.78125 161.5124969482421875 159.03125 156.625 155.625 154.0124969482421875 153.381256103515625 153.8562469482421875 157.25 166.274993896484375 178.7312469482421875 192.818756103515625 202.1750030517578125 204.0500030517578125 203.912506103515625 202.693756103515625 200.1374969482421875 196.8000030517578125 193.15625 189.475006103515625 185.568756103515625 180.8562469482421875 177.243743896484375 174.912506103515625 172.537506103515625 170.5124969482421875 169.1437530517578125 168.1687469482421875 170.71875 173.381256103515625 176.681243896484375 180.2312469482421875 185.3249969482421875 188.9437408447265625 191.34375 196.4187469482421875 200.3625030517578125 204.243743896484375 208.8874969482421875 214.787506103515625 220.6687469482421875 225.6125030517578125 232.625
164.3874969482421875 161.868743896484375 159.743743896484375 157.506256103515625 155.21875 153.556243896484375 151.381256103515625 149.7375030517578125 148.756256103515625 149.181243896484375 159.2312469482421875 175.787506103515625 188.2624969482421875 196.2375030517578125 199.9187469482421875 201.3249969482421875 200.4812469482421875 198.243743896484375 194.6374969482421875 190.71875 186.96875 182.868743896484375 178.9250030517578125 175.03125 172.3125 170.181243896484375 168.318756103515625 167.3562469482421875 167.25 170.1750030517578125 173.756256103515625 176.78125 181.8125 187.09375 189.962493896484375 194.256256103515625 199.09375 204.2062530517578125 208.162506103515625 212.3125 217.743743896484375 221.65625 227.2062530517578125 234.337493896484375
162.118743896484375 160.09375 158.0187530517578125 156.0562591552734375 154.125 152.225006103515625 150.7687530517578125 148.9562530517578125 147.975006103515625 146.399993896484375 160.850006103515625 176.9499969482421875 186.162506103515625 193.024993896484375 196.631256103515625 198.5124969482421875 198 195.693756103515625 192.431243896484375 188.1437530517578125 183.993743896484375 179.1750030517578125 175.225006103515625 171.34375 169.3625030517578125 167.5437469482421875 165.7687530517578125 165.306243896484375 165.6374969482421875 169.375 172.6374969482421875 176.774993896484375 182.3000030517578125 187.2937469482421875 191.4187469482421875 195.1125030517578125 201.024993896484375 205.71875 210.9187469482421875 215.712493896484375 218.787506103515625 223.3000030517578125 226.912506103515625 232.09375
