data/historical-monthly-weather-data/wc2.1_cruts4.09_10m_prec_1957-12.asc
ncols        51
nrows        45
xllcorner    -63.500000000000
yllcorner    -7.500000000000
cellsize     0.166666666667
NODATA_value -9999
[rows 20 to 39 of 45, columns 0 to 43 of 51]
183.774993896484375 187.5812530517578125 190.0437469482421875 193.2375030517578125 197.149993896484375 200.90625 203.9812469482421875 206.6374969482421875 209.3625030517578125 210.493743896484375 209.65625 207.2937469482421875 204.149993896484375 199.2937469482421875 192.09375 183.631256103515625 175.399993896484375 167.837493896484375 162.3937530517578125 156.6374969482421875 148.7937469482421875 140.5187530517578125 133.350006103515625 131.8312530517578125 131.9812469482421875 131.850006103515625 131.8937530517578125 128.9812469482421875 124.1437530517578125 120.43125152587890625 118.50624847412109375 119.7062530517578125 119.4875030517578125 119.9812469482421875 121 123.1999969482421875 127.09999847412109375 131.181243896484375 132.90625 131.431243896484375 127.25 122.18125152587890625 118.6062469482421875 115.72499847412109375
180.693756103515625 184.03125 187.618743896484375 192.65625 197.5812530517578125 201.59375 205.5250091552734375 209.0187530517578125 211.5500030517578125 212.5 210.90625 207.9562530517578125 204.3312530517578125 199.0625 192.318756103515625 184.5500030517578125 176.9375 169.75 163.5625 157.4187469482421875 148.9812469482421875 141.693756103515625 136.2375030517578125 135 135.5625 137.350006103515625 140.2687530517578125 138.4875030517578125 134.6374969482421875 132.743743896484375 132.0500030517578125 132.84375 131.0500030517578125 130.524993896484375 130.181243896484375 131.4187469482421875 134.850006103515625 138.818756103515625 139.243743896484375 135.96875 131.4562530517578125 126.63124847412109375 122.74375152587890625 119.66249847412109375
178.243743896484375 182.90625 186.2687530517578125 191.4375 197.399993896484375 202.71875 206.837493896484375 211.2125091552734375 214.8562469482421875 214.787506103515625 212.3874969482421875 208.1875 204.7062530517578125 199.743743896484375 192.962493896484375 185.443756103515625 177.868743896484375 170.3874969482421875 163.9812469482421875 157.118743896484375 149.1875 142.274993896484375 136.962493896484375 136.1875 137.6750030517578125 141.3125 146.8874969482421875 146.625 143.8625030517578125 143.899993896484375 144.90625 146.1999969482421875 143.7937469482421875 141.2624969482421875 139.3562469482421875 138.381256103515625 141.5812530517578125 147.53125 147.118743896484375 142 136.306243896484375 131.1062469482421875 127 123.6999969482421875
176.868743896484375 180.7312469482421875 184.068756103515625 189.899993896484375 197.056243896484375 203.0124969482421875 208.381256103515625 212.7375030517578125 215.9375 215.1687469482421875 212.65625 209.2624969482421875 206 201.7312469482421875 194.725006103515625 187.068756103515625 179.618743896484375 172.34375 165.5124969482421875 158.350006103515625 149.7937469482421875 142.662506103515625 136.84375 136.587493896484375 138.243743896484375 141.9250030517578125 147.868743896484375 150.78125 151.875 154.03125 157.131256103515625 158.8937530517578125 156.71875 153.381256103515625 150.5625 147.25 149.0187530517578125 154.0500030517578125 153 147.243743896484375 140.5437469482421875 134.962493896484375 130.0124969482421875 126.0749969482421875
177.8874969482421875 180.399993896484375 183.1687469482421875 191.118743896484375 200.162506103515625 205.65625 210.3874969482421875 213.618743896484375 215.4812469482421875 215.3874969482421875 213.4250030517578125 210.149993896484375 207.0749969482421875 203.1125030517578125 196.4499969482421875 189 181.5187530517578125 174.368743896484375 167.243743896484375 159.806243896484375 150.7624969482421875 142.6125030517578125 136.4562530517578125 135.78125 137.9812469482421875 142.5124969482421875 149.1687469482421875 154.462493896484375 158.3937530517578125 163.337493896484375 168.568756103515625 171.756256103515625 169.993743896484375 166.4812469482421875 162.5 159.15625 159.3125 159.8312530517578125 157.493743896484375 152.212493896484375 145.1437530517578125 138.9812469482421875 132.9875030517578125 129.2687530517578125
183.1999969482421875 187.243743896484375 190.2624969482421875 197.662506103515625 204.693756103515625 209.181243896484375 212.318756103515625 214.399993896484375 215.568756103515625 214.90625 212.8874969482421875 210.6687469482421875 207.899993896484375 204.34375 198.287506103515625 191.15625 183.5 176.4375 169.25 161.556243896484375 152.9812469482421875 143.587493896484375 135.881256103515625 134.024993896484375 137.8249969482421875 143.806243896484375 152.0812530517578125 159.162506103515625 165.243743896484375 172.21875 179.131256103515625 185.09375 184.21875 179.943756103515625 175.743743896484375 171.431243896484375 169.5124969482421875 167.8000030517578125 164.287506103515625 158.850006103515625 151.4562530517578125 143.4562530517578125 135.8625030517578125 130.8125
191.25 195.9875030517578125 200.693756103515625 207.1062469482421875 212.59375 215.2687530517578125 216.037506103515625 216.3312530517578125 215.850006103515625 215.3249969482421875 214.3625030517578125 212.5812530517578125 210.0187530517578125 207.225006103515625 201.5812530517578125 195.149993896484375 188.024993896484375 181.037506103515625 173.818756103515625 165.5500030517578125 156.6999969482421875 147.068756103515625 138.4562530517578125 135.4812469482421875 140.75 147.5 156.6374969482421875 164.943756103515625 172.9812469482421875 180.899993896484375 189.431243896484375 196.9187469482421875 197.2687530517578125 192.6750030517578125 188 183.8000030517578125 180.475006103515625 177.6437530517578125 173.537506103515625 168.3249969482421875 160.899993896484375 150.881256103515625 140.493743896484375 134.087493896484375
200.7937469482421875 206.462493896484375 212.0500030517578125 217.7312469482421875 221.568756103515625 222.368743896484375 221.2687530517578125 219.0625 217.306243896484375 215.84375 214.287506103515625 213.118743896484375 212.1687469482421875 210.34375 205.2687530517578125 198.96875 192.743743896484375 185.681243896484375 178.75 170.7062530517578125 162.3562469482421875 153.6062469482421875 146.8625030517578125 145.21875 148.6687469482421875 154.524993896484375 163.1999969482421875 171.712493896484375 180.2687530517578125 188.7375030517578125 197.431243896484375 204.8000030517578125 205.1062469482421875 202.131256103515625 198.318756103515625 194.399993896484375 191.21875 188.375 184.625 180.1437530517578125 173.3312530517578125 161.850006103515625 146.587493896484375 138.712493896484375
209.7624969482421875 216.662506103515625 223.2375030517578125 229.5124969482421875 231.7624969482421875 229.381256103515625 225.6374969482421875 221.693756103515625 218.7624969482421875 216.0437469482421875 214.600006103515625 214.475006103515625 214.212493896484375 213.506256103515625 208.7624969482421875 203.881256103515625 198.3000030517578125 191.7312469482421875 184.912506103515625 177.2624969482421875 169.6374969482421875 162.100006103515625 156.8874969482421875 155.681243896484375 158.34375 163.256256103515625 171.368743896484375 179.881256103515625 188.693756103515625 196.618743896484375 204.693756103515625 211.3625030517578125 211.84375 209.6687469482421875 207.212493896484375 204.381256103515625 202.125 199.475006103515625 195.618743896484375 192.056243896484375 187.256256103515625 173.8937530517578125 157.7937469482421875 151.743743896484375
220.46875 227.4375 235.118743896484375 242.5437469482421875 245.2062530517578125 238.1750030517578125 230.7937469482421875 224.9499969482421875 220.625 216.943756103515625 215.1875 214.993743896484375 216.1687469482421875 216.787506103515625 213.368743896484375 209.0749969482421875 204.787506103515625 199.993743896484375 193.6125030517578125 185.9499969482421875 178.4875030517578125 171.7562408447265625 166.59375 166.1374969482421875 168.6750030517578125 173.25 179.9250030517578125 188.431243896484375 196.65625 204.03125 211.337493896484375 217.3625030517578125 219.0437469482421875 218.162506103515625 217.1687469482421875 215.149993896484375 213.8625030517578125 211.9250030517578125 208.6125030517578125 204.9187469482421875 199.34375 189.931243896484375 177.9250030517578125 172.8249969482421875
229.806243896484375 236.412506103515625 243.100006103515625 250.28125 251.649993896484375 242.0749969482421875 233.1125030517578125 225.493743896484375 220.149993896484375 217.03125 215.256256103515625 215.7937469482421875 217.875 219.1374969482421875 216.78125 214.1875 211.962493896484375 207.25 202.274993896484375 195 187.600006103515625 181.1875 176.6125030517578125 176.4499969482421875 178.7062530517578125 182.756256103515625 189.1437530517578125 197.0625 204.8000030517578125 211.8625030517578125 218.3000030517578125 223.7375030517578125 225.8249969482421875 226.631256103515625 226.774993896484375 226.1437530517578125 226.1750030517578125 225.25 221.9187469482421875 217.3000030517578125 212.90625 206.943756103515625 199.3562469482421875 193.068756103515625
238 242.600006103515625 246.9812469482421875 249.475006103515625 247.649993896484375 240.225006103515625 231.8562469482421875 223.568756103515625 218.6750030517578125 215.318756103515625 214.0437469482421875 215.8562469482421875 218.993743896484375 221.149993896484375 220.850006103515625 219.8125 217.4499969482421875 212.9812469482421875 208.1750030517578125 201.7687530517578125 195.5749969482421875 189.7937469482421875 185.306243896484375 185.4875030517578125 188.71875 192.431243896484375 198.131256103515625 205.681243896484375 213.2375030517578125 219.868743896484375 225.568756103515625 230.618743896484375 232.475006103515625 234.375 236.2062530517578125 237.6062469482421875 238.0812530517578125 237.806243896484375 235.0812530517578125 231.5 229.9250030517578125 227.868743896484375 224.9562530517578125 222.368743896484375
246.556243896484375 248.131256103515625 248.9749908447265625 249.5 246.78125 239.6999969482421875 231.0625 222.631256103515625 217.256256103515625 214.149993896484375 214.8562469482421875 217.2937469482421875 221.5749969482421875 225.7624969482421875 226.318756103515625 225.712493896484375 223.59375 220.037506103515625 214.1750030517578125 208.3249969482421875 202.8937530517578125 198.037506103515625 193.9562530517578125 194.149993896484375 197.256256103515625 201.399993896484375 206.9875030517578125 213.412506103515625 221.0812530517578125 227.162506103515625 233.0749969482421875 238.1875 241.162506103515625 244.131256103515625 247.274993896484375 249.6125030517578125 251.443756103515625 252.6875 251.34375 252.125 252.65625 254.287506103515625 257.34375 263.475006103515625
254.1999969482421875 253.087493896484375 252.1687469482421875 250.09375 245.306243896484375 238.0124969482421875 229.8625030517578125 221.4499969482421875 215.381256103515625 211.993743896484375 212.5812530517578125 218.131256103515625 224.462493896484375 229 231.100006103515625 231.21875 230.337493896484375 226.868743896484375 220.65625 214.96875 210.056243896484375 205.3312530517578125 201.2937469482421875 201.912506103515625 204.6999969482421875 208.712493896484375 214.806243896484375 221.53125 229.34375 234.6875 240.3125 245.9812469482421875 249.9875030517578125 254.2375030517578125 258.10626220703125 261.350006103515625 264.98126220703125 266.681243896484375 268.962493896484375 272.61248779296875 276.29376220703125 281.5 289.45001220703125 302.28125
260.78125 258.10626220703125 255.3125 250.8625030517578125 245.1437530517578125 237.0749969482421875 228.1999969482421875 219.4375 211.8312530517578125 208.4187469482421875 210.6125030517578125 218.443756103515625 227.9312591552734375 234.962493896484375 237.881256103515625 238.6750030517578125 237.756256103515625 233.7312469482421875 228.0500030517578125 221.34375 217.28125 212.1750030517578125 209 209.4250030517578125 211.681243896484375 215.712493896484375 221.7624969482421875 228.9187469482421875 236.568756103515625 241.931243896484375 247.5437469482421875 253.3125 258.57501220703125 264.25 269.14373779296875 272.662506103515625 276.568756103515625 281.306243896484375 286.26873779296875 291.17498779296875 297.64373779296875 305.181243896484375 315.70001220703125 330.51251220703125
267.043731689453125 263.28125 258.85626220703125 253.368743896484375 246.3625030517578125 237.912506103515625 227.90625 217.7687530517578125 208.8249969482421875 203.90625 208.28125 220.256256103515625 233.587493896484375 242.274993896484375 246.056243896484375 247.037506103515625 245.8125 241.5500030517578125 234.993743896484375 227.90625 223.6750030517578125 219.774993896484375 215.96875 216.09375 218.3562469482421875 221.587493896484375 227.4875030517578125 234.1062469482421875 241.21875 247.2937469482421875 253.7937469482421875 259.71875 266.21875 272.3125 277.86248779296875 281.29376220703125 287.287506103515625 292.743743896484375 298.243743896484375 304.54998779296875 312.193756103515625 321.743743896484375 332.287506103515625 346.412506103515625
272.774993896484375 268.40625 263.23748779296875 257.29998779296875 250.131256103515625 241.524993896484375 231.7687530517578125 220.1875 208.1687469482421875 198.46875 207.556243896484375 228.381256103515625 242.71875 250.662506103515625 254.7312469482421875 255.59375 254.3937530517578125 249.375 242.899993896484375 235.537506103515625 230.8000030517578125 226.3937530517578125 222.568756103515625 222.3312530517578125 223.693756103515625 226.662506103515625 231.7375030517578125 238.743743896484375 246.068756103515625 252.7624969482421875 259.57501220703125 266.068756103515625 273.28125 280.67498779296875 286.681243896484375 292.01873779296875 298.056243896484375 303.699981689453125 308.618743896484375 315.21875 323.0625 332.868743896484375 343.73126220703125 357.14373779296875
277.881256103515625 273.587493896484375 268.568756103515625 262.493743896484375 256.04376220703125 247.4187469482421875 238.787506103515625 228.21875 216.9187469482421875 204.71875 225.96875 248.96875 257.95623779296875 262.65625 265.21875 265.5 263.26873779296875 258.17498779296875 250.693756103515625 243.287506103515625 237.193756103515625 232.149993896484375 228.5 227.712493896484375 228.350006103515625 230.7687530517578125 236.462493896484375 243.03125 250.056243896484375 257.618743896484375 264.39373779296875 271.65625 279.63751220703125 287.850006103515625 294.618743896484375 300.45623779296875 306.40625 311.66876220703125 317.3125 323.493743896484375 330.58123779296875 339.912506103515625 349.70623779296875 361.76251220703125
282.54998779296875 278.11248779296875 273.73748779296875 268.625 262.46875 255.162506103515625 248.306243896484375 242.2624969482421875 239.087493896484375 246.1999969482421875 272.07501220703125 275.881256103515625 275.5 276.54376220703125 277.08123779296875 276.274993896484375 273.26873779296875 266.631256103515625 258.5 250.21875 242.9875030517578125 236.6687469482421875 232.4499969482421875 231.537506103515625 232.2375030517578125 234.3937530517578125 239.100006103515625 245.3874969482421875 251.9562530517578125 259.5625 267.15625 273.162506103515625 280.65625 288.125 295.86248779296875 301.5625 306.98126220703125 312.087493896484375 316.90625 321.993743896484375 328.82501220703125 336.04376220703125 343.70623779296875 352.91876220703125
288.45001220703125 283.912506103515625 279.868743896484375 275.35626220703125 270.368743896484375 265.57501220703125 261.48126220703125 260.16876220703125 262.056243896484375 271.03125 285.681243896484375 291.32501220703125 290.63751220703125 290.51251220703125 290.23748779296875 287.95623779296875 283.787506103515625 276.850006103515625 267.16876220703125 257.649993896484375 247.8125 239.7062530517578125 234.3874969482421875 232.7687530517578125 234.225006103515625 237.0124969482421875 241.9875030517578125 247.9562530517578125 253.868743896484375 261.587493896484375 268.32501220703125 275.26251220703125 282.65625 289.25 295.631256103515625 300.056243896484375 305.6875 310.21875 314.1875 317.96875 322.806243896484375 328.725006103515625 335.225006103515625 342.29998779296875
