data/historical-monthly-weather-data/wc2.1_cruts4.09_10m_prec_2011-02.asc
ncols        45
nrows        45
xllcorner    -63.500000000000
yllcorner    -7.500000000000
cellsize     0.166666666667
NODATA_value -9999
[rows 0 to 19 of 45, columns 0 to 44 of 45]
240.212493896484375 240.912506103515625 238.1750030517578125 239.34375 237.318756103515625 239.962493896484375 240.3562469482421875 236.693756103515625 231.6750030517578125 230.7687530517578125 235.0812530517578125 235.056243896484375 233.3625030517578125 223.587493896484375 214.0625 204.7312469482421875 196.962493896484375 185.337493896484375 178.993743896484375 174.181243896484375 174.087493896484375 174.7312469482421875 177.2375030517578125 178.600006103515625 180.6374969482421875 182.943756103515625 183.337493896484375 183.2937469482421875 184.15625 188.006256103515625 193.4250030517578125 199.5812530517578125 205.693756103515625 212.625 220.5812530517578125 228.2937469482421875 234.0500030517578125 239.056243896484375 243.65625 246.0124969482421875 249.5187530517578125 250.9562530517578125 250.1437530517578125 252.5812530517578125 250.9812469482421875
248.5187530517578125 249.0187530517578125 249.7937469482421875 249.5500030517578125 250.5124969482421875 256.868743896484375 259.54376220703125 263.024993896484375 264.91876220703125 265.73748779296875 267.368743896484375 262.868743896484375 256.88751220703125 247.806243896484375 235.875 223.6687469482421875 213.0124969482421875 200.524993896484375 190.96875 182.9187469482421875 181.7062530517578125 182.84375 185.0187530517578125 186.181243896484375 187.1750030517578125 189.5124969482421875 189.84375 190.8312530517578125 192.1875 197.9375 204.243743896484375 213.368743896484375 221.4375 230.899993896484375 239.5812530517578125 247.4812469482421875 253.806243896484375 258.5625 262.78125 264.92498779296875 267.76873779296875 268.287506103515625 266.36248779296875 267.25 264.70001220703125
254.875 255.9375 257.29998779296875 259.04376220703125 262.66876220703125 270.368743896484375 279.01251220703125 289.318756103515625 297.012481689453125 299.681243896484375 298.787506103515625 291.306243896484375 281.95623779296875 270.006256103515625 254.9187469482421875 240.1687469482421875 226.868743896484375 215.7062530517578125 206.25 198.9250030517578125 198.3125 201.318756103515625 203.068756103515625 203.4562530517578125 205.34375 205.725006103515625 205.662506103515625 206.65625 206.681243896484375 212.3125 220.75 230.1999969482421875 239.9250030517578125 248.850006103515625 259.443756103515625 266.162506103515625 273.162506103515625 279.681243896484375 282.5 284.3125 286.1875 285.11248779296875 282.399993896484375 279.85626220703125 277.63751220703125
257.712493896484375 259.61248779296875 264.037506103515625 268.006256103515625 276.993743896484375 285.524993896484375 298.506256103515625 314.693756103515625 328.36248779296875 335.3125 332.46875 319.53125 304.20001220703125 288.743743896484375 271.91876220703125 255.287506103515625 240.649993896484375 228.649993896484375 221.4187469482421875 218.2375030517578125 219.7062530517578125 222.4875030517578125 223.6999969482421875 223.618743896484375 223.7937469482421875 223.399993896484375 223.774993896484375 223.600006103515625 222.931243896484375 229.7937469482421875 237.9875030517578125 249.6437530517578125 258.9375 269.149993896484375 279.149993896484375 287.475006103515625 294.79998779296875 300.993743896484375 304.75 306.48126220703125 305.73748779296875 303.181243896484375 299.25 294.337493896484375 290.91876220703125
266.100006103515625 265.056243896484375 267.38751220703125 274.368743896484375 286.118743896484375 298.693756103515625 313.368743896484375 335.4375 358.23126220703125 372.475006103515625 361.875 341.20001220703125 324.4375 307.83123779296875 287.88751220703125 269.88751220703125 254.6875 242.7375030517578125 238.662506103515625 238.5625 241.787506103515625 243.46875 245.462493896484375 244.9562530517578125 243.5 242.5187530517578125 240.149993896484375 238.587493896484375 240.1687469482421875 248.131256103515625 257.64373779296875 268.09375 279.556243896484375 290.8125 301.212493896484375 309.962493896484375 318.73748779296875 325.875 329.4375 329.024993896484375 327.98126220703125 322.32501220703125 315.381256103515625 308.868743896484375 302.29376220703125
271.20001220703125 272.193756103515625 273.556243896484375 278.90625 290.29998779296875 306.100006103515625 324.399993896484375 347.587493896484375 373.568756103515625 393.79998779296875 378.57501220703125 356.42498779296875 339.943756103515625 324.64373779296875 306.412506103515625 290.931243896484375 275.33123779296875 265.48748779296875 264.274993896484375 266.268768310546875 267.5 268.59375 269.66876220703125 267.5 264.399993896484375 263.5 261.443756103515625 259.037506103515625 259.318756103515625 267.131256103515625 276.75 287.29998779296875 297.58123779296875 311.712493896484375 323.743743896484375 332.76873779296875 342.36248779296875 350.10626220703125 354.66876220703125 353.67498779296875 348.975006103515625 341.181243896484375 332.662506103515625 324.225006103515625 313.26251220703125
276.73748779296875 278.07501220703125 280.787506103515625 284.300018310546875 294.35626220703125 308.79376220703125 326.631256103515625 345.35626220703125 364.82501220703125 375.087493896484375 373.28125 361.4375 349.193756103515625 337.45623779296875 324.125 311.78125 301.412506103515625 297.84375 298.15625 297.73748779296875 294.725006103515625 294.11248779296875 292.0625 288.60626220703125 287.79376220703125 285.487518310546875 283.26251220703125 281.58123779296875 279.39373779296875 286.04998779296875 296.83123779296875 307.35626220703125 319.14373779296875 330.243743896484375 342.631256103515625 354.51873779296875 364.25 373.556243896484375 380.26251220703125 378.36248779296875 369.65625 360.51873779296875 351.118743896484375 340.76873779296875 327.10626220703125
281.212493896484375 281.125 283.96875 290.524993896484375 300.118743896484375 311.618743896484375 324.08123779296875 335.54376220703125 344.306243896484375 352.79998779296875 361.725006103515625 361.70001220703125 356.70001220703125 347.912506103515625 339.056243896484375 331.712493896484375 325.899993896484375 328.71875 333.306243896484375 329.11248779296875 321.38751220703125 317.625 313.899993896484375 310.868743896484375 309.875 307.40625 304.98126220703125 302.09375 300.850006103515625 306.943756103515625 315.32501220703125 326.60626220703125 338.381256103515625 350.712493896484375 362.712493896484375 373.54998779296875 383.943756103515625 393.11248779296875 397.98748779296875 396.600006103515625 389.58123779296875 380.91876220703125 371.04376220703125 358.556243896484375 345.693756103515625
286.92498779296875 287.256256103515625 290.100006103515625 296.756256103515625 304.850006103515625 313.01873779296875 323.350006103515625 330.806243896484375 333.34375 340.631256103515625 354.23126220703125 361.368743896484375 361.418731689453125 356.9375 351.95623779296875 349.82501220703125 347.61248779296875 350.193756103515625 355.4375 349.9375 339.506256103515625 334.806243896484375 331.45623779296875 331.756256103515625 330.962493896484375 328.29998779296875 324.412506103515625 321.037506103515625 320.13751220703125 325.118743896484375 333.287506103515625 343.8125 355.006256103515625 366.33123779296875 377.91876220703125 389.649993896484375 400.36248779296875 409.618743896484375 415.58123779296875 415.42498779296875 409.5625 402.01251220703125 393.89373779296875 382.962493896484375 371.98126220703125
292.131256103515625 292.9375 296.556243896484375 301.975006103515625 308.48126220703125 315.51251220703125 325.61248779296875 332.9375 339.587493896484375 347.91876220703125 360.48748779296875 365.26251220703125 368.3125 365.20623779296875 365.09375 364.881256103515625 364.600006103515625 365.631256103515625 364.73748779296875 360.79998779296875 352.86248779296875 349.70623779296875 348.95001220703125 352.79998779296875 352.475006103515625 349.225006103515625 345.600006103515625 340.48748779296875 340.087493896484375 344.39373779296875 349.82501220703125 358.46875 369.70623779296875 382.443756103515625 394.79376220703125 406.04376220703125 416.881256103515625 424.912506103515625 430.975006103515625 433.375 431.26251220703125 425.818756103515625 417.61248779296875 406.01251220703125 397.881256103515625
295.79376220703125 296.79376220703125 300.46875 305.4375 310.875 317.95001220703125 327.54376220703125 337.51251220703125 346.75 357.068756103515625 369.98748779296875 375.67498779296875 377.149993896484375 374.76251220703125 376.931243896484375 378.912506103515625 378.993743896484375 376.41876220703125 372.4375 368.899993896484375 361.5 359.918731689453125 364.256256103515625 367.493743896484375 372.98126220703125 369.57501220703125 364.20623779296875 360.1875 357.73748779296875 360.212493896484375 365.48748779296875 372.662506103515625 383.01251220703125 395.67498779296875 409.993743896484375 422.149993896484375 431.01873779296875 440.625 446.98126220703125 449.306243896484375 449.03125 444.28125 437.65625 427.61248779296875 419.462493896484375
299.59375 300.66876220703125 303.73748779296875 309.087493896484375 315.20623779296875 322.33123779296875 331.912506103515625 344.225006103515625 354.04998779296875 365.08123779296875 378.931243896484375 388.01873779296875 389.29376220703125 387.131256103515625 389.493743896484375 389.57501220703125 388.725006103515625 383.087493896484375 376.068756103515625 369.95623779296875 362.431243896484375 363.774993896484375 374.431243896484375 384.743743896484375 390.368743896484375 384.96875 378.100006103515625 373.375 371.08123779296875 374.13751220703125 378.32501220703125 383.287506103515625 393.524993896484375 405.399993896484375 419 431.6875 443.51873779296875 453.98748779296875 461.15625 464.881256103515625 466.41876220703125 461.037506103515625 450.82501220703125 437.162506103515625 426.51873779296875
299.70001220703125 301.9375 306.17498779296875 311.54998779296875 319.13751220703125 327.162506103515625 337.85626220703125 349.524993896484375 359.1875 371.899993896484375 385.51873779296875 397.26873779296875 400.912506103515625 398.14373779296875 399.225006103515625 397.48748779296875 395.38751220703125 389.85626220703125 383.375 375.306243896484375 364.26873779296875 368.23126220703125 382.712493896484375 393.381256103515625 396.100006103515625 392.087493896484375 388.618743896484375 384.975006103515625 382.51251220703125 385.149993896484375 388.73126220703125 392.71875 400.57501220703125 412.45001220703125 426.056243896484375 438.23748779296875 450.337493896484375 464.068756103515625 473.29998779296875 478.756256103515625 483.256256103515625 475.743743896484375 459.14373779296875 441.149993896484375 426.506256103515625
298.33123779296875 301.350006103515625 306.33123779296875 312.662506103515625 321.39373779296875 329.837493896484375 341.71875 353.756256103515625 364.037506103515625 375.381256103515625 387.36248779296875 398.60626220703125 404.79998779296875 406.98748779296875 405.493743896484375 404.35626220703125 400.70001220703125 396.631256103515625 390.662506103515625 385.78125 380.84375 384.056243896484375 393.75 399.068756103515625 400.57501220703125 398.36248779296875 396.962493896484375 394.162506103515625 392.899993896484375 393.212493896484375 395.868743896484375 398.25 405.068756103515625 416.54998779296875 429.181243896484375 442.48126220703125 457.67498779296875 473.475006103515625 486.01873779296875 492.75 493.881256103515625 479.087493896484375 463.28125 447.73748779296875 434.04998779296875
297.78125 300.774993896484375 306.706268310546875 315.09375 323.28125 333.04998779296875 346.037506103515625 357.76873779296875 368.625 379.462493896484375 389.34375 401.037506103515625 408.23126220703125 411.556243896484375 410.568756103515625 407.98126220703125 405.131256103515625 401.25 397.462493896484375 395.956268310546875 394.537506103515625 396.48748779296875 403.26251220703125 406.34375 406.625 407.0625 406.25 403.137481689453125 401.38751220703125 401.26873779296875 400.26873779296875 399.39373779296875 405.48126220703125 414.26251220703125 426.193756103515625 438.912506103515625 457.46875 477.54376220703125 491.6875 497.243743896484375 491.681243896484375 480.649993896484375 468.64373779296875 453.381256103515625 438.63751220703125
295.649993896484375 298.90625 305.78125 314.91876220703125 324.712493896484375 335.100006103515625 348.08123779296875 359.3125 370.90625 383.04376220703125 393.337493896484375 405.59375 413.9375 417.0625 415.38751220703125 409.5374755859375 408.45623779296875 407.38751220703125 406.07501220703125 406.53125 405.45623779296875 407.14373779296875 412.131256103515625 415.66876220703125 414.618743896484375 413.70001220703125 411.95001220703125 410.54998779296875 410.256256103515625 409.14373779296875 406.962493896484375 401.90625 401.84375 406.631256103515625 414.33123779296875 428.712493896484375 450.431243896484375 475.89373779296875 495.587493896484375 501.743743896484375 495.01873779296875 482.5 469.475006103515625 454.6875 438.3125
290.64373779296875 295.806243896484375 303.32501220703125 313.274993896484375 324.42498779296875 335.38751220703125 348.399993896484375 360.67498779296875 372.79376220703125 385.774993896484375 398.20001220703125 412.08123779296875 422.33123779296875 426.70623779296875 423.693756103515625 416.824981689453125 412.100006103515625 410.4375 410.11248779296875 412.51251220703125 414.25 416.774993896484375 420.29998779296875 423.29998779296875 423.48748779296875 419.51873779296875 415.71875 416.23748779296875 418.20623779296875 418.39373779296875 413.90625 405.375 399.506256103515625 394.712493896484375 399.149993896484375 413.15625 436.46875 471.01873779296875 502.70001220703125 502.850006103515625 490.41876220703125 477.91876220703125 463.462493896484375 449.20623779296875 435.350006103515625
283.32501220703125 290.15625 300.03125 311.868743896484375 323.943756103515625 335.75 349.51873779296875 362.64373779296875 375.04376220703125 387.868743896484375 401.881256103515625 419.118743896484375 433.20001220703125 438.45001220703125 435.462493896484375 428.225006103515625 417.837493896484375 409.774993896484375 411.75 414.162506103515625 420.0625 422.79376220703125 423.587493896484375 423.96875 424 421.524993896484375 416.83123779296875 419.79376220703125 424.45001220703125 425.53125 418.78125 400.61248779296875 389.662506103515625 380.51251220703125 378.71875 387.256256103515625 417.068756103515625 452.25 481.350006103515625 486.85626220703125 476.39373779296875 465.13751220703125 453.5 442.29998779296875 430.399993896484375
274.975006103515625 283.75 294.868743896484375 307.006256103515625 320.618743896484375 334.774993896484375 348.45001220703125 363.32501220703125 377.03125 389.60626220703125 405.04376220703125 423.431243896484375 441.09375 452.60626220703125 447.056243896484375 434.0625 420.524993896484375 408.431243896484375 406.537506103515625 410.556243896484375 419.631256103515625 424.57501220703125 420.193756103515625 420.399993896484375 421.53125 422.67498779296875 421.88751220703125 425.243743896484375 431.71875 434.587493896484375 427.943756103515625 404.662506103515625 385.21875 365.5625 355.037506103515625 365.07501220703125 394.806243896484375 427.506256103515625 453.01251220703125 461.20001220703125 457.818756103515625 448.45001220703125 440.92498779296875 433.537506103515625 423.818756103515625
266.868743896484375 275.837493896484375 287.818756103515625 300.931243896484375 316.48748779296875 331.975006103515625 347.61248779296875 361.96875 375.743743896484375 388.743743896484375 403.274993896484375 422.79376220703125 445.162506103515625 464.73126220703125 454.60626220703125 431.962493896484375 412.831268310546875 402.83123779296875 400.16876220703125 403.587493896484375 408.01873779296875 410.39373779296875 413.5 414.86248779296875 417.399993896484375 420.40625 423.693756103515625 430.13751220703125 434.54998779296875 435.212493896484375 424.912506103515625 405.40625 379.51873779296875 351.16876220703125 331.09375 345.037506103515625 379.95001220703125 412.60626220703125 434.181243896484375 443.399993896484375 440.537506103515625 432.36248779296875 430.587493896484375 427.3125 419.962493896484375
