data/historical-monthly-weather-data/wc2.1_cruts4.09_10m_prec_2000-08.asc
ncols        45
nrows        45
xllcorner    -63.500000000000
yllcorner    -7.500000000000
cellsize     0.166666666667
NODATA_value -9999
[rows 19 to 37 of 45, columns 0 to 43 of 45]
90.1999969482421875 93.8625030517578125 99.3000030517578125 106.00624847412109375 111.49375152587890625 117.0812530517578125 121.3125 124.21875 127.59999847412109375 128.243743896484375 127.4187469482421875 124.00624847412109375 115.65625 106.59375 100.1437530517578125 92.91249847412109375 82.8125 82.31874847412109375 85.57500457763671875 93.8125 98.1062469482421875 107.59999847412109375 125.5437469482421875 139.2312469482421875 148.4250030517578125 151.368743896484375 149.056243896484375 141.6999969482421875 130.3625030517578125 114.31874847412109375 107.1687469482421875 118.97499847412109375 130.1687469482421875 144.2624969482421875 159.318756103515625 165.787506103515625 168.118743896484375 168.8000030517578125 161.0437469482421875 147.5812530517578125 129.756256103515625 116.8000030517578125 107.1062469482421875 98.38124847412109375
84.6125030517578125 90.5437469482421875 98.1875 105.5 110.13124847412109375 115.56874847412109375 121.03125 125.2687530517578125 129.225006103515625 130.0187530517578125 130.337493896484375 128.8000030517578125 120.08750152587890625 110.4187469482421875 102.0437469482421875 94.5749969482421875 86.5124969482421875 82.6875 87.8000030517578125 93.78749847412109375 103.80625152587890625 116.5500030517578125 131.0124969482421875 145.100006103515625 158.09375 158.46875 148.7375030517578125 140.7312469482421875 132.96875 126.462493896484375 123.71875 128.59375 134.0625 142.131256103515625 155.431243896484375 160.662506103515625 165.6875 166.1687469482421875 156.9875030517578125 145.28125 129.2624969482421875 118.2375030517578125 109.31874847412109375 99.78749847412109375
81.9562530517578125 86.72499847412109375 95.21250152587890625 104.3249969482421875 111.1062469482421875 115.72499847412109375 122.47499847412109375 125.7312469482421875 130.6875 131.6062469482421875 134.7375030517578125 137.5625 136.556243896484375 127.875 117.78125 105.8125 100.56874847412109375 97.375 100.1062469482421875 105.5749969482421875 109.3125 119.41249847412109375 133.5500030517578125 145.743743896484375 154.4875030517578125 157.5625 159.5187530517578125 150.3125 143.931243896484375 136.568756103515625 131.712493896484375 130.649993896484375 134.162506103515625 140.9187469482421875 146.0124969482421875 151.2624969482421875 159.0500030517578125 163.131256103515625 156.0500030517578125 143.9187469482421875 129.256256103515625 118.28125 107.86875152587890625 101.21250152587890625
79.6374969482421875 87.25624847412109375 97.05625152587890625 105.3249969482421875 113.1999969482421875 118.2937469482421875 121.75624847412109375 124.53125 131.34375 137.350006103515625 144.5625 151.212493896484375 155.78125 148.899993896484375 135.412506103515625 121.94374847412109375 112.40000152587890625 109.1750030517578125 110.4875030517578125 113.49375152587890625 117.7062530517578125 126.90000152587890625 138.337493896484375 142.6750030517578125 153.774993896484375 161.5749969482421875 162.693756103515625 158.631256103515625 149.806243896484375 138.78125 132.3625030517578125 130.912506103515625 132.90625 134.8125 136.350006103515625 135.4812469482421875 143.3312530517578125 154.84375 152.6750030517578125 140.4875030517578125 128.3562469482421875 116.68125152587890625 106.78749847412109375 99.88124847412109375
80.3249969482421875 89.65000152587890625 100.06874847412109375 105.72499847412109375 111.875 117.2062530517578125 122.6687469482421875 127.8937530517578125 130.943756103515625 138.993743896484375 147.9187469482421875 161.056243896484375 169.475006103515625 161.6062469482421875 148.4499969482421875 135.368743896484375 126.02500152587890625 121.46250152587890625 120.90625 123.7312469482421875 127.66249847412109375 134.9250030517578125 141.96875 148.431243896484375 155.5812530517578125 159.274993896484375 163.287506103515625 155.5 148.712493896484375 140.2312469482421875 134.4187469482421875 130.850006103515625 131.75 129.5625 128.8312530517578125 125.71875 131.6750030517578125 143.4499969482421875 143.6999969482421875 133.931243896484375 122.9375 113.2062530517578125 103.8000030517578125 96.40000152587890625
82.80625152587890625 92.36875152587890625 101.80625152587890625 109.1875 115.4250030517578125 119.6437530517578125 123.59999847412109375 128.96875 134.40625 142.506256103515625 149.6750030517578125 159.350006103515625 166.5812530517578125 162.556243896484375 153.4250030517578125 144.1875 136.5749969482421875 131.53125 130.0124969482421875 132.1750030517578125 135.943756103515625 140.7624969482421875 146.556243896484375 151.493743896484375 154.274993896484375 159.693756103515625 157.368743896484375 151.006256103515625 144.881256103515625 138.381256103515625 132.056243896484375 127.5 127.73749542236328125 127.6687469482421875 125.86875152587890625 122.8249969482421875 127.59375 131.9375 131.6125030517578125 125.84999847412109375 117.05625152587890625 109.65000152587890625 101.78749847412109375 95.5625
87.1437530517578125 96.8125 102.9875030517578125 111.0812530517578125 115.3000030517578125 119.34999847412109375 123.3562469482421875 129.912506103515625 133.287506103515625 138.9250030517578125 146.256256103515625 154.0625 159.6374969482421875 156.4812469482421875 152.9250030517578125 146 141.212493896484375 138.131256103515625 135.4187469482421875 138.34375 142.256256103515625 145.149993896484375 151.037506103515625 151.75 152.59375 154.993743896484375 152.993743896484375 146.9499969482421875 142.0124969482421875 136.7375030517578125 130.0124969482421875 125.5625 124.0500030517578125 123.2312469482421875 121.3625030517578125 121.4250030517578125 123.6374969482421875 123.9375 123.7687530517578125 117.5 111.14374542236328125 105.0187530517578125 99.44374847412109375 94.9375
89.88124847412109375 96.75624847412109375 103.1875 109.2687530517578125 113.5187530517578125 117.2687530517578125 122.6687469482421875 126.8312530517578125 128.962493896484375 136.3312530517578125 143.90625 147.568756103515625 151.34375 150.806243896484375 150.1687469482421875 145.96875 143.59375 140.4562530517578125 139.65625 139.4562530517578125 140.318756103515625 144.318756103515625 147.4375 149.75 149.631256103515625 147.3249969482421875 146.631256103515625 141.46875 135.649993896484375 129.600006103515625 125.2312469482421875 119.75 119.78749847412109375 119.65625 117.4187469482421875 117.5500030517578125 116.6999969482421875 116.94374847412109375 114.3937530517578125 108.96875 103.46875 99.24375152587890625 97.2062530517578125 92.4875030517578125
93.84999847412109375 95.9375 101.71875 107.2375030517578125 111.9250030517578125 114.2937469482421875 118.9562530517578125 123.28749847412109375 127.0500030517578125 132.96875 137 140.006256103515625 143.556243896484375 145.9187469482421875 144.8937530517578125 143.712493896484375 143.9375 141.475006103515625 140.743743896484375 139.7062530517578125 140.5 140.0124969482421875 144.8562469482421875 145.625 143.8249969482421875 139.681243896484375 138.4499969482421875 134.774993896484375 130.087493896484375 124.86875152587890625 119.24375152587890625 113.80625152587890625 114.2624969482421875 113.5500030517578125 114.3312530517578125 112.66249847412109375 110.3000030517578125 109.49375152587890625 107.8937530517578125 104.2375030517578125 99.1374969482421875 97.0437469482421875 95.71250152587890625 95.1875
94.72499847412109375 97.81874847412109375 101.1687469482421875 105.7062530517578125 107.56874847412109375 110.0812530517578125 112.9562530517578125 115.63124847412109375 122.3125 126.2312469482421875 130.15625 132.806243896484375 136.0749969482421875 139.71875 140.631256103515625 140.8312530517578125 143.2624969482421875 142.181243896484375 141.1187591552734375 140.600006103515625 140.21875 139.256256103515625 141.712493896484375 139.8000030517578125 138.2312469482421875 132.84375 131.625 127.34999847412109375 122.3625030517578125 117.58750152587890625 112.15625 108.11875152587890625 107.1687469482421875 106.21250152587890625 107.68125152587890625 108.3000030517578125 107.15000152587890625 106.34999847412109375 104.8874969482421875 100.49375152587890625 94.21875 93.18125152587890625 93.8874969482421875 96.1999969482421875
94.6437530517578125 97.6062469482421875 99.8249969482421875 101.0625 103.05625152587890625 105.5 107.2624969482421875 111.25 115.46250152587890625 118.1999969482421875 122.46875 126.27500152587890625 129.6437530517578125 132.7312469482421875 134.7937469482421875 136.1687469482421875 137.625 139.8312530517578125 142.2062530517578125 139.28125 137.818756103515625 138.4499969482421875 140.037506103515625 136.1125030517578125 131.6437530517578125 128.25 123.53749847412109375 118.61875152587890625 111.5187530517578125 107.25 103.70000457763671875 101.3312530517578125 100.6687469482421875 100.9562530517578125 102.56874847412109375 102.0500030517578125 104.09999847412109375 104.53749847412109375 102.2687530517578125 100.9375 97.68125152587890625 96.0749969482421875 93.96875 94.8937530517578125
94.0749969482421875 95.29999542236328125 95.1062469482421875 97.1125030517578125 101.0187530517578125 102.05625152587890625 103.80625152587890625 105.28749847412109375 108.02500152587890625 110.4499969482421875 113.3312530517578125 119.61875152587890625 125.41249847412109375 128.7687530517578125 129.0437469482421875 130.9562530517578125 135.350006103515625 138.162506103515625 141.7375030517578125 140.943756103515625 138.243743896484375 134.443756103515625 134.1875 129.537506103515625 123.9499969482421875 120.5187530517578125 113.7062530517578125 109.1999969482421875 103.5625 100.5 98.3000030517578125 95.6999969482421875 94.6750030517578125 95.5124969482421875 98.77500152587890625 98.1437530517578125 99.875 100.99375152587890625 101.7937469482421875 103.15625 100.5625 95.78749847412109375 92.40000152587890625 94.63124847412109375
92.74375152587890625 93.56874847412109375 92.7062530517578125 93.7062530517578125 97.3562469482421875 97.99375152587890625 98.59999847412109375 98.3937530517578125 101.09375 103.78125 106.4562530517578125 111.9187469482421875 116.46250152587890625 121.5749969482421875 123.83750152587890625 129.368743896484375 132.78125 134.899993896484375 136.5812530517578125 137.2937469482421875 135.1750030517578125 134.1062469482421875 130.5124969482421875 122.2687530517578125 116.88124847412109375 112.24375152587890625 105.63124847412109375 101.03125 95.06874847412109375 92.1374969482421875 91.36875152587890625 88.9875030517578125 88.74375152587890625 90.53749847412109375 91.1875 90.65625 92.6750030517578125 94.8125 96.86875152587890625 98.84375 96.9812469482421875 92.61875152587890625 91.15625 90.8562469482421875
89.25 89.1687469482421875 88.8562469482421875 90.21250152587890625 91.40000152587890625 91.3125 92.68125152587890625 93.1875 94.28749847412109375 97.18125152587890625 101.6999969482421875 105.5124969482421875 109.77500152587890625 116.53125 119.06874847412109375 124.56874847412109375 127.8249969482421875 130.587493896484375 131.537506103515625 131.868743896484375 129.475006103515625 127.27500152587890625 124.3249969482421875 119.5749969482421875 114.1125030517578125 107.6750030517578125 101.2624969482421875 93.56874847412109375 88.28125 84.9562530517578125 84.0124969482421875 81.5124969482421875 81.41249847412109375 82.4499969482421875 83.46875 83.2624969482421875 85.15625 86.71250152587890625 88.83750152587890625 90.90625 89.29375457763671875 87.0812530517578125 85.7312469482421875 84.65625
85.5 86.40625 85.81874847412109375 87.6374969482421875 85.5437469482421875 86.2312469482421875 88.09375 88.59375 88.8937530517578125 90.24375152587890625 92.94374847412109375 98.40000152587890625 104.91249847412109375 108.18125152587890625 112.6750030517578125 116.1875 121.0749969482421875 122.40000152587890625 122.65625 124.03749847412109375 122.61875152587890625 120.625 118.7937469482421875 113.28125 109.28125 103.97499847412109375 96.90625 88.46250152587890625 83.8874969482421875 80.84999847412109375 78.61875152587890625 75.4875030517578125 74.25 74.11875152587890625 75.6374969482421875 75.75624847412109375 77.3874969482421875 78.40625 80.5437469482421875 81.33750152587890625 82.3562469482421875 81.71875 80.28749847412109375 78.66249847412109375
82.84375 83.13124847412109375 82.9812469482421875 82.52500152587890625 81.80625152587890625 82.2687530517578125 83.34375 83.8874969482421875 82.3937530517578125 83.84999847412109375 85.9250030517578125 92.5749969482421875 97.7062530517578125 103.49375152587890625 107.5 111.7937469482421875 115.8562469482421875 116.52500152587890625 116.5749969482421875 117.75 116.84375 114.4187469482421875 111.41249847412109375 107.5749969482421875 103.1437530517578125 99.09999847412109375 91.86875152587890625 83.8874969482421875 79.34999847412109375 76.34375 72.28125 68.2937469482421875 67.18125152587890625 66.53125 67.28125 67.5124969482421875 67.8874969482421875 69.84375 72.2937469482421875 73.34999847412109375 73.6062469482421875 73.4250030517578125 73.4250030517578125 72.53125
80.4562530517578125 81.13124847412109375 80.2937469482421875 79.53749847412109375 79.28749847412109375 78.44374847412109375 78.46875 77.8000030517578125 77.1125030517578125 78.7687530517578125 82.1374969482421875 86.84375 92.7687530517578125 97.68125152587890625 101.9875030517578125 107.0749969482421875 109.8249969482421875 111.68125152587890625 110.28749847412109375 110.6125030517578125 110.2375030517578125 110.18125152587890625 106.8125 103.21250152587890625 98.03749847412109375 93.03749847412109375 85.88124847412109375 80.71250152587890625 74.61875152587890625 70.28749847412109375 65.9250030517578125 61.91249847412109375 59.125 59.200000762939453125 59.11875152587890625 58.43125152587890625 60.1875 62.13124847412109375 63.393749237060546875 65.41249847412109375 66.0437469482421875 67.3625030517578125 66.27500152587890625 66.03125
75.9875030517578125 76.61875152587890625 75.8312530517578125 75.84375 75.875 75.4187469482421875 75.25624847412109375 75.2062530517578125 73.74375152587890625 73.7312469482421875 79.2624969482421875 85.96250152587890625 91.25 94.2312469482421875 99.05625152587890625 102.15625 104.67499542236328125 105.3562469482421875 104.93125152587890625 103.90625 103.61875152587890625 103.6437530517578125 101.19374847412109375 98.15000152587890625 93.97499847412109375 87.59999847412109375 81.83750152587890625 76.375 69.2062530517578125 64.6437530517578125 60.52500152587890625 55.731250762939453125 53.581249237060546875 52.387500762939453125 52.06874847412109375 52.06874847412109375 53.74375152587890625 56.09375 57.0625 58.96250152587890625 59.393749237060546875 60.6875 59.831249237060546875 60.09999847412109375
72.8562469482421875 73.8625030517578125 72.6374969482421875 73.77500152587890625 74.3000030517578125 73.34999847412109375 72.9250030517578125 72.43125152587890625 72.4499969482421875 72.1687469482421875 81.6999969482421875 88.1125030517578125 89.5500030517578125 92.72499847412109375 97.5187530517578125 99.7312469482421875 100.5 99.6062469482421875 100.84999847412109375 99.5500030517578125 98.83750152587890625 97.3874969482421875 95.3874969482421875 92.4812469482421875 88.80625152587890625 84.1062469482421875 78.78125 73.59375 67.4250030517578125 61.768749237060546875 56.137500762939453125 52.09375 50.362499237060546875 47.53749847412109375 46.268749237060546875 45.99375152587890625 48.74375152587890625 51.46250152587890625 52.918750762939453125 54.706249237060546875 53.27500152587890625 53.3125 53.106250762939453125 53.174999237060546875
