data/historical-monthly-weather-data/wc2.1_cruts4.09_10m_prec_1995-12.asc
ncols        45
nrows        45
xllcorner    -63.500000000000
yllcorner    -7.500000000000
cellsize     0.166666666667
NODATA_value -9999
[rows 0 to 19 of 45, columns 0 to 43 of 45]
284.131256103515625 278.82501220703125 268.01251220703125 260.524993896484375 250.443756103515625 240.3249969482421875 228.993743896484375 216.28125 204.568756103515625 193.9250030517578125 186.4562530517578125 178.243743896484375 171.2937469482421875 162.524993896484375 154.556243896484375 146.8000030517578125 139.65625 131.850006103515625 125.5500030517578125 119.71875 117.0812530517578125 114.44374847412109375 112.0124969482421875 111.2312469482421875 110.625 110.13124847412109375 112.86875152587890625 116.25624847412109375 119.8625030517578125 123.7062530517578125 127.02500152587890625 131.212493896484375 134.9250030517578125 138.375 141.4250030517578125 144.8625030517578125 146.71875 148.131256103515625 147.181243896484375 146.375 145.056243896484375 142.78125 140.4187469482421875 137.256256103515625
287.53125 282.431243896484375 276.54376220703125 271.95001220703125 265.98126220703125 254.2375030517578125 240.6875 230.2624969482421875 220.1687469482421875 209.725006103515625 200.4187469482421875 190.0500030517578125 181.5500030517578125 172.5749969482421875 163.537506103515625 155.03125 147.212493896484375 139.881256103515625 133.193756103515625 128.087493896484375 125.2624969482421875 122.58750152587890625 120.68125152587890625 119.5187530517578125 118.4375 117.5812530517578125 120.06874847412109375 123.02500152587890625 126.24375152587890625 130.5812530517578125 134.1750030517578125 138.6875 141.9187469482421875 145.90625 150.1875 151.9812469482421875 155.712493896484375 157.9187469482421875 156.306243896484375 155.006256103515625 153.274993896484375 150.5437469482421875 147.75 143.037506103515625
283.09375 279.98748779296875 276.07501220703125 272.462493896484375 268.149993896484375 257.35626220703125 247.2312469482421875 239.3125 230.556243896484375 220.6750030517578125 210.3562469482421875 199.7562408447265625 191.125 181.8937530517578125 172.712493896484375 163.256256103515625 155.3000030517578125 148.149993896484375 142.03125 136.7687530517578125 133.875 131.5062408447265625 129.443756103515625 127.44374847412109375 125.6374969482421875 124.97499847412109375 127.34375 129.993743896484375 133.3874969482421875 136.7937469482421875 140.6687469482421875 145.2375030517578125 150.0437469482421875 153.212493896484375 157.225006103515625 160.837493896484375 163.9499969482421875 166.3312530517578125 165.875 164.8125 162.962493896484375 159.4562530517578125 155.15625 151.15625
274.90625 274.88751220703125 274.256256103515625 270.08123779296875 267.59375 259.3125 252.0124969482421875 246.162506103515625 238.5187530517578125 230.712493896484375 220.75 210.2687530517578125 200.5 191.25 181.337493896484375 172.149993896484375 163.8249969482421875 156.1437530517578125 150.556243896484375 146.818756103515625 144.0437469482421875 141.225006103515625 137.818756103515625 135.412506103515625 132.6062469482421875 131.693756103515625 134.056243896484375 136.1437530517578125 139.71875 143.8312530517578125 147.4562530517578125 151.162506103515625 156.5 161.118743896484375 164.875 168.649993896484375 171.5437469482421875 174.712493896484375 175.618743896484375 174.787506103515625 172.381256103515625 168.2375030517578125 163.21875 158.943756103515625
278.76251220703125 274 268.79998779296875 267.42498779296875 266.88751220703125 261.63751220703125 255.6812591552734375 251.21875 246.5562591552734375 240.2937469482421875 229.8874969482421875 218.5812530517578125 209.6500091552734375 200.6999969482421875 190.4250030517578125 180.875 172.0187530517578125 164.8562469482421875 160.125 157.506256103515625 154.5749969482421875 150.368743896484375 146.193756103515625 143.037506103515625 139.6125030517578125 138.2624969482421875 139.431243896484375 141.5187530517578125 144.96875 149.537506103515625 153.65625 157.0500030517578125 161.975006103515625 166.943756103515625 171.181243896484375 175.9562530517578125 180.493743896484375 183.962493896484375 185.40625 184.78125 182.46875 177.4562530517578125 172.1437530517578125 166.1125030517578125
282.23748779296875 279.181243896484375 272.23126220703125 266.131256103515625 266.9375 264.693756103515625 260.350006103515625 255.3625030517578125 250.1875 244.087493896484375 234.1750030517578125 224.125 216.568756103515625 208.181243896484375 199.806243896484375 191.006256103515625 183.087493896484375 175.493743896484375 172.287506103515625 168.818756103515625 163.7687530517578125 159.0625 153.681243896484375 149.7687530517578125 145.881256103515625 143.21875 145.3000030517578125 147.3562469482421875 150.0625 154.5187530517578125 159.0500030517578125 163.524993896484375 167.1374969482421875 171.2687530517578125 177.818756103515625 183.631256103515625 188.75 194.8562469482421875 197.4250030517578125 196.1125030517578125 191.693756103515625 186.4187469482421875 179.493743896484375 173.868743896484375
288.493743896484375 286.01873779296875 279.70623779296875 272.76873779296875 269.756256103515625 265.5625 261.568756103515625 256.03125 249.03125 240.756256103515625 234.84375 227.5 222.506256103515625 215.368743896484375 208.256256103515625 201.2937469482421875 195.65625 191.6875 188.6374969482421875 182.9499969482421875 174.90625 168.350006103515625 161.100006103515625 155.806243896484375 151.9187469482421875 148.2062530517578125 149.568756103515625 152.7937469482421875 155.4875030517578125 159.4250030517578125 163.90625 168.306243896484375 173.0437469482421875 177.193756103515625 182.7687530517578125 189.056243896484375 196.125 203.212493896484375 208.912506103515625 206.8312530517578125 201.0437469482421875 194.0749969482421875 187.5124969482421875 180.806243896484375
294.85626220703125 292.35626220703125 286.95623779296875 282.90625 280.20001220703125 272.95001220703125 263.975006103515625 253.350006103515625 242.837493896484375 236.899993896484375 234.962493896484375 231.943756103515625 227.774993896484375 223.506256103515625 217.381256103515625 212.181243896484375 207.662506103515625 206.2937469482421875 203.9749908447265625 194.8625030517578125 184.46875 175.068756103515625 166.3625030517578125 159.96875 156.131256103515625 152.7312469482421875 153.59375 156.4250030517578125 160.5124969482421875 165.006256103515625 168.2375030517578125 172.5 177.875 182.1750030517578125 188.6062469482421875 193.943756103515625 201.431243896484375 208.3874969482421875 212.5187530517578125 211.6687469482421875 207.7687530517578125 200.65625 193.8874969482421875 186.681243896484375
303.85626220703125 302.01873779296875 297.73126220703125 294.212493896484375 290.493743896484375 283.63751220703125 274.03125 261.568756103515625 246.78125 238.3874969482421875 238.7687530517578125 237.806243896484375 234.96875 230.6125030517578125 225.774993896484375 221.475006103515625 217.7687530517578125 215.8000030517578125 212.350006103515625 201.6687469482421875 188.3375091552734375 177.9812469482421875 169.0124969482421875 164.125 159.5749969482421875 155.7312469482421875 156.868743896484375 160.287506103515625 164.0124969482421875 168.181243896484375 172.96875 176.618743896484375 181.693756103515625 187.162506103515625 192.9499969482421875 198.84375 204.8937530517578125 210.3249969482421875 213.25 213.837493896484375 210.28125 204.09375 198.6999969482421875 192.5500030517578125
310.91876220703125 310.42498779296875 307.23126220703125 305.07501220703125 301.462493896484375 294.65625 285.63751220703125 274.45001220703125 262.98748779296875 254.34375 250.524993896484375 246.087493896484375 243.524993896484375 237.6125030517578125 234.024993896484375 230.181243896484375 226.068756103515625 220.649993896484375 213.8625030517578125 203.649993896484375 190.649993896484375 179.6374969482421875 170.618743896484375 166.412506103515625 161.5749969482421875 157.600006103515625 159.28125 162.7624969482421875 167.212493896484375 171.6125030517578125 175.631256103515625 179.5437469482421875 184.5625 189.5437469482421875 195.9187469482421875 203.1125030517578125 208.46875 213.1875 214.5437469482421875 214.962493896484375 213.1687469482421875 208.6999969482421875 202.7062530517578125 197.118743896484375
319.59375 319.4375 315.84375 312.71875 310.975006103515625 306.350006103515625 298.59375 287.41876220703125 276.36248779296875 268.256256103515625 262.79376220703125 257.70623779296875 252.4499969482421875 246.350006103515625 241.818756103515625 237.9562530517578125 232.7375030517578125 224.625 214.7937469482421875 203.725006103515625 192.212493896484375 181.0812530517578125 172.024993896484375 166.1437530517578125 163.787506103515625 160.2312469482421875 161.65625 164.287506103515625 167.6125030517578125 172.2624969482421875 176.6062469482421875 181.443756103515625 186.7937469482421875 192.15625 198.3125 204.693756103515625 210.287506103515625 215.0124969482421875 217.787506103515625 217.9812469482421875 216.6687469482421875 212.3625030517578125 207.899993896484375 203.46875
325.912506103515625 325.51873779296875 322.537506103515625 320.912506103515625 319.33123779296875 315.20623779296875 309.17498779296875 299.11248779296875 288.206268310546875 280.899993896484375 275.274993896484375 270.98126220703125 263.681243896484375 256.70001220703125 251.3125 244.899993896484375 237.9812469482421875 226.8874969482421875 215.53125 204.1750030517578125 191.3937530517578125 180.6062469482421875 172.6687469482421875 168.1687469482421875 165.9187469482421875 162.9499969482421875 164.03125 166.087493896484375 168.725006103515625 173.3000030517578125 177.618743896484375 182.6750030517578125 188.1437530517578125 194.131256103515625 200.756256103515625 207.431243896484375 213.0124969482421875 218.2062530517578125 220.3000030517578125 220.693756103515625 219.5500030517578125 215.806243896484375 211.6437530517578125 207.09375
331.125 331.568756103515625 329.412506103515625 327.23748779296875 326.375 321.475006103515625 314.918731689453125 307.03125 297.1875 290.600006103515625 285.375 281.86248779296875 275.125 266.40625 260 251.9124908447265625 242.881256103515625 231.131256103515625 218.3937530517578125 205.21875 189.8249969482421875 179.493743896484375 173.006256103515625 169.8562469482421875 166.631256103515625 163.2624969482421875 164.78125 167.46875 170.40625 173.6062469482421875 177.625 182.274993896484375 187.618743896484375 194.193756103515625 201.3625030517578125 209.3000030517578125 216.1750030517578125 221.78125 223.6437530517578125 222.8874969482421875 221.131256103515625 218.90625 213.881256103515625 205.6750030517578125
334.1875 334.90625 332.71875 331.056243896484375 329.39373779296875 324.45001220703125 318.03125 312.51251220703125 305.21875 297.806243896484375 290.61248779296875 287.23126220703125 282.78125 275.743743896484375 266.5625 258.8125 248.3312530517578125 234.8312530517578125 221.0500030517578125 207.3874969482421875 192.837493896484375 181.4375 173.1999969482421875 169.6875 166.725006103515625 164.131256103515625 166.631256103515625 168.350006103515625 170.46875 173.0437469482421875 176.631256103515625 180.53125 186.649993896484375 193.274993896484375 201.6374969482421875 210.256256103515625 218.625 226.5999908447265625 230.09375 231.181243896484375 226.399993896484375 218.9499969482421875 212.59375 207.2375030517578125
338.4375 338.92498779296875 337.45001220703125 335.42498779296875 333.975006103515625 328.568756103515625 323.71875 318.39373779296875 311.17498779296875 303.08123779296875 295.66876220703125 292.59375 287.875 281.962493896484375 271.91876220703125 263.318756103515625 251.381256103515625 237.243743896484375 223.118743896484375 210.8000030517578125 196.2375030517578125 183.9375 174.024993896484375 170.600006103515625 168.556243896484375 166.5625 168.912506103515625 170.7624969482421875 172.125 172.7062530517578125 174.556243896484375 178.46875 184.8312530517578125 192.4250030517578125 201.693756103515625 210.024993896484375 220.9875030517578125 233.443756103515625 243.4187469482421875 246.006256103515625 240.21875 230.2937469482421875 221.662506103515625 214.318756103515625
340.58123779296875 341.524993896484375 340.243743896484375 339.25 337.662506103515625 332.837493896484375 327.850006103515625 321.243743896484375 314.337493896484375 308.03125 300.34375 296.837493896484375 292.67498779296875 286.86248779296875 276.98748779296875 265.32501220703125 252.8937530517578125 239.7687530517578125 225.6062469482421875 212.943756103515625 199.1687469482421875 185.806243896484375 175.125 171.9875030517578125 170.931243896484375 170.78125 173.024993896484375 174.2937469482421875 174.1125030517578125 172.274993896484375 172.5187530517578125 174.6687469482421875 179.7062530517578125 187.2375030517578125 195.8625030517578125 206.024993896484375 220.2687530517578125 237.875 255.337493896484375 261.73126220703125 256.962493896484375 243.537506103515625 230.6437530517578125 217.1875
341.70623779296875 343.41876220703125 340.543731689453125 340.36248779296875 339.85626220703125 334.368743896484375 329.868743896484375 325.01873779296875 319.368743896484375 312.26873779296875 304.78125 300.51873779296875 296.39373779296875 290.618743896484375 280.58123779296875 267.8125 252.8562469482421875 239.875 227.3874969482421875 214.756256103515625 201.0437469482421875 187.5437469482421875 176.5500030517578125 173.84375 173.962493896484375 175.506256103515625 178.5500030517578125 178.4875030517578125 175.0124969482421875 170.943756103515625 169.46875 171.3312530517578125 174.5187530517578125 178.3249969482421875 184.84375 196.8000030517578125 215.7375030517578125 242.462493896484375 274.256256103515625 278.012481689453125 270.1875 253.024993896484375 234.75 221.0875091552734375
342.48126220703125 345.11248779296875 342.88751220703125 343.39373779296875 343.36248779296875 339.587493896484375 334.875 329.09375 322.931243896484375 316.8125 309.774993896484375 304.868743896484375 298.96875 292.60626220703125 281.631256103515625 268.23126220703125 253.34375 237.1687469482421875 227.1750030517578125 215.1125030517578125 202.7687530517578125 189.743743896484375 178.787506103515625 177.337493896484375 178.4375 181.0500030517578125 185.7937469482421875 183.0625 176.125 168.65625 164.71875 165.306243896484375 169.975006103515625 174.9812469482421875 177.8125 182.162506103515625 208.9250030517578125 240.943756103515625 267.337493896484375 275.39373779296875 267.53125 251.65625 237.0124969482421875 225.350006103515625
341.40625 344.76873779296875 344.306243896484375 345.32501220703125 346.0625 343.01873779296875 338.381256103515625 334.225006103515625 328.181243896484375 321.756256103515625 312.90625 306.08123779296875 300.556243896484375 294.443756103515625 282.32501220703125 268.225006103515625 253.475006103515625 237.4875030517578125 224.0749969482421875 213.318756103515625 203.21875 192.9812469482421875 180.3312530517578125 180.4875030517578125 183.3000030517578125 186.4875030517578125 189.9187469482421875 187.5749969482421875 179.4499969482421875 168.5500030517578125 160.662506103515625 164.90625 173.0437469482421875 177.90625 180.1062469482421875 188.1437530517578125 210.787506103515625 236.0187530517578125 256.83123779296875 263.912506103515625 259.587493896484375 247.7375030517578125 236.84375 228.59375
338.41876220703125 343.037506103515625 342.381256103515625 344.068756103515625 346.181243896484375 344.92498779296875 341.881256103515625 338.181243896484375 332.78125 324.537506103515625 315.899993896484375 310.20623779296875 304.40625 296.1875 282.243743896484375 266.08123779296875 250.375 236.568756103515625 223.8625030517578125 212.875 201.631256103515625 190.3625030517578125 181.8312530517578125 183.5625 187.2375030517578125 190.6875 193.7375030517578125 193.3937530517578125 186.625 175.5812530517578125 169.46875 174.1437530517578125 181.4375 188.6624908447265625 195.806243896484375 204.662506103515625 221.1437530517578125 239.693756103515625 253.1875 258.375 254.8000030517578125 243.431243896484375 237.6374969482421875 232.943756103515625
