data/historical-monthly-weather-data/wc2.1_cruts4.09_10m_prec_1964-07.asc
ncols        45
nrows        45
xllcorner    -63.500000000000
yllcorner    -7.500000000000
cellsize     0.166666666667
NODATA_value -9999
[rows 19 to 37 of 45, columns 0 to 42 of 45]
162.0437469482421875 166.9187469482421875 165.53125 163.537506103515625 160.118743896484375 159.28125 150.337493896484375 144.899993896484375 139.181243896484375 129.743743896484375 122.0124969482421875 119.2624969482421875 113.2312469482421875 107.1374969482421875 97.2937469482421875 86.65000152587890625 79.46875 82.74375152587890625 75.0812530517578125 69.78749847412109375 60.3125 57.731250762939453125 57.69374847412109375 57.88124847412109375 55.91249847412109375 51.18125152587890625 49.34999847412109375 49.91249847412109375 48.65000152587890625 47.762500762939453125 50.075000762939453125 55.549999237060546875 56.0625 55.9375 56.674999237060546875 59.90000152587890625 61.518749237060546875 61.799999237060546875 61.65000152587890625 58.90625 53.71875 49.96250152587890625 49.15625
145.118743896484375 158.524993896484375 163.7312469482421875 158.53125 152.568756103515625 151.462493896484375 145.3000030517578125 140.662506103515625 134.0437469482421875 126.66249847412109375 117.96875 115.15625 110.84999847412109375 103.88124847412109375 94.61875152587890625 86 80.33750152587890625 77.46875 76.1687469482421875 68.5500030517578125 66 63.125 61.15625 61.63124847412109375 58.825000762939453125 52.90000152587890625 48.06874847412109375 48.012500762939453125 48.606250762939453125 49.168750762939453125 52.78749847412109375 56.299999237060546875 54.293750762939453125 54.356250762939453125 54.887500762939453125 56.862499237060546875 58.268749237060546875 57.168750762939453125 55.53749847412109375 52.74375152587890625 49.5 47.831249237060546875 46.0625
139.225006103515625 143.537506103515625 150.7062530517578125 151.1125030517578125 148.7687530517578125 141.8625030517578125 136.9812469482421875 132.7062530517578125 128.193756103515625 121.74375152587890625 115.9562530517578125 109.71875 104.30625152587890625 102.28125 97.3874969482421875 89.03749847412109375 85.8937530517578125 81.0187530517578125 77.8562469482421875 73.29375457763671875 67.0625 64.09999847412109375 62.41249847412109375 59.424999237060546875 54.862499237060546875 50 49.69374847412109375 47.63124847412109375 49.69374847412109375 52.34375 53.96250152587890625 55.09375 53.325000762939453125 52.106250762939453125 50.875 53.03125 53.97499847412109375 53.05625152587890625 51.58750152587890625 49.443752288818359375 46.887500762939453125 45.731250762939453125 44.549999237060546875
133.056243896484375 143.850006103515625 147.600006103515625 145.962493896484375 142.600006103515625 137.84375 126.58750152587890625 122.5 120.38124847412109375 119.6999969482421875 115.8249969482421875 109.8000030517578125 106.96250152587890625 103.1374969482421875 100.33124542236328125 95.76874542236328125 88.7937469482421875 81.90000152587890625 77.44374847412109375 74.7312469482421875 72.55625152587890625 67.1875 63.16249847412109375 59.40000152587890625 56.262500762939453125 50.25 47.86875152587890625 47.981250762939453125 48.206249237060546875 49.668750762939453125 51.325000762939453125 53.262500762939453125 50.96250152587890625 48.231250762939453125 47.46875 47.450000762939453125 48.74375152587890625 47.3125 47.21250152587890625 46.31874847412109375 44.53125 42.69374847412109375 41.84999847412109375
122.25 135.837493896484375 143.4875030517578125 141.2937469482421875 138.0625 130.9812469482421875 126.9187469482421875 120.68125152587890625 115.28749847412109375 110.86875152587890625 108.7062530517578125 110.1687469482421875 107.4187469482421875 105.32500457763671875 99.79375457763671875 95.2937469482421875 87.9499969482421875 84.31874847412109375 79.4250030517578125 78.1437530517578125 73.3000030517578125 70.41249847412109375 65.93125152587890625 63.5 59.049999237060546875 52.09375 50.59375 47.706249237060546875 46.799999237060546875 47.762500762939453125 49.41249847412109375 50.65000152587890625 47.36875152587890625 43.799999237060546875 43.84375 42.46875 43.55625152587890625 43.418750762939453125 43.3125 42.34999847412109375 41.25624847412109375 39.9375 39.50624847412109375
115.4187469482421875 129.59375 139.2312469482421875 139.056243896484375 137.0625 128.1875 123.19374847412109375 117.6437530517578125 112.56874847412109375 110.8562469482421875 108.8874969482421875 104.40625 105.8625030517578125 103.08750152587890625 97.2937469482421875 91.02500152587890625 86.52500152587890625 84.1687469482421875 81.16249847412109375 78.71250152587890625 75.5749969482421875 71.875 70.4375 65.81874847412109375 59.03749847412109375 54.65000152587890625 50.03125 47 44.9375 45.58750152587890625 45.0625 44.756252288818359375 43.168750762939453125 40.299999237060546875 38.49375152587890625 38.28125 39.21875 38.456249237060546875 38.88124847412109375 38.68125152587890625 37.41249847412109375 37.125 37.11875152587890625
115.625 128.899993896484375 131.6750030517578125 133.8937530517578125 131.993743896484375 125.03749847412109375 119.6687469482421875 113.8625030517578125 107.96875 102.25 105.16249847412109375 103.2062530517578125 99.6437530517578125 97.88124847412109375 93.88750457763671875 89.5 84.71250152587890625 82.56874847412109375 80.83750152587890625 77.875 77.25624847412109375 74.4562530517578125 72.78749847412109375 68.00624847412109375 60.34375 53.731250762939453125 49.96250152587890625 45.96875 42.61875152587890625 41.674999237060546875 40.84999847412109375 39.731250762939453125 37.41249847412109375 35.59375 35 34.825000762939453125 35.08750152587890625 34.887500762939453125 35.168750762939453125 35.106250762939453125 35.06874847412109375 34.28749847412109375 34.081249237060546875
111.8874969482421875 120.2687530517578125 126.0625 128.818756103515625 126.74375152587890625 121.6437530517578125 117.28749847412109375 110.9250030517578125 103.2062530517578125 103.28749847412109375 104.03749847412109375 101.8874969482421875 98.88124847412109375 94.67499542236328125 90.1374969482421875 88.1875 83.96250152587890625 80.31874847412109375 79.375 77.9187469482421875 75.2312469482421875 73.2937469482421875 72.80625152587890625 69.77500152587890625 60.77500152587890625 52.24375152587890625 48.231250762939453125 44.799999237060546875 41.63124847412109375 38.887500762939453125 38.21250152587890625 35.55625152587890625 32.88124847412109375 32.71875 31.450000762939453125 31.71875 30.818750381469726562 30.512500762939453125 31.087499618530273438 31.568750381469726562 32.268749237060546875 32.25624847412109375 31.931249618530273438
108.84999847412109375 112.90625 117.7375030517578125 122.46250152587890625 121.03125 117.03125 112.9375 106.83750152587890625 102.44374847412109375 101.06874847412109375 99.88124847412109375 96.31874847412109375 93.8625030517578125 90.59375 85.99375152587890625 83.1374969482421875 80.3249969482421875 77.90000152587890625 74.84999847412109375 74.38124847412109375 74.18125152587890625 71.6437530517578125 68.4875030517578125 65.46875 58.84999847412109375 51.16249847412109375 47.075000762939453125 43.66249847412109375 40.450000762939453125 38.50624847412109375 36.799999237060546875 34.950000762939453125 32.081249237060546875 29.9375 28.649999618530273438 28.443750381469726562 27.387500762939453125 27.037500381469726562 27.806249618530273438 28.987499237060546875 29.612499237060546875 30.90625 30.274999618530273438
104.8125 108.88124847412109375 114.36875152587890625 113.3000030517578125 113.9499969482421875 108.68125152587890625 104.2687530517578125 101.3625030517578125 97.46250152587890625 97.0187530517578125 95.0625 91.71875 89.66249847412109375 87.63124847412109375 83.65625 80.55625152587890625 78.84375 74.38750457763671875 72.5187530517578125 71.84999847412109375 70.6125030517578125 68.28125 66.15625 61.83750152587890625 56.03749847412109375 49.581249237060546875 45.71250152587890625 42.418750762939453125 40.4375 38.418750762939453125 36.06874847412109375 34.21250152587890625 30.881250381469726562 28.056249618530273438 26.306249618530273438 25.743749618530273438 24.6875 24.075000762939453125 24.662500381469726562 25.049999237060546875 26.299999237060546875 26.975000381469726562 27.424999237060546875
102.09999847412109375 108.86875152587890625 111.625 110.38124847412109375 107.9187469482421875 103.83750152587890625 98.4875030517578125 97.2312469482421875 95.25624847412109375 92.91249847412109375 90.9499969482421875 89.6687469482421875 87.40625 83.91249847412109375 80.4187469482421875 77.5124969482421875 74.4187469482421875 71.8625030517578125 68.91249847412109375 67.2312469482421875 66.77500152587890625 64.4875030517578125 62.69374847412109375 57.77500152587890625 53.075000762939453125 47.981250762939453125 44.231250762939453125 41.487499237060546875 39.63124847412109375 37.21875 35.08750152587890625 32.78125 29.356250762939453125 26.643749237060546875 24.368749618530273438 23.293750762939453125 22.78125 21.487499237060546875 21.143749237060546875 21.387500762939453125 22.387500762939453125 23.25 23.743749618530273438
101.5124969482421875 107.1750030517578125 104.8937530517578125 106.61875152587890625 105.71250152587890625 102.25624847412109375 96.5124969482421875 92.9187469482421875 91.08750152587890625 89.31874847412109375 88.10625457763671875 85.80625152587890625 85.66249847412109375 80.4499969482421875 76.3249969482421875 74.16249847412109375 73.03749847412109375 68.1687469482421875 63.924999237060546875 63.78749847412109375 63.668750762939453125 61.581249237060546875 59.19374847412109375 53.93125152587890625 49.299999237060546875 46.47499847412109375 43.1875 39.93125152587890625 37.33750152587890625 35.5625 33.52500152587890625 31.662500381469726562 28.524999618530273438 25.850000381469726562 23.3125 21.549999237060546875 20.375 19.456249237060546875 18.450000762939453125 17.731250762939453125 18.037500381469726562 19.274999618530273438 19.837499618530273438
100.68125152587890625 101.55625152587890625 99.0500030517578125 98.4187469482421875 99.21250152587890625 97.05625152587890625 93.77500152587890625 89.46250152587890625 88.21250152587890625 85.1062469482421875 84.1374969482421875 83.7375030517578125 81.375 79.375 75.75 72.81874847412109375 70.2062530517578125 65.49375152587890625 60.71250152587890625 60.59375 59.00624847412109375 57.55625152587890625 54.8125 50.25624847412109375 47.30625152587890625 43.799999237060546875 41.125 39.012500762939453125 35.8125 34.0625 32.575000762939453125 30.518749237060546875 27.237499237060546875 24.543750762939453125 22.193750381469726562 20.075000762939453125 18.806249618530273438 16.743749618530273438 15.756250381469726562 15.393750190734863281 15.318750381469726562 15.868749618530273438 16.28125
99.72499847412109375 99 94.9875030517578125 93.4812469482421875 94.19374847412109375 92.2062530517578125 90.3312530517578125 87.34999847412109375 83.4875030517578125 82.97499847412109375 83.08750152587890625 80.125 78.47499847412109375 77.5 74.5187530517578125 70.05625152587890625 65.8000030517578125 63.61875152587890625 60.36875152587890625 59.31874847412109375 56.99375152587890625 54.18125152587890625 50.831249237060546875 47.71250152587890625 45.737499237060546875 42.462497711181640625 40.63124847412109375 37.94374847412109375 35.78749847412109375 33.34375 31.456249237060546875 29.087499618530273438 25.59375 23.118749618530273438 21.174999237060546875 19.537500381469726562 17.318750381469726562 15.300000190734863281 14.368749618530273438 14.206250190734863281 13.912500381469726562 14.287500381469726562 14.018750190734863281
98.5187530517578125 97.375 94.94374847412109375 93.24375152587890625 91.4499969482421875 87.0437469482421875 85.0124969482421875 80.81874847412109375 80.18125152587890625 77.56874847412109375 77.47499847412109375 76.84999847412109375 76.16249847412109375 73.6062469482421875 70.6750030517578125 66.00624847412109375 62.950000762939453125 60.38124847412109375 57.44374847412109375 55.84375 54.31874847412109375 50.543750762939453125 48.506252288818359375 46.143749237060546875 43.387500762939453125 40.49375152587890625 38.81874847412109375 37.21875 35.137500762939453125 32.78125 30.587499618530273438 27.875 24.512500762939453125 22.337499618530273438 20.268749237060546875 18.287500381469726562 15.868749618530273438 14.087499618530273438 13.493749618530273438 12.981249809265136719 12.643750190734863281 12.912500381469726562 12.993749618530273438
97.69374847412109375 93.46250152587890625 93.25 90.77500152587890625 89.71875 85.5124969482421875 81.33750152587890625 77.2312469482421875 73.40000152587890625 71.28125 71.94374847412109375 73.4812469482421875 75.3874969482421875 73.6999969482421875 68.63124847412109375 64.16249847412109375 60.50624847412109375 57.43125152587890625 55.5 52.887500762939453125 51.231250762939453125 49.137500762939453125 46.52500152587890625 44.268749237060546875 41.75624847412109375 39.02500152587890625 37.58750152587890625 36.15000152587890625 34.13124847412109375 30.299999237060546875 28.149999618530273438 26.462499618530273438 23.71875 21.399999618530273438 18.899999618530273438 16.962499618530273438 15.0625 13.625 12.737500190734863281 11.899999618530273438 11.300000190734863281 11.131250381469726562 11.493749618530273438
93.29999542236328125 91.16249847412109375 91.75624847412109375 87.6750030517578125 85.94374847412109375 81.25 77.50624847412109375 73.33750152587890625 69.28749847412109375 66.06874847412109375 66.63124847412109375 69.6374969482421875 73.4562530517578125 69.8874969482421875 66.34375 61.96250152587890625 58.431247711181640625 54.924999237060546875 51.950000762939453125 49.856250762939453125 46.424999237060546875 45.78749847412109375 43.0625 40.86875152587890625 38.22499847412109375 37.3125 36.08750152587890625 34.84999847412109375 32.94374847412109375 29.393749237060546875 27.112499237060546875 25.59375 22.893749237060546875 20.806249618530273438 18.524999618530273438 16.450000762939453125 14.875 13.443750381469726562 12.887499809265136719 12.100000381469726562 11.175000190734863281 11.006250381469726562 10.725000381469726562
87.65000152587890625 87.8937530517578125 87.4250030517578125 83.18125152587890625 81.375 78.5437469482421875 74.68125152587890625 70.34375 65.2937469482421875 59.887500762939453125 61.52500152587890625 65.8625030517578125 68.13124847412109375 65.21250152587890625 62.674999237060546875 58.887500762939453125 54.80625152587890625 50.97499847412109375 48.125 46.38124847412109375 43.13124847412109375 41.125 39.143749237060546875 38.075000762939453125 35.91249847412109375 34.887500762939453125 34.02500152587890625 32.71250152587890625 31.100000381469726562 28.681249618530273438 26.181249618530273438 24.050001144409179688 21.53125 19.662500381469726562 17.65625 15.618749618530273438 14.193750381469726562 13.425000190734863281 13.037500381469726562 12.100000381469726562 11.043749809265136719 10.818750381469726562 10.393750190734863281
81.3000030517578125 83.06874847412109375 80.65000152587890625 79.5749969482421875 77.90000152587890625 74.9875030517578125 71.58750152587890625 67.34999847412109375 62.78749847412109375 56.65625 62.15000152587890625 65.43125152587890625 64.43125152587890625 61.762500762939453125 59.66249847412109375 55.981250762939453125 50.40000152587890625 48.331249237060546875 44.99375152587890625 43.06874847412109375 40.799999237060546875 38.53125 36.05625152587890625 35.34375 34.22499847412109375 33.22499847412109375 32.16249847412109375 31.087499618530273438 29.768749237060546875 27.100000381469726562 23.743749618530273438 22.143751144409179688 19.987501144409179688 18.487499237060546875 16.34375 14.493749618530273438 13.862500190734863281 13.09375 12.731249809265136719 11.981249809265136719 11.050000190734863281 11.03125 10.456250190734863281
