data/historical-monthly-weather-data/wc2.1_cruts4.09_10m_prec_1978-10.asc
ncols        45
nrows        45
xllcorner    -63.500000000000
yllcorner    -7.500000000000
cellsize     0.166666666667
NODATA_value -9999
[rows 0 to 19 of 45, columns 0 to 43 of 45]
134.318756103515625 129.1687469482421875 125.31874847412109375 123.84999847412109375 121.5812530517578125 119.13124847412109375 115.13124847412109375 111.4499969482421875 108.5437469482421875 106.8874969482421875 106.74375152587890625 106.7624969482421875 106.3562469482421875 104.6750030517578125 104 103.33750152587890625 102.53749847412109375 100.7062530517578125 99.52500152587890625 98.15625 96.6062469482421875 94.6125030517578125 93 91.6437530517578125 90.6437530517578125 90.05625152587890625 89.7375030517578125 89.78749847412109375 89.88124847412109375 87.93125152587890625 85.96250152587890625 84.0625 82.68125152587890625 81.56874847412109375 80.8312530517578125 80.6750030517578125 80.55625152587890625 80.31874847412109375 80.2375030517578125 80.03749847412109375 79.75624847412109375 79.03125 77.5500030517578125 75.59999847412109375
133.3249969482421875 128.78125 127.31874847412109375 128.181243896484375 129.1374969482421875 126.11875152587890625 122.4187469482421875 119.9250030517578125 118.40000152587890625 116.8125 115.5437469482421875 114.24375152587890625 112.61875152587890625 110.5500030517578125 108.96875 107.8312530517578125 105.875 104.52500152587890625 103.63124847412109375 102.8562469482421875 100.91249847412109375 99.1437530517578125 97.4875030517578125 95.8249969482421875 94.2624969482421875 92.5625 92.13124847412109375 91.75624847412109375 91.06874847412109375 88.18125152587890625 86.2687530517578125 84.8000030517578125 83.8000030517578125 83.3125 82.5 82.4250030517578125 82.9875030517578125 83.125 83.55625152587890625 83.6687469482421875 83.86875152587890625 83.5437469482421875 82.43125152587890625 80.68125152587890625
132.3874969482421875 129.524993896484375 129.1437530517578125 131.6062469482421875 133.9562530517578125 132.6437530517578125 131.2937469482421875 131.006256103515625 130.8874969482421875 129.3937530517578125 126.7937469482421875 123.65625 120.3937530517578125 116.8125 114.3125 112.19374847412109375 110.09999847412109375 108.4812469482421875 107.1875 106.08750152587890625 103.8937530517578125 102.38750457763671875 100.54999542236328125 98.27500152587890625 96.08750152587890625 94.27500152587890625 93.3312530517578125 92.6125030517578125 90.8937530517578125 88.2312469482421875 86.44374847412109375 84.46875 83.3312530517578125 82.84375 82.1374969482421875 82.0812530517578125 82.33750152587890625 82.77500152587890625 83.5187530517578125 83.88124847412109375 84.3249969482421875 84.5 84.06874847412109375 83.31874847412109375
130.412506103515625 128.412506103515625 130.3312530517578125 132.587493896484375 136.118743896484375 136.8562469482421875 138.5187530517578125 141.0812530517578125 143.75 143.09375 138.493743896484375 132.837493896484375 127.39374542236328125 122.53749847412109375 119.8000030517578125 116.8125 114.06874847412109375 112.40625 110.9812469482421875 109.75624847412109375 107.52500152587890625 105.15625 102.5187530517578125 100.0124969482421875 97.3125 94.84375 93.4499969482421875 92.08750152587890625 90.2375030517578125 87.43125152587890625 85.4375 83.6875 81.8874969482421875 80.7062530517578125 79.47499847412109375 80.15625 80.7375030517578125 81.15000152587890625 82.28125 83.00624847412109375 83.13124847412109375 84.11875152587890625 84.625 84.94374847412109375
134.3874969482421875 130.1437530517578125 129.3249969482421875 131.75 136.8874969482421875 139.993743896484375 143.631256103515625 148.3937530517578125 154.8937530517578125 157.306243896484375 149.5124969482421875 140.0124969482421875 133.1750030517578125 127.96875 124.3937530517578125 120.75 117.86875152587890625 115.2687530517578125 113.28125 111.71250152587890625 109.80625152587890625 106.9562530517578125 103.96875 101.21875 98.06874847412109375 95.1687469482421875 92.88124847412109375 91.50624847412109375 89.86875152587890625 86.3937530517578125 84.0749969482421875 81.99375152587890625 80.40625 78.99375152587890625 77.91249847412109375 78.2375030517578125 78.82500457763671875 79.5749969482421875 80.625 81.43125152587890625 81.7312469482421875 82.8625030517578125 84.4375 85.5
139.399993896484375 135.787506103515625 132.09375 130.3937530517578125 136.568756103515625 141.993743896484375 146.0500030517578125 150.8312530517578125 157.5250091552734375 162.2312469482421875 152.3312530517578125 142.3000030517578125 136.1750030517578125 130.9187469482421875 127.08750152587890625 124.0812530517578125 120.6687469482421875 117.75624847412109375 115.7375030517578125 113.71250152587890625 111.49375152587890625 108.6875 105.6999969482421875 101.8125 98.2375030517578125 94.8249969482421875 92.08750152587890625 89.8937530517578125 88.34999847412109375 84.9499969482421875 82.7624969482421875 81.4187469482421875 79.80625152587890625 78.69374847412109375 77.88124847412109375 78.3937530517578125 79.0124969482421875 80.13124847412109375 81.80625152587890625 81.84375 80.6875 81.8312530517578125 83.11875152587890625 84.625
147.850006103515625 144.368743896484375 140.1374969482421875 137.100006103515625 140.568756103515625 143.350006103515625 145.5812530517578125 147.0812530517578125 148.5187530517578125 147.6750030517578125 144.5124969482421875 140.149993896484375 136.475006103515625 132.8000030517578125 129.40625 126.66249847412109375 123.56874847412109375 120.03749847412109375 117.25624847412109375 115.34999847412109375 113.2062530517578125 110.41249847412109375 107.00624847412109375 102.78125 98.72499847412109375 94.7062530517578125 91.81874847412109375 88.9187469482421875 86.36875152587890625 83.6374969482421875 81.6750030517578125 80.1875 78.78749847412109375 78.1374969482421875 77.80625152587890625 77.90625 78.49375152587890625 79.56874847412109375 81.93125152587890625 80.6999969482421875 78.8125 78.8937530517578125 80.09375 81.8937530517578125
157.618743896484375 153.9250030517578125 150.868743896484375 149.662506103515625 150.131256103515625 149.78125 146.59375 140.9250030517578125 134.131256103515625 131.84375 134.5812530517578125 135.5812530517578125 135.493743896484375 133.6875 131.8312530517578125 129.3312530517578125 126.36875152587890625 122.5812530517578125 119.5124969482421875 117.6062469482421875 115.44374847412109375 112.3125 108.6374969482421875 104.08750152587890625 99.3937530517578125 94.49375152587890625 90.78125 87.06874847412109375 83.9499969482421875 80.84999847412109375 79.28749847412109375 78.3312530517578125 77.40625 77.09375 76.6687469482421875 76.4812469482421875 76.1374969482421875 76.4875030517578125 77.02500152587890625 75.7687530517578125 73.6875 73.1437530517578125 73.41249847412109375 74.33750152587890625
167.3874969482421875 165.0124969482421875 163.1750030517578125 161.5749969482421875 160.96875 157.6875 151.8000030517578125 141.7312469482421875 128.774993896484375 122.9499969482421875 128.9875030517578125 133.1125030517578125 135.3125 134.693756103515625 133.8000030517578125 132.243743896484375 129.7937469482421875 127.04375457763671875 124.77500152587890625 122.1999969482421875 119.1750030517578125 115.6750030517578125 110.53749847412109375 105.86875152587890625 100.03749847412109375 94.03749847412109375 89.1687469482421875 85.8125 82.4875030517578125 79.0625 77.61875152587890625 76.6062469482421875 75.3874969482421875 74.72499847412109375 73.96250152587890625 73.8249969482421875 73.50624847412109375 72.7624969482421875 71.84999847412109375 70.28125 67.8874969482421875 66.36875152587890625 65.8562469482421875 65.11875152587890625
178.1374969482421875 176.4875030517578125 174.4875030517578125 173.6125030517578125 173.212493896484375 168.931243896484375 161.5437469482421875 150.34375 138.5749969482421875 132.412506103515625 133.162506103515625 134.975006103515625 137.0500030517578125 137.087493896484375 136.743743896484375 135.868743896484375 133.8562469482421875 132.100006103515625 130.381256103515625 128.8562469482421875 124.6437530517578125 119.7062530517578125 113.16249847412109375 106.7687530517578125 99.33750152587890625 92.6750030517578125 88 83.84999847412109375 80.5187530517578125 77.34375 75.2687530517578125 74.2624969482421875 73.05625152587890625 72.46250152587890625 71.91249847412109375 71.46250152587890625 70.5124969482421875 69.1125030517578125 67.56874847412109375 64.99375152587890625 62.081249237060546875 59.80625152587890625 57.77500152587890625 55.981250762939453125
189.1437530517578125 187.90625 185.65625 184.7750091552734375 184.5124969482421875 182.6437530517578125 175.65625 163.03125 151.625 144.7062530517578125 142.006256103515625 141.274993896484375 140.868743896484375 140.850006103515625 140.5749969482421875 139.4812469482421875 138.256256103515625 137.131256103515625 136.2312469482421875 135.368743896484375 131.787506103515625 124.875 116.28125 106.96875 99.4187469482421875 92.8874969482421875 88.1125030517578125 83.7312469482421875 79.4499969482421875 76.30625152587890625 74.22499847412109375 72.96250152587890625 71.7375030517578125 70.88124847412109375 69.84999847412109375 68.8000030517578125 67.40000152587890625 65.16249847412109375 62.94374847412109375 59.825000762939453125 56.362499237060546875 53.518749237060546875 51.09999847412109375 48.25
197.4250030517578125 195.9499969482421875 193.9562530517578125 193.681243896484375 194.006256103515625 193.037506103515625 187.96875 174.1750030517578125 163.0812530517578125 154.9375 150.09375 148.3249969482421875 146.6875 146.25 146.368743896484375 144.993743896484375 143.875 142.600006103515625 141.743743896484375 141.6750030517578125 139.2062530517578125 130.8874969482421875 120.09375 109.1750030517578125 99.78749847412109375 91.86875152587890625 86.38124847412109375 82.53749847412109375 78.8937530517578125 76.08124542236328125 73.46250152587890625 71.83750152587890625 70.0812530517578125 68.875 67.71875 66.1437530517578125 64.15000152587890625 61.84999847412109375 58.862499237060546875 55.4375 51.27500152587890625 48.06874847412109375 45.299999237060546875 42.581249237060546875
204.28125 203.0625 201.0625 200.0437469482421875 199.9875030517578125 197.787506103515625 191.03125 180.9375 170.9875030517578125 163.912506103515625 158.5812530517578125 155.462493896484375 153.6999969482421875 151.4187469482421875 151.1062469482421875 150.5187530517578125 148.7312469482421875 147.5625 146.493743896484375 145.46875 143.631256103515625 134.9562530517578125 122.71250152587890625 111.125 98.1437530517578125 89.2375030517578125 85.84999847412109375 82.0625 78.84375 75.8937530517578125 73.03749847412109375 70.5812530517578125 68.6875 66.8562469482421875 65.40625 63.72499847412109375 61.5 59.293750762939453125 56.33750152587890625 51.825000762939453125 47.49375152587890625 44.50624847412109375 41.268749237060546875 36.5
209.6750030517578125 208.118743896484375 206.1687469482421875 204.6062469482421875 203.1374969482421875 199.8874969482421875 193.524993896484375 186.0812530517578125 178.2375030517578125 170.9562530517578125 165.1125030517578125 161.662506103515625 159.2312469482421875 157.337493896484375 155.1374969482421875 154.506256103515625 152.2624969482421875 150.056243896484375 147.7937469482421875 145.5 141.899993896484375 133.3874969482421875 123.11875152587890625 112.65000152587890625 101.28125 92.55625152587890625 87.81874847412109375 83.2312469482421875 79.1999969482421875 75.30625152587890625 71.84999847412109375 69.2624969482421875 67.0124969482421875 65.00624847412109375 63.40625 61.793750762939453125 59.83750152587890625 58.00624847412109375 55.106250762939453125 50.924999237060546875 45.74375152587890625 41.299999237060546875 37.862499237060546875 34.518749237060546875
212.912506103515625 211.5500030517578125 208.6125030517578125 206.8625030517578125 204.943756103515625 201.100006103515625 196.8249969482421875 190.8562469482421875 183.15625 176.4562530517578125 170.9562530517578125 167.274993896484375 164.5187530517578125 162.5625 159.7062530517578125 158.631256103515625 155.556243896484375 151.618743896484375 147.712493896484375 144.806243896484375 140.225006103515625 132.9562530517578125 124.7062530517578125 117.2375030517578125 108.8562469482421875 100.18125152587890625 92.9875030517578125 86.2624969482421875 80.41249847412109375 75.18125152587890625 70.83750152587890625 67.6374969482421875 65.25 63.625 61.981250762939453125 60.15000152587890625 58.793750762939453125 58.27500152587890625 56.66249847412109375 52.09999847412109375 46.11875152587890625 41.59375 38.38124847412109375 35.46875
214.3125 212.431243896484375 209.868743896484375 208.1437530517578125 206.0749969482421875 203.1437530517578125 199.193756103515625 193.7375030517578125 187.287506103515625 181.3937530517578125 175.2312469482421875 170.568756103515625 167.881256103515625 166.162506103515625 163.90625 161.5187530517578125 156.5812530517578125 151.5124969482421875 146.7624969482421875 142.75 137.287506103515625 131.725006103515625 126.30625152587890625 122.83750152587890625 116.3000030517578125 107.1374969482421875 98.52500152587890625 89.97499847412109375 82.125 75.15625 69.875 65.71250152587890625 62.96875 61.30625152587890625 59.30625152587890625 57.125 57.36875152587890625 57.68125152587890625 57.36875152587890625 53.456249237060546875 48.375 43.94374847412109375 40.13124847412109375 36.66249847412109375
213.4562530517578125 211.9250030517578125 210.78125 209.9250030517578125 207.8874969482421875 205.34375 202.118743896484375 197.462493896484375 191.65625 184.993743896484375 178.4812469482421875 173.431243896484375 169.6062469482421875 167.0437469482421875 164.03125 160.568756103515625 154.068756103515625 148.131256103515625 143.368743896484375 139.475006103515625 133.84375 129.274993896484375 126.6062469482421875 126.97499847412109375 123.43125152587890625 112.0625 102.5 91.99375152587890625 82.2687530517578125 74.3562469482421875 68.7312469482421875 64.96250152587890625 60.768749237060546875 57.44374847412109375 54.90000152587890625 54.456249237060546875 55.52500152587890625 59.075000762939453125 61.918750762939453125 56.956249237060546875 51.28125 46.52500152587890625 41.875 38.41249847412109375
212.3312530517578125 211.6750030517578125 212.0187530517578125 211.8312530517578125 210.774993896484375 209.475006103515625 207.0124969482421875 202.556243896484375 196.443756103515625 189.743743896484375 182.943756103515625 176.28125 170.8312530517578125 166.0187530517578125 161.524993896484375 156.5437469482421875 149.931243896484375 143.443756103515625 139.625 135.7062530517578125 129.90625 125.28125 122.9187469482421875 124.4375 122.09999847412109375 112.96875 104.84999847412109375 93.44374847412109375 82.1687469482421875 72.8249969482421875 66.49375152587890625 62.46875 59.731250762939453125 57.487499237060546875 53.4375 49.41249847412109375 53.299999237060546875 58.262500762939453125 60.237499237060546875 57.918750762939453125 52.96875 48.575000762939453125 44.03125 40.512500762939453125
209.4812469482421875 211.024993896484375 212.84375 214.125 214.6750030517578125 213.8125 211.743743896484375 208.15625 202.8874969482421875 195.1125030517578125 186.25 178.625 170.993743896484375 163.9812469482421875 158.3249969482421875 153.587493896484375 147.0812530517578125 140.0437469482421875 136.287506103515625 132.0812530517578125 125.61875152587890625 122.2937469482421875 117.08750152587890625 118.06874847412109375 116.15625 110.71250152587890625 103.0749969482421875 92.7624969482421875 82.3312530517578125 71.96875 64.18125152587890625 62.38124847412109375 62.74375152587890625 60.012500762939453125 56.18125152587890625 53.16249847412109375 54.706249237060546875 57.168750762939453125 58.331249237060546875 57.02500152587890625 53.63124847412109375 50.981250762939453125 46.33750152587890625 42.75624847412109375
205.4250030517578125 209.381256103515625 212.462493896484375 215.2624969482421875 217.556243896484375 218.5625 218.0124969482421875 215.3874969482421875 209.537506103515625 201.631256103515625 191.5124969482421875 181.506256103515625 171.875 162.7312469482421875 156.2437591552734375 151.056243896484375 143.975006103515625 139.2312469482421875 135.618743896484375 132.5625 124.07500457763671875 117.5437469482421875 114.19374847412109375 114.0124969482421875 111.6374969482421875 106.0187530517578125 99.66249847412109375 92.3249969482421875 82.3874969482421875 73.09999847412109375 66.8625030517578125 67.1062469482421875 66.90625 66.30625152587890625 64.72499847412109375 61.25 59.3125 58.831249237060546875 58.231250762939453125 56.75 54.58750152587890625 52.36875152587890625 48.456249237060546875 44.84375
