data/historical-monthly-weather-data/wc2.1_cruts4.09_10m_prec_1989-01.asc
ncols        45
nrows        45
xllcorner    -63.500000000000
yllcorner    -7.500000000000
cellsize     0.166666666667
NODATA_value -9999
[rows 20 to 39 of 45, columns 0 to 44 of 45]
236.5625 237.2375030517578125 243 251.2312469482421875 260.243743896484375 273.32501220703125 287.868743896484375 300.29998779296875 310.34375 317.96875 324.70623779296875 332.89373779296875 344.5 357.256256103515625 352.13751220703125 335.82501220703125 325.15625 321.868743896484375 326.10626220703125 330.90625 344.51873779296875 357.318756103515625 367.568756103515625 373.493743896484375 379.51251220703125 385.58123779296875 387.26873779296875 389.08123779296875 389.98748779296875 389.131256103515625 379.662506103515625 365.20001220703125 349.13751220703125 333.01873779296875 319.10626220703125 338.5625 369.493743896484375 390.90625 396.462493896484375 388.26873779296875 371.337493896484375 354.35626220703125 342.41876220703125 333.256256103515625 326.193756103515625
233.524993896484375 233.0625 239.1875 249.068756103515625 260.8125 274.875 289.71875 304.600006103515625 314.824981689453125 317.949981689453125 318.63751220703125 317.34375 319.631256103515625 325.899993896484375 327.806243896484375 323.08123779296875 321.050018310546875 321.61248779296875 324.98126220703125 330.375 339.037506103515625 350.212493896484375 361.73748779296875 368.76251220703125 376.100006103515625 384.131256103515625 389.59375 388.787506103515625 385.41876220703125 378.681243896484375 364.17498779296875 348.96875 339.67498779296875 335.11248779296875 334.431243896484375 352.60626220703125 384.287506103515625 410.181243896484375 415.618743896484375 403.368743896484375 382.899993896484375 363.29998779296875 348.63751220703125 337.01873779296875 328.149993896484375
230.8312530517578125 230.4812469482421875 235.3625030517578125 245.5124969482421875 259.20623779296875 275.70001220703125 291.40625 307.46875 320.09375 318.10626220703125 309.73748779296875 298.412506103515625 291.993743896484375 296.14373779296875 305.5625 311.23126220703125 313.79998779296875 317.35626220703125 321.462493896484375 326.318756103515625 334.41876220703125 343.125 351.85626220703125 358.725006103515625 369.118743896484375 381 388 386.35626220703125 379.98126220703125 367.57501220703125 351.149993896484375 337.58123779296875 338.79998779296875 342.850006103515625 351.67498779296875 369.26251220703125 401.118743896484375 437.4375 439.66876220703125 416.100006103515625 391.11248779296875 370.46875 351.48748779296875 337.98748779296875 328.524993896484375
229.0625 227.568756103515625 231.318756103515625 242.131256103515625 257.71875 273.943756103515625 290.45001220703125 306.10626220703125 316.162506103515625 311.0625 299.23748779296875 285.524993896484375 269.98748779296875 276.73748779296875 291.86248779296875 301.57501220703125 307.15625 312.118743896484375 316.943756103515625 322.1875 327.84375 334.61248779296875 341.79376220703125 347.83123779296875 359.537506103515625 371.587493896484375 380.475006103515625 378.03125 371.40625 361.881256103515625 349.3125 340.256256103515625 344.6875 352.71875 364.381256103515625 382.20001220703125 409.506256103515625 440.76873779296875 441.88751220703125 418.975006103515625 393.743743896484375 371.70001220703125 352.65625 338.59375 330.14373779296875
228.631256103515625 226.7624969482421875 229.0625 242.381256103515625 260.9375 275.61248779296875 289.40625 302 307.45001220703125 304.306243896484375 295.16876220703125 284.0625 274.931243896484375 277.693756103515625 287.60626220703125 297.26251220703125 304.17498779296875 310.60626220703125 314.73748779296875 317.337493896484375 321.306243896484375 324.86248779296875 329.743743896484375 334.524993896484375 345.1875 359.04998779296875 366.11248779296875 368.850006103515625 365.76251220703125 361.100006103515625 353.83123779296875 349.881256103515625 354.01251220703125 362.743743896484375 374.131256103515625 387.681243896484375 407.96875 423.162506103515625 423.225006103515625 409.60626220703125 388.73126220703125 368.65625 350.975006103515625 339.193756103515625 328.03125
233.25 234.4250030517578125 238.34375 251.0749969482421875 265.76873779296875 278.524993896484375 289.39373779296875 297.475006103515625 300.57501220703125 298.506256103515625 293.743743896484375 288.15625 283.100006103515625 283.649993896484375 289.443756103515625 297.04376220703125 304.212493896484375 310.45001220703125 314.15625 315.15625 317.78125 316.88751220703125 318.337493896484375 319.662506103515625 331.01873779296875 346.70623779296875 357.287506103515625 361.82501220703125 363.04998779296875 359.34375 358.706268310546875 358.787506103515625 364.79998779296875 371.01873779296875 380.60626220703125 390.0625 402.29376220703125 409.36248779296875 407.5 396.78125 380.649993896484375 362.306243896484375 344.725006103515625 334.681243896484375 327.806243896484375
238.568756103515625 240.8312530517578125 247.631256103515625 258.26251220703125 269.350006103515625 279.66876220703125 288.78125 293.83123779296875 295.90625 296.587493896484375 295.006256103515625 292.556243896484375 290.1875 290.712493896484375 294.59375 300.90625 307.125 312.78125 317.125 316.4375 315.5625 314.625 310.962493896484375 309.95001220703125 323.962493896484375 338.943756103515625 349.125 355.225006103515625 358.88751220703125 358.61248779296875 361.26873779296875 363.462493896484375 371.806243896484375 377.76251220703125 383.73748779296875 391.131256103515625 398.618743896484375 400.1875 395.13751220703125 386.45623779296875 371.89373779296875 353.818756103515625 338.23748779296875 330.08123779296875 333.399993896484375
245.6062469482421875 247.631256103515625 255.84375 265.431243896484375 274.756256103515625 282.037506103515625 288.46875 292.14373779296875 294.53125 295.524993896484375 295.875 295.82501220703125 294.71875 295.556243896484375 299.131256103515625 304.774993896484375 310.10626220703125 317.90625 320.068756103515625 320.556243896484375 320.86248779296875 317.45623779296875 318.04376220703125 317.806243896484375 326.60626220703125 337.600006103515625 345.86248779296875 350.76873779296875 355.04998779296875 358.38751220703125 360.79998779296875 363.76251220703125 372.100006103515625 377.756256103515625 383.95623779296875 389.431243896484375 392.76873779296875 393.368743896484375 389.07501220703125 379.524993896484375 367.46875 351.443756103515625 335.068756103515625 329.5625 347.92498779296875
251.2624969482421875 254.162506103515625 262.36248779296875 272.15625 280.375 285.10626220703125 287.76873779296875 291.306243896484375 293.0625 295.01873779296875 297.068756103515625 297.79998779296875 298.20623779296875 301.29998779296875 305.350006103515625 311.51873779296875 319.193756103515625 325.04376220703125 328.100006103515625 328.649993896484375 327.787506103515625 324.943756103515625 325.86248779296875 326.58123779296875 331.76873779296875 338.787506103515625 345.03125 348.899993896484375 353.625 357.35626220703125 358.993743896484375 361.54376220703125 369.587493896484375 377.131256103515625 384.131256103515625 387.48126220703125 390.556243896484375 390.10626220703125 386.66876220703125 377.625 363.88751220703125 350.35626220703125 340.46875 344.243743896484375 365.1875
256.65625 259.26251220703125 268.181243896484375 278.225006103515625 284.850006103515625 286.368743896484375 286.731231689453125 289.350006103515625 291.006256103515625 292.70001220703125 296.34375 299.76873779296875 302.5 306.90625 312.75 318.725006103515625 325.25 332.287506103515625 337.32501220703125 336.70001220703125 334.962493896484375 334.1875 333.95001220703125 333.193756103515625 336.58123779296875 341.54376220703125 345.21875 347.48748779296875 351.100006103515625 354.23126220703125 357.375 360.40625 367.056243896484375 375.63751220703125 382.068756103515625 385.287506103515625 387.04376220703125 388.51873779296875 384.98126220703125 378.29998779296875 369.631256103515625 361.45001220703125 357.181243896484375 362.806243896484375 373.40625
259.75 262.03125 268.743743896484375 277.787506103515625 284.725006103515625 283.149993896484375 283.57501220703125 285.125 287.17498779296875 290.34375 295.631256103515625 300.899993896484375 305.90625 310.90625 318.087493896484375 324.412506103515625 331.86248779296875 339.98126220703125 345.506256103515625 345.368743896484375 342.524993896484375 340.53125 341.149993896484375 339.0625 339.681243896484375 344.006256103515625 346.100006103515625 346.71875 349.837493896484375 352.350006103515625 356 359.774993896484375 365.612518310546875 373.58123779296875 379.88751220703125 382.868743896484375 384.11248779296875 386.993743896484375 386.03125 381.45623779296875 377.08123779296875 373.0625 372.225006103515625 374.34375 382.524993896484375
260.649993896484375 261.73126220703125 266.38751220703125 272.20623779296875 276.01873779296875 276.11248779296875 278.475006103515625 279.443756103515625 282.399993896484375 286.59375 292.837493896484375 299.76873779296875 306.931243896484375 314.850006103515625 322.96875 329.524993896484375 335.29998779296875 342.712493896484375 346.82501220703125 348.48126220703125 345.54998779296875 343.712493896484375 344.76251220703125 341.73748779296875 342.71875 344.90625 344.881256103515625 345.181243896484375 345.88751220703125 350.16876220703125 354.243743896484375 358.306243896484375 364.337493896484375 371.85626220703125 378.10626220703125 380.13751220703125 383.42498779296875 384.28125 383.11248779296875 381.625 383.60626220703125 383.375 385.056243896484375 391.35626220703125 399.725006103515625
262.287506103515625 262.725006103515625 266.04998779296875 269.36248779296875 270.181243896484375 270.21875 270.8125 271.79998779296875 273.899993896484375 280.46875 289.8125 298.8125 309.912506103515625 321.306243896484375 328.26873779296875 333.66876220703125 337.92498779296875 342.649993896484375 345.67498779296875 347.88751220703125 345.95623779296875 344.618743896484375 344.868743896484375 343.693756103515625 343.46875 345.07501220703125 343.96875 341.587493896484375 341.681243896484375 347.88751220703125 352.08123779296875 355.21875 361.60626220703125 369.40625 374.556243896484375 377.537506103515625 379.98126220703125 381.09375 379.08123779296875 382.881256103515625 385.806243896484375 388.149993896484375 393.024993896484375 402.475006103515625 418.26873779296875
263.3125 263.35626220703125 264.6875 265.95623779296875 264.256256103515625 263.79998779296875 263.774993896484375 263.5625 266.162506103515625 271.993743896484375 282.756256103515625 297.48126220703125 312.98748779296875 325.67498779296875 332.38751220703125 336.181243896484375 340.381256103515625 344.36248779296875 345.287506103515625 345.899993896484375 344.806243896484375 344.26873779296875 344.73126220703125 342.962493896484375 342.287506103515625 342.36248779296875 340.0625 338.26873779296875 338.881256103515625 343.89373779296875 349.681243896484375 353.818756103515625 359.35626220703125 367.100006103515625 372.20623779296875 374.693756103515625 375.92498779296875 375.399993896484375 376.45623779296875 380.40625 383.181243896484375 387.818756103515625 395.1875 406.26251220703125 423.337493896484375
265.8125 264.524993896484375 264.20001220703125 262.65625 260.125 258.95623779296875 256.89373779296875 255.475006103515625 255.818756103515625 262.399993896484375 276.33123779296875 295.04376220703125 316.5625 332.743743896484375 338.225006103515625 339.6875 341.818756103515625 343.524993896484375 343.73126220703125 342.01873779296875 342.15625 342.13751220703125 342.73126220703125 340.33123779296875 339.48748779296875 337.5625 336.03125 334.84375 335.03125 339.649993896484375 345.98748779296875 352.07501220703125 357.8125 363.681243896484375 367.931243896484375 369.63751220703125 369.287506103515625 371.587493896484375 373.118743896484375 374.98126220703125 378.01251220703125 381.9375 389.64373779296875 399.51873779296875 412.462493896484375
270.212493896484375 267.88751220703125 266.32501220703125 263.681243896484375 260.375 256.76251220703125 253.6687469482421875 249.587493896484375 247.5187530517578125 251.8000030517578125 267.087493896484375 290.89373779296875 316.412506103515625 334.662506103515625 340.506256103515625 341.850006103515625 341.912506103515625 342.181243896484375 341.037506103515625 338.318756103515625 337.15625 337.64373779296875 337.287506103515625 334.35626220703125 333.318756103515625 332.787506103515625 331.306243896484375 330.699981689453125 331.67498779296875 336.23748779296875 343.306243896484375 349.10626220703125 355.443756103515625 361.07501220703125 364.48748779296875 364.287506103515625 366.643768310546875 367.212493896484375 366.024993896484375 367.32501220703125 369.95623779296875 373.73126220703125 379.08123779296875 387.13751220703125 395.024993896484375
274.8125 272.03125 268.881256103515625 265.506256103515625 261.48126220703125 257.16876220703125 253.537506103515625 247.46875 241.53125 239.25 258.475006103515625 292.193756103515625 318.54376220703125 333.899993896484375 340.51873779296875 342.29998779296875 341.774993896484375 340.587493896484375 338.01251220703125 333.79376220703125 332.431243896484375 330.6875 330.1875 327.51873779296875 327.024993896484375 327.556243896484375 326.850006103515625 327.46875 328.8125 333.806243896484375 340.48748779296875 346.33123779296875 352.9375 358.506256103515625 361.26873779296875 361.181243896484375 361.5 360.162506103515625 358.868743896484375 358.09375 357.774993896484375 360.23748779296875 365.60626220703125 371.149993896484375 375.42498779296875
279.45623779296875 276.11248779296875 272.149993896484375 268.82501220703125 264.899993896484375 261.33123779296875 256.92498779296875 251.09375 245.618743896484375 240.587493896484375 272.681243896484375 307.118743896484375 325.6875 336.39373779296875 341.82501220703125 342.912506103515625 341.04376220703125 339.5 336.381256103515625 331.118743896484375 327.725006103515625 323.962493896484375 322.01873779296875 319.8125 319.83123779296875 321.48748779296875 321.13751220703125 322.46875 324.850006103515625 330.95001220703125 337.04376220703125 341.806243896484375 348.087493896484375 353.95623779296875 356.306243896484375 355.774993896484375 353.70001220703125 352.03125 350.32501220703125 347.899993896484375 345.45001220703125 347.681243896484375 350.04376220703125 351.9375 355.36248779296875
285.712493896484375 280.006256103515625 276.5 273.037506103515625 269.693756103515625 266.681243896484375 263.193756103515625 262.125 266.412506103515625 283.225006103515625 320.756256103515625 331.34375 336.568756103515625 342.28125 345.54376220703125 345.100006103515625 343.493743896484375 339.5625 334.4375 328.29998779296875 321.475006103515625 316.274993896484375 313.5625 311.89373779296875 312.09375 314.181243896484375 315.881256103515625 318.95001220703125 323.1875 330.568756103515625 336.287506103515625 340.57501220703125 345.125 348.20623779296875 352.475006103515625 351.056243896484375 347.42498779296875 345.17498779296875 341.76251220703125 337.01873779296875 334.0625 334.66876220703125 335.350006103515625 337.89373779296875 340.868743896484375
292.568756103515625 286.256256103515625 281.89373779296875 277.39373779296875 275.6875 274.39373779296875 273.4375 277.037506103515625 287.11248779296875 305.42498779296875 327.024993896484375 339.54998779296875 344.32501220703125 348.25 349.431243896484375 348.92498779296875 346.63751220703125 341.712493896484375 333.38751220703125 324.8125 313.787506103515625 307.493743896484375 303.90625 302.556243896484375 303.96875 306.506256103515625 310.25 315.76251220703125 321.212493896484375 328.25 333.462493896484375 339.14373779296875 344.29998779296875 346.29998779296875 346.86248779296875 344.51251220703125 340.21875 336.568756103515625 331.8125 325.92498779296875 322.54998779296875 322.225006103515625 321.5625 323.04376220703125 326.3125
