data/historical-monthly-weather-data/wc2.1_cruts4.09_10m_prec_2003-06.asc
ncols        45
nrows        45
xllcorner    -63.500000000000
yllcorner    -7.500000000000
cellsize     0.166666666667
NODATA_value -9999
[rows 0 to 19 of 45, columns 0 to 43 of 45]
304.70001220703125 300.07501220703125 296.787506103515625 303.306243896484375 305.48748779296875 309.975006103515625 308.48748779296875 305.162506103515625 297.21875 299.587493896484375 304.524993896484375 305.20623779296875 306.29376220703125 303.743743896484375 299.63751220703125 297.20623779296875 292.149993896484375 286.29998779296875 280.01251220703125 277.068756103515625 278.45001220703125 271.243743896484375 265.70001220703125 257.3125 251.068756103515625 246.3625030517578125 245.7687530517578125 247.4499969482421875 242.125 236.368743896484375 225.618743896484375 221.3937530517578125 220.443756103515625 215.1125030517578125 210.662506103515625 207.7937469482421875 204.5187530517578125 202.9812469482421875 197.8874969482421875 195.306243896484375 195.787506103515625 201.100006103515625 199.337493896484375 200.1125030517578125
299.318756103515625 295.225006103515625 298.850006103515625 303.57501220703125 310.806243896484375 315.100006103515625 313.243743896484375 309.3125 308.76251220703125 310.38751220703125 311.70623779296875 309.631256103515625 302.100006103515625 296.82501220703125 290.23126220703125 285.399993896484375 277.79376220703125 269.14373779296875 262.45001220703125 260.850006103515625 260.337493896484375 254.25 251.09375 245.5749969482421875 239.4812469482421875 233.774993896484375 233.568756103515625 232.5250091552734375 228.125 218.8000030517578125 212.5 212.587493896484375 209.649993896484375 206.4812469482421875 203.881256103515625 198.037506103515625 195.912506103515625 193.25 188.912506103515625 187.15625 190.1875 186.975006103515625 190.818756103515625 191.618743896484375
288.318756103515625 292.993743896484375 297.118743896484375 297.86248779296875 306.368743896484375 313.88751220703125 315.21875 319.881256103515625 320.16876220703125 320.649993896484375 317.899993896484375 310.056243896484375 302.875 289.693756103515625 280.056243896484375 272.75 262.3125 254.125 247.9187469482421875 244.0625 244.0187530517578125 243.625 239.756256103515625 238.537506103515625 229.3625030517578125 222.46875 225.875 222.587493896484375 215.1374969482421875 211.9499969482421875 204.193756103515625 200.8125 197.5500030517578125 196.15625 191.4499969482421875 182.131256103515625 182.09375 182.4499969482421875 179.493743896484375 178.9437408447265625 183.837493896484375 183.375 184.7937469482421875 184.34375
275.75 275.912506103515625 286.256256103515625 293.34375 298.631256103515625 306.131256103515625 313.5625 320.64373779296875 325.78125 328.20623779296875 321.11248779296875 308.41876220703125 295.243743896484375 280.0625 269.98748779296875 260.95623779296875 246.756256103515625 239.899993896484375 233.931243896484375 236.9187469482421875 234.8312530517578125 228.868743896484375 226.943756103515625 227.5437469482421875 218.443756103515625 212.068756103515625 212.350006103515625 206.868743896484375 203.556243896484375 201.443756103515625 196.34375 190.462493896484375 187 181.1062469482421875 176.756256103515625 177.0749969482421875 177.493743896484375 175.350006103515625 172.412506103515625 172.3562469482421875 176.037506103515625 179.899993896484375 180.9562530517578125 179.912506103515625
284.756256103515625 281.88751220703125 275.28125 285.0625 298.381256103515625 301.475006103515625 309.48126220703125 322.537506103515625 333.91876220703125 337.35626220703125 328.23748779296875 304.01251220703125 289.024993896484375 274.26873779296875 259.67498779296875 248.618743896484375 236.5187530517578125 224.6125030517578125 218.28125 218.975006103515625 216.7937469482421875 214.9187469482421875 214.256256103515625 213.5124969482421875 205.2624969482421875 200.5124969482421875 197.9875030517578125 198.21875 195.46875 189.6062469482421875 187.806243896484375 184.7624969482421875 179.4875030517578125 175.4250030517578125 174.0625 170.149993896484375 169.912506103515625 170.5187530517578125 166.7375030517578125 165 169.274993896484375 172.9812469482421875 175.7937469482421875 178.475006103515625
279.681243896484375 282.57501220703125 277.98126220703125 268.75 285.787506103515625 301.28125 305.61248779296875 314.693756103515625 330.11248779296875 335.368743896484375 319.618743896484375 296.399993896484375 281.712493896484375 266.912506103515625 249.774993896484375 238.193756103515625 224.75 213.537506103515625 210.225006103515625 208.431243896484375 208.931243896484375 206.306243896484375 204.287506103515625 198.9187469482421875 195.3562469482421875 192.0500030517578125 187.78125 187.9562530517578125 186.1437530517578125 181.2312469482421875 181.962493896484375 179.78125 177.7375030517578125 172.4875030517578125 166.962493896484375 169.318756103515625 166.1750030517578125 160.7937469482421875 161.4875030517578125 165.756256103515625 166.6062469482421875 171.806243896484375 172.5124969482421875 174.556243896484375
281.4375 281.65625 278.6875 275.08123779296875 273.381256103515625 276.193756103515625 280.631256103515625 296.33123779296875 300.943756103515625 305.0625 297.45623779296875 279.98126220703125 270.006256103515625 258.850006103515625 243.2062530517578125 230.3562469482421875 219.5124969482421875 209.006256103515625 200.5812530517578125 199.4875030517578125 194.556243896484375 192.868743896484375 189.8249969482421875 188.024993896484375 189.0187530517578125 185.96875 181.21875 179.0437469482421875 177.1437530517578125 179.431243896484375 175.59375 170.931243896484375 167.7375030517578125 167 167.25 164.9499969482421875 158.28125 156.0625 156.100006103515625 161.4375 162.412506103515625 165.818756103515625 169.375 171.7062530517578125
279.67498779296875 274.899993896484375 273.181243896484375 277.46875 276.63751220703125 282.631256103515625 272.86248779296875 264.75 257.90625 266.0625 268.993743896484375 262.21875 256.46875 246.681243896484375 237.375 225.368743896484375 211.1875 202.0812530517578125 193.3249969482421875 185.8249969482421875 190.9375 186.287506103515625 181.84375 179.537506103515625 180.4812469482421875 175.6687469482421875 172.443756103515625 170.368743896484375 168.875 167.1687469482421875 170.8625030517578125 166.2312469482421875 164.274993896484375 162.131256103515625 157.8000030517578125 154.8874969482421875 151.899993896484375 149.8874969482421875 146.899993896484375 147.943756103515625 151.375 158.09375 157.8874969482421875 157.3000030517578125
274.693756103515625 273.04376220703125 268.087493896484375 268.95623779296875 270.67498779296875 269.375 269.98126220703125 267.15625 250.53125 240.712493896484375 240.2624969482421875 239.431243896484375 242.431243896484375 235.975006103515625 228.90625 216.962493896484375 211.3937530517578125 205.1687469482421875 198.462493896484375 187.649993896484375 179.71875 182.8874969482421875 173.8874969482421875 176.8562469482421875 173.337493896484375 169.6875 166.7312469482421875 166.78125 169.225006103515625 166.8312530517578125 170.943756103515625 159.8125 151.681243896484375 148.2687530517578125 148.8312530517578125 151.8562469482421875 151.8625030517578125 152.09375 149.1999969482421875 146.5625 145.962493896484375 145.912506103515625 152.131256103515625 151.3312530517578125
270.14373779296875 269.66876220703125 265.649993896484375 265.82501220703125 266.243743896484375 263.431243896484375 262.274993896484375 255.1875 248.6437530517578125 240.875 232.65625 220.8249969482421875 226.337493896484375 224.9250030517578125 221.212493896484375 214.7937469482421875 207.0625 207.587493896484375 201.9250030517578125 195.162506103515625 183.2375030517578125 176.8874969482421875 166.225006103515625 166.1374969482421875 161.5124969482421875 161.65625 160.0437469482421875 158.712493896484375 158.024993896484375 160.3125 161.9499969482421875 154.993743896484375 151.3249969482421875 148.90625 145.6750030517578125 146.712493896484375 149.09375 151.6125030517578125 151.068756103515625 153.6437530517578125 155.4499969482421875 154.818756103515625 149.0625 141.9250030517578125
268.9375 266.28125 261.875 259.875 257.28125 257.79376220703125 250.631256103515625 244.131256103515625 240.9875030517578125 236.3000030517578125 231.256256103515625 220.8874969482421875 213.818756103515625 213.9499969482421875 210.787506103515625 207.4375 202.3874969482421875 198.4875030517578125 197.75 198.0187530517578125 196.818756103515625 184.4562530517578125 166.431243896484375 150.056243896484375 152.15625 160.306243896484375 160.4562530517578125 156.149993896484375 152.1062469482421875 152.40625 153.256256103515625 149.6875 148.3125 147.0749969482421875 145.4812469482421875 143.59375 146.100006103515625 146.931243896484375 152.662506103515625 153.5812530517578125 154.2687530517578125 150.818756103515625 148.712493896484375 136.962493896484375
261.149993896484375 259.71875 259.162506103515625 253.3562469482421875 251.568756103515625 247.6125030517578125 247.056243896484375 242.868743896484375 238.524993896484375 227.493743896484375 225.774993896484375 219.3249969482421875 204.2312469482421875 204.243743896484375 207.34375 203.2687530517578125 198.443756103515625 196.462493896484375 197.9187469482421875 205.6062469482421875 205.318756103515625 194.600006103515625 174.3874969482421875 152.875 148.649993896484375 149.1374969482421875 146.96875 146.7062530517578125 147.1999969482421875 145.743743896484375 140.712493896484375 141.4375 141.649993896484375 138.506256103515625 140.243743896484375 143.618743896484375 148.4375 150.84375 148.9812469482421875 154.193756103515625 155.6125030517578125 150.9499969482421875 138.2937469482421875 119.58750152587890625
258.28125 255.0500030517578125 252.1875 246.631256103515625 246.09375 239.90625 237.431243896484375 234.1875 226.8000030517578125 220.181243896484375 216.7375030517578125 213.8125 206.818756103515625 193.212493896484375 191.899993896484375 192.59375 190.306243896484375 191.350006103515625 186.75 192.5437469482421875 196.0437469482421875 186.787506103515625 171.899993896484375 154.587493896484375 140.6875 138.431243896484375 140.118743896484375 141.34375 143.4375 144.537506103515625 138.5124969482421875 134.0124969482421875 137.2937469482421875 132.975006103515625 134.25 139.837493896484375 148.8625030517578125 154.4812469482421875 162.46875 162.6125030517578125 156.5 149.1374969482421875 129.6999969482421875 114.4812469482421875
252.9187469482421875 250.03125 245.3937530517578125 240.693756103515625 235.7687530517578125 231.881256103515625 227.0250091552734375 225.7937469482421875 221.2624969482421875 212.9937591552734375 208.4499969482421875 201.8562469482421875 198.15625 190.28125 176.756256103515625 181.087493896484375 178.2062530517578125 176.53125 174.9875030517578125 178.6374969482421875 180.15625 172.4562530517578125 161.162506103515625 151.787506103515625 142.712493896484375 135.743743896484375 133.21875 132.256256103515625 133.53125 133.818756103515625 133.8249969482421875 131.5187530517578125 131.868743896484375 132.8249969482421875 130.931243896484375 142.3312530517578125 155.850006103515625 166.78125 175.4124908447265625 171.9499969482421875 151.6374969482421875 137.5 132.006256103515625 132.40625
242.125 239.8125 238.1374969482421875 235.28125 229.8937530517578125 225.649993896484375 222.631256103515625 218.7687530517578125 213.59375 207.3249969482421875 200.881256103515625 195.65625 191.118743896484375 181.649993896484375 166.037506103515625 167.7937469482421875 166.6750030517578125 168.725006103515625 163.6062469482421875 165.0124969482421875 167.681243896484375 162.15625 156.3937530517578125 151.125 148.2375030517578125 142.6750030517578125 140.1687469482421875 137.6875 139.475006103515625 134.568756103515625 128.8625030517578125 129.350006103515625 135.131256103515625 131.100006103515625 125.3125 129.993743896484375 151.4875030517578125 173.4375 179.037506103515625 171.0812530517578125 160.9812469482421875 153.9812469482421875 153.4187469482421875 142.681243896484375
234.6374969482421875 229.9875030517578125 228.59375 223.7062530517578125 223.0437469482421875 220.024993896484375 215.4875030517578125 210.0437469482421875 208.125 206.243743896484375 199.587493896484375 193.3125 188.65625 179.787506103515625 166.5 150.15625 152.8874969482421875 158.3249969482421875 153.9812469482421875 154.625 155.524993896484375 152.9812469482421875 151.618743896484375 151.8000030517578125 149.975006103515625 145.4250030517578125 140.725006103515625 139.787506103515625 139.037506103515625 140.0250091552734375 136.600006103515625 131.96875 126.25 120.50624847412109375 116.0187530517578125 136.5625 147.506256103515625 163.037506103515625 174.8937530517578125 179.5 179.4562530517578125 173.4875030517578125 161.693756103515625 145.09375
225.2312469482421875 222.6125030517578125 218.5749969482421875 217.9375 216.84375 215.0187530517578125 210.506256103515625 206.71875 200.3562469482421875 196.6125030517578125 194.381256103515625 190.287506103515625 182.6750030517578125 174.4250030517578125 167.787506103515625 153.1750030517578125 136.475006103515625 140.3125 143.037506103515625 142.53125 141.524993896484375 143.0812530517578125 143.125 149.1687469482421875 148.09375 139.5500030517578125 135.556243896484375 134.212493896484375 138.4562530517578125 140.756256103515625 141.149993896484375 140.0625 134.4499969482421875 133.712493896484375 142.2375030517578125 150.943756103515625 164.8687591552734375 177.2062530517578125 188.21875 182.225006103515625 181.993743896484375 170.9875030517578125 154.287506103515625 142.8874969482421875
214.2624969482421875 213 213.3249969482421875 212.962493896484375 212.7624969482421875 213.4562530517578125 208.03125 203.3874969482421875 197.1125030517578125 189.774993896484375 184.818756103515625 183.943756103515625 175.5 168.774993896484375 164.8249969482421875 154.443756103515625 138.587493896484375 123.81874847412109375 134.9749908447265625 130.4187469482421875 129.34375 130.912506103515625 135.931243896484375 140.8125 143.3625030517578125 135.556243896484375 129.431243896484375 133.931243896484375 137.34375 136.6750030517578125 130.8125 125.9562530517578125 143.3312530517578125 147.71875 151.4250030517578125 177.03125 188.068756103515625 184.6062469482421875 186.8312530517578125 183.337493896484375 167.5437469482421875 153.6687469482421875 140.725006103515625 133.2937469482421875
204.649993896484375 206.431243896484375 207.1062469482421875 208.1999969482421875 209.40625 206.9875030517578125 203.037506103515625 198.006256103515625 193.8625030517578125 188.912506103515625 182.3625030517578125 172.681243896484375 166.1437530517578125 162 155.4562530517578125 148.0437469482421875 142.1374969482421875 124.8312530517578125 117.3000030517578125 115.75624847412109375 119.69374847412109375 125.8562469482421875 118.27500152587890625 126.9562530517578125 130.0124969482421875 133.662506103515625 133.0749969482421875 130.7062530517578125 136.912506103515625 135.9375 132.318756103515625 134.2874908447265625 143.7062530517578125 146.2062530517578125 155.756256103515625 174.225006103515625 178.09375 173.318756103515625 174.162506103515625 165.5437469482421875 152.1062469482421875 135.7874908447265625 128.725006103515625 125.6750030517578125
198.3249969482421875 200.912506103515625 200.125 196.850006103515625 196.881256103515625 200.0124969482421875 197.337493896484375 191.8562469482421875 191.681243896484375 188.287506103515625 182.9875030517578125 177.15625 168.9875030517578125 160 151.3625030517578125 135.8874969482421875 125.9562530517578125 126.40625 118.40000152587890625 118.05625152587890625 108.2375030517578125 108.97499847412109375 116.6750030517578125 120.4562530517578125 118.4875030517578125 117.30625152587890625 118.33750152587890625 126.8125 125.5749969482421875 122.96250152587890625 124.22499847412109375 138.806243896484375 143.756256103515625 145.1999969482421875 148.7687530517578125 159.6687469482421875 166.4250030517578125 163.2375030517578125 157.962493896484375 150.056243896484375 135.53125 119.28749847412109375 118.56874847412109375 118.2687530517578125
