data/historical-monthly-weather-data/wc2.1_cruts4.09_10m_prec_2023-10.asc
ncols        45
nrows        45
xllcorner    -63.500000000000
yllcorner    -7.500000000000
cellsize     0.166666666667
NODATA_value -9999
[rows 0 to 19 of 45, columns 0 to 43 of 45]
183.256256103515625 182.9812469482421875 179.2687530517578125 178.100006103515625 175.4250030517578125 170.524993896484375 163.1374969482421875 156.125 149.375 144.2937469482421875 141.212493896484375 137.71875 133.625 128.03125 123.41249847412109375 118.9187469482421875 114.5625 109.9375 106.25 102.7062530517578125 100.10625457763671875 97.25624847412109375 94.89374542236328125 93.25624847412109375 92.09999847412109375 91.41249847412109375 91.5749969482421875 92.18125152587890625 93.11875152587890625 93.6062469482421875 94.3125 95.15000152587890625 96.25624847412109375 97.71875 99.28125 98.96875 98.1875 97 94.2624969482421875 91.00624847412109375 87.6125030517578125 83.59999847412109375 78.75 73.47499847412109375
181.131256103515625 181.3874969482421875 181.475006103515625 184.1999969482421875 186.693756103515625 181.1875 174.4250030517578125 169.149993896484375 164.2062530517578125 159.024993896484375 154.2375030517578125 148.7375030517578125 142.868743896484375 136.5500030517578125 130.6125030517578125 125.31874847412109375 119.3562469482421875 114.6125030517578125 110.56874847412109375 107.0812530517578125 103.94374847412109375 101.25 98.8625030517578125 97.21250152587890625 95.78749847412109375 94.3312530517578125 94.6374969482421875 95.0812530517578125 95.49375152587890625 95.3000030517578125 96.43125152587890625 98.0500030517578125 99.77500152587890625 102.15625 103.68125152587890625 102.6437530517578125 101.71250152587890625 99.90625 96.46250152587890625 92.25624847412109375 88.08750152587890625 83.46250152587890625 78.00624847412109375 72.0625
173.899993896484375 175.34375 176.1999969482421875 180.3125 184.0812530517578125 181.743743896484375 179.149993896484375 177.8000030517578125 175.2687530517578125 170.7312469482421875 164.6437530517578125 157.125 149.524993896484375 141.65625 134.7624969482421875 128.5 122.5625 117.7062530517578125 113.47499847412109375 109.83750152587890625 106.59999847412109375 104.33750152587890625 101.91249847412109375 99.83750152587890625 97.97499847412109375 96.5500030517578125 96.44374847412109375 96.65625 96.11875152587890625 96.375 97.94374847412109375 99.28749847412109375 101.06874847412109375 103.6750030517578125 105.5812530517578125 104.49375152587890625 103.03125 101.3249969482421875 97.3937530517578125 92.43125152587890625 87.4499969482421875 82.25 76.4375 70.4499969482421875
164.868743896484375 166.306243896484375 169.287506103515625 172.09375 176.600006103515625 177.6500091552734375 179.9499969482421875 183.1687469482421875 184.8874969482421875 182.0437469482421875 174.1062469482421875 163.9812469482421875 154.225006103515625 145.287506103515625 138.3937530517578125 131.350006103515625 124.9250030517578125 120.47499847412109375 116.46250152587890625 113 109.94374847412109375 107.00624847412109375 103.9562530517578125 101.80625152587890625 99.5749969482421875 97.625 97.1750030517578125 96.78125 96.21875 96.5 98.09999847412109375 99.96875 101.19374847412109375 103.19374847412109375 104.63750457763671875 104.5812530517578125 103.6062469482421875 101.77500152587890625 97.46250152587890625 91.93125152587890625 85.56874847412109375 80.0500030517578125 74.02500152587890625 67.99375152587890625
163.381256103515625 161.125 159.899993896484375 162.1875 167.9375 172.4124908447265625 177.7687530517578125 184.3125 191.318756103515625 192.9375 181.875 167.8125 157.0187530517578125 148.25 140.7687530517578125 133.337493896484375 127.09999847412109375 122.03125 117.875 114.4250030517578125 111.9562530517578125 108.71875 105.5124969482421875 103.28749847412109375 100.7687530517578125 98.5124969482421875 97.18125152587890625 96.88124847412109375 96.59999847412109375 96.2624969482421875 97.61875152587890625 99.24375152587890625 100.8625030517578125 102.72499847412109375 104.61875152587890625 104.1875 103.34999847412109375 101.93125152587890625 96.78749847412109375 90.4250030517578125 83.3000030517578125 76.9499969482421875 70.90000152587890625 64.66249847412109375
161.6750030517578125 159.3249969482421875 154.5625 151.7687530517578125 158.34375 165.431243896484375 171.25 177.774993896484375 185.2624969482421875 190.1374969482421875 177.6750030517578125 164.125 155.1125030517578125 147.162506103515625 140.243743896484375 134.2687530517578125 128.15625 123.34999847412109375 119.6437530517578125 116.2062530517578125 113.6125030517578125 110.58750152587890625 107.52500152587890625 104.3000030517578125 101.4875030517578125 98.84999847412109375 97.06874847412109375 95.9187469482421875 95.7062530517578125 94.9812469482421875 95.9187469482421875 97.88124847412109375 99.06874847412109375 100.9499969482421875 102.8312530517578125 102.9375 102.4875030517578125 101.8562469482421875 97.28749847412109375 89.7312469482421875 80.7937469482421875 74.33750152587890625 67.9375 61.918750762939453125
163.5437469482421875 160.5625 155.1999969482421875 150.9375 154.1437530517578125 158.0625 161.6875 164.4187469482421875 166.1875 165.1999969482421875 161.4562530517578125 155.431243896484375 150.0749969482421875 144.6750030517578125 139.125 134.3000030517578125 129.274993896484375 124.43125152587890625 120.49375152587890625 117.61875152587890625 115.31874847412109375 112.49375152587890625 109.15000152587890625 105.74375152587890625 102.5812530517578125 99.4375 97.53749847412109375 95.6875 94.25624847412109375 93.71250152587890625 94.27500152587890625 95.38124847412109375 96.3312530517578125 98.3125 100.38124847412109375 100.24375152587890625 100.15000152587890625 99.84375 96.09999847412109375 87.0625 77.3625030517578125 70.0625 63.78749847412109375 58.09999847412109375
166.725006103515625 162.7624969482421875 158.693756103515625 156.4375 156.225006103515625 156.756256103515625 154.5875091552734375 149.693756103515625 143.0124969482421875 140.962493896484375 144.149993896484375 144.65625 143.875 141.225006103515625 138.162506103515625 134.34375 130.21875 125.6875 121.99375152587890625 119.63124847412109375 117.5500030517578125 114.55625152587890625 111.13124847412109375 107.55625152587890625 103.875 99.90000152587890625 97.1750030517578125 94.38124847412109375 92.30625152587890625 90.75 91.09375 92.11875152587890625 93.1750030517578125 95.0749969482421875 96.625 96.3874969482421875 95.52500152587890625 94.68125152587890625 89.0625 80.40625 70.90625 63.512500762939453125 56.96250152587890625 51.143749237060546875
170.587493896484375 167.587493896484375 164.8000030517578125 162.2312469482421875 160.912506103515625 158.431243896484375 153.53125 144.28125 131.6687469482421875 126.2312469482421875 132.8874969482421875 136.96875 138.9562530517578125 137.962493896484375 136.5500030517578125 134.4562530517578125 131.475006103515625 128.5124969482421875 126.0812530517578125 123.4562530517578125 120.88124847412109375 117.9499969482421875 113.3562469482421875 109.80625152587890625 105.03125 99.96875 95.96875 93.50624847412109375 91.05625152587890625 88.6062469482421875 88.4187469482421875 88.78125 89.15000152587890625 90.2687530517578125 91.125 91.0187530517578125 90.38124847412109375 88.4562530517578125 81.71875 73.3874969482421875 64.3625030517578125 56.762500762939453125 50.28125 44.02500152587890625
175.2375030517578125 172.524993896484375 169.587493896484375 167.8312530517578125 166.71875 163.2687530517578125 157.0124969482421875 146.9499969482421875 136.1437530517578125 130.725006103515625 132.068756103515625 133.993743896484375 136.1125030517578125 136.1687469482421875 135.9375 135.15625 133.2624969482421875 131.756256103515625 130.3312530517578125 129.212493896484375 125.9187469482421875 121.97499847412109375 116.375 111.15625 104.75 99.0437469482421875 95.19374847412109375 91.7937469482421875 89.18125152587890625 86.4875030517578125 84.9562530517578125 84.75 84.80625152587890625 85.71875 86.5749969482421875 86.1687469482421875 84.92499542236328125 82.43125152587890625 75.5749969482421875 66.86875152587890625 58.03125 50.46875 43.47499847412109375 37.25
180.0437469482421875 177.2937469482421875 174.131256103515625 172.368743896484375 171.399993896484375 170.193756103515625 164.399993896484375 153.306243896484375 143.3625030517578125 137.6062469482421875 135.774993896484375 135.462493896484375 135.399993896484375 135.7624969482421875 136.09375 135.65625 135.131256103515625 134.725006103515625 134.587493896484375 134.59375 132.4562530517578125 127.0500030517578125 119.7687530517578125 111.68125152587890625 105.3000030517578125 99.7687530517578125 95.72499847412109375 92.00624847412109375 88.2062530517578125 85.05625152587890625 82.9812469482421875 81.9375 81.77500152587890625 82.1687469482421875 82.22499847412109375 81.15625 79.5187530517578125 76.25 69.1750030517578125 60.637500762939453125 52.03749847412109375 44.606250762939453125 38 31.693750381469726562
183.618743896484375 180.537506103515625 177.600006103515625 176.3874969482421875 175.875 175.225006103515625 171.056243896484375 158.9250030517578125 149.5749969482421875 142.90625 139.162506103515625 137.9875030517578125 136.8937530517578125 136.9812469482421875 137.837493896484375 137.412506103515625 137.212493896484375 137.125 137.462493896484375 138.75 138.3874969482421875 132.2687530517578125 123.40000152587890625 113.9375 105.7312469482421875 98.78125 93.8249969482421875 90.49375152587890625 87.2062530517578125 84.125 81.125 79.3937530517578125 78.55625152587890625 78.53749847412109375 78.375 76.5625 74.09375 70.6750030517578125 63.5 55.53125 47.16249847412109375 40.03749847412109375 33.72499847412109375 28.106250762939453125
185.962493896484375 183.037506103515625 180.131256103515625 178.1875 177.25 175.212493896484375 169.2937469482421875 160.46875 152.318756103515625 146.774993896484375 142.75 140.475006103515625 139.375 137.84375 138.475006103515625 138.8937530517578125 138.3249969482421875 138.6999969482421875 139.350006103515625 140.1750030517578125 141.1062469482421875 135.3874969482421875 125.75 115.7937469482421875 103.9562530517578125 96.0187530517578125 93.15625 89.70000457763671875 86.69374847412109375 83.16249847412109375 79.6437530517578125 76.75 75.77500152587890625 75.02500152587890625 74.4875030517578125 72.41249847412109375 69.47499847412109375 66.15000152587890625 59.65625 51.375 43.575000762939453125 37.13124847412109375 30.899999618530273438 24.28125
186.899993896484375 183.6875 180.7937469482421875 178.3625030517578125 176.1437530517578125 172.9250030517578125 167.125 160.5625 154.3625030517578125 148.774993896484375 144.375 141.912506103515625 140.306243896484375 139.2624969482421875 138.306243896484375 138.787506103515625 137.943756103515625 137.8000030517578125 137.7312469482421875 137.78125 137.587493896484375 132.712493896484375 125.71875 117.15000152587890625 107.18125152587890625 99.58124542236328125 95.13124847412109375 90.63124847412109375 86.53749847412109375 81.7624969482421875 77.33750152587890625 74.18125152587890625 72.78749847412109375 71.84375 71.13124847412109375 68.9250030517578125 66.08750152587890625 63.09999847412109375 57.15625 49.8125 41.768749237060546875 34.456249237060546875 28.456249237060546875 23.181249618530273438
186.1875 183.3249969482421875 179.625 177.037506103515625 174.399993896484375 170.5625 166.4375 161.03125 154.9812469482421875 149.875 145.725006103515625 142.931243896484375 140.868743896484375 139.6125030517578125 138.0749969482421875 138.1437530517578125 136.6125030517578125 135.1374969482421875 133.837493896484375 133.6437530517578125 133.2375030517578125 130.462493896484375 126.34999847412109375 121.21250152587890625 114.6374969482421875 107.33750152587890625 100.1750030517578125 93.2937469482421875 87.15000152587890625 80.84999847412109375 75.47499847412109375 71.63124847412109375 70.1437530517578125 69.68125152587890625 68.90625 66.0500030517578125 63.375 61.38124847412109375 57.043750762939453125 49.643749237060546875 41.237499237060546875 34.325000762939453125 28.899999618530273438 24.212499618530273438
183.8937530517578125 180.8312530517578125 177.537506103515625 174.9812469482421875 172.212493896484375 169.03125 165.0625 160 154.9250030517578125 150.46875 145.7062530517578125 141.943756103515625 139.725006103515625 138.493743896484375 137.412506103515625 136.3125 133.21875 131.006256103515625 129.162506103515625 128.243743896484375 127.6875 127.36875152587890625 126.8874969482421875 126.13124847412109375 121.77500152587890625 114.21875 105.5124969482421875 96.56874847412109375 88.2312469482421875 80.06874847412109375 73.71250152587890625 68.8874969482421875 67.0749969482421875 66.6374969482421875 65.4187469482421875 61.75 60.28749847412109375 58.700000762939453125 55.862499237060546875 49.47499847412109375 42.237499237060546875 35.80625152587890625 30.28125 25.4375
179.6750030517578125 177.131256103515625 175.068756103515625 173.225006103515625 170.506256103515625 167.524993896484375 164.0187530517578125 159.53125 154.96875 149.850006103515625 144.78125 140.5437469482421875 137.287506103515625 135.162506103515625 133.3937530517578125 131.3874969482421875 127.0437469482421875 124.2375030517578125 122.53125 121.8874969482421875 121.74375152587890625 123.08750152587890625 126.0812530517578125 129.46875 128.4250030517578125 118.80625152587890625 109.06874847412109375 97.97499847412109375 87.6125030517578125 78.4812469482421875 71.8249969482421875 67.40625 64.125 61.887500762939453125 60.03125 57.950000762939453125 56.956249237060546875 58.1875 58.418750762939453125 51.22499847412109375 43.65000152587890625 37.34999847412109375 31.506250381469726562 26.950000762939453125
174.8000030517578125 173.149993896484375 172.25 170.9187469482421875 168.8874969482421875 166.837493896484375 163.881256103515625 159.5124969482421875 154.837493896484375 149.8312530517578125 144.649993896484375 139.1374969482421875 134.5124969482421875 130.524993896484375 127.53125 124.22499847412109375 119.7687530517578125 116.36875152587890625 115.24375152587890625 114.47499847412109375 114.84999847412109375 116.90000152587890625 120.97499847412109375 125.65625 125.99375152587890625 118.83750152587890625 110.65000152587890625 98.6374969482421875 86.6374969482421875 76.1999969482421875 68.90625 64.33750152587890625 62.43125152587890625 61.24375152587890625 57.65000152587890625 51.80625152587890625 53.75 56.34999847412109375 55.63124847412109375 50.799999237060546875 43.80625152587890625 37.831249237060546875 32.15625 27.606250762939453125
168.6125030517578125 168.8625030517578125 169.087493896484375 168.8312530517578125 167.9875030517578125 166.1750030517578125 163.4499969482421875 159.7375030517578125 155.837493896484375 150.193756103515625 143.5749969482421875 137.337493896484375 131.037506103515625 125.34375 121.40000152587890625 118.25 113.83750152587890625 109.90625 108.63124847412109375 107.5 107.84375 111.7624969482421875 113.83750152587890625 118 118.7624969482421875 115.5187530517578125 107.84375 97.0187530517578125 86.00624847412109375 74.6062469482421875 65.9812469482421875 63.762500762939453125 64.9562530517578125 63.168750762939453125 59.762500762939453125 54.90625 54.36875152587890625 54.41249847412109375 52.8125 48.75624847412109375 43.02500152587890625 38.418750762939453125 32.637500762939453125 28.09375
161.681243896484375 163.8874969482421875 165.006256103515625 165.837493896484375 166.2375030517578125 165.7937469482421875 164.1437530517578125 161.1437530517578125 156.9375 151.368743896484375 144.0187530517578125 136.0625 128.3249969482421875 121.11875152587890625 116.52500152587890625 113.02500152587890625 108.2312469482421875 105.9875030517578125 104.6875 104.4375 103.66249847412109375 105.3000030517578125 109.56874847412109375 112.71875 113.03125 109.6875 103.40000152587890625 95.68125152587890625 85.25 75.1437530517578125 68.22499847412109375 68.11875152587890625 68.6437530517578125 68.9375 67.86875152587890625 62.36875152587890625 58.08750152587890625 55.143749237060546875 51.75 47.41249847412109375 42.59375 38.30625152587890625 33.05625152587890625 28.506250381469726562
