data/historical-monthly-weather-data/wc2.1_cruts4.09_10m_prec_1990-03.asc
ncols        45
nrows        45
xllcorner    -63.500000000000
yllcorner    -7.500000000000
cellsize     0.166666666667
NODATA_value -9999
[rows 0 to 19 of 45, columns 0 to 43 of 45]
386.91876220703125 399.375 394.350006103515625 398.04998779296875 396.46875 387.45001220703125 370.70623779296875 353.38751220703125 334.48126220703125 321.67498779296875 315.037506103515625 308.5625 301.95623779296875 291.006256103515625 280.899993896484375 270.29998779296875 262.95001220703125 252.46875 245.5187530517578125 238.4250030517578125 236.0187530517578125 232.9187469482421875 230.693756103515625 227.381256103515625 226.337493896484375 225.4499969482421875 226.9187469482421875 231.9187469482421875 235.75 235.9875030517578125 239.8125 241.0187530517578125 243.7687530517578125 248.53125 252.625 257.368743896484375 261.07501220703125 265.26251220703125 270.756256103515625 275.006256103515625 279.5625 284.243743896484375 287.54376220703125 291.70623779296875
404.48748779296875 420.037506103515625 427.8125 435.975006103515625 440.84375 430.131256103515625 411.850006103515625 395.412506103515625 379.73126220703125 365.568756103515625 355.681243896484375 344.75 333.850006103515625 320.725006103515625 307.493743896484375 294.881256103515625 284.23126220703125 273.587493896484375 262.89373779296875 253.1374969482421875 249.162506103515625 245.5625 243.037506103515625 239.7375030517578125 237.0437469482421875 235.256256103515625 236.024993896484375 240.6750030517578125 243.3249969482421875 243.306243896484375 244.6875 247.318756103515625 249.181243896484375 255.3562469482421875 258.100006103515625 263.256256103515625 268.1875 272.09375 277.006256103515625 280.38751220703125 285.16876220703125 289.23126220703125 291.987518310546875 295.181243896484375
412.23126220703125 430.65625 442.60626220703125 453.306243896484375 458.506256103515625 449.46875 438.837493896484375 428.725006103515625 415.037506103515625 402.63751220703125 387.98126220703125 372.850006103515625 359.774993896484375 345.375 330.493743896484375 317.818756103515625 305.51873779296875 295.15625 283.75 273.4375 268.649993896484375 264.5 259.212493896484375 254.5124969482421875 249.962493896484375 244.681243896484375 244.943756103515625 248.337493896484375 249.28125 248.475006103515625 250.4187469482421875 252.649993896484375 255.6374969482421875 259.41876220703125 264.82501220703125 268.024993896484375 273.23748779296875 278.91876220703125 283.23748779296875 287.587493896484375 291.90625 294.818756103515625 296.73126220703125 298.29998779296875
413.975006103515625 436.131256103515625 454.48126220703125 465.600006103515625 472.443756103515625 465.20001220703125 459.5 455.26873779296875 447.5625 436.493743896484375 419.493743896484375 399.38751220703125 381.712493896484375 365.375 350.518768310546875 336.837493896484375 326 316.9375 306.79376220703125 296.34375 291.28125 284.337493896484375 275.53125 268.14373779296875 260.881256103515625 253.1624908447265625 252.443756103515625 252.6437530517578125 252.618743896484375 252.7687530517578125 253.1999969482421875 256.9375 259.625 263.16876220703125 267.912506103515625 273.149993896484375 279.056243896484375 285.15625 290.88751220703125 294.6875 297.212493896484375 300.131256103515625 301.60626220703125 301.75
427.21875 446.306243896484375 459.056243896484375 472.98748779296875 481.54998779296875 477.20623779296875 472.28125 472.20623779296875 471.07501220703125 465.3125 445.550018310546875 419.962493896484375 400.35626220703125 385.625 369.08123779296875 356.3125 344.88751220703125 338.149993896484375 327.725006103515625 316.70001220703125 310.67498779296875 301.01873779296875 291.48748779296875 282.037506103515625 271.600006103515625 261.63751220703125 257.98748779296875 256.837493896484375 258.100006103515625 256.28125 257.76873779296875 259.524993896484375 264.16876220703125 268.66876220703125 273.42498779296875 279.33123779296875 285.20623779296875 291.04376220703125 297.45001220703125 300.54376220703125 303.881256103515625 304.70623779296875 304.91876220703125 305.29998779296875
437.65625 457.04998779296875 471.89373779296875 479.681243896484375 481.29376220703125 477.45001220703125 472.462493896484375 470.462493896484375 470.95623779296875 469.09375 446.13751220703125 421.48748779296875 405.51873779296875 390.90625 377.4375 366.29376220703125 356.95001220703125 351.087493896484375 343.48748779296875 333.03125 324.5625 314.48126220703125 303.75 291.89373779296875 279.774993896484375 269.443756103515625 265.337493896484375 262.618743896484375 261.40625 260.79376220703125 261.23748779296875 263.4375 266.743743896484375 273.96875 280.61248779296875 286.100006103515625 293.78125 300.037506103515625 306.412506103515625 310.73748779296875 311.9375 312.475006103515625 312.01873779296875 311.287506103515625
444.243743896484375 461.350006103515625 473.20001220703125 476.10626220703125 472.84375 465.931243896484375 458.975006103515625 451.04998779296875 442.899993896484375 434.42498779296875 424.693756103515625 410.8125 400.225006103515625 390.006256103515625 380.42498779296875 371.756256103515625 364.59375 358.887481689453125 352.375 346.79376220703125 336.35626220703125 326.04376220703125 313.60626220703125 300.75 287.868743896484375 275.587493896484375 271.125 267.45001220703125 263.850006103515625 262.01873779296875 264.662506103515625 266.5 270.38751220703125 276.274993896484375 283.84375 291.20001220703125 298.475006103515625 305.568756103515625 314.85626220703125 317.73748779296875 315.875 316.23126220703125 315.274993896484375 314.21875
444.14373779296875 458.11248779296875 464.79376220703125 466.9375 465.131256103515625 455.993743896484375 441.45001220703125 422.84375 404.318756103515625 396.64373779296875 398.287506103515625 395.51873779296875 392.65625 387.79998779296875 381.412506103515625 375.76251220703125 368.64373779296875 363.006256103515625 358.86248779296875 355.34375 346.037506103515625 335.118743896484375 322.46875 308.20001220703125 295.837493896484375 281.32501220703125 274.931243896484375 270.38751220703125 265.15625 263.16876220703125 264.318756103515625 268.64373779296875 272.225006103515625 278.35626220703125 286.01873779296875 293.443756103515625 301.28125 308.51873779296875 316.59375 318.70623779296875 317.48748779296875 317.3125 316.08123779296875 314.46875
442.912506103515625 453.95623779296875 460.087493896484375 461.85626220703125 458.568756103515625 448.100006103515625 431.993743896484375 410.131256103515625 382.806243896484375 370.51873779296875 379.54376220703125 383.46875 385.70623779296875 382.162506103515625 379.60626220703125 377.506256103515625 372.95001220703125 367.32501220703125 364.681243896484375 360.76251220703125 348.16876220703125 338.337493896484375 325.48748779296875 316.01251220703125 303.26873779296875 287.193756103515625 278.068756103515625 271.5 267.10626220703125 264.225006103515625 265.64373779296875 269.84375 273.70623779296875 279.23126220703125 285.875 294.193756103515625 303.743743896484375 310.9375 318.368743896484375 320.20623779296875 319.26251220703125 318.475006103515625 317.35626220703125 315.15625
441.399993896484375 449.71875 453.83123779296875 454.84375 452.681243896484375 442.912506103515625 428.9375 409.89373779296875 388.33123779296875 377.25 378.76873779296875 378.212493896484375 379.899993896484375 378.225006103515625 378 378.993743896484375 378.10626220703125 372.225006103515625 367.73748779296875 362.6875 349.787506103515625 339.90625 330.037506103515625 323.60626220703125 308.8125 291.91876220703125 282.21875 274.337493896484375 267.96875 264.006256103515625 264.381256103515625 269.806243896484375 274.818756103515625 281.25 287.618743896484375 295.449981689453125 304.387481689453125 312.524993896484375 320 323.03125 323.04376220703125 322.29998779296875 318.600006103515625 312.15625
439.01873779296875 445.649993896484375 447.524993896484375 448.506256103515625 447.92498779296875 440.806243896484375 429.337493896484375 412.57501220703125 396.4375 386.993743896484375 382.89373779296875 380.256256103515625 378.23126220703125 377.412506103515625 379.01873779296875 381.14373779296875 381.78125 375.58123779296875 368.48748779296875 362.14373779296875 351.212493896484375 341.375 334.399993896484375 326.412506103515625 315.756256103515625 295.881256103515625 285.087493896484375 278.399993896484375 270.73126220703125 265.125 265.987518310546875 270.16876220703125 274.79998779296875 281.118743896484375 288.006256103515625 295.29376220703125 303.649993896484375 311.95001220703125 319.59375 324.48126220703125 325.04376220703125 322.46875 316.48126220703125 308.54998779296875
434.76251220703125 441.07501220703125 442.681243896484375 444.6875 443.20623779296875 438.774993896484375 430.818756103515625 417.39373779296875 403.76873779296875 393.412506103515625 386.96875 383.20001220703125 380.16876220703125 379.306243896484375 383.431243896484375 385.23126220703125 382.64373779296875 374.524993896484375 366.625 358.61248779296875 344.912506103515625 336 331.89373779296875 330.45623779296875 318.743743896484375 294.681243896484375 283.34375 277.04998779296875 272.556243896484375 270.17498779296875 268.48126220703125 270.5625 274.14373779296875 279.46875 285.29998779296875 294.162506103515625 303.51251220703125 312.087493896484375 319.131256103515625 325.337493896484375 327.07501220703125 322.399993896484375 312.443756103515625 298.712493896484375
429.912506103515625 435.318756103515625 437.54998779296875 438.23748779296875 438.024993896484375 435.29998779296875 428.20623779296875 418.318756103515625 405.91876220703125 397.193756103515625 391.875 388.5 387.412506103515625 384.524993896484375 386.850006103515625 387.287506103515625 383.17498779296875 374.8125 366.975006103515625 356.25 338.11248779296875 328.0625 322.962493896484375 319.88751220703125 303.89373779296875 284.087493896484375 279.70001220703125 276.912506103515625 274.76251220703125 273.725006103515625 272.45623779296875 271.693756103515625 273.23748779296875 277.462493896484375 282.681243896484375 290.60626220703125 300.350006103515625 309.59375 318.131256103515625 326.056243896484375 329.774993896484375 322.681243896484375 304.88751220703125 287.58123779296875
422.98126220703125 428.774993896484375 430.54376220703125 431.1875 432.162506103515625 427.725006103515625 423.118743896484375 417.33123779296875 408.9375 400.83123779296875 394.712493896484375 393.0625 392.20001220703125 392.26873779296875 388.92498779296875 388.368743896484375 383.23126220703125 373.524993896484375 364.412506103515625 354.431243896484375 338.287506103515625 324.46875 313.53125 305.89373779296875 292.45623779296875 279.006256103515625 276.86248779296875 275.912506103515625 275.08123779296875 274.881256103515625 275.11248779296875 274.01873779296875 272.61248779296875 273.91876220703125 278 286.82501220703125 297.70623779296875 306.85626220703125 314.84375 321.868743896484375 324.868743896484375 312.431243896484375 296.29376220703125 282.243743896484375
416.162506103515625 420.01251220703125 421.881256103515625 424.493743896484375 426.04376220703125 421.95001220703125 419.375 415.84375 408.25 401 396.13751220703125 394.537506103515625 393.6875 392.83123779296875 386.03125 383.181243896484375 376.85626220703125 368.48126220703125 358.54998779296875 348.34375 333.33123779296875 317.975006103515625 304.16876220703125 296.64373779296875 287.95623779296875 280.100006103515625 278.91876220703125 278.65625 279.118743896484375 279.61248779296875 277.63751220703125 275.28125 273.568756103515625 270.61248779296875 271.537506103515625 281.98126220703125 294.475006103515625 303.98126220703125 308.381256103515625 309.693756103515625 305.95001220703125 298.506256103515625 290.60626220703125 279.399993896484375
406.243743896484375 410.506256103515625 413.256256103515625 416.13751220703125 418.368743896484375 417.40625 414.54998779296875 410.95001220703125 406.818756103515625 401.90625 396.33123779296875 395.725006103515625 395.03125 392.89373779296875 385.393768310546875 377.75 369.681243896484375 361.399993896484375 351.46875 342.006256103515625 326.287506103515625 309.75 295.28125 289.20623779296875 283.53125 279.556243896484375 280.162506103515625 281.75 284.381256103515625 284.89373779296875 283.84375 280.431243896484375 275.712493896484375 271.98748779296875 270.89373779296875 285.9375 296.662506103515625 299.693756103515625 299.45001220703125 298.08123779296875 293.649993896484375 289.125 283.57501220703125 275.443756103515625
396.84375 402.068756103515625 403.712493896484375 407.36248779296875 410.975006103515625 410.42498779296875 410.037506103515625 407.45001220703125 403.96875 400.29376220703125 395.03125 395.39373779296875 395.34375 391.5 384.493743896484375 373.837493896484375 360.931243896484375 350.58123779296875 342.193756103515625 332.48126220703125 316.98748779296875 301.056243896484375 287.48748779296875 283.28125 280.84375 277.993743896484375 280.225006103515625 283.993743896484375 287.14373779296875 289.631256103515625 289.71875 286.774993896484375 282.524993896484375 281.82501220703125 290.79376220703125 302.45001220703125 304.73126220703125 300.63751220703125 294.756256103515625 289.61248779296875 286.46875 282.76873779296875 276.78125 270.118743896484375
384.76251220703125 390.912506103515625 394.78125 399.899993896484375 404.181243896484375 404.024993896484375 403.212493896484375 402.056243896484375 399.73748779296875 396.25 392.21875 393.587493896484375 391.399993896484375 387.85626220703125 378.73126220703125 365.443756103515625 351.350006103515625 333.475006103515625 327.29376220703125 317.318756103515625 305.04376220703125 290.88751220703125 278.29998779296875 275.79376220703125 275.306243896484375 276.48748779296875 278.743743896484375 284.53125 290.38751220703125 293.73126220703125 293.399993896484375 286.51873779296875 283.837493896484375 287.79376220703125 301.618743896484375 320.537506103515625 312.32501220703125 300.26873779296875 290.725006103515625 285.60626220703125 280.100006103515625 276.28125 271.63751220703125 265.82501220703125
371.756256103515625 379.0625 383.462493896484375 389.506256103515625 395.725006103515625 397.668731689453125 397.893768310546875 397.16876220703125 394.618743896484375 391.48126220703125 387.631256103515625 385.35626220703125 384.86248779296875 381.95623779296875 369.29376220703125 353.60626220703125 337.193756103515625 318.34375 306.32501220703125 297.17498779296875 289.09375 279.34375 265.5625 265.70623779296875 268.412506103515625 272.58123779296875 277.431243896484375 282.90625 290.34375 295.91876220703125 297.51251220703125 287.98126220703125 280.32501220703125 276.975006103515625 284.66876220703125 300.01873779296875 297.443756103515625 290.66876220703125 285.61248779296875 280.100006103515625 275.48748779296875 271.09375 267.25 262.73748779296875
355 364.618743896484375 369.95623779296875 376.91876220703125 384.60626220703125 388.96875 390.76251220703125 390.98126220703125 388.82501220703125 384.875 380.225006103515625 376.59375 376.212493896484375 374.39373779296875 357.53125 336.16876220703125 315.82501220703125 301.76251220703125 288.01251220703125 277.837493896484375 269.28125 260.03125 253.0812530517578125 254.6750030517578125 259.26873779296875 264.6875 271.23126220703125 279.024993896484375 285.63751220703125 289.493743896484375 289.256256103515625 282.96875 269.11248779296875 255.7687530517578125 249.037506103515625 260.318756103515625 273.625 277.79376220703125 278.07501220703125 275.82501220703125 271.506256103515625 267.368743896484375 264.46875 261
