data/historical-monthly-weather-data/wc2.1_cruts4.09_10m_prec_1960-08.asc
ncols        45
nrows        45
xllcorner    -63.500000000000
yllcorner    -7.500000000000
cellsize     0.166666666667
NODATA_value -9999
[rows 19 to 37 of 45, columns 0 to 42 of 45]
130.3000030517578125 132.8562469482421875 133.431243896484375 134.9124908447265625 134.681243896484375 133.568756103515625 130.850006103515625 127.13124847412109375 124.88124847412109375 120.2375030517578125 114.52500152587890625 107.0625 96.03125 85.15625 76.59999847412109375 68.11875152587890625 58.24375152587890625 55.543750762939453125 55.46250152587890625 58.56874847412109375 59.59999847412109375 63.700000762939453125 72.6062469482421875 79.63124847412109375 84.09375 85.0749969482421875 83.9499969482421875 80.1062469482421875 74.0124969482421875 65.3125 61.668750762939453125 68.7624969482421875 74.33750152587890625 81.18125152587890625 88.4812469482421875 91.74375152587890625 92.8625030517578125 93.21875 89.84375 83.3562469482421875 74.1999969482421875 67.36875152587890625 62.28749847412109375
121.1374969482421875 126.91249847412109375 130.4250030517578125 132.568756103515625 131.2624969482421875 130.28125 129.2687530517578125 127.18125152587890625 125.6750030517578125 121.3125 116.7937469482421875 111.05625152587890625 99.74375152587890625 88.34999847412109375 78.2937469482421875 69.5812530517578125 61.081249237060546875 56.075000762939453125 57.25 58.90000152587890625 63.475002288818359375 69.5124969482421875 76.2937469482421875 83.36875152587890625 89.71875 88.96250152587890625 83.52500152587890625 79.1687469482421875 75.03749847412109375 71.90000152587890625 70.9250030517578125 74.125 76.33750152587890625 79.71250152587890625 85.9812469482421875 88.58750152587890625 91.2375030517578125 91.50624847412109375 87.30625152587890625 81.74375152587890625 73.5749969482421875 67.78125 63.09375
116.27500152587890625 120.3562469482421875 125.03125 129.4375 130.65625 128.9812469482421875 129.587493896484375 126.6750030517578125 126.34375 122.2624969482421875 120.41249847412109375 118.46250152587890625 113.4562530517578125 102.49375152587890625 90.59375 78.0749969482421875 71.28125 66.3562469482421875 65.58750152587890625 66.6999969482421875 67.28125 71.68125152587890625 78.33750152587890625 84.13124847412109375 87.83750152587890625 88.40000152587890625 89.3562469482421875 84.24375152587890625 80.8000030517578125 77.31874847412109375 75.3249969482421875 75.21250152587890625 76.2624969482421875 78.81874847412109375 80.50624847412109375 83.1687469482421875 87.3874969482421875 89.6687469482421875 86.56874847412109375 80.72499847412109375 73.27500152587890625 67.4499969482421875 61.799999237060546875
111.81874847412109375 119.6750030517578125 125.96875 129.21875 131.71875 130.6687469482421875 127.96250152587890625 124.7937469482421875 126.4375 127.22499847412109375 128.9812469482421875 130.193756103515625 129.537506103515625 119.5812530517578125 104.44374847412109375 90.3000030517578125 80.0187530517578125 74.75 72.8000030517578125 72.1437530517578125 72.91249847412109375 76.7062530517578125 81.6875 82.74375152587890625 87.61875152587890625 90.58750152587890625 90.96875 88.6437530517578125 83.77500152587890625 78.34375 75.5625 75.3312530517578125 75.46250152587890625 75.25624847412109375 74.97499847412109375 74.3000030517578125 78.53749847412109375 84.8937530517578125 84.46875 78.53125 72.46250152587890625 66.1750030517578125 60.78125
110.58124542236328125 120.0812530517578125 127.93125152587890625 128.90625 130.306243896484375 129.96875 129.600006103515625 128.993743896484375 126.88124847412109375 129.537506103515625 132.71875 139.368743896484375 141.556243896484375 130.3125 115.0437469482421875 100.84999847412109375 90.34999847412109375 83.78125 80.27500152587890625 79.2312469482421875 79.625 82.09999847412109375 84.3312530517578125 86.4812469482421875 88.9499969482421875 89.52500152587890625 91.50624847412109375 87.09375 83.3562469482421875 79.41249847412109375 77.0437469482421875 75.6687469482421875 75.09375 72.47499847412109375 70.8562469482421875 68.8249969482421875 71.88124847412109375 78.2062530517578125 79.03749847412109375 74.43125152587890625 69.00624847412109375 63.91249847412109375 58.875
111.7312469482421875 120.80625152587890625 128.1750030517578125 132.3874969482421875 134.837493896484375 133.4187469482421875 131.53125 131.149993896484375 131.2624969482421875 133.787506103515625 135.1999969482421875 138.6750030517578125 139.868743896484375 131.6374969482421875 119.5187530517578125 108.08750152587890625 98.6125030517578125 91.4250030517578125 87.00624847412109375 85.3000030517578125 85.4187469482421875 86.18125152587890625 87.5124969482421875 88.6687469482421875 88.5500030517578125 90.0187530517578125 88.4499969482421875 84.83750152587890625 81.49375152587890625 78.7062530517578125 76.08750152587890625 74.1687469482421875 73.13124847412109375 71.59375 69.2687530517578125 67.1125030517578125 69.34999847412109375 71.47499847412109375 71.9187469482421875 69.5 65.3312530517578125 61.643749237060546875 57.59999847412109375
116.0124969482421875 124.63124847412109375 128.506256103515625 134.568756103515625 135.443756103515625 134.1374969482421875 132.4562530517578125 133.443756103515625 131.40625 131.5500030517578125 133.0749969482421875 134.881256103515625 134.59375 127.0500030517578125 119.5500030517578125 109.97499847412109375 102.53749847412109375 96.6437530517578125 91.3000030517578125 89.99375152587890625 90.0437469482421875 89.49375152587890625 90.75 89.31874847412109375 87.9812469482421875 87.7062530517578125 86.34999847412109375 82.94374847412109375 80.28749847412109375 78.1999969482421875 75.3937530517578125 73.5437469482421875 71.3562469482421875 69.2687530517578125 66.77500152587890625 66.1687469482421875 66.86875152587890625 66.6687469482421875 67.1374969482421875 64.4562530517578125 61.612499237060546875 58.706249237060546875 56.03125
122.0187530517578125 127.76250457763671875 132.087493896484375 135.618743896484375 136.4499969482421875 134.84375 134.743743896484375 133.1750030517578125 129.5500030517578125 131.0749969482421875 132.475006103515625 129.943756103515625 127.5 121.6999969482421875 116.7624969482421875 109.52500152587890625 104.0500030517578125 98.375 94.59375 91.4562530517578125 89.58750152587890625 89.77500152587890625 89.43125152587890625 89 87.15000152587890625 84.24375152587890625 83.71250152587890625 80.8625030517578125 77.7687530517578125 75.1374969482421875 73.55625152587890625 70.9187469482421875 69.30625152587890625 67.2375030517578125 64.2312469482421875 63.549999237060546875 62.549999237060546875 62.27500152587890625 61.40625 59.13124847412109375 56.74375152587890625 54.831249237060546875 54.075000762939453125
130.537506103515625 130.71875 134.1750030517578125 136.818756103515625 138.03125 134.725006103515625 133.8937530517578125 132.5625 130.2062530517578125 129.9250030517578125 127.66249847412109375 123.9499969482421875 120.7375030517578125 116.86875152587890625 111.84999847412109375 107.22499847412109375 103.93125152587890625 99.13124847412109375 95.7624969482421875 92.3625030517578125 90.53749847412109375 87.96250152587890625 88.77500152587890625 87.46250152587890625 84.6875 80.7937469482421875 80.0812530517578125 78.1999969482421875 75.78125 73.50624847412109375 71.03125 68.22499847412109375 66.5 63.74375152587890625 62.112499237060546875 60.399997711181640625 58.53125 57.68125152587890625 57.268749237060546875 55.93125152587890625 53.74375152587890625 52.91249847412109375 52.47499847412109375
134.4187469482421875 136.75 136.9562530517578125 138.2062530517578125 135.7375030517578125 132.8125 130.1374969482421875 127.1875 127.84999847412109375 125.41249847412109375 122.8125 118.33750152587890625 114.4250030517578125 111.21250152587890625 107.90000152587890625 104.50624847412109375 102.99375152587890625 99.52500152587890625 96.25624847412109375 93.46875 90.9812469482421875 88.1687469482421875 87.6062469482421875 84.81874847412109375 82.3312530517578125 77.8249969482421875 77.2375030517578125 75.09375 72.55625152587890625 70.36875152587890625 67.7937469482421875 65.6062469482421875 62.768749237060546875 59.61875152587890625 58.112499237060546875 57.56874847412109375 56.293750762939453125 55.375 55.00624847412109375 53.25 50.38124847412109375 50.06874847412109375 50.606250762939453125
134.431243896484375 137.0999908447265625 136.1062469482421875 133.431243896484375 131.618743896484375 129.1875 125.7687530517578125 124.8125 123.06874847412109375 119.6125030517578125 117.5187530517578125 113.96250152587890625 109.875 106.0187530517578125 103.3249969482421875 100.5500030517578125 98.09375 96.9499969482421875 96.1062469482421875 91.80625152587890625 88.85625457763671875 87.34999847412109375 86.5124969482421875 83.0124969482421875 79.3312530517578125 76.524993896484375 74.1125030517578125 71.78749847412109375 68.05625152587890625 65.70624542236328125 63.75 62.112499237060546875 59.3125 56.77500152587890625 55.25 53.9375 54.174999237060546875 53.731250762939453125 52.762500762939453125 52.46250152587890625 51.0625 50.27500152587890625 49.1875
133.350006103515625 133.9812469482421875 130.2312469482421875 129.1374969482421875 130.3562469482421875 126.65000152587890625 123.7687530517578125 120.46875 117.3874969482421875 113.8937530517578125 110.6875 109.40625 107.2624969482421875 103.36875152587890625 98.93125152587890625 96.21250152587890625 95.5500030517578125 94.80625152587890625 94.71875 91.8562469482421875 88.375 84.31874847412109375 82.71875 79.36875152587890625 75.59375 73.30625152587890625 69.86875152587890625 67.96875 65.1875 63.11875152587890625 61.46875 59.237499237060546875 56.08750152587890625 53.81874847412109375 53.11875152587890625 51.575000762939453125 51.50624847412109375 51.21250152587890625 51.63124847412109375 52.487499237060546875 51.293750762939453125 48.737499237060546875 46.825000762939453125
130.54998779296875 130.962493896484375 126.8312530517578125 124.9187469482421875 126.375 122.78125 119.11875152587890625 114.3625030517578125 111.69374847412109375 108.8312530517578125 105.7312469482421875 103.68125152587890625 100.44374847412109375 97.9812469482421875 94.875 94.53125 92.8562469482421875 91.61875152587890625 90.33750152587890625 88.5749969482421875 85.71250152587890625 83.6875 80.28749847412109375 75.21875 72.08124542236328125 69.5 66.3625030517578125 64.55625152587890625 61.637500762939453125 59.299999237060546875 58.143749237060546875 55.6875 52.93125152587890625 51.174999237060546875 49.00624847412109375 47.424999237060546875 47.33750152587890625 47.41249847412109375 48.25624847412109375 49.200000762939453125 48.200000762939453125 45.71250152587890625 44.674999237060546875
120.95624542236328125 120.31874847412109375 117.78749847412109375 117.27500152587890625 116.36875152587890625 112.69374847412109375 110.7624969482421875 107.66249847412109375 104.1374969482421875 102.44374847412109375 101.9562530517578125 98.31874847412109375 94.84375 93.68125152587890625 90.8312530517578125 90.4562530517578125 88.68125152587890625 88.05625152587890625 86.46875 84.625 81.81874847412109375 79.28749847412109375 76.5187530517578125 73.75 70.6875 67.1125030517578125 64.18125152587890625 60.46250152587890625 58.018749237060546875 55.5 54.36875152587890625 51.90625 49.237499237060546875 47.03125 45.02500152587890625 43.487499237060546875 43.1875 42.80625152587890625 43.40000152587890625 44.081249237060546875 42.96875 41.487499237060546875 40.450000762939453125
110.8249969482421875 111.6687469482421875 109.5812530517578125 110.49375152587890625 106.2624969482421875 104.3125 103.7062530517578125 101.2937469482421875 97.83750152587890625 95.4375 94.00624847412109375 92.15000152587890625 90.6687469482421875 86.71250152587890625 85.52500152587890625 83.8249969482421875 83.3249969482421875 81.94374847412109375 80.16249847412109375 79.24375152587890625 77.28749847412109375 75.09375 73.2062530517578125 70.03125 67.91249847412109375 65.1125030517578125 61.81874847412109375 57.66249847412109375 55.74375152587890625 53.56874847412109375 51.700000762939453125 48.96250152587890625 45.56874847412109375 42.71875 41 39.53125 38.96875 38.18125152587890625 38.549999237060546875 38.375 38.299999237060546875 37.512500762939453125 36.36875152587890625
102.47499847412109375 102.56874847412109375 101.71875 100.46875 98.7062530517578125 97.16249847412109375 96.2062530517578125 94.55625152587890625 89.94374847412109375 88.5812530517578125 87.22499847412109375 86.9250030517578125 84.4499969482421875 82.8249969482421875 81.33750152587890625 80.2624969482421875 79.2375030517578125 77.61875152587890625 75.875 75.03125 73.5812530517578125 71.31874847412109375 68.8562469482421875 66.77500152587890625 64.4875030517578125 62.53749847412109375 59.13124847412109375 55.28125 53.43125152587890625 51.393749237060546875 48.456249237060546875 45.21250152587890625 41.956249237060546875 38.8125 36.737499237060546875 35.28749847412109375 34.018749237060546875 33.59999847412109375 33.97499847412109375 33.75 33.168750762939453125 32.543750762939453125 32.03125
94.21875 94.7375030517578125 93.1999969482421875 91.7375030517578125 90.75 88.28125 86.7375030517578125 84.31874847412109375 81.31874847412109375 80.7062530517578125 81.3249969482421875 80.4375 80.0500030517578125 78.78749847412109375 77.71875 77.31874847412109375 75.43125152587890625 74.75624847412109375 72.2375030517578125 71.03749847412109375 70.13124847412109375 69.53749847412109375 67.03125 65.3000030517578125 62.674999237060546875 60.1875 56.668750762939453125 54.481250762939453125 51.43125152587890625 48.581249237060546875 45.53125 42.362499237060546875 38.043750762939453125 35.418750762939453125 32.96875 31 30.443750381469726562 30.049999237060546875 29.774999618530273438 29.950000762939453125 29.5 29.512500762939453125 28.487499237060546875
83.93125152587890625 84.3562469482421875 82.9812469482421875 82.50624847412109375 81.94374847412109375 80.4375 79.18125152587890625 77.9812469482421875 74.71875 72.88124847412109375 76.13124847412109375 78.28749847412109375 78.55625152587890625 76.7375030517578125 76.2312469482421875 74.3125 72.3249969482421875 71.0124969482421875 69.2624969482421875 67.3625030517578125 66.7312469482421875 66.4187469482421875 64.66249847412109375 63.450000762939453125 61.59999847412109375 58.30625152587890625 55.524997711181640625 52.918750762939453125 48.924999237060546875 45.956249237060546875 43.18125152587890625 39.52500152587890625 35.581249237060546875 32.237499237060546875 29.725000381469726562 28.118749618530273438 27.537500381469726562 27.318750381469726562 26.887500762939453125 26.981250762939453125 26.399999618530273438 26.381250381469726562 25.46875
75.8625030517578125 76.63124847412109375 74.8937530517578125 75.58750152587890625 75.6374969482421875 74.02500152587890625 72.9499969482421875 71.69374847412109375 70.36875152587890625 68.65625 75.9187469482421875 78.6999969482421875 76.65000152587890625 75.9812469482421875 75.6062469482421875 73.0625 69.94374847412109375 67.7062530517578125 67.24375152587890625 65.27500152587890625 64.5437469482421875 63.47499847412109375 62.19374847412109375 61.18125152587890625 59.762500762939453125 57.625 55.012500762939453125 52.44374847412109375 48.987499237060546875 45.28125 41.418750762939453125 38.331249237060546875 34.674999237060546875 30.225000381469726562 27.206251144409179688 25.450000762939453125 25.46875 25.40625 25.200000762939453125 25.193750381469726562 23.762500762939453125 23.200000762939453125 22.575000762939453125
