data/historical-monthly-weather-data/wc2.1_cruts4.09_10m_prec_1990-11.asc
ncols        45
nrows        45
xllcorner    -63.500000000000
yllcorner    -7.500000000000
cellsize     0.166666666667
NODATA_value -9999
[rows 0 to 18 of 45, columns 0 to 43 of 45]
212.8125 212.0749969482421875 206.6062469482421875 205.524993896484375 203.875 202.90625 200.3874969482421875 197.8562469482421875 195.462493896484375 191.9875030517578125 188.475006103515625 182.7375030517578125 177.243743896484375 169.1437530517578125 162.46875 155.3562469482421875 148.8125 141.462493896484375 134.8000030517578125 129.1687469482421875 124.43125152587890625 119.8625030517578125 116.03749847412109375 111.44374847412109375 107.58750152587890625 104.40000152587890625 102.5625 100.91249847412109375 98.93125152587890625 96.81874847412109375 95.1125030517578125 94.1125030517578125 92.9875030517578125 92.53749847412109375 91.75 91.05625152587890625 90.5187530517578125 89.53125 88.02500152587890625 86.55625152587890625 84.4812469482421875 83.5812530517578125 81.8562469482421875 80.09999847412109375
217.306243896484375 215.256256103515625 212.8000030517578125 212.931243896484375 214.3937530517578125 213.462493896484375 210.5437469482421875 209.962493896484375 207.5 203.243743896484375 198.850006103515625 191.350006103515625 183.3562469482421875 175.1999969482421875 166.818756103515625 159.9375 151.962493896484375 144.625 137.3125 131.2375030517578125 125.9499969482421875 121.02500152587890625 117.0437469482421875 113.18125152587890625 108.2312469482421875 104.40000152587890625 102.52500152587890625 100.3937530517578125 98.34375 96.125 94.3937530517578125 93.3562469482421875 91.6374969482421875 91.8874969482421875 91.56874847412109375 90.6750030517578125 89.9187469482421875 88.7687530517578125 86.90625 85.21875 83.46875 82.16249847412109375 80.75624847412109375 78.2624969482421875
217.15625 215.6374969482421875 213.337493896484375 212.6687469482421875 214.662506103515625 214.256256103515625 215.399993896484375 215.8625030517578125 215.1374969482421875 211.5500030517578125 205.8000030517578125 197.068756103515625 188.462493896484375 179.3249969482421875 170.21875 161.96875 154.3562469482421875 147.4562530517578125 140 133.8625030517578125 128.306243896484375 122.96875 118.4812469482421875 114.2312469482421875 109.1875 104.5749969482421875 102.25 100.15000152587890625 97.52500152587890625 94.9562530517578125 93.7687530517578125 92.4375 92.13124847412109375 91.9187469482421875 91.875 90.53749847412109375 89.3937530517578125 88.93125152587890625 87.3000030517578125 85.90000152587890625 84.09375 82.3125 80.71875 78.5625
211.3874969482421875 209.4375 209.881256103515625 209 211.381256103515625 212.5500030517578125 214.6999969482421875 218.4562530517578125 220.618743896484375 218.868743896484375 212.1875 201.78125 192 182.0749969482421875 172.743743896484375 164.318756103515625 156.8874969482421875 149.6999969482421875 143.0124969482421875 137.7937469482421875 132.024993896484375 125.90625 119.9562530517578125 114.61875152587890625 109.1875 104.33750152587890625 101.74375152587890625 98.4499969482421875 96.02500152587890625 94.15625 92.8000030517578125 91.9562530517578125 90.94374847412109375 90.75 90.5812530517578125 90.31874847412109375 89.65000152587890625 88.84999847412109375 87.61875152587890625 86.21250152587890625 83.8125 82.5625 80.2937469482421875 77.9250030517578125
210.962493896484375 205.8249969482421875 199.837493896484375 201.0187530517578125 205.931243896484375 208.962493896484375 212.6125030517578125 218.7062530517578125 224.256256103515625 225.618743896484375 216.0812530517578125 202.7937469482421875 192.40625 183.337493896484375 174.256256103515625 166.4375 158.7624969482421875 152.5500030517578125 146.162506103515625 140.0437469482421875 134.899993896484375 128.212493896484375 121.77500152587890625 116.3312530517578125 109.27500152587890625 103.58750152587890625 99.33750152587890625 96.78749847412109375 94.75 92.2062530517578125 90.84375 90.13124847412109375 89.4812469482421875 89.5812530517578125 89.77500152587890625 89.56874847412109375 89.1374969482421875 88.6437530517578125 88.03749847412109375 85.8625030517578125 83.8000030517578125 81.7687530517578125 79.65625 77.3874969482421875
206.6687469482421875 202.318756103515625 196.649993896484375 191.7375030517578125 197.9375 204.837493896484375 209.9499969482421875 214.868743896484375 219.850006103515625 222.6437530517578125 212.5437469482421875 200.006256103515625 191.131256103515625 182.8625030517578125 174.2624969482421875 166.537506103515625 159.9562530517578125 154.2312469482421875 149 142.625 136.475006103515625 130.03125 123.21875 116.28125 109.6999969482421875 103.18125152587890625 98.9250030517578125 95.72499847412109375 93.22499847412109375 90.5625 88.52500152587890625 88.72499847412109375 88.0749969482421875 88.6125030517578125 88.8562469482421875 89.3625030517578125 89.3937530517578125 89.46875 89.49375152587890625 87.77500152587890625 84.1125030517578125 82.09999847412109375 79.875 77.7937469482421875
204.037506103515625 202.006256103515625 196.818756103515625 192.0437469482421875 193.84375 197.193756103515625 201.600006103515625 205.118743896484375 205.6125030517578125 202.8874969482421875 199.40625 192.3562469482421875 186.7062530517578125 180.3874969482421875 173.850006103515625 167.6875 161.71875 156.162506103515625 150.21875 145.7624969482421875 139.100006103515625 131.912506103515625 124.6750030517578125 117.00624847412109375 109.78125 103.5187530517578125 98.6125030517578125 94.6062469482421875 90.6750030517578125 88.13124847412109375 86.6125030517578125 86.2312469482421875 86.2062530517578125 87.09375 88.0625 88.41249847412109375 88.46250152587890625 89.125 90.72499847412109375 88.6687469482421875 84.41249847412109375 81.96875 79.72499847412109375 77.4812469482421875
203.6750030517578125 201.337493896484375 197.8000030517578125 196.399993896484375 197.600006103515625 197.46875 195.131256103515625 190.7062530517578125 185.1437530517578125 182.8312530517578125 185.0500030517578125 183.774993896484375 181.15625 177.162506103515625 172.524993896484375 168.274993896484375 163.118743896484375 157.7375030517578125 152.6687469482421875 147.7312469482421875 142.118743896484375 134.912506103515625 126.41249847412109375 118.2062530517578125 111.125 102.96875 97.34375 92.44374847412109375 88.5500030517578125 85.3625030517578125 83.66249847412109375 83.84375 84.1750030517578125 85.03749847412109375 86.2375030517578125 86.40625 86.9812469482421875 87.125 87.21875 85.3562469482421875 81.9812469482421875 79.78125 77.5625 75.25624847412109375
203.9875030517578125 203.1750030517578125 201.712493896484375 200.881256103515625 201.1125030517578125 199.3562469482421875 195.443756103515625 188.8625030517578125 177.2687530517578125 171.0437469482421875 175.412506103515625 176.743743896484375 176.53125 174.1750030517578125 171.3937530517578125 168.0812530517578125 164.162506103515625 160.0812530517578125 157.506256103515625 152.7624969482421875 145.024993896484375 137.5625 128.1875 120.75 112.29999542236328125 103.2687530517578125 96.61875152587890625 91.6125030517578125 87.33750152587890625 83.22499847412109375 81.83750152587890625 82.55625152587890625 82.4187469482421875 82.86875152587890625 83.6125030517578125 84.24375152587890625 84.63124847412109375 84.55625152587890625 84.0749969482421875 82.84375 80.0500030517578125 77.74375152587890625 76.00624847412109375 73.98125457763671875
205.056243896484375 204.1062469482421875 203.3625030517578125 203.431243896484375 204.2312469482421875 203.068756103515625 198.118743896484375 190.46875 181.431243896484375 176.181243896484375 175.462493896484375 173.6875 173.78125 171.90625 169.837493896484375 167.881256103515625 165.3312530517578125 163.21875 161.287506103515625 158.625 150.681243896484375 141.71875 131.118743896484375 122.46875 112.58124542236328125 103.4375 97.11875152587890625 91.1999969482421875 86.21875 81.4499969482421875 79.91249847412109375 80.50624847412109375 80.4499969482421875 81.03749847412109375 81.8000030517578125 82.4375 82.97499847412109375 82.3874969482421875 81.8874969482421875 80.7312469482421875 78.6875 76.6999969482421875 74.5437469482421875 72.06874847412109375
206.631256103515625 206.162506103515625 205.21875 205.5 206.375 207.21875 203.2062530517578125 194.618743896484375 185.9187469482421875 179.9375 177.6750030517578125 174.6062469482421875 172.4875030517578125 170.149993896484375 168.118743896484375 166.5 165.4250030517578125 164.868743896484375 164.5812530517578125 164.0749969482421875 159.100006103515625 148.5124969482421875 135.443756103515625 122.8625030517578125 113.30625152587890625 105.03125 98.6437530517578125 92.71250152587890625 86.72499847412109375 81.7312469482421875 80.00624847412109375 80.06874847412109375 80.1374969482421875 80.3874969482421875 80.53125 80.58124542236328125 80.54999542236328125 80.15625 80.4250030517578125 79.49375152587890625 77.49375152587890625 75.75 73.80625152587890625 71.53125
208.1999969482421875 207.8000030517578125 206.96875 208.287506103515625 209.3874969482421875 210.25 207.5500030517578125 198.7687530517578125 189.931243896484375 183.40625 179.1374969482421875 175.65625 170.96875 167.837493896484375 166.0124969482421875 164.712493896484375 164.3937530517578125 164.4937591552734375 165.993743896484375 168.256256103515625 165.5187530517578125 154.8937530517578125 140.09375 125.72499847412109375 114.5812530517578125 105.7937469482421875 99.3000030517578125 93.75624847412109375 89.03125 84.28749847412109375 81.5 80.34375 79.61875152587890625 79.30625152587890625 79.50624847412109375 79.59375 79.3874969482421875 79.3625030517578125 79.34375 78.72499847412109375 77.38124847412109375 75.6374969482421875 73.75 71.65625
209.306243896484375 209.6687469482421875 209.100006103515625 209.1374969482421875 209.1750030517578125 209.0749969482421875 205.556243896484375 198.743743896484375 190.7937469482421875 184.787506103515625 179.625 175.8937530517578125 170.931243896484375 164.3249969482421875 161.6374969482421875 160.8125 161.118743896484375 163.3125 165.912506103515625 168.6999969482421875 167.6875 157.6062469482421875 142.118743896484375 128.6125030517578125 115.9499969482421875 106.05625152587890625 100.90000152587890625 95.63124847412109375 91.25 86.75624847412109375 83.43125152587890625 81.2624969482421875 79.30625152587890625 78.28749847412109375 78.1875 78.21250152587890625 78.2375030517578125 78.2624969482421875 78.8125 77.81874847412109375 77.1125030517578125 75.8874969482421875 73.19374847412109375 68.2312469482421875
209.962493896484375 209.225006103515625 208.475006103515625 207.9375 207.65625 205.5500030517578125 202.087493896484375 197.037506103515625 191.0187530517578125 184.649993896484375 178.993743896484375 172.806243896484375 167.3625030517578125 160.96875 155.431243896484375 154.618743896484375 155.75 158.1875 160.975006103515625 163.087493896484375 160.806243896484375 152.3312530517578125 140.1062469482421875 128.2937469482421875 117.4562530517578125 108.44374847412109375 103.84375 98.9187469482421875 94.11875152587890625 89.13124847412109375 85.4875030517578125 82.47499847412109375 79.4562530517578125 77.4812469482421875 77.3000030517578125 77.71250152587890625 77.8562469482421875 78.875 78.91249847412109375 78.8312530517578125 77.3625030517578125 73.8874969482421875 70.2062530517578125 67.84999847412109375
209.006256103515625 208.1750030517578125 207.462493896484375 206.787506103515625 205.9875030517578125 203.375 200.4875030517578125 195.993743896484375 189.8312530517578125 183.337493896484375 177.006256103515625 170.2624969482421875 163.4812469482421875 156.3625030517578125 148.625 146.931243896484375 148.7062530517578125 151.681243896484375 154.78125 156.71875 153.850006103515625 146.962493896484375 137.649993896484375 128.975006103515625 121.06874847412109375 113.7062530517578125 108.75624847412109375 103.52500152587890625 98.31874847412109375 92.3874969482421875 87.6750030517578125 83.63124847412109375 80.3625030517578125 77.99375152587890625 76.90000152587890625 77.2062530517578125 78.49375152587890625 80.74375152587890625 81.9875030517578125 81.0749969482421875 78.11875152587890625 75.2062530517578125 72.96250152587890625 71.03125
206.756256103515625 205.8874969482421875 205.8312530517578125 205.03125 204.225006103515625 201.9812469482421875 198.3125 193.993743896484375 188.9375 183.5 176.443756103515625 168.912506103515625 161.4187469482421875 152.681243896484375 143.931243896484375 138.5500030517578125 142.1062469482421875 146.818756103515625 149.875 151.5437469482421875 149.4187469482421875 143.975006103515625 136.3562469482421875 129.962493896484375 124.2375030517578125 119.41249847412109375 115.2624969482421875 109.65625 102.875 95.5812530517578125 89.9187469482421875 85.34375 81.3125 78.96875 76.8125 78.1875 80.6062469482421875 81.24375152587890625 82.4499969482421875 82.0625 81.19374847412109375 78.9375 76.08750152587890625 71.91249847412109375
204.0500030517578125 204.2937469482421875 203.681243896484375 202.943756103515625 202.631256103515625 200.225006103515625 197.4375 193.1125030517578125 188.5124969482421875 182.943756103515625 176.5500030517578125 168.9812469482421875 160.71875 151.9375 143.75 138.693756103515625 138.28125 141.881256103515625 145.818756103515625 148.1999969482421875 146.475006103515625 141.962493896484375 135.625 130.3625030517578125 126.69374847412109375 124.83750152587890625 122.72499847412109375 115.5812530517578125 106.4375 98.3312530517578125 92.34999847412109375 88.52500152587890625 83.77500152587890625 80.61875152587890625 80.9499969482421875 83.90625 84.5187530517578125 85.8874969482421875 87.81874847412109375 86.91249847412109375 86.65625 83.9187469482421875 78.63124847412109375 74.81874847412109375
200.3625030517578125 200.899993896484375 201.193756103515625 201.149993896484375 200.556243896484375 199.587493896484375 197.462493896484375 193.46875 189.1374969482421875 183.5812530517578125 177.2375030517578125 169.8125 160.7062530517578125 152.84375 146.3562469482421875 141.4187469482421875 139.056243896484375 138.0875091552734375 142.9812469482421875 145.84375 145.712493896484375 140.993743896484375 135.2937469482421875 131.962493896484375 130.2062530517578125 129.4499969482421875 130.1374969482421875 121.08750152587890625 109.3312530517578125 99.02500152587890625 92.19374847412109375 88.21250152587890625 86.50624847412109375 87.1875 88.36875152587890625 87.56874847412109375 88.8625030517578125 90.1875 89.68125152587890625 90.7687530517578125 89.7062530517578125 86.375 81.8937530517578125 78.18125152587890625
195.975006103515625 197.78125 198.375 198.881256103515625 199.2624969482421875 198.568756103515625 196.5749969482421875 193.875 190.381256103515625 185.9812469482421875 179.375 171.5 162.5749969482421875 155.068756103515625 148.1875 143.506256103515625 140.600006103515625 137.931243896484375 139.6687469482421875 142.7937469482421875 145.0124969482421875 143.53125 134.9875030517578125 132.90625 132.3937530517578125 131.8249969482421875 130.287506103515625 122.46875 111.69374847412109375 100.24375152587890625 91.78749847412109375 90.24375152587890625 92.80625152587890625 93.40000152587890625 92.9875030517578125 93.83750152587890625 94.0812530517578125 94.25624847412109375 94.3874969482421875 94.1875 92.7375030517578125 90.72499847412109375 85.91249847412109375 81.97499847412109375
