data/historical-monthly-weather-data/wc2.1_cruts4.09_10m_prec_1957-04.asc
ncols        45
nrows        45
xllcorner    -63.500000000000
yllcorner    -7.500000000000
cellsize     0.166666666667
NODATA_value -9999
[rows 20 to 39 of 45, columns 0 to 44 of 45]
267.881256103515625 278.037506103515625 286.73126220703125 294.63751220703125 300.89373779296875 311.681243896484375 321.59375 326.09375 327.131256103515625 323.75 317.39373779296875 309.04998779296875 301.07501220703125 295.037506103515625 285.649993896484375 278.26251220703125 273.33123779296875 273.681243896484375 277.01873779296875 279.90625 288.568756103515625 295.28125 299.21875 301.368743896484375 306.82501220703125 311.337493896484375 311.881256103515625 311.381256103515625 308.60626220703125 305.07501220703125 296.91876220703125 289.100006103515625 273.725006103515625 256.23748779296875 241.975006103515625 254.975006103515625 275.743743896484375 291.75 301.131256103515625 304.60626220703125 303.600006103515625 302.631256103515625 296.51873779296875 292.53125 287.3125
258.287506103515625 265.42498779296875 275.118743896484375 288.125 298.087493896484375 307.26251220703125 317.693756103515625 325.41876220703125 327.068756103515625 320.975006103515625 309.73126220703125 295.274993896484375 284.306243896484375 277.98748779296875 274.662506103515625 270.01251220703125 269.056243896484375 268.91876220703125 271.631256103515625 273.76873779296875 276.899993896484375 282.76251220703125 290.225006103515625 294.381256103515625 301.32501220703125 312.25 326.524993896484375 325.36248779296875 321.03125 316.35626220703125 306.712493896484375 295.91876220703125 282.943756103515625 271.287506103515625 265.29376220703125 270.806243896484375 285.618743896484375 298.568756103515625 304.07501220703125 304.931243896484375 303.412506103515625 300.537506103515625 294.212493896484375 288.92498779296875 283.04998779296875
250.09375 262.256256103515625 273.23126220703125 285.54376220703125 295.912506103515625 305.39373779296875 313.318756103515625 323.41876220703125 331.29376220703125 319.493743896484375 301.57501220703125 282.274993896484375 268.537506103515625 263.931243896484375 264.42498779296875 264.73748779296875 263.66876220703125 262.73126220703125 263.46875 263.756256103515625 267.256256103515625 271.806243896484375 275.868743896484375 281.681243896484375 293.20623779296875 307.98126220703125 324.70001220703125 327.91876220703125 325.78125 320.13751220703125 313.243743896484375 305.481231689453125 299.54998779296875 293.45001220703125 291.60626220703125 292.631256103515625 300.350006103515625 308.61248779296875 310.318756103515625 306.712493896484375 302.568756103515625 297.09375 290.39373779296875 284.36248779296875 278.806243896484375
244.7375030517578125 257.09375 269.67498779296875 279.631256103515625 288.90625 298.26873779296875 308.82501220703125 317.037506103515625 322.243743896484375 309.868743896484375 291.774993896484375 275.306243896484375 257.287506103515625 256.350006103515625 258.83123779296875 259.306243896484375 257.84375 258.66876220703125 257.90625 258.23748779296875 259.57501220703125 260.475006103515625 262.88751220703125 270.475006103515625 281.368743896484375 291.462493896484375 304.70001220703125 316.256256103515625 321.006256103515625 322.899993896484375 322.11248779296875 321.712493896484375 319.59375 315.006256103515625 313.95001220703125 313.537506103515625 317.524993896484375 318.881256103515625 315.14373779296875 307.6875 301.524993896484375 294.14373779296875 286.63751220703125 279.368743896484375 275.36248779296875
242.743743896484375 254.9812469482421875 265.649993896484375 276.04998779296875 285.868743896484375 293.59375 301.21875 307.3125 307.10626220703125 300.649993896484375 286.649993896484375 271.53125 262.0625 256.306243896484375 255.7062530517578125 255.4499969482421875 255.993743896484375 256.243743896484375 255.2687530517578125 253.100006103515625 251.9250030517578125 250.743743896484375 251.78125 256.78125 265.42498779296875 280.04376220703125 295.21875 307.92498779296875 318.493743896484375 329.125 335.412506103515625 340.75 341.23748779296875 336.875 332.73126220703125 327.381256103515625 326.756256103515625 322.35626220703125 316.412506103515625 309.131256103515625 301.08123779296875 292.04376220703125 284.90625 276.07501220703125 266.600006103515625
248.2624969482421875 258.38751220703125 263.3125 271.725006103515625 278.6875 285.46875 291.756256103515625 295.76251220703125 292.5 286.23748779296875 278.89373779296875 271.287506103515625 264.212493896484375 260.181243896484375 256.86248779296875 257.193756103515625 256.65625 256.10626220703125 253.368743896484375 248.600006103515625 247.5812530517578125 243.375 240.5437469482421875 240.274993896484375 252.193756103515625 269.95001220703125 290.15625 304.61248779296875 320.412506103515625 333.181243896484375 347.17498779296875 359.443756103515625 362.443756103515625 354.35626220703125 344.899993896484375 337.0625 332.13751220703125 325.67498779296875 317.38751220703125 309.125 300.98126220703125 290.39373779296875 281.07501220703125 270.53125 262.837493896484375
250.9187469482421875 255.8249969482421875 261.056243896484375 266.712493896484375 270.66876220703125 277.381256103515625 281.59375 283.0625 280.76251220703125 280.3125 277.8125 272.13751220703125 267.59375 264.78125 262.149993896484375 261.23126220703125 259.875 257.443756103515625 255.3312530517578125 251.493743896484375 246.693756103515625 240.46875 233.8125 232.274993896484375 246.9562530517578125 263.54376220703125 284.67498779296875 300.85626220703125 318.649993896484375 334.01251220703125 352.149993896484375 368.73126220703125 375.46875 364.537506103515625 352.54998779296875 342.287506103515625 335.20001220703125 327.475006103515625 317.33123779296875 308.568756103515625 298.681243896484375 289.36248779296875 279.625 270.6875 268.381256103515625
254.9250030517578125 255.399993896484375 258.26873779296875 261.506256103515625 265.03125 269.16876220703125 273.399993896484375 273.21875 273.881256103515625 275.17498779296875 272.787506103515625 271.149993896484375 268.868743896484375 268.61248779296875 266.84375 264.35626220703125 263.5 263.568756103515625 259.725006103515625 256.76873779296875 252.3312530517578125 244.8562469482421875 242.600006103515625 241.5812530517578125 250.9250030517578125 265.41876220703125 282.33123779296875 298.787506103515625 315.32501220703125 331.587493896484375 347.51873779296875 361.90625 366.912506103515625 360.462493896484375 352.95623779296875 342.51251220703125 336.024993896484375 328.625 318.631256103515625 308.96875 299.568756103515625 290.681243896484375 281.493743896484375 274.90625 280.32501220703125
256.8125 254.75 254.9124908447265625 256.912506103515625 258.23748779296875 259.6875 262.38751220703125 265.59375 269.32501220703125 270.23748779296875 271.181243896484375 271.16876220703125 270.11248779296875 271.274993896484375 272.07501220703125 272.818756103515625 272.75 269.73126220703125 267.850006103515625 264.125 260.193756103515625 253.399993896484375 251.625 252.725006103515625 258.51251220703125 269.92498779296875 284.58123779296875 298.54376220703125 312.899993896484375 327.068756103515625 338.38751220703125 349.131256103515625 350.92498779296875 350.024993896484375 346.48748779296875 339.318756103515625 334.600006103515625 328.818756103515625 319.95001220703125 308.993743896484375 297.125 288.975006103515625 282.287506103515625 284.61248779296875 291.412506103515625
259.306243896484375 255.1125030517578125 253.8000030517578125 251.5 252.0187530517578125 254.3312530517578125 257.243743896484375 261.149993896484375 264.36248779296875 266.14373779296875 269.1875 270.65625 273.931243896484375 276.693756103515625 277.98748779296875 278.45001220703125 278.83123779296875 279.60626220703125 276.806243896484375 271.20623779296875 265.40625 261.98748779296875 261.837493896484375 261.068756103515625 263.899993896484375 272.368743896484375 285.15625 295.46875 307.45001220703125 318.45623779296875 327.662506103515625 334.13751220703125 336.46875 338.375 338.193756103515625 333.45623779296875 331.287506103515625 327.443756103515625 318.20001220703125 310.91876220703125 303.26873779296875 297.587493896484375 291.618743896484375 294.462493896484375 295.987518310546875
259.65625 253.193756103515625 250.274993896484375 247.9375 248.100006103515625 249.5187530517578125 252.96875 255.2624969482421875 258.806243896484375 262.83123779296875 267.28125 271.024993896484375 277.41876220703125 279.9375 282.79998779296875 284.48126220703125 287.20001220703125 288.475006103515625 287.11248779296875 282.600006103515625 276.3125 271.23126220703125 269.337493896484375 265.79998779296875 265.60626220703125 275.524993896484375 283.26251220703125 292.587493896484375 301.67498779296875 308.756256103515625 316.431243896484375 321.774993896484375 325.774993896484375 328.42498779296875 328.662506103515625 326.600006103515625 323.443756103515625 321.443756103515625 317.306243896484375 312.11248779296875 306.60626220703125 301.662506103515625 298.662506103515625 298.125 300.45001220703125
257.962493896484375 250.125 246.6875 245.662506103515625 244.649993896484375 244.1687469482421875 247.118743896484375 248.7624969482421875 252.6125030517578125 256.962493896484375 263.149993896484375 271.212493896484375 277.23126220703125 282.568756103515625 285.98748779296875 289.20623779296875 290.0625 292.20623779296875 290.850006103515625 290.337493896484375 284.90625 279.649993896484375 275.362518310546875 271.568756103515625 273.21875 277.92498779296875 282.162506103515625 289.756256103515625 295.212493896484375 301.48748779296875 308.350006103515625 312.818756103515625 314.53125 317.28125 318.712493896484375 317.462493896484375 316.78125 313.98748779296875 310.931243896484375 307.23126220703125 307.375 305.212493896484375 302.725006103515625 302.743743896484375 305.287506103515625
256.76251220703125 247.618743896484375 244.4187469482421875 242.225006103515625 241.693756103515625 240.6374969482421875 240.662506103515625 242.649993896484375 245.756256103515625 251.631256103515625 261.524993896484375 269.01251220703125 278.225006103515625 286.35626220703125 289.85626220703125 292.23126220703125 294.693756103515625 297.274993896484375 295.037506103515625 293.26251220703125 290.368743896484375 285.54998779296875 280.587493896484375 276.931243896484375 277.98126220703125 278.056243896484375 281.556243896484375 285.162506103515625 289.068756103515625 295.118743896484375 299.318756103515625 301.70623779296875 302.774993896484375 305.756256103515625 307.70001220703125 308.34375 307.6875 306.48126220703125 302.58123779296875 305.45001220703125 305.056243896484375 303.48748779296875 303.36248779296875 305.350006103515625 308.774993896484375
254.1125030517578125 246.4187469482421875 243.34375 240.350006103515625 238.1062469482421875 237.875 237.3874969482421875 236.881256103515625 239.443756103515625 245.256256103515625 253.78125 265.78125 277.85626220703125 285.412506103515625 290.51251220703125 292.64373779296875 296.125 298.524993896484375 297.431243896484375 295.79998779296875 293.01251220703125 289.131256103515625 284.931243896484375 278.42498779296875 279.09375 277.712493896484375 277.84375 279.39373779296875 282.149993896484375 285.34375 288.475006103515625 291.70623779296875 292.649993896484375 294.88751220703125 297.13751220703125 297.39373779296875 297.712493896484375 294.274993896484375 296.29376220703125 299.08123779296875 298.59375 299.600006103515625 301.51873779296875 305.037506103515625 309.931243896484375
249.912506103515625 244.4812469482421875 242.368743896484375 237.8249969482421875 234.5124969482421875 232.8000030517578125 231.0812530517578125 230.6374969482421875 231.2937469482421875 235.193756103515625 246.225006103515625 262.03125 278.068756103515625 290.3125 294.350006103515625 296.67498779296875 298.006256103515625 297.631256103515625 298.92498779296875 295.662506103515625 294.837493896484375 289.762481689453125 286.024993896484375 277.86248779296875 276.25 276.09375 275.16876220703125 273.743743896484375 275.243743896484375 278.66876220703125 280.149993896484375 282.88751220703125 282.306243896484375 284.756256103515625 285.693756103515625 285.162506103515625 283.587493896484375 287.274993896484375 289.59375 291.35626220703125 291.23748779296875 293.506256103515625 296.962493896484375 300.48748779296875 302.9375
248.1374969482421875 244.725006103515625 242.0437469482421875 237.837493896484375 233.65625 230.1687469482421875 228 225.618743896484375 223.375 225.25 234.6374969482421875 253.2624969482421875 273.91876220703125 287.681243896484375 292.67498779296875 295.412506103515625 297.399993896484375 297.568756103515625 298.29998779296875 297.899993896484375 294.95623779296875 291.03125 283.4375 276.806243896484375 273.024993896484375 271.89373779296875 271.193756103515625 270.39373779296875 270.91876220703125 272.26251220703125 273.23126220703125 273.868743896484375 272.98748779296875 275.48748779296875 274.83123779296875 271.818756103515625 275.256256103515625 278.84375 279.82501220703125 282.056243896484375 284.1875 285.86248779296875 288.03125 291.70001220703125 292.29376220703125
247.0437469482421875 245.3874969482421875 242.125 238.4875030517578125 233.9187469482421875 229.96875 227.2375030517578125 221.7624969482421875 215.90625 213.5187530517578125 224.8874969482421875 249.5187530517578125 268.1875 279.893768310546875 287.787506103515625 291.95001220703125 292.51873779296875 293.63751220703125 295.1875 292.899993896484375 290.506256103515625 285.79998779296875 278.57501220703125 272.868743896484375 268.056243896484375 266.38751220703125 266.600006103515625 266.42498779296875 265.943756103515625 265.75 266.98126220703125 267.837493896484375 266.64373779296875 266.21875 264.5625 264.09375 267.41876220703125 271.65625 274.42498779296875 273.962493896484375 275.86248779296875 276.91876220703125 279.899993896484375 282.48126220703125 283.96875
248.681243896484375 245.7687530517578125 241.7375030517578125 238.912506103515625 234.537506103515625 230.8874969482421875 226.693756103515625 220.006256103515625 214.943756103515625 210.287506103515625 227.03125 250.84375 265.51251220703125 275.625 282.587493896484375 287.287506103515625 287.23126220703125 289.149993896484375 287.693756103515625 284.33123779296875 281.67498779296875 276.462493896484375 271.95001220703125 266.625 261.837493896484375 261.53125 259.54376220703125 261.08123779296875 261.45001220703125 261.58123779296875 260.225006103515625 260.78125 260.92498779296875 259.14373779296875 255.100006103515625 258.26873779296875 261.306243896484375 263.399993896484375 267.725006103515625 268.0625 267.70623779296875 269.162506103515625 269.493743896484375 270.306243896484375 272.774993896484375
249.75 244.6125030517578125 241.1125030517578125 239.09375 236.4187469482421875 231.631256103515625 228.131256103515625 224.1687469482421875 224.649993896484375 231.662506103515625 248.625 260.01873779296875 265.975006103515625 273.6875 279.493743896484375 281.706268310546875 282.01873779296875 282.25 277.91876220703125 275.71875 271.86248779296875 266.28125 262.20623779296875 259.350006103515625 256.41876220703125 254.181243896484375 253.631256103515625 255.149993896484375 255.6999969482421875 257.5 257.5 255.649993896484375 255.712493896484375 255.78125 257.07501220703125 257.3125 257.85626220703125 260.48126220703125 261.73748779296875 259.85626220703125 259.92498779296875 261.600006103515625 260.73126220703125 262.38751220703125 264.087493896484375
249.9499969482421875 245.524993896484375 242.681243896484375 241.212493896484375 238.96875 235.962493896484375 231.600006103515625 232.0749969482421875 235.4375 242.2937469482421875 252.21875 261.899993896484375 266.66876220703125 272.10626220703125 276.212493896484375 277.16876220703125 276.931243896484375 276.024993896484375 270.381256103515625 265.912506103515625 260.649993896484375 257.443756103515625 251.0124969482421875 248.3249969482421875 248.8874969482421875 248.1125030517578125 248.5124969482421875 250.462493896484375 251.631256103515625 253.2937469482421875 251.837493896484375 254.90625 257.675018310546875 258.07501220703125 259.524993896484375 258.912506103515625 257.975006103515625 259.10626220703125 258.100006103515625 253.6750030517578125 252.125 253.21875 251.0749969482421875 251.7937469482421875 254.725006103515625
