data/historical-monthly-weather-data/wc2.1_cruts4.09_10m_prec_1979-11.asc
ncols        45
nrows        45
xllcorner    -63.500000000000
yllcorner    -7.500000000000
cellsize     0.166666666667
NODATA_value -9999
[rows 19 to 37 of 45, columns 0 to 43 of 45]
191.662506103515625 190.131256103515625 188.068756103515625 186.600006103515625 185.15625 184.912506103515625 183.8312530517578125 181.868743896484375 180.5500030517578125 178.4375 174.493743896484375 167.881256103515625 159.9250030517578125 151.7937469482421875 145.5812530517578125 140.2687530517578125 135.274993896484375 134.625 135.274993896484375 137.0749969482421875 135.0812530517578125 129.5187530517578125 123.71250152587890625 120.6125030517578125 117.9875030517578125 114.3000030517578125 110.34999847412109375 105.28125 96.66249847412109375 88.03125 82.8874969482421875 84.77500152587890625 88.06874847412109375 91.8312530517578125 95.125 99.59999847412109375 104.81874847412109375 110.19374847412109375 113.9875030517578125 117.18125152587890625 119.94374847412109375 122.40625 122.375 122.6687469482421875
185.9187469482421875 185.743743896484375 184.9562530517578125 183.8937530517578125 182.3125 183.03125 183.756256103515625 183.5187530517578125 183.649993896484375 182.212493896484375 179.337493896484375 174.056243896484375 167.306243896484375 158.712493896484375 151.90625 144.9499969482421875 139.0124969482421875 136.0124969482421875 136.431243896484375 135.912506103515625 134.225006103515625 130.462493896484375 125.3874969482421875 122.71250152587890625 120.375 116.8937530517578125 112.6999969482421875 106.28749847412109375 99.3312530517578125 95.31874847412109375 92.6374969482421875 93.5187530517578125 95.46875 98.25624847412109375 101.40000152587890625 106.55625152587890625 110.8937530517578125 115.3125 118.30625152587890625 121.21250152587890625 123.1437530517578125 124.94374847412109375 125.6062469482421875 125.47499847412109375
181.28125 180.162506103515625 180.181243896484375 179.8249969482421875 179.381256103515625 180.8562469482421875 183.056243896484375 184.131256103515625 186.368743896484375 186.662506103515625 185.0749969482421875 181.8249969482421875 176.3937530517578125 168.118743896484375 159.96875 151.9562530517578125 145.912506103515625 141.3125 138.962493896484375 137.4875030517578125 133.4375 129.368743896484375 125.6687469482421875 123.0124969482421875 120.25624847412109375 117.15000152587890625 114.6875 109.875 105.34999847412109375 102.99375152587890625 100.6437530517578125 101.1687469482421875 102.5437469482421875 105.74375152587890625 109.46875 114.1437530517578125 118.15000152587890625 121.71250152587890625 123.27500152587890625 125.46250152587890625 126.6875 127.94374847412109375 128.712493896484375 129.287506103515625
176.96875 177.118743896484375 176.9562530517578125 176.75 176.8000030517578125 178.6374969482421875 180.875 184.1374969482421875 188.28125 189.743743896484375 190.368743896484375 188.9499969482421875 187.75 180.5187530517578125 169.125 158.899993896484375 151.34375 145.8562469482421875 141.681243896484375 138.399993896484375 134.037506103515625 129.5124969482421875 125.4250030517578125 122.76250457763671875 120.8937530517578125 118.65625 116.4875030517578125 113.7687530517578125 110.2375030517578125 108.75 108.0749969482421875 108.8312530517578125 110.8249969482421875 113.9499969482421875 117.15000152587890625 121.78749847412109375 125.50624847412109375 127.3249969482421875 127.9375 129.2312469482421875 130.431243896484375 131.1687469482421875 131.71875 132.225006103515625
173.2624969482421875 173.662506103515625 173.412506103515625 172.2687530517578125 172.3937530517578125 175.5124969482421875 178.743743896484375 182.9562530517578125 186.818756103515625 189.4187469482421875 191.3125 194.193756103515625 196.1999969482421875 188.6750030517578125 175.6062469482421875 164.568756103515625 156.1687469482421875 150.068756103515625 144.7062530517578125 139.8249969482421875 135.125 130.381256103515625 125.71250152587890625 123.2937469482421875 121.7062530517578125 119.71875 119.86875152587890625 117.0500030517578125 115.22499847412109375 114.71250152587890625 115.65625 117.21250152587890625 118.83750152587890625 121.15625 124.1999969482421875 129.087493896484375 132.193756103515625 132.09375 132.2624969482421875 132.818756103515625 133.318756103515625 133.8874969482421875 134.375 134.868743896484375
172.1750030517578125 171.6374969482421875 170.787506103515625 169.3000030517578125 169.649993896484375 172.3249969482421875 175.462493896484375 179.475006103515625 183.8312530517578125 186.9562530517578125 189.96875 191.59375 192.7312469482421875 187.8375091552734375 177.506256103515625 167.462493896484375 159.1875 152.337493896484375 146.71875 141.3625030517578125 136.0437469482421875 130.399993896484375 126.19374847412109375 123.65000152587890625 121.8562469482421875 121.5187530517578125 121.8249969482421875 121.00624847412109375 119.7687530517578125 121.0500030517578125 122.4375 124.53125 125.75 127.40625 129.193756103515625 132.318756103515625 134.6875 134.2624969482421875 134.6437530517578125 135.506256103515625 135.631256103515625 136.125 137.3874969482421875 138.9812469482421875
173.5500030517578125 172.875 169 167.375 166.0625 168.225006103515625 170.9812469482421875 174.6687469482421875 178.725006103515625 182.181243896484375 185.0124969482421875 186.881256103515625 186.8874969482421875 183.7062530517578125 176.306243896484375 168.34375 161.2937469482421875 154.6374969482421875 148.8625030517578125 143.493743896484375 137.693756103515625 131.8249969482421875 126.7312469482421875 123.43125152587890625 122.5749969482421875 123.25 124.8125 125.3125 125.3937530517578125 127.4187469482421875 129.181243896484375 131.34375 132.131256103515625 132.1437530517578125 132.850006103515625 134.4812469482421875 135.4812469482421875 135.462493896484375 136.8312530517578125 137.756256103515625 138.3562469482421875 138.931243896484375 139.1062469482421875 141.7312469482421875
173.943756103515625 170.8625030517578125 167.0500030517578125 164.40625 162.287506103515625 163.8000030517578125 167.3187408447265625 170.3249969482421875 172.96875 176.4562530517578125 180.256256103515625 182.46875 182.881256103515625 181.181243896484375 175.493743896484375 168.3000030517578125 162.287506103515625 156.5124969482421875 151.1750030517578125 145.475006103515625 139.75 133.931243896484375 128.556243896484375 125.60625457763671875 125.9499969482421875 126.91249847412109375 128.6999969482421875 129.96875 131.28125 132.8625030517578125 135.243743896484375 137.3249969482421875 137.625 136.7937469482421875 135.59375 136.162506103515625 136.3625030517578125 135.743743896484375 137.9187469482421875 139.5812530517578125 140.71875 141.5124969482421875 142.25 144.368743896484375
173.943756103515625 168.524993896484375 164.3562469482421875 160.899993896484375 158.7312469482421875 159.556243896484375 162.381256103515625 165.4812469482421875 168.537506103515625 171.90625 174.7375030517578125 177.4812469482421875 178.6875 178.0749969482421875 174.024993896484375 168.28125 162.774993896484375 158.1437530517578125 153.181243896484375 148.125 143.1687469482421875 137.6125030517578125 133.881256103515625 131.993743896484375 131.7125091552734375 132.0124969482421875 133.5124969482421875 135.318756103515625 136.756256103515625 138.337493896484375 139.993743896484375 141.943756103515625 141.4187469482421875 139.181243896484375 137.756256103515625 137.4562530517578125 136.8625030517578125 136.6125030517578125 138.212493896484375 141.4812469482421875 144.25 145.8562469482421875 144.6437530517578125 146.4562530517578125
173.84375 166.350006103515625 160.8125 157.100006103515625 154.712493896484375 155.1125030517578125 157.3249969482421875 160.181243896484375 164.0500030517578125 167.225006103515625 170.25 172.931243896484375 175.1999969482421875 175.443756103515625 172.28125 168.5749969482421875 164.78125 160.0625 155.6062469482421875 151.2062530517578125 147.287506103515625 142.75 139.9875030517578125 139.0187530517578125 138.3937530517578125 138.1437530517578125 139.8625030517578125 141.118743896484375 142.7062530517578125 143.4187469482421875 144.7624969482421875 145.8625030517578125 143.850006103515625 141.056243896484375 139.368743896484375 138.375 137.399993896484375 136.412506103515625 138.0437469482421875 140.6687469482421875 144.693756103515625 146.1999969482421875 146.9375 152.056243896484375
174.7687530517578125 166.212493896484375 159.975006103515625 154.2687530517578125 151.7687530517578125 152.274993896484375 154.1875 156.912506103515625 160.587493896484375 163.243743896484375 166.3625030517578125 169.743743896484375 172.71875 174.475006103515625 172.5124969482421875 169.9562530517578125 166.1750030517578125 162.912506103515625 158.631256103515625 154.756256103515625 151.6062469482421875 149.15625 147.2624969482421875 145.912506103515625 145.3125 145.399993896484375 146.7312469482421875 147.475006103515625 148.306243896484375 149.006256103515625 149.5749969482421875 149.9499969482421875 147.4812469482421875 144.931243896484375 142.681243896484375 140.4187469482421875 138.2624969482421875 137.399993896484375 137.21875 138.556243896484375 141.65625 147.6062469482421875 151.693756103515625 158.943756103515625
174.75 165.756256103515625 159.181243896484375 153.225006103515625 149.631256103515625 150.618743896484375 152.256256103515625 154.306243896484375 157.0124969482421875 160.34375 163.7624969482421875 167.618743896484375 171.6999969482421875 173.350006103515625 172.756256103515625 171.5187530517578125 169.71875 166.381256103515625 161.975006103515625 159.8874969482421875 158.056243896484375 156.4812469482421875 155.243743896484375 153.993743896484375 152.7937469482421875 153 153.4812469482421875 154.056243896484375 154.25 154.056243896484375 154.2312469482421875 154.287506103515625 151.306243896484375 149.1875 146.0500030517578125 142.899993896484375 140.3312530517578125 139.537506103515625 138.068756103515625 135.100006103515625 138.568756103515625 147.881256103515625 155.556243896484375 163.350006103515625
174.1875 165.556243896484375 159.0124969482421875 153.962493896484375 150.8937530517578125 149.9812469482421875 150.90625 152.0124969482421875 154.4875030517578125 157.475006103515625 161.068756103515625 165.725006103515625 170.09375 173.306243896484375 174.662506103515625 174.84375 174.0562591552734375 171.1875 168.118743896484375 166.7375030517578125 165.6750030517578125 164.3625030517578125 163.212493896484375 161.7937469482421875 161.181243896484375 160.662506103515625 160.337493896484375 160.337493896484375 159.818756103515625 159.5625 159.2125091552734375 158.306243896484375 155.381256103515625 152.5749969482421875 150.21875 146.7062530517578125 143.681243896484375 141.46875 138.6687469482421875 137.100006103515625 142.09375 152.90625 162.6062469482421875 174.21875
174.2687530517578125 166.8937530517578125 160.7624969482421875 156.15625 152.8312530517578125 150.8562469482421875 150.625 150.975006103515625 152.725006103515625 155.412506103515625 160.118743896484375 164.7624969482421875 170.306243896484375 175.993743896484375 178.1374969482421875 179.75 179.6750030517578125 178.9124908447265625 177.181243896484375 176.09375 175.1437530517578125 173.181243896484375 171.1374969482421875 169.59375 168.9187469482421875 167.993743896484375 167.2937469482421875 166.649993896484375 166.3625030517578125 165.618743896484375 164.84375 163.631256103515625 160.681243896484375 157.7687530517578125 156.068756103515625 153.125 150.818756103515625 148.1374969482421875 145.5187530517578125 147.6999969482421875 152.7062530517578125 162.9375 174.4562530517578125 188.7624969482421875
173.912506103515625 168.03125 162.493743896484375 158.4375 154.556243896484375 151.993743896484375 150.1750030517578125 149.8937530517578125 151.21875 153.3562469482421875 157.65625 164.2375030517578125 171.524993896484375 177.6750030517578125 181.34375 184.53125 186.78125 187.0437469482421875 186.40625 186.0500030517578125 184.587493896484375 182.2687530517578125 179.8312530517578125 177.712493896484375 176.618743896484375 175.100006103515625 174.4375 173.162506103515625 172.5437469482421875 171.3625030517578125 170.306243896484375 169.46875 166.7375030517578125 164.1062469482421875 162.787506103515625 160.681243896484375 158.0124969482421875 154.774993896484375 154.931243896484375 158.6687469482421875 163.1937408447265625 173.2624969482421875 186.7062530517578125 202.6437530517578125
174.524993896484375 169.806243896484375 164.8312530517578125 160.368743896484375 156.568756103515625 153.1999969482421875 150.1750030517578125 149.0187530517578125 148.6750030517578125 150.9375 155.9437408447265625 164.318756103515625 173.0437469482421875 181.399993896484375 187 190.5 194.3625030517578125 195.681243896484375 195.850006103515625 195.7937469482421875 194.46875 191.7125091552734375 188.493743896484375 185.318756103515625 183.037506103515625 181.693756103515625 180.2062530517578125 179.28125 178.068756103515625 176.743743896484375 176.0124969482421875 174.943756103515625 172.256256103515625 170.625 168.71875 166.1875 163.743743896484375 163.975006103515625 165.3125 168.193756103515625 173.1125030517578125 181.993743896484375 194.381256103515625 208.868743896484375
177.0062408447265625 172.556243896484375 167.9375 163.375 159.5187530517578125 155.9562530517578125 152.5812530517578125 149.4562530517578125 147.7375030517578125 148.662506103515625 154.5187530517578125 164.225006103515625 175.3874969482421875 185.8937530517578125 191.931243896484375 197.725006103515625 201.4749908447265625 203.756256103515625 205.25 206.59375 204.712493896484375 200.1437530517578125 195.850006103515625 192.256256103515625 189.412506103515625 187.21875 185.78125 185.0187530517578125 184 181.837493896484375 181.5625 180.3249969482421875 178.475006103515625 177.0500030517578125 174.524993896484375 172.1125030517578125 173.3625030517578125 174.024993896484375 175.125 178.7937469482421875 184.2624969482421875 191.6437530517578125 201.399993896484375 213.524993896484375
179.78125 175.9562530517578125 171.90625 167.7937469482421875 163.712493896484375 160.006256103515625 155.7687530517578125 151.6125030517578125 148.087493896484375 145.681243896484375 153.1999969482421875 168.34375 180.537506103515625 190.1437530517578125 197.2312469482421875 203.587493896484375 208.306243896484375 210.875 212.975006103515625 214.21875 211.625 206.59375 201.943756103515625 197.806243896484375 194.3562469482421875 192.399993896484375 190.1999969482421875 190.056243896484375 188.631256103515625 187.1875 186.475006103515625 186.53125 184.6812591552734375 183.7062530517578125 181.5625 180.912506103515625 182.693756103515625 184.506256103515625 186.618743896484375 188.8125 193.006256103515625 198.5812530517578125 206.225006103515625 216.193756103515625
184.3000030517578125 180.4499969482421875 176.399993896484375 172.75 168.756256103515625 165.0749969482421875 161.131256103515625 156.8874969482421875 153.1125030517578125 149.2624969482421875 162.212493896484375 178.9187469482421875 188.318756103515625 196.399993896484375 203.28125 209.71875 214.8000030517578125 217.0749969482421875 218.5062408447265625 217.899993896484375 215.7375030517578125 211.5 207.149993896484375 202.100006103515625 198.756256103515625 196.6125030517578125 194.462493896484375 194.350006103515625 193.506256103515625 192.837493896484375 190.2624969482421875 189.993743896484375 189.306243896484375 188.881256103515625 187.75 188.975006103515625 191.78125 193.8125 197.40625 200.28125 201.631256103515625 206.1687469482421875 210.1125030517578125 216.006256103515625
