data/historical-monthly-weather-data/wc2.1_cruts4.09_10m_prec_1993-01.asc
ncols        45
nrows        45
xllcorner    -63.500000000000
yllcorner    -7.500000000000
cellsize     0.166666666667
NODATA_value -9999
[rows 0 to 19 of 45, columns 0 to 44 of 45]
166.6875 168.006256103515625 163.287506103515625 160.506256103515625 156.181243896484375 155.2125091552734375 152.3312530517578125 147.15625 142.625 140.1374969482421875 139.03125 137.6437530517578125 135.100006103515625 129.2312469482421875 125.03125 122.5500030517578125 120.30625152587890625 116.1750030517578125 117.34375 118.6437530517578125 122.08750152587890625 127.09375 132.087493896484375 135.912506103515625 141.2312469482421875 145.5500030517578125 149.46875 154.274993896484375 159.4812469482421875 162.068756103515625 164.8000030517578125 167.493743896484375 168.28125 170.3625030517578125 171.1687469482421875 173.28125 173.15625 172.149993896484375 173.056243896484375 173.787506103515625 173.8874969482421875 174.899993896484375 175.1125030517578125 175.774993896484375 177.524993896484375
175.7687530517578125 176.40625 173.25 170.1374969482421875 167.90625 167.681243896484375 165.274993896484375 162.9250030517578125 160.881256103515625 159.0500030517578125 156.256256103515625 152.4812469482421875 147.631256103515625 142.9875030517578125 137.881256103515625 133.4375 129.318756103515625 126.18125152587890625 125.96250152587890625 127.75 132.3937530517578125 137.5749969482421875 143.431243896484375 148.712493896484375 152.899993896484375 156.837493896484375 161.1437530517578125 165.381256103515625 169.28125 172.149993896484375 173.9812469482421875 175.193756103515625 175.4375 178.037506103515625 177.9250030517578125 177.0625 177.7624969482421875 175.868743896484375 175.375 175.1875 175.274993896484375 175.7624969482421875 174.6687469482421875 174.662506103515625 175.274993896484375
185.25 186.75 184.7375030517578125 183.337493896484375 182.8937530517578125 183.1312408447265625 182.6062469482421875 182.4562530517578125 181.350006103515625 179.712493896484375 176.306243896484375 170.8562469482421875 165.2249908447265625 158.6750030517578125 152.193756103515625 145.53125 140.5124969482421875 137.6875 137.1125030517578125 140.2312469482421875 146.100006103515625 153.2312469482421875 159.5812530517578125 163.7687530517578125 167.2687530517578125 170.34375 174.3249969482421875 178.0124969482421875 180.1999969482421875 181.7375030517578125 184.3937530517578125 186.149993896484375 187.287506103515625 186.2687530517578125 186.9875030517578125 185.006256103515625 183.875 181.9375 180.46875 178.65625 178.2937469482421875 177.712493896484375 176.587493896484375 175.6437530517578125 174.5812530517578125
193.3562469482421875 195.8562469482421875 198.0187530517578125 198.6999969482421875 201.3000030517578125 198.975006103515625 200.368743896484375 203.0812530517578125 204.46875 204.3312530517578125 198.96875 191.1687469482421875 183.4562530517578125 175.475006103515625 167.931243896484375 159.8312530517578125 152.6437530517578125 148.5 149.181243896484375 155.0437469482421875 163.75 171.818756103515625 176.5625 180.743743896484375 183.8312530517578125 186.2937469482421875 189.899993896484375 190.899993896484375 192.162506103515625 193.787506103515625 195.787506103515625 198.681243896484375 198.587493896484375 197.125 195.506256103515625 193.975006103515625 190.65625 187.7937469482421875 185.787506103515625 183.8874969482421875 181.024993896484375 180.5625 179 176.71875 175.243743896484375
208.5500030517578125 209 210.381256103515625 214.024993896484375 217.881256103515625 217.84375 218.1875 222.600006103515625 227.4187469482421875 229.3625030517578125 221.524993896484375 211.712493896484375 203.53125 195.2375030517578125 186.3249969482421875 176.662506103515625 167.3937530517578125 160.5999908447265625 163.962493896484375 173.46875 184.412506103515625 192.0500030517578125 196.8937530517578125 199.5 201.2062530517578125 204.03125 203.943756103515625 203.9375 206.587493896484375 207.46875 209.118743896484375 208.7375030517578125 209.381256103515625 208.8125 206.712493896484375 203.5437469482421875 200.068756103515625 194.287506103515625 191.34375 187.975006103515625 185.6062469482421875 183.5749969482421875 181.8249969482421875 178.506256103515625 176.306243896484375
223.131256103515625 225.4875030517578125 227.2062530517578125 229.462493896484375 233.2062530517578125 233.774993896484375 235.09375 238.2062530517578125 243.1062469482421875 246.475006103515625 238.1374969482421875 229.881256103515625 221.943756103515625 214.59375 205.337493896484375 198.181243896484375 188.7375030517578125 181.993743896484375 188.4250030517578125 199.1062469482421875 207.912506103515625 213.4437408447265625 218.125 218.15625 218.993743896484375 220.1999969482421875 219.9812469482421875 218.975006103515625 220.162506103515625 221.899993896484375 222.34375 222.1374969482421875 220.287506103515625 219.75 219.7874908447265625 215.4375 210.649993896484375 204.962493896484375 201.006256103515625 197.350006103515625 192.0500030517578125 189.774993896484375 186.693756103515625 183.0124969482421875 180.4875030517578125
238.5500030517578125 242.15625 244.6875 245.118743896484375 246.493743896484375 244.649993896484375 245.162506103515625 246.6875 248.287506103515625 247.90625 247.0187530517578125 243.5625 240.28125 235.3874969482421875 229.0187530517578125 224.2375030517578125 220.225006103515625 221.8874969482421875 228.837493896484375 234.3125 234.8000030517578125 237.34375 237.368743896484375 236.337493896484375 236.725006103515625 235.850006103515625 234.9875030517578125 234.0749969482421875 233.2687530517578125 234.256256103515625 236.2624969482421875 236.0124969482421875 233.318756103515625 231.3125 229.9250030517578125 226.7375030517578125 221.4187469482421875 215.9375 212.5749969482421875 206.087493896484375 198.725006103515625 195.3625030517578125 191.693756103515625 187.618743896484375 184.6437530517578125
255.96875 257.3125 259.23126220703125 260.662506103515625 261.100006103515625 259.21875 256.056243896484375 250.28125 245.850006103515625 248.8249969482421875 255.225006103515625 257.993743896484375 259.274993896484375 256.28125 254 252.5124969482421875 253.8125 261.818756103515625 273.45001220703125 271.693756103515625 263.21875 260.024993896484375 257.225006103515625 255.274993896484375 255.0124969482421875 252.34375 249.8562469482421875 247.8625030517578125 248.0437469482421875 249.1999969482421875 249.306243896484375 249.1750030517578125 245.962493896484375 243.3249969482421875 241.037506103515625 237.2062530517578125 231.96875 226.2312469482421875 220.912506103515625 214.412506103515625 206.8249969482421875 202.806243896484375 198.59375 193.506256103515625 191.399993896484375
271.82501220703125 273.212493896484375 275.23126220703125 275.14373779296875 276.11248779296875 272.381256103515625 267.9375 261.73126220703125 253.774993896484375 253.8562469482421875 267.04376220703125 274.131256103515625 279.07501220703125 278.375 278.51873779296875 279.024993896484375 281.65625 289.837493896484375 299.381256103515625 294.600006103515625 281.681243896484375 276.79376220703125 271.98126220703125 272.36248779296875 270.86248779296875 266.98748779296875 264 260.318756103515625 260.212493896484375 261.943756103515625 262.95001220703125 260.95623779296875 257.850006103515625 254.2312469482421875 251.337493896484375 246.65625 242.256256103515625 236.5 230.524993896484375 223.6875 215.2687530517578125 210.3937530517578125 207.2624969482421875 203.149993896484375 200.6125030517578125
287.6875 289.16876220703125 289.28125 289.65625 290.95623779296875 288.25 284.287506103515625 280.70001220703125 277.568756103515625 281.38751220703125 290.743743896484375 297.42498779296875 301.743743896484375 301.91876220703125 303.287506103515625 305.024993896484375 306.21875 308.881256103515625 310 305.774993896484375 293.79376220703125 288.40625 284.78125 287.35626220703125 283.899993896484375 278.368743896484375 275.01251220703125 271.79376220703125 270.15625 271.67498779296875 272.09375 270.837493896484375 268.40625 265.53125 262.806243896484375 257.256256103515625 251.96875 246.493743896484375 239.8874969482421875 232.524993896484375 225.1437530517578125 220.0999908447265625 216.068756103515625 210.5749969482421875 208.9812469482421875
305.09375 306.82501220703125 305.29998779296875 304.79998779296875 304.88751220703125 303.868743896484375 302.20623779296875 303.287506103515625 304.4375 310.056243896484375 320.63751220703125 326.91876220703125 327.506256103515625 325.993743896484375 326.774993896484375 327.5 326.181243896484375 323.024993896484375 317.92498779296875 310.78125 302.149993896484375 296.381256103515625 296.20623779296875 296.600006103515625 296.600006103515625 288.868743896484375 284.225006103515625 280.89373779296875 278.712493896484375 278.13751220703125 278.600006103515625 278.662506103515625 277.274993896484375 275.21875 272.381256103515625 267.78125 262.100006103515625 255.368743896484375 249.1125030517578125 241.993743896484375 234.1125030517578125 227.5500030517578125 222.9875030517578125 217.5 216.0124969482421875
317.73126220703125 318.95623779296875 318.17498779296875 319.54998779296875 320.625 319.618743896484375 320.42498779296875 326.16876220703125 330.431243896484375 336.73748779296875 348.48126220703125 359.068756103515625 357.67498779296875 353.806243896484375 352.662506103515625 349.42498779296875 345.79998779296875 335.95623779296875 327.14373779296875 315.774993896484375 304.59375 299.506256103515625 302.57501220703125 308.20001220703125 305.850006103515625 293.86248779296875 288.89373779296875 285.4375 284.15625 285.493743896484375 286.20623779296875 285.76251220703125 284.806243896484375 283.037506103515625 280.70623779296875 276.493743896484375 271.25 264.412506103515625 257.51873779296875 250.3000030517578125 241.875 234.475006103515625 226.587493896484375 219.068756103515625 215.65625
331.600006103515625 333.399993896484375 333.48748779296875 334.506256103515625 335.91876220703125 338.38751220703125 340.899993896484375 346.212493896484375 352.23126220703125 360.5 372.39373779296875 385.143768310546875 386.20623779296875 378.64373779296875 375.631256103515625 370.70623779296875 363.48126220703125 352.54998779296875 339.90625 324.79376220703125 305.024993896484375 301.23748779296875 306.70001220703125 308.850006103515625 299.837493896484375 289.46875 289.8125 290.399993896484375 289.962493896484375 292.256256103515625 293.412506103515625 292.76251220703125 291.118743896484375 289.337493896484375 287.181243896484375 283.243743896484375 277.837493896484375 271.15625 263.274993896484375 255.3125 247.493743896484375 238.556243896484375 225.5 213.662506103515625 208.65625
343.23126220703125 346.118743896484375 346.693756103515625 348.40625 351.14373779296875 352.600006103515625 356.837493896484375 365.70623779296875 372.63751220703125 381.399993896484375 390.14373779296875 401.306243896484375 403.03125 400.58123779296875 394.40625 389.962493896484375 380.63751220703125 368.98126220703125 353.90625 338.40625 321 313.756256103515625 310.95623779296875 309.0625 299.33123779296875 291.975006103515625 292.943756103515625 294.193756103515625 296.337493896484375 298.556243896484375 299.95623779296875 299.493743896484375 297.100006103515625 294.20623779296875 292.568756103515625 288.368743896484375 283.63751220703125 278.068756103515625 268.51873779296875 258.1875 247.0500030517578125 231.3562469482421875 218.96875 210.34375 207.600006103515625
353.89373779296875 357.03125 358.95623779296875 361.35626220703125 366.23748779296875 369.36248779296875 375.79376220703125 383.8125 390.39373779296875 397.23748779296875 406.10626220703125 415.84375 420.16876220703125 420.23126220703125 413.51251220703125 407.3125 397.33123779296875 382.84375 368.412506103515625 355.42498779296875 339.20623779296875 326.368743896484375 319.35626220703125 313.743743896484375 307.5 301.53125 301.318756103515625 303.0625 304.48126220703125 307.350006103515625 307.631256103515625 304.981231689453125 303.375 299.14373779296875 296.04998779296875 290.712493896484375 286.756256103515625 282.556243896484375 272.41876220703125 255.3625030517578125 236.2375030517578125 223.975006103515625 216.868743896484375 210.46875 205.868743896484375
362.92498779296875 365.73126220703125 368.73126220703125 372.037506103515625 378.21875 382.64373779296875 390.16876220703125 398.193756103515625 403.699981689453125 411.462493896484375 420.375 430.943756103515625 437.350006103515625 438.9375 433.36248779296875 421.86248779296875 412.475006103515625 398.068756103515625 382.537506103515625 369.98748779296875 356.181243896484375 342.149993896484375 331.23126220703125 323.681243896484375 316.587493896484375 310.59375 309.149993896484375 312.056243896484375 314.75 318.15625 317.90625 313.39373779296875 306.89373779296875 301.29998779296875 296.26873779296875 293.368743896484375 289.981231689453125 284.60626220703125 273.23748779296875 253.662506103515625 230.90625 220.03125 214.96875 208.03125 204.1062469482421875
369.212493896484375 372.756256103515625 375.40625 380.39373779296875 388.443756103515625 393.95001220703125 402.649993896484375 410.95001220703125 416.993743896484375 423.743743896484375 433.70623779296875 446.662506103515625 454.66876220703125 457.59375 452.381256103515625 441.41876220703125 422.712493896484375 407.32501220703125 394.875 386.04998779296875 371.16876220703125 356.837493896484375 343.39373779296875 333.45001220703125 326.83123779296875 319.10626220703125 316.412506103515625 319.38751220703125 324.53125 329.243743896484375 329.875 323.92498779296875 313.66876220703125 303.82501220703125 300.3125 297.537506103515625 292.84375 289.118743896484375 281.76251220703125 258.91876220703125 236.162506103515625 223.3937530517578125 214.287506103515625 206.8125 202.9812469482421875
376.756256103515625 380.743743896484375 384.0625 390.943756103515625 399.068756103515625 406.73748779296875 416.46875 425.45001220703125 430.931243896484375 437.76873779296875 444.89373779296875 461.181243896484375 471.337493896484375 475.006256103515625 468.90625 455.09375 435.28125 414.15625 408.037506103515625 400.95001220703125 387.57501220703125 371.34375 355.48126220703125 344.23126220703125 335.506256103515625 328 322.8125 327.756256103515625 335.774993896484375 342.14373779296875 340.375 325.524993896484375 313.462493896484375 304.881256103515625 298.868743896484375 295.306243896484375 293.868743896484375 290.193756103515625 279.5625 262.3125 240.1437530517578125 225.2624969482421875 214.837493896484375 207.193756103515625 203.1875
380.037506103515625 385.01251220703125 390.04998779296875 399.29998779296875 409.64373779296875 418.78125 427.193756103515625 438.32501220703125 444.35626220703125 450.568756103515625 456.67498779296875 469.443756103515625 482.756256103515625 493.10626220703125 484.15625 464.8125 441.84375 420.537506103515625 409.83123779296875 407.875 398.993743896484375 384.712493896484375 360.95623779296875 351.774993896484375 343.20623779296875 336.85626220703125 335.0625 337.4375 345.65625 352.587493896484375 351.475006103515625 331.33123779296875 314.1875 298.11248779296875 289.01251220703125 288.85626220703125 289.66876220703125 285.8125 278.04376220703125 262.26873779296875 242.618743896484375 226.8000030517578125 215.5749969482421875 208.2375030517578125 203.868743896484375
381.837493896484375 387.149993896484375 393.550018310546875 402.087493896484375 414.58123779296875 427.4375 438.04998779296875 447.96875 453.45623779296875 458.73126220703125 463 475.837493896484375 494.15625 511.668731689453125 495.38751220703125 465.5 438.4375 424.33123779296875 416.181243896484375 413.34375 400.256256103515625 381.01873779296875 364.36248779296875 355.212493896484375 348.09375 344.21875 342.73748779296875 345.600006103515625 348.375 349.42498779296875 344.40625 327.01873779296875 306.899993896484375 286.29998779296875 274.162506103515625 276.54376220703125 284.350006103515625 287.087493896484375 280.318756103515625 265.931243896484375 246.506256103515625 228.7062530517578125 218.5187530517578125 210.9187469482421875 205.837493896484375
