data/historical-monthly-weather-data/wc2.1_cruts4.09_10m_prec_1954-08.asc
ncols        51
nrows        45
xllcorner    -63.500000000000
yllcorner    -7.500000000000
cellsize     0.166666666667
NODATA_value -9999
[rows 19 to 37 of 45, columns 0 to 42 of 51]
142.7687530517578125 143.8312530517578125 142.3125 141.71875 139.3249969482421875 136.131256103515625 131.3312530517578125 125.65000152587890625 121.65000152587890625 115.4375 108.3000030517578125 99.61875152587890625 87.86875152587890625 76.5812530517578125 67.4250030517578125 58.58750152587890625 48.90625 45.387500762939453125 44.0625 45 43.44374847412109375 43.606250762939453125 46.793750762939453125 50.231250762939453125 52.1875 52.09999847412109375 51.63124847412109375 49.66249847412109375 46.24375152587890625 41.112499237060546875 39.106250762939453125 43.71875 45.950000762939453125 48.393749237060546875 50.799999237060546875 50.99375152587890625 49.887500762939453125 48.40000152587890625 45.643749237060546875 41.49375152587890625 36.168750762939453125 32.387500762939453125 29.556249618530273438
135.7624969482421875 140.443756103515625 142.1374969482421875 142.162506103515625 138.524993896484375 135.40625 132.2937469482421875 128.1374969482421875 124.80625152587890625 118.7375030517578125 112.58750152587890625 105.4499969482421875 93.25624847412109375 81.2624969482421875 70.52500152587890625 61.28749847412109375 52.5625 46.856250762939453125 46.362499237060546875 46.00624847412109375 46.924999237060546875 48.268749237060546875 49.77500152587890625 52.875 55.53749847412109375 53.950000762939453125 50.81874847412109375 48.56874847412109375 46.418750762939453125 44.981250762939453125 44.91249847412109375 47.262500762939453125 47.362499237060546875 47.731250762939453125 49.637500762939453125 49.58750152587890625 49.41249847412109375 47.981250762939453125 44.72499847412109375 40.981250762939453125 36.075000762939453125 32.65000152587890625 29.868749618530273438
133.256256103515625 136.131256103515625 139.1437530517578125 141.65625 140.6374969482421875 136.6687469482421875 135.149993896484375 130.03125 127.8125 121.8874969482421875 118.2312469482421875 114.6437530517578125 108.19374847412109375 96.21250152587890625 83.34375 70.27500152587890625 62.65000152587890625 56.487499237060546875 53.918750762939453125 52.74375152587890625 50.34999847412109375 50.418750762939453125 51.75 53.668750762939453125 54.28125 53.06874847412109375 53.793750762939453125 51.16249847412109375 49.543750762939453125 48.11875152587890625 47.668750762939453125 48.112499237060546875 47.53125 47.487499237060546875 46.8125 46.90000152587890625 47.77500152587890625 47.50624847412109375 44.8125 40.81874847412109375 36.19374847412109375 32.575000762939453125 29.200000762939453125
130.962493896484375 138.287506103515625 143.1374969482421875 144.2624969482421875 144.5437469482421875 141.1125030517578125 135.96875 130.4499969482421875 130.2312469482421875 129.087493896484375 128.8937530517578125 128.2687530517578125 125.84375 114.40625 97.93125152587890625 82.84375 71.6750030517578125 64.6999969482421875 60.65000152587890625 57.65625 55.168750762939453125 54.549999237060546875 54.53749847412109375 53.0625 54.018749237060546875 53.862499237060546875 54.21875 53.30625152587890625 50.924999237060546875 48.549999237060546875 47.825000762939453125 48.40000152587890625 47.299999237060546875 45.63124847412109375 43.91249847412109375 42.237499237060546875 43.30625152587890625 45.393749237060546875 44.08750152587890625 40.03125 36.03749847412109375 32.08750152587890625 28.700000762939453125
132.756256103515625 142.2062530517578125 148.8874969482421875 147.3125 146.3000030517578125 143.4562530517578125 140.6125030517578125 137.5500030517578125 133.1875 133.837493896484375 134.899993896484375 139.537506103515625 139.5500030517578125 126.40625 109.24375152587890625 93.5812530517578125 81.7624969482421875 73.1125030517578125 67.2937469482421875 63.543750762939453125 60.46875 58.625 56.53125 55.518749237060546875 54.737499237060546875 52.93125152587890625 54.27500152587890625 52.168750762939453125 50.56874847412109375 49.287502288818359375 49.00624847412109375 48.987499237060546875 47.46250152587890625 44.331249237060546875 41.875 39.40625 39.825000762939453125 41.924999237060546875 41.34999847412109375 38.043750762939453125 34.43125152587890625 31.162500381469726562 28.075000762939453125
137.3249969482421875 146.5 152.6687469482421875 154.756256103515625 154.7312469482421875 150.443756103515625 145.631256103515625 142.5500030517578125 140.34375 140.662506103515625 139.71875 141 139.850006103515625 129.3000030517578125 114.8000030517578125 101.33750152587890625 90.03125 80.34375 73.2687530517578125 68.6062469482421875 65.00624847412109375 61.72499847412109375 58.81874847412109375 56.97499847412109375 54.356250762939453125 52.96250152587890625 52.22499847412109375 50.706249237060546875 49.424999237060546875 48.950000762939453125 48.668750762939453125 48.41249847412109375 46.625 44.200000762939453125 41.31874847412109375 38.68125152587890625 38.59375 38.393749237060546875 37.674999237060546875 35.59999847412109375 32.68125152587890625 30.25 27.756250381469726562
145.875 154.6750030517578125 156.587493896484375 160.84375 158.850006103515625 154.412506103515625 149.6125030517578125 147.8249969482421875 143.024993896484375 140.649993896484375 139.6875 139.1437530517578125 136.3874969482421875 126.30625152587890625 116.0437469482421875 104.1062469482421875 94.38124847412109375 85.49375152587890625 77.24375152587890625 72.53749847412109375 68.72499847412109375 64.25 61.143749237060546875 57.46250152587890625 53.96250152587890625 51.43125152587890625 50.88124847412109375 49.543750762939453125 48.75 48.862499237060546875 48.549999237060546875 48.424999237060546875 45.91249847412109375 43.112499237060546875 40.112499237060546875 38.36875152587890625 37.362499237060546875 35.84375 35.231250762939453125 33.05625152587890625 30.881250381469726562 28.956249237060546875 27.25
157.149993896484375 162.8874969482421875 165.3312530517578125 166.475006103515625 164.2312469482421875 159.0812530517578125 155.7062530517578125 150.6687469482421875 143.743743896484375 142.5625 141.118743896484375 135.78125 130.6062469482421875 122.03125 114.1875 104.34375 96.3125 87.46250152587890625 80.40000152587890625 74.0500030517578125 68.625 64.69374847412109375 60.46875 57.46875 53.71875 49.731250762939453125 49.78125 48.91249847412109375 47.918750762939453125 47.606250762939453125 48 47.25624847412109375 44.918750762939453125 41.96875 38.487499237060546875 36.72499847412109375 34.8125 33.375 32.125 30.243749618530273438 28.393749237060546875 26.949998855590820312 26.137500762939453125
171.90625 170.8249969482421875 172.28125 172.274993896484375 170.3562469482421875 162.8125 158.21875 153.0812530517578125 147.212493896484375 143.662506103515625 137.943756103515625 131.15625 124.97499847412109375 118.1374969482421875 110.18125152587890625 102.78125 96.7062530517578125 88.5749969482421875 81.7624969482421875 75.08750152587890625 69.625 63.59375 60.1875 56.731250762939453125 52.53125 48.106250762939453125 48.162502288818359375 47.96250152587890625 47.46250152587890625 47.318752288818359375 47 46.05625152587890625 43.456249237060546875 39.84375 37.049999237060546875 34.72499847412109375 32.424999237060546875 30.762500762939453125 29.850000381469726562 28.543750762939453125 26.825000762939453125 25.90625 25.168750762939453125
180.162506103515625 182.350006103515625 179.5625 177.850006103515625 171.21875 163.899993896484375 156.90625 149.6687469482421875 147.056243896484375 140.850006103515625 134.5124969482421875 126.6999969482421875 119.6437530517578125 113.3249969482421875 107.0437469482421875 100.8312530517578125 96.36875152587890625 89.38124847412109375 82.61875152587890625 76.40000152587890625 70.3312530517578125 64.0749969482421875 59.706249237060546875 55.393749237060546875 51.518749237060546875 46.856250762939453125 47.137500762939453125 46.856250762939453125 46.31874847412109375 46.06874847412109375 45.53749847412109375 44.81874847412109375 41.33750152587890625 37.331249237060546875 34.53749847412109375 32.94374847412109375 31.037500381469726562 29.40625 28.5625 27.0625 25.068750381469726562 24.34375 24.0625
180.1437530517578125 183.28125 179.443756103515625 173.087493896484375 167.868743896484375 161.3562469482421875 153.625 148.9562530517578125 143.524993896484375 136.0812530517578125 130.3312530517578125 123.375 115.94374847412109375 108.86249542236328125 103.28125 97.71875 92.44374847412109375 87.75 83.22499847412109375 75.77500152587890625 69.44374847412109375 64.27500152587890625 59.84999847412109375 55.28125 50.875 47.49375152587890625 46.66249847412109375 46.28125 44.887500762939453125 44.11875152587890625 43.549999237060546875 42.84375 39.31874847412109375 35.706249237060546875 32.831249237060546875 30.8125 29.768749237060546875 28.375 27.174999237060546875 26.381250381469726562 25.075000762939453125 24.068750381469726562 22.918750762939453125
178.1437530517578125 179.1374969482421875 172.1875 168.53125 167.7249908447265625 159.875 152.975006103515625 145.649993896484375 138.649993896484375 131.212493896484375 124.19374847412109375 119.72499847412109375 114.25 106.97499847412109375 99.6437530517578125 94.2062530517578125 90.72499847412109375 86.5187530517578125 82.8000030517578125 76.61875152587890625 69.9250030517578125 62.94374847412109375 58.1875 53.981250762939453125 49.80625152587890625 47 45.518749237060546875 45.34375 44.481250762939453125 43.518749237060546875 42.731250762939453125 41.262500762939453125 37.424999237060546875 33.987499237060546875 31.612499237060546875 29.450000762939453125 28.212499618530273438 26.881250381469726562 26.350000381469726562 26.087499618530273438 24.806249618530273438 22.875 21.325000762939453125
173.3249969482421875 174.506256103515625 167.65625 163.506256103515625 163.568756103515625 156.162506103515625 148.5500030517578125 139.756256103515625 133.350006103515625 126.75 119.90000152587890625 114.5749969482421875 107.9375 102.16249847412109375 96.2937469482421875 93.30625152587890625 88.875 84.375 79.7312469482421875 74.7062530517578125 68.69374847412109375 63.424999237060546875 57.524997711181640625 52.362499237060546875 48.893749237060546875 46.13124847412109375 44.80625152587890625 44.637500762939453125 43.543750762939453125 42 41.18125152587890625 39.21250152587890625 35.637500762939453125 32.49375152587890625 29.25 27.068750381469726562 25.868749618530273438 24.756250381469726562 24.399999618530273438 24.149999618530273438 22.90625 21.037500381469726562 19.831249237060546875
156.4187469482421875 156.350006103515625 152.4375 150.850006103515625 148.6437530517578125 141.9437408447265625 137.2624969482421875 131.181243896484375 124.30625152587890625 119.58750152587890625 116.2375030517578125 109.3000030517578125 102.6062469482421875 98.4499969482421875 92.9499969482421875 90.03125 85.65000152587890625 81.9187469482421875 77.21250152587890625 72.3625030517578125 66.78125 61.50624847412109375 56.47499847412109375 53.22499847412109375 50.081249237060546875 46.862499237060546875 45.52500152587890625 43.84999847412109375 42.862499237060546875 40.80625152587890625 39.56874847412109375 37.237499237060546875 33.706249237060546875 30.325000762939453125 27.231250762939453125 25.043750762939453125 23.668750762939453125 22.293750762939453125 21.768749237060546875 21.331249237060546875 20.049999237060546875 18.681249618530273438 17.524999618530273438
138.712493896484375 140.587493896484375 138.006256103515625 139.0124969482421875 133.3937530517578125 129.625 127.34375 122.79375457763671875 116.55625152587890625 111.52500152587890625 107.6125030517578125 103.0187530517578125 98.7687530517578125 91.86875152587890625 88.25624847412109375 84.1750030517578125 81.22499847412109375 77.02500152587890625 72.46875 68.75624847412109375 64.27500152587890625 59.674999237060546875 55.69374847412109375 52.4375 50.299999237060546875 47.80625152587890625 46.09999847412109375 43.86875152587890625 43.081249237060546875 40.875 38.731250762939453125 35.83750152587890625 31.756250381469726562 28.024999618530273438 25.149999618530273438 23.006250381469726562 21.481250762939453125 19.84375 19.1875 18.306249618530273438 17.46875 16.46875 15.356249809265136719
123.625 124.6374969482421875 124.1875 123.1875 121.34999847412109375 118.75624847412109375 116.6999969482421875 113.72499847412109375 106.63124847412109375 103.3874969482421875 100.0500030517578125 97.50624847412109375 92.41249847412109375 88.2687530517578125 84.5500030517578125 81.25 77.9499969482421875 73.7375030517578125 69.4562530517578125 66.09999847412109375 62.41249847412109375 58.125 54.05625152587890625 51.91249847412109375 49.862499237060546875 48.22499847412109375 46.27500152587890625 44.03125 43.125 40.668750762939453125 37.34999847412109375 33.80625152587890625 29.831249237060546875 25.962499618530273438 22.950000762939453125 20.831249237060546875 18.918750762939453125 17.506250381469726562 16.84375 15.931249618530273438 14.893750190734863281 14 13.206250190734863281
108.90000152587890625 110.33750152587890625 109.22499847412109375 108.1875 107.5187530517578125 104.36875152587890625 102.18125152587890625 98.90625 94.34999847412109375 92.50624847412109375 91.9562530517578125 89.25624847412109375 86.96875 83.74375152587890625 80.8000030517578125 78.53749847412109375 74.68125152587890625 71.77500152587890625 67.0749969482421875 63.737499237060546875 60.94374847412109375 58.487499237060546875 54.706249237060546875 53.018749237060546875 50.86875152587890625 48.91249847412109375 46.637500762939453125 45.543750762939453125 43.43125152587890625 40.0625 36.393749237060546875 32.674999237060546875 27.90625 24.487499237060546875 21.293750762939453125 18.931249618530273438 17.481250762939453125 16.137500762939453125 15.168749809265136719 14.46875 13.481249809265136719 12.925000190734863281 11.949999809265136719
92.3312530517578125 93.5500030517578125 92.7375030517578125 92.8874969482421875 92.8249969482421875 91.3125 90.00624847412109375 88.6750030517578125 84.3937530517578125 81.68125152587890625 84.5500030517578125 85.6750030517578125 84.5812530517578125 81.18125152587890625 79.1999969482421875 75.68125152587890625 72.1062469482421875 68.8562469482421875 65.28125 61.581249237060546875 59.44374847412109375 57.65000152587890625 54.825000762939453125 53.737499237060546875 52.36875152587890625 49.799999237060546875 47.956249237060546875 46.30625152587890625 43.15000152587890625 39.44374847412109375 35.762500762939453125 31.456249237060546875 26.962499618530273438 23.049999237060546875 19.90625 17.787500381469726562 16.368749618530273438 15.175000190734863281 14.149999618530273438 13.425000190734863281 12.393750190734863281 11.84375 10.9375
78.86875152587890625 80.40000152587890625 79.2937469482421875 80.72499847412109375 81.47499847412109375 80.3000030517578125 79.6437530517578125 78.71875 77.11875152587890625 74.9875030517578125 82.5625 84.75624847412109375 81.6125030517578125 79.8937530517578125 78.34999847412109375 74.52500152587890625 70.1062469482421875 66.28125 64.2312469482421875 60.799999237060546875 58.93125152587890625 56.793750762939453125 54.69374847412109375 53.94374847412109375 53.018749237060546875 51.46250152587890625 49.612499237060546875 47.78749847412109375 44.88124847412109375 40.30625152587890625 35.49375152587890625 31.487499237060546875 27.174999237060546875 22.399999618530273438 18.9375 16.762500762939453125 15.793749809265136719 14.71875 13.824999809265136719 13.056249618530273438 11.587499618530273438 10.824999809265136719 10.087499618530273438
