data/historical-monthly-weather-data/wc2.1_cruts4.09_10m_prec_1981-07.asc
ncols        51
nrows        45
xllcorner    -63.500000000000
yllcorner    -7.500000000000
cellsize     0.166666666667
NODATA_value -9999
[rows 19 to 37 of 45, columns 0 to 42 of 51]
67.46875 69.6750030517578125 71.33750152587890625 73.11875152587890625 74.3625030517578125 77.6062469482421875 76.98125457763671875 78.0124969482421875 79.0625 77.7687530517578125 76.84375 76.99375152587890625 74.6374969482421875 72.2312469482421875 67.9187469482421875 62.737499237060546875 59.862499237060546875 65.4812469482421875 62.59375 61.762500762939453125 59.02500152587890625 63.59375 71.0437469482421875 74.8874969482421875 75.28125 71.61875152587890625 69.91249847412109375 71.24375152587890625 69.97499847412109375 69.19374847412109375 73.03749847412109375 82.02500152587890625 86.71875 91.30625152587890625 97.6062469482421875 107.8937530517578125 115.71875 121.06874847412109375 124.1062469482421875 121.52500152587890625 113.2687530517578125 106.03125 104.78125
59.049999237060546875 64.53749847412109375 69.0124969482421875 69.48749542236328125 69.63124847412109375 72.6437530517578125 73.28749847412109375 74.63124847412109375 75 74.7312469482421875 73.11875152587890625 73.33750152587890625 72.3000030517578125 69.48749542236328125 65.53125 61.737499237060546875 59.918750762939453125 60.831249237060546875 63.13124847412109375 60.36875152587890625 64.1062469482421875 68.47499847412109375 73.88124847412109375 78.58750152587890625 78.6437530517578125 73.96250152587890625 68.15000152587890625 68.6437530517578125 70.0500030517578125 71.0812530517578125 76.44374847412109375 82.24375152587890625 82.9562530517578125 87.59375 93.38124847412109375 101.3000030517578125 108.53749847412109375 111.0812530517578125 111.1374969482421875 108.4187469482421875 104.19374847412109375 101.625 98.49375152587890625
55.41249847412109375 57.012500762939453125 62.137500762939453125 65.00624847412109375 66.80625152587890625 67.0187530517578125 68.11875152587890625 69.4499969482421875 70.6999969482421875 70.72499847412109375 70.69374847412109375 68.9562530517578125 67.36875152587890625 67.97499847412109375 66.96875 63.375 63.512500762939453125 63.19374847412109375 64.27500152587890625 64.34999847412109375 64.6125030517578125 68.4812469482421875 73.75624847412109375 74.4875030517578125 72.65000152587890625 69.78749847412109375 70.46250152587890625 68.15625 71.6687469482421875 75.4250030517578125 77.5437469482421875 79.47499847412109375 80.34999847412109375 82.78125 85.2937469482421875 93.28125 99.40625 102.0749969482421875 102.53749847412109375 101.1875 98.55625152587890625 97.2687530517578125 95.61875152587890625
51.84375 55.793750762939453125 59.53749847412109375 61.59375 62.96875 64.09999847412109375 62.02500152587890625 63.193752288818359375 65.4187469482421875 68.4499969482421875 69.5 68.1374969482421875 68.4875030517578125 68.1437530517578125 68.5625 67.71250152587890625 65.18125152587890625 63.543750762939453125 63.731250762939453125 65.49375152587890625 69.40625 70.7375030517578125 73.1125030517578125 73.28125 73.84999847412109375 70.00624847412109375 67.84999847412109375 68.66249847412109375 69.53749847412109375 71.3000030517578125 73.15625 75.90000152587890625 75.7312469482421875 75.5124969482421875 78.43125152587890625 82.34999847412109375 88.75624847412109375 90.25 93.24375152587890625 94.46875 93.4562530517578125 90.9375 90.125
46.987499237060546875 51.88124847412109375 56.924999237060546875 58.575000762939453125 59.831249237060546875 59.768749237060546875 61.081249237060546875 61.200000762939453125 61.63124847412109375 62.43125152587890625 64.3125 67.75624847412109375 68.53125 69.6875 68.28125 67.4187469482421875 64.5625 65.4499969482421875 65.4187469482421875 68.52500152587890625 69.8937530517578125 73.5437469482421875 75.3625030517578125 77.4875030517578125 76.86875152587890625 72.19374847412109375 71.3312530517578125 67.8625030517578125 67.0625 67.9562530517578125 69.63124847412109375 71.1875 69.28749847412109375 67.47499847412109375 71.27500152587890625 72.75 78.71250152587890625 82.6374969482421875 85.53749847412109375 86.4875030517578125 86.8625030517578125 85.25624847412109375 85.2624969482421875
43.81874847412109375 48.799999237060546875 54.34375 56.606250762939453125 58.21250152587890625 57.387500762939453125 58.21250152587890625 58.612499237060546875 59.21250152587890625 61.46875 63.53749847412109375 63.66249847412109375 67.38124847412109375 68.31874847412109375 66.71875 64.52500152587890625 63.606250762939453125 65.41875457763671875 66.9375 69.0749969482421875 71.90000152587890625 74.5437469482421875 79.63124847412109375 79.49375152587890625 76.24375152587890625 75.31874847412109375 70.125 66.40000152587890625 63.887500762939453125 64.2312469482421875 62.75624847412109375 62.02500152587890625 62.200000762939453125 61.03749847412109375 61.518749237060546875 64.77500152587890625 70.36875152587890625 73.0812530517578125 76.84375 79.1875 79.02500152587890625 79.46875 80.25624847412109375
43.206249237060546875 47.612499237060546875 50.31874847412109375 53.25 54.71875 54.71250152587890625 55.362499237060546875 55.637500762939453125 55.762500762939453125 55.793750762939453125 60.53125 62.424999237060546875 63.28125 65.06874847412109375 64.59999847412109375 63.606250762939453125 62.418750762939453125 64.3562469482421875 66.8125 68.47499847412109375 73.33750152587890625 76.78125 81.49375152587890625 81.3312530517578125 77.3125 73.53749847412109375 69.52500152587890625 64.41249847412109375 60.03125 58.09375 56.19374847412109375 54.3125 53.112499237060546875 53.02500152587890625 55.0625 58.206249237060546875 62.518749237060546875 66.25 69.56874847412109375 72.0500030517578125 74.3937530517578125 73.61875152587890625 73.8562469482421875
40.293750762939453125 42.325000762939453125 45.84999847412109375 48.762500762939453125 50.049999237060546875 51.012500762939453125 52.3125 52.581249237060546875 52.018749237060546875 55.27500152587890625 59.03125 61.21250152587890625 62.81874847412109375 63.362499237060546875 62.47499847412109375 63.143749237060546875 62.3125 63.018749237060546875 66.00624847412109375 68.81874847412109375 71.61875152587890625 75.5437469482421875 81.19374847412109375 82.86875152587890625 77.0625 70.5749969482421875 66.11875152587890625 61.762500762939453125 57.625 53.30625152587890625 51.762500762939453125 47.91249847412109375 46.09375 48.262500762939453125 49.15625 52.75 54.75 57.918750762939453125 61.6875 65.08124542236328125 68.84375 69.59375 69.43125152587890625
37.65000152587890625 37.612499237060546875 40.450000762939453125 43.856250762939453125 45.268749237060546875 46.825000762939453125 48.418750762939453125 49 50.28125 53.00624847412109375 55.86875152587890625 57.512500762939453125 59.706249237060546875 61.08750152587890625 60.106250762939453125 60.05625152587890625 60.125 61.56874847412109375 62.61875152587890625 66.03749847412109375 70.8125 73.83750152587890625 76.1374969482421875 77.29375457763671875 73.8874969482421875 68.19374847412109375 63.549999237060546875 59.168750762939453125 54.97499847412109375 51.90625 49.08750152587890625 46.44374847412109375 44.40000152587890625 43.75 44.512500762939453125 47.112499237060546875 48.53125 51.33750152587890625 55.30625152587890625 60.075000762939453125 63.612499237060546875 67.08750152587890625 66.0625
34.63124847412109375 34.15625 36.96250152587890625 38.18125152587890625 40.21250152587890625 41.356250762939453125 42.887500762939453125 44.97499847412109375 46.612499237060546875 49.86875152587890625 52.43125152587890625 54.40625 57.06874847412109375 59.47499847412109375 58.96875 58.700000762939453125 59.55625152587890625 59.25624847412109375 61.106250762939453125 64.15625 67.6374969482421875 70.41249847412109375 73.31874847412109375 72.5625 69.65000152587890625 65.11875152587890625 60.706249237060546875 56.481250762939453125 53.924999237060546875 50.86875152587890625 47.38124847412109375 44.875 42.243747711181640625 40.63124847412109375 40.637500762939453125 42.4375 43.612499237060546875 45.71875 49.168750762939453125 52.18125152587890625 56.893749237060546875 58.862499237060546875 60.11875152587890625
31.4375 31.5 33.34375 34.456249237060546875 35.424999237060546875 37.25624847412109375 38.71250152587890625 41.762500762939453125 44.4375 46.924999237060546875 49.668750762939453125 52.94374847412109375 55.625 57.18125152587890625 57.125 57.168750762939453125 57.081249237060546875 58.05625152587890625 58.762500762939453125 60.625 64.40000152587890625 66.65625 69.33750152587890625 67.20000457763671875 64.97499847412109375 61.637500762939453125 57.293750762939453125 53.83750152587890625 51.50624847412109375 48.293750762939453125 45.418750762939453125 42.581249237060546875 39.8125 38.262500762939453125 37.34375 38.049999237060546875 39.84999847412109375 40.4375 41.9375 44.52500152587890625 48.65625 51.08750152587890625 52.450000762939453125
29.03125 28.5625 28.837499618530273438 30.75 32.206249237060546875 34.518749237060546875 36.22499847412109375 38.606250762939453125 41.46875 44.387500762939453125 47.63124847412109375 50.38124847412109375 54.487499237060546875 55.012500762939453125 54.668750762939453125 55.38124847412109375 56.90625 55.856250762939453125 55.200000762939453125 58.11875152587890625 61.825000762939453125 63.831249237060546875 65.30625152587890625 62.231250762939453125 59.4375 58.38124847412109375 54.58750152587890625 50.52500152587890625 47.28749847412109375 45.19374847412109375 42.78125 40.74375152587890625 38.375 36.8125 35.424999237060546875 34.831249237060546875 35.25 36.21250152587890625 36.38124847412109375 36.84375 39.36875152587890625 42.66249847412109375 44.237499237060546875
26.818750381469726562 24.993749618530273438 25.168750762939453125 26.262500762939453125 28.075000762939453125 30.806249618530273438 33.481250762939453125 35.75624847412109375 39.03125 41.4375 44.950000762939453125 48.887500762939453125 51.737499237060546875 54.549999237060546875 54.74375152587890625 55.06874847412109375 55.59999847412109375 54.5 53.09375 55.80625152587890625 57.66249847412109375 59.81874847412109375 60.356250762939453125 57.487499237060546875 56.15000152587890625 53.78749847412109375 50.731250762939453125 48.112499237060546875 44.21250152587890625 42.38124847412109375 40.956249237060546875 38.91249847412109375 36.293750762939453125 34.637500762939453125 33.4375 32.081249237060546875 32.112499237060546875 30.762500762939453125 30.737499237060546875 31.799999237060546875 33.450000762939453125 35.262500762939453125 36.53125
25.143749237060546875 23.1875 22.850000381469726562 23.5 24.975000381469726562 27.324998855590820312 30.056249618530273438 32.52500152587890625 34.93125152587890625 38.831249237060546875 43.299999237060546875 46.21250152587890625 49.831249237060546875 53.737499237060546875 54.65000152587890625 53.981250762939453125 53.27500152587890625 53.99375152587890625 53.6875 55.331249237060546875 56.143749237060546875 56.43125152587890625 55.75624847412109375 53.981250762939453125 53.22499847412109375 50.712497711181640625 48.6875 45.44374847412109375 42.90000152587890625 40.46250152587890625 38.731250762939453125 36.53125 33.59999847412109375 32.075000762939453125 31.350000381469726562 30.625 28.956249237060546875 27.493749618530273438 27.34375 28.649999618530273438 29.612499237060546875 31.112499237060546875 30.981248855590820312
23.612499237060546875 21.850000381469726562 21.78125 22.193750381469726562 22.799999237060546875 24.143751144409179688 26.337499618530273438 27.975000381469726562 31.631250381469726562 34.84999847412109375 39.387500762939453125 43.737499237060546875 48.30625152587890625 51.53125 52.606250762939453125 51.856250762939453125 52.08750152587890625 52.27500152587890625 51.94374847412109375 52.80625152587890625 53.924999237060546875 52.74375152587890625 52.99375152587890625 51.606250762939453125 49.47499847412109375 47.03749847412109375 45.174999237060546875 43.293750762939453125 40.94374847412109375 38.78749847412109375 36.918750762939453125 34.47499847412109375 31.681249618530273438 30.506250381469726562 29.456249237060546875 28.106250762939453125 25.96875 24.762500762939453125 25.024999618530273438 25.381250381469726562 26.056249618530273438 27.387500762939453125 28.168750762939453125
22.59375 20.375 20.6875 20.768749237060546875 21.350000381469726562 22.481250762939453125 23.725000381469726562 25.118749618530273438 27.487499237060546875 30.774999618530273438 35.643749237060546875 41.22499847412109375 47.637500762939453125 51.94374847412109375 51.731250762939453125 51.337497711181640625 51.1875 50.69374847412109375 51.03125 50.637500762939453125 51.237499237060546875 51.362499237060546875 50.575000762939453125 48.924999237060546875 46.737499237060546875 44.174999237060546875 42.58750152587890625 40.91249847412109375 38.71250152587890625 35.00624847412109375 33.325000762939453125 32.19374847412109375 30.137500762939453125 28.700000762939453125 26.9375 25.518749237060546875 24.075000762939453125 23.318750381469726562 22.899999618530273438 22.456249237060546875 22.424999237060546875 22.787500381469726562 24.225000381469726562
22.193750381469726562 20.587499618530273438 21.068750381469726562 20.681249618530273438 21.018749237060546875 21.674999237060546875 22.693750381469726562 23.637500762939453125 25.5 27.837499618530273438 32.02500152587890625 38.09375 45.575000762939453125 48.75 50.06874847412109375 50.22499847412109375 50.606250762939453125 49.53749847412109375 48.549999237060546875 48.299999237060546875 46.65000152587890625 47.756252288818359375 46.387500762939453125 44.53125 41.94374847412109375 41.206249237060546875 39.862499237060546875 38.44374847412109375 36.387500762939453125 33.137500762939453125 31.375 30.53125 28.450000762939453125 27.1875 25.625 23.90625 22.868749618530273438 21.943750381469726562 22 21.587499618530273438 20.868749618530273438 21.200000762939453125 21.262498855590820312
21.631250381469726562 20.712499618530273438 20.924999237060546875 20.399999618530273438 20.618749618530273438 21.456249237060546875 22.118749618530273438 22.668750762939453125 23.768749237060546875 24.6875 28.700000762939453125 35.106250762939453125 41.418750762939453125 44.91249847412109375 47.293750762939453125 48.34999847412109375 48.5625 46.924999237060546875 45.69374847412109375 45.418750762939453125 43.5 42.72499847412109375 41.75 40.862499237060546875 38.65000152587890625 37.637500762939453125 36.66249847412109375 35.200000762939453125 33.518749237060546875 31.575000762939453125 29.631250381469726562 28.087499618530273438 26.149999618530273438 25.043750762939453125 23.706249237060546875 21.956249237060546875 20.987499237060546875 20.924999237060546875 21.193750381469726562 20.46875 19.506250381469726562 19.574998855590820312 19.306249618530273438
20.325000762939453125 20.012500762939453125 19.768749237060546875 20 20.231250762939453125 20.84375 21.40625 21.78125 22.71875 23 28.431249618530273438 34.231250762939453125 38.61875152587890625 42.137500762939453125 45.018749237060546875 46.456249237060546875 45.55625152587890625 45.293750762939453125 43.325000762939453125 42.59375 41.293750762939453125 39.893749237060546875 38.06874847412109375 37.393749237060546875 36.174999237060546875 35.09375 33.918750762939453125 32.71250152587890625 31.368749618530273438 29.193750381469726562 26.299999237060546875 25.331249237060546875 23.725000381469726562 22.9375 21.287500381469726562 19.65625 19.700000762939453125 19.518749237060546875 19.6875 19.1875 18.393749237060546875 18.78125 18.212499618530273438
