data/historical-monthly-weather-data/wc2.1_cruts4.09_10m_prec_1952-04.asc
ncols        45
nrows        45
xllcorner    -63.500000000000
yllcorner    -7.500000000000
cellsize     0.166666666667
NODATA_value -9999
[rows 0 to 19 of 45, columns 0 to 44 of 45]
197.1999969482421875 195.3000030517578125 195.818756103515625 200.8125 202.7624969482421875 203.8249969482421875 204.225006103515625 201.368743896484375 201.8000030517578125 205.5437469482421875 212.1125030517578125 219.0812530517578125 225.181243896484375 229.6125030517578125 234.243743896484375 239.537506103515625 245.84375 247.9187469482421875 252.4562530517578125 257.131256103515625 261.64373779296875 267.462493896484375 272.381256103515625 278.01251220703125 281.3125 287.29998779296875 290.66876220703125 295.73126220703125 299.34375 302.48126220703125 306.118743896484375 309.73126220703125 310.33123779296875 312.48748779296875 314.681243896484375 320.36248779296875 324.35626220703125 328.899993896484375 338.243743896484375 346.125 353.712493896484375 359.681243896484375 362 366.41876220703125 368.64373779296875
201.2687530517578125 198.662506103515625 203.693756103515625 209.2375030517578125 214.475006103515625 215.056243896484375 214.65625 215.6750030517578125 218.3874969482421875 222.537506103515625 229.131256103515625 235.024993896484375 240.9562530517578125 245.712493896484375 248.7624969482421875 254.40625 258.67498779296875 262.524993896484375 267.181243896484375 271.181243896484375 275.462493896484375 280.256256103515625 286.70001220703125 290.95001220703125 296.162506103515625 301.42498779296875 304.32501220703125 309.35626220703125 311.13751220703125 313.100006103515625 317.08123779296875 321.806243896484375 322.506256103515625 325.25 326.256256103515625 331.743743896484375 338.35626220703125 343.649993896484375 352.681243896484375 359.712493896484375 366.45623779296875 372.96875 375.618743896484375 377.61248779296875 378.587493896484375
201.1999969482421875 200.5625 205.7062530517578125 213.8125 221.28125 224.9187469482421875 228.087493896484375 232.3625030517578125 239.399993896484375 244.65625 249.662506103515625 253.993743896484375 259.587493896484375 262.17498779296875 264.837493896484375 269.20623779296875 272.85626220703125 276.993743896484375 280.89373779296875 286 291.712493896484375 298.056243896484375 303.556243896484375 308.006256103515625 314.17498779296875 319.54376220703125 323.38751220703125 324.29376220703125 323.70623779296875 326.3125 329.40625 332.59375 336.45623779296875 339.131256103515625 339.42498779296875 344.20001220703125 352.79376220703125 360.243743896484375 367.931243896484375 375.024993896484375 381.462493896484375 385.475006103515625 387.91876220703125 390.35626220703125 390.61248779296875
197.28125 197.618743896484375 206.631256103515625 214.7375030517578125 223.53125 231.8249969482421875 239.443756103515625 247.787506103515625 258.975006103515625 267.931243896484375 272.51251220703125 274.36248779296875 276.368743896484375 279.03125 280.5625 284.20623779296875 288.087493896484375 291.9375 295.899993896484375 301.59375 309.29998779296875 316.375 321.181243896484375 326.975006103515625 333.01873779296875 336.79376220703125 340.79376220703125 339.28125 337.66876220703125 341.51251220703125 344.08123779296875 346.756256103515625 348.131256103515625 350.756256103515625 351.743743896484375 359.26873779296875 367.35626220703125 375.04998779296875 384.66876220703125 389.70623779296875 395.58123779296875 400.66876220703125 400.26251220703125 400.350006103515625 401.524993896484375
202.6062469482421875 199.993743896484375 204.5 213.818756103515625 225.875 236.8249969482421875 246.6125030517578125 259.41876220703125 275.506256103515625 289.631256103515625 292.649993896484375 289.70001220703125 291.15625 293.95001220703125 294.90625 297.6875 300.40625 304.85626220703125 309.068756103515625 314.76251220703125 324.287506103515625 331.381256103515625 337.38751220703125 345.28125 348.787506103515625 352.5625 353.53125 355 354.92498779296875 356 358.162506103515625 357.11248779296875 358.412506103515625 362.20001220703125 365.024993896484375 372.693756103515625 379.98748779296875 388.5 398.5 403.681243896484375 410.600006103515625 410.82501220703125 410.96875 412.61248779296875 411.10626220703125
201.78125 200.7062530517578125 206 211.21875 222.9499969482421875 236.4875030517578125 248.2937469482421875 263.01873779296875 280.26251220703125 297.693756103515625 298.868743896484375 296.98748779296875 299.59375 303.23126220703125 303.98126220703125 307.46875 308.712493896484375 313.58123779296875 320.850006103515625 328.29376220703125 336.287506103515625 343.368743896484375 352.462493896484375 358.40625 363.1875 367.95001220703125 367.693756103515625 367.587493896484375 366.4375 366.54376220703125 367.743743896484375 369.149993896484375 368.493743896484375 372.65625 378.51873779296875 385.600006103515625 395.60626220703125 404.5625 413.29376220703125 420.087493896484375 421.66876220703125 420.881256103515625 421.46875 423.225006103515625 422.6875
201.625 200.84375 206.6062469482421875 211.537506103515625 217.881256103515625 229.3937530517578125 242.4250030517578125 257.20623779296875 270.91876220703125 283.256256103515625 292.70001220703125 298.1875 305.774993896484375 310.131256103515625 312.493743896484375 317.4375 319.649993896484375 322.287506103515625 328.506256103515625 338.26251220703125 348.07501220703125 357.118743896484375 366.131256103515625 369.64373779296875 375.35626220703125 380.931243896484375 381.20001220703125 378.14373779296875 375.70623779296875 376.01251220703125 377.806243896484375 378.11248779296875 380.01251220703125 382.39373779296875 388.54376220703125 396.368743896484375 404.76251220703125 415.10626220703125 426.13751220703125 431.11248779296875 427.475006103515625 426.943756103515625 427.91876220703125 429.14373779296875 430.25
202.087493896484375 200.274993896484375 205.0124969482421875 211.5 218.475006103515625 229.0999908447265625 237.6687469482421875 245.53125 252.943756103515625 264.82501220703125 282.60626220703125 296.850006103515625 308.39373779296875 316.618743896484375 321.64373779296875 325.931243896484375 328.48126220703125 331.63751220703125 335.912506103515625 346.90625 359.243743896484375 370.068756103515625 378.287506103515625 382.149993896484375 389.54376220703125 392.181243896484375 391.087493896484375 387.79998779296875 385.274993896484375 386.14373779296875 384.84375 384.912506103515625 387.65625 391.32501220703125 396.85626220703125 401.375 410.16876220703125 418.975006103515625 426.20623779296875 428.306243896484375 426.73126220703125 427.912506103515625 427.98126220703125 427.07501220703125 425.318756103515625
202.78125 201.84375 206.493743896484375 211.931243896484375 218.712493896484375 227.96875 237.056243896484375 243.4562530517578125 245.774993896484375 253.287506103515625 274.42498779296875 292.443756103515625 310.95001220703125 321.418731689453125 326.568756103515625 332.33123779296875 337.162506103515625 342.51873779296875 349.85626220703125 359.149993896484375 365.5625 379.11248779296875 387.350006103515625 394.20001220703125 400.256256103515625 400.193756103515625 397.21875 394.29376220703125 391.3125 391.681243896484375 392.28125 389.46875 390.600006103515625 391.649993896484375 397.29376220703125 402.48748779296875 411.17498779296875 416.95623779296875 422.90625 423.631256103515625 422.318756103515625 421.056243896484375 422.131256103515625 422.54998779296875 415.568756103515625
203.34375 201.9562530517578125 207.2312469482421875 212.9875030517578125 218.9812469482421875 228.71875 238.6374969482421875 245.787506103515625 253.3312530517578125 265.131256103515625 283.10626220703125 297.962493896484375 314.493743896484375 325.899993896484375 333.61248779296875 339.087493896484375 345.04376220703125 352.912506103515625 361.39373779296875 374.381256103515625 380.85626220703125 389.712493896484375 397.11248779296875 405.54998779296875 406.95001220703125 404.0625 400.08123779296875 396.36248779296875 394.587493896484375 397.631256103515625 394.693756103515625 389.8125 389.95001220703125 391.306243896484375 395.63751220703125 401.899993896484375 406.96875 412.225006103515625 416.36248779296875 419.04376220703125 419.806243896484375 418.274993896484375 416.787506103515625 411.09375 406.537506103515625
204.225006103515625 204.024993896484375 208.9937591552734375 214.4812469482421875 219.40625 229.693756103515625 240.556243896484375 249.462493896484375 261.04998779296875 275.38751220703125 293.54998779296875 310.14373779296875 321.193756103515625 332.125 338.306243896484375 343.625 350.962493896484375 361.0625 372.65625 385.70001220703125 397.725006103515625 405.20623779296875 408.70001220703125 404.662506103515625 410.08123779296875 407.368743896484375 400.125 395.100006103515625 391.243743896484375 393.86248779296875 390.88751220703125 385.774993896484375 386.5 387.806243896484375 391.662506103515625 393.96875 398.04998779296875 403.23748779296875 407.837493896484375 410.66876220703125 410.66876220703125 408.318756103515625 408.89373779296875 405.59375 399.212493896484375
205.5 205.25 210.087493896484375 217.78125 223.899993896484375 232.975006103515625 245.212493896484375 256.875 270.712493896484375 286.29998779296875 304.631256103515625 321.225006103515625 327.46875 334.51873779296875 340.29998779296875 346.53125 353.51873779296875 364.118743896484375 377.006256103515625 391.59375 403.493743896484375 411.725006103515625 416.57501220703125 415.95001220703125 410.89373779296875 401.337493896484375 393.26251220703125 386.381256103515625 382.712493896484375 382.29998779296875 379.90625 376.32501220703125 375.712493896484375 377.48748779296875 380.912506103515625 384.34375 389.91876220703125 395.787506103515625 397.03125 396.83123779296875 397.943756103515625 396.662506103515625 395.33123779296875 387.556243896484375 380.993743896484375
207.59375 207.506256103515625 212.725006103515625 219.71875 227.0749969482421875 238.837493896484375 250.0187530517578125 261.33123779296875 275.181243896484375 293.04998779296875 311.162506103515625 326.693756103515625 333 331.837493896484375 337.274993896484375 346.068756103515625 352.26251220703125 363.018768310546875 377.631256103515625 390.70623779296875 403.29998779296875 410.225006103515625 411.899993896484375 409.818756103515625 395.4375 383.45623779296875 379.75 373.318756103515625 371.399993896484375 369.92498779296875 367.58123779296875 363.84375 362.96875 364.725006103515625 366.84375 372.8125 379.20001220703125 385.32501220703125 388.037506103515625 388.006256103515625 382.96875 383.59375 378.625 371.41876220703125 369.36248779296875
208.6999969482421875 208.931243896484375 213.59375 220.34375 229.1999969482421875 240.712493896484375 251.625 263.537506103515625 278.662506103515625 295.193756103515625 310.162506103515625 320.36248779296875 327.01873779296875 328.96875 331.36248779296875 341.350006103515625 347.84375 356.506256103515625 371.431243896484375 382.66876220703125 393.90625 398.962493896484375 402.20623779296875 393.693756103515625 382.09375 371.975006103515625 366.649993896484375 361.524993896484375 358.287506103515625 357.475006103515625 354.96875 352.399993896484375 349.100006103515625 350.5 354.04376220703125 361.412506103515625 368.287506103515625 376.725006103515625 381.58123779296875 379.5625 370.024993896484375 363.193756103515625 364.45623779296875 367.16876220703125 369.118743896484375
207.1750030517578125 208.1999969482421875 213.75 221.149993896484375 230.7750091552734375 242.193756103515625 254.15625 266.037506103515625 279.118743896484375 293.04998779296875 306.29376220703125 315.225006103515625 320.024993896484375 322.21875 323.45623779296875 329.475006103515625 337.399993896484375 350.037506103515625 363.73748779296875 375.181243896484375 383.79376220703125 391.25 392.26873779296875 383.54376220703125 372.76873779296875 364.84375 358.75 354.587493896484375 351.73748779296875 349.149993896484375 343.868743896484375 337.3125 337.225006103515625 336.568756103515625 338.20001220703125 344.51873779296875 357.556243896484375 370.71875 374.79998779296875 369.3125 360.4375 358.79376220703125 365.35626220703125 364.58123779296875 363.362518310546875
204.15625 205.6750030517578125 212.993743896484375 221.8000030517578125 231.3312530517578125 242.899993896484375 254.7375030517578125 266.868743896484375 280.76251220703125 292.79376220703125 304.037506103515625 311.256256103515625 315.587493896484375 316.03125 315.256256103515625 314.375 326.29998779296875 343.231231689453125 355.412506103515625 367.443756103515625 376.23126220703125 381.57501220703125 382.04998779296875 374.225006103515625 363.756256103515625 357.649993896484375 350.631256103515625 347.66876220703125 344.96875 342.98748779296875 339.95001220703125 332.57501220703125 324.90625 321.631256103515625 319.899993896484375 333.63751220703125 346.993743896484375 361.193756103515625 366.40625 366.431243896484375 360.693756103515625 361.787506103515625 363.399993896484375 360.32501220703125 357.1875
199.8937530517578125 202.9375 211.59375 221.40625 231.1687469482421875 242.850006103515625 256.23748779296875 268.48126220703125 280.20001220703125 291.86248779296875 301.48748779296875 307.899993896484375 310.63751220703125 311.037506103515625 312.48126220703125 314.868743896484375 318.9375 332.90625 347.993743896484375 361.48748779296875 370.14373779296875 376.850006103515625 377.48748779296875 365.71875 355.90625 348.850006103515625 343.61248779296875 340.725006103515625 339.83123779296875 339.318756103515625 335.5 328.41876220703125 321.399993896484375 316.95001220703125 321.36248779296875 330.350006103515625 344.58123779296875 360.23748779296875 371.118743896484375 369.04998779296875 364.774993896484375 363.95001220703125 359.618743896484375 355.743743896484375 351.131256103515625
192.7624969482421875 197.756256103515625 206.9562530517578125 218.912506103515625 229.537506103515625 242.3937530517578125 256.681243896484375 268.149993896484375 279.381256103515625 289.4375 297.556243896484375 303.01873779296875 305.39373779296875 307.431243896484375 309.931243896484375 314.024993896484375 317.568756103515625 321.193756103515625 339.743743896484375 354.181243896484375 365.837493896484375 371.993743896484375 373.25 362.28125 354.024993896484375 347.712493896484375 339.32501220703125 339.60626220703125 340.11248779296875 337.993743896484375 329.09375 313.568756103515625 313.600006103515625 314.412506103515625 316.5 329.14373779296875 342.774993896484375 356.537506103515625 365.10626220703125 369.90625 363.51873779296875 360.98748779296875 356.774993896484375 351.943756103515625 348.375
184.693756103515625 191.162506103515625 202.3562469482421875 214.3125 226.28125 240.5 254.475006103515625 268.28125 279.78125 289.1875 295.34375 297.024993896484375 299.725006103515625 303.92498779296875 304.08123779296875 308.131256103515625 312.868743896484375 318.04376220703125 327.91876220703125 342.375 360.962493896484375 371.256256103515625 362.774993896484375 358.14373779296875 354.162506103515625 352.04998779296875 347.73126220703125 345.29376220703125 346.10626220703125 341.57501220703125 331.89373779296875 317.381256103515625 311.51873779296875 303.193756103515625 303.63751220703125 316.40625 331.04376220703125 343.85626220703125 356.16876220703125 359.90625 360.57501220703125 358.649993896484375 353.36248779296875 348.506256103515625 345.78125
176.600006103515625 184.568756103515625 196.1374969482421875 207.8874969482421875 222.1750030517578125 238.931243896484375 254.9749908447265625 267.75 279.131256103515625 288.306243896484375 293.131256103515625 296.04998779296875 298.20623779296875 300.64373779296875 299.35626220703125 297.46875 299.125 311.53125 320.76873779296875 334.318756103515625 347.306243896484375 355.11248779296875 361.10626220703125 358.318756103515625 355.70001220703125 353.76873779296875 351.881256103515625 353.131256103515625 350.48748779296875 341.65625 327.95623779296875 320.0625 308.681243896484375 293.9375 286.82501220703125 298.868743896484375 319.45001220703125 337.53125 348.787506103515625 354.931243896484375 355.35626220703125 353.82501220703125 349.51251220703125 344.88751220703125 339.837493896484375
