data/historical-monthly-weather-data/wc2.1_cruts4.09_10m_prec_2016-11.asc
ncols        51
nrows        45
xllcorner    -63.500000000000
yllcorner    -7.500000000000
cellsize     0.166666666667
NODATA_value -9999
[rows 20 to 39 of 45, columns 0 to 43 of 51]
116.22499847412109375 121.4812469482421875 128.3249969482421875 135.4187469482421875 141.774993896484375 147.0812530517578125 151.9875030517578125 155.837493896484375 157.806243896484375 158.0749969482421875 157.4375 156.96875 155.2937469482421875 151.787506103515625 150.8625030517578125 149.5437469482421875 148.931243896484375 151.6437530517578125 158.1999969482421875 164.100006103515625 170.618743896484375 175.0187530517578125 176.493743896484375 174.4250030517578125 171.7375030517578125 166.9187469482421875 158.4562530517578125 146.756256103515625 134.40625 125.13124847412109375 117.75624847412109375 115.2312469482421875 114.6374969482421875 115.06874847412109375 115.3125 114.71875 112.50624847412109375 110.1687469482421875 105.96250152587890625 101.59375 96.625 92.47499847412109375 87.8000030517578125 83.0437469482421875
123.3874969482421875 129.1750030517578125 136.350006103515625 143.53125 150.2062530517578125 154.71875 159.2937469482421875 162.881256103515625 166.9375 169.212493896484375 170.1125030517578125 171.6374969482421875 171.2937469482421875 168.0437469482421875 165.7062530517578125 163.15625 162.2624969482421875 162.6875 165.53125 169.475006103515625 171.3312530517578125 173.2687530517578125 174.7624969482421875 172.368743896484375 168.943756103515625 164.568756103515625 158.6062469482421875 149.125 140.09375 132.962493896484375 125.9499969482421875 122.86875152587890625 121.69374847412109375 122.7375030517578125 123.75624847412109375 122.59999847412109375 120.03749847412109375 116.8125 111.06874847412109375 105.90000152587890625 100.16249847412109375 95.3625030517578125 90.47499847412109375 85.9250030517578125
130.2687530517578125 138.037506103515625 144.8937530517578125 151.8125 158.3874969482421875 162.024993896484375 165.3000030517578125 169.7062530517578125 175.818756103515625 179.649993896484375 183.0625 186.4875030517578125 190.4562530517578125 188.25 182.3249969482421875 177.1374969482421875 174.2624969482421875 172.962493896484375 172.84375 173.693756103515625 173.462493896484375 173 172.306243896484375 169.5500030517578125 167.21875 163.9562530517578125 158.381256103515625 151.787506103515625 144.100006103515625 138.1125030517578125 133.1750030517578125 130.3125 129.9812469482421875 131.0749969482421875 131.631256103515625 130.5 127.71250152587890625 122.84999847412109375 116.0749969482421875 109.9499969482421875 104.05625152587890625 98.5749969482421875 93.25624847412109375 88.3937530517578125
135.681243896484375 144.21875 150.3000030517578125 155.412506103515625 161.256256103515625 166.0812530517578125 170.46875 175.993743896484375 182.25 187.524993896484375 192.443756103515625 199.993743896484375 207.0437469482421875 204.024993896484375 195.375 188.4250030517578125 183.78125 180.65625 178.03125 175.8249969482421875 174.2375030517578125 172.4875030517578125 170.131256103515625 167.4187469482421875 165.34375 162.306243896484375 159.8625030517578125 153.1750030517578125 147.7375030517578125 143.131256103515625 140.287506103515625 138.40625 137.774993896484375 138.03125 138.5437469482421875 138.0500030517578125 135.0187530517578125 128.5625 121.3249969482421875 114.5187530517578125 108 102.21875 96.6999969482421875 91.6062469482421875
142.881256103515625 151.1999969482421875 156.0124969482421875 159.8125 165.0625 169.6875 174.350006103515625 180.1062469482421875 187.243743896484375 193.381256103515625 199.6687469482421875 205.587493896484375 211.212493896484375 210.225006103515625 203.412506103515625 196.5124969482421875 191.0625 185.774993896484375 181.537506103515625 177.625 174.399993896484375 170.649993896484375 168.21875 165.118743896484375 162.568756103515625 161.6187591552734375 159.3625030517578125 155.28125 150.6374969482421875 148.4250030517578125 146.21875 145.037506103515625 144.0812530517578125 143.743743896484375 143.0812530517578125 141.243743896484375 138.131256103515625 131.881256103515625 125.00624847412109375 118.53749847412109375 111.6999969482421875 105.74375152587890625 100.625 96.0625
152.1437530517578125 160.8562469482421875 162.181243896484375 164.96875 167.818756103515625 172.118743896484375 176.725006103515625 182.475006103515625 189.5749969482421875 196.256256103515625 202.46875 208.15625 211.8125 211.8687591552734375 207.2687530517578125 201.712493896484375 196.7062530517578125 190.5 184.9562530517578125 180.006256103515625 175.375 170.631256103515625 166.3625030517578125 162.037506103515625 160.5812530517578125 160.7874908447265625 160.09375 157.75 154.681243896484375 153.4812469482421875 151.8625030517578125 150.9000091552734375 149.625 147.6750030517578125 146.0812530517578125 143.2624969482421875 139.4250030517578125 134.25 128.493743896484375 122.13124847412109375 115.71250152587890625 109.69374847412109375 103.61875152587890625 99.58750152587890625
159.587493896484375 165.618743896484375 166.4187469482421875 167.6062469482421875 169.0999908447265625 172.7375030517578125 178.2937469482421875 183.443756103515625 188.7937469482421875 195.1875 202.03125 207.0749969482421875 210.087493896484375 210.693756103515625 207.1875 201.743743896484375 197.337493896484375 191.9187469482421875 186.743743896484375 181.162506103515625 176.125 170.9812469482421875 165.8937530517578125 161.84375 161.7375030517578125 162.09375 161.587493896484375 160.0625 158.5187530517578125 156.899993896484375 156.1750030517578125 155.2937469482421875 153.850006103515625 151.3562469482421875 148.1125030517578125 144.6374969482421875 140.462493896484375 135.1125030517578125 130.337493896484375 124.78125 118.875 112.84375 106.96875 102.46250152587890625
166.8000030517578125 169.931243896484375 169.712493896484375 169.431243896484375 170.2624969482421875 173.15625 178.0749969482421875 183.399993896484375 188.868743896484375 194.7375030517578125 199.9875030517578125 204.5625 207.306243896484375 208.0437469482421875 205.59375 201.131256103515625 196.6999969482421875 192.5625 187.7687530517578125 182.8937530517578125 178.431243896484375 173.193756103515625 169.850006103515625 166.962493896484375 165.7937469482421875 165.09375 164.0812530517578125 163.09375 161.61248779296875 160.15625 158.787506103515625 158.006256103515625 156.0625 152.493743896484375 149.4875030517578125 145.556243896484375 141.0124969482421875 136.462493896484375 131.337493896484375 127.41249847412109375 122.94374847412109375 117.3125 109.7312469482421875 104.875
173.537506103515625 173.6750030517578125 171.3249969482421875 170.0749969482421875 170.0625 172.462493896484375 176.7687530517578125 181.806243896484375 187.8937530517578125 193.2062530517578125 198.1687469482421875 201.787506103515625 204.7624969482421875 205.537506103515625 203.350006103515625 200.6687469482421875 197.75 193.3625030517578125 189.181243896484375 185.03125 181.4562530517578125 177.087493896484375 174.5812530517578125 172.618743896484375 170.787506103515625 169.162506103515625 168.2624969482421875 166.537506103515625 165.1374969482421875 162.868743896484375 161.350006103515625 159.850006103515625 156.681243896484375 152.9250030517578125 150.0437469482421875 145.8874969482421875 141.4375 136.5625 131.818756103515625 127.5812530517578125 124.47499847412109375 118.74375152587890625 112.5812530517578125 110.13124847412109375
176.881256103515625 174.1437530517578125 170.5437469482421875 166.8000030517578125 166.368743896484375 168.875 172.8625030517578125 177.725006103515625 183.3874969482421875 187.868743896484375 192.7312469482421875 196.8874969482421875 200.4562530517578125 202.75 201.681243896484375 200.0437469482421875 196.9250030517578125 194.318756103515625 190.431243896484375 186.931243896484375 184.100006103515625 182.037506103515625 180.368743896484375 177.681243896484375 175.59375 174.125 172.6875 170.287506103515625 168.0749969482421875 166.0625 163.9812469482421875 161.9312591552734375 158.225006103515625 154.662506103515625 151.1687469482421875 146.100006103515625 140.90625 136.712493896484375 130.9187469482421875 126.30625152587890625 123.16249847412109375 121.71250152587890625 118.5749969482421875 117.93125152587890625
178.53125 173.3874969482421875 168.9187469482421875 164.6750030517578125 162.84375 165.837493896484375 169.556243896484375 173.6687469482421875 178.0437469482421875 183.0812530517578125 188.0812530517578125 192.693756103515625 197.40625 199.475006103515625 199.774993896484375 199.4187469482421875 198.4562530517578125 195.787506103515625 191.837493896484375 190.524993896484375 189.087493896484375 187.8874969482421875 186.7687530517578125 183.8687591552734375 180.806243896484375 179.193756103515625 176.725006103515625 174.15625 171.25 168.5625 166.375 164.243743896484375 159.90625 156.625 152.118743896484375 146.5437469482421875 141.443756103515625 137.78125 131.524993896484375 123.77500152587890625 121.78125 123.8937530517578125 124.1687469482421875 124.3874969482421875
178.243743896484375 171.7312469482421875 166.9812469482421875 163.6437530517578125 162.318756103515625 163.375 166.431243896484375 169.600006103515625 173.59375 178.068756103515625 183.118743896484375 188.6062469482421875 193.5749969482421875 197.375 199.681243896484375 200.743743896484375 200.7312469482421875 198.65625 196.375 195.90625 195.21875 194.087493896484375 192.8937530517578125 189.53125 186.8625030517578125 184.1750030517578125 180.75 177.568756103515625 173.9375 171.4562530517578125 169.0124969482421875 166.087493896484375 161.71875 157.5500030517578125 153.7687530517578125 148.193756103515625 143.03125 138.46875 131.712493896484375 126.05625152587890625 126.1687469482421875 130.1374969482421875 132.5625 136.1875
170.2375030517578125 165.03125 161.399993896484375 159.1875 158.243743896484375 159.0187530517578125 161.600006103515625 164.59375 167.9562530517578125 172.149993896484375 178.5500030517578125 184.3000030517578125 190.9812469482421875 197.8312530517578125 200.818756103515625 203.1999969482421875 203.774993896484375 204.09375 203.412506103515625 203.3125 202.743743896484375 200.881256103515625 198.618743896484375 195.037506103515625 192.212493896484375 188.975006103515625 185.1062469482421875 181.181243896484375 177.850006103515625 174.943756103515625 172.1937408447265625 169.024993896484375 164.368743896484375 159.8125 156.4562530517578125 151.53125 147.2375030517578125 142.4499969482421875 136.78125 135.4875030517578125 136.4499969482421875 140.6750030517578125 145.3937530517578125 151.899993896484375
160.6125030517578125 157.125 154.837493896484375 153.975006103515625 153.256256103515625 154.368743896484375 156.1875 159.287506103515625 162.3874969482421875 166.1062469482421875 172.125 180.3874969482421875 189.375 197.0437469482421875 201.493743896484375 205.3312530517578125 208.2312469482421875 209.6999969482421875 210.2624969482421875 210.9812469482421875 209.8625030517578125 207.6750030517578125 204.993743896484375 200.7375030517578125 197.350006103515625 193.40625 189.537506103515625 184.9562530517578125 181.2750091552734375 178 175.087493896484375 172.3499908447265625 167.6374969482421875 163.0500030517578125 159.787506103515625 155.78125 151.2312469482421875 146.0812530517578125 143.975006103515625 145.087493896484375 146.587493896484375 151.600006103515625 158.975006103515625 167.837493896484375
151.662506103515625 149.5187530517578125 148.4187469482421875 147.8937530517578125 147.9562530517578125 149.1687469482421875 150.6875 153.568756103515625 155.3000030517578125 159.443756103515625 166.443756103515625 176.912506103515625 187.8125 198.25 204.6437530517578125 208.5749969482421875 213.0625 215.568756103515625 217.006256103515625 218.09375 217.181243896484375 214.537506103515625 211.056243896484375 205.631256103515625 200.9499969482421875 197.193756103515625 192.46875 188.318756103515625 184.1187591552734375 180.7624969482421875 178.2375030517578125 175.2874908447265625 170.3937530517578125 166.524993896484375 162.4375 158.03125 153.806243896484375 152.149993896484375 151.9375 153.193756103515625 156.03125 161.006256103515625 168.587493896484375 177.443756103515625
142.056243896484375 140.46875 140.09375 139.8249969482421875 140.15625 141.7624969482421875 143.443756103515625 144.9812469482421875 146.6374969482421875 150.6687469482421875 159.662506103515625 171.8249969482421875 185.556243896484375 198.59375 205.7375030517578125 212.4375 217.03125 220.587493896484375 223.375 225.8874969482421875 224.350006103515625 219.743743896484375 215.1437530517578125 209.59375 204.662506103515625 200.3249969482421875 195.9250030517578125 192.162506103515625 188.3249969482421875 184.100006103515625 181.90625 178.6750030517578125 174.431243896484375 170.568756103515625 165.75 161.587493896484375 160.90625 159.7375030517578125 159.4499969482421875 161.5500030517578125 165.0437469482421875 169.287506103515625 175.34375 183.09375
132.3874969482421875 131.649993896484375 132.0124969482421875 132.399993896484375 132.8625030517578125 134.806243896484375 136.2375030517578125 137.4375 138.943756103515625 141.2375030517578125 152.96875 170.8937530517578125 185.90625 198.3125 206.912506103515625 214.631256103515625 220.600006103515625 224.368743896484375 227.6437530517578125 229.9250030517578125 227.6062469482421875 222.537506103515625 217.649993896484375 211.8874969482421875 206.75 203.0749969482421875 198.21875 195.381256103515625 191.375 187.7750091552734375 184.9875030517578125 182.881256103515625 178.493743896484375 174.899993896484375 170.34375 167.8937530517578125 167.78125 167.78125 168.399993896484375 169.131256103515625 171.587493896484375 174.84375 179.774993896484375 186.5625
124.03125 123.61875152587890625 124.2937469482421875 125.28749847412109375 126.1374969482421875 128.5625 130.7874908447265625 132.618743896484375 135.431243896484375 137.912506103515625 155.875 175.693756103515625 188.3312530517578125 199.693756103515625 208.5749969482421875 216.868743896484375 223.71875 227.1062469482421875 229.5625 229.78125 227.84375 223.649993896484375 219.1687469482421875 212.8874969482421875 208.2687530517578125 204.7937469482421875 200.3562469482421875 197.90625 194.7312469482421875 191.84375 187.125 184.649993896484375 181.287506103515625 178.149993896484375 174.493743896484375 173.868743896484375 174.8000030517578125 175.068756103515625 177.0124969482421875 178.350006103515625 178.337493896484375 181.225006103515625 183.59375 187.649993896484375
115.03125 115 116.59999847412109375 118.15625 119.5 122.68125152587890625 126.11875152587890625 129.6374969482421875 136.4375 148.3249969482421875 168.743743896484375 179.9499969482421875 189.9187469482421875 201.0625 209.7624969482421875 218.024993896484375 225.412506103515625 228.4812469482421875 229.537506103515625 229.8625030517578125 227.03125 222.6125030517578125 218.931243896484375 213.875 208.6875 205.681243896484375 202.0500030517578125 199.806243896484375 197.5 194.618743896484375 191.1875 188.618743896484375 185.7437591552734375 183.09375 182.618743896484375 183.024993896484375 182.9562530517578125 184.493743896484375 185.6125030517578125 183.9812469482421875 183.056243896484375 185.4187469482421875 185.462493896484375 188.350006103515625
105.7375030517578125 106.28125 108.45624542236328125 110.5500030517578125 113.1875 117.68125152587890625 122.09375 127.875 137.193756103515625 149.631256103515625 164.8249969482421875 178.0812530517578125 189.6062469482421875 201.537506103515625 210.868743896484375 219.3000030517578125 227.6999969482421875 229.993743896484375 230.4562530517578125 230.475006103515625 226.5 221.962493896484375 217.462493896484375 212.568756103515625 209.131256103515625 206.024993896484375 202.993743896484375 201.618743896484375 199.78125 196.9812469482421875 193.8125 194.2687530517578125 194.068756103515625 192.524993896484375 193.0625 192.962493896484375 192.318756103515625 192.5187530517578125 193.4187469482421875 189.9250030517578125 187.962493896484375 188.818756103515625 187.943756103515625 187.943756103515625
