data/historical-monthly-weather-data/wc2.1_cruts4.09_10m_prec_1951-04.asc
ncols        45
nrows        45
xllcorner    -63.500000000000
yllcorner    -7.500000000000
cellsize     0.166666666667
NODATA_value -9999
[rows 20 to 39 of 45, columns 0 to 44 of 45]
217.0812530517578125 224.7937469482421875 235.3125 246.1125030517578125 256.01251220703125 271.70623779296875 287.33123779296875 298.39373779296875 305.85626220703125 309.056243896484375 309.04998779296875 305.90625 302.73748779296875 301.42498779296875 297.29998779296875 295.10626220703125 295.337493896484375 301.96875 312.07501220703125 322.118743896484375 341.125 358.318756103515625 371.375 377.5625 387.13751220703125 395.149993896484375 395.806243896484375 394.725006103515625 390.5625 384.125 371.79998779296875 360.29376220703125 341.57501220703125 320.51873779296875 303.118743896484375 317.743743896484375 341.506256103515625 358.9375 367.3125 368.20623779296875 363.625 358.98126220703125 348.36248779296875 340.20623779296875 330.48126220703125
211.15625 216.462493896484375 228.149993896484375 243.6687469482421875 257.212493896484375 271.75 288.056243896484375 302.181243896484375 309.993743896484375 310.225006103515625 305.024993896484375 295.45623779296875 288.850006103515625 286.837493896484375 288.53125 288.837493896484375 293.100006103515625 298.912506103515625 308.056243896484375 316.84375 328.1875 342.98126220703125 359.256256103515625 368.131256103515625 380.03125 396.537506103515625 414.66876220703125 412.71875 406.462493896484375 398.15625 383.475006103515625 367.96875 352.59375 339.268768310546875 332.568756103515625 338.0625 354.618743896484375 368.524993896484375 372.350006103515625 370.212493896484375 365.20001220703125 358.506256103515625 347.725006103515625 338.21875 327.67498779296875
206.4187469482421875 215.931243896484375 229.125 244.6374969482421875 259.056243896484375 274.09375 288.225006103515625 304.631256103515625 318.162506103515625 312.506256103515625 300.225006103515625 285.35626220703125 275.5 274.86248779296875 280.1875 285.45623779296875 289.33123779296875 294 300.60626220703125 306.756256103515625 317.45623779296875 329.493743896484375 340.59375 351.600006103515625 369.48748779296875 391.23748779296875 412.5 416.04998779296875 412.493743896484375 402.59375 390.95001220703125 378.90625 372.706268310546875 366.818756103515625 365.79376220703125 365.881256103515625 373.88751220703125 382.306243896484375 381.537506103515625 374.09375 366.01873779296875 356.337493896484375 345.28125 335.01251220703125 324.76873779296875
204.78125 214.837493896484375 229.6062469482421875 243.2937469482421875 256.89373779296875 271.5 287.625 301.806243896484375 312.4375 305.6875 292.681243896484375 280.17498779296875 265.475006103515625 268.29376220703125 275.443756103515625 280.618743896484375 283.78125 290.07501220703125 294.61248779296875 300.38751220703125 308.04998779296875 315.118743896484375 323.63751220703125 336.79376220703125 353.95623779296875 369.76251220703125 386.4375 400.41876220703125 405.443756103515625 404.88751220703125 400.587493896484375 397.524993896484375 396.556243896484375 393.193756103515625 393.774993896484375 392.712493896484375 396.76873779296875 397.212493896484375 389.75 377.53125 366.98126220703125 354.931243896484375 342.806243896484375 330.95623779296875 322.243743896484375
206 216.443756103515625 229.850006103515625 244.100006103515625 258.29376220703125 271.01873779296875 283.96875 295.53125 300.45001220703125 298.993743896484375 289.57501220703125 278.01251220703125 271.8125 269.381256103515625 273.100006103515625 277.26873779296875 282.381256103515625 287.76251220703125 291.699981689453125 294.28125 298.524993896484375 302.65625 309.08123779296875 318.931243896484375 333.21875 354.681243896484375 373.65625 388.89373779296875 401.056243896484375 411.268768310546875 415.53125 419.337493896484375 422.17498779296875 419.83123779296875 417.26873779296875 410.818756103515625 409.89373779296875 403.850006103515625 393.712493896484375 381.67498779296875 368.75 354.524993896484375 342.712493896484375 328.837493896484375 313.34375
213.375 222.399993896484375 230.993743896484375 243.625 255.274993896484375 266.75 277.91876220703125 286.95001220703125 288.41876220703125 286.63751220703125 283.46875 279.212493896484375 275.21875 274.35626220703125 275.08123779296875 279.76251220703125 283.54376220703125 287.76251220703125 289.48126220703125 288.75 292.837493896484375 293.03125 294.35626220703125 297.587493896484375 315.837493896484375 341.118743896484375 366.29376220703125 383.506256103515625 402.03125 414.693756103515625 428.26251220703125 440.431243896484375 447.056243896484375 440.95623779296875 432.57501220703125 423.850006103515625 418.33123779296875 410.38751220703125 397.39373779296875 384.08123779296875 370.98126220703125 354.662506103515625 340 323.89373779296875 310.23748779296875
216.1875 220.4875030517578125 229.068756103515625 238.899993896484375 247.443756103515625 258.79376220703125 267.962493896484375 274.46875 276.725006103515625 280.61248779296875 282.26251220703125 279.82501220703125 278.318756103515625 278.64373779296875 280.01251220703125 283.29998779296875 286.100006103515625 288.256256103515625 290.693756103515625 291.068756103515625 290.64373779296875 288.293731689453125 284.84375 286.287506103515625 307.662506103515625 331.16876220703125 357.131256103515625 376.20001220703125 396.92498779296875 412.83123779296875 431.57501220703125 449.20623779296875 461.61248779296875 453.40625 443.04376220703125 431.96875 424.350006103515625 415.36248779296875 400.056243896484375 386.11248779296875 370.756256103515625 355.54998779296875 339.84375 325.21875 317.975006103515625
219.8562469482421875 219.9562530517578125 226.125 233.40625 241.1750030517578125 250.1687469482421875 259.399993896484375 264.34375 269.45623779296875 275.024993896484375 276.70623779296875 278.274993896484375 278.98126220703125 281.837493896484375 284.068756103515625 285.57501220703125 288.89373779296875 293.86248779296875 294.48748779296875 296 296.056243896484375 292.256256103515625 294.162506103515625 296.20623779296875 310.774993896484375 331.399993896484375 351.743743896484375 370.818756103515625 389.64373779296875 406.725006103515625 422.90625 438.21875 449.61248779296875 448.16876220703125 444.568756103515625 433.95001220703125 427.66876220703125 419.556243896484375 404.493743896484375 389.38751220703125 374.587493896484375 359.28125 343.66876220703125 331.34375 333.350006103515625
221.318756103515625 218.818756103515625 222.2937469482421875 228.09375 233.5124969482421875 240.0187530517578125 247.837493896484375 256.08123779296875 264.15625 269.368743896484375 274.418731689453125 277.57501220703125 279.41876220703125 283.712493896484375 288.537506103515625 293.45001220703125 297.63751220703125 299.375 302.318756103515625 303.087493896484375 303.79998779296875 300.9375 303.506256103515625 308.01873779296875 318.07501220703125 334.631256103515625 351.79998779296875 367.431243896484375 383.29376220703125 397.975006103515625 408.86248779296875 420.181243896484375 428.556243896484375 434.899993896484375 437.23126220703125 431.337493896484375 427.9375 422.40625 408.912506103515625 392.26251220703125 374.33123779296875 359.625 346.59375 344.693756103515625 348.350006103515625
221.024993896484375 216.287506103515625 218.162506103515625 219.8562469482421875 224.243743896484375 231.7062530517578125 239.962493896484375 249.037506103515625 256.82501220703125 263.01251220703125 270.337493896484375 275.17498779296875 281.70001220703125 287.82501220703125 293.11248779296875 297.618743896484375 302.17498779296875 308.10626220703125 310.17498779296875 308.90625 307.4375 308.524993896484375 312.975006103515625 315.037506103515625 321.118743896484375 333.618743896484375 348.1875 359.04998779296875 371.82501220703125 383.51251220703125 392.91876220703125 400.15625 409.40625 419.368743896484375 426.1875 424.11248779296875 424.693756103515625 422.412506103515625 409.23126220703125 397.993743896484375 386 374.51873779296875 362.506256103515625 361.45001220703125 358.8125
218.5 211.412506103515625 211.631256103515625 212.993743896484375 216.7937469482421875 223.6125030517578125 232.625 240.4375 248.65625 257.243743896484375 266.13751220703125 273.51873779296875 283.4375 289.51251220703125 296.32501220703125 301.98748779296875 308.962493896484375 315.5 319.243743896484375 319.35626220703125 317.399993896484375 316.51873779296875 318.85626220703125 317.3125 319.375 333.13751220703125 341.26873779296875 350.70623779296875 359.92498779296875 367.79376220703125 376.524993896484375 383.493743896484375 394.95001220703125 405.85626220703125 413.39373779296875 415.39373779296875 415.4375 416.33123779296875 410.587493896484375 402.850006103515625 394.381256103515625 384.23126220703125 376.23748779296875 371.3125 369.85626220703125
214.4250030517578125 205.9187469482421875 205.337493896484375 207.46875 209.96875 215.1999969482421875 223.8187408447265625 231.125 239.7687530517578125 248.8562469482421875 259.64373779296875 271.51873779296875 281.306243896484375 290.45623779296875 297.743743896484375 304.850006103515625 309.67498779296875 317.087493896484375 320.818756103515625 325.40625 324.33123779296875 323.212493896484375 322.64373779296875 320.475006103515625 324.33123779296875 331.38751220703125 335.125 342.29376220703125 347.162506103515625 355.006256103515625 363.86248779296875 370.824981689453125 379.70623779296875 390.75 399.881256103515625 403.48126220703125 407.368743896484375 407.899993896484375 404.48126220703125 399.556243896484375 399.225006103515625 393.193756103515625 386.306243896484375 382.524993896484375 381.58123779296875
211.899993896484375 202.46875 201.5500030517578125 202.037506103515625 204.2687530517578125 208.412506103515625 213.806243896484375 220.9187469482421875 229.068756103515625 239.912506103515625 254.625 266.34375 279.79376220703125 292.21875 299.45001220703125 305.462493896484375 311.8125 319.537506103515625 322.225006103515625 325.28125 326.78125 325.931243896484375 324.318756103515625 321.90625 324.543731689453125 325.6875 328.375 330.79998779296875 333.98126220703125 342.39373779296875 349.20623779296875 354.64373779296875 362.76873779296875 373.912506103515625 383.57501220703125 389.90625 394.243743896484375 397.33123779296875 393.76251220703125 398.53125 398.61248779296875 394.46875 391.725006103515625 391.53125 392.212493896484375
208.368743896484375 200.399993896484375 199.037506103515625 198.1687469482421875 198.3125 202.475006103515625 206.7375030517578125 211.0749969482421875 218.931243896484375 229.9562530517578125 243.65625 260.10626220703125 276.8125 289.056243896484375 297.774993896484375 303.287506103515625 310.443756103515625 317.75 321.524993896484375 324.556243896484375 325.84375 325.693756103515625 324.625 318.493743896484375 320.162506103515625 319.149993896484375 317.90625 317.98748779296875 319.962493896484375 325.95623779296875 332.53125 339.79998779296875 347.76873779296875 357.837493896484375 367.76873779296875 373.84375 379.73748779296875 380.350006103515625 385.48748779296875 391.225006103515625 392.256256103515625 392.681243896484375 393.89373779296875 396.850006103515625 400.056243896484375
203.962493896484375 198.0500030517578125 196.96875 194.256256103515625 192.912506103515625 195.1374969482421875 197.6687469482421875 201.475006103515625 207.6437530517578125 217.006256103515625 233.087493896484375 253.3874969482421875 274.33123779296875 291.649993896484375 299.243743896484375 304.82501220703125 309.5625 313.693756103515625 319.79376220703125 320.83123779296875 323.85626220703125 321.993743896484375 321.0625 312.662506103515625 311.193756103515625 311.131256103515625 308.70623779296875 305.462493896484375 306.20001220703125 313.256256103515625 318.881256103515625 326.362518310546875 332.493743896484375 342.618743896484375 350.787506103515625 356.03125 359.73126220703125 369.76873779296875 376.131256103515625 381.462493896484375 383.943756103515625 387.149993896484375 391.556243896484375 395.712493896484375 396.41876220703125
203.3312530517578125 199.1875 197.5 194.8625030517578125 192.53125 192.631256103515625 194.0749969482421875 195.5 198.4375 205.21875 218.9875030517578125 241.693756103515625 266.975006103515625 285.85626220703125 294.537506103515625 300.73126220703125 306.26251220703125 310.59375 315.600006103515625 319.26873779296875 319.462493896484375 318.381256103515625 312.76873779296875 305.82501220703125 301.625 300.181243896484375 298.100006103515625 295.73748779296875 295.600006103515625 300.79998779296875 306.39373779296875 311.912506103515625 317.48126220703125 327.34375 333.26251220703125 335.306243896484375 345.131256103515625 354.92498779296875 359.79376220703125 365.98126220703125 371.73126220703125 374.943756103515625 378.4375 383.618743896484375 382.88751220703125
203.524993896484375 200.9499969482421875 198.6687469482421875 196.350006103515625 193.4875030517578125 192.6125030517578125 192.899993896484375 191.024993896484375 190.0625 192.2062530517578125 206.9749908447265625 234.912506103515625 258.162506103515625 274.931243896484375 286.631256103515625 294.443756103515625 298.662506103515625 303.5 308.8125 309.91876220703125 310.131256103515625 307.67498779296875 301.98748779296875 295.787506103515625 290.225006103515625 287.92498779296875 286.993743896484375 285.51251220703125 284.443756103515625 288.431243896484375 294.76873779296875 300.89373779296875 305.96875 312.10626220703125 316.537506103515625 321.53125 330.98126220703125 341.462493896484375 348.67498779296875 351.57501220703125 357.287506103515625 360.287506103515625 365.631256103515625 370.13751220703125 371.57501220703125
205.368743896484375 201.9562530517578125 199.03125 197.3562469482421875 194.53125 193.4562530517578125 192.0124969482421875 188.5999908447265625 187.8000030517578125 187.412506103515625 206.475006103515625 233.375 252.7062530517578125 267.868743896484375 278.71875 287.162506103515625 290.806243896484375 296.024993896484375 297.649993896484375 297.125 296.4375 292.86248779296875 289.63751220703125 283.618743896484375 277.899993896484375 276.868743896484375 273.743743896484375 274.26873779296875 274.35626220703125 278.98126220703125 282.8125 288.837493896484375 295.20001220703125 299.45001220703125 300.79376220703125 309.925018310546875 318.8125 326.45623779296875 335.70623779296875 339.73126220703125 342.712493896484375 346.79376220703125 349.256256103515625 352.10626220703125 355.59375
203.399993896484375 198.774993896484375 196.881256103515625 196.3937530517578125 195.506256103515625 193.8000030517578125 193.25 192.4375 196.506256103515625 206.6062469482421875 226.0437469482421875 241.399993896484375 252.125 264.51251220703125 274.006256103515625 279.818756103515625 283.65625 286.681243896484375 284.875 285.04998779296875 282.54998779296875 278.037506103515625 274.8125 271.48748779296875 267.837493896484375 264.899993896484375 263.662506103515625 264.5625 265.100006103515625 271.04998779296875 275.79998779296875 278.64373779296875 284.274993896484375 290.024993896484375 297.125 302.46875 308.131256103515625 316.118743896484375 321.381256103515625 322.60626220703125 326.037506103515625 330.3125 331.1875 335.03125 337.54998779296875
200.181243896484375 196.8937530517578125 196.1750030517578125 196.7624969482421875 196.850006103515625 197.1125030517578125 196.318756103515625 199.681243896484375 206.475006103515625 216.5749969482421875 229.71875 243.0500030517578125 252.0625 261.70001220703125 269.3125 273.71875 276.806243896484375 278.225006103515625 274.662506103515625 272.04376220703125 267.54376220703125 264.98748779296875 258.912506103515625 255.8562469482421875 255.9562530517578125 254.7312469482421875 254.8625030517578125 256.57501220703125 258.04998779296875 263.28125 265.83123779296875 273.26251220703125 281.25 286.850006103515625 293.600006103515625 297.725006103515625 301.40625 307.34375 309.76873779296875 307.88751220703125 309.20623779296875 312.54998779296875 311.73126220703125 314.243743896484375 318.181243896484375
