data/historical-monthly-weather-data/wc2.1_cruts4.09_10m_prec_1970-09.asc
ncols        45
nrows        45
xllcorner    -63.500000000000
yllcorner    -7.500000000000
cellsize     0.166666666667
NODATA_value -9999
[rows 19 to 37 of 45, columns 0 to 43 of 45]
139.875 141.962493896484375 141.774993896484375 142.75 143.912506103515625 144.6875 143.681243896484375 141.3625030517578125 139.7937469482421875 135.806243896484375 130.743743896484375 124.2937469482421875 116.81874847412109375 109.41249847412109375 102.61875152587890625 97.53125 91.1999969482421875 89.66249847412109375 86.65625 87.71250152587890625 87.99375152587890625 89.96875 95.81874847412109375 99.84375 101.90625 100.5437469482421875 97.49375152587890625 94.40625 87.6062469482421875 81.18125152587890625 77.78125 85.27500152587890625 94.03749847412109375 105.8625030517578125 114.6875 113.71250152587890625 111.1687469482421875 109.375 106.43125152587890625 99.93125152587890625 89.96250152587890625 79.6999969482421875 77.03125 77.2624969482421875
127.25 130.600006103515625 132.1750030517578125 133.8125 135.2375030517578125 135.337493896484375 135.524993896484375 134.71875 134.65625 132.600006103515625 128.2312469482421875 123.2624969482421875 116.0749969482421875 107.5625 101.75 94.8625030517578125 88.94374847412109375 85.50624847412109375 85.58750152587890625 84.2624969482421875 87.7062530517578125 92.21250152587890625 96.4812469482421875 100.4499969482421875 104.11875152587890625 104.09999847412109375 100.25624847412109375 95.1875 90.3937530517578125 89.2312469482421875 89.1687469482421875 95.03125 104.4187469482421875 117.71250152587890625 132.6750030517578125 127.1374969482421875 115.53125 108.2687530517578125 102.46875 96.6125030517578125 90.44374847412109375 84.21875 81.4187469482421875 81.05625152587890625
116.7312469482421875 118.68125152587890625 120.625 122.86875152587890625 125.8562469482421875 127.6125030517578125 128.100006103515625 129.1062469482421875 129.943756103515625 129.1687469482421875 126.3312530517578125 122.59999847412109375 117.69374847412109375 110.65625 104.3562469482421875 96.5625 90.78749847412109375 87.2624969482421875 87.1125030517578125 86.1437530517578125 86.875 90.8000030517578125 95 98.71875 101.5 102.94374847412109375 102.96875 99.1374969482421875 97.53749847412109375 97.53749847412109375 97.8625030517578125 101.15000152587890625 108.8874969482421875 119.3125 124.78125 121.75624847412109375 112 105.41249847412109375 99.78749847412109375 95.84375 92.6687469482421875 89.7062530517578125 89.125 88.9375
107.4187469482421875 110.55625152587890625 111.78749847412109375 114.43125152587890625 117.4562530517578125 119.56874847412109375 121.53749847412109375 123.5 126.25624847412109375 125.8312530517578125 125.8937530517578125 123.75624847412109375 121.7937469482421875 116.13124847412109375 107.5 99.4375 92.6062469482421875 89.8874969482421875 88.19374847412109375 87.31874847412109375 88.24375152587890625 91.5 94.49375152587890625 96.65000152587890625 100.2687530517578125 102.22499847412109375 102.2687530517578125 102.56874847412109375 101.56874847412109375 101.0500030517578125 102.3937530517578125 105.71875 110.3937530517578125 115.0749969482421875 115.74375152587890625 110.40625 104.94374847412109375 100.05625152587890625 96.96875 96.59375 97.19374847412109375 95.9812469482421875 96.06874847412109375 96.25624847412109375
99.74375152587890625 101.22499847412109375 103.3312530517578125 105.4875030517578125 107.83750152587890625 111.6062469482421875 114.59999847412109375 116.97499847412109375 120 120.94374847412109375 121.3312530517578125 122.53125 124.0437469482421875 118.71875 109.47499847412109375 101.22499847412109375 94.94374847412109375 92.43125152587890625 90.97499847412109375 89.55625152587890625 90.40625 92.27500152587890625 95.59999847412109375 97.89374542236328125 100.4562530517578125 101.3000030517578125 101.2687530517578125 101.7312469482421875 103.3874969482421875 103.74375152587890625 104.65000152587890625 107.53125 109.6875 111.4812469482421875 111 105.2312469482421875 101.99375152587890625 100.34999847412109375 99.21250152587890625 101.3562469482421875 102.8562469482421875 102.8249969482421875 104.40000152587890625 105.5812530517578125
93.53125 93.93125152587890625 95.2624969482421875 97.1374969482421875 102.2624969482421875 105.58750152587890625 108.3937530517578125 111.2312469482421875 113.96250152587890625 116.0812530517578125 117.59999847412109375 117.8937530517578125 118.1437530517578125 115.0812530517578125 108.6437530517578125 101.6875 96.56874847412109375 93.9250030517578125 92.40000152587890625 91.8625030517578125 92.86875152587890625 94.05625152587890625 97.7624969482421875 100.05625152587890625 100.5187530517578125 102.52500152587890625 102.5124969482421875 103.3312530517578125 104.875 105.9187469482421875 106.29375457763671875 107.84375 110.2312469482421875 110.74375152587890625 108.9187469482421875 105.28749847412109375 104.7312469482421875 104.46875 104.30625152587890625 106.5124969482421875 108.625 110.50624847412109375 113.05625152587890625 117.59375
89.4250030517578125 90.5 90.53125 93.15000152587890625 96.375 99.46875 102.8625030517578125 105.74375152587890625 108.34999847412109375 111.0625 111.8125 112.4875030517578125 112.3312530517578125 109.9250030517578125 105.88124847412109375 101.09999847412109375 96.7375030517578125 95.2062530517578125 93.93125152587890625 93.43125152587890625 94.4187469482421875 95.3874969482421875 99.06874847412109375 101.43125152587890625 102.2375030517578125 103 104.5 106.46875 107.3312530517578125 108.25 108.4250030517578125 110.03749847412109375 110.0437469482421875 109.83750152587890625 109.3625030517578125 109.68125152587890625 109.22499847412109375 109.77500152587890625 111.86875152587890625 113.75 117.21250152587890625 119.05625152587890625 122.0625 128.100006103515625
87.56874847412109375 87.19374847412109375 87.74375152587890625 90.0812530517578125 92.25 95.4250030517578125 98.28749847412109375 100.58750152587890625 102.34999847412109375 105.15625 107.3937530517578125 108.5187530517578125 108.2312469482421875 107.00624847412109375 104.25624847412109375 100.71250152587890625 98.19374847412109375 96.34375 95.43125152587890625 95.04999542236328125 96.3874969482421875 97.33750152587890625 100.18125152587890625 104.13124847412109375 104.55625152587890625 105.7062530517578125 107.18125152587890625 108 108.9812469482421875 109.5124969482421875 109.6374969482421875 109.9250030517578125 111.84375 112.21875 111.4499969482421875 113.1374969482421875 114.53749847412109375 115.3125 118.0187530517578125 121.03125 123.78125 126.9875030517578125 131.40625 135.6875
85.59999847412109375 84.8625030517578125 85.7624969482421875 86.7624969482421875 88.90000152587890625 91.375 94.18125152587890625 96.5 97.99375152587890625 101.0500030517578125 103.21875 104.4499969482421875 104.78125 105.16249847412109375 102.9375 100.41249847412109375 98.31874847412109375 97.09999847412109375 96.4562530517578125 96.9375 98.0625 99.4187469482421875 102.09999847412109375 105.3625030517578125 107.40000152587890625 108.2062530517578125 109.16249847412109375 109.9499969482421875 110.77500152587890625 111.84999847412109375 110.9562530517578125 111.25 113.8937530517578125 114.46875 114.93125152587890625 116.7937469482421875 120.3125 122.8000030517578125 126.0124969482421875 129.3000030517578125 132.75 136.975006103515625 138.96875 144.7312469482421875
84.3312530517578125 82.8937530517578125 82.8625030517578125 83.41249847412109375 84.84375 86.83750152587890625 89.2624969482421875 91.95624542236328125 94.1437530517578125 96.7624969482421875 98.9375 100.1875 102.15625 102.43125152587890625 100.90625 100.68125152587890625 100.59999847412109375 97.625 96.9875030517578125 97.837493896484375 99.625 101.61875152587890625 104.59375 107.93125152587890625 108.91249847412109375 110.53749847412109375 111.3625030517578125 112.65000152587890625 114.5124969482421875 113.88124847412109375 112.3312530517578125 112.34375 114.33750152587890625 116.3000030517578125 119.15000152587890625 121.2375030517578125 126.15625 130.537506103515625 135.0437469482421875 138.5124969482421875 138.868743896484375 140.8625030517578125 145.7375030517578125 153.1062469482421875
86.3937530517578125 84.19374847412109375 82.6062469482421875 82.21250152587890625 82.72499847412109375 84.6875 87.02500152587890625 89.43125152587890625 91.5625 93.7312469482421875 95.78125 98.16249847412109375 100.1750030517578125 101.2375030517578125 101.41249847412109375 100.7062530517578125 99.96250152587890625 98.8562469482421875 97.65000152587890625 98.40625 100.90625 103.9250030517578125 106.2062530517578125 108.6125030517578125 110.9562530517578125 113.625 113.7687530517578125 114.0749969482421875 114.3937530517578125 114.78749847412109375 114.9875030517578125 115.56874847412109375 117.22499847412109375 119.4562530517578125 123.00624847412109375 126.25 131.6875 138.212493896484375 140.5124969482421875 146.587493896484375 149.4375 150.3125 152.46875 158.837493896484375
87.40000152587890625 84.66249847412109375 83.38124847412109375 81.59999847412109375 81.6750030517578125 83.65000152587890625 84.98749542236328125 86.93125152587890625 89.34375 91.84375 93.8562469482421875 96.19374847412109375 100.1687469482421875 101.31874847412109375 101.27500152587890625 100.7937469482421875 101.4187469482421875 100.712493896484375 99.63124847412109375 101.1125030517578125 103.53125 107.1062469482421875 109.94374847412109375 111.59375 113.21250152587890625 115.8000030517578125 115.6374969482421875 115.36875152587890625 115.50624847412109375 114.71875 116.34999847412109375 117.875 119.625 124.00624847412109375 127.9812469482421875 130.0749969482421875 135.787506103515625 143.412506103515625 148.7687530517578125 154.59375 157.274993896484375 157.2624969482421875 158.21875 162.412506103515625
89.44374847412109375 85.08750152587890625 82.91875457763671875 81.3937530517578125 81.6750030517578125 82.6062469482421875 83.86875152587890625 85.5749969482421875 88.19374847412109375 90.375 92.77500152587890625 95.1875 97.67499542236328125 100.54375457763671875 102.02500152587890625 103.61875152587890625 103.82500457763671875 103.6374969482421875 104.0124969482421875 106.375 109.22499847412109375 110.69374847412109375 113.5625 114.25624847412109375 117.21250152587890625 117.4562530517578125 116.2937469482421875 116.9812469482421875 116.8000030517578125 116.6999969482421875 118.4812469482421875 119.22499847412109375 121.99375152587890625 126.3562469482421875 130.2687530517578125 132.59375 137.912506103515625 143.84375 149.693756103515625 156.0124969482421875 160.693756103515625 160.850006103515625 162.40625 164.9187469482421875
92.06874847412109375 88.33750152587890625 85.4187469482421875 83.71875 83.31874847412109375 83.9875030517578125 85.2062530517578125 85.90000152587890625 87.99375152587890625 89.52500152587890625 94 95.5 98.40625 103.1125030517578125 104.9499969482421875 107.58124542236328125 108.9375 110.625 111.47499847412109375 113.81874847412109375 115.40625 116.4375 117.0124969482421875 117.40625 119.1875 118.43125152587890625 117.1875 117.2375030517578125 117.08750152587890625 118.9562530517578125 120.15625 121.65000152587890625 123.74375152587890625 127.93125152587890625 132.631256103515625 134.8937530517578125 138.7937469482421875 142.2062530517578125 147.462493896484375 154.6125030517578125 159.287506103515625 160.318756103515625 162.5500030517578125 164.256256103515625
94.06874847412109375 91.22499847412109375 88.875 86.78125 85.38124847412109375 85.61875152587890625 86.59375 86.9812469482421875 88.09999847412109375 90.21875 92.97499847412109375 97.03749847412109375 100.1374969482421875 103.1437530517578125 106.97499847412109375 110.3937530517578125 114.38124847412109375 117.1374969482421875 119.41249847412109375 121.837493896484375 122.67499542236328125 122.15000152587890625 121.49375152587890625 120.0812530517578125 119.56874847412109375 118.28749847412109375 116.94374847412109375 116.78125 116.27500152587890625 118.4250030517578125 120.9499969482421875 123.24375152587890625 125.71250152587890625 129.181243896484375 133.6875 138.09375 139.868743896484375 142.181243896484375 146.9812469482421875 151.412506103515625 155.024993896484375 158.6750030517578125 162.368743896484375 164.4812469482421875
96.7312469482421875 94.25 92 90.25624847412109375 88.66249847412109375 87.90000152587890625 88.59999847412109375 88.61875152587890625 88.69374847412109375 90.59375 94.00624847412109375 98.9875030517578125 102.46250152587890625 105.9812469482421875 110.3937530517578125 115.1875 119.65625 122.4812469482421875 127.1875 129.493743896484375 130.2375030517578125 128.587493896484375 125.3937530517578125 122.21250152587890625 119.22499847412109375 118.25624847412109375 117.40625 116.30625152587890625 115.6875 117.77500152587890625 120.6875 122.8562469482421875 125.81874847412109375 129.53125 133.0437469482421875 135.625 138.5437469482421875 142.837493896484375 145.6125030517578125 149.5625 150.21875 152.306243896484375 157.443756103515625 159.0625
99.4375 96.8000030517578125 95.15000152587890625 93.61875152587890625 92.11875152587890625 91.5625 90.8874969482421875 91.375 91.65000152587890625 92.7624969482421875 96.28749847412109375 100.9562530517578125 105.90000152587890625 110.4187469482421875 114.83750152587890625 119.9250030517578125 124.25624847412109375 128.3625030517578125 133.225006103515625 137.28125 135.693756103515625 132.8125 127.52500152587890625 122.6999969482421875 119.53125 117.5 115.84999847412109375 115.1125030517578125 114.7624969482421875 116.50624847412109375 119.5437469482421875 122.25 124.25 127.69374847412109375 130.818756103515625 132.399993896484375 137.2375030517578125 140.3874969482421875 142.78125 145.556243896484375 147.9499969482421875 148.9187469482421875 151.024993896484375 152.9250030517578125
102.02500152587890625 99.90000152587890625 98.1875 96.4250030517578125 95.90000152587890625 95.15625 94.71250152587890625 94.56874847412109375 95.06874847412109375 95.0437469482421875 99.34999847412109375 107.27500152587890625 112.3249969482421875 116.40625 120.9499969482421875 124.8625030517578125 129.3249969482421875 132.21875 135.8562469482421875 138.975006103515625 138.274993896484375 132.875 127.34999847412109375 121.5812530517578125 117.9250030517578125 115.8125 113.71875 112.53749847412109375 112.375 114.65625 117.41249847412109375 120.40000152587890625 123.09375 126.3249969482421875 129.162506103515625 131.693756103515625 135.3562469482421875 139.1437530517578125 140.2687530517578125 141.6875 143.34375 143.225006103515625 145.381256103515625 147.287506103515625
104.1437530517578125 102.8562469482421875 101.53125 99.625 99.44374847412109375 99.2312469482421875 99.0437469482421875 99.31874847412109375 100.3312530517578125 100.31874847412109375 110.375 117.4875030517578125 120.53125 123.1999969482421875 126.7312469482421875 130.431243896484375 132.15625 134.5437469482421875 135.7624969482421875 136.375 135.75 130.631256103515625 125.46875 119.4875030517578125 115.1875 112.3874969482421875 111.3000030517578125 110.6750030517578125 110.59999847412109375 113.0625 114.1125030517578125 116.77500152587890625 119.72499847412109375 124.34999847412109375 127.71875 128.1374969482421875 131.443756103515625 134.649993896484375 137.7937469482421875 139.7312469482421875 139.0124969482421875 140.8125 139.537506103515625 139.4812469482421875
