data/historical-monthly-weather-data/wc2.1_cruts4.09_10m_prec_1961-01.asc
ncols        45
nrows        45
xllcorner    -63.500000000000
yllcorner    -7.500000000000
cellsize     0.166666666667
NODATA_value -9999
[rows 20 to 39 of 45, columns 0 to 44 of 45]
257.125 258.056243896484375 259.725006103515625 263.03125 266.9375 274.73748779296875 283.64373779296875 290.368743896484375 296.024993896484375 299.493743896484375 302.04998779296875 305.71875 312.399993896484375 319.806243896484375 310.79998779296875 292.1875 278.875 271.774993896484375 271.131256103515625 270.75 276.09375 280.48126220703125 283.67498779296875 288.16876220703125 293.51873779296875 299.306243896484375 303.89373779296875 309.024993896484375 313.618743896484375 317.51873779296875 314.462493896484375 306.70623779296875 295.225006103515625 283.149993896484375 272.868743896484375 291.506256103515625 320.35626220703125 341.17498779296875 347.70623779296875 342.07501220703125 328.42498779296875 313.256256103515625 302.399993896484375 293.693756103515625 285.350006103515625
250.5625 251.037506103515625 253.006256103515625 257.79998779296875 264.23126220703125 272.912506103515625 282.07501220703125 291.118743896484375 297.0625 296.51873779296875 293.693756103515625 289.100006103515625 287.82501220703125 290 287.71875 279.63751220703125 274.01873779296875 270.38751220703125 269.15625 269.443756103515625 271.568756103515625 275.54376220703125 280.506256103515625 286.03125 292.48748779296875 299.899993896484375 307.625 310.881256103515625 312.21875 311.45623779296875 304.274993896484375 295.837493896484375 289.875 287.48748779296875 288.45001220703125 306.068756103515625 335.693756103515625 360.45623779296875 366.63751220703125 357.08123779296875 339.95001220703125 322.33123779296875 308.92498779296875 298.03125 287.86248779296875
244.087493896484375 245.4250030517578125 246.100006103515625 251.03125 259.35626220703125 270.45001220703125 280.443756103515625 290.618743896484375 298.931243896484375 293.850006103515625 283.056243896484375 269.8125 261.256256103515625 262.100006103515625 266.850006103515625 268.131256103515625 266.6875 265.78125 265.337493896484375 265.462493896484375 267.850006103515625 270.6875 274.13751220703125 279.73748779296875 288.65625 299.20001220703125 308.36248779296875 311.11248779296875 310.13751220703125 304.8125 296.006256103515625 288.90625 291.82501220703125 296.75 305.86248779296875 322.98126220703125 352.85626220703125 386.806243896484375 389.875 369.881256103515625 348.350006103515625 329.63751220703125 312.350006103515625 299.63751220703125 288.806243896484375
236.3625030517578125 236.9875030517578125 237.2375030517578125 243.6125030517578125 254.431243896484375 265.70001220703125 276.868743896484375 287.11248779296875 293.243743896484375 285.58123779296875 271.95623779296875 257.100006103515625 240.881256103515625 244.506256103515625 254.556243896484375 259.524993896484375 260.806243896484375 261.318756103515625 261.70001220703125 262.375 263.193756103515625 264.912506103515625 267.57501220703125 272.70623779296875 282.875 293.76251220703125 304.568756103515625 306.818756103515625 305.73126220703125 302.71875 297.100006103515625 293.82501220703125 299.350006103515625 307.5625 319.04376220703125 336.024993896484375 361.54998779296875 390.60626220703125 392.28125 372.46875 350.350006103515625 330.16876220703125 312.556243896484375 299.212493896484375 289.524993896484375
229.7312469482421875 230.4562530517578125 230.056243896484375 239.7062530517578125 254.1437530517578125 264.33123779296875 273.39373779296875 281.212493896484375 283.350006103515625 277.78125 266.96875 254.837493896484375 244.743743896484375 245.1062469482421875 250.649993896484375 255.6750030517578125 258.1875 260.125 260.10626220703125 258.85626220703125 258.649993896484375 258.17498779296875 259.36248779296875 263.73126220703125 273.274993896484375 285.806243896484375 295.29998779296875 301.79376220703125 303.712493896484375 304.75 303.64373779296875 304.84375 309.993743896484375 318.66876220703125 329.662506103515625 342.493743896484375 361.33123779296875 375.59375 375.86248779296875 363.912506103515625 345.33123779296875 326.60626220703125 309.95623779296875 298.475006103515625 286.756256103515625
228.443756103515625 232.84375 234.818756103515625 244.556243896484375 255.8562469482421875 264.587493896484375 271.25 275.306243896484375 275.537506103515625 271.20623779296875 264.60626220703125 257.806243896484375 251.6437530517578125 250.318756103515625 252.274993896484375 255.5187530517578125 258.32501220703125 260.256256103515625 260.03125 257.60626220703125 256.60626220703125 252.881256103515625 251.6437530517578125 253.4499969482421875 263.75 277.95001220703125 290.42498779296875 298.58123779296875 304.20623779296875 306.056243896484375 310.64373779296875 315.40625 321.962493896484375 328.149993896484375 337.28125 346.0625 357.287506103515625 363.850006103515625 362.0625 352.32501220703125 337.63751220703125 320.14373779296875 303.33123779296875 293.181243896484375 285.51251220703125
229.818756103515625 236.2937469482421875 242.024993896484375 250.5812530517578125 259.237518310546875 265.76873779296875 270.82501220703125 272.125 271.48126220703125 269.73748779296875 266.08123779296875 262.350006103515625 258.83123779296875 257.6875 257.993743896484375 260.13751220703125 262.15625 263.54376220703125 263.76251220703125 259.931243896484375 256.16876220703125 252.537506103515625 247.350006103515625 247.4562530517578125 260.09375 273.95623779296875 286.39373779296875 296.11248779296875 303.98126220703125 308.54376220703125 315.756256103515625 322.07501220703125 329.9375 335 340.162506103515625 347.08123779296875 354.193756103515625 355.92498779296875 351.100006103515625 342.98748779296875 329.48748779296875 311.806243896484375 296.32501220703125 287.462493896484375 288.57501220703125
233.03125 240.412506103515625 248.5 257 264.881256103515625 268.587493896484375 271.08123779296875 271.10626220703125 270.774993896484375 269.287506103515625 267.431243896484375 266.10626220703125 263.98126220703125 263.350006103515625 263.399993896484375 265.03125 266.29998779296875 269.40625 267.70001220703125 264.70001220703125 261.943756103515625 256.368743896484375 254.6437530517578125 255.5500030517578125 264.26873779296875 275.23748779296875 286.431243896484375 295.506256103515625 304.14373779296875 311.58123779296875 318.29998779296875 324.912506103515625 331.881256103515625 335.681243896484375 340.17498779296875 345.431243896484375 349.01873779296875 350.006256103515625 345.75 336.6875 325.212493896484375 308.875 292.23748779296875 285.256256103515625 299.118743896484375
234.837493896484375 244.1687469482421875 253.243743896484375 262.975006103515625 270.70001220703125 272.087493896484375 271.08123779296875 271.037506103515625 270.131256103515625 269.556243896484375 269.287506103515625 268.88751220703125 268.368743896484375 269.912506103515625 270.48748779296875 272.587493896484375 275.899993896484375 277.181243896484375 276.087493896484375 273.006256103515625 269.29998779296875 264.17498779296875 262.76873779296875 264.618743896484375 270.71875 278.73748779296875 288.600006103515625 297.13751220703125 306.45001220703125 314.006256103515625 319.65625 325.4375 331.32501220703125 335.881256103515625 340.34375 343.725006103515625 347.212493896484375 347.40625 343.79376220703125 335.068756103515625 321.918731689453125 307.375 295.91876220703125 296.54998779296875 312.318756103515625
237.306243896484375 247.28125 257.743743896484375 268.32501220703125 275.15625 274.056243896484375 271.375 271 270.14373779296875 269.40625 270.63751220703125 272.618743896484375 274.118743896484375 276.850006103515625 279.212493896484375 281.375 283.89373779296875 286.15625 286.61248779296875 282.412506103515625 277.875 274.35626220703125 271.98126220703125 272.85626220703125 277.70623779296875 284.29998779296875 292.28125 299.66876220703125 308.09375 314.462493896484375 320.649993896484375 326.100006103515625 330.45623779296875 335.79998779296875 339.59375 342.875 345.29376220703125 347.20623779296875 343.556243896484375 336.975006103515625 328.350006103515625 318.381256103515625 311.66876220703125 313.712493896484375 320.4375
237.7312469482421875 248.243743896484375 257.181243896484375 267.399993896484375 275.131256103515625 271.73748779296875 269.818756103515625 269.024993896484375 268.693756103515625 269.40625 272.20623779296875 275.79998779296875 279.256256103515625 282.475006103515625 286.29376220703125 289.07501220703125 292.681243896484375 295.85626220703125 296.61248779296875 292.681243896484375 287.118743896484375 282.48126220703125 280.78125 280.725006103515625 283.556243896484375 289.899993896484375 296.756256103515625 302.899993896484375 310.98126220703125 316.04998779296875 321.79998779296875 327.087493896484375 330.543731689453125 335.29998779296875 338.912506103515625 342.01873779296875 343.975006103515625 347.225006103515625 346.01873779296875 341.38751220703125 336.64373779296875 330.29998779296875 326.51251220703125 325.431243896484375 329.89373779296875
235.774993896484375 245.75 253.2312469482421875 260.85626220703125 266.15625 265.09375 265.78125 265.10626220703125 265.91876220703125 267.818756103515625 271.75 276.868743896484375 282.29376220703125 288.193756103515625 293.193756103515625 296.51251220703125 298.931243896484375 301.524993896484375 301.04376220703125 298.568756103515625 292.86248779296875 288.318756103515625 286.95623779296875 286.306243896484375 289.65625 294.41876220703125 299.649993896484375 305.64373779296875 311.587493896484375 317.537506103515625 322.756256103515625 327.53125 331.04376220703125 335.368743896484375 338.9375 341.20623779296875 345.01873779296875 346.48126220703125 345.162506103515625 343.40625 344.45001220703125 341.51873779296875 339.975006103515625 342.51251220703125 346.993743896484375
232.375 241.125 247.5749969482421875 253.181243896484375 256.04998779296875 255.899993896484375 255.837493896484375 256.13751220703125 257.20001220703125 262.337493896484375 270.10626220703125 277.681243896484375 287.225006103515625 296.806243896484375 301.17498779296875 303.90625 305.306243896484375 305.625 304.256256103515625 302.3125 297.51873779296875 293.462493896484375 291.5 292.38751220703125 294.71875 299.024993896484375 303.337493896484375 306.95001220703125 312.28125 319.475006103515625 324.23748779296875 327.61248779296875 331.625 336.48748779296875 339.28125 342.368743896484375 345.33123779296875 346.95623779296875 344.850006103515625 347.912506103515625 349.92498779296875 349.78125 351.649993896484375 357.51873779296875 368.787506103515625
228.181243896484375 235.725006103515625 240.493743896484375 244.506256103515625 245.4875030517578125 245.712493896484375 246.0500030517578125 246.212493896484375 248.774993896484375 254.3687591552734375 264.53125 278.087493896484375 292.32501220703125 303.71875 308.33123779296875 310.01873779296875 311.79376220703125 311.568756103515625 308.36248779296875 305.08123779296875 301.13751220703125 297.86248779296875 296.17498779296875 296.48126220703125 298.41876220703125 301.39373779296875 304.58123779296875 308.70001220703125 314.38751220703125 320 325.662506103515625 329.48748779296875 332.912506103515625 338.087493896484375 341.100006103515625 343.693756103515625 345.45623779296875 345.4375 346.16876220703125 349.443756103515625 351.41876220703125 354.024993896484375 358.881256103515625 366.95001220703125 379.818756103515625
225.4499969482421875 231.0187530517578125 234.3625030517578125 236.0749969482421875 236.6062469482421875 237.006256103515625 236.350006103515625 236.243743896484375 237.7375030517578125 245.0124969482421875 259.125 277.10626220703125 297.649993896484375 312.993743896484375 317.056243896484375 317.131256103515625 317.493743896484375 315.350006103515625 311.5625 306.29998779296875 303.568756103515625 300.90625 299.46875 299.17498779296875 300.89373779296875 302.056243896484375 305.78125 310.32501220703125 315.51251220703125 320.3125 325.962493896484375 331.243743896484375 335.10626220703125 338.899993896484375 341.443756103515625 343.21875 343.36248779296875 345.837493896484375 347.006256103515625 348.381256103515625 350.756256103515625 353.337493896484375 359.29998779296875 367.07501220703125 376.86248779296875
225.34375 228.975006103515625 230.8562469482421875 231.368743896484375 231.100006103515625 229.9187469482421875 228.9875030517578125 227.1062469482421875 227.03125 232.78125 248.712493896484375 272.28125 297.5625 315.95623779296875 321.48748779296875 322.54998779296875 321.962493896484375 318.82501220703125 314.100006103515625 308.17498779296875 304.600006103515625 302.681243896484375 300.65625 299.681243896484375 300.962493896484375 303.04998779296875 306.399993896484375 310.975006103515625 316.431243896484375 321.131256103515625 327.46875 332.48748779296875 337.462493896484375 341.618743896484375 343.85626220703125 343.600006103515625 345.931243896484375 346.475006103515625 345.01251220703125 345.806243896484375 347.83123779296875 350.712493896484375 355.037506103515625 361.806243896484375 367.95623779296875
225.568756103515625 227.6999969482421875 227.837493896484375 227.412506103515625 226.3874969482421875 225.087493896484375 224.3249969482421875 221.306243896484375 218.3625030517578125 218.618743896484375 238.618743896484375 272.193756103515625 299.29376220703125 316.17498779296875 323.63751220703125 326.337493896484375 326.26251220703125 322.225006103515625 316.45623779296875 309.39373779296875 306 302.443756103515625 300.51251220703125 299.524993896484375 301 303.756256103515625 307.274993896484375 312.443756103515625 317.787506103515625 322.850006103515625 328.92498779296875 334.149993896484375 339.95001220703125 344.712493896484375 346.787506103515625 346.34375 346.34375 344.75 343.056243896484375 341.806243896484375 341.0625 343.118743896484375 347.95623779296875 352.962493896484375 356.76873779296875
225.1062469482421875 225.881256103515625 225.0500030517578125 224.524993896484375 223.5625 223.493743896484375 222.693756103515625 220.6062469482421875 218.78125 217.2312469482421875 249.5625 284.65625 305.63751220703125 319.306243896484375 326.84375 330.01251220703125 329.70001220703125 325.818756103515625 319.92498779296875 312.26251220703125 307.29998779296875 302.20001220703125 299.21875 298.412506103515625 300.068756103515625 303.537506103515625 306.79376220703125 312.01251220703125 317.79376220703125 323.95623779296875 329.53125 333.85626220703125 339.86248779296875 345.48126220703125 347.625 346.524993896484375 343.86248779296875 341.65625 339.4375 336.57501220703125 333.76873779296875 335.9375 338.306243896484375 340.306243896484375 344.131256103515625
221.756256103515625 220.931243896484375 221.0500030517578125 221 221.100006103515625 222.2624969482421875 223.0437469482421875 225.90625 233.681243896484375 252.84375 291.23748779296875 305.443756103515625 314.86248779296875 324.61248779296875 330.79376220703125 333.23126220703125 333.91876220703125 328.6875 321.76873779296875 314.0625 306.3125 300.20001220703125 296.83123779296875 296.21875 297.693756103515625 301.17498779296875 305.524993896484375 311.45623779296875 318.256256103515625 325.71875 331.087493896484375 335.087493896484375 339.443756103515625 342.35626220703125 346.381256103515625 344.46875 340.36248779296875 337.600006103515625 333.806243896484375 328.75 325.51873779296875 326.10626220703125 326.83123779296875 329.42498779296875 332.774993896484375
217.993743896484375 217.2687530517578125 217.3937530517578125 217.2624969482421875 219.3937530517578125 222.743743896484375 226.4875030517578125 234.149993896484375 247.993743896484375 269.58123779296875 294.64373779296875 311.29998779296875 321.006256103515625 329.76251220703125 334.6875 337.725006103515625 338.45623779296875 333.26873779296875 324.274993896484375 315.09375 303.70001220703125 296.9375 293.012481689453125 292.4375 294.706268310546875 298.20001220703125 303.649993896484375 310.98748779296875 318.087493896484375 325.21875 330.34375 335.850006103515625 340.75 342.53125 342.868743896484375 340.118743896484375 335.48126220703125 331.462493896484375 326.462493896484375 320.33123779296875 316.76251220703125 316.36248779296875 315.65625 317.13751220703125 320.5625
