data/historical-monthly-weather-data/wc2.1_cruts4.09_10m_prec_1990-02.asc
ncols        45
nrows        45
xllcorner    -63.500000000000
yllcorner    -7.500000000000
cellsize     0.166666666667
NODATA_value -9999
[rows 0 to 19 of 45, columns 0 to 43 of 45]
130.8874969482421875 131.975006103515625 132.6125030517578125 135.6062469482421875 136.774993896484375 141.1750030517578125 144.318756103515625 144.912506103515625 144.506256103515625 146.600006103515625 152.087493896484375 154.943756103515625 156.78125 153.2062530517578125 150.068756103515625 147.0500030517578125 145.056243896484375 140.100006103515625 139.0500030517578125 138.8249969482421875 140.3625030517578125 142.1687469482421875 145.475006103515625 147.5 150.0437469482421875 152.850006103515625 153.9375 154.712493896484375 155.431243896484375 153.46875 151.5625 149.899993896484375 148.4562530517578125 147.4499969482421875 147.806243896484375 154.337493896484375 160.6999969482421875 167.181243896484375 176.8312530517578125 185.5749969482421875 195.25 202.8499908447265625 208.59375 217.15625
133.5625 134.1999969482421875 136.287506103515625 138.006256103515625 140.4187469482421875 146.40625 150.399993896484375 154.90625 158.6062469482421875 161.725006103515625 165.412506103515625 165.556243896484375 164.756256103515625 162 157.90625 153.5812530517578125 150.2375030517578125 145.8312530517578125 143.5437469482421875 141.9187469482421875 142.4875030517578125 144.4499969482421875 147.1374969482421875 148.5500030517578125 149.743743896484375 152.068756103515625 153.0625 154.65625 155.46875 152.943756103515625 149.318756103515625 147.649993896484375 147.4562530517578125 148.25 149.4875030517578125 157.8562469482421875 166.649993896484375 174.993743896484375 185.5749969482421875 195.243743896484375 205.375 212.8000030517578125 218.15625 225.8249969482421875
139.2312469482421875 140.506256103515625 142.5500030517578125 144.931243896484375 148.28125 153.6125030517578125 159.4875030517578125 166.4499969482421875 172.5625 175.90625 177.2937469482421875 175.4499969482421875 172.537506103515625 168.0812530517578125 162.6062469482421875 157.3000030517578125 152.681243896484375 149.1437530517578125 146.6750030517578125 145.181243896484375 145.5437469482421875 148.037506103515625 149.587493896484375 149.9562530517578125 151.375 151.8625030517578125 152.96875 155.037506103515625 155.3000030517578125 152.4187469482421875 149.943756103515625 148.21875 149.568756103515625 150.6999969482421875 153.975006103515625 163.243743896484375 174.318756103515625 185.631256103515625 196.3249969482421875 206.7312469482421875 217.03125 223.5500030517578125 228.493743896484375 233.506256103515625
143.931243896484375 146.1125030517578125 149.5500030517578125 152.6999969482421875 158.4875030517578125 162.537506103515625 168.8312530517578125 177.056243896484375 185.03125 189.4499969482421875 188.59375 183.34375 176.806243896484375 170.3125 164.4812469482421875 158.7874908447265625 153.850006103515625 149.46875 147.9375 148.649993896484375 149.506256103515625 150.7687530517578125 150.9562530517578125 150.5437469482421875 150.287506103515625 149.912506103515625 151.875 153.8562469482421875 154.34375 152.4499969482421875 149.875 149.649993896484375 151.4499969482421875 154.25 158.225006103515625 170.193756103515625 183.412506103515625 196.3874969482421875 208.90625 220.3249969482421875 229.618743896484375 235.34375 239.5187530517578125 242.7937469482421875
152.412506103515625 153.431243896484375 155.306243896484375 159.7687530517578125 166.5437469482421875 171.087493896484375 176.1687469482421875 185.4000091552734375 196.600006103515625 203.28125 196.806243896484375 186.943756103515625 179.4375 172.256256103515625 165.2312469482421875 159.318756103515625 154.4875030517578125 149.7312469482421875 149.462493896484375 151.2062530517578125 152.2312469482421875 151.7437591552734375 151.4812469482421875 150.28125 148.568756103515625 147.556243896484375 148.3937530517578125 150.2687530517578125 152.9875030517578125 152.1125030517578125 150.556243896484375 149.9499969482421875 153.875 158.3249969482421875 163.725006103515625 177.8125 193.962493896484375 209.59375 223.21875 234.2624969482421875 244.3687591552734375 248.0625 250.068756103515625 252.1875
161.65625 164.399993896484375 165.6062469482421875 168.9562530517578125 175.399993896484375 181.0124969482421875 187.1687469482421875 195.9812469482421875 207.787506103515625 216.4250030517578125 206.0187530517578125 194.493743896484375 186.443756103515625 179.2687530517578125 172.4499969482421875 167.274993896484375 161.4250030517578125 156.443756103515625 156.15625 157.462493896484375 156.6062469482421875 155.337493896484375 154.181243896484375 151.931243896484375 149.3249969482421875 148.412506103515625 149.806243896484375 151.568756103515625 153.875 153.475006103515625 152.6875 152.875 157.524993896484375 164.9562530517578125 172.868743896484375 188.649993896484375 206.931243896484375 224.53125 239.9499969482421875 251.662506103515625 259.98748779296875 262.212493896484375 262.95623779296875 263.48748779296875
172.149993896484375 175.75 177.712493896484375 179.7624969482421875 185.306243896484375 189.4187469482421875 194.5187530517578125 199.9499969482421875 207.149993896484375 209.1374969482421875 204.8125 197.912506103515625 191.256256103515625 185.15625 179.881256103515625 175.3000030517578125 171.2312469482421875 167.881256103515625 166.21875 164.09375 160.318756103515625 157.818756103515625 154.6875 151.931243896484375 150.6750030517578125 149.1750030517578125 150.8249969482421875 153.3937530517578125 154.7062530517578125 154.3937530517578125 155.0500030517578125 156.162506103515625 163.087493896484375 170.6437530517578125 180.4375 199.3000030517578125 219.212493896484375 239.3562469482421875 257.3125 269.443756103515625 275.73748779296875 276.993743896484375 277 275.90625
182.5437469482421875 185.7687530517578125 187.725006103515625 191.556243896484375 196.631256103515625 198.181243896484375 199.2937469482421875 199.725006103515625 199.8874969482421875 200.006256103515625 200.6999969482421875 199.368743896484375 195.8000030517578125 190.3562469482421875 186.024993896484375 182.681243896484375 179.587493896484375 177.524993896484375 175.78125 169.65625 162.962493896484375 158.5 154.318756103515625 151.899993896484375 150.6999969482421875 149.306243896484375 151.21875 153.493743896484375 155.7624969482421875 156.0625 156.4187469482421875 159 167.5124969482421875 177.4375 188.8375091552734375 208.5812530517578125 230.3000030517578125 251.756256103515625 269.39373779296875 282.75 291.01251220703125 292.6875 292.26873779296875 289.368743896484375
193.40625 196.850006103515625 198.506256103515625 202.1687469482421875 206.0500030517578125 205.28125 205.056243896484375 203.056243896484375 199.375 198.649993896484375 201.881256103515625 204.2312469482421875 203.024993896484375 199.193756103515625 194.5500030517578125 191.4187469482421875 187.850006103515625 184.399993896484375 181.8937530517578125 174.225006103515625 165.5625 160.03125 155.4499969482421875 154.3625030517578125 153.0500030517578125 151.443756103515625 152.71875 154.8562469482421875 157.556243896484375 158.53125 160.1999969482421875 163.8562469482421875 173.375 184.100006103515625 196.5625 217.6999969482421875 240.4875030517578125 262.85626220703125 281.98748779296875 296.96875 306.84375 309.51251220703125 310.58123779296875 309.03125
204.375 207.9562530517578125 209.818756103515625 212.3125 214.8562469482421875 213.306243896484375 212.975006103515625 210.90625 209.5124969482421875 209.181243896484375 211.618743896484375 212.3562469482421875 212.524993896484375 208.712493896484375 203.9875030517578125 198.8312530517578125 193.600006103515625 188.2687530517578125 181.899993896484375 174.375 166.34375 160.837493896484375 156.8000030517578125 156.9499969482421875 155.53125 153.431243896484375 154.8874969482421875 156.3562469482421875 159.4875030517578125 161.5187530517578125 163.537506103515625 167.875 178.6875 191.412506103515625 205.5124969482421875 227.2624969482421875 250.90625 273.337493896484375 293.21875 310.712493896484375 324.125 328.60626220703125 329.75 327.725006103515625
214.5812530517578125 218.0437469482421875 219.587493896484375 221.431243896484375 222.9562530517578125 221.431243896484375 220.90625 220.600006103515625 220.6999969482421875 221.3937530517578125 223.899993896484375 224.6875 223.3937530517578125 219 212.8625030517578125 206.024993896484375 198.4562530517578125 190.274993896484375 181.6999969482421875 173.7624969482421875 165.3375091552734375 159.787506103515625 157.1999969482421875 156.662506103515625 157.4375 155.087493896484375 155.881256103515625 157.9375 160.399993896484375 163.0437469482421875 166.6374969482421875 171.9250030517578125 183.5500030517578125 197.412506103515625 213.681243896484375 236.6875 259.89373779296875 284 304.79998779296875 323.01873779296875 338.46875 343.57501220703125 345.943756103515625 345.212493896484375
223.787506103515625 226.693756103515625 227.443756103515625 229.3000030517578125 231.100006103515625 229.975006103515625 229.8874969482421875 231.6125030517578125 232.3562469482421875 233.78125 236.962493896484375 238.3562469482421875 235.131256103515625 229.212493896484375 222.274993896484375 213.6750030517578125 204.9375 194.493743896484375 183.78125 173.993743896484375 164.443756103515625 159.0812530517578125 158.0812530517578125 160.087493896484375 160.59375 157.2312469482421875 157.6125030517578125 159.6437530517578125 162.5437469482421875 166.6437530517578125 171.118743896484375 176.6437530517578125 188.806243896484375 202.756256103515625 219.087493896484375 242.537506103515625 267.65625 292.60626220703125 314.65625 334.712493896484375 352.29998779296875 356.899993896484375 356.32501220703125 352.506256103515625
230.3312530517578125 233.399993896484375 234.65625 236.256256103515625 238.993743896484375 238.9875030517578125 240.21875 242.0812530517578125 243.15625 246.131256103515625 249.337493896484375 250.6437530517578125 246.6937408447265625 238.443756103515625 230.2375030517578125 220.3249969482421875 210.6125030517578125 199.53125 188.3874969482421875 176.9375 164.587493896484375 159.1125030517578125 158.506256103515625 160.212493896484375 159.2687530517578125 156.34375 158.337493896484375 161.087493896484375 164.287506103515625 169.381256103515625 174.875 181.193756103515625 192.6875 206.9562530517578125 223.568756103515625 246.7375030517578125 271.9375 299.01251220703125 323.068756103515625 345.162506103515625 365.70001220703125 368.625 362.774993896484375 355.23748779296875
235.6374969482421875 238.600006103515625 240.1125030517578125 242.1875 245.6687469482421875 246.46875 249.243743896484375 251.993743896484375 253.9250030517578125 256.493743896484375 258.806243896484375 258.1875 253.84375 246.850006103515625 236.693756103515625 226.931243896484375 216.1062469482421875 205.162506103515625 193.618743896484375 182.9187469482421875 171.8874969482421875 164.5 160.462493896484375 159.537506103515625 157.8687591552734375 155.537506103515625 158.5124969482421875 161.837493896484375 165.931243896484375 171.118743896484375 177.4499969482421875 184.1687469482421875 195.53125 209.7624969482421875 226.0437469482421875 249.6437530517578125 276.46875 304.79376220703125 331.475006103515625 355.037506103515625 373.5625 370.881256103515625 365.58123779296875 359.88751220703125
239.7624969482421875 242.09375 244.131256103515625 247.618743896484375 250.5812530517578125 252.8312530517578125 256.943756103515625 259.962493896484375 262.65625 265.162506103515625 266.32501220703125 265.662506103515625 261.42498779296875 254.681243896484375 244.90625 234.4187469482421875 224.100006103515625 212.9875030517578125 202.149993896484375 192.5187530517578125 181.3874969482421875 171.59375 164.75 162.5 160.0812530517578125 158.6125030517578125 161.899993896484375 165.225006103515625 169.306243896484375 175 180.506256103515625 186.381256103515625 197.28125 209.9625091552734375 225.506256103515625 248.0124969482421875 275.993743896484375 306.17498779296875 332.71875 354.14373779296875 366.71875 367.975006103515625 367 362.818756103515625
242.350006103515625 244.2937469482421875 246.875 250.837493896484375 254.9875030517578125 258.162506103515625 262.868743896484375 266.024993896484375 269.618743896484375 273.412506103515625 275.08123779296875 274.63751220703125 270.875 263.71875 253.6687469482421875 241.443756103515625 232.274993896484375 222.4812469482421875 212.6125030517578125 203.3874969482421875 190.537506103515625 178.6125030517578125 169.34375 166.7937469482421875 163.587493896484375 161.3312530517578125 164.318756103515625 168.4250030517578125 173.25 179.193756103515625 184.90625 189.4187469482421875 197.1750030517578125 207.5 220.2937469482421875 242.631256103515625 271.32501220703125 303.71875 332.287506103515625 352.524993896484375 363.162506103515625 364.59375 364.45623779296875 362.118743896484375
242.475006103515625 245.40625 248.306243896484375 252.78125 257.96875 262.024993896484375 267.306243896484375 271.79376220703125 276.16876220703125 280.943756103515625 284.42498779296875 285.056243896484375 282.33123779296875 275.725006103515625 264.88751220703125 252.131256103515625 240.899993896484375 230.537506103515625 221.006256103515625 212.3249969482421875 199.0812530517578125 185.618743896484375 174.100006103515625 170.8312530517578125 167.8312530517578125 164.181243896484375 166.375 171.3000030517578125 177.2312469482421875 184.3625030517578125 189.756256103515625 193.1999969482421875 197.912506103515625 202.8937530517578125 213.350006103515625 234.287506103515625 262.64373779296875 299.431243896484375 334.431243896484375 349.162506103515625 354.65625 357.0625 357.07501220703125 356.20623779296875
239.65625 243.381256103515625 248.0124969482421875 253.875 259.64373779296875 264.48126220703125 270.493743896484375 275.79376220703125 280.756256103515625 285.84375 290.95623779296875 294.537506103515625 294.975006103515625 289.256256103515625 278.32501220703125 265.118743896484375 250.274993896484375 236.006256103515625 227.6374969482421875 218.806243896484375 206.899993896484375 192.681243896484375 179.2937469482421875 174.5812530517578125 171.21875 167.90625 169.6999969482421875 175.6687469482421875 182.8249969482421875 190.7375030517578125 195.493743896484375 194.475006103515625 195.993743896484375 197.8874969482421875 204.1125030517578125 220.7312469482421875 251.537506103515625 287.45623779296875 320.09375 337.943756103515625 344.381256103515625 347.29376220703125 349.08123779296875 350.375
235.7375030517578125 240.5 245.9875030517578125 251.9375 258.84375 265.649993896484375 271.693756103515625 278.48748779296875 284.84375 290.20623779296875 296.881256103515625 302.11248779296875 305.850006103515625 304.89373779296875 292.17498779296875 275.0625 258.08123779296875 241.2062530517578125 230.6125030517578125 222.631256103515625 211.912506103515625 198.3000030517578125 182.1374969482421875 177.0437469482421875 173.868743896484375 171.7312469482421875 175.1125030517578125 181.3000030517578125 189.3625030517578125 198.4562530517578125 203.662506103515625 200.2937469482421875 196.875 192.443756103515625 193.0187530517578125 209.2624969482421875 238.756256103515625 271.881256103515625 301.512481689453125 320.61248779296875 331.581268310546875 335.212493896484375 339.475006103515625 343.26873779296875
231.9812469482421875 236.431243896484375 242.53125 249.2624969482421875 257.681243896484375 265.66876220703125 273.38751220703125 279.89373779296875 286.66876220703125 292.76251220703125 299.256256103515625 306.23748779296875 314.193756103515625 319.51251220703125 303.537506103515625 279.86248779296875 259.20001220703125 243.4875030517578125 232.4375 224.162506103515625 211.100006103515625 196.3625030517578125 183.7062530517578125 178.8874969482421875 176.03125 174.462493896484375 179.506256103515625 187.03125 194.287506103515625 202.6999969482421875 206.3874969482421875 204.818756103515625 197.2750091552734375 187.3000030517578125 181.6875 198.993743896484375 230.4562530517578125 262.5625 289.15625 308.53125 319.381256103515625 323.28125 331.368743896484375 338.024993896484375
