data/historical-monthly-weather-data/wc2.1_cruts4.09_10m_prec_1997-12.asc
ncols        51
nrows        45
xllcorner    -63.500000000000
yllcorner    -7.500000000000
cellsize     0.166666666667
NODATA_value -9999
[rows 0 to 19 of 45, columns 0 to 43 of 51]
52.08750152587890625 38.1875 32.875 29.600000381469726562 26.737499237060546875 27.162500381469726562 27.850000381469726562 28.512500762939453125 30.787500381469726562 33.28125 36.41249847412109375 40.75 45.5625 50 55.50624847412109375 61.24375152587890625 67.02500152587890625 71.3125 76.19374847412109375 80.96250152587890625 84.75 88.09375 91.41249847412109375 94.18125152587890625 96.875 99.31874847412109375 102.02500152587890625 104.83750152587890625 107.25 106.3937530517578125 104.31874847412109375 102.47499847412109375 98.33750152587890625 93.43125152587890625 88.46875 85.52500152587890625 81.8249969482421875 78.2937469482421875 76.59999847412109375 75.4562530517578125 74.3249969482421875 74.2687530517578125 74.3874969482421875 74.40000152587890625
53.75 39.606250762939453125 34.25624847412109375 30.59375 27.631250381469726562 28.125 28.962499618530273438 30.34375 33.518749237060546875 36.8125 40.375 44.96250152587890625 50.106250762939453125 55.137500762939453125 60.8125 66.76874542236328125 72.8874969482421875 78.7624969482421875 84.9875030517578125 91.65625 95.5625 98.94374847412109375 102.76250457763671875 105.2375030517578125 107.5437469482421875 109.58750152587890625 111.3874969482421875 113.00624847412109375 114.09375 111.7687530517578125 107.77500152587890625 104.0187530517578125 97.83750152587890625 91.72499847412109375 85.8125 80.56874847412109375 76.4875030517578125 72.09375 69.7375030517578125 68.1437530517578125 66.69374847412109375 66.66249847412109375 66.90625 66.54999542236328125
57.03125 43.96875 39.33750152587890625 36.206249237060546875 33.72499847412109375 34.40625 35.68125152587890625 37.47499847412109375 41.043750762939453125 44.59999847412109375 48.137500762939453125 52.75624847412109375 58.012500762939453125 63.125 68.9812469482421875 74.7624969482421875 81.02500152587890625 86.7937469482421875 93.09999847412109375 99.4375 103.38124847412109375 107.1750030517578125 111.00624847412109375 112.8937530517578125 114.6437530517578125 116.90000152587890625 118.125 118.8937530517578125 119.5437469482421875 115.4375 110.6875 105.9562530517578125 99.8125 92.03749847412109375 84.80625152587890625 79.1062469482421875 73.21875 67.4875030517578125 64.5812530517578125 62.143749237060546875 59.862499237060546875 59.71250152587890625 59.65625 60.012500762939453125
60.13124847412109375 48.65625 45.28125 42.700000762939453125 41.03749847412109375 42.08750152587890625 43.80625152587890625 46.03749847412109375 49.875 53.93125152587890625 57.612499237060546875 62.27500152587890625 67.1750030517578125 72.30625152587890625 78 84.0437469482421875 90.2375030517578125 95.1062469482421875 100.99375152587890625 107.76874542236328125 111.88124847412109375 115.50624847412109375 118.3937530517578125 120.0187530517578125 121.03125 123.0812530517578125 123.8249969482421875 123.5500030517578125 123.75 119.43125152587890625 113.63124847412109375 107.4187469482421875 100.6437530517578125 92.73749542236328125 84.21875 77.0749969482421875 69.50624847412109375 62.55625152587890625 58.93125152587890625 55.41249847412109375 52.075000762939453125 51.88124847412109375 52 52.66249847412109375
65.875 54.168750762939453125 50.61875152587890625 49.168750762939453125 48.41249847412109375 50.112499237060546875 52.174999237060546875 54.83750152587890625 59.41249847412109375 63.99375152587890625 67.5812530517578125 71.8937530517578125 77.03749847412109375 82.25624847412109375 87.81874847412109375 93.7937469482421875 99.6437530517578125 104.1125030517578125 109.7624969482421875 116.66249847412109375 120.7062530517578125 123.38124847412109375 125.78749847412109375 126.8562469482421875 127.34999847412109375 129.0187530517578125 128.15625 127.28125 126.75624847412109375 122.13124847412109375 115.9812469482421875 108.7375030517578125 100.8312530517578125 92.21250152587890625 82.9375 74.82500457763671875 66.4375 58.049999237060546875 53.231250762939453125 48.52500152587890625 44.21875 43.956249237060546875 44.34375 44.84999847412109375
71.11875152587890625 60.512500762939453125 56.856250762939453125 54.65000152587890625 54.49375152587890625 57.206249237060546875 60.0625 63.0625 67.7312469482421875 72.46250152587890625 76.19374847412109375 80.78749847412109375 86.36875152587890625 91.74375152587890625 97.84999847412109375 103.8312530517578125 109.9499969482421875 113.69374847412109375 119.9499969482421875 125.8937530517578125 128.4187469482421875 130.875 132.381256103515625 132.631256103515625 132.5124969482421875 132.712493896484375 132.2062530517578125 130.7687530517578125 129.087493896484375 124.06874847412109375 118.02500152587890625 111.3125 102.2624969482421875 92.9562530517578125 84.63124847412109375 76.3625030517578125 67.5187530517578125 59.21875 53.262500762939453125 46.9375 40.918750762939453125 40.081249237060546875 39.69374847412109375 40.02500152587890625
77.28749847412109375 67.59375 64.22499847412109375 61.93125152587890625 61.168750762939453125 63.97499847412109375 67.46250152587890625 70.8000030517578125 75.03125 79.09999847412109375 84.06874847412109375 89.4499969482421875 96 101.78749847412109375 108.03125 114.5 121.4375 127.15000152587890625 133.2687530517578125 137.34375 137.71875 138.881256103515625 138.9499969482421875 137.756256103515625 137.3312530517578125 136.2687530517578125 134.600006103515625 133.65625 131.431243896484375 125.8000030517578125 119.59375 112.7624969482421875 104.3125 94.91249847412109375 85.97499847412109375 77.53749847412109375 68.9812469482421875 60.41249847412109375 53.90000152587890625 45.825000762939453125 38.22499847412109375 36.393749237060546875 35.56874847412109375 35.28125
83.8125 74.95624542236328125 72.02500152587890625 70.52500152587890625 70.0749969482421875 72.6687469482421875 75.3937530517578125 77.61875152587890625 80.7312469482421875 85.47499847412109375 91.8937530517578125 98.8874969482421875 105.78125 112.8625030517578125 118.9875030517578125 125.75 132.774993896484375 139.8000030517578125 146.09375 147.2937469482421875 145.912506103515625 144.8937530517578125 143.756256103515625 141.3000030517578125 140.587493896484375 139.381256103515625 136.725006103515625 134.850006103515625 133.274993896484375 127.9375 120.7375030517578125 113.81874847412109375 105.71875 96.4187469482421875 87.8937530517578125 78.75624847412109375 70.0812530517578125 61.09999847412109375 52.97499847412109375 43.94374847412109375 35.625 33.03749847412109375 31.5625 30.6875
91.06874847412109375 83.1125030517578125 80.68125152587890625 79.5187530517578125 78.97499847412109375 81.7937469482421875 84.4250030517578125 86.13124847412109375 87.93125152587890625 91.97499847412109375 99.6437530517578125 107.72499847412109375 115.46250152587890625 122.56874847412109375 128.3625030517578125 134.399993896484375 140.818756103515625 147.625 153.5437469482421875 153.875 150.21875 148.381256103515625 146.931243896484375 145.4375 143.6374969482421875 141.6062469482421875 138.493743896484375 136.40625 133.9375 128.3625030517578125 122.53125 115.3937530517578125 107.3562469482421875 98.97499847412109375 90.4187469482421875 81.75 72.8625030517578125 63.700000762939453125 54.86875152587890625 45.71250152587890625 36.875 33.325000762939453125 30.918750762939453125 29.200000762939453125
98.0625 91.3249969482421875 89.52500152587890625 88.97499847412109375 88.69374847412109375 91.5625 94.375 96.52500152587890625 99.875 104.36875152587890625 111 117.9499969482421875 126.1999969482421875 132.6062469482421875 137.8249969482421875 142.5812530517578125 147.3874969482421875 152.0749969482421875 155.993743896484375 156.9562530517578125 153.4562530517578125 150.9812469482421875 149.3562469482421875 148.0625 145.537506103515625 142.850006103515625 139.524993896484375 136.774993896484375 134.256256103515625 128.993743896484375 122.8874969482421875 116.28749847412109375 108.56874847412109375 100.3312530517578125 92.5500030517578125 84.84999847412109375 76.09999847412109375 67.0625 57.53749847412109375 47.93125152587890625 38.956249237060546875 34.512500762939453125 30.762500762939453125 28.0625
106.0625 100.27500152587890625 98.6750030517578125 98.09375 98.63124847412109375 102.27500152587890625 105.53125 107.75624847412109375 111.63124847412109375 116.9187469482421875 123.40625 130.3562469482421875 137.4375 143.6374969482421875 147.1125030517578125 150.412506103515625 153.1999969482421875 156.1999969482421875 158.2375030517578125 158.725006103515625 156.3125 153.6437530517578125 151.881256103515625 148.587493896484375 147.71875 144.8249969482421875 140.5187530517578125 136.287506103515625 132.318756103515625 127.49375152587890625 122.03125 116.4812469482421875 109.375 101.80625152587890625 94.40000152587890625 86.8249969482421875 78.6687469482421875 70.0812530517578125 60.72499847412109375 50.731250762939453125 41.325000762939453125 35.768749237060546875 31.056249618530273438 27.456249237060546875
114.18125152587890625 108.6875 107.4562530517578125 107.50624847412109375 108.2375030517578125 112.2624969482421875 116.34375 119.18125152587890625 123.46250152587890625 129.53125 136.368743896484375 142.9187469482421875 147.78125 152.4250030517578125 155.537506103515625 157.53125 159.462493896484375 160.493743896484375 161.4250030517578125 161.6750030517578125 158.34375 156.0625 155.3312530517578125 152.381256103515625 150.587493896484375 147.181243896484375 141.631256103515625 136.1125030517578125 130.9562530517578125 126.3249969482421875 121.28125 116.3312530517578125 109.74375152587890625 102.96875 96.25624847412109375 89.24375152587890625 81.5749969482421875 73.5625 64.1062469482421875 54.21250152587890625 44.768749237060546875 38.424999237060546875 32.762500762939453125 28.262500762939453125
122.40000152587890625 117.58750152587890625 116.75624847412109375 116.75 117.90625 121.8937530517578125 125.96875 129.8000030517578125 134.818756103515625 141.6875 148.9250030517578125 154.6437530517578125 158.225006103515625 160.412506103515625 163.2687530517578125 164.84375 165.9187469482421875 166.5625 166.4812469482421875 165.306243896484375 159.9250030517578125 158.21875 158.8562469482421875 156.1687469482421875 152.318756103515625 147.375 141.34375 135.5500030517578125 130.037506103515625 124.6687469482421875 119.88124847412109375 115.1875 109.03125 103.1062469482421875 97.19374847412109375 91.28125 84.63124847412109375 77.1875 67.8249969482421875 57.731250762939453125 48.08750152587890625 41.22499847412109375 34.50624847412109375 28.700000762939453125
129.8312530517578125 125.5187530517578125 124.8874969482421875 125.25 126.31874847412109375 130.4812469482421875 134.774993896484375 139.8249969482421875 146.25 153.037506103515625 159.368743896484375 163.78125 166.912506103515625 168.6999969482421875 170.181243896484375 172.631256103515625 173.25 172.7687530517578125 171.8562469482421875 170.256256103515625 165.712493896484375 163.28125 162.4375 158.318756103515625 153.431243896484375 147.993743896484375 141.9437408447265625 134.625 127.96250152587890625 122.4562530517578125 117.84999847412109375 113.2062530517578125 108.00624847412109375 102.625 97.8249969482421875 92.68125152587890625 87.0437469482421875 80.78125 71.8312530517578125 61.99375152587890625 51.325000762939453125 42.825000762939453125 35.34375 29.456249237060546875
135.662506103515625 131.4875030517578125 131.5124969482421875 132.125 133.7062530517578125 138.09375 143.5500030517578125 149.1374969482421875 155.693756103515625 162.1437530517578125 168.3125 172.587493896484375 175.162506103515625 177.306243896484375 178.6875 181.149993896484375 181.225006103515625 180.21875 178.90625 178.2687530517578125 173.306243896484375 169.743743896484375 166.84375 161.381256103515625 155.774993896484375 149.5187530517578125 142.7062530517578125 135.024993896484375 127.49375152587890625 120.7687530517578125 115.29999542236328125 111.0187530517578125 106.2312469482421875 101.58750152587890625 97.36875152587890625 92.03125 87.3249969482421875 82.31874847412109375 73.96250152587890625 62.90000152587890625 50.924999237060546875 42.793750762939453125 35.96250152587890625 30.600000381469726562
140.399993896484375 136.649993896484375 137.15625 138.649993896484375 140.6437530517578125 145.8000030517578125 151.712493896484375 157.1750030517578125 163.84375 171.162506103515625 177.087493896484375 180.943756103515625 183.662506103515625 185.743743896484375 187.725006103515625 188.6437530517578125 188.7312469482421875 188.399993896484375 186.9187469482421875 185.8000030517578125 181.0437469482421875 175.9937591552734375 171.7062530517578125 164.9187469482421875 158.587493896484375 152.4812469482421875 144.912506103515625 136.337493896484375 127.36875152587890625 119.0749969482421875 112.86875152587890625 107.80625152587890625 102.55625152587890625 98.18125152587890625 93.96875 89.49375152587890625 86.06874847412109375 82.5187530517578125 74.875 63.012500762939453125 50.075000762939453125 42.44374847412109375 36.25624847412109375 31.100000381469726562
144.5812530517578125 141.350006103515625 141.631256103515625 143.931243896484375 146.8562469482421875 152.193756103515625 158.875 165.631256103515625 173.037506103515625 179.9499969482421875 185.9562530517578125 189.28125 191.8874969482421875 193.9375 196.2687530517578125 196.899993896484375 195.4812469482421875 195.125 194.837493896484375 193.556243896484375 188.181243896484375 182.3000030517578125 176.881256103515625 168.8937530517578125 161.9812469482421875 155.899993896484375 148.318756103515625 138.181243896484375 126.50624847412109375 116.90000152587890625 109.8874969482421875 104.98125457763671875 98.90625 92.90625 88.0749969482421875 84.71250152587890625 83.27500152587890625 82.6687469482421875 77.875 63.63124847412109375 49.08750152587890625 41.8125 35.96875 31.743749618530273438
147.0437469482421875 144.125 145.006256103515625 148 151.5625 158.162506103515625 165.287506103515625 172.1999969482421875 179.850006103515625 187.8625030517578125 194.743743896484375 198.2687530517578125 200.3125 202.53125 204.46875 204.787506103515625 203.46875 200.5374908447265625 202.46875 201.59375 196.0625 189.037506103515625 182.1125030517578125 173.8937530517578125 166.53125 160.2375030517578125 153.381256103515625 140.618743896484375 126.16249847412109375 114.44374847412109375 106.16249847412109375 100.81874847412109375 95.7375030517578125 90.4187469482421875 83.8562469482421875 77.22499847412109375 78.9375 80.09375 74.6875 62.78749847412109375 49.13124847412109375 42.012500762939453125 36.606250762939453125 32.49375152587890625
148.4875030517578125 145.7687530517578125 147.6437530517578125 151.274993896484375 155.6062469482421875 163.0500030517578125 170.756256103515625 179.09375 187.5 196.0625 202.524993896484375 205.506256103515625 208.5500030517578125 211.568756103515625 212.9250030517578125 212.7937469482421875 211.6125030517578125 208.881256103515625 207.8874969482421875 208.006256103515625 203.0625 197 186.556243896484375 178.5 171.462493896484375 164.4499969482421875 155.875 143.024993896484375 127.4562530517578125 113.55625152587890625 103 100.15625 96.88124847412109375 91.18125152587890625 84.0124969482421875 78.4875030517578125 77.90625 76.44374847412109375 70.7687530517578125 60.375 48.768749237060546875 42.19374847412109375 37.00624847412109375 33.08750152587890625
149.3625030517578125 147.1374969482421875 149.274993896484375 153.6062469482421875 159.0187530517578125 167.78125 176.818756103515625 185.9875030517578125 195.3249969482421875 203.3562469482421875 210.506256103515625 214.975006103515625 218.5812530517578125 220.787506103515625 220.875 219.024993896484375 216.9250030517578125 216.037506103515625 215.7062530517578125 215.4875030517578125 207.787506103515625 198.8249969482421875 190.875 183.0749969482421875 175.5812530517578125 167.7062530517578125 158.225006103515625 146.5124969482421875 131.5749969482421875 117.58750152587890625 108.18125152587890625 105.4562530517578125 101.13124847412109375 96.02500152587890625 90.46875 84.2375030517578125 80.2687530517578125 75.9375 68.96875 59.362499237060546875 48.90000152587890625 42.16249847412109375 37.481250762939453125 33.762500762939453125
