data/historical-monthly-weather-data/wc2.1_cruts4.09_10m_prec_2009-03.asc
ncols        45
nrows        45
xllcorner    -63.500000000000
yllcorner    -7.500000000000
cellsize     0.166666666667
NODATA_value -9999
[rows 0 to 19 of 45, columns 0 to 44 of 45]
256.368743896484375 257.48126220703125 253.0812530517578125 255.21875 254.34375 250.806243896484375 242.5625 233.899993896484375 224.53125 219.2312469482421875 218.21875 217.9812469482421875 217.868743896484375 214.8125 212.8812408447265625 210.818756103515625 211.306243896484375 208.662506103515625 208.8874969482421875 208.8125 210.506256103515625 211.3000030517578125 212.993743896484375 213.8937530517578125 217.087493896484375 220.475006103515625 225.631256103515625 234.40625 242.5124969482421875 248.7375030517578125 259.28125 267.568756103515625 278.98748779296875 293.381256103515625 307.20001220703125 319.493743896484375 330.3125 341.493743896484375 351.087493896484375 358.568756103515625 366.1875 371.9375 375.45001220703125 379.85626220703125 378.04376220703125
269.5625 272.01873779296875 274.84375 278.76873779296875 281.006256103515625 275.92498779296875 266.368743896484375 258.03125 250.8874969482421875 244.837493896484375 241.7062530517578125 238.6687469482421875 235.806243896484375 231.5500030517578125 227.9250030517578125 224.943756103515625 223.5500030517578125 222.1125030517578125 220.75 219.787506103515625 220.4499969482421875 220.9625091552734375 222.6374969482421875 224.256256103515625 226.631256103515625 229.9375 235.131256103515625 244.28125 252 259.45623779296875 269.13751220703125 280.70623779296875 292.306243896484375 309.73126220703125 323.225006103515625 337.59375 351.649993896484375 364.087493896484375 373.71875 380.662506103515625 389.20623779296875 394.306243896484375 397.1875 400.48126220703125 399.20623779296875
283.83123779296875 289.068756103515625 294.59375 300.01873779296875 301.975006103515625 296.04998779296875 289.32501220703125 283.149993896484375 276.07501220703125 270.056243896484375 262.71875 256.21875 251.337493896484375 245.725006103515625 241.087493896484375 238.3125 235.899993896484375 234.537506103515625 232.375 230.8249969482421875 231.350006103515625 232.09375 232.181243896484375 234.337493896484375 237.0437469482421875 238.9375 244.7312469482421875 253.6125030517578125 260.5625 267.79376220703125 278.612518310546875 290.318756103515625 304.01873779296875 319.40625 337.162506103515625 350.412506103515625 366.38751220703125 382.76873779296875 392.806243896484375 402.21875 411.087493896484375 414.67498779296875 416.26873779296875 417.243743896484375 417.51873779296875
295.92498779296875 305.10626220703125 315.318756103515625 321.03125 323.71875 316.54998779296875 310.412506103515625 305.64373779296875 300.83123779296875 294.149993896484375 283.73748779296875 272.993743896484375 264.125 256.46875 251.8625030517578125 248.506256103515625 247.21875 246.381256103515625 244.65625 242.53125 243.4812469482421875 242.7062530517578125 240.787506103515625 242.618743896484375 245.1687469482421875 247 253.0437469482421875 259.76251220703125 266.649993896484375 275.26873779296875 284.71875 298.5 312.45623779296875 328.29376220703125 346.056243896484375 363.350006103515625 381.868743896484375 400.556243896484375 413.88751220703125 423.8125 431.3125 434.912506103515625 435.6875 434.42498779296875 434.32501220703125
317.587493896484375 326.006256103515625 332.57501220703125 340.381256103515625 343.893768310546875 336.243743896484375 327.881256103515625 323.368743896484375 321.149993896484375 316.256256103515625 302.225006103515625 286.649993896484375 275.45623779296875 268.037506103515625 262.056243896484375 259.256256103515625 257.32501220703125 257.53125 254.7874908447265625 251.6125030517578125 252.4562530517578125 250.40625 249.0625 251.225006103515625 253.2062530517578125 255.21875 259.57501220703125 265.868743896484375 275.04376220703125 281.875 292.774993896484375 304.587493896484375 321.39373779296875 339.024993896484375 357.600006103515625 377.09375 397.131256103515625 417.04998779296875 432.787506103515625 443.056243896484375 452.9375 453.60626220703125 452.381256103515625 451.36248779296875 449.0625
340.875 351.3125 359.82501220703125 363.16876220703125 361.32501220703125 352.568756103515625 342.58123779296875 335.243743896484375 332.64373779296875 328.818756103515625 310.73126220703125 294.20001220703125 284.131256103515625 275.431243896484375 270.125 266.9375 264.95001220703125 264.26873779296875 262.100006103515625 258.17498779296875 258.23748779296875 257.53125 256.90625 258.57501220703125 260.725006103515625 263.98126220703125 268.568756103515625 273.76873779296875 280.73748779296875 288.84375 298.4375 310.5625 325.48126220703125 346.17498779296875 366.943756103515625 386.10626220703125 408.88751220703125 429.875 446.818756103515625 460.35626220703125 468.38751220703125 469.32501220703125 467.78125 465.65625 461.9375
363.006256103515625 373.66876220703125 380.337493896484375 379.8125 373.806243896484375 361.493743896484375 348.66876220703125 335.743743896484375 325.46875 315.462493896484375 305.08123779296875 294.518768310546875 286.806243896484375 279.712493896484375 275.318756103515625 272.03125 269.725006103515625 267.32501220703125 264.181243896484375 262.58123779296875 262.36248779296875 263.26251220703125 263.068756103515625 265.45001220703125 268.5 271.40625 276.20001220703125 280.787506103515625 285.506256103515625 292.125 303.899993896484375 315.306243896484375 330.475006103515625 348.943756103515625 370.35626220703125 391.837493896484375 414.024993896484375 436.300018310546875 458.649993896484375 471.41876220703125 476.287506103515625 477.850006103515625 476.32501220703125 474.45623779296875 473.73126220703125
380.28125 390.40625 393.20623779296875 391.931243896484375 386.70001220703125 371.381256103515625 351.29998779296875 328.83123779296875 309.318756103515625 298.662506103515625 295.475006103515625 291.70623779296875 288.26873779296875 283.65625 279.64373779296875 276.51873779296875 272.17498779296875 268.149993896484375 265.0625 263.649993896484375 265.381256103515625 267.399993896484375 268.774993896484375 271.36248779296875 276.40625 278.60626220703125 281.91876220703125 285.899993896484375 289.024993896484375 295.149993896484375 304.850006103515625 318.71875 333.01251220703125 351.131256103515625 372 393.287506103515625 415.975006103515625 438.350006103515625 459.89373779296875 472.774993896484375 479.79998779296875 481.48126220703125 480.412506103515625 478.57501220703125 476.58123779296875
394.506256103515625 403.068756103515625 405.431243896484375 403.649993896484375 396.79998779296875 379.86248779296875 357.86248779296875 332.087493896484375 304.65625 289.90625 292.1875 292.83123779296875 292.493743896484375 287.8125 284.59375 281.78125 277.212493896484375 272.306243896484375 269.70001220703125 267.48126220703125 267.118743896484375 270.600006103515625 272.4375 279.818756103515625 285.23126220703125 286.61248779296875 287.16876220703125 288.85626220703125 292.625 297.11248779296875 306.41876220703125 319.39373779296875 333.23748779296875 349.787506103515625 368.4375 390.08123779296875 414.287506103515625 435.931243896484375 456.76873779296875 469.75 477.83123779296875 479.868743896484375 480.34375 478.837493896484375 473.25
408.54998779296875 415.41876220703125 416 413.3125 407.14373779296875 390.41876220703125 369.67498779296875 345.431243896484375 321.54376220703125 306.931243896484375 302.92498779296875 299.51251220703125 298.13751220703125 293.91876220703125 290.256256103515625 287.375 283.306243896484375 277.48748779296875 273.037506103515625 269.60626220703125 269.25 273.11248779296875 277.931243896484375 288.524993896484375 292.681243896484375 293.66876220703125 293.537506103515625 293.662506103515625 294.962493896484375 297.51251220703125 304.78125 318.29376220703125 332.712493896484375 349.54998779296875 366.95623779296875 387.125 409.58123779296875 431.70001220703125 452.681243896484375 467.76873779296875 477.86248779296875 481.337493896484375 479.38751220703125 472.743743896484375 467.89373779296875
421.70001220703125 427.662506103515625 426.10626220703125 423.20001220703125 418.243743896484375 403.60626220703125 384.63751220703125 361.66876220703125 341.399993896484375 327.375 318.256256103515625 312.41876220703125 307.34375 302.84375 298.5625 294.3125 289.33123779296875 282.524993896484375 275.618743896484375 270.76251220703125 271.98748779296875 276.162506103515625 283.8125 293.375 301.649993896484375 300.03125 298.58123779296875 299.70001220703125 299.274993896484375 299.32501220703125 306.368743896484375 317.600006103515625 330.76251220703125 346.58123779296875 363.71875 382.34375 403.09375 424.53125 445.725006103515625 463.693756103515625 475.10626220703125 477.100006103515625 473.162506103515625 465.54376220703125 459.45001220703125
429.39373779296875 434.962493896484375 433.11248779296875 431.17498779296875 425.34375 413.76251220703125 398.475006103515625 378.63751220703125 360.36248779296875 345.368743896484375 334.149993896484375 326.76251220703125 320.212493896484375 315.10626220703125 312.375 307.29998779296875 299.26873779296875 290.21875 281.9375 275.09375 273.193756103515625 277.17498779296875 286.375 301.01251220703125 307.568756103515625 300.787506103515625 298.20623779296875 299.23126220703125 301.75 304.806243896484375 308.318756103515625 316.42498779296875 327.662506103515625 341.506256103515625 356.524993896484375 376.337493896484375 397.5625 418.57501220703125 438.61248779296875 458.26251220703125 471.375 471.3125 462.587493896484375 447.29376220703125 435.48748779296875
436.100006103515625 440.53125 439.274993896484375 436.04998779296875 431.57501220703125 422.40625 408.67498779296875 392.61248779296875 375.5 362.068756103515625 351.837493896484375 344.01873779296875 338.287506103515625 330.73748779296875 326.26251220703125 319.88751220703125 310.225006103515625 300.21875 291.125 281.287506103515625 274.73126220703125 276.61248779296875 283.76873779296875 295.649993896484375 296.3125 291.881256103515625 295.693756103515625 299.912506103515625 304.537506103515625 308.48126220703125 311.868743896484375 316.037506103515625 324.243743896484375 336.04998779296875 349.506256103515625 367.350006103515625 388.17498779296875 409.17498779296875 430.84375 452.57501220703125 468.5 465.875 446.83123779296875 427.087493896484375 410.756256103515625
440.649993896484375 445.21875 443.53125 440.33123779296875 437.1875 427.181243896484375 416.774993896484375 405.36248779296875 392.23126220703125 379.51251220703125 368.643768310546875 361.756256103515625 355.48748779296875 349.89373779296875 340.28125 332.90625 322.118743896484375 310.274993896484375 299.381256103515625 289.25 283.10626220703125 280.66876220703125 281.48748779296875 287.54376220703125 288.612518310546875 288.59375 293.98126220703125 299.59375 305.068756103515625 309.34375 313.82501220703125 317.03125 321.23126220703125 328.92498779296875 340.28125 358.45623779296875 379.962493896484375 400.131256103515625 420.693756103515625 440.85626220703125 455.631256103515625 446.024993896484375 430.087493896484375 415.79998779296875 402.14373779296875
444.149993896484375 446.243743896484375 444.82501220703125 443.91876220703125 441.70623779296875 432.850006103515625 425.368743896484375 416.96875 405.15625 393.787506103515625 384.6875 378.587493896484375 373.13751220703125 367.475006103515625 355.20001220703125 346.4375 334.975006103515625 323.95001220703125 311.95001220703125 301.04376220703125 294.04998779296875 288.225006103515625 284.243743896484375 287.34375 289.59375 292.162506103515625 297.412506103515625 302.875 308.975006103515625 313.662506103515625 315.32501220703125 316.73748779296875 320.381256103515625 322.76251220703125 329.943756103515625 349.85626220703125 373.131256103515625 393.58123779296875 409.587493896484375 422.193756103515625 427.45623779296875 424.17498779296875 419.443756103515625 408.90625 398.462493896484375
444.056243896484375 446.13751220703125 445.899993896484375 445.649993896484375 444.63751220703125 439.88751220703125 433.07501220703125 425.48748779296875 417.875 409.5 400.41876220703125 396.375 392.212493896484375 386.412506103515625 374.056243896484375 361.42498779296875 348.774993896484375 337.662506103515625 325.26251220703125 314.45001220703125 304.71875 295.42498779296875 288.256256103515625 289.368743896484375 290.993743896484375 294.125 299.943756103515625 306.493743896484375 314.087493896484375 318.46875 320.92498779296875 320.92498779296875 320.95623779296875 322.29998779296875 326.962493896484375 352.42498779296875 373.524993896484375 385.76251220703125 395.92498779296875 405.0625 409.36248779296875 409.42498779296875 407.23126220703125 400.54376220703125 392
444.6875 447.412506103515625 446.28125 447.318756103515625 448.29376220703125 445.012481689453125 441.868743896484375 436.35626220703125 430.162506103515625 423.743743896484375 415.693756103515625 413.818756103515625 411.568756103515625 405.100006103515625 393.9375 378.90625 361.90625 348.493743896484375 337.256256103515625 325.649993896484375 313.83123779296875 302.54376220703125 293.48748779296875 293.118743896484375 294.443756103515625 295.350006103515625 301.51251220703125 309.381256103515625 316.57501220703125 322.712493896484375 326.118743896484375 326.399993896484375 326.962493896484375 331.90625 348.70623779296875 370.45001220703125 381.40625 384.837493896484375 387.98126220703125 392.23126220703125 398.32501220703125 398.96875 395.462493896484375 390.350006103515625 384.9375
443.95001220703125 447.287506103515625 449.11248779296875 452.443756103515625 454.837493896484375 453.037506103515625 450.556243896484375 447.631256103515625 443.11248779296875 437.212493896484375 430.83123779296875 431.225006103515625 427.899993896484375 422.83123779296875 410.28125 393.09375 375.26251220703125 353.98748779296875 345.3125 333.1875 321.91876220703125 309.20623779296875 297.96875 296.1875 296.34375 298.53125 303.14373779296875 311.84375 320.71875 326.96875 329.15625 324.32501220703125 326.681243896484375 337.125 359.868743896484375 390.9375 389.618743896484375 383.35626220703125 381.41876220703125 385.212493896484375 387.54998779296875 387.76251220703125 386.018768310546875 381.98126220703125 376.92498779296875
442.087493896484375 446.412506103515625 449.399993896484375 454.54998779296875 460.04998779296875 461.79376220703125 461.71875 460.381256103515625 456.024993896484375 450.806243896484375 444.96875 442.59375 442.51251220703125 439.41876220703125 423.806243896484375 404.5625 384.59375 362 347.26251220703125 335.85626220703125 326.17498779296875 314.76251220703125 298.51251220703125 296.46875 297.006256103515625 299.475006103515625 305.26251220703125 312.1875 321.399993896484375 329.193756103515625 332.6875 324.212493896484375 320.818756103515625 322.743743896484375 338.01251220703125 364.51251220703125 370.006256103515625 370.3125 373.5625 376.149993896484375 379.137481689453125 378.40625 377.70001220703125 375.443756103515625 370.868743896484375
435.493743896484375 442.48126220703125 447.32501220703125 454.600006103515625 462.89373779296875 468.73748779296875 471.76251220703125 472.63751220703125 469.14373779296875 463.17498779296875 456.6875 453.681243896484375 455.03125 454.51873779296875 434.54998779296875 408.89373779296875 384.381256103515625 367.16876220703125 350.26251220703125 337.32501220703125 324.32501220703125 310.15625 298.443756103515625 295.11248779296875 294.9375 296.16876220703125 302.25 310.33123779296875 317.225006103515625 322.11248779296875 322.625 316.962493896484375 306.350006103515625 296.5 294.23748779296875 315.006256103515625 339.34375 353.04376220703125 362.48748779296875 368.787506103515625 371.693756103515625 371.243743896484375 371.85626220703125 371.07501220703125 367.76251220703125
