data/historical-monthly-weather-data/wc2.1_cruts4.09_10m_prec_2001-07.asc
ncols        51
nrows        45
xllcorner    -63.500000000000
yllcorner    -7.500000000000
cellsize     0.166666666667
NODATA_value -9999
[rows 19 to 37 of 45, columns 0 to 42 of 51]
118.5812530517578125 120.125 118.40000152587890625 116.49375152587890625 113.7062530517578125 113.65625 107.9812469482421875 104.8562469482421875 102.0124969482421875 96.4250030517578125 91.8125 89.7375030517578125 85.02500152587890625 80.3125 73.1374969482421875 65.34375 60.22499847412109375 63.5 58.47499847412109375 55.5625 51.125 52.96250152587890625 57.512500762939453125 62.11875152587890625 64.5625 63.581249237060546875 65.21250152587890625 69.9375 72.0749969482421875 73.4875030517578125 79.7937469482421875 91.83750152587890625 98.03125 103.99375152587890625 111.83750152587890625 123.58750152587890625 132.399993896484375 138.399993896484375 142.125 139.5187530517578125 130.0187530517578125 119.8562469482421875 116.4187469482421875
106.86249542236328125 114.59375 117.63124847412109375 113.375 108.7624969482421875 108.46250152587890625 104.71875 102.125 98.50624847412109375 94.33750152587890625 88.93125152587890625 86.9562530517578125 83.6999969482421875 78.46875 71.6437530517578125 65.31874847412109375 61.268749237060546875 59.768749237060546875 59.5625 54.737499237060546875 55.94374847412109375 57.56874847412109375 60.393749237060546875 65.84375 68.11875152587890625 66.36875152587890625 64.3000030517578125 68.28749847412109375 73.15000152587890625 76.625 84.8312530517578125 93.5812530517578125 95.6875 102.22499847412109375 110.0124969482421875 119.4875030517578125 127.94374847412109375 130.8937530517578125 130.774993896484375 127.4250030517578125 122.05625152587890625 117.1750030517578125 111.61875152587890625
103.25 104.33750152587890625 108.8125 108.6062469482421875 106.55625152587890625 102.0749969482421875 99.1687469482421875 96.7375030517578125 94.52500152587890625 90.8937530517578125 87.5749969482421875 83.1437530517578125 79.2062530517578125 77.8562469482421875 74.27500152587890625 68.06874847412109375 65.8874969482421875 62.83750152587890625 61.15625 58.674999237060546875 56.768749237060546875 58.043750762939453125 60.887500762939453125 63.05625152587890625 63.59375 63.28749847412109375 67.25 68.6062469482421875 75.86875152587890625 82.46875 87.28749847412109375 91.90625 94.5625 98.9812469482421875 103.3312530517578125 113.2375030517578125 120.6687469482421875 123.8625030517578125 123.96875 121.8874969482421875 118.02500152587890625 114.53125 110.53749847412109375
99.46875 105.2624969482421875 107.21250152587890625 105.46875 102.65000152587890625 99.6437530517578125 92.0500030517578125 89.65625 89.08750152587890625 89.625 87.65625 83.53125 81.72499847412109375 79.125 77.11875152587890625 73.7062530517578125 68.53125 63.825000762939453125 61.08750152587890625 59.987499237060546875 61.325000762939453125 60.41249847412109375 60.90625 62.61875152587890625 65.25 64.11875152587890625 65.4812469482421875 69.9375 74.53749847412109375 79 83.5124969482421875 89.11875152587890625 90.8249969482421875 92.3937530517578125 97.6687469482421875 102.90625 111.0437469482421875 112.88124847412109375 115.9499969482421875 116.73125457763671875 114.58750152587890625 109.46875 106.44374847412109375
92.6687469482421875 100.7687530517578125 105.43125152587890625 103.0187530517578125 100.02500152587890625 95.2312469482421875 92.8000030517578125 88.78749847412109375 85.6687469482421875 83.30625152587890625 82.53749847412109375 84.2312469482421875 82.65625 81.5187530517578125 77.31874847412109375 73.8562469482421875 68.27500152587890625 65.9812469482421875 62.78125 62.71250152587890625 61.75 62.84999847412109375 62.856250762939453125 66.4187469482421875 68.24375152587890625 66.5124969482421875 69.3249969482421875 69.65625 72.5 75.9875030517578125 80.2375030517578125 84.4250030517578125 84.31874847412109375 84.16249847412109375 90.9187469482421875 93.40625 101.5124969482421875 106.8125 109.7375030517578125 110.04375457763671875 109.4875030517578125 105.36875152587890625 103.24375152587890625
88.78749847412109375 97.56874847412109375 103.58750152587890625 102.34999847412109375 99.96875 93.7687530517578125 90.5812530517578125 86.9812469482421875 84.0437469482421875 83.6062469482421875 82.9562530517578125 80.2375030517578125 82.02500152587890625 80.4499969482421875 76 71.0437469482421875 67.5437469482421875 66.13124847412109375 64.25 63.143749237060546875 63.4375 63.674999237060546875 66.4375 68.28125 67.9187469482421875 69.7687530517578125 68.56874847412109375 68.65625 69.60625457763671875 72.4187469482421875 72.9250030517578125 74.2687530517578125 76.72499847412109375 77.5749969482421875 80.34375 85.50624847412109375 93.61875152587890625 97.7312469482421875 101.88124847412109375 103.90000152587890625 102.4875030517578125 100.9250030517578125 99.72499847412109375
90.15625 98.34375 99.0187530517578125 99.375 96.875 91.96875 88.4375 84.6125030517578125 80.9250030517578125 77.41249847412109375 80.41249847412109375 79.7062530517578125 77.7624969482421875 77.08750152587890625 73.9499969482421875 70.3625030517578125 66.5749969482421875 65.1875 64.1687469482421875 62.52500152587890625 64.65000152587890625 65.5124969482421875 67.9499969482421875 69.9250030517578125 69.08750152587890625 68.43125152587890625 68.33750152587890625 67.02500152587890625 65.875 65.9812469482421875 65.8125 65.6062469482421875 66.40000152587890625 68.6687469482421875 73.65000152587890625 79.02500152587890625 85.91249847412109375 91.80625152587890625 95.4499969482421875 97.63124847412109375 99.46250152587890625 96.16249847412109375 94.1999969482421875
87.46250152587890625 91.8249969482421875 94.91249847412109375 95.78125 93.24375152587890625 89.71250152587890625 86.93125152587890625 82.6999969482421875 77.65000152587890625 78.46875 79.83750152587890625 79.1374969482421875 77.75 75.2624969482421875 71.6374969482421875 69.9499969482421875 66.52500152587890625 63.90625 63.456249237060546875 62.887500762939453125 63.043750762939453125 64.22499847412109375 67.36875152587890625 70.9499969482421875 68.6687469482421875 65.58750152587890625 64.9812469482421875 64.3937530517578125 63.4375 60.762500762939453125 60.862499237060546875 58.15625 58.268749237060546875 63.631252288818359375 67.46250152587890625 73.91249847412109375 78.0625 83.65625 88.1125030517578125 91.6875 95.4375 93.75624847412109375 90.75624847412109375
85.18125152587890625 86.09375 88.58750152587890625 91.1125030517578125 89.1875 86.5187530517578125 83.9499969482421875 79.8937530517578125 77.3000030517578125 77.0437469482421875 76.94374847412109375 75.21875 74.3625030517578125 72.66249847412109375 68.99375152587890625 66.56874847412109375 64.22499847412109375 62.49375152587890625 60.27500152587890625 60.40000152587890625 62.268749237060546875 62.543750762939453125 62.80625152587890625 65.84999847412109375 65.59999847412109375 63.21875 62.44374847412109375 61.737499237060546875 60.668750762939453125 59.31874847412109375 57.875 56.58750152587890625 56.72499847412109375 58.74375152587890625 62.71250152587890625 68.1687469482421875 71.88124847412109375 77.4187469482421875 82.4562530517578125 88.1374969482421875 91.65000152587890625 93.2375030517578125 88.47499847412109375
82.1999969482421875 82.9812469482421875 86.0749969482421875 84.4375 84.16249847412109375 80.5625 77.75 76.0187530517578125 73.8000030517578125 74.21875 73.5187530517578125 72.0187530517578125 71.55625152587890625 70.94374847412109375 67.75624847412109375 65.125 63.643749237060546875 60.21875 58.875 58.768749237060546875 59.418750762939453125 59.46875 60.18125152587890625 61.53749847412109375 61.65000152587890625 60.24375152587890625 59.59375 58.96875 59.612499237060546875 58.28125 56.03749847412109375 54.918750762939453125 54.512500762939453125 55.52500152587890625 58.71250152587890625 63.40000152587890625 67.1687469482421875 72.09375 76.59999847412109375 79.93125152587890625 85.4250030517578125 84.72499847412109375 82.8312530517578125
80.58750152587890625 83.3312530517578125 84.44374847412109375 82.75624847412109375 80.31874847412109375 77.47499847412109375 73.77500152587890625 73.2312469482421875 72.41249847412109375 71.375 70.6687469482421875 70.8125 70.2062530517578125 68.43125152587890625 65.7624969482421875 63.424999237060546875 60.96250152587890625 59.03125 56.80625152587890625 55.75 56.71875 56.325000762939453125 56.825000762939453125 56.88124847412109375 57.375 56.86875152587890625 56.08750152587890625 56.012500762939453125 56.737499237060546875 55.30625152587890625 53.862499237060546875 52.44374847412109375 51.875 52.99375152587890625 54.96250152587890625 58.356250762939453125 63.52500152587890625 66.5500030517578125 68.5749969482421875 71.8874969482421875 77.25 77.68125152587890625 76.1750030517578125
80.6875 82.3937530517578125 79.75624847412109375 80.47499847412109375 79.28125 76.78125 72.70000457763671875 70.2624969482421875 69.5124969482421875 68.9250030517578125 68.77500152587890625 68.1062469482421875 69.21875 66.06874847412109375 63.02500152587890625 61.450000762939453125 60.731250762939453125 56.862499237060546875 53.49375152587890625 53.68125152587890625 54.612499237060546875 53.99375152587890625 53.487499237060546875 52.581249237060546875 52.356250762939453125 53.706249237060546875 53.25624847412109375 52.40625 51.94374847412109375 51.706249237060546875 50.875 50.5 50.46250152587890625 51.668750762939453125 53.00624847412109375 54.799999237060546875 58.174999237060546875 62.262500762939453125 62.543750762939453125 62.931247711181640625 66.41249847412109375 68.90000152587890625 68.21250152587890625
80.59999847412109375 78.55625152587890625 75.8249969482421875 74.88124847412109375 75.06874847412109375 73.4812469482421875 71.1125030517578125 68.0437469482421875 67.71250152587890625 66.03749847412109375 66.0625 66.88124847412109375 66.2062530517578125 65.7062530517578125 63.174999237060546875 61.09375 59.268749237060546875 55.49375152587890625 51.612499237060546875 51.78749847412109375 51.15000152587890625 50.706249237060546875 49.481250762939453125 48.56874847412109375 49.41249847412109375 49.387500762939453125 49.38124847412109375 49.700000762939453125 48.36875152587890625 48.4375 48.81874847412109375 48.53125 48.168750762939453125 49.1875 50.86875152587890625 51.68125152587890625 54.72499847412109375 55.125 55.49375152587890625 57.44374847412109375 60.03125 60.59999847412109375 59.956249237060546875
80.8562469482421875 77.8562469482421875 74.02500152587890625 72.4499969482421875 72.6374969482421875 71.15625 69.7937469482421875 67.65625 65.15625 65.3125 66.06874847412109375 64.7624969482421875 64.53749847412109375 64.83750152587890625 62.97499847412109375 59.75 56.612499237060546875 54.96875 52.33750152587890625 51.68125152587890625 50.231250762939453125 48.40000152587890625 46.30625152587890625 46.075000762939453125 47.106250762939453125 46.643749237060546875 47.3125 46.768749237060546875 46.65000152587890625 46.09375 46.174999237060546875 45.731250762939453125 44.84999847412109375 45.9375 48.18125152587890625 49.96250152587890625 50.137500762939453125 50.27500152587890625 50.78749847412109375 53.674999237060546875 55.612499237060546875 56.46875 54.168750762939453125
80.81874847412109375 77.83750152587890625 75.28749847412109375 73.6062469482421875 71.84375 68.4375 66.8937530517578125 63.75 63.612499237060546875 61.981250762939453125 62.424999237060546875 62.84999847412109375 63.362499237060546875 62.28125 60.543750762939453125 57.231250762939453125 55.1875 53.200000762939453125 50.793750762939453125 49.61875152587890625 48.71250152587890625 45.80625152587890625 44.65625 44.518749237060546875 44.075000762939453125 43.362499237060546875 43.875 44.375 44.21250152587890625 44.02500152587890625 44.02500152587890625 43.30625152587890625 42.52500152587890625 44.00624847412109375 45.68125152587890625 46.362499237060546875 45.58750152587890625 46.00624847412109375 47.66249847412109375 49.21250152587890625 51.13124847412109375 52.512500762939453125 52.55625152587890625
81.0625 75.86875152587890625 75.1875 72.86875152587890625 71.75 68.40625 65.13124847412109375 61.956249237060546875 59.174999237060546875 57.799999237060546875 58.75624847412109375 60.881252288818359375 63.487499237060546875 63.11875152587890625 59.637500762939453125 56.575000762939453125 54.043750762939453125 51.575000762939453125 50.049999237060546875 47.88124847412109375 46.71875 45.19374847412109375 43.28125 42.71875 41.94374847412109375 40.86875152587890625 41.33750152587890625 41.77500152587890625 41.55625152587890625 39.5625 39.6875 40.55625152587890625 40.63124847412109375 41.59999847412109375 42.043750762939453125 42.43125152587890625 42.612499237060546875 43.856250762939453125 44.424999237060546875 44.75624847412109375 45.65000152587890625 45.88124847412109375 48.012500762939453125
78.65625 75.38124847412109375 75.44374847412109375 71.8312530517578125 70.18125152587890625 66.3874969482421875 63.40625 60.09375 57.03749847412109375 54.6875 55.543750762939453125 58.81874847412109375 62.97499847412109375 60.862499237060546875 58.66249847412109375 55.612499237060546875 53.206249237060546875 50.28749847412109375 47.768749237060546875 46.02500152587890625 43.09375 42.793750762939453125 40.612499237060546875 39.61875152587890625 38.16249847412109375 38.4375 38.78749847412109375 39.125 38.737499237060546875 37.174999237060546875 37.200000762939453125 38.325000762939453125 38.22499847412109375 39.21875 39.74375152587890625 39.31874847412109375 39.90000152587890625 40.481250762939453125 41.887500762939453125 42.25 41.83750152587890625 42.50624847412109375 42.393749237060546875
75.02500152587890625 74 73.27500152587890625 69.49375152587890625 67.80625152587890625 65.5 62.362499237060546875 58.81874847412109375 54.84999847412109375 50.581249237060546875 52.31874847412109375 56.68125152587890625 59.44374847412109375 57.737499237060546875 56.40625 53.84375 50.875 47.55625152587890625 45.06874847412109375 43.59999847412109375 40.737499237060546875 39.05625152587890625 37.43125152587890625 37.081249237060546875 35.6875 35.44374847412109375 35.78125 35.700000762939453125 35.387500762939453125 35.15000152587890625 34.94374847412109375 35.137500762939453125 34.981250762939453125 35.91249847412109375 36.418750762939453125 35.65000152587890625 35.924999237060546875 37.737499237060546875 39.387500762939453125 39.081249237060546875 38.19374847412109375 38.6875 38.393749237060546875
70.49375152587890625 71.05625152587890625 68.71250152587890625 67.6374969482421875 66.09375 63.66249847412109375 60.84999847412109375 57.356250762939453125 53.731250762939453125 48.74375152587890625 53.831249237060546875 57.28749847412109375 57.15000152587890625 55.58750152587890625 54.55625152587890625 52.05625152587890625 47.61875152587890625 45.91249847412109375 42.88124847412109375 41.18125152587890625 39.168750762939453125 37.15000152587890625 34.918750762939453125 34.606250762939453125 33.887500762939453125 33.356250762939453125 33.21250152587890625 33.106250762939453125 32.856250762939453125 32.237499237060546875 30.787500381469726562 31.518749237060546875 31.456249237060546875 32.543750762939453125 32.262500762939453125 31.3125 32.94374847412109375 34.231250762939453125 35.55625152587890625 35.61875152587890625 35.05625152587890625 36.34375 35.825000762939453125
