data/historical-monthly-weather-data/wc2.1_cruts4.09_10m_prec_2021-09.asc
ncols        51
nrows        45
xllcorner    -63.500000000000
yllcorner    -7.500000000000
cellsize     0.166666666667
NODATA_value -9999
[rows 19 to 37 of 45, columns 0 to 43 of 51]
116.91249847412109375 114.75 111.22499847412109375 108.68125152587890625 106.33750152587890625 104.27500152587890625 101 96.5437469482421875 90.84375 83.3874969482421875 75.5812530517578125 67.65000152587890625 59.66249847412109375 52.25 46.00624847412109375 40.950000762939453125 35.731250762939453125 32.88124847412109375 29.65625 27.9375 26.3125 25.243749618530273438 25.84375 29.674999237060546875 33.668750762939453125 36.84999847412109375 41.27500152587890625 45.61875152587890625 47.387500762939453125 47.86875152587890625 49.46875 57.575000762939453125 63.637500762939453125 71.25 76.4875030517578125 73.5 69.4499969482421875 66.18125152587890625 62.61875152587890625 57.21875 50.21250152587890625 43.575000762939453125 41.27500152587890625 40.59375
110.1125030517578125 109.3874969482421875 107.5812530517578125 105.8625030517578125 103.875 100.625 97.3249969482421875 93.0812530517578125 87.9562530517578125 81.3625030517578125 73.625 66.3312530517578125 58.3125 50.293750762939453125 44.5 38.6875 33.69374847412109375 30.318750381469726562 28.34375 26.012500762939453125 25.737499237060546875 25.818750381469726562 26.387500762939453125 30.662500381469726562 35.66249847412109375 39.731250762939453125 44.13124847412109375 47.71875 50.68125152587890625 54.512500762939453125 58.799999237060546875 66.58750152587890625 73.4562530517578125 82.4499969482421875 92.18125152587890625 85.8874969482421875 75.6437530517578125 68.8312530517578125 63.174999237060546875 57.83750152587890625 52.66249847412109375 47.825000762939453125 45.13124847412109375 43.90000152587890625
104.91249847412109375 103.3625030517578125 102.2312469482421875 101.3625030517578125 100.8562469482421875 98.1125030517578125 94.08750152587890625 90.1999969482421875 85.3125 79.16249847412109375 71.99375152587890625 65.15000152587890625 58.09375 50.53125 44.36875152587890625 38.137500762939453125 33.15625 29.793750762939453125 27.799999237060546875 25.725000381469726562 25.03125 25.4375 26.450000762939453125 31.018749237060546875 36.00624847412109375 40.88124847412109375 47.02500152587890625 51.4375 56.518749237060546875 61.625 66.77500152587890625 73.44374847412109375 79.56874847412109375 86.9562530517578125 90.43125152587890625 85.97499847412109375 76.9250030517578125 70.41249847412109375 64.56874847412109375 60.08750152587890625 56.34375 52.981250762939453125 51.143749237060546875 49.61875152587890625
100.49375152587890625 100.40625 98.8874969482421875 98.56874847412109375 98.2062530517578125 95.0749969482421875 91.3562469482421875 87.3625030517578125 83.34999847412109375 77.09375 71.2624969482421875 64.97499847412109375 59.05625152587890625 51.78749847412109375 44.450000762939453125 38.012500762939453125 32.625 29.631250381469726562 27.193750381469726562 25.318750381469726562 25.118749618530273438 25.737499237060546875 26.862499237060546875 31.274999618530273438 36.825000762939453125 42.125 48.40625 55.024997711181640625 60.731250762939453125 65.9187469482421875 72.24375152587890625 79.46875 83.72499847412109375 87.27500152587890625 87.5187530517578125 81.55625152587890625 75.58750152587890625 70.2312469482421875 65.84375 63.4250030517578125 61.762500762939453125 58.99375152587890625 57.13124847412109375 55.418750762939453125
98.2062530517578125 97.0625 96.0124969482421875 94.8249969482421875 93.4499969482421875 91.40000152587890625 88.13124847412109375 84.05625152587890625 80.0749969482421875 74.47499847412109375 68.6125030517578125 63.981250762939453125 59.53125 52.174999237060546875 44.56874847412109375 38.09375 32.96250152587890625 30.206249237060546875 28.043750762939453125 26.200000762939453125 26.162500381469726562 26.612499237060546875 28.056249618530273438 32.762500762939453125 38.21250152587890625 43.268749237060546875 49.53749847412109375 56.27500152587890625 63.649997711181640625 69.6687469482421875 76.03125 83.3000030517578125 86.2062530517578125 88.13124847412109375 87.91249847412109375 81.7312469482421875 77.46250152587890625 74.46250152587890625 71.1687469482421875 70.22499847412109375 68.86875152587890625 66.36875152587890625 64.97499847412109375 63.36875152587890625
97.27500152587890625 95.5625 93.3625030517578125 91.3249969482421875 91.93125152587890625 89.16249847412109375 85.375 81.34375 76.94374847412109375 71.90625 66.50624847412109375 61.27500152587890625 56.174999237060546875 49.90000152587890625 43.61875152587890625 37.78749847412109375 33.174999237060546875 30.600000381469726562 28.65625 27.287500381469726562 27.456249237060546875 27.881250381469726562 29.65625 34.66249847412109375 39.575000762939453125 45.31874847412109375 51.762500762939453125 58.88124847412109375 66.4187469482421875 73.1374969482421875 79.40000152587890625 86.04375457763671875 89.71250152587890625 91.21250152587890625 90.3625030517578125 85.9250030517578125 83.80625152587890625 81.8625030517578125 78.9812469482421875 77.82500457763671875 76.625 74.9375 73.6750030517578125 73.59999847412109375
98.375 97.8000030517578125 93.7062530517578125 91.7937469482421875 90.1125030517578125 86.77500152587890625 83.18125152587890625 78.8937530517578125 74.25 69.50624847412109375 63.543750762939453125 58.50624847412109375 53.25624847412109375 47.34999847412109375 42.262500762939453125 37.40000152587890625 33.174999237060546875 31.174999237060546875 29.53125 28.337499618530273438 28.674999237060546875 29.168750762939453125 31.118749618530273438 36.40000152587890625 41.69374847412109375 47.09375 54.450000762939453125 62.49375152587890625 69.90625 76.84375 83.26874542236328125 90.3125 92.6374969482421875 94.1374969482421875 94.90000152587890625 93.96875 92.0812530517578125 90.84375 89.4499969482421875 87.7062530517578125 87.16249847412109375 84.84999847412109375 83.28749847412109375 83.65000152587890625
101.0812530517578125 99.2375030517578125 95.3125 92.7687530517578125 89.77500152587890625 86.40000152587890625 82.25624847412109375 77.50624847412109375 72.3625030517578125 67.83750152587890625 62.950000762939453125 58.356250762939453125 53.21250152587890625 48.018749237060546875 43.543750762939453125 39.174999237060546875 35.59375 33.38124847412109375 31.756250381469726562 30.53125 30.987499237060546875 31.475000381469726562 33.200000762939453125 39.200000762939453125 44.49375152587890625 50.24375152587890625 57.90000152587890625 65.5437469482421875 73.27500152587890625 80.0437469482421875 86.38750457763671875 92.46250152587890625 97.0812530517578125 99.75 100.96250152587890625 101.91249847412109375 102.25624847412109375 101.69374847412109375 100.6437530517578125 99.5437469482421875 98.16249847412109375 96.125 94.78125 93.24375152587890625
103.72499847412109375 101.74375152587890625 97.84999847412109375 93.46875 90.1687469482421875 85.96875 81.75 77 71.69374847412109375 67.46875 62.700000762939453125 58.331249237060546875 53.737499237060546875 49.4375 45.25 41.3125 37.887500762939453125 35.768749237060546875 34.106250762939453125 33.081249237060546875 33.424999237060546875 34.018749237060546875 35.737499237060546875 41.61875152587890625 47.674999237060546875 53.43125152587890625 61.125 69.03749847412109375 76.93125152587890625 84.1062469482421875 89.6999969482421875 95.875 101.78125 105.4250030517578125 108.4875030517578125 110.4812469482421875 113.6374969482421875 115.31874847412109375 114.52500152587890625 113.38124847412109375 112.15000152587890625 109.9562530517578125 105.81874847412109375 104.53749847412109375
106.8249969482421875 104.3000030517578125 99.06874847412109375 93.9812469482421875 89.7937469482421875 85.1125030517578125 80.59375 76.2624969482421875 71.59375 67.18125152587890625 62.59999847412109375 58.424999237060546875 54.893749237060546875 50.72499847412109375 46.887500762939453125 43.94374847412109375 41.28125 38.3125 36.543750762939453125 35.5625 36.09375 36.90000152587890625 38.737499237060546875 44.77500152587890625 50.512500762939453125 56.80625152587890625 64.65625 73.20000457763671875 82.08750152587890625 88.1125030517578125 93.125 99.08750152587890625 105.13124847412109375 110.8125 116.97499847412109375 120.1999969482421875 125.8125 130.21875 130.625 129.40625 125.0124969482421875 120.08750152587890625 117.33750152587890625 116.50624847412109375
110.09375 106.93125152587890625 100.59375 95.3249969482421875 90.96250152587890625 86.7062530517578125 82.49375152587890625 78.3312530517578125 73.8625030517578125 69.4562530517578125 65.06874847412109375 61.71250152587890625 58.262500762939453125 54.50624847412109375 51.387500762939453125 48.09375 45.049999237060546875 42.65000152587890625 40.456249237060546875 39.3125 40.03749847412109375 41.15000152587890625 42.637500762939453125 48.299999237060546875 54.668750762939453125 61.55625152587890625 69.125 77.1125030517578125 84.88124847412109375 91.5 97.7937469482421875 104.21875 110.56874847412109375 117.2375030517578125 124.97499847412109375 130.693756103515625 138.4875030517578125 146.6437530517578125 145.3312530517578125 147.15625 145.1687469482421875 138.368743896484375 132.462493896484375 130.4499969482421875
111.3000030517578125 107.8312530517578125 102.88124847412109375 97.03749847412109375 93.18125152587890625 89.40000152587890625 84.6437530517578125 80.46250152587890625 76.56874847412109375 72.6999969482421875 68.5500030517578125 65.22499847412109375 63.018749237060546875 59.21875 55.856250762939453125 52.512500762939453125 49.99375152587890625 47.587497711181640625 45.237499237060546875 44.27500152587890625 44.856250762939453125 46.13124847412109375 47.77500152587890625 53.15625 59.22499847412109375 66.15000152587890625 73.5437469482421875 81.1125030517578125 88.72499847412109375 94.21250152587890625 101.4499969482421875 108.65625 115.6687469482421875 125.2062530517578125 134.3000030517578125 140.40625 150.3312530517578125 161.5437469482421875 164.3125 166.5749969482421875 164.75 156.1999969482421875 148.431243896484375 144.03125
112.84999847412109375 107.71875 102.8249969482421875 98.4250030517578125 95.90625 91.56874847412109375 87.28125 83.4375 80.03125 76.1750030517578125 72.5500030517578125 69.3249969482421875 66.21250152587890625 63.52500152587890625 60.97499847412109375 58.674999237060546875 55.737499237060546875 53.40000152587890625 51.55625152587890625 50.90625 51.5625 51.768749237060546875 53.356250762939453125 58.287502288818359375 65.09999847412109375 70.7062530517578125 77.40625 85.5812530517578125 92.86875152587890625 98.72499847412109375 105.9375 112.3000030517578125 120.83750152587890625 131.068756103515625 140.90625 148.725006103515625 159.9499969482421875 170.9499969482421875 175.4812469482421875 179.3874969482421875 180.5124969482421875 171.712493896484375 164 157.756256103515625
109.55625152587890625 105.80625152587890625 101.33750152587890625 98.0749969482421875 96.03125 93.18125152587890625 90.5749969482421875 87.2687530517578125 84.0500030517578125 80.09375 78.65625 74.83750152587890625 72.1437530517578125 70.8000030517578125 68.4562530517578125 66.77500152587890625 64.375 62.950000762939453125 61.1875 60.43125152587890625 60.38124847412109375 60.24375152587890625 60.59999847412109375 65.0812530517578125 70.97499847412109375 75.6750030517578125 82.05625152587890625 89.5749969482421875 96.6437530517578125 103.9250030517578125 110.40625 117.28749847412109375 125.4187469482421875 135.850006103515625 146.931243896484375 155.2062530517578125 165.3562469482421875 174.0749969482421875 179.4375 186.087493896484375 188.8625030517578125 182.306243896484375 176.5500030517578125 170.475006103515625
104.7937469482421875 102.59375 100.11875152587890625 97.77500152587890625 95.96250152587890625 94.47499847412109375 93.625 91.78125 88.25 85.3125 82.9250030517578125 81.4375 79.00624847412109375 76.61249542236328125 75.73125457763671875 74.6374969482421875 73.94374847412109375 73.1125030517578125 72.06874847412109375 71.3000030517578125 70.71250152587890625 69.55625152587890625 69.03749847412109375 72.125 76.2937469482421875 80.1750030517578125 86.125 93.1687469482421875 99.6125030517578125 106.8312530517578125 114.1999969482421875 121.6125030517578125 130.3249969482421875 140.287506103515625 151.46875 162.5500030517578125 170.5812530517578125 178.431243896484375 184.912506103515625 190.100006103515625 193.4187469482421875 191.7937469482421875 189.4375 185.1062469482421875
100.75624847412109375 99.38124847412109375 98.1437530517578125 97.3937530517578125 96.6125030517578125 95.80625152587890625 96.4499969482421875 95.8249969482421875 92.0187530517578125 89.58750152587890625 88.5187530517578125 88.1999969482421875 86.3562469482421875 84.5625 84.24375152587890625 84.2312469482421875 83.96250152587890625 83.1999969482421875 83.77500152587890625 82.875 82.125 80.0812530517578125 77.7687530517578125 79.2687530517578125 81.28125 84.8937530517578125 90.81874847412109375 96.74375152587890625 102.7375030517578125 109.5749969482421875 116.96875 123.95000457763671875 133.2375030517578125 143.631256103515625 153.8249969482421875 162.90625 172.337493896484375 183.0187530517578125 188.34375 194.600006103515625 195.818756103515625 194.256256103515625 195.7375030517578125 192.5437469482421875
95.625 94.3562469482421875 94.15000152587890625 94.0437469482421875 93.8312530517578125 94.11875152587890625 94.1875 95.03125 93.08750152587890625 91.63124847412109375 92.31874847412109375 93.0124969482421875 93.6687469482421875 93.7312469482421875 93.8000030517578125 94.28125 94.15000152587890625 94.5187530517578125 95.5 95.99375152587890625 93.63124847412109375 90.61249542236328125 86.6125030517578125 86.21875 87.3125 89.43125152587890625 93.96250152587890625 99.44374847412109375 104.9875030517578125 111.16249847412109375 118.4187469482421875 125.6687469482421875 133.649993896484375 143.4562530517578125 152.8000030517578125 159.8562469482421875 170.8312530517578125 179.3874969482421875 184.34375 189.399993896484375 193.381256103515625 192.193756103515625 191.9250030517578125 191.1062469482421875
90.46250152587890625 89.8125 89.8000030517578125 89.7312469482421875 90.81874847412109375 91.58750152587890625 92.5812530517578125 93.61875152587890625 93.7375030517578125 93.09999847412109375 96.4250030517578125 101.6374969482421875 103.6750030517578125 104.55625152587890625 105.1125030517578125 104.8937530517578125 105.18125152587890625 104.90625 105.33750152587890625 105.46250152587890625 103.75624847412109375 98.7937469482421875 94.25624847412109375 92.2312469482421875 92.06874847412109375 93.3312530517578125 96.6062469482421875 100.8312530517578125 105.75624847412109375 112.1125030517578125 118.8000030517578125 126.0187530517578125 134.381256103515625 143.5187530517578125 152.125 159.4499969482421875 168.0749969482421875 176.5749969482421875 179.881256103515625 183.256256103515625 186.631256103515625 185.78125 187.5749969482421875 188.8562469482421875
85.2312469482421875 85.40000152587890625 85.96250152587890625 86.05625152587890625 87.65000152587890625 89.46875 91.30625152587890625 93.50624847412109375 95.78749847412109375 96.93125152587890625 107.61875152587890625 113.4499969482421875 114.9562530517578125 115.8000030517578125 116.0437469482421875 116.0749969482421875 114.44374847412109375 114.11875152587890625 112.9250030517578125 111.41249847412109375 109.84375 104.9250030517578125 100.40000152587890625 97.28749847412109375 95.71875 95.6062469482421875 98.7687530517578125 102.61875152587890625 106.88124847412109375 113.03125 117.67499542236328125 124.16249847412109375 132.28125 142.5500030517578125 151.2062530517578125 155.1999969482421875 162.462493896484375 169.40625 175.2375030517578125 179.3249969482421875 179.90625 183.056243896484375 182.09375 182.5500030517578125
