data/historical-monthly-weather-data/wc2.1_cruts4.09_10m_prec_2023-04.asc
ncols        45
nrows        45
xllcorner    -63.500000000000
yllcorner    -7.500000000000
cellsize     0.166666666667
NODATA_value -9999
[rows 0 to 19 of 45, columns 0 to 44 of 45]
259.45623779296875 264.20623779296875 269.08123779296875 279.6875 285.70001220703125 287.86248779296875 288.66876220703125 284.40625 282.20001220703125 284.25 289.912506103515625 294.256256103515625 297.01251220703125 297.60626220703125 298.40625 300.04376220703125 302.98126220703125 300.9375 301.98126220703125 302.96875 302.70623779296875 303.712493896484375 303.71875 305.45001220703125 304.706268310546875 307.056243896484375 308.587493896484375 312.149993896484375 314.125 315.45001220703125 317.193756103515625 319.243743896484375 320.82501220703125 324.475006103515625 327.256256103515625 327.61248779296875 325.149993896484375 322.28125 319.381256103515625 314.037506103515625 308.368743896484375 301.59375 291.84375 284.125 276.475006103515625
265.725006103515625 268.85626220703125 278.375 287.993743896484375 296.712493896484375 295.34375 292.09375 290.4375 288.756256103515625 288.681243896484375 291.59375 292.537506103515625 293.33123779296875 292.91876220703125 291.70623779296875 293.73748779296875 294.274993896484375 294.84375 296.368743896484375 297.01873779296875 297.125 297.59375 299.912506103515625 300.9375 303.068756103515625 305.475006103515625 307.71875 312.51251220703125 314.01873779296875 315.649993896484375 319.29376220703125 324.181243896484375 327.556243896484375 333.59375 336.493743896484375 335.32501220703125 333.618743896484375 329.59375 324.23126220703125 316.068756103515625 307.693756103515625 300.01873779296875 289.375 278.6875 269.350006103515625
268.60626220703125 273.84375 281.29376220703125 291.756256103515625 300.78125 301.149993896484375 300.412506103515625 300.868743896484375 303.28125 303.21875 302.88751220703125 301.306243896484375 301.20001220703125 297.91876220703125 296.024993896484375 296.3125 295.875 296.26873779296875 296.42498779296875 297.70001220703125 298.8125 300.38751220703125 301.256256103515625 302.649993896484375 305.92498779296875 308.850006103515625 313.28125 315.41876220703125 316.131256103515625 319.875 324.162506103515625 328.756256103515625 335.149993896484375 340.662506103515625 342.381256103515625 339.66876220703125 338.931243896484375 335.975006103515625 328.23126220703125 319.01251220703125 309.29998779296875 298.962493896484375 287.70001220703125 276.89373779296875 267.01873779296875
266.67498779296875 272.70623779296875 283.04376220703125 290.6875 298.54376220703125 302.76873779296875 305.5 308.962493896484375 315.13751220703125 318.36248779296875 316.46875 311.70001220703125 307.375 304.14373779296875 300.806243896484375 299.962493896484375 299.41876220703125 298.818756103515625 298.306243896484375 299.40625 301.787506103515625 303.287506103515625 302.88751220703125 305.625 308.95001220703125 310.6875 316.57501220703125 318.056243896484375 319.443756103515625 325.92498779296875 331.25 336.662506103515625 340.087493896484375 344.67498779296875 346.28125 345.475006103515625 343.431243896484375 339.82501220703125 332.837493896484375 320.875 309.79998779296875 299.76873779296875 286 273.3125 264.16876220703125
277.45001220703125 279.01873779296875 280.90625 287.600006103515625 297.23126220703125 302.54998779296875 305.73126220703125 312.443756103515625 322.931243896484375 330.818756103515625 326.15625 315.95001220703125 310.96875 307.83123779296875 303.61248779296875 301.556243896484375 299.462493896484375 298.79376220703125 297.837493896484375 298.23126220703125 301.65625 302.631256103515625 303 307.76873779296875 309.0625 311.318756103515625 315.73126220703125 321.46875 325.91876220703125 331.15625 337.45001220703125 340.443756103515625 343.225006103515625 347.993743896484375 350.506256103515625 349.131256103515625 345.662506103515625 342.131256103515625 334.681243896484375 322.09375 311.131256103515625 297.087493896484375 283.54376220703125 271.774993896484375 261.04376220703125
280.462493896484375 283.48748779296875 285.587493896484375 285.82501220703125 294.13751220703125 301.024993896484375 304.824981689453125 311.931243896484375 322.225006103515625 332.381256103515625 324.51873779296875 314.89373779296875 310.568756103515625 307.66876220703125 302.8125 300.96875 296.95001220703125 295.962493896484375 297.14373779296875 298.5 300.787506103515625 302.23748779296875 305.84375 309.649993896484375 312.89373779296875 316.83123779296875 321.024993896484375 326.26251220703125 330.51873779296875 334.743743896484375 339.82501220703125 344.71875 344.556243896484375 348.399993896484375 352.625 350.76873779296875 350.01251220703125 347.11248779296875 338.75 327.65625 312.8125 298.40625 285.537506103515625 274.14373779296875 264.506256103515625
284.618743896484375 287.36248779296875 289.46875 288.67498779296875 289.068756103515625 291.86248779296875 295.631256103515625 301.29376220703125 306.42498779296875 309.912506103515625 310.32501220703125 307.98126220703125 308.11248779296875 305.256256103515625 301.51873779296875 300.493743896484375 296.899993896484375 293.131256103515625 292.618743896484375 295.462493896484375 299.78125 303.57501220703125 307.76873779296875 310.38751220703125 315.34375 320.912506103515625 326.34375 329.79376220703125 333.524993896484375 337.54376220703125 342.618743896484375 345.806243896484375 346.85626220703125 347.76251220703125 351.07501220703125 350.162506103515625 348.48748779296875 347.287506103515625 341.32501220703125 329.33123779296875 311.162506103515625 297.58123779296875 285.524993896484375 274.29998779296875 266.274993896484375
289.5 289.98748779296875 290.01251220703125 290.78125 291.306243896484375 291.375 288.125 284.51873779296875 281.956268310546875 284.493743896484375 293.274993896484375 299.48126220703125 302.9375 303.206268310546875 301.412506103515625 299.23748779296875 295.41876220703125 291.54376220703125 288.70001220703125 292.01251220703125 298.8125 304.618743896484375 308.75 312.48748779296875 319.681243896484375 323.67498779296875 328.631256103515625 332.58123779296875 336.79376220703125 340.868743896484375 342.568756103515625 344.86248779296875 345.587493896484375 346.506256103515625 348.25 344.82501220703125 344.10626220703125 342.32501220703125 334.14373779296875 320.875 305.26873779296875 293.67498779296875 281.725006103515625 269.868743896484375 260.84375
292.98748779296875 293.59375 292.993743896484375 291.95623779296875 291.85626220703125 289.85626220703125 286.98748779296875 281.443756103515625 272.98748779296875 270.787506103515625 283.07501220703125 293.09375 303.28125 305.399993896484375 303.056243896484375 301.51873779296875 299.08123779296875 296.64373779296875 295.88751220703125 297.28125 299.04376220703125 307.01873779296875 311.15625 317.53125 323.90625 325.95001220703125 329.46875 333.756256103515625 337.537506103515625 340.51873779296875 343.100006103515625 342.125 340.83123779296875 338.875 340.306243896484375 338.056243896484375 338.01251220703125 334.600006103515625 326.493743896484375 313.46875 299.20001220703125 286.95001220703125 276.662506103515625 266.5625 255.3249969482421875
296.03125 294.743743896484375 294.587493896484375 293.693756103515625 292.26873779296875 290.712493896484375 288.756256103515625 283.868743896484375 280.83123779296875 282.737518310546875 291.09375 297.51873779296875 305.475006103515625 308.193756103515625 307.568756103515625 304.943756103515625 302.86248779296875 302.07501220703125 301.79998779296875 305.725006103515625 307.33123779296875 311.331268310546875 314.70001220703125 322.462493896484375 325.25 325.193756103515625 327.868743896484375 331.412506103515625 336.03125 340.58123779296875 339.29998779296875 335.79376220703125 333.225006103515625 331.149993896484375 331.15625 330.45001220703125 328.23126220703125 325.29376220703125 316.96875 306.59375 294.98748779296875 283.493743896484375 272.41876220703125 259.368743896484375 250.625
299.17498779296875 298.4375 297.350006103515625 295.756256103515625 292.625 291.71875 290.79998779296875 287.76873779296875 288.881256103515625 292.975006103515625 300.95623779296875 308.681243896484375 310.893768310546875 312.82501220703125 310.08123779296875 306.66876220703125 305.125 305.82501220703125 307.67498779296875 311.1875 316.98748779296875 319.63751220703125 319.76251220703125 317.806243896484375 323.9375 324.20623779296875 324.14373779296875 326.45001220703125 329.074981689453125 332.556243896484375 330.54376220703125 326.243743896484375 323.83123779296875 321.425018310546875 320.82501220703125 317.506256103515625 315.274993896484375 313.13751220703125 306.39373779296875 297.431243896484375 286.53125 275.506256103515625 266.78125 256.131256103515625 247.131256103515625
300.350006103515625 298.70623779296875 297.21875 298.51873779296875 296.850006103515625 294.51873779296875 295.45623779296875 295.681243896484375 299.162506103515625 304.29998779296875 312.20623779296875 319.625 316.9375 315.03125 311.5625 308.58123779296875 306.431243896484375 307.29376220703125 309.96875 314.41876220703125 319.59375 322.256256103515625 322.993743896484375 323.8125 321.90625 316.912506103515625 315.9375 316.337493896484375 318.66876220703125 319.225006103515625 317.368743896484375 314.037506103515625 310.51251220703125 308.493743896484375 307.625 305.40625 304.54998779296875 303.33123779296875 295.375 285.725006103515625 277.149993896484375 267.91876220703125 258.850006103515625 246.25 237.8000030517578125
302.306243896484375 300.10626220703125 298.943756103515625 299.125 299.01873779296875 300.35626220703125 300.14373779296875 300.149993896484375 303.662506103515625 311.29998779296875 318.912506103515625 325.162506103515625 322.42498779296875 312.662506103515625 308.662506103515625 307.78125 304.70623779296875 305.57501220703125 309.568756103515625 312.59375 317.78125 318.875 316.693756103515625 316.443756103515625 307.46875 300.625 302.70001220703125 303 306.3125 305.66876220703125 303.5625 299.91876220703125 296.212493896484375 294.29998779296875 292.48748779296875 292.39373779296875 292.35626220703125 291.57501220703125 286.024993896484375 278 266.493743896484375 259.5625 249.024993896484375 237.649993896484375 232.5749969482421875
303.024993896484375 300.5625 298.375 298.11248779296875 299.943756103515625 301.23748779296875 301.024993896484375 302.006256103515625 307.09375 313.412506103515625 317.9375 319.006256103515625 316.82501220703125 310.125 303.23126220703125 303.34375 300.431243896484375 299.475006103515625 303.73126220703125 305.23126220703125 308.95001220703125 308.16876220703125 306.881256103515625 301.73748779296875 294.993743896484375 289.63751220703125 290.056243896484375 290.98748779296875 292.75 292.4375 290 287.1875 281.618743896484375 279.568756103515625 278.993743896484375 280.131256103515625 280.5 281.649993896484375 278.8125 270.63751220703125 257.25 246.225006103515625 240.756256103515625 236.5749969482421875 234.4187469482421875
301.51251220703125 299.51251220703125 298.149993896484375 298.462493896484375 300.95623779296875 302.14373779296875 303.243743896484375 304.23126220703125 307.26873779296875 311.11248779296875 314.25 314.287506103515625 310.59375 304.375 296.53125 293.199981689453125 291.73126220703125 294.287506103515625 297.631256103515625 299.306243896484375 300.649993896484375 301.399993896484375 298.13751220703125 292.70001220703125 286.493743896484375 282.712493896484375 282.162506103515625 283.431243896484375 285.181243896484375 283.556243896484375 279.100006103515625 273.287506103515625 270.600006103515625 267.17498779296875 265.29998779296875 265.431243896484375 270.225006103515625 274.712493896484375 272 262.225006103515625 250.2687530517578125 243.625 242.506256103515625 236.712493896484375 232.5749969482421875
298.07501220703125 296.125 296.9375 298.76251220703125 300.806243896484375 302.1875 303.193756103515625 304.53125 308.73126220703125 310.837493896484375 312.193756103515625 310.774993896484375 306.83123779296875 299.20001220703125 289.60626220703125 280.256256103515625 282.5625 288.95001220703125 291.100006103515625 293.34375 294.54998779296875 293.350006103515625 289.431243896484375 284.53125 278.4375 275.881256103515625 274.256256103515625 276.07501220703125 277.60626220703125 276.64373779296875 274.32501220703125 268.118743896484375 259.60626220703125 254.375 250.0812530517578125 255.7687530517578125 260.431243896484375 265.41876220703125 264.149993896484375 259.11248779296875 250.0812530517578125 246.068756103515625 242.375 235.7375030517578125 230.375
293.149993896484375 292.837493896484375 295.193756103515625 297.993743896484375 300 301.51873779296875 304.42498779296875 305.899993896484375 307.899993896484375 309.88751220703125 309.875 307.881256103515625 302.600006103515625 295.11248779296875 287.65625 281.26873779296875 276.681243896484375 280.693756103515625 285.443756103515625 288.899993896484375 289.693756103515625 289.21875 285.100006103515625 277.09375 271.350006103515625 267.90625 267.32501220703125 268.818756103515625 271.5 271.91876220703125 269.274993896484375 263.631256103515625 255.850006103515625 249.8562469482421875 250.462493896484375 252.1687469482421875 257.118743896484375 262.850006103515625 266.0625 260.08123779296875 252.5437469482421875 247.78125 240.693756103515625 234.1062469482421875 227.8874969482421875
286.23126220703125 288.493743896484375 291.162506103515625 296.45001220703125 299.125 301.91876220703125 305.73126220703125 306.118743896484375 307.48748779296875 307.70623779296875 306.13751220703125 303.45001220703125 298.10626220703125 292.4375 286.125 281.431243896484375 276.48126220703125 271.756256103515625 279.58123779296875 283.91876220703125 286.73126220703125 285.412506103515625 281.431243896484375 273.71875 268.912506103515625 265.78125 262.60626220703125 266.39373779296875 270.068756103515625 269.631256103515625 263.39373779296875 251.412506103515625 249.412506103515625 247.6437530517578125 246.53125 251.243743896484375 255.9499969482421875 260.475006103515625 261.85626220703125 260.46875 251.243743896484375 245.1374969482421875 238.0124969482421875 230.756256103515625 225.6125030517578125
278.11248779296875 282.412506103515625 287.568756103515625 292.375 296.381256103515625 300.79998779296875 304.125 307.056243896484375 308.568756103515625 307.86248779296875 304.20001220703125 297.91876220703125 293.162506103515625 289.84375 281.587493896484375 277.09375 273.399993896484375 270.14373779296875 270.868743896484375 275.381256103515625 283.36248779296875 284.881256103515625 273.118743896484375 269.88751220703125 268.037506103515625 267.84375 267.6875 269.287506103515625 273.21875 271.318756103515625 265.01251220703125 254.3125 247.6750030517578125 238.6999969482421875 236.431243896484375 241.693756103515625 247.631256103515625 251.84375 255.7874908447265625 253.3874969482421875 248.743743896484375 242.787506103515625 234.712493896484375 227.3125 223.131256103515625
269.67498779296875 276.09375 281.493743896484375 285.631256103515625 292.36248779296875 299.92498779296875 305.60626220703125 307.14373779296875 308.375 307.38751220703125 302.23126220703125 297.38751220703125 292.26873779296875 287.431243896484375 278.03125 268.42498779296875 262.38751220703125 265.51873779296875 265.86248779296875 269.662506103515625 273.087493896484375 272.475006103515625 271.51873779296875 269.381256103515625 268.212493896484375 267.899993896484375 269.5 273.899993896484375 275.13751220703125 270.318756103515625 261.368743896484375 256.40625 245.4499969482421875 231.46875 223.431243896484375 228.6187591552734375 239.5500030517578125 248.0625 251.068756103515625 250.1062469482421875 245.0124969482421875 239.056243896484375 231.412506103515625 224.0187530517578125 218.6687469482421875
