data/historical-monthly-weather-data/wc2.1_cruts4.09_10m_prec_1973-12.asc
ncols        45
nrows        45
xllcorner    -63.500000000000
yllcorner    -7.500000000000
cellsize     0.166666666667
NODATA_value -9999
[rows 20 to 39 of 45, columns 0 to 43 of 45]
248.1374969482421875 248.881256103515625 248.7687530517578125 249.681243896484375 251.725006103515625 255.2624969482421875 258.181243896484375 260.57501220703125 263.162506103515625 263.743743896484375 262.225006103515625 260.95001220703125 259.04376220703125 254.9562530517578125 247.868743896484375 239.087493896484375 230.59375 223.618743896484375 219.475006103515625 215.9875030517578125 216.8125 217.962493896484375 219.40625 222.4250030517578125 227.024993896484375 230.28125 228.9375 221.756256103515625 211.212493896484375 201.368743896484375 194.5437469482421875 194.412506103515625 199.7937469482421875 207.78125 216.90625 228.7937469482421875 244.287506103515625 260.756256103515625 273.03125 278.912506103515625 278.443756103515625 273.337493896484375 270.90625 269.20623779296875
242.056243896484375 242.037506103515625 243.287506103515625 246.5 249.756256103515625 253.84375 258.162506103515625 261.868743896484375 264.48748779296875 265.03125 262.743743896484375 260.29998779296875 257.29376220703125 252.25 245.8874969482421875 238.1875 230.6999969482421875 224.5437469482421875 219.6750030517578125 215.787506103515625 214.7312469482421875 216.100006103515625 219.1062469482421875 222.5625 227.90625 234.5625 238.09375 232.850006103515625 223.9375 216.350006103515625 210.65625 209.0749969482421875 212.287506103515625 218.962493896484375 226.0812530517578125 236.90625 252.087493896484375 268.91876220703125 279.54376220703125 282.774993896484375 282.524993896484375 278.45623779296875 275.600006103515625 273.75
236.806243896484375 238.431243896484375 239.287506103515625 242.46875 246.850006103515625 252.8125 257.65625 262.79376220703125 267 266.54376220703125 263.41876220703125 259.03125 255.725006103515625 250.662506103515625 244.368743896484375 237.1999969482421875 229.96875 223.712493896484375 218.8249969482421875 214.006256103515625 212.6750030517578125 213.3125 215.3249969482421875 219.350006103515625 226.193756103515625 235.8812408447265625 243.6999969482421875 241 233.7937469482421875 228.6062469482421875 224.7937469482421875 223.25 225.84375 229.7062530517578125 234.65625 242.25 257.64373779296875 278.818756103515625 288.86248779296875 289.64373779296875 288.01251220703125 283.631256103515625 280.6875 278.67498779296875
232.8000030517578125 233.8562469482421875 234.274993896484375 237.712493896484375 243.0812530517578125 250.068756103515625 256.837493896484375 262.35626220703125 266.20623779296875 265.14373779296875 262 258.36248779296875 254.9875030517578125 250.587493896484375 244.2937469482421875 237.3125 230.568756103515625 224.65625 219.25 213.9562530517578125 210.837493896484375 210.0187530517578125 210.1374969482421875 214.4562530517578125 221.1750030517578125 230.443756103515625 238.5500030517578125 240.931243896484375 239.943756103515625 237.84375 236.868743896484375 235.712493896484375 238.868743896484375 241.7687530517578125 245.600006103515625 250.5 264.51873779296875 285.04998779296875 295.04998779296875 295.756256103515625 293.29998779296875 288.92498779296875 284.806243896484375 281.95001220703125
231.912506103515625 231.693756103515625 230.931243896484375 236.3249969482421875 243.375 249.9875030517578125 256.42498779296875 260.95623779296875 263.418731689453125 263.381256103515625 261.08123779296875 257.38751220703125 253.931243896484375 249.65625 244.1125030517578125 237.7687530517578125 231.34375 225.6687469482421875 219.912506103515625 214.149993896484375 209.5124969482421875 206.1437530517578125 204.6999969482421875 207.912506103515625 214.962493896484375 225.0500030517578125 233.975006103515625 239.881256103515625 243.1875 245.193756103515625 247.0749969482421875 247.7375030517578125 251.6125030517578125 254.493743896484375 256.91876220703125 263.3125 276.068756103515625 289.818756103515625 298.51251220703125 301.368743896484375 299.375 294.65625 289.125 287.337493896484375
235.7375030517578125 237.8625030517578125 236.9375 241.03125 245.162506103515625 250.84375 255.756256103515625 259.36248779296875 261.212493896484375 260.71875 258.53125 255.850006103515625 252.462493896484375 248.5500030517578125 244 238.4187469482421875 232.09375 226.587493896484375 220.818756103515625 214.5812530517578125 209.756256103515625 203.7624969482421875 199.100006103515625 200.0812530517578125 209.0500030517578125 220.78125 231.8249969482421875 240.193756103515625 246.556243896484375 251.28125 255.375 259.73126220703125 265.037506103515625 267.118743896484375 269.6875 275.975006103515625 286.712493896484375 297.899993896484375 305.631256103515625 309.51873779296875 308.23748779296875 300.756256103515625 292.73748779296875 288.75
238.4875030517578125 241.087493896484375 243.181243896484375 247.162506103515625 250.506256103515625 254.5250091552734375 256.98126220703125 258.76873779296875 258.89373779296875 258.818756103515625 258.10626220703125 255.7874908447265625 252.399993896484375 249.2375030517578125 245.337493896484375 240.8249969482421875 235.375 230.056243896484375 224.350006103515625 217.381256103515625 211.46875 204.337493896484375 197.693756103515625 196.5500030517578125 206.975006103515625 219.087493896484375 230.868743896484375 240.5625 249.40625 255.7312469482421875 262.36248779296875 269.118743896484375 276.73748779296875 279.118743896484375 281.73748779296875 288.57501220703125 297.25 306.73126220703125 314.362518310546875 319.787506103515625 319.806243896484375 309.962493896484375 297.73126220703125 292.09375
241.787506103515625 244.868743896484375 249.2624969482421875 253.8812408447265625 256.78125 259.15625 259.83123779296875 259.056243896484375 257.9375 256.98126220703125 255.7624969482421875 253.9812469482421875 252.350006103515625 250.149993896484375 247.0500030517578125 242.8874969482421875 238.681243896484375 233.443756103515625 228.1750030517578125 221.524993896484375 215.6125030517578125 208.975006103515625 204.3625030517578125 204.7687530517578125 211.9375 222.0812530517578125 232.53125 242 251.162506103515625 258.54376220703125 265.76251220703125 272.76251220703125 280.82501220703125 286.131256103515625 290.64373779296875 297.91876220703125 306.71875 316.20001220703125 325.368743896484375 333.36248779296875 336.10626220703125 325.46875 305.225006103515625 298.056243896484375
243.368743896484375 247.506256103515625 254.243743896484375 261.13751220703125 263.818756103515625 263.225006103515625 261.381256103515625 259.068756103515625 256.881256103515625 254.7249908447265625 253.850006103515625 253.181243896484375 252.15625 251.1374969482421875 248.4812469482421875 246.0812530517578125 242.787506103515625 238.25 233.2624969482421875 227.149993896484375 221.5500030517578125 215.899993896484375 212.8249969482421875 213.34375 218.90625 227.024993896484375 236.125 245.087493896484375 254.1687469482421875 261.15625 268.01251220703125 274.625 283.23748779296875 290.01873779296875 296.837493896484375 305.475006103515625 315.42498779296875 325.08123779296875 334.693756103515625 345.20623779296875 352.931243896484375 340.73126220703125 321.07501220703125 319.54376220703125
244.837493896484375 249.8249969482421875 258.73748779296875 268.006256103515625 272.36248779296875 267.725006103515625 262.850006103515625 259.32501220703125 255.899993896484375 252.9250030517578125 251.90625 251.25 251.899993896484375 252.412506103515625 250.931243896484375 248.806243896484375 246.7062530517578125 244.399993896484375 240.149993896484375 234.162506103515625 228.4187469482421875 223.431243896484375 219.9812469482421875 220.9187469482421875 225.5187530517578125 232.350006103515625 239.056243896484375 247.5749969482421875 255.662506103515625 262.756256103515625 269.67498779296875 276.381256103515625 286.337493896484375 294.51873779296875 302.88751220703125 311.67498779296875 321.899993896484375 331.537506103515625 341.412506103515625 351.100006103515625 356.962493896484375 352.975006103515625 342.73748779296875 344.10626220703125
243.9499969482421875 249.618743896484375 258.412506103515625 268.39373779296875 272.5 266.368743896484375 260.90625 256.34375 252.1750030517578125 250.1687469482421875 249.3625030517578125 249.6374969482421875 251.4187469482421875 252.649993896484375 251.899993896484375 251.243743896484375 251.149993896484375 248.975006103515625 246.5749969482421875 241.1687469482421875 235.21875 230.1687469482421875 227.0812530517578125 227.712493896484375 231.1062469482421875 236.4375 242.368743896484375 249.7687530517578125 257.056243896484375 264.693756103515625 271.70001220703125 278.64373779296875 288.76873779296875 298.65625 307.9375 317.462493896484375 328.212493896484375 338.10626220703125 347.050018310546875 354.368743896484375 361.556243896484375 363.837493896484375 362.54376220703125 362.287506103515625
241.4812469482421875 246.118743896484375 253.3000030517578125 259.181243896484375 260.85626220703125 258.006256103515625 254.15625 249.7312469482421875 246.600006103515625 244.7312469482421875 244.90625 246.850006103515625 250.0124969482421875 252.3562469482421875 253.506256103515625 254.0812530517578125 253.318756103515625 251.462493896484375 249.318756103515625 245.024993896484375 240.15625 235.556243896484375 232.1062469482421875 232.475006103515625 236.3249969482421875 240.443756103515625 245.131256103515625 251.7375030517578125 258.64373779296875 266.587493896484375 273.8125 281.20623779296875 290.693756103515625 301.399993896484375 312.20001220703125 323.225006103515625 333.23126220703125 342.70001220703125 351.42498779296875 359.21875 369.98748779296875 378.64373779296875 385.5625 392.39373779296875
239.0749969482421875 241.193756103515625 244.818756103515625 248.5500030517578125 249.28125 246.9875030517578125 243.0625 238.8937530517578125 236.5500030517578125 236.3625030517578125 240.03125 243.5749969482421875 248.868743896484375 254.15625 255.8874969482421875 256.35626220703125 255.381256103515625 254.4499969482421875 251.0187530517578125 247.3874969482421875 243.368743896484375 239.7687530517578125 236.681243896484375 236.6062469482421875 239.6750030517578125 243.7375030517578125 247.912506103515625 252.7375030517578125 259.506256103515625 267.26251220703125 275.375 283.33123779296875 293.54376220703125 304.73126220703125 316.350006103515625 327.61248779296875 338.40625 348.725006103515625 357.04998779296875 368.76873779296875 380.1875 392.78125 407.88751220703125 427.774993896484375
235.649993896484375 235.7312469482421875 237.568756103515625 238.5625 237.2062530517578125 234.71875 231.3937530517578125 227.524993896484375 225.818756103515625 226.725006103515625 231.5124969482421875 239.4375 247.8937530517578125 254.287506103515625 257.29376220703125 257.993743896484375 257.89373779296875 256.943756103515625 253.1062469482421875 249.631256103515625 246.1374969482421875 242.649993896484375 239.493743896484375 239.431243896484375 241.5500030517578125 244.875 249.2624969482421875 254.056243896484375 260.681243896484375 268.04998779296875 276.29998779296875 285.318756103515625 296.17498779296875 308.037506103515625 319.67498779296875 331.056243896484375 343.125 352.806243896484375 363.350006103515625 376.006256103515625 388.899993896484375 404.431243896484375 424.306243896484375 451.78125
231.6062469482421875 230.725006103515625 230.7937469482421875 229.53125 227.2312469482421875 224.0437469482421875 220.1125030517578125 216.1374969482421875 213.881256103515625 215.850006103515625 223.2312469482421875 234.368743896484375 247.0437469482421875 256.943756103515625 260.59375 261.59375 261.100006103515625 259.38751220703125 256.100006103515625 251.4562530517578125 248.818756103515625 244.787506103515625 242.5 241.78125 242.818756103515625 245.6750030517578125 249.681243896484375 254.681243896484375 260.85626220703125 268.5625 277.306243896484375 286.71875 298.33123779296875 311.024993896484375 322.943756103515625 333.681243896484375 345.03125 357.350006103515625 368.79998779296875 380.13751220703125 393.806243896484375 409.818756103515625 430.40625 457.287506103515625
229.4250030517578125 227.506256103515625 226.037506103515625 223.725006103515625 220.212493896484375 216.618743896484375 211.5500030517578125 206.2312469482421875 202.712493896484375 203.0187530517578125 212.3312530517578125 228.225006103515625 245.6437530517578125 258.16876220703125 263.32501220703125 265.15625 264.84375 262.774993896484375 258.34375 253.068756103515625 250.068756103515625 247.243743896484375 244.1125030517578125 243.1750030517578125 244.225006103515625 246.225006103515625 250.087493896484375 254.5500030517578125 260.149993896484375 268.45623779296875 277.95001220703125 287.23126220703125 299.28125 311.306243896484375 322.91876220703125 332.58123779296875 345.462493896484375 357.60626220703125 368.493743896484375 380.25 393.837493896484375 410.09375 427.8125 450.42498779296875
227.1750030517578125 224.600006103515625 222.3874969482421875 219.65625 215.96875 212.181243896484375 207.3312530517578125 200.725006103515625 194.337493896484375 189.850006103515625 203.2937469482421875 228.2375030517578125 247.287506103515625 259.91876220703125 266.13751220703125 268.649993896484375 269.07501220703125 266.056243896484375 261.51251220703125 255.75 252.0437469482421875 248.4875030517578125 245.2062530517578125 243.96875 244.1750030517578125 245.9937591552734375 249.0749969482421875 254.068756103515625 259.943756103515625 268.65625 278.16876220703125 287.618743896484375 299.45623779296875 311.79998779296875 322.787506103515625 333.693756103515625 345.64373779296875 357.01251220703125 366.21875 377.243743896484375 389.756256103515625 403.881256103515625 419.29998779296875 437.82501220703125
223.9499969482421875 221.399993896484375 219.3874969482421875 216.6125030517578125 213.649993896484375 209.931243896484375 206.2125091552734375 200.725006103515625 195.2312469482421875 188.631256103515625 213.21875 240.5500030517578125 255.1125030517578125 265.35626220703125 270.83123779296875 273.5 273.537506103515625 270.42498779296875 264.618743896484375 258.73126220703125 253.3562469482421875 248.9499969482421875 245.7062530517578125 244.0187530517578125 243.5625 244.899993896484375 248.8249969482421875 253.4875030517578125 259.087493896484375 268.487518310546875 277.649993896484375 287.54376220703125 299.26251220703125 311.431243896484375 322.225006103515625 332.73748779296875 343.600006103515625 353.556243896484375 362.662506103515625 372.25 382.693756103515625 394.287506103515625 406.16876220703125 420.537506103515625
216.9812469482421875 215.181243896484375 214.4875030517578125 213.3312530517578125 211.4499969482421875 209.6125030517578125 208.149993896484375 207.3249969482421875 209.7375030517578125 221.4875030517578125 250.90625 260.54376220703125 266.36248779296875 273.225006103515625 277.306243896484375 279.60626220703125 279.53125 274.91876220703125 268.53125 261.76251220703125 255.03125 249.0812530517578125 245.1062469482421875 243.4499969482421875 243.306243896484375 244.6062469482421875 247.9875030517578125 252.850006103515625 258.431243896484375 267.65625 277.337493896484375 285.57501220703125 296.20623779296875 307.01873779296875 318.23126220703125 327.818756103515625 337.25 346.23126220703125 353.881256103515625 361.743743896484375 371.375 380.193756103515625 389.368743896484375 400.125
210.40625 209.537506103515625 210.03125 210.3000030517578125 210.3000030517578125 211.3562469482421875 213.0187530517578125 217.03125 224.5437469482421875 238.600006103515625 258.16876220703125 269.537506103515625 275.13751220703125 280.993743896484375 284.92498779296875 286.53125 285.943756103515625 281.23748779296875 273.39373779296875 265.38751220703125 255.8312530517578125 247.8625030517578125 242.618743896484375 240.4312591552734375 241.28125 243.4499969482421875 247.625 252.787506103515625 258.14373779296875 267.28125 275.75 284.60626220703125 294.60626220703125 303.98126220703125 313.25 320.712493896484375 329.53125 337.10626220703125 343.38751220703125 349.368743896484375 356.381256103515625 363.75 371.63751220703125 380.03125
