data/historical-monthly-weather-data/wc2.1_cruts4.09_10m_prec_1997-08.asc
ncols        45
nrows        45
xllcorner    -63.500000000000
yllcorner    -7.500000000000
cellsize     0.166666666667
NODATA_value -9999
[rows 19 to 37 of 45, columns 0 to 43 of 45]
132.4250030517578125 135.6999969482421875 138.0187530517578125 141.524993896484375 143.28125 144.4187469482421875 143.8625030517578125 142.024993896484375 141.5625 138.2624969482421875 133.693756103515625 127.2687530517578125 116.2624969482421875 105.05625152587890625 96.4562530517578125 87.56874847412109375 76.4187469482421875 74.1875 75.375 80.84999847412109375 82.875 89.0812530517578125 102.21250152587890625 113.15000152587890625 120.66249847412109375 123.21250152587890625 122.08750152587890625 116.90000152587890625 108.33750152587890625 95.68125152587890625 90.3625030517578125 101.0437469482421875 110.91249847412109375 123.27500152587890625 136.5625 142.931243896484375 145.818756103515625 147.375 141.6999969482421875 130.9499969482421875 116.0749969482421875 104.9562530517578125 96.65625 89.25
120.99375152587890625 127.38124847412109375 132.618743896484375 136.693756103515625 137.243743896484375 138.475006103515625 139.7437591552734375 139.743743896484375 140.149993896484375 137.318756103515625 134.2062530517578125 129.818756103515625 118.63124847412109375 106.96250152587890625 96.7062530517578125 87.71250152587890625 78.58750152587890625 73.46875 76.34999847412109375 79.91249847412109375 86.9375 96.02500152587890625 106.43125152587890625 117.7624969482421875 128.462493896484375 129.006256103515625 121.91249847412109375 116.2312469482421875 110.71250152587890625 106.1437530517578125 104.6750030517578125 109.6437530517578125 114.69374847412109375 121.9499969482421875 133.7687530517578125 139.024993896484375 144.2375030517578125 145.5625 138.506256103515625 129.1750030517578125 115.81874847412109375 106.38124847412109375 98.75624847412109375 90.5749969482421875
114.0500030517578125 118.6062469482421875 124.8312530517578125 131.0625 134.181243896484375 134.681243896484375 137.6437530517578125 136.850006103515625 138.587493896484375 136.162506103515625 136.1687469482421875 136.181243896484375 132.5812530517578125 121.79375457763671875 109.8249969482421875 96.61875152587890625 89.99375152587890625 85.38124847412109375 85.9812469482421875 89.03749847412109375 90.8937530517578125 97.9375 108.3000030517578125 118.1437530517578125 125.4562530517578125 128.2687530517578125 130.818756103515625 124.3125 120.0749969482421875 114.90000152587890625 111.83750152587890625 111.88124847412109375 115.28749847412109375 121.40625 126.1875 131.3937530517578125 138.9562530517578125 143.3562469482421875 138.09375 128.225006103515625 115.96250152587890625 106.53749847412109375 97.5 91.88124847412109375
107.58750152587890625 115.6750030517578125 123.3562469482421875 128.3000030517578125 132.625 133.850006103515625 133.412506103515625 132.412506103515625 136.306243896484375 139.337493896484375 143.53125 147.1875 148.8000030517578125 139.600006103515625 124.3625030517578125 109.75 99.21250152587890625 94.52500152587890625 93.90000152587890625 94.80625152587890625 97.19374847412109375 103.66249847412109375 112.00624847412109375 115.5625 124.8249969482421875 131.53125 133.5062408447265625 131.3625030517578125 125.21875 117.0812530517578125 112.8125 112.59999847412109375 114.69374847412109375 116.6374969482421875 118.3125 118.1437530517578125 125.6687469482421875 136.4875030517578125 135.4375 125.4375 115.31874847412109375 105.21250152587890625 96.6125030517578125 90.72499847412109375
103.61875152587890625 112.96250152587890625 121.7375030517578125 124.19374847412109375 127.1750030517578125 129.318756103515625 131.5500030517578125 133.5500030517578125 133.7062530517578125 138.96875 144.912506103515625 154.8312530517578125 160.0124969482421875 149.875 134.9875030517578125 120.71250152587890625 110.3249969482421875 104.4499969482421875 102.2062530517578125 102.94374847412109375 105.125 110.03125 114.84999847412109375 120.1687469482421875 126.27500152587890625 129.693756103515625 134.149993896484375 128.9875030517578125 124.61875152587890625 118.69374847412109375 114.9875030517578125 113.03125 114.22499847412109375 112.61875152587890625 112.28749847412109375 110.0500030517578125 115.8125 126.79375457763671875 127.75 119.77500152587890625 110.56874847412109375 102.21250152587890625 94 87.65000152587890625
101.86875152587890625 110.4562530517578125 118.375 123.6125030517578125 127.4250030517578125 128.7937469482421875 129.837493896484375 132.3937530517578125 135.162506103515625 140.493743896484375 144.774993896484375 151.3937530517578125 155.59375 149.2624969482421875 138.2312469482421875 127.5124969482421875 118.6750030517578125 112.4499969482421875 109.4375 109.65000152587890625 111.7062530517578125 114.625 118.4562530517578125 122.6062469482421875 125.21250152587890625 130.087493896484375 129.4250030517578125 125.5 121.75 117.52500152587890625 113.375 110.6125030517578125 111.2375030517578125 111.46875 110.1875 107.9375 112.59375 116.9187469482421875 117.2375030517578125 112.7375030517578125 105.4250030517578125 99.09999847412109375 92.3000030517578125 87
102.8125 110.6687469482421875 115.125 121.75 123.9499969482421875 125.625 127.18125152587890625 131.306243896484375 132.1687469482421875 135.2312469482421875 139.8249969482421875 144.78125 147.5625 142.287506103515625 136.5625 128.100006103515625 121.8125 117.43125152587890625 113.50624847412109375 114.4562530517578125 116.66249847412109375 118.0500030517578125 122.0187530517578125 122.78749847412109375 123.86875152587890625 126.3312530517578125 125.97499847412109375 122.40000152587890625 119.6875 116.5187530517578125 112.0812530517578125 109.4250030517578125 108.52500152587890625 108.0625 106.6999969482421875 107.1125030517578125 109.4375 110.125 110.50624847412109375 105.46250152587890625 100.2375030517578125 95.0437469482421875 90.3000030517578125 86.5500030517578125
104.2937469482421875 109.1687469482421875 113.9812469482421875 118.4375 120.8000030517578125 122.30625152587890625 125.4875030517578125 127.34375 127.0812530517578125 131.90625 136.806243896484375 137.850006103515625 138.993743896484375 136.193756103515625 133.2624969482421875 127.38124847412109375 123.3000030517578125 118.9562530517578125 116.75 115.2062530517578125 114.9875030517578125 117.36875152587890625 119.1999969482421875 121.3125 121.65000152587890625 120.3312530517578125 121.0625 118.22499847412109375 114.80625152587890625 110.96250152587890625 108.46875 104.86875152587890625 105.2624969482421875 105.34999847412109375 103.5812530517578125 104.02500152587890625 103.65000152587890625 104.25624847412109375 102.4562530517578125 98.0749969482421875 93.59999847412109375 90.05625152587890625 88.49375152587890625 84.46875
107.63124847412109375 107.3937530517578125 111.5500030517578125 115.34999847412109375 118.1875 118.40000152587890625 120.9499969482421875 123.13124847412109375 124.53749847412109375 128.0124969482421875 129.631256103515625 130.087493896484375 131.056243896484375 130.975006103515625 127.8625030517578125 124.74375152587890625 123.03749847412109375 119.43125152587890625 117.40000152587890625 115.25624847412109375 115.06874847412109375 113.8937530517578125 117.21250152587890625 118.13124847412109375 117.16249847412109375 114.34999847412109375 114.68125152587890625 113.08750152587890625 110.59375 107.43125152587890625 103.8249969482421875 100.18125152587890625 100.8562469482421875 100.3249969482421875 101.1875 100.03749847412109375 98.28749847412109375 97.97499847412109375 96.97499847412109375 94.15000152587890625 89.9562530517578125 88.31874847412109375 87.34999847412109375 87.13124847412109375
107.3625030517578125 108.59999847412109375 110.09999847412109375 112.8625030517578125 112.74375152587890625 113.2937469482421875 114.21250152587890625 114.94374847412109375 119.375 121.03749847412109375 122.6750030517578125 122.8249969482421875 123.58750152587890625 124.6875 123.4499969482421875 121.625 121.8937530517578125 119.5749969482421875 117.375 115.7687530517578125 114.7062530517578125 113.2375030517578125 114.7062530517578125 113.5500030517578125 112.8000030517578125 109.0500030517578125 109.375 107.3125 104.53749847412109375 101.6875 98.18125152587890625 95.69374847412109375 95.02500152587890625 94.22499847412109375 95.6125030517578125 96.5 95.84375 95.5124969482421875 94.6125030517578125 91.08750152587890625 85.78749847412109375 85.0625 85.90625 88.2375030517578125
106 107.4187469482421875 107.90625 107.3312530517578125 107.59999847412109375 108.31874847412109375 108.3625030517578125 110.625 112.80625152587890625 113.5 115.6062469482421875 116.8125 117.5500030517578125 118.0812530517578125 117.84375 117.06874847412109375 116.52500152587890625 116.9499969482421875 117.6687469482421875 114.10625457763671875 112.2312469482421875 112.19374847412109375 113.05625152587890625 110.46250152587890625 107.5812530517578125 105.6374969482421875 103.1437530517578125 100.5500030517578125 95.9562530517578125 93.3562469482421875 91.28125 90.08750152587890625 89.69374847412109375 90 91.52500152587890625 91.40000152587890625 93.6125030517578125 94.4187469482421875 92.75624847412109375 91.96250152587890625 89.33750152587890625 88.0500030517578125 86.25624847412109375 87.28125
104.1125030517578125 103.94374847412109375 102.08750152587890625 102.6125030517578125 105.11875152587890625 104.6062469482421875 104.88124847412109375 104.84999847412109375 105.72499847412109375 106.3125 107.24375152587890625 110.74375152587890625 113.5749969482421875 114.27500152587890625 112.4250030517578125 112.09375 113.97499847412109375 114.97499847412109375 116.6374969482421875 114.8125 112.06874847412109375 108.5 107.9875030517578125 105.0187530517578125 101.4187469482421875 99.63124847412109375 95.44374847412109375 93.19374847412109375 89.8249969482421875 88.09375 86.9875030517578125 85.44374847412109375 84.72499847412109375 85.5437469482421875 88.58750152587890625 88.40000152587890625 90.38124847412109375 91.75624847412109375 92.8625030517578125 94.46250152587890625 92.4187469482421875 88.15000152587890625 85.11875152587890625 87.27500152587890625
101.22499847412109375 100.90625 98.61875152587890625 98.3312530517578125 100.8125 100.16249847412109375 99.4812469482421875 97.9875030517578125 99.03749847412109375 100.0625 100.9562530517578125 103.6374969482421875 105.32500457763671875 107.5500030517578125 107.4562530517578125 110.1999969482421875 111.2312469482421875 111.63124847412109375 111.7624969482421875 111.2375030517578125 109.0187530517578125 107.74375152587890625 104.6437530517578125 98.9499969482421875 95.68125152587890625 93.03125 89.03749847412109375 86.71875 83.06874847412109375 81.31874847412109375 81.34375 79.8249969482421875 79.77500152587890625 81.5187530517578125 82.25 82.1437530517578125 84.3562469482421875 86.7062530517578125 88.90000152587890625 90.99375152587890625 89.55625152587890625 85.5749969482421875 84.2687530517578125 84.03749847412109375
95.00624847412109375 93.9499969482421875 92.625 93.03749847412109375 93.3000030517578125 92.21875 92.6062469482421875 92.11875152587890625 91.96250152587890625 93.4875030517578125 96.3874969482421875 97.4187469482421875 98.74375152587890625 102.3125 102.59375 105.44374847412109375 106.49375152587890625 107.47499847412109375 107.02500152587890625 106.2062530517578125 103.81874847412109375 101.6875 99.1374969482421875 96.28749847412109375 92.99375152587890625 88.90000152587890625 85.1687469482421875 80.2937469482421875 77.2937469482421875 75.2375030517578125 75.15000152587890625 73.58750152587890625 73.69374847412109375 74.7687530517578125 75.8125 75.9812469482421875 78.0812530517578125 79.8874969482421875 82.05625152587890625 84.1687469482421875 82.84375 80.83750152587890625 79.6125030517578125 78.63124847412109375
88.53125 88.7375030517578125 87.4562530517578125 88.66249847412109375 85.90000152587890625 85.88124847412109375 87.03125 86.7937469482421875 86.1875 86.56874847412109375 88.03749847412109375 90.56874847412109375 93.78125 94.21250152587890625 96.3562469482421875 97.7312469482421875 100.2937469482421875 100.15625 99.22499847412109375 99.31874847412109375 97.7375030517578125 95.7937469482421875 94.1875 90.68125152587890625 88.5500030517578125 85.41249847412109375 81.22499847412109375 75.8249969482421875 73.53125 71.80625152587890625 70.66249847412109375 68.59375 67.69374847412109375 67.71250152587890625 69.2375030517578125 69.6750030517578125 71.53749847412109375 72.7937469482421875 74.91249847412109375 75.75 76.78749847412109375 76.2062530517578125 74.8937530517578125 73.40000152587890625
83.40625 83.125 82.5500030517578125 81.7312469482421875 80.63124847412109375 80.58750152587890625 81.1750030517578125 81.19374847412109375 79.16249847412109375 79.9499969482421875 81.00624847412109375 84.7312469482421875 86.7312469482421875 89.41249847412109375 91.25624847412109375 93.4250030517578125 95.40625 94.8125 93.74375152587890625 93.6999969482421875 92.5749969482421875 90.3125 87.80625152587890625 85.625 83.125 80.9875030517578125 76.7375030517578125 71.8000030517578125 69.625 68.0124969482421875 65.28125 62.47499847412109375 61.700000762939453125 61.237499237060546875 62.09999847412109375 62.606250762939453125 63.25 65.33750152587890625 67.68125152587890625 68.69374847412109375 68.96875 68.80625152587890625 68.8125 67.9875030517578125
78.6437530517578125 78.7687530517578125 77.4812469482421875 76.375 75.7312469482421875 74.53125 74.1875 73.13124847412109375 72.0437469482421875 73.09999847412109375 75.52500152587890625 78.0187530517578125 81.3625030517578125 83.8312530517578125 86.00624847412109375 88.90625 89.875 90.24375152587890625 88.0500030517578125 87.3625030517578125 86.7375030517578125 86.46875 83.75 81.7937469482421875 78.68125152587890625 75.7375030517578125 71.5 68.93125152587890625 65.3874969482421875 62.71875 59.825000762939453125 57.09375 54.768749237060546875 55.00624847412109375 55.075000762939453125 54.637500762939453125 56.512500762939453125 58.55625152587890625 59.72499847412109375 61.59999847412109375 62.200000762939453125 63.43125152587890625 62.41249847412109375 62.19374847412109375
72.0625 72.15625 70.9375 70.50624847412109375 70.08750152587890625 69.3125 68.81874847412109375 68.4375 66.7312469482421875 66.3562469482421875 70.80625152587890625 75.59999847412109375 78.96250152587890625 80.28125 83.03125 84.27500152587890625 85.0749969482421875 84.5124969482421875 83.11875152587890625 81.40000152587890625 80.96875 80.84999847412109375 78.96250152587890625 77.41249847412109375 75.1062469482421875 71.03749847412109375 67.9187469482421875 65.0625 60.53125 57.737499237060546875 55.200000762939453125 51.831249237060546875 50.09375 49.137500762939453125 48.97499847412109375 49.112499237060546875 50.862499237060546875 53.21250152587890625 54.09999847412109375 55.88124847412109375 56.22499847412109375 57.450000762939453125 56.61875152587890625 56.86875152587890625
67.00624847412109375 67.4375 65.8312530517578125 66.34999847412109375 66.3562469482421875 65.1374969482421875 64.4562530517578125 63.71875 63.418750762939453125 62.83750152587890625 70.7624969482421875 75.65625 76.2062530517578125 78.15625 80.96250152587890625 81.5437469482421875 80.9812469482421875 79.24375152587890625 79.21875 77.34375 76.6750030517578125 75.51874542236328125 74.09375 72.6437530517578125 70.6875 67.9812469482421875 65.21250152587890625 62.53749847412109375 58.893749237060546875 55.25 51.456249237060546875 48.856250762939453125 47.52500152587890625 45 43.9375 43.75 46.487499237060546875 49.143749237060546875 50.49375152587890625 52.13124847412109375 50.700000762939453125 50.700000762939453125 50.52500152587890625 50.55625152587890625
