data/historical-monthly-weather-data/wc2.1_cruts4.09_10m_prec_1970-03.asc
ncols        45
nrows        45
xllcorner    -63.500000000000
yllcorner    -7.500000000000
cellsize     0.166666666667
NODATA_value -9999
[rows 0 to 19 of 45, columns 0 to 44 of 45]
263.5625 265.537506103515625 261.787506103515625 264.831268310546875 264.76873779296875 262.181243896484375 254.65625 246.6999969482421875 238.1750030517578125 233.962493896484375 234.274993896484375 235.068756103515625 235.962493896484375 233.5625 231.7687530517578125 229.6999969482421875 230.3312530517578125 226.975006103515625 226.6374969482421875 226.0500030517578125 228.1999969482421875 229.475006103515625 231.600006103515625 231.868743896484375 234.431243896484375 237.0187530517578125 240.756256103515625 248.0749969482421875 255.2375030517578125 264.38751220703125 278.98126220703125 290.962493896484375 304.66876220703125 321.39373779296875 337.51251220703125 351.962493896484375 364.85626220703125 378.29998779296875 390.73748779296875 401.024993896484375 411.649993896484375 420.712493896484375 427.48748779296875 435.20001220703125 435.45623779296875
275.381256103515625 278.568756103515625 282.39373779296875 287.431243896484375 290.8125 287.23126220703125 279.01251220703125 272.024993896484375 266.587493896484375 262.32501220703125 261.11248779296875 259.399993896484375 257.82501220703125 254.53125 251.068756103515625 248.149993896484375 246.8125 244.3125 241.6999969482421875 239.6999969482421875 240.662506103515625 241.693756103515625 243.7624969482421875 244.3625030517578125 245.506256103515625 247.506256103515625 250.899993896484375 258.256256103515625 264.48126220703125 273.149993896484375 284.631256103515625 297.931243896484375 309.8125 327.54376220703125 341.09375 355.63751220703125 369.83123779296875 382.475006103515625 393.556243896484375 402.024993896484375 412.38751220703125 420.256256103515625 426.012481689453125 432.131256103515625 432.66876220703125
283.83123779296875 289.193756103515625 295.85626220703125 302.60626220703125 306.15625 303.29376220703125 299.78125 296.831268310546875 292.79998779296875 289.881256103515625 285.337493896484375 280.66876220703125 277.63751220703125 273.5625 269.11248779296875 266.556243896484375 264.23126220703125 262.287506103515625 259.28125 257.125 258.14373779296875 259.57501220703125 259.912506103515625 260.33123779296875 260.912506103515625 260.41876220703125 263.39373779296875 269.4375 273.693756103515625 281.07501220703125 292.712493896484375 305.118743896484375 318.70001220703125 333.8125 351.337493896484375 364 379.45001220703125 395.41876220703125 405.943756103515625 415.993743896484375 425.76873779296875 431.28125 434.98126220703125 437.95623779296875 439.76251220703125
288.96875 297.412506103515625 308.70623779296875 315.98126220703125 320.79376220703125 318.537506103515625 317.76873779296875 318.318756103515625 318.26873779296875 316.14373779296875 309.76873779296875 301.41876220703125 294.85626220703125 289.23748779296875 285.03125 281.881256103515625 281.04376220703125 280.36248779296875 278.63751220703125 276.51251220703125 278.29376220703125 278.15625 276.193756103515625 275.36248779296875 274.743743896484375 273.100006103515625 275.10626220703125 277.51251220703125 280.475006103515625 288.375 297.662506103515625 311.381256103515625 324.943756103515625 340.375 357.693756103515625 374.10626220703125 391.63751220703125 409.350006103515625 422.34375 431.98748779296875 439.34375 444.037506103515625 446.10626220703125 446.03125 447.037506103515625
302.45623779296875 309.29998779296875 317.07501220703125 326.537506103515625 332.65625 331.85626220703125 331.006256103515625 333.912506103515625 338.20001220703125 339.631256103515625 330.899993896484375 318.33123779296875 310.100006103515625 305.60626220703125 300.15625 297.899993896484375 296.712493896484375 298.125 296.14373779296875 293.63751220703125 295.48126220703125 293.90625 292.48126220703125 291.068756103515625 288.743743896484375 286.15625 285.03125 285.743743896484375 289.899993896484375 294.912506103515625 304.662506103515625 315.368743896484375 331.587493896484375 348.64373779296875 366.506256103515625 384.712493896484375 403.23126220703125 421.568756103515625 436.037506103515625 444.993743896484375 453.756256103515625 454.64373779296875 453.9375 453.399993896484375 451.76873779296875
314.35626220703125 322.11248779296875 331.662506103515625 337.14373779296875 338.59375 338.26251220703125 337.475006103515625 339.09375 344.337493896484375 348.29998779296875 336.66876220703125 324.193756103515625 318.256256103515625 313.35626220703125 309.82501220703125 308.350006103515625 308.368743896484375 310.3125 310.63751220703125 308.57501220703125 309.149993896484375 308.475006103515625 307.17498779296875 304.42498779296875 301.475006103515625 299.493743896484375 297.787506103515625 296.46875 297.5 302.649993896484375 309.78125 319.60626220703125 333.20623779296875 352.73748779296875 372.149993896484375 389.462493896484375 410.225006103515625 429.01251220703125 443.71875 454.91876220703125 460.92498779296875 461.65625 460.21875 458.23126220703125 454.73748779296875
323.912506103515625 330.875 338.70623779296875 340.912506103515625 339.03125 336.693756103515625 334.618743896484375 332.037506103515625 330.46875 328.881256103515625 326.412506103515625 321.337493896484375 318.92498779296875 316.850006103515625 315.725006103515625 315.51873779296875 316.631256103515625 318.287506103515625 319.23126220703125 321.45001220703125 321.181243896484375 321.631256103515625 319.962493896484375 317.28125 314.587493896484375 311.41876220703125 309.20623779296875 306.51251220703125 304.337493896484375 306.67498779296875 314.787506103515625 322.57501220703125 335.64373779296875 352.17498779296875 371.48126220703125 390.57501220703125 410.17498779296875 429.625 448.649993896484375 458.118743896484375 460.16876220703125 461.100006103515625 459.40625 457.350006103515625 456.26251220703125
328.79376220703125 334.46875 338.931243896484375 340.725006103515625 340.0625 336.20001220703125 328.61248779296875 317.92498779296875 307.962493896484375 306.21875 311.875 314.743743896484375 317.806243896484375 319.48126220703125 320.131256103515625 321.59375 321.868743896484375 323.25 325.9375 329.84375 331.625 332.71875 332.23748779296875 329.037506103515625 327.91876220703125 323.15625 318.54376220703125 314.506256103515625 309.92498779296875 310.6875 315.48126220703125 324.66876220703125 336.09375 351.568756103515625 369.61248779296875 387.962493896484375 407.475006103515625 426.412506103515625 443.649993896484375 452.256256103515625 455.568756103515625 456.16876220703125 454.537506103515625 452.162506103515625 449.443756103515625
332.524993896484375 336.85626220703125 341.13751220703125 342.850006103515625 341.125 336.149993896484375 327.181243896484375 313.743743896484375 296.618743896484375 291.03125 302.3125 310.243743896484375 317.181243896484375 319.568756103515625 322.63751220703125 326.162506103515625 327.82501220703125 329.350006103515625 333.76251220703125 337.73748779296875 337.087493896484375 340.068756103515625 340.20001220703125 342.45623779296875 341.29376220703125 334.993743896484375 326.83123779296875 319.993743896484375 315.875 314.774993896484375 319.0625 327.243743896484375 337.84375 351.3125 366.63751220703125 384.71875 405.03125 422.475006103515625 438.14373779296875 445.95623779296875 449.45623779296875 449.54998779296875 448.59375 445.83123779296875 439.524993896484375
336.118743896484375 339.181243896484375 342.23748779296875 343.493743896484375 342.70001220703125 338.087493896484375 330.493743896484375 318.931243896484375 306.100006103515625 301.45623779296875 306.943756103515625 311.20623779296875 317.587493896484375 321.243743896484375 325.4375 330.668731689453125 334.65625 336.1875 339.40625 342.850006103515625 342.53125 346.23748779296875 350.256256103515625 356.149993896484375 352.96875 345.743743896484375 336.4375 327.51251220703125 320.568756103515625 317.45001220703125 319.71875 328.5625 339.45001220703125 352.78125 366.45001220703125 382.40625 400.287506103515625 417.381256103515625 432.350006103515625 441.29998779296875 445.774993896484375 446.33123779296875 442.243743896484375 434.024993896484375 428.287506103515625
339.15625 341.693756103515625 343.29376220703125 344.631256103515625 345.118743896484375 342.45001220703125 336.60626220703125 326.63751220703125 317.98126220703125 314.73748779296875 315.82501220703125 318.28125 321.41876220703125 325.53125 330.568756103515625 335.899993896484375 340.45623779296875 341.91876220703125 343.162506103515625 345.76251220703125 347.95623779296875 352.524993896484375 360.493743896484375 364.91876220703125 366.412506103515625 355.61248779296875 344.45623779296875 336.40625 327.34375 321.48126220703125 323.631256103515625 330.20001220703125 339.54998779296875 351.60626220703125 364.631256103515625 378.524993896484375 394.162506103515625 409.95001220703125 424.443756103515625 435.38751220703125 440.32501220703125 438.64373779296875 431.92498779296875 422.16876220703125 415.181243896484375
340.4375 343.08123779296875 344.637481689453125 346.91876220703125 346.8125 346.306243896484375 343.29376220703125 335.987518310546875 329.35626220703125 325.45623779296875 324.662506103515625 325.774993896484375 327.54998779296875 331.11248779296875 338.318756103515625 343.42498779296875 345.175018310546875 344.91876220703125 345.456268310546875 346.600006103515625 346.45623779296875 352.48126220703125 364.068756103515625 375.287506103515625 374.743743896484375 357.86248779296875 345.318756103515625 337.13751220703125 331.29376220703125 328.8125 327.25 330.70623779296875 338.306243896484375 348.5625 359.73126220703125 374.962493896484375 391.14373779296875 406.662506103515625 420.118743896484375 432.712493896484375 439.1875 434.79998779296875 422.837493896484375 405.399993896484375 393.07501220703125
341.29376220703125 343.51873779296875 345.71875 347.09375 348.125 349.10626220703125 346.89373779296875 342.51873779296875 336.912506103515625 334.4375 334.64373779296875 335.556243896484375 338.33123779296875 339.537506103515625 345.29998779296875 349.412506103515625 349.92498779296875 349.5 350.13751220703125 348.725006103515625 344.524993896484375 349.86248779296875 360.6875 369.087493896484375 361.88751220703125 348.368743896484375 343.5625 339.056243896484375 335.48748779296875 334.0625 332.475006103515625 331.931243896484375 336.64373779296875 345.162506103515625 355.07501220703125 368.59375 384.681243896484375 400.45001220703125 415.743743896484375 430.5625 439.6875 432.125 409.806243896484375 387.63751220703125 371.056243896484375
340.412506103515625 343.23126220703125 345.274993896484375 346.787506103515625 348.893768310546875 348.6875 348.64373779296875 347.787506103515625 345.54376220703125 343.66876220703125 343.256256103515625 345.15625 347.48748779296875 350.78125 351.587493896484375 355.04376220703125 354.78125 353.13751220703125 352.51251220703125 351.82501220703125 350.03125 351.96875 356.66876220703125 358.600006103515625 352.725006103515625 345.23126220703125 342.493743896484375 339.693756103515625 337.162506103515625 336.1875 335.91876220703125 334.48748779296875 335.193756103515625 339.71875 347.787506103515625 361.899993896484375 378.837493896484375 393.95001220703125 408.20001220703125 421.51873779296875 429.475006103515625 415.056243896484375 395.25 377.76873779296875 363.475006103515625
338.725006103515625 340.26251220703125 342.67498779296875 346.125 349.04998779296875 349.368743896484375 351.29998779296875 352.600006103515625 351.10626220703125 350.01251220703125 350.756256103515625 352.83123779296875 355.256256103515625 357.850006103515625 355.79998779296875 357.5 356.33123779296875 355.70623779296875 353.98748779296875 352.76251220703125 351.86248779296875 351.806243896484375 352.631256103515625 352.975006103515625 350.631256103515625 348.131256103515625 345.92498779296875 343.506256103515625 342.11248779296875 341.556243896484375 338.131256103515625 334.70001220703125 334.84375 333.85626220703125 337.67498779296875 353.29998779296875 371.76873779296875 386.618743896484375 394.993743896484375 399.5 397.5 390.6875 383.17498779296875 370.743743896484375 359.83123779296875
334.337493896484375 336.493743896484375 339.975006103515625 344.024993896484375 347.931243896484375 351.13751220703125 353.193756103515625 354.743743896484375 356.28125 357.29998779296875 357.51873779296875 360.70623779296875 363.57501220703125 365.287506103515625 362.88751220703125 360.41876220703125 357.787506103515625 357.006256103515625 354.88751220703125 354.056243896484375 351.92498779296875 349.98126220703125 349.193756103515625 349.29998779296875 348.475006103515625 348.73126220703125 348.09375 347.54376220703125 348.350006103515625 347.381256103515625 344.625 339.51873779296875 335.756256103515625 333.668731689453125 334.76873779296875 355.6875 371.462493896484375 377.54998779296875 378.681243896484375 378.26873779296875 374.29376220703125 372.350006103515625 369.318756103515625 362.28125 353.60626220703125
330.381256103515625 333.57501220703125 336.51873779296875 341.625 347.068756103515625 351.03125 355.58123779296875 358.36248779296875 360.587493896484375 362.787506103515625 363.399993896484375 367.76873779296875 371.58123779296875 371.98748779296875 370.40625 365.41876220703125 358.25 355.125 354.193756103515625 352.693756103515625 350.01873779296875 347.82501220703125 346.91876220703125 347.368743896484375 348.350006103515625 347.993743896484375 348.71875 350.42498779296875 351.40625 352.381256103515625 350.537506103515625 345.58123779296875 342.231231689453125 343.699981689453125 357.056243896484375 373.462493896484375 378.399993896484375 375.193756103515625 368.306243896484375 362.08123779296875 358.96875 358.83123779296875 356.256256103515625 352.068756103515625 346.731231689453125
324.32501220703125 328.45623779296875 333.618743896484375 340.399993896484375 346.88751220703125 351.57501220703125 356.20001220703125 360.66876220703125 364.125 366.64373779296875 368.60626220703125 374.48748779296875 376.85626220703125 378.10626220703125 374.943756103515625 367.6875 359.587493896484375 348.79376220703125 350.337493896484375 348.38751220703125 347.225006103515625 344.53125 342.1875 342.65625 344.04998779296875 346.91876220703125 347 350.71875 354.53125 355.96875 353.056243896484375 342.91876220703125 341.318756103515625 348.33123779296875 367.431243896484375 392.63751220703125 384.73748779296875 371.76873779296875 360.76873779296875 355.07501220703125 349.3125 348.36248779296875 346.76251220703125 343.068756103515625 338.262481689453125
317.412506103515625 322.70001220703125 328.67498779296875 336.725006103515625 345.36248779296875 352.337493896484375 358.33123779296875 363.662506103515625 367.16876220703125 370.225006103515625 372.59375 375.606231689453125 380.23748779296875 382.75 376.537506103515625 367.149993896484375 356.90625 345.006256103515625 340.443756103515625 339.11248779296875 340.287506103515625 339.75 332.850006103515625 334.556243896484375 338 342.76251220703125 345.4375 348.274993896484375 353.524993896484375 357.08123779296875 355.91876220703125 342.16876220703125 334.48748779296875 332.5625 343.943756103515625 364.54376220703125 363.46875 357.118743896484375 352.29376220703125 346.79376220703125 342.625 340.131256103515625 338.53125 335.681243896484375 331.53125
307.368743896484375 314.818756103515625 322.03125 331.381256103515625 341.875 351.431243896484375 359.33123779296875 365.962493896484375 370.04376220703125 372.46875 374.23748779296875 376.40625 381.79998779296875 386.08123779296875 375.837493896484375 360.58123779296875 346.04376220703125 339.17498779296875 332.556243896484375 329.6875 327.76873779296875 324.78125 323.274993896484375 324.84375 328.90625 333.67498779296875 337.83123779296875 343.125 346.881256103515625 347.85626220703125 344.01873779296875 333.75 318.61248779296875 304.61248779296875 298.36248779296875 313.662506103515625 331.587493896484375 338.587493896484375 340.818756103515625 339.95623779296875 336.568756103515625 333.743743896484375 332.475006103515625 330.26873779296875 327.4375
