data/historical-monthly-weather-data/wc2.1_cruts4.09_10m_prec_2016-10.asc
ncols        51
nrows        45
xllcorner    -63.500000000000
yllcorner    -7.500000000000
cellsize     0.166666666667
NODATA_value -9999
[rows 0 to 18 of 45, columns 0 to 43 of 51]
27.362499237060546875 16.568750381469726562 15.887499809265136719 17.131250381469726562 18.943750381469726562 24.912500381469726562 31.049999237060546875 37.03125 43.90000152587890625 51.09999847412109375 58.856250762939453125 66.40625 73.46875 79.2375030517578125 84.7312469482421875 89.8625030517578125 94.40000152587890625 96.4812469482421875 98.72499847412109375 100.53125 101.21250152587890625 101.1999969482421875 101.38124847412109375 101.2312469482421875 101.375 101.7375030517578125 101.33750152587890625 101.11875152587890625 101.2312469482421875 100.47499847412109375 99.94374847412109375 99.55625152587890625 99.66249847412109375 100.15625 101.02500152587890625 101.84999847412109375 102.5749969482421875 103.0625 102.9375 102.49375152587890625 101.93125152587890625 100.756256103515625 98.63124847412109375 95.8249969482421875
24.381250381469726562 12.981249809265136719 11.293749809265136719 11.356249809265136719 12.418749809265136719 18.75 25.662500381469726562 32.768749237060546875 41.424999237060546875 50.049999237060546875 58.52500152587890625 66.3625030517578125 73.56874847412109375 79.9562530517578125 85.5437469482421875 90.96875 95.09999847412109375 98.0124969482421875 100.8562469482421875 103.50624847412109375 103.9187469482421875 104.25624847412109375 104.63124847412109375 104.8125 105.02500152587890625 104.86875152587890625 104.86875152587890625 104.7687530517578125 104.53125 103.08750152587890625 103.03125 103.47499847412109375 104.1687469482421875 105.5187530517578125 106.3125 106.8312530517578125 107.96250152587890625 108.4187469482421875 108.2312469482421875 107.4499969482421875 106.7937469482421875 105.53749847412109375 103.28125 100.15625
23.71875 13.21875 11.668749809265136719 11.793749809265136719 12.875 19.443750381469726562 26.950000762939453125 34.981250762939453125 44.63124847412109375 53.981250762939453125 62.53749847412109375 70.0124969482421875 76.78125 82.59999847412109375 87.84999847412109375 92.7937469482421875 97.11249542236328125 99.99375152587890625 102.6875 105.28749847412109375 106.09375 107.40000152587890625 108.28125 108.66249847412109375 109.0625 109.5437469482421875 109.3562469482421875 109.1687469482421875 108 106.9375 107.1437530517578125 107.08750152587890625 107.6999969482421875 109.16249847412109375 110.22499847412109375 110.94374847412109375 111.8562469482421875 112.83750152587890625 112.77500152587890625 111.8874969482421875 111.0500030517578125 109.71875 107.5437469482421875 104.9375
23.293750762939453125 13.850000381469726562 12.768750190734863281 13.006250381469726562 14.300000190734863281 20.981250762939453125 29.056249618530273438 37.94374847412109375 48.793750762939453125 58.987499237060546875 67.2062530517578125 73.875 79.78125 85.1125030517578125 90.4499969482421875 94.9499969482421875 98.93125152587890625 101.97499847412109375 104.74375152587890625 107.5124969482421875 109.0625 110.2937469482421875 111.11875152587890625 112.16249847412109375 112.8874969482421875 113.3937530517578125 113.0500030517578125 112.375 111.27500152587890625 110.0749969482421875 110.1062469482421875 110.47499847412109375 110.2937469482421875 110.94374847412109375 111.43125152587890625 113.47499847412109375 115.22499847412109375 116.50624847412109375 116.71875 115.94374847412109375 114.23749542236328125 113.11875152587890625 111.3000030517578125 109.2375030517578125
24.024999618530273438 14.943750381469726562 13.856249809265136719 14.356249809265136719 16.049999237060546875 22.956249237060546875 31.331249237060546875 40.84375 53.0625 64.8125 72.05625152587890625 77.08750152587890625 82.36875152587890625 87.7312469482421875 92.63124847412109375 96.77500152587890625 100.78749847412109375 103.1374969482421875 105.5625 108.22499847412109375 110.8249969482421875 112.36875152587890625 113.63124847412109375 115.28125 116.3562469482421875 117.1374969482421875 115.9812469482421875 115.5625 114.9499969482421875 112.84999847412109375 112.46875 112.3937530517578125 112.5437469482421875 112.93125152587890625 113.78125 115.6750030517578125 117.88124847412109375 120.0187530517578125 119.9875030517578125 119.0812530517578125 117.21875 115.59375 114.3625030517578125 112.5500030517578125
25.487499237060546875 17.481250762939453125 17.03125 17.956249237060546875 20.75 28.137500762939453125 36.6875 46.262500762939453125 58.33750152587890625 70.6687469482421875 76.46875 80.6437530517578125 85.95000457763671875 90.9250030517578125 95.34999847412109375 99.7624969482421875 103.22499847412109375 105.38124847412109375 107.88124847412109375 110.36875152587890625 113.33750152587890625 115.69374847412109375 117.68125152587890625 118.66249847412109375 119.81874847412109375 120.44374847412109375 118.84375 117.43125152587890625 116.9562530517578125 114.43125152587890625 113.63124847412109375 114.02500152587890625 113.6374969482421875 114.03125 114.875 117.34375 120.05625152587890625 123.24375152587890625 124.53749847412109375 122.8562469482421875 119.1374969482421875 117.66249847412109375 116.1750030517578125 115.08750152587890625
27.725000381469726562 20.643749237060546875 21.137500762939453125 22.924999237060546875 26.40625 33.53749847412109375 41.59999847412109375 50.03125 59.41249847412109375 68.22499847412109375 75.8562469482421875 82.0749969482421875 88.1875 93.74375152587890625 98.08750152587890625 102.44374847412109375 105.9812469482421875 107.6750030517578125 109.59375 112.3562469482421875 116.09375 119.27500152587890625 121.56874847412109375 122.75624847412109375 123.8562469482421875 124.18125152587890625 122.4562530517578125 120.1875 118.2375030517578125 116.0124969482421875 114.88124847412109375 114.40625 113.75 114.21875 115.27500152587890625 117.4375 120.4875030517578125 124.0812530517578125 127.00624847412109375 123.8562469482421875 119.47499847412109375 116.83750152587890625 115.59375 115.27500152587890625
30.418750762939453125 24.200000762939453125 25.912500381469726562 29.118749618530273438 33.09999847412109375 39.9375 46.5625 52.24375152587890625 57.356250762939453125 64.19374847412109375 73.58750152587890625 81.8625030517578125 89.5437469482421875 95.90625 101.00624847412109375 105.1999969482421875 108.68125152587890625 110.2624969482421875 112.1062469482421875 115.19374847412109375 119.68125152587890625 123.2937469482421875 126.0437469482421875 127.4187469482421875 128.2624969482421875 127.8312530517578125 125.0812530517578125 121.625 118.8125 115.4250030517578125 114.1875 113.8249969482421875 113.2624969482421875 113.66249847412109375 114.11875152587890625 116.0124969482421875 117.9875030517578125 120.74375152587890625 121.3562469482421875 118.7312469482421875 114.5187530517578125 111.3937530517578125 109.2937469482421875 108.2062530517578125
34.387500762939453125 29.356250762939453125 31.981250762939453125 35.80625152587890625 40.22499847412109375 46.575000762939453125 52.424999237060546875 56.28749847412109375 58.21875 62.66249847412109375 73.18125152587890625 82.81874847412109375 91.6687469482421875 98.5437469482421875 103.8125 108.2937469482421875 111.90000152587890625 114.96250152587890625 118.30625152587890625 121.5124969482421875 125.90000152587890625 129.899993896484375 131.625 133.162506103515625 132.71875 130.8874969482421875 126.38124847412109375 123.2937469482421875 119.9875030517578125 115.6062469482421875 113.9562530517578125 112.97499847412109375 111.6437530517578125 111.13124847412109375 110.71250152587890625 112.50624847412109375 114.3000030517578125 115.25624847412109375 113.97499847412109375 111.28125 107.09999847412109375 102.91249847412109375 100.15000152587890625 97.1062469482421875
38.88124847412109375 35.05625152587890625 38.3125 42.950000762939453125 48.049999237060546875 54.456249237060546875 59.96250152587890625 63.424999237060546875 65.84999847412109375 70.2624969482421875 78.1374969482421875 86.34375 95.02500152587890625 102.2375030517578125 107.4562530517578125 111.97499847412109375 115.6687469482421875 120.3249969482421875 125.08750152587890625 130.3000030517578125 134.350006103515625 137.625 138.399993896484375 138.0187530517578125 135.462493896484375 132.65625 128.256256103515625 123.8125 120.2937469482421875 115.75 112.59375 111.11875152587890625 109.44374847412109375 108.68125152587890625 108.27500152587890625 109.3125 109.90000152587890625 109.6437530517578125 107.7062530517578125 103.84375 99.21875 94.3000030517578125 89.58750152587890625 85.34375
43.856250762939453125 41.18125152587890625 45.08750152587890625 50.356250762939453125 56.118747711181640625 63.637500762939453125 69.5500030517578125 72.58750152587890625 75.36875152587890625 79.6875 85.9375 92.6750030517578125 99.61875152587890625 106.6374969482421875 111.5749969482421875 115.5500030517578125 119.7062530517578125 125.6437530517578125 132.149993896484375 139.068756103515625 144.8000030517578125 146.8249969482421875 145.9187469482421875 141.962493896484375 139.2312469482421875 136.524993896484375 131.8312530517578125 126.90625 121.69374847412109375 116.68125152587890625 113.0500030517578125 110.7062530517578125 108.6875 107.25 105.78125 105.6999969482421875 105.36875152587890625 103.59375 100.8125 96.41249847412109375 91.1875 85.6687469482421875 80.7312469482421875 75.18125152587890625
49.96875 48.049999237060546875 52.34999847412109375 58.143749237060546875 64.44374847412109375 72.3937530517578125 79.0749969482421875 81.53749847412109375 84.49375152587890625 88.2937469482421875 93.31874847412109375 98.84375 104.2624969482421875 110.36875152587890625 115.8125 119.96250152587890625 124.6437530517578125 131.193756103515625 138.5625 147.212493896484375 155.2249908447265625 156.7375030517578125 153.9812469482421875 147.943756103515625 142.556243896484375 137.618743896484375 131.5812530517578125 127.21875 122.7687530517578125 118.0124969482421875 113.2624969482421875 110.15000152587890625 107.2062530517578125 105.18125152587890625 103.40000152587890625 102.31874847412109375 100.8249969482421875 98.6750030517578125 94.77500152587890625 90.00624847412109375 83.8000030517578125 77.91249847412109375 72.61875152587890625 67.49375152587890625
56.1875 55.09999847412109375 59.74375152587890625 65.55625152587890625 71.9375 79.3312530517578125 85.0124969482421875 88.71875 92.0625 96.4250030517578125 101.125 105.0625 109.5437469482421875 113.5812530517578125 118.9875030517578125 124.21875 128.899993896484375 136.2312469482421875 144.2312469482421875 152.7312469482421875 162.381256103515625 164.4187469482421875 160.618743896484375 153.6062469482421875 142.837493896484375 136.068756103515625 132.975006103515625 128.46875 124.4812469482421875 119.2312469482421875 113.8937530517578125 109.28125 106.09375 103.03125 100.75 99.3000030517578125 97.1875 95.0187530517578125 91.22499847412109375 84.7937469482421875 78.3937530517578125 73 67.13124847412109375 58.78749847412109375
62.46875 62.05625152587890625 66.8937530517578125 72.6999969482421875 78.6875 85.38124847412109375 90.7937469482421875 95.3874969482421875 99.5 103.53749847412109375 107.6687469482421875 110.63124847412109375 113.79999542236328125 117.4499969482421875 121.6875 127.3249969482421875 132.024993896484375 139.024993896484375 146.4499969482421875 154.225006103515625 162.46875 165.1750030517578125 164.3625030517578125 158.681243896484375 150.0187530517578125 143.431243896484375 138.1125030517578125 132.162506103515625 126.6875 119.7062530517578125 113.21250152587890625 108.27500152587890625 104.41249847412109375 101.06874847412109375 98.52500152587890625 97.05625152587890625 95.15625 93.44374847412109375 89.7937469482421875 84.00624847412109375 76.2312469482421875 68.56874847412109375 62.40625 56.47499847412109375
70.1125030517578125 70.05625152587890625 74.4875030517578125 80.0625 85.71250152587890625 91.7687530517578125 97.72499847412109375 102.53125 105.90625 109.4562530517578125 113.0749969482421875 115.5187530517578125 118.125 121.4875030517578125 125.44374847412109375 131 135.2687530517578125 140.9812469482421875 147.024993896484375 154.368743896484375 161.8249969482421875 166.4875030517578125 168.7937469482421875 167.1374969482421875 162.7624969482421875 156.399993896484375 147.2375030517578125 137.899993896484375 129.4812469482421875 120.3000030517578125 112.3625030517578125 106.40000152587890625 102.41249847412109375 99.7062530517578125 97.16249847412109375 95.30625152587890625 94.38124847412109375 94.8249969482421875 93.46250152587890625 87.125 78.0500030517578125 70.0749969482421875 64.19374847412109375 58.799999237060546875
77.43125152587890625 77.43125152587890625 81.8125 87.2062530517578125 92.56874847412109375 98.63124847412109375 104.3000030517578125 108.88124847412109375 111.96875 114.99375152587890625 117.3312530517578125 118.75624847412109375 121.1374969482421875 124.4375 129.03125 133.7312469482421875 136.587493896484375 141.381256103515625 146.681243896484375 152.899993896484375 159.537506103515625 166.587493896484375 173.149993896484375 177 175.3125 168.25 156.8937530517578125 144.625 132.9562530517578125 120.93125152587890625 111.47499847412109375 104.03749847412109375 99.52500152587890625 96.84375 93.7687530517578125 91.375 93.03125 94.875 95.80625152587890625 90.71250152587890625 83.2375030517578125 75.1999969482421875 68.08750152587890625 61.56874847412109375
83.9562530517578125 84.2937469482421875 89.0437469482421875 94.5625 99.69374847412109375 105.5500030517578125 111.125 115.59375 118.125 119.71875 120.9562530517578125 121.78749847412109375 123.1125030517578125 125.5500030517578125 129.568756103515625 133.4499969482421875 134.9000091552734375 138.7312469482421875 143.7624969482421875 149.931243896484375 156.412506103515625 164.899993896484375 175.587493896484375 184.7624969482421875 187.337493896484375 176.850006103515625 163.9812469482421875 148.537506103515625 133.850006103515625 120.22499847412109375 110.2062530517578125 103.36875152587890625 96.65625 91.41249847412109375 87.58750152587890625 87.96250152587890625 90.9875030517578125 98.2937469482421875 104.71875 97.9812469482421875 89.5 80.75 71.97499847412109375 65.25624847412109375
91.24375152587890625 91.8874969482421875 96.93125152587890625 102.41249847412109375 107.59999847412109375 113.36875152587890625 118.59375 122.4375 124.15000152587890625 125.09999847412109375 125.65000152587890625 125.41249847412109375 125.6687469482421875 126.49375152587890625 129.1999969482421875 131.587493896484375 132.5437469482421875 135.03125 140.0625 145.3874969482421875 151.59375 160.131256103515625 171.4375 181.78125 185.6437530517578125 178.1875 167.618743896484375 150.8312530517578125 133.6437530517578125 117.77500152587890625 106.65000152587890625 99.53749847412109375 95.3625030517578125 92.2062530517578125 86.1875 80.84375 88.6374969482421875 98.4812469482421875 103.24375152587890625 100.71250152587890625 93.1875 84.9187469482421875 76.24375152587890625 69.33750152587890625
97.5124969482421875 99.15000152587890625 104.5812530517578125 110.4375 116.03749847412109375 121.3125 125.96250152587890625 129.537506103515625 131.181243896484375 130.90625 129.5749969482421875 128.7624969482421875 127.58750152587890625 126.78749847412109375 128.3562469482421875 130.6687469482421875 131.3249969482421875 132.506256103515625 136.725006103515625 140.8937530517578125 146.1999969482421875 156.4124908447265625 164.0749969482421875 172.9875030517578125 176.6999969482421875 174.3562469482421875 164.5500030517578125 149.568756103515625 133.8000030517578125 116.2937469482421875 102.88124847412109375 99.3874969482421875 100.5625 96.96250152587890625 91.625 88.1437530517578125 92.375 98.2312469482421875 101.33750152587890625 100.11875152587890625 94.99375152587890625 89.68125152587890625 80.7375030517578125 73.6125030517578125
