data/historical-monthly-weather-data/wc2.1_cruts4.09_10m_prec_1997-04.asc
ncols        45
nrows        45
xllcorner    -63.500000000000
yllcorner    -7.500000000000
cellsize     0.166666666667
NODATA_value -9999
[rows 20 to 39 of 45, columns 0 to 44 of 45]
259.26873779296875 269.774993896484375 278.493743896484375 286.368743896484375 292.662506103515625 303.412506103515625 313.29376220703125 317.98126220703125 319.368743896484375 316.45001220703125 310.587493896484375 302.412506103515625 294.59375 288.649993896484375 279.40625 272.14373779296875 267.225006103515625 267.256256103515625 270.20623779296875 272.48126220703125 279.118743896484375 283.587493896484375 285.54376220703125 286.662506103515625 291.037506103515625 294.587493896484375 295.056243896484375 294.61248779296875 292.10626220703125 289.33123779296875 282.287506103515625 275.443756103515625 261.1875 244.8625030517578125 231.631256103515625 244.8000030517578125 265.600006103515625 281.899993896484375 291.693756103515625 295.743743896484375 295.493743896484375 295.418731689453125 290.381256103515625 287.67498779296875 285.649993896484375
251.2624969482421875 259.17498779296875 268.993743896484375 281.962493896484375 292 301.162506103515625 311.58123779296875 319.337493896484375 321.23748779296875 315.54376220703125 304.71875 290.54998779296875 279.76251220703125 273.524993896484375 270.149993896484375 265.493743896484375 264.39373779296875 263.774993896484375 265.931243896484375 267.32501220703125 268.58123779296875 272.26873779296875 277.63751220703125 280.57501220703125 286.28125 295.837493896484375 309.29998779296875 308.243743896484375 304.26251220703125 300.431243896484375 291.943756103515625 282.28125 270.162506103515625 259.25 253.79376220703125 259.71875 274.693756103515625 287.9375 293.981231689453125 295.53125 294.837493896484375 293.012481689453125 287.84375 283.987518310546875 281.375
244.5500030517578125 257.63751220703125 268.899993896484375 281.45623779296875 292.024993896484375 301.493743896484375 309.399993896484375 319.46875 327.39373779296875 315.912506103515625 298.3125 279.26873779296875 265.70623779296875 261.15625 261.475006103515625 261.60626220703125 260.318756103515625 258.76873779296875 258.82501220703125 258.26251220703125 259.91876220703125 262.41876220703125 264.568756103515625 269.03125 279.006256103515625 292.162506103515625 307.95623779296875 311.087493896484375 309.20001220703125 304.45001220703125 298.568756103515625 291.762481689453125 286.225006103515625 280.443756103515625 278.787506103515625 280.3499755859375 288.399993896484375 297.01251220703125 299.418731689453125 296.6875 293.462493896484375 289.20623779296875 283.762481689453125 279.25 277.03125
240.3874969482421875 253.78125 266.993743896484375 277.58123779296875 287.5 296.83123779296875 307.181243896484375 315.23126220703125 320.381256103515625 308.056243896484375 290.037506103515625 273.61248779296875 255.631256103515625 254.6125030517578125 256.818756103515625 256.98126220703125 255.1999969482421875 255.3062591552734375 253.774993896484375 253.1999969482421875 252.8312530517578125 251.9250030517578125 252.618743896484375 258.82501220703125 268.25 276.98748779296875 289.493743896484375 300.556243896484375 305.243743896484375 307.649993896484375 307.53125 307.75 305.712493896484375 301.23126220703125 300.1875 300.193756103515625 304.51251220703125 306.318756103515625 303.399993896484375 296.912506103515625 291.699981689453125 285.51873779296875 279.212493896484375 273.46875 273.04376220703125
239.3937530517578125 252.84375 264.60626220703125 276.118743896484375 286.962493896484375 294.54998779296875 301.881256103515625 307.64373779296875 307.181243896484375 300.53125 286.33123779296875 271.037506103515625 261.42498779296875 255.46875 254.4812469482421875 253.8312530517578125 253.90625 253.350006103515625 251.5 248.399993896484375 245.7062530517578125 242.9187469482421875 242.443756103515625 246.2062530517578125 253.5187530517578125 266.600006103515625 280.993743896484375 293.20001220703125 303.431243896484375 314.15625 320.8125 326.45623779296875 326.79998779296875 322.36248779296875 318.231231689453125 313.32501220703125 312.975006103515625 309.056243896484375 303.943756103515625 297.59375 290.48748779296875 282.618743896484375 276.59375 269.274993896484375 263.76251220703125
246.0124969482421875 257.587493896484375 263.95001220703125 273.86248779296875 282.162506103515625 288.75 294.556243896484375 298.024993896484375 294.36248779296875 287.668731689453125 279.91876220703125 271.931243896484375 264.53125 260.162506103515625 256.368743896484375 256.17498779296875 255.0749969482421875 253.59375 249.943756103515625 244.225006103515625 241.756256103515625 236.1875 232.0812530517578125 230.84375 241.350006103515625 257.48748779296875 276.73748779296875 290.625 305.89373779296875 318.631256103515625 332.66876220703125 344.95001220703125 347.53125 339.337493896484375 329.912506103515625 322.431243896484375 317.743743896484375 311.662506103515625 304.23126220703125 296.881256103515625 289.64373779296875 280.21875 271.98748779296875 262.96875 259.3125
250.5 257.41876220703125 264.037506103515625 271.03125 276.068756103515625 282.462493896484375 286.01873779296875 286.79376220703125 283.875 282.85626220703125 279.79376220703125 273.574981689453125 268.53125 265.212493896484375 261.98748779296875 260.5 258.48748779296875 255.118743896484375 252.024993896484375 247.2437591552734375 241.15625 233.6937408447265625 226.0124969482421875 223.618743896484375 236.8625030517578125 251.993743896484375 272.20001220703125 287.83123779296875 305.056243896484375 320.26873779296875 338.287506103515625 354.65625 360.537506103515625 349.33123779296875 337.199981689453125 327.193756103515625 320.29998779296875 312.88751220703125 303.63751220703125 295.75 286.78125 278.618743896484375 269.993743896484375 262.506256103515625 263.631256103515625
256.556243896484375 259.625 263.712493896484375 267.962493896484375 272.3125 275.92498779296875 279.34375 278.29376220703125 278.20623779296875 278.76873779296875 275.618743896484375 273.29376220703125 270.368743896484375 269.443756103515625 267 263.84375 262.29998779296875 261.36248779296875 256.524993896484375 252.59375 246.912506103515625 238.318756103515625 234.912506103515625 233.100006103515625 241.2062530517578125 254.4250030517578125 270.67498779296875 286.649993896484375 302.76251220703125 318.85626220703125 334.70001220703125 348.91876220703125 352.88751220703125 345.65625 337.51251220703125 327.206268310546875 320.737518310546875 313.5 304.34375 295.556243896484375 287.056243896484375 279.29998779296875 271.287506103515625 266.024993896484375 274.11248779296875
260.21875 261.274993896484375 262.475006103515625 265.212493896484375 267.056243896484375 267.774993896484375 269.54998779296875 271.837493896484375 274.71875 274.76251220703125 274.83123779296875 273.993743896484375 272.100006103515625 272.493743896484375 272.51251220703125 272.51251220703125 271.6875 267.625 264.73126220703125 259.962493896484375 254.8562469482421875 247.0187530517578125 244.1437530517578125 244.350006103515625 249.131256103515625 259.42498779296875 273.587493896484375 287.25 301.35626220703125 315.381256103515625 326.756256103515625 337.368743896484375 338.04376220703125 335.899993896484375 331.368743896484375 323.98748779296875 319.0625 313.256256103515625 305.09375 295.037506103515625 284.131256103515625 277.131256103515625 271.524993896484375 274.8125 283.66876220703125
262.318756103515625 261.506256103515625 261.29998779296875 259.681243896484375 260.79376220703125 262.54998779296875 264.725006103515625 267.89373779296875 270.26873779296875 271.11248779296875 273.26873779296875 273.84375 276.25 278.175018310546875 278.66876220703125 278.36248779296875 277.899993896484375 277.60626220703125 273.75 267.15625 260.26251220703125 255.787506103515625 254.5500030517578125 253.0562591552734375 255.0812530517578125 262.66876220703125 275.10626220703125 285.29998779296875 297.11248779296875 308.01251220703125 317.162506103515625 323.506256103515625 324.66876220703125 325.26251220703125 323.912506103515625 318.693756103515625 316.037506103515625 311.881256103515625 303.25 296.587493896484375 289.618743896484375 284.9375 280.068756103515625 283.78125 287.09375
261.85626220703125 258.962493896484375 257.274993896484375 255.7624969482421875 256.631256103515625 257.66876220703125 260.631256103515625 262.33123779296875 265.03125 268.16876220703125 271.712493896484375 274.5625 280.037506103515625 281.63751220703125 283.681243896484375 284.568756103515625 286.40625 286.600006103515625 284.14373779296875 278.600006103515625 271.32501220703125 265.243743896484375 262.399993896484375 258.3125 257.556243896484375 266.65625 274.262481689453125 283.54998779296875 292.587493896484375 299.537506103515625 307.03125 312.10626220703125 314.931243896484375 316.243743896484375 315.32501220703125 312.524993896484375 308.731231689453125 306.193756103515625 302.274993896484375 297.45001220703125 292.412506103515625 288.45001220703125 286.39373779296875 286.78125 290.431243896484375
259.13751220703125 255.0187530517578125 252.90625 252.8937530517578125 252.6687469482421875 251.9562530517578125 254.6125030517578125 255.8249969482421875 258.92498779296875 262.4375 267.8125 275.01873779296875 280.100006103515625 284.506256103515625 287.056243896484375 289.45623779296875 289.443756103515625 290.524993896484375 288.07501220703125 286.5 280.11248779296875 273.931243896484375 268.84375 264.618743896484375 265.73126220703125 269.95001220703125 274.225006103515625 281.8499755859375 287.337493896484375 293.393768310546875 299.9375 304.037506103515625 304.64373779296875 306.131256103515625 306.375 304.21875 302.649993896484375 299.212493896484375 296.20001220703125 292.63751220703125 292.868743896484375 291.493743896484375 289.881256103515625 290.6875 294.1875
255.837493896484375 250.131256103515625 248.318756103515625 247.15625 247.53125 246.462493896484375 246.368743896484375 248.1999969482421875 250.881256103515625 256.35626220703125 265.82501220703125 272.618743896484375 281.118743896484375 288.45001220703125 291.10626220703125 292.66876220703125 294.28125 295.8125 292.51873779296875 289.75 285.91876220703125 280.23126220703125 274.537506103515625 270.568756103515625 271.26251220703125 271.100006103515625 274.675018310546875 278.4749755859375 282.475006103515625 288.212493896484375 292.056243896484375 294.04376220703125 294.08123779296875 295.837493896484375 296.618743896484375 296.306243896484375 294.76873779296875 292.8125 288.82501220703125 291.399993896484375 290.962493896484375 289.96875 290.431243896484375 292.993743896484375 297.14373779296875
251 246.4250030517578125 244.7687530517578125 242.8562469482421875 241.5749969482421875 241.587493896484375 241.212493896484375 240.774993896484375 243.2937469482421875 249.0625 257.53125 269.131256103515625 280.693756103515625 287.64373779296875 291.943756103515625 293.26251220703125 295.90625 297.3125 295.23748779296875 292.64373779296875 288.993743896484375 284.306243896484375 279.41876220703125 272.76251220703125 273.256256103515625 271.768768310546875 272.125 273.931243896484375 276.850006103515625 279.70623779296875 282.42498779296875 285.14373779296875 285.0625 286.193756103515625 287.318756103515625 286.65625 286.0625 281.96875 283.537506103515625 285.875 285.17498779296875 286.45623779296875 288.70001220703125 292.51251220703125 297.943756103515625
244.712493896484375 242.0625 241.3125 237.931243896484375 235.625 234.34375 232.9875030517578125 232.8625030517578125 233.774993896484375 237.9562530517578125 249.274993896484375 264.92498779296875 280.725006103515625 292.58123779296875 295.90625 297.443756103515625 297.975006103515625 296.681243896484375 297.04376220703125 292.912506103515625 291.26873779296875 285.45623779296875 281.09375 272.943756103515625 271.318756103515625 271.16876220703125 270.524993896484375 269.4375 271.118743896484375 274.15625 275.168731689453125 277.306243896484375 275.8125 277.212493896484375 277.131256103515625 275.73748779296875 273.381256103515625 276.131256103515625 277.88751220703125 279.11248779296875 278.63751220703125 280.931243896484375 284.462493896484375 288.13751220703125 291.04998779296875
240.96875 239.875 238.4187469482421875 235.2687530517578125 232.0500030517578125 229.15625 227.537506103515625 225.65625 223.875 226.181243896484375 236.006256103515625 254.7375030517578125 275.46875 289.20001220703125 293.756256103515625 296 297.443756103515625 296.818756103515625 296.70623779296875 295.54376220703125 291.899993896484375 287.3125 279.243743896484375 272.67498779296875 268.962493896484375 267.943756103515625 267.51251220703125 267.006256103515625 267.70623779296875 268.649993896484375 269.149993896484375 269.243743896484375 267.543731689453125 269.125 267.618743896484375 263.90625 266.443756103515625 269.16876220703125 269.649993896484375 271.36248779296875 273.01873779296875 274.66876220703125 276.837493896484375 280.48748779296875 281.46875
237.9812469482421875 238.162506103515625 235.96875 233.274993896484375 229.6062469482421875 226.4375 224.40625 219.6750030517578125 214.475006103515625 212.693756103515625 224.59375 249.5500030517578125 268.5625 280.54998779296875 288.318756103515625 292.274993896484375 292.61248779296875 293.08123779296875 293.943756103515625 290.95001220703125 287.993743896484375 282.75 275.131256103515625 269.524993896484375 264.88751220703125 263.35626220703125 263.82501220703125 263.92498779296875 263.59375 263.01251220703125 263.762481689453125 264.07501220703125 262.15625 261.006256103515625 258.618743896484375 257.48126220703125 259.98126220703125 263.41876220703125 265.64373779296875 264.79376220703125 266.256256103515625 267.181243896484375 270.04376220703125 272.5625 274.21875
237.5500030517578125 236.1437530517578125 233.1062469482421875 231.118743896484375 227.6062469482421875 224.899993896484375 221.618743896484375 215.8937530517578125 211.662506103515625 207.8249969482421875 225.1687469482421875 249.4375 264.70623779296875 275.431243896484375 282.5625 287.33123779296875 287.29376220703125 288.75 286.71875 282.84375 279.725006103515625 274.11248779296875 269.29376220703125 264.09375 259.53125 259.350006103515625 257.618743896484375 259.375 259.88751220703125 259.61248779296875 257.787506103515625 257.82501220703125 257.350006103515625 254.9499969482421875 250.350006103515625 252.818756103515625 255.118743896484375 256.54376220703125 260.34375 260.26873779296875 259.54376220703125 260.8125 261.024993896484375 261.70623779296875 264.193756103515625
235.662506103515625 232.131256103515625 229.712493896484375 228.6062469482421875 226.912506103515625 223.274993896484375 220.875 218.024993896484375 219.4562530517578125 227.3125 245.0124969482421875 257.17498779296875 263.943756103515625 272.46875 278.662506103515625 281.212493896484375 281.79998779296875 281.78125 277.11248779296875 274.587493896484375 270.431243896484375 264.5625 260.26873779296875 257.524993896484375 254.7562408447265625 252.65625 252.2624969482421875 253.9499969482421875 254.587493896484375 256 255.59375 253.306243896484375 252.818756103515625 252.337493896484375 253.0500030517578125 252.7062530517578125 252.681243896484375 254.6875 255.5124969482421875 253.306243896484375 253.0124969482421875 254.493743896484375 253.5124969482421875 254.993743896484375 256.70001220703125
232.8625030517578125 230.056243896484375 228.4250030517578125 227.9875030517578125 226.868743896484375 225.1687469482421875 222.1687469482421875 223.7624969482421875 228.243743896484375 236.1437530517578125 247.087493896484375 257.662506103515625 263.42498779296875 269.818756103515625 274.568756103515625 276.125 276.38751220703125 275.462493896484375 269.6875 265.125 259.67498779296875 256.32501220703125 249.756256103515625 247.181243896484375 247.837493896484375 247.1750030517578125 247.649993896484375 249.6999969482421875 250.868743896484375 252.21875 250.4250030517578125 253.100006103515625 255.3562469482421875 255.25 256.20001220703125 255.087493896484375 253.662506103515625 254.3000030517578125 252.9375 248.2312469482421875 246.40625 247.28125 245.0625 245.65625 248.537506103515625
