data/historical-monthly-weather-data/wc2.1_cruts4.09_10m_prec_1973-03.asc
ncols        51
nrows        45
xllcorner    -63.500000000000
yllcorner    -7.500000000000
cellsize     0.166666666667
NODATA_value -9999
[rows 0 to 19 of 45, columns 0 to 44 of 51]
94.3625030517578125 86.40000152587890625 80.625 77.625 74.11875152587890625 72.65625 70.3125 68.1999969482421875 67.9875030517578125 69.3000030517578125 72.36875152587890625 78.38124847412109375 85.03125 91.05625152587890625 99.8312530517578125 109.1062469482421875 119.8000030517578125 127.68125152587890625 137.287506103515625 146.3000030517578125 152.8625030517578125 158.21875 164.3874969482421875 169.7375030517578125 176.9812469482421875 184.368743896484375 192.3249969482421875 203.368743896484375 212.618743896484375 211.6125030517578125 212.5187530517578125 211.0437469482421875 210.868743896484375 212.3125 213.25 216.1374969482421875 218.306243896484375 221.212493896484375 227.21875 232.5625 238.274993896484375 244.25 249.1062469482421875 254.912506103515625 258.46875
102.7687530517578125 94.7062530517578125 90.59999847412109375 87.375 84.1374969482421875 82.375 79.8874969482421875 78.1374969482421875 79.16249847412109375 80.81874847412109375 83.90000152587890625 89.75624847412109375 96.21250152587890625 102.4875030517578125 111.1062469482421875 120.5 131.087493896484375 142.4562530517578125 154.2687530517578125 165.618743896484375 172.368743896484375 178.131256103515625 184.743743896484375 190.006256103515625 195.756256103515625 202.1125030517578125 208.462493896484375 218.09375 225.28125 224.5 223.993743896484375 224.46875 223.75 226.681243896484375 226.743743896484375 231.068756103515625 235.5500030517578125 239.443756103515625 245.8937530517578125 251.3562469482421875 258.0625 263.743743896484375 268.162506103515625 273.243743896484375 277.181243896484375
117.6062469482421875 110.8874969482421875 107.8625030517578125 105.24375152587890625 101.9250030517578125 99.74375152587890625 97.96250152587890625 96.78749847412109375 97.86875152587890625 99.6999969482421875 101.43125152587890625 106.08750152587890625 111.8312530517578125 117.59999847412109375 125.9875030517578125 135.8249969482421875 146.0124969482421875 157.0500030517578125 167.78125 178.243743896484375 185.056243896484375 191.287506103515625 196.8312530517578125 202.8125 209.0749969482421875 214.28125 220.40625 228.881256103515625 234.40625 232.6125030517578125 232.350006103515625 232.2375030517578125 232.6812591552734375 233.7062530517578125 236.4562530517578125 239.725006103515625 245.2624969482421875 251.524993896484375 258.181243896484375 265.23748779296875 272.26873779296875 277.54998779296875 281.881256103515625 286.006256103515625 291.006256103515625
133.131256103515625 128.6374969482421875 127.91875457763671875 125.7312469482421875 122.8625030517578125 120.1062469482421875 118.3874969482421875 117.6687469482421875 119.65000152587890625 121.3249969482421875 121.8000030517578125 124.52500152587890625 128.2937469482421875 132.90625 141.337493896484375 150.912506103515625 161.8125 172.0500030517578125 181.65625 190.46875 197.649993896484375 202.8249969482421875 206.90625 212.975006103515625 219.5437469482421875 224.9375 230.6125030517578125 236.256256103515625 240.850006103515625 239.537506103515625 237.3937530517578125 238.306243896484375 238.6437530517578125 239.7062530517578125 242.2312469482421875 247.975006103515625 254.881256103515625 262.337493896484375 271 278.29998779296875 284.41876220703125 290.524993896484375 295.1875 298.57501220703125 303.29998779296875
153.6999969482421875 149.306243896484375 147.4187469482421875 146.462493896484375 144.181243896484375 141.1999969482421875 138.537506103515625 138.006256103515625 141.2312469482421875 143.818756103515625 142.5500030517578125 142.631256103515625 144.90625 149.40625 156.943756103515625 166.850006103515625 177.1750030517578125 186.837493896484375 194.1374969482421875 200.6999969482421875 207.7375030517578125 212.006256103515625 216.71875 223.3625030517578125 229.743743896484375 235.4562530517578125 238.84375 243.25 249.056243896484375 245.5625 244.118743896484375 242.9875030517578125 245.462493896484375 247.8937530517578125 250.9187469482421875 258.0625 265.82501220703125 273.92498779296875 283.993743896484375 291.306243896484375 298.92498779296875 303.681243896484375 307.75 311.899993896484375 314.962493896484375
175.037506103515625 171.84375 170.8625030517578125 167.850006103515625 163.0812530517578125 159.625 156.2937469482421875 154.6125030517578125 157.756256103515625 160.8937530517578125 157.34375 156.368743896484375 158.875 162.287506103515625 169.4250030517578125 178.318756103515625 187.837493896484375 195.881256103515625 202.568756103515625 207.6750030517578125 214.0374908447265625 219.524993896484375 224.899993896484375 230.7624969482421875 236.8125 243.1687469482421875 246.181243896484375 248.9437408447265625 252.337493896484375 250.75 249.1875 249.462493896484375 252.0625 258.568756103515625 264.95001220703125 272.931243896484375 283.67498779296875 293.368743896484375 303.956268310546875 312.787506103515625 318.506256103515625 322.83123779296875 326.04998779296875 328.806243896484375 330.20001220703125
196.4812469482421875 193.6125030517578125 191.7624969482421875 186.7375030517578125 179.8562469482421875 174.6999969482421875 170.056243896484375 165.743743896484375 164.962493896484375 164.75 164.6062469482421875 166.131256103515625 169.493743896484375 173.40625 180.1062469482421875 187.881256103515625 196.125 201.8937530517578125 206.743743896484375 212.7624969482421875 218.8125 225.7312469482421875 231.462493896484375 237.3937530517578125 243.625 249.0124969482421875 251.618743896484375 253.3000030517578125 254.3000030517578125 252.4812469482421875 254.1750030517578125 255.3125 260.04376220703125 267.04998779296875 276.13751220703125 287.256256103515625 298.95623779296875 310.78125 324.8125 332.38751220703125 334.95001220703125 338.806243896484375 341.04998779296875 343.03125 345.76251220703125
215.5500030517578125 212.725006103515625 208.9375 203.4499969482421875 196.818756103515625 190.1125030517578125 181.743743896484375 172.3562469482421875 166.368743896484375 165.3249969482421875 168.8000030517578125 173.631256103515625 179.1437530517578125 184.2062530517578125 190.056243896484375 196.71875 202.318756103515625 205.8249969482421875 209.7624969482421875 215.056243896484375 222.59375 230.5187530517578125 237.5749969482421875 243.131256103515625 250.493743896484375 254.6125030517578125 255.287506103515625 255.84375 255.125 254.0124969482421875 255.337493896484375 260.04998779296875 266.006256103515625 274.912506103515625 285.84375 298.36248779296875 311.943756103515625 325.1875 338.506256103515625 345.475006103515625 348.73126220703125 351.662506103515625 353.1875 354.118743896484375 354.993743896484375
231.03125 227.6750030517578125 223.9875030517578125 218.5187530517578125 211.162506103515625 203.306243896484375 193.4812469482421875 181.818756103515625 171.0625 167.46875 174 181.2375030517578125 188.53125 193.1687469482421875 197.943756103515625 203.037506103515625 206.875 209.5625 213.96875 218.7687530517578125 224.5749969482421875 233.681243896484375 241.1062469482421875 250.5749969482421875 257.86248779296875 260.774993896484375 258.54998779296875 256.67498779296875 256.36248779296875 254.712493896484375 256.787506103515625 261.943756103515625 269.056243896484375 278.362518310546875 289.318756103515625 303.881256103515625 320.506256103515625 334.90625 348.3125 355.556243896484375 359.493743896484375 361.51873779296875 362.806243896484375 362.66876220703125 359.850006103515625
246.2937469482421875 242.3125 238.0187530517578125 232.399993896484375 225.631256103515625 217.537506103515625 207.8874969482421875 196.53125 187.524993896484375 184.087493896484375 187.181243896484375 191.96875 198.556243896484375 203.21875 206.0187530517578125 209.125 211.618743896484375 213.600006103515625 216.868743896484375 220.9625091552734375 226.756256103515625 236.1687469482421875 246.1437530517578125 258.131256103515625 263.89373779296875 266.07501220703125 262.818756103515625 259.16876220703125 256.524993896484375 254.09375 255.5124969482421875 262.28125 271.29998779296875 282.42498779296875 294.09375 309.256256103515625 326.412506103515625 343.037506103515625 357.274993896484375 366.5 372.037506103515625 373.962493896484375 371.92498779296875 366.40625 363.07501220703125
261.162506103515625 256.96875 251.7937469482421875 246.412506103515625 240.5500030517578125 233.381256103515625 224.350006103515625 213.318756103515625 206.34375 203.399993896484375 203.6062469482421875 206.78125 210.8000030517578125 214.912506103515625 215.8000030517578125 216.21875 216.524993896484375 217.7687530517578125 219.350006103515625 222.4875030517578125 229.59375 239.2687530517578125 251.7375030517578125 262.4375 271.42498779296875 270.787506103515625 265.98748779296875 262.85626220703125 258.51251220703125 254.7750091552734375 257.006256103515625 262.98126220703125 272.29998779296875 284.056243896484375 297.03125 312.51873779296875 330.03125 347.743743896484375 362.912506103515625 374.912506103515625 381.60626220703125 381.1875 376.11248779296875 368.393768310546875 363.13751220703125
272.287506103515625 268.056243896484375 262.962493896484375 258.368743896484375 252.2062530517578125 246.8937530517578125 240.068756103515625 230.84375 225.162506103515625 221.8249969482421875 220.7624969482421875 221.875 223.556243896484375 226 227.881256103515625 227.7562408447265625 225.8312530517578125 225.337493896484375 225.8125 227.3312530517578125 232.0187530517578125 241.8000030517578125 255.850006103515625 270.57501220703125 277.243743896484375 271.26873779296875 265.149993896484375 261.76251220703125 259.90625 259.35626220703125 259.318756103515625 263.399993896484375 271.681243896484375 282.35626220703125 294.13751220703125 311.125 329.59375 347.524993896484375 362.41876220703125 376.46875 385.006256103515625 382.100006103515625 372.225006103515625 357.45623779296875 347.256256103515625
282.806243896484375 278.100006103515625 273.587493896484375 268.475006103515625 263.337493896484375 259.649993896484375 253.868743896484375 247.0437469482421875 242.1750030517578125 240.024993896484375 239.662506103515625 239.1374969482421875 239.7937469482421875 239.0812530517578125 239.806243896484375 239.0437469482421875 236.1999969482421875 234.9562530517578125 234.774993896484375 233.875 234.8625030517578125 243.131256103515625 255.631256103515625 267.225006103515625 267.774993896484375 263.131256103515625 262.587493896484375 261.85626220703125 261.712493896484375 262.53125 263.087493896484375 264.51873779296875 270.65625 280.01873779296875 290.9375 306.61248779296875 325.07501220703125 343.4375 360.337493896484375 376.83123779296875 388.181243896484375 382.443756103515625 363.181243896484375 344.0625 329.91876220703125
291.73748779296875 287.38751220703125 282.90625 278.08123779296875 274.01873779296875 270.006256103515625 266.48748779296875 262.76873779296875 260.5625 259.07501220703125 258.33123779296875 257.125 255.8562469482421875 255.1687469482421875 252.2624969482421875 251.131256103515625 247.6875 244.9875030517578125 243.3000030517578125 242.1437530517578125 243.6875 248.4875030517578125 255.5062408447265625 261.23748779296875 261.42498779296875 260.118743896484375 260.8125 261.193756103515625 261.76251220703125 263.39373779296875 265.54376220703125 266.787506103515625 269.89373779296875 276.11248779296875 285.568756103515625 301.774993896484375 321.03125 338.943756103515625 355.29376220703125 370.868743896484375 381.524993896484375 369.625 352.4375 337.318756103515625 325.125
298.1875 292.59375 288.743743896484375 285.84375 282.818756103515625 279.881256103515625 278.57501220703125 277.118743896484375 275.79376220703125 275.13751220703125 275.556243896484375 274.5625 273.4375 272.399993896484375 267.73126220703125 265.893768310546875 262.149993896484375 259.91876220703125 257.04376220703125 254.943756103515625 255.3625030517578125 256.774993896484375 259.024993896484375 261.75 262.649993896484375 263.39373779296875 263.975006103515625 264.35626220703125 265.600006103515625 267.837493896484375 267.85626220703125 267.82501220703125 270.462493896484375 272.17498779296875 278.04376220703125 295.34375 315.63751220703125 333.162506103515625 344.274993896484375 351.98748779296875 353.618743896484375 348.53125 342.431243896484375 331.90625 322.88751220703125
301.899993896484375 296.75 294.15625 292.225006103515625 290.45001220703125 290.587493896484375 290.162506103515625 289.568756103515625 291.03125 292.381256103515625 292.681243896484375 292.975006103515625 292.57501220703125 291.243743896484375 286.806243896484375 282.350006103515625 277.899993896484375 275.33123779296875 271.8125 269.41876220703125 266.95623779296875 264.743743896484375 263.600006103515625 264.162506103515625 264.20001220703125 265.23126220703125 266.45623779296875 267.92498779296875 270.631256103515625 272.8125 273.73748779296875 272.649993896484375 272.149993896484375 272.899993896484375 276.5 298.03125 315.95623779296875 325.79376220703125 330.39373779296875 333.54998779296875 333.20623779296875 332.53125 330.524993896484375 324.95001220703125 318.149993896484375
305.95001220703125 301.70001220703125 298.98748779296875 298.381256103515625 298.418731689453125 299.9375 302.381256103515625 303.60626220703125 306.056243896484375 308.73126220703125 309.73126220703125 311.51251220703125 312.375 310.41876220703125 307.20001220703125 301.20001220703125 293.493743896484375 288.84375 286.04376220703125 282.662506103515625 277.70001220703125 273.01873779296875 269.48748779296875 268.29998779296875 267.743743896484375 266.45001220703125 268.15625 271 273.53125 277.42498779296875 279.33123779296875 278.649993896484375 278.48748779296875 282.11248779296875 295.82501220703125 313.75 322.493743896484375 324.225006103515625 321.71875 319.556243896484375 319.8125 320.85626220703125 319.38751220703125 316.5 312.85626220703125
308.33123779296875 304.92498779296875 304.48748779296875 305.71875 307.024993896484375 309.82501220703125 313.07501220703125 316.399993896484375 320.350006103515625 323.73748779296875 326.29376220703125 330.35626220703125 330.91876220703125 330.5625 326.625 319.20623779296875 311.01873779296875 300.125 299.85626220703125 296.14373779296875 290.443756103515625 282.98126220703125 276.0625 272.86248779296875 270.61248779296875 269.975006103515625 270.39373779296875 274.193756103515625 278.399993896484375 282.48748779296875 283.41876220703125 278.337493896484375 279.40625 287.399993896484375 305.8125 331.07501220703125 328.86248779296875 322.024993896484375 315.76873779296875 313.95001220703125 311.73748779296875 312.193756103515625 311.787506103515625 309.537506103515625 306.462493896484375
309.76251220703125 307.462493896484375 308.100006103515625 310.868743896484375 314.556243896484375 320.07501220703125 325.306243896484375 330.125 334.568756103515625 338.837493896484375 342.28125 344.8125 348.61248779296875 350.45623779296875 344.381256103515625 335.48126220703125 325.693756103515625 313.96875 308.83123779296875 305.868743896484375 300.23748779296875 292.29376220703125 279.181243896484375 275 272.45001220703125 271.537506103515625 273.149993896484375 275.64373779296875 280.38751220703125 285.881256103515625 288.01251220703125 279.73126220703125 275.5625 275.92498779296875 287.643768310546875 308.618743896484375 311.693756103515625 310.100006103515625 309.0625 307.256256103515625 306.350006103515625 305.600006103515625 305.38751220703125 304.04376220703125 301.662506103515625
307.95623779296875 308.024993896484375 310.3125 314.86248779296875 320.837493896484375 329.506256103515625 337.23126220703125 343.962493896484375 349.32501220703125 353.318756103515625 356.58123779296875 359.243743896484375 364.881256103515625 369.42498779296875 360.03125 345.787506103515625 332.07501220703125 325.10626220703125 318.26251220703125 313.90625 303.943756103515625 291.962493896484375 281.662506103515625 275.64373779296875 271.90625 269.399993896484375 271.45623779296875 275.225006103515625 278.149993896484375 281.25 280.86248779296875 275.01873779296875 264.274993896484375 254.2375030517578125 250.75 266.649993896484375 285.34375 294.78125 299.66876220703125 301.76873779296875 301.45623779296875 300.53125 300.83123779296875 300.23748779296875 299.13751220703125
