data/historical-monthly-weather-data/wc2.1_cruts4.09_10m_prec_2011-03.asc
ncols        45
nrows        45
xllcorner    -63.500000000000
yllcorner    -7.500000000000
cellsize     0.166666666667
NODATA_value -9999
[rows 0 to 19 of 45, columns 0 to 43 of 45]
197.4250030517578125 199.1374969482421875 203.931243896484375 215.15625 224.4250030517578125 234.337493896484375 239.9812469482421875 244.350006103515625 246.125 251.78125 261.79376220703125 269.51251220703125 277 280.256256103515625 281.274993896484375 281.5 284.943756103515625 282.45623779296875 283.64373779296875 284.618743896484375 289.256256103515625 292.95001220703125 297.162506103515625 295.375 295.868743896484375 295.1875 288.92498779296875 285.212493896484375 280.306243896484375 275.70001220703125 275.90625 273.42498779296875 275.89373779296875 281.149993896484375 285.962493896484375 293.29376220703125 299.82501220703125 306.88751220703125 314.625 320.79998779296875 327.23748779296875 332.66876220703125 336.243743896484375 340.79376220703125
201.118743896484375 201.25 209.3000030517578125 219.65625 229.600006103515625 238.15625 243.118743896484375 248.568756103515625 254.4375 261.10626220703125 270.23748779296875 275.850006103515625 281.15625 284.225006103515625 284.51873779296875 285.056243896484375 286.95623779296875 284.350006103515625 281.10626220703125 278.73748779296875 280.875 283.20623779296875 286.42498779296875 285.618743896484375 285.100006103515625 284.57501220703125 280.29998779296875 279.1875 276.11248779296875 274.25 274.631256103515625 276.774993896484375 280.83123779296875 290.337493896484375 296.1875 305.35626220703125 314.524993896484375 322.412506103515625 329.943756103515625 335.443756103515625 342.462493896484375 347.28125 350.29376220703125 353.78125
206.8562469482421875 207.993743896484375 216.056243896484375 225.350006103515625 233.0124969482421875 239.6937408447265625 246.3312530517578125 253.3125 259.64373779296875 266.95001220703125 272.243743896484375 275.100006103515625 279.14373779296875 281.731231689453125 281.975006103515625 283.85626220703125 285.53125 284.48126220703125 281.76873779296875 280.024993896484375 282.256256103515625 285.018768310546875 286.318756103515625 285.850006103515625 285.287506103515625 282.868743896484375 280.34375 280.181243896484375 277.6875 276.95001220703125 279.89373779296875 283.54376220703125 290.0625 298.04376220703125 308.09375 315.70001220703125 325.881256103515625 336.556243896484375 343.73748779296875 350.70623779296875 357.412506103515625 360.79998779296875 362.756256103515625 364.149993896484375
211.0187530517578125 214.1437530517578125 223.3937530517578125 230.5187530517578125 236.4499969482421875 240.5124969482421875 246.1875 253.125 261.193756103515625 267.84375 270.568756103515625 270.34375 271.3125 272.76873779296875 274.125 276.34375 280.45623779296875 282.20001220703125 282.48126220703125 282.3125 285.618743896484375 286.91876220703125 286.068756103515625 284.85626220703125 283.600006103515625 280.90625 279.743743896484375 278.5 277.45623779296875 279.712493896484375 282.84375 290.01873779296875 297.1875 305.806243896484375 316.024993896484375 326.66876220703125 338.29376220703125 350.125 359.38751220703125 365.975006103515625 370.725006103515625 374.0625 375.33123779296875 374.800018310546875
221.21875 222.899993896484375 227.568756103515625 233.837493896484375 238.1437530517578125 240.212493896484375 242.6999969482421875 248.3625030517578125 257.71875 265.475006103515625 265.23126220703125 261.76873779296875 261.57501220703125 264.25 265.29998779296875 269.100006103515625 273.64373779296875 278.693756103515625 280.318756103515625 281.225006103515625 284.9375 285.181243896484375 285.306243896484375 284.28125 282.118743896484375 279.58123779296875 277.693756103515625 277.46875 280.26251220703125 282.118743896484375 288.13751220703125 294.70001220703125 305.01251220703125 315.54376220703125 326.61248779296875 338.649993896484375 350.881256103515625 362.962493896484375 373.4375 379.4375 385.4375 386.125 385.66876220703125 385.306243896484375
229.8000030517578125 232.1062469482421875 237.787506103515625 240.875 241.493743896484375 243.306243896484375 245.1875 249.1875 258 266.399993896484375 262.837493896484375 258.774993896484375 259.774993896484375 261.462493896484375 263.76251220703125 267.818756103515625 272.962493896484375 277.912506103515625 281.118743896484375 282.13751220703125 285.23748779296875 287.149993896484375 288.42498779296875 287.67498779296875 286.65625 286.42498779296875 285.537506103515625 284.837493896484375 286.08123779296875 289.462493896484375 294.337493896484375 301.412506103515625 310.13751220703125 323.78125 337.037506103515625 348.556243896484375 362.943756103515625 375.59375 386.206268310546875 393.962493896484375 397.42498779296875 397.88751220703125 396.743743896484375 395.03125
236.556243896484375 238.3562469482421875 242.850006103515625 243.6687469482421875 241.9375 242.118743896484375 242.8249969482421875 243.34375 245.875 248.59375 250.7062530517578125 251.368743896484375 254.162506103515625 257.21875 260.818756103515625 265.243743896484375 270.5625 274.34375 277.16876220703125 281.274993896484375 284.243743896484375 288.087493896484375 290.11248779296875 291.25 292.48126220703125 293.07501220703125 293.131256103515625 292.475006103515625 292.024993896484375 293.91876220703125 300.95001220703125 307.33123779296875 316.443756103515625 328.287506103515625 342.35626220703125 355.931243896484375 369.67498779296875 383.20623779296875 397.61248779296875 403.681243896484375 403.45001220703125 403.86248779296875 402.256256103515625 400.306243896484375
239.90625 240.8937530517578125 243.068756103515625 243.6750030517578125 242.850006103515625 241.7687530517578125 238.274993896484375 232.5124969482421875 227.7375030517578125 229.1062469482421875 236.125 241.8625030517578125 247.993743896484375 253.1062469482421875 257.38751220703125 262.39373779296875 266.17498779296875 268.91876220703125 272.462493896484375 277.36248779296875 282.67498779296875 287.88751220703125 291.9375 294.337493896484375 298.83123779296875 299.787506103515625 298.89373779296875 298.225006103515625 296.67498779296875 298.181243896484375 303.16876220703125 312.01251220703125 320.493743896484375 332.26873779296875 346.13751220703125 359.556243896484375 373.731231689453125 387.225006103515625 400.16876220703125 405.381256103515625 406.068756103515625 406 404.23126220703125 401.76873779296875
242.600006103515625 242.78125 244.9562530517578125 245.5812530517578125 244.118743896484375 242.1999969482421875 237.625 229.78125 219.662506103515625 218.03125 229.1687469482421875 238.6687469482421875 247.75 253.243743896484375 258.4375 263.912506103515625 267.79376220703125 270.681243896484375 275.850006103515625 281.04376220703125 284.76251220703125 292.09375 297.193756103515625 304.787506103515625 309.64373779296875 309.556243896484375 305.57501220703125 302.368743896484375 301.399993896484375 301.3125 306.068756103515625 314.21875 322.600006103515625 333.23748779296875 345.412506103515625 359.46875 375.256256103515625 388.274993896484375 400.26251220703125 405.08123779296875 406.16876220703125 405.59375 404.29376220703125 401.368743896484375
245.21875 244.6875 246.09375 246.53125 245.7937469482421875 244.149993896484375 240.556243896484375 234.09375 227.318756103515625 226.587493896484375 233.587493896484375 240.46875 249.25 255.725006103515625 260.76873779296875 266.3125 270.95623779296875 274.04376220703125 278.600006103515625 283.73748779296875 288.14373779296875 296.5625 305.48126220703125 316.48126220703125 319.65625 318.82501220703125 313.73126220703125 308.556243896484375 304.85626220703125 302.89373779296875 305.78125 314.725006103515625 324.006256103515625 335.28125 346.6875 359.662506103515625 374.181243896484375 387.85626220703125 399.75 406.01873779296875 408.3125 408.11248779296875 403.875 395.837493896484375
247.59375 246.84375 247.318756103515625 247.9250030517578125 248.2062530517578125 247.9562530517578125 245.649993896484375 240.3874969482421875 236.881256103515625 237.443756103515625 241.350006103515625 246.9187469482421875 253.2312469482421875 259.943756103515625 264.693756103515625 269.1875 273.33123779296875 276.53125 279.85626220703125 284.681243896484375 291.63751220703125 301.243743896484375 314.08123779296875 323.881256103515625 331.3125 327.318756103515625 320.475006103515625 316.09375 310.318756103515625 305.84375 308.681243896484375 315.556243896484375 323.962493896484375 334.662506103515625 346.199981689453125 358.037506103515625 371.36248779296875 384.712493896484375 396.618743896484375 405.13751220703125 408.131256103515625 405.86248779296875 399.10626220703125 389.493743896484375
249.5812530517578125 249.03125 249.537506103515625 250.875 250.743743896484375 252.068756103515625 251.818756103515625 248.5187530517578125 246.65625 246.899993896484375 249.462493896484375 253.181243896484375 257.39373779296875 262.756256103515625 269.08123779296875 273.35626220703125 275.29998779296875 277.4375 280.51251220703125 284.48126220703125 289.95623779296875 301.29998779296875 317.699981689453125 333.431243896484375 338.9375 329.23126220703125 321.01251220703125 316.34375 313.54376220703125 312.274993896484375 311.64373779296875 315.58123779296875 322.36248779296875 331.45623779296875 341.32501220703125 354.662506103515625 368.73748779296875 382.024993896484375 393.01251220703125 403.024993896484375 407.39373779296875 402.743743896484375 391.25 374.662506103515625
251.4124908447265625 250.6999969482421875 251.712493896484375 252.4187469482421875 253.15625 255.5500030517578125 255.881256103515625 254.75 253.774993896484375 255.28125 258.59375 261.149993896484375 264.92498779296875 267.368743896484375 272.493743896484375 276.16876220703125 277.318756103515625 279.65625 283.15625 285.42498779296875 288.006256103515625 299.21875 315.38751220703125 328.412506103515625 327.51251220703125 320.431243896484375 319.13751220703125 317.787506103515625 317.056243896484375 316.806243896484375 316.162506103515625 316.29998779296875 320.33123779296875 327.76873779296875 336.475006103515625 348.306243896484375 362.42498779296875 376.09375 388.70001220703125 400.63751220703125 407.41876220703125 399.95623779296875 379.056243896484375 358.287506103515625
251.8249969482421875 251.6999969482421875 252.65625 253.506256103515625 255.0625 256.57501220703125 258.518768310546875 260.024993896484375 261.66876220703125 263.76251220703125 266.59375 268.88751220703125 271.11248779296875 274.125 275.350006103515625 278.65625 279.412506103515625 281.0625 283.88751220703125 287.087493896484375 292.243743896484375 301.149993896484375 312.42498779296875 319.537506103515625 319.39373779296875 317.48126220703125 317.962493896484375 318.07501220703125 318.212493896484375 318.42498779296875 319.0625 318.368743896484375 318.612518310546875 322.26873779296875 329.243743896484375 341.743743896484375 356.84375 370.01251220703125 381.756256103515625 392.38751220703125 398.149993896484375 384.337493896484375 365.756256103515625 349.3125
250.662506103515625 249.7375030517578125 251.087493896484375 253.46875 255.712493896484375 257.693756103515625 261.162506103515625 264.337493896484375 266.41876220703125 268.95623779296875 272.48748779296875 274.32501220703125 276.006256103515625 277.91876220703125 276.92498779296875 278.962493896484375 279.09375 281.649993896484375 283.67498779296875 286.61248779296875 292.993743896484375 300.76251220703125 309.125 314.71875 317.57501220703125 320.04998779296875 320.993743896484375 321.462493896484375 322.70001220703125 323.399993896484375 321.13751220703125 318.66876220703125 318.40625 316.88751220703125 319.931243896484375 334.100006103515625 350.88751220703125 364.21875 371.381256103515625 374.86248779296875 372.1875 364.649993896484375 356.45623779296875 343.79376220703125
247.3249969482421875 247.0187530517578125 249.2687530517578125 252.2312469482421875 255.3125 259.506256103515625 263.15625 266.54998779296875 270.743743896484375 274.6875 277.57501220703125 279.756256103515625 281.20623779296875 281.931243896484375 280.693756103515625 279.61248779296875 278.70623779296875 281.181243896484375 282.9375 286.28125 292.1875 298.912506103515625 306.26251220703125 311.587493896484375 315.65625 320.51251220703125 322.881256103515625 325.106231689453125 328.443756103515625 328.86248779296875 327.36248779296875 323.42498779296875 319.51873779296875 316.98748779296875 317.5 336.9375 351.431243896484375 356.899993896484375 358.26251220703125 358.28125 354.61248779296875 350.79376220703125 345.662506103515625 337.037506103515625
244.1062469482421875 244.7375030517578125 246.712493896484375 250.5187530517578125 254.84375 259.631256103515625 265.162506103515625 269.54998779296875 274.13751220703125 278.806243896484375 281.787506103515625 284.431243896484375 286.068756103515625 285.381256103515625 284.79998779296875 281.868743896484375 277.524993896484375 278.16876220703125 280.86248779296875 283.725006103515625 289.5625 296.51873779296875 304.11248779296875 309.73748779296875 315.38751220703125 319.600006103515625 323.25 327.60626220703125 331.15625 333.53125 333.0625 329.412506103515625 325.95623779296875 326.850006103515625 339.087493896484375 354.45001220703125 358.90625 355.86248779296875 350.431243896484375 345.79998779296875 343.600006103515625 340.89373779296875 335.381256103515625 328.70623779296875
238.3000030517578125 239.6687469482421875 243.1999969482421875 248.1687469482421875 253.1500091552734375 258.350006103515625 263.78125 269.32501220703125 274.95001220703125 280.087493896484375 284.29998779296875 288.21875 288.881256103515625 288.92498779296875 287.13751220703125 282.45623779296875 277.36248779296875 271.837493896484375 276.1875 278.41876220703125 285.29998779296875 291.600006103515625 297.79998779296875 303.6875 310.024993896484375 317.48748779296875 320.837493896484375 327.29998779296875 333.774993896484375 336.90625 335.73126220703125 327.375 325.693756103515625 331.96875 349.76251220703125 373.58123779296875 365.90625 353.58123779296875 343.962493896484375 339.524993896484375 334.60626220703125 331.63751220703125 327.6875 321.975006103515625
231.7375030517578125 233.9250030517578125 237.9875030517578125 243.743743896484375 250.2062530517578125 256.868743896484375 263.16876220703125 269.212493896484375 275.03125 280.79998779296875 285.58123779296875 287.51873779296875 290.15625 291.39373779296875 287.26873779296875 280.912506103515625 274.10626220703125 267.48748779296875 266.73126220703125 269.100006103515625 277.48126220703125 285.1875 287.17498779296875 294.39373779296875 302.89373779296875 312.45001220703125 318.431243896484375 324.39373779296875 332.51251220703125 337.943756103515625 338.725006103515625 327.225006103515625 319.850006103515625 317.681243896484375 328.274993896484375 347.76873779296875 346.625 340.53125 336.375 331.64373779296875 327.912506103515625 324.17498779296875 321.04376220703125 316.79998779296875
223.0187530517578125 226.818756103515625 231.662506103515625 238.274993896484375 245.8937530517578125 254.2687530517578125 261.725006103515625 268.58123779296875 275.006256103515625 280.475006103515625 285.006256103515625 286.60626220703125 290.10626220703125 292.90625 285.70623779296875 274.84375 264.65625 261.631256103515625 258.912506103515625 259.75 265.08123779296875 270.16876220703125 276.212493896484375 283.537506103515625 292.918731689453125 302.75 310.381256103515625 318.868743896484375 325.856231689453125 329.125 327.662506103515625 319.70623779296875 305.29998779296875 291.712493896484375 285.54376220703125 300.08123779296875 317.162506103515625 323.774993896484375 325.993743896484375 325.243743896484375 322 318.51251220703125 316.443756103515625 313.38751220703125
