data/historical-monthly-weather-data/wc2.1_cruts4.09_10m_prec_1999-07.asc
ncols        45
nrows        45
xllcorner    -63.500000000000
yllcorner    -7.500000000000
cellsize     0.166666666667
NODATA_value -9999
[rows 0 to 18 of 45, columns 0 to 42 of 45]
214.931243896484375 195.274993896484375 185.662506103515625 181.462493896484375 175.2312469482421875 172.431243896484375 169.96875 166.0812530517578125 166.475006103515625 168.3874969482421875 167.493743896484375 167.78125 167.412506103515625 169.84375 174.5500030517578125 177.649993896484375 180.431243896484375 179.34375 179.6125030517578125 181.8937530517578125 182.5124969482421875 178.03125 174.868743896484375 172.4375 172.0625 168.7312469482421875 168.818756103515625 169.431243896484375 167.462493896484375 165.524993896484375 156.4812469482421875 151.65625 151.649993896484375 148.5625 145.34375 141.6374969482421875 135.462493896484375 136.587493896484375 131.912506103515625 128.4187469482421875 129.725006103515625 132.1687469482421875 130.5812530517578125
208.818756103515625 189.25 179.2687530517578125 174.9562530517578125 170.024993896484375 167.1437530517578125 163.975006103515625 160.9875030517578125 160.9250030517578125 160.350006103515625 158.618743896484375 157.462493896484375 156.6750030517578125 157.118743896484375 159.056243896484375 161.600006103515625 163.3562469482421875 164.40625 167.1437530517578125 169.693756103515625 165.59375 164.3562469482421875 162.6687469482421875 163.524993896484375 159.087493896484375 156.868743896484375 157.75 159.1875 156.2312469482421875 150.53125 144.7937469482421875 143.649993896484375 142.493743896484375 142.381256103515625 140.1437530517578125 134.6750030517578125 129.306243896484375 128.46875 123.7062530517578125 121.97499847412109375 124.54999542236328125 124.5625 124.125
195.7312469482421875 183.131256103515625 177.162506103515625 170.618743896484375 163.600006103515625 158.506256103515625 155.3312530517578125 154.1999969482421875 153.9187469482421875 152.21875 149.5812530517578125 146.4812469482421875 146.350006103515625 143.537506103515625 144.125 145.2687530517578125 146.975006103515625 147.0812530517578125 147.7312469482421875 150.274993896484375 146.3937530517578125 145.5437469482421875 144.9187469482421875 145 142.96875 139.4562530517578125 144.806243896484375 145.993743896484375 144.993743896484375 141.0437469482421875 136.1125030517578125 130.368743896484375 130.3312530517578125 132.5187530517578125 126.5749969482421875 121.03125 119.3625030517578125 120.50624847412109375 116.0124969482421875 115.25624847412109375 117.33750152587890625 118.33750152587890625 116.88124847412109375
184.8125 171.8125 169.181243896484375 166.225006103515625 158.068756103515625 150.725006103515625 145.71875 145.5812530517578125 146.600006103515625 145.0749969482421875 138.993743896484375 135.2375030517578125 133.3249969482421875 132.6999969482421875 131.4250030517578125 130.5437469482421875 130.287506103515625 129.962493896484375 131.118743896484375 135.350006103515625 132.375 127.75624847412109375 126.38124847412109375 127.9812469482421875 127.6437530517578125 126.15625 129.25 128.6125030517578125 130.8937530517578125 131.431243896484375 127.51250457763671875 121.8125 118.28749847412109375 115.8000030517578125 111.8249969482421875 113.09999847412109375 113.8125 110.6750030517578125 108.65625 107.78749847412109375 111.74375152587890625 114.5124969482421875 113.43125152587890625
193.0812530517578125 173.8625030517578125 159.28125 156.2937469482421875 153.6062469482421875 144.8249969482421875 140.40625 138.7062530517578125 137.9499969482421875 134.712493896484375 131.4499969482421875 126.38124847412109375 123.71875 121.53749847412109375 119.6374969482421875 118.5187530517578125 117.1687469482421875 116.75624847412109375 114.53749847412109375 116.3562469482421875 115.2624969482421875 110.91249847412109375 108.6125030517578125 113.27500152587890625 112.9875030517578125 111.80625152587890625 113.625 117.8874969482421875 120.0812530517578125 117.6687469482421875 115.7687530517578125 112.8625030517578125 111.6125030517578125 108.5187530517578125 104.90625 102.72499847412109375 103.55625152587890625 103.49375152587890625 101.38124847412109375 102.40000152587890625 105.7687530517578125 105.91249847412109375 107.64374542236328125
188.899993896484375 176.600006103515625 164.3249969482421875 144.712493896484375 144.6687469482421875 145.6437530517578125 140.1125030517578125 135.681243896484375 135.4812469482421875 131.024993896484375 125.68125152587890625 121.15625 118.43125152587890625 113.05625152587890625 112.09999847412109375 110.28749847412109375 106.61875152587890625 102.90625 101.30625152587890625 102.4187469482421875 101.0625 98.6437530517578125 98.18125152587890625 98.96875 100.91249847412109375 101.33750152587890625 103.5437469482421875 107.125 108.5625 106.94374847412109375 105.5625 105.91249847412109375 103.61875152587890625 102.8937530517578125 98.8937530517578125 98.36875152587890625 95.4812469482421875 95.9875030517578125 97.8562469482421875 101.13124847412109375 100.8562469482421875 102.91249847412109375 103.2375030517578125
187.1750030517578125 177.1687469482421875 166.46875 154.4499969482421875 144.2375030517578125 135.3874969482421875 133.6374969482421875 131.6999969482421875 128.3249969482421875 125 120.84375 114.1125030517578125 112.36875152587890625 107.9187469482421875 104.28749847412109375 102.5812530517578125 99.8000030517578125 92.90000152587890625 87.5124969482421875 89.02500152587890625 87.75 85.78125 84.8625030517578125 87.6750030517578125 89.4499969482421875 92 96.4187469482421875 97.1750030517578125 97.47499847412109375 99.15625 97.69374847412109375 95.3562469482421875 93.68125152587890625 94.8249969482421875 94.34999847412109375 92.8562469482421875 90.28125 89.9250030517578125 93.16249847412109375 97.5124969482421875 97.3125 97.2312469482421875 98.81874847412109375
188.181243896484375 176.662506103515625 168.3000030517578125 159.756256103515625 151.9812469482421875 147.337493896484375 136.15625 122.21250152587890625 116.30625152587890625 113.4562530517578125 110.34999847412109375 107.3125 104.96875 100.3625030517578125 97.6999969482421875 94.9187469482421875 90.63124847412109375 83.80625152587890625 78.0812530517578125 74.53749847412109375 76.16249847412109375 76.36875152587890625 75.3312530517578125 77.9562530517578125 81.31874847412109375 81.83750152587890625 85.75624847412109375 86.0187530517578125 88.91249847412109375 88.5124969482421875 90.3000030517578125 88.7937469482421875 88.4375 87.6999969482421875 86.5187530517578125 84.3312530517578125 82.8562469482421875 83.2062530517578125 84.6125030517578125 86.6750030517578125 88.06874847412109375 89.81874847412109375 90.96875
187.5 177.693756103515625 168.399993896484375 162.7062530517578125 157.056243896484375 148.9250030517578125 139.212493896484375 128.9812469482421875 118.9562530517578125 109.30625152587890625 104.16249847412109375 99.55625152587890625 100.6750030517578125 96.02500152587890625 91.90625 87.56874847412109375 83.80625152587890625 79.2624969482421875 76.1687469482421875 69.49375152587890625 67.97499847412109375 70.0812530517578125 69.4499969482421875 73.1062469482421875 75.86875152587890625 74.74375152587890625 76.47499847412109375 80.91249847412109375 84.3000030517578125 83.75 86.45000457763671875 83.52500152587890625 80.0124969482421875 78.28125 78.30625152587890625 80.0749969482421875 81.03125 82.53749847412109375 82.5749969482421875 82.71875 83.2937469482421875 84.15000152587890625 85.8125
183.9375 176.712493896484375 169.962493896484375 164.7375030517578125 159.287506103515625 153.399993896484375 143.3937530517578125 133.25 124.5124969482421875 116.875 107.46250152587890625 98.6374969482421875 97.3000030517578125 93.69374847412109375 88.65000152587890625 83.84999847412109375 77.5 75.0749969482421875 72.34375 68.03749847412109375 66.08750152587890625 64.03125 62.36875152587890625 65.80625152587890625 67.78125 69.5812530517578125 71.25 74.7624969482421875 76.875 77.44374847412109375 79.1062469482421875 76.90625 75.5749969482421875 73.90625 73.0625 75.625 77.59375 79.63124847412109375 80.1875 82.52500152587890625 84.6374969482421875 84.09375 82.24375152587890625
183.8874969482421875 178.0124969482421875 170.8562469482421875 167.068756103515625 161.34375 155.600006103515625 146.681243896484375 133.618743896484375 122.40625 114.99375152587890625 108.41249847412109375 101.2624969482421875 93.53125 90.6999969482421875 83.09375 76.9375 72.1687469482421875 69.7937469482421875 67.125 65.83750152587890625 65.84375 62.956249237060546875 58.83750152587890625 57.268749237060546875 62.012500762939453125 67.3625030517578125 69.56874847412109375 71.4187469482421875 70.94374847412109375 71.78749847412109375 72.75 73.21875 72.8625030517578125 70.88124847412109375 71.25 72.90625 75.1062469482421875 75.34999847412109375 79.7062530517578125 81.08750152587890625 81.09375 79.96250152587890625 80.19374847412109375
182.3562469482421875 175.212493896484375 169.118743896484375 166.149993896484375 161.8625030517578125 156.59375 149.3874969482421875 136.962493896484375 123.9499969482421875 113.0749969482421875 105.44374847412109375 100.3937530517578125 90.38124847412109375 84.9187469482421875 80.61249542236328125 73.19374847412109375 68.46875 66.1437530517578125 63.981250762939453125 63.674999237060546875 65.6125030517578125 63.512500762939453125 61.21875 58.46875 59.375 59.44374847412109375 61.81874847412109375 65.22499847412109375 66.43125152587890625 67.0500030517578125 66.4499969482421875 67.2375030517578125 68.03749847412109375 67.96250152587890625 69.53125 72.30625152587890625 73.43125152587890625 76.1374969482421875 75.7624969482421875 77.22499847412109375 76.6999969482421875 77.28125 74.08750152587890625
175.0749969482421875 171.2312469482421875 167.3874969482421875 162.4375 156.8562469482421875 152.506256103515625 144.274993896484375 131.8000030517578125 120.18125152587890625 112.40000152587890625 105.8874969482421875 97.8937530517578125 91.0812530517578125 79.38124847412109375 72.74375152587890625 69.21875 64.8125 63.262500762939453125 61.418750762939453125 59.987499237060546875 60.49375152587890625 58.731250762939453125 57.66249847412109375 56.16249847412109375 54.08750152587890625 54.174999237060546875 57.0625 60.69374847412109375 62.481250762939453125 62.71250152587890625 62.268749237060546875 61.41249847412109375 63.59375 64.43125152587890625 65.90625 69.25624847412109375 73.11875152587890625 77.625 80.625 78.38124847412109375 74.78125 73.2937469482421875 67.7375030517578125
169.4812469482421875 165.475006103515625 162.2312469482421875 156.787506103515625 150.587493896484375 144.5124969482421875 136.443756103515625 126.05625152587890625 119 109.8874969482421875 103.0625 95.46875 86.08750152587890625 76.375 65.6750030517578125 63.825000762939453125 59.40625 58.53749847412109375 56.25 55.25 54.90000152587890625 54.1875 53.28125 52.887500762939453125 51.21250152587890625 50.643749237060546875 52.487499237060546875 54.231250762939453125 55.887500762939453125 56.59375 58.88124847412109375 59.34375 59.56874847412109375 60.5625 62.52500152587890625 68.27500152587890625 75.1687469482421875 82.41249847412109375 87.1750030517578125 84.1750030517578125 73.58750152587890625 67.5500030517578125 67.8625030517578125
165.5 159.381256103515625 154.4875030517578125 150.193756103515625 142.7624969482421875 135.8000030517578125 131.2687530517578125 121.59375 113.6125030517578125 105.25624847412109375 98.4875030517578125 90.05625152587890625 82.21875 74.1750030517578125 61.77500152587890625 58.043750762939453125 54.71875 53.612499237060546875 52.00624847412109375 51.5 51.987499237060546875 50.97499847412109375 50.03125 51.11875152587890625 51.25624847412109375 51.40000152587890625 52.91249847412109375 53.700000762939453125 55.65625 57.11875152587890625 56.69374847412109375 57.987499237060546875 60.606250762939453125 60.606250762939453125 59.66249847412109375 64.4562530517578125 75.3312530517578125 87.25624847412109375 93.56874847412109375 90.2312469482421875 84.13124847412109375 79.3562469482421875 83.47499847412109375
157.681243896484375 152.0500030517578125 147.943756103515625 142 135.7937469482421875 131.774993896484375 123.53125 115.0500030517578125 108.18125152587890625 102.2624969482421875 94.625 86.84999847412109375 79.5187530517578125 71.75624847412109375 61.456249237060546875 50.49375152587890625 49.049999237060546875 49.206249237060546875 47.59999847412109375 47.53749847412109375 47.5 47.625 47.53125 50.950000762939453125 52.08750152587890625 52.03749847412109375 52.34999847412109375 51.893749237060546875 53.9375 55.81874847412109375 59.11875152587890625 58.174999237060546875 57.625 56.887500762939453125 56.856250762939453125 67.2687530517578125 77.03749847412109375 88.13124847412109375 97.6437530517578125 102.2312469482421875 101.3125 96.3249969482421875 92.40625
150.2375030517578125 145.03125 141.7375030517578125 137.34375 132.28125 125.00624847412109375 118.99375152587890625 111.2937469482421875 104.97499847412109375 99.34375 92.59375 84 75.8125 69.46250152587890625 63.700000762939453125 55.006252288818359375 46.81874847412109375 44.549999237060546875 45.53749847412109375 45.206249237060546875 44.75624847412109375 44.97499847412109375 46.27500152587890625 50.84999847412109375 53.75 50.418750762939453125 48.71875 48.58750152587890625 51.674999237060546875 55.28749847412109375 59.0625 62.075000762939453125 61.206249237060546875 61.05625152587890625 67.63124847412109375 74.9187469482421875 87.09375 102.6437530517578125 116.0625 112.65000152587890625 109.3312530517578125 101.16249847412109375 91.81874847412109375
143.1374969482421875 140.0187530517578125 135.3125 132.2687530517578125 127.13124847412109375 118.8249969482421875 112.1875 106.03125 100.2375030517578125 92.49375152587890625 86.63124847412109375 81.08750152587890625 73.91249847412109375 68.0625 64.0187530517578125 58.375 50.93125152587890625 42.75624847412109375 44.606250762939453125 43.9375 43.13124847412109375 42.706249237060546875 45.075000762939453125 49.00624847412109375 51.231250762939453125 47.96250152587890625 46.02500152587890625 47.00624847412109375 50.65000152587890625 53.200000762939453125 54.200000762939453125 56.46250152587890625 66.21250152587890625 70.8562469482421875 72.31874847412109375 83.44374847412109375 98.3249969482421875 109.6875 118.1062469482421875 116.39374542236328125 106.5812530517578125 98.38124847412109375 89.68125152587890625
136.506256103515625 133.40625 127.56874847412109375 123.56874847412109375 120.18125152587890625 113.6750030517578125 105.9250030517578125 101.02500152587890625 96.4812469482421875 89.71250152587890625 84.0187530517578125 77.0500030517578125 71.50624847412109375 67.52500152587890625 61.6875 58.09375 53.112499237060546875 46.65625 42.049999237060546875 40.700000762939453125 41.581249237060546875 44.081249237060546875 38.69374847412109375 42.99375152587890625 45.59999847412109375 46.200000762939453125 46.106250762939453125 46.375 50.268749237060546875 53.668750762939453125 56.08750152587890625 59.875 67.46875 70.49375152587890625 74.28125 83.9375 93.05625152587890625 101.1875 108.77500152587890625 104.96250152587890625 100.25624847412109375 91.59375 85.52500152587890625
