data/historical-monthly-weather-data/wc2.1_cruts4.09_10m_prec_1982-09.asc
ncols        51
nrows        45
xllcorner    -63.500000000000
yllcorner    -7.500000000000
cellsize     0.166666666667
NODATA_value -9999
[rows 0 to 18 of 45, columns 0 to 42 of 51]
152.256256103515625 148.993743896484375 145.431243896484375 144.212493896484375 140.8874969482421875 136.25 128.318756103515625 119.68125152587890625 114.52500152587890625 110.15625 107.68125152587890625 107.90625 108.3937530517578125 107.71250152587890625 108.77500152587890625 109.27500152587890625 110.71875 109.7624969482421875 109.59375 108.36875152587890625 106.93125152587890625 103.6875 101.3125 98.53125 95.3125 93.71250152587890625 93.15000152587890625 92.59999847412109375 90.25624847412109375 85.0749969482421875 78.75 73.46250152587890625 69.84999847412109375 65.08750152587890625 61.112499237060546875 58.83750152587890625 57.43125152587890625 56.018749237060546875 55.299999237060546875 54.887500762939453125 54.63124847412109375 54.331249237060546875 53.46875
146.5437469482421875 143.899993896484375 144.2937469482421875 146.9375 149.8312530517578125 142.9187469482421875 134.1374969482421875 128.4499969482421875 123.625 119.21250152587890625 116.52500152587890625 116.02500152587890625 115.96875 114.3000030517578125 114.52500152587890625 115.28125 115.2375030517578125 115.3312530517578125 115.47499847412109375 115.125 112.8874969482421875 111.11875152587890625 108.31874847412109375 105.27500152587890625 100.34999847412109375 97.3937530517578125 96.2624969482421875 94.9250030517578125 91.05625152587890625 85.90000152587890625 80.25 75.8312530517578125 71.5500030517578125 67.7062530517578125 63.90625 61.71875 60.38124847412109375 59.362499237060546875 58.75 58.581249237060546875 58.66249847412109375 58.50624847412109375 58.09999847412109375
136.6437530517578125 136.587493896484375 138.8874969482421875 143.8937530517578125 148.0625 145.4812469482421875 139.8125 135.2624969482421875 132.100006103515625 128.806243896484375 126.53749847412109375 125.53125 124.97499847412109375 122.6374969482421875 121.5 121.86875152587890625 120.9375 120.47499847412109375 119.9375 119.25 116.6062469482421875 113.8000030517578125 111.1125030517578125 107.3874969482421875 101.9562530517578125 97.43125152587890625 96.66249847412109375 93.84999847412109375 89.65625 83.96250152587890625 77.75 72.9499969482421875 69.4187469482421875 65.30625152587890625 61.33750152587890625 58.56874847412109375 56.74375152587890625 55.49375152587890625 55.09375 55.13124847412109375 55.375 55.27500152587890625 55.58750152587890625
124.375 125.50624847412109375 133.1875 138.118743896484375 143.0437469482421875 143.5 142.4499969482421875 142.649993896484375 141.662506103515625 140.0437469482421875 137.600006103515625 136.0625 133.125 131.0500030517578125 129.225006103515625 128.3625030517578125 127.2687530517578125 126.02500152587890625 125.8125 125.1125030517578125 121.75624847412109375 116.9875030517578125 112.6125030517578125 108.0500030517578125 101.50624847412109375 96.6750030517578125 94.2687530517578125 89.7624969482421875 85.8000030517578125 80.46250152587890625 74.77500152587890625 69.1125030517578125 64.78125 60.512500762939453125 56.06874847412109375 54.16249847412109375 52.40625 50.612499237060546875 50.356250762939453125 49.96250152587890625 49.78749847412109375 50.09999847412109375 50.768749237060546875
125.375 123.21875 124.71250152587890625 130.193756103515625 138.693756103515625 142.381256103515625 144.006256103515625 147.118743896484375 149.181243896484375 148.9499969482421875 147.193756103515625 143.625 141.225006103515625 140.068756103515625 137.743743896484375 135.787506103515625 133.53125 131.4250030517578125 130.287506103515625 128.1062469482421875 125.2687530517578125 118.3937530517578125 113.88124847412109375 108.3312530517578125 101.1062469482421875 95.33750152587890625 90.65000152587890625 86.56874847412109375 82.0500030517578125 76.08750152587890625 70.65000152587890625 64.5749969482421875 59.831249237060546875 55.80625152587890625 51.8125 49.206249237060546875 46.981250762939453125 45.231250762939453125 44.93125152587890625 44.543750762939453125 44.206249237060546875 44.68125152587890625 45.40625
126.8937530517578125 124.30625152587890625 123.6999969482421875 122.75624847412109375 131.3249969482421875 140.225006103515625 144.712493896484375 147.556243896484375 150.0625 151.9437408447265625 150.318756103515625 146.7937469482421875 144.850006103515625 144.125 141.2624969482421875 140.03125 137.850006103515625 134.9875030517578125 133.350006103515625 131.587493896484375 125.9875030517578125 119.06874847412109375 113.09375 105.71875 98.77500152587890625 91.9250030517578125 86.72499847412109375 82.75624847412109375 77.8249969482421875 71.8000030517578125 66.4562530517578125 62.28125 57.56874847412109375 53.24375152587890625 48.94374847412109375 46.512500762939453125 43.887500762939453125 41.99375152587890625 41.512500762939453125 40.56874847412109375 38.71875 39.03749847412109375 39.674999237060546875
130.475006103515625 128.46875 127.4875030517578125 126.38124847412109375 130.287506103515625 134.943756103515625 141.1875 146.2624969482421875 148.006256103515625 148.7062530517578125 149.337493896484375 147.8249969482421875 147.243743896484375 146.431243896484375 144.4812469482421875 143.4250030517578125 141.837493896484375 140.162506103515625 137.6687469482421875 134.3562469482421875 126.84999847412109375 118.99375152587890625 110.71250152587890625 102.49375152587890625 95.4812469482421875 88.6875 83.40000152587890625 79.0437469482421875 73.5500030517578125 67.5500030517578125 62.768749237060546875 58.22499847412109375 54.143749237060546875 50.34375 46.38124847412109375 43.137500762939453125 40.28125 38.4375 38.112499237060546875 35.862499237060546875 33.47499847412109375 33.19374847412109375 33.66249847412109375
134.662506103515625 132.6875 131.84375 133.2312469482421875 136.962493896484375 142.068756103515625 144.1125030517578125 142.8937530517578125 141.850006103515625 143.84375 147.4875030517578125 148.024993896484375 148.5625 148.068756103515625 147.8625030517578125 145.6875 144.368743896484375 143.587493896484375 141.46875 135.5625 127.53125 118.1999969482421875 109.0625 99.59999847412109375 91.71250152587890625 84.5812530517578125 78.7624969482421875 73.69374847412109375 68.8937530517578125 63.362499237060546875 58.862499237060546875 54.549999237060546875 50.58750152587890625 47.231250762939453125 43.018749237060546875 39.456249237060546875 36.24375152587890625 33.65625 32.049999237060546875 29.793750762939453125 27.28125 26.8125 27.118749618530273438
139.868743896484375 138.90625 139.256256103515625 140.59375 143.8625030517578125 147.3125 149.1999969482421875 147.9812469482421875 144.350006103515625 142.162506103515625 145.4187469482421875 146.287506103515625 148.6687469482421875 147.993743896484375 147.712493896484375 146.181243896484375 144.90625 143.7312469482421875 142.2062530517578125 135.725006103515625 125.4250030517578125 116.30625152587890625 105.11875152587890625 96.84375 88.0500030517578125 80.1062469482421875 74.44374847412109375 70.0187530517578125 65.9812469482421875 60.625 56.84375 51.58750152587890625 46.90000152587890625 42.643749237060546875 38.856250762939453125 35.99375152587890625 33.043750762939453125 30.03125 27.725000381469726562 25.287500381469726562 22.793750762939453125 22.037500381469726562 22.018749237060546875
143.6687469482421875 143.568756103515625 144.587493896484375 146.162506103515625 150.25 153.7062530517578125 155.375 153.524993896484375 150.693756103515625 149.024993896484375 149.0437469482421875 147.6374969482421875 148.4375 148.818756103515625 147.1687469482421875 146.587493896484375 144.0812530517578125 142.212493896484375 140.1374969482421875 135.4499969482421875 124.8937530517578125 113.3000030517578125 101.3562469482421875 92.24375152587890625 82.71250152587890625 75.06874847412109375 69.97499847412109375 65.7937469482421875 62.018749237060546875 57.731250762939453125 53.03749847412109375 47.956249237060546875 43.22499847412109375 39.418750762939453125 35.78749847412109375 32.72499847412109375 29.868749618530273438 26.806249618530273438 24.037500381469726562 21.462499618530273438 18.96875 18.162500381469726562 17.34375
149.46875 149.59375 150.8562469482421875 152.3125 155.787506103515625 160.5124969482421875 162.3874969482421875 158.412506103515625 154.3937530517578125 152.693756103515625 152.693756103515625 151.6999969482421875 149.693756103515625 147.9499969482421875 145.475006103515625 143.9812469482421875 140.8000030517578125 138.6125030517578125 136.287506103515625 132.75 124.3562469482421875 112.4250030517578125 99.3874969482421875 86.1687469482421875 77.8937530517578125 72.46875 67.68125152587890625 62.700000762939453125 58.143749237060546875 53.88124847412109375 49.65000152587890625 44.84999847412109375 40.3125 36.28749847412109375 32.6875 29.5625 26.668750762939453125 23.643749237060546875 21.075000762939453125 18.225000381469726562 15.581250190734863281 14.518750190734863281 13.881250381469726562
152.818756103515625 153.056243896484375 154.493743896484375 157.1875 160.4812469482421875 164.556243896484375 167.3125 163.59375 158.0187530517578125 154.4375 153.9562530517578125 153.25 148.712493896484375 144.78125 143.8125 141.21875 138.462493896484375 134.59375 132.1062469482421875 130.725006103515625 124.21875 112.09375 98.0812530517578125 83.9499969482421875 74.73749542236328125 68.3000030517578125 63.1875 58.49375152587890625 53.69374847412109375 49.75 45.625 41.28125 37.043750762939453125 33.53125 30.53125 27.524999618530273438 24.618749618530273438 21.793750762939453125 18.762500762939453125 15.75 13.199999809265136719 11.993749618530273438 11.287500381469726562
154.9375 155.1374969482421875 156.1374969482421875 157.5124969482421875 159.75 162.993743896484375 164.100006103515625 161.181243896484375 157.774993896484375 154.90625 152.868743896484375 152.0749969482421875 148.399993896484375 140.943756103515625 137.6999969482421875 136.368743896484375 133.5374908447265625 130.15625 127.8312530517578125 125.88124847412109375 120.24375152587890625 109.6062469482421875 95.8249969482421875 82.5500030517578125 71.11249542236328125 63.918750762939453125 59.518749237060546875 55.237499237060546875 50.793750762939453125 46.58750152587890625 42.081249237060546875 37.856250762939453125 34.106250762939453125 30.487499237060546875 27.643751144409179688 25.256250381469726562 23.137500762939453125 20.762500762939453125 18.024999618530273438 14.487500190734863281 11.475000381469726562 10.4375 9.5500001907348632812
155.743743896484375 155.412506103515625 155.149993896484375 155.818756103515625 157.8000030517578125 158.7937469482421875 158.7937469482421875 157.806243896484375 154.8625030517578125 152.899993896484375 149.618743896484375 145.9562530517578125 142.350006103515625 136.25 130.287506103515625 129.5124969482421875 127.0812530517578125 123.2312469482421875 119.8562469482421875 117.8000030517578125 111.9499969482421875 101.77500152587890625 90.68125152587890625 80.625 70.46250152587890625 62.36875152587890625 57.19374847412109375 52.299999237060546875 47.46250152587890625 43.38124847412109375 39.700000762939453125 35.362499237060546875 31.456249237060546875 27.975000381469726562 25.431249618530273438 23.850000381469726562 22.512500762939453125 21.056249618530273438 18.512500762939453125 15.112500190734863281 11.100000381469726562 9.1374998092651367188 8.2562503814697265625
154.8249969482421875 153.34375 152.5124969482421875 152.9375 154.556243896484375 152.899993896484375 153.712493896484375 152.2687530517578125 149.4375 148.4187469482421875 144.1437530517578125 139.9250030517578125 135.350006103515625 129.5437469482421875 122.50624847412109375 119.5 117.9375 115.41249847412109375 111.5500030517578125 109.5437469482421875 104.3312530517578125 96.4187469482421875 87.68125152587890625 80.0500030517578125 72.5749969482421875 64.81874847412109375 58.362499237060546875 51.84375 46.03749847412109375 41.918750762939453125 37.18125152587890625 32.96875 29.512500762939453125 26.068750381469726562 23.056249618530273438 22.274999618530273438 22.431249618530273438 22.524999618530273438 20.71875 16.774999618530273438 12.75 10.375 9.0687503814697265625
152.1687469482421875 150.0437469482421875 149.787506103515625 149.649993896484375 149.368743896484375 149.162506103515625 148.631256103515625 146.78125 144.96875 144.006256103515625 139.618743896484375 134.100006103515625 128.6875 123.18125152587890625 116.5437469482421875 110.5187530517578125 108.6125030517578125 107.55625152587890625 104.25624847412109375 102.7375030517578125 97.33750152587890625 91.8625030517578125 86.28749847412109375 81.2062530517578125 74.7937469482421875 66.52500152587890625 58.81874847412109375 52.02500152587890625 46.0625 41.174999237060546875 37.18125152587890625 32.424999237060546875 28.306249618530273438 25.149999618530273438 21.818750381469726562 22.137500762939453125 23.53125 23.850000381469726562 22.768749237060546875 19.068750381469726562 15.162500381469726562 12.175000190734863281 9.8937501907348632812
147.5124969482421875 145.9812469482421875 146.350006103515625 146.34375 145.618743896484375 145.524993896484375 144.6687469482421875 143.462493896484375 141.5124969482421875 139.3249969482421875 135.806243896484375 129.8312530517578125 122.99375152587890625 116.80625152587890625 112.20624542236328125 107.125 101.2312469482421875 99.3249969482421875 98.1750030517578125 96.4875030517578125 91.27500152587890625 87.03749847412109375 84.2687530517578125 82.11875152587890625 77.2062530517578125 67.53125 59.293750762939453125 52.25624847412109375 46.25624847412109375 41.606250762939453125 38.174999237060546875 34.74375152587890625 30.087499618530273438 26.300001144409179688 24.71875 24.368749618530273438 25 26.743749618530273438 26.875 21.381250381469726562 15.975000381469726562 12.699999809265136719 10.012499809265136719
143.0124969482421875 142.0437469482421875 141.3937530517578125 141.5812530517578125 142.274993896484375 142.475006103515625 141.1750030517578125 139.3874969482421875 138.1062469482421875 135.037506103515625 131.21875 125.3125 118.4250030517578125 112.27500152587890625 107.5812530517578125 103.4250030517578125 98.2624969482421875 92.0749969482421875 92.58750152587890625 90.6875 86.4875030517578125 81.93125152587890625 79.90000152587890625 79.25624847412109375 75.7937469482421875 67.1437530517578125 59.831249237060546875 52.924999237060546875 46.4375 41.262500762939453125 37.456249237060546875 34.112499237060546875 32.768749237060546875 31.262498855590820312 28.1875 25.737499237060546875 26.756250381469726562 27.649999618530273438 25.825000762939453125 21.118749618530273438 15.412500381469726562 12.237500190734863281 9.875
138.1750030517578125 136.7937469482421875 136.149993896484375 137.256256103515625 137.8312530517578125 138.4187469482421875 137.3874969482421875 137.100006103515625 135.243743896484375 132.131256103515625 127.9499969482421875 121.40000152587890625 114.15000152587890625 108.28125 103.0124969482421875 100.08750152587890625 96.2312469482421875 89.6374969482421875 86.75624847412109375 85.1687469482421875 82.81874847412109375 82.75 74.4499969482421875 73.49375152587890625 71.5437469482421875 66.99375152587890625 60.96250152587890625 53.83750152587890625 48.387500762939453125 42.5625 37.97499847412109375 37.09375 38.25 36.424999237060546875 33.424999237060546875 30.443750381469726562 28.612499237060546875 26.59375 23.5625 19.037500381469726562 14.331250190734863281 11.631250381469726562 9.6750001907348632812
