data/historical-monthly-weather-data/wc2.1_cruts4.09_10m_prec_2000-06.asc
ncols        45
nrows        45
xllcorner    -63.500000000000
yllcorner    -7.500000000000
cellsize     0.166666666667
NODATA_value -9999
[rows 0 to 19 of 45, columns 0 to 43 of 45]
227.9375 215.0812530517578125 210.78125 214.6687469482421875 215.8000030517578125 220.318756103515625 220.90625 220.193756103515625 216.3125 219.9499969482421875 225.6687469482421875 229.193756103515625 233.1687469482421875 234.6062469482421875 236.0625 238.993743896484375 239.743743896484375 239.84375 239.4499969482421875 241.318756103515625 244.3625030517578125 239.399993896484375 235.943756103515625 230.7624969482421875 227.5 225.6999969482421875 228.649993896484375 233.9250030517578125 232.274993896484375 228.5187530517578125 219.5500030517578125 216.993743896484375 218.5124969482421875 215.818756103515625 213.806243896484375 212.712493896484375 211.0437469482421875 210.993743896484375 206.09375 203.5500030517578125 204.212493896484375 209.6374969482421875 207.6374969482421875 208.2375030517578125
223.4875030517578125 211 210.8562469482421875 212.568756103515625 216.3125 219.9812469482421875 219.725006103515625 217.9875030517578125 218.875 221.3249969482421875 223.787506103515625 224.9499969482421875 222.2624969482421875 221.3562469482421875 220.9375 221.9375 220.774993896484375 219.631256103515625 219.9375 223.806243896484375 225.1062469482421875 220.9250030517578125 219.46875 216.818756103515625 213.6875 211.006256103515625 214.412506103515625 217.2312469482421875 216.587493896484375 209.3000030517578125 204.4812469482421875 206.068756103515625 205.96875 205.881256103515625 206.2062530517578125 202.6437530517578125 202.712493896484375 201.9499969482421875 198.0124969482421875 196.5124969482421875 199.943756103515625 196.4812469482421875 200.3874969482421875 201.0187530517578125
215.837493896484375 210.3937530517578125 209.8000030517578125 207.681243896484375 211.2312469482421875 216.03125 216.899993896484375 220.1374969482421875 220.899993896484375 221.899993896484375 220.881256103515625 217.725006103515625 215.1750030517578125 208.53125 206.024993896484375 205.2687530517578125 201.9250030517578125 200.2312469482421875 199.8562469482421875 200.7624969482421875 202 202.475006103515625 200.306243896484375 201.9562530517578125 196.993743896484375 194.024993896484375 201.2062530517578125 202.6750030517578125 199.8249969482421875 198.618743896484375 192.7312469482421875 191.1062469482421875 190.90625 192.6999969482421875 191.118743896484375 184.649993896484375 187.462493896484375 190.4875030517578125 188.75 189.337493896484375 195.5124969482421875 195.1374969482421875 196.631256103515625 196.0437469482421875
207.1187591552734375 199.34375 202.5187530517578125 203.868743896484375 204.1374969482421875 207.78125 211.662506103515625 215.3937530517578125 218.6374969482421875 220.193756103515625 215.6750030517578125 209.1125030517578125 202.337493896484375 194.28125 191.712493896484375 189.868743896484375 183.7375030517578125 181.931243896484375 180.5124969482421875 185.618743896484375 184.7624969482421875 180.556243896484375 179.881256103515625 183.5 179.5500030517578125 177.850006103515625 182.8562469482421875 182.96875 184.46875 184.5187530517578125 181.3937530517578125 177.6999969482421875 177.4187469482421875 174.9187469482421875 173.8249969482421875 177.5749969482421875 181.537506103515625 182.65625 181.8125 183.756256103515625 189.493743896484375 193.9875030517578125 195.25 194.0625
214.4499969482421875 204.7624969482421875 195.1875 197.600006103515625 202.5437469482421875 202.181243896484375 205.3874969482421875 211.9562530517578125 218.4562530517578125 219.8937530517578125 213.556243896484375 199.40625 191.3874969482421875 183.743743896484375 178.1687469482421875 174.962493896484375 170.3625030517578125 163.84375 160.9562530517578125 163 161.8312530517578125 160.7062530517578125 160.931243896484375 163.84375 161.350006103515625 161.587493896484375 164.6875 170.225006103515625 172.75 169.693756103515625 169.806243896484375 168.943756103515625 167.15625 166.600006103515625 168.631256103515625 168.7624969482421875 172.6062469482421875 177.1437530517578125 176.2375030517578125 177.243743896484375 184.368743896484375 189 192.337493896484375 195.34375
210.2937469482421875 205.5812530517578125 197.53125 186.774993896484375 194.399993896484375 202.024993896484375 202.212493896484375 205.5875091552734375 214.243743896484375 216.4375 205.4562530517578125 191.8562469482421875 183.9812469482421875 176.1374969482421875 168.193756103515625 163.8937530517578125 157.5812530517578125 150.337493896484375 148.2312469482421875 147.306243896484375 148.256256103515625 147.0500030517578125 146.71875 146.5812530517578125 148.024993896484375 149.7375030517578125 151.5625 157.087493896484375 160.4499969482421875 158.5500030517578125 161.131256103515625 161.34375 162.6875 161.1437530517578125 159.34375 166.0187530517578125 167.412506103515625 166.28125 170.8000030517578125 179.1437530517578125 183.4562530517578125 190.256256103515625 191.693756103515625 194.3625030517578125
211.1062469482421875 205.087493896484375 198.475006103515625 191.8000030517578125 186.7062530517578125 185.5812530517578125 185.568756103515625 193.006256103515625 194.318756103515625 195.5124969482421875 189.53125 179.475006103515625 174.5187530517578125 168.84375 161.131256103515625 155.21875 149.899993896484375 141.975006103515625 135.100006103515625 133.475006103515625 131.03125 130.96875 130.399993896484375 133.0749969482421875 138.100006103515625 140.34375 141.9375 145.5625 148.8874969482421875 153.399993896484375 152.287506103515625 150.524993896484375 150.881256103515625 153.5187530517578125 157.2937469482421875 159.837493896484375 158.118743896484375 160.5625 165.181243896484375 175.46875 180.725006103515625 186.0250091552734375 191.0500030517578125 194.4250030517578125
209.34375 200.381256103515625 194.9812469482421875 194.056243896484375 189.618743896484375 190.3000030517578125 180.4499969482421875 172.09375 165.9375 169.6125030517578125 170.2312469482421875 166.837493896484375 164.4187469482421875 159.3937530517578125 154.962493896484375 148.693756103515625 140.318756103515625 132.350006103515625 124.3000030517578125 117.7312469482421875 122.0500030517578125 120.5812530517578125 119.56874847412109375 122.1125030517578125 127.21250152587890625 128.3249969482421875 131.125 134.743743896484375 138.4187469482421875 139.725006103515625 145.21875 143.78125 145.3000030517578125 146.7687530517578125 146.381256103515625 148.46875 150.5437469482421875 153.4562530517578125 155.4375 161.649993896484375 170.024993896484375 179.46875 180.649993896484375 180.993743896484375
205.4499969482421875 199.2624969482421875 191.774993896484375 188.662506103515625 186.212493896484375 182.0437469482421875 179.193756103515625 174.306243896484375 161.881256103515625 154.1750030517578125 152.875 153.1999969482421875 156.3249969482421875 153.162506103515625 148.443756103515625 140.375 136.181243896484375 129.943756103515625 123.25624847412109375 114.7375030517578125 111.11875152587890625 114.78125 111.1062469482421875 117.1437530517578125 119.15625 121.1125030517578125 124.0437469482421875 129.274993896484375 136.125 137.2312469482421875 143.40625 136.7937469482421875 132.9562530517578125 133.131256103515625 137.0500030517578125 144.693756103515625 149.75 155.1437530517578125 157.662506103515625 160.287506103515625 164.5500030517578125 166.7375030517578125 175.7125091552734375 176.193756103515625
201.8937530517578125 197.0625 190.4375 187 183.818756103515625 178.7312469482421875 174.8312530517578125 167.274993896484375 161.53125 155.287506103515625 149.087493896484375 142.3562469482421875 147.149993896484375 146.96875 142.6750030517578125 136.2375030517578125 129.1125030517578125 127.06874847412109375 121.2624969482421875 115.4250030517578125 109.78749847412109375 107.8937530517578125 103.4875030517578125 107.33750152587890625 108.47499847412109375 112.84375 116.58750152587890625 120.6125030517578125 124.83750152587890625 129.90625 134.2312469482421875 131.462493896484375 131.6125030517578125 132.756256103515625 133.337493896484375 139.0625 146.381256103515625 154.087493896484375 159.443756103515625 168.162506103515625 175.649993896484375 177.90625 173.6687469482421875 167.068756103515625
200.962493896484375 194.9499969482421875 188.2312469482421875 183.4187469482421875 178.3125 175.662506103515625 167.8625030517578125 160.8937530517578125 157.53125 153.443756103515625 149.412506103515625 143.4812469482421875 139.8937530517578125 140.368743896484375 135.03125 129.1062469482421875 122.40625 117.66249847412109375 115.03749847412109375 113.55625152587890625 114.5625 109.5500030517578125 101.08750152587890625 94.7624969482421875 100.00624847412109375 109.5749969482421875 114.6437530517578125 116.52500152587890625 118.18125152587890625 121.83124542236328125 125.6999969482421875 125.97499847412109375 128.100006103515625 130.381256103515625 132.4812469482421875 135.5187530517578125 142.8562469482421875 148.8625030517578125 160.8874969482421875 168.1437530517578125 174.725006103515625 174.1750030517578125 174.618743896484375 162.8249969482421875
195.8125 190.9875030517578125 187.2062530517578125 179.774993896484375 175.3625030517578125 169.9250030517578125 166.8562469482421875 161.662506103515625 157.7375030517578125 149.693756103515625 147.8562469482421875 143.3000030517578125 133.1750030517578125 132.4875030517578125 131.037506103515625 124.58750152587890625 118.0625 114.6374969482421875 113.46875 116.3000030517578125 117.96875 114.1125030517578125 104.6374969482421875 95.30625152587890625 96.5437469482421875 100.8000030517578125 104.00624847412109375 108.61875152587890625 113.6750030517578125 116 115.18125152587890625 119 122.3874969482421875 122.83750152587890625 127.78125 135.5 145.0437469482421875 152.625 156.8125 168.75 176.256256103515625 174.6687469482421875 163.0437469482421875 143.0062408447265625
194.4375 188.475006103515625 183.125 175.975006103515625 172.600006103515625 165.8562469482421875 161.8249969482421875 157.53125 151.8312530517578125 146.90625 143.9562530517578125 140.4562530517578125 134.2375030517578125 123.6062469482421875 119.46250152587890625 116.3312530517578125 111.6437530517578125 110.2375030517578125 105.8312530517578125 107.8000030517578125 111.5124969482421875 108.4187469482421875 102.09999847412109375 95.4187469482421875 90.43125152587890625 92.6875 98.40000152587890625 104.0500030517578125 110.28749847412109375 114.77500152587890625 113.31874847412109375 112.8562469482421875 118.7624969482421875 118.08750152587890625 122.50624847412109375 132.006256103515625 145.40625 156.131256103515625 170.912506103515625 177.774993896484375 177.225006103515625 172.84375 153.46875 137.5625
191.056243896484375 185.5500030517578125 179.03125 172.625 166.2687530517578125 161.399993896484375 156.006256103515625 153.3874969482421875 149.8000030517578125 143.8874969482421875 140.2062530517578125 133.2624969482421875 128.037506103515625 120.1687469482421875 108.53749847412109375 107.97499847412109375 103.25 100.5500030517578125 98.1687469482421875 99.09999847412109375 101.52500152587890625 99.1875 94.875 92.91249847412109375 90.9499969482421875 90.11875152587890625 92.9499969482421875 96.875 102.3125 106.1125030517578125 109.53749847412109375 110.9562530517578125 114.3625030517578125 118.22499847412109375 119.7312469482421875 134.6062469482421875 152.3625030517578125 168.600006103515625 184.59375 188.162506103515625 171.90625 159.8000030517578125 156.84375 159.8312530517578125
183.037506103515625 178.1687469482421875 174.0124969482421875 169.087493896484375 162.5625 157.6437530517578125 153.774993896484375 149.53125 145.46875 140.8562469482421875 135.78125 129.350006103515625 123.19374847412109375 114.03749847412109375 101.43125152587890625 99.6125030517578125 96.27500152587890625 95.8874969482421875 91.625 91.4250030517578125 94.40625 93.1875 91.96250152587890625 92.5 94.58750152587890625 94.94374847412109375 98.04375457763671875 101.15000152587890625 107.24375152587890625 107.1875 106.0749969482421875 109.90625 117.99375152587890625 117.5187530517578125 115.40625 123.8312530517578125 149.212493896484375 176.7062530517578125 190.0812530517578125 189.181243896484375 184.59375 180.5500030517578125 183.3625030517578125 172.7687530517578125
177.4250030517578125 170.9812469482421875 167.225006103515625 161.024993896484375 158.0749969482421875 154.2375030517578125 149.5062408447265625 144.3625030517578125 142.4812469482421875 140.7375030517578125 135.3937530517578125 127.93125152587890625 121.33750152587890625 112.3562469482421875 101.3125 88.9250030517578125 88.1999969482421875 89.9375 86.2624969482421875 85.71875 87.59999847412109375 87.90000152587890625 89.1999969482421875 93.05625152587890625 95.9562530517578125 97.11875152587890625 98.8312530517578125 103.1374969482421875 107.375 112.16249847412109375 113.18125152587890625 112.91249847412109375 111.0812530517578125 108.8937530517578125 107.75 131.193756103515625 146.537506103515625 167.59375 187.681243896484375 200.9250030517578125 208.5500030517578125 205.431243896484375 194.412506103515625 176.2062530517578125
170.2624969482421875 165.506256103515625 159.943756103515625 156.9499969482421875 153.8249969482421875 150.993743896484375 146.4499969482421875 142.556243896484375 137.5749969482421875 134.537506103515625 132.149993896484375 125.96875 117.2687530517578125 108.5625 101.7624969482421875 90.55625152587890625 78.72499847412109375 79.69374847412109375 80.1374969482421875 79.06874847412109375 79.75624847412109375 82.2687530517578125 84.2687530517578125 91.6125030517578125 95.0500030517578125 93.59999847412109375 95.63124847412109375 99.5124969482421875 107.5 113.41249847412109375 117.75 120.80625152587890625 119.24375152587890625 121.84375 133.2624969482421875 146.2312469482421875 165.274993896484375 183.8625030517578125 204.0124969482421875 206.225006103515625 213.899993896484375 204.193756103515625 186.506256103515625 173.9875030517578125
161.412506103515625 157.75 155.399993896484375 152.5625 149.9875030517578125 148.8625030517578125 143.600006103515625 139.087493896484375 134.350006103515625 129.0124969482421875 124.93125152587890625 121.30625152587890625 112.46875 105.08750152587890625 100.13124847412109375 91.5437469482421875 80.2062530517578125 70.5625 75.84375 72.5437469482421875 73.0749969482421875 75.41249847412109375 80.1875 86.80625152587890625 92.50624847412109375 91.5437469482421875 92.0437469482421875 100.1437530517578125 107.58750152587890625 111.1875 110.24375152587890625 109.78749847412109375 128.587493896484375 136.0749969482421875 143.4499969482421875 173.6125030517578125 190.7375030517578125 193.7375030517578125 204.287506103515625 208.506256103515625 197.3937530517578125 183.8249969482421875 170.3625030517578125 162.493743896484375
153.556243896484375 152.1875 150.0500030517578125 148.2062530517578125 146.5500030517578125 143.131256103515625 138.8312530517578125 134.03125 130.8625030517578125 127.36875152587890625 122.4375 113.38124847412109375 106.3125 100.9875030517578125 94.66249847412109375 88.0187530517578125 82.59375 71.41249847412109375 66.13124847412109375 64.5812530517578125 67.78749847412109375 72.625 69.93125152587890625 78.56874847412109375 84.38124847412109375 90.9499969482421875 95.3874969482421875 98.61875152587890625 108.25624847412109375 111.71250152587890625 112.7312469482421875 118.36875152587890625 130.34375 136.243743896484375 149.274993896484375 172.8562469482421875 182.8937530517578125 184.181243896484375 191.962493896484375 189.100006103515625 179.318756103515625 162.5124969482421875 155.9562530517578125 153.368743896484375
148.3000030517578125 147.568756103515625 144.306243896484375 139.3312530517578125 136.84375 137.225006103515625 133.7687530517578125 128.625 128.28125 125.96250152587890625 122.03125 115.8562469482421875 108.03125 99.9250030517578125 92.41249847412109375 81.08750152587890625 73.4812469482421875 72.58124542236328125 66.96250152587890625 66.03125 61.40625 63.03749847412109375 69.09999847412109375 74.8000030517578125 77.34999847412109375 80.40625 85.5749969482421875 96.53125 100.25 102.09375 106.97499847412109375 123.75 131.818756103515625 136.84375 144.1437530517578125 160.2312469482421875 172.931243896484375 175.431243896484375 175.4812469482421875 172.0749969482421875 159.9375 142.868743896484375 143.774993896484375 144.5124969482421875
