data/historical-monthly-weather-data/wc2.1_cruts4.09_10m_prec_1996-04.asc
ncols        51
nrows        45
xllcorner    -63.500000000000
yllcorner    -7.500000000000
cellsize     0.166666666667
NODATA_value -9999
[rows 0 to 19 of 45, columns 0 to 44 of 51]
229.975006103515625 228.84375 226.3562469482421875 228.2687530517578125 226.3937530517578125 222.125 217.0500030517578125 208.8000030517578125 204.40625 203.5124969482421875 205.5812530517578125 209.162506103515625 212.0500030517578125 213.5625 216.5625 220.375 225.181243896484375 226.587493896484375 230.34375 234.193756103515625 237.71875 242.350006103515625 246.5 253.443756103515625 258.63751220703125 266.85626220703125 275.743743896484375 287 297.42498779296875 309.34375 322.431243896484375 335.9375 346.61248779296875 359.381256103515625 371.774993896484375 383.25 391.96875 400.60626220703125 410.35626220703125 417.45001220703125 424.07501220703125 427.975006103515625 427.375 429.39373779296875 429.462493896484375
238.46875 237.1374969482421875 240.6750030517578125 243.943756103515625 246.443756103515625 241.6687469482421875 235.6374969482421875 231.3249969482421875 228.7624969482421875 227.8000030517578125 229.5 231.6437530517578125 234.0437469482421875 235.4812469482421875 236.4562530517578125 240.037506103515625 242.618743896484375 246.162506103515625 250.693756103515625 254.53125 258.28125 262.4375 268.46875 274.537506103515625 281.9375 289.818756103515625 297.82501220703125 308.54376220703125 316.787506103515625 328.39373779296875 343.01251220703125 358.850006103515625 370.01251220703125 383.868743896484375 395.149993896484375 406.66876220703125 418.806243896484375 428.524993896484375 437.787506103515625 443.649993896484375 448.993743896484375 453.350006103515625 452.95001220703125 451.912506103515625 450.806243896484375
241.8249969482421875 242.7375030517578125 246.2624969482421875 252.4375 257.431243896484375 256.51251220703125 254.899993896484375 254.4937591552734375 256.66876220703125 256.85626220703125 257.006256103515625 257.399993896484375 259.225006103515625 258.318756103515625 258.51873779296875 260.600006103515625 262.21875 265.568756103515625 268.912506103515625 273.45001220703125 278.868743896484375 284.931243896484375 290.568756103515625 297.587493896484375 306.806243896484375 315.54998779296875 324.45001220703125 330.83123779296875 336.350006103515625 348.53125 362.131256103515625 376.212493896484375 391.04376220703125 404.91876220703125 415.493743896484375 426.568756103515625 441.693756103515625 454.662506103515625 462.75 469.181243896484375 474.618743896484375 475.91876220703125 475.100006103515625 474.45623779296875 472.087493896484375
240.4812469482421875 242.34375 250.287506103515625 256.181243896484375 262.556243896484375 267.568756103515625 271.60626220703125 276.3125 283.368743896484375 287.76873779296875 287.59375 285.17498779296875 283.13751220703125 282.068756103515625 280.83123779296875 281.88751220703125 283.350006103515625 285.78125 288.45623779296875 292.98748779296875 300.649993896484375 307.86248779296875 313.306243896484375 322.568756103515625 332.63751220703125 340.712493896484375 349.73748779296875 353.36248779296875 357.524993896484375 370.79998779296875 383.600006103515625 396.868743896484375 408.82501220703125 422.618743896484375 434 448.98748779296875 464.068756103515625 477.98126220703125 489.23126220703125 493.787506103515625 499.087493896484375 501.71875 497.21875 493.51873779296875 491.82501220703125
250.46875 248.4499969482421875 250.524993896484375 257.58123779296875 267.70001220703125 276.256256103515625 283.337493896484375 293.61248779296875 306.57501220703125 316.98748779296875 315.26873779296875 307.556243896484375 304.76873779296875 303.693756103515625 301.54376220703125 301.45001220703125 301.462493896484375 303.850006103515625 306.125 310.20001220703125 319.962493896484375 327.649993896484375 334.850006103515625 347.01251220703125 355.493743896484375 364.29998779296875 370.13751220703125 376.60626220703125 382.1875 392.212493896484375 404.25 412.95623779296875 424.61248779296875 439.537506103515625 453.037506103515625 468.600006103515625 483.20001220703125 498.6875 511.23748779296875 516.73748779296875 524.0875244140625 520.66876220703125 516.85626220703125 515.0562744140625 509.57501220703125
252.431243896484375 251.7937469482421875 254.5 256.243743896484375 265.75 276.98748779296875 286.024993896484375 298.193756103515625 312.5625 326.837493896484375 323.29376220703125 316.88751220703125 315.524993896484375 315.45623779296875 313.11248779296875 313.73748779296875 312.243743896484375 315.11248779296875 320.51873779296875 326.4375 335.212493896484375 343.48126220703125 354.26251220703125 364.78125 374.73126220703125 384.75 389.29376220703125 394.0625 398.36248779296875 407.01251220703125 417.600006103515625 428.618743896484375 437.07501220703125 451.40625 467.63751220703125 482.26251220703125 500.16876220703125 516.3187255859375 528.29998779296875 537.1187744140625 538.8187255859375 534.8499755859375 532.1937255859375 531.04376220703125 526.6812744140625
255.25 254.431243896484375 257.331268310546875 258.39373779296875 261.100006103515625 269.493743896484375 279.537506103515625 291.42498779296875 302.131256103515625 311.20001220703125 317.08123779296875 318.993743896484375 323.193756103515625 324.13751220703125 323.51251220703125 325.66876220703125 325.212493896484375 325.95001220703125 330.51873779296875 339.03125 350.15625 361.006256103515625 372.29376220703125 380.475006103515625 391.443756103515625 402.368743896484375 407.443756103515625 409.03125 411.79376220703125 420.306243896484375 431.118743896484375 440.32501220703125 450.725006103515625 461.76251220703125 477.149993896484375 492.306243896484375 507.931243896484375 525.76251220703125 541.7437744140625 549.5875244140625 545.9375 543.14373779296875 541.75 540.5562744140625 538.2562255859375
258.70001220703125 255.9937591552734375 257.28125 259.962493896484375 263.131256103515625 269.96875 274.35626220703125 278.131256103515625 282.100006103515625 291.10626220703125 306.54376220703125 318.23126220703125 326.95001220703125 332.15625 334.35626220703125 335.92498779296875 335.86248779296875 337.274993896484375 340.01873779296875 350.037506103515625 364.26873779296875 377.53125 388.58123779296875 397.28125 410.14373779296875 418.07501220703125 421.65625 422.91876220703125 425.475006103515625 434.14373779296875 440.92498779296875 449.193756103515625 459.443756103515625 470.806243896484375 484.243743896484375 494.91876220703125 510.73126220703125 526.45623779296875 538.59375 544.01873779296875 544.1937255859375 544.46875 542.78125 539.65625 533.8375244140625
261.04998779296875 258.899993896484375 259.9375 261.29376220703125 264.17498779296875 269.25 274.07501220703125 276.068756103515625 274.3125 278.556243896484375 297.693756103515625 313.48126220703125 329.58123779296875 337.10626220703125 339.524993896484375 342.71875 345.07501220703125 348.78125 354.631256103515625 363.01873779296875 371.681243896484375 388.21875 399.76873779296875 411.875 423.681243896484375 429.006256103515625 430.612518310546875 432.23126220703125 434.1875 441.443756103515625 449.337493896484375 453.256256103515625 460.5625 467.64373779296875 480.11248779296875 491.087493896484375 506.3125 517.9437255859375 529.0374755859375 533.48126220703125 534.7874755859375 533.09375 533.84375 533.39373779296875 521.45001220703125
263.006256103515625 259.693756103515625 261.45001220703125 263.23748779296875 265.17498779296875 270.6875 276.38751220703125 279.07501220703125 282.95001220703125 291.70001220703125 307.11248779296875 319.29376220703125 333.10626220703125 341.493743896484375 346.66876220703125 349.625 353.29376220703125 359.54998779296875 366.568756103515625 378.73748779296875 387.91876220703125 400.193756103515625 411.337493896484375 425.475006103515625 432.725006103515625 435.287506103515625 435.818756103515625 436.54998779296875 439.66876220703125 449 451.725006103515625 452.09375 457.162506103515625 463.51251220703125 473.32501220703125 485.09375 495.4375 506.068756103515625 515.32501220703125 522.82501220703125 527.5 526.5562744140625 525.20623779296875 518.0625 509.63751220703125
265.14373779296875 262.83123779296875 264.118743896484375 265.5625 266.1875 272.318756103515625 278.975006103515625 283.524993896484375 291.756256103515625 303.07501220703125 318.443756103515625 332.26873779296875 340.068756103515625 347.850006103515625 351.475006103515625 354.399993896484375 359.537506103515625 368.10626220703125 378.287506103515625 390.600006103515625 405.84375 417.212493896484375 424.76251220703125 426.1875 437.881256103515625 440.787506103515625 437.73748779296875 436.9375 437.506256103515625 445.33123779296875 446.850006103515625 445.76873779296875 450.506256103515625 455.79998779296875 464.056243896484375 470.568756103515625 479.20623779296875 489.34375 499.54998779296875 507.75 512.11248779296875 511.087493896484375 513.34375 510.149993896484375 499.89373779296875
266.287506103515625 263.66876220703125 264.76873779296875 269.037506103515625 271.10626220703125 275.79376220703125 284.118743896484375 291.76873779296875 302.40625 314.912506103515625 330.350006103515625 344.35626220703125 347.337493896484375 351.274993896484375 354.38751220703125 358.09375 362.756256103515625 371.862518310546875 383.38751220703125 397.29998779296875 412.5625 424.837493896484375 433.96875 439.04998779296875 439.725006103515625 435.23748779296875 430.98748779296875 427.79998779296875 428.13751220703125 431.649993896484375 432.818756103515625 432.53125 435.04376220703125 440.162506103515625 447.26251220703125 454.5 464.331268310546875 474.868743896484375 481.256256103515625 486.20623779296875 492.40625 493.38751220703125 493.912506103515625 485.79376220703125 475.787506103515625
268.23748779296875 265.631256103515625 267.21875 270.587493896484375 274.21875 282.20001220703125 289.287506103515625 296.60626220703125 307.162506103515625 322.131256103515625 337.29998779296875 350.493743896484375 353.943756103515625 349.54998779296875 352.225006103515625 358.412506103515625 362.131256103515625 371.42498779296875 384.756256103515625 397.20001220703125 413.225006103515625 424.193756103515625 429.96875 433.431243896484375 424.01873779296875 416.61248779296875 416.73126220703125 413.618743896484375 415.412506103515625 416.89373779296875 417.212493896484375 415.868743896484375 417.45001220703125 421.96875 426.931243896484375 436.53125 446.76251220703125 457.087493896484375 465.524993896484375 471.125 470.23126220703125 474.07501220703125 470.70623779296875 463.83123779296875 459.899993896484375
269.037506103515625 266.649993896484375 267.53125 270.625 276.118743896484375 283.89373779296875 290.818756103515625 298.86248779296875 310.881256103515625 324.34375 336.14373779296875 344.03125 348.33123779296875 347.587493896484375 347 354.375 358.26873779296875 365.412506103515625 379.15625 389.76873779296875 404.41876220703125 413.368743896484375 420.67498779296875 417.149993896484375 410.41876220703125 404.75 402.71875 400.6875 400.53125 402 401.34375 400.59375 398.86248779296875 402.475006103515625 408.5625 419.28125 429.54998779296875 442.118743896484375 453.212493896484375 456.70001220703125 450.67498779296875 445.88751220703125 450.64373779296875 456.67498779296875 458.100006103515625
267.53125 265.84375 267.65625 271.46875 277.743743896484375 285.39373779296875 293.493743896484375 301.5 311.350006103515625 322.13751220703125 332.26873779296875 339.024993896484375 341.649993896484375 341.39373779296875 339.587493896484375 342.79998779296875 348.193756103515625 359.42498779296875 371.88751220703125 382.67498779296875 394.60626220703125 406.01251220703125 410.912506103515625 406.71875 400.381256103515625 396.66876220703125 393.443756103515625 392.10626220703125 392.08123779296875 391.13751220703125 386.881256103515625 381.28125 382.975006103515625 384.087493896484375 387.787506103515625 396.993743896484375 414.07501220703125 431.787506103515625 441.38751220703125 440.11248779296875 434.506256103515625 436.48748779296875 448.399993896484375 450.70001220703125 448.51873779296875
264.23126220703125 262.88751220703125 266.793731689453125 272.181243896484375 278.20001220703125 286.01251220703125 293.943756103515625 302.274993896484375 313.16876220703125 322.006256103515625 330.1875 335.337493896484375 337.64373779296875 335.73748779296875 331.8125 327.806243896484375 337.41876220703125 353.04376220703125 363.90625 375.274993896484375 387.381256103515625 396.568756103515625 400.76873779296875 397.09375 390.57501220703125 388.368743896484375 383.806243896484375 383.462493896484375 383.23748779296875 382.625 380.60626220703125 373.756256103515625 366.8125 364.85626220703125 364.57501220703125 382.024993896484375 399.16876220703125 417.75 427.90625 432.412506103515625 430.162506103515625 435.95001220703125 442.443756103515625 442.556243896484375 438.34375
259.524993896484375 259.881256103515625 265.350006103515625 271.806243896484375 277.962493896484375 285.89373779296875 295.631256103515625 304.068756103515625 312.662506103515625 321.256256103515625 327.84375 332.28125 333.09375 331.28125 329.693756103515625 329.068756103515625 330.462493896484375 343 356.806243896484375 369.625 381.568756103515625 392.162506103515625 396.4375 388.1875 381.90625 378.20001220703125 375.26873779296875 374.712493896484375 376.181243896484375 376.881256103515625 373.70623779296875 366.98748779296875 360.76251220703125 357.4375 364.118743896484375 375.975006103515625 394 413.975006103515625 430.17498779296875 431.743743896484375 430.856231689453125 434.70623779296875 434.475006103515625 433.993743896484375 428.350006103515625
252.381256103515625 255.131256103515625 261.10626220703125 270.037506103515625 277.068756103515625 286.337493896484375 297.131256103515625 304.63751220703125 312.631256103515625 319.39373779296875 324.256256103515625 327.76251220703125 328.181243896484375 328.15625 327.712493896484375 328.931243896484375 329.76873779296875 331.46875 348.6875 362.29998779296875 377.162506103515625 386.993743896484375 391.71875 383.837493896484375 378.725006103515625 375.40625 368.85626220703125 371.57501220703125 374.39373779296875 373.21875 364.36248779296875 348.212493896484375 349.96875 352.70001220703125 356.88751220703125 373.14373779296875 390.65625 408.693756103515625 422.13751220703125 431.54998779296875 428.03125 429.149993896484375 428.287506103515625 426 421.787506103515625
244.125 248.71875 257.087493896484375 265.837493896484375 274.32501220703125 285.26873779296875 295.73748779296875 305.91876220703125 314.125 320.01873779296875 322.662506103515625 322.01873779296875 322.79376220703125 325.068756103515625 322.231231689453125 323.475006103515625 325.59375 328.793731689453125 336.837493896484375 350.337493896484375 372.087493896484375 386.024993896484375 380.3125 378.64373779296875 377.59375 378.375 376.07501220703125 375.725006103515625 378.774993896484375 374.899993896484375 365.162506103515625 350.23126220703125 345.631256103515625 338.32501220703125 340.82501220703125 357.381256103515625 376.26873779296875 393.39373779296875 411.08123779296875 419.16876220703125 423.6875 424.66876220703125 421.54376220703125 418.443756103515625 415.41876220703125
235.625 242.1437530517578125 250.8937530517578125 259.23126220703125 270.4375 284.46875 297.39373779296875 306.38751220703125 314.35626220703125 319.931243896484375 321 321.662506103515625 321.8125 322.16876220703125 317.84375 312.9375 311.96875 322.512481689453125 329.806243896484375 342.149993896484375 357.868743896484375 368.90625 377.975006103515625 377.837493896484375 377.79376220703125 378.40625 378.587493896484375 382.125 381.300018310546875 372.681243896484375 358.568756103515625 350.9375 340.475006103515625 326.29376220703125 320.48126220703125 336.3125 362.056243896484375 385.412506103515625 401.78125 412.625 416.712493896484375 417.375 414.53125 411 405.306243896484375
