data/historical-monthly-weather-data/wc2.1_cruts4.09_10m_prec_1977-09.asc
ncols        45
nrows        45
xllcorner    -63.500000000000
yllcorner    -7.500000000000
cellsize     0.166666666667
NODATA_value -9999
[rows 0 to 18 of 45, columns 0 to 43 of 45]
145.193756103515625 141.462493896484375 139.8874969482421875 140.975006103515625 140.149993896484375 138.5749969482421875 133.600006103515625 127.5187530517578125 124.15625 121.4375 120.5500030517578125 121.4375 122.44374847412109375 121.9812469482421875 122.59375 122.4250030517578125 123.3625030517578125 121.6750030517578125 120.9375 119.1687469482421875 117.83750152587890625 114.6125030517578125 112.59375 111.8312530517578125 110.72499847412109375 111.2624969482421875 112.5437469482421875 113.71875 113.68125152587890625 116.4375 118.43125152587890625 121.52500152587890625 125.94374847412109375 128.0812530517578125 130.868743896484375 131.5625 133.40625 134.6062469482421875 132.3874969482421875 130.09375 128.0625 125.2687530517578125 121.0500030517578125 117.31874847412109375
138.0437469482421875 134.34375 135.7624969482421875 139.75 144.1875 140.056243896484375 134.0625 130.881256103515625 127.9375 125.18125152587890625 124.0437469482421875 124.16249847412109375 124.6062469482421875 123.2312469482421875 123.28125 123.81874847412109375 123.43125152587890625 122.71875 122.03749847412109375 121.03125 119.1062469482421875 117.8312530517578125 115.86875152587890625 116.1875 114.65000152587890625 114.9875030517578125 116.77500152587890625 118.125 117.1750030517578125 120.09375 123.0749969482421875 127.59999847412109375 130.7062530517578125 134.3625030517578125 137.3000030517578125 137.462493896484375 138.568756103515625 139.6875 136.8312530517578125 134.125 132.024993896484375 129.6062469482421875 126.68125152587890625 122.03749847412109375
126.63124847412109375 125.16249847412109375 127.5 132.6750030517578125 137.3000030517578125 136.78125 133.5 131.125 129.712493896484375 128.09375 127.30625152587890625 127.1374969482421875 127.28749847412109375 125.52500152587890625 124.55625152587890625 125.08750152587890625 124.13124847412109375 123.2624969482421875 122.1875 121.3312530517578125 120.3000030517578125 119.33750152587890625 118.96875 120.5625 120.43125152587890625 120.75 124.1687469482421875 124.66249847412109375 124.05625152587890625 126.8625030517578125 129.53125 134.0437469482421875 138.9812469482421875 142.712493896484375 145.837493896484375 144.96875 145.3874969482421875 146.40625 144.0437469482421875 141.8562469482421875 140.006256103515625 136.5437469482421875 134.0500030517578125 129.7624969482421875
113.3000030517578125 112.8312530517578125 119.26874542236328125 123.4375 127.78125 129.475006103515625 130.0437469482421875 131.75 132.28125 132.15625 131.2375030517578125 130.7687530517578125 128.881256103515625 127.6999969482421875 126.46875 126.09375 125.4375 124.1875 123.875 123.50624847412109375 123.27500152587890625 121.90625 121.34375 124.1437530517578125 124.78749847412109375 126.6062469482421875 129.0437469482421875 128.006256103515625 128.4187469482421875 132.3312530517578125 136.524993896484375 140.068756103515625 143.912506103515625 147.712493896484375 150.1875 152.193756103515625 153.6125030517578125 154.068756103515625 152.493743896484375 149.3562469482421875 146.462493896484375 142.6125030517578125 139.443756103515625 135.725006103515625
112.11875152587890625 108.52500152587890625 108.9187469482421875 112.8625030517578125 119.59999847412109375 123.6437530517578125 126.24375152587890625 130.149993896484375 133.243743896484375 134.337493896484375 134.0187530517578125 131.912506103515625 130.8249969482421875 130.7937469482421875 129.493743896484375 128.399993896484375 126.97499847412109375 125.25 124.40000152587890625 123.15625 124.93125152587890625 123.03749847412109375 123.91249847412109375 127.58750152587890625 129.3562469482421875 131.7062530517578125 131.931243896484375 132.193756103515625 132.375 135.59375 140.46875 143.337493896484375 146.3562469482421875 150.9499969482421875 155.0124969482421875 155.756256103515625 156.8249969482421875 158.649993896484375 157.8562469482421875 155.2624969482421875 152.212493896484375 147.537506103515625 143.100006103515625 140.162506103515625
110.69374847412109375 106.66249847412109375 105.19374847412109375 103.63124847412109375 110.3000030517578125 118.65625 123.61875152587890625 127.2624969482421875 130.712493896484375 133.662506103515625 133.4875030517578125 131.587493896484375 131.0437469482421875 131.5812530517578125 129.8625030517578125 129.649993896484375 128.4499969482421875 126.39374542236328125 125.43125152587890625 125.125 125.96250152587890625 125.8312530517578125 126.82500457763671875 129.462493896484375 132.46875 134.1750030517578125 133.9499969482421875 134.6062469482421875 134.1750030517578125 136.46875 140.59375 146.662506103515625 148.774993896484375 151.5812530517578125 153.756256103515625 155.8000030517578125 156.59375 159.431243896484375 160.3249969482421875 158.087493896484375 151.399993896484375 147.2312469482421875 143.4499969482421875 141.774993896484375
110.8625030517578125 107.24375152587890625 105.5500030517578125 103.91249847412109375 106.65000152587890625 111.4187469482421875 117.81874847412109375 123.33750152587890625 126.09375 128.006256103515625 129.84375 129.8249969482421875 130.587493896484375 131.100006103515625 130.3937530517578125 130.3874969482421875 129.8937530517578125 129.28125 127.90000152587890625 126.71875 127.4812469482421875 128.225006103515625 128.287506103515625 130.75 134.375 136.78125 136.6125030517578125 136.7687530517578125 135.1999969482421875 136.568756103515625 140.6437530517578125 144.6062469482421875 146.7937469482421875 149.5187530517578125 151.40625 151.193756103515625 152.0187530517578125 156.5 160.8000030517578125 155.96875 149.125 144.0124969482421875 140.9499969482421875 140.65625
111.53749847412109375 107.875 106.3562469482421875 106.8562469482421875 109.4250030517578125 114.5812530517578125 117.5749969482421875 117.88124847412109375 118.3249969482421875 121.31874847412109375 125.72499847412109375 127.5437469482421875 129.381256103515625 130.25 131.1062469482421875 130.193756103515625 130.0437469482421875 130.6125030517578125 130.024993896484375 127.0625 129.03125 129.9812469482421875 130.59375 132.2375030517578125 135.1875 137.493743896484375 136.4812469482421875 135.3125 134.6687469482421875 135.662506103515625 139.0500030517578125 142.0124969482421875 143.0812530517578125 145.443756103515625 145.024993896484375 143.8187408447265625 143.743743896484375 145.818756103515625 146.837493896484375 143.8625030517578125 138.15625 133.774993896484375 131.8000030517578125 131.125
113.5124969482421875 110.6999969482421875 110.22499847412109375 110.7312469482421875 112.9875030517578125 116.8000030517578125 119.69374847412109375 120.1125030517578125 118.5812530517578125 118.2062530517578125 122.36875152587890625 124.6125030517578125 128.15625 129.006256103515625 129.568756103515625 128.943756103515625 128.712493896484375 129.6875 130.506256103515625 127.9812469482421875 129.03125 131.475006103515625 130.5749969482421875 133.78125 135.25 135.9562530517578125 134.743743896484375 134.368743896484375 134.649993896484375 134.274993896484375 137.318756103515625 135.993743896484375 133.462493896484375 131.5 130.4562530517578125 130.6750030517578125 130.5812530517578125 130.118743896484375 128.868743896484375 126.2624969482421875 121.8125 118.1875 117.09375 117.0749969482421875
114.3000030517578125 112.2687530517578125 112.3937530517578125 113.1750030517578125 116.11875152587890625 119.9812469482421875 122.71250152587890625 122.7062530517578125 122.03749847412109375 122.3125 123.96250152587890625 124.46250152587890625 126.84999847412109375 128.712493896484375 127.83750152587890625 127.72499847412109375 126.25624847412109375 127.3874969482421875 128.6374969482421875 128.71875 130.8000030517578125 131.806243896484375 130.6875 132.462493896484375 132.287506103515625 132.7624969482421875 131.9812469482421875 131.587493896484375 131.774993896484375 131.7375030517578125 130.443756103515625 127.24375152587890625 123.08750152587890625 120.90625 118.80625152587890625 117.375 116.6374969482421875 114.9499969482421875 112.03749847412109375 109.3625030517578125 105.71250152587890625 103.58750152587890625 100.1374969482421875 99.8125
116.75 114.9375 115.3625030517578125 116.125 118.66249847412109375 123.4812469482421875 126.375 124.7687530517578125 123.375 123.8000030517578125 125.5625 126.5749969482421875 126.7312469482421875 126.80625152587890625 125.00624847412109375 123.80625152587890625 121.66249847412109375 123.2375030517578125 125.0812530517578125 127.09999847412109375 132.5625 134.399993896484375 132.806243896484375 128.46875 129.40625 133.287506103515625 132.71875 130.3562469482421875 128.2687530517578125 126.4499969482421875 124.0749969482421875 119.6687469482421875 114.7312469482421875 110.59375 107.3000030517578125 104.6437530517578125 102.58750152587890625 99.9375 98.0749969482421875 94.31874847412109375 89.90625 87.5625 86.5812530517578125 84.49375152587890625
118.25 116.65625 117.24375152587890625 118.9812469482421875 121.41249847412109375 125.69374847412109375 129.243743896484375 127.84375 125.3000030517578125 124.3249969482421875 125.71875 126.61875152587890625 124.2312469482421875 122.1374969482421875 121.6125030517578125 119.59375 117.9250030517578125 118.66249847412109375 121.00624847412109375 125.75624847412109375 134.0812530517578125 136.756256103515625 134.618743896484375 128.46875 127.40000152587890625 128.6875 126.90625 124.49375152587890625 121.1125030517578125 118.43125152587890625 114.71875 109.8125 104.5625 100.96875 98.5187530517578125 95.3125 92.19374847412109375 89.19374847412109375 84.86875152587890625 79.8249969482421875 75.1062469482421875 72.5124969482421875 71.84375 69.90625
118.96875 117.4875030517578125 117.78125 118.55625152587890625 120.1750030517578125 123.74375152587890625 125.90625 125.0625 124.27500152587890625 123.90625 124.0187530517578125 124.40625 122.2375030517578125 116.83124542236328125 114.47499847412109375 113.59999847412109375 112.09999847412109375 113.74375152587890625 116.8125 121.58750152587890625 131.375 136.28125 134.84375 129.4875030517578125 124 123.18125152587890625 122.1750030517578125 120.0625 116.88124847412109375 112.28125 106.1374969482421875 100.21250152587890625 95.3937530517578125 90.5437469482421875 87.52500152587890625 85.3937530517578125 84.1687469482421875 82.02500152587890625 78.8562469482421875 71.1875 63.950000762939453125 62.625 61.143749237060546875 54.74375152587890625
118.59999847412109375 116.8874969482421875 116.30625152587890625 116.58750152587890625 118.03749847412109375 119.8312530517578125 121.03749847412109375 121.58750152587890625 121.1437530517578125 121.4812469482421875 120.53749847412109375 118.15000152587890625 115.6062469482421875 111 106.46250152587890625 106.125 105.08750152587890625 106.66249847412109375 109.09375 114.01874542236328125 123.52500152587890625 128.8125 130.6999969482421875 129.4499969482421875 125.5437469482421875 122.6125030517578125 119.66249847412109375 115.8562469482421875 111.1062469482421875 105.66249847412109375 100.43125152587890625 93.2062530517578125 87.1875 82.0625 79.1687469482421875 78.9250030517578125 79.70000457763671875 80.6374969482421875 78.78125 72.7375030517578125 60.8125 54.625 53.393749237060546875 51.756252288818359375
116.7062530517578125 114.3249969482421875 113.4187469482421875 113.6125030517578125 114.83750152587890625 114.6062469482421875 116.375 116.4875030517578125 115.97499847412109375 116.8874969482421875 114.9875030517578125 111.88124847412109375 108.28125 103.7375030517578125 98.4187469482421875 96.34999847412109375 96.02500152587890625 98.49375152587890625 100.3000030517578125 105.02500152587890625 114.94374847412109375 122.93125152587890625 128.162506103515625 130.1437530517578125 130.493743896484375 128.28125 122.7937469482421875 115.40000152587890625 108.21875 102.13124847412109375 93.6999969482421875 86.1875 81.1437530517578125 75.78125 71.1750030517578125 73.1999969482421875 78.90000152587890625 85.7937469482421875 88.56874847412109375 82.2062530517578125 72.22499847412109375 63.875 60.11875152587890625 56.006252288818359375
113.5 110.8312530517578125 110.46250152587890625 110.31874847412109375 110.22499847412109375 111.0437469482421875 111.7624969482421875 111.5187530517578125 111.59375 112.375 110.18125152587890625 105.83750152587890625 101.3937530517578125 96.9562530517578125 92.0500030517578125 87.6374969482421875 87.03125 90.44374847412109375 92.46875 97.38124847412109375 106.93125152587890625 117.80625152587890625 127.75 133.3874969482421875 135.4812469482421875 132.243743896484375 124.18125152587890625 116.1437530517578125 108.46250152587890625 100.18125152587890625 93.1687469482421875 84.0187530517578125 77.1875 72.53125 66.8312530517578125 72.24375152587890625 82.33750152587890625 90.65625 98.3125 95.80625152587890625 89.34999847412109375 77.46250152587890625 67.0749969482421875 58.6875
108.74375152587890625 106.72499847412109375 106.91249847412109375 106.9562530517578125 106.58750152587890625 107.4562530517578125 107.875 108.0500030517578125 107.9187469482421875 107.59375 105.9875030517578125 101.1374969482421875 95.43125152587890625 90.38124847412109375 87.1374969482421875 83.5437469482421875 79.80625152587890625 82.22499847412109375 85.71250152587890625 90.15000152587890625 99.7062530517578125 111.96875 125.99375152587890625 135.975006103515625 140.4562530517578125 134.5187530517578125 125.34375 116.7312469482421875 108.90000152587890625 100.90625 95.06874847412109375 89.18125152587890625 81.2312469482421875 75.25624847412109375 75.3000030517578125 79.28125 87.375 101.8937530517578125 117.34375 109.7062530517578125 97.32500457763671875 83.13124847412109375 69.3249969482421875 60.96250152587890625
103.53125 102.0500030517578125 101.52500152587890625 101.7375030517578125 102.40625 103.3937530517578125 103.4187469482421875 103.11875152587890625 103.5187530517578125 102.59999847412109375 100.8312530517578125 96.13124847412109375 90.5 85.55625152587890625 82.2312469482421875 79.40000152587890625 76.16249847412109375 74.58750152587890625 78.7062530517578125 82.22499847412109375 92.43125152587890625 103.96875 118.6374969482421875 130.1750030517578125 136.5749969482421875 132.193756103515625 125.0187530517578125 116.8312530517578125 108.1125030517578125 98.78125 91.96250152587890625 86.2375030517578125 87.53749847412109375 88.9187469482421875 85.6875 84.1875 94.75 107.3937530517578125 114.53125 109.2687530517578125 93.8874969482421875 80.09999847412109375 68.3562469482421875 62.28125
98.1062469482421875 96.46875 95.99375152587890625 96.8125 97.375 98.5749969482421875 98.6999969482421875 99.4375 99.5 98.65625 96.7062530517578125 91.6687469482421875 85.90000152587890625 81.28125 77.5625 75.6374969482421875 73.34999847412109375 70.94374847412109375 71.61875152587890625 74.65000152587890625 86.44374847412109375 103.0749969482421875 109.44374847412109375 119.4499969482421875 127.36875152587890625 130.087493896484375 125.58750152587890625 117.2312469482421875 111.09999847412109375 100.47499847412109375 91.78125 92.30625152587890625 100.9875030517578125 102.8562469482421875 101.63124847412109375 100.3249969482421875 102.90625 105.72499847412109375 106.2375030517578125 99.24375152587890625 86.8874969482421875 75.6374969482421875 66.65625 61.84375
