data/historical-monthly-weather-data/wc2.1_cruts4.09_10m_prec_1956-07.asc
ncols        45
nrows        45
xllcorner    -63.500000000000
yllcorner    -7.500000000000
cellsize     0.166666666667
NODATA_value -9999
[rows 19 to 37 of 45, columns 0 to 43 of 45]
187.3249969482421875 191.506256103515625 189.149993896484375 186.2375030517578125 181.743743896484375 180.618743896484375 170.3562469482421875 164.068756103515625 157.3000030517578125 146.3125 137.34375 134.5 128.0124969482421875 121.375 110.30625152587890625 98.2624969482421875 90.21875 94.5187530517578125 86.41249847412109375 81.4499969482421875 74.33750152587890625 76.38124847412109375 82.0749969482421875 86.83124542236328125 88.2937469482421875 85.0812530517578125 85 88.84375 89.25 88.6125030517578125 93.6999969482421875 105.15625 109.77500152587890625 113.9375 119.78125 128.806243896484375 134.256256103515625 136.693756103515625 137.225006103515625 131.8249969482421875 120.44374847412109375 109.78749847412109375 105.625 99.47499847412109375
170.381256103515625 184.59375 189.9562530517578125 183.318756103515625 175.912506103515625 174.4875030517578125 167.350006103515625 161.9187469482421875 154.0124969482421875 145.193756103515625 134.9875030517578125 131.912506103515625 127.2062530517578125 119.40000152587890625 108.84999847412109375 98.97499847412109375 92.5625 89.6437530517578125 88.59375 80.6437530517578125 81.48125457763671875 82.83750152587890625 85.63124847412109375 90.96875 91.5437469482421875 86.80625152587890625 81.8249969482421875 84.56874847412109375 88.3125 90.13124847412109375 97.22499847412109375 104.7375030517578125 104.88124847412109375 109.78125 115.7375030517578125 122.59999847412109375 128.037506103515625 127.875 125.1875 119.625 112.5625 106.8625030517578125 100.7937469482421875 95.88124847412109375
166.0749969482421875 169.725006103515625 177.5437469482421875 177.5187530517578125 174.274993896484375 166.118743896484375 160.381256103515625 155.318756103515625 149.725006103515625 141.8562469482421875 134.868743896484375 127.65625 121.4187469482421875 119.15625 113.52500152587890625 103.8562469482421875 100.27500152587890625 94.83750152587890625 91.40625 86.74375152587890625 82.72499847412109375 83.2624969482421875 85.7312469482421875 86.0124969482421875 83.93125152587890625 80.86875152587890625 83.49375152587890625 82.90625 89.3125 94.66249847412109375 97.75624847412109375 100.5500030517578125 101.4562530517578125 104.24375152587890625 106.8312530517578125 114.44374847412109375 119.2375030517578125 119.80625152587890625 117.7624969482421875 113.8125 108.4812469482421875 104.0812530517578125 99.4250030517578125 94.47499847412109375
161.3312530517578125 172.7937469482421875 176.6687469482421875 174.21875 169.78125 164.0500030517578125 150.6374969482421875 145.712493896484375 142.899993896484375 141.7312469482421875 136.8125 129.618743896484375 126.22499847412109375 121.6750030517578125 118.4187469482421875 113.08750152587890625 104.88124847412109375 96.8125 91.61875152587890625 88.8874969482421875 89.3000030517578125 86.3000030517578125 85.0812530517578125 84.30625152587890625 84.50624847412109375 80.00624847412109375 79.2937469482421875 82.40000152587890625 85.53125 88.46875 91.33750152587890625 95.3249969482421875 95.4499969482421875 95.47499847412109375 99.2312469482421875 102.4499969482421875 108.36875152587890625 108.08750152587890625 109.3125 108.40625 104.9187469482421875 99.11249542236328125 95.34375 90.6875
151.212493896484375 166.568756103515625 175.193756103515625 171.8562469482421875 167.34375 158.537506103515625 153.4875030517578125 145.725006103515625 138.78125 132.9812469482421875 129.9499969482421875 131.3937530517578125 127.81874847412109375 125.06874847412109375 118.4250030517578125 113.06874847412109375 104.31874847412109375 99.84999847412109375 93.8562469482421875 92.5187530517578125 89.3249969482421875 88.96875 86.7687530517578125 87.99375152587890625 86.61875152587890625 81.0187530517578125 81.90000152587890625 80.1062469482421875 81.21250152587890625 83.1750030517578125 85.9562530517578125 88.59375 87 85.5124969482421875 90.8937530517578125 91.75624847412109375 97.92499542236328125 101.33750152587890625 102.6750030517578125 101.6125030517578125 99.8562469482421875 95.11249542236328125 92.28749847412109375 87.5
145.712493896484375 162.368743896484375 173.524993896484375 172.431243896484375 169.162506103515625 157.818756103515625 151.3312530517578125 144.118743896484375 137.3625030517578125 134.6374969482421875 131.618743896484375 125.68125152587890625 126.90000152587890625 123.03749847412109375 115.99375152587890625 108.40625 102.90000152587890625 99.66249847412109375 95.61875152587890625 92.61875152587890625 91.02500152587890625 89.21875 90.53125 88.94374847412109375 84.40625 82.90000152587890625 79.03125 77.03125 76.15000152587890625 77.55625152587890625 76.52500152587890625 76.46875 77.76874542236328125 77.47499847412109375 79.08750152587890625 82.8249969482421875 89.28125 91.8562469482421875 94.59999847412109375 95.3937530517578125 93.125 90.85625457763671875 89 84.28125
148.868743896484375 164.818756103515625 167.3249969482421875 169.1062469482421875 165.743743896484375 156.431243896484375 149.212493896484375 141.462493896484375 133.40625 125.66249847412109375 128.46875 125.30625152587890625 120.21875 117.375 112.3249969482421875 106.875 100.93125152587890625 97.7312469482421875 94.93125152587890625 91.0500030517578125 91.9562530517578125 90.77500152587890625 91.34375 89.5500030517578125 84.05625152587890625 79.3562469482421875 76.86875152587890625 73.40000152587890625 70.3874969482421875 69.11875152587890625 67.6875 66.28125 66.1125030517578125 67.41249847412109375 71.34999847412109375 75.4812469482421875 80.9499969482421875 85.40000152587890625 87.90625 89.0500030517578125 89.8937530517578125 86.21875 83.8000030517578125 79.3000030517578125
145.9375 155.96875 162.4875030517578125 164.993743896484375 161.350006103515625 154.125 147.931243896484375 139.243743896484375 128.71875 127.9499969482421875 127.90000152587890625 124.2062530517578125 119.43125152587890625 113.3937530517578125 107.59375 105.0124969482421875 99.65000152587890625 94.61875152587890625 92.69374847412109375 90.375 88.3562469482421875 87.5 88.83750152587890625 89.0500030517578125 81.80625152587890625 74.3874969482421875 71.5 68.97499847412109375 66.31874847412109375 62.362499237060546875 61.41249847412109375 57.74375152587890625 57 61.40625 64.1999969482421875 69.4499969482421875 72.44374847412109375 76.71250152587890625 80.06874847412109375 82.6062469482421875 85.28749847412109375 83.08750152587890625 79.78749847412109375 75.125
143.681243896484375 148.3312530517578125 153.725006103515625 158.8874969482421875 156.03125 150.037506103515625 144.006256103515625 135.4250030517578125 128.837493896484375 126.09999847412109375 123.5 117.8000030517578125 113.4499969482421875 108.28125 102.3312530517578125 98.63124847412109375 94.90625 91.28125 86.84375 85.59375 85.90000152587890625 83.72499847412109375 81.19374847412109375 80.94374847412109375 76.50624847412109375 70.1437530517578125 67.1875 64.6875 62.05625152587890625 59.674999237060546875 57.34999847412109375 55.25624847412109375 54.5625 55.700000762939453125 58.61875152587890625 62.950000762939453125 65.63124847412109375 69.91249847412109375 73.8562469482421875 78.375 80.875 81.59375 76.77500152587890625 73.1750030517578125
138.975006103515625 143.818756103515625 150.2624969482421875 148.006256103515625 147.993743896484375 140.3937530517578125 133.9562530517578125 129.4250030517578125 123.41249847412109375 121.75 118.09999847412109375 112.44374847412109375 108.34999847412109375 104.48749542236328125 99.21250152587890625 95.13124847412109375 92.6687469482421875 86.6374969482421875 83.5749969482421875 82.03125 80.61875152587890625 78.125 76.21875 74.0625 70.3562469482421875 65.43125152587890625 62.78125 60.49375152587890625 59.74375152587890625 57.5 54.52500152587890625 52.71875 51.53125 51.700000762939453125 53.88124847412109375 57.53749847412109375 60.25624847412109375 64.0437469482421875 67.5812530517578125 70.03749847412109375 74.34999847412109375 73.08750152587890625 70.81874847412109375 67.84999847412109375
130.0437469482421875 138.4812469482421875 141.931243896484375 140.2624969482421875 137.0812530517578125 132.0124969482421875 125.31874847412109375 123.71875 120.38124847412109375 116.4375 112.93125152587890625 109.78749847412109375 105.40000152587890625 99.68125152587890625 94.86249542236328125 90.9187469482421875 86.7375030517578125 82.9812469482421875 78.7687530517578125 76.09375 75.2312469482421875 72.375 70.43125152587890625 67.0625 64.2312469482421875 60.65000152587890625 58.05625152587890625 56.518749237060546875 55.950000762939453125 53.668750762939453125 51.53125 49.46250152587890625 48.125 48.34999847412109375 49.33750152587890625 51.768749237060546875 55.71875 57.78749847412109375 59.112499237060546875 61.55625152587890625 65.7312469482421875 65.4812469482421875 63.606250762939453125 60.418750762939453125
123.5124969482421875 130.568756103515625 128.381256103515625 131.2062530517578125 130.850006103515625 127.47499847412109375 121.3125 117.59375 114.69374847412109375 111.6875 109.22499847412109375 104.8625030517578125 102.9875030517578125 95.21875 89.53749847412109375 86.34999847412109375 84.34999847412109375 78.0187530517578125 72.43125152587890625 71.53125 70.7937469482421875 67.84375 64.88124847412109375 60.75624847412109375 57.512500762939453125 56.28749847412109375 54.21250152587890625 52.018749237060546875 50.418750762939453125 49.393749237060546875 47.86875152587890625 46.825000762939453125 45.918750762939453125 46.15625 46.53125 47.475002288818359375 49.81874847412109375 52.75 52.59375 52.606250762939453125 55.125 56.66249847412109375 55.5 52.49375152587890625
116.49375152587890625 117.94374847412109375 116.1875 116.68125152587890625 118.9499969482421875 117.9250030517578125 115.5812530517578125 111.6750030517578125 109.9375 105.58750152587890625 103.75624847412109375 101.86875152587890625 97.43125152587890625 93.53749847412109375 88.3249969482421875 84.1062469482421875 80.3125 74.24375152587890625 68.15000152587890625 67.3249969482421875 64.7375030517578125 62.27500152587890625 58.731250762939453125 55.03749847412109375 53.3125 50.94374847412109375 49.5 48.643749237060546875 46.28125 45.575000762939453125 45.21250152587890625 44.231250762939453125 43.02500152587890625 43.012500762939453125 43.61875152587890625 43.71875 45.71875 45.543750762939453125 45.50624847412109375 46.78749847412109375 48.56874847412109375 48.53125 47.50624847412109375 46.81874847412109375
105.8937530517578125 105.84375 102.90000152587890625 102.7687530517578125 105.1062469482421875 104.58750152587890625 104.25624847412109375 102.53125 98.7937469482421875 98.875 99.6062469482421875 95.4375 92.65625 90.625 86.1875 80.1125030517578125 74.3562469482421875 71.1999969482421875 66.93125152587890625 65.1062469482421875 61.71250152587890625 57.84999847412109375 53.65625 51.21875 50.21875 47.768749237060546875 47.137500762939453125 45.424999237060546875 44.299999237060546875 42.918750762939453125 42.200000762939453125 41.00624847412109375 39.299999237060546875 39.28125 40.27500152587890625 41.112499237060546875 40.706249237060546875 40.299999237060546875 40.362499237060546875 42.356250762939453125 43.543750762939453125 43.768749237060546875 41.549999237060546875 41.362499237060546875
95.4875030517578125 95.3874969482421875 94.5500030517578125 94.5749969482421875 94.46875 91.69374847412109375 91.38124847412109375 88.6687469482421875 89.6374969482421875 88.4562530517578125 89.96250152587890625 89.40625 88.5625 85.41249847412109375 81.03125 74.6437530517578125 70.21250152587890625 66.7062530517578125 62.875 60.53125 58.06874847412109375 53.27500152587890625 50.53125 48.643749237060546875 46.46875 44.174999237060546875 43.47499847412109375 42.88124847412109375 41.706249237060546875 40.61875152587890625 39.71250152587890625 38.21250152587890625 36.53125 36.77500152587890625 37.206249237060546875 37.112499237060546875 35.918750762939453125 35.731250762939453125 36.66249847412109375 37.543750762939453125 38.700000762939453125 39.33750152587890625 38.981250762939453125 37.918750762939453125
86.7687530517578125 84.00624847412109375 85.5187530517578125 85.06874847412109375 85.91249847412109375 83.7062530517578125 81.4187469482421875 79.24375152587890625 77.40625 77.4812469482421875 80.52500152587890625 83.08750152587890625 85.88750457763671875 84.41249847412109375 77.75624847412109375 71.65000152587890625 66.59999847412109375 62.61875152587890625 59.97499847412109375 56.56874847412109375 54.112499237060546875 51.174999237060546875 47.875 45.887500762939453125 43.75624847412109375 41.41249847412109375 40.8125 40.21875 39.03125 36.231250762939453125 35.40625 35.262500762939453125 34.268749237060546875 34.03125 33.418750762939453125 33.09375 32.65000152587890625 33.03125 33.11875152587890625 33.0625 33.393749237060546875 33.231250762939453125 34.418750762939453125 34.049999237060546875
76.4250030517578125 75.53125 77.5437469482421875 75.6875 75.8125 73.3874969482421875 71.71875 69.6374969482421875 67.7312469482421875 66.6687469482421875 69.41249847412109375 73.93125152587890625 79.40625 76.7937469482421875 72.7312469482421875 67.53125 63.293750762939453125 59.043750762939453125 55.387500762939453125 52.66249847412109375 48.5 47.27500152587890625 43.981250762939453125 41.97499847412109375 39.5625 38.981250762939453125 38.41249847412109375 37.825000762939453125 36.58750152587890625 34.09375 33.08750152587890625 33.06874847412109375 31.918750762939453125 31.681249618530273438 31.100000381469726562 30.131250381469726562 30 29.899999618530273438 30.575000762939453125 30.493749618530273438 29.868749618530273438 30.024999618530273438 29.625 29.587499618530273438
66.25 67.0749969482421875 67.9812469482421875 65.96875 65.9250030517578125 65.21875 63.700000762939453125 61.668750762939453125 59.00624847412109375 55.875 59.33750152587890625 65.3125 69.50624847412109375 68.3874969482421875 66.25 62.543750762939453125 58.375 54.00624847412109375 50.58750152587890625 48.36875152587890625 44.5625 42.06874847412109375 39.706249237060546875 38.756252288818359375 36.75624847412109375 35.94374847412109375 35.55625152587890625 34.731250762939453125 33.66249847412109375 32.33750152587890625 31.03125 30.125 28.931249618530273438 28.662500381469726562 28.112499237060546875 26.918750762939453125 26.5625 27.368749618530273438 28.193750381469726562 27.606250762939453125 26.631250381469726562 26.681249618530273438 26.181249618530273438 26.762500762939453125
56.393749237060546875 58.16249847412109375 57.49375152587890625 57.84999847412109375 57.825000762939453125 57.21875 56.237499237060546875 54.52500152587890625 52.47499847412109375 48.94374847412109375 55.668750762939453125 60.706249237060546875 62.125 61.84999847412109375 60.77500152587890625 57.862499237060546875 52.75624847412109375 50.43125152587890625 46.643749237060546875 44.356250762939453125 41.71875 39.112499237060546875 36.36875152587890625 35.706249237060546875 34.71250152587890625 33.84999847412109375 33.112499237060546875 32.36875152587890625 31.475000381469726562 29.78125 27.381250381469726562 26.9375 25.90625 25.806249618530273438 24.6875 23.399999618530273438 24.081249237060546875 24.493749618530273438 25.068750381469726562 24.756250381469726562 24.024999618530273438 24.600000381469726562 23.981250762939453125 22.506250381469726562
