data/historical-monthly-weather-data/wc2.1_cruts4.09_10m_prec_2002-09.asc
ncols        45
nrows        45
xllcorner    -63.500000000000
yllcorner    -7.500000000000
cellsize     0.166666666667
NODATA_value -9999
[rows 19 to 37 of 45, columns 0 to 43 of 45]
151.8625030517578125 148.7375030517578125 144.443756103515625 141.506256103515625 138.993743896484375 137.5625 134.65625 130.681243896484375 128.256256103515625 123.7375030517578125 118.2312469482421875 111.1750030517578125 103.25624847412109375 95.49375152587890625 88.22499847412109375 82.53749847412109375 75.8562469482421875 72.71250152587890625 68.33750152587890625 66.55625152587890625 60.22499847412109375 54.331249237060546875 51.037502288818359375 49.86875152587890625 48.125 45.08750152587890625 42.94374847412109375 41.11875152587890625 37.78125 35.09375 33.77500152587890625 36.75624847412109375 37.84999847412109375 39.36875152587890625 39.36875152587890625 35.93125152587890625 32.28125 29.193750381469726562 26.287500381469726562 22.837499618530273438 19.068750381469726562 16.068750381469726562 14.84375 14.28125
143.3625030517578125 141.712493896484375 139.2687530517578125 137.03125 134.7687530517578125 132.7624969482421875 131.056243896484375 128.506256103515625 127.3125 124.38124847412109375 119.2624969482421875 113.46250152587890625 105.6374969482421875 96.75 90.1374969482421875 82.7062530517578125 76.15625 71.19374847412109375 69.125 65.30625152587890625 61.424999237060546875 57.331249237060546875 53.21250152587890625 51.737499237060546875 50.456249237060546875 47.69374847412109375 45.09999847412109375 42.3125 39.81874847412109375 39.58750152587890625 39.950000762939453125 42.518749237060546875 43.68125152587890625 45.50624847412109375 47.331249237060546875 41.737499237060546875 34.825000762939453125 29.96875 26.137500762939453125 22.693750381469726562 19.631250381469726562 17.306249618530273438 15.918749809265136719 15.149999618530273438
136.850006103515625 133.7062530517578125 131.774993896484375 130.287506103515625 129.743743896484375 129.475006103515625 128.1062469482421875 127.31874847412109375 126.8562469482421875 124.88124847412109375 120.9499969482421875 116.1437530517578125 110.33750152587890625 102.53125 95.1750030517578125 86.6374969482421875 79.91249847412109375 74.40625 71.7624969482421875 67.9187469482421875 62.168750762939453125 58.09375 54.33750152587890625 52.5625 50.56874847412109375 48.231250762939453125 47.30625152587890625 44.981250762939453125 43.893749237060546875 44.44374847412109375 45.28749847412109375 46.987499237060546875 47.36875152587890625 47.97499847412109375 46.31874847412109375 41.5625 35.09999847412109375 30.287500381469726562 26.318750381469726562 23.193750381469726562 20.59375 18.806249618530273438 17.668750762939453125 16.78125
131.3249969482421875 129.743743896484375 127.03749847412109375 126.0124969482421875 125.5625 125.6687469482421875 125.8937530517578125 126.0749969482421875 127.375 125.50624847412109375 124.1437530517578125 120.72499847412109375 117.55625152587890625 110.8000030517578125 100.8874969482421875 91.69374847412109375 83.69374847412109375 78.43125152587890625 74.03125 69.99375152587890625 64.50624847412109375 60.22499847412109375 56.018749237060546875 53.16249847412109375 51.362499237060546875 49.02500152587890625 48.06874847412109375 47.606250762939453125 46.768749237060546875 47.331249237060546875 48.96875 50.981250762939453125 49.918750762939453125 48.15000152587890625 44.71250152587890625 39.143749237060546875 34.11875152587890625 29.768749237060546875 26.381250381469726562 24 22.087499618530273438 20.493749618530273438 19.331249237060546875 18.331249237060546875
128.4499969482421875 125.31874847412109375 123.52500152587890625 121.7937469482421875 120.4562530517578125 122.22499847412109375 123.36875152587890625 123.7687530517578125 125.15000152587890625 124.3625030517578125 123.0187530517578125 122.6125030517578125 122.53749847412109375 115.68125152587890625 104.6999969482421875 94.91249847412109375 87.0749969482421875 81.66249847412109375 77.2312469482421875 72.55625152587890625 67.1750030517578125 62.21875 58.5 55.63124847412109375 53.168750762939453125 50.1875 49.1875 48.831249237060546875 49.24375152587890625 50.325000762939453125 51.90000152587890625 53.84375 51.59999847412109375 48.606250762939453125 44.71875 38.72499847412109375 34.1875 30.568750381469726562 27.5625 25.631250381469726562 23.71875 22.262500762939453125 21.3125 20.424999237060546875
127.3249969482421875 123.25624847412109375 120.3937530517578125 118.0187530517578125 119.7375030517578125 120.85625457763671875 121.5 122.15000152587890625 122.96875 123.125 122.6062469482421875 121.0124969482421875 119.375 114.375 105.7312469482421875 96.7937469482421875 89.6750030517578125 83.93125152587890625 79.2375030517578125 75.1437530517578125 70.0500030517578125 64.8874969482421875 61.69374847412109375 58.71250152587890625 54.94374847412109375 52.481250762939453125 51.487499237060546875 51.299999237060546875 51.700000762939453125 53.21875 54.65000152587890625 56.03125 53.90625 50.28125 45.737499237060546875 40.18125152587890625 36.137500762939453125 32.52500152587890625 29.512500762939453125 27.356248855590820312 25.381250381469726562 24.28125 23.481250762939453125 23.143749237060546875
128.818756103515625 126.0437469482421875 121.125 119.40625 118.59375 119.1750030517578125 120.2312469482421875 120.63124847412109375 121.0500030517578125 121.53125 119.90000152587890625 118.3625030517578125 116.0187530517578125 111.36875152587890625 104.75 97.59999847412109375 90.8874969482421875 85.96875 81.31874847412109375 77.14374542236328125 72.31874847412109375 67.30625152587890625 64.36875152587890625 61.424999237060546875 57.71875 54.512500762939453125 54.293750762939453125 54.72499847412109375 54.831249237060546875 56.375 57.799999237060546875 59.30625152587890625 55.862499237060546875 51.825000762939453125 47.71250152587890625 43.30625152587890625 38.77500152587890625 34.981250762939453125 32.28125 29.725000381469726562 27.8125 26.568750381469726562 25.768749237060546875 25.674999237060546875
132.056243896484375 127.7312469482421875 123.4875030517578125 121.53749847412109375 119.46250152587890625 119.80625152587890625 119.80625152587890625 119.09999847412109375 118.125 118.34999847412109375 117.8937530517578125 116.3937530517578125 113.4875030517578125 109.6437530517578125 104.13124847412109375 97.9875030517578125 92.8625030517578125 87.52500152587890625 83.1437530517578125 79.0749969482421875 74.84999847412109375 70.16249847412109375 67.0187530517578125 65.2312469482421875 61.31874847412109375 58.393749237060546875 58.25 58.13124847412109375 58.34999847412109375 59.625 60.83750152587890625 61.481250762939453125 58.71250152587890625 54.49375152587890625 49.825000762939453125 45.78125 41.71875 37.71875 34.96875 32.46250152587890625 30.137500762939453125 29.087499618530273438 28.481250762939453125 27.956249237060546875
135.1125030517578125 130.774993896484375 127.1062469482421875 123.3312530517578125 121.3312530517578125 120.34999847412109375 119.8249969482421875 118.6750030517578125 116.84999847412109375 116.8937530517578125 115.88124847412109375 114.09375 111.43125152587890625 108.8249969482421875 103.65000152587890625 98.33750152587890625 93.49375152587890625 88.71875 84.53125 81.2312469482421875 77.1750030517578125 73.1750030517578125 70.28125 68.2375030517578125 65.43125152587890625 62.36875152587890625 62.043750762939453125 62 62.19374847412109375 63.63124847412109375 64.1062469482421875 64.53125 61.71875 57.09999847412109375 52.518749237060546875 48.387500762939453125 44.950000762939453125 41.268749237060546875 38.362499237060546875 35.63124847412109375 33.21250152587890625 32.22499847412109375 30.975000381469726562 30.662500381469726562
138.4562530517578125 133.6437530517578125 128.712493896484375 124.44374847412109375 121.6062469482421875 119.6374969482421875 118.28749847412109375 117.25624847412109375 115.83750152587890625 114.94374847412109375 113.5500030517578125 111.38124847412109375 110.09999847412109375 107.0625 102.4250030517578125 99.25624847412109375 96.1750030517578125 89.71250152587890625 85.55625152587890625 82.61875152587890625 79.46250152587890625 76.36875152587890625 74.0500030517578125 72.24375152587890625 68.9375 66.53125 66.19374847412109375 66.5749969482421875 67.3874969482421875 67.66249847412109375 67.49375152587890625 67.44374847412109375 63.90000152587890625 59.59375 55.71875 51.481250762939453125 48.44374847412109375 45.200000762939453125 42.393749237060546875 39.387500762939453125 35.856250762939453125 34.21875 33.549999237060546875 33.56874847412109375
140.181243896484375 135.3187408447265625 128.8125 123.99375152587890625 120.5437469482421875 118.9250030517578125 117.7062530517578125 116.55625152587890625 114.90625 113.34375 111.6374969482421875 110.53125 109.0437469482421875 106.61875152587890625 103.65625 99.96875 96.2062530517578125 91.53125 86.83750152587890625 83.90625 81.71875 79.7937469482421875 77.3562469482421875 75.34375 73.3937530517578125 72 71.36875152587890625 71.24375152587890625 71.1750030517578125 71.46250152587890625 71.7062530517578125 71.4375 67.4562530517578125 63.08750152587890625 59.41249847412109375 55.581249237060546875 52.668750762939453125 50.075000762939453125 46.36875152587890625 44 40.94374847412109375 38.918750762939453125 37.53749847412109375 37.387500762939453125
138.8625030517578125 134.506256103515625 129.5437469482421875 123.5749969482421875 120.375 119.1750030517578125 116.9499969482421875 115.4812469482421875 114.1687469482421875 112.875 110.97499847412109375 109.625 110.0625 107.5 104.2375030517578125 100.69374847412109375 98.2375030517578125 93.93125152587890625 89.3312530517578125 87.06874847412109375 85.125 84.0187530517578125 82.31874847412109375 80.22499847412109375 78.2375030517578125 77.2687530517578125 76.5625 76.125 75.9187469482421875 74.8125 75.24375152587890625 74.93125152587890625 70.78749847412109375 67.4875030517578125 63.862499237060546875 59.450000762939453125 56.625 54.46250152587890625 51.706249237060546875 49.15625 45.875 43.50624847412109375 41.80625152587890625 41.137500762939453125
138.037506103515625 132.40625 127.27500152587890625 122.75624847412109375 120.8312530517578125 118.55625152587890625 116.6750030517578125 115.25624847412109375 114.24375152587890625 112.5187530517578125 111.06874847412109375 109.625 108.25624847412109375 107.4375 105.6999969482421875 104.2062530517578125 101.25 97.3874969482421875 94.08750152587890625 92.53749847412109375 91.18125152587890625 88.6437530517578125 87.31874847412109375 85.05625152587890625 84.5500030517578125 82.3937530517578125 81.125 81.4375 80.9875030517578125 79.6687469482421875 79.46250152587890625 77.97499847412109375 74.31874847412109375 70.9562530517578125 67.2624969482421875 62.97499847412109375 60.087497711181640625 57.34375 54.96250152587890625 52.731250762939453125 50.11875152587890625 47.793750762939453125 46.24375152587890625 45.1875
131.7375030517578125 127.8249969482421875 123.0187530517578125 119.63750457763671875 117.9187469482421875 116.33750152587890625 115.2937469482421875 113.375 112.50624847412109375 110.7687530517578125 112.5 110.2937469482421875 109.59999847412109375 110.90000152587890625 109.4875030517578125 108.9499969482421875 106.9875030517578125 104.8937530517578125 101.90000152587890625 100.3125 97.96250152587890625 95.1875 92.27500152587890625 90.3249969482421875 89.6437530517578125 87.3249969482421875 86.1374969482421875 86.1687469482421875 85.8249969482421875 85.34375 84.1125030517578125 82.55625152587890625 78.38124847412109375 74.95000457763671875 71.7687530517578125 67.4875030517578125 64.05625152587890625 60.418750762939453125 58.393749237060546875 57.0625 54.956249237060546875 52.99375152587890625 51.737499237060546875 50.53125
123.80625152587890625 121.68125152587890625 119.0437469482421875 116.5500030517578125 114.75624847412109375 113.59999847412109375 113.2062530517578125 111.9250030517578125 110.69374847412109375 110.5625 111.06874847412109375 112.1999969482421875 112 111.6687469482421875 112.38124847412109375 112.55625152587890625 113.16249847412109375 112.0500030517578125 110.34999847412109375 108.77500152587890625 105.8562469482421875 101.875 98.1875 95.43125152587890625 93.6750030517578125 91.5500030517578125 90.5 90.5500030517578125 89.95624542236328125 89.19374847412109375 88.31874847412109375 86.8125 82.8249969482421875 79.03749847412109375 75.8312530517578125 72.7624969482421875 68.3249969482421875 64.34375 62.706249237060546875 61 59.09999847412109375 58.34375 57.793750762939453125 56.8125
117.0124969482421875 115.72499847412109375 114.36875152587890625 113.5749969482421875 112.6437530517578125 111.24375152587890625 111.41249847412109375 110.6125030517578125 108.9812469482421875 109.47499847412109375 111.55625152587890625 114.1437530517578125 114.6999969482421875 115.1875 116.52500152587890625 118.125 119.1999969482421875 118.1687469482421875 118.8249969482421875 117.1374969482421875 114.2937469482421875 109.4562530517578125 103.84999847412109375 100.27500152587890625 97.18125152587890625 95.8874969482421875 95.4250030517578125 94.84999847412109375 94.21875 92.96875 91.8562469482421875 89.7937469482421875 86.19374847412109375 82.7375030517578125 79.1437530517578125 75.27500152587890625 71.625 68.86875152587890625 66.875 65.61875152587890625 63.075000762939453125 62.02500152587890625 62.34999847412109375 61.424999237060546875
110.33750152587890625 108.9875030517578125 108.6687469482421875 108.43125152587890625 108.02500152587890625 107.7062530517578125 107.0812530517578125 107.6875 107.1125030517578125 107.4187469482421875 110.31874847412109375 113.3000030517578125 116.30625152587890625 118.6999969482421875 120.5437469482421875 122.9375 124.3125 124.8249969482421875 125.8562469482421875 126.03125 121.40625 115.83750152587890625 108.7375030517578125 104.03749847412109375 101.09375 99.18125152587890625 98.1374969482421875 97.9187469482421875 97.53749847412109375 95.83750152587890625 94.7312469482421875 92.9812469482421875 89.00624847412109375 85.81874847412109375 82.43125152587890625 78.40000152587890625 76.2937469482421875 73.40000152587890625 71.53125 70.0749969482421875 68.5500030517578125 67.28749847412109375 66.6999969482421875 66.125
103.84999847412109375 103.0124969482421875 102.77500152587890625 102.43125152587890625 103.33750152587890625 103.5625 104.0500030517578125 104.69374847412109375 105.1999969482421875 104.9875030517578125 109.3562469482421875 116.7312469482421875 120.7062530517578125 123.4250030517578125 126.03125 127.7937469482421875 129.912506103515625 129.5749969482421875 129.8000030517578125 129.506256103515625 126.13124847412109375 118.75 111.78125 106.4875030517578125 103.3625030517578125 101.63124847412109375 100.22499847412109375 99.6687469482421875 99.46875 98.21250152587890625 96.74375152587890625 95.2624969482421875 92.1999969482421875 89.3000030517578125 86.21875 83.16249847412109375 80.84999847412109375 78.75624847412109375 76.46875 74.5437469482421875 72.90625 71.36875152587890625 71.125 70.90625
97.1750030517578125 97.19374847412109375 97.44374847412109375 97.1687469482421875 98.55625152587890625 100.00624847412109375 101.46250152587890625 103.25624847412109375 105.03125 105.5500030517578125 116.61875152587890625 123.80625152587890625 126.53125 128.6875 130.9312591552734375 133.118743896484375 133.118743896484375 132.75 131.068756103515625 128.9187469482421875 126.1999969482421875 119.53749847412109375 113.3000030517578125 108.00624847412109375 104.4875030517578125 102.31874847412109375 101.8125 101.74375152587890625 101.65625 100.52500152587890625 97.63124847412109375 95.9812469482421875 93.59375 92.2937469482421875 90.02500152587890625 86.0187530517578125 84.0500030517578125 82.11875152587890625 81.25 79.81874847412109375 77.0749969482421875 76.78125 75.03125 74.1062469482421875
