data/historical-monthly-weather-data/wc2.1_cruts4.09_10m_prec_2008-02.asc
ncols        45
nrows        45
xllcorner    -63.500000000000
yllcorner    -7.500000000000
cellsize     0.166666666667
NODATA_value -9999
[rows 20 to 39 of 45, columns 0 to 44 of 45]
327.712493896484375 328.056243896484375 332.79998779296875 338.70623779296875 348.23748779296875 358.306243896484375 369.4375 380.41876220703125 389.65625 397.0625 403.16876220703125 415.225006103515625 429.524993896484375 442 427.11248779296875 400.368743896484375 377.23748779296875 356.83123779296875 345.88751220703125 335.118743896484375 319.9375 302.774993896484375 285.23748779296875 272.85626220703125 261.83123779296875 252.7062530517578125 250.631256103515625 249.5187530517578125 249.5124969482421875 250.6687469482421875 246.6125030517578125 236.6750030517578125 217.100006103515625 194.03125 173.3874969482421875 181.5124969482421875 199.556243896484375 212.693756103515625 219.149993896484375 219.774993896484375 216.0437469482421875 212.3125 209.28125 206.368743896484375 205.568756103515625
320.868743896484375 323.412506103515625 330.1875 339.96875 350.08123779296875 361.91876220703125 374.26251220703125 386.412506103515625 395.73126220703125 400.09375 401.46875 405.45001220703125 410.4375 413.10626220703125 407.39373779296875 392.681243896484375 376.462493896484375 359.48748779296875 346.475006103515625 335.08123779296875 317.600006103515625 301.056243896484375 287.26873779296875 274.45623779296875 263.5625 255.3312530517578125 254.1750030517578125 253.431243896484375 254.1687469482421875 256.60626220703125 255.3562469482421875 246.2687530517578125 228.6875 210.556243896484375 197.6687469482421875 201.09375 212.5625 220.806243896484375 223.056243896484375 221.1437530517578125 217.118743896484375 213.6062469482421875 209.899993896484375 206.193756103515625 205.493743896484375
318.63751220703125 323.57501220703125 330.54998779296875 341.4375 352.29376220703125 366.35626220703125 377.850006103515625 391.193756103515625 401.34375 400.75 395.625 391.0625 387.01873779296875 386.79998779296875 387.774993896484375 382.024993896484375 371.48748779296875 357.931243896484375 344.41876220703125 330.85626220703125 314.64373779296875 298.51251220703125 284.70001220703125 272.04998779296875 262.537506103515625 255.806243896484375 255.0124969482421875 255.1750030517578125 257.256256103515625 261.57501220703125 263.524993896484375 259.98748779296875 244.287506103515625 230.631256103515625 224.868743896484375 227.9375 232.4375 233.787506103515625 230.756256103515625 224.3125 218.3625030517578125 214.287506103515625 210.037506103515625 206.100006103515625 205.587493896484375
320.850006103515625 325.82501220703125 333.61248779296875 342.875 354.318756103515625 368.23748779296875 381.07501220703125 392.14373779296875 400.29376220703125 396.29998779296875 388.681243896484375 380.181243896484375 367.850006103515625 369.45623779296875 373.568756103515625 371.08123779296875 363.912506103515625 353.600006103515625 340.91876220703125 326.943756103515625 310.100006103515625 293.70623779296875 279.518768310546875 267.90625 259.943756103515625 253.1687469482421875 254.3937530517578125 256.35626220703125 258.600006103515625 264.25 268 266.61248779296875 255.53125 246.53125 244.4187469482421875 248.4562530517578125 248.931243896484375 243.0374908447265625 235.318756103515625 226.6062469482421875 219.462493896484375 214.381256103515625 210.181243896484375 206.899993896484375 207.8874969482421875
329.181243896484375 331.962493896484375 338.787506103515625 348.48748779296875 360.89373779296875 371.618743896484375 382.71875 391.475006103515625 394.5625 391.612518310546875 384.70001220703125 376.631256103515625 368.98126220703125 366.70001220703125 366.399993896484375 364.78125 360.23126220703125 350.625 338.462493896484375 324.381256103515625 307.443756103515625 289.5 273.60626220703125 261.84375 254.399993896484375 252.4250030517578125 253.6750030517578125 257.01873779296875 259.462493896484375 264.51873779296875 267.493743896484375 266.587493896484375 260.60626220703125 255.3874969482421875 253.7624969482421875 253.256256103515625 250.9375 243.8249969482421875 235.2375030517578125 226.3625030517578125 218.8937530517578125 213.7312469482421875 210.087493896484375 208.2624969482421875 209.100006103515625
345.90625 346.95001220703125 350.431243896484375 358.431243896484375 368.756256103515625 377.76251220703125 384.875 390.98748779296875 392.17498779296875 389.46875 383.73748779296875 377.92498779296875 373.1875 368.456268310546875 366.712493896484375 363.431243896484375 358.73748779296875 349.3125 338.431243896484375 324.29998779296875 306.21875 286.0625 267.65625 253.9875030517578125 250.556243896484375 251.287506103515625 255.59375 257.95001220703125 260.51251220703125 263.850006103515625 265.8125 265.556243896484375 261.837493896484375 258.443756103515625 256.350006103515625 253.256256103515625 248.881256103515625 242.0749969482421875 232.59375 224.1750030517578125 217.006256103515625 212.4187469482421875 208.7375030517578125 207.4875030517578125 210.59375
364.368743896484375 363.125 364.03125 370.243743896484375 376.36248779296875 381.287506103515625 386.631256103515625 388.98126220703125 389.975006103515625 389.368743896484375 386.65625 382.625 379.556243896484375 376.181243896484375 372.537506103515625 369.037506103515625 362.912506103515625 353.1875 341.09375 325.98126220703125 306.88751220703125 286.57501220703125 265.725006103515625 250.8000030517578125 251.399993896484375 253.6750030517578125 257.71875 260.25 261.625 264.256256103515625 266.16876220703125 264.868743896484375 261.625 260.181243896484375 256.33123779296875 252.287506103515625 247.037506103515625 239.318756103515625 230.8125 222.375 215.100006103515625 210.600006103515625 207.1875 206.068756103515625 211.537506103515625
384.056243896484375 379.46875 379.10626220703125 381.45623779296875 383.59375 384.64373779296875 388.14373779296875 390.881256103515625 391.58123779296875 392.350006103515625 390.375 387.8125 385.462493896484375 382.75 379.024993896484375 375.024993896484375 367.92498779296875 359.274993896484375 346.20623779296875 331.443756103515625 313.418731689453125 293.693756103515625 276.881256103515625 263.95001220703125 259.912506103515625 260.45623779296875 262.95001220703125 264.59375 264.9375 266.82501220703125 267.868743896484375 267.04998779296875 264.88751220703125 260.881256103515625 256.037506103515625 251.256256103515625 244.274993896484375 237.212493896484375 228.53125 219.8312530517578125 212.6374969482421875 209.1437530517578125 206.274993896484375 206.4187469482421875 213.868743896484375
401.21875 395.54998779296875 391.962493896484375 391.26251220703125 391.056243896484375 389.86248779296875 391.20001220703125 392.181243896484375 393.88751220703125 395.625 394.850006103515625 392.98126220703125 390.774993896484375 390.14373779296875 386.712493896484375 383.375 377.38751220703125 367.0625 355.59375 340.300018310546875 323.537506103515625 304.881256103515625 290.96875 279.462493896484375 272.13751220703125 269.412506103515625 270.48126220703125 270.662506103515625 271.09375 271.89373779296875 271.08123779296875 270.32501220703125 266.506256103515625 261.76873779296875 256.868743896484375 250.2937469482421875 243.6125030517578125 236.3000030517578125 228.75 219.3125 210.368743896484375 206.818756103515625 206.506256103515625 209.556243896484375 218.4812469482421875
413.5 405.212493896484375 399.850006103515625 396.193756103515625 395.162506103515625 393.70001220703125 393.368743896484375 393.756256103515625 394.8125 397.493743896484375 398.46875 398.42498779296875 397.524993896484375 397.881256103515625 395.625 390.95001220703125 386.36248779296875 379.46875 368.89373779296875 353.15625 335.612518310546875 318.831268310546875 305.506256103515625 293.29376220703125 284.26873779296875 279.54998779296875 278.618743896484375 277.068756103515625 276.149993896484375 275.662506103515625 275.506256103515625 274.53125 269.64373779296875 264.8125 258.975006103515625 252.4250030517578125 244.5187530517578125 237.5187530517578125 229.125 220.1125030517578125 214.1999969482421875 212.8625030517578125 212.9187469482421875 217.25 222.524993896484375
421.32501220703125 412.225006103515625 403.76873779296875 399.006256103515625 395.54998779296875 394.79998779296875 394.51873779296875 395.33123779296875 396.824981689453125 399.32501220703125 403.587493896484375 405.4375 406.63751220703125 405.681243896484375 402.76873779296875 399.83123779296875 396.3125 391.125 383 367.256256103515625 349.14373779296875 331.75 317.693756103515625 305.01251220703125 295.13751220703125 289.306243896484375 286.556243896484375 284.100006103515625 281.9375 280.725006103515625 280.006256103515625 278.92498779296875 274.88751220703125 270.01251220703125 264.181243896484375 255.5749969482421875 247.431243896484375 240.556243896484375 232.1437530517578125 223.006256103515625 218.3249969482421875 219.75 221.40625 223.837493896484375 229.09375
422.51873779296875 413.631256103515625 405.225006103515625 400.03125 395.15625 393.818756103515625 394.46875 394.212493896484375 396.15625 401 406.118743896484375 409.66876220703125 412.431243896484375 413.46875 410.943756103515625 409.256256103515625 402.931243896484375 396.98126220703125 388.90625 376.125 359.32501220703125 343.29998779296875 328.29998779296875 315.85626220703125 306.181243896484375 298.962493896484375 294.568756103515625 291.01873779296875 288.04998779296875 287.20623779296875 286.20623779296875 284.368743896484375 280.25 275.01251220703125 269.29998779296875 260.350006103515625 251.8625030517578125 243.8312530517578125 235.40625 229.2874908447265625 227.1374969482421875 229.4250030517578125 231.7375030517578125 235.2937469482421875 241.8249969482421875
416.86248779296875 409.51251220703125 403.243743896484375 398.243743896484375 393.04376220703125 392.024993896484375 391.53125 392.16876220703125 395.475006103515625 401.556243896484375 409.868743896484375 413.88751220703125 418.899993896484375 421.587493896484375 419.587493896484375 415.38751220703125 408.412506103515625 402.86248779296875 392.98126220703125 381.26873779296875 366.993743896484375 351.59375 337.48748779296875 325.243743896484375 316.162506103515625 308.96875 303.23748779296875 299.306243896484375 295.475006103515625 293.53125 292.6875 290.225006103515625 285.64373779296875 281.38751220703125 276.5 268.33123779296875 259.350006103515625 249.9812469482421875 242.787506103515625 240.5500030517578125 239.462493896484375 242.256256103515625 246.1687469482421875 251.5562591552734375 262.88751220703125
411.13751220703125 403.837493896484375 398.681243896484375 395.412506103515625 390.88751220703125 388.962493896484375 388.70001220703125 389.95001220703125 391.51251220703125 398.29998779296875 408.51873779296875 416.493743896484375 424.84375 428.1875 426.375 421.662506103515625 414.21875 407.274993896484375 397.225006103515625 385.931243896484375 371.912506103515625 357.11248779296875 344.5 332.993743896484375 324.75 317.856231689453125 311.57501220703125 306.212493896484375 302.13751220703125 300.556243896484375 299.462493896484375 296.981231689453125 293.54998779296875 289.26873779296875 283.681243896484375 275.86248779296875 266.51873779296875 257.337493896484375 252.4562530517578125 251.25 250.5437469482421875 254.40625 261.04998779296875 268.17498779296875 280.79376220703125
404.556243896484375 399.1875 395.368743896484375 391.337493896484375 388.537506103515625 386.881256103515625 384.92498779296875 384.818756103515625 385 391.13751220703125 404.85626220703125 419.068756103515625 432.087493896484375 437.41876220703125 434.212493896484375 428.256256103515625 418.89373779296875 410.33123779296875 401.212493896484375 389.15625 376.899993896484375 362.037506103515625 349.48748779296875 338.193756103515625 331.29998779296875 324.274993896484375 318.368743896484375 313.09375 308.568756103515625 307.1875 305.225006103515625 304.07501220703125 300.787506103515625 297.256256103515625 291.84375 283.01251220703125 272.975006103515625 266.15625 263.13751220703125 261.08123779296875 261.14373779296875 264.64373779296875 271.26251220703125 278.975006103515625 290.04998779296875
396.725006103515625 394.006256103515625 391.493743896484375 388.118743896484375 385.493743896484375 384.381256103515625 381.524993896484375 379.149993896484375 376.881256103515625 381.618743896484375 398.131256103515625 417.931243896484375 436.84375 445.993743896484375 442.04998779296875 434.40625 424.73126220703125 414.84375 402.73126220703125 391.45001220703125 378.92498779296875 365.88751220703125 352.86248779296875 343.131256103515625 335.45001220703125 329.024993896484375 323.306243896484375 319.51873779296875 315.01251220703125 312.70623779296875 311.125 309.66876220703125 307.54376220703125 304.79998779296875 298.95001220703125 289.86248779296875 282.83123779296875 275.08123779296875 271.806243896484375 271.20623779296875 272.38751220703125 274.787506103515625 279.375 286.818756103515625 295.100006103515625
390.48748779296875 389.78125 387.806243896484375 388.20623779296875 386.399993896484375 384.54998779296875 380.98126220703125 376.75 370.881256103515625 366.568756103515625 390.29998779296875 422.8125 442.67498779296875 450.79376220703125 447.83123779296875 438.962493896484375 428.274993896484375 417.28125 405.881256103515625 392.73126220703125 379.60626220703125 366.274993896484375 354.03125 344.98126220703125 337.600006103515625 332.29998779296875 327.21875 323.41876220703125 320.15625 317.61248779296875 315.681243896484375 313.850006103515625 313.193756103515625 311.212493896484375 306.83123779296875 300.01251220703125 291.837493896484375 284.41876220703125 281.51873779296875 280.287506103515625 280.17498779296875 282.506256103515625 286.45623779296875 292.381256103515625 299.056243896484375
384.537506103515625 386.087493896484375 386.29998779296875 387.618743896484375 388.32501220703125 386.381256103515625 383.61248779296875 380.26251220703125 376.943756103515625 370 408.556243896484375 443.89373779296875 455.41876220703125 458.037506103515625 453.181243896484375 443.006256103515625 429.21875 417.95001220703125 404.568756103515625 389.981231689453125 377.381256103515625 363.912506103515625 353.01873779296875 344.61248779296875 338.662506103515625 334.25 329.57501220703125 326.806243896484375 324.23748779296875 322.61248779296875 319.1875 317.431243896484375 317.306243896484375 316.76251220703125 312.943756103515625 307.368743896484375 299.95623779296875 293.33123779296875 290.475006103515625 288.42498779296875 286.98126220703125 288.78125 290.818756103515625 294.631256103515625 300.412506103515625
381.40625 383.368743896484375 383.79376220703125 387.07501220703125 388.01873779296875 387.875 388.9375 391.01251220703125 396.70623779296875 417.59375 460.57501220703125 466.9375 464.79998779296875 462.59375 455.86248779296875 443.20623779296875 429.58123779296875 416.41876220703125 401.056243896484375 385.962493896484375 371.899993896484375 358.743743896484375 349.63751220703125 341.48126220703125 336.23126220703125 333.82501220703125 330.20623779296875 328.225006103515625 326.8125 324.8125 322.66876220703125 319.962493896484375 319.20623779296875 318.681243896484375 317.743743896484375 312.58123779296875 305.25 299.943756103515625 296.256256103515625 292.024993896484375 290.29998779296875 290.649993896484375 292.20623779296875 294.899993896484375 299.5625
378.78125 381.91876220703125 383.29998779296875 385.58123779296875 387.59375 389.92498779296875 392.83123779296875 400.787506103515625 412.162506103515625 434.056243896484375 458.6875 467.287506103515625 468.48748779296875 465.48126220703125 457.01251220703125 445.03125 430.83123779296875 416.01251220703125 398.618743896484375 382.899993896484375 365.76873779296875 352.287506103515625 342.67498779296875 335.60626220703125 333.26251220703125 331.806243896484375 329.875 329.056243896484375 328.837493896484375 326.75 323.54376220703125 322.61248779296875 324.149993896484375 323.17498779296875 320.625 316.33123779296875 309.53125 303.5 299.993743896484375 294.64373779296875 291.73126220703125 291.731231689453125 292.225006103515625 292.90625 297.1500244140625
