data/historical-monthly-weather-data/wc2.1_cruts4.09_10m_prec_1984-08.asc
ncols        51
nrows        45
xllcorner    -63.500000000000
yllcorner    -7.500000000000
cellsize     0.166666666667
NODATA_value -9999
[rows 19 to 37 of 45, columns 0 to 43 of 51]
97.4875030517578125 99.5 100.6687469482421875 102.6750030517578125 103.43125152587890625 103.99375152587890625 103.3562469482421875 101.90000152587890625 101.8125 99.7375030517578125 96.5749969482421875 91.0749969482421875 82.3125 73.5812530517578125 67.0187530517578125 60.362499237060546875 52.3125 50.80625152587890625 51.700000762939453125 55.6875 58.24375152587890625 64.0437469482421875 75.03125 84.25 91.0625 94.25 94.8937530517578125 92.3937530517578125 87.18125152587890625 78.9875030517578125 76.625 88.1750030517578125 100.86875152587890625 116.875 135.056243896484375 149.1437530517578125 160.600006103515625 170.993743896484375 172.537506103515625 167.131256103515625 154.850006103515625 144.3874969482421875 136.75 129.4875030517578125
89.96250152587890625 94.46250152587890625 97.90000152587890625 100.46875 100.4499969482421875 101.0749969482421875 101.74375152587890625 101.5500030517578125 102.0187530517578125 100.1750030517578125 97.9812469482421875 94.08750152587890625 85.25624847412109375 76.22499847412109375 68.41249847412109375 61.612499237060546875 54.875 51.356250762939453125 53.456249237060546875 56.174999237060546875 62.206249237060546875 70.08124542236328125 79.16249847412109375 88.7937469482421875 98.1750030517578125 99.9375 95.8625030517578125 92.80625152587890625 89.84375 88.1374969482421875 89.03125 95.71250152587890625 103.99375152587890625 114.9187469482421875 131.131256103515625 143.5749969482421875 157.0500030517578125 166.756256103515625 166.6062469482421875 162.9499969482421875 152.756256103515625 144.8625030517578125 138.475006103515625 130.3874969482421875
85.7375030517578125 89.0500030517578125 93.3937530517578125 97.69374847412109375 99.6750030517578125 99.75624847412109375 101.65625 100.8249969482421875 102.18125152587890625 100.49375152587890625 100.5437469482421875 99.99375152587890625 96.74375152587890625 88.33750152587890625 79.13124847412109375 69.18125152587890625 64.1125030517578125 60.88124847412109375 61.43125152587890625 63.84375 66.1687469482421875 72.5187530517578125 81.52500152587890625 90.2312469482421875 97.1125030517578125 100.6687469482421875 104.09375 100.28125 98.3125 95.9875030517578125 95.4562530517578125 97.7624969482421875 104.28125 113.7312469482421875 122.5625 134.306243896484375 149.5437469482421875 162.149993896484375 163.975006103515625 159.756256103515625 151.1374969482421875 143.5812530517578125 135.5187530517578125 131.337493896484375
82.0187530517578125 88.21875 93.78749847412109375 97.21875 100.1687469482421875 100.75 100.0749969482421875 99 101.88124847412109375 104.15000152587890625 107.22499847412109375 109.5625 110.2937469482421875 103.01874542236328125 91.2687530517578125 80.05625152587890625 72.0437469482421875 68.71250152587890625 68.40625 69.30625152587890625 71.96250152587890625 77.8874969482421875 85.3312530517578125 89.3125 97.84999847412109375 104.5812530517578125 107.5124969482421875 107.09999847412109375 103.46875 98.49375152587890625 96.6687469482421875 98.54375457763671875 103.53125 108.65000152587890625 113.9250030517578125 119.50624847412109375 133.662506103515625 152.4375 158.7937469482421875 154.3562469482421875 148.5500030517578125 140.274993896484375 133.03125 128.649993896484375
81.4812469482421875 89.33750152587890625 95.8000030517578125 97.06874847412109375 98.77500152587890625 99.8125 100.96875 101.96875 101.8874969482421875 105.7062530517578125 110.02500152587890625 117.19374847412109375 120.68125152587890625 112.63124847412109375 100.8937530517578125 89.7375030517578125 81.66249847412109375 77.33750152587890625 75.74375152587890625 76.49375152587890625 78.96250152587890625 83.6750030517578125 88.44374847412109375 93.91249847412109375 100.1750030517578125 104.3874969482421875 109.33750152587890625 106.41249847412109375 104.1437530517578125 100.77500152587890625 99.2375030517578125 99.36875152587890625 103.16875457763671875 104.55625152587890625 107.43125152587890625 110.34999847412109375 121.8937530517578125 139.8937530517578125 147.975006103515625 145.618743896484375 140.6999969482421875 134.568756103515625 127.77500152587890625 122.71875
82.8249969482421875 90.86875152587890625 96.63124847412109375 99.8249969482421875 101.90000152587890625 102.09375 102.09375 103.3125 105.0749969482421875 108.86875152587890625 111.8562469482421875 116.5749969482421875 119.43125152587890625 114.19374847412109375 105.25 96.5812530517578125 89.5 84.7624969482421875 82.4812469482421875 82.75624847412109375 85.08750152587890625 88.2375030517578125 92.1875 96.8625030517578125 100.4875030517578125 105.99375152587890625 106.7687530517578125 104.7937469482421875 102.9250030517578125 100.75624847412109375 98.61875152587890625 97.74375152587890625 100.6125030517578125 103.2375030517578125 104.7624969482421875 107.3249969482421875 117.25 127.4187469482421875 134.15625 135.3874969482421875 132.5187530517578125 128.8312530517578125 123.8000030517578125 120.14374542236328125
86.18125152587890625 94.27500152587890625 97.15625 101.3874969482421875 101.9562530517578125 102.21250152587890625 102.4250030517578125 104.7375030517578125 104.84999847412109375 106.74375152587890625 109.88124847412109375 113.3937530517578125 115.2375030517578125 110.7624969482421875 105.81874847412109375 98.78125 93.5437469482421875 90.03749847412109375 86.9812469482421875 87.7312469482421875 90.1062469482421875 92.0124969482421875 96.0124969482421875 98.1125030517578125 100.59375 104.21250152587890625 105.21250152587890625 103.4499969482421875 102.3937530517578125 100.91249847412109375 98.28125 97.28125 98.34999847412109375 99.86875152587890625 100.8625030517578125 105.65000152587890625 112.78125 118.5500030517578125 124.8937530517578125 125.11875152587890625 124.4375 121.96875 119.4875030517578125 117.93125152587890625
88.9187469482421875 94.50624847412109375 98 100.7624969482421875 101.6999969482421875 101.9187469482421875 103.47499847412109375 103.9499969482421875 102.9812469482421875 106.19374847412109375 109.4250030517578125 109.7062530517578125 110.09375 107.40625 104.65000152587890625 99.5625 96.00624847412109375 92.58750152587890625 90.875 89.77500152587890625 90.1999969482421875 92.78125 95.03125 98.1875 100.0625 100.52500152587890625 102.41249847412109375 101.2687530517578125 99.53125 97.2937469482421875 96.2062530517578125 94.1374969482421875 95.91249847412109375 97.4812469482421875 97.625 101.99375152587890625 105.91249847412109375 111.06874847412109375 114.5 114.99375152587890625 114.78749847412109375 114.16249847412109375 115.65000152587890625 113.63124847412109375
93.0812530517578125 94.1687469482421875 97.4250030517578125 100.0812530517578125 101.7937469482421875 100.96875 102.0812530517578125 102.8937530517578125 103.1437530517578125 105.09375 105.52500152587890625 105.16249847412109375 105.25 104.52500152587890625 101.6125030517578125 98.74375152587890625 97.0812530517578125 94.28125 92.8125 91.2937469482421875 91.68125152587890625 91.34375 94.7312469482421875 96.90000152587890625 97.61875152587890625 96.7624969482421875 98.3125 98.1750030517578125 97.19374847412109375 95.4250030517578125 93.16249847412109375 90.83750152587890625 92.46875 92.9875030517578125 95.1374969482421875 97.53749847412109375 99.625 103.2624969482421875 107.15000152587890625 109.0749969482421875 108.9562530517578125 110.58750152587890625 112.7624969482421875 115.7375030517578125
94.30625152587890625 96.56874847412109375 97.7687530517578125 99.86875152587890625 99.30625152587890625 98.8562469482421875 98.6687469482421875 98.28749847412109375 101.00624847412109375 101.34375 101.65000152587890625 100.90625 100.6687469482421875 100.77500152587890625 99.34999847412109375 97.55625152587890625 97.5 95.7687530517578125 94.24375152587890625 93.1875 92.8249969482421875 92.15000152587890625 93.9875030517578125 94.3874969482421875 95.24375152587890625 93.49375152587890625 95.00624847412109375 94.44374847412109375 93.1875 91.50624847412109375 89.15000152587890625 87.66249847412109375 87.69374847412109375 87.55625152587890625 89.77500152587890625 93.6687469482421875 96.40000152587890625 99.61875152587890625 103.35625457763671875 104.21875 102.5124969482421875 105.06874847412109375 109.3625030517578125 115.53749847412109375
95.3249969482421875 97.55625152587890625 97.8000030517578125 96.96250152587890625 96.78125 96.53125 95.58750152587890625 96.58750152587890625 97.4375 96.9875030517578125 97.7624969482421875 97.8249969482421875 97.53125 97.15625 96.4562530517578125 95.40000152587890625 94.59375 95.0812530517578125 95.84375 93.16249847412109375 92.0749969482421875 92.53125 93.8562469482421875 93.03749847412109375 92.06874847412109375 91.84375 90.8874969482421875 89.78749847412109375 86.8000030517578125 85.1687469482421875 83.9187469482421875 83.43125152587890625 83.53749847412109375 84.2687530517578125 86.43125152587890625 88.8125 93.8312530517578125 97.65000152587890625 100.09375 103.5749969482421875 104.77500152587890625 106.41249847412109375 107.1999969482421875 111.2687530517578125
95.96250152587890625 96.4812469482421875 94.53749847412109375 94.65625 96.5437469482421875 95.15000152587890625 94.43125152587890625 93.4375 93.21250152587890625 92.7312469482421875 92.5437469482421875 94.59375 96.0749969482421875 95.75 93.625 92.8249969482421875 93.96875 94.84375 96.34375 95.02500152587890625 93.1687469482421875 90.66249847412109375 90.80625152587890625 89.6374969482421875 87.99375152587890625 87.86875152587890625 85.3249969482421875 84.4562530517578125 82.46250152587890625 81.4812469482421875 80.9812469482421875 80.02500152587890625 79.69374847412109375 80.7937469482421875 84.24375152587890625 86.05625152587890625 90.2687530517578125 94.16249847412109375 99 104.6687469482421875 106.1875 104.05625152587890625 103.0187530517578125 108.08750152587890625
95.8125 95.9562530517578125 93.49375152587890625 92.8249969482421875 94.6999969482421875 93.15625 91.58750152587890625 89.2624969482421875 89.2624969482421875 89.1875 89.0124969482421875 90.3874969482421875 90.8625030517578125 91.84375 91.09375 92.84375 93.16249847412109375 93.5500030517578125 93.7375030517578125 93.43125152587890625 91.9812469482421875 91.36875152587890625 89.28749847412109375 85.6875 84.2312469482421875 83.27500152587890625 80.8000030517578125 79.7687530517578125 77.4250030517578125 76.25624847412109375 76.6750030517578125 75.59999847412109375 75.8125 77.68125152587890625 78.7687530517578125 80.1687469482421875 84.0812530517578125 88.32500457763671875 93.6062469482421875 99.1750030517578125 100.74375152587890625 98.59375 99.21875 100.97499847412109375
93.46875 92.65000152587890625 91.00624847412109375 90.97499847412109375 90.69374847412109375 88.69374847412109375 88.1062469482421875 86.6687469482421875 85.44374847412109375 85.8125 87.3874969482421875 87.22499847412109375 87.2937469482421875 89.41249847412109375 88.96250152587890625 90.80625152587890625 91.16249847412109375 92.08750152587890625 91.8874969482421875 91.3937530517578125 89.75 88.34999847412109375 86.66249847412109375 85.2375030517578125 83.4250030517578125 80.86875152587890625 78.4499969482421875 74.9187469482421875 73 71.4562530517578125 71.71250152587890625 70.5124969482421875 70.8125 72.00624847412109375 73.3312530517578125 74.65625 78.03749847412109375 81.28749847412109375 85.63124847412109375 90.11875152587890625 90.90000152587890625 90.40000152587890625 90.66249847412109375 91.09375
90.71875 90.96875 89.2312469482421875 89.9562530517578125 86.6125030517578125 85.58750152587890625 85.71250152587890625 84.4375 82.7062530517578125 81.9250030517578125 82.15625 83.2937469482421875 85.0437469482421875 84.31874847412109375 85.5124969482421875 86.0749969482421875 87.80625152587890625 87.8625030517578125 87.2937469482421875 87.65000152587890625 86.6750030517578125 85.41249847412109375 84.4812469482421875 82.11875152587890625 81.02500152587890625 78.9812469482421875 75.9499969482421875 71.71875 70.3249969482421875 69.0500030517578125 68.2375030517578125 66.53125 65.78749847412109375 65.9499969482421875 67.65625 68.9375 71.75624847412109375 74.0500030517578125 77.47499847412109375 79.66249847412109375 82.0749969482421875 82.6437530517578125 82.3625030517578125 81.8000030517578125
88.97499847412109375 88.59999847412109375 87.53125 86.15625 84.4250030517578125 83.40000152587890625 82.96250152587890625 81.9499969482421875 78.69374847412109375 78.3000030517578125 78.1437530517578125 80.38124847412109375 80.9499969482421875 82.2062530517578125 83.1374969482421875 84.40625 85.65625 85.31874847412109375 84.7062530517578125 85.00624847412109375 84.40000152587890625 82.8000030517578125 80.9562530517578125 79.47499847412109375 77.6875 76.28125 72.9499969482421875 68.9875030517578125 67.50624847412109375 66.25624847412109375 63.84999847412109375 61.30625152587890625 60.66249847412109375 60.293750762939453125 61.299999237060546875 62.375 63.66249847412109375 66.4187469482421875 69.3874969482421875 71.02500152587890625 71.90625 72.44374847412109375 73.15000152587890625 72.96875
87.125 87.30625152587890625 85.71875 84.2375030517578125 83.22499847412109375 81.1374969482421875 79.9187469482421875 77.96875 75.7312469482421875 75.7375030517578125 77.1125030517578125 78.1687469482421875 80 80.94374847412109375 82.03125 83.80625152587890625 83.9187469482421875 84.53125 82.86875152587890625 82.6125030517578125 82.3937530517578125 82.5 80.25624847412109375 78.69374847412109375 76.0187530517578125 73.50624847412109375 69.84375 67.78749847412109375 64.7062530517578125 62.16249847412109375 59.356250762939453125 56.66249847412109375 54.387500762939453125 54.625 54.737499237060546875 54.61875152587890625 56.86875152587890625 59.27500152587890625 60.793750762939453125 63.049999237060546875 63.981250762939453125 65.6374969482421875 64.96875 65.1750030517578125
82.88124847412109375 83.1875 81.86875152587890625 81.4375 80.94374847412109375 79.5124969482421875 78.3625030517578125 77.3000030517578125 74.40000152587890625 72.96250152587890625 76.74375152587890625 80.2687530517578125 82.0749969482421875 81.7687530517578125 83.18125152587890625 83.125 82.8562469482421875 82.5749969482421875 81.69374847412109375 80.4375 80.2937469482421875 80.45624542236328125 78.80625152587890625 77.3937530517578125 75.16249847412109375 71.2312469482421875 68.3000030517578125 65.6125030517578125 61.21875 58.28125 55.58750152587890625 52.043750762939453125 50.22499847412109375 49.206249237060546875 49.00624847412109375 49.262500762939453125 51.106250762939453125 53.61875152587890625 54.68125152587890625 56.625 57.16249847412109375 58.543750762939453125 57.875 58.28749847412109375
80.0500030517578125 80.8874969482421875 79.2687530517578125 80.2062530517578125 80.4250030517578125 78.69374847412109375 77.4875030517578125 76.16249847412109375 74.9499969482421875 73.36875152587890625 81.47499847412109375 85.21875 83.90000152587890625 84.1750030517578125 85.44374847412109375 84.41249847412109375 82.53749847412109375 80.96875 81.4250030517578125 79.9250030517578125 79.43125152587890625 78.41249847412109375 77.02500152587890625 75.46250152587890625 73.34999847412109375 70.4187469482421875 67.53125 64.7312469482421875 60.86875152587890625 56.80625152587890625 52.5625 49.59375 48.106250762939453125 45.418750762939453125 44.231250762939453125 43.981250762939453125 46.6875 49.3125 50.6875 52.38124847412109375 50.96875 50.956249237060546875 50.737499237060546875 50.75624847412109375
