data/historical-monthly-weather-data/wc2.1_cruts4.09_10m_prec_2010-12.asc
ncols        45
nrows        45
xllcorner    -63.500000000000
yllcorner    -7.500000000000
cellsize     0.166666666667
NODATA_value -9999
[rows 0 to 19 of 45, columns 0 to 44 of 45]
136.818756103515625 135.3249969482421875 135.0749969482421875 136.78125 137.1687469482421875 139.71875 141.493743896484375 141.818756103515625 142.4375 143.34375 146.1875 147.15625 148.9187469482421875 148.850006103515625 147.78125 146.6687469482421875 146.037506103515625 143.7375030517578125 142.975006103515625 142.6062469482421875 144.756256103515625 146.806243896484375 148.712493896484375 149.631256103515625 150.256256103515625 150.131256103515625 148.506256103515625 146.506256103515625 144.837493896484375 145.7687530517578125 146.368743896484375 148.03125 150.28125 152.3937530517578125 154.3562469482421875 158.600006103515625 161.462493896484375 163.912506103515625 164.1875 164.662506103515625 164.4812469482421875 162.662506103515625 160.59375 157.568756103515625 155.6125030517578125
135.3562469482421875 132.506256103515625 133.25 135.0749969482421875 136.625 138.3625030517578125 139.149993896484375 141.306243896484375 144.0500030517578125 146.375 149.024993896484375 149.3312530517578125 150.787506103515625 151.462493896484375 150.4250030517578125 149.5625 148.9375 146.4000091552734375 144.125 143.537506103515625 144.8874969482421875 146.3312530517578125 148.506256103515625 149.587493896484375 150.4875030517578125 150.8312530517578125 149.8937530517578125 148.4812469482421875 147.600006103515625 150.306243896484375 152.462493896484375 155.7687530517578125 158.475006103515625 162.125 166.3125 169.15625 174.40625 178.068756103515625 177.7312469482421875 177.8000030517578125 177.2624969482421875 174.9250030517578125 172.4187469482421875 167.5500030517578125 164.25
136.149993896484375 134.162506103515625 135.28125 137.0187530517578125 138.725006103515625 139.59375 140.9187469482421875 143.4250030517578125 146.5187530517578125 148.899993896484375 150.587493896484375 150.9250030517578125 152.4562530517578125 153.1875 152.5749969482421875 151.40625 151.2375030517578125 149.431243896484375 148.3249969482421875 148.09375 149.8562469482421875 152.2375030517578125 154.7687530517578125 155.46875 156.131256103515625 157.381256103515625 156.9250030517578125 155.7375030517578125 155.756256103515625 158.1687469482421875 161.5187530517578125 165.693756103515625 170.7375030517578125 174.0187530517578125 178.381256103515625 183.100006103515625 187.412506103515625 190.993743896484375 191.5437469482421875 191.4499969482421875 190.381256103515625 187.0187530517578125 182.6125030517578125 178.53125 173.375
136.1062469482421875 135.8125 138.1875 139.181243896484375 141.225006103515625 141.712493896484375 142.8249969482421875 144.975006103515625 147.818756103515625 150.7937469482421875 152.1750030517578125 152.6125030517578125 153.337493896484375 154.181243896484375 153.412506103515625 153.03125 153.056243896484375 151.681243896484375 151.993743896484375 154.2375030517578125 156.9250030517578125 159.5749969482421875 161.350006103515625 162.225006103515625 162.368743896484375 163.9562530517578125 164.1062469482421875 162.912506103515625 163.806243896484375 167.837493896484375 171.712493896484375 175.756256103515625 181.9499969482421875 187.40625 191.868743896484375 196.537506103515625 200.212493896484375 204.2375030517578125 205.7937469482421875 205.350006103515625 203.100006103515625 198.787506103515625 193.4187469482421875 188.90625 182.5437469482421875
142.3562469482421875 139.868743896484375 139.568756103515625 141.5812530517578125 144.125 144.6999969482421875 144.899993896484375 146.3312530517578125 149.962493896484375 153.0500030517578125 153.431243896484375 153.1437530517578125 154.4250030517578125 155.4875030517578125 154.84375 154.5625 154.587493896484375 154.6125030517578125 156.693756103515625 160.8874969482421875 164.306243896484375 166.3125 168.087493896484375 168.8625030517578125 169.0187530517578125 170.8249969482421875 170.1687469482421875 169.662506103515625 171.118743896484375 176.431243896484375 181.65625 186.03125 192.2687530517578125 198.587493896484375 203.943756103515625 209.40625 214.493743896484375 218.34375 219.8937530517578125 219 216.1875 210.662506103515625 204.8625030517578125 198.087493896484375 191.5625
149.712493896484375 148.3249969482421875 147.0187530517578125 146.431243896484375 149.6687469482421875 151.8562469482421875 152.9812469482421875 154.006256103515625 156.725006103515625 159.25 159.225006103515625 159.1999969482421875 160.8625030517578125 161.84375 162.412506103515625 162.537506103515625 163.25 163.181243896484375 167.0749969482421875 170.912506103515625 173.0500030517578125 175.587493896484375 177.0625 178.0124969482421875 178.662506103515625 179.8562469482421875 180.71875 180.4562530517578125 181.28125 186.381256103515625 191.9875030517578125 197.5 201.8625030517578125 206.84375 214.5812530517578125 220.5812530517578125 225.5437469482421875 231.631256103515625 233.618743896484375 231.056243896484375 225.056243896484375 219.0437469482421875 211.2375030517578125 204.962493896484375 198.9250030517578125
159.1750030517578125 158.34375 157.3874969482421875 156.274993896484375 157.443756103515625 158.743743896484375 160.337493896484375 161.149993896484375 162.0812530517578125 162.3562469482421875 164.1999969482421875 165.2312469482421875 168.0500030517578125 169.306243896484375 170.40625 171.6125030517578125 173.9875030517578125 177.5 182 184.131256103515625 184.318756103515625 186.0749969482421875 186.618743896484375 187.1125030517578125 188.943756103515625 189.9187469482421875 190.243743896484375 191.6875 192.71875 196.962493896484375 202.125 207.212493896484375 212.493743896484375 217.0187530517578125 223.0124969482421875 228.725006103515625 235.100006103515625 241.431243896484375 246.149993896484375 241.7375030517578125 233.3312530517578125 225.212493896484375 217.806243896484375 210.2375030517578125 202.8125
169.09375 168.5187530517578125 168.068756103515625 168.649993896484375 170.09375 169.868743896484375 168.6687469482421875 166.2937469482421875 164.212493896484375 165.2062530517578125 169.118743896484375 172.5187530517578125 175.2624969482421875 178.087493896484375 179.462493896484375 181.6750030517578125 184.662506103515625 190.806243896484375 196.3874969482421875 195.625 194.4812469482421875 194.3125 194.287506103515625 194.5124969482421875 197.4812469482421875 199.756256103515625 199.743743896484375 200.9187469482421875 203.8125 208.412506103515625 211.6062469482421875 216.0812530517578125 221.618743896484375 225.756256103515625 232.25 235.9499969482421875 241.8937530517578125 247.100006103515625 249.068756103515625 245.25 238.3312530517578125 229.899993896484375 222.1875 214.03125 204.756256103515625
180.25 180.225006103515625 180.4812469482421875 181.4375 182.375 182.556243896484375 181.056243896484375 177.524993896484375 172.4187469482421875 171.625 177.2312469482421875 182.100006103515625 185.8000030517578125 188.443756103515625 190.556243896484375 193.1750030517578125 196.6125030517578125 202.743743896484375 207.8937530517578125 206.131256103515625 202.5749969482421875 201.975006103515625 202.21875 204.493743896484375 206.7062530517578125 208.524993896484375 208.4375 209.931243896484375 211.8937530517578125 215.3000030517578125 219.6750030517578125 222.493743896484375 227.068756103515625 232.03125 237.100006103515625 240.806243896484375 244.3562469482421875 247.125 247.1374969482421875 244.4812469482421875 237.587493896484375 230.006256103515625 223.71875 216.6937408447265625 209.0437469482421875
190.631256103515625 191.53125 192.556243896484375 194.4875030517578125 195.631256103515625 195.931243896484375 194.9499969482421875 192.350006103515625 189.6750030517578125 188.975006103515625 191.868743896484375 194.193756103515625 198.1875 199.556243896484375 202.381256103515625 205 207.71875 211.1062469482421875 213.5500030517578125 212.681243896484375 209.8874969482421875 209.0500030517578125 209.681243896484375 212.837493896484375 214.6687469482421875 216.15625 216.225006103515625 217.1999969482421875 219.475006103515625 222.337493896484375 224.8000030517578125 227.100006103515625 230.8937530517578125 234.6437530517578125 239.8125 244.493743896484375 246.6062469482421875 247.9499969482421875 245.6687469482421875 242.399993896484375 237.1374969482421875 231.28125 224.15625 217.662506103515625 211.5187530517578125
202.381256103515625 203.6750030517578125 204.5500030517578125 205.943756103515625 208.443756103515625 210.381256103515625 210.375 207.881256103515625 205.6687469482421875 205.618743896484375 207.5625 209.506256103515625 211.34375 212.4562530517578125 214.1437530517578125 216.318756103515625 217.6999969482421875 218.912506103515625 218.756256103515625 217.318756103515625 216.5500030517578125 216.068756103515625 217.1437530517578125 218.0500030517578125 222.9187469482421875 224.756256103515625 223.850006103515625 222.9812469482421875 223.09375 225.4499969482421875 227.431243896484375 230.0437469482421875 233.625 237.243743896484375 241.53125 244.681243896484375 246.5812530517578125 247.475006103515625 246.381256103515625 242.462493896484375 237.3937530517578125 231.524993896484375 225.912506103515625 220.5500030517578125 214.1125030517578125
212.318756103515625 213.337493896484375 214.6687469482421875 217.1875 219.962493896484375 222.443756103515625 223.875 222.3625030517578125 220.368743896484375 221.15625 223.2312469482421875 225.71875 225.6437530517578125 225.774993896484375 226.9499969482421875 227.068756103515625 227.09375 225.5812530517578125 223.993743896484375 222.34375 220.568756103515625 220.9875030517578125 223.9499969482421875 225.931243896484375 230.162506103515625 231.8312530517578125 229.431243896484375 226.8562469482421875 225.181243896484375 226.7062530517578125 227.96875 230.1875 233.46875 237.462493896484375 241.9250030517578125 245.037506103515625 246.6125030517578125 247.6999969482421875 245.8249969482421875 242.1437530517578125 237.2312469482421875 231.7624969482421875 226.2375030517578125 220.618743896484375 212.587493896484375
221.7937469482421875 223.225006103515625 225.1750030517578125 227.443756103515625 230.881256103515625 233.03125 234.243743896484375 234.4875030517578125 233.399993896484375 234.9499969482421875 237.5 240.4187469482421875 240.412506103515625 238.618743896484375 239.212493896484375 238.193756103515625 236.53125 234.524993896484375 231.587493896484375 228.1125030517578125 223.756256103515625 225.274993896484375 230.5625 233.5749969482421875 235.318756103515625 235.2624969482421875 232.4499969482421875 229.743743896484375 227.600006103515625 226.6374969482421875 226.8625030517578125 227.993743896484375 230.756256103515625 235.1125030517578125 239.84375 244.193756103515625 246.9875030517578125 248.318756103515625 246.1062469482421875 241.243743896484375 235.725006103515625 231.681243896484375 225.056243896484375 215.381256103515625 207.15625
229.899993896484375 231.412506103515625 233.381256103515625 236.1437530517578125 239.1687469482421875 241.4499969482421875 242.9375 245.15625 246.162506103515625 247.181243896484375 248.1687469482421875 250.8562469482421875 252.3625030517578125 251.712493896484375 250.0625 249.7375030517578125 247.0124969482421875 243.3874969482421875 239.40625 235.4562530517578125 232.600006103515625 233.506256103515625 237.0812530517578125 238.5812530517578125 239.3937530517578125 239.125 236.6437530517578125 231.6687469482421875 227.618743896484375 225.181243896484375 224.287506103515625 223.993743896484375 227.375 231.4562530517578125 237.3125 242.162506103515625 246.337493896484375 249.993743896484375 249.274993896484375 246.0749969482421875 237.1750030517578125 227.681243896484375 219.75 213.1875 207.1750030517578125
237.193756103515625 238.59375 241.337493896484375 244.125 247.6062469482421875 249.8562469482421875 252.912506103515625 255.618743896484375 256.85626220703125 257.381256103515625 258.29998779296875 261.48126220703125 262.96875 263.51873779296875 261.375 260.67498779296875 256.774993896484375 252.368743896484375 247.7937469482421875 245.2062530517578125 242.412506103515625 242.4250030517578125 243.6750030517578125 243.681243896484375 243.875 242.6750030517578125 239.162506103515625 233.7375030517578125 228.118743896484375 222.649993896484375 219.181243896484375 218.5625 222.03125 227.03125 233.649993896484375 237.787506103515625 244.475006103515625 252.3312530517578125 256.568756103515625 252.8625030517578125 241.618743896484375 231.0625 222.5812530517578125 215.5 206.0437469482421875
242.8312530517578125 244.6687469482421875 247.818756103515625 251.693756103515625 255.412506103515625 258.493743896484375 261.787506103515625 263.84375 265.431243896484375 267.556243896484375 268.3125 271.443756103515625 273.71875 274.662506103515625 273.087493896484375 269.743743896484375 265.524993896484375 261.98748779296875 257.118743896484375 253.943756103515625 252.0812530517578125 250.743743896484375 250.725006103515625 249.2687530517578125 248.8125 248.381256103515625 243.8249969482421875 236.9875030517578125 228.806243896484375 219.8125 214.03125 211.0374908447265625 212.7687530517578125 217.568756103515625 223.25 229.193756103515625 239.1125030517578125 251.7624969482421875 261.51873779296875 259.375 247.7312469482421875 235.4499969482421875 224.8312530517578125 213.399993896484375 204.8125
247.8000030517578125 250.2624969482421875 252.537506103515625 257.34375 262.243743896484375 265.17498779296875 269.28125 273.13751220703125 275.91876220703125 277.493743896484375 278.54376220703125 281.306243896484375 283.92498779296875 285.21875 283.82501220703125 279.681243896484375 273.03125 269.350006103515625 266.056243896484375 262.70001220703125 260.66876220703125 258.9375 258.04998779296875 255.3312530517578125 254.443756103515625 254.524993896484375 250.2062530517578125 240.9187469482421875 227.9187469482421875 215.78125 207.662506103515625 204.1374969482421875 203.587493896484375 204.0187530517578125 207.243743896484375 215.1437530517578125 229.84375 251.368743896484375 273.662506103515625 266.89373779296875 251.287506103515625 236.868743896484375 222.6687469482421875 212.40625 203.600006103515625
251.875 255.0687408447265625 258.23126220703125 264.024993896484375 269.837493896484375 274.63751220703125 279.17498779296875 282.86248779296875 285.506256103515625 288.256256103515625 290.068756103515625 292.600006103515625 293.95623779296875 295.01251220703125 292.89373779296875 288.193756103515625 281.5625 274.024993896484375 273.39373779296875 270.350006103515625 268.912506103515625 266.51873779296875 264.26873779296875 261.600006103515625 260.35626220703125 260.32501220703125 257.556243896484375 244.0625 226.225006103515625 209.7624969482421875 198.6687469482421875 193.6687469482421875 194.787506103515625 196.5187530517578125 195.6374969482421875 195.225006103515625 218.0625 244.78125 262.40625 261.08123779296875 246.4187469482421875 232.6125030517578125 221.0625 212.118743896484375 203.7062530517578125
254.5437469482421875 258.306243896484375 263.149993896484375 269.875 276.83123779296875 282.83123779296875 288.068756103515625 293.756256103515625 296.962493896484375 299.787506103515625 300.25 301.350006103515625 303.462493896484375 305.162506103515625 302.03125 296.649993896484375 290.131256103515625 282.475006103515625 277.48748779296875 275.568756103515625 275.587493896484375 275.431243896484375 269.118743896484375 267 266.45001220703125 265.587493896484375 260.20001220703125 246.818756103515625 227.1999969482421875 206.4812469482421875 190.649993896484375 189.8937530517578125 194.78125 196.118743896484375 194.34375 197.662506103515625 215.568756103515625 235.0124969482421875 248.3499908447265625 247.8625030517578125 237.8562469482421875 226.84375 217.618743896484375 210.90625 204.631256103515625
255.9562530517578125 260.71875 265.83123779296875 273.625 282.23126220703125 290.26251220703125 297.475006103515625 304.17498779296875 308.29998779296875 309.71875 310.64373779296875 313.212493896484375 315.462493896484375 315.36248779296875 310.33123779296875 302.556243896484375 294.806243896484375 289.350006103515625 284.868743896484375 282.243743896484375 279.10626220703125 275.64373779296875 273.42498779296875 271.95001220703125 270.943756103515625 268.95001220703125 262.33123779296875 251.1374969482421875 232.931243896484375 211.8125 197.84375 197.118743896484375 200.6437530517578125 204.1750030517578125 207.3249969482421875 210.9250030517578125 221.7937469482421875 234.15625 241.28125 240.350006103515625 232.087493896484375 220.78125 215.193756103515625 210.931243896484375 206.03125
