data/historical-monthly-weather-data/wc2.1_cruts4.09_10m_prec_2013-04.asc
ncols        51
nrows        45
xllcorner    -63.500000000000
yllcorner    -7.500000000000
cellsize     0.166666666667
NODATA_value -9999
[rows 0 to 19 of 45, columns 0 to 44 of 51]
203.868743896484375 203.100006103515625 204.34375 210.212493896484375 212.850006103515625 214.3625030517578125 215.131256103515625 212.4187469482421875 212.712493896484375 216.431243896484375 223.09375 229.806243896484375 235.4875030517578125 239.4250030517578125 243.2624969482421875 247.7624969482421875 253.3125 254.712493896484375 258.6875 262.806243896484375 266.92498779296875 272.36248779296875 276.83123779296875 281.75 284.225006103515625 289.337493896484375 291.475006103515625 295.181243896484375 297.23126220703125 297.899993896484375 298.76251220703125 299.4375 296.75 295.34375 293.631256103515625 293.73126220703125 291.993743896484375 290.61248779296875 293.58123779296875 295.1875 296.86248779296875 299.07501220703125 298.60626220703125 300.337493896484375 302.75
209.193756103515625 207.6374969482421875 213.3625030517578125 219.5124969482421875 225.350006103515625 225.912506103515625 225.3625030517578125 226.274993896484375 228.6062469482421875 232.40625 238.712493896484375 244.0187530517578125 249.3312530517578125 253.40625 255.649993896484375 260.524993896484375 263.993743896484375 267.024993896484375 270.85626220703125 274.04998779296875 277.70623779296875 281.912506103515625 287.70001220703125 291.07501220703125 295.362518310546875 299.600006103515625 301.431243896484375 305.34375 305.774993896484375 304.962493896484375 305.71875 307.04376220703125 304.01251220703125 302.725006103515625 299.3125 297.850006103515625 296.899993896484375 294.6875 296.48748779296875 296.66876220703125 296.943756103515625 299.38751220703125 299.118743896484375 298.756256103515625 300.068756103515625
214.524993896484375 215.506256103515625 221.375 230.1687469482421875 238.0812530517578125 240.443756103515625 242.09375 244.90625 250.7062530517578125 254.6750030517578125 258.39373779296875 261.5 265.881256103515625 267.287506103515625 269.01873779296875 272.568756103515625 275.399993896484375 278.73748779296875 281.84375 286.125 290.98748779296875 296.45001220703125 301.024993896484375 304.256256103515625 309.118743896484375 313.23748779296875 316.149993896484375 316.20001220703125 314.537506103515625 314.38751220703125 314.33123779296875 314.087493896484375 313.337493896484375 311.125 306.21875 303.006256103515625 302.556243896484375 301.068756103515625 300.943756103515625 300.475006103515625 299.9375 300.40625 300.118743896484375 300.318756103515625 301.556243896484375
216.506256103515625 219.1687469482421875 229.274993896484375 237.993743896484375 246.993743896484375 252.806243896484375 257.368743896484375 262.774993896484375 271.649993896484375 278.237518310546875 280.36248779296875 280.181243896484375 280.28125 281.243743896484375 281.76251220703125 284.556243896484375 287.568756103515625 290.70623779296875 293.95623779296875 298.850006103515625 305.443756103515625 311.287506103515625 314.84375 319.0625 323.42498779296875 325.67498779296875 328.86248779296875 326.84375 324.40625 325.5625 325.09375 324.34375 320.506256103515625 317.318756103515625 312.11248779296875 310.25 308.17498779296875 305.73748779296875 306.38751220703125 303.61248779296875 302.024993896484375 303.381256103515625 301.16876220703125 299.86248779296875 302.350006103515625
229.256256103515625 229.256256103515625 234.25 244.162506103515625 256.5625 263.787506103515625 268.95001220703125 277.412506103515625 290.162506103515625 300.837493896484375 300.118743896484375 294.26251220703125 293.125 293.625 293.38751220703125 295.17498779296875 296.98748779296875 300.67498779296875 304.193756103515625 309.07501220703125 317.149993896484375 322.70623779296875 327.162506103515625 333.056243896484375 334.63751220703125 336.631256103515625 337.04376220703125 338.09375 337.381256103515625 335.98748779296875 335.212493896484375 330.962493896484375 326.36248779296875 323.381256103515625 318.931243896484375 316.181243896484375 312.40625 309.64373779296875 309.86248779296875 306.54998779296875 305.212493896484375 302.95001220703125 301.36248779296875 301.462493896484375 302.53125
237.71875 240.125 245.912506103515625 250.875 262.76873779296875 272.03125 278.28125 287.76251220703125 300.743743896484375 313.83123779296875 309.975006103515625 304.175018310546875 303.36248779296875 303.875 302.70623779296875 304.53125 304.20623779296875 307.79998779296875 313.806243896484375 319.875 326.193756103515625 331.5 338.6875 342.65625 345.399993896484375 348.25 347.57501220703125 347.212493896484375 345.57501220703125 343.23126220703125 341.524993896484375 339.48126220703125 332.60626220703125 329.46875 327.23748779296875 323.881256103515625 322.225006103515625 319.631256103515625 318.41876220703125 315.84375 310.07501220703125 306.88751220703125 305.4375 305.5 307.5625
247.712493896484375 251.1062469482421875 257.35626220703125 261.64373779296875 266.82501220703125 272.850006103515625 279.64373779296875 288.368743896484375 296.76251220703125 303.66876220703125 307.58123779296875 308.618743896484375 312.006256103515625 312.38751220703125 312.01251220703125 314.462493896484375 314.32501220703125 315.068756103515625 319.462493896484375 327.26251220703125 335.01873779296875 341.962493896484375 348.868743896484375 350.45001220703125 354.037506103515625 357.681243896484375 357.53125 354.48126220703125 351.70623779296875 349.51251220703125 348.287506103515625 345.11248779296875 340.212493896484375 335.087493896484375 332.78125 330.100006103515625 327.29376220703125 325.90625 326.149993896484375 321.84375 311.868743896484375 308.649993896484375 307.256256103515625 306.743743896484375 310.20001220703125
258.524993896484375 261.100006103515625 265.868743896484375 271.787506103515625 277.32501220703125 281.29998779296875 281.868743896484375 281.92498779296875 282.725006103515625 288.662506103515625 301.024993896484375 310.58123779296875 317.318756103515625 320.79376220703125 322.287506103515625 323.3125 322.743743896484375 323.34375 325.20623779296875 333.60626220703125 343.4375 351.78125 357.64373779296875 359.5 364.618743896484375 365.48126220703125 364.131256103515625 360.92498779296875 358.11248779296875 356.40625 352.318756103515625 348.85626220703125 344.40625 340.149993896484375 337.087493896484375 331.84375 329.681243896484375 327.350006103515625 324.63751220703125 318.04376220703125 309.48748779296875 307.274993896484375 304.975006103515625 302.774993896484375 304.28125
267.95001220703125 271.45623779296875 275.73748779296875 279.96875 284.95001220703125 287.006256103515625 288.01873779296875 286.14373779296875 280.693756103515625 281.5 297.399993896484375 310.65625 324.1875 329.337493896484375 330.36248779296875 332.34375 333.4375 335.38751220703125 339.35626220703125 345.28125 348.8125 359.125 364.443756103515625 368.91876220703125 372.75 371.01873779296875 367.818756103515625 364.868743896484375 361.568756103515625 359.381256103515625 357.056243896484375 351.037506103515625 345.28125 338.912506103515625 336.243743896484375 332.16876220703125 330.60626220703125 326.54998779296875 323.20001220703125 315.9375 307.70623779296875 303.350006103515625 301.306243896484375 299.625 297.462493896484375
277.08123779296875 279.556243896484375 284.3125 288.625 292.25 294.806243896484375 296.787506103515625 295.556243896484375 295.506256103515625 300.493743896484375 312.33123779296875 321.5625 332.45001220703125 337.95001220703125 341.04998779296875 342.162506103515625 343.84375 347.368743896484375 351.54998779296875 360.162506103515625 363.006256103515625 368.13751220703125 372.01873779296875 377.837493896484375 377.20623779296875 372.78125 368.587493896484375 364.8125 362.54376220703125 362.84375 357.306243896484375 349.51873779296875 343.162506103515625 337.34375 333.91876220703125 331.431243896484375 327.66876220703125 323.9375 319.65625 314.225006103515625 307.78125 302.8125 298.42498779296875 291.962493896484375 291.54998779296875
286.28125 289.9375 293.912506103515625 297.443756103515625 299.274993896484375 302.600006103515625 305.73126220703125 306.51251220703125 310.6875 317.96875 329.46875 340 344.38751220703125 348.79998779296875 349.76251220703125 350.1875 352.712493896484375 357.60626220703125 363.89373779296875 371.65625 378.95623779296875 381.962493896484375 381.42498779296875 375.42498779296875 378.45623779296875 374.13751220703125 366.850006103515625 361.78125 357.53125 357.493743896484375 352.07501220703125 344.25 338.712493896484375 333.225006103515625 329.800018310546875 324.712493896484375 320.943756103515625 317.95623779296875 314.568756103515625 309.706268310546875 303.037506103515625 297.14373779296875 293.837493896484375 288.70623779296875 286.98748779296875
292.375 295.32501220703125 298.89373779296875 305.375 308.712493896484375 310.66876220703125 315.943756103515625 320.3125 327.03125 335.46875 346.962493896484375 357.78125 357.20623779296875 357.712493896484375 357.85626220703125 358.712493896484375 360.34375 364.98748779296875 371.725006103515625 380.09375 386.125 388.59375 388.212493896484375 385.056243896484375 378.193756103515625 367.46875 359.287506103515625 352.38751220703125 348.20001220703125 345.5625 340.89373779296875 334.693756103515625 328.48126220703125 323.875 320.649993896484375 317.10626220703125 315.15625 313.36248779296875 307.975006103515625 301.443756103515625 296.193756103515625 290.98126220703125 286.056243896484375 277.5 275.475006103515625
299.10626220703125 301.618743896484375 305.493743896484375 310.875 315.850006103515625 321.850006103515625 326.087493896484375 330.38751220703125 337.10626220703125 348.23126220703125 359.51873779296875 369.64373779296875 369.64373779296875 361.600006103515625 360.993743896484375 364.118743896484375 364.45623779296875 368.53125 376.268768310546875 382.368743896484375 387.89373779296875 387.88751220703125 383.46875 378.681243896484375 363.13751220703125 350.056243896484375 345.7874755859375 339.1875 336.48748779296875 333.056243896484375 328.662506103515625 322.63751220703125 316.65625 312.59375 308.82501220703125 307.975006103515625 307.3125 306.3125 302.725006103515625 296.962493896484375 287.568756103515625 283.725006103515625 276 267.65625 268.743743896484375
304.54376220703125 306.85626220703125 309.6875 314.568756103515625 321.649993896484375 327.73126220703125 332.149993896484375 337.63751220703125 346.08123779296875 355.71875 363.556243896484375 368.306243896484375 369.46875 365.306243896484375 361.125 365.26251220703125 365.506256103515625 366.806243896484375 374.29998779296875 377.89373779296875 381.07501220703125 378.16876220703125 374.256256103515625 363.287506103515625 350.16876220703125 338.70001220703125 332.8125 327.29998779296875 323.29376220703125 320.662506103515625 316.337493896484375 311.600006103515625 303.962493896484375 300.10626220703125 298.037506103515625 298.912506103515625 299.181243896484375 300.506256103515625 299.100006103515625 292.23748779296875 279.86248779296875 270.53125 267.39373779296875 266.21875 270.10626220703125
307.13751220703125 309.8125 313.537506103515625 319.09375 327.024993896484375 333.16876220703125 339.20623779296875 344.85626220703125 351.16876220703125 358.181243896484375 364.60626220703125 368.681243896484375 368.51251220703125 365.23126220703125 359.76873779296875 359.57501220703125 361.38751220703125 366.60626220703125 372.57501220703125 375.91876220703125 375.243743896484375 373.23126220703125 365.98748779296875 354.225006103515625 341.4375 331.600006103515625 324.881256103515625 320.118743896484375 316.462493896484375 312.375 305.76873779296875 297.78125 293.32501220703125 288.087493896484375 284.79376220703125 285.04376220703125 290.5625 295.85626220703125 293.693756103515625 283.98126220703125 272.087493896484375 267.20623779296875 268.618743896484375 265.38751220703125 266.837493896484375
307.587493896484375 310.15625 316.20001220703125 323.493743896484375 331.07501220703125 337.5625 343.64373779296875 349.88751220703125 357.76873779296875 362.95623779296875 367.568756103515625 370.40625 370.40625 365.693756103515625 357.90625 350.100006103515625 356.40625 366.16876220703125 370.287506103515625 373.837493896484375 372.068756103515625 366.59375 357.568756103515625 346.08123779296875 333.100006103515625 324.524993896484375 316.8125 313.09375 309.475006103515625 306.11248779296875 301.725006103515625 293.17498779296875 282.375 275.23748779296875 269.462493896484375 276.118743896484375 282.03125 288.20623779296875 286.76251220703125 281.04998779296875 271.318756103515625 269.07501220703125 267.556243896484375 263.26873779296875 263.11248779296875
306.524993896484375 310.662506103515625 318.412506103515625 326.912506103515625 334.60626220703125 341.4375 349.86248779296875 356.46875 361.95001220703125 367.16876220703125 370.34375 372.875 371.625 367.3125 362.0625 357.79376220703125 355.350006103515625 361.82501220703125 369.006256103515625 373.76873779296875 370.45001220703125 364.774993896484375 354.5 338.725006103515625 325.89373779296875 316.0625 309.84375 306.09375 304.056243896484375 302.118743896484375 297.243743896484375 289.13751220703125 279.131256103515625 271.181243896484375 270.774993896484375 273.5 280.14373779296875 287.443756103515625 290.20001220703125 282.5625 273.70001220703125 270.46875 265.131256103515625 260.73126220703125 259.34375
303.66876220703125 310.475006103515625 318.837493896484375 330.412506103515625 339.212493896484375 347.881256103515625 357.76873779296875 363.45001220703125 368.1875 371.212493896484375 372.375 374.01873779296875 372.556243896484375 370.40625 366.51251220703125 364.35626220703125 361.45001220703125 356.787506103515625 368.26873779296875 374.21875 372.20623779296875 363.84375 352.29376220703125 336.42498779296875 324.42498779296875 314.73126220703125 305.53125 304.5 303.64373779296875 300.462493896484375 291.26251220703125 275.95001220703125 272.34375 269.118743896484375 266.86248779296875 272.71875 278.90625 284.78125 285.95001220703125 283.83123779296875 273.524993896484375 268.868743896484375 263.462493896484375 258.16876220703125 257.23748779296875
299.443756103515625 308.375 319.73748779296875 331.181243896484375 341.881256103515625 352.83123779296875 362.5625 371.631256103515625 376.5 378.29998779296875 376.712493896484375 373.712493896484375 372.837493896484375 373.5 366.96875 365.037506103515625 363.79376220703125 361.212493896484375 363.618743896484375 369.95623779296875 373.45001220703125 367.162506103515625 344.1875 333.506256103515625 324.850006103515625 318.399993896484375 312.649993896484375 309.04998779296875 308.38751220703125 303.16876220703125 293.46875 279.256256103515625 270.57501220703125 259.64373779296875 256.225006103515625 262.41876220703125 269.631256103515625 274.95623779296875 279.48126220703125 276.96875 272.29998779296875 267.881256103515625 261.36248779296875 255.78125 255.1750030517578125
294.725006103515625 305.975006103515625 317.89373779296875 328.92498779296875 343.162506103515625 358.17498779296875 371.16876220703125 378.84375 383.36248779296875 384.59375 380.9375 379.48748779296875 377.91876220703125 376.462493896484375 368.29376220703125 359.462493896484375 354.899993896484375 361.068756103515625 363.15625 368.61248779296875 365.10626220703125 354.82501220703125 344.625 334.79998779296875 326.67498779296875 319.76873779296875 316.024993896484375 315.587493896484375 311.70001220703125 302.84375 289.8125 281.568756103515625 268.20623779296875 251.899993896484375 242.3000030517578125 248.1750030517578125 260.537506103515625 270.337493896484375 274.26873779296875 273.96875 269.318756103515625 264.993743896484375 258.92498779296875 253.21875 250.6062469482421875
