data/historical-monthly-weather-data/wc2.1_cruts4.09_10m_prec_1953-10.asc
ncols        45
nrows        45
xllcorner    -63.500000000000
yllcorner    -7.500000000000
cellsize     0.166666666667
NODATA_value -9999
[rows 0 to 19 of 45, columns 0 to 43 of 45]
160.881256103515625 157.443756103515625 151.649993896484375 148.1062469482421875 143.46875 137.9499969482421875 130.618743896484375 123.83750152587890625 118.38124847412109375 114.4562530517578125 112.22499847412109375 110.74375152587890625 108.86875152587890625 105.8312530517578125 104.28749847412109375 102.84375 101.31874847412109375 98.91249847412109375 97.15625 95.33750152587890625 93.71250152587890625 91.68125152587890625 90.1750030517578125 89.91249847412109375 90.11875152587890625 90.875 93.05625152587890625 95.7312469482421875 99.02500152587890625 103.13124847412109375 107.7937469482421875 112.6374969482421875 118.0124969482421875 123.9875030517578125 130.2687530517578125 134.7062530517578125 138.7937469482421875 142.4375 143.912506103515625 144.7624969482421875 145.412506103515625 144.8937530517578125 142.9187469482421875 139.9812469482421875
160.818756103515625 158.0687408447265625 155.5749969482421875 155.3874969482421875 155.125 149.4250030517578125 142.9375 137.868743896484375 134.1374969482421875 130.3625030517578125 127.03749847412109375 123.9875030517578125 120.71875 117.08750152587890625 114.25624847412109375 111.9499969482421875 108.90625 106.84999847412109375 105.28749847412109375 103.99375152587890625 102.125 100.4875030517578125 99.19374847412109375 99.1125030517578125 99.2624969482421875 99.3625030517578125 101.38124847412109375 103.5749969482421875 106.03749847412109375 109.90625 115.6750030517578125 122.06874847412109375 128.493743896484375 135.875 142.5124969482421875 147.0812530517578125 152.368743896484375 156.600006103515625 158.5187530517578125 159.399993896484375 160.4187469482421875 160.125 158.21875 154.96875
156.0812530517578125 154.2062530517578125 152.6687469482421875 154.006256103515625 155.3000030517578125 153.3937530517578125 151.6125030517578125 150.9875030517578125 150.100006103515625 147.556243896484375 143.725006103515625 139.0749969482421875 134.3312530517578125 129.212493896484375 125.125 121.4875030517578125 118.03125 115.4812469482421875 113.38124847412109375 111.7312469482421875 110.0124969482421875 109.1687469482421875 108.21250152587890625 108.09375 108.21250152587890625 108.6750030517578125 109.9562530517578125 111.45624542236328125 112.46250152587890625 116.6437530517578125 122.7937469482421875 128.8125 135.5500030517578125 143.600006103515625 151.25 156.6875 162.3125 168.024993896484375 170.962493896484375 172.506256103515625 174.0625 173.837493896484375 172.1750030517578125 169.7375030517578125
149.600006103515625 147.53125 148.181243896484375 148.8125 151.3000030517578125 153.5437469482421875 157.4187469482421875 162.212493896484375 166.1062469482421875 165.993743896484375 161.15625 154.15625 147.318756103515625 141.0625 136.462493896484375 131.5687408447265625 127.09999847412109375 124.36875152587890625 121.9875030517578125 120.15000152587890625 118.9562530517578125 117.8125 116.5625 116.80625152587890625 116.99375152587890625 117.16249847412109375 117.6999969482421875 118.08750152587890625 118.58750152587890625 122.4562530517578125 128.3625030517578125 134.881256103515625 141.100006103515625 148.649993896484375 156.0812530517578125 163.993743896484375 171.475006103515625 178.3562469482421875 182.65625 185.381256103515625 186.412506103515625 186.8249969482421875 185.743743896484375 184.243743896484375
149.568756103515625 143.9187469482421875 141.125 141.6687469482421875 145.75 152.1062469482421875 160.024993896484375 169.2687530517578125 179.15625 184.2312469482421875 177.0437469482421875 166.193756103515625 158.21875 151.9375 146.3000030517578125 140.4812469482421875 135.743743896484375 131.9375 128.96875 126.8562469482421875 126.59999847412109375 125.5625 124.4875030517578125 125.0749969482421875 125.2687530517578125 125.34375 124.46250152587890625 124.5124969482421875 125.0187530517578125 127.7312469482421875 133.125 139.100006103515625 146.087493896484375 153.850006103515625 162.368743896484375 170.618743896484375 179.3874969482421875 188.3249969482421875 193.15625 196.6750030517578125 198.337493896484375 198.1125030517578125 198.1750030517578125 197.1062469482421875
147.6437530517578125 141.631256103515625 135.8000030517578125 132.1125030517578125 137.1437530517578125 146.2687530517578125 155.21875 165.100006103515625 176.118743896484375 184.943756103515625 176.7937469482421875 166.493743896484375 160.34375 154.962493896484375 149.8937530517578125 145.618743896484375 141.0124969482421875 137.6750030517578125 135.475006103515625 133.631256103515625 133.6437530517578125 133.193756103515625 132.6374969482421875 132 131.774993896484375 131.2624969482421875 129.53125 128.1999969482421875 128.556243896484375 130.71875 135.59375 142.1687469482421875 148.71875 156.8000030517578125 165.5749969482421875 174.743743896484375 184.3312530517578125 195.0437469482421875 202.556243896484375 205.399993896484375 204.4875030517578125 204.774993896484375 204.662506103515625 205.056243896484375
148.693756103515625 141.743743896484375 135.4499969482421875 130.6062469482421875 132.8625030517578125 139.625 147.0187530517578125 153.8249969482421875 159.7062530517578125 163.0500030517578125 163.4875030517578125 160.78125 158.4812469482421875 155.899993896484375 152.337493896484375 149.3625030517578125 146.0625 142.993743896484375 140.8562469482421875 140.0500030517578125 140.84375 141.0437469482421875 140.462493896484375 139.53125 138.71875 137.3937530517578125 135.1937408447265625 132.649993896484375 131.1437530517578125 133.5875091552734375 138.0187530517578125 143.5437469482421875 149.899993896484375 158.28125 167.5749969482421875 176.2312469482421875 186.243743896484375 197.5187530517578125 208.0625 208.8562469482421875 207.1687469482421875 205.693756103515625 206.25 208.212493896484375
150.818756103515625 142.662506103515625 137.5625 134.600006103515625 134.0749969482421875 138.3625030517578125 140.9812469482421875 140.9562530517578125 138.787506103515625 141 148.3562469482421875 152.350006103515625 154.931243896484375 155.350006103515625 154.618743896484375 152.850006103515625 150.6875 148.3249969482421875 146.837493896484375 147.0187530517578125 148.5625 149.037506103515625 148.7312469482421875 147.506256103515625 145.90625 143.25 139.6437530517578125 135.537506103515625 132.8937530517578125 133.875 138.100006103515625 143.65625 150.2312469482421875 158.6062469482421875 167.118743896484375 175.2624969482421875 183.3874969482421875 193.1687469482421875 199.931243896484375 201.6374969482421875 200.2375030517578125 197.993743896484375 197.0812530517578125 197.681243896484375
153.149993896484375 145.943756103515625 142.21875 139.2312469482421875 138.0187530517578125 139.8249969482421875 140.087493896484375 136.006256103515625 128.087493896484375 126.7312469482421875 137.431243896484375 145.056243896484375 150.556243896484375 152.84375 154.1437530517578125 154.5625 153.9875030517578125 153.850006103515625 154.3562469482421875 154.6875 156.1687469482421875 157.243743896484375 155.8000030517578125 154.712493896484375 151.53125 147.28125 141.8625030517578125 138.3312530517578125 135.25 135.03125 138.6750030517578125 143.3562469482421875 148.725006103515625 155.587493896484375 162.5500030517578125 170.212493896484375 177.75 184.2312469482421875 187.5187530517578125 188.600006103515625 186.725006103515625 182.631256103515625 180.625 177.6374969482421875
156.068756103515625 149.306243896484375 145.756256103515625 143.7624969482421875 143.0187530517578125 144.1437530517578125 143.28125 138.5625 132.5812530517578125 131.4812469482421875 136.9875030517578125 142.431243896484375 148.100006103515625 151.631256103515625 154.46875 156.6750030517578125 157.681243896484375 159.7624969482421875 161.9562530517578125 164.7312469482421875 165.931243896484375 166.2937469482421875 163.8874969482421875 160.5437469482421875 154.9562530517578125 149.6437530517578125 144.5749969482421875 139.7375030517578125 136.600006103515625 136.1062469482421875 137.8000030517578125 141.7062530517578125 146.337493896484375 152.5749969482421875 159.193756103515625 165.4749908447265625 170.84375 175.0500030517578125 176.7687530517578125 175.368743896484375 172.1999969482421875 166.7624969482421875 161.3000030517578125 156.0812530517578125
159.1062469482421875 152.524993896484375 149.125 147.4499969482421875 147.125 150.381256103515625 150.068756103515625 144.600006103515625 139.7937469482421875 138.681243896484375 141.212493896484375 144.46875 147.881256103515625 151.7937469482421875 155.556243896484375 158.4562530517578125 161.368743896484375 165.2062530517578125 169.5124969482421875 174.3125 177.774993896484375 176.881256103515625 172.649993896484375 165.1875 159.4499969482421875 154.3625030517578125 149.1750030517578125 144.0500030517578125 139.212493896484375 138.1125030517578125 139.118743896484375 141.7937469482421875 145.8125 150.8874969482421875 155.71875 160.0374908447265625 163.65625 165.100006103515625 164.993743896484375 162.1437530517578125 157.5124969482421875 150.975006103515625 145.03125 137.3312530517578125
161.631256103515625 155.149993896484375 152.181243896484375 151.2062530517578125 151.4812469482421875 155.2624969482421875 156.4499969482421875 150.09375 145.962493896484375 144.0749969482421875 144.78125 147.181243896484375 149.5437469482421875 153.1750030517578125 157.681243896484375 160.71875 164.212493896484375 168.7937469482421875 174.1374969482421875 181.0812530517578125 187.756256103515625 186.7375030517578125 180.8562469482421875 171.337493896484375 162.875 155.556243896484375 149.318756103515625 145.2375030517578125 141.5625 140.59375 139.9812469482421875 141.412506103515625 143.96875 147.9250030517578125 151.9875030517578125 154.5812530517578125 156.1437530517578125 156.662506103515625 154.337493896484375 150.443756103515625 143.6750030517578125 136.3625030517578125 129.6687469482421875 122.65000152587890625
163.162506103515625 157.256256103515625 154.556243896484375 153.212493896484375 153.274993896484375 155.756256103515625 155.1875 151.756256103515625 148.7687530517578125 148.0500030517578125 148.46875 149.7937469482421875 152.2062530517578125 154.100006103515625 158.412506103515625 162.53125 165.6999969482421875 171.21875 177.3000030517578125 184.118743896484375 193.2687530517578125 193.53125 187.087493896484375 176.931243896484375 162.725006103515625 153.756256103515625 151.2624969482421875 147.4875030517578125 144.6687469482421875 142.9250030517578125 141.3125 140.537506103515625 142.5500030517578125 144.818756103515625 147.806243896484375 149.600006103515625 149.9875030517578125 150.1999969482421875 147.78125 140.774993896484375 133.3562469482421875 126.8625030517578125 119.08750152587890625 106.19374847412109375
163.4250030517578125 157.712493896484375 155.287506103515625 153.75 152.868743896484375 154.162506103515625 153.5437469482421875 152.03125 150.875 150.0625 150.125 151.243743896484375 153.1125030517578125 155.506256103515625 158.125 162.3937530517578125 165.3562469482421875 170.4187469482421875 175.8625030517578125 181.899993896484375 190.0187530517578125 191.943756103515625 189.743743896484375 181.71875 170.40625 162.0625 157.5500030517578125 152.5437469482421875 148.368743896484375 144.399993896484375 141.006256103515625 139.5 140.368743896484375 141.975006103515625 144.2937469482421875 145.8562469482421875 146.3562469482421875 147.1437530517578125 144.787506103515625 138.774993896484375 129 118.5 110.11875152587890625 101.46875
162.09375 156.9875030517578125 154.0812530517578125 152.5749969482421875 151.5 152.1750030517578125 152.9875030517578125 152.5 151.3937530517578125 151.006256103515625 151.25 151.9562530517578125 153.2624969482421875 155.3625030517578125 157.318756103515625 161.118743896484375 163.2624969482421875 166.6999969482421875 170.5187530517578125 176.212493896484375 184.3249969482421875 189.649993896484375 192.21875 189.8249969482421875 184.350006103515625 177.0437469482421875 168.631256103515625 160.1062469482421875 152.7062530517578125 145.868743896484375 140.368743896484375 137.193756103515625 137.649993896484375 139.9187469482421875 142.0437469482421875 142.9250030517578125 144.787506103515625 148.899993896484375 150.71875 144.493743896484375 132.90625 121.6125030517578125 113.3562469482421875 105.43125152587890625
159.4250030517578125 154.3937530517578125 151.993743896484375 150.7312469482421875 149.681243896484375 150.881256103515625 151.7687530517578125 151.53125 151.256256103515625 151.375 150.943756103515625 150.4812469482421875 151.493743896484375 153.4875030517578125 155.9375 158.368743896484375 158.6437530517578125 161.024993896484375 164.0625 168.662506103515625 176.787506103515625 185.868743896484375 194.3562469482421875 199.3625030517578125 198.006256103515625 190.881256103515625 180.462493896484375 168.90625 157.8937530517578125 147.3874969482421875 139.6437530517578125 134.25 133.743743896484375 135.78125 136.850006103515625 136.71875 142.337493896484375 148.600006103515625 154.6999969482421875 151.1875 142.912506103515625 131.212493896484375 120.46875 110.25
154.9812469482421875 150.649993896484375 149.493743896484375 148.993743896484375 148.125 149.4812469482421875 150.7375030517578125 151.006256103515625 151.1125030517578125 150.493743896484375 149.618743896484375 148.5749969482421875 148.256256103515625 149.162506103515625 150.743743896484375 152.0187530517578125 150.65625 152.131256103515625 155.006256103515625 159.743743896484375 168.5625 180.1999969482421875 194.2937469482421875 206.350006103515625 211.0187530517578125 201.056243896484375 189.3937530517578125 174.475006103515625 160.006256103515625 147.2312469482421875 138.4375 133.4499969482421875 129.8125 127.9875030517578125 127.5437469482421875 131.2687530517578125 138.850006103515625 153.568756103515625 169.149993896484375 163.8874969482421875 154.625 141.4875030517578125 127.54375457763671875 116.75
149.4562530517578125 145.931243896484375 145.881256103515625 145.931243896484375 145.774993896484375 147.993743896484375 149.7937469482421875 150.256256103515625 150.306243896484375 149.875 148.899993896484375 146.443756103515625 144.587493896484375 143.3249969482421875 143.306243896484375 142.912506103515625 141.1374969482421875 141.4375 144.524993896484375 148.6374969482421875 158.1062469482421875 170.84375 186.725006103515625 201.1437530517578125 208.462493896484375 203.087493896484375 194.375 178.0187530517578125 160.5749969482421875 144.725006103515625 134.1125030517578125 128.368743896484375 127.8000030517578125 128.6062469482421875 124.8562469482421875 120.1062469482421875 134.756256103515625 153.412506103515625 166.1687469482421875 167.7937469482421875 160.368743896484375 148.493743896484375 135.118743896484375 124.3125
142.78125 140.931243896484375 141.8874969482421875 142.9375 143.899993896484375 146.3874969482421875 148.46875 149.625 150.524993896484375 149.556243896484375 147.1750030517578125 143.912506103515625 140.15625 136.881256103515625 135.6374969482421875 135.1875 133.243743896484375 132.462493896484375 134.875 138.0812530517578125 147.4875030517578125 162.9187469482421875 175.868743896484375 189.631256103515625 197.868743896484375 199.243743896484375 191.5812530517578125 177.3249969482421875 161.600006103515625 143.3562469482421875 129.506256103515625 128.087493896484375 134.40625 134.6875 132.024993896484375 130.337493896484375 139.8937530517578125 152.5625 162.493743896484375 165.975006103515625 162.5187530517578125 156.3000030517578125 143.056243896484375 132.375
135.5437469482421875 135.3312530517578125 137.131256103515625 139.1687469482421875 141.3000030517578125 145.03125 148.1687469482421875 150.087493896484375 150.8000030517578125 150.0124969482421875 146.975006103515625 141.8874969482421875 136.5500030517578125 131.5437469482421875 129.4375 128.4187469482421875 125.81874847412109375 126.72499847412109375 128.8125 132.899993896484375 140.787506103515625 152.9812469482421875 169.162506103515625 181.59375 189.381256103515625 190.8249969482421875 185.5187530517578125 176.9250030517578125 162.2312469482421875 145.850006103515625 134.899993896484375 137.5124969482421875 143.306243896484375 149.125 152.7937469482421875 151.1999969482421875 153.131256103515625 158.787506103515625 163.6437530517578125 165.9499969482421875 165.6374969482421875 161.125 150.568756103515625 140.125
