data/historical-monthly-weather-data/wc2.1_cruts4.09_10m_prec_2011-06.asc
ncols        45
nrows        45
xllcorner    -63.500000000000
yllcorner    -7.500000000000
cellsize     0.166666666667
NODATA_value -9999
[rows 20 to 39 of 45, columns 0 to 43 of 45]
88.59999847412109375 96.1687469482421875 101.46875 103.73749542236328125 103.65625 106.9187469482421875 111.6374969482421875 114.2375030517578125 117.27500152587890625 118.5124969482421875 120.4499969482421875 118.2624969482421875 114.21875 107.9187469482421875 102.3000030517578125 98.90000152587890625 93.3312530517578125 92.8874969482421875 97.3625030517578125 98.11875152587890625 106.5437469482421875 114.06874847412109375 123.65625 132 132.8562469482421875 128.0812530517578125 118.0812530517578125 117.74375152587890625 118.1062469482421875 120.41249847412109375 122.7062530517578125 129.975006103515625 124.31874847412109375 122.71250152587890625 122.59375 129.412506103515625 134.4375 132.9812469482421875 123.9812469482421875 114.97499847412109375 105.5749969482421875 94.80625152587890625 92.02500152587890625 91.71250152587890625
82.99375152587890625 85.8000030517578125 92.8562469482421875 98.24375152587890625 100.1125030517578125 101.875 105.53125 107.8937530517578125 110.3937530517578125 114.13124847412109375 115.8562469482421875 112.34999847412109375 108.46250152587890625 106.2937469482421875 104.1687469482421875 97.78125 101.03749847412109375 99.02500152587890625 104.02500152587890625 106.125 108.59375 120.2687530517578125 129.975006103515625 131.21875 129.243743896484375 126.05625152587890625 125.59375 120.28749847412109375 123.81874847412109375 126.06874847412109375 123.66249847412109375 120.27500152587890625 117.68125152587890625 119.625 117.5625 119.39374542236328125 122.74375152587890625 124.52500152587890625 119.19374847412109375 112.0625 103.0749969482421875 95.43125152587890625 92.4375 92.59999847412109375
77.97499847412109375 85.49375152587890625 92.22499847412109375 97.18125152587890625 99.4250030517578125 100.0437469482421875 98.15625 99.40000152587890625 105.5 108.6062469482421875 109.9250030517578125 110.40625 111.9187469482421875 111.875 109.3312530517578125 105.5749969482421875 101.6875 101.28125 105.31874847412109375 110.5500030517578125 118.91249847412109375 124.125 128.087493896484375 130.5187530517578125 134.693756103515625 131.7125091552734375 125.90000152587890625 123.1999969482421875 123.75624847412109375 119.40000152587890625 116.34375 115.63124847412109375 111.6437530517578125 109.36875152587890625 112.03125 110.34999847412109375 110.41249847412109375 112.90625 112.6875 108.90625 101.22499847412109375 95.55625152587890625 92.03749847412109375 90.0187530517578125
71.2937469482421875 79.41249847412109375 89 92.08750152587890625 93.59999847412109375 94.3000030517578125 97.2624969482421875 98.28125 99.61875152587890625 100.44374847412109375 106.19374847412109375 111.69374847412109375 111.86875152587890625 114.2375030517578125 109.27500152587890625 106.3000030517578125 104.1062469482421875 107.74375152587890625 111.125 114.99375152587890625 122.08750152587890625 130.59375 133.225006103515625 140.399993896484375 139.006256103515625 133.587493896484375 132.7062530517578125 122.41249847412109375 117.5625 115.0437469482421875 111.41249847412109375 109.71250152587890625 107.5749969482421875 103.49375152587890625 104.65625 102.0500030517578125 103.83750152587890625 106.2624969482421875 104.81874847412109375 101.2687530517578125 96.34999847412109375 92.84375 90.34375 89.34999847412109375
64.25624847412109375 73.05625152587890625 81.3562469482421875 88.2375030517578125 91.52500152587890625 92.43125152587890625 94.00624847412109375 96.6374969482421875 97.47499847412109375 101.50624847412109375 104.1750030517578125 107.15000152587890625 111.3249969482421875 110.125 106.11875152587890625 104.15625 104.40000152587890625 106.30625152587890625 111.53125 118.5812530517578125 125.5 131.1875 140.4812469482421875 145.2624969482421875 139.2687530517578125 133.962493896484375 128.024993896484375 120.9250030517578125 114.49375152587890625 111.74375152587890625 104.66249847412109375 99.8937530517578125 97.75624847412109375 97.5 97.21875 96.96875 97.7624969482421875 97.6062469482421875 98.4812469482421875 96.25624847412109375 92.52500152587890625 90.7937469482421875 90 86.8249969482421875
60.19374847412109375 69.8562469482421875 74.44374847412109375 81.2624969482421875 84.4812469482421875 86.6437530517578125 87.7687530517578125 90.8312530517578125 89.8249969482421875 91.16249847412109375 97.3625030517578125 100.9250030517578125 105.09999847412109375 106.05625152587890625 105.09375 101.59999847412109375 102.42499542236328125 107.59375 113.5625 117.375 125.16249847412109375 132.5187530517578125 140.350006103515625 142.837493896484375 140.8000030517578125 133.212493896484375 126.59375 119.28749847412109375 109.96875 105.28749847412109375 98.1875 93.06874847412109375 91.03125 89.99375152587890625 89.49375152587890625 91.78749847412109375 92.8937530517578125 91.3562469482421875 90.3312530517578125 90.8937530517578125 87.97499847412109375 82.0625 81.15625 81.47499847412109375
55.049999237060546875 59.78749847412109375 66.31874847412109375 71.77500152587890625 75.0625 78.05625152587890625 80.09999847412109375 79.71875 81.09375 87.34375 93.9812469482421875 97.72499847412109375 100.2687530517578125 103.125 103.81874847412109375 103.91249847412109375 103.1125030517578125 104.6999969482421875 111.5500030517578125 115.59375 120.83750152587890625 128.625 137.774993896484375 145.181243896484375 137.71875 130.6750030517578125 124.18125152587890625 114.9187469482421875 105.90000152587890625 99.8312530517578125 94.78125 87.15000152587890625 84.40000152587890625 83.8562469482421875 83.9375 84.9375 87.51874542236328125 86.34999847412109375 84.16249847412109375 85.6875 85.0124969482421875 81.1125030517578125 77.48749542236328125 76.34375
50.52500152587890625 52.4375 57.575000762939453125 61.012500762939453125 64.2062530517578125 68.5187530517578125 71.6875 72.84999847412109375 76 82.4375 87.5124969482421875 92.36875152587890625 95.09999847412109375 97.53125 98.3125 98.8625030517578125 98.90000152587890625 103.0437469482421875 105.8249969482421875 111.99375152587890625 118.65000152587890625 123.4875030517578125 133.993743896484375 136.318756103515625 132.09375 124.78749847412109375 118.25 109.25 103.49375152587890625 98.88124847412109375 92.3937530517578125 86.4187469482421875 82.3312530517578125 78.49375152587890625 80.3937530517578125 81.0187530517578125 83.3874969482421875 81.91875457763671875 81.53749847412109375 82.09999847412109375 81.8125 80.66249847412109375 73.8000030517578125 73.97499847412109375
45.262500762939453125 47.793750762939453125 49.706249237060546875 51.94374847412109375 55.625 57.74375152587890625 61.768749237060546875 66.1062469482421875 71.3000030517578125 76.0625 81.72499847412109375 86.2375030517578125 90.86875152587890625 94.3249969482421875 95.375 96.3937530517578125 98.1374969482421875 100.3125 105.1750030517578125 110.96250152587890625 114.53125 118.4562530517578125 124.1875 125.36875152587890625 122.77500152587890625 116.125 112.8125 107.50624847412109375 100.75624847412109375 93.75 86.8000030517578125 82.3937530517578125 78.09375 76.86875152587890625 76.0749969482421875 76.33750152587890625 79.65625 76.88124847412109375 76.96875 76.5500030517578125 75.1750030517578125 72.84375 70.33750152587890625 72.5812530517578125
41.862499237060546875 42.6875 44.44374847412109375 45.893749237060546875 48.424999237060546875 52.0625 55.706249237060546875 61.49375152587890625 66.03125 71.53125 77.08750152587890625 82.6437530517578125 87.94374847412109375 92.22499847412109375 92.6062469482421875 92.66249847412109375 93.71250152587890625 98.09375 98.9499969482421875 100.5500030517578125 106.79375457763671875 111.0500030517578125 115.97499847412109375 116.9812469482421875 113.00624847412109375 111.40000152587890625 106.9875030517578125 101.1374969482421875 95.5 88.375 82.4875030517578125 77.8000030517578125 75.4250030517578125 74.55625152587890625 74.9250030517578125 73.49375152587890625 77.56874847412109375 75.0500030517578125 71.47499847412109375 74.0500030517578125 72.2687530517578125 69.78125 69.4375 67.86875152587890625
39.487499237060546875 39.174999237060546875 40.0625 41.625 43.80625152587890625 47.075000762939453125 51.49375152587890625 56.31874847412109375 60.8125 66.9499969482421875 73.03125 77.66249847412109375 84.36875152587890625 85.28125 87.2062530517578125 90.78749847412109375 92.90625 93.9499969482421875 95.05625152587890625 97.46250152587890625 100.94374847412109375 102.8562469482421875 107.125 108.6999969482421875 106.2937469482421875 105.25624847412109375 100.4562530517578125 95.75624847412109375 90.0500030517578125 84.125 81.24375152587890625 77.06874847412109375 73.69374847412109375 71.11875152587890625 70.9562530517578125 70.0500030517578125 72.6437530517578125 72.03749847412109375 69 66.21250152587890625 66.44374847412109375 64.52500152587890625 63.90625 63.393749237060546875
37.16249847412109375 36.43125152587890625 36.581249237060546875 38.31874847412109375 41.15625 44.268749237060546875 47.90625 52.0625 57.0625 61.83750152587890625 66.25 71.65000152587890625 75.8125 80.71250152587890625 84.41249847412109375 86.97499847412109375 86.6875 87.47499847412109375 89.09999847412109375 91.59999847412109375 94.21875 97.00624847412109375 98.11875152587890625 98.63124847412109375 99.11875152587890625 97.3000030517578125 94.3249969482421875 90.3249969482421875 85.0187530517578125 83.3937530517578125 79.1999969482421875 74.78125 72.1750030517578125 69.22499847412109375 68.13124847412109375 66.3625030517578125 67.0187530517578125 64.88124847412109375 64.1437530517578125 62.700000762939453125 63.25624847412109375 61.97499847412109375 60.575000762939453125 59.90625
36.46250152587890625 35.725002288818359375 36.36875152587890625 37.77500152587890625 38.99375152587890625 41.94374847412109375 45.40000152587890625 49.456249237060546875 53.34999847412109375 57.94374847412109375 64.33750152587890625 68.8000030517578125 73.59375 80.03749847412109375 83.96875 83.90000152587890625 83.27500152587890625 85.6875 86.90625 88.3562469482421875 88.36875152587890625 89.3625030517578125 91.4812469482421875 92.1875 91.50624847412109375 90.5812530517578125 87.63124847412109375 83.8874969482421875 80.71250152587890625 79.43125152587890625 76.65625 71.49375152587890625 69.4187469482421875 68.38124847412109375 66.24375152587890625 64.27500152587890625 62.61875152587890625 60.5625 59.91249847412109375 61.125 61.50624847412109375 59.94374847412109375 57.481250762939453125 56.18125152587890625
35.77500152587890625 35.53125 36.77500152587890625 37.481250762939453125 38.06874847412109375 40.38124847412109375 43.86875152587890625 46.543750762939453125 49.94374847412109375 53.799999237060546875 59.962497711181640625 66.43125152587890625 71.71875 76.1374969482421875 78.75624847412109375 81.34375 83.03125 83.1437530517578125 82.0437469482421875 83.0749969482421875 83.8625030517578125 83.8562469482421875 86.46250152587890625 85.1374969482421875 85.33750152587890625 83.11875152587890625 82.1999969482421875 79.33750152587890625 78.0812530517578125 76.31874847412109375 74.75 71.84999847412109375 67.0437469482421875 64.7624969482421875 63.875 62 59.825000762939453125 57.575000762939453125 57.268749237060546875 57.518749237060546875 56.52500152587890625 56.475002288818359375 55.21250152587890625 51.293750762939453125
35.97499847412109375 35.00624847412109375 36.43125152587890625 37.700000762939453125 37.981250762939453125 38.86875152587890625 40.818752288818359375 43.706249237060546875 47.075000762939453125 50.6875 58.09375 65.15000152587890625 71.0749969482421875 78.34999847412109375 81.09999847412109375 81.58124542236328125 81.1437530517578125 78.8000030517578125 77.31874847412109375 75.0625 78.0625 76.8249969482421875 77.4812469482421875 76.6999969482421875 79.16875457763671875 78.4375 76.96875 73.8312530517578125 72.33750152587890625 70.7687530517578125 70.2687530517578125 68.93125152587890625 63.93125152587890625 61.4375 59.25 58.27500152587890625 55.206249237060546875 55.71250152587890625 53.90000152587890625 54.05625152587890625 53.21875 51.731250762939453125 51.174999237060546875 48.83750152587890625
37.43125152587890625 36.3125 37.075000762939453125 38.16249847412109375 38.731250762939453125 39.674999237060546875 41.168750762939453125 42.731250762939453125 45.09999847412109375 48.1875 53.46250152587890625 63.174999237060546875 71.2062530517578125 77.22499847412109375 80.18125152587890625 80.9187469482421875 79.55625152587890625 75.15625 72.5187530517578125 69.28749847412109375 69.6437530517578125 71.52500152587890625 71.08750152587890625 70.3874969482421875 72.27500152587890625 71.6437530517578125 70.38124847412109375 68.08750152587890625 67.97499847412109375 66.3125 64.71250152587890625 63.856250762939453125 60.75 57.637500762939453125 54.487499237060546875 53.81874847412109375 53.74375152587890625 51.86875152587890625 51.137500762939453125 51.63124847412109375 50.84999847412109375 48.88124847412109375 47.94374847412109375 47.34999847412109375
37.71250152587890625 38.018749237060546875 37.700000762939453125 38.762500762939453125 39.799999237060546875 40.49375152587890625 41.393749237060546875 43.19374847412109375 44.96875 45.393749237060546875 52.262500762939453125 63.862499237060546875 72.40625 76.41249847412109375 79.03749847412109375 79.3937530517578125 78.40625 74.63124847412109375 71.03125 65.5 64.22499847412109375 66.3562469482421875 65.5500030517578125 65.44374847412109375 65.1125030517578125 64.84375 65.625 63.799999237060546875 62.18125152587890625 59.90000152587890625 60.387500762939453125 58.49375152587890625 56.61875152587890625 54.58750152587890625 51.65000152587890625 50.90625 50.94374847412109375 50.74375152587890625 48.96875 47.875 46.987499237060546875 46.625 44.52500152587890625 47
37.987499237060546875 38.450000762939453125 38.96250152587890625 40.356250762939453125 40.88124847412109375 41.706249237060546875 42.96875 44.356250762939453125 46.612499237060546875 46.58750152587890625 56.86875152587890625 67.75624847412109375 73.28125 77.49375152587890625 77.56874847412109375 77.3249969482421875 75.7624969482421875 72.7062530517578125 69.7375030517578125 65.2624969482421875 62.38124847412109375 62.03125 60.125 60.1875 59.362499237060546875 60.393749237060546875 61.09375 59.418750762939453125 57.90000152587890625 55.200000762939453125 54.28749847412109375 54.8125 53.65000152587890625 50.875 48.50624847412109375 48.237499237060546875 47.93125152587890625 47.09375 48.21250152587890625 46.25 44.700000762939453125 44.84999847412109375 42.362499237060546875 41.81874847412109375
39.612499237060546875 39.375 40.24375152587890625 41.450000762939453125 42.50624847412109375 44.487499237060546875 45.575000762939453125 47.825000762939453125 51.53749847412109375 59.78125 72.5 75.5749969482421875 75.06874847412109375 75.625 75.0437469482421875 73.3625030517578125 72.75 69.69374847412109375 66.5187530517578125 63.49375152587890625 59.72499847412109375 57.924999237060546875 56.09375 55.58750152587890625 55.331249237060546875 56.875 56.424999237060546875 54.512500762939453125 53.28125 52.362499237060546875 52.018749237060546875 51.043750762939453125 49.36875152587890625 48.03749847412109375 47.762500762939453125 46.15625 45.78125 44.799999237060546875 43.15625 41.69374847412109375 42.11875152587890625 42.52500152587890625 41.25624847412109375 40.69374847412109375
39.99375152587890625 40.487499237060546875 41.84375 42.450000762939453125 44.831249237060546875 47.47499847412109375 47.987499237060546875 52.08750152587890625 56.91249847412109375 64.46875 70.24375152587890625 74.625 74.78749847412109375 74.5437469482421875 73.8562469482421875 73.5 70.99375152587890625 67.375 63.481250762939453125 60.75624847412109375 57.33750152587890625 55.331249237060546875 51.6875 51.72499847412109375 50.44374847412109375 50.53125 51.21875 50.075000762939453125 48.80625152587890625 47.456249237060546875 46.66249847412109375 46.700000762939453125 44.6875 44.956249237060546875 43.21875 42.59999847412109375 42.08750152587890625 42.25624847412109375 40.91249847412109375 39.762500762939453125 40.612499237060546875 40.46875 38.40625 37.262500762939453125
