data/historical-monthly-weather-data/wc2.1_cruts4.09_10m_prec_1990-04.asc
ncols        45
nrows        45
xllcorner    -63.500000000000
yllcorner    -7.500000000000
cellsize     0.166666666667
NODATA_value -9999
[rows 20 to 39 of 45, columns 0 to 43 of 45]
248.193756103515625 257.193756103515625 263.75 269.274993896484375 273.256256103515625 281.381256103515625 288.625 291.09375 291.26873779296875 287.600006103515625 281.162506103515625 271.943756103515625 262.98748779296875 255.743743896484375 245.475006103515625 237 230.712493896484375 229.024993896484375 229.8312530517578125 230.212493896484375 235.162506103515625 238.4375 239.6687469482421875 240.5 244.149993896484375 247.212493896484375 248.2312469482421875 248.6125030517578125 247.3000030517578125 246.0187530517578125 241.1125030517578125 235.975006103515625 222.506256103515625 207.100006103515625 194.6062469482421875 205.09375 222.024993896484375 235.2687530517578125 243.78125 247.6687469482421875 247.9187469482421875 248.1687469482421875 244.1750030517578125 241.6999969482421875
240.756256103515625 247.2687530517578125 254.774993896484375 265.03125 272.32501220703125 278.943756103515625 286.568756103515625 291.787506103515625 292.368743896484375 286.162506103515625 275.28125 260.95001220703125 249.6750030517578125 242.4875030517578125 237.475006103515625 231.318756103515625 228.375 226.03125 226.1062469482421875 225.6687469482421875 226.03125 228.568756103515625 232.5500030517578125 234.7312469482421875 239.2624969482421875 247.125 259.056243896484375 259.01873779296875 256.60626220703125 254.756256103515625 249.0500030517578125 241.8312530517578125 230.1687469482421875 219.28125 213.2375030517578125 217.65625 229.75 240.462493896484375 245.787506103515625 247.4499969482421875 247.1875 245.662506103515625 241.2375030517578125 237.5124969482421875
234.537506103515625 246.006256103515625 254.7750091552734375 264.42498779296875 272.10626220703125 278.89373779296875 284.149993896484375 291.40625 297.45623779296875 285.98126220703125 269.03125 250.5625 237.1125030517578125 231.6875 230.037506103515625 228.1062469482421875 224.9875030517578125 221.8125 220.0437469482421875 217.9250030517578125 218.4875030517578125 219.9562530517578125 221.1437530517578125 224.431243896484375 232.3125 242.993743896484375 256.868743896484375 260.36248779296875 259.837493896484375 257.57501220703125 254.4375 249.96875 243.90625 237.2624969482421875 234.3125 234.993743896484375 241.318756103515625 248.162506103515625 250.337493896484375 248.3562469482421875 245.850006103515625 242.0437469482421875 237.1750030517578125 232.6875
230.818756103515625 242.556243896484375 253.100006103515625 260.806243896484375 267.73748779296875 274.431243896484375 282.024993896484375 287.524993896484375 291.04376220703125 278.85626220703125 261.57501220703125 245.693756103515625 228.537506103515625 226.4812469482421875 226.5 224.600006103515625 221.0124969482421875 219.1750030517578125 215.9562530517578125 213.7375030517578125 212.493743896484375 210.9375 210.8000030517578125 215.4562530517578125 222.8000030517578125 229.71875 240.90625 251.131256103515625 256.225006103515625 260.193756103515625 262.21875 264.006256103515625 260.8125 255.0749969482421875 252.412506103515625 251.587493896484375 254.506256103515625 255.462493896484375 253.25 248.1687469482421875 244.0812530517578125 238.875 233.524993896484375 228.149993896484375
230.162506103515625 241.9375 250.975006103515625 259.40625 267.10626220703125 272.243743896484375 277.14373779296875 280.625 279.10626220703125 272.0625 258.29998779296875 243.65625 234.2062530517578125 227.912506103515625 225.09375 222.3874969482421875 220.375 217.84375 214.287506103515625 209.8249969482421875 206.4562530517578125 203.2062530517578125 201.9250030517578125 204.506256103515625 210.0500030517578125 220.5500030517578125 233.3625030517578125 244.6374969482421875 254.5187530517578125 265.71875 273.756256103515625 280.46875 279.162506103515625 273.23748779296875 267.75 262.51251220703125 261.243743896484375 257.193756103515625 253.193756103515625 248.3125 242.774993896484375 236.443756103515625 231.600006103515625 225.1125030517578125
236.881256103515625 246.806243896484375 250.600006103515625 257.45001220703125 262.712493896484375 266.96875 270.54376220703125 272.0625 267.61248779296875 260.587493896484375 252.6750030517578125 244.837493896484375 237.600006103515625 232.881256103515625 227.5 225.1125030517578125 221.96875 218.568756103515625 213.3312530517578125 206.537506103515625 203.2375030517578125 197.4812469482421875 193.0749969482421875 191.4375 199.600006103515625 212.6125030517578125 229.506256103515625 242.318756103515625 256.54998779296875 269.67498779296875 284.23748779296875 296.868743896484375 297.26251220703125 287.8125 277.600006103515625 269.92498779296875 264.76873779296875 258.71875 252.84375 247.243743896484375 241.693756103515625 234.3312530517578125 227.9187469482421875 220.225006103515625
241.806243896484375 247.381256103515625 251.537506103515625 255.7687530517578125 258.131256103515625 262.23126220703125 263.756256103515625 262.79998779296875 258.993743896484375 257.0625 253.3625030517578125 247.25 242.2937469482421875 238.7062530517578125 233.774993896484375 230.1875 226.1875 221.0124969482421875 216.1750030517578125 210.03125 203.4562530517578125 195.931243896484375 188.3625030517578125 185.78125 196.2624969482421875 208.46875 226.3249969482421875 240.7624969482421875 256.850006103515625 272.087493896484375 290.056243896484375 306.14373779296875 308.756256103515625 296 282.91876220703125 272.95001220703125 265.84375 258.631256103515625 251.34375 245.4187469482421875 238.5812530517578125 232.4250030517578125 225.868743896484375 219.65625
248.3562469482421875 250.3249969482421875 252.225006103515625 254.0187530517578125 255.912506103515625 257.412506103515625 258.787506103515625 256.10626220703125 254.8562469482421875 254.287506103515625 250.4562530517578125 248.0437469482421875 245.15625 243.868743896484375 239.6374969482421875 234.524993896484375 230.8937530517578125 227.7062530517578125 221.212493896484375 215.649993896484375 209.1875 200.431243896484375 196.256256103515625 194.087493896484375 200.3562469482421875 211.0500030517578125 225.8000030517578125 240.75 256.04376220703125 272.01251220703125 288.07501220703125 302.162506103515625 302.524993896484375 292.54998779296875 282.21875 271.86248779296875 265.04998779296875 257.931243896484375 250.868743896484375 244.34375 238.006256103515625 232.3562469482421875 226.4499969482421875 222.3562469482421875
252.431243896484375 252.5999908447265625 251.8937530517578125 252.4812469482421875 252.2062530517578125 251.0437469482421875 250.881256103515625 251.318756103515625 252.75 251.6437530517578125 250.725006103515625 249.7624969482421875 248.006256103515625 248.0187530517578125 246.03125 243.743743896484375 240.6875 234.65625 229.6374969482421875 223.2125091552734375 216.975006103515625 208.59375 204.631256103515625 204.162506103515625 207.65625 216 229.1999969482421875 242.4250030517578125 256.193756103515625 270.3125 282.350006103515625 293.04998779296875 290.137481689453125 283.975006103515625 276.225006103515625 268.162506103515625 262.54376220703125 256.53125 250.34375 242.850006103515625 234.625 229.681243896484375 225.90625 229.1500091552734375
254.0812530517578125 252.7687530517578125 251.0749969482421875 247.868743896484375 247.2937469482421875 247.3062591552734375 247.7062530517578125 249.087493896484375 250.1062469482421875 249.78125 250.7937469482421875 251.125 253.274993896484375 254.7062530517578125 253.337493896484375 250.993743896484375 248.4812469482421875 245.71875 239.8000030517578125 231.6437530517578125 223.712493896484375 218.03125 215.3000030517578125 213.4187469482421875 214.6687469482421875 220.837493896484375 232.756256103515625 243.1875 255.056243896484375 265.943756103515625 275.32501220703125 281.631256103515625 278.89373779296875 274.91876220703125 269.63751220703125 263.09375 259.024993896484375 254.0749969482421875 247.2375030517578125 242.2874908447265625 237.1062469482421875 233.943756103515625 230.649993896484375 234.1687469482421875
253.100006103515625 250.100006103515625 247.3874969482421875 244.6999969482421875 244.2937469482421875 243.837493896484375 245.1687469482421875 245.337493896484375 246.7687530517578125 248.631256103515625 250.96875 253.3249969482421875 258.23748779296875 259.381256103515625 259.681243896484375 258.725006103515625 258.53125 256.193756103515625 251.4375 244.0749969482421875 235.6125030517578125 228.34375 224.162506103515625 220.068756103515625 219.0187530517578125 226.6374969482421875 234.5812530517578125 244.318756103515625 253.8000030517578125 260.618743896484375 267.787506103515625 272.23748779296875 270.76251220703125 267.29998779296875 262.225006103515625 257.38751220703125 252.03125 248.0749969482421875 244.756256103515625 241 237.125 234.34375 233.1750030517578125 233.837493896484375
249.743743896484375 245.8874969482421875 243.15625 242.318756103515625 241.243743896484375 239.381256103515625 240.649993896484375 240.587493896484375 242.4875030517578125 244.8125 248.943756103515625 255.3625030517578125 259.881256103515625 263.63751220703125 264.70001220703125 265.431243896484375 263.82501220703125 262.34375 257.556243896484375 253.681243896484375 245.8312530517578125 238.350006103515625 232.118743896484375 227.931243896484375 228.5437469482421875 232.100006103515625 237.25 245.631256103515625 252 257.40625 262.96875 265.83123779296875 262.274993896484375 258.85626220703125 254.6374969482421875 250.0437469482421875 246.1999969482421875 241.181243896484375 238.243743896484375 235.15625 235.193756103515625 234.2687530517578125 233.256256103515625 234.09375
244.6750030517578125 239.3937530517578125 237.368743896484375 235.8937530517578125 235.8125 234.03125 233.131256103515625 234.0812530517578125 235.9312591552734375 240.399993896484375 248.6750030517578125 254.868743896484375 262.712493896484375 269.36248779296875 270.875 271.193756103515625 271.387481689453125 270.42498779296875 264.881256103515625 259.95623779296875 254.4499969482421875 247.462493896484375 240.774993896484375 236.850006103515625 237.1999969482421875 237.0437469482421875 241.568756103515625 246.5500030517578125 251.40625 255.8187408447265625 258.20623779296875 258.45001220703125 254.2062530517578125 250.993743896484375 247.1374969482421875 243.7312469482421875 239.59375 235.381256103515625 231.087493896484375 232.3000030517578125 231.1875 230.2312469482421875 230.524993896484375 232.431243896484375
237.9812469482421875 233.899993896484375 232.4187469482421875 230.6437530517578125 229.4375 229.118743896484375 228.399993896484375 227.6437530517578125 229.6687469482421875 234.787506103515625 242.4562530517578125 253.368743896484375 264.26251220703125 270.73748779296875 274.14373779296875 274.649993896484375 276.162506103515625 275.193756103515625 270.818756103515625 266.07501220703125 260.881256103515625 254.899993896484375 249 242.7624969482421875 243.0749969482421875 241.850006103515625 243.412506103515625 246.493743896484375 250.1687469482421875 251.306243896484375 251.8625030517578125 252.0062408447265625 247.556243896484375 243.7375030517578125 240.100006103515625 236.131256103515625 232.4250030517578125 226.125 225.6875 226.056243896484375 224.149993896484375 224.5687408447265625 225.881256103515625 228.4812469482421875
230.131256103515625 227.912506103515625 227.6125030517578125 224.84375 223.03125 221.9375 220.65625 220.5812530517578125 221.443756103515625 225.368743896484375 236.100006103515625 251.056243896484375 266.15625 277.5 280.36248779296875 281.45623779296875 281.337493896484375 277.993743896484375 275.95001220703125 269.875 266.6875 259.83123779296875 254.5437469482421875 246.993743896484375 245.537506103515625 245.568756103515625 246.125 246.412506103515625 248.75 249.375 247.662506103515625 246.631256103515625 240.7687530517578125 237.1875 232.475006103515625 227.649993896484375 222.256256103515625 221.1875 220.3625030517578125 219.2937469482421875 216.9875030517578125 217.8312530517578125 219.78125 221.899993896484375
225.2375030517578125 224.4250030517578125 223.5437469482421875 221.09375 218.5625 216.2312469482421875 215.0500030517578125 213.6125030517578125 212.21875 214.6750030517578125 224.274993896484375 242.493743896484375 262.67498779296875 276.14373779296875 280.61248779296875 282.824981689453125 283.993743896484375 281.54376220703125 279.337493896484375 276.20001220703125 271.34375 265.76251220703125 257.20001220703125 251.149993896484375 247.9250030517578125 247.2624969482421875 247.850006103515625 248.5 249.7312469482421875 247.943756103515625 245.1687469482421875 241.868743896484375 235.78125 232.368743896484375 226.462493896484375 219.6437530517578125 218.193756103515625 216.96875 214.875 213.8874969482421875 213.0187530517578125 213.024993896484375 213.5500030517578125 215.350006103515625
221.193756103515625 221.5187530517578125 219.9562530517578125 218.006256103515625 215.125 212.818756103515625 211.5812530517578125 207.743743896484375 203.3562469482421875 202.193756103515625 214.0749969482421875 238.5500030517578125 257.431243896484375 269.649993896484375 277.662506103515625 281.95623779296875 282.475006103515625 281.368743896484375 280.34375 275.79376220703125 271.774993896484375 265.75 257.71875 252.649993896484375 248.65625 247.649993896484375 248.9250030517578125 249.9187469482421875 249.9499969482421875 246.306243896484375 243.28125 239.725006103515625 233.368743896484375 227.600006103515625 220.962493896484375 216.21875 214.662506103515625 213.943756103515625 213.024993896484375 209.78125 208.493743896484375 207.625 208.381256103515625 208.975006103515625
219.3000030517578125 218.1687469482421875 215.912506103515625 214.6750030517578125 212.056243896484375 210.443756103515625 208.3312530517578125 203.84375 200.6999969482421875 197.850006103515625 215.1999969482421875 239.381256103515625 255.0625 266.36248779296875 274.15625 279.64373779296875 280.15625 280.318756103515625 276.837493896484375 271.6875 267.76251220703125 261.581268310546875 256.318756103515625 251.712493896484375 247.8562469482421875 248.2312469482421875 247.2375030517578125 249.625 250.2312469482421875 246.5187530517578125 240.725006103515625 236.625 231.5812530517578125 224.7687530517578125 216.25 214.556243896484375 212.7937469482421875 210.3562469482421875 210.556243896484375 207.725006103515625 204.5187530517578125 203.65625 202.125 201.1125030517578125
214.8000030517578125 211.975006103515625 210.5625 210.381256103515625 209.7062530517578125 207.5187530517578125 206.524993896484375 205.037506103515625 207.6437530517578125 216.3625030517578125 234.524993896484375 247.3937530517578125 255.15625 264.61248779296875 271.649993896484375 275.100006103515625 276.375 275.537506103515625 269.931243896484375 266.5 261.850006103515625 255.625 251.037506103515625 248.712493896484375 246.4812469482421875 244.881256103515625 244.931243896484375 246.975006103515625 247.506256103515625 245.75 241.6750030517578125 235.8062591552734375 231.15625 226.4375 222.8625030517578125 218.8312530517578125 215.149993896484375 213.3125 211.1437530517578125 206.6125030517578125 203.787506103515625 203.225006103515625 200.837493896484375 200.5500030517578125
209.2687530517578125 207.4187469482421875 207.0187530517578125 207.712493896484375 207.8625030517578125 207.774993896484375 206.5124969482421875 209.524993896484375 215.4124908447265625 224.59375 236.7624969482421875 248.40625 255.40625 263.037506103515625 268.756256103515625 271.318756103515625 272.431243896484375 271.11248779296875 264.85626220703125 259.837493896484375 254.1687469482421875 250.59375 243.9875030517578125 241.725006103515625 242.7062530517578125 242.368743896484375 243.0124969482421875 245.131256103515625 246.024993896484375 244.625 239.75 239.0625 237.368743896484375 233.3249969482421875 230.2937469482421875 225.6437530517578125 220.806243896484375 217.850006103515625 213.881256103515625 207.2937469482421875 203.2937469482421875 202.3937530517578125 199.09375 198.2687530517578125
