data/historical-monthly-weather-data/wc2.1_cruts4.09_10m_prec_1969-11.asc
ncols        45
nrows        45
xllcorner    -63.500000000000
yllcorner    -7.500000000000
cellsize     0.166666666667
NODATA_value -9999
[rows 19 to 37 of 45, columns 0 to 43 of 45]
113.27500152587890625 110.8625030517578125 109.5625 108.84375 108.375 109.8937530517578125 111.21250152587890625 112.09999847412109375 114.3625030517578125 116.25624847412109375 116.3874969482421875 111.8937530517578125 106.0625 100.3000030517578125 96.5 93.34375 90.53749847412109375 91.3937530517578125 93.3000030517578125 96.31874847412109375 98.5625 98.5500030517578125 97.9499969482421875 97.09375 96.22499847412109375 94.3937530517578125 91.8312530517578125 88.25624847412109375 81.4812469482421875 73.99375152587890625 69.40000152587890625 70.25624847412109375 69.59999847412109375 68.7312469482421875 67.1374969482421875 65.2937469482421875 63.606250762939453125 61.91249847412109375 59.768749237060546875 57.34999847412109375 54.799999237060546875 52.61875152587890625 49.5 46.825000762939453125
110.3312530517578125 108.74375152587890625 108.25624847412109375 107.84999847412109375 107.3312530517578125 109.44374847412109375 111.7624969482421875 113.7062530517578125 116.78125 118.9812469482421875 119.78749847412109375 116.5437469482421875 111.90625 106.1125030517578125 101.84375 97.5124969482421875 93.9562530517578125 93.13124847412109375 94.75624847412109375 96.02500152587890625 98.08750152587890625 98.97499847412109375 98.5187530517578125 98.05625152587890625 97.4812469482421875 95.88124847412109375 93.1875 88.5500030517578125 83.28749847412109375 79.9812469482421875 77.7375030517578125 78 76.31874847412109375 74.74375152587890625 73.11875152587890625 71.68125152587890625 69.3249969482421875 66.99375152587890625 64.0812530517578125 61.174999237060546875 57.91249847412109375 55.193752288818359375 52.174999237060546875 49.06874847412109375
108.16249847412109375 106.0625 106.1437530517578125 106.2312469482421875 106.4875030517578125 108.9875030517578125 112.19374847412109375 114.8937530517578125 119.1062469482421875 122.24375152587890625 123.8125 122.3312530517578125 119.05625152587890625 113.8125 108.5437469482421875 103.34999847412109375 99.5812530517578125 97.55625152587890625 97.1999969482421875 97.6374969482421875 97.58750152587890625 97.72499847412109375 97.8874969482421875 97.4499969482421875 96.65625 95.46250152587890625 94.25624847412109375 91.0124969482421875 87.8874969482421875 86.31874847412109375 84.6875 84.99375152587890625 82.94374847412109375 81.8000030517578125 80.6750030517578125 78.81874847412109375 76.15625 73.13124847412109375 69.05625152587890625 65.4375 61.5 58.1875 54.887500762939453125 51.706249237060546875
106.2624969482421875 104.9875030517578125 105.0124969482421875 105.28749847412109375 105.86875152587890625 108.56874847412109375 111.74375152587890625 115.7312469482421875 120.9812469482421875 124.6875 127.66249847412109375 127.81874847412109375 127.9250030517578125 123.7937469482421875 116.1750030517578125 109.2624969482421875 104.3125 101.5625 99.78125 98.77500152587890625 98.1125030517578125 97.4562530517578125 96.91249847412109375 96.4812469482421875 96.5124969482421875 96.125 95.2312469482421875 93.75 91.5812530517578125 91.06874847412109375 91.21250152587890625 92.00624847412109375 90.66249847412109375 89.59999847412109375 88.1999969482421875 86.25624847412109375 83.2937469482421875 79.04999542236328125 74.06874847412109375 69.58750152587890625 65.27500152587890625 61.40625 57.674999237060546875 54.125
105.1875 104.375 104.31874847412109375 103.94374847412109375 104.49375152587890625 107.83750152587890625 111.5 115.94374847412109375 120.88124847412109375 125.1875 128.943756103515625 132.46875 135.318756103515625 131.337493896484375 122.3249969482421875 114.52500152587890625 108.71875 105.34999847412109375 102.5500030517578125 100.21250152587890625 99.03749847412109375 97.9375 96.68125152587890625 96.44374847412109375 96.7624969482421875 96.625 97.71875 96.28749847412109375 95.6374969482421875 96.18125152587890625 97.96250152587890625 99.71250152587890625 98.27500152587890625 96.8312530517578125 95.5124969482421875 93.6875 90.1374969482421875 84.40000152587890625 78.7937469482421875 73.5625 68.6125030517578125 64.4812469482421875 60.612499237060546875 56.83750152587890625
105.80625152587890625 104.72499847412109375 104.2624969482421875 103.58750152587890625 104.1687469482421875 107.09999847412109375 110.53749847412109375 114.6999969482421875 119.8125 124.3249969482421875 128.756256103515625 131.850006103515625 134.5812530517578125 132.7687530517578125 125.3874969482421875 117.96250152587890625 111.9499969482421875 107.8125 104.61875152587890625 101.72499847412109375 99.88124847412109375 97.8000030517578125 96.6687469482421875 96.34375 96.50624847412109375 97.7687530517578125 99.0812530517578125 99.3937530517578125 99.375 101.68125152587890625 104.0749969482421875 106.53749847412109375 105.125 103.4375 101.47499847412109375 98.3312530517578125 94.2624969482421875 88.1999969482421875 82.47499847412109375 77.1687469482421875 71.7624969482421875 67.47499847412109375 63.856250762939453125 60.34999847412109375
107.8000030517578125 106.84999847412109375 104.53749847412109375 103.6999969482421875 103.1999969482421875 105.6750030517578125 108.71875 112.5187530517578125 117.30625152587890625 121.8874969482421875 126.1437530517578125 129.787506103515625 132.1687469482421875 131.881256103515625 126.34999847412109375 120.08750152587890625 114.6687469482421875 110.43125152587890625 106.91249847412109375 103.80625152587890625 101.33750152587890625 98.86875152587890625 96.84999847412109375 95.91249847412109375 96.8562469482421875 98.9499969482421875 101.375 102.90625 104.11875152587890625 107.2312469482421875 110.19374847412109375 113 111.5124969482421875 108.8562469482421875 106.31874847412109375 102.2062530517578125 97.2312469482421875 91.49375152587890625 86.2062530517578125 80.68125152587890625 75.28125 70.84375 66.52500152587890625 63.237499237060546875
108.09999847412109375 105.66249847412109375 103.4812469482421875 102.15625 101.25 103.375 106.9375 110.30625152587890625 114.18125152587890625 118.75624847412109375 123.7062530517578125 128 131.1437530517578125 132.2624969482421875 127.90625 122.0437469482421875 117.21250152587890625 113.40625 110.0124969482421875 106.53749847412109375 103.8874969482421875 101.2375030517578125 98.81874847412109375 98.11875152587890625 99.9875030517578125 102.28125 105.0187530517578125 107.27500152587890625 109.63750457763671875 112.41249847412109375 115.9250030517578125 118.7062530517578125 116.90000152587890625 113.58750152587890625 109.6687469482421875 105.15625 100.06874847412109375 94.3125 89.5625 84.375 79.0749969482421875 74.1062469482421875 69.375 65.3249969482421875
107.94374847412109375 104.02500152587890625 101.75624847412109375 100.0749969482421875 99.28125 101.05625152587890625 104.21250152587890625 107.69374847412109375 111.8562469482421875 116.38124847412109375 120.7312469482421875 125.78749847412109375 129.899993896484375 132.181243896484375 128.975006103515625 124.03125 119.4499969482421875 116.3249969482421875 113.03749847412109375 109.8249969482421875 107.59999847412109375 104.9562530517578125 103.65625 103.75624847412109375 105.11875152587890625 106.9250030517578125 109.53125 112.3625030517578125 114.91249847412109375 117.7062530517578125 120.59375 123.2312469482421875 120.80625152587890625 116.3874969482421875 112.40000152587890625 107.75 102.63124847412109375 97.58750152587890625 92.4812469482421875 88.28125 83.69374847412109375 78.375 71.8249969482421875 67.00624847412109375
107.8125 102.58750152587890625 99.59999847412109375 97.8625030517578125 97.06874847412109375 98.61875152587890625 101.4499969482421875 104.80625152587890625 109.53749847412109375 113.93125152587890625 118.46250152587890625 123.83750152587890625 129.09375 132.274993896484375 129.774993896484375 126.3562469482421875 123.00624847412109375 119.6374969482421875 116.56874847412109375 113.7062530517578125 112.03125 110 109.28125 110.08750152587890625 111.1875 112.5625 115.4375 117.98125457763671875 120.7624969482421875 122.75 125.28749847412109375 127.15625 123.50624847412109375 118.71250152587890625 114.6750030517578125 109.99375152587890625 105.21250152587890625 100.13124847412109375 95.21875 90.6687469482421875 86.8562469482421875 80.90625 74.68125152587890625 70.90000152587890625
108.9499969482421875 102.9812469482421875 99.56874847412109375 96.58750152587890625 95.6999969482421875 97.3312530517578125 99.9875030517578125 103.30625152587890625 107.99375152587890625 112.1875 116.8937530517578125 122.8562469482421875 128.774993896484375 133.3000030517578125 132.131256103515625 130.03125 127.05625152587890625 124.72499847412109375 121.6687469482421875 119.03749847412109375 117.78125 117.21250152587890625 117.0437469482421875 117.4812469482421875 118.5 120.1062469482421875 122.71250152587890625 124.8125 126.9812469482421875 128.6437530517578125 130.15625 131.0625 127 122.43125152587890625 118 112.8874969482421875 107.8000030517578125 103.4499969482421875 97.78749847412109375 93.03125 89.24375152587890625 86.03749847412109375 81.52500152587890625 78.68125152587890625
109.59375 103.31874847412109375 99.6437530517578125 96.4375 94.83750152587890625 96.81874847412109375 99.33750152587890625 102.25624847412109375 106.40625 111.1437530517578125 116.2062530517578125 122.6374969482421875 129.4875030517578125 134.1062469482421875 134.5 133.943756103515625 132.943756103515625 130.5124969482421875 127.21250152587890625 125.88124847412109375 125.5187530517578125 125.46250152587890625 125.7062530517578125 126.09999847412109375 126.5625 128.1687469482421875 130.100006103515625 132.100006103515625 133.6374969482421875 134.1875 134.9250030517578125 135.212493896484375 130.618743896484375 126.4187469482421875 121.34375 116.0812530517578125 111.30625152587890625 107.6437530517578125 101.6687469482421875 94.4875030517578125 91.65000152587890625 90.9499969482421875 88.625 86.16249847412109375
110.2312469482421875 104.11875152587890625 100.38124847412109375 97.6999969482421875 96.38750457763671875 97.1687469482421875 99.2375030517578125 101.56874847412109375 105.6687469482421875 110.28125 115.5625 122.68125152587890625 129.850006103515625 135.84375 138.2750091552734375 139.40625 139.65625 137.5812530517578125 135.243743896484375 134.350006103515625 134.4875030517578125 134.5 134.6875 134.837493896484375 135.662506103515625 136.5625 137.78125 139.2937469482421875 140.118743896484375 140.2375030517578125 140.0812530517578125 139.100006103515625 134.5187530517578125 129.71875 125.375 120.30625152587890625 115.7062530517578125 111.53125 105.15000152587890625 99.6125030517578125 98.43125152587890625 99.06874847412109375 98.16249847412109375 97.9499969482421875
113.1999969482421875 107.7375030517578125 104.03749847412109375 101.43125152587890625 99.78125 99.80625152587890625 101.0812530517578125 102.875 106.47499847412109375 110.8937530517578125 117.0124969482421875 124.1999969482421875 132.318756103515625 140.4375 144.068756103515625 146.993743896484375 148.3562469482421875 148 146.662506103515625 146.006256103515625 146.15625 145.5437469482421875 144.881256103515625 144.71875 145.274993896484375 145.6437530517578125 146.4499969482421875 147.306243896484375 148.212493896484375 147.399993896484375 146.3312530517578125 144.600006103515625 139.774993896484375 134.7687530517578125 130.8625030517578125 126.3125 122.3874969482421875 117.97499847412109375 112.4250030517578125 110.40625 110.0187530517578125 111.21250152587890625 112.47499847412109375 114.8312530517578125
116.1437530517578125 111.5187530517578125 107.9562530517578125 105.4875030517578125 103.28749847412109375 102.81874847412109375 102.9562530517578125 104.27500152587890625 107.55625152587890625 111.5812530517578125 117.3937530517578125 126.0812530517578125 135.681243896484375 144.3562469482421875 149.8125 154.7062530517578125 158.59375 159.1750030517578125 158.71875 158.5749969482421875 158.2624969482421875 157.28125 156.1750030517578125 155.28125 155.225006103515625 154.8499908447265625 155.556243896484375 155.7312469482421875 156.15625 154.4499969482421875 152.5625 150.649993896484375 145.7937469482421875 140.84375 137.131256103515625 133.256256103515625 129.0187530517578125 124.21250152587890625 121.625 121.6687469482421875 121.8625030517578125 124.19374847412109375 128.149993896484375 133
119.9375 115.93125152587890625 112.52500152587890625 109.59375 107.2687530517578125 106.13124847412109375 105.3625030517578125 105.97499847412109375 108.02500152587890625 112.1125030517578125 118.4499969482421875 128.587493896484375 139.4375 150.1374969482421875 157.787506103515625 163.6062469482421875 169.46875 171.006256103515625 171.2312469482421875 171.34375 171.0812530517578125 169.6374969482421875 167.712493896484375 165.6062469482421875 164.28125 163.787506103515625 163.600006103515625 163.962493896484375 163.693756103515625 161.3000030517578125 159.131256103515625 156.5 151.462493896484375 147.225006103515625 142.868743896484375 138.5812530517578125 134.4875030517578125 132.6125030517578125 131.6500091552734375 131.8562469482421875 133.3249969482421875 136.1437530517578125 140.962493896484375 146.537506103515625
126.5 122.5749969482421875 119.2687530517578125 116.11875152587890625 113.59375 112.18125152587890625 110.9562530517578125 109.99375152587890625 110.88124847412109375 113.83750152587890625 120.84375 132.006256103515625 144.850006103515625 157.40625 165.850006103515625 174.1437530517578125 180.3125 182.8249969482421875 184.2312469482421875 185.6062469482421875 184.6999969482421875 181.4187469482421875 178.3312530517578125 175.681243896484375 173.6750030517578125 172.3000030517578125 171.975006103515625 172.274993896484375 171.9499969482421875 168.3249969482421875 166.131256103515625 162.899993896484375 158.4187469482421875 154.2062530517578125 149.193756103515625 144.868743896484375 143.6750030517578125 142 140.8937530517578125 141.84375 143.9562530517578125 146.5187530517578125 150.5437469482421875 155.868743896484375
133.524993896484375 129.931243896484375 126.90000152587890625 123.97499847412109375 121.1875 119.4375 117.3625030517578125 115.4499969482421875 114.80625152587890625 115.02500152587890625 123.33750152587890625 138.9562530517578125 152.7624969482421875 164.71875 174.4812469482421875 183.6999969482421875 191.1374969482421875 194.03125 196.0500030517578125 197.318756103515625 195.5625 191.618743896484375 187.962493896484375 184.631256103515625 181.962493896484375 180.681243896484375 179.4250030517578125 180.09375 179.1687469482421875 175.774993896484375 172.6750030517578125 170.193756103515625 165.524993896484375 161.5812530517578125 156.7375030517578125 153.693756103515625 152.743743896484375 151.84375 151.493743896484375 151.21875 152.4499969482421875 154.5124969482421875 158.0124969482421875 163.1062469482421875
141.256256103515625 137.5687408447265625 134.53125 131.912506103515625 129.1374969482421875 127.3125 125.3562469482421875 123.2687530517578125 122.33750152587890625 121.3625030517578125 134.3062591552734375 151.506256103515625 163.118743896484375 173.875 183.8125 193.493743896484375 201.600006103515625 204.3125 205.774993896484375 205.34375 203.78125 200.3249969482421875 196.6999969482421875 192.3874969482421875 189.662506103515625 188.100006103515625 186.6750030517578125 187.1750030517578125 186.556243896484375 183.4875030517578125 178.225006103515625 175.149993896484375 171.40625 167.881256103515625 163.8187408447265625 162.225006103515625 161.993743896484375 161.0999908447265625 161.899993896484375 162.149993896484375 161.181243896484375 163.225006103515625 164.837493896484375 168
