data/historical-monthly-weather-data/wc2.1_cruts4.09_10m_prec_1968-01.asc
ncols        51
nrows        45
xllcorner    -63.500000000000
yllcorner    -7.500000000000
cellsize     0.166666666667
NODATA_value -9999
[rows 20 to 39 of 45, columns 0 to 44 of 51]
158.243743896484375 160.2687530517578125 165.649993896484375 172.725006103515625 180.3000030517578125 190.1437530517578125 200.931243896484375 210.443756103515625 219.131256103515625 226.274993896484375 232.40625 236.993743896484375 243.53125 250.8562469482421875 246.1374969482421875 233.756256103515625 225.524993896484375 223.25 226.375 229.8874969482421875 239.7624969482421875 249.149993896484375 256.943756103515625 262.85626220703125 269.08123779296875 275.45001220703125 279.256256103515625 283.3125 286.881256103515625 289.931243896484375 286.649993896484375 278.774993896484375 265.662506103515625 251.993743896484375 240.1437530517578125 253.475006103515625 275.23748779296875 289.70001220703125 291.85626220703125 283.86248779296875 269.649993896484375 255.7312469482421875 245.649993896484375 237.75 232.3125
150.818756103515625 151.868743896484375 157.225006103515625 165.0749969482421875 174.1875 184.4875030517578125 195.318756103515625 206.34375 215.131256103515625 219.256256103515625 221.318756103515625 219.943756103515625 220.7687530517578125 224.256256103515625 224.743743896484375 220.65625 218.6687469482421875 219.65625 222.7937469482421875 227.34375 234.6687469482421875 243.7937469482421875 253.3625030517578125 260.76873779296875 268.625 277.068756103515625 283.912506103515625 286.274993896484375 286.90625 285.86248779296875 278.96875 270.61248779296875 262.48748779296875 257.39373779296875 255.3249969482421875 267.54376220703125 289.787506103515625 307.350006103515625 308.975006103515625 297.45623779296875 280.1875 264.274993896484375 252.1875 242.5500030517578125 235.6687469482421875
143.78125 144.6999969482421875 148.993743896484375 156.65625 166.6687469482421875 178.368743896484375 189.6125030517578125 201.3249969482421875 211.712493896484375 212.618743896484375 208.8937530517578125 201.556243896484375 197.3000030517578125 200.03125 205.8000030517578125 208.912506103515625 210.243743896484375 213.8125 217.993743896484375 222.787506103515625 230.4812469482421875 238.712493896484375 247.0749969482421875 255.024993896484375 265.70623779296875 277.5625 285.850006103515625 287.76873779296875 286.32501220703125 281.21875 272.975006103515625 265.912506103515625 265.89373779296875 267.33123779296875 272.412506103515625 283.943756103515625 306.16876220703125 331.35626220703125 330.0625 309.46875 288.34375 271.524993896484375 256.23126220703125 245.1875 237.787506103515625
137.5187530517578125 137.4562530517578125 140.743743896484375 148.3874969482421875 159.0749969482421875 170.6687469482421875 182.625 194.337493896484375 203.3312530517578125 202.693756103515625 197.287506103515625 189.524993896484375 180.2375030517578125 185.600006103515625 195.4187469482421875 201.3937530517578125 204.8937530517578125 209.806243896484375 214.8937530517578125 220.381256103515625 226.75 233.9812469482421875 241.662506103515625 249.4375 261.5625 274.04998779296875 283.962493896484375 285.462493896484375 283.912506103515625 280.95001220703125 275.65625 272.181243896484375 274.70623779296875 279.26873779296875 286.57501220703125 297.92498779296875 316.29998779296875 337.28125 334.64373779296875 313.92498779296875 292.04376220703125 273.79376220703125 258.11248779296875 246.412506103515625 239.931243896484375
132.162506103515625 131.6687469482421875 133.8000030517578125 142.399993896484375 154.350006103515625 165.1374969482421875 175.743743896484375 185.850006103515625 192.274993896484375 193.3937530517578125 190.4562530517578125 185.5437469482421875 181.6875 185.2937469482421875 191.84375 197.90625 202.46875 208.7062530517578125 213.7624969482421875 217.8000030517578125 223.3312530517578125 228.59375 234.881256103515625 242.15625 253.943756103515625 268.193756103515625 276.975006103515625 282.48126220703125 283.725006103515625 284.57501220703125 283.462493896484375 284.17498779296875 286.524993896484375 291.712493896484375 298.79998779296875 306.368743896484375 318.85626220703125 327.07501220703125 323.237518310546875 309.118743896484375 290.006256103515625 272.787506103515625 257.73126220703125 247.4499969482421875 239.225006103515625
129.631256103515625 130.5437469482421875 133.3874969482421875 141.287506103515625 150.5749969482421875 160.4812469482421875 169.6999969482421875 177.493743896484375 182.931243896484375 185.225006103515625 185.7062530517578125 185.506256103515625 185.506256103515625 188.662506103515625 192.7062530517578125 197.53125 202.431243896484375 208.881256103515625 213.9875030517578125 217.28125 222.162506103515625 224.5812530517578125 228.693756103515625 233.743743896484375 246.399993896484375 262.412506103515625 274.08123779296875 281.181243896484375 285.9375 287.568756103515625 291.8125 295.931243896484375 299.818756103515625 302.993743896484375 308.631256103515625 312.53125 318.287506103515625 319.79376220703125 314.149993896484375 301.84375 285.875 269.537506103515625 254.1750030517578125 244.8937530517578125 239.9499969482421875
127.21875 127.55625152587890625 132.125 139.1125030517578125 146.6687469482421875 155.65625 164.399993896484375 170.975006103515625 176.4562530517578125 181.131256103515625 184.4250030517578125 187.5625 190.6999969482421875 195.0500030517578125 198.149993896484375 202.3000030517578125 206.7312469482421875 212.837493896484375 218.3937530517578125 220.556243896484375 223.2062530517578125 225.7937469482421875 226.40625 229.8874969482421875 244.7687530517578125 260.568756103515625 272.256256103515625 280.84375 287.73126220703125 291.95623779296875 298.76251220703125 304.46875 310.13751220703125 312.90625 315.45001220703125 317.806243896484375 319.975006103515625 317.306243896484375 308.91876220703125 297.83123779296875 282.70001220703125 265.96875 251.5500030517578125 243.193756103515625 245.4187469482421875
125.34999847412109375 124.1437530517578125 129.631256103515625 136.5 143.6062469482421875 151.524993896484375 159.399993896484375 165.8312530517578125 172.225006103515625 177.8562469482421875 183.1437530517578125 189.15625 194.5625 200.40625 203.625 207.5437469482421875 211.5500030517578125 219.1437530517578125 223.15625 226.100006103515625 229.8312530517578125 230.8874969482421875 234.899993896484375 239.2375030517578125 250.625 263.8125 274.33123779296875 282.32501220703125 289.95623779296875 296.975006103515625 303.368743896484375 309.506256103515625 315.024993896484375 317.33123779296875 319.899993896484375 320.912506103515625 320.01251220703125 316.76873779296875 308.743743896484375 296.61248779296875 282.96875 267.143768310546875 251.493743896484375 244.6062469482421875 257.625
123.09999847412109375 120.8937530517578125 126.46875 133.8000030517578125 140.774993896484375 148.068756103515625 154.5625 161.5812530517578125 168.34375 175.243743896484375 182.4187469482421875 190.181243896484375 197.899993896484375 206.5 210.506256103515625 215.0749969482421875 220.9812469482421875 227.2687530517578125 231.875 234.875 238 239.75 244.287506103515625 249.662506103515625 258.70001220703125 269.162506103515625 278.475006103515625 285.962493896484375 294.26251220703125 301.46875 306.96875 312.506256103515625 317.625 321.412506103515625 324.600006103515625 324.100006103515625 323.274993896484375 319.399993896484375 311.83123779296875 299.78125 284.45623779296875 269.962493896484375 258.649993896484375 258.20001220703125 272.85626220703125
124.80625152587890625 121.4875030517578125 127 134.087493896484375 140.03125 146.225006103515625 152.0749969482421875 159.162506103515625 166.462493896484375 173.8562469482421875 182.59375 192.71875 202.681243896484375 212.943756103515625 219.100006103515625 224.493743896484375 230.4250030517578125 237.600006103515625 243.4875030517578125 245.5062408447265625 248.0187530517578125 251.337493896484375 255.1374969482421875 259.587493896484375 267.443756103515625 276.54998779296875 284.07501220703125 290.5 298.037506103515625 304.375 310.662506103515625 316.1875 320.41876220703125 325.51873779296875 328.712493896484375 328.712493896484375 327.431243896484375 325.662506103515625 318.243743896484375 308.21875 296.850006103515625 286.306243896484375 279.068756103515625 279.95623779296875 286.76251220703125
126.1062469482421875 121.7687530517578125 125.65625 131.743743896484375 137.462493896484375 142.5124969482421875 148.9187469482421875 155.912506103515625 163.993743896484375 172.8000030517578125 183.131256103515625 194.975006103515625 207.056243896484375 218.40625 226.5437469482421875 233.28125 240.8937530517578125 248.9250030517578125 255.0187530517578125 257.20623779296875 258.881256103515625 261.29998779296875 265.818756103515625 269.34375 275.212493896484375 284.037506103515625 290.51873779296875 295.79998779296875 303.100006103515625 308.431243896484375 314.600006103515625 320.35626220703125 324.243743896484375 329.38751220703125 333 333.46875 332.412506103515625 332.506256103515625 327.61248779296875 319.5 311.73748779296875 304.45001220703125 299.86248779296875 298.01251220703125 302.88751220703125
126.81874847412109375 121.25 123.6687469482421875 127.65625 131.462493896484375 137.5 145.1875 152.1999969482421875 161.28125 171.1875 182.631256103515625 196.03125 210.087493896484375 224.193756103515625 234.100006103515625 242.225006103515625 249.5999908447265625 257.15625 262.04376220703125 265.350006103515625 266.82501220703125 269.28125 274.100006103515625 276.95001220703125 283.225006103515625 290.45001220703125 295.375 300.5625 305.931243896484375 312.399993896484375 318.412506103515625 324 328.48126220703125 333.78125 337.96875 338.274993896484375 339.681243896484375 338.662506103515625 334.04376220703125 328.96875 326.881256103515625 322.850006103515625 320.393768310546875 322.07501220703125 327.024993896484375
131.0124969482421875 125.33750152587890625 126.7624969482421875 129.15625 131.0124969482421875 136.506256103515625 142.806243896484375 149.4250030517578125 158.1437530517578125 169.693756103515625 183.399993896484375 198.625 215.9499969482421875 233.274993896484375 243.649993896484375 252.28125 259.6875 265.256256103515625 269.118743896484375 272.59375 274.431243896484375 276.899993896484375 280.75 284.70001220703125 289.65625 296.15625 300.36248779296875 303.475006103515625 308.5 316.587493896484375 322.506256103515625 327.125 332.58123779296875 338.95001220703125 342.868743896484375 344.65625 345.899993896484375 345.71875 341.287506103515625 341.850006103515625 341.58123779296875 340.506256103515625 341.54998779296875 346.6875 358.306243896484375
135.34375 129.850006103515625 130.0124969482421875 130.9812469482421875 131.1062469482421875 135.7375030517578125 141.09375 146.6062469482421875 155.631256103515625 166.9499969482421875 181.8000030517578125 201.225006103515625 222.2312469482421875 241.3125 252.84375 261.649993896484375 270.23126220703125 275.25 277.225006103515625 279.16876220703125 281.256256103515625 283.943756103515625 287.568756103515625 290.5625 294.6875 299.5625 302.850006103515625 306.73748779296875 312.4625244140625 319.36248779296875 326.587493896484375 332.08123779296875 337.41876220703125 344.631256103515625 349.29376220703125 351.243743896484375 351.96875 350.850006103515625 350.318756103515625 352.274993896484375 353.04376220703125 355.03125 359.39373779296875 367.08123779296875 380.537506103515625
140.993743896484375 135.181243896484375 134.243743896484375 133.431243896484375 132.7562408447265625 136.4187469482421875 140.125 144.4562530517578125 152.100006103515625 163.881256103515625 180.943756103515625 203.443756103515625 229.3125 251.84375 263.837493896484375 272.21875 280.36248779296875 283.51251220703125 284.649993896484375 284.387481689453125 287.01251220703125 289.6875 293.03125 294.95001220703125 298.42498779296875 301.13751220703125 305.16876220703125 309.78125 315.26873779296875 321.78125 329.412506103515625 336.73748779296875 343.037506103515625 349.318756103515625 354.006256103515625 355.787506103515625 355.48748779296875 357.66876220703125 358.631256103515625 359.806243896484375 362 364.412506103515625 370.274993896484375 378.131256103515625 388.66876220703125
151.1999969482421875 145.2937469482421875 143.8249969482421875 142.443756103515625 141.212493896484375 142.96875 145.381256103515625 147.462493896484375 153.006256103515625 162.787506103515625 180.399993896484375 206.5124969482421875 235.5500030517578125 260.09375 273.412506103515625 282.837493896484375 290.16876220703125 292.04376220703125 291.787506103515625 290.33123779296875 291.368743896484375 293.95623779296875 295.931243896484375 296.618743896484375 299.149993896484375 302.368743896484375 306.087493896484375 310.868743896484375 316.818756103515625 323.57501220703125 332.306243896484375 339.818756103515625 347.51873779296875 354.48748779296875 359.125 359.375 361.98748779296875 362.762481689453125 361.51251220703125 362.6875 365.11248779296875 368.368743896484375 373.10626220703125 380.5 387.57501220703125
162.162506103515625 156.4562530517578125 154.225006103515625 152.46875 150.7687530517578125 151.4875030517578125 152.9187469482421875 153.118743896484375 155.537506103515625 160.3937530517578125 180.3874969482421875 213.78125 243.899993896484375 266.63751220703125 281.556243896484375 292.39373779296875 300.087493896484375 300.63751220703125 298.837493896484375 295.712493896484375 296.056243896484375 296.17498779296875 297.48126220703125 297.5625 299.76251220703125 303.193756103515625 307.100006103515625 312.61248779296875 318.625 326.125 335.006256103515625 343.131256103515625 351.95623779296875 359.79376220703125 364.600006103515625 365.20001220703125 366 365.09375 364.07501220703125 363.54998779296875 363.51251220703125 366.443756103515625 372.33123779296875 378.41876220703125 383.28125
171.850006103515625 166.3937530517578125 163.931243896484375 162.412506103515625 160.875 161.71875 162.287506103515625 162.2375030517578125 164.5625 167.274993896484375 196.8874969482421875 231.693756103515625 256.618743896484375 276.0625 290.881256103515625 301.975006103515625 309.162506103515625 309.29998779296875 306.83123779296875 302.48748779296875 300.51251220703125 298.243743896484375 297.6875 297.443756103515625 299.350006103515625 303.09375 306.76873779296875 312.443756103515625 319.024993896484375 327.89373779296875 336.63751220703125 344.09375 353.34375 362.25 367.350006103515625 367.78125 366.287506103515625 365.26873779296875 364.13751220703125 362.274993896484375 360.431243896484375 363.92498779296875 367.63751220703125 370.90625 375.912506103515625
174.375 168.9562530517578125 168.0437469482421875 167.662506103515625 167.625 169.7937469482421875 171.8874969482421875 175.875 185.6999969482421875 205.15625 241.131256103515625 259.431243896484375 274.181243896484375 289.431243896484375 301.975006103515625 311.162506103515625 318.09375 316.274993896484375 312.21875 307.212493896484375 301.631256103515625 297.51873779296875 295.83123779296875 295.5625 297.181243896484375 300.83123779296875 305.59375 311.975006103515625 319.51873779296875 329.42498779296875 337.662506103515625 344.5 351.79998779296875 357.618743896484375 364.524993896484375 364.32501220703125 361.61248779296875 360.28125 357.631256103515625 353.5625 351.350006103515625 353.068756103515625 354.931243896484375 358.73126220703125 363
175.8562469482421875 171.7312469482421875 171.7375030517578125 172.1062469482421875 174.475006103515625 179 184.03125 192.53125 207.756256103515625 230.087493896484375 255.993743896484375 275.875 289.962493896484375 303.34375 313.399993896484375 321.70623779296875 327.350006103515625 324.85626220703125 318.131256103515625 311 300.975006103515625 295.34375 292.39373779296875 292.01251220703125 294.36248779296875 297.98126220703125 303.774993896484375 311.537506103515625 319.3125 328.5625 336.03125 344.03125 351.57501220703125 355.962493896484375 358.75 357.868743896484375 354.85626220703125 352.38751220703125 348.568756103515625 343.45623779296875 340.92498779296875 341.48126220703125 341.61248779296875 344.03125 348.09375
