data/historical-monthly-weather-data/wc2.1_cruts4.09_10m_prec_1954-09.asc
ncols        51
nrows        45
xllcorner    -63.500000000000
yllcorner    -7.500000000000
cellsize     0.166666666667
NODATA_value -9999
[rows 0 to 18 of 45, columns 0 to 43 of 51]
127.13124847412109375 127.06874847412109375 131.5 138.9375 144.7062530517578125 150.4562530517578125 152.381256103515625 152.212493896484375 153.1687469482421875 154.40625 157.4187469482421875 160.0749969482421875 162.462493896484375 162.53125 161.912506103515625 159.9250030517578125 159.4562530517578125 155.6374969482421875 153.15625 149.5 146.993743896484375 142.2687530517578125 138.5500030517578125 133.4562530517578125 127.68125152587890625 123.875 119.59999847412109375 115.15000152587890625 109.41249847412109375 105.05625152587890625 100.03749847412109375 96.31874847412109375 94.9875030517578125 92.1062469482421875 90.0124969482421875 88.33750152587890625 87.6687469482421875 86.74375152587890625 84.93125152587890625 83.27500152587890625 81.9499969482421875 81.06874847412109375 79.41249847412109375 78.05625152587890625
117.6125030517578125 116.0500030517578125 121.3874969482421875 129.6374969482421875 138.8562469482421875 141.118743896484375 141.318756103515625 143.881256103515625 145.34375 146.631256103515625 149.2937469482421875 151.1125030517578125 152.8874969482421875 152.162506103515625 151.600006103515625 151.368743896484375 149.818756103515625 146.625 143.350006103515625 139.9499969482421875 136.337493896484375 133.662506103515625 129.8125 125.8000030517578125 119.66249847412109375 115.6687469482421875 112.8874969482421875 109.75 104.28749847412109375 100.47499847412109375 96.53125 94.15625 92.375 91.27500152587890625 89.8249969482421875 87.9187469482421875 86.78749847412109375 85.81874847412109375 83.6374969482421875 81.74375152587890625 80.36875152587890625 79.55625152587890625 78.5812530517578125 76.5
107.8249969482421875 107.7375030517578125 112.3125 119.8249969482421875 127.21875 130.8125 131.7687530517578125 133.3625030517578125 135.5437469482421875 137.2937469482421875 139.6437530517578125 141.0749969482421875 142.600006103515625 141.725006103515625 140.6687469482421875 141.09375 139.6875 137.1999969482421875 134.375 131.7312469482421875 128.4375 125.25 122.28125 118.6750030517578125 113.2312469482421875 108.7062530517578125 107.78749847412109375 104.52500152587890625 100.15625 96.5749969482421875 92.74375152587890625 90.59375 90.18125152587890625 89.11875152587890625 87.8874969482421875 85.49375152587890625 84.05625152587890625 83.13124847412109375 81.4875030517578125 80.1062469482421875 79.09375 77.91249847412109375 77.40000152587890625 75.8249969482421875
96.8562469482421875 97.34999847412109375 104.16249847412109375 109.06874847412109375 114.33750152587890625 117.66249847412109375 120.0124969482421875 123.5124969482421875 126.3874969482421875 128.712493896484375 130.09375 131.1999969482421875 130.743743896484375 130.8000030517578125 130.1750030517578125 130.337493896484375 130.0124969482421875 128.2375030517578125 127.30625152587890625 125.97499847412109375 122.7687530517578125 118.25 114.28125 110.8562469482421875 105.4499969482421875 101.7062530517578125 100.38124847412109375 96.71875 93.91249847412109375 91.58750152587890625 89.18125152587890625 86.6875 85.59999847412109375 84.63124847412109375 83.05625152587890625 82.44374847412109375 81.63124847412109375 80.46250152587890625 79.44374847412109375 77.8249969482421875 76.46875 75.3625030517578125 74.7624969482421875 73.81874847412109375
96.3125 93.9562530517578125 94.41249847412109375 97.86875152587890625 103.7375030517578125 107.2062530517578125 109.4375 112.97499847412109375 116.91249847412109375 119.28125 120.41249847412109375 120.00624847412109375 120.43125152587890625 121.8125 121.7312469482421875 121.8000030517578125 121.3874969482421875 120.02500152587890625 119.34375 117.7375030517578125 115.8000030517578125 110.11875152587890625 106.75 103.375 98.4562530517578125 94.84375 92.375 90.4375 88.1875 85.84999847412109375 84.3125 81.78749847412109375 80.38124847412109375 79.9250030517578125 79.27500152587890625 78.09375 77.1687469482421875 76.74375152587890625 76.2687530517578125 75.09999847412109375 73.86875152587890625 72.5749969482421875 71.52500152587890625 71.16249847412109375
95.84999847412109375 93.02500152587890625 91.71250152587890625 90.15625 95.6999969482421875 102.46250152587890625 106.19374847412109375 108.93125152587890625 112.40625 115.63124847412109375 116.2062530517578125 115.59999847412109375 116.21875 117.72499847412109375 117.19374847412109375 117.90625 117.56874847412109375 115.46875 114.21875 113.0124969482421875 109.4562530517578125 104.8000030517578125 101.0812530517578125 97.11875152587890625 93.5187530517578125 89.8312530517578125 87.4375 86.13124847412109375 83.8625030517578125 81.34375 79.6999969482421875 79.34375 77.84375 76.7937469482421875 75.59375 75.3000030517578125 74.47499847412109375 74.7062530517578125 74.93125152587890625 73.8562469482421875 70.8000030517578125 69.58750152587890625 68.69374847412109375 68.75
96.83750152587890625 94.33750152587890625 92.72499847412109375 91.0500030517578125 93.15625 96.5625 101.27500152587890625 105.25 107.4812469482421875 109.1062469482421875 110.78125 111.3312530517578125 112.6687469482421875 113.7624969482421875 113.80625152587890625 114.46875 114.4499969482421875 113.00624847412109375 110.6999969482421875 108.0437469482421875 103.8000030517578125 99.4187469482421875 94.71250152587890625 91.02500152587890625 88.41249847412109375 85.65000152587890625 83.66249847412109375 82.34375 79.71250152587890625 77.0437469482421875 75.72499847412109375 74.55625152587890625 73.55625152587890625 72.96250152587890625 72.03749847412109375 70.9187469482421875 70.3937530517578125 71.5812530517578125 73.2375030517578125 70.86249542236328125 67.66249847412109375 65.8125 64.99375152587890625 65.4875030517578125
98.2375030517578125 95.6687469482421875 94.15625 94.28749847412109375 96.16249847412109375 99.6875 101.1687469482421875 100.4187469482421875 100.18125152587890625 102.125 105.38124847412109375 107.09999847412109375 108.94374847412109375 109.9875030517578125 111.05625152587890625 110.6062469482421875 110.53125 109.47499847412109375 107.1687469482421875 102.4562530517578125 98.66249847412109375 94.0625 89.58750152587890625 85.7937469482421875 83.1687469482421875 80.8249969482421875 78.69374847412109375 76.90625 75.18125152587890625 72.7687530517578125 71.46250152587890625 70.21250152587890625 69.0749969482421875 68.74375152587890625 67.16249847412109375 65.875 65.15625 65.47499847412109375 65.55625152587890625 63.931247711181640625 61.15625 59.44374847412109375 58.887500762939453125 58.90625
100.7062530517578125 98.77500152587890625 98.125 98.2312469482421875 99.7687530517578125 102.09999847412109375 103.46875 102.74375152587890625 100.75 99.8125 102.8312530517578125 104.81874847412109375 108.02500152587890625 108.90000152587890625 109.2062530517578125 108.43125152587890625 107.7312469482421875 106.5124969482421875 104.94374847412109375 100.1875 95.25 91.34375 85.6750030517578125 83.03125 79.72499847412109375 76.63124847412109375 74.6750030517578125 73.53749847412109375 72.65000152587890625 70.25 69.5437469482421875 66.84999847412109375 64.3937530517578125 62.40625 60.924999237060546875 60.512500762939453125 60.00624847412109375 59.31874847412109375 58.30625152587890625 56.674999237060546875 54.299999237060546875 52.643749237060546875 52.15625 52.237499237060546875
102.1750030517578125 100.77500152587890625 100.6062469482421875 100.90000152587890625 103.0124969482421875 105.3625030517578125 106.6062469482421875 105.5124969482421875 104.2687530517578125 103.875 104.75624847412109375 105.27500152587890625 107.49375152587890625 109.13124847412109375 107.65625 106.6999969482421875 104.41249847412109375 102.8937530517578125 101.2937469482421875 98.2624969482421875 93.6374969482421875 88.33750152587890625 82.44374847412109375 79.05625152587890625 74.96250152587890625 72.03749847412109375 70.53125 69.59999847412109375 68.9187469482421875 67.5 65.38124847412109375 62.53125 59.700000762939453125 57.950000762939453125 56.30625152587890625 55.27500152587890625 54.63124847412109375 53.518749237060546875 51.643749237060546875 49.88124847412109375 47.69374847412109375 46.487499237060546875 44.71875 44.43125152587890625
105.125 103.78125 103.8000030517578125 104.0187530517578125 105.7312469482421875 108.9562530517578125 110.36875152587890625 107.9187469482421875 106.02500152587890625 105.7624969482421875 106.7687530517578125 107.65000152587890625 107.90000152587890625 107.88124847412109375 105.16249847412109375 102.78125 99.46250152587890625 97.96250152587890625 96.53749847412109375 94.6999969482421875 92.1437530517578125 87.08750152587890625 80.72499847412109375 73.88124847412109375 70.7375030517578125 69.78125 68.6062469482421875 66.8562469482421875 65.25624847412109375 63.63124847412109375 61.75 58.924999237060546875 56.05625152587890625 53.637500762939453125 51.68125152587890625 50.22499847412109375 49.081249237060546875 47.612499237060546875 46.16249847412109375 43.75 41.137500762939453125 39.66249847412109375 38.856250762939453125 37.637500762939453125
107.15000152587890625 105.86875152587890625 106 107.0812530517578125 108.6750030517578125 111.49375152587890625 113.5812530517578125 111.3625030517578125 108.5 107.08750152587890625 107.7687530517578125 108.1875 105.8249969482421875 103.6062469482421875 101.8937530517578125 98.8249969482421875 95.90000152587890625 93.53125 92.3125 92.3125 91.44374847412109375 86.6374969482421875 79.78125 72.1750030517578125 68.1437530517578125 66.0812530517578125 64.55625152587890625 63.081249237060546875 61.143749237060546875 59.5625 57.512500762939453125 54.86875152587890625 52.05625152587890625 50.0625 48.69374847412109375 47.09999847412109375 45.587497711181640625 44.03125 41.30625152587890625 38.22499847412109375 35.387500762939453125 33.69374847412109375 32.950000762939453125 31.712499618530273438
108.4250030517578125 107.1062469482421875 106.95624542236328125 107.15625 108.0749969482421875 110.36875152587890625 111.34375 109.71250152587890625 108.4499969482421875 107.6437530517578125 107.2312469482421875 106.7624969482421875 104.15000152587890625 98.7312469482421875 95.50624847412109375 93.4875030517578125 90.75 89 88.19374847412109375 88.0812530517578125 88.03749847412109375 84.59999847412109375 78.1125030517578125 71.21875 65.09375 62.206249237060546875 61.34999847412109375 60.28125 58.71250152587890625 56.612499237060546875 53.737499237060546875 50.91249847412109375 48.47499847412109375 45.981250762939453125 44.46250152587890625 43.53125 43.075000762939453125 42.02500152587890625 39.799999237060546875 35.262500762939453125 31.087499618530273438 29.90625 28.75 25.375
108.7375030517578125 107.0812530517578125 106.0812530517578125 105.84375 106.61875152587890625 107.4375 107.68125152587890625 107.3937530517578125 106.5124969482421875 106.38124847412109375 105.0187530517578125 101.84999847412109375 98.5124969482421875 93.4562530517578125 88.47499847412109375 87.03125 84.75 82.9375 81.65000152587890625 81.65000152587890625 81.5 78.4250030517578125 74.11875152587890625 69.85625457763671875 64.8249969482421875 61.0625 59.49375152587890625 57.81874847412109375 55.6875 53.49375152587890625 51.424999237060546875 48.18125152587890625 45.24375152587890625 42.6875 41.33750152587890625 41.481250762939453125 42.18125152587890625 42.875 41.22499847412109375 37.3125 30.575000762939453125 26.912500381469726562 25.75 24.524999618530273438
107.3312530517578125 105.0124969482421875 103.75 103.44374847412109375 104.05625152587890625 103.15000152587890625 103.99375152587890625 103.44374847412109375 102.5 102.84375 100.6374969482421875 96.7375030517578125 92.4250030517578125 87.3874969482421875 81.8125 79.06874847412109375 77.50624847412109375 76.63124847412109375 75.0749969482421875 75.1437530517578125 75.45624542236328125 74.15000152587890625 71.84999847412109375 69.71250152587890625 67.26874542236328125 64.06874847412109375 61.41249847412109375 58.0625 54.84999847412109375 52.49375152587890625 48.893749237060546875 45.59375 43.16249847412109375 40.47499847412109375 38.19374847412109375 39.581249237060546875 43.018749237060546875 47.049999237060546875 48.081249237060546875 44.049999237060546875 38.125 32.88124847412109375 30.081249237060546875 27.356250762939453125
104.6875 102.09375 101.31874847412109375 100.71875 100.1374969482421875 100.2937469482421875 100.3125 99.5124969482421875 99.09375 99.2937469482421875 96.81874847412109375 91.8125 86.72499847412109375 81.7687530517578125 76.6125030517578125 72.0187530517578125 70.36875152587890625 70.48125457763671875 69.31874847412109375 69.74375152587890625 69.9499969482421875 70.5124969482421875 70.91249847412109375 71.125 69.8937530517578125 66.46875 62.625 59.0625 55.68125152587890625 52.356250762939453125 49.63124847412109375 45.50624847412109375 42.09999847412109375 39.75624847412109375 36.862499237060546875 40.174999237060546875 46.19374847412109375 51.237499237060546875 55.30625152587890625 53.518749237060546875 49.4375 41.606250762939453125 34.80625152587890625 29.543748855590820312
100.59375 98.56874847412109375 98.2937469482421875 97.8562469482421875 97.0625 97.3312530517578125 97.1750030517578125 96.8249969482421875 96.19374847412109375 95.43125152587890625 93.4375 87.96250152587890625 81.7937469482421875 76.33750152587890625 72.6374969482421875 68.78749847412109375 64.6687469482421875 64.2375030517578125 64.46875 64.7624969482421875 65.09999847412109375 66.61875152587890625 69.40000152587890625 72.2937469482421875 72.6687469482421875 68.125 63.86875152587890625 60.112499237060546875 56.74375152587890625 53.69374847412109375 51.72499847412109375 49.512500762939453125 45.44374847412109375 42.36875152587890625 42.66249847412109375 45.28125 50.34999847412109375 59.174999237060546875 68.1062469482421875 63.5 55.96875 46.33750152587890625 37.21250152587890625 31.643749237060546875
95.96875 94.4187469482421875 93.49375152587890625 93.1750030517578125 93.2937469482421875 93.6374969482421875 93.1062469482421875 92.28749847412109375 92.1999969482421875 90.96250152587890625 88.8874969482421875 83.69374847412109375 77.71875 72.46250152587890625 68.8000030517578125 65.625 62.00624847412109375 58.71875 59.83750152587890625 59.83750152587890625 60.893749237060546875 62.200000762939453125 65.6062469482421875 69.81874847412109375 71.6374969482421875 68.22499847412109375 65.0749969482421875 61.56874847412109375 57.768749237060546875 53.981250762939453125 51.456249237060546875 49.28749847412109375 50.40625 51.456249237060546875 49.84999847412109375 49.28125 55.825000762939453125 63.612499237060546875 67.6125030517578125 64.2375030517578125 54.80625152587890625 45.58750152587890625 37.74375152587890625 33.50624847412109375
91.125 89.4250030517578125 88.5124969482421875 88.74375152587890625 88.7312469482421875 89.21250152587890625 88.74375152587890625 88.81874847412109375 88.46875 87.38124847412109375 85.21875 79.8625030517578125 73.8937530517578125 69.05625152587890625 65.11875152587890625 62.78749847412109375 60.012500762939453125 56.34999847412109375 55.16249847412109375 55.18125152587890625 57.52500152587890625 62.21250152587890625 60.887500762939453125 64.75 67.8874969482421875 68.53749847412109375 66.92499542236328125 63.375 60.97499847412109375 56.46875 52.88124847412109375 54.362499237060546875 59.862499237060546875 61.18125152587890625 60.68125152587890625 60.11875152587890625 61.91249847412109375 63.75624847412109375 63.674999237060546875 59.049999237060546875 51.25624847412109375 43.831249237060546875 37.83750152587890625 34.512500762939453125
