data/historical-monthly-weather-data/wc2.1_cruts4.09_10m_prec_1956-01.asc
ncols        45
nrows        45
xllcorner    -63.500000000000
yllcorner    -7.500000000000
cellsize     0.166666666667
NODATA_value -9999
[rows 20 to 39 of 45, columns 0 to 44 of 45]
331.58123779296875 326.737518310546875 322.662506103515625 320.41876220703125 318.66876220703125 321.625 325.568756103515625 326.787506103515625 327.82501220703125 326.506256103515625 324.3125 324.59375 328.17498779296875 332.274993896484375 318.693756103515625 295.53125 277.95623779296875 265.618743896484375 259.5625 252.975006103515625 246.787506103515625 238.787506103515625 231.412506103515625 234.868743896484375 240.6999969482421875 247.475006103515625 256.76873779296875 267.193756103515625 277.256256103515625 286.712493896484375 289.85626220703125 288.375 282.806243896484375 276.14373779296875 270.962493896484375 296.15625 332.85626220703125 362 375.34375 375.32501220703125 365.90625 353.33123779296875 345.07501220703125 339.36248779296875 335.79376220703125
321.875 315.51873779296875 311.20623779296875 310.087493896484375 310.712493896484375 314.662506103515625 318.88751220703125 322.806243896484375 324.399993896484375 319.068756103515625 311.54998779296875 303.256256103515625 298.725006103515625 297.65625 291.59375 279.712493896484375 270.28125 261.79376220703125 255.5749969482421875 250.2687530517578125 243.006256103515625 236.8562469482421875 232.875 237.931243896484375 245.1999969482421875 253.8874969482421875 266.23126220703125 275.36248779296875 282.743743896484375 288.006256103515625 287.04998779296875 284.51873779296875 283.600006103515625 285.881256103515625 291.54998779296875 315.568756103515625 352.9375 385.96875 398.57501220703125 393.806243896484375 380.14373779296875 365.25 354.64373779296875 346.899993896484375 342.23748779296875
312.506256103515625 306.35626220703125 299.73748779296875 298.068756103515625 300.20001220703125 306.91876220703125 312.212493896484375 317.51873779296875 321.962493896484375 312.193756103515625 296.725006103515625 279.73748779296875 267.96875 265.88751220703125 267.431243896484375 265.38751220703125 260.493743896484375 255.181243896484375 250.1750030517578125 245.350006103515625 240.118743896484375 234.962493896484375 231.568756103515625 237.368743896484375 247.3000030517578125 259.20623779296875 273.17498779296875 282.09375 287.54998779296875 288.368743896484375 285.556243896484375 283.92498779296875 291.35626220703125 300.731231689453125 314.625 337.98126220703125 375.537506103515625 418.26873779296875 427.162506103515625 410.32501220703125 391.306243896484375 375.381256103515625 360.5625 351.15625 346.73748779296875
302.850006103515625 295.13751220703125 286.82501220703125 285.57501220703125 289.41876220703125 296.5625 303.76873779296875 309.76873779296875 312.28125 300.306243896484375 282.443756103515625 264.23748779296875 245.056243896484375 246.15625 253.3937530517578125 255.3562469482421875 253.524993896484375 250.1437530517578125 246.4812469482421875 242.818756103515625 237.381256103515625 232.5437469482421875 229.712493896484375 235.8249969482421875 247.5187530517578125 260.41876220703125 276.087493896484375 284.600006103515625 289.84375 292.5 292.34375 294.26251220703125 304.51873779296875 317.5625 334.243743896484375 357.681243896484375 390.89373779296875 428.462493896484375 435.25 417.774993896484375 397.212493896484375 378.75 362.79998779296875 352.21875 350.51873779296875
294.82501220703125 286.556243896484375 276.20001220703125 277.26873779296875 283.8125 290.03125 295.58123779296875 299.6875 298.38751220703125 289.193756103515625 274.787506103515625 259.756256103515625 247.100006103515625 245.0749969482421875 248.024993896484375 250.3125 249.993743896484375 248.46875 244.96875 240.100006103515625 234.84375 229.2375030517578125 226.2312469482421875 232.3249969482421875 244.1374969482421875 259.14373779296875 273.787506103515625 286.25 294.287506103515625 300.59375 304.5625 310.83123779296875 321.07501220703125 335.068756103515625 351.787506103515625 370.95001220703125 397.01251220703125 418.21875 422.66876220703125 412.993743896484375 395.475006103515625 377.600006103515625 361.76251220703125 352.79376220703125 349.98748779296875
293.375 288.71875 279.774993896484375 279.306243896484375 280.850006103515625 285.756256103515625 289.318756103515625 290.04376220703125 287.225006103515625 279.737518310546875 270.131256103515625 260.83123779296875 252.34375 248.7687530517578125 248.3312530517578125 249.1125030517578125 249.3125 248.193756103515625 244.943756103515625 239.5625 234.5500030517578125 227.0187530517578125 222.850006103515625 227.274993896484375 240.3687591552734375 257.537506103515625 275.162506103515625 289.33123779296875 301.037506103515625 307.92498779296875 317.456268310546875 327.337493896484375 339.618743896484375 351.649993896484375 366.9375 381.79376220703125 399.48126220703125 411.850006103515625 413.25 405.20623779296875 391.23748779296875 373.774993896484375 356.806243896484375 348.84375 351.84375
293.45623779296875 290.09375 285.5625 283.85626220703125 282.73126220703125 285.40625 287.45001220703125 285.51251220703125 281.931243896484375 277.29376220703125 270.850006103515625 264.818756103515625 259.13751220703125 255.850006103515625 253.8687591552734375 253.6750030517578125 253.2375030517578125 251.693756103515625 249.0437469482421875 242.475006103515625 235.5500030517578125 228.78125 221.75 225.09375 240.8937530517578125 258.38751220703125 276.34375 292.306243896484375 306.5 316.118743896484375 328.35626220703125 340.100006103515625 355.149993896484375 367.58123779296875 379.98748779296875 393.1875 406.45001220703125 413.243743896484375 410.64373779296875 403.725006103515625 390.36248779296875 372.162506103515625 356.36248779296875 349.54998779296875 362.306243896484375
295.462493896484375 291.71875 290.16876220703125 288.912506103515625 287.54998779296875 287.287506103515625 286.712493896484375 283.537506103515625 280.375 276.1875 271.70001220703125 268.243743896484375 264.11248779296875 261.45001220703125 259.33123779296875 258.70001220703125 257.625 257.84375 253.381256103515625 247.75 242.2624969482421875 234.274993896484375 230.90625 235.6125030517578125 248.5749969482421875 264.04376220703125 281.26873779296875 296.98748779296875 312.274993896484375 324.931243896484375 336.71875 349.01251220703125 364.63751220703125 377.36248779296875 390.54376220703125 402.20623779296875 411.51251220703125 417.38751220703125 414.899993896484375 406.181243896484375 394.51873779296875 377.54376220703125 360.056243896484375 355.34375 383.13751220703125
295.524993896484375 292.85626220703125 292.837493896484375 293.70001220703125 292.85626220703125 290.274993896484375 286 282.868743896484375 279.21875 276.037506103515625 273.256256103515625 270.82501220703125 268.39373779296875 268.04376220703125 266.48126220703125 266.412506103515625 267.393768310546875 265.899993896484375 262.006256103515625 256.35626220703125 250.46875 243.399993896484375 240.818756103515625 247.087493896484375 258.3125 271.681243896484375 288.118743896484375 303.725006103515625 320.100006103515625 333.087493896484375 343.95001220703125 355.756256103515625 371.66876220703125 386.95623779296875 401.631256103515625 411.587493896484375 421.006256103515625 425.96875 423.881256103515625 414.96875 400.681243896484375 385.61248779296875 374.42498779296875 379.23748779296875 409.09375
296.399993896484375 294.45001220703125 296.975006103515625 299.9375 299.14373779296875 293.82501220703125 287.618743896484375 283.993743896484375 280.29998779296875 276.83123779296875 275.506256103515625 275.38751220703125 274.850006103515625 275.53125 275.725006103515625 275.693756103515625 275.912506103515625 275.306243896484375 272.88751220703125 266.13751220703125 259.600006103515625 254.1750030517578125 250.899993896484375 256.818756103515625 267.51873779296875 280.13751220703125 295.09375 309.86248779296875 325.76251220703125 338.53125 351.10626220703125 363.756256103515625 379.63751220703125 397.5625 413.149993896484375 424.149993896484375 433.36248779296875 441.42498779296875 439.5625 433.399993896484375 424.65625 415.26251220703125 410.17498779296875 417.3125 435.537506103515625
294.618743896484375 293.649993896484375 295.57501220703125 299.556243896484375 301.006256103515625 293.1875 287.618743896484375 283.39373779296875 280.087493896484375 278.024993896484375 278.17498779296875 279.54998779296875 280.82501220703125 281.85626220703125 283.475006103515625 284.04376220703125 285.28125 285.54998779296875 283.36248779296875 276.837493896484375 269.399993896484375 263.03125 260.5625 266.16876220703125 275.53125 288.48748779296875 302.73748779296875 316.59375 332.600006103515625 345.13751220703125 358.556243896484375 372.462493896484375 389.006256103515625 408.037506103515625 425.131256103515625 437.26251220703125 447.13751220703125 458.068756103515625 459.837493896484375 456.4375 452.981231689453125 448.45001220703125 447.5 450.818756103515625 466.10626220703125
289.8125 288.774993896484375 290.36248779296875 292.9375 293.056243896484375 287.931243896484375 285.04998779296875 280.86248779296875 278.64373779296875 277.67498779296875 278.85626220703125 281.65625 284.756256103515625 288.337493896484375 291.08123779296875 292.17498779296875 292.256256103515625 291.96875 288.5625 283.45001220703125 276.006256103515625 269.818756103515625 267.79376220703125 273.274993896484375 283.64373779296875 295.568756103515625 308.53125 322.51873779296875 336.725006103515625 351.48126220703125 365.756256103515625 380.54998779296875 398.91876220703125 419.29376220703125 438.14373779296875 450.60626220703125 464.29998779296875 474.100006103515625 476.318756103515625 477.29376220703125 482.225006103515625 482.65625 485.181243896484375 494.1875 509.65625
282.95001220703125 282.07501220703125 283.725006103515625 285.243743896484375 283.85626220703125 280.11248779296875 276.756256103515625 273.82501220703125 271.70623779296875 273.912506103515625 278.84375 283.85626220703125 290.86248779296875 297.82501220703125 299.9375 300.462493896484375 299.5625 297.106231689453125 292.9375 288.381256103515625 281.70001220703125 275.85626220703125 273.1875 279.91876220703125 289.15625 300.51251220703125 312.912506103515625 324.837493896484375 338.95001220703125 356.787506103515625 372.48748779296875 387.64373779296875 408.58123779296875 431.66876220703125 451.53125 466.912506103515625 481.21875 492.931243896484375 495.21875 504.243743896484375 511.79998779296875 516.6937255859375 524.6624755859375 539.23748779296875 565.16876220703125
275.07501220703125 274.58123779296875 275.568756103515625 276.5 274.04998779296875 271.225006103515625 268.618743896484375 265.79376220703125 265.118743896484375 267.59375 274.79376220703125 285.75 297.181243896484375 305.681243896484375 308.01251220703125 307.54998779296875 307.04376220703125 304.131256103515625 298.225006103515625 292.412506103515625 286.45623779296875 281.243743896484375 278.67498779296875 284.54998779296875 293.037506103515625 302.83123779296875 314.381256103515625 327.243743896484375 342.399993896484375 360.3125 379.09375 396.881256103515625 419.181243896484375 444.837493896484375 467.10626220703125 483.712493896484375 498.23748779296875 509.306243896484375 517.1500244140625 528.01873779296875 536.9312744140625 546.48748779296875 559.6187744140625 578.32501220703125 607.0374755859375
268.96875 267.83123779296875 268.32501220703125 267.71875 265.79376220703125 263.568756103515625 260.20001220703125 257.39373779296875 255.46875 259.60626220703125 270.875 286.193756103515625 303.850006103515625 316.04998779296875 317.76251220703125 315.66876220703125 313.76873779296875 309.04998779296875 302.70623779296875 295.09375 290.212493896484375 285.506256103515625 283.037506103515625 287.899993896484375 295.70001220703125 303.306243896484375 315.54998779296875 329.10626220703125 344.20623779296875 363.024993896484375 383.881256103515625 405.431243896484375 430.36248779296875 456.306243896484375 479.83123779296875 497.08123779296875 510.86248779296875 527.32501220703125 537.2562255859375 546.7874755859375 557.6875 567.8687744140625 583.3687744140625 602.25 625.90625
265.712493896484375 263.63751220703125 263.20001220703125 261.806243896484375 259.54998779296875 255.9499969482421875 252.7062530517578125 248.3312530517578125 245.087493896484375 247.962493896484375 261.54376220703125 282.76873779296875 305.274993896484375 320.462493896484375 323.48748779296875 322.162506103515625 319.21875 313.712493896484375 306.65625 298.600006103515625 293.1875 289.46875 286.475006103515625 289.625 295.76873779296875 303.14373779296875 314.32501220703125 327.28125 342.337493896484375 362.70001220703125 386.381256103515625 409.70001220703125 437.35626220703125 465.037506103515625 489.38751220703125 504.568756103515625 522.45001220703125 536.83123779296875 543.8125 553.5999755859375 565.08123779296875 576.54376220703125 590.1937255859375 608.11248779296875 625.07501220703125
262.73748779296875 260.23748779296875 258.42498779296875 256.51251220703125 253.912506103515625 250.618743896484375 247.9250030517578125 242.6750030517578125 236.65625 234.100006103515625 252.4375 284.287506103515625 308.63751220703125 322.181243896484375 326.98126220703125 327.100006103515625 324.51873779296875 318.29376220703125 310.48748779296875 301.568756103515625 296.61248779296875 291.587493896484375 288.82501220703125 290.79376220703125 295.774993896484375 302.524993896484375 313.006256103515625 325.82501220703125 340.318756103515625 362.79998779296875 388.287506103515625 413.818756103515625 443.8125 473.506256103515625 498.79376220703125 514.45001220703125 529.5625 541.33123779296875 548.95001220703125 556.4937744140625 564.4375 575.3125 590.625 606.16876220703125 618.28125
259.631256103515625 256.725006103515625 254.3312530517578125 252.712493896484375 250.524993896484375 248.899993896484375 246.4562530517578125 242.46875 237.912506103515625 233.631256103515625 265.337493896484375 298.76873779296875 316.618743896484375 326.76251220703125 331.45623779296875 331.88751220703125 328.931243896484375 323.087493896484375 315.39373779296875 306.087493896484375 299.912506103515625 293.70623779296875 290.024993896484375 291.09375 294.975006103515625 301.21875 310.5 322.475006103515625 336.850006103515625 361.70001220703125 388.15625 414.024993896484375 444.98126220703125 476.41876220703125 502.350006103515625 517.625 529.25 540.625 548.26873779296875 554.11248779296875 559.4625244140625 571.0250244140625 582.70623779296875 593.3375244140625 604.4937744140625
257.04998779296875 252.5 250.9875030517578125 249.6750030517578125 248.46875 247.943756103515625 246.9562530517578125 248.1437530517578125 253.8625030517578125 271.59375 309.350006103515625 320.51873779296875 326.42498779296875 332.712493896484375 336.125 335.85626220703125 333.98126220703125 326.975006103515625 318.462493896484375 309.34375 300.743743896484375 293.89373779296875 290.024993896484375 290.65625 293.64373779296875 299.08123779296875 308.39373779296875 319.9375 334.125 358.66876220703125 383.10626220703125 406.73126220703125 433.462493896484375 459.01873779296875 485.625 499.625 509.337493896484375 520.10626220703125 525.74371337890625 528.4749755859375 533.375 541.8125 550.01251220703125 560.84375 569.73748779296875
254.6875 250.2062530517578125 248.4375 246.6750030517578125 247.412506103515625 248.943756103515625 250.7937469482421875 256.89373779296875 268.931243896484375 288.95623779296875 312.29376220703125 326.3125 332.82501220703125 338.4375 340.64373779296875 341.09375 339.350006103515625 332.587493896484375 322.1875 311.831268310546875 299.9375 292.743743896484375 288.556243896484375 288.6875 291.8125 296.600006103515625 305.85626220703125 317.631256103515625 330.76251220703125 352.70623779296875 374.274993896484375 397.21875 422.024993896484375 443.59375 462.88751220703125 475.493743896484375 484.625 493.63751220703125 497.76251220703125 499.28125 503.79376220703125 509.98126220703125 515.125 523.14373779296875 530.6875
