data/historical-monthly-weather-data/wc2.1_cruts4.09_10m_prec_1960-12.asc
ncols        45
nrows        45
xllcorner    -63.500000000000
yllcorner    -7.500000000000
cellsize     0.166666666667
NODATA_value -9999
[rows 0 to 19 of 45, columns 0 to 44 of 45]
280.350006103515625 272.100006103515625 259.350006103515625 250.0625 238.618743896484375 228.2062530517578125 216.8874969482421875 204.40625 193.693756103515625 184.0500030517578125 177.5124969482421875 170.7062530517578125 165.193756103515625 157.912506103515625 151.4250030517578125 145.1125030517578125 139.493743896484375 133.524993896484375 129.162506103515625 125.2687530517578125 124.55625152587890625 123.875 123.38124847412109375 124.3562469482421875 125.5 126.5749969482421875 129.868743896484375 133.618743896484375 138.1750030517578125 146.743743896484375 155.431243896484375 165.587493896484375 176.649993896484375 187.8000030517578125 198.975006103515625 213.1374969482421875 225.743743896484375 237.681243896484375 244.8562469482421875 252.1062469482421875 257.868743896484375 258.024993896484375 257.3125 255.1999969482421875 256.29376220703125
286.01873779296875 277.83123779296875 269.86248779296875 263.381256103515625 255.90625 244.475006103515625 231.556243896484375 221.7687530517578125 213 203.96875 196.087493896484375 187.34375 180.4875030517578125 173.087493896484375 165.375 158.1875 151.600006103515625 145.2062530517578125 139.4187469482421875 135.3937530517578125 134.28125 133.443756103515625 133.5812530517578125 134.9499969482421875 136.53125 138.131256103515625 141.4562530517578125 144.9499969482421875 149.5749969482421875 160.46875 171.5187530517578125 184.15625 195.962493896484375 209.1687469482421875 223.587493896484375 238.03125 256.41876220703125 272.475006103515625 280.024993896484375 287.75 293.82501220703125 293.368743896484375 291.962493896484375 286.631256103515625 284.818756103515625
283.65625 277.306243896484375 271.42498779296875 266.087493896484375 260.443756103515625 250.587493896484375 241.6687469482421875 234.943756103515625 227.9437408447265625 219.868743896484375 211.3312530517578125 202.4499969482421875 195.5187530517578125 187.899993896484375 179.875 171.475006103515625 164.6125030517578125 158.3000030517578125 153.09375 149 148.40625 148.631256103515625 149.3249969482421875 150.5187530517578125 152.068756103515625 154.6125030517578125 157.84375 160.881256103515625 165.743743896484375 176.1125030517578125 188.243743896484375 201.806243896484375 217.5124969482421875 231.368743896484375 247.4375 266.912506103515625 286.743743896484375 305.23126220703125 315.76251220703125 324.662506103515625 331.07501220703125 329 324.23748779296875 319.9375 313.85626220703125
277.46875 274.100006103515625 271.693756103515625 266.03125 262.48126220703125 255.806243896484375 250.4187469482421875 246.537506103515625 241.1437530517578125 235.6374969482421875 227.8312530517578125 219.1374969482421875 211.0812530517578125 203.4375 194.4375 186.068756103515625 178.6125030517578125 171.868743896484375 167.375 165.2062530517578125 165.6062469482421875 166.2624969482421875 166.34375 167.8625030517578125 169.0124969482421875 172.006256103515625 175.193756103515625 177.3312530517578125 182.368743896484375 194.056243896484375 206.3312530517578125 219.3937530517578125 237.6875 255.84375 273.67498779296875 295.806243896484375 317.54376220703125 339.53125 353.54998779296875 363.4375 369.068756103515625 365.36248779296875 358.693756103515625 353.318756103515625 343.712493896484375
283.243743896484375 274.881256103515625 268.068756103515625 265.42498779296875 264.131256103515625 261.1875 257.98126220703125 256.26873779296875 254.53125 251.149993896484375 243.2937469482421875 233.78125 226.7062530517578125 219.4250030517578125 209.8249969482421875 200.84375 192.6875 186.6437530517578125 183.399993896484375 182.9250030517578125 184.100006103515625 184.1125030517578125 184.25 185.7062530517578125 186.899993896484375 190.1062469482421875 191.625 193.5625 198.3562469482421875 210.9875030517578125 224.3125 237.4562530517578125 256.912506103515625 277.59375 298.25 324.23748779296875 351.125 375.73748779296875 391.681243896484375 402.48126220703125 408.48126220703125 402.61248779296875 394.931243896484375 384.96875 373.65625
287.04376220703125 280.056243896484375 271.475006103515625 264.1875 264.29998779296875 264.88751220703125 263.9375 262.337493896484375 260.556243896484375 257.85626220703125 250.9187469482421875 242.962493896484375 237.537506103515625 231.037506103515625 223.756256103515625 215.8937530517578125 209.125 203.4375 202.9812469482421875 202.6125030517578125 202.1999969482421875 202.6125030517578125 202.100006103515625 203.1750030517578125 204.287506103515625 206.1999969482421875 209.037506103515625 210.8249969482421875 214.537506103515625 227.0124969482421875 240.931243896484375 255.743743896484375 273.82501220703125 293.899993896484375 319.23126220703125 347.71875 376.23748779296875 406.64373779296875 425.34375 434.912506103515625 436.287506103515625 429.850006103515625 418.443756103515625 409.33123779296875 397.75
293.381256103515625 286.5625 278.5625 270.38751220703125 266.82501220703125 265.975006103515625 265.993743896484375 264.42498779296875 261.20001220703125 256.63751220703125 254.3625030517578125 249.506256103515625 247.09375 242.2312469482421875 236.6875 231.25 227.5500030517578125 227.2937469482421875 228.462493896484375 226.7937469482421875 223.7624969482421875 222.84375 220.8000030517578125 220.568756103515625 222.1875 223.09375 224.881256103515625 228.318756103515625 231.931243896484375 243.556243896484375 257.16876220703125 271.78125 292.20001220703125 312.818756103515625 336.9375 366.34375 398.6875 431.181243896484375 456.83123779296875 464.725006103515625 462.85626220703125 452.662506103515625 442.1875 430.475006103515625 414.76251220703125
299.73126220703125 292.524993896484375 285.38751220703125 280.118743896484375 276.95623779296875 273.625 269.212493896484375 262.90625 256.399993896484375 254.6125030517578125 257.03125 257.10626220703125 255.8625030517578125 254.46875 250.506256103515625 247.5625 245.8312530517578125 249.962493896484375 253.5437469482421875 248.899993896484375 243.9250030517578125 240.2687530517578125 237.100006103515625 235.787506103515625 238.006256103515625 239.712493896484375 240.71875 243.4875030517578125 249.1374969482421875 261.337493896484375 272.662506103515625 286.73126220703125 308.45001220703125 329.65625 355.66876220703125 383.15625 416.100006103515625 447.91876220703125 469.95001220703125 480.318756103515625 482.45001220703125 471.9375 461.087493896484375 448.131256103515625 427.3125
308.20623779296875 301.65625 295.818756103515625 291.287506103515625 287.29998779296875 284.506256103515625 279.59375 271.54376220703125 260.774993896484375 256.59375 261.73126220703125 264.25 264.64373779296875 263.45623779296875 261.868743896484375 261.024993896484375 261.26873779296875 265.73748779296875 268.975006103515625 263.28125 255.412506103515625 251.412506103515625 248.7687530517578125 250.037506103515625 251.4375 252.71875 253.8625030517578125 257.29376220703125 262.0625 272.82501220703125 285.58123779296875 297.587493896484375 318.350006103515625 341.13751220703125 365.38751220703125 393.20623779296875 422.23126220703125 449.818756103515625 468.875 482.16876220703125 484.975006103515625 476.79998779296875 469.475006103515625 459.274993896484375 441.13751220703125
314.537506103515625 309.41876220703125 304.931243896484375 302.056243896484375 298.41876220703125 295.71875 291.462493896484375 284.818756103515625 277.875 273.84375 274.79998779296875 273.70623779296875 274.60626220703125 272 272.91876220703125 273.76873779296875 274.64373779296875 275.84375 275.725006103515625 271.381256103515625 264.79998779296875 260.85626220703125 259.01873779296875 261.65625 262.837493896484375 264.006256103515625 265.70623779296875 268.89373779296875 274.39373779296875 284.443756103515625 294.65625 305.85626220703125 325.73748779296875 346.95001220703125 371.45001220703125 400.787506103515625 427.368743896484375 452.41876220703125 467.76251220703125 480.42498779296875 487.181243896484375 483.225006103515625 474.85626220703125 466.181243896484375 450.618743896484375
322.48748779296875 317.837493896484375 313.23126220703125 309.6875 308.149993896484375 307.649993896484375 304.66876220703125 298.14373779296875 291.912506103515625 288.8125 288.36248779296875 286.881256103515625 285.07501220703125 282.625 283.5 285.4375 286.068756103515625 284.8125 281.524993896484375 276.73126220703125 273.087493896484375 269.96875 269.04376220703125 269.21875 274.53125 276.45623779296875 277.29998779296875 278.58123779296875 281.712493896484375 290.98126220703125 300.375 311.84375 331.443756103515625 352.493743896484375 375.73126220703125 402.306243896484375 428.162506103515625 452.125 470.256256103515625 482.45001220703125 490.3125 487.04998779296875 482.462493896484375 476.693756103515625 459.98126220703125
328.318756103515625 323.693756103515625 319.912506103515625 318.024993896484375 316.787506103515625 316.725006103515625 315.368743896484375 309.931243896484375 303.96875 301.837493896484375 301.431243896484375 301.51873779296875 298.14373779296875 295.35626220703125 295.818756103515625 295.26251220703125 294.306243896484375 289.875 285.16876220703125 280.556243896484375 276.162506103515625 274.681243896484375 276.54998779296875 278.73126220703125 283.868743896484375 286.243743896484375 285.70001220703125 285.274993896484375 286.399993896484375 294.39373779296875 302.524993896484375 313.125 331.912506103515625 353.04998779296875 376.024993896484375 401.85626220703125 426.318756103515625 450.0625 467.26251220703125 480.65625 489.5625 487.618743896484375 483.693756103515625 477.70001220703125 457.587493896484375
333 329.58123779296875 326.79998779296875 324.5625 324.17498779296875 323.193756103515625 321.100006103515625 317.73126220703125 312.868743896484375 311.54998779296875 311.70623779296875 313.4375 311.5 307.462493896484375 307.20623779296875 305.09375 301.943756103515625 297.318756103515625 291.375 284.912506103515625 277.868743896484375 278.23126220703125 283.53125 287.66876220703125 290.506256103515625 291.41876220703125 290.79376220703125 290.600006103515625 291.425018310546875 295.9375 302.35626220703125 311.07501220703125 328.5 349.537506103515625 372.28125 399.07501220703125 424.64373779296875 448.149993896484375 465.368743896484375 477.21875 485.60626220703125 487.006256103515625 481.056243896484375 466.61248779296875 446.162506103515625
335.53125 332.756256103515625 330.125 328.587493896484375 327.5625 326.331268310546875 324.16876220703125 323.03125 320.76873779296875 318.57501220703125 316.6875 319.193756103515625 320.556243896484375 319.125 316.100006103515625 314.743743896484375 310.274993896484375 303.993743896484375 297.243743896484375 290.712493896484375 286.162506103515625 286.381256103515625 290.193756103515625 293.21875 295.71875 297.100006103515625 297.337493896484375 294.587493896484375 293.23126220703125 295.537506103515625 300.07501220703125 306.42498779296875 324.024993896484375 344.01251220703125 367.73126220703125 394.29376220703125 421.17498779296875 448.068756103515625 468.475006103515625 484.368743896484375 486.631256103515625 477.318756103515625 469.04376220703125 461.725006103515625 446.306243896484375
339.368743896484375 336.51873779296875 334.78125 333 332.28125 330.54376220703125 329.931243896484375 328.95001220703125 326.84375 323.931243896484375 321.89373779296875 325.11248779296875 326.587493896484375 326.79998779296875 323.01251220703125 320.931243896484375 314.89373779296875 308.09375 301.118743896484375 296.818756103515625 293.51873779296875 293.76873779296875 295.84375 298.074981689453125 300.850006103515625 302.024993896484375 301.33123779296875 298.29376220703125 295.04998779296875 293.056243896484375 293.693756103515625 299.10626220703125 316.162506103515625 336.79998779296875 360.96875 385.306243896484375 415.20001220703125 448.36248779296875 476.625 490.48126220703125 487.61248779296875 477.943756103515625 470.625 463.98748779296875 442.09375
341.056243896484375 338.837493896484375 337.443756103515625 336.82501220703125 336.08123779296875 334.925018310546875 334.09375 331.79998779296875 329.98748779296875 329.01873779296875 326.787506103515625 329.79376220703125 332.212493896484375 332.85626220703125 329.54998779296875 323.993743896484375 317.54376220703125 312.20623779296875 305.412506103515625 300.98126220703125 300.037506103515625 299.993743896484375 301.743743896484375 303.39373779296875 306.45001220703125 309.57501220703125 307.962493896484375 303.412506103515625 297 290.04376220703125 287.125 288.79998779296875 302.618743896484375 322.0625 343.787506103515625 369.51873779296875 403.29998779296875 443.40625 479.774993896484375 494.95001220703125 490.61248779296875 479.5625 470.17498779296875 456.337493896484375 437.350006103515625
341.743743896484375 340.41876220703125 337.568756103515625 337.899993896484375 338.350006103515625 336.524993896484375 336.17498779296875 335.67498779296875 335.21875 333.45623779296875 331.493743896484375 333.95001220703125 336.662506103515625 337.59375 334.28125 327.58123779296875 318.16876220703125 313.08123779296875 308.568756103515625 304.46875 304.743743896484375 305.76251220703125 307.90625 309.13751220703125 312.837493896484375 317.631256103515625 316.712493896484375 309.26873779296875 296.756256103515625 285.306243896484375 278.818756103515625 279.23126220703125 289.13751220703125 301.274993896484375 318.087493896484375 345.17498779296875 385.212493896484375 439.14373779296875 496.41876220703125 501.912506103515625 489.35626220703125 475.76873779296875 460.912506103515625 451.006256103515625 432.58123779296875
341.806243896484375 341.368743896484375 339.337493896484375 340.54376220703125 341.681243896484375 341.806243896484375 341.556243896484375 340.431243896484375 339.556243896484375 338.95001220703125 337.556243896484375 339.25 339.931243896484375 340.131256103515625 335.712493896484375 328.29376220703125 318.91876220703125 309.41876220703125 307.875 304.431243896484375 307.39373779296875 309.91876220703125 312.57501220703125 315.04376220703125 319.20001220703125 324.725006103515625 326.068756103515625 313.48748779296875 294.818756103515625 277.306243896484375 266.431243896484375 264.33123779296875 275.868743896484375 289.243743896484375 299.09375 312.01873779296875 364.16876220703125 426.04998779296875 474.350006103515625 489.443756103515625 478.287506103515625 464.89373779296875 454.412506103515625 446.625 429.89373779296875
340.03125 340.21875 340.08123779296875 341.975006103515625 344.09375 345.306243896484375 345.506256103515625 346.375 345.787506103515625 344.98126220703125 341.73126220703125 341.16876220703125 342.11248779296875 342.45623779296875 336.725006103515625 328.41876220703125 319.15625 309.568756103515625 303.068756103515625 301.03125 307.793731689453125 315.337493896484375 315.54376220703125 319.76873779296875 325.70001220703125 331.024993896484375 329.40625 317.14373779296875 296.21875 272.8125 255.2624969482421875 258.506256103515625 275.024993896484375 287.625 295.949981689453125 314.76251220703125 358.756256103515625 407.82501220703125 447.962493896484375 464.037506103515625 461.193756103515625 451.806243896484375 444.506256103515625 440.29998779296875 428.79998779296875
336.21875 337.64373779296875 337.46875 340.225006103515625 343.92498779296875 347.25 349.449981689453125 351.14373779296875 351.39373779296875 348.774993896484375 345.806243896484375 346.36248779296875 346.83123779296875 344.66876220703125 336.71875 325.85626220703125 315.32501220703125 308.16876220703125 302.243743896484375 299.725006103515625 304.881256103515625 310.837493896484375 317.70001220703125 323.774993896484375 330.100006103515625 334.837493896484375 331.975006103515625 322.681243896484375 303.73748779296875 279.63751220703125 264.368743896484375 267.53125 282.28125 298.23748779296875 314.34375 334.45623779296875 367.618743896484375 404.818756103515625 433.95001220703125 449.01251220703125 449.131256103515625 437.993743896484375 436.7437744140625 436.75 428.899993896484375
