data/historical-monthly-weather-data/wc2.1_cruts4.09_10m_prec_2013-10.asc
ncols        51
nrows        45
xllcorner    -63.500000000000
yllcorner    -7.500000000000
cellsize     0.166666666667
NODATA_value -9999
[rows 20 to 39 of 45, columns 0 to 43 of 51]
140.7937469482421875 150.537506103515625 162.28125 174.068756103515625 185.306243896484375 193.9499969482421875 201.993743896484375 207.5437469482421875 207.9875030517578125 204.5187530517578125 198.868743896484375 191.4812469482421875 184.149993896484375 176.25 173.0812530517578125 170.631256103515625 167.537506103515625 166.5 169.6125030517578125 171.6062469482421875 173.4375 176.7687530517578125 180.1437530517578125 181.5500030517578125 181.0124969482421875 176.337493896484375 166.131256103515625 151.375 137.225006103515625 126.4375 118.4187469482421875 115.22499847412109375 114.46875 115.3125 116.33750152587890625 109.2312469482421875 101.58750152587890625 96.90625 92.6875 88.5 83.97499847412109375 79.90000152587890625 74.4499969482421875 69.3937530517578125
136.625 148.681243896484375 162.3874969482421875 176.1999969482421875 189.6999969482421875 199.899993896484375 208.7375030517578125 215.774993896484375 217.59375 213.34375 205.818756103515625 196.90625 188.46875 181.431243896484375 177.1687469482421875 174.6125030517578125 172.8000030517578125 172.100006103515625 173.7375030517578125 175.881256103515625 175.1062469482421875 176.774993896484375 179.7375030517578125 179.118743896484375 176.28125 171.4812469482421875 164.1125030517578125 153.243743896484375 143.1374969482421875 135.056243896484375 128.3625030517578125 124.3874969482421875 122.53749847412109375 122.3562469482421875 120.5625 114.5437469482421875 106.59999847412109375 99.8249969482421875 94.3874969482421875 89.8312530517578125 85.15625 81.1374969482421875 76.7062530517578125 71.99375152587890625
134.618743896484375 149.149993896484375 164.725006103515625 180.1750030517578125 194.25 205.0500030517578125 215.0437469482421875 224.15625 228.7624969482421875 222.4812469482421875 213.1062469482421875 202.162506103515625 193.8874969482421875 187.806243896484375 183.1687469482421875 180.0187530517578125 178.056243896484375 178.225006103515625 179.15625 180.1687469482421875 179.649993896484375 179.100006103515625 179.5124969482421875 177.6750030517578125 173.587493896484375 166.881256103515625 161.3625030517578125 155.15625 146.993743896484375 141.0124969482421875 136.4562530517578125 133.0500030517578125 129.78125 127.8874969482421875 124.5625 118.0124969482421875 110.09999847412109375 102.08750152587890625 96.18125152587890625 92.47499847412109375 88.21250152587890625 84.27500152587890625 79.9499969482421875 75.2312469482421875
135.318756103515625 151.306243896484375 169.3125 184.774993896484375 199.149993896484375 209.4875030517578125 218.4250030517578125 227.524993896484375 231.3125 225.6687469482421875 215.625 205.8562469482421875 197.975006103515625 192.024993896484375 188.3562469482421875 185.4875030517578125 184.100006103515625 184.056243896484375 184.5187530517578125 184.8625030517578125 184.1750030517578125 183.806243896484375 182.0749969482421875 178.318756103515625 172.4562530517578125 163.850006103515625 156.850006103515625 153.375 149.412506103515625 145.712493896484375 142.2375030517578125 138.96875 135.4562530517578125 132.1999969482421875 128.3562469482421875 122.46250152587890625 114.84375 106.52500152587890625 100.8625030517578125 96.47499847412109375 92.05625152587890625 88.15625 83.66249847412109375 78.69374847412109375
140.6125030517578125 156.056243896484375 175.212493896484375 189.90625 204.0500030517578125 213.0500030517578125 220.256256103515625 226.4875030517578125 228.431243896484375 225.1687469482421875 218.462493896484375 210.0437469482421875 203.068756103515625 197.4562530517578125 194.0437469482421875 192.100006103515625 190.693756103515625 190.6750030517578125 190.850006103515625 191.1125030517578125 189.8125 187.5749969482421875 186.03125 180.6750030517578125 174.1999969482421875 167.506256103515625 160.662506103515625 156.40625 152.662506103515625 149.537506103515625 146.28125 142.350006103515625 139.4187469482421875 135.6187591552734375 131.71875 125.58750152587890625 119.29375457763671875 112.8249969482421875 106.875 102.28749847412109375 97.55625152587890625 93.2312469482421875 88.40625 83.90000152587890625
148.131256103515625 161.59375 177.443756103515625 193.4375 207.1125030517578125 214.556243896484375 220.162506103515625 224.6875 226.5187530517578125 225.3125 219.25 213.1750030517578125 206.9250030517578125 201.837493896484375 199.818756103515625 198.287506103515625 197.649993896484375 197.2312469482421875 197.5187530517578125 197.524993896484375 195.9499969482421875 193.1437530517578125 190.899993896484375 185.1062469482421875 178.693756103515625 172.4375 166.381256103515625 160.881256103515625 156.243743896484375 153.193756103515625 148.7937469482421875 145.6875 142.9250030517578125 138.818756103515625 135.2624969482421875 129.5437469482421875 123.81874847412109375 118.55625152587890625 113.18125152587890625 108.4875030517578125 103.72499847412109375 99.3937530517578125 94.2624969482421875 89.8125
159.1750030517578125 168.3625030517578125 181.1999969482421875 194.1437530517578125 205.431243896484375 212.524993896484375 217.3937530517578125 221.3937530517578125 222.4375 220.9875030517578125 218.631256103515625 214.225006103515625 209.40625 205.3874969482421875 203.5749969482421875 203.118743896484375 202 202.4187469482421875 202.537506103515625 202.381256103515625 200.962493896484375 198.1687469482421875 195.46875 190.9499969482421875 183.7937469482421875 177.40625 170.78125 164.6624908447265625 159.625 155.868743896484375 152.337493896484375 148.037506103515625 145.475006103515625 141.90625 137.875 132.8562469482421875 127.78749847412109375 123.03125 118.6125030517578125 114.9250030517578125 110.63124847412109375 107.00624847412109375 102.53125 98.1687469482421875
170.3874969482421875 176.712493896484375 185.993743896484375 195.6374969482421875 203.975006103515625 209.962493896484375 215.0187530517578125 218.118743896484375 218.9375 218.8125 217.0749969482421875 214.0437469482421875 211.1999969482421875 207.5437469482421875 206.84375 206.875 207.0187530517578125 206.65625 207.3125 208.087493896484375 206.100006103515625 203.4000091552734375 201.6750030517578125 195.8499908447265625 188.5749969482421875 182.2312469482421875 175.693756103515625 169.25 162.625 158.34375 153.9875030517578125 150.006256103515625 147.399993896484375 143.8874969482421875 140.818756103515625 135.774993896484375 130.712493896484375 127.18125152587890625 123.3937530517578125 120.8562469482421875 118.6062469482421875 115.25 110.31874847412109375 107.11875152587890625
181.3312530517578125 185.3249969482421875 190.649993896484375 197.2624969482421875 202.868743896484375 207.09375 210.850006103515625 214.1437530517578125 215.506256103515625 216.693756103515625 216.65625 214.6999969482421875 212.443756103515625 209.556243896484375 209.9562530517578125 210.443756103515625 211.4187469482421875 211.412506103515625 211.8937530517578125 212.787506103515625 210.6125030517578125 208.5625 206.712493896484375 200.3625030517578125 192.837493896484375 186.65625 179.6875 172.587493896484375 166.431243896484375 161.2062530517578125 155.7687530517578125 151.5187530517578125 148.84375 145.5500030517578125 142.625 138.15625 133.4375 129.662506103515625 126.06874847412109375 124.08750152587890625 123.15625 120.3249969482421875 116.19374847412109375 115.1437530517578125
188.625 190.3312530517578125 193.024993896484375 195.931243896484375 199.65625 202.193756103515625 205.75 209.46875 212.100006103515625 213.3312530517578125 215.037506103515625 213.7312469482421875 213.162506103515625 211.6875 212.0500030517578125 213.3000030517578125 213.381256103515625 214.5 214.7687530517578125 214.381256103515625 213.193756103515625 211.693756103515625 209.5437469482421875 202.46875 195.5250091552734375 190.0812530517578125 182.693756103515625 174.943756103515625 167.7312469482421875 162.3625030517578125 157.524993896484375 153.0812530517578125 150.024993896484375 147.1437530517578125 143.8625030517578125 139.306243896484375 134.4250030517578125 130.868743896484375 126.06874847412109375 123.0187530517578125 121.69374847412109375 121.86875152587890625 120.30625152587890625 121.47499847412109375
194.774993896484375 193.8874969482421875 194.6062469482421875 194.2375030517578125 196.0187530517578125 199.162506103515625 202.131256103515625 205.59375 208.1750030517578125 209.975006103515625 212.975006103515625 213.5749969482421875 214.8000030517578125 214.53125 214.274993896484375 215.4250030517578125 216.3625030517578125 216.7062530517578125 216.806243896484375 216.8249969482421875 215.2062530517578125 214.1062469482421875 212.2687530517578125 205.037506103515625 198.162506103515625 192.0749969482421875 184.46875 176.431243896484375 168.725006103515625 163.256256103515625 158.9250030517578125 154.5500030517578125 151.2687530517578125 148.443756103515625 145.1374969482421875 139.8249969482421875 135.056243896484375 131.40625 125.75 119.44374847412109375 118.3562469482421875 121.38124847412109375 123.375 125.1062469482421875
199.087493896484375 196.131256103515625 194.0437469482421875 193.0812530517578125 194.5437469482421875 195.618743896484375 198 201.25 204.100006103515625 206.837493896484375 210.256256103515625 212.6750030517578125 214.40625 215.818756103515625 216.931243896484375 217.8562469482421875 217.631256103515625 216.975006103515625 218.2312469482421875 218.28125 216.75 215.649993896484375 214.100006103515625 206.618743896484375 199.962493896484375 193.4499969482421875 185.5124969482421875 177.40625 169.368743896484375 164.3874969482421875 160.0812530517578125 155.381256103515625 152.118743896484375 149.556243896484375 145.6062469482421875 140.3937530517578125 135.649993896484375 131.65625 125.1999969482421875 119.84375 119.40625 123.47499847412109375 126.36875152587890625 129.537506103515625
201.131256103515625 196.9250030517578125 193.975006103515625 192.6687469482421875 192.0812530517578125 192.3562469482421875 193.46875 195.3937530517578125 198.0124969482421875 201.556243896484375 208.4250030517578125 211.118743896484375 214.8625030517578125 218.412506103515625 218.943756103515625 218.5749969482421875 216.993743896484375 216.6062469482421875 217.1750030517578125 217.21875 215.4812469482421875 214.193756103515625 212.1374969482421875 205.725006103515625 199.2312469482421875 192.912506103515625 185.149993896484375 176.7687530517578125 169.0500030517578125 165.087493896484375 161.03125 156.8249969482421875 152.212493896484375 149.5 146.600006103515625 142.4875030517578125 137.375 132.368743896484375 127.34999847412109375 125.1687469482421875 125.1687469482421875 128.4562530517578125 131.71875 134.8249969482421875
201.2062530517578125 196.943756103515625 194.024993896484375 191.993743896484375 189.287506103515625 188.8625030517578125 188.90625 189.84375 191.431243896484375 195.568756103515625 201.8000030517578125 208.65625 216.0187530517578125 219.03125 219.899993896484375 218.40625 216.25 215.975006103515625 215.2687530517578125 215.743743896484375 213.6999969482421875 211.881256103515625 209.712493896484375 202.943756103515625 197.5124969482421875 191.712493896484375 183.6062469482421875 175.4375 168.40625 164.7937469482421875 161.75 158.3625030517578125 154.2624969482421875 150.274993896484375 147.7312469482421875 143.5437469482421875 138.256256103515625 133.399993896484375 130.5625 129.9250030517578125 129.6687469482421875 132.78125 136.8625030517578125 140.4250030517578125
200.9375 197.037506103515625 192.8562469482421875 190.2375030517578125 186.6750030517578125 185.274993896484375 184.125 184.34375 184.399993896484375 188.25 195.8312530517578125 205.1687469482421875 215.3249969482421875 221.4187469482421875 219.8249969482421875 217.4812469482421875 214.9250030517578125 214.2375030517578125 213.618743896484375 212.90625 211.09375 208.59375 206.21875 199.618743896484375 194.568756103515625 189.3125 181.96875 174.75 168.037506103515625 164.5625 161.75 159.2624969482421875 155.1750030517578125 151.7062530517578125 148.225006103515625 143.412506103515625 138.306243896484375 135.0062408447265625 133.475006103515625 133.1999969482421875 133.537506103515625 136.037506103515625 140.0749969482421875 143.537506103515625
198.8625030517578125 195.1875 191.8312530517578125 188.125 184.537506103515625 182.6687469482421875 180.068756103515625 178.53125 177.4187469482421875 179.5187530517578125 187.8562469482421875 198.850006103515625 211.15625 218.0437469482421875 217.318756103515625 214.6062469482421875 211.4875030517578125 210.96875 210.3000030517578125 209.037506103515625 207.1999969482421875 204.9562530517578125 201.2062530517578125 195.40625 190.568756103515625 185.40625 178.743743896484375 172.4875030517578125 166.625 164.0124969482421875 161.4562530517578125 159.1750030517578125 155.318756103515625 152.4812469482421875 148.5 143.78125 141.131256103515625 138.0124969482421875 137.0187530517578125 136.8937530517578125 137.743743896484375 140.1062469482421875 142.0812530517578125 145.4499969482421875
196.662506103515625 193.493743896484375 190.212493896484375 186.725006103515625 183.15625 180.087493896484375 176.399993896484375 173.3000030517578125 170.5187530517578125 169.3000030517578125 178.8125 194.806243896484375 205.84375 211.65625 212.368743896484375 210.568756103515625 207.2062530517578125 206.725006103515625 205.431243896484375 203.631256103515625 201.443756103515625 198.6999969482421875 195.6374969482421875 189.96875 185.2062530517578125 180.8125 175 169.881256103515625 165.4375 163.125 161.256256103515625 158.6062469482421875 155.993743896484375 153.2937469482421875 148.7312469482421875 146 143.7937469482421875 142.006256103515625 141.21875 140.806243896484375 141.381256103515625 142.181243896484375 144.21875 147.3312530517578125
194.493743896484375 191.899993896484375 188.600006103515625 185.3312530517578125 182.068756103515625 178.3625030517578125 175.1062469482421875 171.4562530517578125 168.618743896484375 165.125 179.524993896484375 195.306243896484375 203.09375 207.993743896484375 208.193756103515625 206.350006103515625 202.818756103515625 201.8937530517578125 200.649993896484375 198.1437530517578125 195.225006103515625 191.431243896484375 188.1687469482421875 182.9499969482421875 179.4562530517578125 175.90625 170.8874969482421875 166.975006103515625 163.600006103515625 162.0812530517578125 159.8937530517578125 158.2624969482421875 156.1687469482421875 153.287506103515625 149.9375 147.318756103515625 146.5 145 145.193756103515625 145.287506103515625 144.350006103515625 145.2937469482421875 145.7624969482421875 147.375
191.9875030517578125 189.4250030517578125 186.90625 184.006256103515625 180.9562530517578125 177.681243896484375 174.9375 173.8125 173.774993896484375 179.649993896484375 194.350006103515625 199.881256103515625 202.368743896484375 204.96875 205.443756103515625 204.024993896484375 200.850006103515625 199.0437469482421875 196.2375030517578125 193.6125030517578125 188.993743896484375 184.537506103515625 181.162506103515625 176.743743896484375 173.2312469482421875 171.024993896484375 168.006256103515625 165.75 163.34375 162.09375 161.350006103515625 159.9812469482421875 157.875 155.4499969482421875 153.96875 152.725006103515625 150.9812469482421875 149.8125 149.78125 147.850006103515625 147.2312469482421875 147.649993896484375 147.287506103515625 148.3125
189.881256103515625 187.53125 185.587493896484375 183.34375 180.412506103515625 178.4875030517578125 176.3000030517578125 176.9187469482421875 179.037506103515625 185.25 193.399993896484375 198.90625 201.78125 203.0749969482421875 203.712493896484375 202 199.375 196.8375091552734375 192.6687469482421875 188.1875 182.7375030517578125 177.40625 173.212493896484375 169.556243896484375 167.78125 166.225006103515625 164.6875 164.256256103515625 163.399993896484375 162.8625030517578125 162.0812530517578125 161.993743896484375 162.024993896484375 160.4499969482421875 159.9875030517578125 158.162506103515625 155.8625030517578125 154.5124969482421875 154.287506103515625 150.9875030517578125 149.25 149.5500030517578125 148.6999969482421875 149.056243896484375
