data/historical-monthly-weather-data/wc2.1_cruts4.09_10m_prec_1997-06.asc
ncols        51
nrows        45
xllcorner    -63.500000000000
yllcorner    -7.500000000000
cellsize     0.166666666667
NODATA_value -9999
[rows 0 to 18 of 45, columns 0 to 42 of 51]
195.3312530517578125 192.850006103515625 190.4562530517578125 194.181243896484375 195.056243896484375 197.0124969482421875 195.0625 192.0500030517578125 186.3874969482421875 187.2687530517578125 190.0500030517578125 192.118743896484375 194.75 195.5437469482421875 198.03125 202.03125 204.2687530517578125 206.431243896484375 208.1999969482421875 211.5687408447265625 214.193756103515625 209.53125 206.256256103515625 201.756256103515625 199 197.7062530517578125 201.743743896484375 208.0437469482421875 207.3125 199.6750030517578125 186.9875030517578125 179.837493896484375 175.375 167.431243896484375 160.4562530517578125 155.78125 151.006256103515625 147.756256103515625 142.9375 140.100006103515625 139.71875 144.125 143.6437530517578125
190.350006103515625 188.149993896484375 190.037506103515625 192.4875030517578125 196.3937530517578125 197.6999969482421875 195.068756103515625 191.100006103515625 189.1999969482421875 188.600006103515625 188.2062530517578125 187.9375 184.6750030517578125 183.2312469482421875 183.899993896484375 186.0187530517578125 186.4562530517578125 188.4375 191.7687530517578125 197.6812591552734375 198.806243896484375 194.6437530517578125 192.881256103515625 189.962493896484375 186.6062469482421875 183.8625030517578125 187.59375 191.03125 190.375 178.2312469482421875 167.587493896484375 162.3312530517578125 156.125 150.181243896484375 144.8125 138.368743896484375 134.774993896484375 130.962493896484375 126.9499969482421875 124.8125 126.0812530517578125 124.5500030517578125 127.97499847412109375
180.78125 183.412506103515625 184.1062469482421875 182.4187469482421875 185.506256103515625 188.381256103515625 187.5812530517578125 188.681243896484375 187.162506103515625 185.75 182.8874969482421875 179.3625030517578125 176.5749969482421875 170.7062530517578125 169.8000030517578125 170.506256103515625 169.118743896484375 169.8000030517578125 171.631256103515625 174.0437469482421875 174.2312469482421875 173.3562469482421875 170.21875 170.375 164.9875030517578125 161.6687469482421875 168.524993896484375 170.868743896484375 168.587493896484375 161.756256103515625 150.4250030517578125 142.78125 136.65625 132.131256103515625 125.6437530517578125 117.5187530517578125 115.6875 114.24375152587890625 111.4812469482421875 110.33750152587890625 112.78749847412109375 113.02500152587890625 114.6374969482421875
170.225006103515625 169.337493896484375 172.243743896484375 172.568756103515625 172.024993896484375 174.4250030517578125 177.03125 179.3562469482421875 180.556243896484375 180.243743896484375 175.100006103515625 169.3249969482421875 163.568756103515625 157.0187530517578125 156.256256103515625 156.2312469482421875 152.5124969482421875 152.0812530517578125 151.9250030517578125 156.8125 154.2687530517578125 148.59375 145.96875 147.1125030517578125 142.287506103515625 139.7312469482421875 144.806243896484375 146.337493896484375 147.9562530517578125 142.662506103515625 134.0124969482421875 125.2375030517578125 119.28125 112.09375 106.1999969482421875 104.6062469482421875 103.28125 100.63124847412109375 98.21250152587890625 97.56874847412109375 99.19374847412109375 101.93125152587890625 103.25
172.75 169.21875 160.5625 160.943756103515625 163.4187469482421875 162.9875030517578125 165.6062469482421875 170.78125 175.162506103515625 175.3187408447265625 169.4375 158.21875 152.0124969482421875 146.2624969482421875 143.318756103515625 142.3000030517578125 139.837493896484375 134.6374969482421875 132.243743896484375 133.5500030517578125 130.0749969482421875 126.2624969482421875 123.65625 123.7375030517578125 119.9250030517578125 118.6750030517578125 122.3937530517578125 128.3625030517578125 131.0812530517578125 123.8312530517578125 118.06874847412109375 111.67499542236328125 104.91249847412109375 99.15000152587890625 95.1875 91.4375 89.94374847412109375 88.9812469482421875 86.52500152587890625 85.25 87.2062530517578125 89.63124847412109375 91.75
164.756256103515625 163.743743896484375 156.068756103515625 145.693756103515625 149.9187469482421875 155.5812530517578125 155.7624969482421875 158.399993896484375 164.725006103515625 166 157.337493896484375 147.5812530517578125 142.2687530517578125 137.0437469482421875 132.443756103515625 130.59375 126.6875 120.15000152587890625 117.47499847412109375 115.47499847412109375 113.1999969482421875 109.02500152587890625 105.69374847412109375 103.4187469482421875 102.43125152587890625 102.21250152587890625 105.0812530517578125 111.00624847412109375 114.46250152587890625 108.74375152587890625 105.3125 100.22499847412109375 95.5437469482421875 89.2624969482421875 83.30625152587890625 83.02500152587890625 80.27500152587890625 76.66875457763671875 76.77500152587890625 78.7062530517578125 79.1374969482421875 82.19374847412109375 83.22499847412109375
160.5437469482421875 157.09375 150.3125 143.0625 137.3249969482421875 136.2375030517578125 136.256256103515625 141.681243896484375 142.756256103515625 143.725006103515625 139.587493896484375 133.4250030517578125 131.0625 128.131256103515625 123.875 120.84999847412109375 117.69374847412109375 109.875 102.59375 99.1999969482421875 94.1374969482421875 90.6999969482421875 87.13124847412109375 86.7375030517578125 88.05625152587890625 88.11875152587890625 90.9812469482421875 95.6125030517578125 99.15000152587890625 98.28749847412109375 93 87.3562469482421875 82.44374847412109375 78.69374847412109375 75.66249847412109375 73.3000030517578125 69.34375 67.5749969482421875 67.71250152587890625 70.28125 70.9812469482421875 73.16249847412109375 75.47499847412109375
154.5437469482421875 147.618743896484375 141.568756103515625 138.506256103515625 133.212493896484375 133.256256103515625 126.1999969482421875 120.28749847412109375 116.40625 119.4812469482421875 120.55625152587890625 119.84999847412109375 119.9250030517578125 117.96250152587890625 116.125 112.7312469482421875 107.08750152587890625 98.65000152587890625 89.8312530517578125 82.2624969482421875 81.68125152587890625 77.1999969482421875 73.25624847412109375 72.6750030517578125 73.8874969482421875 73.2937469482421875 76.93125152587890625 81.5124969482421875 85.3125 83.03125 82.3125 77.52500152587890625 73.4499969482421875 69.24375152587890625 64.4812469482421875 62.16249847412109375 60.15625 58.71875 57.918750762939453125 58.86875152587890625 60.8125 64.25 64.9250030517578125
147.4562530517578125 141.8249969482421875 134.3937530517578125 129.881256103515625 126.09999847412109375 122.83750152587890625 120.72499847412109375 117.36875152587890625 109.55625152587890625 105.02500152587890625 105.0187530517578125 107.22499847412109375 111.53749847412109375 111.1437530517578125 108.0812530517578125 102.34375 99 91.84999847412109375 84.1437530517578125 75.3625030517578125 69.4812469482421875 68.1437530517578125 62.706249237060546875 64.13124847412109375 63.5625 63.47499847412109375 67.0749969482421875 72.4187469482421875 78.00624847412109375 75.9812469482421875 76.03749847412109375 69.1687469482421875 62.893749237060546875 58.612499237060546875 56.200000762939453125 56.456249237060546875 55.862499237060546875 55.518749237060546875 55.0625 54.831249237060546875 55.36875152587890625 56.125 59.362499237060546875
140.931243896484375 135.568756103515625 128.850006103515625 124.3000030517578125 120.15000152587890625 116.375 113.61875152587890625 108.66875457763671875 105.7062530517578125 102.53749847412109375 99.55625152587890625 97.21250152587890625 102.8937530517578125 104.6999969482421875 100.8249969482421875 95.06874847412109375 88.65625 84.4562530517578125 77.59375 70.71875 63.606250762939453125 58.9375 53.456249237060546875 53.63124847412109375 52.637500762939453125 53.78749847412109375 57.63124847412109375 62.068752288818359375 66 66.68125152587890625 66.24375152587890625 62.174999237060546875 58.143749237060546875 54.49375152587890625 50.91249847412109375 50.63124847412109375 51.06874847412109375 51.71875 52.34999847412109375 54.237499237060546875 55.84375 56.606250762939453125 55.393749237060546875
136.625 129.9124908447265625 123.22499847412109375 117.93125152587890625 112.75 110.6125030517578125 105.4875030517578125 101.05625152587890625 99.9250030517578125 98.4375 97.16249847412109375 95.5812530517578125 95.6437530517578125 97.75624847412109375 92.2937469482421875 85.8625030517578125 78.9562530517578125 73.06874847412109375 68.53125 64.50624847412109375 61.137500762939453125 54.674999237060546875 47.325000762939453125 42.83750152587890625 43.86875152587890625 47.125 51.424999237060546875 54.75624847412109375 57.3125 57.674999237060546875 57.606250762939453125 55.59999847412109375 52.793750762939453125 49.831249237060546875 47.043750762939453125 45.97499847412109375 46.612499237060546875 46.91249847412109375 49.77500152587890625 51.25624847412109375 52.65000152587890625 52.53749847412109375 52.831249237060546875
131.2687530517578125 125.21875 120.5187530517578125 113.6687469482421875 109.0500030517578125 105.21875 103.125 99.8874969482421875 98.6125030517578125 94.8874969482421875 95.00624847412109375 93.2624969482421875 87.74375152587890625 87.9875030517578125 85.0124969482421875 78.34999847412109375 71.72499847412109375 66.96250152587890625 63.50624847412109375 61.96250152587890625 58.80625152587890625 52.97499847412109375 45.28125 39.762500762939453125 39.112499237060546875 40.200000762939453125 43.362499237060546875 47.506252288818359375 51.44374847412109375 51.5625 49.918750762939453125 50.00624847412109375 48.112499237060546875 44.793750762939453125 43.387500762939453125 44.112499237060546875 45.59375 46.47499847412109375 47 49.93125152587890625 51.66249847412109375 51.231250762939453125 47.950000762939453125
128.8125 121.8874969482421875 116.28125 109.75 105.84375 101.30625152587890625 98.65625 96.0625 93.86875152587890625 92.2687530517578125 91.65000152587890625 89.28125 84.96875 77.6687469482421875 73.1062469482421875 68.84375 63.6875 60.4375 55.5625 53.825000762939453125 51.86875152587890625 46.69374847412109375 40.793750762939453125 36.793750762939453125 33.93125152587890625 34.237499237060546875 38.075000762939453125 42.33750152587890625 46.55625152587890625 47.924999237060546875 46.5 45.25 44.61875152587890625 41.231250762939453125 39.875 41.36875152587890625 44.18125152587890625 46.16249847412109375 49.84375 51.31874847412109375 50.731250762939453125 49.53749847412109375 44.06874847412109375
124.9375 118.2937469482421875 112.0749969482421875 106.11875152587890625 100.52500152587890625 97.21250152587890625 93.8000030517578125 92.28125 91.5 89.4375 88.28125 82.65000152587890625 77.71875 71.26250457763671875 62.36875152587890625 59.90000152587890625 55.09999847412109375 51.52500152587890625 48.13124847412109375 46.174999237060546875 43.91249847412109375 39.50624847412109375 34.84999847412109375 32.96250152587890625 31.475000381469726562 30.774999618530273438 33.362499237060546875 36.63124847412109375 40.231250762939453125 41.637500762939453125 42.61875152587890625 42.512500762939453125 41.13124847412109375 39.58750152587890625 37.46875 40.71250152587890625 44.84999847412109375 48.456249237060546875 52.49375152587890625 53.081249237060546875 48.1875 44.825000762939453125 44.05625152587890625
117.4250030517578125 111.5437469482421875 107.00624847412109375 102.18125152587890625 96.6999969482421875 93.4375 91.0124969482421875 88.56874847412109375 87.3000030517578125 85.83750152587890625 83.5437469482421875 77.66875457763671875 71.61875152587890625 64.02500152587890625 55.018749237060546875 52.012500762939453125 48.21250152587890625 46.15000152587890625 42.25624847412109375 40.112499237060546875 38.46250152587890625 34.96875 31.893749237060546875 31.118749618530273438 31.1875 31.006250381469726562 33.575000762939453125 36.424999237060546875 40.13124847412109375 40.362499237060546875 39.987499237060546875 41.09999847412109375 41.543750762939453125 38.543750762939453125 35.43125152587890625 36.78749847412109375 43.25 50.11875152587890625 53.43125152587890625 52.84999847412109375 51.3125 50.1875 51.03749847412109375
111.48125457763671875 105 100.9499969482421875 95.6125030517578125 92.4250030517578125 89.9187469482421875 87.0812530517578125 84.125 83.91249847412109375 83.9250030517578125 81.21875 74.2687530517578125 67.4499969482421875 59.643749237060546875 51.75624847412109375 43.63124847412109375 41.456249237060546875 40.612499237060546875 37.356250762939453125 35.36875152587890625 33.637500762939453125 31.162500381469726562 29.28125 29.793750762939453125 30.268749237060546875 30.475000381469726562 32.47499847412109375 35.5 38.387500762939453125 40.674999237060546875 41.50624847412109375 41.393749237060546875 38.41249847412109375 35.112499237060546875 32.53125 38.43125152587890625 41.9375 47.03749847412109375 52.30625152587890625 55.72499847412109375 57.59375 56.72499847412109375 53.731250762939453125
104.5812530517578125 99.4562530517578125 94.53749847412109375 91.28125 88.125 86.21875 83.53749847412109375 81.33750152587890625 79.1875 78.21250152587890625 77.0500030517578125 70.50624847412109375 62.21875 54.41249847412109375 48.875 41.65625 34.581249237060546875 33.66249847412109375 32.50624847412109375 30.606250762939453125 28.818750381469726562 27.518749237060546875 26.212499618530273438 27.949998855590820312 28.731250762939453125 28.299999237060546875 30.168750762939453125 32.81874847412109375 36.799999237060546875 39.762500762939453125 42.13124847412109375 43.56874847412109375 40.612499237060546875 38.700000762939453125 39.69374847412109375 42.33750152587890625 46.80625152587890625 51.112499237060546875 56.393749237060546875 56.793750762939453125 58.737499237060546875 56.075000762939453125 51.231250762939453125
95.7687530517578125 91.56874847412109375 88.53125 85.28749847412109375 82.3562469482421875 81.1875 77.94374847412109375 75.30625152587890625 73.46875 71.4499969482421875 69.5500030517578125 64.7375030517578125 56.77500152587890625 49.981250762939453125 45.52500152587890625 39.737499237060546875 33.143749237060546875 27.96875 28.825000762939453125 26.299999237060546875 24.918750762939453125 24.118749618530273438 24.118749618530273438 25.799999237060546875 27.387498855590820312 27.181249618530273438 28.506250381469726562 32.387500762939453125 36.09999847412109375 38.549999237060546875 39.362499237060546875 39.799999237060546875 44 43.424999237060546875 42.84375 50.293750762939453125 53.99375152587890625 53.75624847412109375 56.3125 57.28749847412109375 54.08750152587890625 50.41249847412109375 46.793750762939453125
87.7312469482421875 85.0749969482421875 82.09375 79.2624969482421875 76.68125152587890625 74.05625152587890625 71.125 68.1999969482421875 67.4562530517578125 66.7375030517578125 64.6750030517578125 57.424999237060546875 50.90000152587890625 45.575000762939453125 40.731250762939453125 36.049999237060546875 32.0625 26.524999618530273438 23.487499237060546875 21.84375 21.837499618530273438 22.256250381469726562 20.424999237060546875 22.8125 24.524999618530273438 26.637500762939453125 29.112499237060546875 31.381250381469726562 35.78125 38.487499237060546875 40.34375 43.27500152587890625 44.97499847412109375 43.78125 44.84375 50.25 51.825000762939453125 51.012500762939453125 52.831249237060546875 51.84375 49.043750762939453125 44.543750762939453125 42.862499237060546875
