data/historical-monthly-weather-data/wc2.1_cruts4.09_10m_prec_1989-05.asc
ncols        45
nrows        45
xllcorner    -63.500000000000
yllcorner    -7.500000000000
cellsize     0.166666666667
NODATA_value -9999
[rows 0 to 19 of 45, columns 0 to 43 of 45]
570.5687255859375 581.9937744140625 582.3687744140625 591.5062255859375 594.7874755859375 590.45623779296875 577.92498779296875 569.1500244140625 559.6624755859375 554.7874755859375 546.0687255859375 529.48126220703125 515.79998779296875 502.86248779296875 484.6875 469.09375 451.818756103515625 432.76873779296875 417.70623779296875 407.32501220703125 404.42498779296875 402.15625 404.16876220703125 399.85626220703125 397.08123779296875 396.16876220703125 390.631256103515625 386.71875 380.881256103515625 385.975006103515625 387.306243896484375 391.375 394.774993896484375 395.83123779296875 396.76873779296875 398.26251220703125 397.725006103515625 393.88751220703125 391.41876220703125 391.26873779296875 387.95001220703125 385.899993896484375 380.45001220703125 380.131256103515625
564.1812744140625 574.32501220703125 584.73748779296875 600.5999755859375 615.7125244140625 616.21875 606.5 600.83123779296875 596.5625 588.41876220703125 581.29376220703125 563.92498779296875 546.21875 528.9375 506.587493896484375 485.23126220703125 464.412506103515625 440.962493896484375 425.32501220703125 412.88751220703125 410.76873779296875 411.431243896484375 411.818756103515625 411.443756103515625 408.66876220703125 405.506256103515625 401.86248779296875 396.993743896484375 392.125 395.868743896484375 398.912506103515625 408.306243896484375 407.631256103515625 410.006256103515625 408.51251220703125 402.04376220703125 401.256256103515625 395.98748779296875 395.350006103515625 388.625 384.53125 386.71875 381.274993896484375 375.118743896484375
532.79376220703125 547.2437744140625 566.46875 585.42498779296875 602.20001220703125 611.95623779296875 617.29376220703125 624.23748779296875 625.9124755859375 621.58123779296875 614.82501220703125 594.3375244140625 572.7874755859375 548.7750244140625 523.90625 501.568756103515625 476.51873779296875 452.806243896484375 438.51873779296875 429.181243896484375 429.40625 434.79376220703125 437.381256103515625 435.125 431.131256103515625 430.23126220703125 426.493743896484375 417.34375 407.6875 410.29376220703125 413.1875 419.16876220703125 422.337493896484375 420.806243896484375 420.53125 410.66876220703125 405.15625 398.743743896484375 394.125 388.63751220703125 386.51251220703125 382.068756103515625 379.506256103515625 373.75
493.20623779296875 503.0625 535.66876220703125 558.42498779296875 581.5374755859375 597.86248779296875 614.59375 635.64373779296875 651.71875 654.9625244140625 645.9625244140625 622.4312744140625 593.3062744140625 566.75 538.76251220703125 511.78125 483.649993896484375 463.068756103515625 451.11248779296875 448.29376220703125 457.61248779296875 463.14373779296875 465.01251220703125 463.07501220703125 457.975006103515625 452.88751220703125 447.70001220703125 433.287506103515625 420.899993896484375 425.84375 428.693756103515625 432.993743896484375 432.60626220703125 429.11248779296875 424.10626220703125 419.29376220703125 413.01873779296875 403.61248779296875 397.66876220703125 391.48748779296875 385.34375 384.662506103515625 377.162506103515625 370.23748779296875
485.28125 488.53125 497.29376220703125 522.4749755859375 553.26873779296875 575.0625 602.84375 635.70623779296875 666.5687255859375 682.51251220703125 668.29376220703125 635.2249755859375 609.6812744140625 583.7562255859375 553.1624755859375 521.6937255859375 490.725006103515625 473.35626220703125 464.287506103515625 467.21875 479.256256103515625 485.381256103515625 486.82501220703125 489.693756103515625 481.29998779296875 474.5625 459.29376220703125 447.881256103515625 435.087493896484375 437.01251220703125 441.631256103515625 442.57501220703125 439.78125 439.618743896484375 435.95001220703125 425.625 418.73126220703125 410.13751220703125 403.6875 394.76873779296875 388.912506103515625 382.850006103515625 375.975006103515625 371.03125
467.11248779296875 470.350006103515625 476.64373779296875 480.91876220703125 512.0999755859375 545 575.76251220703125 606.70623779296875 642.1500244140625 664.83123779296875 657.45623779296875 624.5250244140625 606.1624755859375 586.3812255859375 555.0374755859375 531.8499755859375 501.75 486.943756103515625 484.850006103515625 494.53125 503.274993896484375 510.46875 515.4437255859375 507.537506103515625 499.162506103515625 490.537506103515625 474.9375 459.23748779296875 447.962493896484375 449.84375 453.39373779296875 455.975006103515625 452.08123779296875 449.95001220703125 444.625 435.29376220703125 424.681243896484375 413.70623779296875 410.243743896484375 399.725006103515625 388.03125 382.1875 373.73748779296875 367.85626220703125
452.506256103515625 452.381256103515625 457.537506103515625 463.15625 477.899993896484375 501.48126220703125 531.1937255859375 562.01873779296875 578.0999755859375 603.1500244140625 613.4437255859375 599.9625244140625 591.78125 580.48126220703125 559.0062255859375 537.91876220703125 521.03125 516.1312255859375 517.21875 531.2249755859375 533.67498779296875 534.66876220703125 530.85626220703125 525.0562744140625 517.01873779296875 510.787506103515625 491.475006103515625 473.4375 456.20001220703125 458.162506103515625 462.318756103515625 460.962493896484375 454.743743896484375 452.01251220703125 448.125 440.443756103515625 426.98126220703125 414.868743896484375 410.34375 401.524993896484375 386.162506103515625 376.54998779296875 367.96875 363.6875
436.76873779296875 434.23748779296875 438.70623779296875 448.056243896484375 461.90625 485.899993896484375 500.006256103515625 502.568756103515625 503.118743896484375 533.0625 567.1875 573.13751220703125 578.92498779296875 573.9749755859375 562.4437255859375 551.82501220703125 541.59375 547 553.5999755859375 561.9937744140625 566.79376220703125 561.05621337890625 554.25 538.9312744140625 532.4437255859375 514.8812255859375 500.75 480.074981689453125 463.125 464.399993896484375 467.03125 464.412506103515625 459.787506103515625 452.743743896484375 444.36248779296875 433.71875 422.162506103515625 412.087493896484375 402.35626220703125 386.600006103515625 375.024993896484375 365.681243896484375 358.662506103515625 350.85626220703125
423.65625 421.48748779296875 428.5625 435.76251220703125 446.806243896484375 466.618743896484375 479.881256103515625 485.84375 476.36248779296875 484.024993896484375 518 539.16876220703125 557.6187744140625 558.4937744140625 557.4000244140625 560.04376220703125 560.73126220703125 572.8062744140625 587.5875244140625 585.7249755859375 575.1624755859375 574.08123779296875 557.875 554.4312744140625 536.3062744140625 516.26251220703125 496.48126220703125 482.59375 472.10626220703125 468.58123779296875 472.21875 465.51873779296875 451.23126220703125 439.67498779296875 434.35626220703125 425.42498779296875 415.03125 405.41876220703125 397.32501220703125 379.162506103515625 362.23748779296875 352.10626220703125 348.274993896484375 344.29376220703125
409.6875 410.16876220703125 417.58123779296875 426.96875 433.53125 452.48126220703125 467.756256103515625 477.881256103515625 481.743743896484375 494.32501220703125 515.04998779296875 520.23748779296875 541.2562255859375 544.90625 556.4312744140625 564.1187744140625 573.0250244140625 587.3687744140625 605.26873779296875 614.35626220703125 596.51873779296875 578.29376220703125 562.79998779296875 553.90625 531.2437744140625 511.65625 491.943756103515625 478.75 471.681243896484375 472.73748779296875 467.462493896484375 456.76251220703125 446.73748779296875 436.01873779296875 425.337493896484375 415.51251220703125 403.86248779296875 395.125 386.88751220703125 375.125 362.493743896484375 355.42498779296875 342.10626220703125 330.662506103515625
395.975006103515625 399.068756103515625 405.40625 415.462493896484375 422.34375 442.618743896484375 459.625 468.274993896484375 476.649993896484375 494.399993896484375 516.17498779296875 527.9000244140625 527.28125 536.4437255859375 549.9375 563.51251220703125 579.7249755859375 598.1187744140625 615.9124755859375 632.38751220703125 632.72503662109375 603.39373779296875 574.82501220703125 534.76251220703125 525.7750244140625 514.04376220703125 494.631256103515625 480.668731689453125 466.5 460.8125 457.29376220703125 448.881256103515625 437.29376220703125 425.662506103515625 413.462493896484375 399.83123779296875 388.568756103515625 381.837493896484375 377.625 368.368743896484375 357.181243896484375 347.28125 340.131256103515625 323.899993896484375
387.35626220703125 389.32501220703125 396.962493896484375 407.149993896484375 416.649993896484375 431.256256103515625 451.40625 465.868743896484375 478.90625 489.787506103515625 509.662506103515625 529.13128662109375 522.79376220703125 530.20001220703125 548.6500244140625 558.96875 574.86248779296875 592.9749755859375 613.1624755859375 638.20001220703125 646.91876220703125 629.28125 596.9375 549.82501220703125 516.6187744140625 492.256256103515625 471.056243896484375 458.61248779296875 450.3125 443.32501220703125 432.88751220703125 423.756256103515625 413.056243896484375 402.14373779296875 395.01251220703125 387.475006103515625 380.131256103515625 371.60626220703125 364.42498779296875 356.3125 348.287506103515625 338.54998779296875 325.15625 299.45623779296875
380.225006103515625 379.993743896484375 386.962493896484375 397.5625 406.29376220703125 423.193756103515625 438.350006103515625 450.625 464.76873779296875 481.725006103515625 499.76251220703125 518.0999755859375 524.26873779296875 514.9437255859375 528.14373779296875 547.4625244140625 562.6624755859375 581.125 600.46875 625.09375 642.59375 624.7125244140625 595.7750244140625 548.82501220703125 489.89373779296875 458.375 452.25 443.212493896484375 437.431243896484375 431.46875 416.84375 400.5625 388.51873779296875 377.01251220703125 372.15625 370.381256103515625 366.899993896484375 364.024993896484375 360.29998779296875 351.381256103515625 339.8125 330.412506103515625 307.006256103515625 285.600006103515625
365.33123779296875 366.899993896484375 375.76873779296875 385.6875 396.625 410.08123779296875 422.79998779296875 435.76251220703125 452.33123779296875 467.63751220703125 476.212493896484375 491.29376220703125 501.0625 504.78125 500.20001220703125 523.9124755859375 538.5062255859375 553.2125244140625 576.04998779296875 601.2125244140625 613.0374755859375 602.2125244140625 580.98126220703125 543.4625244140625 495 459.98126220703125 442.85626220703125 427.21875 418.875 407.850006103515625 398.850006103515625 380.54998779296875 368.556243896484375 358.20001220703125 351.73748779296875 355.350006103515625 358.96875 361.28125 359.4375 346.26873779296875 322.037506103515625 302.287506103515625 292.26873779296875 286.287506103515625
351.600006103515625 356 366.118743896484375 375.45623779296875 385.024993896484375 398.26873779296875 414.20001220703125 429.131256103515625 441.11248779296875 449.91876220703125 456.14373779296875 468.193756103515625 474.01251220703125 476.850006103515625 464.25 482.85626220703125 500.26873779296875 521.25 542.8499755859375 564.0999755859375 578.375 577.125 568.3187255859375 549.59375 520 490.475006103515625 461.962493896484375 439.774993896484375 421.712493896484375 404.743743896484375 381.412506103515625 360.4375 353.412506103515625 337.649993896484375 324.524993896484375 325.14373779296875 343.962493896484375 355.443756103515625 350.78125 332.71875 307.6875 296.256256103515625 295.45623779296875 287.60626220703125
337.337493896484375 341.92498779296875 354.10626220703125 365.131256103515625 373.818756103515625 388.85626220703125 404.91876220703125 418.162506103515625 426.13751220703125 434.82501220703125 438.17498779296875 446.85626220703125 451.743743896484375 456.993743896484375 449.79998779296875 439.931243896484375 462.75 493.42498779296875 509.34375 529.3125 545.5999755859375 560.23748779296875 567.35626220703125 561.6875 538.5562744140625 507.899993896484375 475.16876220703125 445.36248779296875 423.125 405.76251220703125 386.399993896484375 361.39373779296875 337.40625 315.568756103515625 300.88751220703125 319.181243896484375 329.07501220703125 338.09375 337.48126220703125 327.32501220703125 308.79998779296875 297.274993896484375 290.618743896484375 276.85626220703125
325.212493896484375 331.225006103515625 341.212493896484375 353.975006103515625 366.58123779296875 378.225006103515625 391.14373779296875 402.29998779296875 412.1875 419.33123779296875 424.181243896484375 434.67498779296875 438.037506103515625 440.40625 438.506256103515625 434.54998779296875 426.66876220703125 452.66876220703125 476.28125 497.806243896484375 517.3125 536.0062255859375 557.51251220703125 566.875 557.2437744140625 512.4437255859375 473.83123779296875 444.70001220703125 421.5 402.493743896484375 384.11248779296875 364.443756103515625 342.625 323.518768310546875 325.087493896484375 326.837493896484375 335.618743896484375 343.54998779296875 348.11248779296875 329 308.068756103515625 293.118743896484375 278.462493896484375 268.850006103515625
310.431243896484375 319.475006103515625 331.88751220703125 344.10626220703125 357.29998779296875 372.756256103515625 383.61248779296875 392.649993896484375 399.38751220703125 406.82501220703125 411.381256103515625 424.11248779296875 422.368743896484375 426.443756103515625 425.337493896484375 424.125 417.868743896484375 411.681243896484375 449.631256103515625 467.54376220703125 486.725006103515625 510.375 535.2562255859375 547.73748779296875 544.0250244140625 508.743743896484375 463.431243896484375 439.274993896484375 418.01873779296875 392.568756103515625 361.337493896484375 335.756256103515625 341.76251220703125 338.875 333.66876220703125 347.912506103515625 354.912506103515625 349.568756103515625 343.82501220703125 327.54376220703125 298.881256103515625 283.09375 269.48748779296875 261.256256103515625
295.774993896484375 306.3125 318.774993896484375 334.649993896484375 350.40625 363.51251220703125 376.01251220703125 387.193756103515625 393.337493896484375 401.79998779296875 403.11248779296875 402.649993896484375 402.681243896484375 406.818756103515625 406.54998779296875 409.60626220703125 410.475006103515625 399.587493896484375 407.600006103515625 427.88751220703125 451.11248779296875 483.681243896484375 484.54998779296875 502.193756103515625 502.024993896484375 491.10626220703125 462.256256103515625 429.45001220703125 408.51251220703125 382.65625 356.412506103515625 340.600006103515625 343.131256103515625 340.21875 339.5625 347.0625 343.462493896484375 333.9375 329.16876220703125 309.875 285.76251220703125 269.431243896484375 260.4375 255.931243896484375
279.868743896484375 291.962493896484375 306.41876220703125 320.36248779296875 337.78125 357.20001220703125 372.10626220703125 383.16876220703125 388.84375 392.149993896484375 396.58123779296875 402.024993896484375 406.756256103515625 403.181243896484375 398.86248779296875 386.48748779296875 377.45001220703125 388.29998779296875 393.66876220703125 407.774993896484375 417.10626220703125 440.193756103515625 468.631256103515625 472.59375 465.368743896484375 447.993743896484375 429.92498779296875 414.76873779296875 387.8125 359.51873779296875 342.537506103515625 344.662506103515625 340.993743896484375 334.993743896484375 337.818756103515625 339.42498779296875 333.89373779296875 324.493743896484375 312.04376220703125 295.89373779296875 271.23748779296875 256.09375 252.2375030517578125 248.7937469482421875
