data/historical-monthly-weather-data/wc2.1_cruts4.09_10m_prec_2010-09.asc
ncols        45
nrows        45
xllcorner    -63.500000000000
yllcorner    -7.500000000000
cellsize     0.166666666667
NODATA_value -9999
[rows 0 to 18 of 45, columns 0 to 43 of 45]
102.72499847412109375 100.75 102.3562469482421875 106.2687530517578125 108.78749847412109375 110.9562530517578125 110.2937469482421875 108.36875152587890625 107.91249847412109375 107.8562469482421875 109.25 111.59999847412109375 113.93125152587890625 114.8625030517578125 116.53125 117.3625030517578125 119.27500152587890625 118.7375030517578125 119.125 118.28125 116.875 113.44374847412109375 110.9375 108.0187530517578125 104.6125030517578125 102.9187469482421875 101.8937530517578125 100.81874847412109375 98.28125 95.4375 91.6875 89.09999847412109375 88.59375 86.66249847412109375 85.5749969482421875 85.4562530517578125 86.4812469482421875 87.3125 87.47499847412109375 87.8562469482421875 88.5 89.03749847412109375 88.625 88.6062469482421875
94.84375 92.59375 95.6437530517578125 100.90000152587890625 106.6875 106.21875 104.21875 104.15000152587890625 103.78749847412109375 103.44374847412109375 104.2937469482421875 105.8312530517578125 107.5625 107.71875 109.21875 111.13124847412109375 112.1687469482421875 112.91249847412109375 113.6062469482421875 113.7312469482421875 111.5 109.6999969482421875 106.9812469482421875 104.71250152587890625 100.68125152587890625 98.53125 98.30625152587890625 97.7937469482421875 94.91249847412109375 91.9562530517578125 88.625 86.75624847412109375 85.69374847412109375 85.3249969482421875 84.81874847412109375 84.9499969482421875 86.0500030517578125 87.40625 87.47499847412109375 87.8625030517578125 88.6999969482421875 89.4187469482421875 89.8312530517578125 89.03125
86.24375152587890625 85.6999969482421875 88.8249969482421875 94.19374847412109375 99.25 100.0625 98.71875 98.03749847412109375 98.08750152587890625 97.97499847412109375 98.50624847412109375 99.6125030517578125 101.00624847412109375 100.90625 101.9499969482421875 104.2375030517578125 105.1875 105.8125 106.18125152587890625 106.28125 104.08750152587890625 101.68125152587890625 99.56874847412109375 97.7062530517578125 94.38124847412109375 91.84375 93.1062469482421875 92.40625 90.34375 87.44374847412109375 84.02500152587890625 82.1999969482421875 82.5187530517578125 82.3625030517578125 82.25 82.2937469482421875 83.4562530517578125 85.1999969482421875 85.96250152587890625 87.05625152587890625 88.4250030517578125 88.75624847412109375 89.6875 89.4499969482421875
76.7624969482421875 77.1125030517578125 82.5437469482421875 86.53125 90.5625 91.52500152587890625 91.46875 92.3312530517578125 92.8937530517578125 93.08750152587890625 92.8249969482421875 93.5749969482421875 93.41249847412109375 93.80625152587890625 95.0812530517578125 97.08750152587890625 98.6374969482421875 98.9375 99.83750152587890625 100.15625 97.7312469482421875 94.08750152587890625 91.02500152587890625 89.4250030517578125 86.3312530517578125 84.6062469482421875 85.4499969482421875 84.34375 83.5812530517578125 81.66249847412109375 79.43125152587890625 77.25 77.08750152587890625 77.19374847412109375 76.9562530517578125 78.94374847412109375 81.0812530517578125 82.9250030517578125 84.52500152587890625 85.47499847412109375 86.55625152587890625 86.9499969482421875 87.71250152587890625 88.1374969482421875
75.75624847412109375 74.2062530517578125 75.09375 78.4187469482421875 83.4562530517578125 84.8625030517578125 84.90625 85.9499969482421875 87.3249969482421875 87.5187530517578125 87.02500152587890625 86.53749847412109375 86.86249542236328125 88.06874847412109375 89.61875152587890625 91.44374847412109375 92.6999969482421875 92.4499969482421875 92.625 91.8937530517578125 90.2375030517578125 85.5500030517578125 82.86875152587890625 81.43125152587890625 78.8874969482421875 77.3937530517578125 77.27500152587890625 77.54999542236328125 77.21250152587890625 75.21875 73.6750030517578125 71.4375 71.1125030517578125 71.80625152587890625 72.58750152587890625 74.21875 76.46875 79.30625152587890625 81.58750152587890625 83.10625457763671875 84.40625 84.53125 84.72499847412109375 85.8000030517578125
75.7624969482421875 74.18125152587890625 73.75624847412109375 73.15000152587890625 78.0437469482421875 82.1062469482421875 83.27500152587890625 83.6062469482421875 84.65000152587890625 85.4812469482421875 84.5749969482421875 83.91249847412109375 84.3249969482421875 85.58750152587890625 86.4499969482421875 88.36875152587890625 89.25624847412109375 87.72499847412109375 86.65625 85.6062469482421875 82.7312469482421875 79.0187530517578125 76.24375152587890625 74.3937530517578125 72.91249847412109375 71.34999847412109375 71.27500152587890625 72.0500030517578125 71.66249847412109375 69.625 68.125 67.84375 67.4250030517578125 67.56874847412109375 67.7937469482421875 70.1374969482421875 72.3562469482421875 75.7312469482421875 78.7624969482421875 80.46250152587890625 79.81874847412109375 80.05625152587890625 80.40625 81.99375152587890625
77.0749969482421875 76.08750152587890625 75.53125 74.8562469482421875 76.96250152587890625 78.2624969482421875 80.15625 81.375 81.50624847412109375 81.1999969482421875 81.0812530517578125 81.28749847412109375 82.22499847412109375 83.11875152587890625 84.0187530517578125 85.47499847412109375 86.18125152587890625 84.3562469482421875 81.6875 78.91249847412109375 75.68125152587890625 72.4562530517578125 69.15625 67.5812530517578125 66.81874847412109375 65.99375152587890625 66.21875 66.94374847412109375 66.3249969482421875 64.2937469482421875 63.174999237060546875 62.31874847412109375 62.299999237060546875 62.737499237060546875 63.112499237060546875 64.53125 66.8000030517578125 70.83750152587890625 75.3312530517578125 75.6750030517578125 74.8874969482421875 74.44374847412109375 74.9187469482421875 76.9499969482421875
78.81874847412109375 78.08750152587890625 77.6687469482421875 78.5 80.46875 81.71250152587890625 80.84999847412109375 78.28125 76.53125 76.56874847412109375 77.6750030517578125 78.7312469482421875 80.0625 80.875 82.0625 82.19374847412109375 82.3125 80.0749969482421875 76.68125152587890625 71.8874969482421875 69.1374969482421875 66.03125 63.125 61.518749237060546875 60.78125 60.268749237060546875 60.375 60.6875 60.78125 59.09999847412109375 58.15625 57.28749847412109375 57.11875152587890625 57.668750762939453125 57.393749237060546875 58.44374847412109375 60.268749237060546875 63.137500762939453125 65.81874847412109375 66.78125 66.3562469482421875 65.9875030517578125 66.69374847412109375 68.11875152587890625
81.7624969482421875 81.66249847412109375 81.86875152587890625 82.5812530517578125 84.21250152587890625 84.47499847412109375 83.6125030517578125 81.0749969482421875 77.93125152587890625 75.74375152587890625 76.71875 77.9812469482421875 80.3312530517578125 80.8625030517578125 80.61875152587890625 79.5124969482421875 78.31874847412109375 75.7687530517578125 72.84375 68.03749847412109375 64.59375 62.081249237060546875 58.50624847412109375 57.78125 56.643749237060546875 55.65000152587890625 55.799999237060546875 56.53125 57.200000762939453125 55.606250762939453125 55.15000152587890625 53.18125152587890625 51.825000762939453125 50.893749237060546875 50.543750762939453125 52.043750762939453125 53.71875 55.3125 56.668750762939453125 57.41249847412109375 57.19374847412109375 56.831249237060546875 57.59375 58.918750762939453125
83.99375152587890625 84.41249847412109375 84.90625 85.6374969482421875 87.59999847412109375 87.9875030517578125 87.08750152587890625 84.3125 81.6999969482421875 79.84999847412109375 79.1750030517578125 79.3000030517578125 80.9187469482421875 81.90000152587890625 79.36875152587890625 77.0625 73.8000030517578125 70.96875 68.08750152587890625 64.5187530517578125 61.43125152587890625 58.13124847412109375 54.53125 53.40000152587890625 51.78749847412109375 50.893749237060546875 51.331249237060546875 52.112499237060546875 52.83750152587890625 52.03749847412109375 50.518749237060546875 48.46875 46.75 45.887500762939453125 45.25624847412109375 46.03125 47.30625152587890625 48.19374847412109375 48.512500762939453125 48.887500762939453125 48.700000762939453125 48.737499237060546875 48.03749847412109375 48.84375
87.5 88.03749847412109375 88.5749969482421875 89.1125030517578125 90.65625 91.83750152587890625 91.1750030517578125 87.34375 84.18125152587890625 82.40000152587890625 81.80625152587890625 82.11875152587890625 82.1062469482421875 81.65000152587890625 77.375 73.1437530517578125 68.43125152587890625 65.55625152587890625 62.86875152587890625 60.206249237060546875 58.52500152587890625 55.49375152587890625 51.737499237060546875 48.41249847412109375 47.487499237060546875 48.018749237060546875 48.5625 48.700000762939453125 48.674999237060546875 47.72499847412109375 46.456249237060546875 44.481250762939453125 42.69374847412109375 41.24375152587890625 40.27500152587890625 40.47499847412109375 41.075000762939453125 41.40000152587890625 41.91249847412109375 41.53125 40.737499237060546875 40.38124847412109375 40.606250762939453125 40.30625152587890625
90.30625152587890625 90.7624969482421875 91.31874847412109375 92.4875030517578125 93.8937530517578125 94.86875152587890625 94.9187469482421875 91.4187469482421875 87.53749847412109375 84.93125152587890625 84.10625457763671875 83.47499847412109375 80.81874847412109375 78.1125030517578125 74.47499847412109375 69.6875 65.2062530517578125 61.831249237060546875 59.36875152587890625 57.90625 57.25 54.356250762939453125 50.28749847412109375 46.47499847412109375 44.918750762939453125 44.600002288818359375 44.768749237060546875 44.893749237060546875 44.46875 43.59375 42.22499847412109375 40.4375 38.674999237060546875 37.50624847412109375 36.91249847412109375 36.831249237060546875 36.924999237060546875 36.97499847412109375 36.28749847412109375 35.15000152587890625 33.96875 33.31874847412109375 33.456249237060546875 33.02500152587890625
92.5500030517578125 92.7937469482421875 93.00624847412109375 93.34375 94.0749969482421875 94.8000030517578125 94.1687469482421875 91.34999847412109375 88.9250030517578125 86.94374847412109375 85.2687530517578125 83.3249969482421875 79.72499847412109375 73.9875030517578125 69.25 65.3874969482421875 61.16249847412109375 58.28125 56.18125152587890625 54.706249237060546875 54.512500762939453125 52.387500762939453125 48.524997711181640625 45.149997711181640625 42.200000762939453125 41.25 41.6875 41.94374847412109375 41.674999237060546875 40.418750762939453125 38.52500152587890625 36.65625 35.125 33.581249237060546875 32.793750762939453125 33.0625 33.793750762939453125 34.143749237060546875 33.831249237060546875 31.412500381469726562 28.975000381469726562 28.737499237060546875 28.362499237060546875 25.668750762939453125
93.8562469482421875 93.6437530517578125 93.02500152587890625 92.8937530517578125 93.46875 93.1125030517578125 92.06874847412109375 90.6125030517578125 88.6374969482421875 87.33750152587890625 84.9562530517578125 80.36875152587890625 75.6125030517578125 69.68125152587890625 63.737499237060546875 60.424999237060546875 56.71250152587890625 53.91249847412109375 51.59375 50.28749847412109375 49.96875 48.03125 45.4375 43.643749237060546875 41.356250762939453125 39.78125 39.625 39.3125 38.56874847412109375 37.299999237060546875 36.02500152587890625 33.90625 32.043750762939453125 30.412500381469726562 29.71875 30.631250381469726562 32.075000762939453125 33.674999237060546875 33.875 32.15625 27.549999237060546875 25.03125 24.649999618530273438 24.112499237060546875
93.27500152587890625 92.38124847412109375 91.4812469482421875 91.2687530517578125 91.72499847412109375 89.9812469482421875 89.6374969482421875 88.08750152587890625 86.11875152587890625 85.2687530517578125 82.19374847412109375 76.90625 71.28749847412109375 65.28125 59.09375 55.075000762939453125 52.0625 50.018749237060546875 47.637500762939453125 46.487499237060546875 46.362499237060546875 45.375 43.94374847412109375 43.299999237060546875 42.50624847412109375 41.200000762939453125 40.25 38.75624847412109375 37.21875 35.90625 33.61875152587890625 31.53125 29.962499618530273438 28.237499237060546875 26.8125 28.512498855590820312 31.868749618530273438 35.88124847412109375 38.043750762939453125 36.21250152587890625 32.518749237060546875 29.09375 27.631250381469726562 26.018749237060546875
91.5 90.27500152587890625 89.78125 89.3125 88.75 88.0437469482421875 87.08750152587890625 85.44374847412109375 83.9875030517578125 83.0437469482421875 79.7312469482421875 73.50624847412109375 67.2312469482421875 61.27500152587890625 55.53125 50.424999237060546875 47.543750762939453125 46.30625152587890625 44.28125 43.43125152587890625 43.15625 43.231250762939453125 43.31874847412109375 43.96250152587890625 43.77500152587890625 42.21250152587890625 40.456249237060546875 38.77500152587890625 37.075000762939453125 35.143749237060546875 33.53749847412109375 30.9375 28.700000762939453125 27.181249618530273438 25.318750381469726562 28.274999618530273438 33.356250762939453125 37.956249237060546875 42.174999237060546875 41.99375152587890625 39.96875 35.0625 30.693750381469726562 27.181249618530273438
88.4250030517578125 87.58750152587890625 87.5187530517578125 87.21250152587890625 86.4499969482421875 85.9187469482421875 84.9250030517578125 83.75624847412109375 82.13124847412109375 80.4187469482421875 77.53125 70.8937530517578125 63.75 57.43125152587890625 52.893749237060546875 48.424999237060546875 44.00624847412109375 42.512500762939453125 41.49375152587890625 40.61875152587890625 40.362499237060546875 40.94374847412109375 42.34375 44.450000762939453125 45.125 42.71250152587890625 40.643749237060546875 38.8125 37.09375 35.41249847412109375 34.393749237060546875 33.137500762939453125 30.462499618530273438 28.393749237060546875 28.693750381469726562 31.149999618530273438 35.49375152587890625 42.71875 50.28749847412109375 47.918750762939453125 43.27500152587890625 37.456249237060546875 31.625 28.206249237060546875
84.7062530517578125 84.2937469482421875 83.59375 83.31874847412109375 83.3000030517578125 82.80625152587890625 81.4187469482421875 79.84375 78.77500152587890625 76.74375152587890625 73.8937530517578125 67.71250152587890625 60.93125152587890625 54.950000762939453125 50.55625152587890625 46.700000762939453125 42.706249237060546875 39.33750152587890625 39.018749237060546875 38.012500762939453125 38.06874847412109375 38.375 40.012500762939453125 42.737499237060546875 44.09999847412109375 42.268749237060546875 40.837497711181640625 39.15000152587890625 37.174999237060546875 35.106250762939453125 33.81874847412109375 32.66249847412109375 33.38124847412109375 34.00624847412109375 33 33.293750762939453125 38.606250762939453125 45.03749847412109375 49.068752288818359375 47.75624847412109375 41.8125 36.200000762939453125 31.325000762939453125 29.018749237060546875
80.74375152587890625 80.1875 79.4499969482421875 79.59375 79.41249847412109375 78.99375152587890625 77.61875152587890625 76.7624969482421875 75.5437469482421875 73.71250152587890625 70.91249847412109375 64.81874847412109375 58.28125 52.856250762939453125 48.362499237060546875 45.1875 41.86875152587890625 38.268749237060546875 36.450000762939453125 35.543750762939453125 36.30625152587890625 38.549999237060546875 37.125 39.46875 41.450000762939453125 41.981250762939453125 41.424999237060546875 39.68125152587890625 38.63124847412109375 36.25624847412109375 34.375 35.71250152587890625 39.231250762939453125 39.91249847412109375 39.549999237060546875 39.9375 42.043750762939453125 44.299999237060546875 45.50624847412109375 43.40625 38.75 34.325000762939453125 30.731250762939453125 29.03125
