data/historical-monthly-weather-data/wc2.1_cruts4.09_10m_prec_2021-11.asc
ncols        51
nrows        45
xllcorner    -63.500000000000
yllcorner    -7.500000000000
cellsize     0.166666666667
NODATA_value -9999
[rows 0 to 19 of 45, columns 0 to 43 of 51]
233.5749969482421875 229.443756103515625 220.693756103515625 216.774993896484375 212.306243896484375 208.4375 203.037506103515625 197.8249969482421875 193.96875 189.225006103515625 184.587493896484375 178.787506103515625 173.381256103515625 165.5 159.318756103515625 152.7312469482421875 146.6125030517578125 139.28125 132.524993896484375 126.875 122.55625152587890625 118.46250152587890625 115.1437530517578125 111.4812469482421875 108.58750152587890625 106.3125 105.52500152587890625 104.91249847412109375 103.97499847412109375 103.2624969482421875 102.9812469482421875 103.40000152587890625 103.1750030517578125 103.59375 103.84375 105.19374847412109375 106.9562530517578125 108.24375152587890625 108.88124847412109375 109.5500030517578125 109.28749847412109375 109.4499969482421875 108.31874847412109375 107.2062530517578125
240.2624969482421875 235.4250030517578125 230.6875 228.9250030517578125 228.524993896484375 225.4250030517578125 220.243743896484375 217.693756103515625 214.3312530517578125 209.350006103515625 204.3562469482421875 196.899993896484375 189.056243896484375 181.006256103515625 172.5812530517578125 165.725006103515625 157.649993896484375 150.068756103515625 142.4875030517578125 136.2375030517578125 131.4499969482421875 127.0749969482421875 123.71250152587890625 120.8625030517578125 116.84375 113.90000152587890625 112.6750030517578125 111.05625152587890625 109.61875152587890625 108.4499969482421875 107.91249847412109375 108.02500152587890625 106.5124969482421875 107.08750152587890625 107.34999847412109375 108.81874847412109375 110.8312530517578125 112.4562530517578125 113.0437469482421875 113.84375 114.3312530517578125 114.05625152587890625 113.44374847412109375 111.2687530517578125
240.475006103515625 236.8125 233.600006103515625 232.350006103515625 234.0124969482421875 232.9875030517578125 233.6062469482421875 233.59375 233.0187530517578125 229.443756103515625 223.524993896484375 214.600006103515625 205.837493896484375 196.375 186.4875030517578125 177.4499969482421875 169.149993896484375 161.8249969482421875 153.84375 147.5124969482421875 142.7687530517578125 138.306243896484375 134.75 131.6750030517578125 127.61875152587890625 123.79375457763671875 121.4875030517578125 119.2312469482421875 116.4187469482421875 114.0500030517578125 113.3874969482421875 112.46875 112.1374969482421875 111.8562469482421875 112.21250152587890625 113.4812469482421875 115.5812530517578125 118.66249847412109375 119.91249847412109375 121.4812469482421875 122.24375152587890625 121.4875030517578125 120.66249847412109375 119.0500030517578125
234.25 230.7062530517578125 231.993743896484375 232.131256103515625 235.9187469482421875 238.318756103515625 241.818756103515625 247.212493896484375 250.9499969482421875 250.2750091552734375 243.868743896484375 232.756256103515625 222.193756103515625 211.318756103515625 200.34375 190.287506103515625 181.5187530517578125 173.5625 166.28125 160.9499969482421875 156.350006103515625 151.475006103515625 146.65625 142.506256103515625 138.087493896484375 133.9562530517578125 130.65625 126.1374969482421875 122.8125 120.375 118.63124847412109375 117.5124969482421875 115.9375 115.36875152587890625 115.34999847412109375 118.43125152587890625 121.7624969482421875 125.05625152587890625 127.30625152587890625 129.287506103515625 129.5437469482421875 129.725006103515625 128.0124969482421875 126.125
233.9187469482421875 227.40625 222.9562530517578125 226.912506103515625 235.149993896484375 241.287506103515625 248.225006103515625 258.11248779296875 266.993743896484375 270.96875 261.625 246.5500030517578125 234.75 224.3562469482421875 212.868743896484375 202.806243896484375 193.1062469482421875 186.212493896484375 179.225006103515625 172.8249969482421875 169.475006103515625 164.34375 159.306243896484375 155.212493896484375 148.756256103515625 143.46875 137.1875 132.875 129.2687530517578125 125.0812530517578125 122.5 120.8125 119.3874969482421875 118.9499969482421875 119.21875 122.8625030517578125 127.15625 131.6125030517578125 135.28125 136.5500030517578125 137.7062530517578125 136.868743896484375 135.493743896484375 133.78125
228.975006103515625 223.850006103515625 220.59375 218.5749969482421875 229.193756103515625 240.537506103515625 249.9250030517578125 259.212493896484375 268.024993896484375 274.23748779296875 264.306243896484375 249.899993896484375 239.7062530517578125 230.1125030517578125 219.1750030517578125 209.25 201.03125 195.5500030517578125 190.9375 184.9812469482421875 180.662506103515625 176 170.5437469482421875 164.125 157.8874969482421875 151.0124969482421875 144.149993896484375 138.3249969482421875 133.618743896484375 128.743743896484375 124.7312469482421875 123.9562530517578125 122.38124847412109375 122.43125152587890625 122.75624847412109375 127.6750030517578125 133.0437469482421875 138.7937469482421875 144.100006103515625 146.649993896484375 145.59375 144.9499969482421875 143.475006103515625 142.1875
225.818756103515625 223.787506103515625 221.9562530517578125 220.943756103515625 227.3249969482421875 235.0625 244.1687469482421875 252.256256103515625 255.943756103515625 255.4499969482421875 253.7624969482421875 246.03125 239.8000030517578125 232.5625 224.3937530517578125 216.524993896484375 209.3625030517578125 205.1687469482421875 200.71875 198.287506103515625 193.6125030517578125 188.056243896484375 182.0625 174.149993896484375 166.537506103515625 159.5 151.024993896484375 143.431243896484375 136.1125030517578125 130.931243896484375 127.27500152587890625 125.40000152587890625 124.58750152587890625 125.11875152587890625 126.47499847412109375 131.412506103515625 137.1062469482421875 144.212493896484375 152.7249908447265625 155.2937469482421875 153.53125 152.306243896484375 150.8937530517578125 149.350006103515625
225.1999969482421875 223.431243896484375 224.287506103515625 228.087493896484375 234.7375030517578125 238.9812469482421875 240.40625 239 235.0812530517578125 235.0812530517578125 240.725006103515625 240.3125 237.8874969482421875 233.5500030517578125 228.100006103515625 223.087493896484375 217.3625030517578125 214.3625030517578125 212.162506103515625 210.037506103515625 207.1750030517578125 201.8312530517578125 194.024993896484375 184.875 177.037506103515625 166.5437469482421875 156.28125 146.7375030517578125 138.9375 132.3249969482421875 128 126.6999969482421875 126.3562469482421875 126.83750152587890625 128.524993896484375 133.350006103515625 140.024993896484375 146.53125 152.943756103515625 156.1437530517578125 156.1125030517578125 155.399993896484375 154.1125030517578125 152.368743896484375
225.75 226.3562469482421875 230.1125030517578125 235.1750030517578125 241.225006103515625 243.84375 243.600006103515625 239.600006103515625 227.774993896484375 222.443756103515625 230.59375 233.3312530517578125 233.7937469482421875 231.5625 229.71875 227.287506103515625 224.381256103515625 223.537506103515625 225.1687469482421875 223.6875 218.0187530517578125 212.556243896484375 203.506256103515625 195.4499969482421875 185.1999969482421875 173 160.6750030517578125 150.59375 141.875 133.350006103515625 129.193756103515625 128.5500030517578125 127.34999847412109375 127.13124847412109375 128.100006103515625 133.3625030517578125 139.4562530517578125 145.274993896484375 150.818756103515625 155.3312530517578125 156.524993896484375 155.6374969482421875 155.318756103515625 154.087493896484375
227.225006103515625 228.399993896484375 233.5 240.0812530517578125 247.337493896484375 250.975006103515625 249.649993896484375 244.3937530517578125 235.600006103515625 231.3562469482421875 232.725006103515625 231.0625 231.649993896484375 229.993743896484375 230.40625 231.306243896484375 231.59375 233.912506103515625 236.743743896484375 238.6312408447265625 232.993743896484375 225.556243896484375 214.65625 204.587493896484375 191.7375030517578125 179.0500030517578125 166.90625 154.962493896484375 144.725006103515625 134.6437530517578125 129.96875 128.8874969482421875 127.7312469482421875 127.6687469482421875 128.5500030517578125 133.556243896484375 139.53125 144.1062469482421875 149.71875 154.5500030517578125 157.3312530517578125 157.15625 156.024993896484375 153.8249969482421875
229.2375030517578125 231.712493896484375 237.1374969482421875 244.4562530517578125 252.2624969482421875 258.6875 258.75 252.412506103515625 243.850006103515625 238.40625 237.5500030517578125 234.09375 231.6374969482421875 229.4250030517578125 231.0187530517578125 233.712493896484375 237.225006103515625 242.149993896484375 247.725006103515625 253.212493896484375 252.693756103515625 243.100006103515625 228.34375 211.5 198.9250030517578125 187.5124969482421875 174.8249969482421875 162.4375 150.118743896484375 139.1125030517578125 133.725006103515625 131.5500030517578125 130.4375 129.75 129.524993896484375 133.287506103515625 137.9375 142.462493896484375 149.53125 154.9812469482421875 158.024993896484375 158.375 157.712493896484375 155.899993896484375
231.306243896484375 234.475006103515625 240.3000030517578125 249.1125030517578125 257.48748779296875 263.98748779296875 265.743743896484375 259.14373779296875 250.1999969482421875 243.7624969482421875 240.1687469482421875 237.087493896484375 232.2687530517578125 229.9562530517578125 232.037506103515625 235.274993896484375 239.993743896484375 245.9499969482421875 254.337493896484375 264.4375 267.96875 258.787506103515625 241.3125 221.0187530517578125 205.306243896484375 192.5625 179.412506103515625 167.462493896484375 157.1062469482421875 146.1437530517578125 138.681243896484375 134.287506103515625 131.6999969482421875 129.9812469482421875 129.681243896484375 133.193756103515625 137.193756103515625 141.962493896484375 148.443756103515625 154.4250030517578125 158.7937469482421875 159.0749969482421875 158.5 156.96875
232.9250030517578125 237.4875030517578125 243.868743896484375 251.4187469482421875 258.61248779296875 263.881256103515625 264.45001220703125 260.243743896484375 252.1624908447265625 246.1374969482421875 241.3000030517578125 239.0500030517578125 235.131256103515625 229.0625 229.9562530517578125 233.712493896484375 239.256256103515625 248.368743896484375 258.556243896484375 269.649993896484375 276.399993896484375 268.368743896484375 249.806243896484375 230.5625 211.631256103515625 196.4562530517578125 185.4875030517578125 173.837493896484375 163.850006103515625 152.962493896484375 144.274993896484375 137.9375 133.118743896484375 130.037506103515625 129.0749969482421875 132.2375030517578125 136.20001220703125 140.6875 148.0437469482421875 153.256256103515625 158.84375 160.193756103515625 157.787506103515625 149.787506103515625
233.931243896484375 237.774993896484375 244.131256103515625 251.068756103515625 257.92498779296875 260.58123779296875 261.056243896484375 258.98126220703125 253.2312469482421875 246.587493896484375 241.056243896484375 236.5437469482421875 233.118743896484375 228.21875 225.006256103515625 228.568756103515625 235.193756103515625 244.6062469482421875 255.0124969482421875 265.01251220703125 269.73748779296875 264.26251220703125 251.068756103515625 234.3249969482421875 218.1062469482421875 204.1062469482421875 193.9499969482421875 182.6750030517578125 171.618743896484375 159.53125 149.962493896484375 141.8874969482421875 135.1062469482421875 130.256256103515625 129.037506103515625 132.5437469482421875 136.4375 142.3937530517578125 148.6437530517578125 155.34375 159.1999969482421875 155.8249969482421875 151.306243896484375 148.912506103515625
232.7062530517578125 236.6374969482421875 242.931243896484375 249.6125030517578125 255.7062530517578125 257.537506103515625 258.625 257.26251220703125 251.912506103515625 245.756256103515625 239.9562530517578125 235.274993896484375 230.5 224.943756103515625 218.3249969482421875 220.399993896484375 227.806243896484375 237.8249969482421875 248.524993896484375 257.98748779296875 261.48126220703125 258.40625 250.0437469482421875 238.2312469482421875 226.84375 215.506256103515625 204.46875 192.46875 180.556243896484375 166.4812469482421875 154.806243896484375 144.787506103515625 137.399993896484375 131.7312469482421875 128.9187469482421875 132.34375 138.318756103515625 146.4187469482421875 153.537506103515625 156.9875030517578125 156.3312530517578125 154.712493896484375 154.1875 153.6687469482421875
229.962493896484375 233.8937530517578125 240.8249969482421875 247.1875 253.125 255.2937469482421875 255.21875 254.03125 250.8874969482421875 246.962493896484375 240.96875 235.71875 230.399993896484375 222.8249969482421875 214.475006103515625 210.8312530517578125 220.8312530517578125 233.399993896484375 243.8249969482421875 252.6750030517578125 257.15625 256.40625 250.75 242.4812469482421875 234.556243896484375 227.4812469482421875 217.8000030517578125 204.9749908447265625 189.993743896484375 173.162506103515625 159.524993896484375 148.4250030517578125 139.59375 133.84375 129.162506103515625 134.568756103515625 142.7624969482421875 147.96875 153.4187469482421875 155.806243896484375 157.587493896484375 157.9499969482421875 157.34375 153.0437469482421875
226.631256103515625 231.8125 237.9375 244.1999969482421875 250.5812530517578125 252.443756103515625 253.4187469482421875 252.287506103515625 250.568756103515625 247.3625030517578125 243.056243896484375 238.2937469482421875 232.306243896484375 224.9499969482421875 217.40625 214.1374969482421875 217.975006103515625 228.65625 240.3874969482421875 250.212493896484375 255.274993896484375 255.8937530517578125 252.3125 245.4875030517578125 240.818756103515625 238.837493896484375 232.8562469482421875 216.962493896484375 197.443756103515625 178.868743896484375 164.4875030517578125 154.5187530517578125 144.2624969482421875 137.09375 136.5625 145 150.412506103515625 157.0749969482421875 162.625 162.5625 164.25 164.212493896484375 159.625 156.850006103515625
221.5999908447265625 226.912506103515625 233.774993896484375 240.5749969482421875 246.431243896484375 250.287506103515625 252.4187469482421875 252.193756103515625 251.993743896484375 250.0749969482421875 246.8874969482421875 242.5 235.368743896484375 229.375 224.3562469482421875 221.274993896484375 222.1437530517578125 225.4187469482421875 238.493743896484375 248.90625 256.368743896484375 256.20623779296875 253.2375030517578125 249.4375 247.743743896484375 247.3562469482421875 246.46875 226.837493896484375 202.3562469482421875 179.662506103515625 163.7375030517578125 153.556243896484375 148.943756103515625 148.6374969482421875 149.8625030517578125 152.1062469482421875 158.9250030517578125 165.7062530517578125 166.943756103515625 170.818756103515625 171.100006103515625 169.193756103515625 165.337493896484375 162.006256103515625
215.743743896484375 222.1875 229.118743896484375 236.225006103515625 243.0500030517578125 247.524993896484375 250.193756103515625 252.1374969482421875 254.3562469482421875 255.3625030517578125 252.993743896484375 248.193756103515625 241.3499908447265625 235.9187469482421875 230.28125 227.6750030517578125 227.7062530517578125 228.0437469482421875 235.7624969482421875 246.3937530517578125 257.556243896484375 262.70623779296875 254 251.90625 251.9250030517578125 251.368743896484375 246.100006103515625 228.756256103515625 206.037506103515625 181.225006103515625 162.412506103515625 156.506256103515625 159.649993896484375 159.59375 158.5124969482421875 163.850006103515625 169.100006103515625 173.962493896484375 176.9187469482421875 178.9375 178.743743896484375 178.5187530517578125 172.84375 168.0500030517578125
209.2624969482421875 216.3874969482421875 223.149993896484375 230.7312469482421875 238.0124969482421875 244.087493896484375 248.693756103515625 252.2062530517578125 257.225006103515625 261.13751220703125 262.09375 258.337493896484375 251.9562530517578125 244.65625 238.90625 234.1687469482421875 229.7375030517578125 232.8125 238.21875 246.6875 253.806243896484375 255.2624969482421875 255.068756103515625 253.756256103515625 252.243743896484375 247.8000030517578125 239.0749969482421875 227.4499969482421875 207.59375 184.162506103515625 168.3937530517578125 167.2312469482421875 168.681243896484375 170.7437591552734375 171.875 175.9187469482421875 181.306243896484375 186.6062469482421875 187.78125 187.6999969482421875 186.84375 185.181243896484375 179.743743896484375 175.28125
