data/historical-monthly-weather-data/wc2.1_cruts4.09_10m_prec_1986-12.asc
ncols        45
nrows        45
xllcorner    -63.500000000000
yllcorner    -7.500000000000
cellsize     0.166666666667
NODATA_value -9999
[rows 20 to 39 of 45, columns 0 to 43 of 45]
173.4875030517578125 177.037506103515625 181.931243896484375 188.068756103515625 195.1750030517578125 203.350006103515625 211.2312469482421875 218.7375030517578125 225.662506103515625 230.774993896484375 233.881256103515625 235.71875 236.712493896484375 235.787506103515625 232.65625 227.850006103515625 223.162506103515625 220.4812469482421875 220.4812469482421875 221.2375030517578125 227.725006103515625 234.662506103515625 241.0187530517578125 244.524993896484375 248.9562530517578125 251.6750030517578125 247.8937530517578125 237.681243896484375 223.9499969482421875 210.225006103515625 199.8625030517578125 196.09375 195.306243896484375 196.5500030517578125 198.375 200.381256103515625 204.712493896484375 209.412506103515625 211.0437469482421875 207.7624969482421875 200.1875 191.0812530517578125 184.375 178.5187530517578125
170.7312469482421875 173.8874969482421875 180.125 188.4187469482421875 196.8937530517578125 205.59375 214.625 223.243743896484375 230.0124969482421875 234.868743896484375 237.0500030517578125 237.8937530517578125 237.9875030517578125 236.21875 233.5437469482421875 229.5124969482421875 225.625 223.4250030517578125 222.475006103515625 222.462493896484375 226.118743896484375 232.3000030517578125 239.5124969482421875 243.3125 248.5187530517578125 254.8562469482421875 256.181243896484375 247.8874969482421875 235.7624969482421875 224.5812530517578125 215.5187530517578125 210.337493896484375 207.5124969482421875 207.712493896484375 207.899993896484375 209.024993896484375 213.225006103515625 218.3562469482421875 218.5 212.9562530517578125 205.3249969482421875 196.4812469482421875 189.024993896484375 182.6125030517578125
168.649993896484375 173.1062469482421875 179.4375 188.1750030517578125 198.0437469482421875 208.28125 217.693756103515625 227.462493896484375 235.443756103515625 239.1999969482421875 240.350006103515625 239.46875 239.350006103515625 237.568756103515625 234.756256103515625 231 227.087493896484375 224.5124969482421875 223.25 221.899993896484375 224.40625 228.899993896484375 234.2312469482421875 238.4875030517578125 245.225006103515625 254.7937469482421875 260.556243896484375 254.8312530517578125 244.4499969482421875 235.931243896484375 228.962493896484375 223.993743896484375 220.7375030517578125 218.5 216.9562530517578125 215.337493896484375 219.962493896484375 228.8625030517578125 228.3000030517578125 220.537506103515625 211.5625 202.0500030517578125 194.118743896484375 187.15625
167.8312530517578125 171.9375 178.337493896484375 187.787506103515625 198.9250030517578125 209.75 220.3562469482421875 230.03125 237.4499969482421875 240.375 241.2937469482421875 240.993743896484375 240.75 239.46875 236.40625 232.5500030517578125 228.875 226.34375 224.2312469482421875 222.1125030517578125 222.287506103515625 224.756256103515625 227.600006103515625 231.9875030517578125 238.443756103515625 247.3937530517578125 253.412506103515625 253.0437469482421875 249.162506103515625 244.068756103515625 240.162506103515625 235.756256103515625 233.368743896484375 230.5 228.1687469482421875 224.181243896484375 227.774993896484375 236.3812408447265625 235.649993896484375 227.618743896484375 217.818756103515625 208.181243896484375 199.318756103515625 191.556243896484375
169.3562469482421875 172.6062469482421875 178.556243896484375 190.2062530517578125 203.3312530517578125 213.5812530517578125 223.4250030517578125 231.71875 237.6062469482421875 241.1875 242.600006103515625 242.118743896484375 241.7062530517578125 240.4562530517578125 237.8249969482421875 234.3312530517578125 230.65625 228.0749969482421875 225.3062591552734375 222.3562469482421875 220.568756103515625 219.9812469482421875 220.7687530517578125 223.78125 230.443756103515625 240.09375 246.9375 250.25 250.806243896484375 250.1437530517578125 249.381256103515625 246.993743896484375 245.693756103515625 243.162506103515625 239.8125 237.212493896484375 239.7375030517578125 242.8125 240.931243896484375 234.3937530517578125 224.7312469482421875 214.7687530517578125 204.850006103515625 197.6374969482421875
174.625 179.75 186.15625 197.46875 208.7375030517578125 217.9250030517578125 225.9875030517578125 232.975006103515625 238.0437469482421875 240.9562530517578125 242.21875 242.5625 242.09375 241.0437469482421875 239.162506103515625 236.1374969482421875 232.3125 229.600006103515625 226.5124969482421875 222.818756103515625 220.537506103515625 216.8000030517578125 213.8562469482421875 214.3249969482421875 222.881256103515625 234.1187591552734375 243.1062469482421875 248.90625 252.556243896484375 254.8562469482421875 256.51251220703125 258.08123779296875 258.57501220703125 255.6750030517578125 252.850006103515625 250.181243896484375 251.0625 252.0625 249.21875 243.274993896484375 233.8874969482421875 221.649993896484375 209.756256103515625 200.774993896484375
180.181243896484375 185.787506103515625 194.006256103515625 204.5812530517578125 214.506256103515625 222.1437530517578125 228.0124969482421875 233.2375030517578125 236.6937408447265625 239.899993896484375 242.4562530517578125 243.1125030517578125 242.6374969482421875 242.2312469482421875 240.8312530517578125 238.681243896484375 235.600006103515625 233.0500030517578125 230.024993896484375 225.5 221.96875 216.899993896484375 211.756256103515625 209.8000030517578125 219.71875 231.162506103515625 240.7624969482421875 247.7687530517578125 253.84375 257.82501220703125 262.09375 266.09375 269.199981689453125 266.9375 264.493743896484375 262.64373779296875 261.98748779296875 261.850006103515625 258.712493896484375 253.6999969482421875 244.899993896484375 230.03125 214.3125 203.5812530517578125
186.556243896484375 192.7375030517578125 201.993743896484375 212.100006103515625 220.6750030517578125 226.774993896484375 231.0749969482421875 233.993743896484375 236.28125 238.662506103515625 240.6875 241.818756103515625 242.943756103515625 243.4187469482421875 242.6750030517578125 240.756256103515625 238.8000030517578125 236.2937469482421875 233.712493896484375 229.537506103515625 225.931243896484375 221.3625030517578125 218.3000030517578125 217.806243896484375 224.056243896484375 233.162506103515625 241.1687469482421875 247.756256103515625 254 259.056243896484375 263.95623779296875 268.3125 272.274993896484375 273.318756103515625 273.087493896484375 272.11248779296875 272.037506103515625 272.26251220703125 270.21875 266.88751220703125 259.6875 243.0812530517578125 220.431243896484375 207.9250030517578125
192.0749969482421875 199.056243896484375 209.350006103515625 220.193756103515625 227.5124969482421875 230.8937530517578125 232.8874969482421875 234.3125 235.618743896484375 236.8562469482421875 239.15625 241.28125 243 244.5812530517578125 244.1687469482421875 243.899993896484375 242.7687530517578125 240.9812469482421875 238.6937408447265625 235.1062469482421875 231.756256103515625 228.21875 226.743743896484375 226.1687469482421875 230.475006103515625 237.225006103515625 243.6125030517578125 249.4562530517578125 255.4375 260.068756103515625 264.662506103515625 268.71875 273.58123779296875 276.493743896484375 278.88751220703125 279.756256103515625 281.28125 282.13751220703125 280.368743896484375 278.91876220703125 275.225006103515625 256.34375 232.962493896484375 223.5437469482421875
198.274993896484375 205.0187530517578125 216.0812530517578125 227.8125 235.475006103515625 234.875 233.787506103515625 233.8125 233.975006103515625 234.4375 236.631256103515625 238.868743896484375 242.3312530517578125 245.537506103515625 246.306243896484375 246.3562469482421875 246.475006103515625 246.8937530517578125 245.381256103515625 241.9187469482421875 238.4875030517578125 235.6437530517578125 233.8125 233.524993896484375 236.6437530517578125 241.8249969482421875 245.5812530517578125 250.8625030517578125 255.71875 260.318756103515625 264.818756103515625 268.82501220703125 274.88751220703125 279.056243896484375 282.95001220703125 284.681243896484375 287.26251220703125 288.875 287.95001220703125 286.368743896484375 281.70623779296875 268.88751220703125 251.8937530517578125 243.9875030517578125
202.8937530517578125 209.037506103515625 218.837493896484375 229.9562530517578125 236.162506103515625 233.6374969482421875 231.556243896484375 230.2312469482421875 229.6437530517578125 230.9875030517578125 233.350006103515625 236.6374969482421875 241.3125 245.3562469482421875 246.931243896484375 248.4812469482421875 250.618743896484375 251.2062530517578125 251.5625 248.7062530517578125 245.0749969482421875 242.243743896484375 240.8000030517578125 240.03125 241.681243896484375 245.118743896484375 247.975006103515625 252.0187530517578125 255.962493896484375 260.90625 265.29998779296875 269.36248779296875 275.443756103515625 281.037506103515625 285.756256103515625 288.912506103515625 292.868743896484375 295.57501220703125 294.60626220703125 291.868743896484375 288.88751220703125 280.89373779296875 270.23748779296875 260.787506103515625
206.6875 210.837493896484375 218.087493896484375 224.4187469482421875 227.25 226.8625030517578125 225.631256103515625 223.8937530517578125 224.056243896484375 225.368743896484375 228.537506103515625 233.4250030517578125 239.5 244.6875 248.1687469482421875 251 252.5625 253.381256103515625 253.943756103515625 252.2062530517578125 249.71875 247.34375 245.5124969482421875 244.3312530517578125 246.28125 248.3562469482421875 249.806243896484375 252.9499969482421875 256.40625 261.48748779296875 265.89373779296875 270.225006103515625 275.4375 281.57501220703125 287.60626220703125 292.850006103515625 296.975006103515625 300.13751220703125 299.881256103515625 298.42498779296875 299.118743896484375 296.225006103515625 291.64373779296875 287.01873779296875
212.5187530517578125 213.975006103515625 217.3625030517578125 220.96875 222.0437469482421875 221.2687530517578125 219.1125030517578125 216.78125 216.818756103515625 218.868743896484375 224.5437469482421875 230.5500030517578125 238.3625030517578125 246.1624908447265625 250.2375030517578125 252.975006103515625 254.368743896484375 256.03125 255.181243896484375 254.03125 252.3125 250.9375 249.4499969482421875 247.8249969482421875 249.0124969482421875 251.024993896484375 251.9187469482421875 253.256256103515625 256.54998779296875 261.13751220703125 266.056243896484375 270.568756103515625 276.04376220703125 282.149993896484375 288.5 293.993743896484375 298.962493896484375 303.162506103515625 303.931243896484375 307.225006103515625 309.8125 311.17498779296875 313.8125 319.649993896484375
217.818756103515625 216.975006103515625 218.006256103515625 218.3562469482421875 216.662506103515625 214.8625030517578125 212.3937530517578125 209.506256103515625 209.1999969482421875 211.3937530517578125 217.3125 227.0124969482421875 237.4562530517578125 246.0124969482421875 251.3125 254.3625030517578125 256.631256103515625 258.1875 256.79998779296875 255.693756103515625 254.4250030517578125 253.0749969482421875 251.4499969482421875 249.9250030517578125 250.1750030517578125 251.5124969482421875 252.6062469482421875 253.90625 257 260.912506103515625 265.649993896484375 270.806243896484375 276.318756103515625 282.506256103515625 288.412506103515625 293.96875 300.087493896484375 303.975006103515625 308.125 313.85626220703125 319.29998779296875 324.42498779296875 332.274993896484375 345.21875
222.4812469482421875 220.2624969482421875 218.9875030517578125 216.475006103515625 213.1687469482421875 209.899993896484375 206.0437469482421875 202.274993896484375 200.6374969482421875 202.9875030517578125 210.625 222.9187469482421875 237.0124969482421875 248.5812530517578125 254.443756103515625 257.774993896484375 259.618743896484375 260.274993896484375 259.32501220703125 256.90625 256.38751220703125 254.350006103515625 253.5500030517578125 251.443756103515625 250.6875 251.6062469482421875 252.3937530517578125 253.9562530517578125 256.600006103515625 260.53125 265.381256103515625 270.53125 276.29376220703125 282.712493896484375 288.39373779296875 293.368743896484375 298.84375 305.23748779296875 311.537506103515625 317.6875 325.34375 332.475006103515625 342.54998779296875 356.83123779296875
228.350006103515625 225.1062469482421875 222.1750030517578125 218.4499969482421875 213.693756103515625 209.3625030517578125 203.75 198.006256103515625 194.475006103515625 194.693756103515625 203.6999969482421875 219.9375 237.9250030517578125 251.337493896484375 258.17498779296875 261.8125 263.381256103515625 263.412506103515625 261.07501220703125 257.8125 256.625 255.5437469482421875 253.6999969482421875 251.568756103515625 251.1125030517578125 251.4250030517578125 252.4187469482421875 253.75 256.03125 260.26251220703125 265.45623779296875 270.09375 275.95001220703125 281.493743896484375 286.625 290.681243896484375 297.57501220703125 303.881256103515625 309.92498779296875 316.731231689453125 324.712493896484375 333.287506103515625 342.5 355.125
234 230.15625 226.381256103515625 222.087493896484375 216.9187469482421875 211.7687530517578125 205.6750030517578125 197.975006103515625 190.9875030517578125 185.96875 198.6374969482421875 223.21875 242.162506103515625 254.9375 262.193756103515625 265.90625 267.631256103515625 266.443756103515625 263.76251220703125 259.743743896484375 257.53125 255.399993896484375 253.162506103515625 251 250.0187530517578125 250.462493896484375 251.03125 253.2624969482421875 256.08123779296875 260.41876220703125 265.225006103515625 269.631256103515625 275.024993896484375 280.57501220703125 284.9375 290.11248779296875 296.243743896484375 301.92498779296875 306.618743896484375 312.899993896484375 320.243743896484375 328.318756103515625 337.15625 348.243743896484375
238.6062469482421875 234.7937469482421875 231.100006103515625 226.5625 221.868743896484375 216.15625 210.556243896484375 203.28125 196.4875030517578125 188.774993896484375 212.2375030517578125 238.756256103515625 252.6187591552734375 262.324981689453125 268.212493896484375 271.493743896484375 272.243743896484375 270.649993896484375 266.42498779296875 261.98126220703125 257.76873779296875 254.4562530517578125 252.0437469482421875 249.662506103515625 248.318756103515625 248.5812530517578125 250.375 252.6875 255.5625 260.350006103515625 264.506256103515625 269.08123779296875 274.23126220703125 279.481231689453125 283.556243896484375 288.431243896484375 293.712493896484375 298.25 302.962493896484375 308.11248779296875 313.993743896484375 321.125 328.45623779296875 337.774993896484375
239.8562469482421875 236.4375 233.7062530517578125 230.4875030517578125 226.462493896484375 222.2062530517578125 218.40625 215.3812408447265625 215.9875030517578125 226.1687469482421875 254.1999969482421875 262.587493896484375 267.149993896484375 272.92498779296875 276.806243896484375 279.037506103515625 279.08123779296875 275.4375 270.149993896484375 264.34375 258.41876220703125 253.225006103515625 249.8249969482421875 247.6875 246.881256103515625 247.3874969482421875 249.0625 252.037506103515625 255.3625030517578125 260.4375 265.51251220703125 268.98126220703125 273.70001220703125 278.350006103515625 283.362518310546875 287.63751220703125 291.8125 295.66876220703125 299.181243896484375 302.95001220703125 308.256256103515625 313.53125 319.13751220703125 326.08123779296875
241.6750030517578125 238.712493896484375 236.8249969482421875 234.6687469482421875 232.193756103515625 230.53125 229.568756103515625 231.149993896484375 236.4562530517578125 248.493743896484375 266.131256103515625 275.756256103515625 279.537506103515625 283.70623779296875 286.756256103515625 287.625 286.48748779296875 282.16876220703125 274.837493896484375 267.32501220703125 258.20623779296875 250.649993896484375 245.7062530517578125 243.1875 243.649993896484375 245.306243896484375 248.2375030517578125 251.975006103515625 255.59375 261.087493896484375 265.57501220703125 270.20001220703125 275.056243896484375 279.13751220703125 283.037506103515625 285.662506103515625 289.48126220703125 292.29998779296875 294.662506103515625 296.89373779296875 300.100006103515625 304.41876220703125 309.26873779296875 314.649993896484375
