data/historical-monthly-weather-data/wc2.1_cruts4.09_10m_prec_1981-06.asc
ncols        51
nrows        45
xllcorner    -63.500000000000
yllcorner    -7.500000000000
cellsize     0.166666666667
NODATA_value -9999
[rows 19 to 37 of 45, columns 0 to 42 of 51]
192.1687469482421875 194.2687530517578125 195.03125 193.649993896484375 195.6750030517578125 201.8625030517578125 202.4375 199.943756103515625 202.625 201.806243896484375 198.90625 195.6125030517578125 189.5500030517578125 182.3125 175.5187530517578125 160.368743896484375 151.256256103515625 154.125 146.568756103515625 147.9875030517578125 135.28125 135.350006103515625 143.46875 143.443756103515625 135.8562469482421875 129.149993896484375 124.2687530517578125 126.6437530517578125 119.13124847412109375 111.68125152587890625 107.99375152587890625 114.94374847412109375 111.66249847412109375 104.97499847412109375 99.4499969482421875 97.27500152587890625 91.46250152587890625 80.1875 69.2937469482421875 58.21250152587890625 46.206249237060546875 37.71250152587890625 35.03125
176.0749969482421875 187.3937530517578125 193.6687469482421875 194.087493896484375 190.2375030517578125 192.756256103515625 197.8249969482421875 198.943756103515625 199.6750030517578125 197.3125 196.8000030517578125 192.850006103515625 186.412506103515625 176.1875 166.3937530517578125 160.193756103515625 150.3000030517578125 147.149993896484375 151.5812530517578125 149.25 153.0437469482421875 153.899993896484375 157.100006103515625 159.850006103515625 153.2624969482421875 140.774993896484375 124.8000030517578125 119.6062469482421875 115.2062530517578125 113.53125 111.83750152587890625 114.11875152587890625 103.71250152587890625 96.6062469482421875 90.55625152587890625 88.5437469482421875 84.4250030517578125 75.9499969482421875 64.40000152587890625 53.731250762939453125 44.11875152587890625 36.956249237060546875 33.61875152587890625
171.568756103515625 173.46875 183.53125 190.0625 189.712493896484375 189.537506103515625 192.868743896484375 193.712493896484375 193.7937469482421875 195.818756103515625 194.881256103515625 187.90625 180.71875 176.4812469482421875 172.256256103515625 161.0187530517578125 165.399993896484375 159.1125030517578125 163.8312530517578125 163.09375 157.71875 164.34375 167.475006103515625 160.399993896484375 149.631256103515625 138.256256103515625 132.1437530517578125 121.5187530517578125 119.875 118.0437469482421875 112.00624847412109375 104.99375152587890625 97.56874847412109375 93.65625 86.3937530517578125 81.31874847412109375 76.81874847412109375 70.98749542236328125 61.856250762939453125 52.418750762939453125 43.15000152587890625 37.15000152587890625 33.59375
167.6999969482421875 179.587493896484375 189.03125 194.5812530517578125 194.7375030517578125 192.1374969482421875 185.056243896484375 183.975006103515625 190.71875 191.8312530517578125 190.181243896484375 189.100006103515625 190.125 188.6437530517578125 183.4812469482421875 176.443756103515625 168.8562469482421875 164.7624969482421875 167.5500030517578125 171.399993896484375 174.4812469482421875 171.806243896484375 167.28125 160.9499969482421875 156.46875 144.1750030517578125 131.931243896484375 123.77500152587890625 118.96875 111.0625 104.71875 100.3562469482421875 92.1125030517578125 85.15625 81.8874969482421875 74.84999847412109375 68.8312530517578125 64.1875 58.36875152587890625 50.887500762939453125 42.356250762939453125 37.11875152587890625 33.262500762939453125
160.381256103515625 174.287506103515625 190.0625 191.6437530517578125 190.0500030517578125 187.274993896484375 189.09375 187.100006103515625 184.8625030517578125 181.65625 187.6374969482421875 194.274993896484375 191.774993896484375 193.412506103515625 183.9375 178.100006103515625 173.256256103515625 175.5500030517578125 177.006256103515625 178.4375 179.725006103515625 181.787506103515625 175.3874969482421875 174.1500091552734375 161.9875030517578125 146.21875 138.8562469482421875 122.5812530517578125 112.4812469482421875 106.5187530517578125 99.86875152587890625 94.90000152587890625 88.4812469482421875 80.33750152587890625 76.25 68.8937530517578125 64.3249969482421875 59.862499237060546875 53.80625152587890625 46.856250762939453125 39.94374847412109375 35.762500762939453125 32.4375
151.2312469482421875 167.868743896484375 181.431243896484375 191.0625 192.8125 189.8125 188.4187469482421875 189.125 185.4875030517578125 187.850006103515625 187.806243896484375 188.9375 192.337493896484375 186.806243896484375 178.7937469482421875 174.662506103515625 173.837493896484375 173.2125091552734375 177.5500030517578125 183.881256103515625 185.118743896484375 183.4812469482421875 186.2375030517578125 181.1875 162.7937469482421875 146.6624908447265625 133.756256103515625 120.71875 109.0749969482421875 103.0187530517578125 93.50624847412109375 86.13124847412109375 80.13124847412109375 75.4562530517578125 70.61875152587890625 65.15000152587890625 60.15625 54.456249237060546875 49.987499237060546875 44.043750762939453125 37.90625 34.625 32.09999847412109375
148.53125 168.181243896484375 173.3625030517578125 183.25 184.8000030517578125 184.131256103515625 181.4375 182.7312469482421875 175.2624969482421875 172.4812469482421875 178.90625 180.25 182.649993896484375 179.96875 176.899993896484375 170.1687469482421875 170.2624969482421875 174.9625091552734375 180.4250030517578125 181.6875 184.7937469482421875 185.993743896484375 187.193756103515625 179.03125 164.96875 145.881256103515625 132.162506103515625 118.78749847412109375 104.34999847412109375 96.6999969482421875 87.4187469482421875 79.99375152587890625 74.38124847412109375 69.41249847412109375 64.74375152587890625 61.28749847412109375 56.66249847412109375 50.40000152587890625 45.31874847412109375 41.03749847412109375 35.581249237060546875 30.981248855590820312 28.725000381469726562
142.4250030517578125 151.5437469482421875 162.21875 169.350006103515625 171.1624908447265625 171.96875 170.774993896484375 164.6125030517578125 161.524993896484375 167.9250030517578125 174.6687469482421875 175.1687469482421875 173.506256103515625 173.03125 172.649993896484375 171.850006103515625 169.193756103515625 168.1875 175.1999969482421875 177.087493896484375 177.0749969482421875 179.8562469482421875 183.600006103515625 182.024993896484375 161.587493896484375 143.306243896484375 129.756256103515625 114.40000152587890625 100.38124847412109375 91.53125 84.2062530517578125 74.75624847412109375 68.6125030517578125 64.15000152587890625 59.981250762939453125 55.96250152587890625 52.518749237060546875 46.8125 41.40000152587890625 37.924999237060546875 33.65625 30.068750381469726562 27.043748855590820312
137.337493896484375 140.350006103515625 148.2312469482421875 150.943756103515625 152.875 156.6999969482421875 157.774993896484375 154.4375 154.5500030517578125 161.006256103515625 164.3312530517578125 165.9187469482421875 163.556243896484375 161.587493896484375 161.181243896484375 161.1062469482421875 159.8625030517578125 163.1999969482421875 163.993743896484375 169.5 172.350006103515625 171.774993896484375 178.318756103515625 170.8937530517578125 155.0500030517578125 137.09375 123.66249847412109375 108.78125 98 90.5437469482421875 81.9562530517578125 73.9562530517578125 66.59375 59.543750762939453125 56.674999237060546875 52.543750762939453125 49.200000762939453125 43.5 39.24375152587890625 35.53125 31.662500381469726562 29.318750381469726562 25.387500762939453125
128.65625 134.53125 134.337493896484375 134.40625 138.0437469482421875 136.868743896484375 140.03125 143.600006103515625 147.75 150.625 154.78125 155.068756103515625 155.21875 154.1999969482421875 154.03125 154.587493896484375 156.006256103515625 156.368743896484375 160.625 165.7624969482421875 164.712493896484375 163.712493896484375 164.8000030517578125 156.9375 144.1062469482421875 127.6687469482421875 118.0812530517578125 107.0749969482421875 95.34999847412109375 85.74375152587890625 76.84999847412109375 70.2937469482421875 62.8125 57.731250762939453125 52.91249847412109375 48.72499847412109375 46.137500762939453125 39.96875 36.237499237060546875 32.34375 28.40625 25.956249237060546875 23.818750381469726562
119.58750152587890625 121.53749847412109375 121.77500152587890625 120.6437530517578125 122.1687469482421875 125.19374847412109375 127.8125 134.912506103515625 137.6437530517578125 141.90625 145.6875 147.71875 148.774993896484375 148.7937469482421875 146.899993896484375 145.1999969482421875 144.9875030517578125 148.975006103515625 147.443756103515625 146.78125 150.662506103515625 151.225006103515625 152.1374969482421875 145.337493896484375 132.1437530517578125 122.52500152587890625 112.1687469482421875 100.9499969482421875 90.6125030517578125 80.8874969482421875 72.875 66.02500152587890625 60.1875 55.38124847412109375 51.325000762939453125 46.09999847412109375 43.987499237060546875 38.081249237060546875 32.81874847412109375 30.537500381469726562 26.649999618530273438 24.356250762939453125 23.193750381469726562
112.59999847412109375 112.0124969482421875 110.65000152587890625 110.6125030517578125 111.9187469482421875 114.4562530517578125 119.2937469482421875 124.46875 127.2375030517578125 132.8000030517578125 137.53125 137.818756103515625 141.3125 135.787506103515625 135.743743896484375 138.881256103515625 139.71875 138.7687530517578125 137.962493896484375 138.8312530517578125 139.475006103515625 137.7062530517578125 138.75 133.912506103515625 123.77500152587890625 115.75624847412109375 105.44374847412109375 95.80625152587890625 85.7312469482421875 77.05625152587890625 71.59999847412109375 65.03749847412109375 58.30625152587890625 52.206249237060546875 47.856250762939453125 43.125 40.30625152587890625 35.63124847412109375 30.887498855590820312 26.612499237060546875 23.862499237060546875 22.075000762939453125 21.037500381469726562
104.91249847412109375 103.75624847412109375 101.0749969482421875 102.21875 105.8937530517578125 108.2624969482421875 111.56874847412109375 115.44374847412109375 119.38124847412109375 122.2687530517578125 123.99375152587890625 126.00624847412109375 125.47499847412109375 126.6062469482421875 128.7687530517578125 129.693756103515625 126.53125 125.44374847412109375 125.75624847412109375 127.11875152587890625 127.30625152587890625 127.50624847412109375 125.33750152587890625 120.27500152587890625 114.80625152587890625 106.96250152587890625 99.11875152587890625 90.6125030517578125 81.1750030517578125 76.44374847412109375 69.66249847412109375 62.75624847412109375 56.643749237060546875 50.237499237060546875 45.24375152587890625 40.13124847412109375 36.418750762939453125 31.299999237060546875 28.012500762939453125 24.59375 22.237499237060546875 20.868749618530273438 19.743749618530273438
96.94374847412109375 96.05625152587890625 95.7687530517578125 96.9812469482421875 97.3312530517578125 99.83750152587890625 103.0124969482421875 107.1125030517578125 109.13124847412109375 112.13124847412109375 117.9812469482421875 118.4812469482421875 119.2375030517578125 122.7937469482421875 124.64374542236328125 121.0187530517578125 116.96250152587890625 118.43125152587890625 118.3874969482421875 118.5625 115.8000030517578125 114.3125 114.05625152587890625 110.4499969482421875 104.9187469482421875 99.27500152587890625 92.0124969482421875 84.21875 77.25624847412109375 72.9187469482421875 67.36875152587890625 59.78125 54.143749237060546875 49.18125152587890625 43.46875 38.34375 33.549999237060546875 28.78125 25.962499618530273438 24.056249618530273438 21.950000762939453125 20.537500381469726562 19.056249618530273438
89.03125 89.61875152587890625 91.65625 91.97499847412109375 91.5749969482421875 92.90000152587890625 96.5437469482421875 97.96875 99.38124847412109375 101.55625152587890625 107.3937530517578125 111.78125 113.5500030517578125 114.1125030517578125 113.58750152587890625 113.30625152587890625 112.09999847412109375 110.52500152587890625 107.72499847412109375 107.6062469482421875 106.375 104.1374969482421875 104.99375152587890625 100.0437469482421875 96.7312469482421875 90.7375030517578125 86.22499847412109375 79.71875 74.9499969482421875 70.18125152587890625 65.61875152587890625 59.875 52.00624847412109375 46.174999237060546875 41.40625 36.53125 31.612499237060546875 26.987499237060546875 24.674999237060546875 22.8125 20.587499618530273438 19.762500762939453125 18.700000762939453125
83.53749847412109375 82.5 85.5187530517578125 87.77500152587890625 87.3937530517578125 86 86.58750152587890625 88.93125152587890625 90.8249969482421875 92.8937530517578125 101.21875 106.75624847412109375 109.65625 114.40625 113.44374847412109375 109.6374969482421875 105.28749847412109375 100.72499847412109375 97.74375152587890625 93.78749847412109375 95.8249969482421875 92.61249542236328125 91.63124847412109375 88.34999847412109375 88.65625 85.2312469482421875 80.58750152587890625 74.24375152587890625 69.6687469482421875 65.16249847412109375 61.63124847412109375 57.262500762939453125 49.33750152587890625 43.5 38.0625 34.03749847412109375 28.956249237060546875 25.962499618530273438 23.318750381469726562 21.743749618530273438 19.90625 18.625 17.818750381469726562
78.6999969482421875 77.5187530517578125 79.0749969482421875 81.1062469482421875 81.7062530517578125 81.1437530517578125 81.375 81.56874847412109375 82.06874847412109375 83.625 88.5124969482421875 98.71875 105.21875 108.4250030517578125 107.71875 104.30625152587890625 98.91249847412109375 92.1999969482421875 88.11875152587890625 83.36875152587890625 82.56874847412109375 83.53749847412109375 81.7375030517578125 79.27500152587890625 79.59375 77.0500030517578125 73.25 68.36875152587890625 65.6374969482421875 61.231250762939453125 56.856250762939453125 53.05625152587890625 46.96875 40.981250762939453125 35.293750762939453125 31.943750381469726562 28.975000381469726562 25.256250381469726562 23.28125 22.037500381469726562 20.375 18.868749618530273438 17.924999237060546875
71.8874969482421875 73.56874847412109375 73.0625 75.0812530517578125 76.8000030517578125 76.3000030517578125 76.0437469482421875 77.15000152587890625 76.90000152587890625 74.3125 81.83750152587890625 94.86875152587890625 102.19374847412109375 102.7687530517578125 101.77500152587890625 98.05625152587890625 93.3874969482421875 87.78125 82.90625 75.8000030517578125 73.4812469482421875 74.99375152587890625 73.21250152587890625 71.9875030517578125 70.49375152587890625 68.9375 67.84999847412109375 63.950000762939453125 60.22499847412109375 55.4375 53.125 48.63124847412109375 43.86875152587890625 39.02500152587890625 33.799999237060546875 30.8125 28.381250381469726562 25.924999237060546875 23.581249237060546875 21.774999618530273438 20.162500381469726562 19.331249237060546875 17.862499237060546875
65.8625030517578125 67.69374847412109375 68.8125 71.375 72.2062530517578125 72.38124847412109375 73.1750030517578125 73.91249847412109375 74.71250152587890625 71.6687469482421875 83.9562530517578125 95.5187530517578125 98.65000152587890625 99.80625152587890625 95.74375152587890625 91.5812530517578125 86.5500030517578125 82.16249847412109375 78.24375152587890625 72.71250152587890625 68.91249847412109375 67.9375 65.2624969482421875 64.69374847412109375 63.16249847412109375 63.47499847412109375 62.731250762939453125 59.4375 56.231250762939453125 51.293750762939453125 47.90000152587890625 45.731250762939453125 41.862499237060546875 36.75624847412109375 32.262500762939453125 29.950000762939453125 27.737499237060546875 25.325000762939453125 24.600000381469726562 22.450000762939453125 20.606250762939453125 19.987499237060546875 18.306249618530273438
