data/historical-monthly-weather-data/wc2.1_cruts4.09_10m_prec_2022-08.asc
ncols        45
nrows        45
xllcorner    -63.500000000000
yllcorner    -7.500000000000
cellsize     0.166666666667
NODATA_value -9999
[rows 19 to 37 of 45, columns 0 to 43 of 45]
85.30625152587890625 86.71250152587890625 87.50624847412109375 89.0437469482421875 89.40625 88.9499969482421875 87.34375 84.94374847412109375 82.53749847412109375 78.40000152587890625 73.59999847412109375 67.5500030517578125 59.41249847412109375 51.706249237060546875 46.00624847412109375 40.49375152587890625 34.30625152587890625 32.512500762939453125 32.293750762939453125 33.981250762939453125 34.84375 37.58750152587890625 43.5625 50.518749237060546875 56.700000762939453125 61.05625152587890625 65.21250152587890625 67.3000030517578125 66.81874847412109375 62.18125152587890625 61.72499847412109375 71.96250152587890625 79.36875152587890625 88.125 97.6750030517578125 103.21875 106.5124969482421875 108.8562469482421875 105.66249847412109375 98.55625152587890625 88.09375 79.8937530517578125 73.6875 68.02500152587890625
79.97499847412109375 83.6875 86.3312530517578125 88.11875152587890625 87.5437469482421875 86.65000152587890625 85.66249847412109375 83.8562469482421875 81.78749847412109375 77.8249969482421875 73.75624847412109375 68.8625030517578125 60.71875 52.8125 46.262500762939453125 40.674999237060546875 35.36875152587890625 32.34375 32.887500762939453125 33.81874847412109375 36.893749237060546875 41.012500762939453125 46.05625152587890625 53.59999847412109375 61.78749847412109375 65.58750152587890625 66.71875 68.4250030517578125 69.6999969482421875 70.47499847412109375 73.0625 79.875 84.1437530517578125 89.58750152587890625 98.53125 103.56874847412109375 108.8249969482421875 111.15625 106.58750152587890625 100.13124847412109375 90.33750152587890625 82.9499969482421875 76.86875152587890625 70.27500152587890625
77.40625 80.25 83.53749847412109375 86.68125152587890625 87.59375 85.7062530517578125 85.1999969482421875 82.3562469482421875 80.9499969482421875 77.13124847412109375 74.71875 72.25624847412109375 67.99375152587890625 60.362499237060546875 52.74375152587890625 44.96875 40.63124847412109375 37.74375152587890625 37.268749237060546875 37.950000762939453125 38.9375 42.331249237060546875 47.549999237060546875 54.81874847412109375 61.6875 66.90625 73.3312530517578125 74.75 77.125 77.84999847412109375 79.75 83.375 86.7312469482421875 91.7062530517578125 95.7687530517578125 100.9875030517578125 108.27500152587890625 113.16249847412109375 109.68125152587890625 102.40625 92.9875030517578125 85.125 77.5187530517578125 72.5625
75.0187530517578125 80.65000152587890625 84.91249847412109375 87.0812530517578125 88.55625152587890625 86.6437530517578125 83.46250152587890625 80.0749969482421875 79.8249969482421875 79.02500152587890625 78.8000030517578125 78.24375152587890625 76.5749969482421875 69.53125 60.018749237060546875 51.30625152587890625 45 41.99375152587890625 40.981250762939453125 40.75 42.08750152587890625 45.38124847412109375 49.918750762939453125 54.59375 62.78125 70.34375 76.6062469482421875 80.6999969482421875 82 80.94374847412109375 82.15000152587890625 85.78125 88.4499969482421875 90.5124969482421875 92.50624847412109375 93.6374969482421875 101.0749969482421875 111.2687530517578125 110.96875 103.1687469482421875 95.0812530517578125 86.19374847412109375 78.4875030517578125 72.97499847412109375
74.78749847412109375 81.9375 86.80625152587890625 86.78125 86.9375 85.4187469482421875 83.75 81.9562530517578125 79.33750152587890625 79.7312469482421875 80.33750152587890625 83.1374969482421875 83.21875 75.5124969482421875 65.90000152587890625 57.125 50.700000762939453125 47.0625 45.231250762939453125 44.924999237060546875 46.237499237060546875 48.950000762939453125 52.049999237060546875 57.90625 64.8874969482421875 70.96250152587890625 78.6687469482421875 80.90000152587890625 83.25 83.6875 85.3562469482421875 87.8249969482421875 90.15625 89.84375 90.5749969482421875 90.0500030517578125 96.1875 106.69374847412109375 108.0500030517578125 101.6999969482421875 94.09999847412109375 86.19374847412109375 78.41249847412109375 72.1875
76.1125030517578125 83.4375 87.49375152587890625 88.93125152587890625 89.16249847412109375 86.84999847412109375 84.21250152587890625 82.59375 81.3937530517578125 81.65000152587890625 81.2312469482421875 82.2687530517578125 81.9187469482421875 76.1374969482421875 68.375 61.16249847412109375 55.28125 51.393749237060546875 49.16249847412109375 48.61875152587890625 49.9375 51.84999847412109375 54.643749237060546875 60.21250152587890625 65.70000457763671875 72.78125 77.5625 80.36875152587890625 83 84.5 85.7937469482421875 87.59999847412109375 89.86875152587890625 91.4187469482421875 91.72499847412109375 91.15000152587890625 96.4562530517578125 101.47499847412109375 102.28125 98.75624847412109375 92.5500030517578125 86.0625 79.0749969482421875 73.3874969482421875
79.33750152587890625 86.72499847412109375 87.9562530517578125 90.11875152587890625 88.8000030517578125 86.5437469482421875 84.125 83.3937530517578125 80.91249847412109375 79.75 79.46875 79.69374847412109375 78.72499847412109375 73.54375457763671875 68.4875030517578125 62.33750152587890625 57.61875152587890625 54.53749847412109375 51.856250762939453125 51.61875152587890625 53.08750152587890625 54.387500762939453125 57.33750152587890625 61.50624847412109375 66.40625 72.3249969482421875 77.16249847412109375 80.09375 83.27500152587890625 85.46250152587890625 86.44374847412109375 88.34999847412109375 89.6687469482421875 90.9875030517578125 91.49375152587890625 93.2375030517578125 96.65000152587890625 98.53125 99.41249847412109375 95.2937469482421875 90.77500152587890625 84.96250152587890625 79.4375 74.78749847412109375
82.22499847412109375 87.43125152587890625 89.1062469482421875 89.80625152587890625 88.72499847412109375 86.4562530517578125 85.21250152587890625 83.02500152587890625 79.74375152587890625 79.63124847412109375 79.46875 77.4250030517578125 75.49375152587890625 71.5812530517578125 68.02500152587890625 63.1875 59.549999237060546875 56.53125 54.71250152587890625 53.40000152587890625 53.75624847412109375 55.512500762939453125 57.47499847412109375 62.34999847412109375 66.86875152587890625 70.59375 76.0124969482421875 79.27500152587890625 81.86875152587890625 83.25 85.4250030517578125 86.33750152587890625 88.80625152587890625 90.74375152587890625 91 93.09375 94.41249847412109375 96.5 95.4562530517578125 91.83750152587890625 87.8562469482421875 83.2937469482421875 80.36875152587890625 75.1750030517578125
86.4812469482421875 87.65625 89.0500030517578125 89.53125 89.0500030517578125 85.91249847412109375 84.3562469482421875 82.52500152587890625 80.22499847412109375 79.22499847412109375 77.0749969482421875 74.625 72.53749847412109375 70.00624847412109375 66.4562530517578125 63.125 60.72499847412109375 58.143749237060546875 56.456249237060546875 54.94374847412109375 55.325000762939453125 55.38124847412109375 58.06874847412109375 62.31874847412109375 66.06874847412109375 68.77500152587890625 73.81874847412109375 77.78749847412109375 80.8874969482421875 82.53125 83.50624847412109375 84.09375 86.84999847412109375 88.3125 90.9875030517578125 91.91249847412109375 92.2687530517578125 93.75 93.5124969482421875 91.3125 87.47499847412109375 84.4562530517578125 81.8562469482421875 79.8625030517578125
88 90.3312530517578125 89.78125 89.6999969482421875 87.1875 84.46875 81.94374847412109375 79.28125 79.05625152587890625 76.9250030517578125 74.77500152587890625 72.09999847412109375 69.8562469482421875 67.94374847412109375 65.4812469482421875 62.893749237060546875 61.53749847412109375 59.65625 58 56.78749847412109375 56.72499847412109375 56.612499237060546875 58.393749237060546875 61.49375152587890625 65.26250457763671875 67.2687530517578125 72.22499847412109375 75.7375030517578125 78.46875 79.9875030517578125 80.65625 81.90000152587890625 83.5187530517578125 84.74375152587890625 87.94374847412109375 90.9875030517578125 92.6437530517578125 94.375 94.30625152587890625 91.3625030517578125 86.30625152587890625 84.0187530517578125 82.9499969482421875 83.16249847412109375
89.08750152587890625 91.21250152587890625 90.0187530517578125 87.5500030517578125 85.66249847412109375 83.31874847412109375 80.34999847412109375 78.9875030517578125 77.4187469482421875 74.8000030517578125 73.15000152587890625 71.125 68.83750152587890625 66.6437530517578125 64.63124847412109375 62.5 60.668750762939453125 60.168750762939453125 59.91249847412109375 57.637500762939453125 57.112499237060546875 57.65000152587890625 59.125 61.46250152587890625 63.950000762939453125 66.9875030517578125 70.0500030517578125 72.97499847412109375 74.09375 75.34375 76.71875 78.61875152587890625 80.41249847412109375 82.63124847412109375 86.00624847412109375 88.30625152587890625 93.0187530517578125 96.125 95.3625030517578125 95.24375152587890625 92.86875152587890625 89.72499847412109375 85.7937469482421875 84.61875152587890625
89.78125 90.13124847412109375 87.15000152587890625 85.93125152587890625 86.18125152587890625 83.02500152587890625 80.375 77.5500030517578125 75.2624969482421875 72.77500152587890625 70.53125 70.02500152587890625 69.0500030517578125 66.875 63.84375 61.862499237060546875 61.25624847412109375 60.96250152587890625 61.15000152587890625 59.68125152587890625 58.65000152587890625 57.31874847412109375 58.012500762939453125 60 61.956249237060546875 64.97499847412109375 66.65625 69.59375 71.36875152587890625 72.99375152587890625 74.80625152587890625 76.08750152587890625 77.49375152587890625 80.16249847412109375 85.0437469482421875 87.46250152587890625 92.1999969482421875 96.16249847412109375 98.3874969482421875 100.8874969482421875 99.1062469482421875 92.54375457763671875 87.08750152587890625 86.96250152587890625
89.5749969482421875 89.38124847412109375 86.1750030517578125 84.53125 85.09375 82.0187530517578125 78.8625030517578125 75.1125030517578125 73.15625 71.1750030517578125 69.09999847412109375 68.15000152587890625 66.4875030517578125 65.2687530517578125 63.21875 62.93125152587890625 61.762500762939453125 61.13124847412109375 60.46875 59.612499237060546875 58.78125 58.612499237060546875 57.84999847412109375 58.143749237060546875 60.08750152587890625 62.33750152587890625 63.875 66.5437469482421875 67.7937469482421875 69.0437469482421875 71.50624847412109375 72.52500152587890625 74.44374847412109375 77.93125152587890625 80.56874847412109375 83.1125030517578125 88.15625 93.2062530517578125 96.65000152587890625 99.8000030517578125 98.6437530517578125 92.24375152587890625 88.4375 85.8312530517578125
86.25 85.22499847412109375 82.99375152587890625 82.1999969482421875 81.11875152587890625 78.0749969482421875 76.2312469482421875 73.6374969482421875 71 69.6687469482421875 69.22499847412109375 67.09375 65.13124847412109375 64.75 62.96875 62.84375 61.78125 61.518749237060546875 60.59999847412109375 59.58750152587890625 58.5625 57.793750762939453125 57.16249847412109375 58.55625152587890625 59.956249237060546875 60.762500762939453125 62.081249237060546875 62.450000762939453125 63.862499237060546875 64.84999847412109375 67.31874847412109375 68.28749847412109375 70.15625 72.78125 75.5124969482421875 77.9187469482421875 82.46875 86.56874847412109375 89.8625030517578125 92.9187469482421875 91.84375 87.9375 84.625 81.6437530517578125
82.52500152587890625 82.5 80.41249847412109375 80.5437469482421875 76.9875030517578125 75.22499847412109375 74.43125152587890625 72.36875152587890625 69.63124847412109375 67.6062469482421875 66.3937530517578125 65.34999847412109375 64.65000152587890625 62.168750762939453125 61.6875 60.831249237060546875 60.831249237060546875 60 58.81874847412109375 58.41249847412109375 57.737499237060546875 56.97499847412109375 56.700000762939453125 57.11875152587890625 58.61875152587890625 59.47499847412109375 60.08750152587890625 59.637500762939453125 61.33750152587890625 62.72499847412109375 64.43125152587890625 65.0437469482421875 65.72499847412109375 67.11875152587890625 70.03749847412109375 72.3125 76.15625 79.28749847412109375 82.3625030517578125 83.875 85.3937530517578125 83.4375 80.4562530517578125 77.31874847412109375
79.80625152587890625 79.21875 77.9375 76.33750152587890625 74.4562530517578125 73.0187530517578125 72.05625152587890625 70.5812530517578125 66.7937469482421875 65.44374847412109375 64.1437530517578125 64.09375 62.575000762939453125 61.65625 61.08750152587890625 60.825000762939453125 60.575000762939453125 59.50624847412109375 58.293750762939453125 57.84999847412109375 57.36875152587890625 56.299999237060546875 55.30625152587890625 55.97499847412109375 56.637500762939453125 57.606250762939453125 57.71875 57.206249237060546875 58.668750762939453125 60.237499237060546875 60.63124847412109375 60.52500152587890625 61.137500762939453125 61.75624847412109375 63.737499237060546875 65.65625 67.77500152587890625 71.34375 74.5187530517578125 76.1125030517578125 76.68125152587890625 75.5749969482421875 74.46250152587890625 72.40000152587890625
77.15625 76.94374847412109375 75.08124542236328125 73.3000030517578125 71.97499847412109375 69.7062530517578125 68.1875 66.03125 63.387500762939453125 62.61875152587890625 62.875 62.375 62.362499237060546875 61.6875 61.331249237060546875 61.53125 60.52500152587890625 60.15625 58.24375152587890625 57.46250152587890625 57.24375152587890625 57.34999847412109375 56.081249237060546875 56.4375 56.15000152587890625 56 55.4375 56.143749237060546875 55.956249237060546875 56.518749237060546875 56.700000762939453125 56.56874847412109375 55.25624847412109375 56.200000762939453125 56.96875 57.293750762939453125 60.075000762939453125 63.00624847412109375 64.6750030517578125 67.02500152587890625 67.8562469482421875 68.59999847412109375 66.75 65.78749847412109375
72.4812469482421875 72.27500152587890625 70.51874542236328125 69.5500030517578125 68.53125 66.9187469482421875 65.52500152587890625 64.2062530517578125 61.24375152587890625 59.52500152587890625 61.97499847412109375 63.950000762939453125 64.43125152587890625 63.237499237060546875 63.25 62.06874847412109375 60.831249237060546875 59.90000152587890625 58.5625 57.106250762939453125 56.981250762939453125 57.1875 56.27500152587890625 56.5 56.28125 54.75 54.424999237060546875 54.268749237060546875 52.66249847412109375 52.99375152587890625 53.424999237060546875 52.55625152587890625 51.44374847412109375 50.825000762939453125 50.97499847412109375 51.40000152587890625 53.50624847412109375 56.25624847412109375 57.40000152587890625 59.481250762939453125 59.981250762939453125 60.950000762939453125 59.668750762939453125 59.52500152587890625
69.08750152587890625 69.26250457763671875 67.1750030517578125 67.2687530517578125 66.7687530517578125 64.8874969482421875 63.52500152587890625 62.03749847412109375 60.674999237060546875 59 65.09375 67.61875152587890625 66.09375 65.7375030517578125 65.77500152587890625 63.924999237060546875 61.53125 59.700000762939453125 59.424999237060546875 57.825000762939453125 57.50624847412109375 56.90000152587890625 56.168750762939453125 56.06874847412109375 55.643749237060546875 54.66249847412109375 54.0625 53.53749847412109375 52.174999237060546875 51.65625 50.80625152587890625 50.568752288818359375 49.59375 47.043750762939453125 45.97499847412109375 45.69374847412109375 48.40625 51.081249237060546875 52.543750762939453125 54.33750152587890625 52.90000152587890625 52.80625152587890625 52.46875 52.36875152587890625
