data/historical-monthly-weather-data/wc2.1_cruts4.09_10m_prec_1975-02.asc
ncols        51
nrows        45
xllcorner    -63.500000000000
yllcorner    -7.500000000000
cellsize     0.166666666667
NODATA_value -9999
[rows 20 to 39 of 45, columns 0 to 44 of 51]
262.01873779296875 261.96875 266.693756103515625 272.662506103515625 281.774993896484375 292.53125 304.58123779296875 316.8125 328.45623779296875 338.90625 348.29998779296875 361.59375 376.79376220703125 390.725006103515625 381.274993896484375 361.09375 344.03125 330.662506103515625 326.04376220703125 322.256256103515625 319.243743896484375 315.03125 309.79376220703125 307.618743896484375 306.51873779296875 306.631256103515625 309.375 312.350006103515625 316.375 319.17498779296875 314.84375 303.600006103515625 283.23126220703125 258.01251220703125 235.0437469482421875 250.7937469482421875 281.037506103515625 305.368743896484375 320.662506103515625 327.899993896484375 328.39373779296875 326.725006103515625 325.73748779296875 324.131256103515625 321.25
255.2375030517578125 256.912506103515625 263.087493896484375 271.875 281.23748779296875 293.28125 306.181243896484375 319.25 330.82501220703125 338.58123779296875 343.787506103515625 350.23748779296875 357.493743896484375 362.875 361.3125 351.73126220703125 340.850006103515625 330.493743896484375 323.78125 319.04998779296875 312.125 306.5 303.46875 301.087493896484375 300.725006103515625 302.537506103515625 307.25 311.649993896484375 317.5 322.20623779296875 321.693756103515625 311.90625 294.84375 276.993743896484375 265.34375 275.25 296.67498779296875 314.287506103515625 323.90625 327.662506103515625 328.04998779296875 327.10626220703125 325.5 323.04376220703125 320.868743896484375
251.975006103515625 255.4562530517578125 261.57501220703125 271.07501220703125 280.8125 294.51873779296875 306.61248779296875 320.5625 332.70001220703125 336.225006103515625 335.85626220703125 335.15625 334.73748779296875 337.67498779296875 341.79998779296875 339.993743896484375 334.0625 326.618743896484375 319.243743896484375 312.006256103515625 304.79376220703125 297.76251220703125 293.0625 290.787506103515625 292.181243896484375 296.0625 301.88751220703125 308.15625 316.41876220703125 323.693756103515625 327.431243896484375 325.043731689453125 311.243743896484375 300.11248779296875 298.90625 309.11248779296875 321.58123779296875 330.09375 332.60626220703125 330.225006103515625 328.10626220703125 326.631256103515625 324.506256103515625 322.0625 320.66876220703125
250.9562530517578125 254.03125 260.6875 268.79998779296875 278.893768310546875 292.54998779296875 305.837493896484375 318.056243896484375 328.618743896484375 329.45623779296875 327.149993896484375 323.475006103515625 316.26873779296875 321.01251220703125 327.78125 328.818756103515625 325.850006103515625 321.006256103515625 314.04376220703125 306.0625 297.29376220703125 288.962493896484375 282.79998779296875 280.83123779296875 283 286.024993896484375 294.287506103515625 303.03125 311.85626220703125 321.08123779296875 327.42498779296875 328.206268310546875 321.01251220703125 316.78125 321.306243896484375 333.79998779296875 341.8125 341.149993896484375 337.5 332.14373779296875 328.48748779296875 325.54376220703125 323.462493896484375 322.056243896484375 323.16876220703125
254.5187530517578125 255.3625030517578125 261.16876220703125 269.59375 280.39373779296875 291.63751220703125 303.65625 314.17498779296875 320.743743896484375 322.587493896484375 321.11248779296875 318.131256103515625 315.39373779296875 317.14373779296875 320.14373779296875 321.943756103515625 321.28125 316.79376220703125 310.006256103515625 301.524993896484375 291.912506103515625 281.25 272.51873779296875 269.4375 271.118743896484375 278.45623779296875 286.76251220703125 297.29998779296875 306.612518310546875 315.39373779296875 321.17498779296875 323.03125 322.70001220703125 323.95001220703125 329.818756103515625 337.07501220703125 342.100006103515625 340.493743896484375 335.850006103515625 330.45623779296875 326.493743896484375 323.35626220703125 322.03125 322.83123779296875 323.92498779296875
264.381256103515625 263.45001220703125 266.67498779296875 273.76873779296875 282.98748779296875 293 302.03125 310.51873779296875 315.6875 317.850006103515625 317.524993896484375 316.8125 316.9375 316.962493896484375 318.850006103515625 319.337493896484375 318.61248779296875 314.09375 308.212493896484375 299.4375 288.07501220703125 274.58123779296875 262.618743896484375 256.774993896484375 261.606231689453125 270.881256103515625 282.46875 292.006256103515625 301.649993896484375 308.712493896484375 313.618743896484375 316.693756103515625 319.618743896484375 323.6875 329.51251220703125 333.98748779296875 336.837493896484375 336.212493896484375 330.51251220703125 325.875 322.443756103515625 320.09375 318.60626220703125 320.25 324.98126220703125
275.34375 272.625 274.006256103515625 279.8125 285.89373779296875 292.743743896484375 300.381256103515625 305.84375 310.67498779296875 314.399993896484375 316.475006103515625 317.375 319.09375 320.537506103515625 321.256256103515625 322.056243896484375 320.5625 315.95623779296875 309.10626220703125 299.51251220703125 286.83123779296875 272.70623779296875 257.875 250.0749969482421875 258.024993896484375 268 278.850006103515625 288.26873779296875 296.318756103515625 302.85626220703125 308.1875 310.556243896484375 314.73748779296875 321.95001220703125 326.26251220703125 329.881256103515625 331.9375 330.33123779296875 326.037506103515625 321.381256103515625 317.75 315.556243896484375 314.462493896484375 316.29998779296875 324.96875
286.975006103515625 281.76251220703125 282.318756103515625 285.368743896484375 288.54376220703125 292.42498779296875 298.5625 304.256256103515625 308.743743896484375 313.40625 315.975006103515625 318.193756103515625 320.618743896484375 322.79998779296875 323.95623779296875 324.91876220703125 323.149993896484375 319.756256103515625 312.274993896484375 303.131256103515625 291.14373779296875 277.243743896484375 265.975006103515625 259.70623779296875 262.399993896484375 269.818756103515625 278.662506103515625 286.82501220703125 293.46875 299.51873779296875 304.33123779296875 307.818756103515625 314.04376220703125 318.912506103515625 322.79376220703125 325.818756103515625 325.84375 325.39373779296875 320.868743896484375 315.78125 312.225006103515625 311.493743896484375 311.25 315.04376220703125 326.98748779296875
296.725006103515625 290.82501220703125 289.131256103515625 290.04998779296875 291.587493896484375 293.743743896484375 298.087493896484375 302.318756103515625 307.40625 312.662506103515625 316.09375 318.931243896484375 321.631256103515625 325.725006103515625 327.649993896484375 329.725006103515625 329.5 324.912506103515625 319.11248779296875 309.649993896484375 298.556243896484375 285.41876220703125 276.649993896484375 271.381256103515625 270.34375 273.8125 280.912506103515625 287.26251220703125 293.85626220703125 299.0625 302.306243896484375 306.399993896484375 311.368743896484375 316.09375 320.524993896484375 321.649993896484375 322.39373779296875 321.89373779296875 318.96875 312.818756103515625 306.6875 305.83123779296875 309.33123779296875 317.5625 332.006256103515625
304.53125 296.943756103515625 294.01251220703125 292.73126220703125 293.568756103515625 295.131256103515625 297.774993896484375 301.037506103515625 305.193756103515625 310.79998779296875 315.25 319.75 323.818756103515625 329.056243896484375 332.29998779296875 333.66876220703125 334.98748779296875 333.493743896484375 328.568756103515625 318.84375 307.01251220703125 295.54998779296875 287.34375 281.256256103515625 278.287506103515625 279.493743896484375 284.26251220703125 288.550018310546875 293.475006103515625 297.60626220703125 302.006256103515625 306.287506103515625 310.26251220703125 315.118743896484375 318.625 320.14373779296875 319.73126220703125 319.96875 315.79376220703125 310.10626220703125 308.15625 310.350006103515625 314.243743896484375 324.125 333.131256103515625
309.28125 301.4375 296.225006103515625 294.11248779296875 293.068756103515625 294.66876220703125 296.787506103515625 299.79998779296875 303.90625 308.89373779296875 315.568756103515625 321.774993896484375 327.85626220703125 332.381256103515625 335.40625 338.54376220703125 341.13751220703125 341.15625 338.45623779296875 328.837493896484375 316.53125 304.53125 295.58123779296875 288.850006103515625 284.84375 284.631256103515625 287.35626220703125 290.462493896484375 293.86248779296875 297.57501220703125 301.8125 306.381256103515625 311.51873779296875 316.51251220703125 320.26251220703125 319.70623779296875 319.462493896484375 320.29998779296875 316.01873779296875 310.01251220703125 309.649993896484375 315.600006103515625 321.587493896484375 328.42498779296875 337.46875
309.493743896484375 302.100006103515625 296.90625 294.318756103515625 292.006256103515625 292.6875 294.92498779296875 296.600006103515625 300.556243896484375 306.92498779296875 313.875 321.58123779296875 329.21875 335.712493896484375 339.36248779296875 343.82501220703125 344.274993896484375 343.625 340.88751220703125 333.875 322.65625 311.89373779296875 301.98126220703125 295.287506103515625 291.193756103515625 289.39373779296875 290.306243896484375 292.149993896484375 294.60626220703125 299.04376220703125 303.40625 307.54376220703125 312.76873779296875 317.462493896484375 321.59375 321.09375 320.943756103515625 320.681243896484375 316.306243896484375 314.225006103515625 317.193756103515625 324.13751220703125 330.79376220703125 339.04998779296875 349.95001220703125
306.8125 300.693756103515625 296.506256103515625 293.40625 290.225006103515625 290.443756103515625 291.14373779296875 292.82501220703125 297.40625 304.25 313.375 321.743743896484375 331.6875 340.037506103515625 344.0625 346.28125 346.01251220703125 345.48126220703125 340.95001220703125 334.681243896484375 325.59375 315.256256103515625 306.08123779296875 299.38751220703125 295.64373779296875 293.681243896484375 293.60626220703125 295.412506103515625 297.29998779296875 300.73748779296875 305.318756103515625 308.850006103515625 313.4375 319.100006103515625 324.100006103515625 325.08123779296875 324.95623779296875 323.462493896484375 320.23748779296875 322.79376220703125 326.631256103515625 333.82501220703125 342.36248779296875 352.818756103515625 370.212493896484375
304.39373779296875 298.462493896484375 294.45001220703125 291.88751220703125 288.45001220703125 287.32501220703125 287.48748779296875 288.962493896484375 291.818756103515625 298.818756103515625 309.006256103515625 320.743743896484375 333.78125 343.162506103515625 347.212493896484375 348.806243896484375 347.899993896484375 345.90625 340.993743896484375 334.86248779296875 325.818756103515625 315.850006103515625 307.881256103515625 301.66876220703125 298.48126220703125 296.63751220703125 296.38751220703125 297.243743896484375 299.25 303.118743896484375 307.462493896484375 310.98126220703125 316.70001220703125 322.16876220703125 326.274993896484375 328.181243896484375 328.212493896484375 327.4375 326.70623779296875 329.84375 333.475006103515625 341.662506103515625 353.41876220703125 365.787506103515625 384.462493896484375
301.51873779296875 297.04998779296875 293.356231689453125 289.462493896484375 286.587493896484375 284.98748779296875 283.256256103515625 283.10626220703125 284.54376220703125 290.662506103515625 303.056243896484375 319.58123779296875 336.506256103515625 347.76873779296875 350.64373779296875 351.04998779296875 348.36248779296875 344.78125 340.41876220703125 333.431243896484375 325.774993896484375 315.643768310546875 307.58123779296875 301.399993896484375 299.20001220703125 297.087493896484375 297.5 298.84375 300.79998779296875 304.98126220703125 308.524993896484375 313.48126220703125 319.193756103515625 325.26873779296875 329.48126220703125 330.58123779296875 330.29998779296875 332.83123779296875 333.96875 335.35626220703125 339.274993896484375 346.4375 357.63751220703125 370.193756103515625 386.1875
298.64373779296875 295.568756103515625 292.024993896484375 287.79998779296875 284.29376220703125 282.631256103515625 279.818756103515625 277.587493896484375 276.850006103515625 281.48748779296875 295.39373779296875 315.11248779296875 335.443756103515625 348.76873779296875 351.01873779296875 350.21875 347.48126220703125 342.75 335.818756103515625 329.40625 321.524993896484375 313.068756103515625 304.625 299.82501220703125 296.95001220703125 295.36248779296875 296.318756103515625 299.39373779296875 301.79376220703125 305.587493896484375 310.07501220703125 315.21875 321.850006103515625 328.368743896484375 331.73126220703125 332.256256103515625 335.21875 336.3125 336.91876220703125 339.875 344.90625 350.23126220703125 358.23126220703125 369.787506103515625 381.29376220703125
297.131256103515625 294.868743896484375 290.899993896484375 288.63751220703125 284.9375 282.306243896484375 278.5625 274.600006103515625 270.84375 268.462493896484375 287.100006103515625 315.09375 334.82501220703125 346.193756103515625 349.181243896484375 347.631256103515625 344.274993896484375 338.618743896484375 332.212493896484375 324.23748779296875 315.92498779296875 307.256256103515625 299.568756103515625 295.399993896484375 292.787506103515625 292.256256103515625 294.04998779296875 297.4375 301.38751220703125 305.51251220703125 310.29998779296875 315.54376220703125 323.368743896484375 330.23126220703125 334.75 337.475006103515625 338.743743896484375 339.818756103515625 340.70623779296875 342.70623779296875 345.86248779296875 350.70623779296875 357.38751220703125 366.375 375.0625
296.087493896484375 294.631256103515625 291.51251220703125 289.14373779296875 286.625 283.46875 279.95623779296875 276.256256103515625 274.037506103515625 269.38751220703125 298.28125 327.36248779296875 339.774993896484375 345.912506103515625 347.26873779296875 344.75 339.01251220703125 333.0625 324.98126220703125 315.84375 308.01873779296875 299.34375 292.84375 289.287506103515625 287.85626220703125 288.14373779296875 290.524993896484375 295.13751220703125 300.01873779296875 305.59375 309.58123779296875 315.412506103515625 323.449981689453125 331.318756103515625 336 339.54376220703125 341.181243896484375 342.712493896484375 343.46875 344.3125 345.64373779296875 349.48126220703125 353.39373779296875 359.28125 366.225006103515625
298.71875 295.506256103515625 292.01251220703125 290.912506103515625 288.3125 286.274993896484375 285.350006103515625 285.38751220703125 289.337493896484375 304.61248779296875 336.35626220703125 343.431243896484375 344.725006103515625 346.14373779296875 345.15625 339.83123779296875 333.45623779296875 325.82501220703125 316.13751220703125 306.568756103515625 297.79998779296875 289.64373779296875 284.850006103515625 281.681243896484375 281.01873779296875 283.100006103515625 286.42498779296875 291.73126220703125 297.774993896484375 303.73126220703125 309.84375 315.51873779296875 322.70623779296875 330.14373779296875 337.368743896484375 340.431243896484375 341.118743896484375 343.20623779296875 342.76873779296875 340.91876220703125 341.756256103515625 343.75 346.975006103515625 351.36248779296875 356.868743896484375
302.118743896484375 297.42498779296875 294.23126220703125 292.193756103515625 290.26251220703125 289.88751220703125 290.118743896484375 294.243743896484375 302.024993896484375 317.681243896484375 335.54376220703125 343.23748779296875 345.82501220703125 345.506256103515625 342.149993896484375 336.306243896484375 328.63751220703125 319.537506103515625 308.243743896484375 298.193756103515625 287.318756103515625 279.23748779296875 274.26873779296875 272.125 273.975006103515625 276.95623779296875 281.67498779296875 287.9375 295.125 301.75 307.743743896484375 315.95623779296875 325.193756103515625 331.850006103515625 336.931243896484375 339.88751220703125 339.95623779296875 340.243743896484375 339.725006103515625 336.462493896484375 335.806243896484375 337.350006103515625 339.306243896484375 341.287506103515625 346.306243896484375
