data/historical-monthly-weather-data/wc2.1_cruts4.09_10m_prec_2009-02.asc
ncols        51
nrows        45
xllcorner    -63.500000000000
yllcorner    -7.500000000000
cellsize     0.166666666667
NODATA_value -9999
[rows 20 to 39 of 45, columns 0 to 44 of 51]
256.368743896484375 265.89373779296875 278.318756103515625 292.04998779296875 309.100006103515625 324.53125 340.993743896484375 357.54376220703125 371.368743896484375 383.53125 394.693756103515625 411.756256103515625 431.33123779296875 449.70623779296875 441.618743896484375 420.91876220703125 403.725006103515625 391.412506103515625 389.412506103515625 388.818756103515625 392.11248779296875 394.34375 394.58123779296875 395.162506103515625 396.537506103515625 398.88751220703125 401.149993896484375 403.07501220703125 406.056243896484375 405.79376220703125 396.20001220703125 378.475006103515625 351.912506103515625 319.837493896484375 290.48748779296875 307.54998779296875 341.78125 368.193756103515625 383.15625 388.1875 385.337493896484375 381.01251220703125 377.64373779296875 373.61248779296875 368.243743896484375
247.4875030517578125 258.818756103515625 272.58123779296875 289.20623779296875 306.41876220703125 322.975006103515625 340.04998779296875 357.23748779296875 371.11248779296875 380.40625 387.03125 396.131256103515625 406.337493896484375 414.60626220703125 415.774993896484375 407.71875 398.100006103515625 389.79998779296875 385.75 384.26251220703125 382.068756103515625 381.61248779296875 383.8125 384.07501220703125 386.399993896484375 391.01251220703125 395.8125 399.537506103515625 404.76873779296875 406.631256103515625 401.556243896484375 385.48126220703125 363.4375 340.98126220703125 325.912506103515625 335.78125 359.16876220703125 377.58123779296875 386.01251220703125 387.34375 384.79376220703125 381.48748779296875 377.54998779296875 372.64373779296875 367.837493896484375
242.28125 255.4562530517578125 269.100006103515625 286.29376220703125 303.76251220703125 321.86248779296875 337.75 355.64373779296875 370.23748779296875 375.037506103515625 375.649993896484375 376.54376220703125 377.868743896484375 383.14373779296875 390.850006103515625 391.98126220703125 388.412506103515625 383.89373779296875 379.39373779296875 375.125 371.86248779296875 368.818756103515625 368.14373779296875 368.381256103515625 372.875 380.0625 386.225006103515625 392.34375 400.556243896484375 405.42498779296875 405.337493896484375 398.1875 380.54998779296875 366.787506103515625 364.868743896484375 375.100006103515625 387.65625 395.23748779296875 395.462493896484375 389.86248779296875 384.6875 380.943756103515625 376.54998779296875 371.725006103515625 367.54998779296875
239.9875030517578125 252.5500030517578125 266.268768310546875 281.506256103515625 298.756256103515625 316.5625 333.59375 349.475006103515625 362.53125 364.725006103515625 363.506256103515625 361.193756103515625 354.993743896484375 362.375 373.274993896484375 377.89373779296875 378.006256103515625 376.60626220703125 372.681243896484375 367.537506103515625 361.84375 356.600006103515625 353.493743896484375 353.63751220703125 358.75 364.381256103515625 373.46875 382.568756103515625 391.350006103515625 398.5625 401.65625 398.45001220703125 389.256256103515625 384.306243896484375 389.693756103515625 403.10626220703125 410.743743896484375 407.82501220703125 400.931243896484375 391.95001220703125 385.17498779296875 379.65625 375.25 371.524993896484375 369.78125
242.2062530517578125 252.4375 264.837493896484375 279.806243896484375 297.28125 312.350006103515625 327.868743896484375 341.82501220703125 350.75 354.375 354.412506103515625 353.125 352.11248779296875 356.32501220703125 363.181243896484375 368.95623779296875 372 371.07501220703125 367.42498779296875 361.625 354.493743896484375 345.86248779296875 339.04376220703125 337.350006103515625 341.274993896484375 351.92498779296875 360.881256103515625 372.024993896484375 381.225006103515625 387.88751220703125 390.350006103515625 388.5625 388.024993896484375 390.04998779296875 397.375 405.087493896484375 409.850006103515625 406.5 398.67498779296875 389.875 382.868743896484375 377.10626220703125 373.48126220703125 372.16876220703125 369.88751220703125
250.693756103515625 259.20623779296875 268.693756103515625 281.806243896484375 297.07501220703125 310.67498779296875 322.943756103515625 334.67498779296875 342.26251220703125 346.61248779296875 348.243743896484375 349.73126220703125 352.149993896484375 354.6875 360.59375 365.112518310546875 368.35626220703125 367.42498779296875 364.881256103515625 358.681243896484375 349 336.42498779296875 325.100006103515625 319.54376220703125 326.931243896484375 339.54998779296875 352.350006103515625 362.024993896484375 371.42498779296875 375.98126220703125 377.48748779296875 377.3125 381.024993896484375 386.8125 394.493743896484375 399.462493896484375 402.29376220703125 400.756256103515625 391.9375 384.23748779296875 378.03125 373.100006103515625 369.21875 368.70001220703125 370.21875
262.443756103515625 268.618743896484375 275.64373779296875 286.76251220703125 298.08123779296875 308.125 318.75 327.14373779296875 334.65625 341 345.649993896484375 349.45623779296875 354.23126220703125 358.90625 363.693756103515625 368.76251220703125 371.17498779296875 369.86248779296875 365.787506103515625 358.20001220703125 346.412506103515625 332.568756103515625 317.26251220703125 308.88751220703125 319.668731689453125 332.625 344.13751220703125 353.306243896484375 360.456268310546875 364.537506103515625 366.806243896484375 366.11248779296875 371.962493896484375 382.143768310546875 388.65625 392.931243896484375 395.09375 392.67498779296875 385.61248779296875 377.98126220703125 371.54998779296875 366.568756103515625 362.82501220703125 362.306243896484375 368.318756103515625
275.29998779296875 278.33123779296875 283.806243896484375 291.337493896484375 298.88751220703125 305.649993896484375 314.54376220703125 323.11248779296875 330.5 338.193756103515625 343.78125 349.625 355.88751220703125 361.975006103515625 367.4375 372.806243896484375 374.943756103515625 374.63751220703125 369.39373779296875 361.931243896484375 350.48126220703125 336.443756103515625 325.149993896484375 318.287506103515625 322.149993896484375 331.475006103515625 340.068756103515625 347.26251220703125 352.431243896484375 356.04998779296875 357.931243896484375 358.95623779296875 367.850006103515625 376.037506103515625 382.70001220703125 386.537506103515625 386.493743896484375 385.625 378.381256103515625 370.29376220703125 364.01251220703125 360.41876220703125 357.35626220703125 358.756256103515625 368.59375
286.59375 288.01873779296875 290.524993896484375 295.131256103515625 300.26251220703125 305.024993896484375 311.96875 318.90625 327.181243896484375 335.79376220703125 342.649993896484375 349.76251220703125 356.943756103515625 365.78125 372.29998779296875 379.10626220703125 383.149993896484375 381.15625 377.506256103515625 369.35626220703125 358.51873779296875 344.95623779296875 336.25 330.16876220703125 328.95623779296875 332.86248779296875 338.89373779296875 343.462493896484375 348.162506103515625 350.962493896484375 351.29998779296875 353.38751220703125 361.412506103515625 370.01251220703125 377.9375 379.774993896484375 380.79998779296875 380.09375 374.85626220703125 365.61248779296875 356.32501220703125 352.40625 353.350006103515625 359.556243896484375 372.16876220703125
296.412506103515625 295.087493896484375 295.76251220703125 297.66876220703125 301.631256103515625 305.662506103515625 310.712493896484375 316.556243896484375 323.881256103515625 332.881256103515625 340.975006103515625 350.20001220703125 359.29998779296875 369.79998779296875 378.193756103515625 384.493743896484375 390.67498779296875 392.4375 389.943756103515625 381.462493896484375 369.33123779296875 357.39373779296875 348.850006103515625 340.79376220703125 336.181243896484375 336.306243896484375 338.806243896484375 340.306243896484375 342.54998779296875 344.537506103515625 346.850006103515625 349.6875 356.568756103515625 365.20623779296875 372 374.57501220703125 374.587493896484375 375.0625 368.65625 360.23126220703125 356.04376220703125 355.618743896484375 356.91876220703125 364.86248779296875 371.225006103515625
303.45001220703125 300.61248779296875 298.4375 299.01251220703125 300.587493896484375 304.543731689453125 308.95623779296875 314.48126220703125 321.70001220703125 330.087493896484375 340.58123779296875 351.96875 363.681243896484375 373.806243896484375 382.318756103515625 391.087493896484375 399.08123779296875 402.84375 403.1875 394.899993896484375 381.76873779296875 368.681243896484375 358.725006103515625 348.78125 341.66876220703125 338.943756103515625 338.26251220703125 337.725006103515625 337.712493896484375 339.681243896484375 342.506256103515625 346.26251220703125 354.35626220703125 362.91876220703125 369.88751220703125 370.350006103515625 370.943756103515625 372.462493896484375 366.23126220703125 357.774993896484375 355.64373779296875 359.48748779296875 363.125 367.53125 373.79376220703125
306.01873779296875 302.350006103515625 299.59375 299.23126220703125 299.13751220703125 301.98748779296875 306.399993896484375 310.41876220703125 317.462493896484375 327.243743896484375 338.056243896484375 351.412506103515625 365.21875 378.006256103515625 387.53125 398.125 403.95623779296875 407.10626220703125 407.5 402.38751220703125 390.1875 378.10626220703125 366.475006103515625 355.475006103515625 347.13751220703125 341.41876220703125 337.868743896484375 335.193756103515625 333.57501220703125 336.73126220703125 340.181243896484375 343.90625 351.95001220703125 359.943756103515625 367.087493896484375 367.912506103515625 368.91876220703125 369.475006103515625 363.475006103515625 359.887481689453125 361.8125 366.806243896484375 371.131256103515625 377.056243896484375 385.15625
305.09375 301.931243896484375 299.850006103515625 298.712493896484375 297.462493896484375 299.76251220703125 302.537506103515625 306.4375 313.86248779296875 323.90625 336.85626220703125 351.506256103515625 368.60626220703125 384.16876220703125 394.1875 402.131256103515625 407.03125 410.33123779296875 408.649993896484375 404.46875 394.743743896484375 383.08123779296875 372.181243896484375 360.78125 352.443756103515625 346.056243896484375 340.63751220703125 337.17498779296875 334.17498779296875 335.59375 338.75 341.243743896484375 348.01251220703125 356.475006103515625 364.118743896484375 366.524993896484375 367.556243896484375 366.76873779296875 362.631256103515625 364.86248779296875 368.26251220703125 373.818756103515625 380.5 389.0625 404.193756103515625
304.33123779296875 300.66876220703125 298.462493896484375 297.649993896484375 295.95001220703125 296.73748779296875 298.881256103515625 302.443756103515625 307.8125 317.66876220703125 331.53125 350.350006103515625 371.681243896484375 389.162506103515625 399.21875 406.256256103515625 410.274993896484375 411.85626220703125 409.73126220703125 405.743743896484375 396.006256103515625 384.79376220703125 375.287506103515625 364.1875 356.20001220703125 349.600006103515625 343.274993896484375 337.91876220703125 334.274993896484375 335.46875 337.587493896484375 339.29998779296875 346.668731689453125 354.29998779296875 360.38751220703125 363.67498779296875 364.787506103515625 364.88751220703125 364.10626220703125 367.5625 371.256256103515625 378.274993896484375 388.875 399.78125 416.25
303.068756103515625 300.26251220703125 298.13751220703125 295.79376220703125 294.48748779296875 294.712493896484375 294.837493896484375 296.61248779296875 300.20623779296875 308.82501220703125 324.85626220703125 349.225006103515625 375.399993896484375 395.61248779296875 404.35626220703125 409.962493896484375 411.78125 411.493743896484375 410.0625 405.01873779296875 396.90625 385.375 375.66876220703125 364.35626220703125 357.318756103515625 350.11248779296875 343.9375 338.45001220703125 334.056243896484375 334.8125 335.28125 337.76873779296875 344.443756103515625 352.068756103515625 357.70623779296875 359.931243896484375 360.60626220703125 364.29376220703125 366.087493896484375 368.10626220703125 372.587493896484375 378.881256103515625 389.23126220703125 400.71875 414.35626220703125
301.67498779296875 300.131256103515625 298.193756103515625 295.51251220703125 293.568756103515625 293.73748779296875 292.70001220703125 292.29376220703125 293.59375 300.681243896484375 318.26251220703125 345.3125 374.318756103515625 396.0625 404.35626220703125 408.993743896484375 411.162506103515625 409.631256103515625 405.162506103515625 400.79998779296875 392.100006103515625 382.26251220703125 371.774993896484375 362.15625 354.306243896484375 347.743743896484375 342 338.337493896484375 334.11248779296875 333.600006103515625 334.09375 335.8125 342.743743896484375 350.13751220703125 354.23126220703125 355.493743896484375 359.39373779296875 361.26873779296875 362.51251220703125 366.29376220703125 372.056243896484375 376.70001220703125 383.9375 394.73748779296875 404.16876220703125
301.649993896484375 300.868743896484375 298.537506103515625 297.95623779296875 295.88751220703125 295.024993896484375 293.04376220703125 290.806243896484375 288.95001220703125 288.568756103515625 311.243743896484375 346.431243896484375 373.65625 392.13751220703125 401.506256103515625 405.818756103515625 407.743743896484375 405.17498779296875 401.368743896484375 395.100006103515625 385.524993896484375 375.068756103515625 365.20623779296875 356.375 348.912506103515625 343.618743896484375 338.850006103515625 335.431243896484375 332.75 331.725006103515625 331.524993896484375 332.368743896484375 339.78125 346.83123779296875 351.475006103515625 354.70001220703125 356.45623779296875 358.0625 359.58123779296875 362.262481689453125 366.037506103515625 370.53125 376.78125 385.26251220703125 392.475006103515625
301.82501220703125 302.01251220703125 300.618743896484375 300.04998779296875 299.26873779296875 297.943756103515625 296.212493896484375 294.29376220703125 294.16876220703125 291.462493896484375 325.475006103515625 361.306243896484375 379.493743896484375 391.23126220703125 398.98126220703125 402.54376220703125 401.98126220703125 399.087493896484375 393.193756103515625 385.35626220703125 376.01873779296875 365.118743896484375 356.412506103515625 348.35626220703125 342.45001220703125 338.20623779296875 334.13751220703125 332.087493896484375 330.35626220703125 330.131256103515625 328.193756103515625 328.76873779296875 335.66876220703125 343.068756103515625 347.23748779296875 350.931243896484375 352.743743896484375 354.54376220703125 355.89373779296875 357.368743896484375 359.23748779296875 363.01251220703125 366.756256103515625 372.42498779296875 378.51873779296875
304.08123779296875 303.881256103515625 302.506256103515625 303.39373779296875 302.725006103515625 302.681243896484375 303.82501220703125 306.04376220703125 312.78125 331.993743896484375 369.71875 381.64373779296875 387.42498779296875 393.712493896484375 398.46875 398.399993896484375 396.67498779296875 391.256256103515625 382.875 373.98748779296875 362.912506103515625 352.118743896484375 345.024993896484375 337.524993896484375 332.662506103515625 330.712493896484375 328.125 327.25 327.149993896484375 327.256256103515625 327.4375 327.625 333.26251220703125 339.75 346.16876220703125 349.068756103515625 349.66876220703125 351.76873779296875 351.737518310546875 350.337493896484375 351.61248779296875 353.60626220703125 356.787506103515625 361.11248779296875 366.08123779296875
306.82501220703125 306.787506103515625 306.11248779296875 306.26873779296875 306.475006103515625 308.34375 310.89373779296875 317.70623779296875 328.806243896484375 348.774993896484375 371.600006103515625 384.25 391.493743896484375 395.725006103515625 397.32501220703125 396.14373779296875 392.350006103515625 384.57501220703125 373.6875 363.60626220703125 349.39373779296875 338.118743896484375 330.35626220703125 324.21875 322.51251220703125 321.79376220703125 321.26873779296875 321.98126220703125 323.51873779296875 324.368743896484375 324.42498779296875 327.17498779296875 334.600006103515625 339.89373779296875 343.73126220703125 346.225006103515625 345.95001220703125 345.96875 345.712493896484375 342.76251220703125 342.381256103515625 344.01873779296875 346.012481689453125 347.993743896484375 352.79998779296875
