data/historical-monthly-weather-data/wc2.1_cruts4.09_10m_prec_2011-10.asc
ncols        51
nrows        45
xllcorner    -63.500000000000
yllcorner    -7.500000000000
cellsize     0.166666666667
NODATA_value -9999
[rows 19 to 37 of 45, columns 0 to 43 of 51]
107.8312530517578125 110.74375152587890625 117.5124969482421875 125.03125 132.8000030517578125 142.0749969482421875 150.881256103515625 158.2062530517578125 162.8000030517578125 165.3874969482421875 165.3312530517578125 163.037506103515625 160.162506103515625 157.399993896484375 158.0625 159.8937530517578125 159.4499969482421875 162.524993896484375 166.9187469482421875 173.1062469482421875 179.3625030517578125 190.2312469482421875 205.5500030517578125 214.65625 217.7687530517578125 213.537506103515625 201.75 186.9250030517578125 166.7062530517578125 146.618743896484375 132.787506103515625 132.556243896484375 135.399993896484375 138.2062530517578125 138.8562469482421875 134.1687469482421875 132.59375 134.162506103515625 134.8125 133.2937469482421875 129.96875 125.25624847412109375 116.24375152587890625 107.53125
101.6750030517578125 106.1125030517578125 114.90000152587890625 124.2687530517578125 133.6750030517578125 143.7249908447265625 153.818756103515625 162.212493896484375 167.1750030517578125 168.9187469482421875 168.3625030517578125 164.8312530517578125 160.8812408447265625 156.2624969482421875 156.2062530517578125 156.71875 156.587493896484375 159.100006103515625 165.6374969482421875 171.587493896484375 180.3249969482421875 191.399993896484375 202.399993896484375 208.6687469482421875 212.4562530517578125 211.0625 201.1875 185.28125 169.75 157.524993896484375 148.53125 145.774993896484375 147.625 151.881256103515625 156.5500030517578125 150.506256103515625 143.5 140.475006103515625 137.8625030517578125 135.243743896484375 131.850006103515625 127.2624969482421875 120.0749969482421875 112.9875030517578125
95.96875 101.97499847412109375 112.24375152587890625 123.1875 134.431243896484375 145.850006103515625 156.8562469482421875 166.662506103515625 172.837493896484375 174.068756103515625 172.1125030517578125 167.587493896484375 162.931243896484375 159.3125 158.40625 158.8562469482421875 160.024993896484375 163.212493896484375 168.6999969482421875 175.056243896484375 181.068756103515625 190.118743896484375 200.475006103515625 204.96875 206.65625 205.6437530517578125 199.306243896484375 188.2062530517578125 177.7375030517578125 168.7687530517578125 161.350006103515625 157.587493896484375 158.3249969482421875 161.5625 162.75 158.3562469482421875 151.125 145.2624969482421875 140.868743896484375 137.71875 133.9812469482421875 129.59375 124.1875 117.7624969482421875
92.00624847412109375 99.6437530517578125 111.22499847412109375 123.4499969482421875 135.21875 147.287506103515625 159.3874969482421875 171.056243896484375 179.5437469482421875 179.34375 176.068756103515625 170.1374969482421875 165.943756103515625 163.4187469482421875 162.3249969482421875 162.375 163.5437469482421875 167.875 173.0500030517578125 178.59375 184.84375 191.4187469482421875 198.8375091552734375 202.399993896484375 203.28125 200.431243896484375 196.4375 191.125 183.1374969482421875 176.7062530517578125 171.850006103515625 168.756256103515625 167.96875 169.2624969482421875 168.6687469482421875 163.7312469482421875 156.71875 149.193756103515625 144.1437530517578125 142.2375030517578125 139.1875 135.0500030517578125 129.9499969482421875 123.65000152587890625
90.1374969482421875 99.2312469482421875 112.25624847412109375 124.1437530517578125 135.8625030517578125 147.7125091552734375 159.2687530517578125 171.125 179.125 179.6750030517578125 176.1437530517578125 171.6374969482421875 168.225006103515625 166.1999969482421875 166.15625 166.6437530517578125 168.524993896484375 172.912506103515625 177.8687591552734375 182.9812469482421875 189 195.712493896484375 200.743743896484375 202.4875030517578125 201.600006103515625 196.7937469482421875 191.0437469482421875 189.0749969482421875 186.3562469482421875 182.681243896484375 179.100006103515625 176.193756103515625 175.337493896484375 175.118743896484375 174.068756103515625 170.443756103515625 164.243743896484375 156.6437530517578125 152.131256103515625 149.3625030517578125 146.25 142.2249908447265625 136.8562469482421875 130.162506103515625
91.34999847412109375 100.625 114.13124847412109375 125.16249847412109375 136.412506103515625 147.431243896484375 157.8937530517578125 167.8249969482421875 174.475006103515625 177.0187530517578125 176.4562530517578125 173.537506103515625 171.350006103515625 170.1062469482421875 170.506256103515625 172.037506103515625 174.0749969482421875 178.7624969482421875 183.71875 188.931243896484375 194.375 199.0500030517578125 204.212493896484375 204.53125 203.3000030517578125 201.1125030517578125 195.681243896484375 192.881256103515625 190.5187530517578125 187.5124969482421875 184.1062469482421875 180.28125 180.381256103515625 179.7312469482421875 178.9250030517578125 175.337493896484375 171.46875 166.993743896484375 162.287506103515625 159.5 156.1125030517578125 151.46875 145.5749969482421875 139.6437530517578125
93.1687469482421875 101.5625 112.83750152587890625 124.51250457763671875 135.287506103515625 145.3937530517578125 154.9499969482421875 163.78125 170.506256103515625 174.8562469482421875 175.0812530517578125 174.5187530517578125 173.4499969482421875 173.09375 174.9562530517578125 177.0500030517578125 180.024993896484375 184.568756103515625 189.912506103515625 195.1125030517578125 200.25 204.318756103515625 208.725006103515625 208.899993896484375 208.149993896484375 206.850006103515625 202.5625 198.3562469482421875 194.975006103515625 192.006256103515625 187.1062469482421875 184.318756103515625 184.881256103515625 184.162506103515625 184.125 181.5500030517578125 178.9499969482421875 176.712493896484375 173.1687469482421875 170.4499969482421875 167.28125 162.662506103515625 156.3249969482421875 150.53125
92.7062530517578125 97.8249969482421875 107.81874847412109375 118.43125152587890625 128.6125030517578125 139.006256103515625 148.556243896484375 157.53125 164.1062469482421875 168.725006103515625 172.3937530517578125 173.8000030517578125 174.600006103515625 175.7375030517578125 178.037506103515625 181.2375030517578125 183.9499969482421875 189.493743896484375 194.818756103515625 199.975006103515625 205.318756103515625 209.318756103515625 213.193756103515625 214.850006103515625 213.3874969482421875 212.068756103515625 207.15625 202.2624969482421875 198.4562530517578125 194.7062530517578125 190.9812469482421875 186.837493896484375 188.256256103515625 188.8874969482421875 188.806243896484375 187.618743896484375 186.337493896484375 185.1750030517578125 183.3562469482421875 182.46875 180.34375 176.975006103515625 171.7687530517578125 166.212493896484375
91.05625152587890625 93.83750152587890625 102.53749847412109375 112.27500152587890625 121.71875 132.0124969482421875 142.2375030517578125 151.1687469482421875 158.1062469482421875 164.21875 168.9187469482421875 172.0749969482421875 175.181243896484375 177.25 180.7375030517578125 184.537506103515625 188.5749969482421875 193.5625 199.568756103515625 205.78125 210.5187530517578125 214.5625 219.399993896484375 219.6750030517578125 218.1750030517578125 216.9875030517578125 212.2062530517578125 206.9875030517578125 201.274993896484375 196.975006103515625 192.34375 188.818756103515625 190.850006103515625 192.243743896484375 194.181243896484375 193.34375 192.4187469482421875 193.475006103515625 192.806243896484375 194.0437469482421875 195.5124969482421875 192.6999969482421875 186.756256103515625 183.337493896484375
89.15625 90.1437530517578125 97.4875030517578125 106.4875030517578125 115.28749847412109375 125.09375 134.962493896484375 144.462493896484375 152.274993896484375 159.837493896484375 166.381256103515625 171.024993896484375 175.243743896484375 178.6062469482421875 183.3000030517578125 187.6750030517578125 192.6687469482421875 198.1374969482421875 204.131256103515625 210.587493896484375 215.0812530517578125 219.693756103515625 224.318756103515625 223.975006103515625 222.21875 221.2062530517578125 215.96875 209.962493896484375 204.899993896484375 199.6062469482421875 193.8562469482421875 190.21875 192.818756103515625 195.2312469482421875 197.9812469482421875 198.368743896484375 198.306243896484375 199.381256103515625 199.225006103515625 201.506256103515625 205.3625030517578125 203.506256103515625 198.9187469482421875 199.318756103515625
87.9250030517578125 87.6125030517578125 93.78749847412109375 101.03125 108.9375 117.90000152587890625 127.75624847412109375 137.725006103515625 146.743743896484375 154.7687530517578125 163.037506103515625 168.71875 174.818756103515625 179.912506103515625 184.9375 190.368743896484375 194.837493896484375 201.4375 207.243743896484375 212.4187469482421875 217.725006103515625 222.712493896484375 226.756256103515625 225.28125 223.787506103515625 223.375 217.568756103515625 210.8249969482421875 204.5187530517578125 199.65625 195.274993896484375 192.0437469482421875 194.6687469482421875 198.1437530517578125 200.9375 201.625 201.774993896484375 203.6374969482421875 201.787506103515625 202.5625 205.868743896484375 209.0124969482421875 208.787506103515625 213.100006103515625
86.4812469482421875 84.81874847412109375 90.0812530517578125 95.71875 102.6062469482421875 112.0187530517578125 121.65000152587890625 131.6062469482421875 140.9187469482421875 149.7375030517578125 159.399993896484375 167 175.149993896484375 181.806243896484375 186.7062530517578125 192.40625 198.037506103515625 203.9250030517578125 209.587493896484375 215.09375 219.78125 224.912506103515625 229.0187530517578125 226.9875030517578125 225.125 223.5749969482421875 217.4499969482421875 210.337493896484375 203.5812530517578125 199.212493896484375 196.1750030517578125 193.75 196.649993896484375 200.7062530517578125 203.9875030517578125 204.056243896484375 204.84375 206.96875 203.96875 199.4375 203.212493896484375 211.21875 217.068756103515625 222.412506103515625
84.8625030517578125 82.1687469482421875 86.0500030517578125 91.24375152587890625 97.81874847412109375 106.18125152587890625 115.5124969482421875 125.40625 135.1750030517578125 144.975006103515625 155.3000030517578125 164.756256103515625 173.818756103515625 182.3937530517578125 188.84375 194.787506103515625 199.693756103515625 204.6999969482421875 211.3937530517578125 216.875 221.368743896484375 226.212493896484375 230.3125 227.4875030517578125 225.368743896484375 222.868743896484375 216.287506103515625 209.0749969482421875 201.9875030517578125 198.899993896484375 196.6750030517578125 194.5812530517578125 198.006256103515625 202.9187469482421875 205.8125 206.5187530517578125 207.7687530517578125 209.818756103515625 205.6437530517578125 202.7937469482421875 207.8312530517578125 217.71875 225.1875 233.212493896484375
87.11875152587890625 84.0437469482421875 86.5 90.3874969482421875 94.9375 102.38124847412109375 110.5749969482421875 119.2687530517578125 128.8937530517578125 139.318756103515625 152.3000030517578125 162.350006103515625 173.462493896484375 184.318756103515625 190.7624969482421875 195.962493896484375 200.006256103515625 205.131256103515625 211.0187530517578125 216.2937469482421875 220.21875 224.4250030517578125 227.5187530517578125 225.068756103515625 222.3000030517578125 219.287506103515625 212.756256103515625 205.1999969482421875 198.5625 197.412506103515625 196.3125 195.59375 197.774993896484375 202.9562530517578125 207.7937469482421875 210.59375 211.868743896484375 212.7312469482421875 210.9187469482421875 213.368743896484375 219.287506103515625 228.068756103515625 236.5 244.681243896484375
89.36875152587890625 86.4187469482421875 87.7375030517578125 89.96250152587890625 92.28749847412109375 98.7937469482421875 105.90000152587890625 113.56874847412109375 122.4875030517578125 133.306243896484375 145.8625030517578125 159.287506103515625 173.681243896484375 184.625 191.756256103515625 196.399993896484375 200.2687530517578125 205.443756103515625 209.8937530517578125 215.350006103515625 218.5124969482421875 221.7375030517578125 224.2375030517578125 220.5187530517578125 217.962493896484375 214.7375030517578125 207.6875 200.306243896484375 194.506256103515625 194.524993896484375 195.4812469482421875 196.5749969482421875 199.993743896484375 203.993743896484375 209.875 213.131256103515625 214.6374969482421875 216.1687469482421875 217.9375 222.9250030517578125 228.3000030517578125 237.0749969482421875 247.306243896484375 256.631256103515625
92.00624847412109375 89.375 89.0187530517578125 89.71875 90.52500152587890625 95.83750152587890625 101.72499847412109375 108.4499969482421875 116.2624969482421875 126.7937469482421875 140.2125091552734375 155.6750030517578125 172.5749969482421875 186.5124969482421875 192 196.2937469482421875 200.125 204.71875 209.024993896484375 213.068756103515625 215.962493896484375 217.993743896484375 219.7062530517578125 215.274993896484375 212.2312469482421875 208.78125 202.40625 196.024993896484375 190.6687469482421875 191.568756103515625 193.631256103515625 196.600006103515625 200.524993896484375 205.662506103515625 210.725006103515625 213.46875 215.5749969482421875 219.9375 223.8125 229.306243896484375 235.65625 243.493743896484375 253.962493896484375 263.399993896484375
97.2624969482421875 94.55625152587890625 93.96875 93.47499847412109375 93.53749847412109375 97.4812469482421875 101.3937530517578125 106.0187530517578125 112.50624847412109375 121.3312530517578125 134.7624969482421875 151.2062530517578125 169.6750030517578125 184.2750091552734375 190.6875 194.9250030517578125 198.375 202.725006103515625 206.556243896484375 209.5625 211.8125 213.462493896484375 213.068756103515625 208.8125 205.2312469482421875 201.21875 195.3874969482421875 189.9187469482421875 185.3937530517578125 187.774993896484375 190.7312469482421875 194.443756103515625 198.7937469482421875 204.868743896484375 209.3000030517578125 211.875 217.375 221.6937408447265625 226.4875030517578125 232.212493896484375 239.4250030517578125 247.225006103515625 254.1374969482421875 263.40625
102.9375 100.28125 99.1999969482421875 98.25 97.6687469482421875 99.7624969482421875 101.7937469482421875 104.38124847412109375 109.16249847412109375 115.125 128.8249969482421875 148.6999969482421875 166.0625 179.631256103515625 187.3562469482421875 192.556243896484375 195.912506103515625 199.875 202.5625 204.5124969482421875 205.6999969482421875 206.1437530517578125 205.787506103515625 200.9562530517578125 196.756256103515625 192.9499969482421875 187.75 183.3125 180.25 183.412506103515625 187.756256103515625 191.5250091552734375 197.524993896484375 203.7874908447265625 207.4187469482421875 212.4875030517578125 218.15625 224.1750030517578125 229.243743896484375 234.59375 241.3937530517578125 246.618743896484375 253.7375030517578125 262.600006103515625
108.83750152587890625 106.29375457763671875 104.73125457763671875 103.41249847412109375 102.40625 103.05625152587890625 104.21250152587890625 105.46250152587890625 109.6374969482421875 113.5812530517578125 130.3937530517578125 150.056243896484375 164.787506103515625 177.5 184.8249969482421875 190.1125030517578125 193.34375 196.40625 198.6125030517578125 199.337493896484375 199.0625 197.693756103515625 196.462493896484375 191.443756103515625 187.912506103515625 184.4375 179.875 176.5500030517578125 174.524993896484375 178.8937530517578125 183.243743896484375 188.4875030517578125 195.0625 200.975006103515625 206.0625 210.875 218.100006103515625 224.03125 230.65625 236.850006103515625 241.131256103515625 246.7062530517578125 251.256256103515625 257.51251220703125
