data/historical-monthly-weather-data/wc2.1_cruts4.09_10m_prec_2002-08.asc
ncols        45
nrows        45
xllcorner    -63.500000000000
yllcorner    -7.500000000000
cellsize     0.166666666667
NODATA_value -9999
[rows 19 to 37 of 45, columns 0 to 42 of 45]
96.6687469482421875 94.59999847412109375 91.96250152587890625 90.1062469482421875 87.375 85.5749969482421875 83.0187530517578125 80.03749847412109375 79.1374969482421875 76.93125152587890625 73.7624969482421875 68.21250152587890625 60.33750152587890625 52.793750762939453125 47.012500762939453125 41.424999237060546875 35.112499237060546875 33.30625152587890625 33.09999847412109375 34.862499237060546875 35.88124847412109375 38.868747711181640625 44.96875 50.59375 54.90000152587890625 57.11875152587890625 58.16249847412109375 57.299999237060546875 54.637500762939453125 49.762500762939453125 48.481250762939453125 55.731250762939453125 61.700000762939453125 68.9499969482421875 77.0124969482421875 82.5187530517578125 86.3937530517578125 89.69374847412109375 89.09999847412109375 85.1374969482421875 77.86875152587890625 71.78125 67.2062530517578125
88.72499847412109375 89.0625 88.53125 87.09999847412109375 83.66249847412109375 82.06874847412109375 80.6999969482421875 78.84999847412109375 78.40625 76.375 74.0124969482421875 69.80625152587890625 62.03125 54.362499237060546875 47.6875 41.94374847412109375 36.481250762939453125 33.30625152587890625 33.83750152587890625 34.75624847412109375 37.893749237060546875 42.081249237060546875 46.97499847412109375 52.887500762939453125 58.75 60.174999237060546875 58.450000762939453125 57.34999847412109375 56.22499847412109375 55.68125152587890625 56.74375152587890625 61.1875 64.4875030517578125 68.83750152587890625 76.0124969482421875 80.7687530517578125 85.90625 88.9250030517578125 87.25624847412109375 84.00624847412109375 77.56874847412109375 72.6125030517578125 68.53749847412109375
84.08750152587890625 83.27500152587890625 83.5749969482421875 83.65000152587890625 81.8937530517578125 79.9250030517578125 79.6750030517578125 77.4187469482421875 77.66249847412109375 75.75624847412109375 75.06874847412109375 73.46250152587890625 69.84375 62.61875152587890625 54.77500152587890625 46.69374847412109375 42.168750762939453125 39.06874847412109375 38.456249237060546875 39.03125 39.856250762939453125 43.09999847412109375 47.91249847412109375 53.24375152587890625 57.668750762939453125 60.231250762939453125 63.168750762939453125 61.768749237060546875 61.44374847412109375 60.831249237060546875 61.3125 63.237499237060546875 65.5749969482421875 69.22499847412109375 72.3125 76.8874969482421875 83.21875 87.9375 87.1999969482421875 83.4499969482421875 77.6374969482421875 72.6374969482421875 67.5625
79.77500152587890625 81.59375 82.90000152587890625 82.1437530517578125 81.1437530517578125 79.6875 77.5187530517578125 75.2312469482421875 76.63124847412109375 77.6750030517578125 79.21875 79.78125 79.0812530517578125 72.65000152587890625 62.77500152587890625 53.63124847412109375 46.987499237060546875 43.68125152587890625 42.40000152587890625 41.9375 42.918750762939453125 45.825000762939453125 49.69374847412109375 52.28125 57.71250152587890625 62.21250152587890625 64.9562530517578125 65.8000030517578125 64.6062469482421875 62.643749237060546875 62.59375 64.49375152587890625 66.0437469482421875 67.19374847412109375 68.40000152587890625 69.6125030517578125 75.6687469482421875 84.0437469482421875 85.69374847412109375 81.6750030517578125 77.11875152587890625 71.6125030517578125 66.81874847412109375
77.3312530517578125 80.3312530517578125 82.66249847412109375 80.49375152587890625 78.8937530517578125 78.0500030517578125 77.5 76.91249847412109375 76.13124847412109375 78.3000030517578125 80.7687530517578125 84.88124847412109375 86.19374847412109375 79.21875 69.19374847412109375 59.90000152587890625 53.02500152587890625 48.9375 46.72499847412109375 46.05625152587890625 46.875 49.0625 51.34375 54.81874847412109375 58.94374847412109375 61.981250762939453125 66.0500030517578125 65.46250152587890625 65.24375152587890625 64.4812469482421875 64.83750152587890625 65.8249969482421875 66.7624969482421875 65.7312469482421875 65.625 65.34375 70.00624847412109375 78.125 80.80625152587890625 77.86875152587890625 73.77500152587890625 69.375 64.8249969482421875
76.5437469482421875 79.28749847412109375 81.2937469482421875 81.2062530517578125 80.3000030517578125 78.97499847412109375 77.69374847412109375 77.40625 78.0124969482421875 80.1374969482421875 81.6062469482421875 84.0500030517578125 85.02500152587890625 80.1374969482421875 71.9812469482421875 64.25 57.893749237060546875 53.4375 50.69374847412109375 49.625 50.33750152587890625 51.56874847412109375 53.40000152587890625 56.418750762939453125 59.018749237060546875 62.856250762939453125 64.5124969482421875 64.59375 64.72499847412109375 64.875 65.03125 65.5500030517578125 66.03125 65.9499969482421875 65.1062469482421875 64.55625152587890625 68.3000030517578125 72.0625 74.0812530517578125 73.11875152587890625 70.13124847412109375 67.0625 63.456249237060546875
77.6999969482421875 80.06874847412109375 79.90000152587890625 81.0625 79.3625030517578125 78.3000030517578125 77.34375 78.03125 77.40000152587890625 78.11875152587890625 79.6999969482421875 81.30625152587890625 81.6437530517578125 77.3937530517578125 72.06874847412109375 65.4250030517578125 60.262500762939453125 56.56874847412109375 53.268749237060546875 52.47499847412109375 53.200000762939453125 53.706249237060546875 55.56874847412109375 57.137500762939453125 59.081249237060546875 61.80625152587890625 63.706249237060546875 64.00624847412109375 64.7375030517578125 65.46250152587890625 65.4375 66.02500152587890625 65.4250030517578125 64.75624847412109375 63.712497711181640625 64.5187530517578125 66.6437530517578125 67.8937530517578125 69.7687530517578125 68.2937469482421875 66.50624847412109375 64.11875152587890625 61.856250762939453125
78.66249847412109375 79.18125152587890625 79.74375152587890625 79.9499969482421875 78.77500152587890625 77.80625152587890625 77.9562530517578125 77.34999847412109375 75.78125 77.2937469482421875 78.75 77.83750152587890625 76.9375 73.875 70.2375030517578125 65.15625 61.268749237060546875 57.83750152587890625 55.606250762939453125 53.88124847412109375 53.55625152587890625 54.575000762939453125 55.518749237060546875 57.731250762939453125 59.325000762939453125 60.21875 62.700000762939453125 63.4375 63.806247711181640625 63.96875 64.86875152587890625 64.65000152587890625 64.53749847412109375 63.887500762939453125 62.27500152587890625 63 63.36875152587890625 64.4812469482421875 64.80625152587890625 63.53749847412109375 62.02500152587890625 60.56874847412109375 60.30625152587890625
80.92499542236328125 77.99375152587890625 78.6062469482421875 78.90625 78.5749969482421875 76.90000152587890625 76.8249969482421875 76.4812469482421875 75.68125152587890625 76.09999847412109375 75.3625030517578125 73.77500152587890625 72.47499847412109375 70.59999847412109375 67.125 63.762500762939453125 61.325000762939453125 58.58750152587890625 56.77500152587890625 55.03125 54.80625152587890625 54.21875 55.96250152587890625 57.59999847412109375 58.52500152587890625 58.612499237060546875 60.93125152587890625 62.387500762939453125 63.27500152587890625 63.65000152587890625 63.66249847412109375 63.143749237060546875 62.88124847412109375 61.518749237060546875 61.22499847412109375 60.862499237060546875 60.325000762939453125 60.77500152587890625 61.46250152587890625 61.043750762939453125 59.581249237060546875 59.21875 59.18125152587890625
80.59375 79.125 78.2687530517578125 78.3312530517578125 76.43125152587890625 75.1374969482421875 74.15000152587890625 72.9875030517578125 73.91249847412109375 73.02500152587890625 72.0749969482421875 70.03125 68.34375 66.93125152587890625 64.6374969482421875 62.16249847412109375 60.924999237060546875 59.112499237060546875 57.49375152587890625 56.25 55.72499847412109375 55.049999237060546875 55.96875 56.66249847412109375 57.700000762939453125 57.293750762939453125 59.700000762939453125 60.93125152587890625 61.66249847412109375 61.96250152587890625 61.712497711181640625 61.643749237060546875 60.268749237060546875 58.46875 58.28749847412109375 59.075000762939453125 59.125 59.487499237060546875 60.11875152587890625 59.11875152587890625 56.77500152587890625 56.83750152587890625 57.862499237060546875
80.44374847412109375 79.4187469482421875 77.9875030517578125 75.9187469482421875 74.4562530517578125 73.30625152587890625 71.71875 71.5749969482421875 71.0625 69.5749969482421875 68.8937530517578125 67.40625 65.6062469482421875 63.831249237060546875 62.018749237060546875 60.02500152587890625 58.306247711181640625 57.84999847412109375 57.61875152587890625 55.41249847412109375 54.61875152587890625 54.799999237060546875 55.637500762939453125 55.96875 56.31874847412109375 57.21250152587890625 58.262500762939453125 59.299999237060546875 58.90625 58.84375 58.924999237060546875 59.21875 57.90625 56.762500762939453125 56.59999847412109375 56.668750762939453125 58.387500762939453125 59.331249237060546875 59.28125 59.84375 59.106250762939453125 58.612499237060546875 57.700000762939453125
80.05625152587890625 78.11875152587890625 75.15000152587890625 73.99375152587890625 74.2375030517578125 72.22499847412109375 70.75 69.08750152587890625 67.75 66.24375152587890625 64.89374542236328125 64.75 64.11875152587890625 62.31874847412109375 59.52500152587890625 57.681247711181640625 57.112499237060546875 56.8125 56.950000762939453125 55.53125 54.456249237060546875 53.09375 53.44374847412109375 53.96250152587890625 54.325000762939453125 55.65000152587890625 55.81874847412109375 57.112499237060546875 57.450000762939453125 57.481250762939453125 57.706249237060546875 57.293750762939453125 55.6875 54.84999847412109375 55.61875152587890625 55.53749847412109375 57.00624847412109375 58.206249237060546875 59.72499847412109375 61.66249847412109375 61.13124847412109375 58.46875 56.518749237060546875
79.11875152587890625 77.3125 74.09375 72.43125152587890625 72.78749847412109375 70.63124847412109375 68.5 65.80625152587890625 64.66249847412109375 63.44374847412109375 62.09999847412109375 61.456249237060546875 60.125 59.16249847412109375 57.262500762939453125 56.962497711181640625 55.862499237060546875 55.206249237060546875 54.53125 53.706249237060546875 53.00624847412109375 52.91249847412109375 52.15000152587890625 51.543750762939453125 52.331249237060546875 53.4375 53.78125 55.075000762939453125 55.174999237060546875 54.825000762939453125 55.38124847412109375 54.65000152587890625 53.450000762939453125 53.21250152587890625 52.50624847412109375 52.356250762939453125 53.893749237060546875 55.55625152587890625 57.53749847412109375 59.58750152587890625 59.200000762939453125 56.543750762939453125 55.53749847412109375
76.7937469482421875 74.50624847412109375 72.00624847412109375 70.91249847412109375 69.59375 67.0500030517578125 65.59375 63.52500152587890625 61.58750152587890625 60.78749847412109375 60.72499847412109375 58.887500762939453125 57.15625 56.762500762939453125 55.15000152587890625 54.981250762939453125 53.981250762939453125 53.668750762939453125 52.762500762939453125 51.84375 51.03749847412109375 50.49375152587890625 49.96250152587890625 50.674999237060546875 51.325000762939453125 51.46250152587890625 52.012500762939453125 51.737499237060546875 52.262500762939453125 51.793750762939453125 52.418750762939453125 51.706249237060546875 50.63124847412109375 49.981250762939453125 49.50624847412109375 49.40625 50.71875 51.893749237060546875 53.53125 55.237499237060546875 54.612499237060546875 53.137500762939453125 52.11875152587890625
74.2312469482421875 73.05625152587890625 70.5187530517578125 70.0124969482421875 66.34375 64.4875030517578125 63.50624847412109375 61.512500762939453125 59.31874847412109375 57.80625152587890625 56.90625 55.84999847412109375 55.043750762939453125 52.75624847412109375 52.237499237060546875 51.46250152587890625 51.375 50.581249237060546875 49.5 49.09375 48.668750762939453125 48.18125152587890625 48.0625 48.206249237060546875 49.21250152587890625 49.69374847412109375 49.96875 49.40000152587890625 50.450000762939453125 50.375 50.4375 49.518749237060546875 47.75624847412109375 46.41249847412109375 46.28125 46.231250762939453125 47.28749847412109375 47.9375 49.28125 49.80625152587890625 50.450000762939453125 49.84375 48.700000762939453125
72.5625 71.05625152587890625 69.06874847412109375 66.88124847412109375 64.4875030517578125 62.58750152587890625 61.112499237060546875 59.31874847412109375 56.081249237060546875 54.956249237060546875 53.84999847412109375 53.5 51.84999847412109375 50.78125 50.16249847412109375 49.84999847412109375 49.53749847412109375 48.56874847412109375 47.46875 47.03125 46.806247711181640625 46.137500762939453125 45.512500762939453125 46.09999847412109375 46.668750762939453125 47.5 47.68125152587890625 47.36875152587890625 48.5 48.65625 47.75624847412109375 46.387500762939453125 44.737499237060546875 43.081249237060546875 42.543750762939453125 42.44374847412109375 42.549999237060546875 43.65000152587890625 44.918750762939453125 45.325000762939453125 45.22499847412109375 44.793750762939453125 44.50624847412109375
70.9187469482421875 69.8249969482421875 67.28749847412109375 64.8874969482421875 62.90000152587890625 60.19374847412109375 58.1875 55.700000762939453125 53.24375152587890625 52.41249847412109375 52.418750762939453125 51.53125 50.97499847412109375 49.924999237060546875 49.27500152587890625 49.081249237060546875 47.96250152587890625 47.5 45.86875152587890625 45.174999237060546875 45.22499847412109375 45.581249237060546875 44.8125 45.387500762939453125 45.46250152587890625 45.61875152587890625 45.543750762939453125 46.5 46.50624847412109375 46.03125 45.13124847412109375 43.924999237060546875 41.08750152587890625 39.950000762939453125 38.84999847412109375 37.950000762939453125 38.74375152587890625 39.66249847412109375 40.075000762939453125 40.97499847412109375 40.981250762939453125 41.481250762939453125 40.50624847412109375
67.34999847412109375 66.3562469482421875 63.918750762939453125 62.200000762939453125 60.50624847412109375 58.293750762939453125 56.331249237060546875 54.52500152587890625 51.59999847412109375 49.768749237060546875 51.393749237060546875 52.393749237060546875 52.106250762939453125 50.44374847412109375 49.831249237060546875 48.325000762939453125 46.831249237060546875 45.84999847412109375 44.700000762939453125 43.450000762939453125 43.65000152587890625 44.13124847412109375 43.768749237060546875 44.450000762939453125 44.799999237060546875 44.125 44.487499237060546875 44.96250152587890625 44.02500152587890625 43.524997711181640625 43.00624847412109375 41.36875152587890625 38.93125152587890625 36.887500762939453125 35.59999847412109375 34.981250762939453125 35.549999237060546875 36.55625152587890625 36.71875 37.47499847412109375 37.299999237060546875 37.768749237060546875 36.93125152587890625
64.8625030517578125 64.28125 61.53125 60.75624847412109375 59.49375152587890625 57.02500152587890625 55.06874847412109375 53.05625152587890625 51.293750762939453125 49.331249237060546875 53.78125 55.043750762939453125 52.9375 51.80625152587890625 50.956249237060546875 48.6875 46.09375 44.450000762939453125 44.05625152587890625 42.75624847412109375 42.8125 42.75 42.61875152587890625 43.24375152587890625 43.643749237060546875 43.606250762939453125 43.96250152587890625 44.356250762939453125 43.84375 42.799999237060546875 41.38124847412109375 40.418750762939453125 38.25 34.91249847412109375 32.93125152587890625 31.987499237060546875 33.18125152587890625 34.31874847412109375 34.731250762939453125 35.362499237060546875 33.93125152587890625 33.612499237060546875 33.200000762939453125
