data/historical-monthly-weather-data/wc2.1_cruts4.09_10m_prec_1975-12.asc
ncols        51
nrows        45
xllcorner    -63.500000000000
yllcorner    -7.500000000000
cellsize     0.166666666667
NODATA_value -9999
[rows 20 to 39 of 45, columns 0 to 44 of 51]
262.01873779296875 261.20001220703125 259.350006103515625 258.568756103515625 258.943756103515625 261.35626220703125 263.16876220703125 264.45623779296875 266.350006103515625 266.25 264.056243896484375 262.20623779296875 259.75 255.100006103515625 247.443756103515625 238.09375 228.931243896484375 220.4875030517578125 214.7312469482421875 208.899993896484375 202.4875030517578125 195.7624969482421875 189.837493896484375 187.8125 187.4812469482421875 186.306243896484375 183.037506103515625 175.462493896484375 165.6687469482421875 158.0437469482421875 153.03125 153 155.8249969482421875 160.375 165.8125 173.306243896484375 183.462493896484375 194.193756103515625 201.3937530517578125 203.806243896484375 201.774993896484375 197.443756103515625 195.212493896484375 193.6875 192.6687469482421875
255.4812469482421875 253.806243896484375 253.337493896484375 254.8000030517578125 256.3125 259.32501220703125 262.59375 265.256256103515625 267.17498779296875 267.09375 264.15625 261.15625 257.59375 252.037506103515625 245.087493896484375 236.868743896484375 228.7312469482421875 221.1374969482421875 214.787506103515625 208.6937408447265625 201.256256103515625 195.59375 191.75 189.96875 190.037506103515625 191.4250030517578125 191.9312591552734375 185.7062530517578125 176.993743896484375 171.149993896484375 167.0749969482421875 165.912506103515625 166.65625 169.8625030517578125 173.4187469482421875 179.8312530517578125 189.524993896484375 200.287506103515625 206.1374969482421875 206.493743896484375 204.5812530517578125 200.9812469482421875 198.46875 196.875 196.6999969482421875
249.8562469482421875 249.8625030517578125 248.875 250.162506103515625 252.75 257.649993896484375 261.5 265.65625 269.243743896484375 268.162506103515625 264.40625 259.493743896484375 255.65625 250.0812530517578125 243.256256103515625 235.568756103515625 227.7312469482421875 220.1437530517578125 213.8625030517578125 207.09375 200.1125030517578125 194.59375 190.6125030517578125 189.306243896484375 190.475006103515625 194.25 198.149993896484375 193.806243896484375 186.3125 182.34375 179.787506103515625 178.631256103515625 178.524993896484375 179.131256103515625 180.631256103515625 184.306243896484375 193.875 207.649993896484375 212.899993896484375 211.3125 208.28125 204.4812469482421875 201.9499969482421875 200.2687530517578125 200.212493896484375
245.5437469482421875 245.056243896484375 243.46875 244.8562469482421875 248.2624969482421875 254.274993896484375 260.15625 264.79998779296875 268.07501220703125 266.41876220703125 262.70623779296875 258.54998779296875 254.693756103515625 249.806243896484375 242.9875030517578125 235.506256103515625 228.21875 221.1437530517578125 214.5812530517578125 207.6062469482421875 199.5437469482421875 193.3625030517578125 188.2937469482421875 187.3562469482421875 188.5 192.03125 196.2062530517578125 195.943756103515625 193.287506103515625 191.6687469482421875 191.28125 190.3125 190.2687530517578125 189.6999969482421875 189.912506103515625 191.03125 199.0437469482421875 211.84375 216.837493896484375 215.0625 211.3312530517578125 207.5500030517578125 204.1750030517578125 201.9812469482421875 204.318756103515625
244.53125 242.8125 239.8249969482421875 242.9875030517578125 247.868743896484375 253.5687408447265625 259.256256103515625 263.01251220703125 264.912506103515625 264.337493896484375 261.506256103515625 257.32501220703125 253.40625 248.725006103515625 242.6750030517578125 235.84375 228.8874969482421875 222.3000030517578125 215.600006103515625 208.4375 199.4875030517578125 191.5812530517578125 185.6437530517578125 183.912506103515625 185.4812469482421875 189.8249969482421875 194.7312469482421875 197.34375 198.1062469482421875 199.6875 201.5124969482421875 201.837493896484375 202.0062408447265625 200.9562530517578125 199.6125030517578125 201.25 207.7062530517578125 214.8937530517578125 218.6875 218.34375 214.8125 210.7937469482421875 206.443756103515625 205.1125030517578125 206.881256103515625
248.3312530517578125 249.1125030517578125 245.7624969482421875 247.368743896484375 249.0749969482421875 253.850006103515625 258.118743896484375 261.04998779296875 262.381256103515625 261.375 258.6875 255.5812530517578125 251.7687530517578125 247.46875 242.4562530517578125 236.3937530517578125 229.568756103515625 223.3312530517578125 216.818756103515625 209.4812469482421875 200.931243896484375 191.118743896484375 182.774993896484375 179.1875 182.65625 188.5625 195.337493896484375 199.9812469482421875 203.1875 206.9187469482421875 210.412506103515625 213.6374969482421875 214.4499969482421875 212.1999969482421875 210.4499969482421875 211.337493896484375 215.631256103515625 220.337493896484375 223.225006103515625 223.475006103515625 220.3312530517578125 214.368743896484375 208.2937469482421875 205.4749908447265625 209.53125
250.0749969482421875 251.306243896484375 251.3562469482421875 253.131256103515625 254.318756103515625 257.493743896484375 259.3125 260.4375 260.01873779296875 259.418731689453125 258.23126220703125 255.4875030517578125 251.7312469482421875 248.162506103515625 243.787506103515625 238.806243896484375 232.868743896484375 226.943756103515625 220.600006103515625 212.693756103515625 203.649993896484375 193.34375 183.6999969482421875 178.412506103515625 183.443756103515625 189.9875030517578125 197.493743896484375 203.3125 208.59375 213.475006103515625 218.8874969482421875 223.78125 225.65625 222.712493896484375 220.09375 220.90625 223.1999969482421875 226.306243896484375 229 230.3000030517578125 228.087493896484375 220.65625 211.818756103515625 208.0124969482421875 217.1999969482421875
252.0812530517578125 253.7937469482421875 256.54376220703125 259.41876220703125 260.600006103515625 262.162506103515625 262.193756103515625 260.743743896484375 259.07501220703125 257.600006103515625 255.8937530517578125 253.712493896484375 251.6999969482421875 249.131256103515625 245.568756103515625 240.9375 236.274993896484375 230.4875030517578125 224.662506103515625 217.1875 208.7062530517578125 199.4875030517578125 192.1750030517578125 188.3625030517578125 190.6125030517578125 195.5625 202.03125 207.681243896484375 213.2312469482421875 218.8562469482421875 224.5625 229.375 230.78125 229.2312469482421875 227.1999969482421875 227.931243896484375 229.931243896484375 232.6999969482421875 236.4375 239.5124969482421875 239.225006103515625 231.46875 217.212493896484375 212.53125 229.537506103515625
252.7375030517578125 255.4375 260.95623779296875 266.59375 267.9375 266.524993896484375 263.912506103515625 260.875 258.09375 255.3874969482421875 253.993743896484375 252.9187469482421875 251.5500030517578125 250.1374969482421875 247.037506103515625 244.193756103515625 240.4375 235.4187469482421875 229.962493896484375 223.1875 215.5625 207.837493896484375 202.40625 198.8312530517578125 199.7062530517578125 203.024993896484375 208.34375 213.6062469482421875 219.100006103515625 224.149993896484375 229.3125 233.4499969482421875 234.556243896484375 233.368743896484375 232.375 233.712493896484375 236.1999969482421875 238.71875 242.7062530517578125 247.537506103515625 250.8000030517578125 242.2312469482421875 228.6750030517578125 228.25 245.8625030517578125
256.181243896484375 259.875 267.70623779296875 275.818756103515625 278.837493896484375 272.774993896484375 266.54998779296875 261.82501220703125 257.600006103515625 253.9187469482421875 252.287506103515625 251.1750030517578125 251.475006103515625 251.5749969482421875 249.631256103515625 247.087493896484375 244.537506103515625 241.6999969482421875 236.993743896484375 230.40625 223.09375 216.462493896484375 211.131256103515625 208.274993896484375 208.631256103515625 211.1437530517578125 214.4499969482421875 219.4437408447265625 224.09375 228.7624969482421875 233.375 237.03125 238.975006103515625 238.65625 238.5812530517578125 239.5437469482421875 241.725006103515625 243.743743896484375 247.78125 251.9562530517578125 253.8937530517578125 251.443756103515625 244.9562530517578125 246.8874969482421875 257.068756103515625
257.756256103515625 262.3125 270.04998779296875 278.912506103515625 281.54998779296875 273.362518310546875 265.90625 259.600006103515625 254.4250030517578125 251.5437469482421875 249.962493896484375 249.774993896484375 251.15625 251.96875 250.7937469482421875 249.7062530517578125 249.125 246.4812469482421875 243.568756103515625 237.631256103515625 230.5625 224.375 219.8312530517578125 217.1062469482421875 216.7687530517578125 218.34375 221.0812530517578125 225.181243896484375 229.1750030517578125 233.73748779296875 237.7624969482421875 240.993743896484375 242.881256103515625 243.8000030517578125 244.225006103515625 245.274993896484375 247.3000030517578125 249 252.225006103515625 254.6374969482421875 257.5 259.837493896484375 260.11248779296875 261.21875 268.65625
258.15625 261.76251220703125 267.82501220703125 272.412506103515625 272.45623779296875 267.14373779296875 260.8125 254.162506103515625 249.725006103515625 246.7624969482421875 245.9375 247.34375 250.03125 251.868743896484375 252.5812530517578125 252.7312469482421875 251.5437469482421875 249.162506103515625 246.506256103515625 241.7375030517578125 236.2062530517578125 230.9250030517578125 226.5 224 224.59375 225.5124969482421875 227.243743896484375 230.7624969482421875 234.462493896484375 238.7624969482421875 242.337493896484375 245.381256103515625 246.53125 248.0187530517578125 249.53125 251.3125 252.28125 253.212493896484375 256.15625 258.850006103515625 264.25 271.46875 277.98748779296875 284.54998779296875 296.13751220703125
261.068756103515625 262.181243896484375 264.45623779296875 266.73748779296875 265.6875 260.6875 253.9562530517578125 247.181243896484375 242.7937469482421875 240.71875 242.7062530517578125 245.2062530517578125 249.5437469482421875 253.9499969482421875 255.1750030517578125 255.225006103515625 253.868743896484375 252.412506103515625 248.524993896484375 244.399993896484375 239.837493896484375 235.6875 231.8312530517578125 229.4499969482421875 229.9499969482421875 231.40625 232.9812469482421875 235.15625 238.943756103515625 242.818756103515625 246.7624969482421875 249.993743896484375 251.868743896484375 253.899993896484375 256.162506103515625 258.07501220703125 259.524993896484375 260.98126220703125 263.57501220703125 269.056243896484375 274.818756103515625 284.8125 297.212493896484375 313.3125 339.181243896484375
263.350006103515625 262.368743896484375 262.631256103515625 261.912506103515625 258.443756103515625 253.024993896484375 246.65625 239.8562469482421875 235.274993896484375 233.53125 235.912506103515625 242.3000030517578125 249.3000030517578125 254.3249969482421875 256.8125 257.13751220703125 256.63751220703125 255.181243896484375 250.868743896484375 246.9250030517578125 242.993743896484375 239.0437469482421875 235.306243896484375 233.587493896484375 233.8562469482421875 235.243743896484375 237.3562469482421875 239.8312530517578125 243.75 247.006256103515625 250.7937469482421875 254.693756103515625 257.20623779296875 259.993743896484375 262.4375 264.462493896484375 266.899993896484375 267.82501220703125 272.04376220703125 278.20001220703125 285.01251220703125 297.01251220703125 312.8125 334.48126220703125 365.42498779296875
264.70001220703125 262.725006103515625 260.975006103515625 257.61248779296875 253 246.5812530517578125 239.3312530517578125 232.1374969482421875 226.34375 225.006256103515625 229.4812469482421875 238.6687469482421875 249.4562530517578125 257.493743896484375 260.5 261.056243896484375 260.118743896484375 257.91876220703125 254.1374969482421875 249.056243896484375 246.037506103515625 241.712493896484375 238.975006103515625 237.212493896484375 237.0812530517578125 238.6437530517578125 240.75 243.75 247.5500030517578125 250.899993896484375 254.8625030517578125 258.88751220703125 262.25 265.993743896484375 268.90625 270.51251220703125 272.46875 275.54376220703125 280.54998779296875 285.774993896484375 293.1875 305.412506103515625 321.587493896484375 342.78125 369.53125
266.66876220703125 263.65625 260.181243896484375 255.65625 249.65625 242.71875 234.162506103515625 225.4375 218.15625 215.0749969482421875 221.59375 235.3625030517578125 250.4812469482421875 260.58123779296875 264.57501220703125 265.412506103515625 264.181243896484375 261.58123779296875 256.681243896484375 251.03125 247.743743896484375 244.6437530517578125 241.1687469482421875 239.493743896484375 239.7312469482421875 240.7687530517578125 243.125 245.962493896484375 249.5 253.568756103515625 258.29376220703125 262.32501220703125 266.61248779296875 270.399993896484375 273.662506103515625 275.13751220703125 279.131256103515625 282.787506103515625 287.6875 293.54998779296875 301.149993896484375 313.287506103515625 326.96875 344.649993896484375 363.850006103515625
268.3125 264.64373779296875 260.375 255.368743896484375 249.1875 241.9375 233.556243896484375 223.2624969482421875 212.7687530517578125 204.537506103515625 215.6125030517578125 238.59375 254.9250030517578125 264.51251220703125 268.931243896484375 269.774993896484375 268.70001220703125 265.118743896484375 260.16876220703125 254.0812530517578125 250.131256103515625 246.3625030517578125 242.850006103515625 241.1125030517578125 240.8125 241.993743896484375 243.9499969482421875 247.631256103515625 251.8000030517578125 256.399993896484375 261.26251220703125 265.70001220703125 270.39373779296875 275.131256103515625 278.568756103515625 281.95001220703125 286.08123779296875 289.943756103515625 293.912506103515625 299.568756103515625 306.625 316.85626220703125 328.38751220703125 342.5625 354.95623779296875
269.318756103515625 265.712493896484375 261.600006103515625 256.42498779296875 250.962493896484375 243.662506103515625 236.350006103515625 227.0749969482421875 217.3125 206.5187530517578125 229.600006103515625 254.712493896484375 265.73748779296875 272.20001220703125 275.193756103515625 275.59375 273.58123779296875 269.818756103515625 263.649993896484375 257.40625 251.8625030517578125 247.3000030517578125 243.9187469482421875 241.993743896484375 241.3000030517578125 242.28125 245.3874969482421875 249.100006103515625 253.34375 258.79376220703125 263.51873779296875 268.59375 273.85626220703125 279.15625 283.13751220703125 287.056243896484375 291.212493896484375 294.75 299.04998779296875 303.89373779296875 309.625 317.600006103515625 326.03125 336.625 346.04376220703125
269.60626220703125 266.0625 262.756256103515625 258.743743896484375 253.756256103515625 247.8874969482421875 242.475006103515625 237.8249969482421875 236.256256103515625 244.912506103515625 272.5 278.131256103515625 279.537506103515625 282.26251220703125 283.4375 283.01251220703125 280.51873779296875 275.024993896484375 268.0625 260.787506103515625 253.875 247.8562469482421875 243.806243896484375 242.0187530517578125 241.7312469482421875 242.8000030517578125 245.506256103515625 249.6062469482421875 254.0124969482421875 259.712493896484375 265.399993896484375 269.431243896484375 274.48748779296875 279.42498779296875 284.63751220703125 288.493743896484375 292.149993896484375 295.59375 299 302.75 308.11248779296875 313.962493896484375 320.256256103515625 328.03125 334.912506103515625
271.024993896484375 267.618743896484375 264.84375 261.662506103515625 258.04998779296875 254.7624969482421875 252.1875 252.306243896484375 255.75 266.23748779296875 282.46875 289.774993896484375 290.79376220703125 292.274993896484375 292.912506103515625 291.412506103515625 287.993743896484375 282.131256103515625 273.4375 264.743743896484375 255.0625 247.068756103515625 241.7687530517578125 239.5500030517578125 240.3562469482421875 242.3937530517578125 246.0124969482421875 250.5 254.8562469482421875 260.943756103515625 265.98748779296875 271.16876220703125 276.48748779296875 281.006256103515625 285.29998779296875 288.024993896484375 291.88751220703125 294.76251220703125 297.350006103515625 299.806243896484375 303.274993896484375 308.056243896484375 313.431243896484375 319.368743896484375 325.149993896484375
