data/historical-monthly-weather-data/wc2.1_cruts4.09_10m_prec_2002-02.asc
ncols        45
nrows        45
xllcorner    -63.500000000000
yllcorner    -7.500000000000
cellsize     0.166666666667
NODATA_value -9999
[rows 20 to 39 of 45, columns 0 to 44 of 45]
255.5124969482421875 257.20001220703125 263.51873779296875 271.125 281.756256103515625 292.625 304.5625 316.5 326.868743896484375 335.837493896484375 343.600006103515625 354.912506103515625 367.881256103515625 379.462493896484375 368.07501220703125 346.431243896484375 328.056243896484375 313.60626220703125 307.57501220703125 302.431243896484375 298.26873779296875 293.01873779296875 286.443756103515625 280.087493896484375 274.318756103515625 269.931243896484375 269.443756103515625 269.39373779296875 270.399993896484375 271.75 267.26251220703125 256.712493896484375 237.3125 214.03125 193.212493896484375 205.2937469482421875 229.3187408447265625 248.537506103515625 261.36248779296875 267.8125 268.756256103515625 267.76251220703125 267.306243896484375 266.21875 263.493743896484375
253.625 257.28125 265.71875 277 288.693756103515625 301.13751220703125 314.056243896484375 326.975006103515625 337.28125 343.431243896484375 346.90625 351.625 357.068756103515625 360.54998779296875 356.962493896484375 345.5 332.868743896484375 320.90625 312.58123779296875 306.25 298.04376220703125 291.17498779296875 286.28125 279.23126220703125 273.587493896484375 270.14373779296875 270.54998779296875 270.818756103515625 272.506256103515625 275.006256103515625 273.33123779296875 263.631256103515625 246.649993896484375 229.15625 217.28125 224.493743896484375 241.256256103515625 255.0124969482421875 263.28125 267.01873779296875 267.962493896484375 267.59375 266.61248779296875 264.79376220703125 262.149993896484375
255.7312469482421875 261.70623779296875 270.70001220703125 283.36248779296875 296.13751220703125 310.46875 322.631256103515625 336.48748779296875 347.337493896484375 348.90625 346.431243896484375 343.89373779296875 341.67498779296875 342.868743896484375 345.14373779296875 341.431243896484375 333.600006103515625 324.20623779296875 314.91876220703125 305.90625 297.100006103515625 288.556243896484375 281.79998779296875 274.493743896484375 270.13751220703125 268.15625 268.82501220703125 269.9375 272.962493896484375 277.23126220703125 278.75 274.850006103515625 260.131256103515625 247.743743896484375 243.9875030517578125 251.2624969482421875 260.662506103515625 266.975006103515625 269.58123779296875 268.41876220703125 267.399993896484375 266.631256103515625 265.243743896484375 263.35626220703125 260.868743896484375
264.318756103515625 271.537506103515625 281.024993896484375 291.962493896484375 304.774993896484375 318.618743896484375 331.4375 342.85626220703125 351.662506103515625 349.84375 344.76873779296875 338.61248779296875 328.91876220703125 331.70001220703125 336.631256103515625 335.681243896484375 330.600006103515625 323.57501220703125 314.45001220703125 304.443756103515625 293.91876220703125 283.96875 275.73748779296875 268.88751220703125 265.568756103515625 263.01251220703125 265.681243896484375 268.662506103515625 271.837493896484375 277.41876220703125 280.79376220703125 279.13751220703125 269.29998779296875 261.91876220703125 262.118743896484375 270.86248779296875 276.26873779296875 274.868743896484375 272.48126220703125 268.91876220703125 266.66876220703125 264.65625 263.29376220703125 262.181243896484375 261.23748779296875
278.5625 285.274993896484375 293.662506103515625 304.42498779296875 317.506256103515625 328.10626220703125 338.89373779296875 347.73126220703125 351.73126220703125 350.41876220703125 345.556243896484375 339.58123779296875 333.95623779296875 333.16876220703125 334.037506103515625 333.725006103515625 330.84375 323.912506103515625 314.70623779296875 303.9375 292.4124755859375 279.993743896484375 269.16876220703125 261.54376220703125 258.131256103515625 259.95623779296875 262.57501220703125 266.9375 270.25 275.162506103515625 277.73748779296875 276.54998779296875 271.943756103515625 268.42498779296875 269.056243896484375 273.13751220703125 275.73126220703125 273.256256103515625 270.024993896484375 266.443756103515625 263.931243896484375 261.76873779296875 260.975006103515625 261.58123779296875 260.07501220703125
299.88751220703125 306.274993896484375 311.506256103515625 320.28125 331.04376220703125 339.67498779296875 346.45001220703125 352.40625 354.375 352.912506103515625 348.73126220703125 344.662506103515625 341.568756103515625 338.48126220703125 337.975006103515625 336.006256103515625 332.83123779296875 325.63751220703125 317.10626220703125 305.75 292.25 276.8125 262.65625 252.6062469482421875 252.6437530517578125 256.6875 262.318756103515625 265.600006103515625 268.98748779296875 272.087493896484375 273.5625 273.04376220703125 270.625 268.818756103515625 268.83123779296875 270.225006103515625 270.70001220703125 268.71875 264.568756103515625 261.568756103515625 259.462493896484375 257.84375 256.837493896484375 257.95001220703125 258.92498779296875
320.881256103515625 325.118743896484375 327.96875 335.068756103515625 342.024993896484375 346.90625 352.04998779296875 354.493743896484375 356.01873779296875 356.162506103515625 354.4375 351.73126220703125 349.98126220703125 347.95623779296875 345.681243896484375 343.5625 339.068756103515625 331.506256103515625 321.743743896484375 309.26873779296875 294.20001220703125 277.868743896484375 260.681243896484375 248.899993896484375 252.443756103515625 257.556243896484375 262.712493896484375 266.03125 268.068756103515625 270.41876220703125 271.925018310546875 270.3125 268.212493896484375 268.25 266.212493896484375 266.41876220703125 265.850006103515625 262.71875 259.537506103515625 256.41876220703125 253.993743896484375 251.993743896484375 250.743743896484375 251.4812469482421875 255.3625030517578125
342.98748779296875 343.84375 345.443756103515625 349.01873779296875 352.29998779296875 353.64373779296875 357.10626220703125 359.875 360.912506103515625 362.04376220703125 360.6875 359.10626220703125 357.756256103515625 356.137481689453125 353.818756103515625 351.318756103515625 345.9375 339.40625 328.6875 316.42498779296875 301.76873779296875 285.42498779296875 271.65625 261.45623779296875 260.006256103515625 262.98748779296875 266.337493896484375 268.60626220703125 269.45623779296875 271.0625 271.66876220703125 270.618743896484375 269.462493896484375 266.625 263.41876220703125 262.67498779296875 260.056243896484375 257.45001220703125 253.931243896484375 250.3625030517578125 247.7937469482421875 246.40625 245.225006103515625 246.931243896484375 253.181243896484375
362.787506103515625 362.181243896484375 360.71875 361.475006103515625 362.58123779296875 361.862518310546875 363.32501220703125 364.462493896484375 366.243743896484375 368.037506103515625 367.58123779296875 366.40625 365.01251220703125 365.16876220703125 363.181243896484375 361.368743896484375 357.118743896484375 349.01251220703125 339.818756103515625 326.943756103515625 312.98126220703125 297.08123779296875 285.64373779296875 276.45623779296875 271.375 270.649993896484375 272.39373779296875 273.024993896484375 273.818756103515625 274.318756103515625 273.07501220703125 272.0625 269.024993896484375 265.243743896484375 261.70001220703125 258.90625 256.375 253.318756103515625 250.8874969482421875 246.337493896484375 241.53125 239.493743896484375 240.649993896484375 245.212493896484375 253.068756103515625
375.64373779296875 372.34375 369.350006103515625 367.54376220703125 368.024993896484375 367.181243896484375 367.26873779296875 367.98126220703125 369.193756103515625 371.9375 373.125 373.756256103515625 373.662506103515625 374.837493896484375 373.98748779296875 370.96875 368.07501220703125 363.243743896484375 354.912506103515625 341.568756103515625 326.51251220703125 312.087493896484375 300.912506103515625 290.59375 283.36248779296875 280.23126220703125 279.693756103515625 278.35626220703125 277.587493896484375 276.71875 276.056243896484375 274.70623779296875 270.13751220703125 265.76873779296875 260.774993896484375 257.587493896484375 253.4250030517578125 250.28125 246.462493896484375 241.90625 240.0187530517578125 239.7937469482421875 240.600006103515625 245.756256103515625 249.0625
384.056243896484375 379.693756103515625 373.962493896484375 371.318756103515625 369.743743896484375 369.73748779296875 369.993743896484375 371.256256103515625 373 375.631256103515625 379.993743896484375 382.5625 384.600006103515625 384.70623779296875 383.274993896484375 381.912506103515625 380.07501220703125 376.90625 370.96875 357.5625 341.66876220703125 326.32501220703125 314.10626220703125 302.837493896484375 294.23748779296875 289.51251220703125 286.89373779296875 284.443756103515625 282.20623779296875 280.48748779296875 279.16876220703125 277.568756103515625 273.36248779296875 268.350006103515625 262.86248779296875 257.16876220703125 252.368743896484375 248.975006103515625 244.625 239.443756103515625 238.3562469482421875 240.412506103515625 242.15625 244.3125 247.212493896484375
386.125 381.59375 376.037506103515625 373.149993896484375 370.412506103515625 370.050018310546875 371.368743896484375 371.8125 374.08123779296875 379.0625 384.39373779296875 388.787506103515625 392.54376220703125 394.774993896484375 393.774993896484375 393.625 389.11248779296875 385.256256103515625 379.375 368.818756103515625 353.88751220703125 339.59375 326.100006103515625 314.53125 305.54376220703125 298.931243896484375 294.35626220703125 290.537506103515625 287.20623779296875 285.73126220703125 284.03125 281.475006103515625 276.64373779296875 270.681243896484375 264.70623779296875 258.23748779296875 252.631256103515625 247.5437469482421875 242.625 240.056243896484375 241.0625 243.225006103515625 244.787506103515625 247.368743896484375 251.100006103515625
379.73748779296875 376.54376220703125 373.11248779296875 370.61248779296875 367.774993896484375 367.98748779296875 368.587493896484375 370.21875 374.20001220703125 380.774993896484375 389.662506103515625 395.08123779296875 401.67498779296875 406.11248779296875 405.6875 403.118743896484375 397.95001220703125 394.64373779296875 387.149993896484375 377.75 365.25 351.45623779296875 338.70623779296875 326.60626220703125 317.5 310.181243896484375 303.70623779296875 298.95623779296875 294.256256103515625 291.350006103515625 289.48748779296875 285.931243896484375 279.85626220703125 273.975006103515625 267.92498779296875 261.34375 254.40625 247.131256103515625 242.462493896484375 242.8125 243.850006103515625 245.8625030517578125 248.475006103515625 252.2375030517578125 260.287506103515625
372.95623779296875 369.76873779296875 367.506256103515625 366.82501220703125 364.806243896484375 364.524993896484375 365.66876220703125 368.23748779296875 371.024993896484375 378.78125 389.993743896484375 399.89373779296875 410.506256103515625 416.287506103515625 416.100006103515625 413.024993896484375 407.35626220703125 402.84375 395.375 386.493743896484375 374.20623779296875 360.9375 349.556243896484375 337.45623779296875 328.381256103515625 320.618743896484375 312.98126220703125 306.181243896484375 300.65625 297.73126220703125 295.29376220703125 291.29998779296875 285.475006103515625 278.631256103515625 270.925018310546875 263.73748779296875 255.4812469482421875 247.4562530517578125 243.931243896484375 244.056243896484375 244.2937469482421875 246.712493896484375 251.3562469482421875 256.162506103515625 264.774993896484375
365.4375 363.90625 363.01251220703125 361.73748779296875 361.5 361.787506103515625 361.6875 363.3125 365.20623779296875 372.806243896484375 387.899993896484375 404.45623779296875 420.368743896484375 428.875 427.61248779296875 423.431243896484375 415.96875 410.04376220703125 403.681243896484375 394.125 383.568756103515625 370.125 358.60626220703125 346.01251220703125 337.59375 328.98748779296875 321.07501220703125 313.743743896484375 307.16876220703125 304.04376220703125 300.33123779296875 297.1875 290.587493896484375 283.48748779296875 274.96875 265.75 255.84375 248.9875030517578125 246.118743896484375 244.25 244.087493896484375 245.493743896484375 249.506256103515625 254.225006103515625 260.912506103515625
357.09375 357.54376220703125 357.625 356.756256103515625 356.53125 357.54376220703125 356.90625 356.6875 356.649993896484375 363.32501220703125 381.46875 403.98126220703125 426.274993896484375 439.318756103515625 438.57501220703125 434.04376220703125 427.4375 420.537506103515625 411.28125 402.59375 391.375 379.41876220703125 366.96875 355.67498779296875 346.175018310546875 337.850006103515625 329.524993896484375 323.01873779296875 315.76251220703125 311.07501220703125 307.087493896484375 302.95623779296875 296.475006103515625 289.0625 279.04998779296875 268.237518310546875 259.71875 250.712493896484375 246.7312469482421875 245.375 245.4250030517578125 245.46875 247.28125 251.4187469482421875 255.649993896484375
350.243743896484375 352.068756103515625 352.368743896484375 354.71875 355.04376220703125 355.63751220703125 354.618743896484375 352.98748779296875 349.95623779296875 348.38751220703125 373.818756103515625 409.0625 432.943756103515625 445.73748779296875 447.412506103515625 443.193756103515625 436.95623779296875 429.26251220703125 420.868743896484375 410.3125 398.0625 385.26251220703125 373.23126220703125 362.368743896484375 353.024993896484375 345.61248779296875 337.33123779296875 330.087493896484375 323.41876220703125 317.82501220703125 312.850006103515625 307.57501220703125 301.5 293.75 283.962493896484375 273.79376220703125 262.75 252.6750030517578125 248.225006103515625 245.5124969482421875 243.6750030517578125 243.4250030517578125 244.40625 246.96875 250.037506103515625
344.287506103515625 347.33123779296875 349.274993896484375 352.23748779296875 354.712493896484375 355.443756103515625 355.475006103515625 354.95623779296875 354.774993896484375 351.21875 391.34375 430.11248779296875 446.693756103515625 454.9375 456.15625 452.11248779296875 444 436.26251220703125 425.85626220703125 413.75 401.556243896484375 388.074981689453125 376.993743896484375 366.63751220703125 358.54998779296875 351.912506103515625 343.51251220703125 336.774993896484375 330.20623779296875 324.86248779296875 317.71875 311.78125 305.36248779296875 298.08123779296875 287.85626220703125 277.53125 265.79998779296875 255.1999969482421875 250.0187530517578125 245.9187469482421875 242.350006103515625 241.4375 240.681243896484375 241.399993896484375 244.0500030517578125
344.631256103515625 345.118743896484375 346.662506103515625 351.20001220703125 353.725006103515625 356.193756103515625 359.912506103515625 364.66876220703125 373.53125 397.162506103515625 442.60626220703125 454.743743896484375 459.08123779296875 463.54376220703125 464.006256103515625 458.512481689453125 451.412506103515625 441.625 428.85626220703125 415.8125 401.28125 387.306243896484375 377.46875 367.162506103515625 359.78125 355.193756103515625 347.86248779296875 341.899993896484375 336.42498779296875 330.15625 323.64373779296875 316.181243896484375 309.21875 302.07501220703125 294.59375 284.20623779296875 272.11248779296875 262.23748779296875 256.04998779296875 249.7937469482421875 245.774993896484375 243.84375 242.943756103515625 243.0812530517578125 245.4499969482421875
346.162506103515625 344.33123779296875 346.100006103515625 349.51873779296875 352.86248779296875 357.662506103515625 363.181243896484375 373.587493896484375 388.45623779296875 413.79376220703125 442.51873779296875 457.725006103515625 466.29998779296875 470.931243896484375 470.70001220703125 466.88751220703125 459.98748779296875 448.256256103515625 432.95623779296875 418.774993896484375 400.068756103515625 384.89373779296875 373.837493896484375 364.537506103515625 360.23126220703125 356.61248779296875 351.118743896484375 346.48126220703125 342.231231689453125 335.36248779296875 327.13751220703125 320.91876220703125 316.36248779296875 309.08123779296875 300.29376220703125 290.475006103515625 278.493743896484375 267.73748779296875 261.46875 254.024993896484375 248.899993896484375 246.912506103515625 245.4562530517578125 244.287506103515625 247.0187530517578125
