data/historical-monthly-weather-data/wc2.1_cruts4.09_10m_prec_1984-05.asc
ncols        45
nrows        45
xllcorner    -63.500000000000
yllcorner    -7.500000000000
cellsize     0.166666666667
NODATA_value -9999
[rows 20 to 39 of 45, columns 0 to 43 of 45]
194.53125 207.1374969482421875 218.21875 226.068756103515625 233.774993896484375 247.931243896484375 259.024993896484375 266.45623779296875 270.024993896484375 269.568756103515625 269.943756103515625 269.412506103515625 263.83123779296875 257.59375 247.912506103515625 240.7624969482421875 229.8125 227.875 232.931243896484375 234.3937530517578125 247.25 258.6875 268.39373779296875 272.95001220703125 274.649993896484375 269.61248779296875 258.70623779296875 254.306243896484375 250.7312469482421875 247.4250030517578125 247.4375 251.3625030517578125 250.4375 252.78125 260.76251220703125 273.412506103515625 284.23748779296875 291.20001220703125 291.8125 288.225006103515625 284.63751220703125 278.57501220703125 277.256256103515625 282.806243896484375
192.568756103515625 198.8937530517578125 213.65625 228.0124969482421875 237.0500030517578125 248.274993896484375 261.76251220703125 272.693756103515625 277.024993896484375 277.1875 276.006256103515625 272.35626220703125 266.056243896484375 258.818756103515625 254.037506103515625 244.443756103515625 245.725006103515625 241.1624908447265625 244.162506103515625 243.162506103515625 245.03125 253.712493896484375 262.28125 262.243743896484375 258.61248779296875 258.45001220703125 258.681243896484375 254.131256103515625 256.79376220703125 255.4937591552734375 250.850006103515625 247.2874908447265625 250.59375 255.9250030517578125 258.51873779296875 265.774993896484375 276.225006103515625 282.75 283.15625 280.712493896484375 279.318756103515625 274.881256103515625 273.381256103515625 276.40625
190.875 203.693756103515625 217.7062530517578125 232.4812469482421875 242.09375 252.2687530517578125 257.48748779296875 269.787506103515625 280.8125 282.11248779296875 278.54998779296875 273.931243896484375 272.056243896484375 265.60626220703125 260.67498779296875 253.912506103515625 250.3937530517578125 247.8625030517578125 247.131256103515625 246.350006103515625 249.6687469482421875 250.0124969482421875 254.6374969482421875 253.34375 254.787506103515625 253.2312469482421875 249.9875030517578125 252.28125 255.681243896484375 253.1437530517578125 247.0500030517578125 246.993743896484375 253.1374969482421875 256.66876220703125 260.63751220703125 259.506256103515625 264.5 273.11248779296875 278.881256103515625 276.756256103515625 273.493743896484375 270.681243896484375 268.79376220703125 270.79998779296875
187.2062530517578125 202.181243896484375 219.53125 232.8125 242.2937469482421875 249.5124969482421875 263.20001220703125 272.5625 276.91876220703125 277 276.51873779296875 278.20001220703125 274.993743896484375 271.60626220703125 264.35626220703125 257.58123779296875 253.431243896484375 252.6374969482421875 252.5812530517578125 252.6437530517578125 250.493743896484375 250.899993896484375 251.149993896484375 253.7687530517578125 251.6999969482421875 245.9250030517578125 245.8874969482421875 248.8937530517578125 254.212493896484375 257.118743896484375 257.73126220703125 258.96875 264.88751220703125 266.287506103515625 267.350006103515625 261.462493896484375 268.59375 273 275.0625 273.899993896484375 269.587493896484375 268.76873779296875 268.024993896484375 266.943756103515625
187.7750091552734375 203.568756103515625 219.556243896484375 236.75 248.875 256.975006103515625 262.57501220703125 271.5 274.274993896484375 276.45001220703125 275.36248779296875 274.524993896484375 275.57501220703125 271.912506103515625 264.274993896484375 259.84375 258.875 256.837493896484375 254.5 254.1125030517578125 254.5437469482421875 251.774993896484375 253.0812530517578125 253.1437530517578125 250.318756103515625 251.681243896484375 251.462493896484375 255.2687530517578125 259.600006103515625 266.86248779296875 268.850006103515625 276.274993896484375 280.337493896484375 279.91876220703125 273.818756103515625 269.63751220703125 272.59375 270.23748779296875 270.618743896484375 269.631256103515625 267.131256103515625 264.368743896484375 263.54376220703125 259.75
193.5187530517578125 210.631256103515625 221.2937469482421875 237.350006103515625 246.3312530517578125 252.774993896484375 257.17498779296875 264.39373779296875 264.024993896484375 263.0625 269.45001220703125 271.987518310546875 269.875 267.86248779296875 266.675018310546875 262.493743896484375 261.625 259.48748779296875 256.6875 254.5625 254.7624969482421875 251.943756103515625 252.774993896484375 249.78125 250.6999969482421875 251.4812469482421875 257.712493896484375 261.6875 265.381256103515625 273.48748779296875 281.65625 296.73748779296875 301.243743896484375 292.037506103515625 282.037506103515625 277.95001220703125 273.95001220703125 271.29998779296875 265.131256103515625 263.024993896484375 261.73126220703125 256.912506103515625 253.024993896484375 252.5250091552734375
198.818756103515625 208.6062469482421875 221.0437469482421875 232.8937530517578125 240.2312469482421875 246.087493896484375 249.4375 251.756256103515625 253.337493896484375 260.306243896484375 264.51873779296875 264.04376220703125 265.118743896484375 265.20623779296875 264.131256103515625 262.91876220703125 259.931243896484375 256.100006103515625 258.537506103515625 255.5749969482421875 252.8562469482421875 251.3562469482421875 251.818756103515625 253.1875 253.8562469482421875 255.3249969482421875 260.92498779296875 264.868743896484375 269.89373779296875 275.475006103515625 288.037506103515625 303.1875 312.90625 298.40625 284.20623779296875 277.26873779296875 275.85626220703125 269.33123779296875 263.024993896484375 260.54998779296875 257.6875 253.2312469482421875 249.743743896484375 246.3125
205.6437530517578125 211.34375 219.9812469482421875 226.100006103515625 232.7312469482421875 239 242.899993896484375 242.962493896484375 246.662506103515625 253.0062408447265625 255.943756103515625 255.8312530517578125 257.725006103515625 258.024993896484375 259.42498779296875 256.14373779296875 256.8125 258.40625 260.71875 259.16876220703125 256.17498779296875 252.443756103515625 255.2375030517578125 255.068756103515625 256.475006103515625 256.21875 262.07501220703125 265.79376220703125 271.48748779296875 277.8125 287.725006103515625 298.912506103515625 303.412506103515625 293.1875 284.556243896484375 277.45001220703125 271.95623779296875 268.725006103515625 264.649993896484375 258.600006103515625 253.5187530517578125 251.6875 248.71875 246.8625030517578125
208.475006103515625 212.8249969482421875 216.53125 220.5437469482421875 224.649993896484375 225.693756103515625 227.5187530517578125 232.6437530517578125 240.381256103515625 243.412506103515625 246.962493896484375 249.287506103515625 250.7312469482421875 254.375 258.14373779296875 259.79998779296875 260.375 260.07501220703125 260.75 260.181243896484375 257.681243896484375 253.59375 254.09375 253.625 254.46875 252.068756103515625 258.04376220703125 264.162506103515625 269.39373779296875 273.662506103515625 281.475006103515625 286.73126220703125 287.76873779296875 282.28125 279.53125 273.76251220703125 269.693756103515625 264.17498779296875 260.21875 254.212493896484375 245.381256103515625 241.3312530517578125 243.6999969482421875 247.899993896484375
208.9375 210.15625 209.65625 208.412506103515625 209.6374969482421875 213.8000030517578125 216.4499969482421875 223.787506103515625 229.412506103515625 231.225006103515625 236.306243896484375 240.21875 243.7624969482421875 249.212493896484375 253.600006103515625 256.443756103515625 257.64373779296875 261.71875 261.04998779296875 257.76251220703125 255.6125030517578125 253.912506103515625 253.287506103515625 251.0625 248.287506103515625 250.899993896484375 252.6750030517578125 254.0749969482421875 258.493743896484375 263.037506103515625 269.70623779296875 272.1875 273.243743896484375 272.39373779296875 271.65625 265.36248779296875 266.89373779296875 262.931243896484375 257.537506103515625 257.068756103515625 252.662506103515625 247.243743896484375 244.1437530517578125 243.181243896484375
208.46875 206.1875 202.1125030517578125 200.931243896484375 201.5625 204.59375 209.649993896484375 213.756256103515625 219.1374969482421875 223.243743896484375 228.15625 231.3312530517578125 238.8249969482421875 241.65625 246.787506103515625 252.5625 256.381256103515625 258.125 259.375 259.037506103515625 253.5749969482421875 250.006256103515625 249.2624969482421875 244.350006103515625 241.4562530517578125 245.6437530517578125 245.5437469482421875 244.75 248.368743896484375 251.1750030517578125 257.712493896484375 257.774993896484375 258.98748779296875 260.32501220703125 260.16876220703125 254.587493896484375 256.29998779296875 257.39373779296875 256.98748779296875 254.899993896484375 255.537506103515625 249.4562530517578125 245.1062469482421875 240.024993896484375
203.0500030517578125 198.431243896484375 194.3312530517578125 193.1437530517578125 194.337493896484375 195.5625 202.5749969482421875 203.725006103515625 208.350006103515625 211.9562530517578125 216.743743896484375 219.7375030517578125 226.9562530517578125 234.131256103515625 239.306243896484375 246.6875 247.78125 249.162506103515625 250.8125 251.618743896484375 245.625 242.774993896484375 240.975006103515625 237.7624969482421875 238.6687469482421875 238.53125 238.0625 235.399993896484375 234.850006103515625 238.600006103515625 240.037506103515625 241.899993896484375 242.662506103515625 244.75 247.243743896484375 244.2937469482421875 245.2375030517578125 248.1999969482421875 247.8312530517578125 252.100006103515625 253.037506103515625 249.212493896484375 246.0500030517578125 245.2624969482421875
194.9187469482421875 191.3625030517578125 187.2375030517578125 187.0500030517578125 185.756256103515625 186.4375 190.96875 192.96875 197.2312469482421875 202.5500030517578125 210.962493896484375 214.71875 221.3249969482421875 229.7937469482421875 233.756256103515625 237.0812530517578125 238.5749969482421875 242.756256103515625 241.4250030517578125 241.6750030517578125 235.475006103515625 234.006256103515625 230.756256103515625 229.837493896484375 229.6875 230.0124969482421875 227.2687530517578125 225.0500030517578125 221.993743896484375 223.59375 225.712493896484375 226.2375030517578125 225.7687530517578125 231.5437469482421875 233.5187530517578125 235.462493896484375 234.087493896484375 237.4562530517578125 237.774993896484375 244.850006103515625 245.7624969482421875 245.806243896484375 244.5999908447265625 246.5812530517578125
187.1687469482421875 182.943756103515625 181.587493896484375 180.7312469482421875 180.7312469482421875 179.743743896484375 181.3312530517578125 181.8874969482421875 185.225006103515625 190.3874969482421875 197.90625 206.25 212.149993896484375 218.381256103515625 224.118743896484375 229.6062469482421875 232.243743896484375 234.5124969482421875 231.09375 228.90625 226.431243896484375 225.3562469482421875 222.375 219.2312469482421875 219.2375030517578125 217.8000030517578125 214.09375 210.8312530517578125 209.662506103515625 210.34375 211.6750030517578125 211.756256103515625 212.806243896484375 215.4562530517578125 219.3562469482421875 220.868743896484375 222.818756103515625 222.7687530517578125 227.0437469482421875 231.8937530517578125 233.225006103515625 237.274993896484375 241.2375030517578125 244.5749969482421875
178.3249969482421875 174.7062530517578125 174.4187469482421875 175.0124969482421875 175.2062530517578125 173.6374969482421875 171.2624969482421875 171.59375 171.7687530517578125 177.3000030517578125 186.212493896484375 195.3937530517578125 205.5625 214.631256103515625 219.1750030517578125 222.875 224.2312469482421875 225.75 222.3874969482421875 217.3625030517578125 215.1437530517578125 212.274993896484375 211.15625 207.8249969482421875 206.6125030517578125 205.0749969482421875 203.8312530517578125 201.431243896484375 199.375 200.287506103515625 199.568756103515625 199.0187530517578125 198.0437469482421875 201.3937530517578125 199.712493896484375 203.0500030517578125 203.4187469482421875 210.4375 214.40625 217.4812469482421875 219.7125091552734375 221.6875 226.28125 232.59375
172.587493896484375 170.7687530517578125 169.006256103515625 168.625 167.7375030517578125 165.7937469482421875 162.4187469482421875 162.5187530517578125 162.65625 164.725006103515625 171.7375030517578125 185.2375030517578125 198.78125 206.962493896484375 212.649993896484375 215.006256103515625 215.6687469482421875 213.71875 212.3562469482421875 207 204.8874969482421875 202.21875 200.2062530517578125 197.75 195.375 192.912506103515625 194.006256103515625 192.3625030517578125 188.2312469482421875 188.15625 188.024993896484375 187.0500030517578125 185.587493896484375 184.412506103515625 184.1750030517578125 186.0437469482421875 193.0437469482421875 194.962493896484375 199.03125 205.556243896484375 207.0812530517578125 212.037506103515625 214.59375 220.1125030517578125
168.100006103515625 167.6062469482421875 165.568756103515625 164.75 164.375 160.84375 157.8000030517578125 154.993743896484375 153.600006103515625 150.806243896484375 163.274993896484375 184.53125 196.399993896484375 202.6750030517578125 206.3562469482421875 207.725006103515625 206.1125030517578125 203.056243896484375 201.1125030517578125 194.6374969482421875 193.412506103515625 191.256256103515625 187.806243896484375 185.3249969482421875 183.412506103515625 183.024993896484375 182.506256103515625 180.5437469482421875 177.1437530517578125 177.59375 178.1875 178.068756103515625 175.59375 171.7062530517578125 171.818756103515625 175.9499969482421875 180.618743896484375 184.681243896484375 187.181243896484375 190.681243896484375 192.368743896484375 194.556243896484375 201.8125 208
164.3562469482421875 163.6875 163.4187469482421875 161.912506103515625 162.34375 159.5749969482421875 156.524993896484375 152.5500030517578125 150.868743896484375 147.712493896484375 169.649993896484375 190.8937530517578125 197.837493896484375 202.1125030517578125 202.931243896484375 202.3125 199.149993896484375 196.34375 191.5812530517578125 186.806243896484375 182.4499969482421875 180.1687469482421875 177.100006103515625 174.5 172.40625 171.399993896484375 169.1750030517578125 171.1687469482421875 169.59375 168.306243896484375 167.3249969482421875 167.256256103515625 165.9625091552734375 161.03125 158.131256103515625 162.399993896484375 168.75 172.1374969482421875 177.524993896484375 178.756256103515625 180.9375 183.6750030517578125 184.725006103515625 187.1875
158.90625 158.381256103515625 158.1687469482421875 158.1125030517578125 156.462493896484375 155.1875 155.068756103515625 155.8874969482421875 160.306243896484375 172.4187469482421875 197.9187469482421875 203.0625 200.6750030517578125 201.71875 200.7624969482421875 198.7312469482421875 195.649993896484375 191.4562530517578125 186.631256103515625 180.087493896484375 173.506256103515625 168.5124969482421875 166.4562530517578125 165.5 162.3312530517578125 160.96875 161.600006103515625 163.462493896484375 160.8874969482421875 161.412506103515625 158.6750030517578125 154.712493896484375 154.6875 153.725006103515625 154.8625030517578125 157.40625 160.4562530517578125 165.8625030517578125 166.5437469482421875 165.5500030517578125 169.649993896484375 171.3874969482421875 170.65625 174.28125
155.9375 154.8312530517578125 155.8125 155.78125 155.649993896484375 155.1999969482421875 154.9375 161.0124969482421875 168.993743896484375 181.056243896484375 193.4812469482421875 200.5187530517578125 198.818756103515625 197.756256103515625 198.274993896484375 194.0812530517578125 189.412506103515625 184.1875 177.90625 172.3874969482421875 164.21875 159.2937469482421875 154.3625030517578125 153.2937469482421875 152.2437591552734375 152.1687469482421875 152.28125 153.493743896484375 152.1062469482421875 152.28125 151.681243896484375 151.4812469482421875 150.8874969482421875 151.28125 152.350006103515625 153.381256103515625 154.9499969482421875 159.1374969482421875 159.1062469482421875 155.181243896484375 156.912506103515625 158.2375030517578125 156.037506103515625 156.212493896484375
