data/historical-monthly-weather-data/wc2.1_cruts4.09_10m_tmax_1953-07.asc
ncols        45
nrows        45
xllcorner    -63.500000000000
yllcorner    -7.500000000000
cellsize     0.166666666667
NODATA_value -9999
29.5 29.5625 29.3125 30 30 30 30 30 30 30 30 30 30 30 30 30 30 30 30 30 29.9375 29.875 29.8125 30 29.9375 30 29.75 29.1875 29 29 29.0625 29.9375 29.875 29.6875 29.6875 29.8125 30 30 30 30 30 30 30 29.5625 30 
29.3125 29 29.3125 30 30 30 30 30 30 30 30 30 30 30 30 30 30 30 30 30 30 29.6875 29.5625 29.75 29.875 30 30 29.1875 29 29.25 29.5625 29.625 29.8125 29.1875 29.5625 29.125 29.6875 30 30 30 30 30 30 29.6875 30 
29 29 29.3125 29.6875 30 30 30 30 30 30 30 30 30 30 30 30 30 30 30 29.875 29.8125 29.4375 29.4375 29.6875 29.25 29.9375 29.8125 29 29.1875 29.9375 29.5625 29.75 30 29.6875 29.25 29.875 30 30 30 30 30 30 30 30 30 
29 29 29.25 29.9375 30 30 30 30 30 30 30 30 30 30 30 30 30 30 30 29.75 29.0625 29.125 29.9375 29.9375 29.4375 30 29.8125 29.5625 29.9375 30 30 29.8125 30 30 30 30 30 30 30 30.125 30 30 30 30 30 
29.125 29 29 29.25 30 30 30 30 30 30 30 30 30 30 30 30 30 30 30 30 29.5 29.5 30 29.75 29.75 30 30 29.9375 29.875 30 30 30 30 30 30 30 30 30 30.0625 30 30 30 30.125 30.1875 30 
29.0625 29.5 29.5 29.125 29.9375 30 30 30 30 30 30 30 30 30 30 30 30 30 30 30 29.3125 29.625 29.6875 30 30 30 30 30 29.875 30 30 30 29.9375 29.625 29.75 30 30 30.1875 30.375 30.0625 30 30.0625 30 30.125 30.0625 
29.8125 30 30 29.9375 30 30 30 30 30 30 30 30 30 30 30 30 30 30 30 30 29.9375 29.8125 30 30 30 30 30 30 30 30 30 30 30 30 29.875 30 30 30.1875 30.75 30.5 30.6875 30.5625 30.75 30.5 30.5 
30 30 30 30 30 30 30 30 30 30 30 30 30 30 30 30 30 30 30 29.9375 30 30 30 30 30 30 30 30 30 30 30 30 30 30 30 30.125 30.1875 30.875 31 31 31 31 31 31 31 
30 30 30 30 30 30 30 30 30 30 30 30 30 30 30 30 30 30 30 30 30 30 30 30 29.9375 30 30 30 30.125 30 30 30 30 30.375 30.375 30 30 30 30.125 30.8125 31 31 31 31 31 
30 30 30 30 30 30 30 30 30 30 30 30 30 30 30 30 30 30 30 30 30 30 30 30 30 30 30 30 30.0625 30.125 30 30 30 30 30.375 30.5625 30.4375 30.3125 30.125 30.0625 30.0625 30.25 30.5625 30.75 31 
30 30 30 30 30 30 30 30 30 30 30 30 30 30 30 30 30 30 30 29.8125 30 30 30 30 30 30 30 30 30 30.5625 30.375 30.0625 30 30 30 30.5 30.875 31 31 30.5625 30.375 30.25 30.875 31 30.9375 
30 30 30 30 30 30 30 30 30 30 30 30 30 30 30 30 30 30 30 30 30 30 30 30 30 30 30 30 30 30.1875 30.875 30.9375 30.625 30.125 30.3125 30.4375 30.5625 31 31 31 31 31 31 31 31 
30 30 30 30 30 30 30 30 30 30 30 30 30 30 30 30 30 30 30 30 30 30 30 30 30.0625 30.375 30.0625 30.4375 30.6875 30.5625 30.625 30.9375 31 30.625 30.625 30.9375 31 31 31 31 31 31 31 31 31 
30 30 30 30 30 30 30 30 30 30 30 30 30 30 30 30 30 30 30 30 30 30 30 30 30 30.5625 30.9375 31 31 31 31 31 31 31 30.8125 31 31 31 31 31 31 31 31 30.9375 31 
30 30 30 30 30 30 30 30 30 30 30 30 30 30 30 30 30 30 30 30 30 30 30 30 30 30 30.25 30.8125 31 31 31 31 31 31 31 31 31 31 31 31 31 31 31 31 30.875 
30 30 30 30 30 30 30 30 30 30 30 30 30 30 30 30 30 30 30 30 30 30 30 30 30.3125 30.3125 30.3125 30.375 30.9375 31 31 31 31 31 31 31 31 31 31 31 31 31 31 30.75 30.625 
30 30 30 30 30 30 30 30 30 30 30 30 30 30 30 30 30 30 30 30 30 30 30.125 30.375 30.9375 31 31 31 31 31 31 31 31 31 31 31 31 31 31 31 31 31 31 31 30.75 
30 30 30 30 30 30 30 30 30 30 30 30 30 30 30 30 30 30 30 30 30.125 30.0625 30 30.5625 31 31 31 31 31 31 31 31 31 31 31 31 31 31 31 31 31 31 31 31 30.8125 
30 30 30 30 30 30 30 30 30 30 30 30 30 30 30 30 30 30 30 30 30.5 30.9375 30.4375 30.875 31 31 31 31 31 31 31 31 31 31 31 31 31 31 31 31 31 31 31 31 31 
30 30 30 30 30 30 30 30 30 30 30 30 30 30.5 30.3125 30 30 30.25 30.25 30 30.1875 30.5625 31 31 31 31 31 31 31 31 31.0625 31 31 31 31 31 31 31 31 31 31 31 31 31 31 
30 30 30 30 30 30 30 30 30 30 30 30 30.4375 31 30.9375 30.5625 30.25 30.4375 30.8125 30.8125 30.9375 31 31 31 31 31 31 31 31 31 31.3125 31.75 31.375 31.3125 31 31 31 31 31 31 31 31 31 31 31 
30 30 30 30 30 30 30 30 30 30 30.125 30.6875 30.75 30.875 31 30.8125 30.8125 31 31 31 31 31 31 31 31 31 31 31 31.0625 31.5 31.6875 32 32 31.375 31 31 31 31 31 31 31 31 31 31 31 
30 30 30 30 30 30 30 30 30.125 30.625 30.8125 30.9375 30.875 31 31 31 31 31 31 31 31 31 31 31 31 31 31 31.0625 31.0625 31.8125 32 32 32 31.9375 31.25 31.1875 31 31 31 31 31 31 31 31 31 
30 30 30 30 30 30 30.0625 30.4375 30.75 30.6875 30.625 31 31 31 31 31 31 31 31 31 31 31 31 31 31 31.0625 31.5 31.5 31.8125 32 32 32 32 32 31.9375 31.4375 31.5 31 31.125 31 31 31 31 31 31 
30 30 30 30 30 30 30.8125 31 31 31 31 31 31 31 31 31 31 31 31 31 31 31 31 31 31 31.25 31.8125 32 32 32 32 32 32 32 32 32 31.625 31 31.3125 31 31 31 31 31 31.4375 
30 30 30 30 30 30.625 31 31 31 31 31 31 31 31 31 31 31 31 31.0625 31 31.25 31 31 31.1875 31.5625 31.9375 32 32 32 32 32 32 32 32 32 32 32 31.6875 31.8125 31.4375 31 31 31.625 31.75 32 
30 30 30 30.125 30.5 30.9375 31 31 31 31 31 31 31 31 31 31 31 31.125 31.375 31.4375 31.5625 31.6875 31.875 32 32 32 32 32 32 32 32 32 32 32 32 32 32 32 32 31.625 31.5625 31.3125 31.875 32 31.9375 
30.0625 30 30.4375 31 31 31 31 31 31 31 31 31 31 31 31.0625 31.5625 31.5 31.9375 32 32 32 32 32 32 32 32 32 32 32 32 32 32 32 32 32 32 32 31.9375 31.8125 31.875 31.75 31.625 31.75 31.875 31.5 
30.3125 30.3125 30.8125 31 31 31 31 31 31 31 31 31 31 31 31.3125 32 32 32 32 32 32 32 32 32 32 32 32 32 32 32 32 32 32 32 32 32 32 31.8125 31.4375 31.875 32 32 32 31.875 31.3125 
31 31 31 31 31 31 31 31 31 31 31 31 31.125 31.8125 32 32 32 32 32 32 32 32 32 32 32 32 32 32 32 32 32 32 32 32 32 32 32 31.5 31.6875 32 32 32 32 31.9375 31.875 
31 31 31 31 31 31 31 31 31 31 31.1875 31.5625 31.9375 32 32 32 32 32 32 32 32 32 32 32 32 32 32 32 32 32 32 32 32 32 32 31.9375 32 31.375 31.625 32 32 32 32 32 32 
31 31 31 31 31 31 31 31 31 31.375 31.8125 32 32 32 32 32 32 32 32 32 32 32 32 32 32 32 32 32 32 32 32 32 32 32 32 32 32 31.75 32 32 32 32 32 31.9375 32 
31 31 31 31 31 31 31 31.0625 31.5 32 32 32 32 32 32 32 32 32 32 32 32 32 32 32 32.0625 32 32 32 32 32 32 32 32 32 32 32 32 32 32 32 32 32 32 32 32 
31 31 31 31 31 31 31.0625 31.625 32 32 32 32 32 32 32 32 32 32 32 32 32 32.125 32.25 32.5625 32.3125 32 32 32 32 32 32 32 32 32 32 32 32 32 32 32 32 32 31.8125 32 32 
31 31 31 31 31.0625 31.125 31.8125 32 32 32 32 32 32 32.125 32 32 32 32 32 32.125 32.875 32.5625 32.625 32.875 32.625 32.8125 32.1875 32 32.0625 32 32 32 32 32 32 32 32 32 32 32 32 32 31.9375 32 32 
31 31 31 31 31.25 31.625 32 32 32 32 32 32 32 32 32 32.0625 32.25 32.5625 32.5625 32.875 32.875 32.8125 32.5625 32.9375 32.875 32.8125 32.8125 32.25 32.25 32 32 32 32 32 32 32 32 32 32 32 32 32 32 32 32 
31 31 31 31 31.3125 31.9375 32 32 32 32 32 32 32 32 32 32.1875 32.8125 33 33 33 33 32.625 32.4375 32.875 33 33 33 32.375 32.5625 32 32 32 32 32 32 32 32 32 32 32 32 32 32 32 31.9375 
31 31 31 31 31.5 32 32 32 32 32 32 32 32 32.0625 32 32.875 32.875 33 33 32.9375 33 33 32.375 32.6875 32.625 33 33 32.9375 32.6875 32 32.3125 32.3125 32.25 32.3125 32.5625 32 32.0625 32 32 31.9375 32 32 32 32 32 
31 31 31 31.0625 31.9375 32 32 32 32 32 32 32 32 32 32.3125 32.9375 33 33 33 32.75 32.9375 32.875 32.625 32.25 32.8125 33 33 33 32.625 32.375 32.375 32.9375 32.9375 32.5625 32.1875 32 32.125 32 32 32 32 32 32 32 32 
31 31 31 31.0625 31.9375 32 32 32 32 32 32 32 32 32 32.5625 32.8125 32.875 33 33 32.375 32.75 32.0625 32.5625 32.8125 32.8125 33 33 33 33 33 33 32.625 32 32.3125 32 32.0625 32.5625 32.3125 32 32 32 32 32 32 32 
31 31 31 31 31.625 32 32 32 32 32 32 32 32.125 32 32.5625 32.25 32.875 33 33 32.4375 32.9375 32.3125 32.125 32.9375 32.5 32.625 33 33 33 33 32.875 32 32 32.5625 32.375 32.25 32.8125 32.5 32 32.0625 32.0625 32 32.0625 32 32.0625 
31 31 31 31 31.25 31.875 32 32 32 32 32 32 32 32 32 32.3125 32.3125 32.9375 32.5 32.1875 32.8125 32.5 32.1875 32.5 32.125 32.875 33 33 32.8125 32.4375 32.875 32.25 32 32.625 32.875 32.9375 33 32.875 32 32.1875 32.125 32 32.0625 32 32 
31 31 31 31 31 31.5625 32 32 32 32 32 32 32 32 32.125 32.125 32.375 32.125 32.1875 32.5625 32.75 33 32.6875 32.5 32 32.125 33 33 33 32.8125 33 33 33 32.8125 32.875 33 33 32.8125 32.5 33 32.5625 32.125 32.125 32.75 32 
31 31 31 31 31 31.125 31.9375 32 32 32 32 32 32 32 32 32 32 32.5625 32.125 32 32.375 33 32.875 32.875 32.5625 32.4375 33 33 33 32.8125 33 33 33 33 33 33 32.875 32.6875 33 32.9375 32.9375 32.4375 32.6875 32.9375 32.4375 
31 31 31.1875 31 31 31.625 31.5 31.9375 32 32 32 32 32 32 32 32 32 32.3125 32.1875 32 32 32 32.4375 32.3125 32.0625 32.125 32.9375 33 33 32.75 33 33 33 33 33 33 32.6875 32.625 32.9375 32.4375 32.875 32.9375 32.5625 32.9375 32.6875 
