data/historical-monthly-weather-data/wc2.1_cruts4.09_10m_prec_1989-08.asc
ncols        45
nrows        45
xllcorner    -63.500000000000
yllcorner    -7.500000000000
cellsize     0.166666666667
NODATA_value -9999
[rows 0 to 18 of 45, columns 0 to 42 of 45]
174.1062469482421875 176.8874969482421875 176.7874908447265625 180.7687530517578125 185.4499969482421875 189.475006103515625 187.7937469482421875 188.0500030517578125 187.03125 183.71875 175.3249969482421875 170.5 167.9562530517578125 162.475006103515625 159.524993896484375 153.5 150 146.6687469482421875 143.274993896484375 143.34375 140.837493896484375 136.3249969482421875 132.306243896484375 129.243743896484375 125.1125030517578125 121.5812530517578125 122.25 124.6125030517578125 120.93125152587890625 119.3125 113.4375 111.65000152587890625 110.66249847412109375 107.49375152587890625 105.9375 106.2312469482421875 105.5124969482421875 106.21875 107.9812469482421875 108.83750152587890625 110.38124847412109375 113.77500152587890625 114.7312469482421875
167.25 169.412506103515625 174.162506103515625 179.837493896484375 186.9499969482421875 189.181243896484375 184.318756103515625 183.2062530517578125 182.09375 177.9875030517578125 170.75 166.7937469482421875 160.368743896484375 153.0437469482421875 148.6750030517578125 145.681243896484375 140.618743896484375 138.0124969482421875 136.5187530517578125 136.243743896484375 133.462493896484375 128.84375 124.91249847412109375 122.81874847412109375 118.46875 113.9499969482421875 116.41249847412109375 117.19374847412109375 113.97499847412109375 110.875 107.84999847412109375 105.1687469482421875 104.22499847412109375 103.7312469482421875 102.1437530517578125 102.00624847412109375 100.0124969482421875 102.6062469482421875 103.36875152587890625 104.21875 108.1750030517578125 110.1999969482421875 112.9875030517578125
157.037506103515625 162.243743896484375 168.506256103515625 176.181243896484375 183.1687469482421875 183.662506103515625 180.4562530517578125 177.631256103515625 173.6062469482421875 168.181243896484375 162.943756103515625 158.4499969482421875 151.3625030517578125 142.3000030517578125 137.5437469482421875 133.9875030517578125 130.1687469482421875 126.9375 124.6125030517578125 121.88124847412109375 120.0625 117.6062469482421875 113.93125152587890625 112.83750152587890625 107.84999847412109375 105.0187530517578125 108.47499847412109375 107.97499847412109375 105.4375 103.5187530517578125 99.55625152587890625 97.22499847412109375 96.7687530517578125 97.2312469482421875 95.09999847412109375 93.21250152587890625 93.3312530517578125 95.81874847412109375 96.43125152587890625 99.1437530517578125 104.5625 107.66249847412109375 112.21875
147.6875 151.162506103515625 159.6062469482421875 168.225006103515625 173.3625030517578125 172.78125 170.6687469482421875 167.8937530517578125 166.181243896484375 160.3937530517578125 152.7062530517578125 146.162506103515625 139.787506103515625 131.1687469482421875 126.50624847412109375 122.59375 119.5812530517578125 116.3000030517578125 113.41249847412109375 113 109.9875030517578125 105.9250030517578125 101.97499847412109375 101.3125 97.8249969482421875 95.28125 98.0812530517578125 96.18125152587890625 94.9562530517578125 93.83750152587890625 91.0812530517578125 88.08750152587890625 86.40625 85.61249542236328125 84.6125030517578125 84.9499969482421875 87.7062530517578125 89.4187469482421875 89.47499847412109375 94.03749847412109375 98.52500152587890625 104.31874847412109375 108.9499969482421875
152.7062530517578125 152.287506103515625 151.162506103515625 156.225006103515625 163.693756103515625 162.1062469482421875 158.5500030517578125 158.7687530517578125 158.65625 152.725006103515625 143.2937469482421875 135.6374969482421875 128.9375 121.71875 116.625 113.28125 109.34375 104.8874969482421875 101.41249847412109375 100.96250152587890625 100.0124969482421875 94.5749969482421875 91.24375152587890625 92.0187530517578125 88.06874847412109375 85.40625 86.1999969482421875 87.5749969482421875 86.91249847412109375 84.05625152587890625 83.46250152587890625 80.2312469482421875 79.59375 79.4250030517578125 78.72499847412109375 78.3625030517578125 79.90625 82.125 82.7624969482421875 86.11875152587890625 93.2312469482421875 99.0124969482421875 106.22499847412109375
154.75 154.375 150.962493896484375 146.1374969482421875 151.875 156.3625030517578125 154.0437469482421875 151.0625 150.975006103515625 144.912506103515625 133.568756103515625 126.21875 120.75 114.47499847412109375 109.1750030517578125 105.81874847412109375 100.7062530517578125 94.7937469482421875 91.84375 90.47499847412109375 89.5124969482421875 86.4812469482421875 83.90000152587890625 81.5749969482421875 79.88124847412109375 78.24375152587890625 79.0749969482421875 79.7624969482421875 79.95000457763671875 76.7062530517578125 75.90625 74.74375152587890625 73.03125 73.09375 71.44374847412109375 72.8125 73.46875 74.1062469482421875 76.1875 81.02500152587890625 85.90625 92.46250152587890625 99.7687530517578125
157.8125 159.1999969482421875 155.850006103515625 151.618743896484375 151.0749969482421875 148.100006103515625 144.399993896484375 140.5437469482421875 133.78125 128.6437530517578125 121.3312530517578125 116.22499847412109375 113.05625152587890625 107.65625 103.50624847412109375 99.65625 94.2937469482421875 88.375 83.5625 82.0187530517578125 80.41249847412109375 78.5124969482421875 76.40000152587890625 74.97499847412109375 73.15625 72.19374847412109375 72.7375030517578125 72.8312530517578125 71.5 70.59375 69.1750030517578125 67.3625030517578125 67.0187530517578125 66.8562469482421875 65.88124847412109375 66.40000152587890625 66.3625030517578125 67.36875152587890625 70.2687530517578125 75.02500152587890625 79.49375152587890625 85.56874847412109375 93.50624847412109375
161.65625 161.443756103515625 160.7062530517578125 157.8874969482421875 157.96875 153.693756103515625 141.8249969482421875 126.05625152587890625 115.46875 111.28749847412109375 110.2687530517578125 107.3000030517578125 104.5625 100.6687469482421875 97.30625152587890625 93.1437530517578125 88.50624847412109375 82.2062530517578125 76.4499969482421875 73.34375 72.80625152587890625 71.5187530517578125 69 67.55625152587890625 67.15625 65.5500030517578125 65.59999847412109375 66.0187530517578125 65.5 63.24375152587890625 63.21875 61.59375 60.40625 60.72499847412109375 58.924999237060546875 59.125 59.299999237060546875 59.831249237060546875 61.84375 65.28749847412109375 70.05625152587890625 76.2687530517578125 83.30625152587890625
165.3000030517578125 165.306243896484375 165.256256103515625 160.837493896484375 158.8125 151.818756103515625 141.3249969482421875 127.5625 111.94374847412109375 102.6750030517578125 100.8937530517578125 99.19374847412109375 99.8125 96.5124969482421875 92.4875030517578125 87.77500152587890625 84.1062469482421875 78.49375152587890625 74.44374847412109375 69.4250030517578125 67.78749847412109375 66.84999847412109375 64.125 64.58750152587890625 63.606250762939453125 61.15000152587890625 59.93125152587890625 61.15000152587890625 60.86875152587890625 58.90625 58.918750762939453125 56.36875152587890625 54.375 52.875 51.90000152587890625 53.149997711181640625 53.918750762939453125 54.72499847412109375 55.97499847412109375 58.793750762939453125 62.299999237060546875 66.1999969482421875 70.8125
167.368743896484375 167.618743896484375 165.8874969482421875 163.1687469482421875 160.556243896484375 152.975006103515625 145.0625 131.162506103515625 116.9375 109.0124969482421875 103.0812530517578125 97.7624969482421875 97.4250030517578125 94.7937469482421875 88.9187469482421875 83.93125152587890625 78.74375152587890625 74.8312530517578125 70.8000030517578125 66.80625152587890625 64.91249847412109375 62.4375 59.50624847412109375 59.762500762939453125 58.487499237060546875 56.18125152587890625 55.293750762939453125 55.78125 54.799999237060546875 53.02500152587890625 51.706249237060546875 49.96875 49.44374847412109375 48.875 48.518749237060546875 49.299999237060546875 49.40000152587890625 49.643749237060546875 51.356250762939453125 53.55625152587890625 55.831249237060546875 57.78125 60.168750762939453125
172.1999969482421875 171.8000030517578125 167.5749969482421875 163.712493896484375 161.875 156.975006103515625 148.600006103515625 132.993743896484375 120.1437530517578125 110.61875152587890625 105.26874542236328125 99.9187469482421875 96.3000030517578125 92.15000152587890625 84.65625 78.25 73.1875 70.2312469482421875 66.47499847412109375 63.549999237060546875 63.356250762939453125 60.63124847412109375 57.11875152587890625 55.362499237060546875 55.34375 53.418750762939453125 52.700000762939453125 52.075000762939453125 49.86875152587890625 47.58750152587890625 47.13124847412109375 45.893749237060546875 46.22499847412109375 45.93125152587890625 44.799999237060546875 44.90000152587890625 44.80625152587890625 45.393749237060546875 46.33750152587890625 47.518749237060546875 48.637500762939453125 49.91249847412109375 52.012500762939453125
173.3562469482421875 173.125 168.649993896484375 165.6999969482421875 164.131256103515625 159.375 152.318756103515625 138.556243896484375 124.9499969482421875 114.4812469482421875 107.68125152587890625 101.47499847412109375 95.11875152587890625 88.4375 83.6374969482421875 77.1062469482421875 71.3625030517578125 67.3625030517578125 64.5437469482421875 62.72499847412109375 62.356250762939453125 59.44374847412109375 55.93125152587890625 54.49375152587890625 53.03125 48.66249847412109375 47.66249847412109375 47.50624847412109375 45.918750762939453125 44.325000762939453125 43.375 43.25 42.55625152587890625 42.112499237060546875 41.88124847412109375 42.63124847412109375 42.71250152587890625 42.606250762939453125 42.0625 41.643749237060546875 42.28749847412109375 43.18125152587890625 44.08750152587890625
172.712493896484375 170.0625 166.5 161.78125 161.2687530517578125 155.756256103515625 146.225006103515625 135.8125 123.43125152587890625 114.46875 107.86875152587890625 101.6999969482421875 93.68125152587890625 84.6062469482421875 78.13124847412109375 73.0187530517578125 67.21875 64.56874847412109375 61.72499847412109375 58.96875 58.71250152587890625 55.987499237060546875 52.55625152587890625 49.737499237060546875 45.831249237060546875 42.44374847412109375 42.987499237060546875 43.262500762939453125 43.40000152587890625 42.262500762939453125 41.0625 40.393749237060546875 40.50624847412109375 39.00624847412109375 39.08750152587890625 40.68125152587890625 42.46250152587890625 42.081249237060546875 41.84999847412109375 39.49375152587890625 36.956249237060546875 38.362499237060546875 38.38124847412109375
170.337493896484375 165.4375 160.625 157.912506103515625 155.368743896484375 148.7062530517578125 140.225006103515625 132.5124969482421875 121.1687469482421875 112.99375152587890625 105.4187469482421875 97.25624847412109375 89.88124847412109375 81.2937469482421875 71.59375 67.7937469482421875 63.22499847412109375 60.53749847412109375 56.25 53.237499237060546875 52.77500152587890625 50.012500762939453125 46.71875 44.77500152587890625 42.081249237060546875 39.875 40.325000762939453125 40.856250762939453125 41.06874847412109375 40.59375 40.08750152587890625 38.71250152587890625 38.46875 37.487499237060546875 38.393749237060546875 41.143749237060546875 43.25624847412109375 44.99375152587890625 45.19374847412109375 41.71250152587890625 35.262500762939453125 33.38124847412109375 34.875
165.5500030517578125 162.1687469482421875 155.8625030517578125 151.006256103515625 148.6875 142.149993896484375 134.1437530517578125 125.69374847412109375 115.52500152587890625 108.1875 99.5749969482421875 92.8125 85.6062469482421875 76.6374969482421875 67.2937469482421875 61.712497711181640625 57.799999237060546875 54.5625 51.44374847412109375 49.25 48.612499237060546875 46.30625152587890625 43.59999847412109375 42.950000762939453125 41.8125 40.65625 40.49375152587890625 40.41249847412109375 39.981250762939453125 39.368747711181640625 38.424999237060546875 37.80625152587890625 37.668750762939453125 37.58750152587890625 37.90000152587890625 40.956249237060546875 44.625 49.88124847412109375 51.424999237060546875 46.731250762939453125 42.581249237060546875 40.31874847412109375 41.512500762939453125
158.2937469482421875 155.6062469482421875 150.6687469482421875 145.6999969482421875 141.618743896484375 136.649993896484375 129.4875030517578125 119.5749969482421875 110.80625152587890625 103.3625030517578125 95.50624847412109375 87.72499847412109375 79.96250152587890625 71.86875152587890625 63.637500762939453125 55.793750762939453125 52.0625 49.53749847412109375 46.84375 45.36875152587890625 44.606250762939453125 43.15000152587890625 41.918750762939453125 42.66249847412109375 42.4375 41.325000762939453125 41.05625152587890625 40.125 39.21875 38.90000152587890625 38.68125152587890625 38.012500762939453125 37.25624847412109375 37.168750762939453125 38.09999847412109375 43.86875152587890625 48.96875 54.22499847412109375 57.09999847412109375 55.71250152587890625 53.393749237060546875 50.143749237060546875 47.293750762939453125
154.3937530517578125 151.75 145.7624969482421875 141.2312469482421875 135.256256103515625 131.1374969482421875 125.47499847412109375 117.3125 107.30625152587890625 100.4812469482421875 93.1062469482421875 84.1125030517578125 76.34375 68.40625 60.4375 53.049999237060546875 46.31874847412109375 43.55625152587890625 42.49375152587890625 41.8125 40.38124847412109375 40.043750762939453125 40.168750762939453125 42.86875152587890625 43.862499237060546875 42.356250762939453125 40.72499847412109375 39.66249847412109375 38.08750152587890625 37.46875 38.075000762939453125 38.90000152587890625 39.18125152587890625 39.606250762939453125 44.768749237060546875 50.549999237060546875 55.831249237060546875 63.081249237060546875 68.0749969482421875 64.1437530517578125 59.6875 54.143749237060546875 48.99375152587890625
146.71875 145.4375 140.743743896484375 137.181243896484375 131.6125030517578125 127.8249969482421875 120.28125 113.08750152587890625 104.1750030517578125 96.84999847412109375 89.81874847412109375 81.74375152587890625 72.5625 64.22499847412109375 56.8125 49.68125152587890625 43.262500762939453125 38.1875 38.200000762939453125 36.88124847412109375 36.643749237060546875 36.887500762939453125 38.30625152587890625 41.24375152587890625 43.53125 42.78749847412109375 41.799999237060546875 40.25 37.918750762939453125 36.706249237060546875 35.53749847412109375 35.793750762939453125 40.94374847412109375 46.46250152587890625 50.356250762939453125 57.22499847412109375 64.0625 69.55625152587890625 71.28749847412109375 68.59999847412109375 60.924999237060546875 55.80625152587890625 50.93125152587890625
139.0749969482421875 138.2937469482421875 135.0187530517578125 132.1999969482421875 128.743743896484375 123.7375030517578125 117.4812469482421875 110.05625152587890625 103.88124847412109375 97.47499847412109375 89.81874847412109375 78.93125152587890625 70.18125152587890625 62.356250762939453125 53.893749237060546875 47.799999237060546875 41.38124847412109375 35.71875 33.512500762939453125 33.068752288818359375 34.956249237060546875 38.950000762939453125 35.16249847412109375 38.58750152587890625 41.106250762939453125 42.71875 42.643749237060546875 40.581249237060546875 39.1374969482421875 36.293750762939453125 34.61875152587890625 37.05625152587890625 43.387500762939453125 48.1875 53.15625 59.91249847412109375 64.18125152587890625 66.34375 68.30625152587890625 65.1875 60.612499237060546875 55.93125152587890625 51.47499847412109375
