data/historical-monthly-weather-data/wc2.1_cruts4.09_10m_prec_1999-05.asc
ncols        51
nrows        45
xllcorner    -63.500000000000
yllcorner    -7.500000000000
cellsize     0.166666666667
NODATA_value -9999
[rows 0 to 19 of 45, columns 0 to 44 of 51]
356.85626220703125 352.91876220703125 350.96875 355.73748779296875 357.59375 358.60626220703125 355.1875 354.32501220703125 354.943756103515625 358.743743896484375 360.34375 358.29376220703125 358.26873779296875 358.787506103515625 356.462493896484375 356.04376220703125 353.881256103515625 348.587493896484375 346.04998779296875 346.73126220703125 349.9375 353.01873779296875 360.23126220703125 363.475006103515625 368.493743896484375 375.51251220703125 379.26873779296875 384.92498779296875 389.34375 408.08123779296875 423.4375 442.368743896484375 463.850006103515625 483.38751220703125 502.63751220703125 520.70001220703125 536.21875 546.1312255859375 550.71246337890625 557.3375244140625 558.65625 557.04998779296875 549.7437744140625 548.5562744140625 536.89373779296875
353.1875 348.618743896484375 352.04998779296875 360.04376220703125 368.20623779296875 371.868743896484375 370.01873779296875 370.993743896484375 375.193756103515625 377.306243896484375 380.29376220703125 378.1875 375.78125 373.59375 368.568756103515625 364.09375 359.568756103515625 352.34375 351.14373779296875 351.76873779296875 355.98748779296875 361.76251220703125 367.79998779296875 375.53125 381.524993896484375 387.40625 393.58123779296875 398.88751220703125 405.13751220703125 424.568756103515625 443.96875 471.162506103515625 489.881256103515625 513.0687255859375 531.65625 542.76251220703125 561.625 573.03125 581.2874755859375 578.9437255859375 579.54376220703125 584.2562255859375 576.5687255859375 566.5 555.45623779296875
341.381256103515625 341.556243896484375 351.89373779296875 363.212493896484375 373.53125 381.5625 387.28125 394.48126220703125 401.21875 404.537506103515625 406.54998779296875 401.35626220703125 395.412506103515625 387.53125 380.306243896484375 374.73748779296875 366.5625 358.118743896484375 356.75 358.875 365.756256103515625 376.61248779296875 385.806243896484375 394.4375 402.21875 412.98748779296875 420.42498779296875 422.61248779296875 424.98126220703125 443.66876220703125 463.20001220703125 486.975006103515625 511.48126220703125 531.4124755859375 553.29376220703125 562.79998779296875 578.4749755859375 591.39373779296875 595.6500244140625 596.58123779296875 601.5562744140625 595.9124755859375 592.04376220703125 581.73748779296875 565.9437255859375
324.868743896484375 324.48748779296875 345.243743896484375 360.76873779296875 376.51251220703125 387.34375 398.34375 412.70623779296875 427.14373779296875 433.79998779296875 432.70623779296875 424.11248779296875 411.66876220703125 400.79376220703125 390.725006103515625 381.25 370.087493896484375 362.65625 361.45001220703125 367.506256103515625 382.712493896484375 394.868743896484375 404.83123779296875 416.600006103515625 426.57501220703125 436.350006103515625 443.70001220703125 441.70001220703125 442.26251220703125 463.48748779296875 483.01873779296875 505.15625 526.53125 545.2125244140625 562.35626220703125 581.375 599.3062744140625 611.14373779296875 615.39373779296875 617.1187744140625 617.4312744140625 617.45623779296875 605.03125 592.01251220703125 578.86871337890625
329.3125 326.524993896484375 333.131256103515625 351.73126220703125 373.868743896484375 387.056243896484375 403.6875 424.231231689453125 447.03125 460.48126220703125 454.056243896484375 437.387481689453125 425.931243896484375 414.199981689453125 401.5 388.056243896484375 373.92498779296875 367.5625 367.09375 376.399993896484375 394.631256103515625 408.51873779296875 419.556243896484375 438.08123779296875 447.962493896484375 458.86248779296875 457.40625 459.26251220703125 460.21875 478.206268310546875 499.625 517.9437255859375 537.1500244140625 560.9625244140625 581.1624755859375 595.10626220703125 615.0562744140625 631.03125 636.64373779296875 636.01873779296875 638.48748779296875 629.6812744140625 617.7437744140625 607.29376220703125 586.29998779296875
330.087493896484375 329.350006103515625 334.681243896484375 339.23748779296875 362.243743896484375 382.95001220703125 401.412506103515625 420.29376220703125 445.318756103515625 462.0625 458.4375 439.76873779296875 431.5 422.375 407.100006103515625 397.725006103515625 382.40625 376.475006103515625 379.88751220703125 393.35626220703125 410.51251220703125 427.48126220703125 443.774993896484375 454.556243896484375 465.98748779296875 476.524993896484375 475.149993896484375 472.899993896484375 475.57501220703125 493.212493896484375 513.1187744140625 532.98748779296875 550.5374755859375 571.51873779296875 589.23748779296875 604.79376220703125 619.82501220703125 632.85626220703125 645.03125 644.0999755859375 639.13751220703125 631.58123779296875 617.65625 606.1187744140625 586.04998779296875
333.86248779296875 332.73126220703125 337.462493896484375 342.925018310546875 354.475006103515625 368.45001220703125 386.08123779296875 404.79998779296875 415.243743896484375 432.53125 439.73748779296875 432.787506103515625 429.98126220703125 425.193756103515625 414.837493896484375 404.818756103515625 397.443756103515625 397.631256103515625 402.087493896484375 417.85626220703125 431.90625 446.15625 457.212493896484375 471.16876220703125 484.26251220703125 498.4375 493.76873779296875 489.33123779296875 485.76251220703125 503.01251220703125 523.00628662109375 537.8687744140625 551.70001220703125 570.86248779296875 589.50628662109375 606.82501220703125 617.54376220703125 628.98126220703125 641.0625 644.9000244140625 636.01873779296875 623.1875 609.84375 601.6624755859375 577.1187744140625
336.45001220703125 335.381256103515625 339.806243896484375 347.96875 358.85626220703125 372.98748779296875 378.73126220703125 376.125 374.0625 394.20001220703125 417.84375 423.4375 429.38751220703125 427.631256103515625 422.41876220703125 418.01873779296875 413.64373779296875 420.375 427.85626220703125 438.32501220703125 456.131256103515625 467.23126220703125 477.9375 484.78125 500.40625 504.57501220703125 505.0625 497.82501220703125 494.412506103515625 510.287506103515625 527.95623779296875 540.6500244140625 555.4749755859375 568.25 579.98126220703125 592.2874755859375 604.6875 618.51873779296875 623.66876220703125 617.9625244140625 616.4312744140625 605.0562744140625 595.1812744140625 581.88751220703125 555.6624755859375
339.40625 339.350006103515625 345.63751220703125 351.881256103515625 360.42498779296875 371.368743896484375 376.350006103515625 376.0625 365.743743896484375 368.912506103515625 392.45001220703125 408.70623779296875 423.42498779296875 424.850006103515625 425.01873779296875 428.087493896484375 429.774993896484375 441.29998779296875 455.04376220703125 457.693756103515625 464.381256103515625 480.399993896484375 484.04998779296875 501.70623779296875 506.712493896484375 508.32501220703125 502.59375 501.70623779296875 504.51251220703125 514.2562255859375 532 538.9749755859375 540.8125 546.28125 559.98126220703125 572.7437744140625 584.95623779296875 597.8812255859375 605.7874755859375 597.01873779296875 587.70001220703125 576.40625 573.2249755859375 567.6937255859375 531.4437255859375
341.29376220703125 343.98126220703125 350.381256103515625 358.08123779296875 362.64373779296875 373.037506103515625 379.662506103515625 382.4375 381.75 388.243743896484375 401.443756103515625 404.92498779296875 421.100006103515625 423.58123779296875 430.975006103515625 435.162506103515625 440.85626220703125 453.91876220703125 470.21875 481.73748779296875 483.76873779296875 486.725006103515625 491.537506103515625 504.243743896484375 504.65625 506.17498779296875 499.76873779296875 498.83123779296875 504.462493896484375 517.9937744140625 524.63751220703125 525.76251220703125 531.01873779296875 536.01251220703125 541.3687744140625 551.10626220703125 559.63751220703125 571.95623779296875 579.5 581 579.4437255859375 574.66876220703125 557.61248779296875 541.2750244140625 514.42498779296875
342.743743896484375 348.149993896484375 353.40625 361.41876220703125 365.95001220703125 377.65625 385.818756103515625 387.26251220703125 389.774993896484375 400.100006103515625 413.95001220703125 421.850006103515625 420.23748779296875 426.03125 432.681243896484375 439.04376220703125 448.337493896484375 464.274993896484375 480.61248779296875 498.13751220703125 515.91876220703125 510.98748779296875 505.399993896484375 489.881256103515625 502.09375 510.70001220703125 504.087493896484375 501.79376220703125 499.14373779296875 504.125 511.318756103515625 513.7125244140625 515.64373779296875 517.88751220703125 519.67498779296875 522.5562744140625 529.4749755859375 542.6500244140625 555.67498779296875 561.2562255859375 562.46875 554.4749755859375 548.85626220703125 526.26873779296875 496.475006103515625
345.556243896484375 349.681243896484375 355.88751220703125 363.818756103515625 370.5625 377.98126220703125 389.550018310546875 396.34375 402.76873779296875 407.48126220703125 419.875 433.162506103515625 425.57501220703125 428.78125 438.881256103515625 442.13751220703125 450.8125 466.375 484.493743896484375 508.699981689453125 533.5 538.57501220703125 529.95001220703125 507.368743896484375 496 490.625 481.01251220703125 479.056243896484375 481.4375 483.71875 481.875 481.98126220703125 483.087493896484375 484.318756103515625 490.48126220703125 499.212493896484375 509.39373779296875 518.25 526.58123779296875 533.8125 539.98126220703125 533.1187744140625 518.4124755859375 481.618743896484375 450.787506103515625
349.225006103515625 350.86248779296875 356.212493896484375 364.431243896484375 370.42498779296875 380.625 388.693756103515625 394.274993896484375 402.024993896484375 412.16876220703125 423.11248779296875 434.399993896484375 435.54376220703125 423.818756103515625 429.45623779296875 440 448.01251220703125 463.70623779296875 480.943756103515625 504.70623779296875 536.33123779296875 540.5687255859375 534.125 510.337493896484375 472.71875 458.29376220703125 462.600006103515625 463.193756103515625 467.23748779296875 469.493743896484375 461.90625 452.70001220703125 450.681243896484375 449.48126220703125 456.524993896484375 470.412506103515625 483.51251220703125 498.29376220703125 511.21875 517.4000244140625 518.6312255859375 513.01873779296875 483.493743896484375 454.537506103515625 435.51873779296875
345.33123779296875 348.11248779296875 355.0625 362.54998779296875 370.5625 378.381256103515625 385.10626220703125 392.09375 402.39373779296875 411.46875 414.399993896484375 422.04998779296875 425.07501220703125 423.04998779296875 413.83123779296875 428.181243896484375 435.79376220703125 448.21875 468.09375 492 518.0374755859375 527.04376220703125 526.03125 509.162506103515625 480.106231689453125 461.118743896484375 453.57501220703125 446.51873779296875 446.83123779296875 442.51251220703125 440.03125 427.475006103515625 424.181243896484375 422.89373779296875 426.53125 445.15625 465.618743896484375 485.76251220703125 501.14373779296875 501.431243896484375 483.79998779296875 462.76251220703125 454.587493896484375 450.86248779296875 446.20001220703125
340.60626220703125 345.493743896484375 353.59375 360.54376220703125 367.350006103515625 375.60626220703125 385.975006103515625 395.350006103515625 401.912506103515625 405.58123779296875 406.75 412.04998779296875 411.806243896484375 409.193756103515625 393.26873779296875 403.91876220703125 414.3125 431.568756103515625 450.01251220703125 470.181243896484375 496.6875 512.10626220703125 520.41876220703125 518.9000244140625 506.34375 491.912506103515625 472.743743896484375 458.79376220703125 448.57501220703125 437.462493896484375 418.76251220703125 402.61248779296875 404.01251220703125 395.54998779296875 390.09375 403.29998779296875 441.11248779296875 471.79998779296875 482.25 474.618743896484375 455.037506103515625 447.181243896484375 454.04998779296875 448.506256103515625 436.53125
334.681243896484375 339.181243896484375 349.318756103515625 358.01251220703125 364.100006103515625 374.65625 385.84375 394.23126220703125 397.493743896484375 401.42498779296875 400.243743896484375 402.91876220703125 402.20001220703125 401.92498779296875 390.57501220703125 377.256256103515625 392.631256103515625 417.962493896484375 431.243743896484375 449.78125 476.506256103515625 504.23748779296875 525.5 534.41253662109375 526.3687744140625 509.48126220703125 485.70623779296875 463.681243896484375 448.73748779296875 436.82501220703125 422.21875 401.36248779296875 383.21875 366.95623779296875 358.64373779296875 392.100006103515625 417.399993896484375 443.32501220703125 457.76873779296875 460.037506103515625 449.587493896484375 442.40625 441.25 427.54376220703125 416.868743896484375
330.712493896484375 336.13751220703125 344.100006103515625 354.600006103515625 364.66876220703125 372.493743896484375 381.29376220703125 388.318756103515625 393.75 396.5625 397.01873779296875 401.681243896484375 399.787506103515625 397.168731689453125 390.4375 382.181243896484375 371.29376220703125 392.48748779296875 412.068756103515625 431.5 459.493743896484375 489.118743896484375 521.85626220703125 543.1312255859375 546.32501220703125 513.8687744140625 483.60626220703125 461.875 445.51251220703125 431.54998779296875 417.712493896484375 402.537506103515625 386.60626220703125 373.493743896484375 384.375 397.82501220703125 421.399993896484375 445.39373779296875 466.35626220703125 456.181243896484375 442.10626220703125 430.57501220703125 418.037506103515625 411.23126220703125 404.5625
324.79376220703125 332.875 343.287506103515625 353.25 363.98126220703125 375.943756103515625 383.087493896484375 388.318756103515625 390.89373779296875 394.087493896484375 394.39373779296875 401.90625 395.6875 395.125 389.29998779296875 383.57501220703125 373.9375 366.54998779296875 398.774993896484375 414.518768310546875 439.881256103515625 471.13751220703125 504.1875 526.2125244140625 533.16876220703125 508.48126220703125 471.131256103515625 454.29998779296875 439.83123779296875 418.83123779296875 390.85626220703125 368.83123779296875 383.54998779296875 388.9375 392.162506103515625 421.07501220703125 443.118743896484375 450.756256103515625 458.131256103515625 451.48126220703125 426.21875 413.0625 401.668731689453125 396.693756103515625 389.962493896484375
318.681243896484375 327.96875 338.375 352.23748779296875 365.70623779296875 375.59375 384.65625 392.256256103515625 394.34375 398.649993896484375 395.88751220703125 391.34375 387.48126220703125 387.57501220703125 382.71875 381.16876220703125 378.068756103515625 365.70001220703125 370.993743896484375 388.412506103515625 414.88751220703125 451.462493896484375 458.90625 483.45623779296875 491.5 488.98748779296875 467.84375 442.0625 427.73748779296875 406.16876220703125 383.443756103515625 372.100006103515625 382.92498779296875 388.306243896484375 396.86248779296875 417.806243896484375 426.71875 428.6875 436.625 425.181243896484375 405.493743896484375 390.90625 385.70623779296875 385.9375 380.399993896484375
311.006256103515625 321.75 334.34375 346.1875 361.556243896484375 378.41876220703125 390.193756103515625 397.818756103515625 399.412506103515625 398.568756103515625 398.931243896484375 400.631256103515625 401.756256103515625 394.67498779296875 386.037506103515625 369.84375 357.41876220703125 364.76873779296875 367.087493896484375 378.32501220703125 389.8125 415.037506103515625 445.806243896484375 455.506256103515625 454.86248779296875 444.20623779296875 433.125 424.91876220703125 404.024993896484375 379.61248779296875 366.54998779296875 374.42498779296875 378.368743896484375 380.14373779296875 392.537506103515625 406.368743896484375 412.76251220703125 414.61248779296875 411.95623779296875 404.08123779296875 382.9375 369.475006103515625 371.225006103515625 372.693756103515625 373.11248779296875
