data/historical-monthly-weather-data/wc2.1_cruts4.09_10m_prec_1954-04.asc
ncols        45
nrows        45
xllcorner    -63.500000000000
yllcorner    -7.500000000000
cellsize     0.166666666667
NODATA_value -9999
[rows 0 to 19 of 45, columns 0 to 44 of 45]
253.3249969482421875 255.3000030517578125 260.381256103515625 271.48126220703125 278.475006103515625 283.493743896484375 287.41876220703125 286.04376220703125 285.90625 289.881256103515625 297.34375 302.08123779296875 304.962493896484375 305.29998779296875 303.8125 302.83123779296875 303.368743896484375 300.11248779296875 300.11248779296875 300.48126220703125 302.256256103515625 305.75 308.162506103515625 311.53125 312.287506103515625 315.806243896484375 315.71875 317.14373779296875 317.21875 318.48748779296875 320.45623779296875 322.837493896484375 324.993743896484375 329.29998779296875 332.95001220703125 335.431243896484375 335.274993896484375 334.88751220703125 335.306243896484375 333.381256103515625 331.443756103515625 330.149993896484375 325.88751220703125 323.681243896484375 320.350006103515625
260.181243896484375 259.3125 268.193756103515625 277.806243896484375 287.07501220703125 289.712493896484375 290.881256103515625 293.368743896484375 294.89373779296875 297.868743896484375 303.625 305.625 307.1875 307.068756103515625 303.76251220703125 303.48126220703125 301.524993896484375 298.79376220703125 296.88751220703125 294.649993896484375 295.131256103515625 296.506256103515625 299.76873779296875 301.800018310546875 304.975006103515625 308.243743896484375 310 314.07501220703125 314.962493896484375 316.962493896484375 321.17498779296875 326.65625 330.91876220703125 337.931243896484375 342.09375 343.88751220703125 345.5 344.92498779296875 343.875 340.068756103515625 336.33123779296875 335.04998779296875 330.73748779296875 326.068756103515625 321.67498779296875
266.743743896484375 267.42498779296875 272.53125 280.85626220703125 288.306243896484375 291.10626220703125 293.42498779296875 296.837493896484375 301.712493896484375 304.08123779296875 305.90625 305.17498779296875 305.712493896484375 302.787506103515625 299.625 298.40625 296.39373779296875 294.42498779296875 292.068756103515625 291.23126220703125 292.63751220703125 294.875 296.51251220703125 298.79998779296875 303 306.79376220703125 311.48748779296875 313.837493896484375 314.806243896484375 319.23126220703125 324.256256103515625 329.65625 337.162506103515625 343.818756103515625 347.04376220703125 347.681243896484375 350.818756103515625 352.0625 349.82501220703125 346.318756103515625 342.53125 338.9375 334.40625 330.149993896484375 325.524993896484375
269.100006103515625 270.26873779296875 276.20623779296875 279.443756103515625 283.3125 287.71875 291.39373779296875 295.78125 302.962493896484375 307.35626220703125 306.693756103515625 302.631256103515625 298.881256103515625 296.037506103515625 292.48748779296875 291.26873779296875 290.26251220703125 288.850006103515625 287.48748779296875 287.85626220703125 290.66876220703125 292.850006103515625 293.256256103515625 296.84375 301.04998779296875 303.76873779296875 310.631256103515625 313.23126220703125 315.73748779296875 323.131256103515625 329.412506103515625 335.86248779296875 340.54376220703125 346.46875 349.73748779296875 352.76251220703125 355.006256103515625 356.1875 356.15625 351.29376220703125 347.46875 344.83123779296875 337.862518310546875 331.73126220703125 328.412506103515625
284.100006103515625 280.256256103515625 276.04376220703125 276.256256103515625 279.65625 283.10626220703125 285.26251220703125 290.79998779296875 300.587493896484375 308.056243896484375 303.850006103515625 294.58123779296875 290.17498779296875 287.51251220703125 284.09375 282.73126220703125 281.337493896484375 281.16876220703125 280.75 281.637481689453125 285.57501220703125 287.26251220703125 288.412506103515625 293.95623779296875 296.21875 299.58123779296875 305.75 313.41876220703125 319.78125 326.29998779296875 333.79376220703125 338.04376220703125 342.193756103515625 348.38751220703125 352.712493896484375 355.462493896484375 356.618743896484375 358.337493896484375 359.181243896484375 355.16876220703125 352.850006103515625 346.243743896484375 339.899993896484375 335.29998779296875 330.3125
289.162506103515625 286.350006103515625 281.95001220703125 275.506256103515625 277.29998779296875 281.618743896484375 283.64373779296875 288.86248779296875 297.95623779296875 307.056243896484375 299.587493896484375 290.868743896484375 287.11248779296875 284.70001220703125 280.79998779296875 279.71875 276.51873779296875 275.65625 276.725006103515625 278.03125 280.806243896484375 282.85626220703125 287.0625 292.04376220703125 296.625 302.037506103515625 308.46875 316.125 322.78125 328.66876220703125 335.32501220703125 341.756256103515625 342.818756103515625 347.806243896484375 353.5625 355.45623779296875 358.962493896484375 361.100006103515625 361.8125 360.493743896484375 354.850006103515625 348.20623779296875 342.912506103515625 339.03125 335.524993896484375
295.10626220703125 291.537506103515625 286.975006103515625 279.40625 273.57501220703125 273.66876220703125 275.26873779296875 278.725006103515625 282.76873779296875 285.45623779296875 285.40625 283.412506103515625 283.76873779296875 281.40625 278.46875 278.068756103515625 275.100006103515625 270.912506103515625 269.58123779296875 271.506256103515625 275.96875 280.131256103515625 284.850006103515625 289.16876220703125 295.881256103515625 303.368743896484375 311.431243896484375 317.78125 324.35626220703125 330.42498779296875 337.41876220703125 342.48126220703125 344.493743896484375 346.21875 350.712493896484375 352.993743896484375 355.01873779296875 358.493743896484375 362.35626220703125 360.9375 352.412506103515625 346.92498779296875 342.78125 339.243743896484375 337.75
301.662506103515625 295.36248779296875 288.60626220703125 282.54376220703125 276.725006103515625 273.875 268.54998779296875 263.0625 259.787506103515625 261.431243896484375 268.875 274.70001220703125 278.131256103515625 278.649993896484375 277.35626220703125 275.6875 272.26251220703125 267.33123779296875 263.11248779296875 264.8125 271.34375 277.306243896484375 282.006256103515625 287.787506103515625 297.0625 303.54376220703125 311.57501220703125 318.8125 326.225006103515625 332.693756103515625 336.787506103515625 341.23748779296875 342.693756103515625 344.118743896484375 346.70001220703125 345.95001220703125 348.32501220703125 350.6875 352.54376220703125 350.256256103515625 344.962493896484375 341.856231689453125 337.86248779296875 333.53125 330.48748779296875
305.48748779296875 299.25 292.04376220703125 284.412506103515625 278.23748779296875 273.35626220703125 268.20001220703125 260.837493896484375 252.09375 249.3874969482421875 260.118743896484375 269.46875 279.100006103515625 281.243743896484375 278.73126220703125 276.818756103515625 273.962493896484375 270.15625 267.762481689453125 267.59375 269.693756103515625 277.73126220703125 282.58123779296875 290.899993896484375 299.5625 304.38751220703125 311.16876220703125 318.84375 325.98748779296875 331.712493896484375 337.04376220703125 338.58123779296875 337.91876220703125 336.274993896484375 338.26873779296875 338.193756103515625 340.6875 340.875 342.537506103515625 340.17498779296875 336.16876220703125 332.212493896484375 330.17498779296875 327.837493896484375 321.350006103515625
308.649993896484375 300.462493896484375 293.96875 286.806243896484375 279.60626220703125 275.08123779296875 270.681243896484375 263.79376220703125 260.08123779296875 261.175018310546875 268.35626220703125 274.45623779296875 282.100006103515625 284.6875 282.89373779296875 279.056243896484375 275.66876220703125 273.287506103515625 271.318756103515625 273.443756103515625 275.587493896484375 280.20001220703125 284.524993896484375 294.20001220703125 299.649993896484375 302.59375 308.61248779296875 315.60626220703125 323.61248779296875 331.212493896484375 333.118743896484375 332.45001220703125 330.38751220703125 328.412506103515625 328.787506103515625 329.78125 329.54998779296875 329.64373779296875 330.631256103515625 330.73748779296875 329.318756103515625 326.256256103515625 323.26251220703125 317.21875 313.11248779296875
311.85626220703125 304.29376220703125 297.087493896484375 289.506256103515625 280.875 276.96875 273.4375 268.212493896484375 268.36248779296875 271.537506103515625 278.39373779296875 285.649993896484375 287.92498779296875 289.649993896484375 285.131256103515625 279.70623779296875 276.100006103515625 274.95623779296875 274.91876220703125 276.693756103515625 282.725006103515625 286.318756103515625 287.88751220703125 288.868743896484375 297.36248779296875 300.662506103515625 304.15625 310.006256103515625 316.14373779296875 322.92498779296875 324.38751220703125 323.100006103515625 321.100006103515625 318.66876220703125 318.25 316.225006103515625 315.53125 315.993743896484375 318.056243896484375 319.037506103515625 317.868743896484375 315.15625 314.806243896484375 311.53125 306.46875
312.818756103515625 304.61248779296875 297.256256103515625 292.76251220703125 285.71875 280.493743896484375 278.743743896484375 276.625 279.03125 283.274993896484375 290.068756103515625 296.54998779296875 293.67498779296875 291.26251220703125 285.868743896484375 280.71875 276.40625 275.45001220703125 276.225006103515625 278.875 284.33123779296875 287.962493896484375 290.10626220703125 293.625 294.89373779296875 293.36248779296875 296.03125 300.056243896484375 305.899993896484375 309.84375 311.45623779296875 311.181243896484375 308.11248779296875 306.087493896484375 305.381256103515625 304.568756103515625 305.368743896484375 306.6875 306.48126220703125 305.51873779296875 305.66876220703125 304.587493896484375 303.60626220703125 297.65625 292.54998779296875
314.54376220703125 306.100006103515625 299.26873779296875 293.86248779296875 288.53125 286.899993896484375 284.14373779296875 281.875 284.462493896484375 291.131256103515625 297.681243896484375 302.45623779296875 298.806243896484375 288.48126220703125 282.53125 279.243743896484375 274.125 273.26251220703125 275.25 276.71875 282.16876220703125 284.35626220703125 283.837493896484375 286.399993896484375 281.181243896484375 277.850006103515625 283.274993896484375 287.15625 293.875 296.618743896484375 297.962493896484375 297.337493896484375 294.131256103515625 292.256256103515625 290.681243896484375 292.131256103515625 293.90625 295.6875 296.931243896484375 296.39373779296875 292.20623779296875 293.306243896484375 290.318756103515625 285.45001220703125 283.881256103515625
314.98748779296875 306.587493896484375 298.98126220703125 293.350006103515625 290.09375 288.5625 285.91876220703125 284.662506103515625 288.79998779296875 294.34375 298.01873779296875 297.42498779296875 293.64373779296875 285.600006103515625 276.90625 274.5625 269.618743896484375 267.193756103515625 269.54376220703125 269.73126220703125 273.850006103515625 274.29376220703125 274.524993896484375 272.600006103515625 269.375 267.350006103515625 271.1875 275.556243896484375 280.73748779296875 283.756256103515625 284.73126220703125 284.88751220703125 279.86248779296875 277.899993896484375 277.64373779296875 280.53125 282.975006103515625 286.85626220703125 290.149993896484375 288.57501220703125 281.4375 277.3125 279.48126220703125 282.600006103515625 284.056243896484375
313.462493896484375 305.587493896484375 298.91876220703125 293.931243896484375 291.41876220703125 289.86248779296875 288.54998779296875 287.34375 289.556243896484375 292.79998779296875 295.10626220703125 293.306243896484375 287.8125 280.01873779296875 270.475006103515625 265.08123779296875 261.537506103515625 262.337493896484375 263.899993896484375 264.3125 266.34375 268.118743896484375 266.600006103515625 264.399993896484375 261.625 261.01251220703125 263.86248779296875 268.48748779296875 273.58123779296875 275.23748779296875 274.118743896484375 271.20623779296875 269.10626220703125 265.88751220703125 264.54376220703125 267.15625 274.95623779296875 283.17498779296875 287.33123779296875 284.66876220703125 279.13751220703125 278.03125 283.087493896484375 282.337493896484375 280.712493896484375
309.91876220703125 302.20623779296875 297.79998779296875 294.42498779296875 291.54998779296875 290.243743896484375 288.95623779296875 288.162506103515625 291.462493896484375 292.993743896484375 293.60626220703125 290.23748779296875 284.306243896484375 275.01873779296875 263.92498779296875 253.193756103515625 253.131256103515625 257.412506103515625 257.98748779296875 258.91876220703125 260.83123779296875 260.91876220703125 258.756256103515625 257.04998779296875 254.318756103515625 254.8312530517578125 256.60626220703125 261.66876220703125 266.4375 268.67498779296875 269.53125 266.17498779296875 258.38751220703125 253.4812469482421875 249.931243896484375 258.899993896484375 267.506256103515625 277.243743896484375 283.83123779296875 287.10626220703125 285.26873779296875 285.20001220703125 284.89373779296875 280.92498779296875 277.10626220703125
304.86248779296875 298.88751220703125 296.131256103515625 293.79998779296875 290.931243896484375 289.85626220703125 290.4375 289.8125 291.03125 292.45623779296875 291.73748779296875 287.66876220703125 280.33123779296875 271.04998779296875 261.95001220703125 253.931243896484375 247.7375030517578125 249.90625 252.8312530517578125 254.875 256.431243896484375 257.162506103515625 254.8625030517578125 250.337493896484375 247.9250030517578125 247.556243896484375 250.2312469482421875 254.9250030517578125 260.712493896484375 264.225006103515625 264.70001220703125 261.837493896484375 254.899993896484375 249.3937530517578125 250.9875030517578125 256.681243896484375 266.493743896484375 278.01251220703125 290.33123779296875 293.375 293.73126220703125 291.181243896484375 284.91876220703125 279.16876220703125 273.5625
297.70001220703125 294.493743896484375 291.975006103515625 291.9375 289.58123779296875 289.649993896484375 291.03125 289.381256103515625 290.04998779296875 289.88751220703125 287.79998779296875 283.243743896484375 275.993743896484375 268.506256103515625 260.556243896484375 254.1125030517578125 247.625 241.9875030517578125 247.600006103515625 250.368743896484375 253.7312469482421875 253.712493896484375 251.5500030517578125 247.274993896484375 245.725006103515625 245.662506103515625 245.9250030517578125 252.7937469482421875 259.587493896484375 262.20623779296875 259.131256103515625 249.9250030517578125 249.024993896484375 248.087493896484375 248.2624969482421875 257.337493896484375 267.225006103515625 277.73126220703125 287.693756103515625 295.399993896484375 293.42498779296875 289.70001220703125 283.868743896484375 277.568756103515625 272.381256103515625
289.306243896484375 288.32501220703125 288.20623779296875 287.54376220703125 286.287506103515625 287.850006103515625 288.712493896484375 289.42498779296875 290.318756103515625 289.399993896484375 285.462493896484375 277.70623779296875 271.23126220703125 266.09375 256.443756103515625 250.28125 244.9875030517578125 240.600006103515625 239.84375 242.7687530517578125 250.6750030517578125 253.1750030517578125 244.0625 243.8125 244.931243896484375 247.631256103515625 250.8125 255.75 262.875 264.100006103515625 260.912506103515625 253.0437469482421875 247.8562469482421875 240.056243896484375 239.3937530517578125 249.09375 260.350006103515625 270.493743896484375 282.537506103515625 288.256256103515625 290.993743896484375 288.13751220703125 282.04376220703125 276.181243896484375 271.29998779296875
280.506256103515625 281.88751220703125 281.931243896484375 280.46875 281.743743896484375 286.274993896484375 289.35626220703125 288.6875 289.39373779296875 288.274993896484375 283.087493896484375 276.86248779296875 270.243743896484375 263.88751220703125 253.2624969482421875 242.537506103515625 235.212493896484375 236.53125 235.375 237.625 241.462493896484375 242.024993896484375 242.53125 243.274993896484375 245.0625 247.7062530517578125 252.625 260.318756103515625 264.98126220703125 263.381256103515625 257.556243896484375 255.381256103515625 246.1875 233.6750030517578125 227.3937530517578125 236.9875030517578125 253.4812469482421875 268.20001220703125 278.65625 285.34375 287.04376220703125 284.8125 279.95623779296875 274.631256103515625 267.54998779296875
