data/historical-monthly-weather-data/wc2.1_cruts4.09_10m_prec_1973-04.asc
ncols        51
nrows        45
xllcorner    -63.500000000000
yllcorner    -7.500000000000
cellsize     0.166666666667
NODATA_value -9999
[rows 20 to 39 of 45, columns 0 to 44 of 51]
303.07501220703125 313.431243896484375 319.28125 323.556243896484375 325.64373779296875 331.5 335.875 334.45001220703125 330.04376220703125 321.306243896484375 309.83123779296875 296.79998779296875 284.431243896484375 273.92498779296875 259.54376220703125 247.149993896484375 237.1437530517578125 231.681243896484375 228.693756103515625 225.6875 229.868743896484375 232.875 234.506256103515625 239.5749969482421875 248.118743896484375 256.33123779296875 263.475006103515625 270.100006103515625 274.46875 276.90625 274.8125 272.59375 262.037506103515625 248.8937530517578125 238.6062469482421875 256.256256103515625 282.51873779296875 304.70001220703125 320.493743896484375 330.306243896484375 334.875 336.45623779296875 331.787506103515625 328.92498779296875 321.8125
296.70623779296875 303.95623779296875 310.92498779296875 320.787506103515625 326.70623779296875 330.662506103515625 335.431243896484375 337.13751220703125 333.25 321.67498779296875 305.3125 286.493743896484375 271.45623779296875 260.98126220703125 252.337493896484375 242.5187530517578125 236.006256103515625 229.65625 225.6374969482421875 221.5250091552734375 220.9499969482421875 222.962493896484375 227.0500030517578125 233.2937469482421875 242.649993896484375 255.7562408447265625 274.65625 281.287506103515625 284.86248779296875 286.78125 283.806243896484375 279.256256103515625 271.23748779296875 264 262.20001220703125 272.8125 293.36248779296875 312.568756103515625 324.33123779296875 331.26873779296875 335.17498779296875 334.60626220703125 329.649993896484375 325.32501220703125 317.35626220703125
291.787506103515625 305.125 313.493743896484375 322.46875 328.681243896484375 332.75 334.631256103515625 338.66876220703125 341.056243896484375 323.462493896484375 300.23748779296875 276.70001220703125 259.13751220703125 250.5 245.59375 240.337493896484375 233.6687469482421875 226.193756103515625 220.0437469482421875 214.0812530517578125 213.4812469482421875 214.193756103515625 215.2937469482421875 222.431243896484375 234.9812469482421875 250.899993896484375 271.92498779296875 282.54998779296875 288.4375 289.875 289.818756103515625 288.51873779296875 287.57501220703125 286.118743896484375 288.86248779296875 295.48748779296875 309.26873779296875 323.90625 331.73126220703125 333.84375 334.79998779296875 331.29998779296875 325.91876220703125 320.681243896484375 312.96875
290.4375 304.04376220703125 314.48748779296875 320.875 325.962493896484375 329.9375 334.600006103515625 336.48748779296875 335.9375 317.368743896484375 293.60626220703125 272.587493896484375 250.6374969482421875 245.46875 242.337493896484375 237.118743896484375 229.96875 223.649993896484375 215.8562469482421875 209.5124969482421875 206.837493896484375 204.3312530517578125 203.8562469482421875 212.181243896484375 224.0437469482421875 235.943756103515625 253.9562530517578125 271.681243896484375 283.774993896484375 292.25 298.11248779296875 304.162506103515625 307.306243896484375 307.75 311.725006103515625 317.4375 327.90625 335.71875 337.91876220703125 335.92498779296875 334.649993896484375 329.01251220703125 322.66876220703125 315.95623779296875 309.66876220703125
292.993743896484375 306.58123779296875 314.95623779296875 322.037506103515625 327.85626220703125 329.837493896484375 331.243743896484375 330.806243896484375 324.350006103515625 311.60626220703125 291.57501220703125 271.54376220703125 257.67498779296875 247.5437469482421875 241.287506103515625 235.181243896484375 229.6125030517578125 222.3625030517578125 213.931243896484375 205.1750030517578125 200.118743896484375 195.662506103515625 193.8562469482421875 199.9812469482421875 209.84375 225.225006103515625 244.8625030517578125 263.73126220703125 281.16876220703125 297.725006103515625 310.54376220703125 322.506256103515625 328.631256103515625 329.756256103515625 331.162506103515625 332.368743896484375 338.4375 340.4375 340.368743896484375 338.587493896484375 335.21875 327.70623779296875 321.75 313.17498779296875 300.381256103515625
305.20623779296875 316.41876220703125 317.943756103515625 322.806243896484375 325.39373779296875 326.225006103515625 326.012481689453125 323.16876220703125 313.212493896484375 300.375 286.86248779296875 274.04376220703125 262.21875 253.40625 244.21875 238.399993896484375 231.537506103515625 223.1125030517578125 212.7687530517578125 201.4562530517578125 196.149993896484375 188.9812469482421875 183.8937530517578125 185.8000030517578125 198.037506103515625 215.725006103515625 239.5749969482421875 260.193756103515625 282.537506103515625 301.368743896484375 321.65625 340.65625 349.63751220703125 347.556243896484375 344.056243896484375 343.125 345.037506103515625 345.100006103515625 342.58123779296875 339.712493896484375 336.21875 326.89373779296875 318.368743896484375 307.70623779296875 296.65625
316.256256103515625 322.381256103515625 324.225006103515625 325.5625 324.274993896484375 324.600006103515625 321.51873779296875 315.350006103515625 305.8125 298.568756103515625 289.431243896484375 277.95001220703125 268.03125 259.89373779296875 251.0187530517578125 243.7624969482421875 235.912506103515625 225.524993896484375 215.443756103515625 204.587493896484375 195.5749969482421875 186.131256103515625 177.618743896484375 178.4812469482421875 192.868743896484375 209.65625 234.399993896484375 256.78125 281.26873779296875 302.556243896484375 326.85626220703125 350.1875 362.943756103515625 358.33123779296875 352.48748779296875 349.46875 349.53125 348.524993896484375 344.037506103515625 340.568756103515625 335.006256103515625 326.693756103515625 317.23748779296875 308.087493896484375 303.20001220703125
329.83123779296875 331.83123779296875 330.524993896484375 328.45001220703125 326.26873779296875 322.92498779296875 319.26873779296875 310.587493896484375 303.66876220703125 297.61248779296875 287.881256103515625 280 271.79376220703125 265.61248779296875 257.318756103515625 248.318756103515625 240.725006103515625 232.2687530517578125 220.3125 209.8312530517578125 200.287506103515625 189.006256103515625 183.15625 184.53125 194.9187469482421875 210.212493896484375 231.931243896484375 254.931243896484375 278.693756103515625 300.912506103515625 323.1875 344.475006103515625 355.493743896484375 355.10626220703125 353.67498779296875 350.75 351.743743896484375 351.34375 347.006256103515625 342.53125 337.41876220703125 329.118743896484375 319.84375 312.993743896484375 316.956268310546875
340.375 340.48748779296875 335.506256103515625 331.568756103515625 326.32501220703125 319.175018310546875 313.181243896484375 307.89373779296875 303.82501220703125 296.756256103515625 289.89373779296875 283.131256103515625 275.543731689453125 270.29998779296875 264.20001220703125 258.01873779296875 250.818756103515625 239.225006103515625 228.6374969482421875 217 207 195.368743896484375 189.1125030517578125 192.1812591552734375 200.037506103515625 213.125 233.462493896484375 254.8312530517578125 277.0625 297.4375 315.38751220703125 333.04998779296875 340.82501220703125 345.64373779296875 348.08123779296875 348.568756103515625 351.64373779296875 353.118743896484375 349.98126220703125 344.03125 335.993743896484375 328.131256103515625 321.20001220703125 324.162506103515625 329.756256103515625
347.381256103515625 345.662506103515625 339.45001220703125 330.587493896484375 325.01251220703125 318.787506103515625 312.837493896484375 308.056243896484375 303.037506103515625 296.431243896484375 291.399993896484375 285.66876220703125 282.01251220703125 277.82501220703125 272.08123779296875 265.587493896484375 258.70001220703125 250.412506103515625 238.8125 225.375 213.21875 203.5437469482421875 197.899993896484375 199.5500030517578125 205.1875 216.037506103515625 235.037506103515625 253.46875 273.61248779296875 290.85626220703125 306.4375 319.625 327.774993896484375 335.36248779296875 341.131256103515625 344.04998779296875 349.743743896484375 353.26251220703125 349.54998779296875 347.506256103515625 344.068756103515625 338.556243896484375 332.118743896484375 335.3125 334.975006103515625
350.787506103515625 346.875 339.412506103515625 331.368743896484375 326.08123779296875 318.662506103515625 313.17498779296875 306.23126220703125 301.28125 296.850006103515625 292.95001220703125 289.15625 288.20623779296875 283.23126220703125 278.98126220703125 273.618743896484375 268.90625 260.96875 250.506256103515625 237.712493896484375 224.4187469482421875 212.65625 205.087493896484375 204.524993896484375 207.806243896484375 219.8249969482421875 234.8312530517578125 252.4625091552734375 270.006256103515625 283.318756103515625 297.037506103515625 308.65625 318.38751220703125 326.693756103515625 332.943756103515625 338.48748779296875 343.006256103515625 348.38751220703125 350.01251220703125 350.0625 348.88751220703125 343.899993896484375 340.36248779296875 339.381256103515625 340.068756103515625
350.631256103515625 345.5625 338.25 332.95001220703125 326.90625 317.07501220703125 311.056243896484375 303.32501220703125 298.53125 294.243743896484375 292.03125 292.5 290.66876220703125 288.118743896484375 284.375 280.53125 274.08123779296875 267.09375 256.712493896484375 247.3000030517578125 234.162506103515625 221.631256103515625 211.7312469482421875 210.837493896484375 215.53125 223.4499969482421875 235.625 251.75 265.931243896484375 278.131256103515625 290.61248779296875 301.037506103515625 308.443756103515625 316.868743896484375 324.287506103515625 330.48126220703125 337.399993896484375 341.76251220703125 344.20623779296875 345.54376220703125 350.431243896484375 348.274993896484375 344.993743896484375 344.350006103515625 345.40625
346.45001220703125 339.337493896484375 333.48126220703125 327.912506103515625 323.8125 314.51873779296875 306.01251220703125 299.899993896484375 294.412506103515625 291.993743896484375 293.90625 293.40625 294.556243896484375 294.40625 290.73748779296875 286.125 281.32501220703125 274.98126220703125 264.056243896484375 253.8000030517578125 243.0625 231.1125030517578125 220.787506103515625 219.7624969482421875 223.78125 227.712493896484375 238.8874969482421875 251.0812530517578125 263.29998779296875 274.681243896484375 284.04376220703125 291.78125 298.350006103515625 306.837493896484375 314.54376220703125 322.26873779296875 328.787506103515625 334.32501220703125 334.88751220703125 342.64373779296875 346.17498779296875 344.70001220703125 344.26251220703125 346.01873779296875 348.29376220703125
339.625 334.118743896484375 329.5625 324.193756103515625 319.118743896484375 312.33123779296875 304.537506103515625 296.51873779296875 290.67498779296875 288.29376220703125 288.8125 293.14373779296875 297.024993896484375 295.90625 293.92498779296875 289.23748779296875 285.59375 279.48126220703125 269.949981689453125 260.16876220703125 250 239.2624969482421875 229.8312530517578125 226.1999969482421875 229.631256103515625 232.0500030517578125 239.8125 249.5749969482421875 260.056243896484375 268.13751220703125 275.743743896484375 283.631256103515625 289.83123779296875 297.41876220703125 305.23748779296875 312.04376220703125 319.087493896484375 321.60626220703125 327.725006103515625 334.318756103515625 336.837493896484375 338.368743896484375 340.48748779296875 344.193756103515625 348.375
330.399993896484375 327.54998779296875 325.14373779296875 318.89373779296875 313.537506103515625 306.149993896484375 298.1875 291.512481689453125 283.774993896484375 279.53125 283.350006103515625 291.96875 299.943756103515625 303.4375 300.375 295.88751220703125 290.262481689453125 281.95623779296875 275.10626220703125 264.28125 256.462493896484375 245.225006103515625 236.568756103515625 231.2687530517578125 232.4875030517578125 235.5500030517578125 241.806243896484375 248.212493896484375 256.79376220703125 264.46875 269.875 276.631256103515625 281.03125 288.631256103515625 294.850006103515625 300.25 304.618743896484375 314.212493896484375 319.76873779296875 324.26873779296875 326.381256103515625 329.368743896484375 333.40625 337.35626220703125 339.0625
321.79376220703125 321.125 318.131256103515625 312.600006103515625 306.556243896484375 298.087493896484375 290.92498779296875 283.13751220703125 273.16876220703125 267.868743896484375 271.13751220703125 283.75 297.42498779296875 302.96875 300.962493896484375 296.96875 292.09375 285.03125 278.48126220703125 271.106231689453125 262.29998779296875 252.9187469482421875 241.693756103515625 237.443756103515625 236.5500030517578125 238.4499969482421875 243.9375 249.8249969482421875 256.524993896484375 261.54376220703125 265.78125 269.899993896484375 273.475006103515625 280.625 284.59375 286.237518310546875 294.70623779296875 303.068756103515625 306.524993896484375 310.98748779296875 315.125 317.45623779296875 320.100006103515625 324.26873779296875 324.181243896484375
313.89373779296875 314.975006103515625 311.26251220703125 306.66876220703125 300.41876220703125 292.57501220703125 285.95623779296875 275.625 262.58123779296875 253.631256103515625 260.59375 280.899993896484375 293 296.912506103515625 298.181243896484375 295.681243896484375 289.59375 284.33123779296875 279.54376220703125 271.3125 264.087493896484375 255.1062469482421875 244.912506103515625 241.2624969482421875 239.1687469482421875 240.256256103515625 245.537506103515625 250.90625 255.59375 258.45623779296875 262.38751220703125 266.087493896484375 268.837493896484375 272.537506103515625 274.83123779296875 278.006256103515625 285.11248779296875 293.03125 297.84375 298.881256103515625 302.36248779296875 303.993743896484375 307.61248779296875 310.63751220703125 311.806243896484375
310.4375 309.41876220703125 304.70001220703125 301.118743896484375 295.29376220703125 288.806243896484375 281.368743896484375 270.58123779296875 259.625 249.0437469482421875 263.243743896484375 283.13751220703125 291.36248779296875 294.100006103515625 294.681243896484375 292.9375 286.462493896484375 282.86248779296875 276.15625 267.91876220703125 261.54998779296875 253.15625 246.2312469482421875 242.6999969482421875 240.274993896484375 242.21875 244.46875 250.318756103515625 254.8125 257.368743896484375 258.17498779296875 261.04998779296875 264.61248779296875 266.38751220703125 265.600006103515625 271.58123779296875 277.26251220703125 281.89373779296875 287.875 289.34375 290.03125 292.087493896484375 292.86248779296875 294.037506103515625 296.493743896484375
311.25 306.506256103515625 301.725006103515625 298.45623779296875 294.14373779296875 285.85626220703125 279.01873779296875 271.39373779296875 267.32501220703125 270.54376220703125 284.73748779296875 290.86248779296875 290.26251220703125 291.475006103515625 291.53125 287.91876220703125 282.5625 278.243743896484375 269.70001220703125 263.57501220703125 257.20001220703125 249.506256103515625 243.774993896484375 242.1374969482421875 240.868743896484375 240.462493896484375 242.975006103515625 247.7312469482421875 251.3625030517578125 255.149993896484375 256.975006103515625 257.068756103515625 259.78125 262.65625 266.65625 269 271.57501220703125 276.23126220703125 278.693756103515625 277.725006103515625 278.71875 281.024993896484375 280.48126220703125 282.59375 284.32501220703125
311.8125 306.993743896484375 302.16876220703125 298.73748779296875 294.20001220703125 287.57501220703125 279.20001220703125 276.412506103515625 275.73126220703125 278.65625 284.76251220703125 289.743743896484375 288.975006103515625 288.84375 287.899993896484375 283.743743896484375 278.600006103515625 274.08123779296875 265.13751220703125 257.743743896484375 251.03125 246.618743896484375 239.40625 237.5625 239.09375 239.4812469482421875 241.899993896484375 245.993743896484375 249.2624969482421875 252.5500030517578125 252.65625 257.36248779296875 262.087493896484375 264.45623779296875 267.875 268.893768310546875 269.506256103515625 272.181243896484375 272.131256103515625 268.38751220703125 267.60626220703125 269.243743896484375 267.38751220703125 268.51873779296875 271.631256103515625
