data/historical-monthly-weather-data/wc2.1_cruts4.09_10m_prec_1999-10.asc
ncols        51
nrows        45
xllcorner    -63.500000000000
yllcorner    -7.500000000000
cellsize     0.166666666667
NODATA_value -9999
[rows 20 to 39 of 45, columns 0 to 43 of 51]
120.8562469482421875 126.78749847412109375 133.4812469482421875 139.943756103515625 145.9250030517578125 150.537506103515625 154.743743896484375 157.2312469482421875 157.125 154.306243896484375 149.649993896484375 142.6437530517578125 135.681243896484375 128.46875 124.81874847412109375 121.8125 118.55625152587890625 117.63124847412109375 119.7687530517578125 121.7687530517578125 127.36875152587890625 134.868743896484375 142.5124969482421875 148.0124969482421875 152.006256103515625 152.431243896484375 147.412506103515625 137.850006103515625 128.2375030517578125 120.65000152587890625 115.33750152587890625 114.65000152587890625 116.4875030517578125 120.06874847412109375 124.16249847412109375 120.65000152587890625 116.4499969482421875 115.47499847412109375 115.21250152587890625 115 114 111.2687530517578125 106.0812530517578125 100.88124847412109375
115.00624847412109375 122.83750152587890625 130.931243896484375 138.725006103515625 146.25 152.0187530517578125 156.818756103515625 160.4499969482421875 161.412506103515625 158.1437530517578125 152.287506103515625 144.6062469482421875 137.256256103515625 131.024993896484375 126.6687469482421875 123.5812530517578125 121.27500152587890625 120.65625 121.8312530517578125 123.9499969482421875 127.46875 133.4250030517578125 140.4499969482421875 144.524993896484375 146.8312530517578125 147.350006103515625 144.8625030517578125 138.9875030517578125 133.3625030517578125 128.6062469482421875 124.88124847412109375 123.7375030517578125 124.7687530517578125 127.5749969482421875 128.899993896484375 126.73749542236328125 122.3937530517578125 119.0812530517578125 117.44374847412109375 116.8125 115.55625152587890625 113.03749847412109375 109.41249847412109375 104.875
111.1374969482421875 120.8625030517578125 130.1875 138.9875030517578125 146.649993896484375 152.84375 158.5187530517578125 163.6999969482421875 166.818756103515625 162.193756103515625 155.21875 146.5187530517578125 139.7312469482421875 134.537506103515625 129.9812469482421875 126.4875030517578125 124.0812530517578125 124.125 124.84375 126.1875 129.712493896484375 133.7624969482421875 138.587493896484375 141.8562469482421875 143.399993896484375 142.462493896484375 141.7375030517578125 140.162506103515625 136.5437469482421875 134.006256103515625 132.625 132.3312530517578125 132.225006103515625 133.493743896484375 133.4187469482421875 130.818756103515625 126.625 121.99375152587890625 119.8249969482421875 120.3312530517578125 119.71875 117.46250152587890625 114.18125152587890625 109.7937469482421875
109.4375 120.24375152587890625 131.15625 139.53125 147.149993896484375 153.1999969482421875 158.3937530517578125 163.84375 166.524993896484375 162.625 155.4375 148.100006103515625 142.125 137.399993896484375 133.5812530517578125 130.2624969482421875 128.225006103515625 128.0625 128.375 129.1500091552734375 132.2624969482421875 136.131256103515625 139.03125 140.9499969482421875 141.193756103515625 138.8562469482421875 136.9562530517578125 137.962493896484375 138.40625 138.193756103515625 138.0749969482421875 138.2062530517578125 138.0812530517578125 138.149993896484375 137.7062530517578125 136.068756103515625 132.4499969482421875 127.6999969482421875 126.0437469482421875 125.86875152587890625 125.28125 123.15625 119.72499847412109375 115.05625152587890625
111.36875152587890625 121.6374969482421875 133.006256103515625 140.4375 147.625 152.9187469482421875 157.181243896484375 160.899993896484375 162.475006103515625 160.4812469482421875 155.9812469482421875 150.162506103515625 145.34375 141.306243896484375 137.662506103515625 134.96875 132.8625030517578125 132.6125030517578125 132.6750030517578125 133.2624969482421875 135.631256103515625 137.8125 140.5437469482421875 141.3874969482421875 141.3625030517578125 140.8562469482421875 139.412506103515625 140.0437469482421875 141 141.556243896484375 141.8625030517578125 141.5187530517578125 142.149993896484375 141.868743896484375 141.568756103515625 139.868743896484375 138.0124969482421875 135.7375030517578125 133.962493896484375 133.8625030517578125 133.1125030517578125 130.5625 126.7687530517578125 122.875
114.7687530517578125 123.3625030517578125 131.975006103515625 140.1999969482421875 146.931243896484375 151.375 154.84375 157.65625 159.350006103515625 159.024993896484375 155.25 151.618743896484375 147.8249969482421875 144.6125030517578125 142.006256103515625 139.568756103515625 137.9499969482421875 137.3312530517578125 137.3499908447265625 137.6312408447265625 139.4875030517578125 140.868743896484375 142.8000030517578125 143.4749908447265625 143.7624969482421875 143.931243896484375 143.524993896484375 143.431243896484375 143.9375 144.7624969482421875 144.1437530517578125 144.8312530517578125 145.84375 145.412506103515625 145.662506103515625 144.6437530517578125 143.7312469482421875 143.1875 142.431243896484375 142.493743896484375 142.0124969482421875 139.5812530517578125 135.4499969482421875 131.743743896484375
119.8312530517578125 124.8937530517578125 131.7312469482421875 138.3625030517578125 144.024993896484375 148.493743896484375 151.6875 154.40625 155.743743896484375 155.4499969482421875 154.556243896484375 152.618743896484375 150.412506103515625 148.399993896484375 146.006256103515625 144.3000030517578125 142.318756103515625 142.15625 141.9187469482421875 141.881256103515625 143.40625 144.287506103515625 145.4562530517578125 147.125 146.975006103515625 147.181243896484375 146.618743896484375 146.337493896484375 146.8249969482421875 147.1875 147.6062469482421875 147.28125 148.725006103515625 149.068756103515625 149.0187530517578125 149.0812530517578125 149.2062530517578125 149.587493896484375 150.274993896484375 151.912506103515625 152.399993896484375 150.9250030517578125 147.712493896484375 144.131256103515625
124.5749969482421875 127.30625152587890625 132.1374969482421875 137.1875 141.4812469482421875 145.475006103515625 149.03125 151.3562469482421875 152.743743896484375 153.568756103515625 153.368743896484375 152.943756103515625 152.7062530517578125 151.4562530517578125 149.912506103515625 148.5625 147.4375 146.5812530517578125 146.5500030517578125 146.975006103515625 147.568756103515625 147.943756103515625 149.3625030517578125 150.068756103515625 149.931243896484375 150.318756103515625 150.149993896484375 149.993743896484375 149.375 149.462493896484375 149.2312469482421875 149.40625 151.0187530517578125 151.631256103515625 152.8874969482421875 153.1875 153.600006103515625 155.774993896484375 157.462493896484375 160.9187469482421875 164.46875 163.337493896484375 159.337493896484375 157.399993896484375
129.0812530517578125 130.006256103515625 132.618743896484375 136.256256103515625 139.34375 142.40625 145.318756103515625 148.0187530517578125 149.9875030517578125 151.912506103515625 153.1687469482421875 153.9812469482421875 154.693756103515625 154.443756103515625 153.837493896484375 152.875 152.3937530517578125 151.631256103515625 151.3249969482421875 151.618743896484375 151.537506103515625 151.806243896484375 152.6374969482421875 152.8874969482421875 152.59375 153.181243896484375 152.975006103515625 152.568756103515625 152.7312469482421875 152.118743896484375 151.03125 151.0812530517578125 152.84375 153.9250030517578125 155.537506103515625 156.743743896484375 157.8625030517578125 160.0124969482421875 162.100006103515625 166.399993896484375 171.8874969482421875 171.3312530517578125 168.2312469482421875 169.2687530517578125
132.131256103515625 131.6437530517578125 132.8249969482421875 134.3312530517578125 136.506256103515625 138.78125 141.9187469482421875 145.21875 148.306243896484375 150.493743896484375 153.15625 154.6437530517578125 156.756256103515625 157.756256103515625 157.5187530517578125 157.506256103515625 156.681243896484375 156.6812591552734375 156.0749969482421875 155.306243896484375 155.4499969482421875 155.6062469482421875 155.725006103515625 155.149993896484375 155.0500030517578125 156.0437469482421875 155.5500030517578125 154.743743896484375 154.068756103515625 153.4375 152.975006103515625 152.9562530517578125 154.5625 156.350006103515625 157.8625030517578125 159.212493896484375 160.40625 163.0625 163.506256103515625 166.21875 170.899993896484375 174.087493896484375 174.225006103515625 178.1062469482421875
134.537506103515625 132.5124969482421875 132.6999969482421875 132.3000030517578125 133.5625 136.600006103515625 139.681243896484375 143.15625 146.431243896484375 149.2375030517578125 153.0500030517578125 156.0187530517578125 159.6125030517578125 161.725006103515625 161.5 161.899993896484375 162.09375 161.4499969482421875 160.600006103515625 159.90625 159.28125 159.181243896484375 159.0749969482421875 158.024993896484375 157.6437530517578125 157.84375 157.21875 156.2375030517578125 155.1999969482421875 154.5124969482421875 154.618743896484375 154.75 156.3874969482421875 158.537506103515625 160.306243896484375 161.0625 162.6125030517578125 165.34375 164.568756103515625 162.6062469482421875 167.2312469482421875 173.912506103515625 178.6437530517578125 182.84375
135.774993896484375 132.6374969482421875 131.256256103515625 130.806243896484375 132.1374969482421875 134.1062469482421875 137.09375 140.7312469482421875 144.4499969482421875 148.15625 152.493743896484375 156.962493896484375 161.125 164.7375030517578125 166 166.78125 166.53125 165.087493896484375 164.9875030517578125 164.1437530517578125 163.09375 162.5 162.1125030517578125 160.475006103515625 159.850006103515625 159.381256103515625 158.4562530517578125 157.4250030517578125 156.125 155.9250030517578125 156.100006103515625 155.9562530517578125 157.837493896484375 160.5437469482421875 161.8937530517578125 162.993743896484375 164.7687530517578125 167.21875 165.1687469482421875 164.1750030517578125 169.399993896484375 177.149993896484375 182.65625 188.506256103515625
136.65625 132.9562530517578125 131.131256103515625 130.5812530517578125 130.6500091552734375 132.118743896484375 134.2937469482421875 137.1062469482421875 141.006256103515625 145.6687469482421875 152.9375 157.9187469482421875 163.9187469482421875 169.5500030517578125 170.9875030517578125 171.381256103515625 170.5812530517578125 169.28125 168.5812530517578125 167.6187591552734375 166.225006103515625 165.28125 164.2624969482421875 162.806243896484375 161.65625 160.756256103515625 159.6374969482421875 158.1437530517578125 156.875 157.506256103515625 157.78125 158 158.631256103515625 161.368743896484375 164.0625 166.4875030517578125 167.943756103515625 169.0749969482421875 168.28125 170.912506103515625 176.1374969482421875 182.556243896484375 188.431243896484375 194.006256103515625
136.375 132.9562530517578125 131.274993896484375 130.318756103515625 129.03125 130.037506103515625 131.46875 133.6687469482421875 137.15625 142.662506103515625 149.8937530517578125 158.3312530517578125 167.46875 173.1062469482421875 175.4499969482421875 175.6125030517578125 174.868743896484375 173.681243896484375 171.8312530517578125 171.1374969482421875 169.350006103515625 167.8562469482421875 166.5124969482421875 164.068756103515625 163.0124969482421875 161.84375 160.09375 158.4375 157.493743896484375 158.243743896484375 159.3125 160.1999969482421875 161.53125 163.1062469482421875 166.40625 168.8249969482421875 170.0625 171.306243896484375 172.6687469482421875 176.5437469482421875 180.618743896484375 186.5875091552734375 193.4875030517578125 199.6062469482421875
136.193756103515625 133.256256103515625 130.8249969482421875 129.556243896484375 127.7375030517578125 128.1125030517578125 128.75 130.4812469482421875 133.149993896484375 138.787506103515625 147.375 158 169.7062530517578125 178.25 179.2937469482421875 179.4499969482421875 178.9562530517578125 177.3937530517578125 175.556243896484375 173.8125 172.03125 169.8625030517578125 168.125 165.087493896484375 163.6125030517578125 162.212493896484375 160.681243896484375 159.493743896484375 158.4875030517578125 159.162506103515625 160.2312469482421875 161.850006103515625 163.287506103515625 165.5625 167.9375 169.5500030517578125 170.818756103515625 173.8312530517578125 176.149993896484375 179.681243896484375 183.7937469482421875 188.6374969482421875 195.381256103515625 201.2312469482421875
136.6062469482421875 133.774993896484375 131.90625 129.9250030517578125 128.118743896484375 128.2062530517578125 127.85625457763671875 128.368743896484375 130.1374969482421875 134.40625 143.5500030517578125 155.712493896484375 169.40625 178.975006103515625 181.3937530517578125 181.912506103515625 181.5 180.193756103515625 178.287506103515625 176.0437469482421875 174.15625 172.056243896484375 169.0124969482421875 166.125 164.287506103515625 162.40625 160.84375 159.912506103515625 159.1062469482421875 160.2687530517578125 161.287506103515625 162.8625030517578125 164.256256103515625 167.0124969482421875 168.5625 169.4250030517578125 172.743743896484375 175.09375 177.625 180.837493896484375 185.1437530517578125 189.743743896484375 193.5625 199.162506103515625
137.1999969482421875 134.6437530517578125 132.8312530517578125 131 129.2312469482421875 128.5 127.4187469482421875 126.8312530517578125 127.2375030517578125 128.84375 138.899993896484375 155.212493896484375 168.2375030517578125 177.256256103515625 181.493743896484375 183.475006103515625 183.46875 182.306243896484375 179.8937530517578125 177.181243896484375 174.8937530517578125 172.28125 169.6374969482421875 166.3312530517578125 164.037506103515625 162.2937469482421875 160.787506103515625 160.162506103515625 160.056243896484375 161.15625 162.5749969482421875 163.462493896484375 165.881256103515625 168.506256103515625 168.9937591552734375 171.2062530517578125 173.96875 177 179.25 181.681243896484375 185.21875 187.662506103515625 191.53125 196.6999969482421875
137.375 135.193756103515625 133.4375 131.84375 130.3625030517578125 129.287506103515625 128.65625 127.75624847412109375 128.0749969482421875 127.91875457763671875 141.9875030517578125 158.5124969482421875 169.2375030517578125 177.8375091552734375 182.181243896484375 184.7624969482421875 185.0749969482421875 183.712493896484375 181.399993896484375 178.118743896484375 175.1125030517578125 171.4499969482421875 168.5124969482421875 165.068756103515625 163.3625030517578125 161.8312530517578125 160.3312530517578125 160.100006103515625 160.318756103515625 161.837493896484375 162.59375 164.1437530517578125 166.7375030517578125 168.78125 170.1687469482421875 171.5500030517578125 174.9187469482421875 177.256256103515625 180.256256103515625 182.9250030517578125 184.1437530517578125 186.725006103515625 188.568756103515625 191.756256103515625
134.743743896484375 133.037506103515625 132.274993896484375 131.3625030517578125 130.46875 130.1437530517578125 130.2687530517578125 131.6750030517578125 134.631256103515625 142.337493896484375 157.493743896484375 166.131256103515625 172.5187530517578125 179.087493896484375 183.568756103515625 186.3312530517578125 186.868743896484375 185.056243896484375 181.756256103515625 178.725006103515625 174.193756103515625 169.875 166.756256103515625 163.631256103515625 161.4875030517578125 160.7312469482421875 160.3562469482421875 160.9187469482421875 161.3312530517578125 162.7687530517578125 164.65625 166.131256103515625 167.9250030517578125 169.587493896484375 172.1999969482421875 174.524993896484375 176.1875 178.375 180.8625030517578125 180.84375 182.28125 184.1437530517578125 184.8874969482421875 187.2062530517578125
131.975006103515625 130.9187469482421875 131.0749969482421875 131.131256103515625 130.8125 131.9875030517578125 132.993743896484375 136.287506103515625 141.462493896484375 150.225006103515625 160.806243896484375 169.4875030517578125 176.1125030517578125 181.40625 185.78125 187.975006103515625 188.76251220703125 186.7624969482421875 182.6750030517578125 178.318756103515625 173.024993896484375 167.84375 163.868743896484375 161.0625 160.1687469482421875 159.600006103515625 159.881256103515625 161.399993896484375 162.5625 164.2937469482421875 165.850006103515625 168.2375030517578125 171.4375 173.0625 175.899993896484375 177 177.5437469482421875 178.96875 181 179.2687530517578125 179.2312469482421875 180.850006103515625 180.962493896484375 182.3937530517578125
