data/historical-monthly-weather-data/wc2.1_cruts4.09_10m_prec_1994-02.asc
ncols        45
nrows        45
xllcorner    -63.500000000000
yllcorner    -7.500000000000
cellsize     0.166666666667
NODATA_value -9999
[rows 0 to 19 of 45, columns 0 to 44 of 45]
159.912506103515625 155.40625 149.068756103515625 145.3874969482421875 139.9250030517578125 137.381256103515625 133.587493896484375 127.86875152587890625 122.94374847412109375 120.42499542236328125 120.96875 121.2687530517578125 121.08750152587890625 117.0124969482421875 114.8562469482421875 113 111.9250030517578125 108.5187530517578125 108.05625152587890625 108.2375030517578125 109.65000152587890625 111.27500152587890625 114.38124847412109375 118.25624847412109375 123.0124969482421875 128.600006103515625 135.881256103515625 143.899993896484375 152.881256103515625 162.3000030517578125 172.975006103515625 184.4187469482421875 194.193756103515625 204.631256103515625 215.743743896484375 223.318756103515625 228.3625030517578125 232.5124969482421875 235.368743896484375 235.881256103515625 237.4812469482421875 237.53125 235.462493896484375 236.725006103515625 235.943756103515625
167.818756103515625 164.131256103515625 160.837493896484375 157.006256103515625 153.96875 154.006256103515625 151.743743896484375 150.15625 148.850006103515625 147.1062469482421875 146.1687469482421875 144.2062530517578125 141.7687530517578125 137.912506103515625 134.193756103515625 130.462493896484375 127.7624969482421875 125.2624969482421875 124.7312469482421875 124.6875 126.18125152587890625 128.875 132.53125 136.649993896484375 140.9875030517578125 146.868743896484375 153.306243896484375 161.0437469482421875 169.212493896484375 179.212493896484375 189.5437469482421875 202.462493896484375 212.649993896484375 224.0124969482421875 234.3312530517578125 241.337493896484375 246.2937469482421875 249.587493896484375 251.7937469482421875 251.8312530517578125 252.59375 251.600006103515625 248.4250030517578125 248.1125030517578125 246.368743896484375
175.21875 172.59375 170.9250030517578125 169.6687469482421875 169.5437469482421875 171.2624969482421875 173.34375 176.4499969482421875 178.8625030517578125 178.318756103515625 176.0500030517578125 172.1374969482421875 167.462493896484375 161.5500030517578125 155.5437469482421875 149.881256103515625 145.131256103515625 142.7687530517578125 141.65625 141.5749969482421875 143.693756103515625 148.0812530517578125 151.875 156.181243896484375 162.100006103515625 167.1875 173.03125 180.2687530517578125 186.6062469482421875 195.53125 206.725006103515625 218.850006103515625 229.8249969482421875 239.8562469482421875 251.2687530517578125 256.818756103515625 262.25 267.087493896484375 267.92498779296875 267.693756103515625 267.57501220703125 265.04998779296875 261.09375 257.587493896484375 256.118743896484375
180.568756103515625 179.274993896484375 181.181243896484375 183.0124969482421875 188.056243896484375 191.381256103515625 197.3249969482421875 205.3125 212.212493896484375 214.7624969482421875 211.3625030517578125 203.5812530517578125 194.5625 185.774993896484375 178.068756103515625 170.5437469482421875 164.2312469482421875 159.9250030517578125 158.9187469482421875 160.6125030517578125 164.337493896484375 168.8625030517578125 172.625 177.4937591552734375 183.09375 188.412506103515625 194.306243896484375 200.03125 205.068756103515625 214.0625 223.84375 236.850006103515625 246.6687469482421875 257.26251220703125 267.381256103515625 274.274993896484375 279.875 284.287506103515625 286.07501220703125 285.875 283.40625 279.48748779296875 274.35626220703125 268.681243896484375 266.10626220703125
190.40625 187.8000030517578125 189.6999969482421875 195.287506103515625 203.962493896484375 211.274993896484375 219.5812530517578125 232.9875030517578125 247.0812530517578125 255.21875 246.5749969482421875 232.84375 222.037506103515625 211.6437530517578125 201 191.78125 184.243743896484375 178.34375 178.0812530517578125 180.774993896484375 185.90625 189.9187469482421875 194.6750030517578125 200.0500030517578125 205.306243896484375 210.931243896484375 214.0437469482421875 217.8000030517578125 224.1374969482421875 233.100006103515625 242.9562530517578125 253.6750030517578125 264.75 275.58123779296875 285.381256103515625 292.45001220703125 299.256256103515625 304.462493896484375 306.125 304.04998779296875 301.431243896484375 294.6875 286.84375 279.73126220703125 274.26873779296875
199.806243896484375 199.443756103515625 200.962493896484375 205.6937408447265625 214.5437469482421875 224.462493896484375 235.71875 250.375 267.33123779296875 280.09375 267.95623779296875 252.681243896484375 241.693756103515625 231.756256103515625 221.53125 213.3937530517578125 204.8312530517578125 199.681243896484375 200.84375 204.5749969482421875 208.524993896484375 212.5749969482421875 217.0187530517578125 221.1062469482421875 224.9375 230.5 233.5187530517578125 236.1125030517578125 240.7937469482421875 249.3874969482421875 259.118743896484375 269.65625 279.212493896484375 292.20623779296875 303.068756103515625 310.11248779296875 317.45623779296875 323.03125 325.79376220703125 323.475006103515625 317.806243896484375 309.381256103515625 300.36248779296875 291.743743896484375 282.3125
210.3874969482421875 211.1437530517578125 213.78125 217.1687469482421875 225.212493896484375 234.25 245.3125 256.98126220703125 269.76251220703125 275.73748779296875 273.149993896484375 264.975006103515625 256.725006103515625 249 241.493743896484375 234.84375 229.4375 228.25 229.875 231.2375030517578125 232.28125 235.53125 237.90625 240.7375030517578125 246.162506103515625 250.1687469482421875 252.662506103515625 255.431243896484375 257.443756103515625 264.83123779296875 275.618743896484375 286.056243896484375 296.568756103515625 306.23126220703125 316.931243896484375 326.350006103515625 333.568756103515625 340.399993896484375 345.32501220703125 342.51873779296875 333.568756103515625 324.26873779296875 314.79376220703125 304.725006103515625 292.90625
220.649993896484375 221.1750030517578125 224.024993896484375 229.787506103515625 237.568756103515625 244.40625 251.4562530517578125 257.8125 262.868743896484375 267.83123779296875 273.350006103515625 273.762481689453125 270.681243896484375 264.837493896484375 259.73748779296875 255.8874969482421875 253.037506103515625 255.962493896484375 260.118743896484375 257.881256103515625 255.5812530517578125 256.84375 258.256256103515625 261.193756103515625 266.181243896484375 269.712493896484375 271.5625 272.787506103515625 275.21875 281.962493896484375 290.5 301.46875 311.57501220703125 321.86248779296875 331.76251220703125 339.899993896484375 347.475006103515625 354.006256103515625 357.524993896484375 355.524993896484375 348.475006103515625 339.96875 330.443756103515625 318.76873779296875 307.70623779296875
231.649993896484375 232.8937530517578125 235.6624908447265625 241.4499969482421875 248 252.181243896484375 257.662506103515625 260.912506103515625 261.10626220703125 265.125 274.23126220703125 279.837493896484375 280.256256103515625 277.13751220703125 273.712493896484375 272.506256103515625 271.212493896484375 273.524993896484375 277.89373779296875 274.39373779296875 270.131256103515625 270.86248779296875 272.756256103515625 278.618743896484375 283.85626220703125 287.318756103515625 287.82501220703125 288.475006103515625 291.07501220703125 296.70623779296875 304.875 315.01251220703125 324.243743896484375 333.306243896484375 342.5 351.26873779296875 358.96875 365.462493896484375 370.024993896484375 369.29376220703125 363.568756103515625 356.48126220703125 348.92498779296875 339.01873779296875 329.743743896484375
242.693756103515625 244.6125030517578125 247.943756103515625 252.5812530517578125 257.756256103515625 260.962493896484375 266.287506103515625 269.39373779296875 272.693756103515625 277.381256103515625 285.625 289.09375 291.443756103515625 288.787506103515625 287.662506103515625 286.350006103515625 285.149993896484375 285.850006103515625 285.20623779296875 282.75 280.524993896484375 282.600006103515625 286.78125 295.756256103515625 301.60626220703125 304.743743896484375 305.431243896484375 304.506256103515625 307.42498779296875 312.33123779296875 317.84375 326.07501220703125 335.07501220703125 345.100006103515625 354.693756103515625 362.86248779296875 370.5 375.774993896484375 380.524993896484375 382.20623779296875 379.98748779296875 375.21875 368.08123779296875 358.01251220703125 351.375
252.6937408447265625 255.0812530517578125 258.33123779296875 262.45623779296875 266.61248779296875 269.850006103515625 274.84375 280.16876220703125 285.462493896484375 291.67498779296875 300.11248779296875 303.95001220703125 304.57501220703125 301.79376220703125 301.037506103515625 299.88751220703125 297.59375 295.0625 291.75 289.34375 287.51251220703125 290.875 299.25 307.756256103515625 318.58123779296875 321.681243896484375 320.76251220703125 320.681243896484375 321.63751220703125 324.73126220703125 329.993743896484375 336.681243896484375 344.66876220703125 354.34375 365.38751220703125 374.193756103515625 379.975006103515625 386.53125 391.57501220703125 393.318756103515625 392.89373779296875 389.193756103515625 383.943756103515625 375.70623779296875 369.17498779296875
261.725006103515625 264.01251220703125 266.625 271 275.70001220703125 279.306243896484375 284.6875 292.36248779296875 298.375 305.399993896484375 314.78125 320.850006103515625 320.537506103515625 317.16876220703125 316.04998779296875 312.95001220703125 309.506256103515625 304.100006103515625 297.931243896484375 293.07501220703125 290.60626220703125 295.806243896484375 308.943756103515625 323.01873779296875 333.6875 334.71875 332.26251220703125 331.35626220703125 332.23126220703125 335.75 339.96875 344.600006103515625 352.34375 361.212493896484375 371.537506103515625 380.79376220703125 389.1875 396.475006103515625 402.118743896484375 404.962493896484375 406.07501220703125 402.212493896484375 394.318756103515625 383.337493896484375 374.73126220703125
267.568756103515625 270.631256103515625 274.14373779296875 278.443756103515625 284.45623779296875 289.28125 296.10626220703125 303.76251220703125 309.975006103515625 318.73748779296875 328.149993896484375 335.76873779296875 336.51873779296875 331.71875 329.26873779296875 324.443756103515625 319.73748779296875 313.90625 307.61248779296875 300.725006103515625 294.82501220703125 301.631256103515625 317.387481689453125 331.287506103515625 338.95623779296875 340.64373779296875 340.85626220703125 340.61248779296875 341.100006103515625 344.181243896484375 347.75 351.462493896484375 357.024993896484375 365.83123779296875 376.087493896484375 384.90625 393.54998779296875 403.70001220703125 411 415.20001220703125 418.818756103515625 413.53125 400.5625 386.193756103515625 374.17498779296875
272.14373779296875 275.662506103515625 279.743743896484375 284.868743896484375 291.95623779296875 297.59375 306.087493896484375 314.63751220703125 321.725006103515625 329.6875 337.92498779296875 344.54998779296875 346.61248779296875 345.20623779296875 340.34375 335.806243896484375 329.587493896484375 324.462493896484375 318.09375 313.21875 311.662506103515625 317.3125 328.58123779296875 337.40625 343.36248779296875 345.931243896484375 347.59375 347.76873779296875 349.056243896484375 349.96875 352.6875 354.912506103515625 359.506256103515625 367.90625 377.287506103515625 387.149993896484375 398.5625 410.556243896484375 420.725006103515625 425.98748779296875 426.743743896484375 415.41876220703125 403.41876220703125 391.45623779296875 380.318756103515625
276.631256103515625 279.84375 284.837493896484375 291.92498779296875 298.681243896484375 306.024993896484375 316.04998779296875 324.899993896484375 332.912506103515625 340.837493896484375 347.65625 354.95623779296875 358.087493896484375 357.76251220703125 353.4375 347.76873779296875 342.23748779296875 336.912506103515625 331.92498779296875 329.39373779296875 329.67498779296875 333.26873779296875 341.125 346.82501220703125 350.38751220703125 353.962493896484375 355.58123779296875 355.087493896484375 355.53125 356.08123779296875 355.587493896484375 354.993743896484375 359.01251220703125 365.10626220703125 373.9375 383.587493896484375 398.25 414.375 426.76251220703125 431.9375 427.54376220703125 418.774993896484375 409.17498779296875 396.6875 384.368743896484375
279.54376220703125 282.75 288.693756103515625 296.64373779296875 305.10626220703125 313.5 324.1875 333.10626220703125 342.274993896484375 351.86248779296875 359.45001220703125 367.725006103515625 372.274993896484375 372.056243896484375 367.306243896484375 358.943756103515625 354.98748779296875 351.787506103515625 348.537506103515625 347.1875 346.61248779296875 348.73748779296875 353.82501220703125 358.506256103515625 359.34375 360.337493896484375 360.537506103515625 361.03125 362.368743896484375 362.04376220703125 360.61248779296875 356.38751220703125 355.024993896484375 357.725006103515625 363.006256103515625 374.41876220703125 392.21875 413.475006103515625 431.65625 438.45623779296875 433.82501220703125 422.881256103515625 411.318756103515625 398.28125 384.1875
279.83123779296875 284.625 291.26251220703125 300.162506103515625 310.118743896484375 319.618743896484375 330.943756103515625 341.493743896484375 351.631256103515625 362.462493896484375 372.524993896484375 382.82501220703125 389.54376220703125 390.76251220703125 384.975006103515625 375.79998779296875 368.725006103515625 364.743743896484375 362.04376220703125 362.006256103515625 362.5625 363.98748779296875 366.42498779296875 369.08123779296875 369.39373779296875 366.21875 363.95001220703125 365.637481689453125 368.53125 369.318756103515625 365.943756103515625 358.712493896484375 352.32501220703125 346.67498779296875 349.256256103515625 360.643768310546875 380.17498779296875 409.787506103515625 439.25 441.70001220703125 432.649993896484375 420.98126220703125 407.23748779296875 393.84375 381.66876220703125
278.13751220703125 284.32501220703125 293.41876220703125 304.41876220703125 315.600006103515625 326.36248779296875 338.95623779296875 350.83123779296875 361.649993896484375 372.73126220703125 384.787506103515625 399.01251220703125 409.987518310546875 412.550018310546875 407.01251220703125 397.58123779296875 385.368743896484375 375.48126220703125 374.881256103515625 374.693756103515625 377.61248779296875 377.66876220703125 376.14373779296875 374.881256103515625 373.4375 370.07501220703125 366.26251220703125 369.412506103515625 374.07501220703125 375.524993896484375 370.04376220703125 354.21875 343.443756103515625 334.100006103515625 331.368743896484375 338.212493896484375 363.681243896484375 394.068756103515625 421.03125 427.79998779296875 420.20001220703125 409.70001220703125 398.5625 387.931243896484375 377.34375
275.337493896484375 283.212493896484375 293.76251220703125 305.36248779296875 318.40625 331.96875 345.01873779296875 359.16876220703125 371.6875 382.962493896484375 396.899993896484375 413.118743896484375 428.48126220703125 437.725006103515625 430.018768310546875 415.21875 400.0625 386.1875 382.04998779296875 383.25 387.73126220703125 388.16876220703125 380.274993896484375 377.21875 375.125 373.431243896484375 372.243743896484375 375.07501220703125 380.712493896484375 383.537506103515625 378.01873779296875 357.60626220703125 339.399993896484375 320.943756103515625 310.712493896484375 319.081268310546875 344.743743896484375 373.11248779296875 396.524993896484375 405.07501220703125 403.26251220703125 394.63751220703125 387.431243896484375 380.368743896484375 371.5625
272.73748779296875 280.65625 292.36248779296875 305.318756103515625 320.75 336.149993896484375 351.73126220703125 365.868743896484375 378.85626220703125 390.943756103515625 404.45001220703125 422.725006103515625 443.712493896484375 461.756256103515625 449.712493896484375 425.350006103515625 404.625 392.51251220703125 387.59375 388.13751220703125 387.08123779296875 383.76873779296875 381.3125 377.756256103515625 375.431243896484375 373.98748779296875 375.618743896484375 380.48126220703125 383.66876220703125 384.318756103515625 375.443756103515625 358.243743896484375 334.39373779296875 308.350006103515625 289.881256103515625 301.818756103515625 332.20623779296875 360.73126220703125 380.38751220703125 389.36248779296875 387.625 380.21875 378.28125 375.01251220703125 368.15625
