data/historical-monthly-weather-data/wc2.1_cruts4.09_10m_prec_1969-03.asc
ncols        51
nrows        45
xllcorner    -63.500000000000
yllcorner    -7.500000000000
cellsize     0.166666666667
NODATA_value -9999
[rows 0 to 19 of 45, columns 0 to 44 of 51]
148.618743896484375 142.1687469482421875 137.03125 136.149993896484375 133.9562530517578125 132.2687530517578125 128.40625 124.56874847412109375 122.05625152587890625 121.97499847412109375 124.5437469482421875 129.287506103515625 134.493743896484375 138.21875 143.9499969482421875 149.9250030517578125 157.712493896484375 162.037506103515625 168.4812469482421875 174.46875 179.7937469482421875 184.03125 188.9187469482421875 191.53125 195.943756103515625 200.34375 205.037506103515625 212.75 218.756256103515625 216.506256103515625 216.524993896484375 214.100006103515625 213.21875 213.9312591552734375 214.28125 217.71875 220.7062530517578125 224.537506103515625 232.2375030517578125 239.443756103515625 247.056243896484375 254.881256103515625 261.54998779296875 269.193756103515625 274.125
155.2687530517578125 149.46875 148.318756103515625 148.443756103515625 148.037506103515625 146.287506103515625 142.5625 139.7312469482421875 139.4187469482421875 139.9562530517578125 142.3937530517578125 146.5 151.03125 154.8562469482421875 159.962493896484375 165.774993896484375 172.8562469482421875 179.818756103515625 186.9875030517578125 194.068756103515625 199.1187591552734375 203.524993896484375 208.662506103515625 210.9562530517578125 213.506256103515625 216.631256103515625 219.649993896484375 225.9187469482421875 229.787506103515625 227.2624969482421875 225.2937469482421875 224.2687530517578125 222.412506103515625 224.2062530517578125 223.28125 227.8562469482421875 232.881256103515625 237.46875 245.53125 252.806243896484375 261.39373779296875 268.681243896484375 274.681243896484375 281.306243896484375 286.375
159.225006103515625 154.75 155.7312469482421875 157.5 157.9875030517578125 157.75 157.625 157.9875030517578125 159.3000030517578125 161.4187469482421875 162.84375 165.7937469482421875 169.962493896484375 173.681243896484375 178.475006103515625 184.818756103515625 191.4375 198.506256103515625 204.9250030517578125 211.412506103515625 216.274993896484375 220.8625030517578125 224.256256103515625 226.118743896484375 227.90625 228.5 230.5437469482421875 234.9562530517578125 236.4187469482421875 232.243743896484375 229.806243896484375 227.506256103515625 226.2624969482421875 225.6125030517578125 226.787506103515625 230.1687469482421875 236.037506103515625 242.8125 251.056243896484375 259.9375 268.84375 275.818756103515625 281.76251220703125 287.45001220703125 293.63751220703125
161.1687469482421875 158.5749969482421875 162.8125 165.8312530517578125 168 169.4875030517578125 172.225006103515625 175.875 180.443756103515625 184.0124969482421875 185.2312469482421875 186.443756103515625 188.7624969482421875 191.7687530517578125 196.8874969482421875 202.9812469482421875 210.7624969482421875 217.881256103515625 224.162506103515625 229.6437530517578125 234.7062530517578125 237.6062469482421875 238.71875 239.225006103515625 239.6999969482421875 238.993743896484375 239.65625 240.318756103515625 240.09375 235.7062530517578125 230.6750030517578125 228.631256103515625 226.681243896484375 225.5 225.875 231.431243896484375 238.4562530517578125 246.2312469482421875 256.412506103515625 265.524993896484375 273.587493896484375 281.48126220703125 287.91876220703125 293.04998779296875 299.024993896484375
167.4875030517578125 164.1062469482421875 167.306243896484375 172.431243896484375 176.337493896484375 180.0187530517578125 184.1999969482421875 190.6125030517578125 198.7687530517578125 205.5 206.131256103515625 205.0124969482421875 206.5625 210.600006103515625 214.96875 221.84375 229.3937530517578125 237.1437530517578125 241.975006103515625 245.9250030517578125 250.5500030517578125 251.787506103515625 252.9250030517578125 252.6062469482421875 251.25 249.3562469482421875 246.756256103515625 245.3937530517578125 245.5625 238.3249969482421875 233.2312469482421875 228.431243896484375 228 227.5500030517578125 227.8874969482421875 234.4875030517578125 242.118743896484375 250.318756103515625 261.67498779296875 270.774993896484375 280.23748779296875 286.9375 292.98126220703125 299 303.45623779296875
171.6125030517578125 168.8937530517578125 173.34375 176.71875 178.65625 183.59375 188.868743896484375 195.6062469482421875 205.1687469482421875 214.25 213.7624969482421875 213.0749969482421875 216.506256103515625 220.600006103515625 226.256256103515625 233.5812530517578125 241.875 249.4187469482421875 255.3687591552734375 258.9375 261.98126220703125 263.51873779296875 264.26251220703125 262.09375 259.462493896484375 257.40625 253.837493896484375 250.274993896484375 247.5625 241.4875030517578125 235.5437469482421875 231.443756103515625 231.0812530517578125 234.3937530517578125 237.774993896484375 244.875 254.8249969482421875 264.100006103515625 275.28125 285.17498779296875 292.293731689453125 298.38751220703125 303.46875 308.04998779296875 311.09375
174.0625 171.1437530517578125 174.962493896484375 176.9562530517578125 177.5500030517578125 182.25 187.7125091552734375 192.837493896484375 198.8874969482421875 204.9562530517578125 210.5 214.8000030517578125 220.8874969482421875 227.25 234.4187469482421875 242.462493896484375 251.2624969482421875 257.91876220703125 263.60626220703125 269.98126220703125 271.756256103515625 273.73748779296875 273.631256103515625 270.6875 267.462493896484375 263.568756103515625 259.100006103515625 253.96875 248.431243896484375 241.46875 237.9250030517578125 234.0500030517578125 235.6687469482421875 239.631256103515625 245.5812530517578125 255.1875 265.631256103515625 276.32501220703125 289.86248779296875 297.82501220703125 301.42498779296875 306.71875 310.65625 314.318756103515625 318.76251220703125
173.9562530517578125 170.787506103515625 173.1687469482421875 175.2687530517578125 176.8562469482421875 181.537506103515625 184.693756103515625 185.743743896484375 187.0124969482421875 193.1125030517578125 204.006256103515625 213.662506103515625 223.7624969482421875 233.0437469482421875 241.181243896484375 250.0625 257.725006103515625 263.487518310546875 269.9312744140625 277.01873779296875 279.975006103515625 282 282.34375 278.181243896484375 275.45001220703125 269.41876220703125 262.51251220703125 255.943756103515625 248.3625030517578125 241.6374969482421875 237.274993896484375 236.306243896484375 239.21875 245.131256103515625 252.9250030517578125 263.493743896484375 275.26251220703125 286.76251220703125 298.82501220703125 305.39373779296875 308.818756103515625 312.83123779296875 315.71875 318.14373779296875 320.975006103515625
174.149993896484375 170.881256103515625 173.5 175.8000030517578125 177.125 181.337493896484375 183.8000030517578125 183.350006103515625 180.462493896484375 184.2062530517578125 198.774993896484375 211.931243896484375 224.96875 234.84375 243.8562469482421875 253.149993896484375 260.850006103515625 266.787506103515625 274.89373779296875 282.23126220703125 282.962493896484375 286.274993896484375 286.818756103515625 286.79998779296875 283.45623779296875 275.693756103515625 265.787506103515625 256.90625 249.9250030517578125 243.3125 240.3874969482421875 240.6062469482421875 245.068756103515625 251.90625 260.21875 272.46875 286.64373779296875 298.78125 309.931243896484375 315.54376220703125 318.412506103515625 320.67498779296875 322.46875 323.16876220703125 322.59375
174.3312530517578125 171.100006103515625 173.4250030517578125 175.756256103515625 177.78125 182.25 185.506256103515625 186.243743896484375 186.368743896484375 191.2312469482421875 202.556243896484375 213.625 226.5812530517578125 237.524993896484375 246.34375 255.587493896484375 263.98126220703125 270.10626220703125 277.61248779296875 284.83123779296875 285.67498779296875 289.35626220703125 292.89373779296875 295.418731689453125 289.881256103515625 280.975006103515625 270.11248779296875 259.61248779296875 250.65625 244.1125030517578125 241.556243896484375 244.2624969482421875 251.0749969482421875 260.118743896484375 269.57501220703125 282.21875 296.625 310.350006103515625 321.193756103515625 327.399993896484375 330.399993896484375 331.54376220703125 329.412506103515625 324.506256103515625 323.34375
174.53125 171.712493896484375 173.625 176.28125 179.212493896484375 184.743743896484375 189.0437469482421875 190.850006103515625 193.9812469482421875 200.2687530517578125 209.3125 219.475006103515625 230.375 241.6374969482421875 250.181243896484375 258.41876220703125 266.243743896484375 272.506256103515625 278.78125 285.59375 288.41876220703125 292.649993896484375 299.23126220703125 300.056243896484375 297.868743896484375 285.67498779296875 273.375 263.681243896484375 253.381256103515625 246.34375 245.4875030517578125 248.368743896484375 256.04376220703125 266.23748779296875 277.39373779296875 290.28125 304.84375 319.243743896484375 329.98748779296875 337.493743896484375 340.35626220703125 338.40625 332.60626220703125 324.943756103515625 321.881256103515625
176.006256103515625 173.71875 175.8312530517578125 179.131256103515625 181.90625 188.600006103515625 194.5124969482421875 197.9250030517578125 202.587493896484375 208.850006103515625 216.8874969482421875 225.149993896484375 233.818756103515625 243.506256103515625 253.625 261.88751220703125 267.743743896484375 272.86248779296875 278.756256103515625 284.568756103515625 285.774993896484375 291.556243896484375 301.39373779296875 307.5625 303.38751220703125 286.118743896484375 273.131256103515625 263.82501220703125 256.61248779296875 253.3625030517578125 251.068756103515625 252.96875 260.20623779296875 269.95001220703125 280.625 295.40625 311.287506103515625 326.256256103515625 336.23748779296875 344.837493896484375 348.462493896484375 343.33123779296875 332.25 317.48126220703125 309.756256103515625
177.6062469482421875 175.568756103515625 178.2312469482421875 181.2624969482421875 184.75 192.212493896484375 198.537506103515625 203.6687469482421875 209.1750030517578125 216.662506103515625 225.4875030517578125 232.3625030517578125 240.1750030517578125 246.7937469482421875 256.006256103515625 263.899993896484375 269.21875 274.45001220703125 280.61248779296875 284.57501220703125 282.850006103515625 288.443756103515625 298.01873779296875 301.78125 292.068756103515625 277.51251220703125 271.181243896484375 265.29998779296875 260.475006103515625 259.26873779296875 258.26873779296875 258.33123779296875 264.056243896484375 273.118743896484375 283.51251220703125 297.600006103515625 314.118743896484375 329.96875 341.38751220703125 351.60626220703125 356.975006103515625 348.274993896484375 327.76251220703125 308.243743896484375 296.66876220703125
178.149993896484375 176.943756103515625 179.7937469482421875 183.125 187.3625030517578125 194.1374969482421875 201.6437530517578125 208.8625030517578125 216.600006103515625 224.7375030517578125 233.243743896484375 239.53125 245.4812469482421875 252.28125 258.024993896484375 265.837493896484375 270.92498779296875 275.40625 280.756256103515625 285.493743896484375 286.100006103515625 289.25 294.08123779296875 292.568756103515625 283.95623779296875 274.337493896484375 270.125 266.131256103515625 262.73748779296875 263.037506103515625 264.3125 264.79998779296875 268.01251220703125 274.443756103515625 283.943756103515625 299.056243896484375 316.92498779296875 332.787506103515625 343.462493896484375 352.412506103515625 356.625 341.33123779296875 321.73126220703125 304.98748779296875 294.89373779296875
177.2312469482421875 176.03125 179.618743896484375 184.506256103515625 189.6999969482421875 196.9375 205.71875 214.3625030517578125 222.337493896484375 230.7624969482421875 239.743743896484375 245.4499969482421875 250.756256103515625 256.412506103515625 260.15625 266.868743896484375 271.4375 276.725006103515625 281.17498779296875 285.475006103515625 286.76251220703125 288.23748779296875 289.912506103515625 287.712493896484375 282.712493896484375 277.79998779296875 274.618743896484375 271.51873779296875 269.67498779296875 270.943756103515625 270.35626220703125 269.84375 272.712493896484375 274.76873779296875 280.84375 297.38751220703125 316.70001220703125 332.61248779296875 338.95001220703125 341.21875 337.58123779296875 327.88751220703125 317.462493896484375 303.92498779296875 296.41876220703125
174.6875 174.556243896484375 179.28125 185.1062469482421875 191.375 200.4375 209.46875 218.399993896484375 227.975006103515625 237.4499969482421875 245.7375030517578125 251.625 256.5625 261.037506103515625 264.66876220703125 268.5 272.11248779296875 277.23126220703125 281.318756103515625 285.850006103515625 286.037506103515625 285.850006103515625 286.162506103515625 284.506256103515625 281.59375 279.75 278.493743896484375 277.51873779296875 278.04376220703125 279.60626220703125 280.118743896484375 278.71875 278.5 279.61248779296875 283.51251220703125 304.70623779296875 321.88751220703125 330.39373779296875 331.162506103515625 329.98126220703125 325.181243896484375 318.96875 311.41876220703125 301.53125 295.78125
172.25 173.34375 178.375 185.306243896484375 192.975006103515625 202.59375 213.2624969482421875 223.1125030517578125 232.9250030517578125 242.8625030517578125 251.118743896484375 257.318756103515625 262.350006103515625 265.45001220703125 269.82501220703125 272.01251220703125 272.399993896484375 275.75 280.774993896484375 284.756256103515625 284.35626220703125 283.806243896484375 283.943756103515625 283.21875 282.5625 280.975006103515625 281.45623779296875 282.92498779296875 284.225006103515625 287.912506103515625 289.70001220703125 288.881256103515625 289.024993896484375 293.212493896484375 307.70001220703125 325.39373779296875 333.318756103515625 333.65625 327.787506103515625 322.037506103515625 318.399993896484375 313.381256103515625 305.6875 297.725006103515625 294.67498779296875
168.037506103515625 170.0749969482421875 176.5812530517578125 184.7687530517578125 193.3249969482421875 203.412506103515625 214.068756103515625 224.975006103515625 235.7624969482421875 246.1999969482421875 255.649993896484375 263.23126220703125 267.54998779296875 271.54998779296875 275.068756103515625 275.837493896484375 275.75 273.71875 281.318756103515625 285.40625 285.95623779296875 284.556243896484375 283.21875 282.64373779296875 282.58123779296875 283.90625 284.35626220703125 288.01251220703125 292.125 296.45001220703125 297.51251220703125 292.28125 293.67498779296875 302.381256103515625 321.8125 347.024993896484375 343.118743896484375 334.149993896484375 324.26251220703125 318.743743896484375 312.67498779296875 308.01251220703125 302.381256103515625 295.8125 293.162506103515625
163.25 166.3000030517578125 173.524993896484375 182.649993896484375 192.693756103515625 204.006256103515625 215.462493896484375 226.912506103515625 238.037506103515625 249.1875 259.29998779296875 265.29998779296875 271.71875 277.07501220703125 278.618743896484375 278 276.51251220703125 274.20623779296875 277.600006103515625 282.681243896484375 284.84375 284.76873779296875 279.193756103515625 279.71875 281.51251220703125 284.66876220703125 287.70623779296875 291.14373779296875 296.98748779296875 303.23748779296875 305.868743896484375 297.399993896484375 293.14373779296875 293.693756103515625 306.07501220703125 326.6875 327.98748779296875 324.14373779296875 319.381256103515625 313.65625 308.881256103515625 304.11248779296875 299.9375 295.287506103515625 293.149993896484375
157.28125 161.8000030517578125 169.8874969482421875 179.9812469482421875 191.2312469482421875 203.9875030517578125 216.4875030517578125 228.7375030517578125 240.4250030517578125 251.4187469482421875 261.4375 267.32501220703125 274.8125 281.98748779296875 280.79376220703125 275.82501220703125 271.087493896484375 273.16876220703125 275.399993896484375 279.64373779296875 278.962493896484375 276.45623779296875 275.087493896484375 275.60626220703125 278.10626220703125 281.475006103515625 286.149993896484375 292.09375 297.068756103515625 301.20001220703125 301.41876220703125 295.712493896484375 284.350006103515625 273.64373779296875 269.70001220703125 284.993743896484375 302.78125 310.35626220703125 311.64373779296875 309.75 305.556243896484375 301.58123779296875 299.01251220703125 296.04376220703125 295.07501220703125
