data/historical-monthly-weather-data/wc2.1_cruts4.09_10m_prec_1997-09.asc
ncols        45
nrows        45
xllcorner    -63.500000000000
yllcorner    -7.500000000000
cellsize     0.166666666667
NODATA_value -9999
[rows 0 to 18 of 45, columns 0 to 42 of 45]
79.3874969482421875 75.25624847412109375 79.78749847412109375 87.15000152587890625 93.8249969482421875 102.2624969482421875 108.21875 112.28749847412109375 116.63124847412109375 121.00624847412109375 126.58750152587890625 131.524993896484375 136.1687469482421875 138.8312530517578125 140.78125 141.475006103515625 143.40625 142.125 141.9437408447265625 140.4250030517578125 138.787506103515625 134.837493896484375 131.725006103515625 126.5812530517578125 120.71875 116.6437530517578125 111.5749969482421875 106.28125 99.4875030517578125 91.6437530517578125 82.99375152587890625 75.53749847412109375 70.21875 63.75624847412109375 58.268749237060546875 55.33750152587890625 53.375 51.46250152587890625 50.61875152587890625 50.125 49.93125152587890625 50.625 50.93125152587890625
71.4375 65.68125152587890625 69.3249969482421875 75.59375 82.93125152587890625 88.53749847412109375 92.94374847412109375 98.61875152587890625 103.2937469482421875 107.6687469482421875 112.90625 117.15625 121.34375 123.47499847412109375 125.8000030517578125 128.337493896484375 129.6999969482421875 129.4562530517578125 128.9812469482421875 128.087493896484375 125.3312530517578125 123.15625 119.7687530517578125 115.4499969482421875 109.09375 104.71250152587890625 101.21250152587890625 97.3562469482421875 90.96250152587890625 82.97499847412109375 74.4562530517578125 67.36875152587890625 61.762500762939453125 56.799999237060546875 51.90000152587890625 48.956249237060546875 46.78749847412109375 44.918750762939453125 43.924999237060546875 43.331249237060546875 43.125 43.91249847412109375 44.731250762939453125
65.46875 60.862499237060546875 62.84375 67.1437530517578125 71.7937469482421875 76.71250152587890625 80.41249847412109375 84.43125152587890625 89.03749847412109375 93.3000030517578125 97.9250030517578125 101.875 105.8562469482421875 108.03749847412109375 110.31874847412109375 113.71250152587890625 115.4875030517578125 115.75 115.56874847412109375 115.1374969482421875 112.34999847412109375 109.3562469482421875 106.4499969482421875 102.33750152587890625 96.58750152587890625 91.71875 90.17499542236328125 86.75 81.86875152587890625 74.4562530517578125 66.41249847412109375 59.80625152587890625 55.33750152587890625 50.575000762939453125 45.987499237060546875 42.825000762939453125 40.456249237060546875 38.518749237060546875 37.71250152587890625 37.299999237060546875 37.15000152587890625 37.80625152587890625 38.91249847412109375
59.081249237060546875 55.34999847412109375 57.512500762939453125 58.96250152587890625 60.856250762939453125 64.03125 67.0437469482421875 70.88124847412109375 75.1437530517578125 79.2312469482421875 82.7312469482421875 86.47499847412109375 89.15625 92.125 95.125 98.7062530517578125 101.63124847412109375 102.34375 103.52500152587890625 103.97499847412109375 100.8625030517578125 96.4187469482421875 92.3249969482421875 88.1999969482421875 82.53125 78.38124847412109375 76.98125457763671875 73.90000152587890625 70.94374847412109375 65.09999847412109375 58.69374847412109375 52.450000762939453125 47.86875152587890625 43.393749237060546875 38.862499237060546875 36.575000762939453125 34.418750762939453125 32.268749237060546875 31.631250381469726562 30.96875 30.581249237060546875 31.28125 32.356250762939453125
58.918750762939453125 53.65000152587890625 51.47499847412109375 51.049999237060546875 52.00624847412109375 53.81874847412109375 55.387500762939453125 57.84999847412109375 61.837497711181640625 65.2312469482421875 68.1125030517578125 70.9187469482421875 74.22499847412109375 78.19374847412109375 81.97499847412109375 85.83750152587890625 88.93125152587890625 89.7687530517578125 90.84999847412109375 90.77500152587890625 88.3312530517578125 82.6875 78.8312530517578125 74.68125152587890625 69.4499969482421875 65.53749847412109375 63.84999847412109375 62.762500762939453125 60.856250762939453125 55.66249847412109375 50.456249237060546875 44.862499237060546875 40.46875 36.52500152587890625 32.668750762939453125 30.137500762939453125 27.887500762939453125 25.943750381469726562 25.337499618530273438 24.756250381469726562 24.293750762939453125 24.950000762939453125 25.862499237060546875
58.06874847412109375 52.72499847412109375 49.543750762939453125 46.47499847412109375 47.25624847412109375 50.34375 52.206249237060546875 53.8125 57.05625152587890625 60.41249847412109375 62.581249237060546875 65.09375 68.3625030517578125 72.1999969482421875 75.3562469482421875 79.30625152587890625 82.09375 81.6062469482421875 81.3625030517578125 80.84375 76.99375152587890625 72.2062530517578125 68.1374969482421875 63.93125152587890625 60.043750762939453125 56.41249847412109375 55.18125152587890625 54.84375 53.331249237060546875 48.581249237060546875 43.90625 40.02500152587890625 35.86875152587890625 31.96875 28.15625 26.106250762939453125 24.018749237060546875 22.387500762939453125 21.899999618530273438 21.243749618530273438 20.225000381469726562 20.762500762939453125 21.600000381469726562
57.96250152587890625 52.91249847412109375 49.643749237060546875 46.581249237060546875 45.68125152587890625 46.918750762939453125 49.03749847412109375 50.950000762939453125 53.13124847412109375 55.200000762939453125 57.487499237060546875 60.350002288818359375 63.77500152587890625 67.11875152587890625 70.1750030517578125 73.59999847412109375 76.09999847412109375 75.06874847412109375 73.0500030517578125 70.6999969482421875 66.375 61.90000152587890625 57.424999237060546875 53.84375 51.018749237060546875 48.44374847412109375 47.78749847412109375 47.71250152587890625 46.375 42.106250762939453125 38.168750762939453125 34.393749237060546875 30.881250381469726562 27.493749618530273438 24.131250381469726562 22.012500762939453125 20.21875 18.962499618530273438 18.818750381469726562 17.774999618530273438 16.725000381469726562 16.96875 17.649999618530273438
58.149997711181640625 53.137500762939453125 49.97499847412109375 47.893749237060546875 46.84999847412109375 47.956249237060546875 48.28749847412109375 47.71875 48.33750152587890625 50.15625 52.862499237060546875 56.075000762939453125 59.5625 62.59375 65.6437530517578125 67.77500152587890625 69.5812530517578125 67.86875152587890625 64.9187469482421875 60.581249237060546875 56.518749237060546875 52.125 47.99375152587890625 44.862499237060546875 42.481250762939453125 40.549999237060546875 40.168750762939453125 40.131252288818359375 39.612499237060546875 36.049999237060546875 32.668750762939453125 29.399999618530273438 26.21875 23.287500381469726562 20.100000381469726562 18.181249618530273438 16.568750381469726562 15.274999618530273438 14.725000381469726562 13.887499809265136719 12.975000381469726562 13.131250381469726562 13.681249618530273438
59.09999847412109375 54.50624847412109375 51.84375 49.737499237060546875 48.55625152587890625 49.0625 49.34375 48.77500152587890625 48.625 49.106250762939453125 51.731250762939453125 55.13124847412109375 59.362499237060546875 62.18125152587890625 63.53125 64.05625152587890625 64.27500152587890625 62.206249237060546875 59.61875152587890625 55.268749237060546875 50.612499237060546875 46.643749237060546875 42.049999237060546875 39.643749237060546875 37.08750152587890625 34.981250762939453125 34.731250762939453125 35.03749847412109375 35.018749237060546875 31.987499237060546875 29.399999618530273438 26.043750762939453125 22.768749237060546875 19.693750381469726562 17.006250381469726562 15.612500190734863281 14.34375 13.112500190734863281 12.443750381469726562 11.737500190734863281 10.993749618530273438 10.987500190734863281 11.337499618530273438
59.450000762939453125 55.293750762939453125 52.9375 51.006252288818359375 50.125 50.674999237060546875 50.88124847412109375 50.200000762939453125 50.543750762939453125 51.487499237060546875 53.206249237060546875 55.96250152587890625 59.80625152587890625 62.94374847412109375 61.90000152587890625 60.78749847412109375 58.78125 56.41249847412109375 53.90625 50.59999847412109375 46.168750762939453125 41.575000762939453125 37.03749847412109375 34.41249847412109375 31.6875 29.756250381469726562 29.706249237060546875 30.075000762939453125 30.200000762939453125 28.100000381469726562 25.506250381469726562 22.700000762939453125 19.706249237060546875 17.106250762939453125 14.71875 13.46875 12.4375 11.368749618530273438 10.637499809265136719 10.012499809265136719 9.40625 9.3625001907348632812 9.2624998092651367188
60.8125 56.75624847412109375 54.543750762939453125 52.59999847412109375 51.581249237060546875 52.56874847412109375 52.918750762939453125 51.59999847412109375 51.793750762939453125 52.950000762939453125 54.887500762939453125 57.825000762939453125 60.53749847412109375 62.47499847412109375 59.55625152587890625 56.34375 52.69374847412109375 50.299999237060546875 47.981250762939453125 45.424999237060546875 42.012500762939453125 37.606250762939453125 33.012500762939453125 29.131250381469726562 26.96875 25.899999618530273438 25.962499618530273438 26.012500762939453125 25.806249618530273438 24.106250762939453125 22.168750762939453125 19.90625 17.262500762939453125 14.8125 12.699999809265136719 11.574999809265136719 10.675000190734863281 9.7749996185302734375 9.2437496185302734375 8.6062498092651367188 7.9499998092651367188 7.7624998092651367188 7.6999998092651367188
62.56874847412109375 58.58750152587890625 56.487499237060546875 55 53.956249237060546875 54.862499237060546875 55.612499237060546875 54.5 54.36875152587890625 55.09375 56.84999847412109375 58.43125152587890625 58.46250152587890625 58.125 55.637500762939453125 52.075000762939453125 48.71250152587890625 45.987499237060546875 43.893749237060546875 42.3125 39.68125152587890625 35.40000152587890625 30.693750381469726562 26.643749237060546875 24.206249237060546875 22.774999618530273438 22.693750381469726562 22.774999618530273438 22.4375 21.131250381469726562 19.53125 17.743749618530273438 15.412500381469726562 13.368749618530273438 11.643750190734863281 10.675000190734863281 9.84375 9.0500001907348632812 8.3625001907348632812 7.6624999046325683594 7.03125 6.7062501907348632812 6.59375
64.02500152587890625 60.16249847412109375 57.9375 56.049999237060546875 54.71875 55.481250762939453125 55.81874847412109375 55.05625152587890625 55.84375 57 58.09999847412109375 57.956249237060546875 56.418750762939453125 53.16249847412109375 49.950000762939453125 47.231250762939453125 44.22499847412109375 41.96250152587890625 40.231250762939453125 38.6875 36.46250152587890625 32.799999237060546875 28.368749618530273438 24.706249237060546875 21.637500762939453125 19.962499618530273438 20.03125 20.212499618530273438 20.018749237060546875 18.84375 17.337499618530273438 15.824999809265136719 13.887499809265136719 11.949999809265136719 10.449999809265136719 9.75 9.2875003814697265625 8.7375001907348632812 8.1937503814697265625 7.25 6.375 6.1125001907348632812 5.8499999046325683594
64.8000030517578125 60.84375 58.24375152587890625 56.21875 54.918750762939453125 55.05625152587890625 55.13124847412109375 55.15000152587890625 56.174999237060546875 57.75 58.21875 55.46875 52.293750762939453125 48.3125 44.30625152587890625 42.15625 39.63124847412109375 37.53749847412109375 35.75 34.412502288818359375 32.237499237060546875 28.881250381469726562 25.387500762939453125 22.75 20.131250381469726562 18.237499237060546875 18.049999237060546875 17.993749618530273438 17.631250381469726562 16.737499237060546875 15.793749809265136719 14.456250190734863281 12.574999809265136719 10.824999809265136719 9.5500001907348632812 9.2124996185302734375 9.0749998092651367188 8.9499998092651367188 8.59375 7.8000001907348632812 6.40625 5.5812501907348632812 5.2750000953674316406
63.74375152587890625 59.625 57.012500762939453125 55.09999847412109375 53.918750762939453125 53.293750762939453125 53.80625152587890625 53.768749237060546875 54.575000762939453125 56.231250762939453125 56.018749237060546875 52.399997711181640625 48.25 43.9375 39.86875152587890625 37.293750762939453125 35.375 33.90000152587890625 32.19374847412109375 31.056249618530273438 29.181249618530273438 26.575000762939453125 23.856250762939453125 21.981250762939453125 20.1875 18.462499618530273438 17.950000762939453125 17.34375 16.649999618530273438 15.899999618530273438 14.731249809265136719 13.537500381469726562 11.918749809265136719 10.237500190734863281 8.8000001907348632812 8.78125 9.2437496185302734375 9.8249998092651367188 9.8812503814697265625 8.9499998092651367188 7.6687498092651367188 6.625 6.09375
61.83750152587890625 57.72499847412109375 55.606250762939453125 53.74375152587890625 52.112499237060546875 52.15625 52.34375 52.268749237060546875 53.168750762939453125 54.512500762939453125 53.924999237060546875 49.356250762939453125 44.512500762939453125 40.043750762939453125 36.34999847412109375 33.15625 31.40625 30.5625 29.21875 28.375 26.549999237060546875 24.71875 22.9375 21.8125 20.412500381469726562 18.600000381469726562 17.71875 17.018749237060546875 16.306249618530273438 15.4375 14.731249809265136719 13.462499618530273438 11.59375 10.043749809265136719 8.5187501907348632812 8.9125003814697265625 9.9250001907348632812 10.637499809265136719 11.168749809265136719 10.518750190734863281 9.5124998092651367188 8.1125001907348632812 6.9375
58.94374847412109375 55.375 53.69374847412109375 52.0625 50.47499847412109375 50.6875 50.862499237060546875 51.05625152587890625 51.72499847412109375 52.40000152587890625 51.90000152587890625 46.875 41.262500762939453125 36.424999237060546875 33.581249237060546875 30.931249618530273438 28.262500762939453125 27.34375 26.731250762939453125 25.96875 24.287500381469726562 22.868749618530273438 21.893749237060546875 21.625 20.700000762939453125 18.600000381469726562 17.568750381469726562 16.78125 16.075000762939453125 15.487500190734863281 15.212499618530273438 14.625 12.556249618530273438 10.71875 9.8937501907348632812 10.081250190734863281 10.824999809265136719 12.268750190734863281 13.600000381469726562 12.181249618530273438 10.412500381469726562 8.8062496185302734375 7.3125
55.03125 51.818752288818359375 49.768749237060546875 48.231250762939453125 47.075000762939453125 47.22499847412109375 47.106250762939453125 47.018749237060546875 48.09999847412109375 48.66249847412109375 48.293750762939453125 43.731250762939453125 38.549999237060546875 34.075000762939453125 31.381250381469726562 29.131250381469726562 26.774999618530273438 24.756250381469726562 24.643749237060546875 23.90625 22.618749618530273438 21.25 20.618749618530273438 20.806249618530273438 20.375 18.631250381469726562 17.862499237060546875 17.125 16.274999618530273438 15.643750190734863281 15.356249809265136719 14.893750190734863281 14.237500190734863281 13.293749809265136719 11.793749809265136719 11.137499809265136719 12.118749618530273438 13.25 13.587499618530273438 12.449999809265136719 10.287500381469726562 8.7062501907348632812 7.4000000953674316406
50.9375 47.731250762939453125 45.69374847412109375 44.387500762939453125 43.125 43.231250762939453125 43.03749847412109375 43.299999237060546875 44.418750762939453125 45.268749237060546875 45.08750152587890625 40.78749847412109375 35.99375152587890625 32.075000762939453125 29.368749618530273438 27.543750762939453125 25.65625 23.587499618530273438 22.606250762939453125 22.006250381469726562 21.318750381469726562 21.237499237060546875 19.09375 19.3125 19.331249237060546875 18.793750762939453125 18.418750762939453125 17.625 17.200000762939453125 16.524999618530273438 16.068750381469726562 16.862501144409179688 17.318750381469726562 16.181249618530273438 14.649999618530273438 13.793749809265136719 13.587499618530273438 13.375 12.912500381469726562 11.581250190734863281 9.7937498092651367188 8.4624996185302734375 7.4312500953674316406
