data/historical-monthly-weather-data/wc2.1_cruts4.09_10m_prec_2017-04.asc
ncols        51
nrows        45
xllcorner    -63.500000000000
yllcorner    -7.500000000000
cellsize     0.166666666667
NODATA_value -9999
[rows 20 to 39 of 45, columns 0 to 44 of 51]
220.818756103515625 234.25 247.5500030517578125 260.649993896484375 272.28125 286.3125 299.39373779296875 307.493743896484375 311.15625 310.36248779296875 306.71875 301.36248779296875 296.28125 293.037506103515625 286.58123779296875 282.04376220703125 279.73748779296875 282.39373779296875 288.068756103515625 292.92498779296875 301.76873779296875 308.20001220703125 312.662506103515625 320.76251220703125 333.38751220703125 345.600006103515625 356.600006103515625 366.9375 373.76251220703125 375.53125 370.83123779296875 365.63751220703125 347.48748779296875 326.056243896484375 309.068756103515625 329.82501220703125 361.712493896484375 387.39373779296875 400.54376220703125 405.1875 403.625 400.76873779296875 390.91876220703125 383.75 374.243743896484375
219.2687530517578125 230.90625 244.8312530517578125 262.09375 276.70623779296875 288.743743896484375 301.787506103515625 312.362518310546875 316.65625 313.3125 304.850006103515625 293.431243896484375 285.212493896484375 281.537506103515625 280.868743896484375 278.774993896484375 280.306243896484375 281.818756103515625 286.20623779296875 289.681243896484375 292.306243896484375 297.475006103515625 305.350006103515625 315.8125 330.412506103515625 350.16876220703125 377.225006103515625 387.3125 392.76251220703125 393.45623779296875 387.09375 378.54998779296875 364.693756103515625 351.931243896484375 346.78125 358.71875 383.70623779296875 405.962493896484375 413.725006103515625 414.350006103515625 411.493743896484375 405.256256103515625 394.131256103515625 384.45623779296875 373.75
218.475006103515625 235.3874969482421875 250.4187469482421875 266.943756103515625 281.66876220703125 293.556243896484375 303.712493896484375 316.125 326.58123779296875 317.59375 302.3125 285.73748779296875 274.51251220703125 272.431243896484375 275.39373779296875 278.15625 279.256256103515625 279.34375 280.975006103515625 281.86248779296875 284.556243896484375 288.08123779296875 292.16876220703125 304.475006103515625 324.29376220703125 348.66876220703125 378.70001220703125 393.993743896484375 402.28125 401.92498779296875 399.118743896484375 394.8125 391.58123779296875 387.78125 389.67498779296875 396.606231689453125 412.931243896484375 429.45001220703125 431.70001220703125 425.65625 418.60626220703125 407.912506103515625 395.35626220703125 383.837493896484375 373.32501220703125
219.3874969482421875 237.1999969482421875 253.6687469482421875 267.70001220703125 281.125 292.774993896484375 305.35626220703125 315.79376220703125 323.58123779296875 313.631256103515625 297.75 283.48126220703125 267.318756103515625 268.681243896484375 273.274993896484375 275.67498779296875 275.82501220703125 277.131256103515625 276.48126220703125 276.83123779296875 277.274993896484375 277.08123779296875 279.5625 293.756256103515625 312.92498779296875 331.9375 357.306243896484375 381.84375 398.125 406.975006103515625 411.837493896484375 417.39373779296875 421.54376220703125 422.4375 427.899993896484375 434 446.306243896484375 454.006256103515625 448.5 436.76873779296875 426.493743896484375 412.15625 397.40625 383.350006103515625 374.83123779296875
223.068756103515625 241.65625 256.3125 270.5625 284.26873779296875 294.20001220703125 303.82501220703125 312.01873779296875 314.15625 309.931243896484375 297.73748779296875 284.318756103515625 276.61248779296875 272.59375 273.431243896484375 274.53125 276.26251220703125 276.287506103515625 274.73748779296875 271.875 269.725006103515625 267.5625 268.75 280.10626220703125 296.625 320.649993896484375 347.837493896484375 373.33123779296875 396.35626220703125 416.0625 429.912506103515625 443.3125 453.756256103515625 458.13751220703125 462.23748779296875 462.66876220703125 469.28125 469.3125 460.5 448.743743896484375 435.350006103515625 417.60626220703125 402.28125 385.100006103515625 368.96875
233.837493896484375 251.3562469482421875 260.42498779296875 272.506256103515625 283.10626220703125 291.95001220703125 300.04376220703125 305.899993896484375 304.63751220703125 300.193756103515625 294.54376220703125 288.48748779296875 282.899993896484375 280.318756103515625 277.78125 279.01873779296875 279.0625 277.61248779296875 273.587493896484375 267.41876220703125 265.54998779296875 260.35626220703125 257.54998779296875 263.0625 283.037506103515625 310.462493896484375 343.225006103515625 370.51873779296875 399.8125 422.11248779296875 445.806243896484375 468.693756103515625 485.59375 488.350006103515625 487.96875 485.98126220703125 487.21875 484.774993896484375 472.39373779296875 458.899993896484375 445.024993896484375 424 404.524993896484375 384.09375 370.23126220703125
241.725006103515625 254.587493896484375 263.78125 272.8125 279.993743896484375 288.51251220703125 294.16876220703125 297.03125 296.21875 297.40625 296.34375 291.6875 288.17498779296875 286.35626220703125 284.125 283.61248779296875 282.41876220703125 278.787506103515625 275.337493896484375 270.125 264.287506103515625 257.024993896484375 250.21875 254.162506103515625 276.975006103515625 302.85626220703125 336.28125 365.287506103515625 396.76873779296875 422.318756103515625 451.381256103515625 480.42498779296875 505.28125 507.51873779296875 506.40625 502.65625 502.287506103515625 499.193756103515625 484.25 470.09375 453.556243896484375 433.95001220703125 413.32501220703125 394.587493896484375 387.837493896484375
251.068756103515625 259.962493896484375 266.53125 272.725006103515625 279.087493896484375 284.618743896484375 289.98126220703125 290.73126220703125 292.537506103515625 295.04998779296875 293.556243896484375 292.54998779296875 290.806243896484375 291.13751220703125 289.42498779296875 286.82501220703125 285.86248779296875 284.85626220703125 279.493743896484375 275.243743896484375 269.868743896484375 261.350006103515625 259.318756103515625 263.98748779296875 280.95623779296875 304.431243896484375 332.76251220703125 361.82501220703125 391.4375 418.09375 444.337493896484375 470.881256103515625 495.774993896484375 506.67498779296875 514.4124755859375 512.0562744140625 514.15625 512.86248779296875 498.431243896484375 483.006256103515625 467.243743896484375 447.82501220703125 427.568756103515625 411.76873779296875 415.76873779296875
257.98748779296875 264.40625 267.912506103515625 272.5 276.13751220703125 278.506256103515625 281.962493896484375 286 290.693756103515625 292.36248779296875 293.962493896484375 294.14373779296875 293.07501220703125 294.412506103515625 295.08123779296875 295.631256103515625 295.243743896484375 290.837493896484375 287.556243896484375 282.431243896484375 277.65625 269.962493896484375 268.53125 275.587493896484375 288.79376220703125 308.79376220703125 334.350006103515625 360.181243896484375 386.88751220703125 411.024993896484375 431.556243896484375 453.71875 476.068756103515625 496.57501220703125 511.9312744140625 515.98126220703125 522.33123779296875 524.92498779296875 512.6500244140625 495.40625 475.8125 457.399993896484375 440.631256103515625 438.20001220703125 443.84375
261.76251220703125 265.01873779296875 266.756256103515625 266.6875 269.399993896484375 272.693756103515625 276.45001220703125 281.21875 285.20001220703125 287.556243896484375 291.243743896484375 292.79376220703125 296.25 299.10626220703125 300.225006103515625 300.41876220703125 300.39373779296875 300.10626220703125 295.899993896484375 288.837493896484375 281.95001220703125 277.73748779296875 277.899993896484375 282.9375 292.73748779296875 309.21875 332.181243896484375 353.1875 376.54376220703125 397.6875 416.693756103515625 434.48748779296875 458.125 483.20001220703125 504.350006103515625 513.76251220703125 526.01873779296875 533.5062255859375 521.8125 511.54998779296875 499.59375 485.087493896484375 469.36248779296875 468.01251220703125 465.45001220703125
262.725006103515625 262.39373779296875 262.26873779296875 262.100006103515625 264.381256103515625 266.8125 271.243743896484375 274.350006103515625 278.51251220703125 283.149993896484375 288.14373779296875 292.04376220703125 298.681243896484375 301.131256103515625 303.89373779296875 305.38751220703125 307.850006103515625 308.125 305.5 299.600006103515625 292.131256103515625 285.975006103515625 284.16876220703125 286.100006103515625 292.36248779296875 310.09375 326.868743896484375 346.131256103515625 365.60626220703125 382.881256103515625 401.274993896484375 418.76873779296875 445.23126220703125 471.79998779296875 494.35626220703125 509.51873779296875 521.96875 534.20623779296875 532.25 526.61248779296875 519.3375244140625 506.318756103515625 495.53125 488.975006103515625 487.88751220703125
260.4375 257.58123779296875 256.756256103515625 258.04376220703125 259.118743896484375 259.71875 263.806243896484375 266.38751220703125 270.79998779296875 275.662506103515625 282.45623779296875 290.88751220703125 297.01873779296875 302.431243896484375 305.73748779296875 308.818756103515625 309.28125 310.54376220703125 308 306.381256103515625 299.67498779296875 293.20001220703125 288.73126220703125 290.149993896484375 298.20001220703125 309.86248779296875 322.23748779296875 338.95623779296875 353.693756103515625 371 389.587493896484375 407.20623779296875 431.0625 458.14373779296875 482.92498779296875 500.681243896484375 518.54998779296875 530.9749755859375 532.14373779296875 530.32501220703125 533.88751220703125 526.1500244140625 516.63751220703125 511.443756103515625 510.98126220703125
251.725006103515625 247.287506103515625 247.1437530517578125 247.712493896484375 249.84375 250.725006103515625 252.5625 256.287506103515625 260.212493896484375 266.899993896484375 277.818756103515625 285.91876220703125 295.850006103515625 304.51873779296875 307.899993896484375 310.01251220703125 312.14373779296875 313.912506103515625 310.51251220703125 307.631256103515625 303.53125 297.45001220703125 292.125 293.21875 300.01873779296875 305.96875 316.931243896484375 328.40625 340.88751220703125 358.806243896484375 375.26873779296875 391.13751220703125 414 441.006256103515625 466.3125 487.162506103515625 505.38751220703125 520.8687744140625 521.86248779296875 532.95623779296875 537.20001220703125 532.1500244140625 528.40625 528.2249755859375 529.90625
240.7375030517578125 237.5812530517578125 238.068756103515625 238.462493896484375 239.475006103515625 242.1062469482421875 244.368743896484375 246.350006103515625 250.024993896484375 256.85626220703125 266.54998779296875 279.76251220703125 293.056243896484375 301.51251220703125 306.556243896484375 308.368743896484375 311.53125 313.14373779296875 311.04998779296875 308.368743896484375 304.32501220703125 299.17498779296875 294.48748779296875 291.98126220703125 297.65625 301.318756103515625 307.98748779296875 316.5 327.13751220703125 342.462493896484375 358.64373779296875 376.39373779296875 398.86248779296875 424.462493896484375 449.84375 469.96875 489.725006103515625 501.568756103515625 514.04376220703125 526.45623779296875 532.04376220703125 533.39373779296875 535.2437744140625 539.5687255859375 544.625
228.3312530517578125 227.181243896484375 228.931243896484375 228.350006103515625 228.8312530517578125 230.78125 232.625 235.4187469482421875 237.5625 242.8000030517578125 255.375 272.837493896484375 290.63751220703125 304.337493896484375 308.381256103515625 310.431243896484375 311.350006103515625 310.149993896484375 310.618743896484375 306.318756103515625 304.306243896484375 297.875 293.556243896484375 288.66876220703125 291.131256103515625 295.3125 300.23748779296875 304.79998779296875 313.51251220703125 329.868743896484375 344.98748779296875 362.85626220703125 382.96875 408.318756103515625 431.23748779296875 449.712493896484375 465.95001220703125 489.625 503.66876220703125 515.5562744140625 523.08123779296875 528.4625244140625 534.95001220703125 541.1812744140625 542.79998779296875
216.774993896484375 217.1750030517578125 218.3312530517578125 218.09375 217.837493896484375 218.524993896484375 220.4375 221.868743896484375 222.375 226.756256103515625 238.631256103515625 259.21875 281.98126220703125 297.64373779296875 303.181243896484375 306.25 308.39373779296875 307.92498779296875 307.899993896484375 306.71875 302.662506103515625 297.58123779296875 289.38751220703125 285.26251220703125 284.45001220703125 286.662506103515625 290.962493896484375 295.412506103515625 302.38751220703125 316.59375 331.48748779296875 346.899993896484375 365.53125 389.64373779296875 408.837493896484375 421.806243896484375 444.32501220703125 466.34375 478.037506103515625 490.88751220703125 502.78125 508.59375 514.3812255859375 522.4312744140625 522.01251220703125
205.899993896484375 207.5437469482421875 208.0749969482421875 208.3125 207.7375030517578125 208.462493896484375 210.274993896484375 209.3625030517578125 207.693756103515625 209.1875 224 250.8000030517578125 271.66876220703125 285.5 294.600006103515625 299.73126220703125 301.03125 301.70623779296875 302.64373779296875 299.64373779296875 296.368743896484375 290.78125 282.98126220703125 278.9375 276.10626220703125 276.73748779296875 281.16876220703125 285.443756103515625 290.600006103515625 303.225006103515625 318.756256103515625 334.54376220703125 351.806243896484375 370.600006103515625 386.931243896484375 402.131256103515625 422.618743896484375 444.10626220703125 458.54376220703125 466.86248779296875 478.5625 484.60626220703125 493.46875 501.09375 503.57501220703125
197.6062469482421875 197.993743896484375 197.875 198.7312469482421875 198.40625 199.7687530517578125 200.681243896484375 199.2624969482421875 199.5812530517578125 200.1437530517578125 220.9875030517578125 247.1125030517578125 264.28125 276.962493896484375 285.70623779296875 292.01873779296875 293.26251220703125 295 293.01251220703125 289.11248779296875 285.787506103515625 279.912506103515625 274.98126220703125 270.53125 266.82501220703125 267.962493896484375 269.26873779296875 274.51251220703125 279.881256103515625 292.83123779296875 305.40625 320.65625 338.41876220703125 354.056243896484375 365.65625 384.5625 402.95623779296875 419.600006103515625 436.26873779296875 445.91876220703125 453.91876220703125 461.806243896484375 467.274993896484375 473.024993896484375 478.243743896484375
189.149993896484375 187.7312469482421875 188.1437530517578125 189.743743896484375 190.9562530517578125 191.556243896484375 193.243743896484375 194.5187530517578125 200.2687530517578125 212.15625 233.462493896484375 248.431243896484375 258.20001220703125 269.64373779296875 278.11248779296875 282.84375 285.368743896484375 285.837493896484375 281.35626220703125 278.975006103515625 274.71875 268.66876220703125 264.29376220703125 261.98126220703125 259.6875 258.399993896484375 260.54998779296875 265.118743896484375 269.89373779296875 283.14373779296875 295.66876220703125 306.40625 321.79376220703125 337.581268310546875 354.693756103515625 368.21875 381.875 398.20001220703125 409.462493896484375 415.3125 423.693756103515625 431.76251220703125 435.118743896484375 442.10626220703125 445.868743896484375
180.181243896484375 179.306243896484375 180.3874969482421875 182.506256103515625 184.274993896484375 186.46875 187.6687469482421875 192.8000030517578125 201.287506103515625 213.0875091552734375 227.899993896484375 242.1999969482421875 252.1125030517578125 262.58123779296875 270.34375 274.787506103515625 277.662506103515625 277.45623779296875 272.07501220703125 267.82501220703125 262.35626220703125 258.91876220703125 252.28125 249.8562469482421875 250.7312469482421875 250.5187530517578125 253.0625 257.46875 262.118743896484375 273.51873779296875 282.58123779296875 297.11248779296875 313.58123779296875 327.70001220703125 343.01873779296875 354.4375 365.162506103515625 378.381256103515625 385.868743896484375 387.725006103515625 393.26251220703125 399.91876220703125 401.01251220703125 406.125 411.51873779296875
