data/historical-monthly-weather-data/wc2.1_cruts4.09_10m_prec_2000-06.asc
ncols        45
nrows        45
xllcorner    -63.500000000000
yllcorner    -7.500000000000
cellsize     0.166666666667
NODATA_value -9999
[rows 20 to 39 of 45, columns 0 to 43 of 45]
135.493743896484375 141.8937530517578125 142.5812530517578125 138.59375 131.7687530517578125 129.59375 129.1437530517578125 126.3625030517578125 124.81874847412109375 121.58750152587890625 119.3000030517578125 113.3562469482421875 105.9499969482421875 96.75 87.84375 81.2624969482421875 73.28125 69.4187469482421875 69.2375030517578125 66.44374847412109375 69.2937469482421875 71.4187469482421875 75.43125152587890625 83.50624847412109375 87.9187469482421875 88.7312469482421875 87.2937469482421875 92.9250030517578125 99.05625152587890625 106.06874847412109375 113.1374969482421875 125.21875 124.8312530517578125 128.34375 133.6875 148.337493896484375 162.0187530517578125 168.274993896484375 164.381256103515625 159.625 152.818756103515625 140.34375 138.8625030517578125 140.71875
131.7312469482421875 131.056243896484375 134.4875030517578125 134.7624969482421875 130.162506103515625 126.13124847412109375 124.52500152587890625 121.5812530517578125 119.6687469482421875 119.1875 116.7687530517578125 109.6437530517578125 102.50624847412109375 97.15625 91.25624847412109375 81.96875 80.9562530517578125 75.22499847412109375 74.81874847412109375 72.46250152587890625 71.1999969482421875 75.9812469482421875 80.09999847412109375 83.88124847412109375 86.3937530517578125 88.28125 93.90000152587890625 96.0812530517578125 105.28749847412109375 112.53125 115.53749847412109375 117.41249847412109375 119.7062530517578125 126.71250152587890625 129.7062530517578125 138.28125 149.25 158.725006103515625 158.9187469482421875 156.0749969482421875 149.4562530517578125 141.506256103515625 139.7375030517578125 142.368743896484375
128.4875030517578125 135.34375 137.881256103515625 137.0187530517578125 132.4499969482421875 126.6437530517578125 118.30625152587890625 114.25624847412109375 116.5437469482421875 115.56874847412109375 112.8125 109.72499847412109375 107.75624847412109375 104.2312469482421875 97.6750030517578125 90.2687530517578125 83.03125 78.09375 76.53749847412109375 76.0187530517578125 78.53749847412109375 79.1125030517578125 79.63124847412109375 84.25 90.96875 93.1687469482421875 95.21875 99.625 106.56874847412109375 107.9875030517578125 110.125 114.36875152587890625 114.9875030517578125 117.25 125.0625 129.118743896484375 135.4250030517578125 145.037506103515625 151.09375 152.2624969482421875 147.09375 141.962493896484375 139.399993896484375 138.725006103515625
122.6125030517578125 130.9875030517578125 138.100006103515625 134.212493896484375 128.350006103515625 122.76250457763671875 120.41249847412109375 115.9187469482421875 112.7062530517578125 109.19374847412109375 111.13124847412109375 113.0500030517578125 109.53749847412109375 108.1750030517578125 99.0625 92.0812530517578125 85.99375152587890625 83.78125 81.22499847412109375 79.25 80.77500152587890625 83.3312530517578125 82.9562530517578125 90.96875 94.375 95.21875 101.25624847412109375 100.00624847412109375 102.4499969482421875 105.21875 106.6374969482421875 109.6875 111.9875030517578125 112.09375 118.0187530517578125 120.53749847412109375 128.53125 137.6437530517578125 141.5812530517578125 142.493743896484375 140.75 138.5749969482421875 137.412506103515625 138.162506103515625
115.4187469482421875 125.8000030517578125 131.274993896484375 133.0500030517578125 129.4250030517578125 123.8249969482421875 119.65000152587890625 117.0625 113.0124969482421875 112.84999847412109375 111.25 110.38124847412109375 110.875 105.875 97.53749847412109375 91.3562469482421875 87.13124847412109375 83.27500152587890625 81.850006103515625 81.81874847412109375 83.09375 83.7312469482421875 87.5 94.31874847412109375 95.03749847412109375 96.13124847412109375 98.5187530517578125 99.8000030517578125 100.83750152587890625 103.3249969482421875 101.2062530517578125 100.90000152587890625 102.78749847412109375 106.6875 110.71875 115.65625 122.0812530517578125 127.56874847412109375 134.0437469482421875 136.337493896484375 135.975006103515625 136.212493896484375 137.4499969482421875 134.725006103515625
113.21875 125.84375 125.15625 127.2312469482421875 123.59375 119.86875152587890625 115.15625 113.2062530517578125 106.9250030517578125 103.73125457763671875 106.15625 105.94374847412109375 106.4250030517578125 103.5 97.9250030517578125 90.21250152587890625 86.38124847412109375 84.9562530517578125 83.80625152587890625 81.1999969482421875 83.0124969482421875 84.61875152587890625 87.4499969482421875 92.96250152587890625 96.53749847412109375 96.2624969482421875 98.21250152587890625 99.4250030517578125 97.8937530517578125 98.40625 95.9375 94.9375 96.68125152587890625 99.46250152587890625 102.97499847412109375 110.5437469482421875 117.1125030517578125 120.4562530517578125 123.97499847412109375 129.681243896484375 130.09375 123.77500152587890625 124.4812469482421875 126.90625
108.96250152587890625 113.9875030517578125 118.02500152587890625 118.88124847412109375 116.0187530517578125 113.4875030517578125 109.84999847412109375 103.3625030517578125 99.80625152587890625 102.26250457763671875 104.9875030517578125 104.6875 103.1999969482421875 101.99375152587890625 97.99375152587890625 93.4250030517578125 88.05625152587890625 83.65000152587890625 83.21875 80.8125 80.68125152587890625 82.38750457763671875 85.8125 94.6125030517578125 94.71250152587890625 94.93125152587890625 97.0437469482421875 96.63124847412109375 95.3000030517578125 94.27500152587890625 93.46875 89.7062530517578125 90.5625 93.71250152587890625 97.8000030517578125 103.625 111.79375457763671875 115.2937469482421875 116.90000152587890625 123.59999847412109375 126.90625 123.33124542236328125 119.66249847412109375 119.5500030517578125
105.5437469482421875 106.21875 108.88124847412109375 107.3249969482421875 105.28749847412109375 105.0749969482421875 103.0749969482421875 98.44374847412109375 96.9187469482421875 99.46875 100.2312469482421875 100.96250152587890625 99.4812469482421875 97.7375030517578125 93.9499969482421875 89.96250152587890625 85.5 83.3625030517578125 79.8937530517578125 79.15625 79.8125 79.33750152587890625 83.44374847412109375 88.9187469482421875 91.1062469482421875 91.03125 93.0500030517578125 92.7312469482421875 94.1750030517578125 94.3312530517578125 91.99375152587890625 89.74375152587890625 89.1875 88.71875 94.8937530517578125 100.11875152587890625 107.93125152587890625 110.875 114.6125030517578125 119.71875 123.33750152587890625 123.6750030517578125 114.6999969482421875 116.4812469482421875
99.28749847412109375 102.4375 99.63124847412109375 96.8312530517578125 96.65625 93.31874847412109375 92.99375152587890625 93 94.1437530517578125 94.5437469482421875 95.90000152587890625 96.15625 96.5500030517578125 95.71875 92.28125 88.8125 85.8937530517578125 82.1687469482421875 80.46875 79.4499969482421875 77.78749847412109375 76.49375152587890625 77.46875 82.00624847412109375 85.0437469482421875 85.25 89.44374847412109375 92.0812530517578125 92.63124847412109375 90.3312530517578125 87.22499847412109375 86.30625152587890625 85.44374847412109375 87.9375 90.94374847412109375 95.59375 104.53125 105.46875 109.55625152587890625 112.8937530517578125 114.4187469482421875 112.6437530517578125 110.13124847412109375 114.91249847412109375
92.5749969482421875 93.1687469482421875 91.3125 88.2937469482421875 87.25624847412109375 87.21875 86.8312530517578125 89.5 89.88124847412109375 91.3249969482421875 92.59999847412109375 93.99375152587890625 94.96250152587890625 94.8249969482421875 90.80625152587890625 86.625 83.34999847412109375 81.875 77.31874847412109375 73.68125152587890625 74.06874847412109375 73.06874847412109375 73.47499847412109375 77.5625 79.25624847412109375 82.71250152587890625 85.75624847412109375 87.5124969482421875 88.6875 86.00624847412109375 83.7062530517578125 82.3312530517578125 83.53125 86.41249847412109375 90.9187469482421875 93.4375 103.33750152587890625 104.4875030517578125 103.15625 110.5625 111.2062530517578125 108.86875152587890625 109.5187530517578125 108.0625
87.3937530517578125 86.44374847412109375 83.90625 82.2624969482421875 81.59999847412109375 81.5500030517578125 83.0187530517578125 84.71250152587890625 85.27500152587890625 87.75624847412109375 89.77500152587890625 90.03749847412109375 92.5500030517578125 88.83750152587890625 86.6374969482421875 86.1125030517578125 84.0124969482421875 79.91249847412109375 75.90000152587890625 73.1437530517578125 71.55625152587890625 68.9875030517578125 69.02500152587890625 73.15625 75.53125 79.06874847412109375 81.39374542236328125 83.75 84.4187469482421875 82.66249847412109375 83.3000030517578125 82.41249847412109375 82.5749969482421875 83.5749969482421875 87.41249847412109375 90.40625 98.25 101.83750152587890625 100.96250152587890625 100.05625152587890625 103.38124847412109375 101.59999847412109375 101.50624847412109375 101.51250457763671875
81.56874847412109375 80.49375152587890625 77.40625 77.15625 78.71250152587890625 78.7937469482421875 79.5 80.5749969482421875 82.1437530517578125 83.00624847412109375 83.22499847412109375 84.59999847412109375 84.4375 85.125 84.96875 83.69374847412109375 79.65000152587890625 75.8125 72.73125457763671875 70.40625 68.3625030517578125 66.5 64.4875030517578125 67.55625152587890625 71.53125 74.06874847412109375 77.33750152587890625 79.84375 80.53749847412109375 82.75624847412109375 81.99375152587890625 80.78749847412109375 81.84375 82.4250030517578125 85.1999969482421875 86.9375 91.99375152587890625 93.0812530517578125 95.09375 95.84375 99.34999847412109375 98.3562469482421875 96.8249969482421875 96.4187469482421875
74.99375152587890625 74.22499847412109375 73.40000152587890625 73.65625 73.18125152587890625 73.90000152587890625 75.00624847412109375 76.7687530517578125 77.28125 78.49375152587890625 81.8249969482421875 82.25624847412109375 83.00624847412109375 85.53749847412109375 85.7312469482421875 82.0124969482421875 77.8249969482421875 75.875 72.75624847412109375 69.9875030517578125 66.3249969482421875 63.618747711181640625 62.612499237060546875 65.3312530517578125 67.90000152587890625 70.53749847412109375 73.1875 75.21250152587890625 77.3249969482421875 79.6687469482421875 80.21875 78.09375 79.69374847412109375 82.55625152587890625 83.9812469482421875 85.36875152587890625 87.0812530517578125 87.9499969482421875 89.5500030517578125 93.84999847412109375 96.78125 95.2062530517578125 91.93125152587890625 90.40625
68.44374847412109375 68.875 70.21875 70.18125152587890625 69.5625 69.88124847412109375 71.84999847412109375 72.1437530517578125 72.50624847412109375 73.40000152587890625 77.0625 80.3249969482421875 81.86875152587890625 82.4250030517578125 81.5187530517578125 80.6999969482421875 78.9375 75.16249847412109375 70.4375 67.71875 65.09375 62.03749847412109375 61.674999237060546875 62.55625152587890625 65.25 66.28749847412109375 69.9499969482421875 72.2312469482421875 75.61875152587890625 77.375 79.0625 79.36875152587890625 77.88124847412109375 79.1875 82.1125030517578125 83.4499969482421875 84.22499847412109375 84.53749847412109375 86.3000030517578125 88.63124847412109375 88.9250030517578125 89.6437530517578125 88.24375152587890625 82.47499847412109375
63.84999847412109375 63.06874847412109375 65.4812469482421875 67.3125 67.0749969482421875 65.71250152587890625 65.83750152587890625 67.25 68.22499847412109375 69.3125 75.1437530517578125 79.4187469482421875 81.8874969482421875 85.71875 84.97499847412109375 82.05625152587890625 78.3625030517578125 72.6437530517578125 67.9812469482421875 62.956249237060546875 62.643749237060546875 59.049999237060546875 57.575000762939453125 58.4375 62.36875152587890625 64.13124847412109375 66.80625152587890625 68.1875 70.8312530517578125 72.47499847412109375 75.0812530517578125 76.90625 75.1062469482421875 76.03749847412109375 77.1437530517578125 79.3625030517578125 78.5437469482421875 82.50624847412109375 81.6374969482421875 83.4250030517578125 83.56874847412109375 81.9562530517578125 81.5812530517578125 78.375
60.262500762939453125 59.34999847412109375 60.69374847412109375 62.4375 63.09375 62.65625 62.84375 62.981250762939453125 63.22499847412109375 64.2687530517578125 67.93125152587890625 76.125 81.6062469482421875 84.5124969482421875 84.34375 82.03749847412109375 77.80625152587890625 70.58750152587890625 65.31874847412109375 59.893749237060546875 58.018749237060546875 57.46875 55.53749847412109375 56.106250762939453125 59.200000762939453125 60.52500152587890625 62.59375 63.918750762939453125 67.15625 68.4812469482421875 69.75624847412109375 71.875 71.91249847412109375 71.77500152587890625 71.28749847412109375 73.3312530517578125 76.1687469482421875 76.21875 76.6999969482421875 78.81874847412109375 78.9187469482421875 76.5187530517578125 75.5812530517578125 75.1374969482421875
55.200000762939453125 56.46250152587890625 56.27500152587890625 58.03749847412109375 59.612499237060546875 59.518749237060546875 59.59375 60.762500762939453125 60.71875 58.831249237060546875 65.0187530517578125 75.8937530517578125 82.33750152587890625 83.4499969482421875 83.375 81.0500030517578125 77.53749847412109375 71.2624969482421875 65.44374847412109375 58.299999237060546875 55.49375152587890625 55.6875 53.84999847412109375 54.58750152587890625 55.47499847412109375 56.618747711181640625 59.84999847412109375 60.875 62.02500152587890625 62.36875152587890625 65.63124847412109375 66.3562469482421875 67.44374847412109375 68.30625152587890625 67.7687530517578125 69.2687530517578125 71.74375152587890625 73.8000030517578125 72.5749969482421875 72.16249847412109375 71.9375 72.00624847412109375 69.3125 73.6437530517578125
50.5625 51.918750762939453125 53 55.268749237060546875 56.24375152587890625 56.93125152587890625 58.13124847412109375 59.27500152587890625 60.418750762939453125 58.424999237060546875 69.0187530517578125 79.21250152587890625 82.52500152587890625 84.30625152587890625 81.88124847412109375 79.3562469482421875 75.63124847412109375 70.4812469482421875 65.6062469482421875 59.65000152587890625 55.762500762939453125 54.268749237060546875 51.737499237060546875 52.40625 52.50624847412109375 54.43125152587890625 57.018749237060546875 57.55625152587890625 58.21250152587890625 57.84999847412109375 59.362499237060546875 62.53749847412109375 64.125 63.768749237060546875 63.58750152587890625 65.28749847412109375 66.875 67.5749969482421875 70.41249847412109375 68.6374969482421875 67.34999847412109375 68.21250152587890625 64.94374847412109375 64.5812530517578125
46.575000762939453125 47.081249237060546875 48.75 50.762500762939453125 52.512500762939453125 54.96875 56.27500152587890625 58.862499237060546875 62.27500152587890625 70.8625030517578125 84.2937469482421875 85.46875 82.59375 81.0749969482421875 78.53749847412109375 75.03749847412109375 72.7624969482421875 68.1374969482421875 63.543750762939453125 59.356250762939453125 54.943752288818359375 52.487499237060546875 50.268749237060546875 50.24375152587890625 50.59999847412109375 52.72499847412109375 53.731250762939453125 53.44374847412109375 53.77500152587890625 54.856250762939453125 56.581249237060546875 57.700000762939453125 58.15625 58.99375152587890625 61.03749847412109375 60.762500762939453125 61.981250762939453125 62.28125 61.09999847412109375 60.00624847412109375 61.5625 62.6875 61.356250762939453125 60.96875
41.56874847412109375 43 45.143749237060546875 46.5 49.856250762939453125 53.237499237060546875 54.143749237060546875 59.05625152587890625 64.1875 72.2375030517578125 78.08750152587890625 81.53125 80.2312469482421875 78.61875152587890625 76.49375152587890625 74.81874847412109375 71.0749969482421875 66.34999847412109375 61.50624847412109375 57.981250762939453125 54.206249237060546875 51.862499237060546875 48.13124847412109375 48.424999237060546875 47.58750152587890625 48.112499237060546875 49.706249237060546875 49.58750152587890625 49.40625 49.59375 50.418750762939453125 52.174999237060546875 51.71250152587890625 53.887500762939453125 53.612499237060546875 54.31874847412109375 55.15625 56.78749847412109375 55.97499847412109375 55.33750152587890625 57.393749237060546875 57.731250762939453125 55.262500762939453125 54.03125
