data/historical-monthly-weather-data/wc2.1_cruts4.09_10m_prec_2021-02.asc
ncols        51
nrows        45
xllcorner    -63.500000000000
yllcorner    -7.500000000000
cellsize     0.166666666667
NODATA_value -9999
[rows 0 to 19 of 45, columns 0 to 44 of 51]
105.3312530517578125 100.81874847412109375 98.125 97.59999847412109375 96.0500030517578125 98.03125 99.3562469482421875 99.08750152587890625 99.03749847412109375 100.8312530517578125 105.1125030517578125 108.6750030517578125 111.71875 111.0187530517578125 111.40000152587890625 111.86875152587890625 113.0437469482421875 111.43125152587890625 112.78125 114.71250152587890625 117.33750152587890625 120.13124847412109375 124.34375 128.318756103515625 133.0187530517578125 138.2874908447265625 143.4812469482421875 148.9187469482421875 154.78125 158.875 163.568756103515625 168.6750030517578125 172.337493896484375 176.3937530517578125 180.5500030517578125 180.350006103515625 177.5749969482421875 173.756256103515625 167.8562469482421875 159.9562530517578125 152.662506103515625 144.2624969482421875 134.5374908447265625 126.84999847412109375 119.6437530517578125
109.6750030517578125 104.5812530517578125 102.78749847412109375 101.11875152587890625 100.3312530517578125 103.8562469482421875 106.2687530517578125 109.1687469482421875 112.40000152587890625 115.34375 118.88124847412109375 120.9499969482421875 122.5187530517578125 122.625 122.31874847412109375 121.8000030517578125 121.99375152587890625 121.58750152587890625 122.97499847412109375 124.6687469482421875 127.09375 130.59375 134.975006103515625 138.9250030517578125 142.96875 148.3249969482421875 152.9875030517578125 158.631256103515625 164.0749969482421875 168.1437530517578125 171.7062530517578125 177.4250030517578125 181.2687530517578125 185.931243896484375 189.024993896484375 186.6875 181.9875030517578125 175.662506103515625 167.506256103515625 157.5999908447265625 148.056243896484375 137.806243896484375 126.4250030517578125 116.84375 108.6750030517578125
115.5500030517578125 110.55625152587890625 108.58750152587890625 107.28125 107.21250152587890625 111.25 116.16249847412109375 121.99375152587890625 127.9375 131.9812469482421875 134.6750030517578125 135.71875 135.962493896484375 134.943756103515625 133.4375 131.9499969482421875 130.90625 130.993743896484375 132.024993896484375 133.806243896484375 136.649993896484375 141.5124969482421875 145.6999969482421875 149.71875 155.118743896484375 159.6374969482421875 164.225006103515625 169.9499969482421875 174.2375030517578125 177.3562469482421875 181.712493896484375 186.5437469482421875 190.3000030517578125 192.96875 195.9562530517578125 191.4562530517578125 186.056243896484375 179.7062530517578125 169.337493896484375 157.9875030517578125 146.743743896484375 135.149993896484375 123.0124969482421875 111.6750030517578125 103.88124847412109375
120.53749847412109375 115.8625030517578125 114.84999847412109375 114.06874847412109375 115.8562469482421875 120.22499847412109375 127.0187530517578125 135.462493896484375 144.25 150.4187469482421875 152.493743896484375 151.2312469482421875 148.756256103515625 146.125 144.0187530517578125 141.806243896484375 140.1812591552734375 138.90625 140.243743896484375 143.7937469482421875 147.90625 152.5500030517578125 156.475006103515625 160.8937530517578125 165.9375 170.7062530517578125 175.943756103515625 180.9562530517578125 184.743743896484375 188.15625 191.399993896484375 196.962493896484375 198.850006103515625 200.850006103515625 201.7062530517578125 197.212493896484375 190.9000091552734375 183.193756103515625 172.181243896484375 159.5437469482421875 145.8625030517578125 133.1374969482421875 120.24375152587890625 107.875 99.97499847412109375
128.4812469482421875 122.3249969482421875 120.05625152587890625 120.24375152587890625 122.91249847412109375 128.975006103515625 136.5187530517578125 147.6624908447265625 160.7312469482421875 170.475006103515625 169.1062469482421875 164.28125 161.1125030517578125 157.912506103515625 154.368743896484375 151.600006103515625 149.6062469482421875 147.368743896484375 149.462493896484375 153.8249969482421875 158.975006103515625 162.9250030517578125 167.4812469482421875 172.3874969482421875 177.15625 182.3125 185.7375030517578125 189.8125 195.4562530517578125 199.037506103515625 202.431243896484375 206.037506103515625 208.056243896484375 209.15625 208.7062530517578125 203.431243896484375 197.068756103515625 188.8937530517578125 176.4812469482421875 161.524993896484375 146.712493896484375 132.2312469482421875 118.0124969482421875 105.0500030517578125 96.5437469482421875
135.337493896484375 130.149993896484375 127.3000030517578125 126.69374847412109375 129.193756103515625 136.625 145.7375030517578125 157.4250030517578125 172.131256103515625 184.7624969482421875 181.1062469482421875 175.375 172.2624969482421875 169.5812530517578125 166.4812469482421875 164.6750030517578125 161.975006103515625 159.9499969482421875 162.71875 167.4187469482421875 171.568756103515625 175.631256103515625 180.056243896484375 184.243743896484375 188.2375030517578125 193.756256103515625 197.5500030517578125 201.056243896484375 205.631256103515625 208.681243896484375 211.693756103515625 214.837493896484375 215.225006103515625 217.5187530517578125 217.4875030517578125 212.5625 207.0625 199.537506103515625 187.3937530517578125 171.725006103515625 154.875 139.462493896484375 124.63124847412109375 111.09999847412109375 101.60625457763671875
142.850006103515625 137.868743896484375 135.59375 134.0437469482421875 136.0124969482421875 142.7375030517578125 151.5625 161.118743896484375 172.8312530517578125 180.649993896484375 183 181.9499969482421875 180.743743896484375 179.681243896484375 178.493743896484375 177.7375030517578125 177.375 177.9499969482421875 180.3687591552734375 182.53125 184.399993896484375 188.0187530517578125 190.9812469482421875 194.65625 200.4875030517578125 205.25 209.024993896484375 213.1437530517578125 215.743743896484375 217.556243896484375 221.056243896484375 223.725006103515625 224.4875030517578125 223.975006103515625 223.6437530517578125 221.1062469482421875 216.4375 210.493743896484375 199.4499969482421875 183.149993896484375 164.3125 148.381256103515625 133.256256103515625 119.15000152587890625 109.1687469482421875
150.162506103515625 144.53125 142.274993896484375 142.1750030517578125 143.931243896484375 149.162506103515625 155.3312530517578125 161.3000030517578125 167.7687530517578125 174.5124969482421875 181.837493896484375 186.4250030517578125 188.7125091552734375 188.9250030517578125 189.212493896484375 190.25 191.556243896484375 194.649993896484375 198.2624969482421875 197.125 196.600006103515625 198.868743896484375 201.350006103515625 205.6062469482421875 211.5625 216.4562530517578125 220.1374969482421875 223.399993896484375 226.71875 227.8312530517578125 229.162506103515625 231.931243896484375 232.1062469482421875 231.7624969482421875 230.7312469482421875 228.118743896484375 224.7312469482421875 219.53125 207.8249969482421875 191.9499969482421875 174.0437469482421875 158.3874969482421875 143.149993896484375 128.3562469482421875 119.09999847412109375
157.71875 152.3562469482421875 150.09375 150.087493896484375 151.1437530517578125 154.693756103515625 159.75 163.6687469482421875 167.0500030517578125 173.1687469482421875 182.8625030517578125 191.0625 195.9250030517578125 198.125 198.7062530517578125 200.618743896484375 202.181243896484375 204.850006103515625 208.78125 206.90625 205.0500030517578125 207.0500030517578125 210.006256103515625 216.6062469482421875 222.875 227.8249969482421875 230.6062469482421875 233.59375 237.256256103515625 237.59375 238.8125 241.056243896484375 240.556243896484375 239.318756103515625 237.8874969482421875 236.4437408447265625 233.962493896484375 229.5749969482421875 219.100006103515625 204.443756103515625 187.475006103515625 172.4562530517578125 157.9124908447265625 143.681243896484375 135.59375
165.243743896484375 160.212493896484375 158.350006103515625 157.7312469482421875 158.0749969482421875 160.9499969482421875 165.8125 169.587493896484375 175.0625 181.8249969482421875 191.1999969482421875 198.225006103515625 204.712493896484375 207.3312530517578125 208.4812469482421875 209.006256103515625 209.5625 211.1687469482421875 211.7062530517578125 210.9375 210.774993896484375 213.899993896484375 218.6687469482421875 227.65625 234.412506103515625 239.118743896484375 242.2312469482421875 244.1374969482421875 248.2312469482421875 248.2312469482421875 247.625 248.6750030517578125 248.087493896484375 247.6125030517578125 246.59375 245.4187469482421875 243.743743896484375 239.4375 229.837493896484375 217.274993896484375 202.662506103515625 188.75 174.2375030517578125 159.78125 153.462493896484375
172.243743896484375 167.375 165.618743896484375 164.8499908447265625 164.6687469482421875 167.506256103515625 172.0500030517578125 177.125 184.09375 192.100006103515625 201.881256103515625 209.318756103515625 214.7687530517578125 217.21875 217.59375 217.068756103515625 215.84375 215.256256103515625 214.1875 213.8249969482421875 214.0812530517578125 218.2062530517578125 226.2062530517578125 234.8312530517578125 245.3625030517578125 250.1125030517578125 252.1437530517578125 254.943756103515625 257.649993896484375 256.54376220703125 256.09375 256.274993896484375 255.03125 254.381256103515625 254.556243896484375 254.5187530517578125 252.399993896484375 249.75 241.1875 229.46875 216.5124969482421875 203.2937469482421875 189.681243896484375 176.0749969482421875 170.4562530517578125
179.375 174.5437469482421875 172.5124969482421875 172.037506103515625 172.350006103515625 175.443756103515625 180.212493896484375 186.868743896484375 194.5124969482421875 203.3562469482421875 213.9187469482421875 221.975006103515625 225.618743896484375 226.649993896484375 226.65625 224.78125 222.8249969482421875 220.4187469482421875 217.5625 215.600006103515625 215.4875030517578125 221.100006103515625 232.7375030517578125 245.631256103515625 256.11248779296875 259.38751220703125 260.574981689453125 263.04998779296875 266.11248779296875 265.837493896484375 265.125 264.16876220703125 262.85626220703125 261.61248779296875 261.35626220703125 261.806243896484375 261.61248779296875 259.756256103515625 252.5124969482421875 242.475006103515625 231.3000030517578125 218.125 203.1437530517578125 188.21875 181.9250030517578125
184.5437469482421875 180.3937530517578125 179.118743896484375 178.774993896484375 180.0812530517578125 183.9812469482421875 189.75 196.4562530517578125 204.46875 214.756256103515625 225.4562530517578125 233.3625030517578125 236.2375030517578125 234.993743896484375 234.09375 231.3000030517578125 228.712493896484375 226.306243896484375 223.65625 220.443756103515625 217.931243896484375 224.8000030517578125 238.493743896484375 251.274993896484375 259.53125 263.381256103515625 266.98126220703125 270.375 273.51873779296875 273.443756103515625 272.84375 271.76873779296875 268.84375 267.64373779296875 267.443756103515625 267.681243896484375 267.78125 268.087493896484375 263.024993896484375 254.993743896484375 246.3125 232.5187530517578125 214.8249969482421875 198.225006103515625 190.431243896484375
188.962493896484375 185.375 184.7312469482421875 185.1437530517578125 187.337493896484375 191.8125 198.6937408447265625 206.0625 214.850006103515625 224.818756103515625 234.7312469482421875 240.693756103515625 243.006256103515625 242.8937530517578125 240.3562469482421875 238.037506103515625 234.6374969482421875 232.993743896484375 230.53125 229.0500030517578125 229.9187469482421875 236.068756103515625 246.5437469482421875 255.556243896484375 262.53125 267.15625 272.15625 276.21875 280.381256103515625 279.20623779296875 278.58123779296875 276.92498779296875 273.45001220703125 272.04998779296875 271.318756103515625 272.42498779296875 274.57501220703125 276.3125 274.068756103515625 267.756256103515625 258.268768310546875 241.3125 224.4499969482421875 209.287506103515625 202.0749969482421875
193.84375 190.6125030517578125 190.9875030517578125 193.100006103515625 195.4562530517578125 201.1187591552734375 209.131256103515625 216.743743896484375 225.9499969482421875 235.649993896484375 244.2624969482421875 250.15625 252.568756103515625 252.6374969482421875 250.524993896484375 247.524993896484375 244.743743896484375 243.006256103515625 241.5812530517578125 241.8625030517578125 244.256256103515625 249.087493896484375 257.181243896484375 264.006256103515625 269.29998779296875 274.85626220703125 279.9375 283.550018310546875 287.23748779296875 286.45001220703125 284.0625 280.89373779296875 277.118743896484375 274.09375 273.118743896484375 273.993743896484375 278.26251220703125 282.6875 281.756256103515625 275.20001220703125 262.524993896484375 247.962493896484375 233.337493896484375 218.5437469482421875 210.600006103515625
197.7687530517578125 195.1437530517578125 196.625 199.8000030517578125 203.7062530517578125 210.212493896484375 218.725006103515625 226.475006103515625 236.162506103515625 246.65625 255.412506103515625 261.537506103515625 264.431243896484375 264.11248779296875 261.75 256.943756103515625 255.375 255.193756103515625 255.0124969482421875 256.256256103515625 258.15625 262.09375 268.3125 274.54376220703125 277.91876220703125 281.58123779296875 285.61248779296875 290.087493896484375 294.625 293.85626220703125 291.537506103515625 286.14373779296875 278.26873779296875 272.76873779296875 269.368743896484375 271.51873779296875 277.98126220703125 285.84375 288.556243896484375 282.65625 269.5625 254.568756103515625 239.8249969482421875 225.53125 216.4499969482421875
199.90625 199.0187530517578125 201.4000091552734375 205.65625 210.962493896484375 218.3125 227.375 236.21875 246.412506103515625 257.506256103515625 267.743743896484375 274.9375 278.98126220703125 279.350006103515625 276.33123779296875 271.0625 267.39373779296875 266.649993896484375 266.9375 269.15625 272.03125 275.568756103515625 279.89373779296875 284.681243896484375 287.774993896484375 288.23126220703125 290.337493896484375 295.75 301.67498779296875 302.53125 299.399993896484375 292.212493896484375 280.443756103515625 268.625 263.4375 265.70623779296875 273.537506103515625 287.368743896484375 297.65625 288.412506103515625 272.23126220703125 257.568756103515625 242.4250030517578125 228.6062469482421875 220.5187530517578125
201.024993896484375 201.5437469482421875 205.725006103515625 211.412506103515625 217.53125 225.631256103515625 235.4375 245.1125030517578125 256.16876220703125 267.92498779296875 280.118743896484375 290.75 298.45623779296875 300.29376220703125 297.756256103515625 292.5 285.23748779296875 280.26251220703125 282.256256103515625 284.51251220703125 288.95001220703125 291.15625 292.149993896484375 293.537506103515625 294.818756103515625 294.743743896484375 295.39373779296875 301.887481689453125 309.26251220703125 311.20001220703125 306.9375 293.149993896484375 278.193756103515625 263.875 255.1687469482421875 254.524993896484375 267.4375 282.54998779296875 291.41876220703125 285.04998779296875 269.48126220703125 255.03125 240.899993896484375 228.25 221.0500030517578125
201.3312530517578125 203.506256103515625 208.712493896484375 214.7624969482421875 222.125 232 241.9250030517578125 253.087493896484375 265.837493896484375 278.368743896484375 292.61248779296875 305.51873779296875 317.306243896484375 324.79376220703125 320.98126220703125 311.96875 302.618743896484375 294.70623779296875 294.193756103515625 297.64373779296875 303.024993896484375 305.118743896484375 300.662506103515625 300.125 300.381256103515625 301.131256103515625 303.70623779296875 309.806243896484375 317.975006103515625 321.65625 317.975006103515625 300.70623779296875 279.787506103515625 258.42498779296875 244.34375 245.381256103515625 259.23748779296875 273.70623779296875 280.63751220703125 275.67498779296875 263.78125 249.9187469482421875 237.5187530517578125 226.412506103515625 220.256256103515625
201.631256103515625 204.1875 210.25 217.25 226.2375030517578125 237.3000030517578125 248.899993896484375 260.037506103515625 273.587493896484375 287.2874755859375 301.912506103515625 317.25 334.21875 349.20623779296875 342.40625 326.13751220703125 312.493743896484375 305.837493896484375 304.743743896484375 307.70623779296875 308.399993896484375 307.100006103515625 306.46875 305.087493896484375 304.712493896484375 305.29998779296875 309.96875 317.64373779296875 323.756256103515625 326.15625 320.20001220703125 306.056243896484375 280.5625 253.1937408447265625 232.850006103515625 237.306243896484375 255.5749969482421875 270.912506103515625 275.418731689453125 270.85626220703125 258.850006103515625 245.162506103515625 235.412506103515625 225.9812469482421875 220.8874969482421875
