data/historical-monthly-weather-data/wc2.1_cruts4.09_10m_prec_2017-03.asc
ncols        51
nrows        45
xllcorner    -63.500000000000
yllcorner    -7.500000000000
cellsize     0.166666666667
NODATA_value -9999
[rows 0 to 19 of 45, columns 0 to 43 of 51]
96.2375030517578125 90.58750152587890625 93.9875030517578125 101.61875152587890625 109.0124969482421875 120.80625152587890625 130.8625030517578125 139.8874969482421875 147.3000030517578125 156.875 169.1750030517578125 180.3125 191.53125 200 207.2937469482421875 214.193756103515625 223.649993896484375 227.7312469482421875 234.7937469482421875 241.4187469482421875 248.8249969482421875 255.0749969482421875 261.850006103515625 263.3125 266.86248779296875 269.51873779296875 267.78125 268.725006103515625 268.125 263.631256103515625 263.01251220703125 259.837493896484375 261.837493896484375 266.54376220703125 270.475006103515625 274.75 277.8125 281.14373779296875 284.524993896484375 286.274993896484375 288.14373779296875 289.21875 288.67498779296875 289.074981689453125
96.3000030517578125 87.97499847412109375 90.74375152587890625 95.7687530517578125 101.625 112.8625030517578125 123.0625 133.25 143.90625 154.943756103515625 167.4187469482421875 177.90625 188.3000030517578125 197.318756103515625 204.850006103515625 212.743743896484375 221.743743896484375 227.2062530517578125 232.3249969482421875 237.7062530517578125 243.3249969482421875 248.618743896484375 254.65625 256.79376220703125 259.15625 261.54998779296875 260.318756103515625 262.087493896484375 261.66876220703125 259.33123779296875 258.57501220703125 259.58123779296875 263.23748779296875 272.1875 277.225006103515625 282.4375 286.98126220703125 290.09375 292.51873779296875 292.95001220703125 294.618743896484375 294.64373779296875 293.11248779296875 292.212493896484375
101.2937469482421875 92.9375 94.3562469482421875 97.3874969482421875 100.7312469482421875 109.86875152587890625 119.90625 130.181243896484375 141.024993896484375 152.524993896484375 162.806243896484375 171.962493896484375 181.875 190.9250030517578125 199 208.412506103515625 217.6875 224.256256103515625 229.5187530517578125 235.1500091552734375 240.8249969482421875 246.493743896484375 250.868743896484375 253.556243896484375 256.15625 257.04376220703125 257.01251220703125 259.118743896484375 258.79376220703125 257.76873779296875 259.78125 262.5 268.5 275.931243896484375 284.818756103515625 288.350006103515625 293.51873779296875 298.86248779296875 300.943756103515625 302.66876220703125 304.068756103515625 302.931243896484375 300.524993896484375 298.024993896484375
106.3562469482421875 98.7937469482421875 99.4812469482421875 100.0625 101.0625 107.4375 115.5 124.4562530517578125 135.756256103515625 146.6374969482421875 155.3874969482421875 163 171.2624969482421875 179.7937469482421875 189.118743896484375 199.21875 210.618743896484375 218.850006103515625 225.8562469482421875 232.131256103515625 238.5812530517578125 242.9562530517578125 245.537506103515625 247.875 250.256256103515625 251.212493896484375 252.1875 252.9562530517578125 253.6875 255.850006103515625 258.58123779296875 265.01251220703125 271.600006103515625 279.54376220703125 288.4375 294.587493896484375 300.84375 307.068756103515625 311.056243896484375 312.600006103515625 312.537506103515625 311.48748779296875 308.70001220703125 304.84375
114.8625030517578125 106.3000030517578125 103.7375030517578125 102.5124969482421875 101.3000030517578125 105.1374969482421875 110.11875152587890625 116.9875030517578125 128.1875 139.149993896484375 146 152 159.75 169.256256103515625 178.7062530517578125 190.274993896484375 202.162506103515625 212.256256103515625 219.5 225.837493896484375 232.4562530517578125 235.912506103515625 239.3625030517578125 242.15625 244.131256103515625 245.5 245.725006103515625 247.149993896484375 251.15625 253.4499969482421875 259.375 265.75 275.287506103515625 284.987518310546875 294.65625 301.993743896484375 308.71875 315.087493896484375 320.350006103515625 321.67498779296875 322.931243896484375 319.875 315.92498779296875 312.443756103515625
123.56874847412109375 115.47499847412109375 113.09999847412109375 110.03749847412109375 106.78749847412109375 109.97499847412109375 114.1437530517578125 119.69374847412109375 130.0875091552734375 140.8249969482421875 145.350006103515625 150.6125030517578125 158.71875 167.2687530517578125 176.9375 188.037506103515625 199.625 208.4499969482421875 215.6062469482421875 220.96875 226.9875030517578125 231.962493896484375 236.5124969482421875 239.7312469482421875 242.8562469482421875 246.4187469482421875 247.7062530517578125 248.931243896484375 251.787506103515625 255.8312530517578125 261.17498779296875 268.48748779296875 277.162506103515625 290.29376220703125 302.65625 310.26873779296875 319.73748779296875 327.4375 333.493743896484375 336.98748779296875 336.71875 333.993743896484375 329.931243896484375 325.82501220703125
131.7937469482421875 123.77500152587890625 120.74375152587890625 116.4499969482421875 111.9375 113.94374847412109375 117.1125030517578125 120.4875030517578125 126.94374847412109375 133.8249969482421875 140.5749969482421875 147.7375030517578125 156.368743896484375 165.1999969482421875 174.875 185.3312530517578125 196.0500030517578125 202.587493896484375 207.943756103515625 214.3874969482421875 220.274993896484375 226.90625 232.243743896484375 237.1999969482421875 242.337493896484375 246.774993896484375 249.1750030517578125 250.7624969482421875 252.4187469482421875 255.618743896484375 263.26251220703125 270.399993896484375 280.162506103515625 292.443756103515625 306.36248779296875 316.800018310546875 326.712493896484375 336.26251220703125 346.48748779296875 349.306243896484375 346.60626220703125 344.475006103515625 340.60626220703125 336.83123779296875
138.381256103515625 130.375 126.19374847412109375 121.6687469482421875 117.3874969482421875 118.3937530517578125 119.03749847412109375 118.6999969482421875 120.5500030517578125 125.84999847412109375 134.5187530517578125 143.9562530517578125 154.0187530517578125 163.625 172.7312469482421875 182.4375 190.912506103515625 195.412506103515625 199.962493896484375 205.787506103515625 213.3125 221.131256103515625 228.21875 234.337493896484375 242.28125 247.181243896484375 249.1687469482421875 251.0625 252.15625 255.493743896484375 261.84375 271.64373779296875 281.54376220703125 294.51873779296875 309.08123779296875 320.34375 331.6875 342.287506103515625 352.118743896484375 355.024993896484375 353.943756103515625 352.04998779296875 348.67498779296875 345.04376220703125
144.3625030517578125 136.318756103515625 132.2312469482421875 127.75 123.0749969482421875 123.33750152587890625 122.9812469482421875 121.16249847412109375 119.86875152587890625 123.2624969482421875 134.149993896484375 145.6687469482421875 157.4562530517578125 167.006256103515625 175.024993896484375 183.087493896484375 189.868743896484375 194.225006103515625 199.9375 205.962493896484375 212.3000030517578125 221.6437530517578125 229.493743896484375 239.712493896484375 247.9562530517578125 252.1125030517578125 251.8312530517578125 251.943756103515625 253.90625 256.693756103515625 263.67498779296875 273.70001220703125 283.993743896484375 296.4375 310 322.618743896484375 336.287506103515625 347.36248779296875 357.17498779296875 360.493743896484375 360.443756103515625 358.82501220703125 356.51873779296875 353.0625
150.40625 142.3562469482421875 137.943756103515625 133.3937530517578125 129.0812530517578125 129.1437530517578125 128.899993896484375 127.4375 127.88124847412109375 131.931243896484375 140.6750030517578125 150.7062530517578125 162.412506103515625 172.3874969482421875 178.4499969482421875 184.4250030517578125 189.8625030517578125 194.2687530517578125 199.774993896484375 205.9250030517578125 212.725006103515625 222.818756103515625 233.537506103515625 246.3000030517578125 253.2062530517578125 256.8125 255.9812469482421875 254.7937469482421875 254.8625030517578125 256.912506103515625 263.21875 274.756256103515625 286.306243896484375 299.76251220703125 313.11248779296875 325.5 338.86248779296875 351.42498779296875 361.962493896484375 367.350006103515625 369.087493896484375 368.5 364.23126220703125 356.76873779296875
156.443756103515625 148.6687469482421875 143.8249969482421875 139.4499969482421875 135.6374969482421875 136.162506103515625 136.2687530517578125 135.1062469482421875 137.443756103515625 142.431243896484375 149.587493896484375 158.7687530517578125 168.774993896484375 178.537506103515625 182.787506103515625 186.1750030517578125 189.6062469482421875 194.0374908447265625 198.868743896484375 204.9562530517578125 213.5500030517578125 224.4375 238 249.774993896484375 259.95623779296875 261.125 259.26251220703125 259.131256103515625 257.95623779296875 258.73126220703125 265.84375 276.42498779296875 287.61248779296875 300.912506103515625 314.79998779296875 326.84375 339.86248779296875 352.949981689453125 364.306243896484375 372.475006103515625 375.58123779296875 373.774993896484375 367.774993896484375 359.33123779296875
162.5124969482421875 155.15625 150.443756103515625 146.568756103515625 142.556243896484375 143.8937530517578125 145.037506103515625 144.868743896484375 148.274993896484375 153.287506103515625 159.65625 166.431243896484375 173.556243896484375 181.0500030517578125 186.15625 189.3874969482421875 191.256256103515625 195.0625 199.8249969482421875 205.381256103515625 212.725006103515625 224.6687469482421875 240.712493896484375 256.943756103515625 265.57501220703125 262.26251220703125 259.86248779296875 260.20001220703125 262.14373779296875 266.162506103515625 270.82501220703125 279.306243896484375 289.149993896484375 301.03125 313.443756103515625 327.131256103515625 341.26251220703125 354.681243896484375 365.837493896484375 376.100006103515625 381.10626220703125 377.41876220703125 367.287506103515625 352.399993896484375
168.6125030517578125 161.4187469482421875 157.15625 153 149.5812530517578125 151.5187530517578125 152.9499969482421875 153.993743896484375 158.068756103515625 164.068756103515625 170.9187469482421875 175.4250030517578125 180.4375 184.306243896484375 188.6374969482421875 191.725006103515625 193.337493896484375 197.4375 202.6062469482421875 206.993743896484375 212.0625 223.65625 239.2624969482421875 253.243743896484375 256.625 255.212493896484375 258.962493896484375 262.712493896484375 267.087493896484375 272.475006103515625 277.625 283.162506103515625 290.54376220703125 300.84375 312.17498779296875 324.71875 339.162506103515625 353.3125 366.587493896484375 379.35626220703125 387.243743896484375 381.20001220703125 362.23126220703125 343.3125
174.149993896484375 167.631256103515625 163.493743896484375 159.568756103515625 156.774993896484375 158.1999969482421875 160.587493896484375 163.212493896484375 168.90625 175.3249969482421875 181.743743896484375 184.5187530517578125 186.712493896484375 189.5 191.162506103515625 194.3249969482421875 195.9562530517578125 199.662506103515625 204.4375 209.5500030517578125 216.28125 225.9250030517578125 237.568756103515625 246.8125 250.6374969482421875 253.225006103515625 258.912506103515625 264.556243896484375 270.29376220703125 276.506256103515625 283.16876220703125 288.375 292.28125 299.006256103515625 308.66876220703125 322.006256103515625 337.66876220703125 351.63751220703125 364.63751220703125 376.75 384.181243896484375 372.225006103515625 355.48126220703125 340.64373779296875
180.3937530517578125 173.6125030517578125 170.0625 167.4812469482421875 165.412506103515625 167.225006103515625 170.681243896484375 174.287506103515625 179.181243896484375 184.7312469482421875 190.524993896484375 192.34375 193.600006103515625 195.149993896484375 195.475006103515625 198.068756103515625 199.5124969482421875 203.8874969482421875 208.087493896484375 212.8562469482421875 220 228.1875 237.068756103515625 245.3125 251.7375030517578125 258.08123779296875 264.475006103515625 270.71875 277.712493896484375 284.60626220703125 288.943756103515625 292.618743896484375 295.899993896484375 297.618743896484375 303.36248779296875 318.350006103515625 335.71875 349.962493896484375 358.681243896484375 363.993743896484375 363.26251220703125 357.32501220703125 350.631256103515625 339.34375
185.3625030517578125 179.3125 176.78125 174.993743896484375 173.84375 177.28125 181.006256103515625 184.6999969482421875 189.787506103515625 194.881256103515625 198.875 200.462493896484375 201.149993896484375 201.587493896484375 201.993743896484375 202.681243896484375 203.6125030517578125 207.9375 211.899993896484375 216.8625030517578125 222.9812469482421875 229.6374969482421875 237.1687469482421875 245.3874969482421875 253.09375 261.681243896484375 269.46875 277.45001220703125 286.524993896484375 293.431243896484375 298.693756103515625 301.162506103515625 300.868743896484375 301.38751220703125 304.60626220703125 324.70001220703125 339.975006103515625 346.67498779296875 349.774993896484375 351.625 349.818756103515625 347.5 343.774993896484375 336.399993896484375
190.6875 185.6437530517578125 183.3249969482421875 182.59375 182.7375030517578125 186.75 191.931243896484375 196.256256103515625 200.3125 204.350006103515625 207.0187530517578125 208.493743896484375 209.0625 208.2375030517578125 209.381256103515625 209.0500030517578125 207.7312469482421875 210.7062530517578125 215.318756103515625 219.837493896484375 225.243743896484375 231.287506103515625 238.3249969482421875 246.912506103515625 256.100006103515625 264.399993896484375 273.462493896484375 283.462493896484375 292.962493896484375 301.787506103515625 308.14373779296875 310.98748779296875 310.975006103515625 314.61248779296875 329.087493896484375 345.46875 351.13751220703125 349.524993896484375 345.88751220703125 343.11248779296875 342.65625 341.350006103515625 337.17498779296875 331.63751220703125
196.0437469482421875 192.03125 191.4562530517578125 192.21875 193.350006103515625 197.53125 202.3937530517578125 207.100006103515625 210.3625030517578125 212.9499969482421875 214.899993896484375 217.40625 217.5437469482421875 217.5749969482421875 218.2375030517578125 216.943756103515625 215.318756103515625 213.7687530517578125 219.9812469482421875 224.1875 229.712493896484375 234.368743896484375 239.4875030517578125 247.743743896484375 256.96875 267.506256103515625 276.29376220703125 288.225006103515625 300.39373779296875 309.73126220703125 315.17498779296875 313.25 314.79998779296875 323.57501220703125 343.625 368.743743896484375 362.649993896484375 351.88751220703125 343.868743896484375 340.975006103515625 337.48748779296875 335.625 332.662506103515625 327.73126220703125
200.881256103515625 198.0812530517578125 198.568756103515625 200.662506103515625 203.5625 208.7624969482421875 214.024993896484375 218.65625 220.3937530517578125 221.556243896484375 222.2937469482421875 223.4250030517578125 225.5500030517578125 226.9250030517578125 226.1687469482421875 223.899993896484375 221.193756103515625 218.9375 221.412506103515625 225.8687591552734375 231.9250030517578125 236.850006103515625 237.618743896484375 246.243743896484375 256.618743896484375 268.33123779296875 279.368743896484375 290.89373779296875 304.54998779296875 315.762481689453125 322.70001220703125 317.3125 313.13751220703125 313.54376220703125 326.475006103515625 347.587493896484375 348.0625 343.51873779296875 340.649993896484375 337.13751220703125 334.537506103515625 331.51251220703125 329.01873779296875 325.20623779296875
203.412506103515625 202.743743896484375 204.46875 207.8937530517578125 212.318756103515625 218.8562469482421875 224.8312530517578125 229.6687469482421875 230.431243896484375 229.662506103515625 228.75 229.712493896484375 232.931243896484375 235.975006103515625 233.0187530517578125 227.225006103515625 221.8562469482421875 222.600006103515625 223.59375 226.837493896484375 229.743743896484375 231.725006103515625 235.149993896484375 243.212493896484375 253.65625 265.006256103515625 277.337493896484375 291.09375 303.649993896484375 312.45001220703125 316.681243896484375 314.13751220703125 302.712493896484375 291.51873779296875 287.51251220703125 303.79998779296875 322.75 331.087493896484375 334.45001220703125 334.712493896484375 332.28125 329.13751220703125 327.36248779296875 324.399993896484375
