data/historical-monthly-weather-data/wc2.1_cruts4.09_10m_prec_2020-04.asc
ncols        45
nrows        45
xllcorner    -63.500000000000
yllcorner    -7.500000000000
cellsize     0.166666666667
NODATA_value -9999
[rows 20 to 39 of 45, columns 0 to 44 of 45]
258.28125 270.04998779296875 280.29998779296875 289.82501220703125 297.868743896484375 310.67498779296875 322.743743896484375 329.625 333.662506103515625 333.23748779296875 329.625 323.23748779296875 317.10626220703125 312.818756103515625 304.662506103515625 298.53125 294.79998779296875 296.15625 300.631256103515625 304.274993896484375 311.962493896484375 317.118743896484375 319.88751220703125 324.131256103515625 332.556243896484375 340.26251220703125 345.4375 349.73126220703125 350.899993896484375 347.912506103515625 339.162506103515625 330.131256103515625 309.33123779296875 286.024993896484375 266.625 276.381256103515625 293.88751220703125 304.774993896484375 303.48748779296875 294.837493896484375 281.9375 270.5 254.881256103515625 242.375 235.3249969482421875
251.443756103515625 260.48748779296875 271.70001220703125 286.23748779296875 297.98748779296875 309.443756103515625 322.412506103515625 332.83123779296875 337.568756103515625 334.29998779296875 325.443756103515625 312.625 303.1875 298.524993896484375 296.65625 293.23748779296875 293.63751220703125 294.03125 297.40625 299.806243896484375 301.32501220703125 305.45623779296875 311.90625 318.387481689453125 328.51251220703125 343.350006103515625 363.90625 367.693756103515625 367.337493896484375 363.493743896484375 353.431243896484375 341.51251220703125 324.243743896484375 308.225006103515625 298.61248779296875 300.524993896484375 312.13751220703125 320.368743896484375 314.818756103515625 303.256256103515625 289.42498779296875 275.375 258.568756103515625 244.1374969482421875 236.0124969482421875
245.8249969482421875 259.98748779296875 272.587493896484375 286.625 298.881256103515625 310.9375 321.61248779296875 334.743743896484375 346 336.681243896484375 320.57501220703125 302.399993896484375 289.85626220703125 286.95001220703125 289.01873779296875 290.82501220703125 290.92498779296875 290.03125 290.787506103515625 290.76873779296875 292.58123779296875 295.25 298 306.274993896484375 321.41876220703125 340.625 363.9375 372.70001220703125 374.943756103515625 370.375 363.881256103515625 355.91876220703125 347.78125 339.09375 335.037506103515625 332.20001220703125 336.412506103515625 339.9375 330.01251220703125 313.399993896484375 296.568756103515625 279.20001220703125 261.149993896484375 245.2624969482421875 236.9562530517578125
242.59375 257.037506103515625 271.693756103515625 283.86248779296875 295.53125 307.53125 320.85626220703125 331.96875 340.29998779296875 330.006256103515625 313.33123779296875 297.79998779296875 280.256256103515625 281.100006103515625 285.08123779296875 286.743743896484375 286.100006103515625 286.79376220703125 285.51251220703125 285.212493896484375 284.787506103515625 283.66876220703125 284.82501220703125 295.037506103515625 309.556243896484375 323.54376220703125 342.70623779296875 360.54376220703125 370.51251220703125 374.756256103515625 375.46875 376.493743896484375 374.350006103515625 369.131256103515625 367.53125 363.725006103515625 364.42498779296875 360.912506103515625 345.024993896484375 324.337493896484375 305.40625 285.381256103515625 265.65625 247.931243896484375 240.587493896484375
242.5749969482421875 257.01873779296875 270.287506103515625 283.54376220703125 296.33123779296875 306.61248779296875 316.83123779296875 325.54376220703125 327.899993896484375 323.58123779296875 310.881256103515625 296.45623779296875 287.95623779296875 283.29376220703125 283.600006103515625 284.14373779296875 285.38751220703125 285.07501220703125 283.181243896484375 279.83123779296875 276.79376220703125 273.662506103515625 273.53125 280.9375 292.943756103515625 311.92498779296875 333.037506103515625 351.98748779296875 368.45623779296875 382.92498779296875 392.037506103515625 400.181243896484375 402.993743896484375 400.068756103515625 396.70623779296875 387.91876220703125 384.087493896484375 374.66876220703125 356.475006103515625 336.068756103515625 315.131256103515625 292.51251220703125 272.20623779296875 252.1875 239.631256103515625
250.225006103515625 262.79376220703125 270.65625 282.38751220703125 292.681243896484375 301.91876220703125 310.54376220703125 316.83123779296875 315.625 311.11248779296875 305.256256103515625 298.693756103515625 292.54998779296875 289.524993896484375 286.568756103515625 287.48126220703125 287.20001220703125 285.649993896484375 281.493743896484375 275.006256103515625 272.274993896484375 266.056243896484375 261.90625 263.54376220703125 279.118743896484375 301.54376220703125 328.17498779296875 348.931243896484375 371.33123779296875 388.381256103515625 406.681243896484375 423.41876220703125 431.29998779296875 426.20623779296875 418.40625 407.63751220703125 399.57501220703125 388.475006103515625 367.787506103515625 346.399993896484375 325.36248779296875 300.32501220703125 277.04998779296875 254.75 243.3562469482421875
255.693756103515625 263.506256103515625 271.66876220703125 280.368743896484375 287.256256103515625 296.20001220703125 302.32501220703125 305.54376220703125 304.912506103515625 306.287506103515625 305.32501220703125 300.431243896484375 296.693756103515625 294.70623779296875 292.225006103515625 291.556243896484375 290.162506103515625 286.475006103515625 282.95623779296875 277.53125 270.78125 262.524993896484375 254.3687591552734375 254.5749969482421875 273.14373779296875 294.20001220703125 321.67498779296875 344.21875 368.756256103515625 388.84375 412.08123779296875 434.28125 448.71875 442.57501220703125 433.774993896484375 421.54376220703125 412.34375 401.006256103515625 378.59375 357.04998779296875 334.443756103515625 310.85626220703125 287.149993896484375 266.212493896484375 259.20001220703125
262.787506103515625 266.65625 272.225006103515625 278.07501220703125 284.17498779296875 290.0625 295.91876220703125 297.024993896484375 299.17498779296875 302.03125 300.73748779296875 299.875 298.21875 298.66876220703125 296.943756103515625 294.306243896484375 293.32501220703125 292.375 286.95623779296875 282.54376220703125 276.337493896484375 266.83123779296875 263.59375 264.45623779296875 277.181243896484375 295.899993896484375 318.537506103515625 341.225006103515625 364.162506103515625 385.32501220703125 405.98748779296875 425.92498779296875 440.193756103515625 441.475006103515625 440.131256103515625 429.32501220703125 422.45001220703125 412.83123779296875 391.15625 368.943756103515625 347.21875 324.20001220703125 301.17498779296875 282.462493896484375 282.36248779296875
267.087493896484375 268.89373779296875 271.462493896484375 275.76251220703125 279.20623779296875 281.9375 285.868743896484375 290.38751220703125 295.53125 297.61248779296875 299.618743896484375 300.13751220703125 299.431243896484375 301.149993896484375 302.01251220703125 302.787506103515625 302.54376220703125 298.14373779296875 294.91876220703125 289.662506103515625 284.118743896484375 275.524993896484375 272.89373779296875 276.149993896484375 285.03125 300.38751220703125 320.38751220703125 340.10626220703125 360.41876220703125 379.21875 394.63751220703125 410.625 422.568756103515625 432.26251220703125 437.53125 432.40625 429.412506103515625 423.3125 403.73748779296875 380.46875 356.3125 334.631256103515625 314.618743896484375 305.618743896484375 306.350006103515625
267.36248779296875 267.443756103515625 268.681243896484375 268.51873779296875 271.26873779296875 275.03125 279.350006103515625 284.65625 289.13751220703125 291.96875 296.149993896484375 298.131256103515625 302.04376220703125 305.368743896484375 306.743743896484375 307.181243896484375 307.368743896484375 307.21875 303.03125 295.79998779296875 288.237518310546875 283.337493896484375 282.45001220703125 283.743743896484375 289.35626220703125 301.381256103515625 319.09375 334.4375 351.83123779296875 367.625 381.36248779296875 393.13751220703125 406.256256103515625 420.01251220703125 430.318756103515625 430.13751220703125 432.381256103515625 430.70001220703125 412.35626220703125 395.318756103515625 377.587493896484375 359.46875 340.806243896484375 333.16876220703125 328.024993896484375
264.631256103515625 262.79998779296875 262.64373779296875 262.681243896484375 265.23748779296875 268.212493896484375 273.293731689453125 277 281.71875 286.875 292.443756103515625 296.818756103515625 304 306.90625 309.98748779296875 311.73126220703125 314.5 314.9375 312.38751220703125 306.399993896484375 298.35626220703125 291.631256103515625 288.868743896484375 287.149993896484375 289.46875 302.943756103515625 314.8125 328.79376220703125 342.75 354.6875 367.506256103515625 378.75 394.40625 409.51873779296875 421.056243896484375 426.09375 428.962493896484375 431.649993896484375 421.98126220703125 409.41876220703125 396.056243896484375 379.850006103515625 365.631256103515625 354.975006103515625 350.837493896484375
258.85626220703125 256.01873779296875 255.59375 257.337493896484375 258.89373779296875 260.181243896484375 264.96875 268.21875 273.243743896484375 278.67498779296875 286.068756103515625 295.056243896484375 301.73748779296875 307.65625 311.3125 314.712493896484375 315.4375 316.881256103515625 314.431243896484375 312.868743896484375 305.73126220703125 298.82501220703125 293.48126220703125 291.48748779296875 295.75 303.462493896484375 311.29376220703125 323.081268310546875 332.78125 344.475006103515625 357.20001220703125 368.225006103515625 381.568756103515625 397.162506103515625 410.756256103515625 418.35626220703125 426.162506103515625 429.506256103515625 423.350006103515625 414.79998779296875 410.83123779296875 399.51251220703125 387.100006103515625 378.21875 374.51873779296875
247.875 243.774993896484375 244.2312469482421875 245.443756103515625 248.181243896484375 249.8937530517578125 252.5749969482421875 257.09375 261.625 268.912506103515625 280.48748779296875 289.21875 299.806243896484375 309.10626220703125 312.837493896484375 315.256256103515625 317.693756103515625 319.63751220703125 316.318756103515625 313.48748779296875 309.125 302.73126220703125 296.6875 294.70623779296875 298.131256103515625 300.631256103515625 307.41876220703125 314.524993896484375 322.337493896484375 334.4375 344.90625 354.20001220703125 366.79376220703125 382.537506103515625 396.787506103515625 407.39373779296875 415.88751220703125 422.243743896484375 417.243743896484375 420.33123779296875 418.17498779296875 409.84375 402.681243896484375 398.34375 396.58123779296875
234.90625 232.212493896484375 233.443756103515625 234.568756103515625 236.350006103515625 239.9562530517578125 243.2312469482421875 246.1374969482421875 250.4562530517578125 257.88751220703125 268.20001220703125 282.13751220703125 296.1875 305.337493896484375 310.76873779296875 312.89373779296875 316.368743896484375 318.16876220703125 316.181243896484375 313.568756103515625 309.368743896484375 304 298.756256103515625 293.600006103515625 296.41876220703125 297.118743896484375 300.04376220703125 304.662506103515625 311.01251220703125 320.51873779296875 330.524993896484375 341.412506103515625 353.8125 368.524993896484375 383.08123779296875 393.462493896484375 403.60626220703125 407.556243896484375 413.14373779296875 418.76873779296875 419.068756103515625 416.63751220703125 414.63751220703125 414.57501220703125 415.850006103515625
220.6062469482421875 219.9562530517578125 222.524993896484375 222.8562469482421875 224.2375030517578125 227.318756103515625 230.2937469482421875 234.1437530517578125 236.9875030517578125 242.78125 256.0625 274.26873779296875 292.92498779296875 307.4375 311.88751220703125 314.25 315.475006103515625 314.39373779296875 315.03125 310.79998779296875 308.725006103515625 302.15625 297.443756103515625 290.381256103515625 290.5 292.225006103515625 293.79376220703125 294.9375 299.75 310.100006103515625 318.9375 329.8125 340.306243896484375 355.0625 367.76251220703125 377.206268310546875 384.931243896484375 399.100006103515625 407.118743896484375 413.631256103515625 416.662506103515625 418.287506103515625 420.75 423.01251220703125 422.100006103515625
206.774993896484375 207.65625 209.6750030517578125 210.34375 211.0625 212.96875 216.131256103515625 218.7062530517578125 220.1750030517578125 225.4375 238.162506103515625 259.53125 283.118743896484375 299.63751220703125 305.6875 309.1875 311.725006103515625 311.412506103515625 311.537506103515625 310.443756103515625 306.337493896484375 301.193756103515625 292.63751220703125 286.84375 284.26251220703125 284.556243896484375 286.01873779296875 287.475006103515625 291.006256103515625 299.32501220703125 307.925018310546875 316.65625 326.33123779296875 340.5625 350.625 356.15625 369.806243896484375 383.29376220703125 389.82501220703125 397.51251220703125 404.506256103515625 407.01873779296875 409.57501220703125 413.962493896484375 412.181243896484375
193.649993896484375 195.725006103515625 197.131256103515625 198.28125 198.725006103515625 200.7624969482421875 203.8625030517578125 204.2937469482421875 203.9499969482421875 206.6374969482421875 222.5 250.006256103515625 271.67498779296875 286.36248779296875 296.0625 301.774993896484375 303.550018310546875 304.40625 305.48748779296875 302.54998779296875 299.256256103515625 293.58123779296875 285.54998779296875 280.368743896484375 276.3125 275.57501220703125 277.63751220703125 279.41876220703125 281.58123779296875 288.475006103515625 297.6875 306.85626220703125 315.76251220703125 325.868743896484375 334.04376220703125 342.125 354.83123779296875 368.506256103515625 377.60626220703125 381.85626220703125 388.962493896484375 392.162506103515625 397.75 402.381256103515625 403.568756103515625
183.03125 183.9499969482421875 184.7624969482421875 186.5124969482421875 187.225006103515625 189.9499969482421875 192.28125 192.3249969482421875 194.21875 196.2937469482421875 218.2687530517578125 245.118743896484375 263.125 276.70623779296875 286.149993896484375 293.125 294.98126220703125 296.912506103515625 295.056243896484375 291.212493896484375 287.89373779296875 281.9375 276.881256103515625 271.76873779296875 267.33123779296875 267.600006103515625 267.03125 270.225006103515625 273.024993896484375 280.337493896484375 286.86248779296875 295.71875 305.662506103515625 313.53125 318.14373779296875 330.0625 341.65625 351.850006103515625 363.11248779296875 368.65625 373.01873779296875 378.100006103515625 381.375 385 388.96875
172.3874969482421875 171.6687469482421875 173.006256103515625 175.5 177.7062530517578125 179.7312469482421875 182.8312530517578125 185.537506103515625 192.756256103515625 205.975006103515625 228.4562530517578125 244.5187530517578125 255.46875 268.068756103515625 277.45001220703125 283.04376220703125 286.337493896484375 287.068756103515625 282.73126220703125 280.5 276.20623779296875 270.125 265.662506103515625 262.931243896484375 260.20001220703125 258.28125 258.962493896484375 261.868743896484375 264.51873779296875 272.78125 279.899993896484375 285.181243896484375 293.82501220703125 302.693756103515625 312.84375 320.537506103515625 328.462493896484375 338.76873779296875 345.693756103515625 348.20001220703125 353.006256103515625 358.36248779296875 359.993743896484375 364.774993896484375 367.67498779296875
161.3249969482421875 161.125 163.131256103515625 166.1750030517578125 168.9187469482421875 172.5 175.1750030517578125 181.587493896484375 191.4250030517578125 204.5749969482421875 220.6999969482421875 236.3312530517578125 247.743743896484375 259.67498779296875 268.57501220703125 274.08123779296875 277.92498779296875 278.037506103515625 272.875 268.774993896484375 263.29998779296875 259.85626220703125 253.1750030517578125 250.5124969482421875 251.1374969482421875 250.5625 251.9562530517578125 255.100006103515625 258.0625 265.23748779296875 269.78125 279.36248779296875 289.881256103515625 298.04998779296875 307.350006103515625 313.53125 319.193756103515625 327.1875 331.01873779296875 330.17498779296875 332.6875 336.98748779296875 336.73126220703125 340.006256103515625 344.36248779296875
