data/historical-monthly-weather-data/wc2.1_cruts4.09_10m_prec_1969-12.asc
ncols        45
nrows        45
xllcorner    -63.500000000000
yllcorner    -7.500000000000
cellsize     0.166666666667
NODATA_value -9999
[rows 20 to 39 of 45, columns 0 to 43 of 45]
224.462493896484375 231 234.306243896484375 238.2687530517578125 242.90625 246.21875 248.431243896484375 249.9875030517578125 251.125 250.1750030517578125 247.1999969482421875 244.1437530517578125 240.475006103515625 234.7687530517578125 226.193756103515625 216.1374969482421875 206.337493896484375 197.287506103515625 190.681243896484375 184.0625 176.8937530517578125 169.475006103515625 163.3874969482421875 164.318756103515625 167.3625030517578125 169.837493896484375 171.462493896484375 168.962493896484375 163.5187530517578125 158.0187530517578125 154.600006103515625 155.5500030517578125 155.96875 157.54376220703125 159.506256103515625 161 164.2312469482421875 167.5812530517578125 167.1999969482421875 162.7062530517578125 154.8562469482421875 145.53125 138.1062469482421875 131.6062469482421875
217.506256103515625 223.475006103515625 228.006256103515625 234.0437469482421875 239.774993896484375 243.350006103515625 246.59375 249.1999969482421875 250.3125 249.375 245.7375030517578125 241.787506103515625 237.3125 230.931243896484375 223.09375 214.100006103515625 205.2937469482421875 197.068756103515625 190.0250091552734375 183.3312530517578125 175.787506103515625 169.850006103515625 166.118743896484375 167.774993896484375 171.693756103515625 177 182.4499969482421875 181.506256103515625 177.412506103515625 174.03125 171.9562530517578125 172.2062530517578125 171.0124969482421875 171.774993896484375 172.381256103515625 172.931243896484375 175.8562469482421875 179.3000030517578125 177.368743896484375 170.6062469482421875 162.274993896484375 153.256256103515625 145.462493896484375 138.7312469482421875
211.2312469482421875 218.712493896484375 222.881256103515625 228.8937530517578125 235.6999969482421875 240.850006103515625 244.3312530517578125 247.9875030517578125 250.625 248.8000030517578125 244.4875030517578125 238.9375 234.3874969482421875 228.21875 220.537506103515625 212.09375 203.59375 195.475006103515625 188.587493896484375 181.4499969482421875 174.787506103515625 169.53125 166.1999969482421875 168.71875 174.0812530517578125 182.068756103515625 191.0187530517578125 192.1125030517578125 189.475006103515625 188.375 188.3000030517578125 189.024993896484375 187.537506103515625 186.25 185.381256103515625 183.3000030517578125 186.337493896484375 192.7375030517578125 189.743743896484375 180.5749969482421875 170.6875 161.1374969482421875 153.0749969482421875 145.9812469482421875
205.3625030517578125 211.6062469482421875 215.6750030517578125 222.431243896484375 230.600006103515625 236.743743896484375 241.9875030517578125 245.975006103515625 248.3249969482421875 246.056243896484375 241.912506103515625 237.3125 233.0124969482421875 227.693756103515625 220.09375 211.8312530517578125 203.8874969482421875 196.3125 189.2687530517578125 182.0625 174.712493896484375 169.15625 165.1374969482421875 168.3312530517578125 174.03125 182.1125030517578125 191.4375 196.5812530517578125 198.9875030517578125 200.5812530517578125 203.0500030517578125 204.3874969482421875 203.8000030517578125 202.181243896484375 200.7687530517578125 196.3312530517578125 198.2687530517578125 204.21875 200.462493896484375 190.318756103515625 178.96875 168.662506103515625 159.225006103515625 151.087493896484375
202.0812530517578125 206.375 209.7937469482421875 218.962493896484375 229.3000030517578125 235.1437530517578125 240.0187530517578125 243.087493896484375 244.243743896484375 243.0812530517578125 239.8625030517578125 235.5187530517578125 231.443756103515625 226.53125 219.6750030517578125 212.068756103515625 204.443756103515625 197.381256103515625 190.306243896484375 183.0500030517578125 175.1437530517578125 168.274993896484375 163.7687530517578125 166.5187530517578125 172.8874969482421875 182.056243896484375 192.193756103515625 200.2937469482421875 206.3249969482421875 211.475006103515625 216.6062469482421875 219.78125 220.3937530517578125 219.3187408447265625 217.15625 213.5500030517578125 214.256256103515625 215.0625 209.6687469482421875 199.993743896484375 187.9375 176.524993896484375 165.4562530517578125 157.1750030517578125
203.5500030517578125 209.3000030517578125 212.96875 221.46875 229.537506103515625 234.524993896484375 237.9499969482421875 240.1750030517578125 240.84375 239.40625 236.475006103515625 233.3625030517578125 229.6437530517578125 225.337493896484375 219.493743896484375 212.6062469482421875 205.1437530517578125 198.4499969482421875 191.6125030517578125 184.287506103515625 176.912506103515625 168.5749969482421875 162.131256103515625 163.4375 171.787506103515625 182.7312469482421875 194.8249969482421875 205.1437530517578125 213.868743896484375 221.5625 228.806243896484375 235.5500030517578125 238.1125030517578125 236.9875030517578125 235.4499969482421875 231.5124969482421875 230.4124908447265625 229.0812530517578125 222.1125030517578125 212.1125030517578125 199.40625 185.162506103515625 171.600006103515625 161.25
208.78125 214.9562530517578125 220.5812530517578125 228.0749969482421875 234.506256103515625 237.7312469482421875 238.8000030517578125 239.25 238.443756103515625 237.462493896484375 235.993743896484375 233.4875030517578125 230.1062469482421875 226.712493896484375 221.5 215.6062469482421875 208.931243896484375 202.4875030517578125 195.75 187.875 180.087493896484375 171.350006103515625 163.743743896484375 163.6125030517578125 173.6125030517578125 185.318756103515625 198.381256103515625 210.0625 221.1750030517578125 230.225006103515625 239.6687469482421875 248.631256103515625 254.100006103515625 254.087493896484375 253.3562469482421875 250.5187530517578125 248.412506103515625 246.3125 238.587493896484375 228.725006103515625 215.6875 197.806243896484375 179.681243896484375 166.8562469482421875
215.5124969482421875 222.350006103515625 229.024993896484375 235.806243896484375 240.6125030517578125 242.006256103515625 241.3249969482421875 239.350006103515625 237.4375 235.743743896484375 233.9187469482421875 232.1999969482421875 230.693756103515625 228.443756103515625 224.03125 218.4875030517578125 212.943756103515625 206.556243896484375 200.2375030517578125 192.6999969482421875 185.4187469482421875 177.5749969482421875 172.1125030517578125 173.6437530517578125 181.375 191.912506103515625 204.1750030517578125 215.9875030517578125 227.6687469482421875 237.556243896484375 247.375 256.568756103515625 263.36248779296875 267.01251220703125 268.90625 267.462493896484375 266.4375 265.131256103515625 257.92498779296875 248.9375 236.4312591552734375 215.381256103515625 189.6999969482421875 174.1062469482421875
221.243743896484375 229.0437469482421875 236.837493896484375 244.399993896484375 247.712493896484375 246.0625 242.8874969482421875 239.3874969482421875 236.524993896484375 233.8000030517578125 232.3937530517578125 231.899993896484375 231.212493896484375 230.28125 226.350006103515625 222.462493896484375 217.8000030517578125 212.056243896484375 205.96875 198.9562530517578125 192.399993896484375 185.8937530517578125 182.149993896484375 184.212493896484375 191.0187530517578125 200.306243896484375 211.7375030517578125 223.4375 235.3000030517578125 244.7375030517578125 254.09375 262.881256103515625 271.118743896484375 277.193756103515625 282.350006103515625 283.399993896484375 284.70001220703125 284.5625 277.381256103515625 269.743743896484375 259.82501220703125 235.131256103515625 207.0625 192.774993896484375
228.03125 235.875 244.9499969482421875 253.943756103515625 258.006256103515625 252.087493896484375 245.7687530517578125 240.90625 236.8125 233.2687530517578125 231.7062530517578125 231.2312469482421875 232.1062469482421875 232.625 229.9812469482421875 226.556243896484375 223.1999969482421875 219.3874969482421875 213.912506103515625 206.9499969482421875 200.4562530517578125 194.75 190.912506103515625 193.7062530517578125 200.162506103515625 208.7687530517578125 218.3312530517578125 229.8625030517578125 240.993743896484375 250.537506103515625 259.912506103515625 268.868743896484375 279.3125 287.76873779296875 295.60626220703125 299 302.9375 305.04998779296875 299.649993896484375 292.787506103515625 282.59375 263.15625 239.96875 226.524993896484375
233.068756103515625 240.5749969482421875 248.8000030517578125 257.70001220703125 260.76873779296875 252.943756103515625 245.71875 239.59375 234.7312469482421875 232.0124969482421875 230.600006103515625 230.9499969482421875 232.8249969482421875 234.006256103515625 232.3000030517578125 230.5124969482421875 229.1687469482421875 225.5 221.6062469482421875 215.1374969482421875 208.6062469482421875 203.037506103515625 199.743743896484375 202.693756103515625 208.537506103515625 216.2624969482421875 225.3625030517578125 236.0437469482421875 246.618743896484375 256.67498779296875 266.0625 275.35626220703125 286.90625 298.106231689453125 308.100006103515625 314.66876220703125 321.818756103515625 326.712493896484375 322.46875 315.42498779296875 307.9375 293.443756103515625 276.15625 260.83123779296875
236.5812530517578125 242.0687408447265625 248.056243896484375 252.34375 252.3937530517578125 247.412506103515625 241.4562530517578125 235.212493896484375 231.1687469482421875 228.475006103515625 227.8625030517578125 229.693756103515625 232.8125 235.006256103515625 235.28125 234.9375 233.2312469482421875 229.8312530517578125 226.131256103515625 220.649993896484375 215.287506103515625 210.287506103515625 206.8562469482421875 209.962493896484375 216.6374969482421875 223.6437530517578125 231.806243896484375 241.9562530517578125 252.3125 262.774993896484375 272.412506103515625 282.28125 294.131256103515625 307.20623779296875 320.04376220703125 330.59375 339.662506103515625 346.76251220703125 344.649993896484375 340.29376220703125 338.037506103515625 329.5625 318.881256103515625 308.618743896484375
239 241.493743896484375 243.943756103515625 246.1875 245.368743896484375 240.9250030517578125 234.90625 228.84375 225.1062469482421875 223.556243896484375 225.806243896484375 228.8312530517578125 233.6374969482421875 238.3625030517578125 239.412506103515625 239.243743896484375 237.59375 235.1374969482421875 230.28125 225.375 220.71875 216.5812530517578125 213.46875 216.1437530517578125 222.1687469482421875 229.25 237.149993896484375 245.84375 256.36248779296875 267.0625 278.04998779296875 289.04376220703125 302.64373779296875 317.34375 332.17498779296875 344.70001220703125 356.412506103515625 366.506256103515625 367.774993896484375 371.306243896484375 373.58123779296875 371.98748779296875 371.443756103515625 374.774993896484375
240.2687530517578125 240.212493896484375 240.90625 240.600006103515625 237.7937469482421875 233.243743896484375 227.837493896484375 222.056243896484375 218.4499969482421875 217.4812469482421875 220.381256103515625 227.21875 234.67498779296875 240.2249908447265625 242.712493896484375 243.0500030517578125 242.475006103515625 240.0625 234.850006103515625 230.09375 225.868743896484375 221.743743896484375 218.493743896484375 221.131256103515625 226.28125 232.6750030517578125 240.96875 249.8874969482421875 260.57501220703125 271.42498779296875 283.149993896484375 295.837493896484375 311.07501220703125 327.58123779296875 343.625 357.943756103515625 372.774993896484375 384.26251220703125 392.20001220703125 401.5 410.07501220703125 415.631256103515625 424.225006103515625 439.131256103515625
240.7125091552734375 239.181243896484375 238.118743896484375 235.6062469482421875 231.96875 226.774993896484375 220.8000030517578125 214.8562469482421875 210.40625 210.0812530517578125 215.181243896484375 224.818756103515625 236.0500030517578125 244.6750030517578125 247.943756103515625 248.818756103515625 248.056243896484375 245.0187530517578125 240.3125 234.4812469482421875 231.006256103515625 226.3625030517578125 223.850006103515625 225.774993896484375 229.787506103515625 235.712493896484375 243.7624969482421875 253.068756103515625 263.5625 275.26873779296875 288.08123779296875 301.850006103515625 318.90625 337.368743896484375 354.91876220703125 370.056243896484375 385.712493896484375 402.118743896484375 415.21875 427.756256103515625 441.975006103515625 452.856231689453125 467.33123779296875 487.33123779296875
241.912506103515625 239.318756103515625 236.6999969482421875 233.162506103515625 228.3312530517578125 222.787506103515625 215.7937469482421875 208.5999908447265625 202.881256103515625 201.056243896484375 208.225006103515625 222.375 237.962493896484375 248.8125 253.3937530517578125 254.90625 254.193756103515625 250.868743896484375 245.193756103515625 238.881256103515625 235.149993896484375 231.693756103515625 228.3562469482421875 229.5749969482421875 233.0749969482421875 237.662506103515625 245.337493896484375 253.818756103515625 263.59375 276.64373779296875 291.07501220703125 305.58123779296875 324.037506103515625 342.756256103515625 360.86248779296875 375.493743896484375 393.60626220703125 410.6875 424.743743896484375 439.58123779296875 455.918731689453125 471.056243896484375 486.89373779296875 507.45001220703125
242.850006103515625 239.59375 236.256256103515625 232.337493896484375 227.318756103515625 221.6875 214.9812469482421875 206.4875030517578125 197.9250030517578125 191.40625 202.9812469482421875 226.0500030517578125 243.056243896484375 253.7375030517578125 259.10626220703125 261.01251220703125 260.8125 256.67498779296875 251.0187530517578125 244.318756103515625 240.006256103515625 235.943756103515625 232.475006103515625 232.8562469482421875 234.943756103515625 238.774993896484375 245.287506103515625 253.9375 263.787506103515625 277.993743896484375 293.381256103515625 308.98126220703125 328.131256103515625 348.162506103515625 366.5 383.13751220703125 400.75 417.625 430.9375 446.26873779296875 463.068756103515625 479.63751220703125 497.34375 518.3062744140625
242.9187469482421875 239.7062530517578125 236.5749969482421875 232.5500030517578125 228.306243896484375 222.756256103515625 217.256256103515625 209.868743896484375 202.1750030517578125 193.443756103515625 216.5500030517578125 241.9812469482421875 254.256256103515625 262.26873779296875 266.649993896484375 268.48126220703125 267.681243896484375 263.51873779296875 256.75 249.993743896484375 244.1875 239.3874969482421875 235.9812469482421875 235.4187469482421875 236.256256103515625 239.0812530517578125 245.9562530517578125 253.9187469482421875 263.25 278.70001220703125 294.4375 311.225006103515625 330.993743896484375 351.568756103515625 370.41876220703125 387.16876220703125 404.087493896484375 419.850006103515625 434.125 448.931243896484375 464.806243896484375 481.66876220703125 498.943756103515625 519.1624755859375
240.34375 237.5749969482421875 235.5124969482421875 232.8874969482421875 229.431243896484375 225.587493896484375 222.162506103515625 219.381256103515625 219.71875 229.625 257.568756103515625 264.90625 268.287506103515625 272.899993896484375 275.6875 276.881256103515625 275.73126220703125 270.09375 262.787506103515625 255.225006103515625 248.1875 242.0124969482421875 237.962493896484375 237.100006103515625 237.8625030517578125 240.2375030517578125 245.975006103515625 253.4812469482421875 262.149993896484375 276.88751220703125 292.681243896484375 307.206268310546875 325.256256103515625 343.787506103515625 362.681243896484375 378.493743896484375 393.96875 408.899993896484375 421.681243896484375 434.67498779296875 449.76873779296875 463.443756103515625 477.506256103515625 493.4375
238.506256103515625 236.2687530517578125 235.0625 233.59375 231.774993896484375 230.681243896484375 230.2375030517578125 232.274993896484375 237.6999969482421875 249.8249969482421875 267.537506103515625 276.70623779296875 279.92498779296875 283.51873779296875 285.912506103515625 286.100006103515625 284.193756103515625 278.45623779296875 269.73126220703125 260.98748779296875 251.2937469482421875 243.2375030517578125 237.975006103515625 236.3000030517578125 237.693756103515625 240.568756103515625 246.475006103515625 253.568756103515625 261.318756103515625 275.225006103515625 289.04998779296875 303.524993896484375 320.14373779296875 336.36248779296875 352.42498779296875 365.9375 380.875 394.35626220703125 405.649993896484375 416.48748779296875 428.45623779296875 439.95623779296875 452.024993896484375 464.51251220703125
