data/historical-monthly-weather-data/wc2.1_cruts4.09_10m_prec_1995-03.asc
ncols        51
nrows        45
xllcorner    -63.500000000000
yllcorner    -7.500000000000
cellsize     0.166666666667
NODATA_value -9999
[rows 20 to 39 of 45, columns 0 to 44 of 51]
187.681243896484375 198.4749908447265625 210.7624969482421875 224.006256103515625 238.0187530517578125 252.024993896484375 265.54376220703125 277.51251220703125 286.8125 292.725006103515625 296.01873779296875 298.53125 301.40625 305.893768310546875 301.931243896484375 292.524993896484375 284.4375 280.243743896484375 279.75 278.54998779296875 274.125 269.100006103515625 263.149993896484375 259.018768310546875 255.5 252.84375 253.1750030517578125 253.625 254.09375 255.40625 252.837493896484375 245.756256103515625 230.149993896484375 211.381256103515625 194.087493896484375 205.618743896484375 223.0812530517578125 231.1999969482421875 233.1374969482421875 230.8937530517578125 226.7687530517578125 223.4875030517578125 219.368743896484375 216.3125 216.381256103515625
185.443756103515625 197.34375 211.943756103515625 226.8937530517578125 242.743743896484375 258.506256103515625 273.65625 287.568756103515625 297.125 299.96875 298.056243896484375 295.96875 294.63751220703125 295.9375 294.51873779296875 290.587493896484375 287.181243896484375 283.806243896484375 281.962493896484375 279.54376220703125 272.67498779296875 266.306243896484375 262.70001220703125 257.587493896484375 253.881256103515625 252.556243896484375 255.53125 255.681243896484375 255.3562469482421875 255.84375 252.4375 245.4812469482421875 231.8125 217.6750030517578125 208.6437530517578125 214.306243896484375 226.756256103515625 234.2937469482421875 235.8625030517578125 232.337493896484375 227.037506103515625 223.2312469482421875 219.15625 215.8562469482421875 216.1437530517578125
186.037506103515625 199.756256103515625 214.8874969482421875 231.2312469482421875 247.899993896484375 263.54376220703125 278.89373779296875 296.01873779296875 308.28125 306.48748779296875 299.475006103515625 290.943756103515625 284.73126220703125 285.28125 287.92498779296875 288.20623779296875 286.743743896484375 284.13751220703125 281.5625 278.443756103515625 271.10626220703125 263.193756103515625 257.45001220703125 252 250.1437530517578125 250.631256103515625 254.3187408447265625 255.65625 255.0187530517578125 254.8125 252.6999969482421875 249.462493896484375 241.443756103515625 232.443756103515625 229.2937469482421875 232.7375030517578125 238.9499969482421875 242.243743896484375 240.75 235.318756103515625 228.4499969482421875 223.743743896484375 219.3937530517578125 215.2624969482421875 215.59375
192.256256103515625 206.618743896484375 221.649993896484375 237.649993896484375 253.7624969482421875 268.13751220703125 283.66876220703125 299.787506103515625 310.08123779296875 305.875 296.16876220703125 287.256256103515625 277.100006103515625 278.5 283.649993896484375 286.149993896484375 286.70623779296875 284.756256103515625 280.48748779296875 275.95001220703125 267.475006103515625 258.350006103515625 251.193756103515625 245.818756103515625 243.25 244.274993896484375 248.96875 252.7624969482421875 254.381256103515625 257.100006103515625 258.774993896484375 258.26873779296875 253.181243896484375 248.09375 246.7937469482421875 249.625 251.975006103515625 249.337493896484375 243.9562530517578125 236.9875030517578125 229.59375 223.9812469482421875 219.3249969482421875 214.556243896484375 216.118743896484375
203.100006103515625 217.056243896484375 229.6750030517578125 244.649993896484375 260.79998779296875 273.91876220703125 285.962493896484375 297.681243896484375 303.90625 302.337493896484375 296.693756103515625 288.306243896484375 282.70623779296875 282.287506103515625 284.29998779296875 287.287506103515625 287.787506103515625 285.875 281.756256103515625 274.725006103515625 263.70001220703125 252.993743896484375 243.6374969482421875 236.2062530517578125 235.256256103515625 240 245.15625 251.6750030517578125 255.337493896484375 261.98748779296875 265.975006103515625 267.75 265.20001220703125 261.76251220703125 259.606231689453125 257.4375 256.375 251.9875030517578125 245.181243896484375 238.625 230.96875 224.774993896484375 218.556243896484375 215.118743896484375 214.1875
217.1687469482421875 231.600006103515625 240.881256103515625 253.9812469482421875 266.76251220703125 277.28125 286.6875 295.118743896484375 299.03125 298.618743896484375 295.625 291.881256103515625 289 287.73748779296875 288.63751220703125 291.17498779296875 290.725006103515625 288.95623779296875 284.95623779296875 275.524993896484375 264 249.6687469482421875 236.162506103515625 225.7624969482421875 227.712493896484375 236.3125 245.4812469482421875 252.256256103515625 258.17498779296875 267.181243896484375 274.0625 278.9375 277.931243896484375 273.243743896484375 268.54998779296875 263.34375 259.07501220703125 253.2375030517578125 246.712493896484375 239.5500030517578125 232.1374969482421875 225.125 216.975006103515625 212.6750030517578125 212.5
231.4375 241.8874969482421875 250.4187469482421875 259.95001220703125 269.625 278.03125 284.806243896484375 290.774993896484375 293.9375 295.600006103515625 295.66876220703125 294.350006103515625 293.318756103515625 293.26873779296875 294.70623779296875 296.33123779296875 297.66876220703125 294.61248779296875 289.381256103515625 281.318756103515625 267.5625 251.881256103515625 234.131256103515625 222.125 228.3625030517578125 237.65625 248.0812530517578125 255.2375030517578125 262.09375 271.85626220703125 280.54376220703125 288.29998779296875 288.412506103515625 281.09375 273.65625 267.23126220703125 261.86248779296875 255.0124969482421875 248.7937469482421875 242.318756103515625 234.100006103515625 226.443756103515625 217.524993896484375 212 216.881256103515625
246.8000030517578125 254.149993896484375 260.40625 267.212493896484375 272.95001220703125 278.73126220703125 285.14373779296875 289.5 292.32501220703125 294.63751220703125 295.21875 295.51251220703125 296.568756103515625 298.04376220703125 300.04376220703125 301.850006103515625 304.01251220703125 303.28125 298.65625 291.08123779296875 277.9375 262.131256103515625 249.306243896484375 239.3125 240.475006103515625 246.875 255.2062530517578125 262.431243896484375 268.662506103515625 276.806243896484375 284.96875 291.54376220703125 290.70623779296875 283.100006103515625 275.368743896484375 268.875 261.79376220703125 255.6687469482421875 250.53125 245.6750030517578125 240.0749969482421875 231.662506103515625 220.4375 214.5625 225.84375
261.07501220703125 266.037506103515625 269.899993896484375 273.26251220703125 278.131256103515625 281.65625 284.725006103515625 287.993743896484375 291.13751220703125 293.306243896484375 295.54376220703125 297.45623779296875 299.618743896484375 302.84375 306.662506103515625 310.51873779296875 314.98126220703125 315.100006103515625 312.26873779296875 306.04376220703125 293.681243896484375 279.33123779296875 268.65625 258.5625 257.1875 259.243743896484375 264.837493896484375 270.73748779296875 275.962493896484375 282.90625 288.46875 292.8125 290.756256103515625 283.96875 276.643768310546875 269.881256103515625 262.01251220703125 255.6687469482421875 251.1125030517578125 246.3625030517578125 243.78125 235.65625 224.96875 224.71875 238.243743896484375
270.83123779296875 273.743743896484375 275.41876220703125 276.95001220703125 279.76251220703125 280.92498779296875 283.26873779296875 285.85626220703125 289.17498779296875 291.51873779296875 294.48126220703125 298.86248779296875 303.86248779296875 308.875 314.01873779296875 319.32501220703125 324.82501220703125 330.506256103515625 330.068756103515625 321.818756103515625 309.318756103515625 296.66876220703125 286.243743896484375 276.95623779296875 272.681243896484375 272.693756103515625 276.181243896484375 279.59375 282.587493896484375 287.118743896484375 291.3125 293.26251220703125 290.25 285.53125 279.20623779296875 271.493743896484375 263.14373779296875 256.774993896484375 249.662506103515625 244.6750030517578125 242.537506103515625 241 236.837493896484375 240.649993896484375 248.9875030517578125
277.45001220703125 278.32501220703125 278.39373779296875 279.462493896484375 281.17498779296875 280.587493896484375 282.75 284.443756103515625 287.368743896484375 290.20001220703125 293.962493896484375 299.28125 306.149993896484375 312.118743896484375 319.100006103515625 326.743743896484375 336.01873779296875 343.26873779296875 347.318756103515625 338.90625 326.056243896484375 312.6875 303.23748779296875 293.41876220703125 287.01873779296875 286.41876220703125 286.88751220703125 287.4375 289.21875 291.71875 294.25 295.82501220703125 292.5625 287.96875 282.225006103515625 273.10626220703125 264.38751220703125 257.875 249.631256103515625 239.8625030517578125 239.34375 245.0187530517578125 248.443756103515625 253.875 262.66876220703125
281.274993896484375 280.618743896484375 279.58123779296875 279.524993896484375 280.662506103515625 279.556243896484375 281.212493896484375 281.8125 284.53125 287.681243896484375 291.943756103515625 298.350006103515625 305.756256103515625 314.61248779296875 323.962493896484375 333.82501220703125 341.63751220703125 348.85626220703125 353.193756103515625 349.70001220703125 337.58123779296875 326.8125 316.58123779296875 306.318756103515625 301.41876220703125 298.29376220703125 296.006256103515625 295.92498779296875 294.82501220703125 296.524993896484375 298.1875 298.712493896484375 294.45001220703125 289.962493896484375 284.524993896484375 275.318756103515625 267.39373779296875 259.756256103515625 249.725006103515625 242.7937469482421875 245.256256103515625 254.693756103515625 262.0625 272.431243896484375 284.056243896484375
279.92498779296875 279.462493896484375 278.006256103515625 277.462493896484375 277.1875 277.149993896484375 277.462493896484375 277.493743896484375 279.32501220703125 283.5 290.89373779296875 297.98748779296875 307.712493896484375 320.306243896484375 330.03125 339.193756103515625 346.193756103515625 353.631256103515625 356.868743896484375 355.475006103515625 347.212493896484375 337.5 327.26251220703125 318.743743896484375 312.806243896484375 308.318756103515625 304.51251220703125 302.57501220703125 301.431243896484375 301.8125 302.600006103515625 302.57501220703125 299.256256103515625 295.15625 289.3125 282.01873779296875 274.25 265.91876220703125 257.993743896484375 257.568756103515625 260.975006103515625 270.556243896484375 280.84375 293.125 312.381256103515625
277.399993896484375 276.91876220703125 276.65625 276.04998779296875 275.493743896484375 274.38751220703125 273.60626220703125 273.26251220703125 274.631256103515625 278.66876220703125 286.36248779296875 297.64373779296875 309.95623779296875 322.26873779296875 331.86248779296875 342.20001220703125 351.225006103515625 357.868743896484375 359.91876220703125 359.51873779296875 353.96875 345.381256103515625 337.1875 327.78125 321.537506103515625 315.662506103515625 311.6875 308.13751220703125 307.36248779296875 306.73748779296875 306.11248779296875 306.800018310546875 304.57501220703125 300.712493896484375 296.737518310546875 289.649993896484375 281.48748779296875 273.01873779296875 270.524993896484375 272.20623779296875 275.36248779296875 285.29998779296875 298.618743896484375 312.79376220703125 334.774993896484375
275.11248779296875 275.32501220703125 275.38751220703125 274.34375 272.11248779296875 271.131256103515625 269.3125 269.131256103515625 268.943756103515625 271.86248779296875 281.056243896484375 295.756256103515625 311.662506103515625 325.774993896484375 337.193756103515625 346.23748779296875 355.42498779296875 361.5625 363.912506103515625 363.84375 359.75 351.57501220703125 343.54998779296875 334.03125 328.04376220703125 322.54998779296875 317.10626220703125 313.76873779296875 311.01873779296875 310.76251220703125 311.10626220703125 311.600006103515625 309.475006103515625 306.86248779296875 302.84375 295.274993896484375 287.443756103515625 283.04998779296875 283.212493896484375 285.412506103515625 289.287506103515625 298.006256103515625 310.931243896484375 325.51251220703125 344.54998779296875
274.54998779296875 273.881256103515625 273.193756103515625 271.8125 269.67498779296875 267.912506103515625 266.45623779296875 264.23126220703125 262.3125 265.068756103515625 274.60626220703125 291.337493896484375 310.90625 328.181243896484375 340.26251220703125 350.98748779296875 359.693756103515625 365.337493896484375 368.91876220703125 370.1875 365.08123779296875 356.28125 347.15625 338.556243896484375 331.98126220703125 326.006256103515625 320.5 317.45623779296875 314.818756103515625 314.16876220703125 315.0625 315.181243896484375 312.756256103515625 311.725006103515625 308.600006103515625 301.837493896484375 297.39373779296875 294.08123779296875 293.662506103515625 296.931243896484375 301.91876220703125 309.75 319.82501220703125 333.774993896484375 348.26873779296875
273.14373779296875 272.524993896484375 271.774993896484375 269.92498779296875 268.26251220703125 267.04376220703125 264.85626220703125 262.13751220703125 258.23748779296875 256.868743896484375 269.524993896484375 292.912506103515625 314.006256103515625 330.40625 344.131256103515625 354.787506103515625 363.306243896484375 368.48748779296875 372.73748779296875 372.07501220703125 367 358.100006103515625 349.16876220703125 339.39373779296875 332.41876220703125 326.868743896484375 321.993743896484375 320.1875 317.59375 317.662506103515625 318.0625 318.04376220703125 317.63751220703125 317.63751220703125 315.068756103515625 310.806243896484375 307.806243896484375 305.82501220703125 306.149993896484375 307.475006103515625 311 317.88751220703125 327.125 338.98126220703125 351.17498779296875
272.3125 272.04998779296875 270.71875 269.225006103515625 268.524993896484375 268.100006103515625 266.59375 263.58123779296875 261.399993896484375 258.375 279.1875 303.975006103515625 321.04998779296875 335.90625 347.96875 358.98126220703125 366.11248779296875 370.29998779296875 372.76251220703125 370.82501220703125 363.53125 355.01873779296875 348.04376220703125 338.28125 331.65625 327.03125 322.65625 322.043731689453125 320.712493896484375 320.725006103515625 320.20001220703125 319.96875 320.631256103515625 322.08123779296875 320.131256103515625 318.693756103515625 316.931243896484375 314.375 316.131256103515625 318.375 319.45001220703125 325.95623779296875 332.28125 338.67498779296875 348.79998779296875
270.53125 271.20623779296875 271.04998779296875 270.493743896484375 270.506256103515625 270.162506103515625 271.0625 271.03125 274.962493896484375 287.056243896484375 310.9375 323.212493896484375 332.89373779296875 344.11248779296875 355.056243896484375 364.53125 370.625 372.36248779296875 371.75 367.600006103515625 357.712493896484375 348.756256103515625 341.625 333.631256103515625 328.26873779296875 325.20623779296875 322.53125 321.818756103515625 321.53125 321.66876220703125 322.14373779296875 320.85626220703125 321.181243896484375 323.26251220703125 325.243743896484375 323.36248779296875 321.399993896484375 320.818756103515625 320.881256103515625 321.131256103515625 321.70001220703125 327.67498779296875 332.024993896484375 337.54376220703125 344.29998779296875
269.243743896484375 271.20623779296875 271.931243896484375 271.67498779296875 273.024993896484375 275.725006103515625 277.33123779296875 282.056243896484375 290.01873779296875 302.462493896484375 318.681243896484375 332.9375 343.84375 353.274993896484375 363.67498779296875 371.443756103515625 376.34375 375.20623779296875 370.71875 364.98126220703125 352.73126220703125 342.462493896484375 333.375 326.33123779296875 323.51873779296875 322.11248779296875 320.149993896484375 320.98126220703125 321.34375 321.10626220703125 320.287506103515625 321.79998779296875 325.287506103515625 326.88751220703125 328.850006103515625 328.39373779296875 325.912506103515625 324.975006103515625 325.662506103515625 323.33123779296875 322.193756103515625 326.79376220703125 330.100006103515625 333.60626220703125 338.681243896484375
