data/historical-monthly-weather-data/wc2.1_cruts4.09_10m_prec_1989-09.asc
ncols        51
nrows        45
xllcorner    -63.500000000000
yllcorner    -7.500000000000
cellsize     0.166666666667
NODATA_value -9999
[rows 0 to 19 of 45, columns 0 to 43 of 51]
183.1374969482421875 182.9187469482421875 183.087493896484375 186.375 187.056243896484375 186.243743896484375 180.743743896484375 173.600006103515625 169.7062530517578125 166.5749969482421875 165.75 166.2687530517578125 166.6999969482421875 164.9250030517578125 163.2375030517578125 160.3249969482421875 158.875 153.8937530517578125 150.193756103515625 145.5437469482421875 142.8937530517578125 138.225006103515625 134.6125030517578125 129.962493896484375 124.6750030517578125 121.3874969482421875 118.21875 114.9187469482421875 110.46875 108.1750030517578125 105.2312469482421875 103.5500030517578125 103.8249969482421875 102.36875152587890625 102.02500152587890625 103.50624847412109375 106.50624847412109375 109.33750152587890625 111.3000030517578125 113.6062469482421875 116.06874847412109375 117.2937469482421875 117.0500030517578125 117.25624847412109375
173.9562530517578125 173.5625 177.6750030517578125 184.9187469482421875 192.818756103515625 188.7312469482421875 181.931243896484375 178.8625030517578125 175.8625030517578125 173.0749969482421875 172.243743896484375 171.9562530517578125 171.868743896484375 169.0437469482421875 166.6999969482421875 164.806243896484375 161.5625 156.818756103515625 152.1062469482421875 147.46875 143.743743896484375 141.1875 137.3625030517578125 133.399993896484375 127.1062469482421875 123.09375 120.3000030517578125 117.05625152587890625 111.6062469482421875 109.4875030517578125 107.41249847412109375 106.9375 106.34999847412109375 106.40625 106.44374847412109375 108.11875152587890625 111.2375030517578125 114.69374847412109375 116.56874847412109375 118.9187469482421875 121.68125152587890625 123.1374969482421875 123.95624542236328125 123.03125
160.8562469482421875 163.225006103515625 169.306243896484375 179.0812530517578125 188.1437530517578125 188.71875 185.1812591552734375 182.8625030517578125 181.75 180.287506103515625 179.787506103515625 178.875 178.243743896484375 174.6999969482421875 170.8000030517578125 168.787506103515625 164.8000030517578125 160.46875 155.9499969482421875 151.96875 148.556243896484375 145.4250030517578125 142.4875030517578125 138.28125 131.868743896484375 126.40625 124.49375152587890625 119.75624847412109375 114.1374969482421875 111.44374847412109375 108.7312469482421875 107.9499969482421875 109.1062469482421875 109.5437469482421875 110.0749969482421875 111.25624847412109375 114.09375 117.7312469482421875 120.1062469482421875 122.96875 126.08750152587890625 126.9250030517578125 128.493743896484375 128.256256103515625
145.306243896484375 148.8249969482421875 161.087493896484375 170.4812469482421875 180.0437469482421875 183.46875 184.868743896484375 187.9250030517578125 189.1999969482421875 189.556243896484375 188.524993896484375 186.9375 183.1750030517578125 180.212493896484375 175.756256103515625 172.368743896484375 168.725006103515625 164.8249969482421875 162.3312530517578125 159.6750030517578125 156.34375 151.5749969482421875 147.193756103515625 142.524993896484375 135.1687469482421875 129.75 126.0124969482421875 119.2687530517578125 114.1062469482421875 112 110.15625 108.28125 108.8937530517578125 109.7687530517578125 110.2062530517578125 113.7375030517578125 117.49375152587890625 120.8562469482421875 123.9187469482421875 125.99375152587890625 128.243743896484375 129.0500030517578125 130.40625 131.0625
145.5187530517578125 145.1062469482421875 149.8249969482421875 159.6062469482421875 173.1999969482421875 179.8625030517578125 183.868743896484375 189.787506103515625 194.5187530517578125 196.274993896484375 195.7937469482421875 191.5437469482421875 188.625 187.056243896484375 182.28125 177.756256103515625 173.068756103515625 169.431243896484375 167.21875 164.056243896484375 162.3125 155.556243896484375 151.756256103515625 146.3937530517578125 138.600006103515625 132.3937530517578125 125.8249969482421875 119.84375 114.09375 111.0749969482421875 109.53749847412109375 106.99375152587890625 107.3249969482421875 109.21875 111.19374847412109375 113.90000152587890625 117.46250152587890625 121.90000152587890625 125.41249847412109375 127.8000030517578125 129.84375 130.1374969482421875 130.568756103515625 132.131256103515625
147.100006103515625 146.3249969482421875 148.5124969482421875 150.3874969482421875 163.868743896484375 177.024993896484375 184.6125030517578125 190.162506103515625 195.1125030517578125 199.3000030517578125 198.625 194.1999969482421875 191.6687469482421875 190.53125 185.3125 182.1374969482421875 177.9812469482421875 174.4375 172.6999969482421875 171.087493896484375 166.337493896484375 160.0124969482421875 154.725006103515625 147.243743896484375 140.193756103515625 132.7624969482421875 125.5625 119.81874847412109375 113.44374847412109375 109.77500152587890625 107.7624969482421875 107.7937469482421875 107.9499969482421875 109.09375 110.1999969482421875 113.78125 117 121.9875030517578125 126.1999969482421875 128.1687469482421875 126.49375152587890625 126.6687469482421875 127.15625 129.3562469482421875
151.212493896484375 151.306243896484375 153.162506103515625 154.881256103515625 162.6374969482421875 170.5187530517578125 180.412506103515625 188.8562469482421875 192.537506103515625 194.8125 196.78125 194.725006103515625 193.6687469482421875 192.225006103515625 188.556243896484375 185.899993896484375 183 181.9875030517578125 180.212493896484375 177.556243896484375 170.850006103515625 163.662506103515625 155.587493896484375 147.2687530517578125 140.4375 133.337493896484375 126.08750152587890625 119.7937469482421875 112.44374847412109375 108.1750030517578125 106.34999847412109375 105.0187530517578125 105.7624969482421875 107.43125152587890625 108.81874847412109375 110.6437530517578125 113.65625 119.5625 125.7062530517578125 124.78125 122.18125152587890625 120.9499969482421875 121.40000152587890625 124.13124847412109375
156.0749969482421875 156.40625 158.493743896484375 163.3562469482421875 171.0124969482421875 179.662506103515625 184.4250030517578125 184.8312530517578125 184.618743896484375 188.25 193.850006103515625 194.2062530517578125 194.3874969482421875 193.1687469482421875 192.1374969482421875 188.5625 186.5 187.5749969482421875 187.28125 182.0500030517578125 175.131256103515625 166.3000030517578125 157.3812408447265625 147.556243896484375 139.6687469482421875 132.2624969482421875 124.1875 116.80625152587890625 110.38124847412109375 106.11875152587890625 103.99375152587890625 102.27500152587890625 102.66249847412109375 104.56874847412109375 104.72499847412109375 105.6875 107.74375152587890625 111.5124969482421875 114.25 113.90000152587890625 111.34999847412109375 109.9875030517578125 110.58750152587890625 112.22499847412109375
162.399993896484375 164.0812530517578125 167.6687469482421875 172.5124969482421875 179.6750030517578125 186.3249969482421875 190.9499969482421875 191.4375 187.7687530517578125 185.837493896484375 190.806243896484375 191.5124969482421875 193.975006103515625 192.6062469482421875 192.443756103515625 190.75 189.6750030517578125 190.6437530517578125 191.3874969482421875 185.618743896484375 175.868743896484375 167.59375 155.7937469482421875 147.631256103515625 138.243743896484375 129.3874969482421875 121.4375 115.00624847412109375 109.6437530517578125 104.9562530517578125 103.2624969482421875 98.97499847412109375 97.0437469482421875 96.03125 95.83750152587890625 97.61875152587890625 99.4250030517578125 100.9250030517578125 101.1999969482421875 100.33750152587890625 97.99375152587890625 96.3874969482421875 96.84375 98.15625
167.162506103515625 170.0187530517578125 174.3937530517578125 179.5124969482421875 187.662506103515625 194.4250030517578125 198.8249969482421875 198.556243896484375 195.9250030517578125 194.6062469482421875 195.2624969482421875 192.875 193.25 193.3249969482421875 192.40625 193.1374969482421875 191.475006103515625 191.7624969482421875 191.9187469482421875 188.6750030517578125 178.806243896484375 167.2375030517578125 154.350006103515625 144.662506103515625 133.7937469482421875 125.1062469482421875 117.9250030517578125 111.8000030517578125 106.74375152587890625 103.0812530517578125 98.88124847412109375 93.9187469482421875 90.9499969482421875 89.88124847412109375 88.9812469482421875 89.3562469482421875 90.40625 90.61875152587890625 89.02500152587890625 87.4499969482421875 85.0749969482421875 83.9812469482421875 81.78749847412109375 82.125
174.2312469482421875 177.4875030517578125 182.1875 187.15625 194.556243896484375 202.943756103515625 207.693756103515625 204.71875 200.4875030517578125 199.0437469482421875 199.59375 197.8312530517578125 194.5812530517578125 192.0625 190.975006103515625 191.4250030517578125 189.693756103515625 189.7312469482421875 189.625 188.0749969482421875 181.537506103515625 169.7062530517578125 155.28125 138.8499908447265625 129.625 124.43125152587890625 117.66249847412109375 110.0749969482421875 103.43125152587890625 99.09999847412109375 94.8000030517578125 89.50624847412109375 86.1062469482421875 83.66249847412109375 81.8937530517578125 81.125 80.9250030517578125 80.0749969482421875 78.8562469482421875 75.93125152587890625 72.47499847412109375 70.65000152587890625 69.94374847412109375 68.33750152587890625
178.118743896484375 181.5437469482421875 186.443756103515625 192.899993896484375 200.0875091552734375 207.600006103515625 213.399993896484375 210.6999969482421875 204.3125 200.306243896484375 200.21875 199.5749969482421875 193.8562469482421875 189.1999969482421875 190.15625 189.21875 187.9812469482421875 185.7624969482421875 185.443756103515625 186.975006103515625 183.475006103515625 171.6312408447265625 155.818756103515625 137.6687469482421875 126.65000152587890625 119.4499969482421875 112.0437469482421875 104.86875152587890625 97.625 93.15625 88.3312530517578125 83.1125030517578125 79.53125 77.4499969482421875 76.3125 75 73.80625152587890625 72.50624847412109375 69.1125030517578125 65.00624847412109375 61.09375 58.71875 57.893749237060546875 56.125
180.506256103515625 183.881256103515625 188.1999969482421875 193.006256103515625 198.7624969482421875 205.056243896484375 208.568756103515625 206.71875 203 199.774993896484375 197.6875 197.787506103515625 194.1374969482421875 185.631256103515625 183.524993896484375 184.03125 182.5124969482421875 180.8625030517578125 180.774993896484375 181.53125 179.4375 169.9562530517578125 154.5625 137.537506103515625 122.46250152587890625 113.7312469482421875 107.47499847412109375 100.9375 94.21250152587890625 88.68125152587890625 82.4250030517578125 76.76250457763671875 73.4812469482421875 70.40000152587890625 68.7687530517578125 68.1750030517578125 68.375 67.65625 65.08750152587890625 58.6875 52.5625 50.981250762939453125 49.262500762939453125 43.706249237060546875
181.399993896484375 184.131256103515625 186.875 190.6875 196.0124969482421875 199.3249969482421875 201.2062530517578125 201.65625 198.40625 196.21875 192.5187530517578125 189.6062469482421875 186.8625030517578125 180.743743896484375 174.881256103515625 175.875 174.712493896484375 172.3125 170.6062469482421875 171.125 168.631256103515625 159.7375030517578125 148.399993896484375 136.399993896484375 123.24375152587890625 112.7062530517578125 105.00624847412109375 97.3125 89.65000152587890625 83.8000030517578125 78.6125030517578125 72.1687469482421875 67.9499969482421875 64.59999847412109375 62.993747711181640625 63.80625152587890625 65.5437469482421875 67.3125 65.6374969482421875 60.34999847412109375 50.15625 44.46875 42.83750152587890625 41.018749237060546875
180.5749969482421875 181.8874969482421875 183.8249969482421875 187.225006103515625 191.9562530517578125 191.78125 194.524993896484375 194.243743896484375 191.1374969482421875 190.1687469482421875 185.28125 181.8625030517578125 178.087493896484375 172.5 165.0124969482421875 162.7624969482421875 162.556243896484375 161.712493896484375 159.0812530517578125 159.431243896484375 157.712493896484375 152.225006103515625 144.65625 136.4937591552734375 127.8625030517578125 117.9499969482421875 107.94374847412109375 97.2937469482421875 87.7624969482421875 81.4812469482421875 73.7937469482421875 67.1750030517578125 63.600002288818359375 59.918750762939453125 56.799999237060546875 59.1875 64.6750030517578125 71.05625152587890625 72.5124969482421875 66.3000030517578125 57.40625 50.418750762939453125 47.21875 43.84999847412109375
177.7624969482421875 178.2312469482421875 180.71875 183.3125 185.556243896484375 187.0187530517578125 187.9250030517578125 187 185.2062530517578125 184.3562469482421875 179.3625030517578125 174.431243896484375 169.681243896484375 164.5625 157.4250030517578125 150.881256103515625 149.9562530517578125 150.9187469482421875 148.850006103515625 149.712493896484375 147.5625 145.743743896484375 143.381256103515625 139.412506103515625 132.587493896484375 121.72499847412109375 109.46250152587890625 98.3125 88.46875 80.3874969482421875 73.8312530517578125 65.8874969482421875 60.806247711181640625 57.53125 53.418750762939453125 58.30625152587890625 67.1062469482421875 74.27500152587890625 78.74375152587890625 74.65000152587890625 67.9812469482421875 59.02500152587890625 51.456249237060546875 45.34999847412109375
172.6437530517578125 173.6999969482421875 176.8249969482421875 179.46875 181.068756103515625 182.556243896484375 182.9375 182.6999969482421875 180.743743896484375 178.350006103515625 174.5187530517578125 169.0562591552734375 162.5187530517578125 156.5124969482421875 151.975006103515625 146.5437469482421875 139.9562530517578125 139.537506103515625 140.25 140.631256103515625 138.6125030517578125 138.6374969482421875 140.875 141.787506103515625 137.493743896484375 124.09375 110.8937530517578125 99.31874847412109375 89.34999847412109375 81.4812469482421875 75.7937469482421875 70.36875152587890625 64.25 59.862499237060546875 60.19374847412109375 63.75624847412109375 70.71250152587890625 82.5 92.0437469482421875 82.93125152587890625 71.28749847412109375 61.44374847412109375 52.049999237060546875 46.512500762939453125
167.943756103515625 169.6125030517578125 171.5500030517578125 174.4562530517578125 177.837493896484375 179.693756103515625 179.5437469482421875 178.568756103515625 177.350006103515625 173.6999969482421875 169.318756103515625 163.712493896484375 156.84375 150.625 145.818756103515625 141.568756103515625 135.8562469482421875 129.1687469482421875 131.8625030517578125 131.625 130.9187469482421875 130.2312469482421875 133.475006103515625 136.6875 134.774993896484375 123.0812530517578125 111.63124847412109375 100.3249969482421875 89.5187530517578125 80.4375 73.84999847412109375 68.4187469482421875 69.4250030517578125 70.58750152587890625 68.125 67.0500030517578125 75.59375 85.4875030517578125 88.65625 81.90000152587890625 68.4812469482421875 58.893749237060546875 50.96875 47.15000152587890625
162.818756103515625 163.993743896484375 165.943756103515625 169.993743896484375 173.287506103515625 175.681243896484375 175.90625 176.8312530517578125 174.774993896484375 170.9250030517578125 165.8874969482421875 159.181243896484375 151.5124969482421875 145.4187469482421875 139.7312469482421875 137.0437469482421875 133.0500030517578125 125.5187530517578125 123.1374969482421875 122.99375152587890625 124.86875152587890625 131.0437469482421875 124.13124847412109375 126.46875 126.86875152587890625 122.40625 113.3562469482421875 101.7062530517578125 92.9375 82.52500152587890625 74.24375152587890625 73.65625 80.21250152587890625 81.4812469482421875 80.2687530517578125 79.0187530517578125 80.8249969482421875 82.59999847412109375 81.21250152587890625 74.0124969482421875 63.46875 55.581249237060546875 49.47499847412109375 46.47499847412109375
156.475006103515625 159.0812530517578125 161.1374969482421875 164.850006103515625 168.8125 172.75 174.6374969482421875 174.6875 174.4437408447265625 170.8874969482421875 166.0812530517578125 160.2624969482421875 153.006256103515625 145.46875 138.34375 133.212493896484375 126.125 124.91249847412109375 121.4499969482421875 123.08750152587890625 120.0500030517578125 118.6875 122.28749847412109375 123.55625152587890625 122.2375030517578125 116.9250030517578125 110.1999969482421875 103.7312469482421875 93.53125 84.3000030517578125 78.53749847412109375 83.58750152587890625 88.6374969482421875 95.93125152587890625 99.84999847412109375 94.31874847412109375 87.75 82.30625152587890625 76.59999847412109375 68.84999847412109375 59.52500152587890625 51.52500152587890625 48.787502288818359375 48.081249237060546875
