data/historical-monthly-weather-data/wc2.1_cruts4.09_10m_prec_1961-04.asc
ncols        51
nrows        45
xllcorner    -63.500000000000
yllcorner    -7.500000000000
cellsize     0.166666666667
NODATA_value -9999
[rows 20 to 39 of 45, columns 0 to 44 of 51]
158 167.068756103515625 178.337493896484375 189.962493896484375 200.9812469482421875 216.024993896484375 231.024993896484375 242.46875 251.006256103515625 256 257.993743896484375 255.4562530517578125 252.600006103515625 251.3562469482421875 247.9562530517578125 246.212493896484375 246.59375 253.037506103515625 262.5 272.162506103515625 290.693756103515625 307.98126220703125 321.26251220703125 325.86248779296875 332.92498779296875 338.59375 337.493743896484375 334.85626220703125 329.881256103515625 324.48126220703125 314.337493896484375 304.98748779296875 290.181243896484375 273.38751220703125 260 277.03125 303.125 324.53125 339.212493896484375 347.51873779296875 350.76251220703125 353.85626220703125 350.837493896484375 349.787506103515625 344.73748779296875
153.75 161.318756103515625 173.649993896484375 189.131256103515625 203.2125091552734375 217.25 232.6687469482421875 246.3937530517578125 255.0625 257.42498779296875 254.9250030517578125 247.2937469482421875 241.90625 240.3249969482421875 241.7312469482421875 241.9187469482421875 245.5625 251.181243896484375 259.67498779296875 268.08123779296875 279.60626220703125 294.20001220703125 309.66876220703125 316.36248779296875 325.149993896484375 337.84375 351.51251220703125 348.01873779296875 341.212493896484375 334.34375 322.39373779296875 309.743743896484375 297.33123779296875 286.64373779296875 282.04998779296875 291.125 310.64373779296875 328.600006103515625 339.131256103515625 344.65625 347.48126220703125 348.3125 344.98748779296875 342.42498779296875 336.95623779296875
150.368743896484375 161.318756103515625 175.0812530517578125 190.9499969482421875 206 220.350006103515625 233.8625030517578125 249.306243896484375 262.475006103515625 259.79998779296875 251.25 239.4250030517578125 231.6062469482421875 231.4250030517578125 235.8000030517578125 240.056243896484375 243.25 247.743743896484375 253.9499969482421875 259.89373779296875 270.35626220703125 282.0625 292.587493896484375 300.85626220703125 314.600006103515625 331.475006103515625 347.67498779296875 348.82501220703125 344.26873779296875 336.193756103515625 326.90625 317.21875 312.04376220703125 307.068756103515625 306.78125 311.181243896484375 323.149993896484375 336.024993896484375 342.59375 343.40625 343.443756103515625 341.29376220703125 337.54376220703125 334.11248779296875 329.42498779296875
149.1125030517578125 160.5187530517578125 175.96875 190.975006103515625 205.912506103515625 219.7687530517578125 234.618743896484375 247.9875030517578125 258.60626220703125 254.787506103515625 245.524993896484375 235.90625 224.256256103515625 227.1750030517578125 233.0187530517578125 237.024993896484375 239.4562530517578125 245.1125030517578125 249.399993896484375 254.837493896484375 262.34375 269.42498779296875 277.399993896484375 287.36248779296875 300.337493896484375 312.068756103515625 324.48126220703125 334.506256103515625 337.243743896484375 337 333.95623779296875 331.774993896484375 330.26251220703125 326.587493896484375 326.868743896484375 329.881256103515625 337.9375 343.399993896484375 344.306243896484375 341.193756103515625 339.225006103515625 335.15625 330.66876220703125 326.03125 323.64373779296875
149.899993896484375 161.6687469482421875 176.59375 192.712493896484375 208.6875 220.90625 232.881256103515625 243.8312530517578125 249.5437469482421875 249.9562530517578125 243.537506103515625 234.9250030517578125 230.6999969482421875 229.40625 232.225006103515625 235.2312469482421875 239.162506103515625 243.8562469482421875 247.431243896484375 249.9250030517578125 254.243743896484375 258.48126220703125 264.368743896484375 271.399993896484375 281.806243896484375 298.243743896484375 312.625 323.79998779296875 332.57501220703125 341.35626220703125 345.48748779296875 348.975006103515625 349.79998779296875 346.024993896484375 342.868743896484375 340.79376220703125 343.943756103515625 343.26873779296875 342.09375 339.48748779296875 335.712493896484375 330.07501220703125 326.28125 320.11248779296875 311.837493896484375
155.412506103515625 166.34375 178.09375 193.431243896484375 207.7937469482421875 218.8249969482421875 229.09375 237.681243896484375 240.3562469482421875 240.318756103515625 239.03125 236.8000030517578125 234.7375030517578125 235.0124969482421875 235.1750030517578125 238.4562530517578125 241.0812530517578125 244.6374969482421875 246.1437530517578125 245.625 249.5 250.100006103515625 251.40625 252.693756103515625 266.381256103515625 285.95001220703125 305.568756103515625 318.45001220703125 332.54376220703125 343.381256103515625 355.29998779296875 365.618743896484375 368.60626220703125 360.631256103515625 351.725006103515625 347.024993896484375 345.618743896484375 342.76251220703125 339.375 336.006256103515625 332.443756103515625 325.443756103515625 319.506256103515625 311.71875 305.912506103515625
159.1687469482421875 166.96875 178.3562469482421875 190.96875 202.2687530517578125 213.0749969482421875 221.6062469482421875 228 231.2624969482421875 235.931243896484375 238.7312469482421875 238.3562469482421875 238.6687469482421875 240.2375030517578125 240.899993896484375 242.9187469482421875 244.631256103515625 246.2937469482421875 248.2937469482421875 248.587493896484375 248.4562530517578125 246.6875 243.71875 243.4499969482421875 259.78125 277.837493896484375 298.225006103515625 312.73126220703125 328.73126220703125 342.20001220703125 358.34375 372.912506103515625 379.13751220703125 367.79998779296875 355.837493896484375 348.225006103515625 344.125 339.587493896484375 334.45623779296875 330.774993896484375 325.600006103515625 320.818756103515625 315.225006103515625 310.04376220703125 310.92498779296875
163.868743896484375 168.9875030517578125 178.03125 187.90625 197.8874969482421875 206.6125030517578125 215.149993896484375 220.2125091552734375 225.8312530517578125 231.9187469482421875 234.7937469482421875 238.024993896484375 240.568756103515625 244.5749969482421875 245.9562530517578125 246.381256103515625 248.4875030517578125 252.4499969482421875 252.7750091552734375 253.899993896484375 253.993743896484375 250.850006103515625 252.318756103515625 252.431243896484375 262.912506103515625 278.46875 294.20001220703125 308.79376220703125 323.274993896484375 337.681243896484375 351.60626220703125 363.96875 367.912506103515625 360.556243896484375 352.58123779296875 344.25 340.193756103515625 335.524993896484375 330.756256103515625 326.42498779296875 322.125 318.681243896484375 314.681243896484375 313.037506103515625 323.26251220703125
167.3312530517578125 170.8000030517578125 177.15625 185.118743896484375 192.506256103515625 198.9875030517578125 206.2624969482421875 213.96875 222.087493896484375 227.881256103515625 233.6125030517578125 238.475006103515625 242.28125 247.774993896484375 251.462493896484375 254.84375 257.65625 258.725006103515625 260.91876220703125 261.26873779296875 261.806243896484375 259.274993896484375 261.193756103515625 263.26251220703125 269.806243896484375 281.85626220703125 294.993743896484375 306.774993896484375 318.86248779296875 331.100006103515625 340.412506103515625 349.11248779296875 349.39373779296875 347.087493896484375 342.568756103515625 336.83123779296875 333.899993896484375 330.36248779296875 326.76873779296875 321.256256103515625 314.59375 312.63751220703125 312.13751220703125 321.26873779296875 333.54376220703125
171.287506103515625 172.506256103515625 176.90625 180.787506103515625 186.6125030517578125 193.524993896484375 200.8874969482421875 209.03125 216.8312530517578125 223.462493896484375 231.15625 237.5500030517578125 245.5437469482421875 252.8312530517578125 257.23748779296875 260.618743896484375 264.03125 268.75 270.068756103515625 268.568756103515625 267.13751220703125 267.975006103515625 271.475006103515625 271.38751220703125 274.506256103515625 283.181243896484375 294.20623779296875 302.131256103515625 311.662506103515625 320.70623779296875 327.868743896484375 332.26251220703125 332.6875 332.774993896484375 331.08123779296875 326.8125 325.34375 322.79376220703125 318.193756103515625 315.88751220703125 313.23126220703125 313.881256103515625 314.36248779296875 324 330.59375
173.84375 172.537506103515625 174.8312530517578125 177.6687469482421875 182.318756103515625 188.34375 196 202.8125 210.9499969482421875 219.5749969482421875 228.625 237.287506103515625 248.350006103515625 255.756256103515625 261.91876220703125 266.75 272.662506103515625 277.875 280.60626220703125 280.1875 278.274993896484375 277.36248779296875 279.024993896484375 275.756256103515625 275.431243896484375 285.25 290.931243896484375 297.73126220703125 304.25 309.306243896484375 314.95001220703125 318.17498779296875 319.92498779296875 320.29376220703125 318.54998779296875 315.899993896484375 312.399993896484375 310.649993896484375 310.243743896484375 309.29376220703125 308.21875 309.45001220703125 312.875 318.6875 326.28125
175.5500030517578125 172.3312530517578125 173.225006103515625 176 178.90625 183.243743896484375 190.287506103515625 196.399993896484375 204.774993896484375 213.725006103515625 224.3312530517578125 236.9375 247.9375 258.1875 265.162506103515625 271.725006103515625 276.118743896484375 282.13751220703125 284.787506103515625 288.243743896484375 287.07501220703125 285.90625 285.006256103515625 281.181243896484375 282.412506103515625 286.54998779296875 288.48126220703125 293.46875 296.26873779296875 300.4375 305.23748779296875 307.556243896484375 306.73126220703125 306.83123779296875 305.79998779296875 303.037506103515625 300.96875 297.51251220703125 297.243743896484375 296.818756103515625 300.475006103515625 304.04376220703125 307.65625 313.65625 321.59375
180.6062469482421875 175.71875 175.725006103515625 176.568756103515625 178.7937469482421875 181.962493896484375 186.0500030517578125 191.8000030517578125 199.2937469482421875 209.25 222.837493896484375 235.0124969482421875 249.0187530517578125 262 269.350006103515625 275.412506103515625 281.618743896484375 287.993743896484375 289.61248779296875 291.67498779296875 292.8125 291.89373779296875 290.08123779296875 286.193756103515625 286.59375 285.76873779296875 286.85626220703125 287.78125 288.993743896484375 292.818756103515625 294.818756103515625 294.899993896484375 293.118743896484375 293.10626220703125 292.1875 290.71875 288.15625 285.58123779296875 283.225006103515625 287.712493896484375 289.48126220703125 292.350006103515625 296.96875 303.712493896484375 311.95623779296875
184.9499969482421875 180.3874969482421875 179.4875030517578125 178.65625 178.618743896484375 181.600006103515625 184.568756103515625 187.6999969482421875 194.412506103515625 204.03125 216.243743896484375 232.3000030517578125 248.8937530517578125 261.493743896484375 270.57501220703125 276.743743896484375 284.131256103515625 290.17498779296875 292.756256103515625 294.743743896484375 295.75 295.51251220703125 294.243743896484375 287.193756103515625 287.006256103515625 284.506256103515625 282.149993896484375 281.006256103515625 281.068756103515625 281.90625 282.70623779296875 283.462493896484375 281.25 280.17498779296875 279.193756103515625 276.943756103515625 274.85626220703125 269.6875 271.54376220703125 274.443756103515625 274.725006103515625 278.53125 283.587493896484375 290.34375 299.26873779296875
188.087493896484375 184.5625 183.475006103515625 180.53125 178.787506103515625 179.868743896484375 181.1687469482421875 183.6437530517578125 188.4437408447265625 196.162506103515625 210.15625 229.368743896484375 249.524993896484375 266.51251220703125 274.9375 281.568756103515625 287.118743896484375 290.318756103515625 295.006256103515625 295.15625 297.78125 296.024993896484375 294.943756103515625 286.037506103515625 283.35626220703125 281.943756103515625 278.54998779296875 274.4375 273.287506103515625 274.225006103515625 273.256256103515625 273.29998779296875 269.368743896484375 268.212493896484375 265.73126220703125 262.399993896484375 258.28125 259.162506103515625 260.15625 260.85626220703125 260.181243896484375 263.70623779296875 268.67498779296875 274 279.70001220703125
193.993743896484375 191.6687469482421875 189.806243896484375 186.725006103515625 183.875 182.8937530517578125 183.1437530517578125 183.368743896484375 185.09375 190.431243896484375 202.3937530517578125 223.6062469482421875 247.443756103515625 265.462493896484375 274.725006103515625 281.79376220703125 287.975006103515625 291.39373779296875 295.162506103515625 297.787506103515625 297.79376220703125 296.66876220703125 291.23748779296875 283.943756103515625 279.14373779296875 276.899993896484375 273.98126220703125 270.756256103515625 268.837493896484375 267.51251220703125 265.756256103515625 263.5625 259.206268310546875 257.96875 253.8874969482421875 248.34375 248.818756103515625 249.5625 249.0124969482421875 249.712493896484375 250.5437469482421875 252.475006103515625 255.09375 259.25 261.83123779296875
200.3812408447265625 199.1687469482421875 196.537506103515625 193.625 190.1062469482421875 188.1125030517578125 187.225006103515625 184.25 182.2312469482421875 183.2312469482421875 196.3125 222.40625 244.056243896484375 259.762481689453125 271.631256103515625 279.975006103515625 284.70001220703125 288.67498779296875 292.86248779296875 293.17498779296875 293.125 290.649993896484375 285.10626220703125 278.850006103515625 273.17498779296875 270.537506103515625 268.84375 266.556243896484375 263.850006103515625 260.806243896484375 259.04998779296875 256.79998779296875 252.024993896484375 247.9375 242.875 239.743743896484375 240.193756103515625 241.5124969482421875 242.2937469482421875 240.34375 240.625 241.0124969482421875 243.287506103515625 245.3000030517578125 247.256256103515625
208.1374969482421875 205.662506103515625 202.212493896484375 199.774993896484375 196.1437530517578125 193.899993896484375 191.2624969482421875 186.71875 184.756256103515625 183.256256103515625 200.7375030517578125 225.875 243.587493896484375 257.42498779296875 268.25 276.96875 280.90625 285.3125 286.125 284.931243896484375 284.037506103515625 280.443756103515625 277.20001220703125 271.42498779296875 265.962493896484375 264.868743896484375 261.243743896484375 260.993743896484375 259.39373779296875 256.524993896484375 252.056243896484375 249.3937530517578125 245.837493896484375 240.4375 233.1875 233.4499969482421875 233.649993896484375 233.1125030517578125 235.056243896484375 233.587493896484375 231.5749969482421875 231.5500030517578125 230.618743896484375 230.212493896484375 231.837493896484375
211.6062469482421875 207.4375 204.7437591552734375 203.318756103515625 201.4187469482421875 198.375 196.53125 194.399993896484375 197.1875 205.9562530517578125 223.931243896484375 237.8874969482421875 247.21875 258.29998779296875 267.48748779296875 273.23748779296875 276.95623779296875 279.274993896484375 276.818756103515625 276.35626220703125 273.73126220703125 269.225006103515625 266.006256103515625 262.85626220703125 259.443756103515625 256.60626220703125 254.806243896484375 254.943756103515625 253.931243896484375 253.03125 250.2062530517578125 245.506256103515625 242.287506103515625 239.037506103515625 236.993743896484375 234.600006103515625 232.6437530517578125 232.568756103515625 231.787506103515625 228.337493896484375 226.6687469482421875 226.850006103515625 224.912506103515625 225.1999969482421875 226.2062530517578125
213.693756103515625 210.399993896484375 208.6437530517578125 208.068756103515625 206.9499969482421875 205.75 203.4499969482421875 205.4875030517578125 210.9375 219.712493896484375 231.4875030517578125 243.537506103515625 251.21875 259.568756103515625 266.568756103515625 270.48126220703125 273.068756103515625 273.8125 269.66876220703125 266.556243896484375 261.993743896484375 259.41876220703125 253.412506103515625 250.5437469482421875 250.8312530517578125 249.6875 249.181243896484375 250.15625 250.131256103515625 249.506256103515625 245.65625 246.118743896484375 245.8937530517578125 243.3125 241.7937469482421875 238.662506103515625 235.3000030517578125 233.912506103515625 231.087493896484375 225.3312530517578125 222.2624969482421875 222.056243896484375 219.1125030517578125 218.7937469482421875 221.0749969482421875
