data/historical-monthly-weather-data/wc2.1_cruts4.09_10m_prec_2004-08.asc
ncols        45
nrows        45
xllcorner    -63.500000000000
yllcorner    -7.500000000000
cellsize     0.166666666667
NODATA_value -9999
[rows 0 to 18 of 45, columns 0 to 43 of 45]
232.03125 237.7062530517578125 238.25 244.149993896484375 251.243743896484375 258.83123779296875 258.89373779296875 261.962493896484375 265.131256103515625 265.375 257.84375 254.006256103515625 253.25 247.3937530517578125 242.056243896484375 231.5875091552734375 224.6062469482421875 215.71875 206.5500030517578125 203.3000030517578125 200.6125030517578125 195.6875 191.15625 186.5749969482421875 180.2312469482421875 174.1875 170.59375 168.90625 159.443756103515625 154.0187530517578125 143.443756103515625 138.056243896484375 133.149993896484375 125.6750030517578125 120.44374847412109375 118.65625 115.96875 115.11875152587890625 116.91249847412109375 117.94374847412109375 119.74375152587890625 123.3000030517578125 124.1750030517578125 124.78125
222.149993896484375 227.0625 234.9375 244.0437469482421875 255.6062469482421875 262.76873779296875 260.48126220703125 263.82501220703125 269.54998779296875 271.25 267.61248779296875 266.54376220703125 260.96875 252.850006103515625 245.1125030517578125 239.024993896484375 228.8625030517578125 218.5625 209.6999969482421875 204.03125 200.9499969482421875 196.087493896484375 191.962493896484375 189.725006103515625 183.693756103515625 176.681243896484375 176 172.118743896484375 162.943756103515625 155.25 148.0124969482421875 141.0625 134.875 128.993743896484375 122.1750030517578125 118.5812530517578125 113.13124847412109375 113.28749847412109375 113.7624969482421875 114.7062530517578125 119.08750152587890625 121.15000152587890625 124.08750152587890625 126.1750030517578125
204.21875 212.9375 225.375 240.506256103515625 255.506256103515625 263.743743896484375 267.15625 271.35626220703125 274.82501220703125 276.100006103515625 276.96875 275.506256103515625 268.693756103515625 257.037506103515625 247.600006103515625 239.493743896484375 230.6999969482421875 220.7062530517578125 212.2937469482421875 204.4562530517578125 204.631256103515625 204.6125030517578125 202.056243896484375 201.806243896484375 194.15625 189.181243896484375 189.6750030517578125 182.306243896484375 172.1125030517578125 164.3625030517578125 153.6374969482421875 145.412506103515625 138.4250030517578125 132.631256103515625 123.5749969482421875 115.9562530517578125 111.18125152587890625 109.7375030517578125 109.34375 111.90625 117.5124969482421875 120.90000152587890625 125.9375 127.6875
187.443756103515625 193.6875 211.431243896484375 231.03125 246.962493896484375 256.818756103515625 265.149993896484375 272.73748779296875 281.98126220703125 284.1875 281.98748779296875 276.90625 271.03125 259.274993896484375 248.725006103515625 238.78125 230.774993896484375 222.8125 215.7375030517578125 214.5625 214.5749969482421875 213.3249969482421875 211.350006103515625 212.181243896484375 206.40625 201.1374969482421875 199.3625030517578125 187.431243896484375 177.65625 169.3000030517578125 158.368743896484375 147.1750030517578125 137.1062469482421875 128.618743896484375 120.0437469482421875 113.66249847412109375 110.5 106.58750152587890625 104.8625030517578125 109.0749969482421875 113.25 119.8312530517578125 125.1875 129.7687530517578125
189.318756103515625 190.625 197.975006103515625 215.118743896484375 236.7624969482421875 247.75 256.600006103515625 272.0625 286.03125 289.51873779296875 285.04376220703125 277.71875 270.875 261.26251220703125 248.962493896484375 239.2937469482421875 229.149993896484375 220.931243896484375 215.1999969482421875 216.774993896484375 222.9187469482421875 219.756256103515625 220.0187530517578125 224.3562469482421875 216.256256103515625 209.568756103515625 202.287506103515625 195.46875 184.90625 171.225006103515625 162.7062530517578125 149.225006103515625 139.6374969482421875 131.006256103515625 121.58124542236328125 112.68125152587890625 106.5812530517578125 102.15625 100.53125 102.96875 109.9375 116.61875152587890625 125.25 130.53125
187.431243896484375 188.9562530517578125 193.787506103515625 197.7312469482421875 216.75 237.78125 250.381256103515625 262.42498779296875 277.493743896484375 281.51873779296875 273.625 266.850006103515625 262.51873779296875 255.0500030517578125 243.7062530517578125 235.7249908447265625 224.725006103515625 216.774993896484375 216.09375 219.4499969482421875 226.125 227.9187469482421875 229.46875 225.0500030517578125 221.243743896484375 215.975006103515625 208.024993896484375 198.743743896484375 189.287506103515625 173.350006103515625 163.568756103515625 153.006256103515625 140.318756103515625 131.28125 119.3000030517578125 112.40625 104.5 97.53749847412109375 97.47499847412109375 101.56874847412109375 105.78125 113.4187469482421875 122.1437530517578125 130.6062469482421875
186.881256103515625 190.7312469482421875 196.0124969482421875 201.1187591552734375 211.681243896484375 222.850006103515625 234.3562469482421875 245.8312530517578125 248.787506103515625 254.1125030517578125 253.975006103515625 251.65625 252.243743896484375 247 240.0437469482421875 232.9250030517578125 223.28125 219.0124969482421875 217.931243896484375 225.0500030517578125 230.2624969482421875 234.28125 236.162506103515625 233.0812530517578125 227.5437469482421875 222.9562530517578125 213.3562469482421875 201.71875 187.618743896484375 176.2937469482421875 164.21875 151.506256103515625 140.8312530517578125 130.5187530517578125 118.88124847412109375 110.15625 100.8625030517578125 94.19374847412109375 94.9375 98.9250030517578125 102.5187530517578125 109.5749969482421875 119.13124847412109375 129.375
187.6062469482421875 189.850006103515625 198.5124969482421875 205.850006103515625 217.850006103515625 228.962493896484375 229.4187469482421875 221.306243896484375 216.5124969482421875 222.625 234.631256103515625 236.681243896484375 238.1062469482421875 236.5124969482421875 233.462493896484375 227.868743896484375 222.256256103515625 220.3312530517578125 220.431243896484375 226.75 235.4250030517578125 240.600006103515625 240.21875 235.71875 233.7062530517578125 225.6750030517578125 213.65625 202.431243896484375 189.693756103515625 173.6750030517578125 164.65625 151.3937530517578125 138.2687530517578125 128.5187530517578125 114.6374969482421875 105.2937469482421875 96.28749847412109375 88.96875 88.4812469482421875 90.72499847412109375 94.78125 102.03749847412109375 110.56874847412109375 118.88124847412109375
189.399993896484375 192.5625 202.28125 207.7375030517578125 216.9375 223.850006103515625 226.0749969482421875 221.25 207.1875 202.7937469482421875 211.9875030517578125 216.125 224.649993896484375 224.756256103515625 224.2062530517578125 221.8625030517578125 222.806243896484375 223.9250030517578125 230.0749969482421875 231.6875 237.431243896484375 244.21875 242.9499969482421875 244.9250030517578125 240.0187530517578125 227.9875030517578125 210.9562530517578125 202.131256103515625 189.6062469482421875 173.5562591552734375 163.8312530517578125 147.4375 132.1875 118.6062469482421875 106.8874969482421875 100.47499847412109375 93.3562469482421875 87.06874847412109375 85.4187469482421875 86.71875 89.0437469482421875 93.05625152587890625 98.1687469482421875 103.47499847412109375
189.649993896484375 193.743743896484375 201.5187530517578125 209.1437530517578125 217.5124969482421875 223.318756103515625 229.25 224.287506103515625 213.1750030517578125 211.787506103515625 212.9187469482421875 209.368743896484375 215.6374969482421875 217.71875 216.850006103515625 218.6125030517578125 219.8249969482421875 226.600006103515625 233.431243896484375 239.3249969482421875 244.7624969482421875 246.3312530517578125 243.9562530517578125 245.006256103515625 238.3625030517578125 225.943756103515625 209.5625 198.256256103515625 183.1125030517578125 166.8937530517578125 153 138.5749969482421875 127.21875 115.9375 105.52500152587890625 98.83750152587890625 91.18125152587890625 84.6062469482421875 83.6437530517578125 83.93125152587890625 84.40000152587890625 85.38124847412109375 87.1437530517578125 87.9187469482421875
193.131256103515625 197.212493896484375 202.1750030517578125 208.350006103515625 217.693756103515625 226.9875030517578125 232.0437469482421875 224.09375 215.5500030517578125 211.149993896484375 213.4562530517578125 210.3249969482421875 209.774993896484375 209.1687469482421875 207.6437530517578125 209.193756103515625 213.899993896484375 224.118743896484375 232.1687469482421875 242.4375 255.506256103515625 256.912506103515625 252.412506103515625 244.381256103515625 242.587493896484375 230.75 214.2312469482421875 198.068756103515625 178.03125 159.431243896484375 147.9250030517578125 134.5124969482421875 125.55625152587890625 114.875 102.7312469482421875 95.3000030517578125 87.99375152587890625 82.7375030517578125 80.4499969482421875 79.00624847412109375 77.6750030517578125 77.4499969482421875 78.59375 77.18125152587890625
193.0812530517578125 197.875 202.631256103515625 210.0187530517578125 219.6999969482421875 228.475006103515625 234.6750030517578125 229.2624969482421875 219.15625 212.8125 212.024993896484375 209.1750030517578125 205.03125 200.556243896484375 205.587493896484375 207 209.8312530517578125 216.6437530517578125 227.6875 242.5187530517578125 257.10626220703125 260.29376220703125 257.86248779296875 251.5 242.975006103515625 219.5812530517578125 201.90625 187.818756103515625 169.9562530517578125 153.71875 140.6750030517578125 130.78125 119.3625030517578125 108.91249847412109375 99.50624847412109375 94.3625030517578125 88.1875 82.25624847412109375 77.21250152587890625 72.875 70.83750152587890625 70 69.30625152587890625 64.5124969482421875
191.1437530517578125 193.649993896484375 199.350006103515625 204.2937469482421875 215.006256103515625 221.40625 222.306243896484375 220.587493896484375 211.587493896484375 206.975006103515625 206.0437469482421875 205.3125 200.0749969482421875 192.0812530517578125 192.375 196.087493896484375 197.506256103515625 207.787506103515625 218.125 228.9875030517578125 245.6875 251.524993896484375 251.3249969482421875 238.5500030517578125 218.34375 199.2687530517578125 189.0812530517578125 177.162506103515625 165.90625 151.1687469482421875 137.056243896484375 125.59999847412109375 117 104.05625152587890625 96.02500152587890625 93.7375030517578125 92.0749969482421875 85.90000152587890625 81.02500152587890625 72.6999969482421875 64.7937469482421875 64.8249969482421875 62.65625 56.893749237060546875
187.4375 187.7624969482421875 191.7624969482421875 198.806243896484375 206.3937530517578125 209.806243896484375 210.587493896484375 211.59375 203.3249969482421875 199.1687469482421875 195.75 192.4562530517578125 190.0749969482421875 184.350006103515625 175.993743896484375 181.5250091552734375 185.068756103515625 193.975006103515625 198.0500030517578125 206.3937530517578125 222.462493896484375 228.899993896484375 229.9499969482421875 221.75 207.4187469482421875 193.787506103515625 183.350006103515625 172.712493896484375 161.7312469482421875 149.3000030517578125 137.475006103515625 123.52500152587890625 114.1062469482421875 102.9375 97.31874847412109375 98.4499969482421875 98.15625 96.80625152587890625 92.0625 80.53125 64.6875 58.768749237060546875 59.081249237060546875 61.206249237060546875
181.6750030517578125 183.975006103515625 186.0812530517578125 190.1624908447265625 197.5 199.943756103515625 200.1125030517578125 198.6125030517578125 191.34375 187.7312469482421875 181.6062469482421875 180.5812530517578125 178.2937469482421875 171.212493896484375 162.412506103515625 161.568756103515625 164.5437469482421875 169.3000030517578125 174.5500030517578125 183.2687530517578125 197.75 206.0625 210.368743896484375 210.131256103515625 204.9375 197.962493896484375 185.40625 172.5625 159.381256103515625 146.4499969482421875 133.006256103515625 121.6125030517578125 112.8562469482421875 104.40625 97.50624847412109375 100.1875 104.33750152587890625 111.31874847412109375 108.75624847412109375 93.53749847412109375 80.84999847412109375 73.2937469482421875 72.34999847412109375 69.3125
173.337493896484375 176.625 180.0124969482421875 183.618743896484375 188.225006103515625 191.8000030517578125 192.0625 187.274993896484375 181.431243896484375 176.868743896484375 171.3874969482421875 167.9875030517578125 163.943756103515625 158.006256103515625 150.556243896484375 142.3625030517578125 143.818756103515625 148.350006103515625 152.587493896484375 161.381256103515625 174.056243896484375 185.4250030517578125 196.693756103515625 204.6374969482421875 205.6999969482421875 200.475006103515625 188.2312469482421875 172.3249969482421875 157.8874969482421875 145.8874969482421875 134.693756103515625 122.9875030517578125 112.41249847412109375 104.1875 99.25624847412109375 109.46250152587890625 117.6875 125.2937469482421875 125.0749969482421875 115.40000152587890625 104.81874847412109375 93.96875 84.6875 75.72499847412109375
168.7624969482421875 172.34375 174.350006103515625 178.2937469482421875 180.0625 183.912506103515625 185.3874969482421875 182.5 174.100006103515625 169.9250030517578125 164.7624969482421875 158.7562408447265625 154.243743896484375 148.0437469482421875 140.181243896484375 132.1062469482421875 124.1875 126.19374847412109375 133.25 142.6125030517578125 151.556243896484375 166.1687469482421875 183.181243896484375 201.131256103515625 209.4812469482421875 203.8874969482421875 186.3562469482421875 170.8125 154.243743896484375 141.2624969482421875 133.1750030517578125 126.34999847412109375 118.91249847412109375 112 118.03125 128.4562530517578125 137.618743896484375 150.337493896484375 153.8937530517578125 137.1437530517578125 120.7624969482421875 104.3312530517578125 89.94374847412109375 81.0625
160.3249969482421875 165.625 169.162506103515625 174.3562469482421875 176.7624969482421875 180.756256103515625 179.0749969482421875 177.056243896484375 169.712493896484375 163.96875 158.6125030517578125 153.3125 145.03125 136.9187469482421875 129.3249969482421875 121 112.96250152587890625 107.50624847412109375 116.375 121.875 132.6999969482421875 147.149993896484375 167.287506103515625 186.0500030517578125 200.7624969482421875 199.84375 186.65625 170.2312469482421875 151.7062530517578125 136.8937530517578125 123.0500030517578125 115.125 123.78125 131.8562469482421875 134.2937469482421875 147.306243896484375 160.056243896484375 168.087493896484375 163.3874969482421875 148.78125 125.09375 109.05625152587890625 94.8625030517578125 85.63750457763671875
151.9375 157.90625 163.118743896484375 169.3125 174.5187530517578125 176.6062469482421875 176.5187530517578125 173.7687530517578125 170.25 165.524993896484375 158.5625 147.3000030517578125 138.9187469482421875 130.975006103515625 120.53749847412109375 113.9812469482421875 105.47499847412109375 97.9499969482421875 99.27500152587890625 106.0124969482421875 122.53749847412109375 148.912506103515625 146.9375 166.8312530517578125 182.4499969482421875 192.84375 185.1062469482421875 167.9375 154 133.306243896484375 118.30625152587890625 117.88124847412109375 130.625 137.2375030517578125 143.318756103515625 156.006256103515625 162.1687469482421875 162.125 158.3562469482421875 142.96875 125.86249542236328125 110.6750030517578125 97.08750152587890625 86.7624969482421875
