data/historical-monthly-weather-data/wc2.1_cruts4.09_10m_prec_1962-04.asc
ncols        45
nrows        45
xllcorner    -63.500000000000
yllcorner    -7.500000000000
cellsize     0.166666666667
NODATA_value -9999
[rows 0 to 19 of 45, columns 0 to 44 of 45]
292.54998779296875 300.09375 297.95001220703125 300.274993896484375 296.95623779296875 286.73748779296875 274.943756103515625 259.11248779296875 247.0749969482421875 239.1999969482421875 234.7687530517578125 232.0749969482421875 228.5500030517578125 223.6999969482421875 221.3562469482421875 220 219.850006103515625 217.837493896484375 218.350006103515625 218.931243896484375 219.4812469482421875 221.056243896484375 222.631256103515625 229.5500030517578125 235.3874969482421875 244.368743896484375 256.08123779296875 270.506256103515625 283.350006103515625 291.681243896484375 299.95623779296875 308.39373779296875 313.962493896484375 321.23748779296875 327.67498779296875 331.13751220703125 331.712493896484375 332.04376220703125 333.10626220703125 331.837493896484375 330.4375 328.82501220703125 324.13751220703125 321.58123779296875 318.587493896484375
303.318756103515625 311.76873779296875 318.787506103515625 324.16876220703125 327.681243896484375 316.28125 302.524993896484375 290.92498779296875 279.76873779296875 270.45001220703125 264.350006103515625 258.98126220703125 253.9250030517578125 248.0812530517578125 242.899993896484375 240.6750030517578125 237.7375030517578125 237.806243896484375 239.149993896484375 239.8874969482421875 240.75 242.03125 245.3937530517578125 251.368743896484375 259.006256103515625 267.46875 278.14373779296875 291.868743896484375 302.58123779296875 311.493743896484375 322.34375 334.056243896484375 340.51873779296875 349.1875 354.837493896484375 357.443756103515625 359.818756103515625 359.95001220703125 359.71875 356.65625 353.493743896484375 351.91876220703125 347.04376220703125 341.837493896484375 337.462493896484375
305.725006103515625 316.9375 323.774993896484375 332.756256103515625 339.29998779296875 332.5 323.96875 316.693756103515625 310.725006103515625 302.14373779296875 293.649993896484375 285.86248779296875 279.875 271.212493896484375 265.04998779296875 261.04376220703125 256.95623779296875 256.306243896484375 255.975006103515625 256.82501220703125 258.95001220703125 261.712493896484375 264.543731689453125 271.587493896484375 281.125 290.681243896484375 302.71875 312.9375 321.71875 332.45001220703125 343.73748779296875 355.037506103515625 364.75 373 377.431243896484375 378.524993896484375 382.26873779296875 383.90625 381.837493896484375 378.40625 374.506256103515625 370.01251220703125 364.33123779296875 359.07501220703125 353.89373779296875
301.85626220703125 313.8125 325.88751220703125 334.01873779296875 341.85626220703125 342.375 340.59375 339.23126220703125 338.76873779296875 334.67498779296875 325.375 314.181243896484375 303.774993896484375 294.85626220703125 287.0625 281.95001220703125 277.51251220703125 275.34375 273.631256103515625 273.79998779296875 277.618743896484375 281.100006103515625 283.53125 292.868743896484375 303.568756103515625 312.91876220703125 325.70623779296875 334.068756103515625 342.381256103515625 355.524993896484375 367.537506103515625 379.381256103515625 386.07501220703125 393.6875 398.20623779296875 401.61248779296875 404.024993896484375 405.181243896484375 404.837493896484375 398.975006103515625 394.162506103515625 390.14373779296875 381.11248779296875 373.10626220703125 368.743743896484375
312.42498779296875 319.25 323.34375 332.524993896484375 344.73126220703125 349.28125 350.85626220703125 355.90625 362.118743896484375 364.649993896484375 353.26873779296875 336.125 324.881256103515625 315.918731689453125 307.15625 300.83123779296875 294.83123779296875 292.01251220703125 289.23748779296875 288.306243896484375 293.75 297.45623779296875 301.25 313.48748779296875 323.07501220703125 333.462493896484375 343.931243896484375 355.65625 366.16876220703125 377.556243896484375 390.368743896484375 399.068756103515625 405.181243896484375 413.337493896484375 419.15625 422.07501220703125 422.90625 424.375 424.40625 418.66876220703125 414.881256103515625 405.64373779296875 396.70623779296875 389.881256103515625 382.98126220703125
314.66876220703125 322.818756103515625 327.39373779296875 329.443756103515625 340.42498779296875 347.51873779296875 350.59375 357.024993896484375 364.54376220703125 371.274993896484375 357.818756103515625 342.381256103515625 332.92498779296875 325.225006103515625 316.3125 310.76873779296875 303.29376220703125 300.45623779296875 300.068756103515625 300.368743896484375 304.993743896484375 309.368743896484375 316.58123779296875 327.431243896484375 338.45623779296875 350.08123779296875 359.837493896484375 370.48748779296875 380.368743896484375 391.39373779296875 403.806243896484375 415.618743896484375 418.39373779296875 425.587493896484375 433.57501220703125 435.60626220703125 439.39373779296875 441.443756103515625 441.39373779296875 438.818756103515625 430.89373779296875 421.48748779296875 413.725006103515625 407.662506103515625 402.087493896484375
318.262481689453125 325.712493896484375 330.243743896484375 331.131256103515625 333.024993896484375 335.743743896484375 339.23748779296875 344.631256103515625 347.88751220703125 348.91876220703125 346.431243896484375 340.53125 337.34375 330.95001220703125 323.943756103515625 319.975006103515625 313.51251220703125 308.149993896484375 306.42498779296875 308.73126220703125 315.64373779296875 322.600006103515625 330.5 339.32501220703125 351.306243896484375 363.868743896484375 374.524993896484375 382.70001220703125 391.6875 403.4375 417.037506103515625 427.88751220703125 432.318756103515625 435.96875 442.88751220703125 445.606231689453125 447.73748779296875 451.63751220703125 455.693756103515625 453.01873779296875 441.42498779296875 433.42498779296875 427.08123779296875 421.45001220703125 417.98748779296875
322.649993896484375 327.17498779296875 329.274993896484375 331.95001220703125 334.037506103515625 333.962493896484375 329.837493896484375 325.13751220703125 320.98748779296875 322.493743896484375 330.9375 335.975006103515625 337.84375 336.087493896484375 331.993743896484375 327.46875 321.337493896484375 316.16876220703125 312.29998779296875 315.556243896484375 325.42498779296875 334.79376220703125 342.712493896484375 352.087493896484375 365.837493896484375 375.83123779296875 385.524993896484375 393.850006103515625 403.118743896484375 415.787506103515625 426.28125 436.868743896484375 441.024993896484375 444.693756103515625 449.63751220703125 448.64373779296875 451.45001220703125 454.16876220703125 455.91876220703125 452.212493896484375 444.618743896484375 439.725006103515625 433.66876220703125 427.068756103515625 421.41876220703125
325.600006103515625 329.98748779296875 331.29998779296875 331.83123779296875 333.21875 330.96875 327.512481689453125 320.875 310.20623779296875 306.537506103515625 319.212493896484375 328.787506103515625 338.40625 338.962493896484375 334.743743896484375 331.412506103515625 327.29376220703125 323.91876220703125 322.537506103515625 323.98748779296875 328.943756103515625 341.32501220703125 349.86248779296875 362.48748779296875 375.568756103515625 383.493743896484375 391.70001220703125 400.618743896484375 409.51251220703125 420.625 431.943756103515625 438.131256103515625 439.6875 439.681243896484375 444.16876220703125 444.42498779296875 447.76251220703125 448.006256103515625 450.006256103515625 446.70623779296875 441.162506103515625 435.5625 432.368743896484375 428.693756103515625 418.5
328.03125 330.04376220703125 331.756256103515625 332.375 332.212493896484375 330.649993896484375 328.443756103515625 322.743743896484375 318.287506103515625 319.21875 327.36248779296875 332.91876220703125 340.01873779296875 341.337493896484375 339.431243896484375 335.4375 332.100006103515625 330.806243896484375 330.13751220703125 334.64373779296875 340.118743896484375 348.868743896484375 357.193756103515625 371.88751220703125 381.21875 386.993743896484375 394.42498779296875 402.731231689453125 412.82501220703125 425.48748779296875 431.412506103515625 433.85626220703125 433.64373779296875 433.443756103515625 436.056243896484375 438.0625 438.162506103515625 438.73126220703125 440.375 440.837493896484375 439.20001220703125 435.125 431.08123779296875 422.75 415.6875
330.53125 332.912506103515625 333.51873779296875 333.28125 331.13751220703125 330.51251220703125 329.67498779296875 326.274993896484375 326.493743896484375 329.881256103515625 337.54376220703125 344.51251220703125 345.26251220703125 345.79998779296875 341.95623779296875 337.506256103515625 335.20623779296875 335.743743896484375 337.649993896484375 341.975006103515625 352.75 360.774993896484375 366.13751220703125 370.04998779296875 383.537506103515625 389.9375 394.33123779296875 401.36248779296875 409.118743896484375 419.931243896484375 424.23748779296875 424.962493896484375 424.83123779296875 424.162506103515625 425.91876220703125 424.149993896484375 423.899993896484375 425.21875 428.725006103515625 430.8125 429.931243896484375 426.66876220703125 426.48748779296875 422.118743896484375 413.774993896484375
330.600006103515625 331.868743896484375 331.96875 335.04998779296875 334.5625 332.399993896484375 333.756256103515625 334.11248779296875 336.962493896484375 341.475006103515625 349.01251220703125 355.96875 351.66876220703125 348.29376220703125 343.649993896484375 339.625 336.61248779296875 337.537506103515625 340.54998779296875 346.181243896484375 356.693756103515625 365.23126220703125 371.756256103515625 379.20001220703125 383.556243896484375 383.79376220703125 387.23126220703125 392.09375 399.54376220703125 406.006256103515625 409.625 410.875 409.037506103515625 408.6875 409.912506103515625 409.60626220703125 411.243743896484375 413.64373779296875 414.13751220703125 413.63751220703125 414.63751220703125 413.88751220703125 413.17498779296875 405.475006103515625 397.225006103515625
331.46875 332.056243896484375 332.53125 334.32501220703125 335.63751220703125 337.67498779296875 337.818756103515625 337.98126220703125 340.868743896484375 348.10626220703125 355.34375 361.381256103515625 357.48748779296875 345.82501220703125 340.568756103515625 338.73126220703125 334.618743896484375 335.70623779296875 340.368743896484375 344.649993896484375 355.58123779296875 362.681243896484375 366.16876220703125 372.506256103515625 368.412506103515625 366.34375 373.57501220703125 378.375 387.024993896484375 391.29376220703125 393.806243896484375 393.850006103515625 391.51873779296875 391.131256103515625 390.899993896484375 393.48748779296875 396.25 399.10626220703125 401.53125 401.649993896484375 396.8125 399.25 396.15625 390.16876220703125 386.850006103515625
331.04998779296875 331.25 330.600006103515625 331.88751220703125 335.36248779296875 337.381256103515625 337.587493896484375 338.89373779296875 343.53125 349.28125 353.10626220703125 353.78125 350.98126220703125 343.087493896484375 334.54376220703125 333.70001220703125 329.70623779296875 328.931243896484375 334.0625 336.881256103515625 346.399993896484375 351.600006103515625 356.28125 356.850006103515625 355.35626220703125 355.006256103515625 360.28125 365.899993896484375 372.625 376.65625 377.98748779296875 378.46875 373.412506103515625 372.681243896484375 374.03125 378.36248779296875 381.9375 387.5 392.78125 391.54998779296875 382.76251220703125 378.256256103515625 382.337493896484375 387.475006103515625 388.412506103515625
328.67498779296875 329.29998779296875 329.51251220703125 331.375 335.568756103515625 337.42498779296875 339.04376220703125 340.337493896484375 342.681243896484375 345.75 348.068756103515625 347.756256103515625 343.38751220703125 336.162506103515625 326.537506103515625 321.774993896484375 319.29376220703125 322.40625 326.524993896484375 329.63751220703125 336.850006103515625 344.125 346.806243896484375 347.04376220703125 346.13751220703125 347.6875 351.774993896484375 357.875 364.57501220703125 366.45623779296875 364.568756103515625 360.60626220703125 359.368743896484375 356.88751220703125 356.693756103515625 360.73748779296875 371.587493896484375 383.15625 389.962493896484375 387.60626220703125 381.26873779296875 380.57501220703125 388.23748779296875 387.70623779296875 384.375
324.26251220703125 324.88751220703125 327.38751220703125 330.88751220703125 334.506256103515625 336.506256103515625 337.962493896484375 339.59375 343.318756103515625 344.48126220703125 344.931243896484375 343.07501220703125 338.51251220703125 329.76873779296875 318.14373779296875 306.756256103515625 308.34375 315.618743896484375 318.475006103515625 322.21875 329.600006103515625 335.01873779296875 337.1875 338.0625 337.23126220703125 340.256256103515625 343.024993896484375 349.86248779296875 356.23748779296875 358.568756103515625 359 354.14373779296875 345.21875 340.4375 337.225006103515625 349.899993896484375 361.95623779296875 375.79376220703125 386.256256103515625 392.399993896484375 391.40625 391.79376220703125 391.64373779296875 386.287506103515625 379.86248779296875
318.337493896484375 320.631256103515625 324.774993896484375 329.29376220703125 332.806243896484375 334.91876220703125 338.399993896484375 340.14373779296875 341.41876220703125 342.524993896484375 341.493743896484375 339.03125 333.087493896484375 324.5625 315.23748779296875 307.006256103515625 300.98126220703125 305.58123779296875 311.23126220703125 316.32501220703125 323.59375 330.243743896484375 332.524993896484375 329.78125 329.34375 331.212493896484375 335.287506103515625 341.76873779296875 349.59375 353.337493896484375 352.91876220703125 348.42498779296875 340.63751220703125 335.04998779296875 338.82501220703125 347.20001220703125 361.056243896484375 377.42498779296875 396.024993896484375 402.25 404.493743896484375 401.17498779296875 392.4375 384.274993896484375 375.337493896484375
310.524993896484375 315.625 320.087493896484375 327.3125 331.53125 334.962493896484375 339.350006103515625 339.79998779296875 340.29998779296875 339.35626220703125 336.587493896484375 333.26873779296875 327.10626220703125 320.5 312.45001220703125 306.03125 299.587493896484375 294.475006103515625 303.149993896484375 308.993743896484375 318.85626220703125 325.006256103515625 327.8125 325.506256103515625 326.20623779296875 328.53125 329.431243896484375 338.868743896484375 348.006256103515625 350.36248779296875 344.912506103515625 331.787506103515625 332.16876220703125 332.875 334.931243896484375 348.13751220703125 362.32501220703125 377.568756103515625 392.76251220703125 405.10626220703125 403.975006103515625 399.024993896484375 390.912506103515625 382.024993896484375 373.6875
301.45623779296875 308.76251220703125 315.95623779296875 322.61248779296875 328.256256103515625 333.39373779296875 337.13751220703125 340.318756103515625 340.875 338.84375 333.67498779296875 326.256256103515625 320.66876220703125 316.506256103515625 306.32501220703125 300.15625 295.04376220703125 291.28125 291.92498779296875 297.725006103515625 313.54998779296875 323.318756103515625 317.58123779296875 320.57501220703125 324.868743896484375 330.89373779296875 335.75 342.60626220703125 352.17498779296875 352.40625 346.5625 335.024993896484375 329.868743896484375 321.618743896484375 322.70001220703125 336.943756103515625 353.243743896484375 368.1875 385.962493896484375 395.26251220703125 400.306243896484375 396.58123779296875 388.16876220703125 379.975006103515625 372.087493896484375
292.01873779296875 301.61248779296875 308.98748779296875 314.868743896484375 323.493743896484375 331.993743896484375 338.26251220703125 339.756256103515625 339.96875 337.537506103515625 330.67498779296875 324.71875 318.63751220703125 312.725006103515625 301.3125 289.662506103515625 282 284.899993896484375 284.90625 289.73126220703125 300.625 308.131256103515625 314.9375 319.34375 324.618743896484375 330.625 337.82501220703125 348.381256103515625 354.60626220703125 350.84375 341.23748779296875 337.08123779296875 326.79998779296875 312.46875 306.181243896484375 320.443756103515625 344.04998779296875 365.36248779296875 380.818756103515625 391.17498779296875 394.60626220703125 391.756256103515625 385.16876220703125 377.756256103515625 366.912506103515625
