data/historical-monthly-weather-data/wc2.1_cruts4.09_10m_prec_1974-09.asc
ncols        45
nrows        45
xllcorner    -63.500000000000
yllcorner    -7.500000000000
cellsize     0.166666666667
NODATA_value -9999
[rows 19 to 37 of 45, columns 0 to 43 of 45]
196.7937469482421875 195.850006103515625 191.8000030517578125 189.3249969482421875 187.131256103515625 184.6875 180.024993896484375 173.787506103515625 168.631256103515625 160.6687469482421875 151.774993896484375 142.431243896484375 132.2687530517578125 122.25 112.5187530517578125 104.81874847412109375 95.99375152587890625 92.30625152587890625 87.1687469482421875 86.2062530517578125 84.49375152587890625 84.38124847412109375 88.1687469482421875 92.3874969482421875 95.15625 94.8249969482421875 93.58750152587890625 92.3125 87.06874847412109375 81.3874969482421875 78.5187530517578125 86.5437469482421875 94.9875030517578125 106.33750152587890625 114.52500152587890625 112.6062469482421875 109.1687469482421875 106.59999847412109375 103.2312469482421875 96.49375152587890625 86.4562530517578125 75.91249847412109375 72.65625 72.21250152587890625
185.399993896484375 186.274993896484375 184.6062469482421875 182.9562530517578125 181.037506103515625 177.7937469482421875 174.71875 170.350006103515625 166.9812469482421875 161.225006103515625 152.9187469482421875 145.006256103515625 134.7937469482421875 123.1999969482421875 114.3562469482421875 104.4875030517578125 95.90000152587890625 89.90625 87.63124847412109375 83.9375 85.02500152587890625 87.05625152587890625 89.0749969482421875 92.96250152587890625 96.9499969482421875 97.66249847412109375 95.72499847412109375 92.625 89.4875030517578125 89.18125152587890625 89.86875152587890625 96.4375 105.7312469482421875 118.78125 133.34375 126.86875152587890625 114.4562530517578125 106.53749847412109375 100.2687530517578125 94.05625152587890625 87.5625 80.7687530517578125 77.2937469482421875 76.21875
176.556243896484375 175.40625 174.287506103515625 173.506256103515625 173.806243896484375 172.8312530517578125 170.1750030517578125 168.1437530517578125 165.8937530517578125 161.568756103515625 154.912506103515625 148.09375 140.1875 129.84375 120.1125030517578125 108.90625 100.18125152587890625 93.5124969482421875 90.5124969482421875 86.72499847412109375 84.875 86.16249847412109375 87.93125152587890625 91.30625152587890625 94.1687469482421875 96.02500152587890625 97.7624969482421875 95.9812469482421875 96.1437530517578125 97.21250152587890625 98.47499847412109375 102.61875152587890625 110.50624847412109375 120.93125152587890625 126.25 122.46875 111.9375 104.7375030517578125 98.5625 94.14374542236328125 90.46875 86.71875 85.2312469482421875 84.18125152587890625
168.9562530517578125 169.712493896484375 167.524993896484375 167.3249969482421875 167.662506103515625 167.225006103515625 166.6437530517578125 165.8562469482421875 166.0812530517578125 162.0437469482421875 158.7624969482421875 153.53125 148.756256103515625 139.493743896484375 126.6062469482421875 114.71250152587890625 104.4375 98.05625152587890625 92.8562469482421875 88.72499847412109375 86.78749847412109375 87.1687469482421875 87.63124847412109375 89.28749847412109375 92.6687469482421875 94.75624847412109375 96.5500030517578125 98.8000030517578125 99.65000152587890625 100.375 102.875 107.27500152587890625 112.3000030517578125 117.1999969482421875 117.9187469482421875 111.9375 105.83750152587890625 100.3874969482421875 96.7062530517578125 95.75 95.7375030517578125 93.55625152587890625 92.5749969482421875 91.75
164.34375 162.681243896484375 161.7937469482421875 160.8312530517578125 160.1875 162.0187530517578125 162.65625 162.21875 162.631256103515625 160.100006103515625 156.9250030517578125 155.34375 154.243743896484375 144.725006103515625 130.618743896484375 118.11875152587890625 108.09999847412109375 101.47499847412109375 96.0812530517578125 90.99375152587890625 88.7312469482421875 87.58750152587890625 88.18125152587890625 89.8625030517578125 92.15625 93.125 94.90000152587890625 97.3937530517578125 100.9375 102.69374847412109375 104.9187469482421875 109.03749847412109375 111.7687530517578125 114.0124969482421875 113.8125 107.56874847412109375 103.85625457763671875 101.7687530517578125 100.0124969482421875 101.53749847412109375 102.34999847412109375 101.21250152587890625 101.63124847412109375 101.5625
161.9562530517578125 158.6687469482421875 156.506256103515625 154.9812469482421875 158.524993896484375 159.524993896484375 159.5812530517578125 159.5124969482421875 159.2375030517578125 158.0187530517578125 155.943756103515625 152.7062530517578125 149.4562530517578125 142.193756103515625 131.1125030517578125 119.8249969482421875 110.81874847412109375 103.6062469482421875 97.71875 93.16249847412109375 90.80625152587890625 88.83750152587890625 89.58750152587890625 91.15000152587890625 91.43125152587890625 93.4375 95.33750152587890625 98.2937469482421875 101.8937530517578125 104.4499969482421875 106.3312530517578125 109.28749847412109375 112.5124969482421875 113.72499847412109375 112.41249847412109375 108.49375152587890625 107.6999969482421875 107.15000152587890625 106.3125 107.83750152587890625 109.2062530517578125 109.90625 111.1750030517578125 114.19374847412109375
163.21875 161.2687530517578125 156.5625 156.056243896484375 156.431243896484375 156.756256103515625 157.350006103515625 156.9875030517578125 156.2687530517578125 155.5437469482421875 152.068756103515625 148.78125 144.5 137.5437469482421875 129.09375 120.15625 111.72499847412109375 105.41249847412109375 99.44374847412109375 94.59375 92 89.58750152587890625 90.08750152587890625 91.6875 92.2062530517578125 93.02500152587890625 96.43125152587890625 100.6374969482421875 103.74375152587890625 106.38124847412109375 108.22499847412109375 111.43125152587890625 112.5124969482421875 113.28125 113.55625152587890625 113.99375152587890625 113.4562530517578125 113.875 115.3125 116.4499969482421875 119.09999847412109375 119.6062469482421875 121.1687469482421875 125.46875
168.71875 164.756256103515625 160.568756103515625 159.25 157.6062469482421875 157.475006103515625 156.625 154.774993896484375 152.225006103515625 151.162506103515625 149.1875 145.787506103515625 140.5749969482421875 134.475006103515625 127.40625 119.8000030517578125 113.41249847412109375 106.5625 100.84375 95.96875 93.4375 90.68125152587890625 90.15625 93.15000152587890625 93.3937530517578125 94.6062469482421875 98.1875 101.47499847412109375 104.91249847412109375 107.28749847412109375 109.15000152587890625 111.1687469482421875 114.4812469482421875 116.11875152587890625 116.4375 118.5625 120.28125 121.18125152587890625 123.21250152587890625 125.4375 127.2687530517578125 128.71875 131.212493896484375 133.3625030517578125
174.443756103515625 170.443756103515625 166.5187530517578125 162.2687530517578125 160.15625 158.15625 156.537506103515625 154.03125 150.399993896484375 149.068756103515625 146.375 142.3937530517578125 137.2687530517578125 132.5437469482421875 125.9375 119.41249847412109375 113.3874969482421875 107.18125152587890625 101.7062530517578125 97.6062469482421875 94.56874847412109375 91.84999847412109375 90.88124847412109375 93.24375152587890625 94.96875 95.96875 99.2687530517578125 102.71875 106.18125152587890625 109.1875 110.1999969482421875 112.3625030517578125 116.6875 118.8562469482421875 120.7624969482421875 123.46250152587890625 127.75 130.7624969482421875 133.287506103515625 135.725006103515625 138.1374969482421875 140.0437469482421875 139.4875030517578125 142.5625
180.9250030517578125 176.2687530517578125 170.1062469482421875 164.625 160.8562469482421875 157.375 154.537506103515625 152.087493896484375 148.8937530517578125 146.375 143.1062469482421875 138.5 134.9187469482421875 129.5 123.56874847412109375 119.65000152587890625 115.80625152587890625 107.5500030517578125 102.03749847412109375 98.25 95.55625152587890625 93.1437530517578125 92.13124847412109375 94.53749847412109375 95.3874969482421875 97.2062530517578125 100.53749847412109375 104.71250152587890625 109.3125 110.8312530517578125 111.3125 113.28125 117.24375152587890625 121.1374969482421875 125.875 129.1875 135.4250030517578125 140.7937469482421875 144.756256103515625 147.34375 146.3312530517578125 145.4250030517578125 147.2375030517578125 151.412506103515625
187.256256103515625 181.912506103515625 173.056243896484375 166.2375030517578125 161.1374969482421875 157.6062469482421875 154.443756103515625 151.375 147.7062530517578125 144.1374969482421875 140.34375 136.9499969482421875 133.037506103515625 128.243743896484375 124.15625 119.40000152587890625 114.5625 108.5124969482421875 102.43125152587890625 98.59375 96.46875 94.78749847412109375 92.9499969482421875 94.5500030517578125 96.6875 99.47499847412109375 102.3249969482421875 105.6875 108.96250152587890625 111.50624847412109375 113.75 116.3937530517578125 120.1875 124.5625 130.2937469482421875 135.28125 142.6437530517578125 150.875 152.693756103515625 158.318756103515625 160.0749969482421875 157.6374969482421875 156.256256103515625 159.1999969482421875
190.0437469482421875 184.587493896484375 177.1125030517578125 168.131256103515625 162.806243896484375 159.25 154.1999969482421875 150.2375030517578125 146.7624969482421875 143.3499908447265625 139.125 135.350006103515625 133.6875 128.6125030517578125 123.9187469482421875 119.15000152587890625 115.68125152587890625 110.09999847412109375 104.18125152587890625 101.06874847412109375 98.6687469482421875 97.2624969482421875 95.65625 96.65000152587890625 98.1999969482421875 100.9812469482421875 103.66249847412109375 106.6062469482421875 109.77500152587890625 111.25 114.9187469482421875 118.5749969482421875 122.625 129.40625 135.8125 140.1374969482421875 148.3625030517578125 158.399993896484375 163.9375 169.618743896484375 171.399993896484375 167.6750030517578125 164.7937469482421875 165.2937469482421875
193.6750030517578125 185.7062530517578125 177.34375 169.693756103515625 165.568756103515625 160.0812530517578125 154.962493896484375 150.5625 147.1687469482421875 142.912506103515625 138.9812469482421875 134.9187469482421875 130.9250030517578125 127.78125 124.71250152587890625 122.1062469482421875 117.84375 112.7624969482421875 108.41249847412109375 106.1062469482421875 103.8125 100.16249847412109375 98.3937530517578125 98.58750152587890625 101.3562469482421875 102.18125152587890625 104.0500030517578125 107.9187469482421875 110.84375 113.0124969482421875 116.8874969482421875 119.78749847412109375 125.0124969482421875 131.943756103515625 138.4812469482421875 143.4875030517578125 151.84375 160.5437469482421875 167.0500030517578125 173.65625 177.975006103515625 174.318756103515625 171.881256103515625 170.5437469482421875
190.25 184.25 175.9187469482421875 169.5749969482421875 165.462493896484375 160.5812530517578125 156.2937469482421875 150.931243896484375 146.9499969482421875 141.8874969482421875 141.212493896484375 135.6750030517578125 132.024993896484375 130.90625 127.8625030517578125 126.00624847412109375 122.6374969482421875 119.5812530517578125 115.61875152587890625 113.1687469482421875 109.6750030517578125 105.6437530517578125 101.9499969482421875 101.93125152587890625 103.75624847412109375 103.7624969482421875 105.4375 108.5812530517578125 111.41249847412109375 115.40000152587890625 118.6374969482421875 122.1875 126.72499847412109375 133.506256103515625 140.899993896484375 145.9875030517578125 152.899993896484375 158.962493896484375 165.1687469482421875 173.149993896484375 177.899993896484375 175.8249969482421875 174.712493896484375 173.0500030517578125
184.3874969482421875 180.6437530517578125 175.1437530517578125 169.7624969482421875 165.256256103515625 160.693756103515625 157.087493896484375 152.1875 146.9250030517578125 143.037506103515625 139.962493896484375 138 134.3625030517578125 130.787506103515625 129.8249969482421875 128.4875030517578125 127.66249847412109375 125.68125152587890625 123.1875 120.75624847412109375 116.59999847412109375 111.2312469482421875 106.5812530517578125 105.06874847412109375 104.99375152587890625 104.52500152587890625 105.9499969482421875 108.7062530517578125 111.00624847412109375 115.11875152587890625 119.50624847412109375 123.7687530517578125 128.6687469482421875 134.6875 141.8625030517578125 149.3249969482421875 153.9875030517578125 158.931243896484375 165.0124969482421875 170.34375 174.399993896484375 176.0500030517578125 177.3312530517578125 176.743743896484375
179.7312469482421875 176.9875030517578125 173.100006103515625 169.90625 166.4187469482421875 161.1750030517578125 158.125 153.5437469482421875 146.9562530517578125 143.087493896484375 141.2937469482421875 140.4875030517578125 137.1999969482421875 133.975006103515625 133.274993896484375 133.068756103515625 132.368743896484375 130.4499969482421875 130.5124969482421875 127.96875 123.86875152587890625 117.6374969482421875 110.88124847412109375 107.9375 105.7062530517578125 105.5437469482421875 107.22499847412109375 108.91249847412109375 110.90000152587890625 114.7937469482421875 119.40000152587890625 123.3937530517578125 128.712493896484375 134.9250030517578125 140.993743896484375 146.431243896484375 152.28125 159.4562530517578125 163.5500030517578125 168.725006103515625 169.84375 170.568756103515625 174.350006103515625 173.975006103515625
172.78125 170 167.71875 165.399993896484375 162.6374969482421875 158.8874969482421875 154.587493896484375 151.9250030517578125 146.5687408447265625 142.306243896484375 141.3874969482421875 140.6062469482421875 139.625 137.9187469482421875 137.024993896484375 136.90625 135.8125 135.4812469482421875 135.9875030517578125 135.46875 129.600006103515625 122.7062530517578125 114.4875030517578125 110.15000152587890625 107.80625152587890625 106.6999969482421875 107.34999847412109375 109.0124969482421875 110.9250030517578125 114.2312469482421875 118.75 123.0500030517578125 127.1687469482421875 132.8874969482421875 138.287506103515625 142.212493896484375 149.681243896484375 155.181243896484375 158.71875 162.5 165.6062469482421875 165.712493896484375 166.837493896484375 167.53125
165.631256103515625 163.868743896484375 161.7312469482421875 159.306243896484375 158.618743896484375 155.631256103515625 152.8000030517578125 150.118743896484375 146.1437530517578125 141.118743896484375 142.056243896484375 146.1999969482421875 145.5812530517578125 143.4187469482421875 142.493743896484375 140.725006103515625 139.6125030517578125 138.2687530517578125 137.9375 136.9875030517578125 132.6374969482421875 124.0812530517578125 116.21250152587890625 111.0749969482421875 108.31874847412109375 107.15000152587890625 107.0187530517578125 107.875 109.59999847412109375 113.19374847412109375 117.15625 121.4875030517578125 126.09999847412109375 131.318756103515625 136.1437530517578125 140.6062469482421875 146.3125 152.0187530517578125 153.9875030517578125 156.149993896484375 158.40625 157.881256103515625 159.743743896484375 161.1875
158.9499969482421875 158.524993896484375 157.1374969482421875 154.712493896484375 154.693756103515625 153.34375 151.7624969482421875 150.537506103515625 148.131256103515625 143.8000030517578125 153.2624969482421875 156.306243896484375 153.1687469482421875 149.462493896484375 147.21875 145.0500030517578125 140.9187469482421875 139.46875 137.15625 134.3187408447265625 130.8562469482421875 123.31874847412109375 116.40625 111.1374969482421875 107.7624969482421875 105.90000152587890625 106.34375 107.3312530517578125 108.81874847412109375 112.3249969482421875 114.38124847412109375 118.125 122.6999969482421875 129.100006103515625 134.181243896484375 135.975006103515625 140.806243896484375 145.412506103515625 149.412506103515625 151.9812469482421875 151.649993896484375 153.7375030517578125 152.3874969482421875 152.306243896484375
