data/historical-monthly-weather-data/wc2.1_cruts4.09_10m_prec_1962-03.asc
ncols        51
nrows        45
xllcorner    -63.500000000000
yllcorner    -7.500000000000
cellsize     0.166666666667
NODATA_value -9999
[rows 20 to 39 of 45, columns 0 to 44 of 51]
217.6687469482421875 228.193756103515625 238.4375 249.1624908447265625 260.54998779296875 271.850006103515625 282.475006103515625 291.29998779296875 297.993743896484375 301.25 301.881256103515625 302.21875 303.01873779296875 305.33123779296875 298.70623779296875 286.82501220703125 276.431243896484375 270.212493896484375 267.70001220703125 265.46875 265.462493896484375 265.756256103515625 265.86248779296875 272.34375 280.48126220703125 289.443756103515625 299.41876220703125 309.34375 318.79998779296875 325.125 325.76251220703125 320.837493896484375 306.774993896484375 288.14373779296875 270.375 291.537506103515625 321.662506103515625 338.88751220703125 346.243743896484375 347.368743896484375 345.1875 341.318756103515625 335.662506103515625 331.08123779296875 328.04376220703125
209.868743896484375 221.1999969482421875 233.381256103515625 245.225006103515625 257.837493896484375 270.8125 283 293.83123779296875 300.96875 301.4375 297.20623779296875 293.01251220703125 289.70001220703125 288.912506103515625 284.98748779296875 278.66876220703125 273.01251220703125 267.88751220703125 264.381256103515625 261.17498779296875 258.5625 257.13751220703125 259.243743896484375 265.368743896484375 274.100006103515625 285.350006103515625 299.181243896484375 309.625 319 324.54998779296875 324.306243896484375 319.762481689453125 308.79376220703125 297.056243896484375 291.475006103515625 304.73126220703125 327.881256103515625 344.4375 351.45001220703125 350.850006103515625 347.15625 343.15625 338.274993896484375 334.03125 331.725006103515625
204.774993896484375 217.431243896484375 229.6062469482421875 242.3874969482421875 255.318756103515625 268.08123779296875 280.475006103515625 294.53125 304.54376220703125 300.837493896484375 292.09375 281.899993896484375 274.04376220703125 272.681243896484375 272.82501220703125 270.65625 267.04376220703125 262.943756103515625 259.03125 255.399993896484375 252.1374969482421875 248.9187469482421875 248.6437530517578125 254.71875 265.806243896484375 279.524993896484375 294.70623779296875 307.256256103515625 316.943756103515625 321.868743896484375 323.46875 324.024993896484375 321.287506103515625 317.41876220703125 321.09375 331.868743896484375 346.625 357.431243896484375 360.16876220703125 356.850006103515625 350.931243896484375 346.08123779296875 341.375 336.337493896484375 334.443756103515625
201.5812530517578125 213.1374969482421875 225.5749969482421875 238.84375 252.0625 264.04998779296875 277.162506103515625 290.774993896484375 299.26251220703125 293.881256103515625 283.25 273.35626220703125 262.34375 262.23126220703125 264.98126220703125 265.131256103515625 263.581268310546875 260.36248779296875 255.1750030517578125 250.4499969482421875 245.943756103515625 241.3125 239.375 245.087493896484375 254.8249969482421875 268.51251220703125 284.70001220703125 300.23748779296875 312.89373779296875 321.76251220703125 328.600006103515625 333.25 335.493743896484375 338.25 345.881256103515625 357.14373779296875 367.681243896484375 370.875 367.88751220703125 362.07501220703125 355.09375 348.3125 342.51873779296875 335.993743896484375 335.96875
202.412506103515625 211.556243896484375 222.1687469482421875 235.3874969482421875 249.6374969482421875 261.08123779296875 271.475006103515625 281.493743896484375 286.61248779296875 284.40625 278.375 269.61248779296875 263.51873779296875 262.125 262.14373779296875 262.95001220703125 261.556243896484375 258.61248779296875 253.8375091552734375 247.056243896484375 240.100006103515625 233.743743896484375 229.399993896484375 232.5187530517578125 243.15625 260.056243896484375 276.625 295.32501220703125 310.64373779296875 324.76873779296875 334.868743896484375 343.024993896484375 349.76873779296875 356.14373779296875 364.068756103515625 369.537506103515625 376.412506103515625 378.024993896484375 372.881256103515625 367.45623779296875 359.79376220703125 351.34375 342.337493896484375 337.21875 333.256256103515625
206.600006103515625 214.59375 222.493743896484375 234.756256103515625 246.712493896484375 256.318756103515625 264.831268310546875 272.431243896484375 275.86248779296875 275.318756103515625 272.35626220703125 268.54376220703125 265.53125 263.818756103515625 263.006256103515625 263.506256103515625 261.475006103515625 258.881256103515625 254.4375 245.712493896484375 238.162506103515625 228.337493896484375 219.875 219.600006103515625 232.3000030517578125 252.53125 273.337493896484375 292.399993896484375 310.618743896484375 327.86248779296875 342.01873779296875 354.73126220703125 364.850006103515625 371.162506103515625 377.0625 379.54376220703125 382.912506103515625 383.40625 378.568756103515625 371.95623779296875 364.306243896484375 353.79376220703125 340.881256103515625 333.681243896484375 330.806243896484375
214.600006103515625 219.0437469482421875 226.193756103515625 235.0625 244.037506103515625 251.8312530517578125 258.15625 263.756256103515625 266.868743896484375 268.662506103515625 268.95001220703125 267.931243896484375 267.131256103515625 267.04998779296875 266.899993896484375 266.725006103515625 266.41876220703125 262.774993896484375 257.306243896484375 249.8625030517578125 240.1062469482421875 228.8000030517578125 216.1687469482421875 213.8874969482421875 230.1875 250.4875030517578125 272.306243896484375 291.556243896484375 310.75 329.118743896484375 345.912506103515625 362.95001220703125 376.600006103515625 381.8125 386.137481689453125 388.16876220703125 391.15625 391.04998779296875 386.45623779296875 380.506256103515625 371.03125 358.26873779296875 342.850006103515625 332.57501220703125 337.21875
223.8562469482421875 226.0124969482421875 230.975006103515625 237.0812530517578125 242.287506103515625 247.818756103515625 253.975006103515625 258.318756103515625 261.48126220703125 264.193756103515625 265.39373779296875 266.34375 268.024993896484375 269.79998779296875 270.368743896484375 270.524993896484375 271.07501220703125 269.54376220703125 264.67498779296875 257.66876220703125 248.274993896484375 236.649993896484375 228.412506103515625 228.212493896484375 239.5625 256.65625 276.1875 295.431243896484375 313.79376220703125 330.568756103515625 347.056243896484375 363.256256103515625 377.60626220703125 384.631256103515625 390.693756103515625 393.8125 395.34375 397.20623779296875 394.03125 390.193756103515625 384.375 369.024993896484375 348.51873779296875 336.51873779296875 350.64373779296875
232.3562469482421875 232.931243896484375 235.6125030517578125 238.3937530517578125 242.5749969482421875 246.2062530517578125 249.5500030517578125 253.118743896484375 256.86248779296875 259.743743896484375 262.756256103515625 265.63751220703125 268.78125 272.537506103515625 274.975006103515625 277.10626220703125 279.83123779296875 279.10626220703125 275.837493896484375 270.03125 261.131256103515625 250.631256103515625 244.2687530517578125 244.2312469482421875 253.2937469482421875 265.98126220703125 282.618743896484375 300.38751220703125 317.59375 333.306243896484375 347.16876220703125 361.243743896484375 375.70623779296875 385.76873779296875 394.26251220703125 398.26251220703125 399.743743896484375 402.20001220703125 399.881256103515625 395.912506103515625 394.54998779296875 378.45001220703125 357.45001220703125 353.17498779296875 370.25
240.431243896484375 239.243743896484375 239.649993896484375 240.3937530517578125 242.399993896484375 243.8312530517578125 246.475006103515625 249.40625 253.3249969482421875 256.45623779296875 260.14373779296875 265.3125 271.037506103515625 276.51873779296875 280.375 284.056243896484375 287.92498779296875 292.087493896484375 290.881256103515625 283.20001220703125 273.850006103515625 264.63751220703125 258.256256103515625 259.10626220703125 265.45623779296875 276.068756103515625 290.493743896484375 305.443756103515625 320.04998779296875 333.712493896484375 346.84375 358.962493896484375 373.01873779296875 386.65625 397.600006103515625 401.95001220703125 404.543731689453125 408.73748779296875 402.95001220703125 399.10626220703125 398.85626220703125 393.23126220703125 382.212493896484375 384.056243896484375 392.618743896484375
246.34375 243.368743896484375 241.975006103515625 241.7937469482421875 242.4187469482421875 242.2375030517578125 244.631256103515625 246.7062530517578125 250.274993896484375 253.8249969482421875 258.25 264.225006103515625 271.60626220703125 277.98748779296875 283.71875 289.79376220703125 297.23748779296875 302.76251220703125 305.412506103515625 297.443756103515625 287.493743896484375 277.256256103515625 271.506256103515625 271.90625 276.26873779296875 286.17498779296875 297.45001220703125 309.20623779296875 322.356231689453125 334.53125 346.76251220703125 359.45001220703125 373.98748779296875 388.556243896484375 401.20623779296875 405.38751220703125 409.375 415.149993896484375 408.25 397.100006103515625 400.07501220703125 406.381256103515625 407.600006103515625 411.85626220703125 420.85626220703125
250.256256103515625 245.9375 243.1374969482421875 241.5500030517578125 241.21875 240.4375 242.243743896484375 243.2312469482421875 246.5687408447265625 250.381256103515625 255.1750030517578125 262.050018310546875 269.850006103515625 278.76873779296875 286.850006103515625 295.15625 301.58123779296875 307.01873779296875 309.86248779296875 306.11248779296875 296.412506103515625 288.09375 281.3125 281.149993896484375 286.743743896484375 293.98126220703125 302.4375 313.42498779296875 323.412506103515625 335.53125 347.806243896484375 360.243743896484375 374.3125 389.631256103515625 403.48126220703125 409.212493896484375 416.3125 421.98126220703125 412.962493896484375 407.10626220703125 415.79376220703125 428.662506103515625 436.5 448.893768310546875 462.16876220703125
252.28125 248.0812530517578125 244.524993896484375 242.0625 240.125 239.7375030517578125 239.931243896484375 239.9562530517578125 242.2062530517578125 246.600006103515625 253.818756103515625 260.91876220703125 270.35626220703125 282.212493896484375 290.88751220703125 298.962493896484375 304.975006103515625 310.5 312.181243896484375 310.07501220703125 303.443756103515625 295.806243896484375 288.693756103515625 289.45001220703125 293.337493896484375 298.65625 305.70001220703125 314.931243896484375 325.118743896484375 336.725006103515625 348.975006103515625 361.70001220703125 377.33123779296875 393.462493896484375 407.181243896484375 416.96875 425.76251220703125 431.756256103515625 427.23748779296875 433.33123779296875 444.837493896484375 459.26251220703125 473.412506103515625 490.29998779296875 516.4625244140625
253.693756103515625 249.40625 246.5437469482421875 243.618743896484375 240.962493896484375 239.125 237.8000030517578125 236.9812469482421875 238.5 242.431243896484375 249.6062469482421875 259.881256103515625 271.13751220703125 282.375 291.181243896484375 300.649993896484375 308.774993896484375 313.493743896484375 313.912506103515625 312.475006103515625 307.95001220703125 300.98126220703125 295.32501220703125 294.45001220703125 297.181243896484375 300.375 307.350006103515625 315.14373779296875 325.975006103515625 337.375 349.04376220703125 363.46875 380.82501220703125 397.524993896484375 414.16876220703125 425.600006103515625 435.212493896484375 442.375 447.96875 458.806243896484375 471.125 487.712493896484375 508.756256103515625 530.51873779296875 561.89373779296875
255.3625030517578125 251.7312469482421875 248.8312530517578125 245.162506103515625 240.6687469482421875 238.4187469482421875 235.6374969482421875 234.4812469482421875 234.25 236.84375 244.9812469482421875 257.818756103515625 271.73126220703125 284.14373779296875 294.681243896484375 303.26251220703125 311.6875 315.787506103515625 316.29376220703125 314.95001220703125 311.41876220703125 304.587493896484375 298.78125 296.899993896484375 298.86248779296875 301.568756103515625 307.118743896484375 315.23126220703125 324.17498779296875 336.88751220703125 350.681243896484375 365.868743896484375 383.662506103515625 402.162506103515625 418.975006103515625 430.58123779296875 441.725006103515625 456.40625 467.493743896484375 480.1875 494.943756103515625 511.037506103515625 533.17498779296875 557.4124755859375 584.6937255859375
259.17498779296875 255.0187530517578125 251.5500030517578125 247.625 243.2062530517578125 239.8249969482421875 236.8937530517578125 233.4749908447265625 231.181243896484375 233.1437530517578125 241.100006103515625 255.368743896484375 272.100006103515625 286.818756103515625 297.162506103515625 306.33123779296875 313.568756103515625 316.962493896484375 318.41876220703125 318.10626220703125 313.837493896484375 306.63751220703125 299.850006103515625 297.95001220703125 298.41876220703125 299.79376220703125 304.79376220703125 312.66876220703125 321.4375 334.774993896484375 350.431243896484375 366.32501220703125 383.631256103515625 403.681243896484375 421.20623779296875 433.162506103515625 448.38751220703125 464.006256103515625 474.287506103515625 489.01251220703125 505.95001220703125 521.9437255859375 540.8125 565.59375 586.85626220703125
262.21875 258.524993896484375 255.1875 250.9499969482421875 246.962493896484375 243.6437530517578125 239.600006103515625 235.243743896484375 230.587493896484375 228.3562469482421875 238.600006103515625 258.4375 276.15625 289.64373779296875 300.48126220703125 308.556243896484375 314.693756103515625 317.45001220703125 319.3125 317.287506103515625 313.20623779296875 306.100006103515625 299.57501220703125 295.806243896484375 294.899993896484375 295.73126220703125 300.63751220703125 309.03125 317.45623779296875 332.51873779296875 349.006256103515625 365.850006103515625 385.39373779296875 406.32501220703125 424.056243896484375 438.41876220703125 454.587493896484375 471.15625 482.631256103515625 494.381256103515625 509.149993896484375 524.9375 544.0062255859375 566.9437255859375 586.1875
265.45001220703125 262.4375 258.76873779296875 255 252.0437469482421875 249.162506103515625 245.3000030517578125 240.25 236.5625 232.2687530517578125 249.375 270.07501220703125 283.787506103515625 295.33123779296875 303.75 311.04998779296875 315.037506103515625 316.73126220703125 316.95001220703125 313.78125 307.98126220703125 301.475006103515625 296.67498779296875 292.131256103515625 290.60626220703125 291.381256103515625 296.024993896484375 304.84375 314.03125 329.82501220703125 346.36248779296875 363.818756103515625 384.17498779296875 406.23748779296875 424.006256103515625 440.98748779296875 457.649993896484375 472.181243896484375 485.79376220703125 499.068756103515625 510.131256103515625 526.48126220703125 542.10626220703125 557.40625 574.73748779296875
265.73748779296875 263.462493896484375 261.306243896484375 258.95623779296875 257.100006103515625 254.556243896484375 253.1374969482421875 250.931243896484375 252.556243896484375 261.64373779296875 281.237518310546875 289.85626220703125 296.01251220703125 303.34375 309.600006103515625 314.40625 316.462493896484375 315.84375 313.38751220703125 308.443756103515625 300.83123779296875 294.35626220703125 289.70623779296875 286.32501220703125 285.45623779296875 287.10626220703125 292.51251220703125 300.375 309.71875 325.04998779296875 342.024993896484375 357.681243896484375 376.043731689453125 396.95623779296875 418.068756103515625 432.98748779296875 447.67498779296875 463.568756103515625 474.26873779296875 484.256256103515625 494.29998779296875 509.36248779296875 521.54998779296875 535.09375 546.67498779296875
266.162506103515625 264.875 264.03125 262.51251220703125 262.46875 263.149993896484375 262.75 265.23748779296875 270.40625 279.60626220703125 292 301.45001220703125 307.600006103515625 312.20623779296875 316.756256103515625 318.850006103515625 318.806243896484375 315.58123779296875 309.875 303.618743896484375 294.48126220703125 287.337493896484375 281.32501220703125 278.462493896484375 279.4375 282.10626220703125 287.318756103515625 295.66876220703125 304.71875 318.743743896484375 333.475006103515625 351.125 371.26873779296875 389.79998779296875 408.95001220703125 424.125 436.625 450.4375 461.60626220703125 467.681243896484375 474.850006103515625 487.318756103515625 497.4375 507.25 515.75
