data/historical-monthly-weather-data/wc2.1_cruts4.09_10m_prec_1953-02.asc
ncols        45
nrows        45
xllcorner    -63.500000000000
yllcorner    -7.500000000000
cellsize     0.166666666667
NODATA_value -9999
[rows 20 to 39 of 45, columns 0 to 44 of 45]
266.4375 264.17498779296875 268.4375 274.23126220703125 283.5625 296.743743896484375 311.787506103515625 327.274993896484375 342.5 356.712493896484375 370.024993896484375 387.98126220703125 408.26873779296875 427.600006103515625 422.34375 404.899993896484375 390.60626220703125 381.068756103515625 381.45623779296875 382.82501220703125 385.95001220703125 387.649993896484375 387.38751220703125 387.16876220703125 387.70001220703125 389.462493896484375 392.681243896484375 395.899993896484375 400.20623779296875 401.57501220703125 393.76251220703125 377.5 350.899993896484375 318.60626220703125 288.89373779296875 304.162506103515625 335.850006103515625 359.41876220703125 371.006256103515625 372.681243896484375 366.524993896484375 357.89373779296875 350.0625 341.787506103515625 333.35626220703125
259.98748779296875 259.64373779296875 265.524993896484375 274.38751220703125 284.13751220703125 298.95001220703125 315.20623779296875 331.899993896484375 347.181243896484375 358.600006103515625 367.48748779296875 377.98748779296875 389.51251220703125 399.26251220703125 402.66876220703125 397.11248779296875 389.95001220703125 384.20623779296875 382.57501220703125 383.08123779296875 380.92498779296875 380.212493896484375 382.11248779296875 381.818756103515625 383.54376220703125 387.70001220703125 393.193756103515625 397.84375 404.10626220703125 407.36248779296875 403.75 388.875 366.76251220703125 344.01251220703125 328.556243896484375 336.75 358.03125 373.96875 378.943756103515625 376.681243896484375 370.475006103515625 362.73126220703125 354.33123779296875 345.20623779296875 337.07501220703125
257.462493896484375 259.256256103515625 265.193756103515625 274.725006103515625 284.95001220703125 301.681243896484375 317.431243896484375 335.337493896484375 351.29998779296875 358.274993896484375 361.149993896484375 363.73126220703125 366.61248779296875 373.42498779296875 383.087493896484375 386.38751220703125 385.01873779296875 382.88751220703125 380.743743896484375 378.462493896484375 375.38751220703125 372.29998779296875 371.54998779296875 371.46875 375.67498779296875 382.65625 389.32501220703125 396.09375 405.087493896484375 411.181243896484375 412.36248779296875 406.25 388.61248779296875 374.8125 372.79998779296875 381.42498779296875 391.98126220703125 397.16876220703125 393.625 384.07501220703125 374.912506103515625 366.67498779296875 357.756256103515625 348.625 340.8125
259.41876220703125 262.07501220703125 267.95001220703125 275.193756103515625 284.899993896484375 301.48748779296875 318.5 334.59375 348.88751220703125 352.90625 353.53125 352.524993896484375 347.568756103515625 356.056243896484375 368.818756103515625 375.61248779296875 377.90625 378.806243896484375 377.149993896484375 373.875 368.625 363.57501220703125 360.681243896484375 360.95623779296875 366.26251220703125 372.15625 381.76251220703125 391.393768310546875 400.79376220703125 409.0625 413.20001220703125 410.850006103515625 402.01251220703125 397.475006103515625 403.318756103515625 415.524993896484375 421.350006103515625 416.037506103515625 404.90625 391.556243896484375 380.40625 370.14373779296875 361.01251220703125 352.649993896484375 346.53125
266.48748779296875 268.29998779296875 272.59375 279.01251220703125 288.42498779296875 302.381256103515625 318.068756103515625 332.35626220703125 342.33123779296875 347.318756103515625 348.66876220703125 348.100006103515625 347.681243896484375 352.65625 361.524993896484375 369.57501220703125 374.90625 376.225006103515625 374.712493896484375 370.743743896484375 364.256256103515625 356.024993896484375 349.587493896484375 348.412506103515625 353.07501220703125 364.631256103515625 374.087493896484375 385.743743896484375 395.45001220703125 402.899993896484375 406.087493896484375 404.899993896484375 405.243743896484375 408.3125 416.60626220703125 423.287506103515625 426.524993896484375 420.9375 408.537506103515625 394.912506103515625 383.181243896484375 372.431243896484375 363.818756103515625 357.51251220703125 350.274993896484375
279.38751220703125 280.537506103515625 281.5625 285.787506103515625 292.79998779296875 305.399993896484375 317.993743896484375 330.162506103515625 338.506256103515625 343.6875 346.11248779296875 347.64373779296875 350 352.78125 360.83123779296875 367.82501220703125 373.51251220703125 374.931243896484375 374.587493896484375 370.287506103515625 361.48748779296875 349.45623779296875 338.67498779296875 333.86248779296875 342.618743896484375 356.73748779296875 370.26251220703125 380.337493896484375 390.181243896484375 395.193756103515625 397.09375 397.32501220703125 402.45001220703125 409.881256103515625 419.01873779296875 423.26251220703125 424.912506103515625 421.5 407.76873779296875 394.90625 383.65625 373.42498779296875 364.25 358.40625 354.3125
287.70001220703125 286.54376220703125 286.662506103515625 290.88751220703125 295.90625 305.54998779296875 316.79998779296875 325.79376220703125 333.48126220703125 339.95623779296875 344.51251220703125 346.931243896484375 350.087493896484375 353.681243896484375 360.86248779296875 368.875 374.350006103515625 376.29998779296875 375.418731689453125 370.625 360.42498779296875 347.73126220703125 333.32501220703125 325.79998779296875 338.45001220703125 353.29998779296875 365.625 375.243743896484375 382.743743896484375 387.068756103515625 389.506256103515625 389.0625 397.0625 409.98126220703125 418.712493896484375 422.96875 424.618743896484375 420.837493896484375 408.912506103515625 395.91876220703125 384.199981689453125 373.125 363.26251220703125 356.681243896484375 356.86248779296875
295.350006103515625 290.962493896484375 291.662506103515625 294.78125 298.431243896484375 305.412506103515625 315.256256103515625 324.568756103515625 331.53125 338.600006103515625 343.225006103515625 346.07501220703125 348.962493896484375 352.493743896484375 360.59375 369.48748779296875 375.3125 379.45623779296875 378.5625 375.04998779296875 366.0625 353.98126220703125 344.41876220703125 338.818756103515625 344.475006103515625 355.837493896484375 365.181243896484375 372.806243896484375 378.23126220703125 381.899993896484375 383.70001220703125 384.931243896484375 396.89373779296875 408.5 418.20001220703125 422.8125 422.84375 421.35626220703125 409.149993896484375 395.556243896484375 383.73126220703125 373.28125 363.17498779296875 357.73748779296875 361.67498779296875
300.9375 295.287506103515625 295.11248779296875 297.774993896484375 301.318756103515625 306.79998779296875 314.88751220703125 322.70001220703125 330.006256103515625 337.29376220703125 342.36248779296875 345.068756103515625 347.34375 352.1875 361.399993896484375 372.037506103515625 380.243743896484375 383.681243896484375 385.5625 382.40625 375.024993896484375 364.28125 358.29376220703125 354 354.712493896484375 360.71875 367.48748779296875 372.443756103515625 377.48126220703125 380.1875 380.17498779296875 382.5 394.20001220703125 407.07501220703125 418.90625 422.15625 424.162506103515625 423.537506103515625 413.59375 398.70001220703125 383.58123779296875 372.149993896484375 365.493743896484375 364.35626220703125 371.07501220703125
305.70623779296875 298.75 298.01873779296875 299.20623779296875 302.67498779296875 307.42498779296875 313.42498779296875 319.90625 325.943756103515625 333.28125 339.212493896484375 343.70623779296875 347.45623779296875 353.443756103515625 363.399993896484375 372.381256103515625 381.662506103515625 388.8125 392.068756103515625 388.98748779296875 381.225006103515625 373.212493896484375 368.40625 363.287506103515625 361.63751220703125 364.75 368.381256103515625 370.57501220703125 373.5625 375.850006103515625 378.431243896484375 382.118743896484375 393.306243896484375 406.98126220703125 418.350006103515625 423.543731689453125 425.58123779296875 427.40625 417.149993896484375 404.04376220703125 395.3125 387.96875 381.943756103515625 383.087493896484375 383.79998779296875
307.53125 300.85626220703125 298.46875 299.38751220703125 301.368743896484375 305.95623779296875 311.037506103515625 316.95623779296875 322.59375 329 337.08123779296875 343.48748779296875 349.58123779296875 354.83123779296875 363.587493896484375 373.48748779296875 383.225006103515625 392.11248779296875 398.162506103515625 395.54998779296875 387.774993896484375 379.662506103515625 374.4375 368.79376220703125 366.006256103515625 367.38751220703125 368.337493896484375 369 370.1875 373.08123779296875 376.787506103515625 382.068756103515625 395.368743896484375 409.725006103515625 422.15625 426.11248779296875 430 434.28125 425.29998779296875 413.09375 407.76251220703125 405.787506103515625 402.8125 400.725006103515625 401.6875
305.350006103515625 299.63751220703125 297.65625 298.53125 299.51873779296875 302.82501220703125 307.625 311.66876220703125 316.92498779296875 324.51873779296875 332.63751220703125 340.79998779296875 348.73748779296875 356.181243896484375 364.60626220703125 374.756256103515625 381.087493896484375 389.056243896484375 395.07501220703125 395.75 389.725006103515625 383.587493896484375 377.58123779296875 372.149993896484375 369.35626220703125 368.76873779296875 367.39373779296875 366.462493896484375 366.66876220703125 371.65625 376.962493896484375 383.07501220703125 397.131256103515625 411.67498779296875 425.1875 430.70001220703125 436.28125 440.60626220703125 433.006256103515625 427.662506103515625 428.212493896484375 428.306243896484375 426.806243896484375 427.09375 430.506256103515625
303.83123779296875 299.618743896484375 298.01873779296875 297.5625 296.868743896484375 298.943756103515625 301.38751220703125 304.725006103515625 310.36248779296875 318.287506103515625 328.54376220703125 337.8125 348.70001220703125 358.375 366.04998779296875 372.318756103515625 376.61248779296875 384.51251220703125 388.54998779296875 390.13751220703125 386.58123779296875 380.92498779296875 375.725006103515625 369.931243896484375 367.13751220703125 365.9375 363.375 362.51251220703125 362.35626220703125 367.82501220703125 375.38751220703125 382.600006103515625 396.462493896484375 412.63751220703125 427.79998779296875 436.16876220703125 442.743743896484375 446.46875 442.54998779296875 445.787506103515625 449.78125 452.475006103515625 455.70001220703125 460.962493896484375 473.618743896484375
303.1875 299.32501220703125 297.037506103515625 296.16876220703125 294.274993896484375 294.118743896484375 295.20001220703125 297.57501220703125 301.181243896484375 309.0625 320.287506103515625 333.443756103515625 348.112518310546875 359.20001220703125 365.66876220703125 369.73126220703125 372.024993896484375 378.14373779296875 381.774993896484375 383.57501220703125 379.85626220703125 374.48126220703125 370.493743896484375 364.806243896484375 362.125 360.5625 357.881256103515625 356.024993896484375 356.375 364.243743896484375 373.649993896484375 382.79376220703125 398.73126220703125 415.09375 429.59375 440.006256103515625 447.63751220703125 453.40625 455.181243896484375 461.70001220703125 467.9375 474.64373779296875 485.087493896484375 495.568756103515625 511.381256103515625
302.0625 299.70623779296875 296.95001220703125 293.8125 291.568756103515625 290.193756103515625 288.625 288.693756103515625 290.60626220703125 297.32501220703125 310.681243896484375 328.993743896484375 348.012481689453125 361.26251220703125 365.36248779296875 366.79998779296875 366.024993896484375 370.23126220703125 374.493743896484375 375.287506103515625 372.90625 367.04376220703125 362.67498779296875 356.51873779296875 354.412506103515625 352.006256103515625 350.212493896484375 349.100006103515625 349.806243896484375 359.79998779296875 370.23748779296875 383.037506103515625 399.524993896484375 417.08123779296875 432.20001220703125 442.28125 450.20623779296875 461.45001220703125 467.931243896484375 474.29376220703125 483.306243896484375 491.26873779296875 503.82501220703125 517.5 531.65625
300.86248779296875 299.29998779296875 296.118743896484375 291.98748779296875 288.5625 286.8125 283.84375 281.556243896484375 281.024993896484375 286.04376220703125 300.54998779296875 321.506256103515625 343.306243896484375 358.01251220703125 361.14373779296875 361.13751220703125 360.11248779296875 362.912506103515625 364.20001220703125 365.381256103515625 362.131256103515625 357.568756103515625 352.193756103515625 347.13751220703125 343.64373779296875 341.38751220703125 340.212493896484375 341.20623779296875 342.631256103515625 353.149993896484375 365.88751220703125 379.91876220703125 397.850006103515625 416.10626220703125 430.274993896484375 439.693756103515625 452.08123779296875 461.537506103515625 467.943756103515625 477.256256103515625 488.75 496.13751220703125 506.556243896484375 521.32501220703125 532.17498779296875
301.01251220703125 299.61248779296875 295.375 292.66876220703125 288.537506103515625 285.54998779296875 281.48748779296875 277.225006103515625 273.48748779296875 271.131256103515625 290.04998779296875 318.60626220703125 338.89373779296875 350.79376220703125 354.5 353.6875 352.006256103515625 353.61248779296875 355.23126220703125 354.431243896484375 350.04998779296875 344.600006103515625 339.40625 334.51251220703125 330.76251220703125 329.17498779296875 329.006256103515625 330.375 333.70623779296875 345.493743896484375 359.57501220703125 374.64373779296875 394.181243896484375 412.9375 428.662506103515625 440.98748779296875 451.162506103515625 460.64373779296875 467.88751220703125 476.29998779296875 485.850006103515625 494.54376220703125 505.32501220703125 518.91876220703125 528.92498779296875
302.01251220703125 300.868743896484375 296.89373779296875 293.524993896484375 290.056243896484375 286.26873779296875 282.1875 277.993743896484375 275.53125 270.681243896484375 299.51251220703125 328.462493896484375 340.61248779296875 346.587493896484375 348.54998779296875 346.774993896484375 342.65625 343.587493896484375 343.006256103515625 340.45001220703125 335.868743896484375 329.65625 325.118743896484375 320.412506103515625 317.51873779296875 316.39373779296875 316.943756103515625 319.76251220703125 324.26873779296875 338.256256103515625 352.11248779296875 368.45001220703125 388.193756103515625 408.0625 423.96875 437.274993896484375 447.84375 457.95001220703125 465.412506103515625 472.693756103515625 480.274993896484375 489.26873779296875 498.10626220703125 509.337493896484375 519.51873779296875
308.993743896484375 306.15625 301.350006103515625 298.712493896484375 294.612518310546875 291.431243896484375 289.443756103515625 288.462493896484375 291.79998779296875 306.53125 337.79376220703125 344.65625 345.756256103515625 347.17498779296875 347.14373779296875 342.90625 338.256256103515625 336.3125 332.63751220703125 328.306243896484375 321.58123779296875 314.875 311.3125 306.90625 304.837493896484375 305.681243896484375 307.65625 311.66876220703125 317.631256103515625 330.90625 345.774993896484375 360.587493896484375 378.337493896484375 396.725006103515625 414.96875 427.368743896484375 436.568756103515625 447.212493896484375 453.131256103515625 456.83123779296875 463.76873779296875 470.26251220703125 478.13751220703125 487.29376220703125 495.57501220703125
317.20001220703125 313.125 308.125 303.98126220703125 300.006256103515625 297.9375 296.54998779296875 299.149993896484375 305.837493896484375 320.462493896484375 337.337493896484375 344.975006103515625 347.681243896484375 347.625 345.631256103515625 341.3125 335.493743896484375 330.71875 323.868743896484375 317.58123779296875 307.462493896484375 299.79998779296875 295.10626220703125 291.82501220703125 292.5 294.40625 298.29998779296875 303.79376220703125 311.20623779296875 323.743743896484375 336.774993896484375 352.712493896484375 371.631256103515625 388.118743896484375 402.837493896484375 414.70623779296875 422.931243896484375 431.068756103515625 436.82501220703125 438.743743896484375 443.556243896484375 449.25 455.181243896484375 460.75 468.04376220703125
