data/historical-monthly-weather-data/wc2.1_cruts4.09_10m_prec_2004-11.asc
ncols        51
nrows        45
xllcorner    -63.500000000000
yllcorner    -7.500000000000
cellsize     0.166666666667
NODATA_value -9999
[rows 19 to 37 of 45, columns 0 to 43 of 51]
181.100006103515625 179.162506103515625 175.1687469482421875 171.4250030517578125 167.5187530517578125 163.65625 158.8625030517578125 153.337493896484375 148.7624969482421875 143.649993896484375 136.9499969482421875 127.05625152587890625 116.28125 105.6875 96.31874847412109375 87.8000030517578125 79.6374969482421875 73.2624969482421875 67.31874847412109375 61.512500762939453125 52.65625 42.049999237060546875 32.106250762939453125 26.774999618530273438 22.262500762939453125 18.649999618530273438 20.6875 23.149999618530273438 24.606250762939453125 26.78125 29.443750381469726562 34.206249237060546875 39.143749237060546875 44.368747711181640625 48.46875 47 44.66249847412109375 42.581249237060546875 41.762500762939453125 41.00624847412109375 40.262500762939453125 40.41249847412109375 39.91249847412109375 39.71250152587890625
181.3937530517578125 180.7937469482421875 177.8562469482421875 174.28125 170.006256103515625 166.78125 163.2937469482421875 158.912506103515625 155.3125 150.4812469482421875 144.375 135.5500030517578125 125.70000457763671875 114.7312469482421875 104.5500030517578125 94.56874847412109375 85.4250030517578125 77.2062530517578125 70.7312469482421875 63.49375152587890625 54.418750762939453125 44.143749237060546875 34.06874847412109375 28.518749237060546875 23.774999618530273438 19.924999237060546875 21.943750381469726562 24.162500381469726562 26.0625 29.756250381469726562 33.625 38.293750762939453125 42.043750762939453125 46.00624847412109375 49.28749847412109375 47.99375152587890625 45.25624847412109375 42.8125 41.81874847412109375 41.137500762939453125 40.306247711181640625 40.33750152587890625 40.143749237060546875 39.924999237060546875
182.818756103515625 181.3874969482421875 179.09375 176.024993896484375 172.6437530517578125 169.8562469482421875 167.431243896484375 163.91876220703125 161.8874969482421875 158.193756103515625 152.8249969482421875 145.693756103515625 136.881256103515625 125.94374847412109375 114.2937469482421875 103.0124969482421875 93.27500152587890625 83.30625152587890625 74.6437530517578125 66.3937530517578125 55.90000152587890625 45.293750762939453125 35.518749237060546875 29.799999237060546875 24.806249618530273438 20.887500762939453125 23.231248855590820312 25.868749618530273438 28.512500762939453125 33.03125 37.387500762939453125 42.18125152587890625 44.90625 48.106250762939453125 50.825000762939453125 49.174999237060546875 46.31874847412109375 43.581249237060546875 42.25624847412109375 41.543750762939453125 40.65625 40.625 40.59375 40.65000152587890625
184.53125 184.412506103515625 181.8625030517578125 178.8562469482421875 175.774993896484375 173.1125030517578125 170.4562530517578125 168.649993896484375 168.0749969482421875 165.087493896484375 161.306243896484375 155.712493896484375 150.3125 139.9875030517578125 125.1875 111.6999969482421875 100.36875152587890625 89.03125 78.65000152587890625 68.91249847412109375 57.875 46.84375 36.799999237060546875 30.975000381469726562 26.0625 22.200000762939453125 24.649999618530273438 27.850000381469726562 30.924999237060546875 35.981250762939453125 41.268749237060546875 46.387500762939453125 48.52500152587890625 50.606250762939453125 52.09999847412109375 50.30625152587890625 47.40000152587890625 44.125 42.700000762939453125 41.887500762939453125 41.200000762939453125 41.13124847412109375 41.08750152587890625 41.1875
187.2375030517578125 187.118743896484375 184.625 180.8125 177.975006103515625 176.3312530517578125 174.3249969482421875 173.068756103515625 171.943756103515625 169.587493896484375 166.556243896484375 164.4250030517578125 161.4875030517578125 150.475006103515625 133.5437469482421875 118.6374969482421875 106 93.59375 81.9250030517578125 70.9187469482421875 59.59375 48.450000762939453125 38.262500762939453125 32.63124847412109375 27.912500381469726562 24.256250381469726562 27.387500762939453125 30.8125 34.58750152587890625 40.30625152587890625 46.65000152587890625 52.38124847412109375 53.40625 53.91249847412109375 54.25624847412109375 52.56874847412109375 49.58750152587890625 45.78125 44.293750762939453125 43.31874847412109375 42.512500762939453125 42.38124847412109375 42.33750152587890625 42.375
192.868743896484375 191.3562469482421875 188.3874969482421875 184.4250030517578125 182.03125 179.662506103515625 177.1687469482421875 175.4250030517578125 174.4812469482421875 172.3000030517578125 169.9250030517578125 166.6374969482421875 162.9499969482421875 153.8625030517578125 138.40625 123.52500152587890625 110.34375 96.8562469482421875 84.5 72.86875152587890625 61.15625 49.65625 39.762500762939453125 34.268749237060546875 29.681249618530273438 26.5625 30.006250381469726562 34.168750762939453125 38.4375 45.15000152587890625 52.125 58.40000152587890625 58.168750762939453125 57.06874847412109375 55.71875 53.36875152587890625 50.418750762939453125 46.768749237060546875 45.481250762939453125 44.706249237060546875 43.81874847412109375 43.65625 43.856250762939453125 44.1875
202.068756103515625 200.1437530517578125 193.693756103515625 189.65625 185.443756103515625 182.181243896484375 178.9562530517578125 176.524993896484375 175 172.8249969482421875 170.024993896484375 166.8937530517578125 162.181243896484375 154.399993896484375 140.8562469482421875 127.0124969482421875 114.15625 100.25624847412109375 87.3562469482421875 75.3000030517578125 63.19374847412109375 51.581249237060546875 41.4375 35.88124847412109375 31.787500381469726562 29.125 33.162502288818359375 38.02500152587890625 43.05625152587890625 50.41249847412109375 57.981250762939453125 64.5437469482421875 62.981250762939453125 59.793750762939453125 56.81874847412109375 53.956249237060546875 50.8125 47.625 46.762500762939453125 46.09375 45.387500762939453125 45.200000762939453125 45.00624847412109375 45.53125
214.03125 209.9375 202.600006103515625 196.2624969482421875 190.087493896484375 185.462493896484375 182.506256103515625 178.8249969482421875 175.3625030517578125 172.725006103515625 170.3312530517578125 167.1624908447265625 162.5187530517578125 155.6750030517578125 143.3125 129.8125 117.46250152587890625 103.91249847412109375 91.0187530517578125 78.5437469482421875 66.3312530517578125 54.66249847412109375 44.456249237060546875 39.34999847412109375 35.96875 33.83750152587890625 38.38124847412109375 43.93125152587890625 49.75624847412109375 56.94374847412109375 64.6999969482421875 71.06874847412109375 68.43125152587890625 63.84375 59.1875 55.90625 52.55625152587890625 49.21875 48.58750152587890625 48.049999237060546875 47.40625 46.96875 46.58750152587890625 46.59999847412109375
226.774993896484375 220.46875 211.3874969482421875 202.6062469482421875 195.068756103515625 188.90625 184.59375 180.493743896484375 176.8874969482421875 173.556243896484375 169.71875 166.71875 162.4375 156.243743896484375 145.1125030517578125 132.59375 120.42499542236328125 107.50624847412109375 94.6374969482421875 82.2937469482421875 70.3125 58.581249237060546875 48.88124847412109375 44.381252288818359375 41.206249237060546875 39.28749847412109375 44.27500152587890625 50.53125 56.83750152587890625 63.887500762939453125 71.1374969482421875 77.15000152587890625 73.3249969482421875 67.15000152587890625 61.612499237060546875 57.91249847412109375 54.375 51.237499237060546875 50.293750762939453125 50.21250152587890625 49.96250152587890625 49.393749237060546875 47.924999237060546875 47.450000762939453125
239.443756103515625 230.8937530517578125 218.6687469482421875 208.09375 199.056243896484375 191.662506103515625 186.1062469482421875 181.212493896484375 178.03125 173.993743896484375 169.818756103515625 166.4187469482421875 162.8312530517578125 157.056243896484375 146.618743896484375 135.6875 124.69374847412109375 111.5187530517578125 98.80625152587890625 86.6374969482421875 75 63.50624847412109375 54.08750152587890625 50.24375152587890625 47.33750152587890625 45.6875 51.262500762939453125 57.84375 64.6062469482421875 71.00624847412109375 77.7375030517578125 82.8874969482421875 77.5437469482421875 70.34999847412109375 64.02500152587890625 60.03749847412109375 56.418750762939453125 53.05625152587890625 52.03749847412109375 51.581249237060546875 51.625 50.61875152587890625 49.356250762939453125 49.61875152587890625
250.3000030517578125 239.7937469482421875 226.056243896484375 212.337493896484375 202.875 195.131256103515625 188.681243896484375 183.1875 179.462493896484375 174.5187530517578125 170.1437530517578125 167.1437530517578125 163.850006103515625 159.212493896484375 150.0187530517578125 140.3000030517578125 129.537506103515625 117.4812469482421875 104.8625030517578125 92.9499969482421875 81.7375030517578125 71.25 62.181247711181640625 58.668750762939453125 56.33750152587890625 55.356250762939453125 61.13124847412109375 67.75 74.2312469482421875 79.55625152587890625 84.6437530517578125 88.28749847412109375 82.3937530517578125 75.1374969482421875 68.4187469482421875 63.81874847412109375 59.68125152587890625 56.3125 54.33750152587890625 53.21875 52.71250152587890625 52.987499237060546875 52.53749847412109375 53.16249847412109375
259.34375 247.537506103515625 232.8937530517578125 218.4875030517578125 207.3000030517578125 199.693756103515625 192.381256103515625 185.59375 180.40625 175.912506103515625 171.524993896484375 168.7062530517578125 166.149993896484375 161.118743896484375 153.4499969482421875 145.181243896484375 136.243743896484375 124.1687469482421875 111.4187469482421875 100.6125030517578125 90.15000152587890625 80.06874847412109375 71.3249969482421875 68.3625030517578125 66.3874969482421875 66.0437469482421875 71.75 78.4812469482421875 84.5749969482421875 88.1875 91.63124847412109375 93.8625030517578125 87.40000152587890625 80.3249969482421875 73.08750152587890625 68.00624847412109375 63.61875152587890625 60.21250152587890625 57.46875 54.375 53.80625152587890625 55.125 55.63124847412109375 56.15000152587890625
266.693756103515625 254.725006103515625 239.84375 226.5812530517578125 216.024993896484375 205.3625030517578125 196.743743896484375 188.4812469482421875 182.631256103515625 177.4187469482421875 172.8937530517578125 170.568756103515625 167.9562530517578125 164.0812530517578125 158.431243896484375 151.681243896484375 143.8000030517578125 132.1374969482421875 120.25624847412109375 109.8249969482421875 99.8125 89.88124847412109375 81.25624847412109375 78.74375152587890625 77.6750030517578125 77.5812530517578125 83.09375 89.625 95.1750030517578125 97.49375152587890625 99.1687469482421875 99.50624847412109375 92.84999847412109375 85.3249969482421875 78.4375 73.0749969482421875 68.3625030517578125 64.2312469482421875 60.625 57.793750762939453125 57.65000152587890625 59.293750762939453125 60.25624847412109375 61.825000762939453125
268.90625 258.45001220703125 245.1062469482421875 233.5437469482421875 223.5124969482421875 212.1374969482421875 202.787506103515625 194.2624969482421875 187.212493896484375 181.1125030517578125 177.306243896484375 174.368743896484375 172.28125 170.1750030517578125 165.443756103515625 160.3000030517578125 153.2624969482421875 143.462493896484375 132.6062469482421875 122.4499969482421875 112.80625152587890625 102.7375030517578125 93.96875 91.90625 91.3874969482421875 91.56874847412109375 96.80625152587890625 102.78749847412109375 108.1687469482421875 108.7937469482421875 108.65625 107.47499847412109375 100.46875 92.8000030517578125 86.1750030517578125 80.7624969482421875 76 71.21250152587890625 67.28125 65.69374847412109375 65.21875 66.6750030517578125 68.36875152587890625 70.9875030517578125
269.42498779296875 260.89373779296875 249.5187530517578125 240.0374908447265625 230.375 219.1062469482421875 208.5437469482421875 200.03125 192.0625 184.774993896484375 180.0250091552734375 178.6437530517578125 177.6875 175.4250030517578125 172.350006103515625 169.006256103515625 164.306243896484375 155.5749969482421875 145.725006103515625 136.212493896484375 126.59375 116.71875 108.09999847412109375 106.2624969482421875 106.08750152587890625 106.38124847412109375 111.49375152587890625 116.8125 121.5187530517578125 120.40625 118.5 116.1374969482421875 108.9562530517578125 101.3000030517578125 94.78749847412109375 89.4250030517578125 84.00624847412109375 78.4562530517578125 75.44374847412109375 74.2062530517578125 73.21875 74.6875 77.3625030517578125 80.80625152587890625
270.774993896484375 263.76873779296875 254.212493896484375 245.2624969482421875 236.78125 225.2687530517578125 214.006256103515625 205.118743896484375 194.8000030517578125 187.4562530517578125 183.318756103515625 183.5187530517578125 183.524993896484375 182.9562530517578125 181.868743896484375 178.9875030517578125 175.9812469482421875 168.4250030517578125 159.4562530517578125 150.4499969482421875 141.443756103515625 131.75 123.09999847412109375 121.0749969482421875 120.66249847412109375 121.4562530517578125 125.7624969482421875 130.9499969482421875 134.712493896484375 132.037506103515625 128.8000030517578125 124.90000152587890625 117.44374847412109375 110.34375 103.3562469482421875 97.28125 91.5437469482421875 87.4250030517578125 84.59999847412109375 82.61875152587890625 81.54375457763671875 82.6437530517578125 85.1437530517578125 88.34375
271.293731689453125 264.90625 256.399993896484375 247.743743896484375 239.6437530517578125 228.9187469482421875 218.162506103515625 207.5812530517578125 196.3874969482421875 188.368743896484375 186.375 188.3562469482421875 191.037506103515625 192.4875030517578125 191.53125 190.53125 187.149993896484375 181.09375 173.9875030517578125 166.818756103515625 158.1875 147.9250030517578125 139.193756103515625 137.125 136.5 136.818756103515625 140.5437469482421875 145.1437530517578125 148.318756103515625 143.90625 139.96875 134.9812469482421875 127.8562469482421875 120.8000030517578125 113.21875 106.80625152587890625 102.75624847412109375 98.40625 95.125 93.27500152587890625 92.28125 92.84999847412109375 94.53125 97.22499847412109375
271.71875 266.537506103515625 259.20623779296875 251.59375 243.618743896484375 233.625 222.649993896484375 211.65625 199.0749969482421875 187.9375 189.243743896484375 198.03125 201.78125 202.09375 201.837493896484375 200.9812469482421875 198.2062530517578125 193.149993896484375 187.4875030517578125 181.1687469482421875 173.0187530517578125 163.337493896484375 155.118743896484375 152.7937469482421875 151.8874969482421875 152.4187469482421875 154.837493896484375 159.162506103515625 161.2312469482421875 156.3625030517578125 150.993743896484375 146.118743896484375 138.693756103515625 131.8625030517578125 124.34375 118.53125 114.3312530517578125 110.18125152587890625 107.11875152587890625 104.15625 102.34375 102.25 103.24375152587890625 105.43125152587890625
276 270.83123779296875 263.662506103515625 256.837493896484375 249.149993896484375 239.9499969482421875 230.1750030517578125 219.7624969482421875 207.5749969482421875 195.243743896484375 204.193756103515625 214.881256103515625 215.1437530517578125 213.5500030517578125 212.75 211.5625 208.943756103515625 204.3937530517578125 199.100006103515625 192.193756103515625 185.568756103515625 177.5625 170.475006103515625 167.537506103515625 166.756256103515625 167.118743896484375 168.7937469482421875 172.3625030517578125 174.068756103515625 168.9375 161.1125030517578125 155.2937469482421875 148.6062469482421875 142.125 135.2062530517578125 130.28125 126.375 121.9499969482421875 119.4812469482421875 116.6437530517578125 113.02500152587890625 112.5749969482421875 111.96250152587890625 112.5437469482421875
