data/historical-monthly-weather-data/wc2.1_cruts4.09_10m_prec_1968-09.asc
ncols        51
nrows        45
xllcorner    -63.500000000000
yllcorner    -7.500000000000
cellsize     0.166666666667
NODATA_value -9999
[rows 0 to 18 of 45, columns 0 to 43 of 51]
313.1875 317.537506103515625 316.04998779296875 318.85626220703125 316.868743896484375 310.41876220703125 296.006256103515625 279.28125 267.899993896484375 257.931243896484375 251.649993896484375 247.1125030517578125 242.431243896484375 234.506256103515625 226.3125 216.462493896484375 208.7937469482421875 196.975006103515625 187.068756103515625 176.625 171.3937530517578125 164.28125 158.4250030517578125 150.868743896484375 142.618743896484375 136.6125030517578125 130.087493896484375 123.33750152587890625 115.68125152587890625 111.40625 106.7375030517578125 103.2375030517578125 100.90000152587890625 96.7375030517578125 93.55625152587890625 91.69374847412109375 91.0187530517578125 90.25624847412109375 89.50624847412109375 89.09375 88.9499969482421875 88.53125 87.15000152587890625 86.16249847412109375
299.787506103515625 303.837493896484375 310.243743896484375 321.13751220703125 332.725006103515625 321.63751220703125 305.931243896484375 296.631256103515625 287.04998779296875 277.95001220703125 272.01251220703125 266.350006103515625 261 251.4000091552734375 241.8562469482421875 232.962493896484375 222.2687530517578125 209.506256103515625 196.9875030517578125 185.4250030517578125 178.7687530517578125 174.25 168.0625 160.96875 151.068756103515625 143.8625030517578125 136.9499969482421875 129.443756103515625 119.84999847412109375 115.0500030517578125 110.58750152587890625 107.59999847412109375 103.5187530517578125 99.83750152587890625 96.0812530517578125 93.6062469482421875 92.2312469482421875 91.2624969482421875 90.34375 90.0124969482421875 90.125 90.0437469482421875 89.6374969482421875 88.0749969482421875
271.20623779296875 278.63751220703125 288.60626220703125 304.21875 318.493743896484375 318.10626220703125 310.818756103515625 305.412506103515625 300.774993896484375 295.41876220703125 291.48126220703125 285.63751220703125 280.056243896484375 269.818756103515625 257.71875 248.3625030517578125 236.381256103515625 224.6374969482421875 212.962493896484375 202.725006103515625 196.4187469482421875 191.0187530517578125 185.681243896484375 177.368743896484375 166.149993896484375 156.118743896484375 149.3937530517578125 139.193756103515625 128.381256103515625 122.375 116.66249847412109375 112.7687530517578125 109.2312469482421875 104.6062469482421875 100.00624847412109375 96.0437469482421875 93.43125152587890625 91.6750030517578125 90.9187469482421875 90.8125 91.07500457763671875 90.77500152587890625 91.1999969482421875 90.43125152587890625
238.225006103515625 246.1062469482421875 266.38751220703125 281.524993896484375 297.212493896484375 304.287506103515625 308.368743896484375 314.837493896484375 316.23748779296875 315.8125 312.70001220703125 306.64373779296875 296.743743896484375 288 274.774993896484375 263.07501220703125 251.4250030517578125 241.03125 233.0437469482421875 225.3249969482421875 219.006256103515625 211.15625 203.600006103515625 193.649993896484375 179.931243896484375 168.90625 159.0812530517578125 145.5124969482421875 134.40625 128.53125 123.2687530517578125 117.65000152587890625 112.3937530517578125 106.9875030517578125 101.0500030517578125 98.20000457763671875 95.3312530517578125 92.3249969482421875 91.8000030517578125 90.9499969482421875 90.4375 90.4250030517578125 91.02500152587890625 91.22499847412109375
231.337493896484375 231.6999969482421875 239.6437530517578125 255.6999969482421875 278.29998779296875 292.90625 303.868743896484375 317.66876220703125 326.86248779296875 330.649993896484375 330.20623779296875 320.649993896484375 312.975006103515625 307.149993896484375 293.375 279.787506103515625 266.59375 257.375 250.8000030517578125 243.15625 239.068756103515625 227.9250030517578125 220.75 208.868743896484375 193.399993896484375 180.28125 165.9562530517578125 152.587493896484375 140.0437469482421875 132.6687469482421875 127.44374847412109375 120.6437530517578125 114.2687530517578125 108.94374847412109375 103.5 99.08750152587890625 95.21875 92.21250152587890625 91.6875 90.8312530517578125 89.96875 89.7937469482421875 90.02500152587890625 91.1125030517578125
223.881256103515625 222.9250030517578125 227.0812530517578125 230.8874969482421875 253.09375 278.53125 296.17498779296875 310.51251220703125 321.46875 330.756256103515625 331.53125 322.962493896484375 317.0625 313.13751220703125 300.11248779296875 290.149993896484375 279.212493896484375 271.84375 267.76251220703125 263.83123779296875 254.5812530517578125 242.9375 232.59375 216.7062530517578125 201.4187469482421875 185.84375 170.412506103515625 157.1687469482421875 143.65625 135.524993896484375 129.837493896484375 126.1062469482421875 119.72499847412109375 113.875 107.83750152587890625 103.90000152587890625 99.28749847412109375 96.2312469482421875 95.5437469482421875 93.56874847412109375 89.33750152587890625 88.8937530517578125 89.0437469482421875 90.5
219.5812530517578125 219.212493896484375 223.1437530517578125 227.09375 240.568756103515625 258.23748779296875 280.087493896484375 299.73748779296875 309.78125 317.243743896484375 323.70001220703125 320.32501220703125 318.10626220703125 314.89373779296875 306.118743896484375 298.787506103515625 291.53125 290.04376220703125 287.837493896484375 283.693756103515625 270.475006103515625 256.287506103515625 240.587493896484375 222.625 206.931243896484375 191.1875 175.4499969482421875 161.3562469482421875 146.4875030517578125 137.649993896484375 132.3249969482421875 127.22499847412109375 122.0124969482421875 117.3249969482421875 112.05625152587890625 106.3312530517578125 101.3249969482421875 98.8562469482421875 99.0749969482421875 94.1062469482421875 88.44374847412109375 86.72499847412109375 86.68125152587890625 88.43125152587890625
216.21875 215.6062469482421875 220.15625 229.006256103515625 242.5812530517578125 262.09375 276.96875 285.04998779296875 289.95001220703125 300.568756103515625 313.92498779296875 315.625 316.493743896484375 314.86248779296875 312.20623779296875 305.21875 301.181243896484375 304.89373779296875 306.725006103515625 299.618743896484375 285.29998779296875 267.39373779296875 249.350006103515625 228.28125 210.399993896484375 193.693756103515625 176.7375030517578125 161.15625 147.537506103515625 138.78125 133.2687530517578125 127.8937530517578125 122.8125 119.03125 112.9562530517578125 106.49375152587890625 100.66249847412109375 96.4812469482421875 93.74375152587890625 88.8000030517578125 82.75624847412109375 80.71875 80.65625 81.47499847412109375
216.149993896484375 217.3874969482421875 224.350006103515625 233.506256103515625 246.587493896484375 263.42498779296875 278.337493896484375 286.9375 287.11248779296875 289.41876220703125 301.98126220703125 304.76251220703125 309.84375 308.82501220703125 310.01873779296875 308.75 308.67498779296875 312.868743896484375 316.88751220703125 309.118743896484375 289.86248779296875 272.587493896484375 249.6437530517578125 231.087493896484375 210.8000030517578125 191.931243896484375 175.350006103515625 161.3874969482421875 149.443756103515625 140.1875 135.274993896484375 126.7624969482421875 119.46875 113.18125152587890625 107.72499847412109375 102.96250152587890625 97.7312469482421875 92.2312469482421875 87.4375 81.99375152587890625 75.91249847412109375 73.3625030517578125 72.84375 73.19374847412109375
213.8125 216.71875 225.0124969482421875 234.881256103515625 249.5187530517578125 266.568756103515625 281.33123779296875 289.125 291.48126220703125 295.29376220703125 301.53125 299.96875 302.1875 304.3125 306.85626220703125 312.26251220703125 313.54376220703125 317.20001220703125 320.40625 316.98126220703125 297.318756103515625 274.412506103515625 249.5437469482421875 228.6125030517578125 206.1125030517578125 187.6437530517578125 172.537506103515625 159.3625030517578125 148.1062469482421875 140.337493896484375 132.1437530517578125 122.90000152587890625 115 109.4562530517578125 103.97499847412109375 98.4187469482421875 93.2312469482421875 87.30625152587890625 80.9187469482421875 74.9187469482421875 68.78749847412109375 66.3625030517578125 63.543750762939453125 62.93125152587890625
214.318756103515625 217.899993896484375 226.9375 236.9562530517578125 250.8125 270.024993896484375 285.32501220703125 289.618743896484375 290.193756103515625 294.181243896484375 300.57501220703125 300.66876220703125 298.024993896484375 297.006256103515625 301.493743896484375 308.787506103515625 311.931243896484375 315.59375 318.51251220703125 318.10626220703125 304.006256103515625 280.506256103515625 252.962493896484375 221.2312469482421875 201.506256103515625 188.5812530517578125 174.2687530517578125 159.1875 145.975006103515625 137.350006103515625 129.149993896484375 119.56874847412109375 111.65000152587890625 105.0124969482421875 99.15000152587890625 93.00624847412109375 87.25624847412109375 80.99375152587890625 75.125 67.9375 60.96875 57.825000762939453125 56.03749847412109375 53.77500152587890625
212.649993896484375 216.837493896484375 226.34375 238.443756103515625 252.1062469482421875 269.67498779296875 285.88751220703125 290.36248779296875 287.912506103515625 288.28125 293.82501220703125 296.931243896484375 292.087493896484375 289.14373779296875 297.26251220703125 302.681243896484375 306.943756103515625 307.118743896484375 309.92498779296875 314.975006103515625 306.5 283.475006103515625 254.087493896484375 219.975006103515625 197.7937469482421875 182.193756103515625 167.431243896484375 153.462493896484375 139.8312530517578125 131.1999969482421875 122.3874969482421875 113.06874847412109375 105.3000030517578125 99.625 95.00624847412109375 88.8000030517578125 82.63124847412109375 76.49375152587890625 68.5625 60.33750152587890625 53.143749237060546875 49.53749847412109375 47.674999237060546875 45.24375152587890625
209.3625030517578125 213.9499969482421875 223 233.193756103515625 245.0500030517578125 260.26873779296875 272.51251220703125 277.46875 278.512481689453125 279.787506103515625 282.45001220703125 288.07501220703125 288.006256103515625 280.618743896484375 284.125 291.61248779296875 295.412506103515625 296.66876220703125 300.056243896484375 304.056243896484375 298.58123779296875 280.15625 252.024993896484375 220.15625 191.9499969482421875 174.475006103515625 161.975006103515625 149.3874969482421875 136.8625030517578125 126.81874847412109375 116.0749969482421875 106.25 99.28125 92.6437530517578125 87.8874969482421875 83.2312469482421875 79.3000030517578125 74.2687530517578125 67.0812530517578125 56.424999237060546875 47.174999237060546875 44.24375152587890625 41.643749237060546875 36.081249237060546875
204.5124969482421875 208.806243896484375 216.15625 225.2624969482421875 236.5124969482421875 247.2062530517578125 256.475006103515625 263.649993896484375 265 267.4375 267.837493896484375 270.29376220703125 272.837493896484375 270.08123779296875 267.84375 275.850006103515625 279.975006103515625 280.11248779296875 280.931243896484375 284.631256103515625 279.193756103515625 262.54998779296875 241.8125 218.587493896484375 193.787506103515625 173.90625 159.5437469482421875 145.618743896484375 132.006256103515625 121.6437530517578125 112.4375 101.59375 93.6062469482421875 86.90625 82.5625 80.18125152587890625 78.59375 76.6875 70.24375152587890625 60.237499237060546875 46.66249847412109375 39.887500762939453125 37.268749237060546875 34.71250152587890625
199.0187530517578125 202.100006103515625 208.556243896484375 217.0812530517578125 227.412506103515625 233.337493896484375 242.975006103515625 248.65625 249.912506103515625 253.681243896484375 252.318756103515625 254.125 255.287506103515625 253.375 248.375 250.8937530517578125 255.975006103515625 258.59375 257.98748779296875 261.556243896484375 258.1875 248.1125030517578125 234.462493896484375 218.337493896484375 201.40625 182.962493896484375 165.3312530517578125 147.0812530517578125 130.868743896484375 119.88124847412109375 107.09375 96.02500152587890625 89.13124847412109375 82.18125152587890625 76.03125 76.21875 79.8249969482421875 83.80625152587890625 81.06874847412109375 69.8562469482421875 56.90625 47.83750152587890625 42.91249847412109375 38.33750152587890625
191.6875 194.212493896484375 201.225006103515625 208.6875 215.931243896484375 223.3125 230.1437530517578125 234.5500030517578125 237.212493896484375 240.8874969482421875 239.256256103515625 238.962493896484375 238.6750030517578125 237.318756103515625 232.625 228.2062530517578125 231.7375030517578125 237.068756103515625 237.399993896484375 241.875 238.587493896484375 235.3874969482421875 230.9812469482421875 222.4250030517578125 209.1875 189.837493896484375 168.9375 150.09375 133.524993896484375 119.8625030517578125 108.68125152587890625 95.6374969482421875 86.6125030517578125 80.3625030517578125 73 76.93125152587890625 85.2062530517578125 90.5749969482421875 91.99375152587890625 83.24375152587890625 72.03749847412109375 59.34999847412109375 48.91249847412109375 40.96250152587890625
181.993743896484375 185.5187530517578125 193.1750030517578125 200.600006103515625 206.9499969482421875 213.962493896484375 219.7312469482421875 224.6062469482421875 226.850006103515625 228.34375 228.0812530517578125 227.09375 224.25 221.5187530517578125 220.306243896484375 217.3562469482421875 212.087493896484375 215.1812591552734375 219.806243896484375 223.625 221.274993896484375 221.806243896484375 225.649993896484375 225.7687530517578125 217.318756103515625 194.6062469482421875 172.475006103515625 153.15625 136.5 123.06874847412109375 113.09999847412109375 103.6125030517578125 93.03125 85.1125030517578125 83.90000152587890625 86.09375 92.1437530517578125 103.6999969482421875 111.8562469482421875 97.2062530517578125 80.0812530517578125 65.0124969482421875 51.59999847412109375 43.41249847412109375
172.46875 177.024993896484375 183.5437469482421875 191.350006103515625 199.7375030517578125 207.131256103515625 212.2062530517578125 216.1062469482421875 219.056243896484375 218.756256103515625 217.556243896484375 215.8375091552734375 212.087493896484375 208.65625 206.7937469482421875 205.318756103515625 201.225006103515625 194.78125 202.306243896484375 205.068756103515625 205.774993896484375 206.3562469482421875 212.931243896484375 217.59375 213.774993896484375 194.431243896484375 175.21875 156.3312530517578125 138.3562469482421875 122.90000152587890625 111.46250152587890625 101.93125152587890625 101.81874847412109375 101.88124847412109375 96.53749847412109375 92.10625457763671875 100.3000030517578125 109.4250030517578125 109.5187530517578125 97.46250152587890625 78.0749969482421875 63.59375 51.94374847412109375 45.518749237060546875
162.78125 167.118743896484375 173.818756103515625 182.9187469482421875 191.3125 199.2624969482421875 204.743743896484375 210.881256103515625 212.631256103515625 211.899993896484375 209.681243896484375 206 200.71875 197.0124969482421875 193.6687469482421875 194.1999969482421875 192.475006103515625 184.975006103515625 184.6875 187.5625 193.21875 205.5812530517578125 197.212493896484375 201.3249969482421875 202.024993896484375 194.837493896484375 179.5500030517578125 160.1125030517578125 145.25 127.5749969482421875 113.3562469482421875 110.96875 119.1750030517578125 119.3125 115.58750152587890625 110.375 109.0812530517578125 107.50624847412109375 101.69374847412109375 88.90625 72.8937530517578125 60.924999237060546875 51.6875 46.418750762939453125
