data/historical-monthly-weather-data/wc2.1_cruts4.09_10m_prec_2016-09.asc
ncols        45
nrows        45
xllcorner    -63.500000000000
yllcorner    -7.500000000000
cellsize     0.166666666667
NODATA_value -9999
[rows 0 to 18 of 45, columns 0 to 42 of 45]
70.91249847412109375 65.13124847412109375 66.00624847412109375 69.1125030517578125 71.875 77.625 81.77500152587890625 84.7937469482421875 89.6437530517578125 94.66249847412109375 100.78125 107.51250457763671875 114.1999969482421875 119.25624847412109375 123.93125152587890625 127.53125 131.96875 132.375 133.506256103515625 133.3625030517578125 133.3125 131.006256103515625 129.5500030517578125 126.75624847412109375 123.21875 121.43125152587890625 119.0749969482421875 116.4375 112.3625030517578125 108.9499969482421875 104.6875 101.70624542236328125 100.74375152587890625 98.1062469482421875 96.4250030517578125 95.9375 96.6999969482421875 97.27500152587890625 97.09375 97.2312469482421875 97.5812530517578125 97.52500152587890625 96.36875152587890625
65.4250030517578125 58.825000762939453125 59.69374847412109375 62.612499237060546875 66.59375 71.11875152587890625 75.03749847412109375 80.2375030517578125 86.1750030517578125 92.05625152587890625 98.7375030517578125 105.3874969482421875 112.0812530517578125 116.80625152587890625 121.43125152587890625 126.19374847412109375 129.6437530517578125 130.9187469482421875 131.8312530517578125 132.318756103515625 131.350006103515625 130.993743896484375 129.381256103515625 127.53125 123.3625030517578125 121.1687469482421875 119.52500152587890625 117.3312530517578125 112.5812530517578125 109.25 105.6875 103.7062530517578125 101.66875457763671875 100.22499847412109375 98.6687469482421875 98.00624847412109375 98.50624847412109375 99.28125 98.90000152587890625 98.9250030517578125 99.4187469482421875 99.4812469482421875 99.1750030517578125
60.981250762939453125 55.74375152587890625 56.78125 59.887500762939453125 63.58750152587890625 69.3625030517578125 74.3000030517578125 79.61875152587890625 86.34375 92.875 99.7062530517578125 106.09999847412109375 112.50624847412109375 116.8625030517578125 120.58750152587890625 125.41249847412109375 128.412506103515625 129.837493896484375 130.774993896484375 131.631256103515625 131.2375030517578125 130.6999969482421875 130.274993896484375 128.943756103515625 125.4562530517578125 122.55625152587890625 122.31874847412109375 119.14374542236328125 114.65000152587890625 110.72499847412109375 106.4812469482421875 104.0500030517578125 103.1062469482421875 101.375 99.6687469482421875 98.52500152587890625 98.80625152587890625 99.7624969482421875 99.90625 100.44374847412109375 101.27500152587890625 100.9187469482421875 101.2687530517578125
55.90000152587890625 51.706249237060546875 54.56874847412109375 57.09375 60.4375 66.6374969482421875 73.03125 80.2687530517578125 87.8874969482421875 95.2062530517578125 101.7062530517578125 107.75624847412109375 112.2937469482421875 117.03749847412109375 120.5124969482421875 124.4812469482421875 127.8125 129.3249969482421875 131.556243896484375 133.34375 133.3625030517578125 131.84375 130.600006103515625 129.600006103515625 126.0625 123.9875030517578125 122.50624847412109375 117.8625030517578125 114.24375152587890625 110.9375 107.47499847412109375 103.8874969482421875 101.81874847412109375 99.84375 97.4875030517578125 98.44374847412109375 99.59999847412109375 100.40000152587890625 101.1999969482421875 101.21250152587890625 101.4499969482421875 101.16249847412109375 101.3874969482421875
56.799999237060546875 51.38124847412109375 51.49375152587890625 53.90625 58.33750152587890625 65.22499847412109375 72.18125152587890625 80.2375030517578125 89.08750152587890625 96.83750152587890625 103.47499847412109375 107.9562530517578125 112.9562530517578125 118.5625 121.94374847412109375 125.22499847412109375 127.84375 129.2375030517578125 131.318756103515625 132.4187469482421875 134.09375 131.3937530517578125 131.09375 130.1875 127.0500030517578125 124.8874969482421875 121.1750030517578125 117.7312469482421875 113.8625030517578125 109.7062530517578125 106.52500152587890625 102.18125152587890625 99.40000152587890625 97.77500152587890625 96.30625152587890625 96.5812530517578125 97.72499847412109375 99.53125 100.8562469482421875 101.27500152587890625 101.4812469482421875 100.89374542236328125 100.49375152587890625
58.41249847412109375 53.200000762939453125 53.075000762939453125 53.46875 58.612499237060546875 67.75 75.875 83.53749847412109375 92.1125030517578125 100.6062469482421875 106.7062530517578125 110.72499847412109375 115.5812530517578125 121.125 123.72499847412109375 127.41249847412109375 129.9499969482421875 130.8937530517578125 132.7375030517578125 134.6750030517578125 134.3937530517578125 132.662506103515625 131.6999969482421875 129.4187469482421875 127.3562469482421875 124.4250030517578125 120.38124847412109375 117.36875152587890625 113.0437469482421875 108.16249847412109375 104.43125152587890625 102.47499847412109375 99.33750152587890625 96.8125 94.47499847412109375 95.7062530517578125 96.8312530517578125 99.40000152587890625 101.5437469482421875 101.93125152587890625 99.46875 98.89374542236328125 98.61875152587890625
61.049999237060546875 56.49375152587890625 57.00624847412109375 58.143749237060546875 62.06874847412109375 69.1999969482421875 78.0124969482421875 86.6875 94.15625 101.16249847412109375 108.0500030517578125 112.8562469482421875 118.18125152587890625 123.08750152587890625 126.08750152587890625 129.556243896484375 132.399993896484375 134.618743896484375 135.899993896484375 136.59375 135.3000030517578125 133.5187530517578125 130.78125 128.162506103515625 126.65000152587890625 124.34999847412109375 120.4187469482421875 117.02500152587890625 111.86875152587890625 106.375 102.74375152587890625 99.4187469482421875 96.74375152587890625 94.63124847412109375 92.5124969482421875 92.50624847412109375 93.8000030517578125 97.4499969482421875 101.47499847412109375 99.84999847412109375 96.94374847412109375 95.36249542236328125 95.15000152587890625
64.1125030517578125 60.03125 61.34375 64.5 69.1875 76.8937530517578125 83.56874847412109375 88.3625030517578125 93.3562469482421875 100.46250152587890625 108.8000030517578125 114.49375152587890625 120.13124847412109375 124.78125 128.850006103515625 130.9875030517578125 133.774993896484375 137.006256103515625 138.899993896484375 137.3625030517578125 136.3874969482421875 133.8625030517578125 130.9562530517578125 127.36875152587890625 125.1999969482421875 122.8562469482421875 118.2624969482421875 113.8874969482421875 109.68125152587890625 104.13124847412109375 100.21250152587890625 96.5 93.4875030517578125 91.6062469482421875 88.4499969482421875 88.00624847412109375 88.8000030517578125 90.97499847412109375 92.61875152587890625 91.78125 89.19374847412109375 87.63124847412109375 87.6750030517578125
68.40000152587890625 65.31874847412109375 67.71250152587890625 71.40625 76.46250152587890625 83.5625 90.2624969482421875 95.1125030517578125 98.3000030517578125 102.2937469482421875 110.06874847412109375 115.65000152587890625 122.4562530517578125 126.61875152587890625 130.28125 132.625 135.2312469482421875 138.4375 141.3562469482421875 139.6437530517578125 136.725006103515625 134.8312530517578125 129.712493896484375 127.59999847412109375 124.0500030517578125 120.34375 115.71250152587890625 112.1437530517578125 108.91249847412109375 103 99.5500030517578125 93.46875 88.53125 84.34375 81.2624969482421875 81.6875 82.40000152587890625 82.8874969482421875 82.8125 81.8125 79.66249847412109375 78 78.00624847412109375
72.15625 70.18125152587890625 73.375 77.6875 83.6750030517578125 91.0749969482421875 97.81874847412109375 102.34375 106.03125 110.3562469482421875 115.75 119.38124847412109375 124.71875 129.524993896484375 131.662506103515625 134.524993896484375 135.7062530517578125 138.600006103515625 141.399993896484375 141.912506103515625 139.087493896484375 134.78125 128.8312530517578125 125.3312530517578125 120.3562469482421875 116.5812530517578125 112.53125 109.08750152587890625 106 101.19374847412109375 95.38124847412109375 88.8125 83.1875 79.27500152587890625 75.8625030517578125 75.2312469482421875 75.4375 75.0187530517578125 73.56874847412109375 72.2312469482421875 70.2062530517578125 69.0625 67.00624847412109375
77.19374847412109375 75.94374847412109375 79.8000030517578125 84.5187530517578125 90.6750030517578125 99.0812530517578125 106.1374969482421875 109.2375030517578125 112.0187530517578125 116.21250152587890625 121.4812469482421875 125.3125 128.0749969482421875 130.774993896484375 131.8562469482421875 133.537506103515625 133.84375 136.693756103515625 139.5500030517578125 141.587493896484375 141.506256103515625 137.125 130.0187530517578125 120.63124847412109375 116.90625 116.24375152587890625 112.44374847412109375 107.4499969482421875 102.71250152587890625 97.3125 91.5749969482421875 84.8312530517578125 79.0437469482421875 74.1437530517578125 70.24375152587890625 68.7937469482421875 68.0500030517578125 66.8625030517578125 65.84999847412109375 63.512500762939453125 60.700000762939453125 59.012500762939453125 58.24375152587890625
81.8312530517578125 81.21875 85.4499969482421875 91.125 97.49375152587890625 105.55625152587890625 113.1374969482421875 116.25624847412109375 117.6999969482421875 120.31874847412109375 125.02500152587890625 128.681243896484375 128.78125 129.118743896484375 131.4812469482421875 132.243743896484375 132.962493896484375 134.381256103515625 137.306243896484375 141.8625030517578125 144.100006103515625 139.7312469482421875 131.4250030517578125 120.33750152587890625 114.80625152587890625 111.99375152587890625 107.36875152587890625 102.53749847412109375 97.0500030517578125 91.7312469482421875 85.72499847412109375 79.3000030517578125 73.59375 69.34375 66.24375152587890625 64.41249847412109375 62.9375 61.44374847412109375 58.59999847412109375 55.1875 51.924999237060546875 49.831249237060546875 49.03125
86.03749847412109375 85.9375 90.15000152587890625 95.2375030517578125 101.06874847412109375 108.3937530517578125 114.5749969482421875 117.81874847412109375 120.50624847412109375 123.38124847412109375 126.5500030517578125 129.618743896484375 129.899993896484375 126.63124847412109375 126.9375 128.837493896484375 129.5500030517578125 131.53125 134.806243896484375 138.912506103515625 142.162506103515625 139.506256103515625 131.3562469482421875 121.03125 111.5812530517578125 107.06874847412109375 103.3000030517578125 98.8937530517578125 93.77500152587890625 87.5625 80.3937530517578125 73.75624847412109375 68.65625 63.71875 60.456249237060546875 59.38124847412109375 59.1875 58.268749237060546875 56.049999237060546875 50.5625 45.331249237060546875 43.924999237060546875 42.387500762939453125
89.71250152587890625 89.80625152587890625 93.40625 98.1437530517578125 103.8125 109.40000152587890625 114.38124847412109375 118.56874847412109375 121.1875 124.375 126.13124847412109375 126.21250152587890625 125.9812469482421875 123.40625 121.11875152587890625 123.5 124.5625 126.0749969482421875 128.2062530517578125 132.1374969482421875 134.774993896484375 132.2375030517578125 127.1687469482421875 120.8249969482421875 112.8562469482421875 106.5187530517578125 101.21875 95.53125 89.3625030517578125 83.0124969482421875 77.0749969482421875 69.8937530517578125 64.0749969482421875 59.13124847412109375 56.11875152587890625 56.387500762939453125 57.65625 58.981250762939453125 57.55625152587890625 52.94374847412109375 44.0625 39.02500152587890625 37.543750762939453125
93.40625 93.0749969482421875 96.1875 100.5437469482421875 105.77500152587890625 109.13124847412109375 114.24375152587890625 117.59999847412109375 119.625 122.9499969482421875 123.2937469482421875 122.55625152587890625 121.21250152587890625 118.63124847412109375 115.20000457763671875 115.3937530517578125 117.1374969482421875 119.69374847412109375 121.0187530517578125 124.66249847412109375 127.52500152587890625 127.33750152587890625 125.14374542236328125 121.84999847412109375 117.71250152587890625 111.8562469482421875 104.34999847412109375 95.7312469482421875 87.6999969482421875 81.09375 72.93125152587890625 65.7312469482421875 60.72499847412109375 55.625 51.393749237060546875 53.325000762939453125 58.200000762939453125 63.950000762939453125 65.58750152587890625 60.293750762939453125 52.43125152587890625 45.75624847412109375 42.487499237060546875
96.11875152587890625 95.5 98.78749847412109375 102.52500152587890625 106.2062530517578125 110.1687469482421875 113.86875152587890625 116.4375 118.6437530517578125 121.36875152587890625 121.0187530517578125 118.9375 116.6125030517578125 114.1062469482421875 110.9250030517578125 108.09375 109.33750152587890625 113.0625 114.65000152587890625 118.5625 120.7312469482421875 123.2687530517578125 125.27500152587890625 125.3625030517578125 122.6999969482421875 115.7937469482421875 106.1062469482421875 97 88.6437530517578125 80.44374847412109375 73.5625 65.1875 58.768749237060546875 54.15625 49.13124847412109375 53.58750152587890625 61.856250762939453125 68.76250457763671875 73.625 70.59375 64.7937469482421875 55.518749237060546875 47.575000762939453125
97.4187469482421875 97.3000030517578125 100.77500152587890625 104.32500457763671875 107.3874969482421875 111.0437469482421875 114.09999847412109375 116.7312469482421875 118.2624969482421875 119.47499847412109375 119.34999847412109375 116.6374969482421875 112.8625030517578125 109.53125 108.18125152587890625 106.1687469482421875 103.31874847412109375 105.8562469482421875 109.38124847412109375 112.77500152587890625 114.7375030517578125 118.5187530517578125 124.25 128.462493896484375 127.88124847412109375 118.3874969482421875 107.77500152587890625 98.25 89.80625152587890625 81.99375152587890625 76.13124847412109375 70.36875152587890625 62.93125152587890625 57.206249237060546875 56.325000762939453125 59.80625152587890625 66.74375152587890625 78.5 88.83750152587890625 81.25624847412109375 70.6374969482421875 59.737499237060546875 49.40000152587890625
99.02500152587890625 99.2624969482421875 101.66249847412109375 104.9875030517578125 108.6750030517578125 112.0625 114.1875 115.8312530517578125 117.65625 117.83750152587890625 117.1875 114.4875030517578125 110.6125030517578125 107.25624847412109375 105.63124847412109375 104.40000152587890625 102.05625152587890625 99.5124969482421875 104.2624969482421875 106.77500152587890625 109.5187530517578125 112.375 118.75624847412109375 124.63124847412109375 125.86875152587890625 117.68125152587890625 108.7624969482421875 99.5625 90.3249969482421875 81.4187469482421875 74.8312530517578125 69.2375030517578125 69.0500030517578125 68.8249969482421875 65.28749847412109375 64.50624847412109375 73.28125 83.55625152587890625 87.5437469482421875 81.80625152587890625 68.94374847412109375 58.262500762939453125 49.33750152587890625
100.16249847412109375 100.03749847412109375 102.06874847412109375 105.7062530517578125 108.91249847412109375 112.0625 113.88124847412109375 116.2624969482421875 117.36875152587890625 117.28125 116.15000152587890625 112.83750152587890625 108.59999847412109375 105.4187469482421875 103.08750152587890625 102.93125152587890625 101.75 98.24375152587890625 98.68125152587890625 100.90000152587890625 105.5124969482421875 114.09375 111.33750152587890625 116.03749847412109375 119 117.31874847412109375 110.7062530517578125 101.21875 94.09375 84.0625 75.93125152587890625 75.44374847412109375 81.1125030517578125 81.1062469482421875 78.86875152587890625 78.0500030517578125 80.5187530517578125 82.93125152587890625 82.0124969482421875 75.15625 64.6437530517578125 55.78749847412109375 48.793750762939453125
