data/historical-monthly-weather-data/wc2.1_cruts4.09_10m_prec_1988-07.asc
ncols        51
nrows        45
xllcorner    -63.500000000000
yllcorner    -7.500000000000
cellsize     0.166666666667
NODATA_value -9999
[rows 0 to 18 of 45, columns 0 to 43 of 51]
139.4875030517578125 123.5437469482421875 118.61875152587890625 117.81874847412109375 116.0749969482421875 119.28749847412109375 122.98749542236328125 125.625 132.7375030517578125 141.28125 147.4562530517578125 154.2937469482421875 160.375 168.868743896484375 178.381256103515625 186.087493896484375 193.125 194.1687469482421875 196.287506103515625 200.649993896484375 203.7624969482421875 201.181243896484375 199.7375030517578125 197.5437469482421875 197.4562530517578125 193.5625 191.274993896484375 189.243743896484375 184.993743896484375 184.100006103515625 175.8000030517578125 172.1875 174.3874969482421875 173.15625 172.0124969482421875 172.0500030517578125 169.0812530517578125 175 172.7125091552734375 171.75 176.7937469482421875 181.212493896484375 179.725006103515625 180.90625
134.037506103515625 117.68125152587890625 111.7624969482421875 110.0500030517578125 108.55625152587890625 111.7687530517578125 115.1999969482421875 118.8249969482421875 126.36875152587890625 133.7375030517578125 139.962493896484375 146.056243896484375 152.1750030517578125 159.118743896484375 165.9499969482421875 173.09375 178.9499969482421875 181.681243896484375 185.84375 189.9375 187.5812530517578125 188.59375 188.806243896484375 190.681243896484375 186.125 183.725006103515625 182.4937591552734375 181.5500030517578125 176.350006103515625 171.9875030517578125 168.149993896484375 169.537506103515625 170.7937469482421875 173.1750030517578125 173.337493896484375 171.40625 169.631256103515625 173.381256103515625 170.7062530517578125 171.899993896484375 178.806243896484375 179.787506103515625 179.725006103515625 177.618743896484375
127.7375030517578125 116.46875 113.7624969482421875 111.40000152587890625 109.06874847412109375 110.53749847412109375 113.61875152587890625 118.40625 125.5437469482421875 131.8249969482421875 136.9562530517578125 140.899993896484375 147.34375 150.5812530517578125 155.5 160.5812530517578125 165.9562530517578125 167.912506103515625 170.162506103515625 174.78125 173.0812530517578125 175.1125030517578125 177.0875091552734375 178.28125 176.59375 172.4875030517578125 176.287506103515625 174.5187530517578125 170.943756103515625 168.287506103515625 165.100006103515625 160.7937469482421875 163.662506103515625 169.46875 165.0749969482421875 162.625 165.368743896484375 171.6875 168.5 170.40625 176.131256103515625 178.34375 176.556243896484375 176.3249969482421875
123.0749969482421875 112.24375152587890625 112.6062469482421875 113.53125 111.1750030517578125 110.78749847412109375 112.1687469482421875 117.5187530517578125 125.4250030517578125 131.475006103515625 133.09375 135.787506103515625 139.9187469482421875 144.9250030517578125 147.2312469482421875 149.40625 152.056243896484375 153.9375 157.412506103515625 164.806243896484375 164.7687530517578125 162.743743896484375 164.3249969482421875 167.7062530517578125 168.181243896484375 166.4499969482421875 167.006256103515625 162.28125 162.15625 164.51873779296875 162.024993896484375 157.3249969482421875 156.087493896484375 156.225006103515625 154.34375 160.8562469482421875 166.6999969482421875 166.537506103515625 166.1125030517578125 167.0812530517578125 175.2937469482421875 179.975006103515625 178.375 177.21875
131.100006103515625 116.5124969482421875 109.5500030517578125 111.15625 113.3312530517578125 111.71250152587890625 113.46250152587890625 117.63124847412109375 123.7687530517578125 127.83750152587890625 131.693756103515625 132.587493896484375 135.462493896484375 138.28125 139.287506103515625 140.6437530517578125 141.6062469482421875 143.8562469482421875 143.837493896484375 149.0625 151.8125 150.381256103515625 151.09375 158.9250030517578125 159.412506103515625 157.875 156.25 157.3562469482421875 156.6062469482421875 154.7937469482421875 154.4437408447265625 152.9875030517578125 155.068756103515625 154.6062469482421875 153.350006103515625 154.6062469482421875 160.431243896484375 164.475006103515625 162.962493896484375 166.125 172.9187469482421875 173.193756103515625 175.8874969482421875 177.4499969482421875
131.1125030517578125 121.6687469482421875 116.30625152587890625 106.0500030517578125 110.09375 116.27500152587890625 117.66249847412109375 120.05625152587890625 126.6437530517578125 129.4124908447265625 130.881256103515625 131.743743896484375 134 132.6750030517578125 134.65625 135.1187591552734375 133.2937469482421875 132.256256103515625 133.96875 139.3312530517578125 141.756256103515625 142.649993896484375 145.818756103515625 148.03125 151.537506103515625 152 150.712493896484375 150.7937469482421875 148.8312530517578125 147.7312469482421875 147.71875 150.431243896484375 151.2125091552734375 154.5187530517578125 152.7687530517578125 156.118743896484375 155.5 159.8000030517578125 163.9375 170 169.943756103515625 172.931243896484375 172.8874969482421875 171.962493896484375
132.75 125.28125 121.0437469482421875 116.21875 112.71250152587890625 111.4187469482421875 116.1750030517578125 121.1062469482421875 124.6125030517578125 128.087493896484375 130.46875 128.256256103515625 131.1062469482421875 130.350006103515625 129.0437469482421875 129.693756103515625 129.1374969482421875 124.8125 122.40000152587890625 129.46875 131.8125 132.9312591552734375 135.0749969482421875 140.243743896484375 143.25 146.7375030517578125 148.75 144.4562530517578125 140.6999969482421875 143.993743896484375 143.537506103515625 142.1062469482421875 143.8312530517578125 150.3000030517578125 154.09375 155.399993896484375 154.4812469482421875 156.71875 162.337493896484375 169.4499969482421875 168.59375 167.493743896484375 169.125 167.5187530517578125
136.1687469482421875 127.96875 125.40000152587890625 123.13124847412109375 121.65625 124.5500030517578125 122.0625 116.25 116.72499847412109375 120.09375 122.99375152587890625 124.24375152587890625 125.8312530517578125 124.36875152587890625 124.34999847412109375 123.84999847412109375 121.5 117.8625030517578125 115.79375457763671875 116.2687530517578125 122.9875030517578125 127.2062530517578125 128.8125 133.618743896484375 139.118743896484375 139.037506103515625 140.3562469482421875 135.2312469482421875 135.306243896484375 135.2624969482421875 139.4375 138.9499969482421875 142.84375 146.4812469482421875 149.0812530517578125 148.5 148.71875 151.5437469482421875 153.2062530517578125 155.5500030517578125 156.693756103515625 158.350006103515625 158.8937530517578125 156.2312469482421875
138.2312469482421875 131.568756103515625 128.274993896484375 128.149993896484375 128.3874969482421875 128.3562469482421875 127.0749969482421875 124.77500152587890625 121.21875 117.3249969482421875 117.49375152587890625 116.44374847412109375 121.69374847412109375 119.97499847412109375 118.8874969482421875 117.2937469482421875 116.5187530517578125 116.3125 118.36875152587890625 114.13124847412109375 115.84375 123.3562469482421875 125.6687469482421875 132.256256103515625 136.6875 133.4562530517578125 131.3249969482421875 133.225006103515625 134.1750030517578125 133.6750030517578125 139.1437530517578125 135.9812469482421875 134.475006103515625 136.037506103515625 140.3249969482421875 146.1750030517578125 150.25 154.774993896484375 153.3125 151.600006103515625 150.7375030517578125 150.462493896484375 151.5124969482421875 147.1999969482421875
138.037506103515625 133.568756103515625 132.181243896484375 132.4187469482421875 132.787506103515625 134.587493896484375 132.912506103515625 130.6125030517578125 128.3562469482421875 126.68125152587890625 122.24375152587890625 116.08750152587890625 118.2312469482421875 117.63124847412109375 116.3000030517578125 115.25 111.875 114.9875030517578125 117.81874847412109375 117.625 118.72499847412109375 119.02500152587890625 119.1750030517578125 125.54375457763671875 128.568756103515625 130.5749969482421875 128.40625 128.993743896484375 128.0187530517578125 129.087493896484375 132.7062530517578125 130.2687530517578125 132.0187530517578125 133.381256103515625 135.806243896484375 142.725006103515625 148.3000030517578125 153.3937530517578125 152.350006103515625 154.1875 155.618743896484375 152.212493896484375 146.5749969482421875 138.5749969482421875
140.3874969482421875 137.1875 135.4875030517578125 136.8625030517578125 136.9812469482421875 138.7624969482421875 137.9187469482421875 132.537506103515625 127.47499847412109375 125.69374847412109375 124.15000152587890625 119.8625030517578125 114.19374847412109375 114.5 110.5124969482421875 108.33750152587890625 107.9875030517578125 111.28125 114.2687530517578125 119.40625 124.40000152587890625 123.28749847412109375 118.6999969482421875 115.0812530517578125 123.59999847412109375 132.600006103515625 131.3249969482421875 129 123.5500030517578125 124.83750152587890625 126.9812469482421875 128.8312530517578125 132.0187530517578125 132.5625 137.0812530517578125 142.006256103515625 147.600006103515625 148.8312530517578125 154.6875 154.225006103515625 151.34375 146.375 144.087493896484375 132.493743896484375
141.5812530517578125 137.4499969482421875 136.46875 138.4375 139.618743896484375 141.6125030517578125 141.975006103515625 136.899993896484375 129.6750030517578125 123.77500152587890625 120.65625 119.0625 111.03125 108.33750152587890625 108.5749969482421875 104.6374969482421875 104.2624969482421875 107.47499847412109375 111.1062469482421875 118.0625 127.24375152587890625 128.3937530517578125 128 121.78125 122.4375 120.83750152587890625 120.5 121.6437530517578125 119.46250152587890625 120.1125030517578125 119.1999969482421875 121.2312469482421875 126.06874847412109375 129.75 136.25 143.1687469482421875 146.493743896484375 152.3874969482421875 148.7624969482421875 148.3249969482421875 144.3125 142.3125 133.6374969482421875 120.50624847412109375
138.149993896484375 136.6125030517578125 137.3249969482421875 137.5124969482421875 137.40625 139.6374969482421875 138.46875 132.625 126.21875 123.0749969482421875 120.8874969482421875 116.2937469482421875 112.5437469482421875 102.32500457763671875 99.22499847412109375 100.3000030517578125 100.13124847412109375 104.30625152587890625 108.31874847412109375 113.06874847412109375 119.93125152587890625 121.97499847412109375 124.5187530517578125 120.7687530517578125 114.99375152587890625 113.4250030517578125 114.59375 116.6437530517578125 115.81874847412109375 115.50624847412109375 114.5500030517578125 113.25624847412109375 120.2312469482421875 125.21875 131.2062530517578125 139.0812530517578125 147.6999969482421875 157.0625 159.868743896484375 151.899993896484375 141.7062530517578125 135.6999969482421875 122.50624847412109375 113.34999847412109375
135.71875 134.0812530517578125 135.131256103515625 134.725006103515625 133.7687530517578125 133.931243896484375 132.181243896484375 127.6875 125.4187469482421875 120.4250030517578125 117.4875030517578125 113.56874847412109375 107.0124969482421875 99.5 90.5749969482421875 93.5812530517578125 92.90000152587890625 97.75 100.5187530517578125 105.65000152587890625 110.96875 115.41249847412109375 118.56874847412109375 117.1437530517578125 112.0749969482421875 109.0812530517578125 108.4812469482421875 107.33750152587890625 106.6374969482421875 107.03749847412109375 110.90000152587890625 111.7624969482421875 114.71875 119.6125030517578125 126.24375152587890625 138.837493896484375 153.46875 168.3000030517578125 174.212493896484375 164.256256103515625 140.287506103515625 125.5500030517578125 123.00624847412109375 129.368743896484375
133.6687469482421875 130.3874969482421875 130.0124969482421875 130.431243896484375 128.1875 127.09375 128.2624969482421875 124.0187530517578125 120.38124847412109375 115.78125 112.5437469482421875 107.46250152587890625 102.69374847412109375 97.2375030517578125 85.59375 85.4562530517578125 85.74375152587890625 89.56874847412109375 92.84375 98.34999847412109375 105.2937469482421875 109.2624969482421875 112.6750030517578125 114.69374847412109375 113.6875 112.27500152587890625 111.11875152587890625 108.2062530517578125 108.2624969482421875 109.7937469482421875 108.15625 110.1999969482421875 117.6062469482421875 120.40000152587890625 120.8937530517578125 131.2687530517578125 153.7937469482421875 177.8249969482421875 186.375 175.256256103515625 159.5124969482421875 147.024993896484375 151.162506103515625 144.9375
128.287506103515625 125.4812469482421875 125.6687469482421875 124.52500152587890625 123.1750030517578125 124.46250152587890625 121.6687469482421875 118.13124847412109375 115.2624969482421875 112.9187469482421875 108.4499969482421875 103.99375152587890625 99.7624969482421875 94.5625 85.5 74.46875 76.90625 82.0749969482421875 84.72499847412109375 90.4375 96.16249847412109375 102.5124969482421875 107.86875152587890625 115.4250030517578125 116.7687530517578125 115.0187530517578125 111.4875030517578125 106.28125 106.76874542236328125 108.8625030517578125 113.9812469482421875 111.4375 112.40000152587890625 113.4250030517578125 115.47499847412109375 137.006256103515625 156.9187469482421875 178.899993896484375 193.3874969482421875 197.25 190.712493896484375 177.7062530517578125 167.21875 152.6374969482421875
123.05625152587890625 120.61875152587890625 121.43125152587890625 121.5500030517578125 121.16249847412109375 119.11875152587890625 118.16249847412109375 115.11875152587890625 112.52500152587890625 110.22499847412109375 106.4812469482421875 100.96875 95.5124969482421875 91.99375152587890625 88.9812469482421875 81.2062530517578125 73.28125 74.16249847412109375 80.7312469482421875 85.5437469482421875 90.40625 97.05625152587890625 105.75 116.1875 121.65625 112.65625 105.0749969482421875 100.96250152587890625 103.9250030517578125 109.21250152587890625 114.93125152587890625 119.56874847412109375 119.8937530517578125 122.0437469482421875 137.4812469482421875 152.4375 176.868743896484375 207.3562469482421875 228.649993896484375 216.068756103515625 204.537506103515625 185.9499969482421875 166.09375 154.625
117.5749969482421875 116.90625 116.5500030517578125 117.91249847412109375 117.46875 114.34999847412109375 112.58750152587890625 110.8874969482421875 108.53749847412109375 103.59999847412109375 100.4875030517578125 98.125 93.5625 90.33750152587890625 89.4250030517578125 86.03749847412109375 79.3000030517578125 70.5812530517578125 78.28125 82.08750152587890625 86.24375152587890625 91.66249847412109375 102.91249847412109375 112.1374969482421875 116.3625030517578125 107.6999969482421875 99.875 98.41249847412109375 102.6999969482421875 105.5187530517578125 105.46875 108.40625 129.15625 140.90625 146.162506103515625 168.5124969482421875 198.0062408447265625 219.6437530517578125 231.2062530517578125 222.462493896484375 199.2624969482421875 181.1750030517578125 162.881256103515625 151.8874969482421875
112.36875152587890625 111.71250152587890625 110.4250030517578125 110.88124847412109375 112.0124969482421875 110.43125152587890625 107.4187469482421875 106.88124847412109375 105.625 101.5124969482421875 98.3625030517578125 93.93125152587890625 90.9375 89.7624969482421875 86.11875152587890625 85.33750152587890625 82.27500152587890625 76.3312530517578125 72.90000152587890625 74.96875 82.34375 93.6687469482421875 88.1687469482421875 98.4250030517578125 103.8125 104.1875 100.63124847412109375 97.66249847412109375 102.5 106.72499847412109375 108.99375152587890625 114.44374847412109375 130.837493896484375 139.28125 149.100006103515625 168.15625 185.6999969482421875 200.6687469482421875 211.5812530517578125 200.024993896484375 187.4499969482421875 169.056243896484375 156.0437469482421875 146.4375
