data/historical-monthly-weather-data/wc2.1_cruts4.09_10m_prec_1963-08.asc
ncols        45
nrows        45
xllcorner    -63.500000000000
yllcorner    -7.500000000000
cellsize     0.166666666667
NODATA_value -9999
[rows 19 to 37 of 45, columns 0 to 42 of 45]
110.8625030517578125 108.86875152587890625 104.72499847412109375 101.21875 96.5437469482421875 92.1437530517578125 86.78125 81.15625 77.96875 73.56874847412109375 68.40625 61.25624847412109375 52.33750152587890625 44.06874847412109375 37.5 31.418750762939453125 25.237499237060546875 22.75 21.46875 21.487499237060546875 21.756250381469726562 23.325000762939453125 26.787500381469726562 30.462499618530273438 33.5 35.34375 36.693752288818359375 36.862499237060546875 35.737499237060546875 32.793750762939453125 32.15625 36.924999237060546875 39.356250762939453125 41.950000762939453125 44.731250762939453125 46.331249237060546875 47 47.41249847412109375 46.69374847412109375 44.375 40.393749237060546875 37.0625 34.59375
102.90625 103.66249847412109375 101.8125 98.66249847412109375 93.0749969482421875 88.78125 84.66249847412109375 80.0812530517578125 77.3937530517578125 73.19374847412109375 68.8562469482421875 62.987499237060546875 54.18125152587890625 45.83750152587890625 38.481250762939453125 32.237499237060546875 26.625 23.0625 22.149999618530273438 21.524999618530273438 22.987499237060546875 25.118749618530273438 27.681249618530273438 31.1875 34.825000762939453125 35.88124847412109375 35.53749847412109375 35.59375 35.56874847412109375 35.74375152587890625 36.893749237060546875 40 40.668750762939453125 41.518749237060546875 43.90625 45.25 46.762500762939453125 47.168750762939453125 45.88124847412109375 43.875 40.25624847412109375 37.34375 34.94374847412109375
98.6374969482421875 98.0437469482421875 97.09375 95.53749847412109375 91.6750030517578125 86.90000152587890625 83.84999847412109375 78.7687530517578125 76.78749847412109375 72.80625152587890625 70.05625152587890625 66.61875152587890625 61.47499847412109375 53.33750152587890625 44.72499847412109375 36.38124847412109375 31.206249237060546875 27.368749618530273438 25.350000381469726562 24.256250381469726562 24.125 25.537500381469726562 27.856250762939453125 30.737499237060546875 33.15000152587890625 34.575000762939453125 37.012500762939453125 37.02500152587890625 37.61875152587890625 38.05625152587890625 39.15625 40.856250762939453125 41 41.512500762939453125 41.61875152587890625 43.043750762939453125 45.41249847412109375 46.887500762939453125 46.043750762939453125 43.74375152587890625 40.38124847412109375 37.27500152587890625 34.168750762939453125
94.75624847412109375 97.28749847412109375 97.3937530517578125 94.6687469482421875 91.46250152587890625 87.09999847412109375 81.90625 76.7624969482421875 75.99375152587890625 74.8937530517578125 74.21250152587890625 72.7624969482421875 70.15000152587890625 62.52500152587890625 51.88124847412109375 42.331249237060546875 35.268749237060546875 30.9375 28.174999237060546875 26.137500762939453125 25.912500381469726562 26.943750381469726562 28.493749618530273438 29.512500762939453125 32.125 34.34375 36.66249847412109375 38.08750152587890625 38.331249237060546875 38.237499237060546875 39.287502288818359375 41.21875 40.950000762939453125 40.06874847412109375 39.25 38.94374847412109375 41.368747711181640625 44.97499847412109375 45.43125152587890625 42.950000762939453125 40.21875 36.6875 33.59375
93.72499847412109375 97.6437530517578125 98.6437530517578125 93.90000152587890625 89.7062530517578125 86.03749847412109375 82.5749969482421875 79.1875 76.1437530517578125 76.15000152587890625 76.31874847412109375 78.2062530517578125 77.3874969482421875 69.18125152587890625 57.987499237060546875 47.94374847412109375 40.325000762939453125 35.012500762939453125 31.256250381469726562 28.737499237060546875 28.112499237060546875 28.381250381469726562 28.712499618530273438 30.043750762939453125 31.725000381469726562 33.00624847412109375 36.106250762939453125 36.91249847412109375 37.91249847412109375 38.78125 40.331249237060546875 41.887500762939453125 41.28125 39.143749237060546875 37.643749237060546875 36.518749237060546875 38.200000762939453125 41.71250152587890625 42.75624847412109375 40.950000762939453125 38.53125 35.706249237060546875 32.875
94.7062530517578125 98.28749847412109375 98.6374969482421875 95.90625 92.09999847412109375 87.8000030517578125 83.5625 80.46250152587890625 78.78749847412109375 78.6750030517578125 77.84999847412109375 78.28749847412109375 77.34999847412109375 70.9812469482421875 61.206249237060546875 52.125 44.59999847412109375 38.61875152587890625 34.09375 31 29.950000762939453125 29.337499618530273438 29.056249618530273438 29.962499618530273438 30.693750381469726562 32.28125 34.21250152587890625 35.549999237060546875 36.918750762939453125 38.512500762939453125 40.13124847412109375 41.543750762939453125 40.75 39.231250762939453125 37.36875152587890625 36.049999237060546875 37.16249847412109375 38.299999237060546875 39.081249237060546875 38.456249237060546875 36.6875 34.75 32.52500152587890625
98.25624847412109375 101.33750152587890625 98.71250152587890625 97.1687469482421875 92.09375 88.02500152587890625 84.1437530517578125 82.0500030517578125 79.0625 77.5437469482421875 76.8874969482421875 76.71875 75.41249847412109375 69.72499847412109375 62.31874847412109375 53.956249237060546875 47.11875152587890625 41.387500762939453125 36.16249847412109375 32.91249847412109375 31.518749237060546875 30.087499618530273438 29.475000381469726562 29.475000381469726562 29.768749237060546875 30.706249237060546875 32.875 34.487499237060546875 36.34375 38.46875 40.143749237060546875 41.75 40.30625152587890625 38.47499847412109375 36.487499237060546875 35.91249847412109375 36.09999847412109375 35.88124847412109375 36.668750762939453125 35.831249237060546875 34.799999237060546875 33.34375 31.956249237060546875
102.3125 103.1687469482421875 101.3874969482421875 98.6125030517578125 94.0500030517578125 89.86875152587890625 86.96250152587890625 83.25 79.25 78.53125 77.7375030517578125 75.3937530517578125 73.21250152587890625 68.7624969482421875 62.768749237060546875 55.512500762939453125 49.46250152587890625 43.56874847412109375 38.731250762939453125 34.518749237060546875 32.106250762939453125 30.59375 29.125 29.424999237060546875 29.568750381469726562 29.637500762939453125 32.24375152587890625 34.231250762939453125 35.99375152587890625 37.78125 39.987499237060546875 41.02500152587890625 39.6875 37.625 35.13124847412109375 34.518749237060546875 33.825000762939453125 33.606250762939453125 33.65000152587890625 32.981250762939453125 32.16249847412109375 31.15625 30.768749237060546875
108.3000030517578125 104.6750030517578125 102.9375 100.28749847412109375 96.6687469482421875 91.3874969482421875 87.9875030517578125 84.3874969482421875 81.08750152587890625 79.1875 76.2312469482421875 73.46250152587890625 71.1687469482421875 68.0749969482421875 62.137500762939453125 56.22499847412109375 51.231250762939453125 45.52500152587890625 40.643749237060546875 36.08750152587890625 33.31874847412109375 30.481250762939453125 29.112501144409179688 29.112499237060546875 28.96875 28.706249237060546875 31.331249237060546875 33.8125 35.97499847412109375 37.88124847412109375 39.46875 40.268749237060546875 38.61875152587890625 35.887500762939453125 33.9375 32.77500152587890625 31.668750762939453125 31.1875 31.475000381469726562 31.306249618530273438 30.537500381469726562 30.0625 29.712499618530273438
110.41249847412109375 108.78749847412109375 105.11875152587890625 102.15000152587890625 96.58750152587890625 91.65625 87.09375 82.5124969482421875 81.1437530517578125 77.8874969482421875 74.75 71.7062530517578125 69.21250152587890625 66.7624969482421875 61.91249847412109375 56.768749237060546875 52.71250152587890625 47.49375152587890625 42.487499237060546875 37.981250762939453125 34.61875152587890625 31.3125 29.200000762939453125 28.65625 28.625 28.181249618530273438 30.918750762939453125 33.36875152587890625 35.487499237060546875 37.21875 38.543750762939453125 39.46250152587890625 36.94374847412109375 33.799999237060546875 31.774999618530273438 31.256250381469726562 30.5 30.012500762939453125 30.299999237060546875 29.881250381469726562 28.706249237060546875 28.356250762939453125 28.475000381469726562
109.33750152587890625 108.71875 104.90625 99.81874847412109375 95.50624847412109375 91.1750030517578125 86.28749847412109375 83.2062530517578125 80.36875152587890625 76.50624847412109375 73.7312469482421875 71.19374847412109375 68.53749847412109375 65.6750030517578125 61.59999847412109375 57.21250152587890625 53.012500762939453125 49.08750152587890625 45.200000762939453125 39.96250152587890625 36.206249237060546875 33.206249237060546875 30.862499237060546875 30.018749237060546875 29.506250381469726562 29.618749618530273438 31.612499237060546875 33.88124847412109375 35.18125152587890625 36.21250152587890625 37.237499237060546875 37.9375 35.33750152587890625 32.543750762939453125 30.456249237060546875 29.487499237060546875 29.524999618530273438 29.25 29.100000381469726562 29.356250762939453125 28.899999618530273438 28.15625 27.174999237060546875
107.36875152587890625 106.0187530517578125 100.8562469482421875 97.8000030517578125 96.4499969482421875 91.46875 87.09375 82.58750152587890625 78.90625 75.0812530517578125 71.625 70.4812469482421875 68.9562530517578125 66.0500030517578125 61.25624847412109375 57.356250762939453125 54.59375 50.96875 47.56874847412109375 42.893749237060546875 38.68125152587890625 34.450000762939453125 31.706249237060546875 30.825000762939453125 30.193750381469726562 30.412500381469726562 31.831249237060546875 34.112499237060546875 35.6875 36.28749847412109375 36.881252288818359375 36.72499847412109375 33.862499237060546875 31.1875 29.581249237060546875 28.443750381469726562 28.28125 28.018749237060546875 28.487499237060546875 29.262500762939453125 28.762500762939453125 26.887500762939453125 25.318750381469726562
104.02500152587890625 103.25624847412109375 98.5812530517578125 95.6437530517578125 95.1875 90.52500152587890625 85.80625152587890625 80.5124969482421875 77.21875 73.88124847412109375 70.5437469482421875 68.8874969482421875 66.59999847412109375 64.6062469482421875 61.03749847412109375 59.075000762939453125 56.0625 52.325000762939453125 48.38124847412109375 44.34375 40.299999237060546875 36.799999237060546875 33.200000762939453125 31.537500381469726562 31.049999237060546875 31.0625 32.393749237060546875 34.543750762939453125 35.706249237060546875 35.58750152587890625 35.91249847412109375 35.112499237060546875 32.418750762939453125 30.081249237060546875 27.649999618530273438 26.431249618530273438 26.181249618530273438 26.056249618530273438 26.612499237060546875 27.274999618530273438 26.731250762939453125 24.799999237060546875 23.59375
95.13124847412109375 94 91.21875 89.9562530517578125 88.3562469482421875 84.22499847412109375 81.33750152587890625 77.6875 74.05625152587890625 71.78749847412109375 70.4812469482421875 67.77500152587890625 65.2937469482421875 64.27500152587890625 61.28125 59.799999237060546875 57.19374847412109375 54.03749847412109375 50.112499237060546875 46.174999237060546875 42.356250762939453125 38.78749847412109375 35.61875152587890625 34.768749237060546875 34.1875 33.53125 34.56874847412109375 35.27500152587890625 36.28125 35.424999237060546875 35.112499237060546875 33.731250762939453125 31.012500762939453125 28.381250381469726562 26.037500381469726562 24.712499618530273438 24.206249237060546875 23.681249618530273438 23.84375 24.106250762939453125 23.287500381469726562 21.90625 20.700000762939453125
85.8937530517578125 86.2624969482421875 84.3937530517578125 84.8000030517578125 81.22499847412109375 78.93125152587890625 77.5812530517578125 74.9187469482421875 71.58750152587890625 69.06874847412109375 67.35625457763671875 65.9187469482421875 64.84375 61.93125152587890625 60.512500762939453125 58.63124847412109375 57.33750152587890625 53.981250762939453125 50.168750762939453125 47.03749847412109375 43.862499237060546875 40.71875 38.137500762939453125 36.94374847412109375 36.63124847412109375 36.16249847412109375 36.625 36.61875152587890625 37.55625152587890625 36.293750762939453125 34.94374847412109375 32.86875152587890625 29.581249237060546875 26.543750762939453125 24.362499237060546875 22.943750381469726562 22.168750762939453125 21.256250381469726562 21.075000762939453125 20.631250381469726562 20.200000762939453125 19.181249618530273438 17.981250762939453125
78.27500152587890625 78.3874969482421875 77.90625 77.1374969482421875 75.90000152587890625 74.3937530517578125 73.25 71.58750152587890625 67.61875152587890625 66.1062469482421875 64.6750030517578125 64.4250030517578125 62.68125152587890625 61.49375152587890625 60.262500762939453125 59.27500152587890625 58.081249237060546875 54.731250762939453125 51.125 48.237499237060546875 45.59999847412109375 42.581249237060546875 39.83750152587890625 39.09375 38.53125 38.325000762939453125 38.293750762939453125 38 38.612499237060546875 36.924999237060546875 34.28125 31.40625 28.112499237060546875 24.868749618530273438 22.481250762939453125 20.981250762939453125 19.681249618530273438 18.862499237060546875 18.549999237060546875 17.881250381469726562 17.03125 16.137500762939453125 15.287500381469726562
71.6062469482421875 72.03749847412109375 71.1437530517578125 70.33750152587890625 69.8249969482421875 67.9562530517578125 66.75 64.875 62.44374847412109375 61.825000762939453125 62.21250152587890625 61.74375152587890625 61.72499847412109375 60.987499237060546875 60.40000152587890625 60.28125 58.74375152587890625 56.40625 52.43125152587890625 49.581249237060546875 47.59375 45.893749237060546875 43.21875 42.63124847412109375 41.71875 40.96250152587890625 40.331249237060546875 40.71250152587890625 39.99375152587890625 37.262500762939453125 34.09999847412109375 30.893749237060546875 26.725000381469726562 23.799999237060546875 21.112499237060546875 19.168750762939453125 18.168750762939453125 17.225000381469726562 16.487499237060546875 15.975000381469726562 15.118749618530273438 14.556249618530273438 13.524999618530273438
63.5625 63.887500762939453125 63.143749237060546875 63.112499237060546875 62.99375152587890625 62.174999237060546875 61.53749847412109375 60.924999237060546875 58.56874847412109375 57.3125 60.106250762939453125 62.22499847412109375 62.918750762939453125 61.9375 62.08750152587890625 61.075000762939453125 59.737499237060546875 57.13124847412109375 54.02500152587890625 50.856250762939453125 49.30625152587890625 48.08750152587890625 46.049999237060546875 45.737499237060546875 45.206249237060546875 43.68125152587890625 43.125 42.71875 40.75 37.50624847412109375 34.181247711181640625 30.256250381469726562 26.225000381469726562 22.706249237060546875 19.956249237060546875 18.106250762939453125 16.96875 16.049999237060546875 15.137499809265136719 14.512499809265136719 13.556249618530273438 13.024999618530273438 12.068749427795410156
56.99375152587890625 57.625 56.65000152587890625 57.5625 58.018749237060546875 57.387500762939453125 57.174999237060546875 56.799999237060546875 56.27500152587890625 55.387500762939453125 61.825000762939453125 64.71875 63.706249237060546875 63.81874847412109375 64.33750152587890625 63.05625152587890625 60.943752288818359375 57.799999237060546875 55.9375 52.94374847412109375 51.52500152587890625 49.950000762939453125 48.40000152587890625 48.174999237060546875 47.80625152587890625 46.91249847412109375 46.05625152587890625 45.268749237060546875 43.293750762939453125 39.05625152587890625 34.5 30.731250762939453125 26.774999618530273438 22.331249237060546875 19.143749237060546875 17.106250762939453125 16.306249618530273438 15.399999618530273438 14.568750381469726562 13.850000381469726562 12.387499809265136719 11.618749618530273438 10.868749618530273438
