data/historical-monthly-weather-data/wc2.1_cruts4.09_10m_prec_1994-08.asc
ncols        51
nrows        45
xllcorner    -63.500000000000
yllcorner    -7.500000000000
cellsize     0.166666666667
NODATA_value -9999
[rows 0 to 18 of 45, columns 0 to 42 of 51]
317.95001220703125 332.625 334.399993896484375 342.73126220703125 352.09375 358.412506103515625 353.568756103515625 352.318756103515625 348.412506103515625 340.212493896484375 322.29376220703125 308.8125 299.225006103515625 284.04376220703125 270.40625 251.59375 237.4250030517578125 223.4250030517578125 209.75 202.350006103515625 196.2375030517578125 188.1750030517578125 180.7687530517578125 174.0500030517578125 165.912506103515625 158.5187530517578125 155.3000030517578125 154.09375 146.506256103515625 146.84375 142.625 143.243743896484375 144.28125 142.3000030517578125 142.068756103515625 142.8312530517578125 141.931243896484375 142.9187469482421875 144.8312530517578125 145.4499969482421875 146.8562469482421875 149.875 149.53125
304.92498779296875 318.08123779296875 330.087493896484375 342.962493896484375 358.54376220703125 363.462493896484375 354.57501220703125 352.850006103515625 351.01251220703125 343.368743896484375 329.17498779296875 318.3125 302.36248779296875 284.34375 268.20001220703125 254.399993896484375 237.037506103515625 221.712493896484375 208.3562469482421875 198.53125 192.03125 184.1125030517578125 177.1125030517578125 172.1687469482421875 164.0187530517578125 155.506256103515625 154.6437530517578125 151.3125 144.225006103515625 143.725006103515625 144.243743896484375 144.6750030517578125 145.4250030517578125 146.287506103515625 145.3874969482421875 144.743743896484375 141.1875 144.1437530517578125 144.5625 145.068756103515625 149.78125 150.975006103515625 153.1125030517578125
277.48126220703125 294.024993896484375 309.556243896484375 327.5 344.625 350.118743896484375 348.67498779296875 347.8125 343.25 335.6875 327.756256103515625 317.23748779296875 300.993743896484375 280.125 263.11248779296875 248.181243896484375 233.100006103515625 218.399993896484375 205.7562408447265625 193.9187469482421875 189.9499969482421875 185.9187469482421875 179.774993896484375 175.837493896484375 165.71875 158.587493896484375 158.40625 152.1125030517578125 144.475006103515625 144.912506103515625 143.381256103515625 143.662506103515625 144.53125 146.431243896484375 144.0500030517578125 140.0187530517578125 138.75 141.0437469482421875 140.7624969482421875 143.568756103515625 150.1999969482421875 153.037506103515625 157.7687530517578125
251.431243896484375 262.86248779296875 282.725006103515625 303.26251220703125 318.443756103515625 325.42498779296875 330.26873779296875 333.64373779296875 336.73748779296875 331.07501220703125 320.48126220703125 307.15625 293.32501220703125 273.837493896484375 256.85626220703125 240.9875030517578125 227.600006103515625 215.274993896484375 204.149993896484375 198.6875 193.8562469482421875 187.9562530517578125 181.681243896484375 177.975006103515625 168.9375 161.125 158.8874969482421875 148.975006103515625 141.9187469482421875 142.462493896484375 141.631256103515625 139.9124908447265625 138.337493896484375 137.850006103515625 136.662506103515625 135.318756103515625 137.443756103515625 137.9812469482421875 136.40625 141.725006103515625 146.818756103515625 153.818756103515625 158.9499969482421875
250.2624969482421875 253.743743896484375 257.45623779296875 272.399993896484375 292.54376220703125 300.493743896484375 305.88751220703125 318.568756103515625 327.568756103515625 324.11248779296875 312.01251220703125 297.506256103515625 283.931243896484375 268.03125 250.28125 235.6687469482421875 220.975006103515625 208.7312469482421875 199.21875 196.375 196.493743896484375 188.412506103515625 183.5 182.068756103515625 170.756256103515625 161.5187530517578125 154.868743896484375 149.056243896484375 141.5749969482421875 138.3312530517578125 140.0500030517578125 136.9562530517578125 136.524993896484375 136.6750030517578125 135.4375 132.3000030517578125 131.975006103515625 132.881256103515625 131.787506103515625 135.0187530517578125 144.024993896484375 151.3000030517578125 160.662506103515625
241.774993896484375 244.125 244.2375030517578125 242.381256103515625 258.931243896484375 278.39373779296875 287.618743896484375 295.85626220703125 306.381256103515625 304.412506103515625 289.86248779296875 277.28125 267.631256103515625 255.118743896484375 239.3562469482421875 227.274993896484375 212.524993896484375 200.6437530517578125 195.725006103515625 194.306243896484375 194.5437469482421875 190.4499969482421875 186.34375 177.71875 169.9499969482421875 161.875 154.8312530517578125 147.3249969482421875 140.806243896484375 135.787506103515625 136.2624969482421875 135.756256103515625 133.0749969482421875 133.4875030517578125 130.2375030517578125 129.806243896484375 127.69374847412109375 125.6999969482421875 126.59999847412109375 131.943756103515625 137.256256103515625 145.9562530517578125 155.693756103515625
234.8625030517578125 238.7687530517578125 239.1875 238.6875 244.8000030517578125 252.1999969482421875 259.85626220703125 267.181243896484375 265.162506103515625 265.6875 260.58123779296875 253.9187469482421875 250.3249969482421875 241.0812530517578125 230.537506103515625 220.0625 207.3000030517578125 198.8312530517578125 193.399993896484375 195.0437469482421875 193.71875 191.212493896484375 187.1750030517578125 179.59375 170.5437469482421875 163.0625 154.9562530517578125 145.899993896484375 136.1437530517578125 134.381256103515625 132.75 130.225006103515625 129.787506103515625 129.587493896484375 127.28749847412109375 125.1125030517578125 121.5124969482421875 120 121.90000152587890625 126.93125152587890625 131.350006103515625 139.475006103515625 150.5
229.649993896484375 230.34375 234.65625 236.71875 244.149993896484375 250.7687530517578125 245.7937469482421875 232.2624969482421875 223.1750030517578125 225.475006103515625 233.618743896484375 232.2937469482421875 230.381256103515625 225.587493896484375 219.506256103515625 211.149993896484375 202.681243896484375 196.375 191.875 192.7062530517578125 194.0250091552734375 192.2312469482421875 186.243743896484375 177.65625 171.3312530517578125 161.4562530517578125 151.84375 143.2937469482421875 134.693756103515625 129.3000030517578125 129.6750030517578125 126.5812530517578125 124.22499847412109375 124.84999847412109375 120.625 117.6750030517578125 114.3000030517578125 111.7937469482421875 112.0124969482421875 114.7312469482421875 119.69374847412109375 128.2687530517578125 138.2312469482421875
225.774993896484375 226.806243896484375 232.2624969482421875 232.3249969482421875 236.693756103515625 238.818756103515625 236.118743896484375 226.4562530517578125 208.462493896484375 200.662506103515625 206.5500030517578125 207.8937530517578125 213.399993896484375 210.7687530517578125 207.1687469482421875 201.96875 199.6125030517578125 196.0625 196.787506103515625 193.53125 192.256256103515625 191.6750030517578125 184.9499969482421875 181.318756103515625 172.975006103515625 160.412506103515625 147.6999969482421875 141.212493896484375 133.087493896484375 127.56874847412109375 127.2312469482421875 121.46875 117.0500030517578125 113.6999969482421875 111.05625152587890625 110.34375 108.22499847412109375 106.1999969482421875 104.9499969482421875 106.4875030517578125 109.28749847412109375 114.09999847412109375 120.18125152587890625
220.1750030517578125 221.568756103515625 224.881256103515625 227.6125030517578125 231.212493896484375 232.368743896484375 233.71875 224.287506103515625 209.756256103515625 205.2062530517578125 203.287506103515625 197.631256103515625 201.2937469482421875 200.881256103515625 197.1062469482421875 195.649993896484375 193.556243896484375 195.0500030517578125 196.3562469482421875 196.5749969482421875 194.9187469482421875 190.0812530517578125 182.6374969482421875 178.4499969482421875 169.0500030517578125 156.5749969482421875 144.743743896484375 136.9250030517578125 127.2687530517578125 121.375 117.46875 112.77500152587890625 111.3249969482421875 109.83750152587890625 108.38124847412109375 106.69374847412109375 103.1687469482421875 100.0500030517578125 99.5625 99.9187469482421875 100.5437469482421875 101.94374847412109375 104.28749847412109375
218.5187530517578125 219.243743896484375 219.493743896484375 220.8562469482421875 225.631256103515625 230.462493896484375 231.024993896484375 219.0500030517578125 207.524993896484375 200.3625030517578125 199.7937469482421875 194.8249969482421875 192.3937530517578125 189.818756103515625 185.5625 184.068756103515625 185.193756103515625 189.78125 192.162506103515625 196.0187530517578125 200.306243896484375 195.15625 186.037506103515625 175.3249969482421875 169.6125030517578125 157.756256103515625 146.25 135.53125 122.78749847412109375 114.9812469482421875 112.4875030517578125 108.3312530517578125 108.70624542236328125 107.6875 104.33750152587890625 101.1687469482421875 97.2687530517578125 94.91249847412109375 92.8937530517578125 91.28749847412109375 89.8562469482421875 90.1062469482421875 92.0124969482421875
213.912506103515625 215.3249969482421875 215.399993896484375 218.1125030517578125 223.2312469482421875 227.493743896484375 229.181243896484375 219.8625030517578125 207.149993896484375 198.3874969482421875 195.0500030517578125 190.2687530517578125 184.5124969482421875 178.462493896484375 180.243743896484375 178.806243896484375 178.493743896484375 180.412506103515625 185.537506103515625 193.25 198.7687530517578125 195.056243896484375 187.649993896484375 178.4499969482421875 168.287506103515625 149.03125 137.368743896484375 128.53125 117.625 111.08750152587890625 106.96250152587890625 105.13124847412109375 102.9562530517578125 101.59375 100.3000030517578125 98.78125 95.3312530517578125 91.5812530517578125 86.40000152587890625 81.625 79.5187530517578125 79.21250152587890625 79.15625
207.4562530517578125 206.443756103515625 207.725006103515625 208.0812530517578125 214.287506103515625 216.3249969482421875 213.0500030517578125 207.631256103515625 196.399993896484375 189.6125030517578125 186.3312530517578125 183.4250030517578125 176.65625 167.5437469482421875 165.4499969482421875 166.2687530517578125 165.037506103515625 170.1875 175.100006103515625 179.9562530517578125 187.350006103515625 186.0812530517578125 180.6750030517578125 167.537506103515625 150 134.4250030517578125 128.306243896484375 121.4562530517578125 115.4187469482421875 109.65625 104.38124847412109375 100.8937530517578125 100.66875457763671875 96.625 96.13124847412109375 96.78125 97.3874969482421875 92.90000152587890625 87.9875030517578125 79.0187530517578125 70.59375 71.3937530517578125 69.86875152587890625
199.350006103515625 196.100006103515625 195.8249969482421875 198.5187530517578125 201.7375030517578125 201.03125 197.9250030517578125 195.3125 185.1875 179.1125030517578125 173.875 168.693756103515625 164.4875030517578125 157.5124969482421875 148.34375 150.9375 151.7624969482421875 156.1374969482421875 156.4250030517578125 159.7687530517578125 167.3249969482421875 167.193756103515625 163.412506103515625 154.28125 141.4562530517578125 130.100006103515625 124.28125 118.71875 113.1687469482421875 108.77500152587890625 104.9375 99.24375152587890625 98.0437469482421875 95.24375152587890625 96.80625152587890625 100.375 101.74375152587890625 101.88124847412109375 97.24375152587890625 85.1999969482421875 68.65000152587890625 63.15000152587890625 64.4375
189.5812530517578125 188.46875 186.2624969482421875 186.03125 189.0187530517578125 187.53125 184.0625 179.368743896484375 170.4875030517578125 165.1374969482421875 157.6875 154.5562591552734375 150.443756103515625 142.5124969482421875 133.34375 130.8937530517578125 131.506256103515625 133.0124969482421875 134.75 138.931243896484375 146.1999969482421875 148.568756103515625 148.1999969482421875 145.537506103515625 139.7375030517578125 133.443756103515625 126.4562530517578125 119.63124847412109375 112.6875 107.63124847412109375 102.1875 98.13124847412109375 97.1999969482421875 96.6875 96.80625152587890625 101.3249969482421875 106.59375 114.8125 112.91249847412109375 97.71875 85.0500030517578125 78.08750152587890625 78.125
177.5187530517578125 177.4812469482421875 176.618743896484375 175.9187469482421875 176.306243896484375 176 172.774993896484375 165.3562469482421875 157.9875030517578125 152.024993896484375 145.350006103515625 140.21875 134.71875 127.91249847412109375 120.21875 112.19374847412109375 111.8562469482421875 113.53125 114.96250152587890625 119.6374969482421875 126.41249847412109375 131.9499969482421875 137.368743896484375 141.193756103515625 140.40625 135.837493896484375 129.350006103515625 120.61875152587890625 112.8562469482421875 108.2624969482421875 104.2375030517578125 99.73749542236328125 97.1374969482421875 96.6437530517578125 98.3937530517578125 109.91249847412109375 118.59999847412109375 126.81874847412109375 127.875 119.3312530517578125 109.66249847412109375 99.5 90.75624847412109375
169.5187530517578125 169.725006103515625 167.5124969482421875 167.1125030517578125 164.837493896484375 164.850006103515625 162.84375 157.287506103515625 147.931243896484375 142.506256103515625 136.3125 129.087493896484375 123.3312530517578125 116.49375152587890625 108.78749847412109375 101.15625 93.84375 93.9812469482421875 97.78749847412109375 103.1750030517578125 107.93125152587890625 116.5500030517578125 126.7312469482421875 138.1687469482421875 143.0812530517578125 138.8874969482421875 129.0625 120.69374847412109375 111.49375152587890625 105.8312530517578125 103.84999847412109375 102.9875030517578125 103.06874847412109375 103.9562530517578125 116.75 128.006256103515625 136.837493896484375 149.5500030517578125 155.1125030517578125 140.399993896484375 125.59999847412109375 109.78749847412109375 95.7375030517578125
157.181243896484375 159.09375 158.25 158.8125 156.9875030517578125 157.03125 152.34375 147.649993896484375 139.625 133.2312469482421875 127.21250152587890625 120.86875152587890625 112.43125152587890625 104.40000152587890625 97.15000152587890625 89.625 82.5 77.30625152587890625 82.3937530517578125 85.09375 91.75 100.86875152587890625 113.86875152587890625 126.68125152587890625 136.962493896484375 136.899993896484375 130.3249969482421875 121.4812469482421875 110.8937530517578125 103.56874847412109375 96.6750030517578125 94.3562469482421875 107.40625 121.72499847412109375 131.274993896484375 145.006256103515625 157.306243896484375 165.318756103515625 162.9375 150.8249969482421875 128.931243896484375 114 100.5749969482421875
145.2937469482421875 147.7937469482421875 148.4187469482421875 149.725006103515625 150.225006103515625 148.5562591552734375 145.1999969482421875 140.03125 135.4250030517578125 130.1687469482421875 123.18125152587890625 112.47499847412109375 104.2375030517578125 96.65000152587890625 87.5500030517578125 81.52500152587890625 74.28125 67.84375 67.61875152587890625 71.1875 82.02500152587890625 99.5500030517578125 98.2062530517578125 112.5187530517578125 124.28749847412109375 132.9187469482421875 130.350006103515625 121.08750152587890625 113.88124847412109375 101.8562469482421875 93.69374847412109375 97.15000152587890625 113.31874847412109375 125.8562469482421875 138.350006103515625 151.681243896484375 157.59375 157.806243896484375 156.3312530517578125 143.5187530517578125 128.5500030517578125 114.94374847412109375 102.55625152587890625
