data/historical-monthly-weather-data/wc2.1_cruts4.09_10m_prec_2005-11.asc
ncols        51
nrows        45
xllcorner    -63.500000000000
yllcorner    -7.500000000000
cellsize     0.166666666667
NODATA_value -9999
[rows 20 to 39 of 45, columns 0 to 43 of 51]
170.4375 173.8125 177.5812530517578125 181.34375 184.5437469482421875 189.243743896484375 193.881256103515625 197.350006103515625 199.875 200.4187469482421875 199.431243896484375 196.118743896484375 191.068756103515625 183.806243896484375 178.6687469482421875 173.212493896484375 168.9375 169.462493896484375 174.399993896484375 179.65625 191.868743896484375 202.850006103515625 210.243743896484375 212.3125 213.368743896484375 211.399993896484375 203.28125 190.5437469482421875 176.524993896484375 165.350006103515625 156.475006103515625 154.2624969482421875 156.1437530517578125 159.725006103515625 163.46875 168.024993896484375 170.756256103515625 173.59375 174.587493896484375 175.5124969482421875 175.0812530517578125 174.4250030517578125 172.3000030517578125 168.962493896484375
166.774993896484375 169.3125 174.0625 178.774993896484375 183.368743896484375 188.850006103515625 195.03125 199.912506103515625 204.6875 207.1125030517578125 207.5124969482421875 206.318756103515625 202.618743896484375 195.5500030517578125 188.9375 182.287506103515625 177.9875030517578125 176.5812530517578125 178.068756103515625 181.78125 189.118743896484375 197.5124969482421875 205.149993896484375 207.100006103515625 207.5 206.34375 201.493743896484375 191.756256103515625 182.1687469482421875 173.725006103515625 165.1374969482421875 162.0749969482421875 163.4250030517578125 168.225006103515625 173.431243896484375 177.625 180.2687530517578125 182.225006103515625 181.4250030517578125 181.6437530517578125 180.46875 179.09375 177.068756103515625 174.568756103515625
163.399993896484375 167.1374969482421875 171.9875030517578125 177.181243896484375 182.568756103515625 188.4250030517578125 194.5437469482421875 201.743743896484375 208.5749969482421875 212.2624969482421875 215.1062469482421875 215.78125 216.7687530517578125 210.78125 200.443756103515625 191.243743896484375 185.193756103515625 182.6999969482421875 181.78125 182.8562469482421875 188.21875 194.0437469482421875 199.3249969482421875 201 202.962493896484375 203.399993896484375 199.1125030517578125 193.125 185.3874969482421875 178.243743896484375 172.212493896484375 169.2624969482421875 172.1062469482421875 177.381256103515625 182.350006103515625 187.0187530517578125 189.78125 189.712493896484375 187.912506103515625 187.162506103515625 186.28125 184.1750030517578125 181.806243896484375 179.100006103515625
160.6125030517578125 164.4562530517578125 169.493743896484375 174.1125030517578125 179.8562469482421875 186.8000030517578125 193.693756103515625 201.587493896484375 208.0187530517578125 212.8937530517578125 217.056243896484375 222.368743896484375 226.7937469482421875 220.25 208.03125 197.96875 190.9250030517578125 187.475006103515625 184.84375 183.4375 187.1062469482421875 191.225006103515625 194.2312469482421875 195.837493896484375 197.96875 198.59375 198.193756103515625 192.1875 187.399993896484375 182.024993896484375 178.6374969482421875 176.9562530517578125 179.787506103515625 184.4250030517578125 189.806243896484375 195.8000030517578125 198.693756103515625 196.6750030517578125 194.5500030517578125 192.975006103515625 191.2937469482421875 188.9250030517578125 186.5 183.524993896484375
160.2312469482421875 163.1062469482421875 167.875 172.53125 178.8125 185.056243896484375 191.4499969482421875 198.787506103515625 205.649993896484375 211.0187530517578125 216.287506103515625 219.868743896484375 222.875 219.09375 210.03125 201.2062530517578125 194.3625030517578125 189.6999969482421875 186.399993896484375 183.912506103515625 185.6062469482421875 187.037506103515625 189.53125 190.5124969482421875 191.9250030517578125 194.899993896484375 194.6999969482421875 191.9812469482421875 188.225006103515625 185.875 183.256256103515625 182.462493896484375 185.28125 189.5812530517578125 193.8312530517578125 198.2624969482421875 201.287506103515625 199.899993896484375 198.46875 197.6687469482421875 195.6374969482421875 193.181243896484375 191.743743896484375 190.068756103515625
162.350006103515625 165.0187530517578125 167.09375 171.868743896484375 176.631256103515625 182.024993896484375 187.6437530517578125 194.2624969482421875 200.6374969482421875 206.2624969482421875 211.2312469482421875 214.71875 216.0437469482421875 213.90625 208.243743896484375 201.875 196.475006103515625 191.806243896484375 188.006256103515625 185.1062469482421875 185.037506103515625 184.9812469482421875 185.037506103515625 184.412506103515625 186.8625030517578125 191.0187530517578125 192.649993896484375 192.0187530517578125 190.2687530517578125 189.1624908447265625 187.243743896484375 186.7624969482421875 189.6062469482421875 192.25 195.6999969482421875 199.0124969482421875 201.1999969482421875 201.5749969482421875 202.006256103515625 201.506256103515625 200.3625030517578125 197.9375 194.875 194.28125
164.625 164.9250030517578125 166.399993896484375 169.318756103515625 172.4250030517578125 176.9000091552734375 183.225006103515625 188.943756103515625 193.693756103515625 199.3000030517578125 205.225006103515625 208.8312530517578125 210.318756103515625 209.600006103515625 205.8249969482421875 200.40625 196.2375030517578125 192.5749969482421875 189.256256103515625 185.774993896484375 184.774993896484375 183.681243896484375 182.337493896484375 181.7062530517578125 185.375 189.412506103515625 191.100006103515625 191.3312530517578125 191.368743896484375 189.9562530517578125 189.318756103515625 189.1875 192.274993896484375 194.756256103515625 196.4875030517578125 199.0437469482421875 200.78125 200.931243896484375 202.806243896484375 203.53125 203.212493896484375 200.3249969482421875 197.1999969482421875 195.243743896484375
166.787506103515625 164.743743896484375 165 166.068756103515625 168.131256103515625 171.6687469482421875 177.149993896484375 182.9250030517578125 188.068756103515625 193.4812469482421875 198.243743896484375 202.162506103515625 204.212493896484375 204.4875030517578125 202.556243896484375 198.774993896484375 195.225006103515625 192.881256103515625 190.0124969482421875 187.1437530517578125 186.2062530517578125 184.462493896484375 184.5187530517578125 184.875 187.1125030517578125 189.649993896484375 190.5625 191.3249969482421875 191.318756103515625 190.306243896484375 189.193756103515625 189.431243896484375 192.3562469482421875 193.975006103515625 196.412506103515625 198.4375 199.712493896484375 201 202.212493896484375 205.4562530517578125 207.412506103515625 204.7937469482421875 197.9562530517578125 194.8249969482421875
168.493743896484375 164.2312469482421875 162.28125 162.09375 163.024993896484375 166 170.7687530517578125 176.1999969482421875 182.2375030517578125 187.4187469482421875 192.3000030517578125 195.931243896484375 198.943756103515625 199.96875 198.931243896484375 197.5124969482421875 195.8874969482421875 193.4250030517578125 191.125 188.96875 188.4187469482421875 187.024993896484375 187.493743896484375 188.568756103515625 189.7937469482421875 191 191.875 191.6062469482421875 191.631256103515625 189.8874969482421875 188.8937530517578125 188.59375 190.4187469482421875 192.1875 195.100006103515625 196.8312530517578125 198.193756103515625 198.993743896484375 200.5437469482421875 203 206.818756103515625 203.3000030517578125 198.306243896484375 198.90625
168.149993896484375 162.4437408447265625 159.368743896484375 156.693756103515625 157.0749969482421875 160.368743896484375 165.09375 170.625 176.506256103515625 181.1875 186.243743896484375 190.6437530517578125 194.475006103515625 197.1687469482421875 197.2375030517578125 196.837493896484375 195.03125 194.2687530517578125 192.25 190.681243896484375 190.462493896484375 191.1374969482421875 192.0812530517578125 191.899993896484375 192.34375 193.287506103515625 193.3000030517578125 192.1374969482421875 191.100006103515625 190.006256103515625 188.7937469482421875 188.2312469482421875 189.462493896484375 191.462493896484375 193.5812530517578125 194.056243896484375 194.306243896484375 195.837493896484375 195.256256103515625 196.368743896484375 199.225006103515625 201.756256103515625 200.9812469482421875 203.8625030517578125
166.306243896484375 159.8000030517578125 156 152.75 151.75 155.774993896484375 160.5749969482421875 165.662506103515625 170.600006103515625 176.068756103515625 181.53125 186.5500030517578125 191.6437530517578125 194.2375030517578125 195.568756103515625 196.287506103515625 196.537506103515625 195.662506103515625 193.556243896484375 194.118743896484375 195.0187530517578125 196.131256103515625 197.3125 196.40625 195.2624969482421875 195.5437469482421875 194.193756103515625 192.6125030517578125 190.693756103515625 189.243743896484375 188.34375 188.0812530517578125 188.5625 190.8562469482421875 191.6437530517578125 191.3874969482421875 191.65625 193.806243896484375 191.9875030517578125 187.59375 191.3125 198.318756103515625 202.0187530517578125 205.212493896484375
163.59375 157.0500030517578125 152.993743896484375 150.3249969482421875 149.6687469482421875 152.0187530517578125 156.3312530517578125 160.7062530517578125 165.524993896484375 170.787506103515625 176.556243896484375 182.5500030517578125 188.0500030517578125 192.443756103515625 195.6437530517578125 197.662506103515625 198.7624969482421875 198.4562530517578125 197.993743896484375 199.375 200.681243896484375 201.556243896484375 202.2312469482421875 200.3312530517578125 199.037506103515625 197.625 194.993743896484375 192.537506103515625 189.6875 188.8000030517578125 188.0500030517578125 187.25 187.6437530517578125 188.725006103515625 190.2624969482421875 189.90625 190.024993896484375 190.6875 187.5812530517578125 185.618743896484375 191.7312469482421875 200.431243896484375 206.350006103515625 213.8125
159.53125 154.0187530517578125 150.256256103515625 147.9187469482421875 146.8249969482421875 148.0625 151.100006103515625 154.6312408447265625 159.149993896484375 164.6062469482421875 172.0749969482421875 178.4812469482421875 185.6999969482421875 193.131256103515625 196.931243896484375 200.193756103515625 201.787506103515625 203.84375 204.962493896484375 206.693756103515625 208.0187530517578125 208.0124969482421875 207.40625 204.774993896484375 202.7937469482421875 200.3312530517578125 196.8625030517578125 193.256256103515625 190.431243896484375 189.131256103515625 188.1125030517578125 187.037506103515625 186.743743896484375 186.881256103515625 188.493743896484375 188.5749969482421875 189.431243896484375 189.3625030517578125 186.899993896484375 190.212493896484375 196.381256103515625 204.40625 212.8125 223.5625
154.868743896484375 150.5749969482421875 147.256256103515625 145.274993896484375 143.6062469482421875 144.149993896484375 145.4812469482421875 148.2624969482421875 152.8312530517578125 158.287506103515625 165.837493896484375 174.774993896484375 184.306243896484375 192.600006103515625 197.7937469482421875 202.4187469482421875 206.25 209.3874969482421875 211.7375030517578125 214.287506103515625 214.943756103515625 214.462493896484375 213.2687530517578125 209.4562530517578125 206.3874969482421875 202.649993896484375 198.8000030517578125 194.125 190.625 188.8874969482421875 187.693756103515625 187.0500030517578125 186.2562408447265625 185.8874969482421875 187.087493896484375 187.7937469482421875 187.90625 186.8937530517578125 188.1437530517578125 193.40625 199 207.131256103515625 218.1062469482421875 230.931243896484375
151.256256103515625 147.90625 144.96875 142.5187530517578125 140.7687530517578125 140.4562530517578125 140.568756103515625 142.399993896484375 145.725006103515625 151.743743896484375 160.381256103515625 171.53125 182.975006103515625 194.037506103515625 201.1125030517578125 205.7375030517578125 211.0749969482421875 215.225006103515625 218.3874969482421875 221.2375030517578125 222 220.9499969482421875 218.75 213.256256103515625 208.3625030517578125 204.381256103515625 199.243743896484375 194.6750030517578125 190.2937469482421875 188.431243896484375 187.5749969482421875 186.568756103515625 185.100006103515625 184.9250030517578125 184.5749969482421875 184.2937469482421875 184.225006103515625 186.9187469482421875 189.5 193.6687469482421875 199.6750030517578125 206.6687469482421875 216.7687530517578125 228.225006103515625
150.181243896484375 146.9875030517578125 144.337493896484375 141.7624969482421875 139.8874969482421875 139.2624969482421875 138.837493896484375 138.6750030517578125 140.5124969482421875 144.931243896484375 154.1875 166.8000030517578125 181.0812530517578125 194.71875 202.4562530517578125 209.7937469482421875 215.162506103515625 220.181243896484375 224.587493896484375 228.75 228.6875 225.431243896484375 221.90625 216.193756103515625 210.899993896484375 206.212493896484375 201.28125 197 192.84375 189.5625 188.6062469482421875 186.756256103515625 185.193756103515625 184.1687469482421875 182.1875 181.287506103515625 184.4250030517578125 186.8000030517578125 188.6437530517578125 193.068756103515625 199.006256103515625 204.368743896484375 211.6750030517578125 220.7687530517578125
149.53125 146.8125 144.5812530517578125 142.375 140.287506103515625 139.368743896484375 138 136.725006103515625 136.6999969482421875 137.6750030517578125 148.1062469482421875 166.162506103515625 181.7312469482421875 194.8125 203.9562530517578125 212.1875 218.850006103515625 223.9250030517578125 228.6999969482421875 232.4375 231.3249969482421875 227.3874969482421875 223.368743896484375 217.375 211.8562469482421875 207.787506103515625 202.274993896484375 198.818756103515625 194.3249969482421875 191.1999969482421875 189.056243896484375 187.78125 185.1750030517578125 183.53125 180.90625 181.006256103515625 183.7312469482421875 186.4375 188.649993896484375 190.84375 194.8312530517578125 198.4250030517578125 203.7062530517578125 210.875
149.8937530517578125 147.1687469482421875 145.006256103515625 143.2312469482421875 141.25 140.2937469482421875 139.1062469482421875 137.6999969482421875 137.4250030517578125 137 152.25 171.868743896484375 185.056243896484375 196.9375 206.1999969482421875 214.7937469482421875 222.1374969482421875 226.6750030517578125 230.40625 231.84375 230.912506103515625 227.587493896484375 223.787506103515625 217.2062530517578125 212.193756103515625 208.3125 203.181243896484375 200.006256103515625 196.256256103515625 193.3874969482421875 188.7624969482421875 186.53125 184.149993896484375 182.087493896484375 179.5625 180.6374969482421875 183.4187469482421875 185.4187469482421875 188.4437408447265625 190.7375030517578125 191.381256103515625 194.149993896484375 196.162506103515625 199.774993896484375
146.350006103515625 144.4749908447265625 143.625 142.6687469482421875 141.375 141.350006103515625 141.6062469482421875 142.006256103515625 145.6374969482421875 154.5187530517578125 172.212493896484375 182.2687530517578125 191.3562469482421875 201.6687469482421875 209.75 217.4375 224.412506103515625 228.2249908447265625 230.2624969482421875 231.53125 229.40625 225.59375 222.40625 217.100006103515625 211.59375 208.256256103515625 204.0749969482421875 201.274993896484375 198.493743896484375 195.53125 192.09375 189.6062469482421875 187.3000030517578125 185.3249969482421875 185.59375 187.125 188.2687530517578125 190.9875030517578125 192.7624969482421875 191.5625 190.9875030517578125 193.1812591552734375 192.8125 195.34375
142.056243896484375 141.375 141.556243896484375 141.493743896484375 142.006256103515625 143.7375030517578125 145.3312530517578125 148.475006103515625 154.931243896484375 164.6374969482421875 177.1624908447265625 187.881256103515625 196.7125091552734375 206.03125 213.587493896484375 220.3874969482421875 227.34375 229.975006103515625 231.087493896484375 231.725006103515625 228.1750030517578125 223.96875 219.743743896484375 214.6687469482421875 211.0124969482421875 207.6687469482421875 204.2687530517578125 202.53125 200.375 197.462493896484375 194.2375030517578125 194.681243896484375 194.756256103515625 193.524993896484375 194.4499969482421875 194.881256103515625 194.8312530517578125 195.618743896484375 196.8125 193.46875 191.618743896484375 192.3562469482421875 191.2687530517578125 191.0187530517578125
