data/historical-monthly-weather-data/wc2.1_cruts4.09_10m_prec_2008-04.asc
ncols        45
nrows        45
xllcorner    -63.500000000000
yllcorner    -7.500000000000
cellsize     0.166666666667
NODATA_value -9999
[rows 20 to 39 of 45, columns 0 to 44 of 45]
314.79376220703125 327.45001220703125 337.6875 346.868743896484375 354.056243896484375 366.118743896484375 376.98748779296875 381.40625 380.9375 375.193756103515625 366.3125 356.67498779296875 347.73126220703125 340.931243896484375 329.86248779296875 321.10626220703125 314.806243896484375 312.66876220703125 313.59375 312.46875 308.66876220703125 301.01251220703125 291.45001220703125 285.6875 283.881256103515625 281.600006103515625 278.868743896484375 275.71875 270.868743896484375 267.03125 259.537506103515625 252.03125 236.618743896484375 219.381256103515625 205.1125030517578125 213.6875 228.4187469482421875 238.7312469482421875 242.875 242.024993896484375 237.806243896484375 235.3312530517578125 229.131256103515625 225.2312469482421875 224.087493896484375
307.806243896484375 317.293731689453125 329 344.54998779296875 356.35626220703125 366.600006103515625 378.193756103515625 386.368743896484375 386.54998779296875 377.431243896484375 362.568756103515625 345.287506103515625 332.26873779296875 324.712493896484375 320.51873779296875 314.818756103515625 313.0625 310 309.943756103515625 307.837493896484375 299.068756103515625 291.931243896484375 287.056243896484375 282.943756103515625 282.07501220703125 285.193756103515625 294.662506103515625 290.67498779296875 284.17498779296875 279.3125 270.40625 260.212493896484375 246.4812469482421875 233.8312530517578125 226.1999969482421875 228.131256103515625 237.59375 245.1999969482421875 246.03125 242.9375 238.2312469482421875 234.162506103515625 227.693756103515625 222.693756103515625 220.8874969482421875
302.287506103515625 318.212493896484375 331.818756103515625 346.96875 359.587493896484375 370.225006103515625 378.79376220703125 389.818756103515625 397.3125 381.11248779296875 357.912506103515625 334.243743896484375 317.375 311.393768310546875 311.58123779296875 311.618743896484375 309.60626220703125 305.412506103515625 302.787506103515625 298.600006103515625 291.3125 284.11248779296875 276.96875 274.48126220703125 277.6875 284.100006103515625 295.75 295.587493896484375 290.89373779296875 285.08123779296875 278.53125 270.90625 262.95623779296875 254.631256103515625 250.0625 247.712493896484375 250.8874969482421875 254.2687530517578125 251.806243896484375 244.9562530517578125 238.0437469482421875 231.850006103515625 225.024993896484375 219.3874969482421875 217.75
300.01251220703125 316.431243896484375 332.625 345.51873779296875 357.41876220703125 367.79998779296875 379.21875 387.568756103515625 391.556243896484375 374.07501220703125 350.087493896484375 328.912506103515625 306.13751220703125 303.88751220703125 306.256256103515625 306.318756103515625 303.73126220703125 301.61248779296875 297.28125 293.262481689453125 284.693756103515625 274.89373779296875 267.256256103515625 266.86248779296875 269.75 272.024993896484375 280.625 288.068756103515625 289.48748779296875 290.274993896484375 288.962493896484375 287.66876220703125 282.693756103515625 275.23748779296875 270.86248779296875 266.662506103515625 266.100006103515625 263.20623779296875 256.012481689453125 245.881256103515625 237.25 229.5500030517578125 222.149993896484375 215.600006103515625 215.4812469482421875
301.756256103515625 318.337493896484375 332.85626220703125 347.056243896484375 360.225006103515625 368.274993896484375 375.70623779296875 381.04376220703125 377.993743896484375 367.256256103515625 347.54998779296875 327.09375 313.70001220703125 305.024993896484375 303.51873779296875 302.5625 302.23748779296875 299.41876220703125 294.868743896484375 288.1875 277.83123779296875 267.024993896484375 259.087493896484375 256.51251220703125 257.537506103515625 264.475006103515625 274.98126220703125 283.48126220703125 290.10626220703125 298.66876220703125 303.58123779296875 307.1875 304.131256103515625 296.39373779296875 288.86248779296875 279.75 274.649993896484375 266.462493896484375 257.25 247.118743896484375 236.8562469482421875 227.8874969482421875 220.756256103515625 213.09375 209.056243896484375
313.287506103515625 327.631256103515625 335.399993896484375 347.693756103515625 357.693756103515625 364.26873779296875 369.58123779296875 371.86248779296875 364.625 353.64373779296875 341.524993896484375 329.29998779296875 317.95623779296875 310.600006103515625 305.625 305.193756103515625 303.412506103515625 299.662506103515625 293.11248779296875 283.60626220703125 274.42498779296875 261.375 250.381256103515625 242.8937530517578125 247.618743896484375 257.9375 273.33123779296875 283.45623779296875 294.837493896484375 305.243743896484375 317.01873779296875 326.712493896484375 325.45623779296875 313.868743896484375 301.149993896484375 289.318756103515625 280.006256103515625 269.631256103515625 258.3125 247.2687530517578125 236.8312530517578125 226.662506103515625 217.90625 209.0187530517578125 206.5812530517578125
322.98126220703125 331.79998779296875 339.649993896484375 347.850006103515625 353.33123779296875 359.350006103515625 361.53125 360.09375 353.462493896484375 349.16876220703125 342.399993896484375 331.53125 322.21875 315.48126220703125 311.01251220703125 308.975006103515625 306.087493896484375 300.1875 294.493743896484375 286.306243896484375 273.6875 259.443756103515625 245.3125 236.993743896484375 245.006256103515625 254.6999969482421875 271.243743896484375 283.131256103515625 296.48126220703125 309.14373779296875 324.59375 337.98748779296875 339.493743896484375 324.67498779296875 309.10626220703125 294.756256103515625 283.33123779296875 271.681243896484375 258.774993896484375 247.3249969482421875 235.568756103515625 226.649993896484375 217.818756103515625 210.3312530517578125 211.8000030517578125
335.04998779296875 339.33123779296875 343.59375 347.76251220703125 351.881256103515625 353.98748779296875 355.66876220703125 351.568756103515625 348.14373779296875 345.4375 338.13751220703125 331.29376220703125 323.73748779296875 319.125 315.4375 311.368743896484375 308.962493896484375 306.04376220703125 298.45001220703125 291.493743896484375 280.0625 265.212493896484375 256.350006103515625 248.6687469482421875 251.46875 259.41876220703125 272.04998779296875 284.381256103515625 296.64373779296875 310.11248779296875 323.350006103515625 334.556243896484375 334.07501220703125 322.743743896484375 310.625 295.881256103515625 284.743743896484375 273.181243896484375 260.40625 248.2312469482421875 236.9250030517578125 228.5812530517578125 220.475006103515625 214.9812469482421875 222.149993896484375
343.899993896484375 345.912506103515625 346 347.787506103515625 348.193756103515625 346.23748779296875 345.5 345.32501220703125 345.306243896484375 341.625 337.862518310546875 332.125 325.068756103515625 321.35626220703125 320.34375 319.82501220703125 318.17498779296875 311.73748779296875 306.475006103515625 298.806243896484375 288.662506103515625 275.3125 267.58123779296875 262.225006103515625 261.568756103515625 266.6875 277.287506103515625 287.29376220703125 297.625 309 317.78125 325.412506103515625 321.73748779296875 315.125 306.26251220703125 294.15625 284.412506103515625 274.08123779296875 262.20001220703125 249.0187530517578125 235.8125 228.375 222.5124969482421875 224.2312469482421875 232.1999969482421875
348.975006103515625 348.58123779296875 346.67498779296875 342.54998779296875 341.85626220703125 340.91876220703125 340.412506103515625 340.975006103515625 340.024993896484375 337.04376220703125 335.54376220703125 331.193756103515625 328.95001220703125 326.587493896484375 325.61248779296875 324.181243896484375 322.5 320.462493896484375 314.23126220703125 304.63751220703125 293.024993896484375 284.0625 278.631256103515625 271.85626220703125 268.70623779296875 271.48748779296875 280.493743896484375 287.16876220703125 295.38751220703125 303.662506103515625 310.225006103515625 313.73748779296875 310.693756103515625 306.83123779296875 301.0625 291.08123779296875 283.443756103515625 274.6875 262.61248779296875 252.5437469482421875 242.7937469482421875 237.5625 232.625 235.0500030517578125 238.65625
350.38751220703125 347.20623779296875 343.23748779296875 339.10626220703125 337.96875 335.84375 335.98126220703125 334.38751220703125 333.556243896484375 333.17498779296875 333.07501220703125 331.20001220703125 332.287506103515625 329.181243896484375 329.38751220703125 328.73126220703125 329.181243896484375 327.681243896484375 323.181243896484375 314.95623779296875 303.45001220703125 293.256256103515625 286.61248779296875 277.587493896484375 272.04376220703125 277.006256103515625 281.23748779296875 287.14373779296875 292.73748779296875 297.11248779296875 302.024993896484375 304.26873779296875 302.993743896484375 300.037506103515625 294.837493896484375 287.25 278.712493896484375 271.54998779296875 263.881256103515625 255.6437530517578125 247.78125 243.4875030517578125 241.256256103515625 241.3125 245.3937530517578125
348.368743896484375 343.51251220703125 338.931243896484375 336.76251220703125 334.09375 329.41876220703125 328.943756103515625 326.5 325.91876220703125 325.73748779296875 327.631256103515625 330.79376220703125 331.07501220703125 330.899993896484375 331.131256103515625 331.568756103515625 329.32501220703125 328.82501220703125 324.462493896484375 320.95001220703125 310.993743896484375 301.26873779296875 292.71875 284.14373779296875 281.20001220703125 281.59375 282.5625 286.98748779296875 289.20623779296875 292.649993896484375 296.631256103515625 297.943756103515625 294.725006103515625 292.15625 288.25 281.48126220703125 275.181243896484375 267.39373779296875 260.89373779296875 254.131256103515625 251.125 249.3937530517578125 247.90625 248.65625 252.8312530517578125
343.15625 336.14373779296875 332.225006103515625 328.868743896484375 327.274993896484375 322.23748779296875 318.243743896484375 316.662506103515625 315.368743896484375 317.324981689453125 323.931243896484375 326.287506103515625 330.318756103515625 333.13751220703125 332.787506103515625 331.51251220703125 330.524993896484375 330.537506103515625 325.381256103515625 320.66876220703125 313.89373779296875 305.056243896484375 296.212493896484375 288.693756103515625 286.087493896484375 282.618743896484375 283.274993896484375 284.11248779296875 285.20623779296875 288.59375 290.131256103515625 289.64373779296875 286.243743896484375 284.350006103515625 281.368743896484375 276.725006103515625 270.86248779296875 264.84375 258.131256103515625 257.4375 254.4812469482421875 253.2874908447265625 253.7687530517578125 256.1875 261.03125
335.524993896484375 329.993743896484375 326.587493896484375 322.57501220703125 319.14373779296875 315.649993896484375 311.443756103515625 307.006256103515625 305.29376220703125 307.39373779296875 312.5 320.41876220703125 327.73748779296875 329.70001220703125 330.587493896484375 328.393768310546875 327.943756103515625 327.8125 324.125 319.756256103515625 313.48748779296875 306.006256103515625 298.425018310546875 288.89373779296875 286.95001220703125 282.96875 280.6875 279.881256103515625 280.25 281.068756103515625 281.756256103515625 282.287506103515625 279.1875 277.08123779296875 274.868743896484375 270.337493896484375 265.787506103515625 258.274993896484375 257.29376220703125 257.23126220703125 254.65625 255.662506103515625 257.850006103515625 261.568756103515625 267.60626220703125
325.600006103515625 322.60626220703125 320.681243896484375 315.07501220703125 310.5625 305.60626220703125 300.274993896484375 296.40625 292.600006103515625 292.61248779296875 301.09375 313.60626220703125 325.57501220703125 332.756256103515625 331.83123779296875 329.181243896484375 325.806243896484375 322.70623779296875 321.837493896484375 315.962493896484375 312.15625 303.818756103515625 297.193756103515625 286.91876220703125 283.625 281.787506103515625 278.899993896484375 275.506256103515625 275.006256103515625 276.287506103515625 275.60626220703125 275.85626220703125 271.71875 270.32501220703125 267.399993896484375 262.65625 256.91876220703125 256.274993896484375 256.131256103515625 255.756256103515625 254 256.13751220703125 259.631256103515625 263.375 267.181243896484375
316.57501220703125 315.71875 313.056243896484375 307.95623779296875 302.51873779296875 295.83123779296875 290.568756103515625 284.8125 277.91876220703125 275.92498779296875 282.774993896484375 299.03125 316.70001220703125 325.868743896484375 325.84375 323.4375 320.625 318.337493896484375 317.09375 314.61248779296875 309.01873779296875 302.40625 292.28125 284.13751220703125 279.10626220703125 276.76251220703125 274.53125 272.149993896484375 271.0625 270.6875 269.91876220703125 268.625 264.83123779296875 264.149993896484375 260.39373779296875 254.15625 253.9187469482421875 254.0187530517578125 253.162506103515625 253.649993896484375 254.2687530517578125 255.899993896484375 258.15625 261.95001220703125 263.86248779296875
308.29998779296875 309.193756103515625 305.73748779296875 301.45623779296875 295.67498779296875 289 283.59375 274.625 263.82501220703125 257.17498779296875 266.787506103515625 290.381256103515625 305.95623779296875 313.068756103515625 316.26251220703125 315.29376220703125 310.91876220703125 309.881256103515625 309.806243896484375 305.631256103515625 301.14373779296875 294.306243896484375 285.08123779296875 278.34375 272.712493896484375 270.21875 269.318756103515625 267.95001220703125 266.25 264.79376220703125 264.73748779296875 264.13751220703125 260.65625 257.818756103515625 253.7687530517578125 250.7937469482421875 251.3125 252.8562469482421875 254.0749969482421875 252.524993896484375 253.2687530517578125 254.274993896484375 257.26251220703125 259.95001220703125 262.412506103515625
303.39373779296875 302.33123779296875 297.943756103515625 294.693756103515625 289.287506103515625 283.51251220703125 276.86248779296875 267.006256103515625 257.712493896484375 248.818756103515625 264.85626220703125 287.48126220703125 298.67498779296875 304.32501220703125 306.506256103515625 306.08123779296875 301.087493896484375 301.181243896484375 298.20623779296875 293.287506103515625 289.037506103515625 282.23748779296875 276.3125 270.39373779296875 265.17498779296875 264.39373779296875 261.64373779296875 262.368743896484375 261.899993896484375 261.131256103515625 258.88751220703125 258.431243896484375 256.85626220703125 253.28125 247.537506103515625 248.7937469482421875 249.8562469482421875 250.1374969482421875 253.2937469482421875 252.7687530517578125 251.7312469482421875 253.068756103515625 253.475006103515625 254.431243896484375 257.51251220703125
296.6875 292.76873779296875 289.01251220703125 286.743743896484375 283.48748779296875 276.58123779296875 271.100006103515625 264.88751220703125 262.618743896484375 267.662506103515625 283.774993896484375 292.17498779296875 293.993743896484375 297.587493896484375 299.056243896484375 296.59375 292.600006103515625 291.118743896484375 285.381256103515625 281.91876220703125 276.92498779296875 270.256256103515625 265.212493896484375 262.006256103515625 258.806243896484375 256.243743896484375 255.125 256.056243896484375 255.9812469482421875 257.056243896484375 256.337493896484375 253.6875 252.475006103515625 251.181243896484375 251.0749969482421875 249.9375 249.1062469482421875 250.368743896484375 250.8249969482421875 248.3625030517578125 247.850006103515625 249.375 248.53125 250.162506103515625 252.25
288.84375 285.693756103515625 282.743743896484375 281.04998779296875 278.375 273.8125 267.59375 266.725006103515625 268.13751220703125 273.1875 281.412506103515625 288.318756103515625 289.475006103515625 291.243743896484375 291.54998779296875 288.475006103515625 284.537506103515625 282.087493896484375 275.193756103515625 269.61248779296875 263.65625 259.868743896484375 252.868743896484375 249.993743896484375 250.399993896484375 249.431243896484375 249.462493896484375 250.9812469482421875 251.712493896484375 252.787506103515625 250.7375030517578125 253.131256103515625 254.9875030517578125 254.4187469482421875 254.9187469482421875 253.3625030517578125 251.493743896484375 251.6999969482421875 250.1437530517578125 245.350006103515625 243.3937530517578125 244.2687530517578125 242.09375 242.743743896484375 245.7937469482421875
