data/historical-monthly-weather-data/wc2.1_cruts4.09_10m_prec_1992-12.asc
ncols        51
nrows        45
xllcorner    -63.500000000000
yllcorner    -7.500000000000
cellsize     0.166666666667
NODATA_value -9999
[rows 20 to 39 of 45, columns 0 to 44 of 51]
186.6687469482421875 188.381256103515625 193.243743896484375 199.6687469482421875 207.306243896484375 216.975006103515625 226.53125 235.662506103515625 243.7687530517578125 249.899993896484375 253.8874969482421875 257.01251220703125 259.29376220703125 259.412506103515625 257.01251220703125 252.662506103515625 248.225006103515625 244.868743896484375 244.34375 243.818756103515625 244.46875 244.9187469482421875 245.212493896484375 244.59375 245.181243896484375 244.3000030517578125 238.4812469482421875 226.806243896484375 212.068756103515625 198.306243896484375 187.8937530517578125 183.693756103515625 182.03125 182.225006103515625 182.9499969482421875 183.806243896484375 186.774993896484375 189.9499969482421875 189.975006103515625 185.5 177.375 168.65625 162.181243896484375 156.6750030517578125 152.65625
188.1999969482421875 189.4562530517578125 195.9187469482421875 204.9250030517578125 214.274993896484375 224.65625 235.5625 245.9875030517578125 253.8249969482421875 259.493743896484375 262.274993896484375 264.01251220703125 265.01873779296875 263.89373779296875 261.76251220703125 258.09375 254.287506103515625 251.068756103515625 249.024993896484375 247.3000030517578125 244.9562530517578125 244.75 246.024993896484375 245.3625030517578125 246.3562469482421875 248.681243896484375 247.625 237.59375 224.1750030517578125 212.6999969482421875 203.3937530517578125 197.774993896484375 193.96875 192.9375 191.9375 191.818756103515625 194.462493896484375 197.8625030517578125 196.4875030517578125 189.96875 181.78125 173.3625030517578125 166.3125 160.381256103515625 156.5187530517578125
190.506256103515625 193.256256103515625 199.993743896484375 209.7249908447265625 220.818756103515625 232.9875030517578125 244.412506103515625 256.149993896484375 265.23748779296875 269.41876220703125 270.787506103515625 270.21875 270.618743896484375 269.131256103515625 266.64373779296875 263.07501220703125 259.01873779296875 254.96875 252.149993896484375 248.6125030517578125 245.149993896484375 243.368743896484375 242.8625030517578125 242.462493896484375 244.725006103515625 249.9499969482421875 253.100006103515625 245.375 233.4562530517578125 224.368743896484375 216.9499969482421875 211.375 206.9187469482421875 203.3625030517578125 200.4875030517578125 197.65625 200.506256103515625 207.15625 205.09375 196.506256103515625 187.131256103515625 178.1750030517578125 170.7687530517578125 164.4250030517578125 160.037506103515625
195.0437469482421875 197.743743896484375 204.600006103515625 215.225006103515625 227.818756103515625 240.412506103515625 252.8625030517578125 264.14373779296875 272.26873779296875 275.125 275.725006103515625 275.23748779296875 274.837493896484375 273.34375 270.287506103515625 266.318756103515625 262.33123779296875 258.0625 254.1062469482421875 249.5625 243.9812469482421875 240.5500030517578125 237.875 237.662506103515625 239.6374969482421875 244.2624969482421875 247.631256103515625 244.993743896484375 239.1750030517578125 233.1875 228.53125 223.3125 219.4250030517578125 215.006256103515625 211.181243896484375 205.850006103515625 207.4562530517578125 213.5437469482421875 211.162506103515625 202.3000030517578125 192.1062469482421875 183.0500030517578125 174.868743896484375 167.881256103515625 164.3562469482421875
202.568756103515625 204.618743896484375 210.9812469482421875 224.21875 239.149993896484375 250.8000030517578125 261.943756103515625 271.181243896484375 277.15625 280.350006103515625 281.01251220703125 279.618743896484375 278.34375 276.25 273.36248779296875 269.5625 265.32501220703125 260.8125 255.9250030517578125 250.399993896484375 243.068756103515625 236.850006103515625 232.524993896484375 230.9875030517578125 233.2375030517578125 238.6437530517578125 242.78125 243.65625 241.993743896484375 240.118743896484375 238.3312530517578125 234.8625030517578125 231.71875 227.368743896484375 222.318756103515625 217.868743896484375 218.1374969482421875 218.8874969482421875 215.3625030517578125 207.725006103515625 197.618743896484375 188.274993896484375 179.1875 172.712493896484375 167.53125
214.693756103515625 219.350006103515625 226.193756103515625 239.068756103515625 251.8125 261.82501220703125 270.412506103515625 277.618743896484375 282.193756103515625 284.149993896484375 284.118743896484375 282.98748779296875 280.9375 278.40625 276.056243896484375 272.5625 267.875 263.09375 257.73748779296875 251.337493896484375 243.875 234.7624969482421875 226.9187469482421875 222.8625030517578125 227.162506103515625 234.243743896484375 240.524993896484375 243.743743896484375 244.975006103515625 245.837493896484375 246.2375030517578125 246.350006103515625 244.6374969482421875 239.631256103515625 234.7375030517578125 229.868743896484375 228.25 226.7687530517578125 222.2312469482421875 215.006256103515625 205.037506103515625 193.756256103515625 182.9812469482421875 175.037506103515625 170.75
226.6687469482421875 232.412506103515625 241.368743896484375 253.1062469482421875 263.943756103515625 271.662506103515625 277.087493896484375 281.70623779296875 283.79376220703125 285.556243896484375 286.48748779296875 284.88751220703125 281.95623779296875 279.45001220703125 277.40625 274.756256103515625 270.8125 266.26251220703125 261.024993896484375 253.837493896484375 245.53125 235.5500030517578125 225.774993896484375 219.3625030517578125 225.3125 232.7937469482421875 239.693756103515625 244.0749969482421875 247.556243896484375 249.9375 252.7062530517578125 255.0187530517578125 255.46875 250.743743896484375 245.84375 241.3562469482421875 237.9562530517578125 235.149993896484375 230.1999969482421875 223.6875 214.1750030517578125 200.756256103515625 186.8125 177.5187530517578125 177.5500030517578125
239.9562530517578125 247.037506103515625 257.11248779296875 267.98126220703125 276.787506103515625 282.07501220703125 285.037506103515625 286.243743896484375 286.36248779296875 286.506256103515625 286.21875 284.337493896484375 282.443756103515625 280.23126220703125 278.65625 276.10626220703125 273.35626220703125 268.931243896484375 264.350006103515625 257.70623779296875 249.84375 240.8812408447265625 233.7937469482421875 228.9562530517578125 231.1374969482421875 236.337493896484375 241.6062469482421875 245.506256103515625 249.0625 252.4250030517578125 255.6875 258.20001220703125 259.20623779296875 257.26873779296875 254.1437530517578125 250.1062469482421875 246.8625030517578125 244.056243896484375 239.9187469482421875 234.7937469482421875 226.556243896484375 211.818756103515625 192.09375 181.3937530517578125 188.1437530517578125
251.8625030517578125 260.64373779296875 271.943756103515625 283.51873779296875 290.375 291.66876220703125 291.162506103515625 289.98126220703125 288.274993896484375 286.493743896484375 285.943756103515625 284.51251220703125 282.506256103515625 280.881256103515625 279.41876220703125 278.537506103515625 276.58123779296875 273.07501220703125 268.92498779296875 263.100006103515625 256.068756103515625 248.75 243.7375030517578125 238.8874969482421875 239.087493896484375 241.9499969482421875 245.5124969482421875 248.618743896484375 251.8812408447265625 254.681243896484375 257.537506103515625 259.61248779296875 261.256256103515625 260.818756103515625 259.88751220703125 257.225006103515625 255.131256103515625 252.5749969482421875 248.5437469482421875 244.912506103515625 239.662506103515625 223.162506103515625 203.0187530517578125 195.225006103515625 202.399993896484375
260.587493896484375 269.631256103515625 282.16876220703125 295.11248779296875 302.54376220703125 298.431243896484375 293.725006103515625 290.462493896484375 286.95623779296875 283.899993896484375 282.875 281.287506103515625 281.056243896484375 280.943756103515625 280.45623779296875 279.54998779296875 278.65625 277.6875 274.51873779296875 269.006256103515625 262.26873779296875 256.181243896484375 251.15625 246.9187469482421875 246.1687469482421875 247.693756103515625 248.662506103515625 251.21875 253.368743896484375 256.037506103515625 258.681243896484375 260.59375 263.29376220703125 263.98748779296875 264.337493896484375 262.29376220703125 260.962493896484375 258.91876220703125 255.5124969482421875 251.6750030517578125 245.5187530517578125 234.412506103515625 220.037506103515625 213.7062530517578125 214.493743896484375
266.57501220703125 275.3125 286.59375 299.09375 304.912506103515625 298.13751220703125 291.9375 286.756256103515625 282.037506103515625 279.76251220703125 278.66876220703125 278.07501220703125 279.0625 279.649993896484375 279.662506103515625 280.024993896484375 281.0625 280.29998779296875 279.29998779296875 274.63751220703125 268.13751220703125 262.46875 258.28125 253.9250030517578125 252 252.1125030517578125 252.1937408447265625 253.5437469482421875 254.8249969482421875 257.725006103515625 260.10626220703125 261.962493896484375 264.631256103515625 266.63751220703125 267.712493896484375 266.837493896484375 266.60626220703125 265.368743896484375 261.79376220703125 256.83123779296875 252.0749969482421875 245.34375 236.6875 229.162506103515625 227.5124969482421875
270.79376220703125 277.34375 285.70623779296875 292.375 294.193756103515625 290.212493896484375 285.024993896484375 279.274993896484375 275.287506103515625 272.787506103515625 272.462493896484375 273.618743896484375 276.03125 277.725006103515625 279.48126220703125 280.8125 280.818756103515625 280.35626220703125 279.70001220703125 276.45623779296875 271.618743896484375 266.91876220703125 262.743743896484375 258.412506103515625 257.28125 256.29998779296875 255.0625 255.5812530517578125 256.42498779296875 259.34375 261.64373779296875 263.649993896484375 265.48748779296875 267.993743896484375 270.29376220703125 271.256256103515625 271.03125 270.087493896484375 267.09375 263.212493896484375 261.649993896484375 259.506256103515625 256.337493896484375 253.2312469482421875 254.8249969482421875
273.63751220703125 276.71875 280.48748779296875 284.20623779296875 284.39373779296875 280.54998779296875 274.806243896484375 268.86248779296875 264.975006103515625 263.51251220703125 266.32501220703125 268.79376220703125 273.125 277.63751220703125 279.59375 280.381256103515625 279.79376220703125 280.306243896484375 278.23748779296875 275.743743896484375 272.03125 268.662506103515625 265.14373779296875 260.88751220703125 259.53125 259.037506103515625 257.5 256.368743896484375 257.25 259.76873779296875 262.662506103515625 264.931243896484375 267.149993896484375 269.76873779296875 272.462493896484375 273.787506103515625 274.42498779296875 274.54376220703125 272.71875 273.337493896484375 273.681243896484375 275.20001220703125 278.274993896484375 284.381256103515625 298.36248779296875
275.11248779296875 275.225006103515625 276.475006103515625 276.63751220703125 273.95623779296875 269.506256103515625 264.07501220703125 258.04376220703125 254.03125 252.96875 256.26873779296875 263.08123779296875 270.381256103515625 275.631256103515625 278.537506103515625 279.17498779296875 279.162506103515625 279.587493896484375 277.01873779296875 274.725006103515625 271.725006103515625 268.58123779296875 265.212493896484375 261.675018310546875 259.98126220703125 259.368743896484375 258.3125 257.41876220703125 258.32501220703125 260.29998779296875 263.118743896484375 266.125 268.556243896484375 271.41876220703125 273.84375 275.36248779296875 277.21875 277.225006103515625 278.79998779296875 281.98748779296875 285.1875 289.95001220703125 297.506256103515625 309.84375 328.875
275.51251220703125 273.91876220703125 272.693756103515625 269.78125 265.625 259.98126220703125 253.4812469482421875 246.931243896484375 241.681243896484375 241.125 246.6687469482421875 256.54376220703125 268.006256103515625 276.53125 279.60626220703125 280.08123779296875 279.23126220703125 278.73748779296875 276.75 273.181243896484375 271.181243896484375 267.600006103515625 265.350006103515625 261.78125 259.618743896484375 259.149993896484375 258.07501220703125 257.73126220703125 258.443756103515625 260.587493896484375 263.631256103515625 266.79998779296875 269.63751220703125 272.931243896484375 275.368743896484375 276.53125 278.0625 280.60626220703125 284.475006103515625 288.45001220703125 293.943756103515625 300.45001220703125 309.868743896484375 323.287506103515625 339.618743896484375
275.818756103515625 273.024993896484375 269.86248779296875 265.625 259.881256103515625 253.46875 245.3937530517578125 237.0187530517578125 230.149993896484375 227.649993896484375 235.25 249.943756103515625 266.037506103515625 276.71875 280.65625 281.21875 279.862518310546875 278.76873779296875 275.48126220703125 271.20623779296875 268.787506103515625 266.462493896484375 263.381256103515625 260.118743896484375 258.64373779296875 257.850006103515625 257.3125 257.006256103515625 257.65625 260.38751220703125 264.03125 266.96875 270.268768310546875 273.068756103515625 275.381256103515625 276.26873779296875 279.78125 282.850006103515625 286.850006103515625 291.75 297.88751220703125 305.71875 314.35626220703125 326.26873779296875 337.925018310546875
275.67498779296875 272.193756103515625 268.11248779296875 263.26251220703125 257.212493896484375 250.256256103515625 242.1437530517578125 232 221.7624969482421875 213.8125 225.9812469482421875 250.2687530517578125 267.524993896484375 277.649993896484375 281.875 282.256256103515625 280.9375 278.65625 275.15625 270.28125 267.04376220703125 263.875 260.6875 257.693756103515625 255.9499969482421875 255.59375 254.9375 255.850006103515625 257.35626220703125 260.475006103515625 264.012481689453125 267.0625 270.3125 273.54998779296875 275.574981689453125 278.20001220703125 281.64373779296875 284.79998779296875 287.91876220703125 292.681243896484375 298.53125 305.943756103515625 314.23748779296875 324.75 332.524993896484375
275.01251220703125 271.556243896484375 267.556243896484375 262.443756103515625 257.03125 249.8125 242.6125030517578125 233.3874969482421875 223.868743896484375 213.287506103515625 237.6687469482421875 263.98126220703125 275.625 282.48748779296875 285.09375 284.881256103515625 282.475006103515625 279.818756103515625 274.88751220703125 269.75 264.693756103515625 260.60626220703125 257.462493896484375 254.556243896484375 252.693756103515625 252.46875 253.3249969482421875 254.618743896484375 256.48748779296875 260.337493896484375 263.53125 267.024993896484375 270.42498779296875 273.787506103515625 275.96875 278.95001220703125 282.287506103515625 285.006256103515625 288.475006103515625 292.506256103515625 297.28125 303.8125 310.66876220703125 319.46875 326.65625
274.137481689453125 270.743743896484375 267.53125 263.568756103515625 258.59375 252.78125 247.40625 242.806243896484375 241.53125 250.7375030517578125 279.38751220703125 285.381256103515625 287.04998779296875 290.006256103515625 290.837493896484375 289.962493896484375 287.15625 282.51873779296875 276.5 270.03125 263.462493896484375 257.681243896484375 253.774993896484375 251.243743896484375 250.100006103515625 250.212493896484375 251.193756103515625 253.412506103515625 255.962493896484375 260.21875 264.48748779296875 267.037506103515625 270.412506103515625 273.556243896484375 277.068756103515625 279.85626220703125 282.58123779296875 285.037506103515625 287.600006103515625 290.45001220703125 294.85626220703125 299.63751220703125 304.806243896484375 311.350006103515625 316.86248779296875
274.54376220703125 271.287506103515625 268.537506103515625 265.38751220703125 261.774993896484375 258.48748779296875 255.9250030517578125 256.0625 259.63751220703125 270.368743896484375 286.95001220703125 294.51873779296875 295.725006103515625 297.337493896484375 297.8125 296.037506103515625 292.48748779296875 287.21875 279.20001220703125 271.01251220703125 261.443756103515625 253.5124969482421875 248.25 245.4812469482421875 245.7375030517578125 247.15625 249.5812530517578125 252.7937469482421875 255.8249969482421875 260.6875 264.462493896484375 268.34375 272.16876220703125 275.149993896484375 277.95623779296875 279.537506103515625 282.3125 284.08123779296875 285.756256103515625 287.25 289.787506103515625 293.65625 298.100006103515625 303.087493896484375 308.056243896484375
