data/historical-monthly-weather-data/wc2.1_cruts4.09_10m_prec_1972-01.asc
ncols        45
nrows        45
xllcorner    -63.500000000000
yllcorner    -7.500000000000
cellsize     0.166666666667
NODATA_value -9999
[rows 0 to 19 of 45, columns 0 to 43 of 45]
196.1437530517578125 192.46875 183.0187530517578125 176.1062469482421875 167.537506103515625 161.9499969482421875 154.2687530517578125 144.462493896484375 135.475006103515625 128.59375 123.19374847412109375 118.5625 113.16249847412109375 105.34999847412109375 100.34999847412109375 97.00624847412109375 94.03125 90.375 90.9875030517578125 91.58750152587890625 93.40625 96.2624969482421875 99.58750152587890625 105.44374847412109375 113.31874847412109375 121.2624969482421875 132.350006103515625 145.5 159.96875 173.100006103515625 187.1687469482421875 201.743743896484375 214.25 228.993743896484375 241.818756103515625 251.1875 256.625 259.881256103515625 259.881256103515625 258.51251220703125 255.9375 252.9875030517578125 248.5500030517578125 244.6687469482421875
208.881256103515625 204.649993896484375 197.25 190.212493896484375 184.1062469482421875 179.193756103515625 171.806243896484375 164.537506103515625 157.100006103515625 149.90625 142.0812530517578125 134.625 126.5749969482421875 119.125 112.8312530517578125 107.4250030517578125 102.59999847412109375 100.22499847412109375 100.4499969482421875 102.16249847412109375 105.3125 108.7062530517578125 113.0625 120.19374847412109375 127.2624969482421875 134.9375 146.5124969482421875 159.2687530517578125 172.6374969482421875 186.6687469482421875 200.3625030517578125 213.8125 225.693756103515625 241.256256103515625 252.90625 258.1875 265.024993896484375 267.07501220703125 264.54376220703125 261.29998779296875 258.256256103515625 254.662506103515625 248.6125030517578125 244.118743896484375
217.1750030517578125 213.443756103515625 206.568756103515625 200.631256103515625 195.8562469482421875 191.881256103515625 187.0749969482421875 182.5124969482421875 176.1687469482421875 169.2375030517578125 160.90625 151.875 143 133.8125 126.2312469482421875 118.8125 113.05625152587890625 110.38124847412109375 109.6999969482421875 111.96250152587890625 116.21250152587890625 121.40000152587890625 126.5625 133.96875 141.75 149.9875030517578125 162.0562591552734375 174.993743896484375 187.368743896484375 200.756256103515625 216.2624969482421875 231.212493896484375 245.162506103515625 256.70001220703125 270.34375 274.725006103515625 279.600006103515625 282.306243896484375 278.42498779296875 272.8125 269.07501220703125 263.16876220703125 256.15625 249.6437530517578125
222.693756103515625 219.4250030517578125 216.149993896484375 211.40625 208.9875030517578125 202.9562530517578125 200.993743896484375 200.0625 196.625 191.475006103515625 181.625 170.5625 159.931243896484375 149.537506103515625 140.931243896484375 132.2062530517578125 124.46250152587890625 119.88124847412109375 119.3000030517578125 122.8937530517578125 129.5 135.6999969482421875 140.056243896484375 148.8937530517578125 158.087493896484375 167.443756103515625 180.1750030517578125 191.3937530517578125 203.618743896484375 218.087493896484375 233.7937469482421875 251.21875 264.61248779296875 276.587493896484375 287.931243896484375 293.82501220703125 296.318756103515625 298.412506103515625 294.03125 288.53125 280.9375 274.287506103515625 265.51873779296875 255.993743896484375
235.381256103515625 228.9250030517578125 223.787506103515625 221.09375 219.118743896484375 216.087493896484375 213.90625 215.4250030517578125 215.818756103515625 213.125 201.5124969482421875 188.875 178.03125 167.4625091552734375 157.625 147.4875030517578125 137.787506103515625 130.162506103515625 130.7624969482421875 136.381256103515625 144.912506103515625 151.193756103515625 156.2375030517578125 165.368743896484375 175.2062530517578125 186.712493896484375 197.006256103515625 208.0187530517578125 222.6312408447265625 237.1875 253.53125 267.82501220703125 282.806243896484375 296.66876220703125 308.07501220703125 312.35626220703125 315.462493896484375 313.806243896484375 308.5 301.1875 294.756256103515625 284.86248779296875 274.868743896484375 262.96875
243.1062469482421875 238.149993896484375 233.1437530517578125 228.806243896484375 226.4812469482421875 223.912506103515625 222.443756103515625 222.5437469482421875 223.3562469482421875 222.4875030517578125 211.1687469482421875 200.6687469482421875 190.6999969482421875 181.524993896484375 171.618743896484375 163.6999969482421875 153.875 145.78125 148.1062469482421875 154.0625 161.6687469482421875 167.350006103515625 173.4375 181.649993896484375 191.931243896484375 203.1750030517578125 214.1750030517578125 225.024993896484375 238.850006103515625 254.6999969482421875 269.86248779296875 284.337493896484375 294.73126220703125 307.01873779296875 319.912506103515625 322.10626220703125 323.087493896484375 321.756256103515625 316.65625 310.931243896484375 301.837493896484375 292.58123779296875 281.4375 269.756256103515625
250.1437530517578125 245.912506103515625 241.65625 235.5812530517578125 230.9187469482421875 225.8249969482421875 223.3125 221.6750030517578125 220.0187530517578125 216.53125 212.6687469482421875 207.243743896484375 202.131256103515625 195.725006103515625 188.5187530517578125 182.71875 177.3625030517578125 175.287506103515625 177.056243896484375 178.306243896484375 180.587493896484375 185.3625030517578125 189.125 197.587493896484375 208.5812530517578125 219.006256103515625 230.21875 241.9375 254.368743896484375 269.462493896484375 286.443756103515625 300.681243896484375 308.14373779296875 316.193756103515625 324.9375 328.14373779296875 327.943756103515625 326.943756103515625 324.85626220703125 317.29376220703125 307.35626220703125 297.868743896484375 287.08123779296875 275.92498779296875
258.412506103515625 251.4375 246.568756103515625 241.5500030517578125 236.100006103515625 230.7375030517578125 224.65625 216.5437469482421875 210.287506103515625 210.3937530517578125 213.412506103515625 214.0500030517578125 213.524993896484375 209.4000091552734375 205.743743896484375 202.649993896484375 201.475006103515625 203.662506103515625 208.100006103515625 203.34375 200.25 202.193756103515625 205.3000030517578125 214.15625 225.7312469482421875 235.712493896484375 246.125 257.48748779296875 271.568756103515625 286.8125 301.33123779296875 315.17498779296875 319.993743896484375 324.88751220703125 330.118743896484375 331.59375 331.01251220703125 329.51251220703125 326.556243896484375 321.524993896484375 313.756256103515625 304.89373779296875 294.76873779296875 283.381256103515625
265.443756103515625 258.53125 253.787506103515625 247.4499969482421875 242.53125 235.5437469482421875 228.368743896484375 219.9499969482421875 211.0625 209 217.787506103515625 222.3249969482421875 225.1875 223.225006103515625 220.743743896484375 218.274993896484375 217.318756103515625 219.681243896484375 222.725006103515625 216.3312530517578125 211.462493896484375 213.6999969482421875 216.7687530517578125 228.625 240.2375030517578125 250.0812530517578125 260.54998779296875 270.568756103515625 284.46875 299.131256103515625 313.1875 323.193756103515625 326.23126220703125 327.79998779296875 330.28125 329.5 329.10626220703125 327.024993896484375 324.70001220703125 321.16876220703125 314.35626220703125 306.743743896484375 300.681243896484375 292.90625
271.868743896484375 265.16876220703125 258.787506103515625 253.0124969482421875 248.443756103515625 242.3625030517578125 235.59375 229.3937530517578125 224.6875 225.78125 231.3625030517578125 235.8000030517578125 238.4875030517578125 237.475006103515625 234.90625 232.1999969482421875 229.1125030517578125 227.71875 225.193756103515625 220.1999969482421875 217.5812530517578125 221.0187530517578125 226.5 241.2062530517578125 252.125 261.350006103515625 271.756256103515625 282.4375 294.64373779296875 307.42498779296875 318.82501220703125 327.66876220703125 329.5 329.9375 330.625 327.63751220703125 325.056243896484375 322.662506103515625 320.912506103515625 318.57501220703125 315.381256103515625 310.225006103515625 305.631256103515625 298.36248779296875
279.32501220703125 272.98748779296875 265.28125 258.850006103515625 253.3249969482421875 248.6437530517578125 243.756256103515625 241.28125 240.1437530517578125 242.6875 249.1437530517578125 253.368743896484375 253.3625030517578125 251.1125030517578125 247.125 242.537506103515625 236.806243896484375 231.7375030517578125 225.65625 219.587493896484375 220.818756103515625 225.5 235.162506103515625 248.993743896484375 263.71875 271.71875 281.04998779296875 291.631256103515625 302.96875 311.662506103515625 321.01873779296875 329.23126220703125 330.32501220703125 329.725006103515625 328.318756103515625 325.399993896484375 321.33123779296875 316.681243896484375 316.76873779296875 316.537506103515625 314.70001220703125 310.17498779296875 307.58123779296875 302.787506103515625
284.524993896484375 278.07501220703125 271.068756103515625 266.193756103515625 261.399993896484375 256.63751220703125 253.5875091552734375 254.625 255.9812469482421875 259.09375 266.306243896484375 272.73748779296875 270.037506103515625 264.993743896484375 259.16876220703125 251.4499969482421875 244.0625 235.1687469482421875 227.5 219.5500030517578125 220.131256103515625 226.4562530517578125 239.7687530517578125 258.475006103515625 271.774993896484375 276.256256103515625 284.79376220703125 294.57501220703125 306.125 315.42498779296875 323.41876220703125 329.45001220703125 329.875 328.54376220703125 326.693756103515625 323.337493896484375 318.95623779296875 313.64373779296875 313.9375 314.918731689453125 313.88751220703125 310.443756103515625 305.568756103515625 299.962493896484375
290.83123779296875 285.20623779296875 278.931243896484375 273.65625 269.037506103515625 266.899993896484375 265.01873779296875 265.51873779296875 268.287506103515625 272.96875 280.11248779296875 286.774993896484375 284.41876220703125 275.449981689453125 268.0625 259.17498779296875 249.475006103515625 240.850006103515625 231.6999969482421875 222.318756103515625 218.0437469482421875 226.399993896484375 242.5437469482421875 258.73748779296875 266.21875 271.943756103515625 284.70001220703125 297.73748779296875 309.26873779296875 318.118743896484375 324.975006103515625 329.23126220703125 327.850006103515625 325.618743896484375 323 319.15625 313.76873779296875 308.15625 308.100006103515625 309.29376220703125 310.381256103515625 307.01251220703125 297.462493896484375 287.76873779296875
294.86248779296875 290.556243896484375 284.6875 279.899993896484375 276.23748779296875 273.17498779296875 272.4375 275.45623779296875 278.91876220703125 284.03125 288.625 292.73748779296875 289.4375 283.037506103515625 273.287506103515625 264.818756103515625 253.9375 245.899993896484375 236.2375030517578125 227.774993896484375 226.78125 234.225006103515625 245.368743896484375 258.51873779296875 265.443756103515625 273.76873779296875 286.475006103515625 299.34375 312.70001220703125 320.04376220703125 325.631256103515625 328.631256103515625 325.556243896484375 321.274993896484375 318.475006103515625 313.63751220703125 308.368743896484375 303.537506103515625 302.399993896484375 301.8125 299.89373779296875 289.725006103515625 282.649993896484375 278.587493896484375
298.61248779296875 294.662506103515625 289.881256103515625 285.51251220703125 283.35626220703125 281.40625 282.08123779296875 284.131256103515625 286.987518310546875 290.33123779296875 294.556243896484375 296.4375 293.89373779296875 288.318756103515625 278.09375 268.443756103515625 257.3125 248.09375 239.625 233.756256103515625 235.6687469482421875 241.25 250.993743896484375 261.29998779296875 271.125 280.662506103515625 291.67498779296875 304.32501220703125 316.162506103515625 323.59375 327.41876220703125 327.5625 325.237518310546875 319.462493896484375 315.0625 309.15625 304.868743896484375 301.63751220703125 300.212493896484375 292.181243896484375 280.75 274.868743896484375 274.631256103515625 273.693756103515625
300.88751220703125 296.82501220703125 292.88751220703125 289.13751220703125 287.850006103515625 286.662506103515625 287.943756103515625 289.67498779296875 291.40625 294.975006103515625 298.693756103515625 300.068756103515625 297.818756103515625 292.36248779296875 282.787506103515625 269.71875 259.16876220703125 250.631256103515625 242.1875 237.462493896484375 243.162506103515625 250.3562469482421875 259.23126220703125 268.287506103515625 277.35626220703125 286.706268310546875 295.9375 308.95001220703125 321.32501220703125 328.818756103515625 331.66876220703125 329.57501220703125 322.118743896484375 315.056243896484375 308.756256103515625 305.662506103515625 302.25 298.087493896484375 295.493743896484375 284.85626220703125 269.28125 264.98748779296875 267.20623779296875 265.587493896484375
300.568756103515625 297.243743896484375 292.975006103515625 290.41876220703125 290.356231689453125 289.76873779296875 291.600006103515625 293.23126220703125 295.024993896484375 297.51251220703125 301.493743896484375 303.493743896484375 301.28125 295.875 286.412506103515625 273.743743896484375 257.568756103515625 248.96875 242.962493896484375 241.28125 248.506256103515625 258.037506103515625 267.26873779296875 274.6875 284.08123779296875 291.73126220703125 299.162506103515625 311.45623779296875 325.45001220703125 333.85626220703125 337.29376220703125 333.57501220703125 322.431243896484375 311.23748779296875 306.743743896484375 304.15625 299.78125 297.712493896484375 299.662506103515625 285.86248779296875 270.712493896484375 264.243743896484375 261.443756103515625 259.006256103515625
300.11248779296875 297.13751220703125 293.006256103515625 291.41876220703125 290.8125 291.25 293.15625 294.693756103515625 296.006256103515625 298.51251220703125 300.48748779296875 304.48126220703125 303.48748779296875 298.40625 288.3125 273.9375 257.212493896484375 244.8874969482421875 242.193756103515625 241.4187469482421875 252 263.100006103515625 273.09375 279.662506103515625 287.037506103515625 294.54998779296875 299.350006103515625 312.98126220703125 329.36248779296875 339.51251220703125 340.899993896484375 328.65625 316.4375 307.29998779296875 301.006256103515625 298.625 298.70001220703125 297.59375 295.65625 287.32501220703125 272.38751220703125 262.45623779296875 256.931243896484375 253.193756103515625
296.04998779296875 293.85626220703125 290.64373779296875 290.256256103515625 290.65625 291.48126220703125 291.79376220703125 294.193756103515625 295.82501220703125 297.95623779296875 299.287506103515625 300.881256103515625 301.86248779296875 300.88751220703125 289.037506103515625 271.48748779296875 253.1125030517578125 240.256256103515625 234.2062530517578125 236.03125 251.475006103515625 266.59375 273.32501220703125 281.53125 288.5625 296.737518310546875 304.33123779296875 315.20001220703125 331.3125 342.20001220703125 344.662506103515625 327.96875 311.600006103515625 295.837493896484375 287.274993896484375 289.36248779296875 292.85626220703125 292.506256103515625 292.9375 285.45001220703125 272.556243896484375 260.399993896484375 252.631256103515625 248.1062469482421875
290.743743896484375 288.84375 286.28125 284.875 286.225006103515625 289.03125 290.256256103515625 291.306243896484375 292.5625 294.16876220703125 294.39373779296875 296.131256103515625 300.274993896484375 303.568756103515625 287.45623779296875 264.131256103515625 243.7687530517578125 234.6437530517578125 229.4562530517578125 230.4187469482421875 244.556243896484375 258.068756103515625 271.1875 279.256256103515625 287.087493896484375 297.006256103515625 304.5625 315.53125 326.15625 331.587493896484375 330.70623779296875 317.393768310546875 299.0625 279.76873779296875 269.04376220703125 274.506256103515625 285.98748779296875 293.212493896484375 294.256256103515625 287.67498779296875 274.537506103515625 259.0625 251.28125 245.381256103515625
