data/historical-monthly-weather-data/wc2.1_cruts4.09_10m_prec_1995-04.asc
ncols        51
nrows        45
xllcorner    -63.500000000000
yllcorner    -7.500000000000
cellsize     0.166666666667
NODATA_value -9999
[rows 0 to 19 of 45, columns 0 to 44 of 51]
229.993743896484375 232.662506103515625 232.5124969482421875 236.6875 236.975006103515625 234.7062530517578125 231.493743896484375 224.75 221.78125 222.493743896484375 226.318756103515625 230.943756103515625 234.6062469482421875 236.6437530517578125 239.2937469482421875 242.693756103515625 247.125 247.6062469482421875 250.5749969482421875 253.78125 257.418731689453125 262.42498779296875 266.73126220703125 273.17498779296875 277.57501220703125 284.89373779296875 291.36248779296875 299.9375 307.725006103515625 318.09375 329.79998779296875 341.83123779296875 350.71875 361.631256103515625 371.975006103515625 380.568756103515625 386.225006103515625 391.79998779296875 398.662506103515625 402.9375 406.837493896484375 408.67498779296875 406.318756103515625 406.181243896484375 402.587493896484375
237.6437530517578125 239.875 245.693756103515625 251.1062469482421875 255.806243896484375 252.9187469482421875 248.6999969482421875 246.193756103515625 245.381256103515625 246.2375030517578125 249.818756103515625 253 256.25 258.318756103515625 258.95623779296875 262.34375 264.412506103515625 266.587493896484375 269.649993896484375 272.17498779296875 275.83123779296875 280.14373779296875 286.34375 291.85626220703125 298.65625 305.712493896484375 311.631256103515625 320.04998779296875 325.962493896484375 336.425018310546875 350.118743896484375 364.912506103515625 374.212493896484375 386.0625 395.03125 402.88751220703125 411.024993896484375 416.787506103515625 422.67498779296875 425.36248779296875 427.662506103515625 429.76251220703125 427.42498779296875 424.287506103515625 419.493743896484375
241.78125 246.256256103515625 252.181243896484375 260.70623779296875 268.04376220703125 268.806243896484375 268.70001220703125 269.881256103515625 273.85626220703125 275.75 277.462493896484375 278.625 281.23748779296875 280.725006103515625 280.587493896484375 282.34375 283.51873779296875 285.875 288.137481689453125 291.806243896484375 297.381256103515625 303.787506103515625 309.631256103515625 316.037506103515625 324.54998779296875 332.42498779296875 339.28125 343.26873779296875 346.45623779296875 357.712493896484375 370.57501220703125 383.681243896484375 396.381256103515625 407.818756103515625 415.59375 422.274993896484375 432.54998779296875 440.70623779296875 444.83123779296875 447.45623779296875 449.26251220703125 448.306243896484375 445.537506103515625 442.787506103515625 437.34375
241.537506103515625 246.9250030517578125 257.5 265.912506103515625 274.743743896484375 281.16876220703125 286.41876220703125 292.412506103515625 301.17498779296875 307.1875 308.181243896484375 306.293731689453125 304.631256103515625 303.931243896484375 302.23126220703125 302.931243896484375 304.04376220703125 306.024993896484375 308.26873779296875 312.568756103515625 320.73126220703125 328.53125 334.23748779296875 342.86248779296875 352.087493896484375 359.024993896484375 366.01873779296875 367.17498779296875 369.01873779296875 381.524993896484375 393.71875 406.100006103515625 415.506256103515625 426.368743896484375 434.45001220703125 444.287506103515625 453.712493896484375 461.95623779296875 468.4375 468.5625 469.67498779296875 469.837493896484375 463.587493896484375 458.037506103515625 453.899993896484375
252.8937530517578125 254.3937530517578125 259.100006103515625 268.8125 281.618743896484375 291.29376220703125 299.162506103515625 310.46875 325.037506103515625 337.03125 336.04998779296875 328.34375 325.806243896484375 324.95001220703125 322.34375 321.82501220703125 321.506256103515625 324.056243896484375 326.57501220703125 331.006256103515625 341.60626220703125 350.024993896484375 357.681243896484375 369.23748779296875 376.58123779296875 384.131256103515625 387.83123779296875 392.01251220703125 395.36248779296875 404.61248779296875 416.15625 423.89373779296875 432.618743896484375 444.23748779296875 453.95001220703125 463.66876220703125 471.868743896484375 480.91876220703125 487.9375 488.318756103515625 490.743743896484375 485.087493896484375 479.42498779296875 475.6875 468.712493896484375
257.225006103515625 260.181243896484375 265.5 269.693756103515625 281.84375 294.287506103515625 304.125 317.350006103515625 333.162506103515625 348.92498779296875 345.61248779296875 338.89373779296875 337.537506103515625 337.48126220703125 334.59375 334.83123779296875 332.9375 336.34375 342.54376220703125 349.26251220703125 358.83123779296875 367.818756103515625 379.274993896484375 389.131256103515625 398.10626220703125 407.006256103515625 409.36248779296875 411.79998779296875 413.85626220703125 421.556243896484375 431.40625 441.368743896484375 446.57501220703125 457.39373779296875 469.631256103515625 478.125 489.29376220703125 498.568756103515625 504.375 507.16876220703125 503.61248779296875 497.162506103515625 492.39373779296875 489.149993896484375 483.875
262.70623779296875 265.462493896484375 270.993743896484375 274.40625 279.306243896484375 288.73126220703125 299.618743896484375 312.51873779296875 324.125 333.96875 340.318756103515625 342.131256103515625 346.34375 347.03125 345.91876220703125 347.78125 347.01251220703125 348.412506103515625 354.03125 363.837493896484375 375.881256103515625 387.53125 399.475006103515625 406.92498779296875 417.11248779296875 427.09375 430.11248779296875 429.225006103515625 429.725006103515625 437.08123779296875 446.943756103515625 454.76251220703125 461.83123779296875 469.10626220703125 480.34375 489.193756103515625 497.943756103515625 508.631256103515625 517.64373779296875 518.8187255859375 509.618743896484375 504.006256103515625 500.181243896484375 496.83123779296875 494.11248779296875
268.881256103515625 269.67498779296875 273.412506103515625 278.48126220703125 283.8125 291.54376220703125 296.35626220703125 300.443756103515625 304.524993896484375 314.01251220703125 330.32501220703125 342.3125 351.012481689453125 355.993743896484375 357.899993896484375 359.17498779296875 358.881256103515625 361.23748779296875 365.17498779296875 376.78125 392.13751220703125 406.29998779296875 417.88751220703125 425.975006103515625 438.287506103515625 445.181243896484375 446.681243896484375 445.54376220703125 445.84375 453.162506103515625 458.618743896484375 465.23126220703125 472.01251220703125 479.493743896484375 488.649993896484375 492.931243896484375 501.79998779296875 510.34375 515.2437744140625 513.6187744140625 507.568756103515625 504.587493896484375 500.287506103515625 495.0625 489.75
273.64373779296875 274.85626220703125 278.26873779296875 281.774993896484375 286.71875 292.5 297.79998779296875 299.96875 297.66876220703125 301.86248779296875 322.125 338.40625 354.89373779296875 362.21875 364.70623779296875 368.14373779296875 370.8125 375.556243896484375 382.73126220703125 392.475006103515625 401.662506103515625 419.212493896484375 431.1875 442.881256103515625 454.07501220703125 458.13751220703125 457.556243896484375 456.82501220703125 456.45623779296875 462.1875 468.625 470.59375 474.36248779296875 477.600006103515625 485.912506103515625 490.681243896484375 499.149993896484375 503.85626220703125 507.61248779296875 504.912506103515625 499.693756103515625 494.537506103515625 492.14373779296875 489.131256103515625 478.48126220703125
277.993743896484375 277.79998779296875 281.818756103515625 285.6875 289.493743896484375 295.78125 302.01873779296875 304.89373779296875 308.625 317.5625 333.71875 345.9375 359.79376220703125 367.975006103515625 373.850006103515625 377.537506103515625 382.01251220703125 389.412506103515625 397.64373779296875 411.350006103515625 420.899993896484375 433.625 444.962493896484375 458.8125 465.01873779296875 466.11248779296875 464.38751220703125 462.756256103515625 463.662506103515625 471.41876220703125 472.3125 470.45001220703125 472.024993896484375 474.67498779296875 480.506256103515625 486.287506103515625 490.181243896484375 494.11248779296875 496.100006103515625 496.16876220703125 493.962493896484375 489.14373779296875 484.412506103515625 475.006256103515625 467.85626220703125
282.475006103515625 283.15625 286.537506103515625 289.931243896484375 292.181243896484375 299.14373779296875 306.46875 311.38751220703125 319.743743896484375 331.381256103515625 347.36248779296875 361.287506103515625 368.57501220703125 376.04998779296875 380.631256103515625 384.70001220703125 391.100006103515625 400.912506103515625 412.375 426.04376220703125 441.95001220703125 453.48748779296875 460.76251220703125 460.743743896484375 471.73748779296875 473.181243896484375 467.65625 464.431243896484375 462.67498779296875 468.79376220703125 468.3125 464.89373779296875 466.26873779296875 468.006256103515625 472.45001220703125 473.25 475.787506103515625 479.600006103515625 482.5 483.23126220703125 480.637481689453125 475.493743896484375 473.79376220703125 467.76251220703125 459.149993896484375
285.04376220703125 285.15625 288.29376220703125 294.649993896484375 298.46875 303.912506103515625 313.09375 321.45001220703125 332.36248779296875 345.1875 361.23126220703125 375.76251220703125 378.26873779296875 382.006256103515625 386.07501220703125 390.962493896484375 396.787506103515625 406.95623779296875 419.70001220703125 434.912506103515625 450.631256103515625 462.86248779296875 471.556243896484375 475.48748779296875 474.506256103515625 467.931243896484375 461.193756103515625 455.556243896484375 453.618743896484375 455.212493896484375 454.38751220703125 451.82501220703125 451.131256103515625 452.98748779296875 456.54998779296875 458.54998779296875 462.76251220703125 467.36248779296875 466.649993896484375 464.26251220703125 463.4375 460.09375 456.73748779296875 446.09375 437.58123779296875
288.368743896484375 288.26251220703125 291.850006103515625 297.225006103515625 302.70001220703125 311.78125 319.67498779296875 327.65625 338.462493896484375 353.90625 369.649993896484375 383.8125 387.41876220703125 382.59375 386.100006103515625 393.57501220703125 398.23126220703125 408.40625 422.912506103515625 436.28125 452.587493896484375 463.16876220703125 468.01251220703125 470.118743896484375 458.20623779296875 448.51251220703125 446.600006103515625 441.17498779296875 440.943756103515625 440.412506103515625 438.693756103515625 435.118743896484375 433.70001220703125 435.20623779296875 436.943756103515625 441.82501220703125 446.975006103515625 451.79998779296875 453.16876220703125 451.39373779296875 443.850006103515625 443.193756103515625 436.17498779296875 426.649993896484375 423.57501220703125
290.45001220703125 290.38751220703125 293.11248779296875 298.14373779296875 305.631256103515625 314.51873779296875 322.225006103515625 331.08123779296875 343.431243896484375 357.20001220703125 369.26251220703125 378.125 383.25 382.837493896484375 382.70623779296875 391.381256103515625 396.10626220703125 403.73126220703125 418.48126220703125 429.61248779296875 444.15625 452.29998779296875 458.64373779296875 453.07501220703125 444.068756103515625 436.26873779296875 432.162506103515625 427.98126220703125 425.818756103515625 425.350006103515625 422.649993896484375 419.73748779296875 415.118743896484375 415.962493896484375 419.162506103515625 425.662506103515625 431.318756103515625 438.818756103515625 442.975006103515625 439.26873779296875 426.943756103515625 418.13751220703125 418.681243896484375 420.95001220703125 422.63751220703125
290.01251220703125 290.58123779296875 294.256256103515625 300 308.350006103515625 317.10626220703125 326.162506103515625 335.006256103515625 345.01251220703125 355.931243896484375 366.337493896484375 374.287506103515625 377.881256103515625 378.25 376.73126220703125 380.73126220703125 387.037506103515625 399.006256103515625 412.25 423.41876220703125 434.693756103515625 445.1875 448.58123779296875 442.20001220703125 433.54998779296875 427.79998779296875 422.48748779296875 419.181243896484375 417.25 414.274993896484375 407.837493896484375 399.88751220703125 399.07501220703125 397.54998779296875 398.524993896484375 403.91876220703125 416.88751220703125 430.01251220703125 433.51251220703125 426.09375 414.83123779296875 412.17498779296875 418.975006103515625 417.350006103515625 415.193756103515625
287.662506103515625 288.412506103515625 294.350006103515625 301.78125 309.818756103515625 318.756256103515625 327.63751220703125 336.818756103515625 348.149993896484375 357.068756103515625 365.42498779296875 371.89373779296875 375.431243896484375 374.212493896484375 370.256256103515625 366.118743896484375 377.04998779296875 393.899993896484375 405.212493896484375 416.881256103515625 428.024993896484375 435.73748779296875 438.08123779296875 432.131256103515625 423.225006103515625 419.056243896484375 412.368743896484375 410.25 408.20001220703125 405.631256103515625 401.5625 392.39373779296875 382.67498779296875 378.15625 375.29376220703125 389.51251220703125 402.92498779296875 417.368743896484375 422.399993896484375 421.59375 414.212493896484375 414.806243896484375 416.01251220703125 411.83123779296875 407.23748779296875
283.818756103515625 286.28125 293.881256103515625 302.5 310.64373779296875 319.73126220703125 330.65625 340.006256103515625 348.86248779296875 357.59375 364.33123779296875 370.26251220703125 372.36248779296875 371.39373779296875 370.006256103515625 369.59375 371.29376220703125 384.58123779296875 399.15625 412.32501220703125 422.9375 431.818756103515625 433.89373779296875 422.868743896484375 414.10626220703125 408.28125 403.412506103515625 401.14373779296875 400.98748779296875 399.868743896484375 394.625 385.587493896484375 376.73748779296875 370.943756103515625 375.375 384.087493896484375 398.625 414.806243896484375 426.54376220703125 423.5625 418.03125 416.506256103515625 410.975006103515625 405.881256103515625 399.42498779296875
277.725006103515625 282.8125 291.01251220703125 302.45623779296875 311.662506103515625 322.368743896484375 334.568756103515625 343.006256103515625 351.131256103515625 357.73748779296875 362.493743896484375 367.287506103515625 368.91876220703125 369.875 369.756256103515625 371.39373779296875 372.48126220703125 373.662506103515625 392.1875 406.29376220703125 419.71875 427.256256103515625 429.36248779296875 418.5625 411.01251220703125 405.493743896484375 396.756256103515625 398.006256103515625 399.306243896484375 396.193756103515625 384.90625 365.981231689453125 365.64373779296875 366.29376220703125 368.25 381.51873779296875 395.64373779296875 409.9375 419.03125 423.875 415.91876220703125 412.28125 406.725006103515625 400.337493896484375 394.881256103515625
270.40625 277.54998779296875 288.493743896484375 299.83123779296875 310.743743896484375 323.48748779296875 335.46875 346.993743896484375 355.287506103515625 360.79998779296875 362.92498779296875 362.98748779296875 364.89373779296875 368.39373779296875 365.51251220703125 367.1875 369.73126220703125 372.67498779296875 381 395.037506103515625 415.774993896484375 427.350006103515625 417.506256103515625 413.34375 410.118743896484375 408.943756103515625 404.725006103515625 402.65625 404.15625 398.125 385.899993896484375 368.243743896484375 361.26873779296875 351.5625 351.931243896484375 365.6875 381.36248779296875 394.88751220703125 408.29998779296875 411.89373779296875 411.90625 408.774993896484375 401.78125 395.181243896484375 390.48126220703125
262.725006103515625 272.03125 283.462493896484375 294.41876220703125 308.537506103515625 324.89373779296875 339.8125 350.056243896484375 358.01873779296875 363.056243896484375 363.28125 364.6875 365.756256103515625 366.975006103515625 362.362518310546875 357.04376220703125 356.04998779296875 367.41876220703125 374.98748779296875 387.76873779296875 401.48748779296875 409.48126220703125 415.600006103515625 412.96875 410.70001220703125 409.21875 407.625 409.6875 407.024993896484375 395.931243896484375 379.037506103515625 369.03125 356.024993896484375 339.25 331.162506103515625 344.39373779296875 367.26251220703125 387.181243896484375 399.375 405.743743896484375 405.4375 402.5625 396.493743896484375 389.975006103515625 382.45001220703125
