data/historical-monthly-weather-data/wc2.1_cruts4.09_10m_prec_1978-04.asc
ncols        45
nrows        45
xllcorner    -63.500000000000
yllcorner    -7.500000000000
cellsize     0.166666666667
NODATA_value -9999
[rows 0 to 19 of 45, columns 0 to 43 of 45]
327.556243896484375 334.649993896484375 338.28125 348.40625 352.46875 349.993743896484375 345.71875 335.48748779296875 327.21875 323.875 324.568756103515625 323.375 320.306243896484375 314.70623779296875 308.45001220703125 302.899993896484375 298.962493896484375 292.3125 289 286.13751220703125 285.087493896484375 285.73126220703125 285.23126220703125 285.33123779296875 282.881256103515625 283.350006103515625 283.65625 285.88751220703125 286.556243896484375 286.256256103515625 286.21875 286.3125 285.34375 286.056243896484375 286.64373779296875 289.556243896484375 290.76873779296875 292.256256103515625 297.043731689453125 300.26873779296875 303.41876220703125 306.256256103515625 306.16876220703125 308.11248779296875
336.756256103515625 343.20623779296875 354.95001220703125 366.287506103515625 376.068756103515625 370.943756103515625 363.17498779296875 357.318756103515625 350.0625 344.681243896484375 342.756256103515625 337.837493896484375 332.6875 325.92498779296875 316.850006103515625 311.125 303.98126220703125 297.83123779296875 292.743743896484375 287.38751220703125 285.20001220703125 283.95623779296875 284.40625 283.306243896484375 283.149993896484375 283.368743896484375 284.45001220703125 288.0625 288.306243896484375 287.01873779296875 287.16876220703125 288.3125 288.631256103515625 291.256256103515625 292.07501220703125 295.337493896484375 299.318756103515625 301.875 306.462493896484375 309.0625 311.51873779296875 314.63751220703125 314.64373779296875 314.33123779296875
342.806243896484375 352.89373779296875 363.0625 376.70623779296875 387.850006103515625 384.14373779296875 378.443756103515625 374.09375 370.743743896484375 364.16876220703125 357.225006103515625 348.51251220703125 341.54376220703125 330.98748779296875 321.350006103515625 314.068756103515625 306.26251220703125 300.431243896484375 294.524993896484375 290.13751220703125 288.04998779296875 286.71875 284.63751220703125 282.375 281.65625 280.85626220703125 283.618743896484375 284.631256103515625 283.9375 283.45623779296875 282.875 282.625 285.412506103515625 287.5625 287.57501220703125 290.54376220703125 296.58123779296875 301.4375 305.493743896484375 308.837493896484375 311.756256103515625 313.4375 313.962493896484375 314.66876220703125
342.91876220703125 354.79376220703125 369.67498779296875 380.65625 391.056243896484375 391.20001220703125 388.41876220703125 386.25 386.01251220703125 381.806243896484375 371.51873779296875 358.037506103515625 345.34375 334.162506103515625 323.350006103515625 315.42498779296875 308.125 302.28125 296.85626220703125 293.100006103515625 291.39373779296875 288.899993896484375 284.35626220703125 281.58123779296875 278.96875 275.375 278.98748779296875 279.26873779296875 278.91876220703125 279.712493896484375 278.75 278.10626220703125 278.243743896484375 279.693756103515625 279.8125 285.33123779296875 291.29998779296875 296.8125 303.09375 305.65625 308.98126220703125 312.33123779296875 311.537506103515625 311.225006103515625
360.068756103515625 367.131256103515625 371.818756103515625 382.4375 395.91876220703125 396.46875 392.84375 393.306243896484375 397.04998779296875 396.98126220703125 381.86248779296875 361.118743896484375 346.875 335.212493896484375 323.85626220703125 315.15625 306.84375 301.8125 296.850006103515625 293.07501220703125 291.493743896484375 287.29376220703125 282.15625 279.493743896484375 273.16876220703125 268.368743896484375 270.26251220703125 274.100006103515625 276.162506103515625 274.89373779296875 273.649993896484375 270.10626220703125 269.681243896484375 271.29998779296875 272.36248779296875 278.15625 283.82501220703125 290.368743896484375 297.625 301.21875 306.1875 306.71875 307.26251220703125 309
370.850006103515625 380.98126220703125 386.274993896484375 388.48126220703125 400.350006103515625 402.23126220703125 398.3125 398.318756103515625 401.23748779296875 403.33123779296875 383.67498779296875 363.16876220703125 349.38751220703125 337.66876220703125 325.41876220703125 316.76873779296875 306.20623779296875 300.29998779296875 296.79998779296875 293.193756103515625 289.03125 283.70623779296875 280.056243896484375 275.28125 269.61248779296875 265.20623779296875 266.568756103515625 269.70623779296875 271.38751220703125 269.16876220703125 266.881256103515625 264.8125 262.20623779296875 263.14373779296875 265.518768310546875 270.83123779296875 278.53125 285.53125 292.42498779296875 297.975006103515625 299.89373779296875 300.318756103515625 301.725006103515625 304.01251220703125
384.006256103515625 395.01873779296875 400.537506103515625 401.318756103515625 402.32501220703125 397.95001220703125 393.274993896484375 390.76873779296875 387.118743896484375 381.0625 371.32501220703125 359.381256103515625 350.58123779296875 338.71875 327.34375 319.28125 308.743743896484375 299.068756103515625 292.96875 289.837493896484375 286.09375 281.26251220703125 276.493743896484375 269.60626220703125 264.431243896484375 260.5 262.537506103515625 263.98126220703125 265.04998779296875 262.75 260.524993896484375 257.274993896484375 255.6999969482421875 254.53125 256.26251220703125 261.95001220703125 268.537506103515625 276.54376220703125 285.524993896484375 290.54376220703125 289.756256103515625 290.88751220703125 292.943756103515625 295.26251220703125
398.3125 407.287506103515625 410.056243896484375 412.962493896484375 413.98748779296875 405.068756103515625 390.125 374.88751220703125 361.462493896484375 354.568756103515625 355.306243896484375 353.64373779296875 348.681243896484375 340.131256103515625 330.649993896484375 321.04376220703125 309.837493896484375 299.11248779296875 289.625 285.90625 282.96875 278.33123779296875 271.85626220703125 264.98126220703125 260.70623779296875 254.6875 256.08123779296875 257.76251220703125 259.09375 257.024993896484375 252.537506103515625 248.912506103515625 247.274993896484375 246.25 246.881256103515625 250.40625 257.212493896484375 264.225006103515625 271.09375 274.86248779296875 276.193756103515625 278.78125 280.600006103515625 281.837493896484375
410.068756103515625 419.51873779296875 421.100006103515625 420.993743896484375 420.806243896484375 409.04998779296875 394.756256103515625 376.98126220703125 355.537506103515625 342.48748779296875 347.649993896484375 350.40625 352.91876220703125 345.92498779296875 335.537506103515625 326.368743896484375 316.25 305.64373779296875 296.743743896484375 289.587493896484375 280.318756103515625 276.087493896484375 268.17498779296875 263.01873779296875 257.71875 249.899993896484375 250.1875 252.1750030517578125 253.381256103515625 251.53125 248.875 244.0124969482421875 241.25 238.375 238.84375 242.5812530517578125 249.0500030517578125 253.96875 260.04376220703125 263.08123779296875 264.756256103515625 265.9375 268.51873779296875 270.743743896484375
421.306243896484375 428.14373779296875 429.931243896484375 429.54376220703125 427.037506103515625 416.08123779296875 403.32501220703125 386.4375 371.51873779296875 362.95001220703125 362.443756103515625 360.17498779296875 359.381256103515625 352.443756103515625 343.631256103515625 333.03125 322.8125 312.48748779296875 302.46875 296.13751220703125 284.98748779296875 275.38751220703125 265.399993896484375 260.912506103515625 252.4812469482421875 243.0124969482421875 242.712493896484375 244.25 246.3312530517578125 246.806243896484375 242.7687530517578125 237.375 234.0625 231.3249969482421875 230.868743896484375 235.006256103515625 239.0625 243.3937530517578125 248.306243896484375 252.5500030517578125 255.587493896484375 256.70001220703125 257.73748779296875 256.20623779296875
432.287506103515625 440.006256103515625 440.0625 438.162506103515625 432.71875 423.006256103515625 411.975006103515625 397.818756103515625 387.875 381.462493896484375 379.78125 378.375 370.006256103515625 361.618743896484375 350.04376220703125 338.23748779296875 328.193756103515625 318.03125 308.58123779296875 300.14373779296875 291.100006103515625 278.34375 263.912506103515625 251.1999969482421875 245.4562530517578125 236.256256103515625 234.1125030517578125 234.912506103515625 235.787506103515625 236.6374969482421875 233.462493896484375 228.756256103515625 225.90625 223.162506103515625 222.412506103515625 224.125 227.368743896484375 231.4812469482421875 236.5749969482421875 240.881256103515625 243.46875 244.1374969482421875 246.4250030517578125 246.4499969482421875
437.212493896484375 443.21875 442.42498779296875 444.631256103515625 441.199981689453125 429.818756103515625 421.975006103515625 412.66876220703125 405.71875 400.3125 398.28125 397.056243896484375 383.45001220703125 371.056243896484375 358.14373779296875 346.14373779296875 334.681243896484375 323.51251220703125 313.618743896484375 304.712493896484375 292.9375 278.01251220703125 262.09375 251.475006103515625 239.6875 227.056243896484375 224.5 224.15625 225.131256103515625 224.7937469482421875 222.725006103515625 219.6437530517578125 216.399993896484375 214.225006103515625 213.506256103515625 215.9187469482421875 220.0625 224.625 227.8125 230.3937530517578125 233.625 234.774993896484375 235.8000030517578125 233.0187530517578125
442.75 447.54998779296875 447 447.337493896484375 446.14373779296875 440.65625 431.70001220703125 422.556243896484375 415.649993896484375 413.46875 411.131256103515625 409.381256103515625 396.725006103515625 375.65625 361.693756103515625 351.45623779296875 338.256256103515625 326.037506103515625 316.38751220703125 304.83123779296875 291.14373779296875 272.774993896484375 252.881256103515625 241.65625 225.256256103515625 211.9875030517578125 211.8937530517578125 211.7062530517578125 213.6374969482421875 213.274993896484375 211.931243896484375 209.4375 206.4499969482421875 204.6062469482421875 203.4562530517578125 207.3562469482421875 212.0625 216.8312530517578125 220.868743896484375 223.5875091552734375 223.287506103515625 225.3874969482421875 224.100006103515625 221.4875030517578125
446.70001220703125 450.63751220703125 448.3125 447.76251220703125 449.381256103515625 444.32501220703125 436.01251220703125 428.806243896484375 424.23748779296875 420.375 414.300018310546875 407.131256103515625 396.449981689453125 380.04376220703125 362.193756103515625 352.699981689453125 339.09375 324.056243896484375 313.91876220703125 299.91876220703125 283.3125 261.75 241.375 226.7937469482421875 212.8125 201.2624969482421875 200.243743896484375 200.662506103515625 201.78125 202.318756103515625 201.524993896484375 200.318756103515625 196.306243896484375 194.5812530517578125 194.4812469482421875 199.2375030517578125 204.225006103515625 210.287506103515625 215.524993896484375 217.1062469482421875 214.1875 211.875 214.1125030517578125 217.306243896484375
448.63751220703125 452.57501220703125 451.100006103515625 451.11248779296875 453.5 448.45001220703125 442.23748779296875 435.26251220703125 428.3125 421.73748779296875 414.5625 407.068756103515625 395.42498779296875 380.381256103515625 361.3125 347.65625 335.756256103515625 324.45001220703125 313.09375 298.85626220703125 278.412506103515625 256.48748779296875 233.100006103515625 218.4875030517578125 205.34375 195.2937469482421875 193.725006103515625 194.4375 195.6687469482421875 195.59375 193.75 190.756256103515625 188.7624969482421875 186.0437469482421875 185.024993896484375 189.125 197.381256103515625 205.899993896484375 210.3937530517578125 209.65625 206.84375 207.725006103515625 213.3312530517578125 214.693756103515625
447.850006103515625 451.087493896484375 452.53125 454.524993896484375 455.96875 451.33123779296875 445.149993896484375 438.9375 434.225006103515625 425.90625 417.07501220703125 408.543731689453125 397.45001220703125 381.25 359.91876220703125 338.993743896484375 331.66876220703125 324.76873779296875 312.01251220703125 298.01251220703125 275.86248779296875 250.506256103515625 225.28125 211.25 198.600006103515625 189.743743896484375 187.53125 188.6875 189.8249969482421875 190.462493896484375 190.375 187.3249969482421875 181.243743896484375 177.21875 174.5 182.5187530517578125 190.7937469482421875 199.712493896484375 204.412506103515625 206.399993896484375 205.1875 207.868743896484375 210.9250030517578125 211.25
445.15625 450.20001220703125 453.6875 456.90625 458.100006103515625 453.79998779296875 450.625 444.76251220703125 437.375 429.462493896484375 419.35626220703125 410.806243896484375 398.70001220703125 383.256256103515625 364.524993896484375 347.006256103515625 331.33123779296875 321.712493896484375 311.975006103515625 299.024993896484375 274.82501220703125 248.193756103515625 221.2687530517578125 204.90625 192.8249969482421875 183.631256103515625 182.1999969482421875 183.1750030517578125 185.1999969482421875 187.006256103515625 186.943756103515625 184.4875030517578125 178.875 174.25 174.9000091552734375 180.21875 188.837493896484375 198.3874969482421875 205.975006103515625 206.5187530517578125 205.90625 207.71875 207.600006103515625 207.649993896484375
441.818756103515625 450.662506103515625 454.58123779296875 461.57501220703125 463.712493896484375 461.412506103515625 459.71875 452.3125 443.82501220703125 433.15625 420.78125 411.45623779296875 399.375 386.42498779296875 369.35626220703125 354.07501220703125 338.16876220703125 318.925018310546875 313.681243896484375 302.206268310546875 278.20001220703125 248.5749969482421875 219.837493896484375 203.3625030517578125 191.8625030517578125 182.787506103515625 179.5437469482421875 182.056243896484375 184.743743896484375 186.1437530517578125 183.7562408447265625 176.90625 175.21875 173.350006103515625 172.5749969482421875 179.7375030517578125 187.8312530517578125 196.1750030517578125 202.431243896484375 206.78125 204.962493896484375 205.681243896484375 205.4875030517578125 204.8375091552734375
436.71875 448.67498779296875 456.493743896484375 462.76873779296875 466.98126220703125 467.375 465.0687255859375 461.54376220703125 452.899993896484375 440.493743896484375 424.79376220703125 410.48748779296875 399.29376220703125 389.54376220703125 370.100006103515625 355.45623779296875 341.48748779296875 324.693756103515625 312.17498779296875 301.774993896484375 281.41876220703125 252.2937469482421875 215.0749969482421875 201.725006103515625 192.212493896484375 185.037506103515625 183.8000030517578125 184.774993896484375 187.6062469482421875 188.1687469482421875 185.899993896484375 180.087493896484375 174.9187469482421875 167.8000030517578125 165.9812469482421875 173.03125 181.4875030517578125 189.118743896484375 197.4187469482421875 201.181243896484375 203.3000030517578125 204.2062530517578125 203.193756103515625 202.34375
430.693756103515625 446.07501220703125 454.274993896484375 459.45623779296875 468.04998779296875 473.568756103515625 475.03125 469.318756103515625 459.993743896484375 446.806243896484375 428.662506103515625 416.193756103515625 404.375 392.51873779296875 371.712493896484375 350.6875 334.17498779296875 326.100006103515625 313.868743896484375 303.16876220703125 277.42498779296875 245.1999969482421875 216.1374969482421875 203.0625 193.6875 186.037506103515625 185.931243896484375 188.78125 189.7624969482421875 188.475006103515625 184.493743896484375 182.837493896484375 174.3937530517578125 163.5 157.3562469482421875 163.868743896484375 175.368743896484375 185.7312469482421875 193.34375 198.4375 200.3562469482421875 201.287506103515625 200.587493896484375 199.6875
