data/historical-monthly-weather-data/wc2.1_cruts4.09_10m_prec_1951-12.asc
ncols        51
nrows        45
xllcorner    -63.500000000000
yllcorner    -7.500000000000
cellsize     0.166666666667
NODATA_value -9999
[rows 20 to 39 of 45, columns 0 to 43 of 51]
212.475006103515625 215.09375 217.7375030517578125 221.4812469482421875 226.212493896484375 231.649993896484375 236.5124969482421875 240.850006103515625 244.7687530517578125 246.774993896484375 246.693756103515625 246.09375 244.78125 241.3874969482421875 235.212493896484375 227.375 219.6312408447265625 212.3625030517578125 207.6125030517578125 202.506256103515625 195.4499969482421875 187.899993896484375 181.5812530517578125 181.6687469482421875 183.837493896484375 185.3937530517578125 185.818756103515625 181.84375 174.8874969482421875 168.1437530517578125 163.7624969482421875 164.181243896484375 164.943756103515625 167.0812530517578125 169.625 171.693756103515625 175.6687469482421875 179.743743896484375 179.75 175.318756103515625 167.287506103515625 157.8312530517578125 150.368743896484375 144
210.7312469482421875 212.7375030517578125 216.78125 222.837493896484375 228.9250030517578125 234.84375 240.8874969482421875 246.3562469482421875 250.1374969482421875 251.8625030517578125 250.818756103515625 249.1062469482421875 246.78125 242.46875 236.75 229.7624969482421875 222.743743896484375 215.8125 210.006256103515625 204.2687530517578125 196.0625 189.4187469482421875 185.0625 185.6687469482421875 188.6062469482421875 193.037506103515625 197.5437469482421875 195.131256103515625 189.4875030517578125 184.8562469482421875 181.6999969482421875 181.225006103515625 180.2375030517578125 181.4499969482421875 182.5500030517578125 183.6125030517578125 187.21875 191.4187469482421875 189.818756103515625 183.0437469482421875 174.6125030517578125 165.5437469482421875 157.75 151.1875
209.787506103515625 213.287506103515625 217.1999969482421875 223.537506103515625 230.9812469482421875 238.568756103515625 244.9812469482421875 251.6437530517578125 256.76251220703125 257.28125 255.1437530517578125 251.51251220703125 248.8562469482421875 244.4562530517578125 238.6374969482421875 231.8937530517578125 224.8562469482421875 217.475006103515625 211.3000030517578125 204.462493896484375 196.59375 190.03125 185.53125 186.850006103515625 191.243743896484375 198.412506103515625 206.600006103515625 206.306243896484375 202.100006103515625 199.71875 198.493743896484375 198.381256103515625 197.006256103515625 196.0437469482421875 195.524993896484375 193.8125 197.524993896484375 204.837493896484375 202.2062530517578125 192.9812469482421875 182.975006103515625 173.3937530517578125 165.381256103515625 158.5
210.6125030517578125 213.431243896484375 217.1999969482421875 224.15625 232.8937530517578125 241.1750030517578125 248.96875 255.5500030517578125 260.006256103515625 259.54998779296875 257.068756103515625 253.8687591552734375 250.8937530517578125 246.84375 240.6875 233.818756103515625 226.975006103515625 219.7687530517578125 212.9250030517578125 205.65625 196.8000030517578125 189.7937469482421875 184.412506103515625 186.3937530517578125 191.037506103515625 198.2375030517578125 206.774993896484375 210.7687530517578125 211.8625030517578125 212.225006103515625 213.59375 213.96875 213.5 212.1062469482421875 210.943756103515625 206.774993896484375 209.318756103515625 216.1812591552734375 212.78125 202.600006103515625 191.15625 180.818756103515625 171.399993896484375 163.443756103515625
214.4187469482421875 215.9250030517578125 218.84375 228.1687469482421875 238.9562530517578125 246.5625 253.5124969482421875 258.59375 261.29376220703125 261.5062255859375 259.4375 255.8312530517578125 252.475006103515625 248.256256103515625 242.475006103515625 235.875 229.037506103515625 221.9499969482421875 214.6687469482421875 206.962493896484375 197.381256103515625 188.868743896484375 182.912506103515625 184.3125 189.618743896484375 197.9562530517578125 207.3000030517578125 214.40625 219.274993896484375 223.3312530517578125 227.3937530517578125 229.5625 230.2687530517578125 229.3874969482421875 227.350006103515625 224.087493896484375 225.34375 226.7687530517578125 221.712493896484375 212.125 200.006256103515625 188.587493896484375 177.46875 169.443756103515625
223.149993896484375 226.787506103515625 229.8249969482421875 238.34375 246.5812530517578125 252.8625030517578125 257.79376220703125 261.34375 263.043731689453125 262.412506103515625 260.037506103515625 257.11248779296875 253.4875030517578125 249.28125 244.1875 238.03125 230.96875 223.912506103515625 216.53125 208.412506103515625 199.3874969482421875 189.1750030517578125 181.03125 180.787506103515625 188.225006103515625 198.399993896484375 209.8125 219.2062530517578125 226.881256103515625 233.524993896484375 239.681243896484375 245.5 248.131256103515625 247.131256103515625 245.7062530517578125 242.0812530517578125 241.4875030517578125 240.65625 234 224.1875 211.462493896484375 197.1062469482421875 183.4499969482421875 173.306243896484375
233.0124969482421875 237.4812469482421875 242.7624969482421875 250.256256103515625 256.75 260.868743896484375 262.84375 264.100006103515625 263.65625 263.01251220703125 261.73126220703125 258.79376220703125 254.7687530517578125 250.943756103515625 246.2375030517578125 240.943756103515625 234.5812530517578125 227.743743896484375 220.4562530517578125 211.7312469482421875 202.318756103515625 191.743743896484375 182.3874969482421875 180.5749969482421875 189.78125 200.78125 213.1062469482421875 223.8937530517578125 234.0124969482421875 242.037506103515625 250.462493896484375 258.54998779296875 264.1875 264.29376220703125 263.70623779296875 261.181243896484375 259.412506103515625 257.693756103515625 250.3062591552734375 240.681243896484375 227.75 209.818756103515625 191.568756103515625 178.9562530517578125
244.274993896484375 249.868743896484375 256.431243896484375 263.28125 268.037506103515625 269.850006103515625 269.506256103515625 267.63751220703125 265.46875 263.51873779296875 261.29376220703125 258.48748779296875 255.8312530517578125 252.6437530517578125 248.524993896484375 243.381256103515625 238.131256103515625 231.375 224.5749969482421875 216.287506103515625 207.53125 198.1062469482421875 191.193756103515625 191.1624908447265625 197.806243896484375 207.412506103515625 218.806243896484375 229.59375 240.1687469482421875 249.100006103515625 257.90625 266.212493896484375 273.20001220703125 277.10626220703125 279.21875 278.006256103515625 277.287506103515625 276.29998779296875 269.506256103515625 260.912506103515625 248.631256103515625 227.6750030517578125 201.6999969482421875 186.381256103515625
254.375 261.46875 269.45623779296875 277.3125 280.42498779296875 278.40625 274.79376220703125 270.76251220703125 267.04376220703125 263.40625 261.10626220703125 259.056243896484375 256.67498779296875 254.318756103515625 250.46875 246.8937530517578125 242.443756103515625 236.40625 229.9499969482421875 222.3000030517578125 214.4812469482421875 206.631256103515625 201.7062530517578125 202.1875 207.7375030517578125 215.912506103515625 226.28125 236.8125 247.5187530517578125 255.9562530517578125 264.29376220703125 272.1875 280.64373779296875 287.056243896484375 292.48748779296875 293.756256103515625 295.306243896484375 295.45001220703125 288.67498779296875 281.54998779296875 272.100006103515625 247.618743896484375 219.462493896484375 205.84375
263.618743896484375 271.20623779296875 280.76251220703125 290.26873779296875 294.162506103515625 286.818756103515625 279.09375 272.975006103515625 267.506256103515625 262.631256103515625 259.90625 257.66876220703125 256.850006103515625 255.912506103515625 253.1750030517578125 249.8562469482421875 246.537506103515625 242.6999969482421875 236.9812469482421875 229.506256103515625 221.90625 215.100006103515625 210.2062530517578125 211.5124969482421875 216.6437530517578125 224.0812530517578125 232.381256103515625 242.6875 252.5812530517578125 261.225006103515625 269.71875 277.89373779296875 288.587493896484375 297.350006103515625 305.475006103515625 309 313.09375 315.350006103515625 310.350006103515625 303.931243896484375 294.162506103515625 275.375 252.6687469482421875 240.1062469482421875
270.537506103515625 278.181243896484375 286.84375 296.3125 298.95001220703125 288.943756103515625 279.61248779296875 271.57501220703125 264.89373779296875 260.70623779296875 257.875 256.462493896484375 256.67498779296875 256.36248779296875 254.350006103515625 252.475006103515625 251.125 247.475006103515625 243.556243896484375 236.693756103515625 229.225006103515625 222.743743896484375 218.5500030517578125 220.068756103515625 224.587493896484375 231.0749969482421875 238.837493896484375 248.21875 257.5 266.79376220703125 275.46875 284.11248779296875 295.88751220703125 307.39373779296875 317.662506103515625 324.256256103515625 331.41876220703125 336.40625 332.48748779296875 325.787506103515625 318.743743896484375 305.243743896484375 288.88751220703125 274.54998779296875
275.8125 281.58123779296875 287.712493896484375 291.88751220703125 291.037506103515625 283.787506103515625 275.399993896484375 266.774993896484375 260.71875 256.243743896484375 254.068756103515625 254.193756103515625 255.649993896484375 256.29998779296875 256.15625 255.506256103515625 253.5 250.118743896484375 246.4875030517578125 240.8125 234.756256103515625 229.056243896484375 224.868743896484375 226.600006103515625 232.0500030517578125 237.8562469482421875 244.59375 253.381256103515625 262.443756103515625 272.26873779296875 281.35626220703125 290.76251220703125 302.76873779296875 316.125 329.212493896484375 339.743743896484375 348.70623779296875 355.78125 353.95001220703125 349.92498779296875 348.20623779296875 341.01873779296875 331.693756103515625 322.806243896484375
280.4375 282.88751220703125 284.88751220703125 286.61248779296875 284.631256103515625 277.806243896484375 269.100006103515625 260.431243896484375 254.256256103515625 250.5749969482421875 251.1437530517578125 252.2937469482421875 255.318756103515625 258.462493896484375 258.76873779296875 257.962493896484375 255.7062530517578125 253.337493896484375 248.4875030517578125 243.5124969482421875 238.3249969482421875 233.625 229.8874969482421875 231.381256103515625 236.3249969482421875 242.318756103515625 248.837493896484375 256.149993896484375 265.431243896484375 275.65625 286.29376220703125 296.98748779296875 310.76251220703125 325.756256103515625 340.868743896484375 353.375 364.98126220703125 375.068756103515625 376.587493896484375 380.537506103515625 383.381256103515625 383.11248779296875 384.11248779296875 389.20001220703125
283.8125 283.39373779296875 283.287506103515625 281.912506103515625 277.524993896484375 270.39373779296875 262.23748779296875 253.649993896484375 247.193756103515625 243.681243896484375 244.5187530517578125 249.587493896484375 255.25 258.912506103515625 260.399993896484375 259.79998779296875 258.38751220703125 256.024993896484375 250.8312530517578125 246.0687408447265625 241.4250030517578125 236.837493896484375 233.0187530517578125 234.6999969482421875 238.899993896484375 244.3937530517578125 251.40625 258.98748779296875 268.524993896484375 279.056243896484375 290.618743896484375 303.212493896484375 318.681243896484375 335.475006103515625 351.79376220703125 366.08123779296875 380.875 392.306243896484375 400.58123779296875 410.3125 419.45001220703125 426.29998779296875 436.412506103515625 453.212493896484375
285.975006103515625 283.962493896484375 281.712493896484375 277.662506103515625 272.14373779296875 264.131256103515625 255.162506103515625 246.243743896484375 238.4375 235.2937469482421875 238.225006103515625 246.1125030517578125 255.556243896484375 262.17498779296875 264.125 263.6875 261.76251220703125 258.71875 254.1125030517578125 248.243743896484375 244.4499969482421875 239.368743896484375 236.431243896484375 237.568756103515625 240.806243896484375 245.962493896484375 252.84375 260.899993896484375 270.3125 281.88751220703125 294.73126220703125 308.59375 325.912506103515625 344.70623779296875 362.51873779296875 377.65625 393.28125 409.725006103515625 423.181243896484375 436.11248779296875 450.868743896484375 462.89373779296875 478.743743896484375 500.418731689453125
287.556243896484375 284.368743896484375 280.337493896484375 275.100006103515625 268.21875 259.774993896484375 249.5812530517578125 239.1999969482421875 229.9875030517578125 225.1687469482421875 230.40625 243.0124969482421875 256.850006103515625 265.48126220703125 268.29376220703125 267.993743896484375 265.65625 262.25 256.64373779296875 250.2937469482421875 246.318756103515625 242.556243896484375 238.875 239.4375 242.306243896484375 246.2312469482421875 252.837493896484375 260.20623779296875 269.01251220703125 282.08123779296875 296.743743896484375 311.431243896484375 330.21875 349.29998779296875 367.725006103515625 382.48126220703125 400.75 418.01251220703125 432.493743896484375 447.774993896484375 464.662506103515625 480.78125 497.73748779296875 519.5562744140625
288.57501220703125 284.712493896484375 279.881256103515625 274.212493896484375 267.1875 258.568756103515625 248.712493896484375 236.818756103515625 224.350006103515625 214.306243896484375 224.493743896484375 246.6875 261.66876220703125 269.649993896484375 272.756256103515625 272.306243896484375 270.037506103515625 265.70001220703125 260.10626220703125 253.412506103515625 248.8812408447265625 244.5812530517578125 240.84375 240.7125091552734375 242.2624969482421875 245.524993896484375 251.131256103515625 258.82501220703125 267.86248779296875 282.23126220703125 297.962493896484375 313.912506103515625 333.45623779296875 353.868743896484375 372.568756103515625 389.54998779296875 407.5 424.70623779296875 438.443756103515625 454.3125 471.66876220703125 488.98748779296875 507.51251220703125 529.38751220703125
289.212493896484375 285.42498779296875 280.76251220703125 274.95001220703125 268.71875 260.09375 251.4875030517578125 240.756256103515625 229.1374969482421875 216.537506103515625 239.28125 263.58123779296875 272.9375 277.61248779296875 279.14373779296875 278.11248779296875 274.774993896484375 270.318756103515625 263.58123779296875 256.79376220703125 250.8125 245.8625030517578125 242.2375030517578125 241.2624969482421875 241.6875 244.0812530517578125 250.212493896484375 257.356231689453125 266.01873779296875 281.78125 297.962493896484375 315.23126220703125 335.42498779296875 356.45001220703125 375.725006103515625 392.95001220703125 410.35626220703125 426.60626220703125 441.399993896484375 456.70623779296875 473.10626220703125 490.5 508.29998779296875 529.125
290.67498779296875 286.70623779296875 282.662506103515625 277.837493896484375 271.91876220703125 264.649993896484375 257.86248779296875 251.8625030517578125 248.7624969482421875 256.34375 283.48748779296875 287.375 286.875 287.73748779296875 287.41876220703125 285.587493896484375 281.75 275.587493896484375 268.0625 260.306243896484375 253.0812530517578125 246.756256103515625 242.537506103515625 241.375 241.7937469482421875 243.850006103515625 249.037506103515625 255.9375 264.149993896484375 279.20001220703125 295.39373779296875 310.381256103515625 328.86248779296875 347.84375 367.21875 383.537506103515625 399.537506103515625 414.98126220703125 428.26873779296875 441.743743896484375 457.350006103515625 471.41876220703125 485.899993896484375 502.25
293.625 289.537506103515625 285.774993896484375 281.54998779296875 276.79376220703125 272.068756103515625 268.056243896484375 266.868743896484375 268.85626220703125 278.087493896484375 293.17498779296875 298.86248779296875 298.056243896484375 297.76251220703125 296.95623779296875 294.024993896484375 289.29998779296875 282.78125 273.556243896484375 264.38751220703125 254.475006103515625 246.287506103515625 240.9187469482421875 239.006256103515625 240.1999969482421875 242.84375 248.412506103515625 255.1437530517578125 262.58123779296875 276.82501220703125 291 305.881256103515625 322.96875 339.63751220703125 356.16876220703125 370.1875 385.6875 399.681243896484375 411.4375 422.73748779296875 435.16876220703125 447.03125 459.39373779296875 472.23126220703125
