data/historical-monthly-weather-data/wc2.1_cruts4.09_10m_prec_2019-05.asc
ncols        45
nrows        45
xllcorner    -63.500000000000
yllcorner    -7.500000000000
cellsize     0.166666666667
NODATA_value -9999
[rows 20 to 39 of 45, columns 0 to 43 of 45]
242.649993896484375 258.45623779296875 270.412506103515625 277.931243896484375 285.1875 299.806243896484375 310.53125 316.993743896484375 319.95001220703125 318.39373779296875 318.037506103515625 317.850006103515625 311.88751220703125 304.95623779296875 293.28125 284.48126220703125 271.149993896484375 267.84375 272.70001220703125 273.181243896484375 286.181243896484375 297.29376220703125 307.0625 315.48748779296875 321.412506103515625 319.618743896484375 312.1875 312.53125 312.993743896484375 309.60626220703125 309.61248779296875 313.556243896484375 305.6875 300.943756103515625 303.11248779296875 311.88751220703125 318.568756103515625 320.212493896484375 312.0625 299.1875 286.92498779296875 273.568756103515625 265.337493896484375 264.131256103515625
236.2062530517578125 243.9875030517578125 259.70001220703125 274.243743896484375 282.39373779296875 293.66876220703125 307.60626220703125 318.67498779296875 323.193756103515625 323.04998779296875 321.462493896484375 317.78125 311.13751220703125 303.21875 297.618743896484375 286.300018310546875 287.618743896484375 281.51873779296875 284.212493896484375 282.1875 282.98748779296875 291.556243896484375 300.618743896484375 303.96875 303.73126220703125 307.65625 313.36248779296875 313.36248779296875 321.63751220703125 321.162506103515625 315.881256103515625 311.11248779296875 310.26873779296875 311.08123779296875 308.625 312.01873779296875 319.13751220703125 320.95001220703125 312.26251220703125 300.149993896484375 289.5625 276.743743896484375 267.23748779296875 262.743743896484375
230.1500091552734375 245.5812530517578125 259.493743896484375 273.51251220703125 281.60626220703125 291.91876220703125 296.743743896484375 309.899993896484375 322.725006103515625 324.556243896484375 320.86248779296875 316.274993896484375 314.90625 308.11248779296875 302.649993896484375 294.993743896484375 290.98126220703125 287.568756103515625 286.20623779296875 284.73748779296875 287.73126220703125 287.28125 292.38751220703125 294.412506103515625 300.20623779296875 302.556243896484375 303.84375 311.95623779296875 321.056243896484375 319.431243896484375 312.725006103515625 313.074981689453125 317.600006103515625 318.1875 319.20001220703125 313.33123779296875 314.75 319.65625 317.01251220703125 304.70623779296875 291.600006103515625 279.4375 268.5625 262.256256103515625
220.850006103515625 238.5749969482421875 255.756256103515625 267.29376220703125 274.76873779296875 282.33123779296875 297.712493896484375 308.32501220703125 314.068756103515625 315.17498779296875 315.59375 318.587493896484375 316.04376220703125 313.118743896484375 305.25 297.83123779296875 293.33123779296875 292.17498779296875 291.78125 291.506256103515625 288.46875 288.375 288.66876220703125 295.20623779296875 296.79998779296875 293.993743896484375 298.774993896484375 307.46875 318.6875 324.03125 326.07501220703125 328.54998779296875 334.975006103515625 335.32501220703125 334.881256103515625 323.73748779296875 328.42498779296875 328.912506103515625 322 310.756256103515625 296.318756103515625 285.649993896484375 275.256256103515625 265.181243896484375
216.65625 235.024993896484375 249.943756103515625 265.26251220703125 275.206268310546875 284.475006103515625 291.59375 302.556243896484375 307.14373779296875 311.1875 311.475006103515625 311.993743896484375 314.61248779296875 311.73126220703125 303.712493896484375 299.21875 298.600006103515625 296.23126220703125 293.38751220703125 292.79376220703125 292.95623779296875 289.443756103515625 291.15625 294.693756103515625 295.3125 300.899993896484375 305.33123779296875 314.818756103515625 324.67498779296875 335.675018310546875 339.587493896484375 350.462493896484375 356.95001220703125 357.756256103515625 350.51873779296875 342.11248779296875 342.193756103515625 334.875 326.07501220703125 315.125 302.600006103515625 289.28125 278.256256103515625 264.837493896484375
218.212493896484375 237.774993896484375 246.243743896484375 259.787506103515625 266.15625 274.16876220703125 280.75 290.5 292.10626220703125 293.0625 302.1875 306.78125 306.10626220703125 305.38751220703125 304.975006103515625 301.01873779296875 300.70623779296875 298.40625 295.25 292.818756103515625 292.943756103515625 289.5625 290.92498779296875 290.82501220703125 295.693756103515625 300.506256103515625 312.46875 321.993743896484375 330.91876220703125 343.04998779296875 355.024993896484375 376.13751220703125 385.962493896484375 378.32501220703125 368.475006103515625 360.912506103515625 352.73748779296875 345.54998779296875 328.70623779296875 316.53125 305.46875 289.431243896484375 274.76251220703125 264.40625
217.818756103515625 228.5500030517578125 239.850006103515625 250.03125 255.8125 263.51873779296875 269.193756103515625 273.725006103515625 277.681243896484375 287.5625 294.381256103515625 295.743743896484375 298.806243896484375 300.625 300.46875 300.04376220703125 297.48748779296875 293.318756103515625 296.21875 292.943756103515625 289.818756103515625 288.09375 289.037506103515625 293.83123779296875 298.274993896484375 303.725006103515625 314.681243896484375 323.912506103515625 334.28125 343.35626220703125 360.91876220703125 382.524993896484375 401.368743896484375 389.57501220703125 376.381256103515625 366.631256103515625 363.28125 352.23748779296875 335.506256103515625 323.149993896484375 310.45623779296875 294.556243896484375 279.96875 266.243743896484375
218.806243896484375 224.4812469482421875 232.75 238.25 244.631256103515625 253.0124969482421875 259.350006103515625 261.60626220703125 267.90625 277.193756103515625 282.71875 284.59375 288.63751220703125 290.78125 293.524993896484375 290.83123779296875 292.5 294.64373779296875 297.48748779296875 295.91876220703125 292.54998779296875 288.36248779296875 292.03125 294.90625 299.98748779296875 303.193756103515625 314.16876220703125 322.8125 333.756256103515625 343.774993896484375 358.118743896484375 375.131256103515625 389.39373779296875 385.3125 381.556243896484375 373.21875 366.024993896484375 360.60626220703125 347.162506103515625 330.443756103515625 315.125 302.100006103515625 287.774993896484375 275.40625
215.774993896484375 219.618743896484375 223.681243896484375 228.2375030517578125 233.118743896484375 236.2312469482421875 240.3874969482421875 248.0500030517578125 258.756256103515625 264.475006103515625 270.725006103515625 275.32501220703125 278.931243896484375 284.881256103515625 290.375 293.375 295.04998779296875 295.10626220703125 296.13751220703125 295.75 293.056243896484375 288.524993896484375 289.600006103515625 291.95623779296875 296.118743896484375 296.53125 307.287506103515625 318.45001220703125 328.48748779296875 336.11248779296875 347.98126220703125 357.95001220703125 369.368743896484375 373.149993896484375 378.95623779296875 374.10626220703125 370.41876220703125 363.32501220703125 350.59375 334.36248779296875 314.63751220703125 298.9375 291.0625 285.58123779296875
212.118743896484375 212.7062530517578125 212.943756103515625 212.662506103515625 215.024993896484375 221.375 226.375 236.3312530517578125 244.6687469482421875 248.9875030517578125 256.8125 263.068756103515625 268.868743896484375 276.774993896484375 282.931243896484375 287.306243896484375 289.693756103515625 294.70623779296875 294.29376220703125 290.84375 288.54998779296875 286.71875 286.45623779296875 286.568756103515625 286.318756103515625 292.29998779296875 297.70623779296875 302.806243896484375 311.475006103515625 320.01251220703125 331.17498779296875 338.36248779296875 350.13751220703125 360.29376220703125 369.42498779296875 365.587493896484375 371.53125 368.350006103515625 355.04376220703125 347.493743896484375 334.29998779296875 316.837493896484375 302.29376220703125 291.15625
207.881256103515625 204.9812469482421875 202.03125 202.225006103515625 204.350006103515625 209.556243896484375 217.0250091552734375 223.5812530517578125 231.537506103515625 238.193756103515625 245.725006103515625 251.056243896484375 261.11248779296875 266.006256103515625 272.962493896484375 280.53125 285.881256103515625 288.29376220703125 290.03125 289.962493896484375 283.9375 280.006256103515625 279.51873779296875 276.35626220703125 275.712493896484375 283.162506103515625 286.006256103515625 288.087493896484375 295.506256103515625 302.53125 314.29376220703125 319.193756103515625 331.23126220703125 344.23126220703125 354.40625 353.15625 361.20623779296875 366.931243896484375 362.193756103515625 353.899993896484375 348.806243896484375 330.649993896484375 314.78125 298.70001220703125
198.1687469482421875 193.181243896484375 190.6374969482421875 191.256256103515625 194.274993896484375 197.7937469482421875 207.287506103515625 210.806243896484375 217.8625030517578125 223.8687591552734375 231.1125030517578125 236.15625 245.7937469482421875 255.350006103515625 262.274993896484375 271.587493896484375 273.90625 275.91876220703125 278.118743896484375 279.3125 272.6875 269.537506103515625 267.806243896484375 266.29998779296875 269.66876220703125 271.875 273.931243896484375 273.45001220703125 275.66876220703125 284.337493896484375 290.53125 298.131256103515625 309.45623779296875 323.193756103515625 336.975006103515625 340.568756103515625 349.04376220703125 358.9375 356.037506103515625 358.46875 355.28125 340.837493896484375 326.95623779296875 316.71875
182.149993896484375 179.024993896484375 177.2062530517578125 179.368743896484375 180.5500030517578125 184.1687469482421875 191.7375030517578125 196.649993896484375 203.1750030517578125 210.71875 221.587493896484375 227.6062469482421875 236.7562408447265625 247.8625030517578125 253.4375 258.20001220703125 260.88751220703125 265.95623779296875 264.881256103515625 265.475006103515625 258.618743896484375 256.95001220703125 253.5437469482421875 254.2937469482421875 256.118743896484375 258.46875 257.58123779296875 257.3125 256.350006103515625 262.806243896484375 270.28125 276.51251220703125 285.631256103515625 303.381256103515625 315.912506103515625 326.3125 331.70001220703125 342.59375 342.60626220703125 351.20001220703125 350.11248779296875 343.0625 333.59375 328.54998779296875
166.53125 163.6687469482421875 165.100006103515625 167.2375030517578125 170.2375030517578125 172.993743896484375 178.3000030517578125 182.3625030517578125 187.7562408447265625 194.8249969482421875 204.4812469482421875 215.40625 223.993743896484375 232.868743896484375 240.2437591552734375 247.2312469482421875 251.118743896484375 254.0437469482421875 250.7562408447265625 248.6999969482421875 245.90625 244.5749969482421875 241.3937530517578125 239.3937530517578125 241.006256103515625 241.068756103515625 238.806243896484375 237.0124969482421875 237.975006103515625 243.6687469482421875 250.5500030517578125 256.462493896484375 266.850006103515625 279.756256103515625 294.07501220703125 303.649993896484375 313.524993896484375 319.743743896484375 327.21875 334.73126220703125 336.40625 337.26251220703125 337.1875 335.88751220703125
150.3937530517578125 148.8562469482421875 151.6999969482421875 155.53125 159.181243896484375 162.037506103515625 164.162506103515625 168.4562530517578125 170.7750091552734375 178.1062469482421875 189.056243896484375 200.899993896484375 214.0500030517578125 226.037506103515625 232.1374969482421875 237.1687469482421875 239.662506103515625 241.787506103515625 238.5812530517578125 233.475006103515625 230.9499969482421875 227.6687469482421875 226.443756103515625 223.9499969482421875 223.8625030517578125 223.443756103515625 223.600006103515625 222.493743896484375 222.3000030517578125 228.493743896484375 233.318756103515625 238.618743896484375 245.90625 258.837493896484375 264.98748779296875 276.5 283.73126220703125 299.806243896484375 308.26251220703125 314.899993896484375 319.65625 319.693756103515625 322.73748779296875 327.75
136.0500030517578125 136.2624969482421875 137.912506103515625 140.8625030517578125 143.5812530517578125 146.34375 147.8249969482421875 152.225006103515625 155.618743896484375 160.6999969482421875 170.631256103515625 186.774993896484375 203.212493896484375 214.25 221.8125 225.75 227.8000030517578125 226.2375030517578125 225.131256103515625 219.7312469482421875 217.3874969482421875 214.3937530517578125 212.212493896484375 210.306243896484375 208.625 206.8562469482421875 209.243743896484375 208.7624969482421875 206.0687408447265625 211.09375 216.4875030517578125 221.1374969482421875 226.9375 233.1374969482421875 240.100006103515625 248.568756103515625 263.96875 272.100006103515625 280.725006103515625 292.5 296.693756103515625 302.51251220703125 304.34375 310.03125
123.02500152587890625 124.40625 125.90000152587890625 128.4812469482421875 131.556243896484375 133.243743896484375 135.381256103515625 137.475006103515625 140.6875 142.4187469482421875 158.568756103515625 182.25 196.8874969482421875 206.006256103515625 211.7937469482421875 215.100006103515625 215.087493896484375 212.399993896484375 210.631256103515625 204.100006103515625 202.743743896484375 200.381256103515625 196.7375030517578125 194.5437469482421875 192.943756103515625 193.0625 193.431243896484375 192.3562469482421875 190.2937469482421875 195.743743896484375 201.875 207.3125 211.181243896484375 213.193756103515625 219.65625 230.287506103515625 241.493743896484375 251.8125 258.10626220703125 265.58123779296875 270.181243896484375 273.36248779296875 283.318756103515625 291.5
111.19374847412109375 112.5625 115.34999847412109375 117.3937530517578125 121.08750152587890625 123.6999969482421875 126.13124847412109375 127.73749542236328125 131.8249969482421875 134.4812469482421875 160.2687530517578125 184.037506103515625 194.006256103515625 201.431243896484375 204.725006103515625 206.4499969482421875 205.274993896484375 202.881256103515625 198.2312469482421875 193.524993896484375 189.024993896484375 186.587493896484375 183.3562469482421875 180.7624969482421875 178.712493896484375 177.8874969482421875 176.274993896484375 179.125 178.837493896484375 182.2687530517578125 186.4812469482421875 191.649993896484375 196.1750030517578125 196.1374969482421875 198.03125 207.8625030517578125 220.3874969482421875 229.0437469482421875 239.0749969482421875 243.375 248.7874908447265625 253.78125 256.20623779296875 260.38751220703125
99.1999969482421875 100.59999847412109375 103.36875152587890625 106.4375 108.66249847412109375 112.3562469482421875 117.03749847412109375 122.59375 132.03125 148.618743896484375 177.7937469482421875 187.6374969482421875 190.243743896484375 195.850006103515625 198.3000030517578125 199.4499969482421875 199.1374969482421875 195.6374969482421875 191.149993896484375 184.806243896484375 178.087493896484375 172.9375 170.787506103515625 169.818756103515625 166.5749969482421875 165.2624969482421875 166.506256103515625 169.118743896484375 167.662506103515625 172.40625 174.0124969482421875 174.118743896484375 179.1374969482421875 182.9875030517578125 189.1687469482421875 196.368743896484375 204.1062469482421875 214.7874908447265625 218.399993896484375 219.568756103515625 227.381256103515625 231 231.125 237.0187530517578125
89.21250152587890625 90.1875 93.7062530517578125 96.86875152587890625 100.16249847412109375 104.46875 109.06874847412109375 118.4499969482421875 130.6437530517578125 146.90625 164.131256103515625 176.743743896484375 181.6437530517578125 186.712493896484375 191.556243896484375 191.462493896484375 190.306243896484375 186.087493896484375 180.375 175.287506103515625 167.0625 162.0437469482421875 157.037506103515625 155.868743896484375 154.7375030517578125 154.681243896484375 155.34375 157.2062530517578125 156.7937469482421875 160.4499969482421875 163.649993896484375 167.2687530517578125 170.9250030517578125 175.756256103515625 181.212493896484375 186.1437530517578125 191.6437530517578125 200.2937469482421875 202.7937469482421875 200.131256103515625 204.5437469482421875 207.556243896484375 205.7937469482421875 206.962493896484375
