data/historical-monthly-weather-data/wc2.1_cruts4.09_10m_prec_1976-12.asc
ncols        45
nrows        45
xllcorner    -63.500000000000
yllcorner    -7.500000000000
cellsize     0.166666666667
NODATA_value -9999
[rows 0 to 19 of 45, columns 0 to 44 of 45]
142.337493896484375 137.125 130.2375030517578125 125.22499847412109375 119.28125 114.63124847412109375 109.5749969482421875 104.0187530517578125 99.90000152587890625 96.375 94.5812530517578125 93.375 92.9812469482421875 91.7375030517578125 91.69374847412109375 91.88124847412109375 92.43125152587890625 92.3312530517578125 93.27500152587890625 94.27500152587890625 95.8249969482421875 97.0625 98.4812469482421875 100.84375 103.3125 105.7062530517578125 109.5 113.6437530517578125 117.74375152587890625 120.4562530517578125 122.31874847412109375 124.91249847412109375 126.8249969482421875 128.368743896484375 129.4499969482421875 130.40625 129.7937469482421875 128.6687469482421875 125.1125030517578125 121.59375 117.65000152587890625 112.78749847412109375 107.88124847412109375 102.59999847412109375 99.34375
145.568756103515625 140.2062530517578125 135.475006103515625 131.5812530517578125 127.38124847412109375 122.09999847412109375 116.2062530517578125 111.9499969482421875 108.84375 105.66249847412109375 103.19374847412109375 101.11875152587890625 100.16249847412109375 99.02500152587890625 98.49375152587890625 98.40000152587890625 98.72499847412109375 99.4562530517578125 100.6999969482421875 102.8249969482421875 104.3000030517578125 105.5187530517578125 107.5 110.1374969482421875 112.90625 115.63124847412109375 119.2624969482421875 122.9375 126.7312469482421875 130.350006103515625 132.993743896484375 136.462493896484375 138.0437469482421875 140.2375030517578125 142.5187530517578125 141.681243896484375 142.368743896484375 141.5749969482421875 137.1875 133.0500030517578125 128.59375 123.2624969482421875 117.99375152587890625 111.4499969482421875 107.4250030517578125
147.881256103515625 143.5625 139.681243896484375 136.131256103515625 132.568756103515625 127.59375 123.2062530517578125 120.0500030517578125 117.5625 114.65000152587890625 111.59999847412109375 109.33750152587890625 108.28749847412109375 106.97499847412109375 106.4375 105.83750152587890625 106.13124847412109375 106.6750030517578125 107.99375152587890625 109.7062530517578125 111.3937530517578125 113.24375152587890625 115.53749847412109375 118.27500152587890625 121.3249969482421875 125.1374969482421875 129.03125 132.7624969482421875 137.056243896484375 140.1875 143.587493896484375 147.46875 150.5 151.618743896484375 153.3000030517578125 153.118743896484375 152.068756103515625 150.274993896484375 145.9875030517578125 141.1999969482421875 135.875 129.837493896484375 123.31874847412109375 117.38124847412109375 112.11875152587890625
148.787506103515625 146.149993896484375 143.9562530517578125 140.024993896484375 137.28125 133.3625030517578125 130.162506103515625 127.93125152587890625 125.9187469482421875 123.9812469482421875 121.00624847412109375 118.6999969482421875 116.88124847412109375 115.4875030517578125 114.52500152587890625 114.14374542236328125 114.1687469482421875 113.85625457763671875 114.8937530517578125 117.31874847412109375 119.4187469482421875 121.36875152587890625 123.05625152587890625 126.375 129.537506103515625 134.131256103515625 138.506256103515625 142.0437469482421875 146.975006103515625 151.274993896484375 154.8874969482421875 158.2937469482421875 161.649993896484375 163.9250030517578125 164.875 163.6062469482421875 160.9562530517578125 158.475006103515625 154.3000030517578125 148.6437530517578125 141.9375 135.2624969482421875 128.2312469482421875 122.1062469482421875 116.08750152587890625
156.2937469482421875 151.09375 146.3312530517578125 143.806243896484375 142.03125 139.506256103515625 136.8625030517578125 135.225006103515625 134.71875 133.556243896484375 130.2062530517578125 127.24375152587890625 125.7687530517578125 124.3937530517578125 123.2062530517578125 122.56874847412109375 122.1437530517578125 121.59375 122.6062469482421875 125.3312530517578125 127.7312469482421875 129.0749969482421875 130.712493896484375 134.34375 138 143.162506103515625 146.787506103515625 150.712493896484375 155.9187469482421875 161.1999969482421875 165.78125 169.2062530517578125 171.9250030517578125 174.181243896484375 175.068756103515625 173.443756103515625 170.8874969482421875 167.212493896484375 162.375 155.8125 148.2937469482421875 140.837493896484375 133.6437530517578125 126.20624542236328125 120.08750152587890625
163.524993896484375 159.037506103515625 153.0437469482421875 147.75 146.587493896484375 145.649993896484375 143.8625030517578125 141.8874969482421875 141.024993896484375 139.8937530517578125 136.693756103515625 134.3187408447265625 133.5437469482421875 132.3937530517578125 132.0812530517578125 131.631256103515625 131.5437469482421875 130.256256103515625 132.03125 133.8625030517578125 135.243743896484375 137.09375 138.5500030517578125 142.1875 146.0749969482421875 150.537506103515625 155.412506103515625 159.506256103515625 164.1437530517578125 169.568756103515625 174.931243896484375 179.681243896484375 180.2624969482421875 180.787506103515625 183.1125030517578125 181.3312530517578125 178.037506103515625 175.506256103515625 170.8625030517578125 163.100006103515625 153.399993896484375 145.725006103515625 137.3625030517578125 130.3375091552734375 124.72499847412109375
172.693756103515625 168.28125 162.34375 156.2312469482421875 152.806243896484375 150.743743896484375 149.1750030517578125 146.881256103515625 144.881256103515625 142.3312530517578125 141.3249969482421875 140.3874969482421875 141.100006103515625 140.600006103515625 140.6875 141.024993896484375 142.087493896484375 143.087493896484375 144.6437530517578125 144.5437469482421875 144.462493896484375 145.8125 146.6125030517578125 149.6687469482421875 154.162506103515625 158.1374969482421875 162.4875030517578125 168 172.818756103515625 177.943756103515625 183.475006103515625 188.287506103515625 189.28125 188.78125 189.068756103515625 186.568756103515625 183.850006103515625 181.0500030517578125 178.46875 169.5437469482421875 158.368743896484375 149.4375 141.4499969482421875 133.75 127.46875
182.15625 177.4875030517578125 171.806243896484375 167.1125030517578125 163.649993896484375 159.818756103515625 155.3312530517578125 150.0124969482421875 145.774993896484375 144.4499969482421875 145.7687530517578125 147.399993896484375 148.5437469482421875 149.787506103515625 149.975006103515625 150.90625 152.243743896484375 154.7687530517578125 156.524993896484375 153.587493896484375 152.475006103515625 152.524993896484375 152.9499969482421875 155.524993896484375 160.631256103515625 165.381256103515625 169.34375 174.556243896484375 181.056243896484375 186.9250030517578125 191.1875 195.8125 196.6374969482421875 195.306243896484375 195.475006103515625 190.912506103515625 187.493743896484375 183.5124969482421875 179.149993896484375 171.006256103515625 161.1875 152.243743896484375 144.2687530517578125 136.40625 129.193756103515625
192.34375 187.8249969482421875 182.71875 178.306243896484375 174.193756103515625 170.4875030517578125 165.506256103515625 158.943756103515625 152.0437469482421875 149.2375030517578125 152.087493896484375 155.0500030517578125 157.1187591552734375 158.1875 158.337493896484375 158.818756103515625 159.7937469482421875 162.024993896484375 163.28125 159.5 156.78125 156.725006103515625 157.631256103515625 161.9375 166.5437469482421875 171.006256103515625 175.0124969482421875 180.5625 186.2937469482421875 191.056243896484375 196.3249969482421875 199.4250030517578125 199.243743896484375 198.493743896484375 197.318756103515625 192.875 187.743743896484375 182.21875 176.8874969482421875 170.068756103515625 160.712493896484375 152.8312530517578125 146.2375030517578125 139.5 133.537506103515625
201.399993896484375 197.5187530517578125 193.1125030517578125 189.5749969482421875 185.556243896484375 181.75 176.962493896484375 170.993743896484375 166.1999969482421875 163.3625030517578125 163.7687530517578125 164.568756103515625 166.912506103515625 166.8312530517578125 166.7687530517578125 166.2312469482421875 165.7687530517578125 165.6750030517578125 164.806243896484375 161.8249969482421875 159.9812469482421875 160.0625 161.524993896484375 166.7062530517578125 171.149993896484375 175.5 179.7312469482421875 184.9499969482421875 190.9812469482421875 195.149993896484375 198.568756103515625 201.0749969482421875 200.149993896484375 198.28125 197.1875 193.774993896484375 187.8312530517578125 181.5749969482421875 175.056243896484375 168.274993896484375 160.53125 154.3249969482421875 147.681243896484375 141.712493896484375 136.962493896484375
211.8312530517578125 207.9812469482421875 203.3000030517578125 199.21875 196.4187469482421875 193.8937530517578125 189.756256103515625 183.681243896484375 179.1875 176.8312530517578125 176.3312530517578125 176.75 177.21875 176.75 174.8937530517578125 173.1374969482421875 170.8125 168.9250030517578125 166.100006103515625 162.818756103515625 162.7937469482421875 163.40625 165.46875 169.037506103515625 176.0500030517578125 180.8249969482421875 184.34375 188.0625 192.2375030517578125 195.84375 198.6750030517578125 201.337493896484375 200.1875 198.1999969482421875 196.4250030517578125 192.068756103515625 186.318756103515625 180.125 174.868743896484375 168.037506103515625 160.837493896484375 155.149993896484375 149.993743896484375 145.1875 140.475006103515625
220.537506103515625 216.3000030517578125 212.0187530517578125 208.943756103515625 206.25 204.1437530517578125 201.193756103515625 195.881256103515625 191.587493896484375 189.9375 189.4499969482421875 189.7375030517578125 187.931243896484375 186.0437469482421875 183.46875 179.818756103515625 176.25 172.34375 168.53125 165.2312469482421875 164.53125 165.899993896484375 169.431243896484375 174.006256103515625 180.6437530517578125 185.4499969482421875 187.8562469482421875 190.193756103515625 192.8249969482421875 195.5812530517578125 197.65625 199.875 198.59375 197.068756103515625 195.59375 191.5500030517578125 185.899993896484375 180.149993896484375 174.399993896484375 167.787506103515625 160.787506103515625 155.850006103515625 151.306243896484375 146.774993896484375 141.068756103515625
228.6999969482421875 224.84375 221.100006103515625 217.662506103515625 215.5124969482421875 213.0500030517578125 209.8625030517578125 206.0625 202.6125030517578125 201.649993896484375 201.4812469482421875 201.412506103515625 198.8249969482421875 194.6374969482421875 191.381256103515625 186.7312469482421875 181.8125 177.59375 172.912506103515625 168.3562469482421875 165.806243896484375 167.993743896484375 173.318756103515625 178.8249969482421875 183.6750030517578125 187.225006103515625 189.337493896484375 191.5625 193.7937469482421875 194.306243896484375 195.3625030517578125 196.53125 194.9875030517578125 194.0124969482421875 193.006256103515625 190.243743896484375 185.84375 180.5625 174.6312408447265625 167.1750030517578125 159.850006103515625 156.337493896484375 151.568756103515625 144.78125 138.9499969482421875
235.412506103515625 231.5812530517578125 227.8625030517578125 224.84375 222.2624969482421875 219.899993896484375 216.962493896484375 214.8874969482421875 213.287506103515625 211.9375 210.3874969482421875 209.4187469482421875 207.3000030517578125 203.3625030517578125 198.100006103515625 193.90625 188.131256103515625 182.774993896484375 177.4250030517578125 172.662506103515625 171.287506103515625 173.100006103515625 177.21875 181.681243896484375 185.943756103515625 189.4375 191.8249969482421875 192.1875 192.75 191.931243896484375 191.9499969482421875 191.868743896484375 191.056243896484375 190.09375 190.274993896484375 188.3125 185.3937530517578125 182.1750030517578125 177.5250091552734375 171.431243896484375 161.8874969482421875 154.9375 149.4812469482421875 144.943756103515625 140.5437469482421875
241.59375 237.524993896484375 234.431243896484375 231.318756103515625 229.0437469482421875 226.6062469482421875 225.0124969482421875 223.3249969482421875 221.8625030517578125 220 218.243743896484375 217.2937469482421875 214.6687469482421875 211.287506103515625 205.5437469482421875 200.975006103515625 194.2624969482421875 188.3625030517578125 182.649993896484375 178.9499969482421875 177.787506103515625 179.1062469482421875 181.6437530517578125 185.0812530517578125 188.9499969482421875 191.787506103515625 193.318756103515625 193.2687530517578125 192.46875 189.1999969482421875 187.15625 186.9499969482421875 186.587493896484375 186.806243896484375 188.024993896484375 186.212493896484375 185.931243896484375 186.6750030517578125 187.1999969482421875 182.3625030517578125 172.181243896484375 163.037506103515625 155.493743896484375 149.131256103515625 141.787506103515625
246.118743896484375 242.350006103515625 239.5437469482421875 237.350006103515625 235.1999969482421875 233.462493896484375 232.056243896484375 229.712493896484375 228.475006103515625 227.90625 225.899993896484375 224.46875 222.125 218.6750030517578125 213.274993896484375 206.6125030517578125 199.631256103515625 194.4375 188.5812530517578125 184.5124969482421875 184.225006103515625 184.7375030517578125 186.4875030517578125 188.9250030517578125 192.381256103515625 195.8937530517578125 196.59375 195.375 192.412506103515625 186.3000030517578125 182.46875 180.431243896484375 179.0124969482421875 179.524993896484375 180.5625 180.9499969482421875 184.087493896484375 189.4375 196.0500030517578125 194.2687530517578125 184.9562530517578125 172.756256103515625 161.5812530517578125 150.4187469482421875 142.962493896484375
249.90625 246.6437530517578125 242.868743896484375 241.462493896484375 240.2937469482421875 238.3312530517578125 237.600006103515625 236.7937469482421875 236.5124969482421875 235.399993896484375 233.5500030517578125 231.4875030517578125 229.024993896484375 225.5437469482421875 220.212493896484375 212.8874969482421875 204.0749969482421875 198.8312530517578125 194.181243896484375 190.0187530517578125 189.7937469482421875 190.2312469482421875 191.5187530517578125 193.087493896484375 196.318756103515625 200.3125 201.212493896484375 198.0062408447265625 191.0437469482421875 182.4812469482421875 176.8312530517578125 174.5124969482421875 171.5749969482421875 168.9375 168.5500030517578125 171.375 179.149993896484375 192.375 210.225006103515625 206.5187530517578125 195.068756103515625 179.681243896484375 164.149993896484375 152.350006103515625 144.0812530517578125
252.9187469482421875 250.087493896484375 246.8125 246 245.2624969482421875 244.756256103515625 244.1437530517578125 242.9562530517578125 242.568756103515625 242.5 241.3125 239.0749969482421875 235.6437530517578125 232.0500030517578125 226.1374969482421875 218.399993896484375 209.59375 201.412506103515625 198.556243896484375 194.568756103515625 194.931243896484375 195.100006103515625 195.59375 197.3249969482421875 200.3312530517578125 204.337493896484375 206.5749969482421875 200.056243896484375 189.1750030517578125 177.2312469482421875 169.3312530517578125 166.024993896484375 164.962493896484375 163.9250030517578125 160.65625 157.443756103515625 172.6062469482421875 190.6437530517578125 204.4812469482421875 204.149993896484375 192.662506103515625 178.0437469482421875 164.8874969482421875 154.287506103515625 145.912506103515625
254.5 251.943756103515625 249.962493896484375 249.600006103515625 249.5187530517578125 249.78125 249.4875030517578125 249.8000030517578125 249.868743896484375 249.9499969482421875 247.6750030517578125 244.431243896484375 241.7624969482421875 238.8000030517578125 232.131256103515625 223.868743896484375 215.1750030517578125 206.7624969482421875 200.587493896484375 197.306243896484375 198.899993896484375 200.931243896484375 198.65625 200.8562469482421875 204.431243896484375 207.868743896484375 208.1437530517578125 201.806243896484375 189.5749969482421875 174.3562469482421875 162.712493896484375 163.3125 165.8874969482421875 164.8874969482421875 161.243743896484375 161.5 173.3312530517578125 186.25 196 195.1374969482421875 186.3562469482421875 174.506256103515625 163.868743896484375 155.4812469482421875 148.306243896484375
254.818756103515625 253.006256103515625 250.9499969482421875 251.181243896484375 252.2375030517578125 254.056243896484375 255.212493896484375 256.14373779296875 257.01251220703125 255.9375 254.181243896484375 252.3125 249.8874969482421875 245.6374969482421875 237.53125 227.493743896484375 217.899993896484375 210.975006103515625 205.024993896484375 201.118743896484375 200.5625 200.34375 201.1875 203.9375 207.2624969482421875 209.8249969482421875 209.256256103515625 204.8249969482421875 193.943756103515625 178.7937469482421875 169.125 170.125 171.8625030517578125 173.0625 173.837493896484375 174.618743896484375 181.1750030517578125 188.806243896484375 192.9562530517578125 190.7375030517578125 182.5500030517578125 170.8874969482421875 163.6374969482421875 157.5124969482421875 151.0124969482421875
