data/historical-monthly-weather-data/wc2.1_cruts4.09_10m_prec_1994-11.asc
ncols        45
nrows        45
xllcorner    -63.500000000000
yllcorner    -7.500000000000
cellsize     0.166666666667
NODATA_value -9999
[rows 19 to 37 of 45, columns 0 to 43 of 45]
231.5749969482421875 233.7375030517578125 235.118743896484375 237.2937469482421875 239.2687530517578125 241.256256103515625 241.90625 241.037506103515625 238.90625 235.4187469482421875 229.8937530517578125 223.1062469482421875 214.6999969482421875 205.8312530517578125 198.9187469482421875 193.056243896484375 187.537506103515625 187.96875 190.2312469482421875 194.5 195.5500030517578125 191.8249969482421875 187.3249969482421875 184.431243896484375 181.8312530517578125 177.3312530517578125 170.9187469482421875 162.600006103515625 148.65625 133.4187469482421875 123.68125152587890625 124.72499847412109375 128.850006103515625 133.818756103515625 137.78125 141.6437530517578125 146.1687469482421875 150.84375 153.4812469482421875 155.306243896484375 156.5812530517578125 157.4562530517578125 155.1374969482421875 153.381256103515625
228.506256103515625 232.3562469482421875 235.5749969482421875 238.53125 240.5625 243.8249969482421875 246.837493896484375 248.1999969482421875 247.962493896484375 245.1875 240.8625030517578125 235.3125 227.9875030517578125 218.0124969482421875 210.212493896484375 202.0500030517578125 195.1374969482421875 192.0500030517578125 193.7062530517578125 194.34375 195.056243896484375 193.100006103515625 188.8937530517578125 186.337493896484375 183.9875030517578125 179.600006103515625 172.787506103515625 162.4812469482421875 151.100006103515625 142.8125 136.5 135.8000030517578125 138.28125 142.2062530517578125 146.337493896484375 151.412506103515625 154.9187469482421875 158.4812469482421875 160.0437469482421875 161.46875 161.6437530517578125 161.524993896484375 160.0187530517578125 157.6125030517578125
226.712493896484375 229.4499969482421875 233.8937530517578125 238.006256103515625 241.806243896484375 246.0812530517578125 251.056243896484375 254.1750030517578125 256.725006103515625 256.21875 253.412506103515625 250.024993896484375 243.90625 233.75 223.993743896484375 214.3125 207.1875 201.5124969482421875 198.9562530517578125 197.8125 194.3625030517578125 191.068756103515625 188.087493896484375 185.3125 182.1437530517578125 178.1875 174.0500030517578125 166.15625 158.4562530517578125 152.443756103515625 146.368743896484375 144.96875 146.9562530517578125 151.9375 157.34375 162 165.3125 167.931243896484375 167.5812530517578125 168.0749969482421875 167.3249969482421875 166.3937530517578125 164.868743896484375 163.162506103515625
225.25 229.59375 234.100006103515625 238.818756103515625 243.5812530517578125 248.3125 253.2249908447265625 259.29376220703125 264.443756103515625 265.462493896484375 265.537506103515625 264.01873779296875 263.07501220703125 253.756256103515625 239.3000030517578125 226.4375 217.087493896484375 209.8125 204.2375030517578125 200.125 195.46875 190.7375030517578125 186.4499969482421875 183.3937530517578125 181.3937530517578125 178.6125030517578125 174.8562469482421875 170.1062469482421875 163.90625 158.9812469482421875 155.1062469482421875 153.837493896484375 157.1062469482421875 162.4812469482421875 167.649993896484375 172.649993896484375 175.9187469482421875 176.46875 174.8874969482421875 174.225006103515625 173.443756103515625 171.6999969482421875 169.743743896484375 167.806243896484375
224.59375 228.9812469482421875 233.806243896484375 237.7312469482421875 243.0500030517578125 249.162506103515625 254.962493896484375 261.86248779296875 266.39373779296875 268.73748779296875 270.225006103515625 273.90625 276.51251220703125 265.931243896484375 248.962493896484375 234.875 224.256256103515625 215.837493896484375 208.287506103515625 201.587493896484375 196 190.462493896484375 184.868743896484375 181.9250030517578125 180.1374969482421875 177.5812530517578125 177.181243896484375 172.287506103515625 168.556243896484375 165.0437469482421875 163.40625 163.1999969482421875 166.4375 171.1875 176.6875 182.78125 185.9875030517578125 184.506256103515625 182.4562530517578125 180.8249969482421875 179.118743896484375 177.056243896484375 174.9499969482421875 172.75
227.337493896484375 230.2062530517578125 234.6687469482421875 238.7375030517578125 244.875 249.9250030517578125 254.9375 260.98126220703125 265.92498779296875 268.774993896484375 271.48748779296875 272.5 272.86248779296875 265.08123779296875 251.78125 239.0625 228.5749969482421875 218.787506103515625 210.5749969482421875 202.9250030517578125 196.0500030517578125 188.756256103515625 183.493743896484375 180.1687469482421875 177.850006103515625 177.5124969482421875 177.243743896484375 175.21875 172.318756103515625 171.368743896484375 170.28125 170.78125 173.931243896484375 178.3312530517578125 182.693756103515625 187.149993896484375 190.2624969482421875 189.1374969482421875 187.5187530517578125 186.4499969482421875 184.2937469482421875 182.006256103515625 180.78125 179.806243896484375
233.975006103515625 236.4187469482421875 237.0187530517578125 241.256256103515625 245.2312469482421875 249.056243896484375 252.8937530517578125 257.85626220703125 262.07501220703125 265.131256103515625 267.23126220703125 267.71875 265.46875 259.243743896484375 249.8874969482421875 240.0437469482421875 231.162506103515625 221.475006103515625 212.818756103515625 204.875 196.9375 188.975006103515625 182.100006103515625 177.4375 176.287506103515625 177.193756103515625 178.6062469482421875 178.4187469482421875 177.2937469482421875 177.3249969482421875 176.7375030517578125 177.3874969482421875 180.475006103515625 183.287506103515625 186.806243896484375 190.037506103515625 192.131256103515625 192.40625 192.412506103515625 191.5 190.0124969482421875 187.71875 184.899993896484375 184.993743896484375
242.375 241.8000030517578125 241.1875 242.40625 243.6750030517578125 245.90625 250.3874969482421875 253.868743896484375 255.649993896484375 258.39373779296875 261.42498779296875 261.36248779296875 258.618743896484375 253.5500030517578125 246.375 237.625 230.21875 221.7937469482421875 213.818756103515625 205.4499969482421875 197.28125 189.0812530517578125 181.4875030517578125 177.1875 177.5124969482421875 178.59375 180.15625 180.837493896484375 181.381256103515625 180.9812469482421875 181.4375 182.2375030517578125 185.524993896484375 188.15625 189.993743896484375 192.4187469482421875 194.056243896484375 194.087493896484375 195.443756103515625 195.6437530517578125 194.9499969482421875 192.475006103515625 189.8562469482421875 188.875
251.131256103515625 247.524993896484375 244.7312469482421875 242.743743896484375 242.1125030517578125 242.6437530517578125 245.625 248.8125 250.818756103515625 253.0062408447265625 254.1687469482421875 253.8937530517578125 251.243743896484375 246.743743896484375 241.6999969482421875 234.899993896484375 228.1750030517578125 221.4812469482421875 214.100006103515625 206.631256103515625 199.3249969482421875 191.181243896484375 185.6374969482421875 182.6125030517578125 181.8125 181.75 182.6999969482421875 183.931243896484375 184.475006103515625 184.3000030517578125 184.0812530517578125 185.0749969482421875 188.1875 189.90625 192.381256103515625 194.3000030517578125 195.4375 196.5625 197.28125 199.9250030517578125 201.493743896484375 199.5749969482421875 193.6875 191.8312530517578125
259.23126220703125 252.6750030517578125 246.1374969482421875 241.850006103515625 239.162506103515625 238.4812469482421875 240.1750030517578125 242.6125030517578125 245.5 247.0749969482421875 248.056243896484375 246.8562469482421875 244.787506103515625 240.6750030517578125 236.5812530517578125 232.4499969482421875 228.03125 221.243743896484375 214.681243896484375 208.2062530517578125 202.024993896484375 195 190.475006103515625 188.506256103515625 187.037506103515625 185.9812469482421875 187.024993896484375 187.3249969482421875 187.962493896484375 186.9250030517578125 186.631256103515625 186.9562530517578125 188.9187469482421875 190.8000030517578125 193.756256103515625 195.375 196.6125030517578125 197.2312469482421875 198.318756103515625 200.25 203.7375030517578125 201.274993896484375 197.506256103515625 199.625
263.131256103515625 254.34375 245.9812469482421875 237.8562469482421875 234.3562469482421875 233.7375030517578125 234.962493896484375 237.149993896484375 239.537506103515625 240.125 241.0187530517578125 240.556243896484375 239.1875 236.818756103515625 233.6374969482421875 230.350006103515625 225.3874969482421875 220.693756103515625 214.6125030517578125 208.9499969482421875 203.6750030517578125 199.3000030517578125 195.71875 193.0437469482421875 191.375 190.5187530517578125 190.90625 190.4250030517578125 190.0812530517578125 189.71875 189.225006103515625 189.3312530517578125 191.0124969482421875 193.4250030517578125 195.881256103515625 196.337493896484375 196.53125 197.975006103515625 197.087493896484375 197.899993896484375 200.6875 204.5749969482421875 205.375 210.1999969482421875
264.63751220703125 254.443756103515625 244.9187469482421875 235.875 230.2312469482421875 230.306243896484375 231.181243896484375 232.368743896484375 233.118743896484375 234.475006103515625 235.600006103515625 235.631256103515625 235.5749969482421875 232.78125 230.693756103515625 228.3562469482421875 225.3625030517578125 220.6374969482421875 214.5812530517578125 211.4499969482421875 207.787506103515625 204.337493896484375 201.3937530517578125 198.6125030517578125 195.962493896484375 195.0812530517578125 194.243743896484375 193.475006103515625 192.368743896484375 191.6687469482421875 191.53125 192.024993896484375 193.2687530517578125 196.337493896484375 197.787506103515625 197.600006103515625 197.8874969482421875 200.100006103515625 198.1125030517578125 193.46875 197.462493896484375 206.3625030517578125 212.162506103515625 217.806243896484375
264.26873779296875 253.931243896484375 243.9875030517578125 235.899993896484375 230.725006103515625 227.931243896484375 227.725006103515625 227.568756103515625 227.850006103515625 228.5749969482421875 229.8125 230.84375 230.9875030517578125 230.056243896484375 229.7687530517578125 228.4187469482421875 226.0437469482421875 222.006256103515625 217.8874969482421875 215.7687530517578125 212.9562530517578125 209.662506103515625 206.6437530517578125 203.462493896484375 201.3249969482421875 199.318756103515625 197.3937530517578125 195.875 193.931243896484375 193.90625 194.006256103515625 194.1062469482421875 195.6062469482421875 197.84375 200.462493896484375 200.34375 200.587493896484375 201.4250030517578125 198.2312469482421875 196.318756103515625 203.149993896484375 214.431243896484375 223.193756103515625 234.056243896484375
258.506256103515625 249.8562469482421875 240.9250030517578125 233.912506103515625 228.65625 224.4562530517578125 222.681243896484375 221.5625 221.0500030517578125 221.6062469482421875 224.65625 225.7624969482421875 227.6062469482421875 229.7937469482421875 229.693756103515625 229.2687530517578125 227.006256103515625 225.625 223.3375091552734375 221.693756103515625 219.03125 214.975006103515625 210.881256103515625 207.5437469482421875 205.306243896484375 202.7624969482421875 200.3125 197.881256103515625 196.2687530517578125 196.2624969482421875 196.5625 196.875 198.2937469482421875 200.2312469482421875 203.568756103515625 204.40625 205.9250030517578125 206.443756103515625 204.2624969482421875 208.368743896484375 215.881256103515625 227.0625 239.125 254.350006103515625
251.225006103515625 244.6125030517578125 237.006256103515625 231.318756103515625 225.693756103515625 220.881256103515625 216.975006103515625 215.1437530517578125 214.3249969482421875 214.431243896484375 217.1875 221.125 225.3312530517578125 228.03125 229.0187530517578125 229.59375 229.350006103515625 229.193756103515625 228.3312530517578125 227.600006103515625 224.4187469482421875 220.056243896484375 215.600006103515625 211.600006103515625 208.8625030517578125 205.59375 203.100006103515625 199.868743896484375 197.868743896484375 197.975006103515625 198.649993896484375 199.9499969482421875 201.600006103515625 203.725006103515625 207.375 209.5124969482421875 210.774993896484375 210.756256103515625 213.131256103515625 220.0437469482421875 227.6125030517578125 239.5187530517578125 255.256256103515625 273.71875
245.0625 240.006256103515625 233.6062469482421875 227.8125 222.681243896484375 216.993743896484375 211.6750030517578125 208.787506103515625 205.9812469482421875 206.6062469482421875 210.537506103515625 216.943756103515625 223.1125030517578125 228.556243896484375 231.1125030517578125 231.0625 231.931243896484375 232.8874969482421875 233.006256103515625 232.6999969482421875 229.818756103515625 225.118743896484375 219.899993896484375 214.7375030517578125 210.681243896484375 207.6374969482421875 204.15625 201.318756103515625 198.743743896484375 199.225006103515625 200.875 202.443756103515625 204.0749969482421875 207.212493896484375 209.9250030517578125 211.556243896484375 213.1875 218.0437469482421875 222.5437469482421875 228.8874969482421875 237.65625 248.8937530517578125 264.287506103515625 281.868743896484375
239.3562469482421875 234.8000030517578125 229.2062530517578125 223.524993896484375 218.556243896484375 212.9875030517578125 207.5 202.2312469482421875 197.837493896484375 196.8125 202.024993896484375 210.350006103515625 219.8249969482421875 228.0500030517578125 230.75 233.0187530517578125 233.3000030517578125 235.318756103515625 236.9812469482421875 238.318756103515625 235.0124969482421875 228.5124969482421875 222.375 217.0187530517578125 212.53125 208.8000030517578125 205.524993896484375 202.9812469482421875 200.743743896484375 200.5187530517578125 202.9187469482421875 204.443756103515625 206.7624969482421875 209.78125 211.4187469482421875 212.9499969482421875 219.024993896484375 224.1999969482421875 228.41876220703125 235.8249969482421875 245.306243896484375 254.9250030517578125 267.34375 282.41876220703125
233.756256103515625 230.1999969482421875 225.5625 220.7312469482421875 215.7312469482421875 210.274993896484375 203.9875030517578125 197.6999969482421875 191.2624969482421875 186.21875 193.5187530517578125 208.787506103515625 219.600006103515625 226.818756103515625 230.4562530517578125 232.9812469482421875 234.068756103515625 236.287506103515625 238.6062469482421875 239.7937469482421875 235.96875 229.337493896484375 223.162506103515625 217.5124969482421875 212.693756103515625 209.46875 205.5437469482421875 203.8125 201.306243896484375 202.068756103515625 204.131256103515625 207.162506103515625 209.21875 212.381256103515625 214.1062469482421875 217.4875030517578125 223.850006103515625 230.1750030517578125 235.600006103515625 240.962493896484375 248.7312469482421875 256.46875 266.600006103515625 279.42498779296875
231.1125030517578125 227.5999908447265625 223.0999908447265625 218.975006103515625 214.1999969482421875 209.0437469482421875 203.4250030517578125 197.3312530517578125 190.818756103515625 184.1374969482421875 197.90625 214.7937469482421875 222.2249908447265625 227.6875 230.875 233.21875 234.5 236.2937469482421875 237.78125 236.9499969482421875 233.8874969482421875 228.4875030517578125 223.0187530517578125 216.743743896484375 212.3125 209.118743896484375 205.506256103515625 203.9875030517578125 202.2687530517578125 203.96875 204.149993896484375 206.8937530517578125 209.868743896484375 213.2624969482421875 215.787506103515625 221.03125 228.243743896484375 234.462493896484375 241.587493896484375 247.7687530517578125 251.8874969482421875 258.712493896484375 264.649993896484375 272.79998779296875
