data/historical-monthly-weather-data/wc2.1_cruts4.09_10m_prec_1965-01.asc
ncols        45
nrows        45
xllcorner    -63.500000000000
yllcorner    -7.500000000000
cellsize     0.166666666667
NODATA_value -9999
[rows 20 to 39 of 45, columns 0 to 44 of 45]
289.03125 291.774993896484375 289.85626220703125 288.71875 287.4375 286.725006103515625 285.98748779296875 282.756256103515625 279.98126220703125 275.29376220703125 269.63751220703125 265.20001220703125 263.149993896484375 261.274993896484375 245.3125 222.375 204.75 194.256256103515625 188.9187469482421875 185.9187469482421875 199.443756103515625 214.493743896484375 229.03125 247.100006103515625 266.57501220703125 286.443756103515625 303.931243896484375 321.9375 338.975006103515625 351.462493896484375 355.51873779296875 353.9375 347.368743896484375 339.443756103515625 333 361.850006103515625 404.13751220703125 437.037506103515625 451.28125 449.57501220703125 436.318756103515625 417.1875 403.10626220703125 391.83123779296875 380.60626220703125
270.068756103515625 271.5 268.90625 268.125 268.306243896484375 267.96875 267.01251220703125 265.70001220703125 263.70001220703125 256.23748779296875 247 236.537506103515625 228.993743896484375 224.0124969482421875 214.7937469482421875 201.381256103515625 190.506256103515625 183.84375 179.3562469482421875 177.975006103515625 190.0437469482421875 205.4250030517578125 222.0437469482421875 242.25 264.04998779296875 286.76251220703125 308.056243896484375 324.756256103515625 338.78125 346.33123779296875 345.73748779296875 343.350006103515625 343.51251220703125 347.61248779296875 355.45001220703125 383.61248779296875 427.493743896484375 465.993743896484375 480.03125 473.20001220703125 455.3125 433.193756103515625 416.068756103515625 402.118743896484375 388.493743896484375
251.4562530517578125 252.8874969482421875 247.975006103515625 246.1125030517578125 246.9250030517578125 248.5 248.1374969482421875 247.71875 248.2687530517578125 238.1875 223.818756103515625 208 196.2062530517578125 191.4375 188.524993896484375 182.868743896484375 175.868743896484375 172.28125 169.493743896484375 169.068756103515625 181.837493896484375 196.787506103515625 212.75 233.9375 258.95001220703125 285.693756103515625 309 325.70001220703125 337.725006103515625 340.34375 337.931243896484375 337.09375 348.21875 361.84375 380.618743896484375 408.85626220703125 453.899993896484375 505.13751220703125 515.4312744140625 494.73748779296875 470.83123779296875 447.33123779296875 425.087493896484375 408.868743896484375 394.26873779296875
231.1062469482421875 230.243743896484375 223.9375 222.3000030517578125 224.2375030517578125 226.6875 228.5749969482421875 229.5187530517578125 229.412506103515625 218.943756103515625 204.2937469482421875 189.381256103515625 173.9187469482421875 172.7687530517578125 174.5625 172.337493896484375 168.024993896484375 166.0749969482421875 164.5437469482421875 164.9625091552734375 176.0500030517578125 189.375 204.0437469482421875 225.1374969482421875 251.6750030517578125 279.243743896484375 304.53125 321.13751220703125 333.38751220703125 338.737518310546875 340.17498779296875 344.15625 359.4375 378.34375 401.42498779296875 430.912506103515625 472.01873779296875 518.38751220703125 526.91876220703125 505.95623779296875 480.65625 454.493743896484375 431.23748779296875 413.5625 399.649993896484375
211.943756103515625 209.5437469482421875 201.7937469482421875 201.743743896484375 205.4187469482421875 207.8125 209.4562530517578125 210.131256103515625 208.2937469482421875 201.1374969482421875 190.4375 179.506256103515625 170.3000030517578125 168.125 167.5124969482421875 166.037506103515625 163.2937469482421875 162.875 161.6999969482421875 161.3125 170.9499969482421875 181.6999969482421875 194.3312530517578125 214.875 241.037506103515625 270.29376220703125 294.46875 315.71875 331.5625 341.712493896484375 348.5625 358.337493896484375 374.48748779296875 395.412506103515625 419.46875 445.149993896484375 479.037506103515625 507.024993896484375 513.4625244140625 502.462493896484375 481.29998779296875 456.39373779296875 433.73126220703125 418 400.193756103515625
197.875 197.0500030517578125 190.40625 189.0625 189 191.25 192.5749969482421875 192.15625 190.3312530517578125 185.59375 179.493743896484375 174.09375 169.28125 167.3312530517578125 165.006256103515625 163.03125 161.1125030517578125 161.1750030517578125 160.3625030517578125 159.568756103515625 167.868743896484375 175.399993896484375 185.34375 203.818756103515625 230.6062469482421875 261.40625 288.693756103515625 312.037506103515625 332.34375 343.71875 357.45001220703125 372.024993896484375 391.449981689453125 411.10626220703125 434.48748779296875 456.387481689453125 481.587493896484375 500.162506103515625 503.51251220703125 494.98126220703125 478.51873779296875 454.443756103515625 430.70623779296875 416.10626220703125 403.0625
187.587493896484375 186.78125 183.4812469482421875 181.725006103515625 180.3562469482421875 181.8562469482421875 183.037506103515625 181.837493896484375 180.587493896484375 178.818756103515625 176.03125 174.443756103515625 173.181243896484375 172.881256103515625 170.056243896484375 167.8625030517578125 165.875 165.5437469482421875 164.850006103515625 162.84375 168.0625 174.1750030517578125 180.0437469482421875 196.8249969482421875 225.2375030517578125 255.59375 283.07501220703125 308.38751220703125 331.568756103515625 346.48126220703125 363.78125 381.068756103515625 404.73748779296875 425.975006103515625 447.08123779296875 468.10626220703125 489.13751220703125 501.95001220703125 500.70623779296875 493.70001220703125 477.943756103515625 451.912506103515625 428.4375 414.381256103515625 413.306243896484375
178.381256103515625 176.3937530517578125 175.5 174.7375030517578125 173.96875 174.4812469482421875 174.8937530517578125 173.8937530517578125 174.006256103515625 173.6062469482421875 173.243743896484375 175.006256103515625 176.5 178.1750030517578125 175.837493896484375 173.75 171.681243896484375 172.318756103515625 170.1125030517578125 168.193756103515625 172.7312469482421875 176.1062469482421875 183.3249969482421875 201.03125 226.631256103515625 254.59375 281.36248779296875 306.524993896484375 331.087493896484375 349.725006103515625 367.037506103515625 385.59375 410.90625 433.600006103515625 456.6875 476.993743896484375 494.33123779296875 506.9375 506.04376220703125 496.962493896484375 483.212493896484375 457.318756103515625 430.39373779296875 417.78125 434.90625
168.5749969482421875 166.412506103515625 166.9187469482421875 168.1374969482421875 168.5187530517578125 168.537506103515625 167.681243896484375 167.6437530517578125 168.4812469482421875 169.712493896484375 171.5187530517578125 175.4812469482421875 179.6999969482421875 184.412506103515625 183.087493896484375 181.8625030517578125 181.587493896484375 180.875 178.7624969482421875 176.3312530517578125 178.912506103515625 181.1875 187.493743896484375 206.193756103515625 230.037506103515625 255.6437530517578125 281.712493896484375 306.95623779296875 332.84375 352.26873779296875 369.09375 387.65625 414.20623779296875 440.75 466.524993896484375 485.868743896484375 504.412506103515625 516.84375 516.71875 507.587493896484375 490.54998779296875 465.73748779296875 444.943756103515625 442.35626220703125 462.08123779296875
166.9437408447265625 165.1125030517578125 167.1687469482421875 169.756256103515625 170.3874969482421875 169.274993896484375 167.71875 167.8625030517578125 169.2062530517578125 170.8625030517578125 174.131256103515625 180.162506103515625 186.2937469482421875 192.431243896484375 193.21875 193.0124969482421875 193.0124969482421875 192.943756103515625 191.662506103515625 188.037506103515625 188.7375030517578125 190.681243896484375 195.09375 212.5625 234.931243896484375 258.899993896484375 283.42498779296875 307.787506103515625 333.16876220703125 352.675018310546875 371.70001220703125 391.537506103515625 418.13751220703125 447.662506103515625 474.60626220703125 496.04998779296875 515.2437744140625 532.2437744140625 532.84375 527.40625 517.375 498.662506103515625 484.07501220703125 483.131256103515625 489.34375
165.1374969482421875 163.875 165.681243896484375 168.899993896484375 170.8874969482421875 168.6687469482421875 167.806243896484375 167.899993896484375 169.975006103515625 172.9812469482421875 177.7062530517578125 185.1437530517578125 192.993743896484375 199.9375 202.7375030517578125 204.0124969482421875 205.7062530517578125 206.3000030517578125 205.0625 201.1687469482421875 199.7312469482421875 199.3874969482421875 202.943756103515625 218.9875030517578125 239.006256103515625 262.13751220703125 285.84375 309.28125 334.73126220703125 354.375 374.65625 396.14373779296875 423.5 454.131256103515625 482.818756103515625 506.375 527.3062744140625 548.5999755859375 554.01873779296875 552.33123779296875 548.95623779296875 535.3062744140625 524.5875244140625 518.2562255859375 521.01251220703125
162.493743896484375 161.28125 162.899993896484375 165.3249969482421875 166.5749969482421875 166.0749969482421875 167.0437469482421875 167.40625 170.493743896484375 174.587493896484375 180.3562469482421875 189.131256103515625 198.625 207.9250030517578125 212.587493896484375 215.4250030517578125 217.2687530517578125 217.506256103515625 215.1999969482421875 211.9562530517578125 209.0187530517578125 207.2687530517578125 209.7062530517578125 224.243743896484375 243.7062530517578125 264.64373779296875 286.86248779296875 310.26873779296875 333.79998779296875 355.881256103515625 377.350006103515625 400.006256103515625 429.21875 461.15625 491.743743896484375 516.34375 542.4937744140625 563.1875 569.5 573.375 580.32501220703125 571.9749755859375 564.5562744140625 563.9375 566.65625
164.118743896484375 162.96875 164.40625 165.962493896484375 166.0437469482421875 166.1374969482421875 166.625 167.5812530517578125 170.568756103515625 176.537506103515625 184.71875 195.118743896484375 207.5500030517578125 219.71875 225.1437530517578125 228.8249969482421875 231.068756103515625 229.756256103515625 226.6999969482421875 223.681243896484375 220.693756103515625 218.6125030517578125 219.7937469482421875 233.5500030517578125 250.1750030517578125 268.912506103515625 289.693756103515625 310.350006103515625 332.96875 357.63751220703125 380.068756103515625 402.54376220703125 433.71875 467.78125 498.681243896484375 526.09375 552.57501220703125 575.09375 581.38751220703125 594.71875 604.78125 602.5999755859375 602.3499755859375 608.78125 623.4375
165.993743896484375 165.0187530517578125 165.75 166.568756103515625 165.6374969482421875 166.006256103515625 166.7375030517578125 167.5124969482421875 171.1750030517578125 177.1125030517578125 186.6999969482421875 201.25 217.0749969482421875 230.8125 237.631256103515625 241.8937530517578125 245.587493896484375 243.943756103515625 239.375 235.1374969482421875 232.2937469482421875 230.2624969482421875 230.9499969482421875 242.09375 256.01873779296875 271.443756103515625 290.381256103515625 310.91876220703125 333.600006103515625 357.73126220703125 382.67498779296875 407.16876220703125 438.98126220703125 474.83123779296875 507.48748779296875 535.6624755859375 561.7750244140625 583.0250244140625 595.5562744140625 610.76251220703125 622.3812255859375 626.7562255859375 633.73748779296875 645.9749755859375 664.4000244140625
169.2624969482421875 167.774993896484375 167.90625 167.443756103515625 166.4562530517578125 166.9187469482421875 166.912506103515625 167.4250030517578125 169.975006103515625 176.837493896484375 189.100006103515625 206.850006103515625 227.4499969482421875 244.46875 251.975006103515625 256.25 259.875 256.79376220703125 251.662506103515625 245.65625 243.2937469482421875 241.2687530517578125 241.4375 249.9250030517578125 261.28125 272.89373779296875 291.337493896484375 311.51251220703125 333.14373779296875 357.45001220703125 383.743743896484375 411.33123779296875 444.912506103515625 480.068756103515625 513.0687255859375 541.11248779296875 565.63751220703125 592.1875 606.7750244140625 620.08123779296875 633.8499755859375 640.14373779296875 651.21875 665.07501220703125 679.23748779296875
176.53125 174.337493896484375 173.78125 172.71875 171.34375 170.600006103515625 170.274993896484375 169.381256103515625 170.6125030517578125 176.3625030517578125 190.225006103515625 212.287506103515625 236.6062469482421875 255.96875 265.118743896484375 270.63751220703125 273.881256103515625 270.08123779296875 264.118743896484375 257.48126220703125 254.256256103515625 252.649993896484375 251.8937530517578125 257.91876220703125 266.83123779296875 277.26251220703125 293.5625 312.01873779296875 332.48126220703125 357.08123779296875 384.86248779296875 412.850006103515625 447.662506103515625 483.024993896484375 515.17498779296875 539.0374755859375 565.96875 588.38751220703125 598.73748779296875 611.5374755859375 625.375 634.1875 644.5250244140625 658.7874755859375 668.2125244140625
184.431243896484375 181.7687530517578125 180.2312469482421875 178.71875 176.962493896484375 176.0500030517578125 175.7375030517578125 173.774993896484375 172.625 174.0500030517578125 191.568756103515625 221.899993896484375 247.84375 265.881256103515625 276.96875 284.14373779296875 288.024993896484375 283.493743896484375 276.649993896484375 268.98748779296875 265.73126220703125 262.5625 261.556243896484375 265.70623779296875 272.756256103515625 281.79998779296875 296.34375 313.493743896484375 332.225006103515625 357.59375 385.756256103515625 414.462493896484375 449.962493896484375 485.61248779296875 516.9625244140625 539.1312255859375 560.79998779296875 578.3375244140625 588.4375 597.95623779296875 607.34375 616.6312255859375 630.1187744140625 643.35626220703125 650.4000244140625
191.2687530517578125 188.2624969482421875 186.28125 185.006256103515625 183.5187530517578125 183.6062469482421875 183.212493896484375 181.881256103515625 181.5124969482421875 181.4562530517578125 209.9812469482421875 242.287506103515625 263.25 278.40625 289.73126220703125 297.46875 301.1875 296.84375 289.912506103515625 281.61248779296875 276.86248779296875 272.131256103515625 269.837493896484375 272.431243896484375 277.76873779296875 285.60626220703125 297.931243896484375 313.149993896484375 330.60626220703125 357.0625 384.91876220703125 412.556243896484375 447.36248779296875 483.09375 513.3187255859375 532.9375 548.8062744140625 563.9625244140625 573.2125244140625 580.20623779296875 586.39373779296875 597.48748779296875 608.38751220703125 617.90625 626.48126220703125
192.4499969482421875 188.8249969482421875 188.15625 187.7750091552734375 187.6374969482421875 189.118743896484375 190.412506103515625 193.5749969482421875 201.6999969482421875 219.881256103515625 255.118743896484375 270.243743896484375 281.350006103515625 292.98126220703125 302.48748779296875 308.756256103515625 312.67498779296875 307.21875 299.556243896484375 291.381256103515625 283.9375 278.20001220703125 275.29998779296875 277.056243896484375 281.131256103515625 287.774993896484375 299.28125 313.225006103515625 329.66876220703125 355.39373779296875 380.881256103515625 405.818756103515625 435.193756103515625 463.662506103515625 493.256256103515625 510.193756103515625 522.6812744140625 535.98126220703125 542.6312255859375 546.08123779296875 551.5562744140625 559.70001220703125 567.4749755859375 577.7750244140625 585.125
192.84375 189.9562530517578125 189.899993896484375 189.90625 192.024993896484375 195.868743896484375 200.15625 208.0437469482421875 222.1875 243.5187530517578125 268.28125 285.85626220703125 297.181243896484375 307.787506103515625 315.3125 321.125 324.256256103515625 318.9375 309.556243896484375 300.125 289.131256103515625 282.600006103515625 279.024993896484375 279.91876220703125 283.78125 289.375 300.07501220703125 313.45001220703125 328.118743896484375 350.98126220703125 373.41876220703125 397.306243896484375 423.649993896484375 446.875 467.79998779296875 482.03125 492.6875 503.09375 507.793731689453125 509.71875 514.60626220703125 520.71875 525.65625 533.4749755859375 540.29376220703125
