data/historical-monthly-weather-data/wc2.1_cruts4.09_10m_prec_1994-12.asc
ncols        45
nrows        45
xllcorner    -63.500000000000
yllcorner    -7.500000000000
cellsize     0.166666666667
NODATA_value -9999
[rows 0 to 19 of 45, columns 0 to 44 of 45]
133.306243896484375 129.9499969482421875 123.56874847412109375 118.6999969482421875 112.875 107.81874847412109375 102.3562469482421875 96.5187530517578125 92.43125152587890625 88.96875 87.1437530517578125 86.27500152587890625 86.2062530517578125 85.3937530517578125 85.8625030517578125 86.58750152587890625 87.65625 87.9875030517578125 89.25624847412109375 90.5812530517578125 92.2062530517578125 93.53749847412109375 94.9499969482421875 96.66249847412109375 98.4250030517578125 100.0625 103.1999969482421875 106.66249847412109375 109.9375 110.9375 110.90625 111.33750152587890625 110.125 108.3562469482421875 106.375 105.8249969482421875 104.21250152587890625 102.5812530517578125 101.40000152587890625 100.63124847412109375 99.7062530517578125 99.05625152587890625 98.4812469482421875 97.2375030517578125 96.40000152587890625
134.9812469482421875 132.1687469482421875 128.506256103515625 125.36249542236328125 121.78749847412109375 116.375 110.25624847412109375 105.78125 102.7375030517578125 99.6999969482421875 97.3562469482421875 95.72499847412109375 95.1875 94.4875030517578125 94.47499847412109375 94.88124847412109375 95.71250152587890625 96.9812469482421875 98.7312469482421875 101.3000030517578125 102.88124847412109375 104.16249847412109375 106.0187530517578125 107.4875030517578125 108.8874969482421875 110.22499847412109375 112.58750152587890625 115 117.1687469482421875 117.23125457763671875 115.93125152587890625 115.13124847412109375 112.3937530517578125 109.96250152587890625 107.74375152587890625 105.125 103.93125152587890625 102.03125 100.2312469482421875 99.09375 97.84999847412109375 97.06874847412109375 96.4250030517578125 94.3937530517578125 92.99375152587890625
134.587493896484375 133.03125 131.193756103515625 129.5 127.5437469482421875 122.97499847412109375 118.7687530517578125 115.8000030517578125 113.58750152587890625 110.9499969482421875 108.24375152587890625 106.46250152587890625 105.8625030517578125 105.02500152587890625 104.9250030517578125 104.75624847412109375 105.4812469482421875 106.5187530517578125 108.31874847412109375 110.4375 111.90625 113.4562530517578125 115.1374969482421875 115.80625152587890625 116.5124969482421875 117.9562530517578125 119.78125 121.46875 123.2624969482421875 121.81874847412109375 120.0812530517578125 118.59375 116.4562530517578125 112.69374847412109375 109.6062469482421875 107.3000030517578125 104.68125152587890625 101.9499969482421875 100.2624969482421875 98.7062530517578125 96.9187469482421875 95.7937469482421875 94.38124847412109375 93.09375 91.1437530517578125
132.6750030517578125 132.8937530517578125 133.681243896484375 132.837493896484375 132.8000030517578125 129.8937530517578125 127.44374847412109375 125.8937530517578125 124.44374847412109375 123.03125 120.59999847412109375 118.8000030517578125 117.4875030517578125 116.5500030517578125 115.9562530517578125 115.8937530517578125 116.28749847412109375 116.3625030517578125 117.86875152587890625 120.6062469482421875 122.0437469482421875 123.18125152587890625 123.6687469482421875 123.88124847412109375 123.5812530517578125 124.6437530517578125 126.0625 126.7312469482421875 128.212493896484375 126.82500457763671875 124.2624969482421875 121.5124969482421875 119.1875 115.91249847412109375 111.94374847412109375 108.72499847412109375 104.9187469482421875 101.6374969482421875 100.0124969482421875 97.90000152587890625 95.27500152587890625 93.875 92.28125 91.0625 89.1062469482421875
136.7624969482421875 135.0124969482421875 134.46875 136.0437469482421875 137.96875 137.1062469482421875 135.774993896484375 135.3937530517578125 135.774993896484375 135.431243896484375 132.850006103515625 130.443756103515625 129.506256103515625 128.662506103515625 127.7375030517578125 127.3312530517578125 127.1999969482421875 126.96250152587890625 128.4250030517578125 131.4187469482421875 132.625 132.4875030517578125 132.2312469482421875 131.65625 130.6374969482421875 131.087493896484375 130.9499969482421875 131.1437530517578125 132.006256103515625 130.5 127.83750152587890625 124.28125 121.125 117.58750152587890625 113.3249969482421875 109.7937469482421875 105.96250152587890625 101.81874847412109375 99.65625 96.90625 93.75 91.9499969482421875 90.43125152587890625 88.4875030517578125 86.99375152587890625
141.7624969482421875 141.0187530517578125 139.75 139.0500030517578125 141.90625 143 142.962493896484375 142.6999969482421875 143.0124969482421875 142.9375 140.71875 139.0437469482421875 138.993743896484375 138.475006103515625 138.5749969482421875 138.46875 138.8000030517578125 137.9187469482421875 140.274993896484375 142.3562469482421875 141.662506103515625 141.09375 139.6750030517578125 138.1062469482421875 136.3625030517578125 135.25 135.568756103515625 135.3125 135.1062469482421875 133.3312530517578125 130.899993896484375 128.0625 123.68125152587890625 119.38124847412109375 116.4812469482421875 113.09999847412109375 109.0437469482421875 105.7375030517578125 103.2687530517578125 99.24375152587890625 94.3000030517578125 92.11875152587890625 89.5749969482421875 87.7937469482421875 86.8125
148.568756103515625 148.3000030517578125 147.3937530517578125 146.2624969482421875 147.1750030517578125 147.6062469482421875 148.225006103515625 148.024993896484375 147.4499969482421875 146.2062530517578125 146.475006103515625 146.431243896484375 148.0625 148.3874969482421875 149.037506103515625 149.9562530517578125 151.65625 153.368743896484375 155.71875 155.743743896484375 152.4562530517578125 150.2375030517578125 147.0500030517578125 143.8874969482421875 141.71875 139.256256103515625 138.5 138.90625 138.3000030517578125 135.943756103515625 133.431243896484375 130.53125 126.8874969482421875 122.46250152587890625 118.77500152587890625 115.3000030517578125 111.9499969482421875 108.6875 106.90625 101.5500030517578125 95.15000152587890625 91.84375 89.25624847412109375 86.78749847412109375 85.4499969482421875
155.7062530517578125 155.618743896484375 155.212493896484375 155.6875 156.912506103515625 156.0749969482421875 154.287506103515625 151.443756103515625 148.8562469482421875 149.0437469482421875 151.9375 154.7062530517578125 156.9562530517578125 159.256256103515625 160.274993896484375 162.0500030517578125 164.2624969482421875 167.7937469482421875 170.524993896484375 167.3874969482421875 161.9375 157.1125030517578125 152.46875 147.9187469482421875 145.3937530517578125 142.774993896484375 141.162506103515625 140.774993896484375 141.037506103515625 139.09375 135.53125 132.5437469482421875 129.3000030517578125 124.9375 121.74375152587890625 117.33750152587890625 113.90625 110.19374847412109375 106.80625152587890625 101.28125 95.0812530517578125 91.34375 88.375 85.4812469482421875 83.59375
164.350006103515625 164.65625 164.899993896484375 165.725006103515625 166.4562530517578125 166.037506103515625 164.0625 160.274993896484375 155.1062469482421875 153.875 158.431243896484375 162.6875 165.962493896484375 168.243743896484375 169.5812530517578125 171.3000030517578125 173.4875030517578125 176.6312408447265625 178.6062469482421875 174.2624969482421875 166.181243896484375 160.3625030517578125 155.337493896484375 151.899993896484375 148.40625 145.0500030517578125 143.256256103515625 142.9875030517578125 142.568756103515625 140.412506103515625 138.306243896484375 134.962493896484375 131.6374969482421875 128.1999969482421875 124.71250152587890625 120.68125152587890625 116.46875 112 107.6374969482421875 102.3625030517578125 95.8937530517578125 91.96875 89.0500030517578125 86.1687469482421875 84.899993896484375
172.193756103515625 173.3125 174.193756103515625 175.8562469482421875 176.756256103515625 176.5187530517578125 175.056243896484375 172.1750030517578125 169.274993896484375 168.1750030517578125 170.318756103515625 172.431243896484375 176.09375 177.28125 178.8000030517578125 179.962493896484375 181.0187530517578125 181.4250030517578125 180.7937469482421875 176.96875 169.037506103515625 162.4812469482421875 157.25 154.162506103515625 150.09375 146.28125 144.568756103515625 143.9499969482421875 143.8125 141.9499969482421875 139.4375 136.568756103515625 133.350006103515625 129.806243896484375 126.9250030517578125 123.875 119.3937530517578125 114.6374969482421875 109.13124847412109375 103.3874969482421875 97.33750152587890625 93.56874847412109375 89.75 86.6062469482421875 85.78749847412109375
181.25 182.649993896484375 183.350006103515625 184.493743896484375 186.5812530517578125 187.84375 187.3312530517578125 184.6125030517578125 182.193756103515625 181.7375030517578125 183.100006103515625 184.90625 186.725006103515625 187.6750030517578125 187.774993896484375 188.0500030517578125 187.443756103515625 185.693756103515625 182.649993896484375 178.09375 171.3562469482421875 164.537506103515625 159.1374969482421875 154.149993896484375 152.0187530517578125 148.256256103515625 145.8562469482421875 144.0500030517578125 142.6062469482421875 141.1750030517578125 139.212493896484375 137.3625030517578125 134.6374969482421875 131.5749969482421875 128.837493896484375 125.46875 121.38124847412109375 116.81874847412109375 111.7312469482421875 105.47499847412109375 99.19374847412109375 94.90000152587890625 91.1750030517578125 88 86.9375
189.212493896484375 190.2937469482421875 191.375 193.5 195.7687530517578125 197.5437469482421875 198.318756103515625 196.5437469482421875 194.443756103515625 194.78125 196.2624969482421875 198.193756103515625 197.868743896484375 197.5437469482421875 197.0500030517578125 195.493743896484375 193.662506103515625 189.431243896484375 185.03125 180.1750030517578125 172.25 165.743743896484375 161.306243896484375 157.0437469482421875 154.368743896484375 150.5 147.256256103515625 144.493743896484375 142.1374969482421875 140.8562469482421875 139.162506103515625 137.8000030517578125 135.4187469482421875 133.09375 130.9375 128.09375 124.36875152587890625 120.2937469482421875 114.6750030517578125 108.21250152587890625 101.6999969482421875 97.1875 93.1062469482421875 89.46875 87.5
196.806243896484375 198.193756103515625 199.78125 201.6374969482421875 204.46875 205.962493896484375 206.618743896484375 206.412506103515625 205.2062530517578125 206.306243896484375 208.243743896484375 210.024993896484375 209.1875 206.7375030517578125 205.649993896484375 203.125 199.875 195.0749969482421875 189.431243896484375 182.881256103515625 172.59375 166.5 163.40625 159.78125 155.46875 150.524993896484375 147.21875 144.5500030517578125 142.149993896484375 139.9499969482421875 138.3625030517578125 137.056243896484375 134.912506103515625 133.306243896484375 131.868743896484375 130.21875 127.625 124.1125030517578125 118.125 110.83750152587890625 103.74375152587890625 99.4875030517578125 94.56874847412109375 88.9499969482421875 86.5812530517578125
203.1125030517578125 204.506256103515625 206.100006103515625 208.3312530517578125 210.78125 212.412506103515625 213.3312530517578125 214.9187469482421875 215.631256103515625 216.375 216.9250030517578125 218.037506103515625 217.943756103515625 215.9812469482421875 212.912506103515625 211.0124969482421875 206.868743896484375 200.587493896484375 193.9250030517578125 186.875 177.318756103515625 170.25 165.46875 160.818756103515625 156.0124969482421875 151.068756103515625 148.1437530517578125 144.2375030517578125 140.8937530517578125 138.381256103515625 136.8249969482421875 135.306243896484375 134.056243896484375 132.8249969482421875 132.5 131.65625 130.3312530517578125 128.4187469482421875 123.08750152587890625 116.33750152587890625 107.36875152587890625 100.34375 94.4875030517578125 89.80625152587890625 88.06874847412109375
208.4812469482421875 209.837493896484375 212.118743896484375 214.399993896484375 217.256256103515625 218.868743896484375 221.162506103515625 223.181243896484375 224.03125 224.274993896484375 224.649993896484375 225.8625030517578125 225.381256103515625 224.131256103515625 220.631256103515625 218.3874969482421875 213.28125 206.3874969482421875 199.318756103515625 193.3000030517578125 183.3937530517578125 175.15625 168.350006103515625 162.9499969482421875 158.0749969482421875 152.8874969482421875 149.475006103515625 145.431243896484375 141.2937469482421875 137.337493896484375 134.6374969482421875 133.375 132.493743896484375 132.100006103515625 132.5437469482421875 131.681243896484375 132.0749969482421875 132.7937469482421875 130.6062469482421875 124.15000152587890625 114.3562469482421875 106.0625 99.08750152587890625 93.41249847412109375 89.7937469482421875
212.337493896484375 214.1437530517578125 216.8125 220.0500030517578125 223.1374969482421875 225.4812469482421875 228.0124969482421875 229.4187469482421875 230.4875030517578125 232.0124969482421875 232.1750030517578125 232.975006103515625 232.868743896484375 231.649993896484375 228.587493896484375 224.118743896484375 218.8000030517578125 212.712493896484375 205.475006103515625 199.006256103515625 189.368743896484375 179.693756103515625 171.631256103515625 165.5437469482421875 160.649993896484375 156.2937469482421875 152.40625 147.6062469482421875 142.0437469482421875 136.2687530517578125 132.537506103515625 130.1875 128.587493896484375 128.3874969482421875 128.6437530517578125 129.181243896484375 131.8000030517578125 135.5812530517578125 137.162506103515625 132.256256103515625 122.6125030517578125 112.61875152587890625 103.7062530517578125 95.25624847412109375 91.5437469482421875
215.4562530517578125 217.9187469482421875 219.8312530517578125 223.8874969482421875 228.006256103515625 230.1999969482421875 233.3937530517578125 236.3562469482421875 238.3874969482421875 239.368743896484375 239.649993896484375 239.881256103515625 239.75 238.5812530517578125 235.6437530517578125 230.537506103515625 223.2312469482421875 217.1687469482421875 211.337493896484375 204.7375030517578125 194.625 184.2375030517578125 175.243743896484375 168.587493896484375 163.8249969482421875 160.1750030517578125 156.59375 150.375 141.9562530517578125 134.5812530517578125 129.7375030517578125 127.40000152587890625 124.6374969482421875 122.13124847412109375 121.3125 123.38124847412109375 129.1374969482421875 138.318756103515625 147.412506103515625 140.662506103515625 129.2375030517578125 117.4875030517578125 106.09375 97.56874847412109375 93.3312530517578125
217.318756103515625 220.4875030517578125 223.1374969482421875 227.9875030517578125 232.774993896484375 236.462493896484375 239.84375 242.524993896484375 244.475006103515625 246.506256103515625 247.46875 247.53125 246.34375 245.006256103515625 241.443756103515625 235.90625 228.7062530517578125 219.7687530517578125 216.318756103515625 210.1999969482421875 200.4187469482421875 189.375 179.34375 173.056243896484375 168.443756103515625 165.0749969482421875 162.5812530517578125 153.774993896484375 142.375 132.4250030517578125 125.9187469482421875 122.83750152587890625 121.2375030517578125 119.59375 116.4187469482421875 113.75 124.40000152587890625 136.625 143.2937469482421875 139.431243896484375 128.412506103515625 117.4562530517578125 107.83750152587890625 100.28749847412109375 95.96250152587890625
217.84375 221.631256103515625 225.65625 231.193756103515625 236.881256103515625 241.381256103515625 245.162506103515625 249.3874969482421875 251.837493896484375 254.03125 253.962493896484375 252.8687591552734375 252.4187469482421875 251.6687469482421875 247.2937469482421875 241.1999969482421875 234.149993896484375 225.431243896484375 218.8125 213.837493896484375 205.1687469482421875 195.6750030517578125 182.7312469482421875 177.181243896484375 173.40625 169.875 165.850006103515625 157.162506103515625 144.6374969482421875 132.0812530517578125 122.6875 122.4875030517578125 123.28749847412109375 121.3625030517578125 117.55625152587890625 116.97499847412109375 124.75624847412109375 132.943756103515625 137.2375030517578125 133.681243896484375 125.1125030517578125 116.21875 108.5 102.55625152587890625 99
217.3625030517578125 222.068756103515625 226.2624969482421875 232.6062469482421875 239.556243896484375 245.618743896484375 250.8562469482421875 255.774993896484375 259.024993896484375 260.100006103515625 260.53125 260.79998779296875 260.53125 258.399993896484375 252.5 244.4875030517578125 236.5124969482421875 229.8249969482421875 223.9187469482421875 218.6374969482421875 207.743743896484375 195.9562530517578125 186.0812530517578125 181.3125 177.59375 173.65625 168.96875 161.693756103515625 150.068756103515625 137.3874969482421875 129.3312530517578125 129.375 129.225006103515625 128.5187530517578125 127.51874542236328125 126.8125 130.287506103515625 134.306243896484375 134.975006103515625 131.03125 123.24375152587890625 114.74375152587890625 109.4812469482421875 105.2312469482421875 102.13124847412109375
