data/historical-monthly-weather-data/wc2.1_cruts4.09_10m_prec_1962-10.asc
ncols        51
nrows        45
xllcorner    -63.500000000000
yllcorner    -7.500000000000
cellsize     0.166666666667
NODATA_value -9999
[rows 20 to 39 of 45, columns 0 to 43 of 51]
104.30625152587890625 109.2062530517578125 115.1750030517578125 121 126.49375152587890625 131.15625 135.53125 138.462493896484375 139.350006103515625 137.8125 134.46875 128.381256103515625 122.2312469482421875 115.8312530517578125 112.78125 110.3000030517578125 107.50624847412109375 106.33750152587890625 107.8874969482421875 108.7624969482421875 109.59999847412109375 111.4187469482421875 113.84375 118.9812469482421875 123.71875 125.8125 124.9562530517578125 120.18125152587890625 114.9250030517578125 111 108.84999847412109375 110.9187469482421875 115.2937469482421875 121.4499969482421875 128.28125 127.44374847412109375 125.7375030517578125 127.2624969482421875 128.756256103515625 130.181243896484375 130.587493896484375 128.3000030517578125 123.00624847412109375 117.56874847412109375
98.75624847412109375 105.2624969482421875 112.4250030517578125 119.4187469482421875 126.22499847412109375 131.8874969482421875 136.806243896484375 140.71875 142.568756103515625 140.65625 136.2937469482421875 129.7312469482421875 123.3625030517578125 117.9562530517578125 114.27500152587890625 111.7375030517578125 109.7937469482421875 108.97499847412109375 109.74375152587890625 110.90625 110.65625 112.03749847412109375 114.9187469482421875 119.53125 123.3874969482421875 125.9812469482421875 127.31874847412109375 125.68125152587890625 123.9499969482421875 122.59375 122.06874847412109375 123.84375 127.5500030517578125 133.024993896484375 137.037506103515625 137.337493896484375 135.1062469482421875 133.787506103515625 133.40625 134.037506103515625 133.90625 132.0124969482421875 128.71875 124.2312469482421875
94.90000152587890625 103.0625 111.2687530517578125 119.09375 126.03125 132.0625 137.71875 143.037506103515625 146.75 143.6750030517578125 138.350006103515625 131.037506103515625 125.3312530517578125 120.9812469482421875 117.1125030517578125 114.19374847412109375 112.18125152587890625 112.0625 112.53749847412109375 113.16249847412109375 113.6374969482421875 114.21250152587890625 116.09375 120.6374969482421875 124.3625030517578125 126.05625152587890625 128.993743896484375 131.2687530517578125 131.4499969482421875 132.225006103515625 134.0187530517578125 136.8312530517578125 139.4499969482421875 143.4375 145.9187469482421875 145.3937530517578125 142.943756103515625 139.681243896484375 138.399993896484375 139.9875030517578125 140.34375 138.84375 136.1062469482421875 131.975006103515625
92.93125152587890625 102.08750152587890625 111.59999847412109375 119.0500030517578125 125.9187469482421875 131.837493896484375 137.131256103515625 142.7062530517578125 146.0625 143.625 138.1750030517578125 132.2375030517578125 127.40625 123.61875152587890625 120.4250030517578125 117.66249847412109375 115.99375152587890625 115.84999847412109375 116.1437530517578125 116.5187530517578125 117.2312469482421875 118.33750152587890625 119.27500152587890625 123.21875 126.3312530517578125 127.11875152587890625 128.943756103515625 133.600006103515625 137.6687469482421875 140.6374969482421875 143.6750030517578125 146.899993896484375 149.65625 152.53125 154.693756103515625 155.0625 153 149.3125 148.21875 148.6875 148.681243896484375 146.9875030517578125 143.6750030517578125 138.962493896484375
94.0749969482421875 102.80625152587890625 112.68125152587890625 119.28125 125.75 131.056243896484375 135.59375 139.712493896484375 142.0812530517578125 141.34375 138.3249969482421875 133.8937530517578125 130.256256103515625 127.2312469482421875 124.2312469482421875 122.0187530517578125 120.3312530517578125 120.2937469482421875 120.53125 120.99375152587890625 121.6999969482421875 121.97499847412109375 123.4499969482421875 127.0625 130.4250030517578125 133.318756103515625 135.6999969482421875 140.131256103515625 144.787506103515625 148.4562530517578125 151.7687530517578125 154.4499969482421875 158.1875 160.8312530517578125 163.2687530517578125 163.368743896484375 163.0749969482421875 162.0437469482421875 160.399993896484375 160.5812530517578125 159.96875 157.2624969482421875 153.0187530517578125 148.912506103515625
96.34999847412109375 103.6875 111.21250152587890625 118.4812469482421875 124.55625152587890625 129.1750030517578125 133.0749969482421875 136.4375 138.9499969482421875 139.65625 137.337493896484375 135.0187530517578125 132.5124969482421875 130.3625030517578125 128.3125 126.31874847412109375 125.08750152587890625 124.8874969482421875 125.28749847412109375 125.75 126.625 126.90000152587890625 128.318756103515625 132.375 136.6062469482421875 140.618743896484375 144.162506103515625 148.006256103515625 152.3562469482421875 156.2312469482421875 158.462493896484375 162.1687469482421875 166.537506103515625 169.274993896484375 172.5749969482421875 173.306243896484375 173.912506103515625 174.7312469482421875 173.912506103515625 173.84375 173.149993896484375 170 164.818756103515625 160.6125030517578125
99.5 103.7687530517578125 109.88124847412109375 115.9250030517578125 121.22499847412109375 125.9499969482421875 129.6999969482421875 133.056243896484375 135.3249969482421875 136.1687469482421875 136.4875030517578125 135.899993896484375 135.024993896484375 134.162506103515625 132.3000030517578125 130.96875 129.4375 129.75 129.993743896484375 130.3249969482421875 131.4625091552734375 131.912506103515625 133.243743896484375 138.712493896484375 142.975006103515625 147.462493896484375 151.0625 154.9250030517578125 159.4187469482421875 162.7312469482421875 165.9562530517578125 168.5625 174.1374969482421875 178.568756103515625 182.21875 184.4375 186.5 188.5124969482421875 189.1125030517578125 190.6125030517578125 190.649993896484375 188.2937469482421875 183.7375030517578125 179.28125
102.24375152587890625 104.44374847412109375 109.00624847412109375 113.8562469482421875 118.16249847412109375 122.59375 126.72499847412109375 129.837493896484375 132.2375030517578125 134.1875 135.243743896484375 136.1750030517578125 137.3125 137.3249969482421875 136.28125 135.274993896484375 134.4875030517578125 134.2375030517578125 134.774993896484375 135.6875 136.5625 137.2062530517578125 139.3874969482421875 144.4562530517578125 149.1875 154.256256103515625 158.506256103515625 162.71875 166.1875 169.1437530517578125 171.4875030517578125 174.6374969482421875 181.2375030517578125 186.875 192.899993896484375 195.7312469482421875 198.399993896484375 202.881256103515625 204.412506103515625 207.8125 211.34375 208.96875 202.96875 200.162506103515625
105.03125 105.625 108.4499969482421875 112.22499847412109375 115.6437530517578125 119.33750152587890625 122.96875 126.4375 129.4562530517578125 132.4562530517578125 134.8874969482421875 137.162506103515625 139.34375 140.475006103515625 140.318756103515625 139.6437530517578125 139.4875030517578125 139.3874969482421875 139.75 140.6750030517578125 141.5187530517578125 142.631256103515625 144.881256103515625 150.0187530517578125 155.03125 160.743743896484375 165.1875 169.34375 173.837493896484375 176 177.3125 180.3874969482421875 187.993743896484375 195.162506103515625 202.506256103515625 206.96875 210.8562469482421875 215.6374969482421875 217.506256103515625 221.774993896484375 227.6687469482421875 225.712493896484375 220.4875030517578125 221.21875
108.66249847412109375 107.875 109.34375 111.22499847412109375 113.7062530517578125 116.55625152587890625 120.1750030517578125 124.02500152587890625 128.006256103515625 131.25 134.975006103515625 137.9250030517578125 141.493743896484375 143.8937530517578125 144.212493896484375 144.59375 144.21875 144.8312530517578125 144.912506103515625 144.84375 146.100006103515625 147.375 149.193756103515625 153.7937469482421875 159.318756103515625 165.787506103515625 170.1374969482421875 174.0187530517578125 177.8000030517578125 180.443756103515625 183.100006103515625 186.71875 195.2624969482421875 204.431243896484375 212.8000030517578125 218.5437469482421875 223.649993896484375 230.25 230.4375 233.25 238.7687530517578125 242.274993896484375 241.5 246.462493896484375
112.15625 109.86875152587890625 110.27500152587890625 110.3625030517578125 111.8312530517578125 115.13124847412109375 118.49375152587890625 122.30625152587890625 126.43125152587890625 130.256256103515625 135 139.375 144.381256103515625 147.8937530517578125 148.399993896484375 149.3249969482421875 150.09375 150.100006103515625 149.90625 149.9562530517578125 150.5812530517578125 151.806243896484375 153.5500030517578125 158.024993896484375 163.600006103515625 169.537506103515625 173.90625 177.75 181.3562469482421875 184.5625 188.568756103515625 193.15625 202.8937530517578125 213.7687530517578125 223.681243896484375 229.8562469482421875 236.7624969482421875 244.71875 243.75 240.3874969482421875 246.7937469482421875 256.01873779296875 262.29376220703125 268.26873779296875
115.15625 111.6750030517578125 110.50624847412109375 110.3125 111.61875152587890625 113.78125 116.86875152587890625 120.59999847412109375 125.0500030517578125 129.625 134.8312530517578125 140.568756103515625 146.125 151.1062469482421875 153.1687469482421875 154.6437530517578125 155.1437530517578125 154.40625 154.875 154.7687530517578125 155.1062469482421875 155.943756103515625 157.587493896484375 161.65625 167.243743896484375 172.6875 176.943756103515625 180.881256103515625 184.412506103515625 188.962493896484375 193.837493896484375 198.9499969482421875 210.2062530517578125 223.09375 233.6999969482421875 241.649993896484375 250.21875 259.118743896484375 256.875 255.65625 263.95623779296875 275.837493896484375 284.14373779296875 293.42498779296875
120.28749847412109375 116.1875 114.2937469482421875 113.625 113.53749847412109375 114.97499847412109375 117.0812530517578125 119.8125 124.03749847412109375 129.03125 136.4875030517578125 142.4812469482421875 149.5500030517578125 156.2624969482421875 158.649993896484375 159.975006103515625 160.125 159.493743896484375 159.350006103515625 159.056243896484375 158.8562469482421875 159.1437530517578125 159.931243896484375 163.8874969482421875 168.6062469482421875 173.368743896484375 177.6374969482421875 181.350006103515625 185.3562469482421875 192.15625 198.6125030517578125 205.568756103515625 216.662506103515625 231.118743896484375 245.1750030517578125 256.856231689453125 266.59375 275.13751220703125 276.40625 282.67498779296875 293.11248779296875 304.662506103515625 315.20001220703125 325.63751220703125
124.88124847412109375 120.86875152587890625 118.72499847412109375 117.31874847412109375 115.6437530517578125 116.41249847412109375 117.5812530517578125 119.4812469482421875 122.90625 128.193756103515625 135.181243896484375 144.037506103515625 153.7937469482421875 160.34375 163.7312469482421875 165.0812530517578125 165.4375 164.8874969482421875 163.6125030517578125 163.462493896484375 162.625 162.100006103515625 162.2624969482421875 164.7937469482421875 169.149993896484375 173.337493896484375 177.125 180.975006103515625 185.8000030517578125 194.149993896484375 203.09375 212.5 226.193756103515625 240.712493896484375 257.41876220703125 270.881256103515625 282.068756103515625 292.51251220703125 299.29376220703125 309.88751220703125 320.61248779296875 333.21875 347.40625 360.431243896484375
129.5187530517578125 125.8562469482421875 122.69374847412109375 120.6437530517578125 118.18125152587890625 118.0500030517578125 118.21250152587890625 119.4250030517578125 121.6875 126.7062530517578125 134.537506103515625 145.193756103515625 157.056243896484375 166.125 168.431243896484375 169.899993896484375 170.6437530517578125 169.6875 168.350006103515625 167.1062469482421875 166.037506103515625 164.568756103515625 164.0625 165.4499969482421875 168.818756103515625 172.306243896484375 176.462493896484375 181.056243896484375 186.256256103515625 195.9499969482421875 206.506256103515625 218.4499969482421875 233.931243896484375 251.15625 268.193756103515625 281.993743896484375 294.83123779296875 310.01251220703125 320.431243896484375 332.556243896484375 345.53125 357.88751220703125 373.587493896484375 387.79998779296875
134.649993896484375 131.0812530517578125 128.3562469482421875 125.53749847412109375 122.94374847412109375 122.30625152587890625 121.30625152587890625 121.16249847412109375 122.375 125.94374847412109375 134.1999969482421875 145.975006103515625 159.375 169.006256103515625 172.350006103515625 173.931243896484375 174.5187530517578125 173.712493896484375 172.2624969482421875 170.475006103515625 169.131256103515625 167.625 165.5625 166.1437530517578125 168.09375 170.125 173.787506103515625 178.256256103515625 183.537506103515625 195.274993896484375 207.5124969482421875 221.037506103515625 237.8249969482421875 257.09375 274 287.412506103515625 304.5625 319.51873779296875 331.631256103515625 344.59375 359.556243896484375 373.23748779296875 385.256256103515625 400.850006103515625
139.881256103515625 136.5812530517578125 133.8562469482421875 131.1374969482421875 128.46875 126.8562469482421875 124.9187469482421875 123.50624847412109375 123.19374847412109375 124.08750152587890625 133.1687469482421875 148.681243896484375 161.1125030517578125 169.787506103515625 174.524993896484375 177.225006103515625 177.8937530517578125 177.1437530517578125 175.100006103515625 172.7750091552734375 170.96875 168.8249969482421875 166.8937530517578125 166.0124969482421875 166.3249969482421875 167.4187469482421875 170.556243896484375 174.8312530517578125 180.6875 193.837493896484375 208.3625030517578125 222.6750030517578125 242.2312469482421875 262.61248779296875 279.125 295.537506103515625 312.412506103515625 329.443756103515625 342.324981689453125 355.25 370.16876220703125 381.368743896484375 395.29998779296875 411.95001220703125
144.65625 141.7687530517578125 139 136.462493896484375 133.975006103515625 131.8000030517578125 130.056243896484375 128.1062469482421875 127.5 126.49375152587890625 139.475006103515625 155.03125 164.899993896484375 172.7624969482421875 177.318756103515625 180.243743896484375 180.9499969482421875 179.868743896484375 177.875 174.881256103515625 172.25 168.9562530517578125 166.5 164.462493896484375 164.243743896484375 164.568756103515625 167.037506103515625 171.1750030517578125 177.03125 191.806243896484375 206.8625030517578125 223.3562469482421875 244.1062469482421875 264.58123779296875 283.399993896484375 298.993743896484375 317.57501220703125 334.04376220703125 349.556243896484375 364.15625 375.743743896484375 388.625 399.837493896484375 413.60626220703125
146.78125 144.100006103515625 142.212493896484375 140.125 138.056243896484375 136.3874969482421875 135.2624969482421875 135.4562530517578125 137.2375030517578125 143.8625030517578125 157.881256103515625 165.5124969482421875 170.931243896484375 176.587493896484375 180.8937530517578125 183.6125030517578125 184.131256103515625 182.4499969482421875 179.2937469482421875 176.3874969482421875 172.125 168.068756103515625 165.287506103515625 163.0500030517578125 161.8625030517578125 162.3874969482421875 165.318756103515625 169.5625 174.875 188.3937530517578125 203.7375030517578125 219.0437469482421875 237.3562469482421875 255.8874969482421875 275.59375 292.73748779296875 308.431243896484375 324.78125 339.54998779296875 349.28125 361.42498779296875 372.381256103515625 380.756256103515625 391.981231689453125
148.78125 146.5187530517578125 145.3562469482421875 144.0749969482421875 142.3562469482421875 142.0812530517578125 141.649993896484375 143.600006103515625 147.493743896484375 154.9875030517578125 164.306243896484375 171.8562469482421875 177.3249969482421875 181.5187530517578125 185.3562469482421875 187.087493896484375 187.506256103515625 185.3562469482421875 181.21875 176.8562469482421875 171.6999969482421875 166.681243896484375 162.8937530517578125 160.5625 160.162506103515625 160.381256103515625 163.274993896484375 167.71875 172.975006103515625 185.350006103515625 198.662506103515625 213.5 231.9250030517578125 248.868743896484375 267.462493896484375 282.5625 296.399993896484375 311.41876220703125 325.456268310546875 332.287506103515625 341.64373779296875 351.337493896484375 357.66876220703125 365.96875
