data/historical-monthly-weather-data/wc2.1_cruts4.09_10m_prec_1971-11.asc
ncols        51
nrows        45
xllcorner    -63.500000000000
yllcorner    -7.500000000000
cellsize     0.166666666667
NODATA_value -9999
[rows 0 to 19 of 45, columns 0 to 43 of 51]
301.58123779296875 302.125 292.774993896484375 289.11248779296875 284.63751220703125 280.60626220703125 274.35626220703125 268.15625 262.14373779296875 254.7062530517578125 247.1687469482421875 236.6374969482421875 226.4499969482421875 213.024993896484375 201.1875 188.837493896484375 177.375 165.4250030517578125 154.475006103515625 145.162506103515625 138.5500030517578125 132.46875 127.22499847412109375 121.15625 115.9250030517578125 111.47499847412109375 108.49375152587890625 105.7375030517578125 102.7375030517578125 100.34999847412109375 98.46875 97.3562469482421875 96.375 96.1062469482421875 95.6999969482421875 96.5124969482421875 97.71875 98.55625152587890625 99.09999847412109375 99.7312469482421875 99.5124969482421875 99.78749847412109375 98.90000152587890625 98
311.63751220703125 310.23748779296875 305.25 303.58123779296875 303.756256103515625 300.26251220703125 293.98748779296875 290.943756103515625 285.149993896484375 276.88751220703125 268.42498779296875 255.493743896484375 241.9562530517578125 228.2312469482421875 213.681243896484375 201.1125030517578125 187.34375 174.46875 161.8249969482421875 151.162506103515625 143.90625 137.493743896484375 132.1750030517578125 127.10625457763671875 120.8249969482421875 115.78125 112.50624847412109375 108.8937530517578125 105.65625 103.5437469482421875 102.2062530517578125 101.61875152587890625 100.28749847412109375 101.08750152587890625 101.52500152587890625 102.75 104.40000152587890625 105.7312469482421875 106.22499847412109375 106.93125152587890625 107.3874969482421875 107.1437530517578125 106.5500030517578125 104.4812469482421875
314.006256103515625 312.931243896484375 308.125 305.287506103515625 306.38751220703125 304.59375 305.09375 304.51873779296875 301.899993896484375 295.1875 285.337493896484375 270.71875 256.26873779296875 241.068756103515625 225.087493896484375 210.3000030517578125 196.5812530517578125 184.3874969482421875 171.693756103515625 161.193756103515625 153.756256103515625 146.8937530517578125 141.056243896484375 135.243743896484375 128.493743896484375 122.1687469482421875 117.875 113.77500152587890625 109.4375 106.90000152587890625 106.25624847412109375 105.4499969482421875 105.84999847412109375 106.46250152587890625 107.52500152587890625 108.53125 110.18125152587890625 112.6999969482421875 113.71875 115 115.55625152587890625 114.66249847412109375 113.7375030517578125 111.9875030517578125
308.14373779296875 305.837493896484375 304.96875 301.868743896484375 303.712493896484375 305.25 308.38751220703125 313.79998779296875 316.1875 312.84375 302.26873779296875 285.274993896484375 269.056243896484375 252.5812530517578125 235.8000030517578125 220.21875 206.399993896484375 194.0812530517578125 182.7687530517578125 173.8125 166.212493896484375 158.53125 150.9562530517578125 143.431243896484375 135.7312469482421875 128.618743896484375 123.4375 117.31874847412109375 112.74375152587890625 110.91249847412109375 110.02500152587890625 109.8125 109.63124847412109375 110.5124969482421875 111.75 114.40000152587890625 117.0124969482421875 119.59375 121.33750152587890625 122.8562469482421875 122.71875 122.53749847412109375 120.5625 118.33750152587890625
309.83123779296875 302.25 291.95623779296875 291.875 297.61248779296875 302.837493896484375 309.337493896484375 319.337493896484375 327.64373779296875 329.693756103515625 315.556243896484375 294.274993896484375 277.11248779296875 261.75 244.875 229.774993896484375 215.3562469482421875 204.7687530517578125 194.368743896484375 184.65625 178.068756103515625 169.6875 161.462493896484375 153.412506103515625 143.118743896484375 134.493743896484375 126.59999847412109375 120.84375 116.2375030517578125 113.4812469482421875 112.5749969482421875 112.55625152587890625 113.06874847412109375 114.68125152587890625 116.6999969482421875 119.8625030517578125 123.25 126.7624969482421875 129.662506103515625 130.2375030517578125 130.725006103515625 129.337493896484375 127.48749542236328125 125.18125152587890625
303.993743896484375 296.90625 286.86248779296875 277.91876220703125 285.524993896484375 296.662506103515625 305.71875 314.475006103515625 322.51251220703125 327.25 312.66876220703125 292.70623779296875 277.89373779296875 263.88751220703125 248.181243896484375 233.756256103515625 221.443756103515625 212.6875 205.0437469482421875 195.9375 187.8312530517578125 179.412506103515625 170.2937469482421875 159.712493896484375 149.475006103515625 139.256256103515625 130.96875 124.03125 118.59999847412109375 115.69374847412109375 113.9812469482421875 115.2687530517578125 116.25624847412109375 119.00624847412109375 121.69374847412109375 126.15000152587890625 130.5 135.125 139.1374969482421875 140.3937530517578125 138.2937469482421875 136.8187408447265625 134.6062469482421875 132.4749908447265625
300.33123779296875 295.84375 286.368743896484375 277.475006103515625 278.65625 284.875 293.20001220703125 300.193756103515625 302.11248779296875 299.131256103515625 294.725006103515625 283.11248779296875 273.26251220703125 262.38751220703125 250.3562469482421875 238.8000030517578125 228.149993896484375 220.96875 213.6750030517578125 208.3562469482421875 199.3249969482421875 189.399993896484375 179.193756103515625 167.006256103515625 155.381256103515625 144.931243896484375 135.3562469482421875 127.0124969482421875 119.5 116.6999969482421875 115.6999969482421875 116.4187469482421875 118.71250152587890625 122.59375 126.93125152587890625 131.46875 136.068756103515625 141.875 148.537506103515625 149.225006103515625 145.84375 143.5437469482421875 141.162506103515625 138.5625
299.82501220703125 294.16876220703125 286.899993896484375 282.85626220703125 283.11248779296875 284.54376220703125 283.32501220703125 278.9375 272.21875 270.17498779296875 274.506256103515625 271.6875 266.58123779296875 259.375 250.9562530517578125 243.100006103515625 234.5 228.7687530517578125 224.0124969482421875 219.0500030517578125 211.381256103515625 201.037506103515625 188.524993896484375 174.9562530517578125 162.962493896484375 149.2937469482421875 138.3125 128.462493896484375 120.75624847412109375 117.0500030517578125 115.77500152587890625 117.3937530517578125 120.65625 125.1125030517578125 130.368743896484375 134.8625030517578125 140.4812469482421875 145.6687469482421875 149.8125 150.6062469482421875 148.40625 146.3125 143.84375 140.8312530517578125
299.29376220703125 295.64373779296875 291.487518310546875 288.399993896484375 287.32501220703125 286.350006103515625 282.79998779296875 275.1875 259.625 251.743743896484375 259.143768310546875 260.225006103515625 258.64373779296875 254.100006103515625 250.100006103515625 245.5437469482421875 240.375 236.9499969482421875 236.068756103515625 231.556243896484375 220.6187591552734375 209.7624969482421875 195.712493896484375 183.0437469482421875 168.7312469482421875 153.5187530517578125 140.875 130.7312469482421875 122.4187469482421875 117.1999969482421875 116.2624969482421875 118.6062469482421875 121.41249847412109375 125.53125 130.443756103515625 135.7312469482421875 141.1374969482421875 145.9499969482421875 148.993743896484375 150.693756103515625 149.274993896484375 146.7312469482421875 144.931243896484375 142.1875
299.66876220703125 295.600006103515625 292.6875 291.068756103515625 291 290.76251220703125 285.568756103515625 276.29376220703125 264.412506103515625 257.962493896484375 257.8125 254.212493896484375 253.0437469482421875 249.46875 248.3874969482421875 247.875 246.568756103515625 246.3625030517578125 246.493743896484375 245.25 233.8874969482421875 220.6437530517578125 204.4812469482421875 189.7624969482421875 173.0124969482421875 157.381256103515625 145.068756103515625 133.5 124.03125 117.64374542236328125 116.33750152587890625 118.40000152587890625 121.5124969482421875 126.0749969482421875 131.2375030517578125 136.6687469482421875 142.3562469482421875 146.287506103515625 149.1750030517578125 150.8125 150.5437469482421875 148.4499969482421875 145.6062469482421875 141.7312469482421875
300.5625 297.087493896484375 294.068756103515625 292.962493896484375 293.13751220703125 295.64373779296875 291.600006103515625 280.83123779296875 269.443756103515625 261.875 259.375 254.0500030517578125 249.818756103515625 245.96875 246.5625 248.412506103515625 250.899993896484375 253.3312530517578125 256.118743896484375 258.29998779296875 251.631256103515625 235.7062530517578125 215.4875030517578125 194.34375 177.875 163.3937530517578125 150.774993896484375 139 127.93125152587890625 120.9562530517578125 119.1437530517578125 120.36875152587890625 123.83750152587890625 128.125 132.4562530517578125 136.9499969482421875 141.65625 145.8125 149.9875030517578125 151.9375 151.618743896484375 149.78125 147.1687469482421875 143.462493896484375
300.75 297.568756103515625 294.88751220703125 295.40625 295.993743896484375 298.23748779296875 295.806243896484375 284.600006103515625 272.88751220703125 264.350006103515625 258.98126220703125 254.306243896484375 247.787506103515625 244.037506103515625 245.2312469482421875 247.7062530517578125 251.4562530517578125 254.912506103515625 260.5 267.212493896484375 264.287506103515625 248.462493896484375 225.475006103515625 201.337493896484375 182.2312469482421875 166.84375 154.0812530517578125 142.9187469482421875 133.712493896484375 126.84999847412109375 123.2687530517578125 122.50624847412109375 124.6687469482421875 127.96875 132.274993896484375 136.5812530517578125 140.7062530517578125 145.243743896484375 148.875 151.368743896484375 152.306243896484375 150.287506103515625 147.681243896484375 144.1875
300.03125 298.243743896484375 296.08123779296875 294.98126220703125 294.112518310546875 294.743743896484375 290.78125 282.11248779296875 271.48748779296875 263.51873779296875 256.91876220703125 253.3625030517578125 248.15625 240.712493896484375 240.6875 243.6374969482421875 248.212493896484375 254.881256103515625 262.23748779296875 269.82501220703125 269.881256103515625 255.118743896484375 231.1125030517578125 208.2375030517578125 186.5812530517578125 169.337493896484375 158.743743896484375 148.09375 139.375 132.625 127.9875030517578125 125.47499847412109375 125.625 127.625 131.1875 135.2062530517578125 139.368743896484375 143.6875 148.274993896484375 150.0437469482421875 152.193756103515625 151.162506103515625 146.787506103515625 137.337493896484375
298.8125 295.693756103515625 293.46875 291.681243896484375 290.462493896484375 287.993743896484375 283.79376220703125 277.33123779296875 269.256256103515625 260.63751220703125 253.3625030517578125 247.712493896484375 243.3125 237.4250030517578125 233.118743896484375 235.8562469482421875 241.5 248.443756103515625 256.024993896484375 262.51873779296875 260.73748779296875 248.681243896484375 230.03125 209.881256103515625 191.0437469482421875 175.149993896484375 165.5124969482421875 155.399993896484375 145.9749908447265625 138.243743896484375 132.8312530517578125 128.7624969482421875 127.15625 127.46875 130.75 135.100006103515625 139.21875 145.03125 148.6125030517578125 152.0124969482421875 152.618743896484375 147.0625 140.6999969482421875 136.46875
296.5875244140625 293.350006103515625 291.131256103515625 289.131256103515625 287.100006103515625 283.6875 280.07501220703125 274.21875 266.01251220703125 257.337493896484375 249.3312530517578125 243.443756103515625 237.693756103515625 231.1687469482421875 223.3937530517578125 224.5062408447265625 230.850006103515625 238.475006103515625 246.3937530517578125 252.4499969482421875 249.875 240.5749969482421875 226.881256103515625 211.9375 198.0187530517578125 184.899993896484375 174.6750030517578125 164.087493896484375 154.0437469482421875 144.5374908447265625 137.2062530517578125 131.318756103515625 129.1437530517578125 128.681243896484375 130.3125 134.2375030517578125 140.0437469482421875 147.7375030517578125 152.912506103515625 154.0437469482421875 151.1374969482421875 147.2375030517578125 144.399993896484375 141.681243896484375
292.756256103515625 289.42498779296875 288.068756103515625 285.8125 283.70001220703125 280.58123779296875 275.662506103515625 269.850006103515625 263.34375 256.318756103515625 247.5 240.96875 234.662506103515625 226.0812530517578125 216.5749969482421875 211.868743896484375 220.6750030517578125 230.8625030517578125 238.5625 244.1125030517578125 242.84375 236.100006103515625 225.3312530517578125 214.3312530517578125 204.15625 195.243743896484375 186.381256103515625 175.21875 162.6374969482421875 150.6999969482421875 141.524993896484375 134.568756103515625 131.0749969482421875 130.5812530517578125 130.256256103515625 135.78125 143.34375 147.8125 152.162506103515625 153.375 153.787506103515625 151.756256103515625 148.556243896484375 142.1062469482421875
288.475006103515625 286.60626220703125 284.42498779296875 282.212493896484375 280.725006103515625 277.256256103515625 273.368743896484375 267.431243896484375 261.631256103515625 254.5187530517578125 246.8000030517578125 240.59375 233.5812530517578125 225.225006103515625 216.5187530517578125 212.1437530517578125 214.7062530517578125 223.037506103515625 232.0187530517578125 238.6062469482421875 238.193756103515625 233.149993896484375 224.712493896484375 215.71875 209.09375 205.2062530517578125 199.7312469482421875 186.068756103515625 169.65625 156.0625 146.118743896484375 140.0749969482421875 135.34375 133.475006103515625 137.274993896484375 145.5062408447265625 149.7937469482421875 155.368743896484375 160.5124969482421875 160.225006103515625 161.3125 158.881256103515625 151.7249908447265625 146.5812530517578125
283.774993896484375 282.25 281.38751220703125 280.16876220703125 278.399993896484375 277.056243896484375 274.274993896484375 268.92498779296875 263.350006103515625 256.100006103515625 248.256256103515625 241.9499969482421875 233.4187469482421875 226.193756103515625 219.975006103515625 215.75 215.3125 216.462493896484375 226.818756103515625 234.149993896484375 236.5124969482421875 231.475006103515625 224.34375 218.756256103515625 215.4499969482421875 213.524993896484375 212.6374969482421875 195.818756103515625 175.1062469482421875 157.625 145.9499969482421875 139.3874969482421875 139.462493896484375 143.8874969482421875 149.287506103515625 151.056243896484375 156.5749969482421875 162.09375 162.9812469482421875 166.625 166.462493896484375 162.806243896484375 157.0749969482421875 152.0124969482421875
278.3125 278.4375 278.04998779296875 277.6875 277.350006103515625 276.61248779296875 274.28125 270.90625 266.318756103515625 260.42498779296875 251.9375 244.6125030517578125 235.993743896484375 228.993743896484375 222.1374969482421875 218.2937469482421875 217 215.4812469482421875 220.8125 228.5 234.881256103515625 235.4375 223.9250030517578125 220.631256103515625 219.524993896484375 218.131256103515625 213.65625 198.8562469482421875 179.6062469482421875 159.912506103515625 145.28125 142.2687530517578125 149.162506103515625 153.5500030517578125 156.350006103515625 160.993743896484375 164.774993896484375 168.2937469482421875 170.7624969482421875 172.462493896484375 171.90625 170.5749969482421875 163.9375 158.256256103515625
271.818756103515625 273.10626220703125 273.03125 273.743743896484375 274.3125 275.225006103515625 274.712493896484375 272.54998779296875 269.524993896484375 265.04998779296875 258.493743896484375 251.5500030517578125 242.90625 233.6687469482421875 226.681243896484375 220.787506103515625 215.2687530517578125 216.475006103515625 219.8000030517578125 225.6437530517578125 229.0437469482421875 227.068756103515625 224.037506103515625 222.1374969482421875 220.40625 216.2312469482421875 208.943756103515625 199.149993896484375 182.3249969482421875 163.431243896484375 151.193756103515625 152.2312469482421875 157.2312469482421875 163.3000030517578125 167.875 171.1062469482421875 174.837493896484375 178.600006103515625 179.2874908447265625 178.9187469482421875 177.7937469482421875 175.818756103515625 170.2624969482421875 165.6374969482421875
