data/historical-monthly-weather-data/wc2.1_cruts4.09_10m_prec_1970-08.asc
ncols        45
nrows        45
xllcorner    -63.500000000000
yllcorner    -7.500000000000
cellsize     0.166666666667
NODATA_value -9999
[rows 20 to 39 of 45, columns 0 to 43 of 45]
80.3000030517578125 86.00624847412109375 89.5 91.9499969482421875 91.9187469482421875 91.66875457763671875 91.3249969482421875 90.24375152587890625 89.84999847412109375 87.4812469482421875 84.8125 80.43125152587890625 71.9187469482421875 63.4375 56.125 49.825000762939453125 43.80625152587890625 40.825000762939453125 42.418750762939453125 44.825000762939453125 51.956249237060546875 61.46250152587890625 72.49375152587890625 83.9812469482421875 95.6125030517578125 99.8000030517578125 96.77500152587890625 94.45624542236328125 92.0437469482421875 90.0625 90.6125030517578125 96.8874969482421875 103.7375030517578125 112.90625 126.98125457763671875 137.15625 148.09375 155.5625 154.662506103515625 150.756256103515625 140.8000030517578125 132.712493896484375 126.0749969482421875 117.8937530517578125
75.1875 79.8125 83.97499847412109375 87.8937530517578125 89.60625457763671875 88.875 89.6374969482421875 88.05625152587890625 88.5124969482421875 86.4187469482421875 85.75 84.38124847412109375 80.74375152587890625 72.875 64.41249847412109375 55.549999237060546875 50.856250762939453125 48.168750762939453125 48.549999237060546875 50.68125152587890625 54.59999847412109375 62.40625 72.8625030517578125 83.36875152587890625 92.6062469482421875 98.6750030517578125 103.24375152587890625 100.4375 99.25 96.8562469482421875 96.11875152587890625 98.1062469482421875 103.44374847412109375 111.47499847412109375 118.71875 128.568756103515625 141.5625 152.024993896484375 152.9875030517578125 148.5 139.899993896484375 131.9187469482421875 123.5437469482421875 118.71875
70.6875 77.80625152587890625 82.96875 85.99375152587890625 88.4812469482421875 88.21875 86.7624969482421875 85.03749847412109375 86.88124847412109375 88.25 90.2312469482421875 91.36875152587890625 91.1437530517578125 84.34375 73.78749847412109375 63.918750762939453125 56.856250762939453125 54.125 53.84999847412109375 54.799999237060546875 58.75 65.8125 74.53125 80.71875 91.44374847412109375 100.59375 104.8000030517578125 105.5500030517578125 102.9187469482421875 98.1062469482421875 96.3125 98.0437469482421875 102.125 106.22499847412109375 110.41249847412109375 114.625 127.02500152587890625 143.6687469482421875 148.9250030517578125 144.1687469482421875 138.09375 129.3125 121.5124969482421875 116.375
69.0124969482421875 77.31874847412109375 83.1999969482421875 84.3937530517578125 85.84999847412109375 86.11875152587890625 86.3874969482421875 86.53749847412109375 85.94374847412109375 88.6875 91.78125 97.09999847412109375 99.28125 91.9812469482421875 81.4812469482421875 71.65625 64.5437469482421875 60.97499847412109375 59.6875 60.487499237060546875 64.16249847412109375 70.02500152587890625 76.1687469482421875 83.5437469482421875 91.99375152587890625 98.59375 104.78125 103.2624969482421875 102.15000152587890625 99.19374847412109375 97.9187469482421875 98.1374969482421875 101.28125 101.9250030517578125 104.03125 105.9875030517578125 116.19374847412109375 132.4375 139.4875030517578125 136.7624969482421875 131.5812530517578125 124.8249969482421875 117.53749847412109375 111.7624969482421875
68.9562530517578125 77.18125152587890625 82.44374847412109375 85.34375 87.19374847412109375 86.8562469482421875 86.23749542236328125 86.6875 87.75624847412109375 90.52500152587890625 92.59375 96.03749847412109375 97.90000152587890625 93.0812530517578125 84.96875 77.21250152587890625 70.90000152587890625 66.9812469482421875 65.1062469482421875 65.47499847412109375 68.83750152587890625 73.1750030517578125 78.40625 84.88124847412109375 90.71250152587890625 98.3000030517578125 100.58750152587890625 100.13124847412109375 99.5812530517578125 98.0187530517578125 96.3625030517578125 95.83750152587890625 98.27500152587890625 100.375 101.36875152587890625 103.21250152587890625 112.125 121.1999969482421875 127.1374969482421875 127.86875152587890625 124.6875 120.34999847412109375 114.75 110.2687530517578125
70.7312469482421875 78.8312530517578125 81.6374969482421875 85.44374847412109375 86.05625152587890625 85.86875152587890625 85.5625 87.03749847412109375 86.80625152587890625 88.06874847412109375 90.34375 92.9375 94.13124847412109375 90.125 85.4187469482421875 79.0500030517578125 74.28749847412109375 71.34375 68.8125 69.5124969482421875 72.6875 75.7375030517578125 80.71250152587890625 84.7937469482421875 89.38124847412109375 94.96875 97.5124969482421875 97.3874969482421875 97.7312469482421875 97.0500030517578125 95.1374969482421875 94.66249847412109375 95.5437469482421875 96.7937469482421875 97.49375152587890625 101.6999969482421875 108.16249847412109375 113.2624969482421875 118.9499969482421875 118.80625152587890625 117.77500152587890625 114.6437530517578125 111.5124969482421875 108.9562530517578125
72.93125152587890625 78.8125 82.0625 84.56874847412109375 85.4812469482421875 85.3249969482421875 86.21250152587890625 86.22499847412109375 85.09999847412109375 87.375 89.6999969482421875 89.59999847412109375 89.59375 87.0812530517578125 84.3125 79.7375030517578125 76.4562530517578125 73.6687469482421875 72.25 71.5 72.90625 76.2312469482421875 79.46250152587890625 84.15625 87.9499969482421875 90.4499969482421875 93.75624847412109375 94.1875 93.96875 92.59999847412109375 92.23749542236328125 90.8249969482421875 92.5625 94.0500030517578125 94.11875152587890625 98.13124847412109375 101.6875 106.3874969482421875 109.34999847412109375 109.50624847412109375 108.91249847412109375 107.4375 107.8874969482421875 104.8125
76.4499969482421875 78.4875030517578125 81.46250152587890625 83.8125 85.33750152587890625 84.3625030517578125 84.9812469482421875 85.3000030517578125 85.125 86.3562469482421875 86.3000030517578125 85.6687469482421875 85.34375 84.4250030517578125 81.74375152587890625 79.1437530517578125 77.55625152587890625 75.34999847412109375 74.1999969482421875 73.1437530517578125 74.3125 74.99375152587890625 78.88124847412109375 82.46250152587890625 84.97499847412109375 86.0187530517578125 88.9250030517578125 90.30625152587890625 90.78125 89.91249847412109375 88.4562530517578125 86.88124847412109375 88.6437530517578125 89.28749847412109375 91.4562530517578125 93.75 95.71875 99.125 102.56874847412109375 104.11875152587890625 103.63124847412109375 104.11875152587890625 104.99375152587890625 106.4250030517578125
77.47499847412109375 80.36875152587890625 81.59999847412109375 83.46250152587890625 83.05625152587890625 82.4812469482421875 82.05625152587890625 81.4812469482421875 83.31874847412109375 83.1999969482421875 83.0187530517578125 82.0187530517578125 81.43125152587890625 81.16249847412109375 79.83750152587890625 78.2687530517578125 78.1062469482421875 76.8312530517578125 75.72499847412109375 75.0500030517578125 75.40625 75.59999847412109375 77.93125152587890625 79.787506103515625 82.125 82.19374847412109375 85.0124969482421875 85.9375 86.1374969482421875 85.38124847412109375 83.88750457763671875 83.13124847412109375 83.47499847412109375 83.625 85.9875030517578125 89.84999847412109375 92.61875152587890625 95.7937469482421875 99.125 99.6750030517578125 97.65000152587890625 98.86875152587890625 101.625 105.8625030517578125
77.8874969482421875 80.6875 81.28749847412109375 80.83750152587890625 80.90000152587890625 80.58124542236328125 79.6374969482421875 80.3000030517578125 80.63124847412109375 79.8562469482421875 80.08750152587890625 79.7937469482421875 79.1374969482421875 78.4812469482421875 77.74375152587890625 76.7375030517578125 75.9875030517578125 76.4375 77.1437530517578125 75.15000152587890625 74.8249969482421875 75.75624847412109375 77.5749969482421875 78.3000030517578125 78.9812469482421875 80.24375152587890625 80.7937469482421875 81.21250152587890625 79.74375152587890625 78.9250030517578125 78.36875152587890625 78.4562530517578125 78.81874847412109375 79.7312469482421875 82.0187530517578125 84.59999847412109375 89.7312469482421875 93.6750030517578125 95.81874847412109375 98.875 99.61875152587890625 99.8125 99.09375 101.30625152587890625
77.9250030517578125 79.30625152587890625 78.2062530517578125 78.72499847412109375 80.63124847412109375 79.5 78.8312530517578125 77.9250030517578125 77.40625 76.625 76.1125030517578125 77.43125152587890625 78.26874542236328125 77.66249847412109375 75.72499847412109375 74.8937530517578125 75.66249847412109375 76.38124847412109375 77.65625 76.7062530517578125 75.65000152587890625 74.1062469482421875 74.8562469482421875 75.1374969482421875 75.125 76.3625030517578125 75.46250152587890625 75.9812469482421875 75.3937530517578125 75.03125 75.0812530517578125 74.6125030517578125 74.5124969482421875 75.6750030517578125 79.1125030517578125 81.3125 85.86875152587890625 90.0187530517578125 94.4875030517578125 99.65625 100.6875 97.19374847412109375 94.66249847412109375 97.71875
77.18125152587890625 78.22499847412109375 76.8312530517578125 76.83750152587890625 78.8874969482421875 77.71875 76.47499847412109375 74.52500152587890625 74.2687530517578125 73.90625 73.4499969482421875 74.25624847412109375 74.3000030517578125 74.78749847412109375 73.96875 75.1374969482421875 75.21875 75.50624847412109375 75.6999969482421875 75.5500030517578125 74.7375030517578125 74.6374969482421875 73.44374847412109375 71.59999847412109375 71.6062469482421875 71.99375152587890625 71.0625 71.36875152587890625 70.3625030517578125 69.8000030517578125 70.5500030517578125 69.9187469482421875 70.2312469482421875 72.02500152587890625 73.18125152587890625 75.0812530517578125 79.41249847412109375 84.02500152587890625 88.94374847412109375 94.0124969482421875 95.125 91.5812530517578125 90.5625 90.5812530517578125
73.71875 73.99375152587890625 73.3625030517578125 73.9812469482421875 74.33750152587890625 72.97499847412109375 72.6875 71.66249847412109375 70.65000152587890625 70.9250030517578125 72.1875 71.83750152587890625 71.6750030517578125 73.1875 72.6062469482421875 73.8874969482421875 74 74.75 74.625 74.3000030517578125 73.31874847412109375 72.53749847412109375 71.59999847412109375 71.30625152587890625 70.7624969482421875 69.5625 68.58750152587890625 66.59999847412109375 65.8874969482421875 64.96250152587890625 65.5749969482421875 64.78125 65.00624847412109375 65.9875030517578125 67.1875 68.91249847412109375 72.6437530517578125 76.18125152587890625 80.16249847412109375 84.2312469482421875 84.625 82.9187469482421875 81.8000030517578125 80.84999847412109375
69.9875030517578125 71.06874847412109375 70.44374847412109375 71.7312469482421875 69.7062530517578125 69.2937469482421875 69.7375030517578125 69.03125 67.90000152587890625 67.5 67.9187469482421875 68.7937469482421875 70.1062469482421875 69.375 70.15000152587890625 70.4250030517578125 71.6687469482421875 71.7312469482421875 71.3312530517578125 71.71875 71.2375030517578125 70.5437469482421875 70.15000152587890625 68.8562469482421875 68.63124847412109375 67.6374969482421875 66.02500152587890625 63.356250762939453125 63.03125 62.34375 62 60.706249237060546875 59.84999847412109375 59.706249237060546875 61.09375 62.6437530517578125 65.7062530517578125 68.2312469482421875 71.31874847412109375 73.21250152587890625 75.18125152587890625 74.68125152587890625 73.3249969482421875 71.75
67.21875 67.7312469482421875 67.6437530517578125 67.3000030517578125 66.625 66.31874847412109375 66.4499969482421875 66.09999847412109375 63.96875 64.15000152587890625 64.43125152587890625 66.3625030517578125 66.8249969482421875 67.88124847412109375 68.52500152587890625 69.4187469482421875 70.3312530517578125 70.09999847412109375 69.6687469482421875 70.02500152587890625 69.8125 68.81874847412109375 67.59999847412109375 66.84375 65.80625152587890625 65.1374969482421875 63.16249847412109375 60.612499237060546875 60.15625 59.5 57.71250152587890625 55.668750762939453125 54.75 53.987499237060546875 54.56874847412109375 55.80625152587890625 57.31874847412109375 60.112499237060546875 62.737499237060546875 64.0812530517578125 64.6875 64.375 64.1687469482421875 63.137500762939453125
64.8000030517578125 65.43125152587890625 64.6875 64 63.65000152587890625 62.581249237060546875 62.168750762939453125 61.18125152587890625 60.00624847412109375 60.625 62.31874847412109375 63.549999237060546875 65.38124847412109375 66.5 67.6062469482421875 69.2624969482421875 69.53749847412109375 70.1374969482421875 68.8625030517578125 68.7624969482421875 68.86875152587890625 69.2687530517578125 67.70624542236328125 66.8125 65.00624847412109375 63.3125 60.84375 59.78749847412109375 57.762500762939453125 55.924999237060546875 53.78125 51.59375 49.03749847412109375 48.674999237060546875 48.31874847412109375 48.25 50.356250762939453125 52.58750152587890625 53.793750762939453125 55.61875152587890625 56.21250152587890625 57.09375 55.887500762939453125 55.44374847412109375
60.762500762939453125 61.168750762939453125 60.31874847412109375 60.143749237060546875 59.950000762939453125 59.41249847412109375 59.106250762939453125 58.893749237060546875 57.36875152587890625 56.97499847412109375 60.66249847412109375 64.15625 66.3249969482421875 66.75624847412109375 68.5 68.99375152587890625 69.27500152587890625 69.21250152587890625 68.6062469482421875 67.6687469482421875 67.83124542236328125 68.25624847412109375 67.1687469482421875 66.38124847412109375 64.9250030517578125 61.96875 59.956249237060546875 58.15625 54.78749847412109375 52.59999847412109375 50.543750762939453125 47.575000762939453125 45.31874847412109375 43.6875 42.93125152587890625 42.96875 44.49375152587890625 46.55625152587890625 47.28749847412109375 48.74375152587890625 48.96250152587890625 49.75624847412109375 48.72499847412109375 48.63124847412109375
57.768749237060546875 58.34375 57.05625152587890625 57.612499237060546875 57.762500762939453125 57.03125 56.756252288818359375 56.38124847412109375 56.28125 55.88124847412109375 62.981250762939453125 66.94374847412109375 66.9562530517578125 68.2375030517578125 70.24375152587890625 70.3125 69.56874847412109375 68.50624847412109375 69.05625152587890625 67.96250152587890625 67.8000030517578125 67.21250152587890625 66.3125 65.40625 63.987499237060546875 61.88124847412109375 59.762500762939453125 57.71250152587890625 54.674999237060546875 51.46250152587890625 48.03125 45.581249237060546875 43.46250152587890625 40.25 38.52500152587890625 37.99375152587890625 40.03125 41.99375152587890625 42.90625 44.09375 42.66249847412109375 42.375 41.90625 41.643749237060546875
55.46250152587890625 55.27500152587890625 54.90000152587890625 54.731250762939453125 55.456249237060546875 55.125 55.262500762939453125 55.293750762939453125 56.77500152587890625 61.5 69.24375152587890625 69.09375 67.3249969482421875 68.2937469482421875 69.25 69.75624847412109375 70.53125 70.3125 68.75624847412109375 69.70624542236328125 68.5500030517578125 67 66.25624847412109375 64.61875152587890625 63.08750152587890625 60.75624847412109375 58.825000762939453125 57.3125 54.487499237060546875 50.78125 47.293750762939453125 44.643749237060546875 42.262500762939453125 38.30625152587890625 36.38124847412109375 36.97499847412109375 37.84999847412109375 39.19374847412109375 40.24375152587890625 39.600002288818359375 38.631252288818359375 38.162502288818359375 37.44374847412109375 37
52.737499237060546875 53.137500762939453125 52.65625 52.549999237060546875 52.606250762939453125 52.8125 52.47499847412109375 53.387500762939453125 56.02500152587890625 60.793750762939453125 65.03749847412109375 67.53125 67.96250152587890625 68.28749847412109375 69.71875 71.27500152587890625 71.18125152587890625 70.3562469482421875 68.9250030517578125 70.59375 70.11875152587890625 67.18125152587890625 66.1750030517578125 64.24375152587890625 62.5 60.206249237060546875 58.168750762939453125 56.231250762939453125 52.83750152587890625 50.09999847412109375 47.09999847412109375 45.112499237060546875 42.112499237060546875 38.643749237060546875 37.262500762939453125 37.018749237060546875 36.52500152587890625 37.612499237060546875 37.88124847412109375 36.200000762939453125 34.97499847412109375 34.66249847412109375 34.00624847412109375 33.143749237060546875
