data/historical-monthly-weather-data/wc2.1_cruts4.09_10m_prec_1960-01.asc
ncols        45
nrows        45
xllcorner    -63.500000000000
yllcorner    -7.500000000000
cellsize     0.166666666667
NODATA_value -9999
[rows 20 to 39 of 45, columns 0 to 43 of 45]
215.4812469482421875 211.412506103515625 211.0625 212.5187530517578125 214.681243896484375 221.493743896484375 229.53125 235.993743896484375 242.649993896484375 247.7375030517578125 251.8000030517578125 255.068756103515625 260.537506103515625 266.681243896484375 259.399993896484375 244.131256103515625 233.256256103515625 227.5187530517578125 227.1687469482421875 226.600006103515625 228.1062469482421875 228.337493896484375 228.1875 232.4937591552734375 238.1125030517578125 244.337493896484375 251.1062469482421875 258.65625 265.76251220703125 272.20001220703125 272.600006103515625 268.212493896484375 256.95001220703125 244.7624969482421875 234.09375 247.125 268.212493896484375 281.96875 282.806243896484375 273.662506103515625 258.524993896484375 243.15625 231.537506103515625 222.193756103515625
211.118743896484375 206.006256103515625 205.712493896484375 208.256256103515625 212.3312530517578125 219.8874969482421875 228.1437530517578125 236.524993896484375 243.287506103515625 244.8937530517578125 244.3874969482421875 241.024993896484375 240.21875 242.256256103515625 240.5500030517578125 233.96875 229.462493896484375 226.618743896484375 225.8125 225.9124908447265625 225.368743896484375 226.024993896484375 227.9812469482421875 233.65625 240.693756103515625 248.7624969482421875 258.431243896484375 264.600006103515625 269.131256103515625 271.76873779296875 268.649993896484375 263.65625 257.181243896484375 253.375 252.3312530517578125 264.306243896484375 285.993743896484375 302.85626220703125 302.90625 289.931243896484375 271.443756103515625 254.1875 240.712493896484375 229.7874908447265625
207.1062469482421875 202.118743896484375 200.4812469482421875 202.8937530517578125 208.274993896484375 217.756256103515625 226.756256103515625 236.0625 244.625 242.375 235.149993896484375 224.8562469482421875 218.2687530517578125 219.4499969482421875 223.5749969482421875 224.7375030517578125 223.6374969482421875 223.118743896484375 222.9812469482421875 223.056243896484375 223.3312530517578125 223.71875 225.149993896484375 231.399993896484375 240.993743896484375 252.162506103515625 263.337493896484375 269.23126220703125 271.899993896484375 270.600006103515625 266.0625 262.225006103515625 263.78125 266.57501220703125 272.79998779296875 284.181243896484375 305.962493896484375 330.48748779296875 327.3125 304.92498779296875 282.23126220703125 263.98748779296875 247.4562530517578125 235.2062530517578125
203.9562530517578125 198.212493896484375 195.3249969482421875 197.9375 204.412506103515625 213.90625 223.850006103515625 233.21875 239.9562530517578125 235.5 225.899993896484375 214.524993896484375 201.8000030517578125 205.5749969482421875 214.09375 218.2375030517578125 219.350006103515625 220.037506103515625 220.65625 221.3125 220.84375 220.912506103515625 222.287506103515625 228.6687469482421875 239.837493896484375 251.84375 264.61248779296875 270.14373779296875 272.693756103515625 273.35626220703125 271.54998779296875 271.225006103515625 275.58123779296875 281.837493896484375 290.662506103515625 302.056243896484375 320.256256103515625 340.787506103515625 335.912506103515625 312.79376220703125 288.774993896484375 268.625 251.2375030517578125 238.024993896484375
202.056243896484375 196.212493896484375 191.7937469482421875 195.9499969482421875 204.274993896484375 212.774993896484375 221.024993896484375 228.462493896484375 231.8874969482421875 229.068756103515625 221.774993896484375 212.943756103515625 205.681243896484375 206.9875030517578125 211.6875 215.78125 217.8312530517578125 219.756256103515625 220.1062469482421875 219.2375030517578125 218.443756103515625 217.287506103515625 217.962493896484375 224.15625 235.306243896484375 249.225006103515625 261.006256103515625 270.33123779296875 275.537506103515625 279.868743896484375 282.13751220703125 286.006256103515625 290.54376220703125 297.84375 306.83123779296875 314.58123779296875 327.0625 334.8125 328.443756103515625 311.42498779296875 289.63751220703125 269.98748779296875 252.693756103515625 240.4499969482421875
204.274993896484375 201.2062530517578125 197.75 200.875 205.6750030517578125 212.899993896484375 219.2624969482421875 223.662506103515625 225.506256103515625 223.6687469482421875 219.8562469482421875 215.8000030517578125 212.1750030517578125 212.3625030517578125 213.993743896484375 216.5124969482421875 218.71875 220.6750030517578125 220.8874969482421875 219.149993896484375 218.1687469482421875 214.806243896484375 213.9875030517578125 218.375 230.6062469482421875 246.443756103515625 261.0625 271.993743896484375 280.681243896484375 285.73126220703125 293.29998779296875 300.712493896484375 307.212493896484375 312.89373779296875 320.837493896484375 325.03125 330.79376220703125 331.774993896484375 323.29376220703125 307.71875 288.618743896484375 269.25 251.1437530517578125 239.493743896484375
205.34375 203.181243896484375 202.818756103515625 205.056243896484375 207.899993896484375 213.5187530517578125 218.7312469482421875 221.024993896484375 222.212493896484375 222.5500030517578125 221.318756103515625 220.181243896484375 219.212493896484375 219.899993896484375 220.1437530517578125 221.71875 223.2375030517578125 224.7375030517578125 225.368743896484375 222.5 219.5625 216.681243896484375 212.9250030517578125 216.1125030517578125 230.787506103515625 246.8000030517578125 261.631256103515625 274.212493896484375 285.149993896484375 292.73126220703125 302.850006103515625 311.95001220703125 320.89373779296875 326.84375 332.243743896484375 335.35626220703125 337.931243896484375 334.962493896484375 323.4375 308.8125 290.087493896484375 269.462493896484375 251.4250030517578125 239.9562530517578125
207.3874969482421875 204.881256103515625 206.662506103515625 209.212493896484375 211.8312530517578125 215.3874969482421875 218.712493896484375 220.1062469482421875 221.65625 222.306243896484375 222.6750030517578125 223.9499969482421875 224.600006103515625 226.0812530517578125 226.1687469482421875 227.243743896484375 228.1062469482421875 231.1374969482421875 230.131256103515625 228.03125 226.3625030517578125 222.2312469482421875 221.8625030517578125 226.1999969482421875 237.9499969482421875 251.818756103515625 265.85626220703125 278.087493896484375 290.012481689453125 300.368743896484375 310.04376220703125 319.662506103515625 329.01873779296875 335.1875 341.3125 343.59375 343.462493896484375 340.26251220703125 328.9375 312.86248779296875 295.25 274.58123779296875 254.3874969482421875 243.6125030517578125
208.21875 206.4562530517578125 209.2375030517578125 213.212493896484375 216.131256103515625 217.993743896484375 218.600006103515625 220.056243896484375 221.225006103515625 222.71875 224.5625 226.962493896484375 229.3312530517578125 233.1062469482421875 233.6999969482421875 235.212493896484375 237.8937530517578125 239.368743896484375 238.8625030517578125 236.7624969482421875 234.65625 231.337493896484375 231.65625 237.3125 247.193756103515625 258.86248779296875 272.03125 284.056243896484375 296.868743896484375 307.46875 316.225006103515625 325.28125 334.86248779296875 343.28125 350.756256103515625 352.037506103515625 352.58123779296875 349.1875 338.23126220703125 322 302.20623779296875 282.125 265.475006103515625 260.462493896484375
210.181243896484375 208.96875 213.2312469482421875 218.3312530517578125 220.84375 220.556243896484375 219.5749969482421875 220.5625 221.78125 223.2062530517578125 226.3874969482421875 230.993743896484375 235.350006103515625 240.399993896484375 242.912506103515625 244.8625030517578125 247.193756103515625 249.537506103515625 250.34375 247.193756103515625 244.4875030517578125 242.712493896484375 242.381256103515625 247.506256103515625 256.662506103515625 267.42498779296875 279.11248779296875 290.29998779296875 302.54998779296875 312.54998779296875 322.42498779296875 331.806243896484375 341.125 351.693756103515625 359.881256103515625 362.70001220703125 363.76873779296875 363.625 353.399993896484375 339.774993896484375 324.48126220703125 308.368743896484375 295.662506103515625 291.931243896484375
210.4187469482421875 209.943756103515625 213.3562469482421875 218.631256103515625 222.274993896484375 219.899993896484375 219.193756103515625 219.5437469482421875 221.2375030517578125 223.9187469482421875 228.493743896484375 234.625 240.8874969482421875 246.59375 250.806243896484375 253.774993896484375 257.475006103515625 260.63751220703125 261.64373779296875 258.649993896484375 255.1125030517578125 252.4562530517578125 252.8562469482421875 257.475006103515625 265.16876220703125 276.07501220703125 286.98748779296875 297.25 309.475006103515625 318.806243896484375 328.90625 338.92498779296875 348.54998779296875 359.868743896484375 369.3125 373.681243896484375 376.07501220703125 379.04998779296875 372.431243896484375 361.506256103515625 350.65625 338.07501220703125 328.1875 321.556243896484375
209.1062469482421875 208.600006103515625 211.2687530517578125 214.912506103515625 216.975006103515625 216.25 217.3125 217.46875 219.993743896484375 223.662506103515625 229.1750030517578125 236.7125091552734375 244.7624969482421875 253.037506103515625 258.73748779296875 262.70001220703125 265.756256103515625 268.41876220703125 268.23748779296875 266.462493896484375 262.8125 260.29998779296875 261.100006103515625 265.41876220703125 273.881256103515625 283.631256103515625 293.225006103515625 303.556243896484375 314.01251220703125 324.868743896484375 335.21875 345.537506103515625 356.48748779296875 368.71875 379.58123779296875 384.79376220703125 391.037506103515625 393.756256103515625 388.243743896484375 381.556243896484375 377.868743896484375 369.17498779296875 361.88751220703125 359.32501220703125
209.881256103515625 209.3000030517578125 211.4499969482421875 213.6374969482421875 213.84375 213.556243896484375 213.6687469482421875 214.2624969482421875 216.443756103515625 222.2687530517578125 230.537506103515625 239.9250030517578125 251.3562469482421875 262.756256103515625 268.399993896484375 272.375 275 275.6875 274.625 273.256256103515625 270.149993896484375 267.837493896484375 267.875 273.375 280.70623779296875 289.868743896484375 298.899993896484375 307.23748779296875 317.53125 330.631256103515625 341.57501220703125 351.53125 364.32501220703125 378.58123779296875 389.931243896484375 397.67498779296875 404.59375 409.162506103515625 404.95623779296875 406.100006103515625 405.774993896484375 401.66876220703125 399.568756103515625 402.181243896484375
210.4250030517578125 209.912506103515625 210.8937530517578125 211.9187469482421875 210.587493896484375 210.34375 210.475006103515625 210.5812530517578125 213.4250030517578125 218.9875030517578125 228.756256103515625 243.03125 258.32501220703125 271.20001220703125 277.524993896484375 281.14373779296875 284.625 284.806243896484375 282.037506103515625 279.32501220703125 276.71875 274.83123779296875 274.818756103515625 279.475006103515625 286.10626220703125 293.76873779296875 301.95623779296875 311.17498779296875 322.33123779296875 334.86248779296875 347.875 359.524993896484375 373.037506103515625 389.04376220703125 402.125 410.88751220703125 417.975006103515625 422.26873779296875 423.962493896484375 428.125 430.42498779296875 431.38751220703125 434.75 441.91876220703125
212.431243896484375 211.1374969482421875 211.193756103515625 210.3625030517578125 208.774993896484375 208.40625 207.337493896484375 206.868743896484375 208.193756103515625 214.7062530517578125 227.4562530517578125 245.3249969482421875 265.96875 282.23748779296875 288.462493896484375 291.087493896484375 293.649993896484375 292.09375 288.725006103515625 284.068756103515625 282.3125 280.67498779296875 280.649993896484375 284.3125 290.29998779296875 295.86248779296875 304.79376220703125 314.70623779296875 325.71875 338.46875 352.66876220703125 367.056243896484375 382.4375 398.25 412.10626220703125 421.36248779296875 427.912506103515625 436.91876220703125 441.54376220703125 446.006256103515625 451.28125 454.21875 461.006256103515625 469.95623779296875
217.6374969482421875 215.5 214.6374969482421875 213.037506103515625 210.912506103515625 208.90625 207.3249969482421875 204.9875030517578125 204.6374969482421875 209.59375 223.9375 246.53125 271.100006103515625 289.66876220703125 297.068756103515625 300.462493896484375 301.98126220703125 299.40625 295.0625 289.662506103515625 286.9375 285.84375 284.9375 287.131256103515625 291.8125 297.48126220703125 305.631256103515625 315.274993896484375 326.48748779296875 340.118743896484375 356.3125 371.6875 389.212493896484375 406.36248779296875 420.6875 428.256256103515625 438.29376220703125 445.65625 448.08123779296875 453.04376220703125 459.243743896484375 464.38751220703125 471.09375 480.868743896484375
223.318756103515625 220.712493896484375 218.600006103515625 216.4187469482421875 213.8125 211.524993896484375 209.8249969482421875 206.1125030517578125 202.818756103515625 202.568756103515625 220.7687530517578125 252.431243896484375 278.35626220703125 295.037506103515625 303.95001220703125 308.556243896484375 310.287506103515625 306.76251220703125 301.33123779296875 294.75 291.975006103515625 289.13751220703125 288.08123779296875 289.350006103515625 293.225006103515625 298.64373779296875 306.48126220703125 316.35626220703125 327.225006103515625 342.337493896484375 359.537506103515625 376.36248779296875 395.725006103515625 414.42498779296875 429.41876220703125 437.399993896484375 445.17498779296875 450.4375 453.475006103515625 456.71875 460.274993896484375 466.118743896484375 475.506256103515625 484.943756103515625
228.3874969482421875 225.3249969482421875 222.65625 220.65625 218.2624969482421875 216.9250030517578125 214.975006103515625 211.837493896484375 209.2750091552734375 207.068756103515625 237.1750030517578125 270.306243896484375 290.16876220703125 303.29376220703125 311.90625 316.631256103515625 317.756256103515625 314.243743896484375 308.568756103515625 301.243743896484375 296.818756103515625 292.3125 289.975006103515625 290.57501220703125 293.712493896484375 298.993743896484375 306.037506103515625 315.48748779296875 326.54376220703125 343.51251220703125 361.14373779296875 377.85626220703125 398 418.21875 433.756256103515625 441.48126220703125 446.412506103515625 451.431243896484375 454.600006103515625 456.48748779296875 458.162506103515625 465.618743896484375 473.21875 480.04998779296875
230.931243896484375 226.5625 224.868743896484375 223.3125 221.975006103515625 221.743743896484375 221.149993896484375 222.6687469482421875 229.256256103515625 246.90625 283.20001220703125 296.35626220703125 304.931243896484375 313.98748779296875 320.725006103515625 324.01873779296875 325.431243896484375 320.35626220703125 313.53125 305.962493896484375 298.64373779296875 292.993743896484375 290.0625 290.39373779296875 292.89373779296875 297.662506103515625 305.125 314.58123779296875 325.868743896484375 343.1875 359.5625 374.83123779296875 391.90625 407.66876220703125 424.443756103515625 431.274993896484375 434.649993896484375 439.274993896484375 440.71875 440.006256103515625 441.33123779296875 446.443756103515625 451.53125 458.881256103515625
233.287506103515625 229.15625 227.4375 225.7062530517578125 226.3625030517578125 228.225006103515625 230.4562530517578125 236.725006103515625 249.243743896484375 269.431243896484375 292.943756103515625 308.4375 317.037506103515625 324.84375 329.625 332.70623779296875 333.45623779296875 328.15625 319.04998779296875 309.83123779296875 298.75 292.25 288.60626220703125 288.587493896484375 291.462493896484375 295.8125 303.63751220703125 313.712493896484375 324.48126220703125 340.131256103515625 354.70001220703125 370.212493896484375 386.431243896484375 399.462493896484375 410.53125 416.33123779296875 419.337493896484375 422.5625 422.693756103515625 420.868743896484375 421.86248779296875 425.256256103515625 427.92498779296875 433.1875
