data/historical-monthly-weather-data/wc2.1_cruts4.09_10m_prec_1971-02.asc
ncols        51
nrows        45
xllcorner    -63.500000000000
yllcorner    -7.500000000000
cellsize     0.166666666667
NODATA_value -9999
[rows 20 to 39 of 45, columns 0 to 43 of 51]
251.3249969482421875 254.931243896484375 260.79998779296875 267.5 277.193756103515625 287.412506103515625 298.681243896484375 310.11248779296875 321.037506103515625 330.8125 339.493743896484375 351.993743896484375 366.28125 379.381256103515625 370.125 350.506256103515625 334.006256103515625 321.618743896484375 317.8125 314.681243896484375 311.71875 307.5 301.76251220703125 296.056243896484375 290.912506103515625 286.79376220703125 284.35626220703125 281.881256103515625 280.399993896484375 278.67498779296875 270.89373779296875 257.024993896484375 234.056243896484375 207.75 184.443756103515625 192.431243896484375 210.9562530517578125 224.4250030517578125 232.1062469482421875 233.9375 231.350006103515625 230.006256103515625 229.6125030517578125 229.0187530517578125
240.3125 245.6624908447265625 252.4375 261.32501220703125 270.64373779296875 281.868743896484375 293.76251220703125 305.8125 316.82501220703125 324.212493896484375 329.14373779296875 335.23748779296875 342.068756103515625 347.162506103515625 346.056243896484375 337.28125 327.38751220703125 318.837493896484375 313.875 310.64373779296875 304.506256103515625 299.493743896484375 296.39373779296875 290.337493896484375 285.63751220703125 282.899993896484375 281.98748779296875 280.493743896484375 280.35626220703125 280.381256103515625 276.056243896484375 263.481231689453125 242.8937530517578125 222.0812530517578125 207.09375 209.975006103515625 221.3125 229.443756103515625 232.8125 232.0625 229.306243896484375 228.1062469482421875 226.881256103515625 225.350006103515625
232.649993896484375 239.59375 245.96875 254.962493896484375 264.13751220703125 276.75 287.73748779296875 300.556243896484375 312.23748779296875 315.9375 315.993743896484375 315.59375 315.45623779296875 318.54998779296875 323.212493896484375 322.36248779296875 317.76873779296875 312.8125 308.006256103515625 303.125 297.25 291.375 287.056243896484375 281.04998779296875 277.881256103515625 276.875 276.76251220703125 276.73748779296875 278.51873779296875 280.92498779296875 280.381256103515625 274.08123779296875 255.6875 239.662506103515625 232.0749969482421875 234.399993896484375 238.3125 239.225006103515625 237.21875 232.006256103515625 227.40625 225.5812530517578125 223.6750030517578125 221.899993896484375
225.90625 231.8000030517578125 238.4375 245.9875030517578125 255.3874969482421875 268.16876220703125 280.66876220703125 292.28125 302.88751220703125 304.61248779296875 303.431243896484375 300.875 295.01251220703125 300.350006103515625 308.01873779296875 310.38751220703125 309.14373779296875 307.118743896484375 303.162506103515625 297.95001220703125 290.693756103515625 283.681243896484375 278.01873779296875 272.368743896484375 270.037506103515625 268.287506103515625 270.375 272.45001220703125 274.60626220703125 278.73126220703125 280.493743896484375 276.88751220703125 263.5 252.3874969482421875 248.4562530517578125 251.5437469482421875 251.09375 244.5187530517578125 237.9812469482421875 230.6999969482421875 225.118743896484375 222.493743896484375 220.868743896484375 220.0187530517578125
223.0124969482421875 226.1875 231.899993896484375 239.6374969482421875 249.6374969482421875 260.568756103515625 272.399993896484375 282.975006103515625 290.36248779296875 293.5625 293.73126220703125 292.46875 291.443756103515625 294.61248779296875 299.243743896484375 302.89373779296875 304.35626220703125 303.100006103515625 299.6875 294.306243896484375 286.350006103515625 277.0625 268.91876220703125 262.3125 259.631256103515625 262.056243896484375 264.17498779296875 267.774993896484375 270.243743896484375 274.0625 275.42498779296875 272.75 264.756256103515625 257.5625 254.0749969482421875 252.375 248.9812469482421875 241.149993896484375 233.943756103515625 226.75 221.0812530517578125 218.6374969482421875 217.8562469482421875 218.806243896484375
225.600006103515625 226.6437530517578125 230.068756103515625 236.649993896484375 245.2375030517578125 255.46875 265.10626220703125 274.399993896484375 280.91876220703125 284.85626220703125 286.587493896484375 288.024993896484375 290.243743896484375 292.42498779296875 296.64373779296875 299.556243896484375 301.51251220703125 300.618743896484375 298.45623779296875 293.068756103515625 283.48748779296875 271.45623779296875 260.13751220703125 250.943756103515625 251.46875 255.912506103515625 261.03125 263.63751220703125 266.287506103515625 268.64373779296875 269.33123779296875 267.70001220703125 262.11248779296875 256.743743896484375 252.75 248.3125 242.6875 235.100006103515625 227.181243896484375 220.662506103515625 215.5 213.9499969482421875 213.4562530517578125 215.287506103515625
230.5124969482421875 229.78125 231.881256103515625 237.6999969482421875 243.90625 251.5812530517578125 260.131256103515625 266.931243896484375 273.35626220703125 278.881256103515625 283.024993896484375 286.393768310546875 290.587493896484375 294.60626220703125 298.306243896484375 302.149993896484375 303.931243896484375 303.125 300.15625 294.04998779296875 283.26873779296875 270.64373779296875 256.54998779296875 245.568756103515625 249.368743896484375 254.618743896484375 259.131256103515625 261.662506103515625 262.943756103515625 264.743743896484375 265.70623779296875 263.256256103515625 258.056243896484375 254.4375 248.4812469482421875 242.6687469482421875 235.7687530517578125 226.96875 220.024993896484375 213.556243896484375 208.4187469482421875 207.649993896484375 208.1374969482421875 210.7687530517578125
235.8625030517578125 232.8937530517578125 234.693756103515625 238.59375 242.7375030517578125 248.0500030517578125 255.4499969482421875 262.54998779296875 268.82501220703125 275.33123779296875 280.17498779296875 285.162506103515625 290.48748779296875 295.70001220703125 300.399993896484375 305.03125 307.100006103515625 307.60626220703125 304.10626220703125 298.568756103515625 288.537506103515625 276.23748779296875 265.78125 256.287506103515625 254.9875030517578125 257.91876220703125 260.518768310546875 261.89373779296875 261.912506103515625 263.149993896484375 263.51251220703125 261.787506103515625 257.46875 251.0812530517578125 243.912506103515625 236.96875 227.962493896484375 219.412506103515625 212.306243896484375 205.6374969482421875 200.71875 201.6125030517578125 203.4375 208.037506103515625
239.649993896484375 236.0437469482421875 236.40625 239.006256103515625 242.1875 246.2375030517578125 252.225006103515625 258.1875 265.118743896484375 272.256256103515625 278.037506103515625 284.03125 290.100006103515625 297.568756103515625 303.524993896484375 309.806243896484375 313.90625 313.42498779296875 311.662506103515625 305.95623779296875 296.96875 285.53125 277.681243896484375 269.149993896484375 264.193756103515625 263.36248779296875 264.268768310546875 263.96875 263.868743896484375 264.162506103515625 262.899993896484375 261.381256103515625 255.256256103515625 247.8874969482421875 240.350006103515625 231.274993896484375 222.09375 212.912506103515625 206.75 199.375 192.8874969482421875 194.25 199.125 207.193756103515625
243.8562469482421875 239.181243896484375 238.90625 240.0812530517578125 243.03125 246.5625 251.0437469482421875 256.15625 262.21875 269.64373779296875 276.33123779296875 284.118743896484375 291.78125 300.693756103515625 308.21875 314.11248779296875 319.96875 322.64373779296875 321.82501220703125 315.943756103515625 306.40625 296.86248779296875 289.693756103515625 280.36248779296875 273.51873779296875 270.524993896484375 269.4000244140625 267.381256103515625 265.95001220703125 264.806243896484375 263.90625 261.899993896484375 254.2750091552734375 246.350006103515625 237.443756103515625 227.78125 216.899993896484375 207.399993896484375 199.837493896484375 192.256256103515625 187.9187469482421875 191.0812530517578125 196.087493896484375 205.0187530517578125
245.931243896484375 241.3562469482421875 239.625 240.475006103515625 242.131256103515625 245.7062530517578125 249.65625 254.4562530517578125 260.39373779296875 267.225006103515625 275.83123779296875 285.41876220703125 295.306243896484375 303.98748779296875 311.57501220703125 319.443756103515625 326.756256103515625 331 332.46875 326.78125 316.943756103515625 307.037506103515625 299.35626220703125 289.42498779296875 281.54376220703125 277.25 274.38751220703125 271.537506103515625 268.899993896484375 266.787506103515625 265.03125 262.587493896484375 255.225006103515625 246.6812591552734375 237.212493896484375 225.0749969482421875 213.399993896484375 203.318756103515625 195.0124969482421875 186.6437530517578125 182.631256103515625 187.725006103515625 193.787506103515625 200.568756103515625
244.462493896484375 240.5625 239.118743896484375 239.881256103515625 240.7375030517578125 243.4562530517578125 247.40625 250.9749908447265625 256.756256103515625 264.70623779296875 273.556243896484375 284.84375 296.5625 307.506256103515625 315.912506103515625 325.243743896484375 330.743743896484375 334.38751220703125 335.84375 332.79998779296875 324.225006103515625 315.73126220703125 307.23126220703125 297.36248779296875 289.443756103515625 283.643768310546875 279.20001220703125 275.393768310546875 272.018768310546875 270.037506103515625 267.787506103515625 264.318756103515625 256.3125 246.850006103515625 236.868743896484375 223.8312530517578125 211.1999969482421875 199.493743896484375 190.4562530517578125 183.818756103515625 181.09375 186.3312530517578125 192.412506103515625 199.6687469482421875
241.4812469482421875 238.78125 238.006256103515625 238.118743896484375 238.0500030517578125 240.3562469482421875 242.975006103515625 246.48748779296875 252.8625030517578125 261.350006103515625 272.256256103515625 284.881256103515625 299.60626220703125 313.11248779296875 321.92498779296875 329.04998779296875 333.743743896484375 337.524993896484375 337.23748779296875 334.98126220703125 328.54376220703125 320.5 312.756256103515625 302.943756103515625 295.46875 289.5625 283.987518310546875 279.962493896484375 275.875 273.006256103515625 271.04376220703125 267.024993896484375 257.899993896484375 248.462493896484375 238.4250030517578125 225.4499969482421875 211.8562469482421875 198.4937591552734375 189.8000030517578125 185.5124969482421875 182.725006103515625 186.962493896484375 192.850006103515625 200.1687469482421875
238.8625030517578125 236.46875 235.59375 235.8312530517578125 235.306243896484375 236.431243896484375 238.5625 241.868743896484375 246.8874969482421875 255.5749969482421875 267.600006103515625 283.9375 302.46875 317.86248779296875 326.743743896484375 333.068756103515625 336.98748779296875 339.36248779296875 338.73126220703125 336.600006103515625 330.16876220703125 322.506256103515625 315.98748779296875 306.756256103515625 299.91876220703125 294.181243896484375 288.23126220703125 283.006256103515625 278.868743896484375 276.54376220703125 274.58123779296875 270.63751220703125 261.76873779296875 251.381256103515625 239.837493896484375 226.6125030517578125 212.1687469482421875 198.431243896484375 190.837493896484375 186.506256103515625 183.1062469482421875 186.600006103515625 192.743743896484375 199.6312408447265625
236.09375 234.8874969482421875 233.96875 232.8000030517578125 232.40625 233.09375 233.6374969482421875 235.600006103515625 239.4812469482421875 247.4875030517578125 261.54998779296875 282.681243896484375 305.53125 323.506256103515625 331.4375 336.67498779296875 338.881256103515625 339.71875 339.67498779296875 336.67498779296875 331.587493896484375 323.693756103515625 317.037506103515625 307.95001220703125 302.29998779296875 296.41876220703125 290.95001220703125 285.96875 281.631256103515625 279.8125 277.375 274.868743896484375 265.38751220703125 254.7687530517578125 242.5187530517578125 227.868743896484375 212.4187469482421875 199.975006103515625 193.1374969482421875 187.46875 183.78125 185.4250030517578125 189.7937469482421875 195.3249969482421875
234.537506103515625 233.71875 232.2687530517578125 230.1937408447265625 228.725006103515625 229.318756103515625 229.0124969482421875 229.2624969482421875 231.4875030517578125 238.412506103515625 253.7624969482421875 277.26251220703125 302.618743896484375 322.287506103515625 330.70623779296875 336.11248779296875 339.431243896484375 339.39373779296875 336.875 334.46875 328.868743896484375 322.29376220703125 315.024993896484375 307.73126220703125 301.79376220703125 296.83123779296875 291.86248779296875 288.53125 284.587493896484375 282.912506103515625 281.899993896484375 280 271.09375 260.41876220703125 247.225006103515625 232.1687469482421875 218.96875 205.6875 198.4375 193.5999908447265625 190.34375 190.3125 192.1374969482421875 196.3000030517578125
234.25 233.2312469482421875 230.7312469482421875 229.524993896484375 227.375 227.100006103515625 226.1125030517578125 225.037506103515625 224.9375 226.068756103515625 245.4562530517578125 275.51873779296875 299.70623779296875 317.15625 327.443756103515625 333.64373779296875 337.725006103515625 337.03125 335.100006103515625 331.149993896484375 324.75 317.587493896484375 310.806243896484375 304.53125 299.368743896484375 295.881256103515625 291.84375 288.76251220703125 286.381256103515625 285.556243896484375 285.48748779296875 284.25 276.243743896484375 265.600006103515625 253.024993896484375 239.65625 225.4812469482421875 212.375 205.2624969482421875 199.806243896484375 195.4250030517578125 194.493743896484375 194.931243896484375 196.9562530517578125
234 233.0625 230.6062469482421875 228.7062530517578125 226.9375 226.25 225.475006103515625 224.71875 226.1062469482421875 225.631256103515625 253.8625030517578125 284.61248779296875 301.993743896484375 314.48748779296875 324.399993896484375 331.037506103515625 333.98126220703125 333.256256103515625 329.681243896484375 324.475006103515625 318.1875 310.58123779296875 304.76251220703125 299.475006103515625 296.04376220703125 293.818756103515625 290.506256103515625 288.787506103515625 287.506256103515625 288.54376220703125 288.287506103515625 288.125 280.46875 270.75 258.337493896484375 245.9187469482421875 232.306243896484375 219.806243896484375 212.568756103515625 206.3937530517578125 200.881256103515625 198.875 197.212493896484375 196.9625091552734375
234.756256103515625 233.381256103515625 230.625 229.5437469482421875 227.5625 227.631256103515625 228.84375 231.037506103515625 237.7687530517578125 254.3000030517578125 285.48126220703125 298.03125 306.0625 314.6875 322.86248779296875 327.256256103515625 329.931243896484375 327.618743896484375 322.45623779296875 316.743743896484375 308.96875 301.32501220703125 296.8125 292.243743896484375 289.98748779296875 290.08123779296875 288.587493896484375 288.45623779296875 289.11248779296875 290.61248779296875 292.32501220703125 292.193756103515625 285.38751220703125 277.13751220703125 268.48126220703125 256.681243896484375 243.2312469482421875 231.8312530517578125 223.9187469482421875 216.0500030517578125 210.3125 207.4187469482421875 205.53125 204.71875
235.7624969482421875 234.4875030517578125 232.0124969482421875 230.1062469482421875 228.5187530517578125 229.774993896484375 231.7687530517578125 237.212493896484375 247.25 264.368743896484375 284.10626220703125 297.462493896484375 307.037506103515625 314.462493896484375 320.78125 324.962493896484375 326.600006103515625 322.912506103515625 316.193756103515625 309.912506103515625 299.399993896484375 291.20001220703125 286.068756103515625 282.850006103515625 283.58123779296875 285.0625 285.95623779296875 287.86248779296875 290.537506103515625 292.70623779296875 294.1875 296.59375 293.45001220703125 286.587493896484375 278.131256103515625 267.375 254.475006103515625 242.6437530517578125 234.8312530517578125 225.9875030517578125 219.3625030517578125 216.4312591552734375 214.0625 212.162506103515625
