data/historical-monthly-weather-data/wc2.1_cruts4.09_10m_prec_1965-12.asc
ncols        51
nrows        45
xllcorner    -63.500000000000
yllcorner    -7.500000000000
cellsize     0.166666666667
NODATA_value -9999
[rows 0 to 19 of 45, columns 0 to 43 of 51]
294.181243896484375 289.756256103515625 274.381256103515625 261.856231689453125 246.9875030517578125 231.8125 215.7437591552734375 198.8874969482421875 184.28125 170.975006103515625 160.8562469482421875 151.6687469482421875 143.8125 134.693756103515625 127.52500152587890625 120.7687530517578125 114.65000152587890625 109.00624847412109375 104.7687530517578125 100.8249969482421875 99.0124969482421875 97.0749969482421875 95.3562469482421875 95.0187530517578125 94.83750152587890625 94.81874847412109375 97.9562530517578125 101.7312469482421875 105.19374847412109375 105.8000030517578125 105.30625152587890625 105.18125152587890625 103.3000030517578125 100.8625030517578125 98.22499847412109375 97.0625 94.9499969482421875 92.77500152587890625 90.9187469482421875 89.40000152587890625 87.78749847412109375 86.81874847412109375 85.99375152587890625 84.5437469482421875
301.662506103515625 297.993743896484375 288.537506103515625 279.806243896484375 269.743743896484375 253.5749969482421875 235.8000030517578125 221.475006103515625 208.2062530517578125 194.8249969482421875 182.875 171.3937530517578125 161.881256103515625 152.125 143.3874969482421875 135.2937469482421875 128 122.36875152587890625 117.5187530517578125 113.9499969482421875 111.8125 109.71250152587890625 108.2937469482421875 107.30625152587890625 106.3125 105.52500152587890625 107.47499847412109375 109.80625152587890625 111.7624969482421875 110.9187469482421875 108.6062469482421875 106.7062530517578125 102.875 99.27500152587890625 95.86875152587890625 92.4250030517578125 90.27500152587890625 87.46250152587890625 84.7375030517578125 82.5500030517578125 80.4250030517578125 79.30625152587890625 78.4375 76.40000152587890625
296.95623779296875 294.9375 288.04998779296875 280.91876220703125 273.25 259.556243896484375 246.6999969482421875 236.181243896484375 225.0437469482421875 212.875 200.5187530517578125 188.875 179.256256103515625 169.2375030517578125 159.9499969482421875 150.556243896484375 142.71875 136.6374969482421875 131.7312469482421875 127.4812469482421875 124.75624847412109375 122.40000152587890625 120.1999969482421875 117.4875030517578125 114.80625152587890625 113.1437530517578125 114.13124847412109375 115.3249969482421875 116.52500152587890625 113.96875 110.96875 108.1437530517578125 104.43125152587890625 99.1999969482421875 94.53749847412109375 90.81874847412109375 86.8625030517578125 82.8125 80.03749847412109375 77.4250030517578125 74.8562469482421875 73.65625 72.40000152587890625 71.15000152587890625
287.625 288.20623779296875 285.212493896484375 278.0625 273 263.59375 255.4499969482421875 248.743743896484375 239.84375 230.6750030517578125 219.462493896484375 208.0749969482421875 197.4562530517578125 187.431243896484375 177.0749969482421875 167.4875030517578125 158.84375 151.5625 146.4250030517578125 142.962493896484375 139.662506103515625 136.1875 131.9375 127.65625 122.78749847412109375 119.65625 119.69374847412109375 119.49375152587890625 119.9562530517578125 117.1875 113.1999969482421875 108.9375 104.65000152587890625 99.3937530517578125 93.47499847412109375 88.34999847412109375 82.71875 77.59999847412109375 74.74375152587890625 71.71250152587890625 68.5124969482421875 67.34999847412109375 66.2624969482421875 65.34999847412109375
290.375 285.40625 278.01873779296875 274.33123779296875 271.96875 267.337493896484375 262.39373779296875 258.837493896484375 254.2312469482421875 247.7937469482421875 237.03125 225.037506103515625 215.475006103515625 205.8562469482421875 194.8125 184.493743896484375 174.962493896484375 167.46875 162.5187530517578125 159.5124969482421875 155.3125 149.6437530517578125 143.756256103515625 137.475006103515625 130.649993896484375 125.7687530517578125 123.77500152587890625 122.6750030517578125 122.1437530517578125 119.0437469482421875 114.75 109.50624847412109375 104.1062469482421875 98.19374847412109375 91.5749969482421875 85.56874847412109375 79.21250152587890625 72.77500152587890625 69.33750152587890625 65.7624969482421875 62.22499847412109375 61.043750762939453125 60.27500152587890625 59.13124847412109375
289.831268310546875 285.83123779296875 276.818756103515625 268.54998779296875 267.787506103515625 266.850006103515625 264.29376220703125 261.01251220703125 256.79376220703125 251.587493896484375 242.306243896484375 232.2937469482421875 224.787506103515625 216.368743896484375 207.662506103515625 198.5187530517578125 190.274993896484375 182.4375 179.181243896484375 175.337493896484375 168.0437469482421875 160.8312530517578125 152.618743896484375 144.3312530517578125 135.7687530517578125 128.46875 126.66249847412109375 124.96875 123.25624847412109375 119.875 115.8000030517578125 111.2375030517578125 104.74375152587890625 98.13750457763671875 92.55625152587890625 86.45624542236328125 79.72499847412109375 73.6374969482421875 69.71875 65.05625152587890625 60.11875152587890625 58.59999847412109375 57.125 56.043750762939453125
291.3125 287.024993896484375 278.712493896484375 269.837493896484375 265.443756103515625 263.04998779296875 261.42498779296875 258.181243896484375 253.087493896484375 246.6750030517578125 242.5 236.087493896484375 232.037506103515625 225.649993896484375 218.8874969482421875 212.2062530517578125 206.8874969482421875 203.1687469482421875 200.4187469482421875 194.350006103515625 182.868743896484375 172.4812469482421875 161.131256103515625 150.1437530517578125 140.2312469482421875 130.71875 127.6750030517578125 126.43125152587890625 124.25 120.4187469482421875 116.30625152587890625 111.7312469482421875 105.9187469482421875 99.26250457763671875 93.08750152587890625 86.8125 80.47499847412109375 74.2687530517578125 70.55625152587890625 64.71875 58.637500762939453125 56.243747711181640625 54.63124847412109375 53.03125
292.48748779296875 287.350006103515625 280.024993896484375 274.225006103515625 270.32501220703125 265.462493896484375 259.493743896484375 251.756256103515625 244.0749969482421875 240.9499969482421875 241.787506103515625 240.6437530517578125 238.21875 235.649993896484375 230.537506103515625 226.350006103515625 222.8562469482421875 222.274993896484375 220.631256103515625 210.9812469482421875 195.8562469482421875 181.2624969482421875 167.193756103515625 153.8937530517578125 142.78125 132.318756103515625 128.2937469482421875 126.25 124.7375030517578125 121.3249969482421875 116.4562530517578125 111.93125152587890625 106.5124969482421875 99.9812469482421875 94.2312469482421875 87.24375152587890625 80.75 74.15625 69.1374969482421875 62.993747711181640625 56.825000762939453125 54.03125 52.00624847412109375 50.05625152587890625
296.162506103515625 291.29376220703125 285.274993896484375 280.23126220703125 275.60626220703125 271.375 265.04376220703125 255.8249969482421875 244.3937530517578125 239.212493896484375 242.756256103515625 244.100006103515625 243.475006103515625 241.287506103515625 238.1437530517578125 235.5124969482421875 233.40625 232.3937530517578125 229.681243896484375 218.3625030517578125 199.5187530517578125 183.287506103515625 168.3312530517578125 155.975006103515625 143.6062469482421875 132.2937469482421875 128.2062530517578125 126.4375 124.53125 121.19374847412109375 117.8937530517578125 113.36875152587890625 108.05625152587890625 102.43125152587890625 96.65000152587890625 89.9812469482421875 83.0437469482421875 76.0124969482421875 70.21875 64.0812530517578125 57.52500152587890625 54.393749237060546875 52.143749237060546875 50
297.51251220703125 293.618743896484375 288.899993896484375 285.45623779296875 281.181243896484375 277.193756103515625 271.649993896484375 263.962493896484375 256.28125 251.3625030517578125 251.0812530517578125 249.318756103515625 249.412506103515625 246.09375 244.8625030517578125 243.337493896484375 241.350006103515625 236.8125 230.618743896484375 219.8312530517578125 200.9187469482421875 183.4875030517578125 167.9875030517578125 155.875 142.881256103515625 131.1062469482421875 127.31874847412109375 125.47499847412109375 124.05625152587890625 121.31874847412109375 118.0437469482421875 114.28125 109.27500152587890625 103.75624847412109375 98.66249847412109375 92.86875152587890625 85.84375 78.71875 72.0500030517578125 65.44374847412109375 58.96875 55.65000152587890625 52.63124847412109375 50.11875152587890625
300.25 296.39373779296875 291.506256103515625 287.443756103515625 285.17498779296875 283.34375 279.149993896484375 271.73126220703125 264.92498779296875 261.006256103515625 259.51873779296875 257.556243896484375 255.34375 252.3125 250.75 249.8312530517578125 247.243743896484375 240.006256103515625 230.6374969482421875 218.993743896484375 201.3125 183.3000030517578125 167.318756103515625 153.28125 142.25 130.5500030517578125 126.41249847412109375 123.8125 121.5812530517578125 119.59375 117.16249847412109375 114.6437530517578125 110.24375152587890625 105.3312530517578125 100.5437469482421875 94.6875 88.1125030517578125 81.25 74.7312469482421875 67.5812530517578125 60.77500152587890625 56.893749237060546875 53.66249847412109375 50.918750762939453125
302.15625 298.087493896484375 293.92498779296875 291.368743896484375 289.32501220703125 287.88751220703125 285.20001220703125 278.89373779296875 272.4375 269.51873779296875 268.068756103515625 267.08123779296875 263.037506103515625 259.287506103515625 257.1875 254.0437469482421875 250.024993896484375 239.8125 229.024993896484375 217.2375030517578125 198.3125 180.681243896484375 165.7375030517578125 152.9562530517578125 141.9499969482421875 130.7312469482421875 126.27500152587890625 123.2375030517578125 120.6125030517578125 119.02500152587890625 117.14374542236328125 115.3312530517578125 111.44374847412109375 107.31874847412109375 103.21250152587890625 97.96875 91.9187469482421875 85.61875152587890625 78.53749847412109375 70.96875 63.731250762939453125 59.487499237060546875 55.86875152587890625 52.706249237060546875
303.04376220703125 299.837493896484375 296.53125 293.61248779296875 292.29998779296875 290.01873779296875 286.681243896484375 282.274993896484375 276.95623779296875 274.83123779296875 273.931243896484375 273.84375 270.475006103515625 265.193756103515625 262.39373779296875 257.899993896484375 252.006256103515625 241.350006103515625 229.3125 215.787506103515625 194.3125 177.256256103515625 163.756256103515625 152.256256103515625 140.443756103515625 129.03125 124.97499847412109375 122.4562530517578125 120.16249847412109375 118.125 116.61875152587890625 115.11875152587890625 111.65000152587890625 108.33750152587890625 105.03125 100.99375152587890625 96.0625 90.34375 82.8125 74.40000152587890625 66.46875 62.25624847412109375 57.96250152587890625 53.44374847412109375
301.787506103515625 298.95623779296875 295.743743896484375 293.375 291.443756103515625 288.962493896484375 285.57501220703125 283.181243896484375 280.25 277.45001220703125 274.73126220703125 274.83123779296875 273.76873779296875 270.29998779296875 265.04998779296875 261.181243896484375 254.1875 241.993743896484375 229.131256103515625 215.34375 194.850006103515625 176.725006103515625 161.5500030517578125 149.787506103515625 138.431243896484375 127.9250030517578125 124.65000152587890625 121.4812469482421875 118.7687530517578125 116.75624847412109375 115.55625152587890625 114.16875457763671875 111.63124847412109375 108.8125 106.65625 103.5187530517578125 99.8125 95.53749847412109375 88.3312530517578125 80.0749969482421875 70.6750030517578125 64.3937530517578125 59.24375152587890625 55.06874847412109375
301.693756103515625 298.88751220703125 296.412506103515625 293.787506103515625 292.04376220703125 289.09375 287.037506103515625 284.73748779296875 281.8125 278.243743896484375 275.20623779296875 275.375 273.868743896484375 271.3125 265.35626220703125 260.82501220703125 252.556243896484375 240.1374969482421875 227.3125 215.256256103515625 195.0437469482421875 176.256256103515625 159.6999969482421875 148.443756103515625 138.368743896484375 128.84375 125.5625 122.5124969482421875 119.36875152587890625 116.33750152587890625 114.3937530517578125 113.40000152587890625 111.34375 109.4187469482421875 108.05625152587890625 105.15625 103.09999847412109375 101.13124847412109375 96.7624969482421875 89.2062530517578125 79.44374847412109375 71.4875030517578125 64.65625 59.075000762939453125
299.618743896484375 297.48126220703125 295.26251220703125 293.5625 291.712493896484375 289.243743896484375 286.95623779296875 283.45623779296875 280.618743896484375 278.51873779296875 275.08123779296875 274.568756103515625 273.318756103515625 270.625 264.931243896484375 257.54376220703125 248.9875030517578125 237.962493896484375 225.5625 213.5625 194.475006103515625 174.931243896484375 157.9812469482421875 147.462493896484375 138.8000030517578125 131.3125 127.96250152587890625 124.4875030517578125 120.3562469482421875 115.9812469482421875 113.31874847412109375 111.5812530517578125 109.05625152587890625 107.4875030517578125 106.1999969482421875 104.7312469482421875 104.7937469482421875 105.59999847412109375 104.80625152587890625 98.99375152587890625 89.61875152587890625 79.52500152587890625 70.3000030517578125 62.03749847412109375
296.375 295.162506103515625 291.618743896484375 290.66876220703125 289.76251220703125 286.63751220703125 284.6875 282.60626220703125 280.737518310546875 277.82501220703125 274.38751220703125 272.931243896484375 271.412506103515625 268.54998779296875 262.725006103515625 254.40625 243.5812530517578125 233.118743896484375 222.774993896484375 211.243743896484375 192.65625 173.4375 156.6062469482421875 146.993743896484375 139.8937530517578125 134.2687530517578125 131.5749969482421875 127.11875152587890625 120.71875 115.13124847412109375 111.6687469482421875 110.08750152587890625 106.72499847412109375 103.34999847412109375 101.375 101.47499847412109375 104.41249847412109375 109.90625 115.5749969482421875 108.8249969482421875 98.2687530517578125 86.1437530517578125 74.3625030517578125 65.3562469482421875
291.631256103515625 291.375 288.45001220703125 288.006256103515625 287.4375 285.681243896484375 283.53125 280.681243896484375 278.443756103515625 276.48126220703125 273.556243896484375 271.287506103515625 267.96875 264.368743896484375 257.60626220703125 248.7062530517578125 238.068756103515625 224.962493896484375 217.40625 206.931243896484375 190.625 172.9250030517578125 157.09375 149.09375 143.306243896484375 138.931243896484375 137.399993896484375 130.84375 121.97499847412109375 114.25624847412109375 109.375 107.21875 104.9812469482421875 102.47499847412109375 98.6062469482421875 94.875 102 110.15000152587890625 113.83124542236328125 109.08750152587890625 98.6750030517578125 87.4562530517578125 77.3562469482421875 69.30625152587890625
285.131256103515625 285.631256103515625 284.13751220703125 284.037506103515625 284.01251220703125 282.85626220703125 280.725006103515625 279.181243896484375 277.1875 275.100006103515625 270.73126220703125 266.61248779296875 263.35626220703125 259.756256103515625 251.931243896484375 242.350006103515625 231.912506103515625 219.412506103515625 209.0749969482421875 200.306243896484375 187.2624969482421875 173.3625030517578125 157.131256103515625 151.0812530517578125 147.15625 143.681243896484375 141.0812530517578125 134.693756103515625 124.8874969482421875 114.93125152587890625 107.5749969482421875 108 107.9562530517578125 105.24375152587890625 100.86875152587890625 98.8874969482421875 103.6875 108.61875152587890625 110.20624542236328125 105.4187469482421875 96.65625 87.53125 79.40625 72.9875030517578125
276.8125 278.51873779296875 276.85626220703125 277.243743896484375 278.243743896484375 278.4375 277.600006103515625 276.443756103515625 275.08123779296875 271.60626220703125 267.537506103515625 264.25 260.58123779296875 255 245.53125 234.1437530517578125 222.962493896484375 212.9250030517578125 203.71875 195.287506103515625 182.368743896484375 168.78125 157.40625 153.2624969482421875 150.5 147.649993896484375 144.7062530517578125 139.5999908447265625 130.587493896484375 120.5625 114.4812469482421875 115.2375030517578125 114.40000152587890625 112.8000030517578125 110.8249969482421875 108.6125030517578125 109.77500152587890625 111.1687469482421875 109.6125030517578125 104.19374847412109375 95.8937530517578125 87.4562530517578125 81.66249847412109375 76.88124847412109375
