data/historical-monthly-weather-data/wc2.1_cruts4.09_10m_prec_1967-05.asc
ncols        45
nrows        45
xllcorner    -63.500000000000
yllcorner    -7.500000000000
cellsize     0.166666666667
NODATA_value -9999
[rows 19 to 37 of 45, columns 0 to 43 of 45]
175.625 179.40625 182.631256103515625 185.15625 189.5437469482421875 195.3874969482421875 198.6437530517578125 200.2937469482421875 202.131256103515625 203.256256103515625 204.0812530517578125 200.149993896484375 195.21875 186.8000030517578125 179.100006103515625 168.443756103515625 160.0124969482421875 161.568756103515625 161.125 164.931243896484375 170.8125 183.087493896484375 197.818756103515625 202.912506103515625 203.337493896484375 199.3625030517578125 195.7624969482421875 193.493743896484375 185.6125030517578125 177.125 173.943756103515625 180.024993896484375 179.6437530517578125 177.4875030517578125 180.568756103515625 186.4250030517578125 189.25 190.118743896484375 189.8000030517578125 187.193756103515625 178.4499969482421875 173.5437469482421875 175.8000030517578125 177.993743896484375
158.1687469482421875 167.3562469482421875 172.84375 175.2624969482421875 177.53125 185.056243896484375 190.21875 193.037506103515625 195.412506103515625 195.3125 195.431243896484375 192.7312469482421875 186.1437530517578125 179.2937469482421875 170.5124969482421875 163.6437530517578125 154.6687469482421875 153.1875 156.6687469482421875 158.3000030517578125 171.3249969482421875 184.287506103515625 195.6750030517578125 200.0500030517578125 201.806243896484375 198.3562469482421875 189.375 184.962493896484375 181.350006103515625 178.787506103515625 178.75 180.9812469482421875 176.3125 173.4562530517578125 174.5812530517578125 179.5749969482421875 183.350006103515625 184.6999969482421875 183.0875091552734375 179.0625 175.2937469482421875 170.9562530517578125 169.7062530517578125 172.712493896484375
146.4375 150.443756103515625 158.2312469482421875 164.9375 167.8000030517578125 172.931243896484375 179.649993896484375 184.931243896484375 188.2375030517578125 189.09375 188.7062530517578125 184.743743896484375 178.7937469482421875 172.2687530517578125 167.306243896484375 159.2624969482421875 158.7312469482421875 156.4375 159.4250030517578125 160.3125 166.4375 177.850006103515625 188.7937469482421875 190.2062530517578125 188.412506103515625 188.868743896484375 188.1437530517578125 183.7062530517578125 184.693756103515625 184.006256103515625 181.100006103515625 178.3249969482421875 176.693756103515625 175.8249969482421875 173.2312469482421875 174.7062530517578125 178.2937469482421875 179.4375 177.6687469482421875 174.3125 171.806243896484375 168.21875 166.5625 167.743743896484375
135.3312530517578125 143.71875 150.1687469482421875 156.34375 159.1062469482421875 163.493743896484375 164.899993896484375 171.131256103515625 179.0187530517578125 181.1687469482421875 179.9375 176.40625 174.4562530517578125 169.462493896484375 164.837493896484375 159.056243896484375 155.7937469482421875 155.71875 157.1374969482421875 158.9812469482421875 166.600006103515625 172.71875 181.1875 182 184.2062530517578125 183.9375 180.774993896484375 181.381256103515625 183.006256103515625 181.818756103515625 178.306243896484375 178.4562530517578125 178.8312530517578125 176.6062469482421875 174.8499908447265625 170.693756103515625 170.787506103515625 173.287506103515625 174.912506103515625 171.681243896484375 167.9562530517578125 165.15625 163.0625 163.412506103515625
122.125 131.375 139.2687530517578125 143.8000030517578125 146.1687469482421875 149.462493896484375 157.087493896484375 162.412506103515625 166.8562469482421875 169.100006103515625 170.71875 172.681243896484375 171.462493896484375 169.8312530517578125 164.2937469482421875 158.90625 155.662506103515625 157.2624969482421875 159.7624969482421875 162.6875 166.7375030517578125 172.774993896484375 178.068756103515625 181.756256103515625 181.5187530517578125 178.287506103515625 177.5749969482421875 178.850006103515625 181.9812469482421875 184.9562530517578125 186.59375 187.868743896484375 187.8625030517578125 183.837493896484375 179.774993896484375 172.0625 173.1125030517578125 172.587493896484375 171.787506103515625 169.2375030517578125 164.931243896484375 163.524993896484375 162.2937469482421875 160.868743896484375
112.16249847412109375 121.0812530517578125 127.36875152587890625 133.524993896484375 137.118743896484375 141.837493896484375 145.7687530517578125 151.8562469482421875 156.1750030517578125 160.412506103515625 162.6437530517578125 164.59375 167.5812530517578125 167.243743896484375 162.0625 158.524993896484375 157.631256103515625 159.056243896484375 160.6687469482421875 163.8000030517578125 169.4499969482421875 173.1875 179.0437469482421875 180.931243896484375 180.2062530517578125 182.212493896484375 181.506256103515625 183.4499969482421875 186.0500030517578125 192.412506103515625 195.2937469482421875 201.3625030517578125 199.6374969482421875 193.9499969482421875 184.600006103515625 177.4875030517578125 175.306243896484375 170.0812530517578125 168.2375030517578125 165.84375 162.725006103515625 160.3562469482421875 159.3125 156.4375
105.1062469482421875 113.9875030517578125 116.8249969482421875 121.83750152587890625 123.77500152587890625 128.443756103515625 132.7687530517578125 138.84375 142.1750030517578125 145.3312530517578125 152.6062469482421875 157.943756103515625 160.5625 162.631256103515625 161.96875 158.975006103515625 158.506256103515625 160.368743896484375 162.193756103515625 164.587493896484375 169.9499969482421875 173.412506103515625 178.7687530517578125 178.462493896484375 180.4499969482421875 182.0749969482421875 186.162506103515625 188.337493896484375 190.6125030517578125 197.8125 205.462493896484375 217.3000030517578125 215.4499969482421875 202.96875 190.4749908447265625 182.868743896484375 175.662506103515625 169.8937530517578125 163.962493896484375 160.9499969482421875 158.6999969482421875 155.2687530517578125 152.631256103515625 151.9250030517578125
96.53125 100.40000152587890625 104.9375 109.125 111.61875152587890625 116.86875152587890625 121.56874847412109375 125.96875 131.131256103515625 139.337493896484375 146.318756103515625 151.506256103515625 157.693756103515625 162.5437469482421875 162.475006103515625 161.6062469482421875 160.1437530517578125 160.875 165.9250030517578125 167.7062530517578125 170.9499969482421875 175.0749969482421875 179.9812469482421875 182.6687469482421875 184.3937530517578125 186.462493896484375 190.1687469482421875 192.4187469482421875 195.712493896484375 201.037506103515625 211.837493896484375 223.5749969482421875 224.5625 207.2937469482421875 191.1374969482421875 181.40625 175.71875 167.368743896484375 161.431243896484375 158.2624969482421875 155.1437530517578125 152.118743896484375 149.868743896484375 147.556243896484375
88.41249847412109375 89.2937469482421875 93.09999847412109375 96.11875152587890625 99.8312530517578125 106.0625 111.8125 115.90625 122.88750457763671875 131.5 138.6750030517578125 145.5625 153.8000030517578125 160.212493896484375 162.181243896484375 160.375 161.431243896484375 165.46875 170.368743896484375 172.9250030517578125 175.8249969482421875 178.2687530517578125 184.681243896484375 186.1437530517578125 188.2624969482421875 188.9562530517578125 192.9562530517578125 195.1437530517578125 199.024993896484375 204.7624969482421875 213.475006103515625 222.0437469482421875 218.506256103515625 203.4499969482421875 190.375 180.3249969482421875 171.9499969482421875 165.618743896484375 161.1062469482421875 155.881256103515625 151.5 150.212493896484375 148.4250030517578125 147.2062530517578125
79.7687530517578125 79.2937469482421875 82.0187530517578125 85.47499847412109375 89.30625152587890625 93.97499847412109375 99.3000030517578125 106.28125 115.75 123.30625152587890625 131.5187530517578125 141 150.337493896484375 160.100006103515625 164.1437530517578125 165.868743896484375 167.225006103515625 170.0187530517578125 173.7375030517578125 176.8125 179.8562469482421875 181.806243896484375 186.443756103515625 187.5124969482421875 189.0625 188.0187530517578125 192.193756103515625 196.28125 199.8562469482421875 203.850006103515625 210.7062530517578125 214.4875030517578125 207.9250030517578125 195.6999969482421875 186.1437530517578125 176.837493896484375 169.274993896484375 161.4812469482421875 157.0812530517578125 151.9562530517578125 145.4375 142.9187469482421875 144.443756103515625 146.9499969482421875
77.84375 76.09375 77.3625030517578125 78.9250030517578125 81.7062530517578125 87.55625152587890625 93.1875 101.19374847412109375 109.93125152587890625 117.16249847412109375 126.50624847412109375 137.15625 148.0812530517578125 159.524993896484375 164.9250030517578125 168.4375 171.068756103515625 176.6999969482421875 179.3249969482421875 180.2687530517578125 183.3312530517578125 186.8000030517578125 190.443756103515625 189.931243896484375 188.5437469482421875 191.0812530517578125 192.0749969482421875 192.6374969482421875 195.5437469482421875 198.84375 203.818756103515625 204.5625 197.868743896484375 188.899993896484375 180.59375 170.8000030517578125 166.5812530517578125 159.506256103515625 154.056243896484375 151.9812469482421875 147.90625 144.53125 142.7062530517578125 142.1374969482421875
76.8874969482421875 73.8125 73.7375030517578125 75.27500152587890625 77.7624969482421875 83.08750152587890625 89.6875 96.22499847412109375 105.03749847412109375 113.6875 123.19374847412109375 133.649993896484375 147.2375030517578125 157.375 164.2375030517578125 170.806243896484375 176.131256103515625 180.1750030517578125 183.875 186.6687469482421875 187.0812530517578125 188.943756103515625 192.28125 189.431243896484375 187.6750030517578125 191.2624969482421875 190.7624969482421875 189.600006103515625 191.7687530517578125 192.818756103515625 196.618743896484375 194.5500030517578125 187.9562530517578125 180.631256103515625 172.743743896484375 163.34375 159.149993896484375 154.9875030517578125 152.25 148.9812469482421875 147.5625 143.725006103515625 141.131256103515625 138.1374969482421875
75.28749847412109375 71.375 71.1437530517578125 72.50624847412109375 75.03749847412109375 79.5500030517578125 86.8000030517578125 91.91249847412109375 100.44374847412109375 108.9187469482421875 118.4187469482421875 128.7624969482421875 142.2062530517578125 155.3249969482421875 163.131256103515625 171.8874969482421875 176.193756103515625 179.8874969482421875 183.600006103515625 186.9250030517578125 186.5500030517578125 188.59375 190.818756103515625 189.0187530517578125 190.006256103515625 190.024993896484375 189.1687469482421875 186.443756103515625 185.2375030517578125 186.1687469482421875 185.056243896484375 183.4812469482421875 176.6437530517578125 170.0749969482421875 164.100006103515625 156.3874969482421875 151.618743896484375 148.443756103515625 145.5437469482421875 145.7312469482421875 144.2375030517578125 141.587493896484375 139.556243896484375 138.9187469482421875
79.3312530517578125 75.83750152587890625 74.8562469482421875 75.86875152587890625 76.7687530517578125 80.40000152587890625 86.0812530517578125 90.97499847412109375 98.84375 107.71250152587890625 118.84999847412109375 129.462493896484375 142.399993896484375 156.475006103515625 164.381256103515625 171.375 176.818756103515625 182.5124969482421875 183.743743896484375 186.381256103515625 185.2624969482421875 187.9187469482421875 188.537506103515625 188.3125 188.2687530517578125 188.5 185.71875 183.3000030517578125 179.8625030517578125 178.2375030517578125 176.693756103515625 173.306243896484375 165.618743896484375 161.9250030517578125 155.7687530517578125 151.21875 144.90625 141.912506103515625 139.212493896484375 140.78125 139.006256103515625 138.2375030517578125 137.024993896484375 137.65625
83.9812469482421875 80.1999969482421875 79.6687469482421875 79.65625 80.3562469482421875 82.6687469482421875 86.46875 90.0749969482421875 96.8625030517578125 105.09375 115.22499847412109375 128.149993896484375 140.350006103515625 152.725006103515625 162.65625 172.2375030517578125 179.375 183.5812530517578125 182.90625 183.3000030517578125 184.5812530517578125 187.1125030517578125 187.524993896484375 185.212493896484375 185.118743896484375 183.75 180.0562591552734375 176.6875 174.6437530517578125 171.475006103515625 168.40625 163.9250030517578125 157.4875030517578125 151.78125 147.1812591552734375 142.443756103515625 138.21875 133.149993896484375 132.625 132.71875 130.993743896484375 132.1687469482421875 133.4875030517578125 134.5749969482421875
87.86249542236328125 84.3874969482421875 83.8000030517578125 83.83750152587890625 84.05625152587890625 85.4812469482421875 86.74375152587890625 89.65625 94.1875 102.0124969482421875 112.44374847412109375 125.50624847412109375 140.1750030517578125 154.4499969482421875 164.287506103515625 173.4250030517578125 180.2312469482421875 183.7937469482421875 182.8312530517578125 180.537506103515625 181.5187530517578125 182.03125 183.618743896484375 180.8874969482421875 179.618743896484375 178.03125 176.381256103515625 173.6687469482421875 170.7062530517578125 166.9875030517578125 161.462493896484375 155.818756103515625 147.9875030517578125 143.1374969482421875 135.0500030517578125 131.756256103515625 126.77500152587890625 126.10625457763671875 125.34999847412109375 124.2687530517578125 122.9250030517578125 122.6750030517578125 124.0812530517578125 126.5
95.125 92.4875030517578125 91.0124969482421875 90.46250152587890625 89.90000152587890625 90.44374847412109375 90.4499969482421875 92.6125030517578125 96.4250030517578125 101.63124847412109375 110.375 125.6437530517578125 142.056243896484375 155.15625 165.9187469482421875 174.118743896484375 180.3937530517578125 180.850006103515625 181.1374969482421875 178.1374969482421875 178.6125030517578125 178.65625 178.8625030517578125 176.850006103515625 174.6374969482421875 172.2624969482421875 172.7062530517578125 170.6875 165.818756103515625 160.881256103515625 155.368743896484375 149.0749969482421875 141.1437530517578125 133.4187469482421875 126.8125 122.96875 122.61875152587890625 119.125 118.49375152587890625 119.4875030517578125 117.6875 118.9375 118.99375152587890625 120.81874847412109375
102.8249969482421875 100.96875 99.1750030517578125 98.22499847412109375 97.84999847412109375 96.88124847412109375 96.3625030517578125 96.1687469482421875 98.40625 99.83750152587890625 111.875 132.3000030517578125 147.212493896484375 158.40625 167.625 175.0187530517578125 179.225006103515625 178.399993896484375 177.868743896484375 173.3937530517578125 174.03125 173.868743896484375 172.2624969482421875 170.21875 168.4562530517578125 168.037506103515625 167.100006103515625 164.8125 160.5437469482421875 155.7375030517578125 150.4562530517578125 144.556243896484375 136.024993896484375 126.61875152587890625 120.6750030517578125 118.68125152587890625 117.1750030517578125 115.3312530517578125 113.8249969482421875 113.1062469482421875 111.4375 111.0124969482421875 113.58750152587890625 115.65625
109.53749847412109375 107.65625 106.9499969482421875 105.625 105.6999969482421875 104.7312469482421875 103.71250152587890625 102.30625152587890625 103.8562469482421875 104.5625 123.6875 144.4187469482421875 155.3937530517578125 164.618743896484375 171.3874969482421875 176.931243896484375 179.5187530517578125 178.6125030517578125 175.2624969482421875 171.912506103515625 169.149993896484375 168.2937469482421875 166.5124969482421875 164.3125 162.4812469482421875 161.556243896484375 159.0625 160.5 157.8312530517578125 151.25 144.443756103515625 138.5 131.212493896484375 121.33750152587890625 113.58750152587890625 112.15625 112.1687469482421875 110.24375152587890625 110.6437530517578125 108.58750152587890625 107.23125457763671875 107.0749969482421875 106.03749847412109375 105.9562530517578125
