data/historical-monthly-weather-data/wc2.1_cruts4.09_10m_prec_1988-07.asc
ncols        51
nrows        45
xllcorner    -63.500000000000
yllcorner    -7.500000000000
cellsize     0.166666666667
NODATA_value -9999
[rows 19 to 37 of 45, columns 0 to 43 of 51]
104.61875152587890625 105.59999847412109375 105.50624847412109375 105.5437469482421875 104.86875152587890625 107.5437469482421875 104.9499969482421875 104.63124847412109375 104.1750030517578125 100.74375152587890625 98.09375 98.125 95.19374847412109375 92.1062469482421875 86.09999847412109375 78.9875030517578125 74.8249969482421875 81.2062530517578125 76.96875 75.27500152587890625 71.2624969482421875 76.0437469482421875 84.5124969482421875 91.00624847412109375 93.91249847412109375 91.77500152587890625 92.58750152587890625 97.65000152587890625 99.0625 99.78749847412109375 107.09999847412109375 122.2062530517578125 131.118743896484375 140.0812530517578125 151.4375 166.8312530517578125 177.9562530517578125 185.037506103515625 187.743743896484375 181.993743896484375 167.649993896484375 153.46875 148.1374969482421875 140.087493896484375
95.6374969482421875 102.2312469482421875 106.5500030517578125 104.61249542236328125 102.3625030517578125 104.8000030517578125 103.9499969482421875 104.08750152587890625 102.625 100.375 96.6374969482421875 96.5437469482421875 95.00624847412109375 91.0749969482421875 85.3249969482421875 79.8125 76.90625 77.15000152587890625 79.09375 74.7375030517578125 78.375 82.6999969482421875 88.6062469482421875 96.3125 98.9812469482421875 95.6750030517578125 91.1875 95.1437530517578125 100.31874847412109375 103.59999847412109375 113.13124847412109375 123.52500152587890625 126.88124847412109375 136.4562530517578125 147.587493896484375 159.78125 170.412506103515625 173.4812469482421875 171.59375 165.4437408447265625 156.993743896484375 149.96875 142.2687530517578125 136.243743896484375
93.78749847412109375 94.4562530517578125 100.21875 102.11875152587890625 102.375 100.71875 100.5500030517578125 100.6875 100.44374847412109375 98.49375152587890625 96.7687530517578125 93.7375030517578125 91.08750152587890625 91.375 89.36875152587890625 83.99375152587890625 83.4562530517578125 81.75624847412109375 81.8000030517578125 80.61875152587890625 79.81874847412109375 83.44374847412109375 89.1437530517578125 92.0437469482421875 92.25624847412109375 91.15000152587890625 95.21875 95.4187469482421875 103.77500152587890625 111 115.7062530517578125 120.33750152587890625 124.29375457763671875 130.8874969482421875 137.306243896484375 150.037506103515625 159.28125 162.806243896484375 161.625 157.556243896484375 151.46875 146.53125 141.131256103515625 135.3249969482421875
91.71875 96.77500152587890625 100.43125152587890625 101.06874847412109375 100.68125152587890625 100.3625030517578125 95.25 95.24375152587890625 96.44374847412109375 98.7937469482421875 98.375 95.45624542236328125 95.09375 93.80625152587890625 93.625 91.72499847412109375 87.46875 83.63124847412109375 82.22499847412109375 82.8937530517578125 86.4499969482421875 86.83750152587890625 88.96250152587890625 91.22499847412109375 94.5124969482421875 92.1999969482421875 92.5500030517578125 97.0625 101.625 105.83750152587890625 109.9812469482421875 115.7312469482421875 118.33750152587890625 121.09999847412109375 128.5812530517578125 135.1437530517578125 145.350006103515625 147.21875 150.2687530517578125 150.25 146.6437530517578125 139.912506103515625 135.962493896484375 130.75
87.0812530517578125 94.66249847412109375 100.97499847412109375 100.88124847412109375 100.27500152587890625 97.77500152587890625 97.6750030517578125 95.6750030517578125 93.96250152587890625 92.8874969482421875 93.56874847412109375 96.9812469482421875 96.6750030517578125 96.9375 94.09999847412109375 92.09999847412109375 87.27500152587890625 86.5500030517578125 84.53125 86.6437530517578125 86.99375152587890625 90.2062530517578125 91.61875152587890625 96.5 98.56874847412109375 95.34375 97.5749969482421875 96.2062530517578125 98.3125 101.1125030517578125 104.875 108.7375030517578125 108.9187469482421875 109.36875152587890625 118.7062530517578125 121.84375 132.125 138.7062530517578125 141.662506103515625 141.149993896484375 139.6062469482421875 134.100006103515625 131.1999969482421875 125.6687469482421875
85.0500030517578125 93.71250152587890625 101.40000152587890625 102.46250152587890625 102.33750152587890625 98.1062469482421875 96.86875152587890625 94.9875030517578125 93.2624969482421875 94.1875 94.86875152587890625 92.99375152587890625 96.3562469482421875 95.8874969482421875 92.6062469482421875 88.65625 86.3874969482421875 86.72499847412109375 86.47499847412109375 87.16249847412109375 89.25 91.22499847412109375 96.61875152587890625 98.9250030517578125 97.78125 99.6437530517578125 96.08750152587890625 94.34999847412109375 93.84999847412109375 95.75624847412109375 94.59375 94.86875152587890625 98.2937469482421875 99.9499969482421875 104.05625152587890625 110.7687530517578125 121.24375152587890625 126.4250030517578125 131.0437469482421875 132.818756103515625 130.2937469482421875 127.86875152587890625 126.00624847412109375 120.375
87.8312530517578125 96.2624969482421875 98.81874847412109375 101.34999847412109375 100.96875 97.7624969482421875 95.84999847412109375 93.4562530517578125 90.6999969482421875 87.96875 92.61875152587890625 92.875 91.6062469482421875 91.94374847412109375 90.1062469482421875 87.7624969482421875 85.0124969482421875 85.34375 86.18125152587890625 86.08750152587890625 90.7062530517578125 93.6125030517578125 98.5625 100.98125457763671875 99.06874847412109375 97.3249969482421875 95.30625152587890625 91.56874847412109375 88.22499847412109375 86.59375 84.71250152587890625 83.09999847412109375 84.36875152587890625 87.7937469482421875 94.68125152587890625 101.75 110.71250152587890625 118.30625152587890625 122.3562469482421875 124.375 125.9812469482421875 121.3000030517578125 118.34375 112.875
85.6687469482421875 90.40625 95.1374969482421875 97.99375152587890625 97.3562469482421875 95.47499847412109375 94.2687530517578125 91.3249969482421875 86.97499847412109375 89.08750152587890625 91.81874847412109375 91.8937530517578125 91.1125030517578125 89.15000152587890625 86.6125030517578125 86.5187530517578125 84.19374847412109375 82.90000152587890625 84.4499969482421875 85.8249969482421875 87.75 91.0812530517578125 97.0187530517578125 101.7375030517578125 97.7687530517578125 92.5437469482421875 89.84375 87.09999847412109375 84.08750152587890625 78.97499847412109375 77.59999847412109375 73.02500152587890625 73.4812469482421875 80.86875152587890625 86.28125 94.75 100.2062530517578125 107.44374847412109375 112.55625152587890625 116.4250030517578125 120.52500152587890625 117.80625152587890625 113.5 107.59375
83.7624969482421875 85.0625 89.0124969482421875 93.27500152587890625 93.0437469482421875 91.94374847412109375 90.875 88.0500030517578125 86.3937530517578125 87.25 88.22499847412109375 86.96875 86.6125030517578125 85.4187469482421875 82.6750030517578125 81.53125 80.4375 80.21875 79.3937530517578125 81.6125030517578125 85.875 87.9875030517578125 89.7687530517578125 93.72499847412109375 92.66249847412109375 88.4562530517578125 85.52500152587890625 82.65625 79.50624847412109375 76.28749847412109375 73.09999847412109375 70.44374847412109375 71.03749847412109375 74.22499847412109375 79.875 87.0437469482421875 91.9375 99.0812530517578125 104.99375152587890625 111.5812530517578125 115.3625030517578125 116.74375152587890625 110.18125152587890625 105.65000152587890625
80.34375 81.5749969482421875 85.9499969482421875 85.81874847412109375 87.15625 85.0187530517578125 83.68125152587890625 83.4250030517578125 82.1062469482421875 83.6999969482421875 83.9499969482421875 82.78749847412109375 82.73749542236328125 82.65000152587890625 80.4375 78.91249847412109375 78.8312530517578125 76.44374847412109375 76.71250152587890625 78.53125 81.11875152587890625 82.83750152587890625 85.25 86.7624969482421875 86.25624847412109375 83.50624847412109375 80.78125 78.0812530517578125 77.22499847412109375 74.1750030517578125 70.1125030517578125 67.8000030517578125 67.7937469482421875 69.75624847412109375 74.4250030517578125 80.63750457763671875 85.5625 91.9187469482421875 97.22499847412109375 100.875 107.2312469482421875 105.72499847412109375 102.75624847412109375 99.00624847412109375
74.00624847412109375 77.21875 79.8125 79.8937530517578125 79.28125 78.65625 77.15000152587890625 78.78125 79.2624969482421875 79.36875152587890625 79.77500152587890625 80.51250457763671875 80.3125 78.875 77.08124542236328125 75.76250457763671875 74.24375152587890625 73.6374969482421875 72.66249847412109375 73.15625 76.00624847412109375 77.0437469482421875 79.0749969482421875 78.8000030517578125 78.84999847412109375 77.4250030517578125 74.68125152587890625 72.88124847412109375 72.28125 69.3937530517578125 66.6999969482421875 64.28125 64.1125030517578125 66.1875 69.28749847412109375 73.7937469482421875 80.49375152587890625 84.44374847412109375 86.68125152587890625 90.46875 96.81874847412109375 96.8874969482421875 94.5500030517578125 90.40000152587890625
69.0625 71.5124969482421875 70.8562469482421875 73.3125 74.21875 74.65625 73.58750152587890625 73.9250030517578125 74.71875 75.4812469482421875 76.6687469482421875 76.53125 78.28125 75.2937469482421875 72.90000152587890625 72.2624969482421875 72.6875 69.65625 67.1687469482421875 69.0812530517578125 71.77500152587890625 72.46250152587890625 73.0437469482421875 71.4875030517578125 70.59375 71.71875 69.59375 66.90000152587890625 64.9875030517578125 63.981250762939453125 62.350002288818359375 61.487499237060546875 61.97499847412109375 64.125 66.4562530517578125 68.8874969482421875 73.3000030517578125 78.5749969482421875 78.74375152587890625 78.99375152587890625 83.125 85.93125152587890625 84.75624847412109375 80.7687530517578125
64.05625152587890625 63.53125 63.018749237060546875 64.0500030517578125 66.2375030517578125 67.9250030517578125 69.08750152587890625 69.28749847412109375 70.86875152587890625 70.74375152587890625 72.34999847412109375 74.0124969482421875 73.90625 73.99375152587890625 72.11875152587890625 70.75624847412109375 69.6999969482421875 66.72499847412109375 63.549999237060546875 65.28749847412109375 65.8562469482421875 66.6875 66.1999969482421875 64.71250152587890625 65.27500152587890625 64.63124847412109375 63.22499847412109375 62.25624847412109375 59.41249847412109375 59.06874847412109375 59.174999237060546875 58.637500762939453125 58.75624847412109375 60.66249847412109375 63.331249237060546875 64.58750152587890625 68.5749969482421875 69.1999969482421875 69.5812530517578125 71.9250030517578125 75.0437469482421875 75.57500457763671875 74.5812530517578125 74.2062530517578125
57.700000762939453125 56.5625 55.325000762939453125 55.80625152587890625 57.8125 59.418750762939453125 61.393749237060546875 62.606250762939453125 62.862499237060546875 65.625 68.97499847412109375 69.13124847412109375 70.25624847412109375 71.93125152587890625 70.74375152587890625 67.90625 65.18125152587890625 64.59375 62.90000152587890625 63.49375152587890625 62.94374847412109375 61.825000762939453125 60.112499237060546875 59.518749237060546875 60.43125152587890625 59.30625152587890625 59.012500762939453125 57.09999847412109375 55.981250762939453125 55.15000152587890625 55.174999237060546875 54.668750762939453125 54.16249847412109375 56.09375 59.424999237060546875 61.90625 62.356250762939453125 62.74375152587890625 63.40000152587890625 66.9812469482421875 69.3937530517578125 70.4187469482421875 67.49375152587890625 67.8249969482421875
51.606250762939453125 50.65000152587890625 50.40625 50.831249237060546875 51.34999847412109375 51.393749237060546875 52.97499847412109375 53.25 56.25 58.112499237060546875 61.90000152587890625 64.53749847412109375 67.18125152587890625 68.0187530517578125 66.90625 63.825000762939453125 62.200000762939453125 61.106250762939453125 59.575000762939453125 59.41249847412109375 59.356250762939453125 56.78749847412109375 56.1875 55.78125 54.856250762939453125 53.53749847412109375 53.21875 52.831249237060546875 51.831249237060546875 51.65000152587890625 51.80625152587890625 51.200000762939453125 50.81874847412109375 53.19374847412109375 55.799999237060546875 56.956249237060546875 56.268749237060546875 57.05625152587890625 59.206249237060546875 61.24375152587890625 63.72499847412109375 65.46875 65.56874847412109375 64.5
46.643749237060546875 44.40000152587890625 45.356250762939453125 45.40000152587890625 46.28125 46.40625 46.606250762939453125 46.90000152587890625 48.012500762939453125 50.487499237060546875 55.112499237060546875 59.856250762939453125 65.21875 67.5 64.6125030517578125 61.799999237060546875 59.65625 57.931247711181640625 57.30625152587890625 55.86875152587890625 55.40000152587890625 54.40000152587890625 52.77500152587890625 51.88124847412109375 50.637500762939453125 48.96250152587890625 48.75624847412109375 48.44374847412109375 47.58750152587890625 45.5 46.00624847412109375 47.36875152587890625 48.018749237060546875 49.762500762939453125 50.8125 51.662502288818359375 52.206249237060546875 54.02500152587890625 54.90000152587890625 55.5 56.75624847412109375 57.174999237060546875 59.91249847412109375 59.94374847412109375
41.65625 40.52500152587890625 41.737499237060546875 40.981250762939453125 41.424999237060546875 41.174999237060546875 41.4375 41.481250762939453125 42.231250762939453125 43.612499237060546875 47.637500762939453125 53.450000762939453125 60.581249237060546875 61.71875 60.93125152587890625 58.924999237060546875 57.456249237060546875 55.25 53.36875152587890625 52.287502288818359375 49.65000152587890625 49.924999237060546875 47.887500762939453125 46.543750762939453125 44.58750152587890625 44.58750152587890625 44.36875152587890625 44.143749237060546875 43.25 41.84999847412109375 42.33750152587890625 44.106250762939453125 44.56874847412109375 46.299999237060546875 47.481250762939453125 47.34375 48.36875152587890625 49.424999237060546875 51.362499237060546875 52.03125 51.71250152587890625 52.68125152587890625 52.668750762939453125 53.262500762939453125
36.78125 36.72499847412109375 37.331249237060546875 36.46250152587890625 36.74375152587890625 37.231250762939453125 37.31874847412109375 37.15000152587890625 37.106250762939453125 36.77500152587890625 40.875 47.450000762939453125 53.3125 55.28749847412109375 56.018749237060546875 55.21250152587890625 53.77500152587890625 51.143749237060546875 49.174999237060546875 48.256252288818359375 45.5625 44.16249847412109375 42.674999237060546875 42.11875152587890625 40.30625152587890625 39.762500762939453125 39.706249237060546875 39.15000152587890625 38.518749237060546875 38.71250152587890625 39.05625152587890625 39.831249237060546875 40.206249237060546875 41.84999847412109375 42.97499847412109375 42.450000762939453125 43.106250762939453125 45.65625 47.90000152587890625 47.75624847412109375 46.91249847412109375 47.65625 47.43125152587890625 49.100002288818359375
31.725000381469726562 32.362499237060546875 32.11875152587890625 32.549999237060546875 32.83750152587890625 33.22499847412109375 33.44374847412109375 33.28749847412109375 33.38124847412109375 32.5 38.66249847412109375 44.44374847412109375 48.018749237060546875 50.40000152587890625 51.887500762939453125 51.72499847412109375 49.25 48.299999237060546875 45.7062530517578125 44.47499847412109375 42.625 40.78125 38.556247711181640625 38.05625152587890625 37.05625152587890625 36.28125 35.80625152587890625 35.362499237060546875 34.918750762939453125 34.75624847412109375 33.81874847412109375 35.168750762939453125 35.65000152587890625 37.40625 37.56874847412109375 36.831249237060546875 39.112499237060546875 40.987499237060546875 42.856250762939453125 43.21250152587890625 42.75624847412109375 44.487499237060546875 43.96875 41.86875152587890625
