data/historical-monthly-weather-data/wc2.1_cruts4.09_10m_prec_2017-05.asc
ncols        45
nrows        45
xllcorner    -63.500000000000
yllcorner    -7.500000000000
cellsize     0.166666666667
NODATA_value -9999
[rows 20 to 39 of 45, columns 0 to 43 of 45]
213.462493896484375 218.2312469482421875 218.75 215.212493896484375 211.337493896484375 212.943756103515625 211.34375 206.243743896484375 196.96875 184.8312530517578125 174.181243896484375 166.875 157.3000030517578125 148.0437469482421875 139.0812530517578125 132.1374969482421875 123.5437469482421875 120.71875 121.75624847412109375 120.94374847412109375 126.21250152587890625 130.725006103515625 134.837493896484375 139.5437469482421875 143.375 143.962493896484375 143.3125 146.3249969482421875 149.625 153.0812530517578125 158.5062408447265625 165.7375030517578125 165.2624969482421875 166.225006103515625 170.056243896484375 172.125 171.8625030517578125 169.21875 164.068756103515625 156.8874969482421875 150.1999969482421875 143.8125 140.21875 140.3625030517578125
212.787506103515625 211.993743896484375 217.1750030517578125 220.693756103515625 218.1125030517578125 215.2312469482421875 213.193756103515625 208.5812530517578125 199.75 188.225006103515625 176.6687469482421875 167.243743896484375 157.125 147.1999969482421875 140.993743896484375 132.6750030517578125 130.59375 126.44374847412109375 126.4875030517578125 124.5749969482421875 124.6437530517578125 128.256256103515625 132.2687530517578125 134.8874969482421875 136.0625 139.306243896484375 144.743743896484375 147.71875 154.9187469482421875 159.96875 162.8562469482421875 165.412506103515625 167.3625030517578125 169.78125 169.7312469482421875 168.7062530517578125 168.8625030517578125 166.5437469482421875 161.443756103515625 155.0187530517578125 149.524993896484375 143.75 139.787506103515625 138.431243896484375
212.0500030517578125 219.2062530517578125 223.8249969482421875 227.8125 225.6062469482421875 220.0124969482421875 209.3125 204.3000030517578125 200.537506103515625 190.131256103515625 177.256256103515625 167.15625 159.5124969482421875 149.875 143.46875 136.625 131.899993896484375 128.9499969482421875 127.1750030517578125 125.53125 126.75624847412109375 126.6062469482421875 129.0500030517578125 131.2312469482421875 135.2375030517578125 137.875 141.375 148.243743896484375 155.9812469482421875 160.5 162.649993896484375 167.6875 171.1687469482421875 171.9250030517578125 172.40625 166.3312530517578125 163.65625 163.1687469482421875 161.4250030517578125 155.21875 148.7062530517578125 143.5500030517578125 139.149993896484375 137.0625
207.6437530517578125 217.9250030517578125 225.1999969482421875 226.475006103515625 223.212493896484375 215.75 212.931243896484375 206.28125 198.125 187.443756103515625 177.0187530517578125 170.837493896484375 162.25 154.1875 146.3125 139.3125 134.131256103515625 132.1374969482421875 130.7624969482421875 129.631256103515625 128.2375030517578125 128.3000030517578125 128.725006103515625 133.087493896484375 135.381256103515625 135.84375 141.1062469482421875 148.46875 157.493743896484375 165.662506103515625 172.6437530517578125 178.9875030517578125 182.100006103515625 181.024993896484375 179.2312469482421875 170.149993896484375 169.1687469482421875 166.431243896484375 162.618743896484375 157.03125 149.962493896484375 145.7062530517578125 141.681243896484375 137.7687530517578125
207.75 219.506256103515625 224.274993896484375 227.962493896484375 225.8562469482421875 219.875 211.3937530517578125 205.6125030517578125 196.912506103515625 188.1437530517578125 177.712493896484375 170.006256103515625 163.96875 155.6750030517578125 147.4499969482421875 141.5812530517578125 137.975006103515625 135.350006103515625 132.8312530517578125 131.506256103515625 131.59375 130.1750030517578125 131.3000030517578125 134.506256103515625 136.5437469482421875 141.087493896484375 146.506256103515625 154.649993896484375 163.368743896484375 174.850006103515625 183.256256103515625 194.4562530517578125 196.0124969482421875 193.25 186.2375030517578125 178.318756103515625 174.8874969482421875 168.25 163.506256103515625 158.1374969482421875 152.1437530517578125 146.6374969482421875 142.4250030517578125 136.84375
213.0812530517578125 226.6125030517578125 224.868743896484375 226.4250030517578125 220.806243896484375 214.5124969482421875 206.5437469482421875 200.8000030517578125 190.649993896484375 180.4875030517578125 175.65625 170.2375030517578125 162.3562469482421875 155.0500030517578125 150.381256103515625 144.506256103515625 140.8312530517578125 138.125 135.40625 133.21875 133.2937469482421875 131.96875 132.993743896484375 134.7062530517578125 138.899993896484375 143.2687530517578125 152.6125030517578125 161.15625 169.8249969482421875 182.3125 195.4562530517578125 212.65625 214.225006103515625 204.743743896484375 194.618743896484375 186.8562469482421875 179.15625 172.556243896484375 163.875 157.912506103515625 152.693756103515625 145.8874969482421875 139.850006103515625 135.912506103515625
214.84375 220.25 221.662506103515625 220.7687530517578125 215.368743896484375 209.9499969482421875 202.4499969482421875 194.243743896484375 186.368743896484375 182.475006103515625 176.71875 169.625 163.8874969482421875 157.931243896484375 153.21875 148.8312530517578125 143.818756103515625 140.0187530517578125 139.962493896484375 137.181243896484375 135.71875 135.1062469482421875 136 140.118743896484375 144.2624969482421875 149.162506103515625 158.4375 167.2375030517578125 177.0124969482421875 187.8000030517578125 203.9187469482421875 221.193756103515625 226.3312530517578125 212.649993896484375 199.2874908447265625 190.006256103515625 184.5625 175.837493896484375 167.0749969482421875 160.943756103515625 154.8000030517578125 147.9187469482421875 141.8000030517578125 136.024993896484375
217.7312469482421875 218.4375 217.5437469482421875 213.1374969482421875 209.1125030517578125 205.4250030517578125 199.6437530517578125 190.8249969482421875 185.25 181.5625 175.5187530517578125 168.9875030517578125 164.0437469482421875 158.381256103515625 155.100006103515625 149.431243896484375 146.381256103515625 145.443756103515625 145.15625 142.9499969482421875 141.306243896484375 139.475006103515625 141.6875 145.0187530517578125 149.6750030517578125 153.6374969482421875 163.3249969482421875 172.225006103515625 182.6687469482421875 193.7624969482421875 207.8249969482421875 221.9812469482421875 223.1875 212.34375 202.8000030517578125 193.84375 186.1875 180.125 172.837493896484375 164.3937530517578125 156.818756103515625 151.225006103515625 145.0812530517578125 139.868743896484375
216.3625030517578125 215.6374969482421875 211.4562530517578125 207.0437469482421875 202.65625 195.78125 189.625 186.118743896484375 184.5 179.0500030517578125 174.0500030517578125 169.4812469482421875 164.5 161.1750030517578125 159.3562469482421875 156.4250030517578125 153.125 150.9375 149.5812530517578125 147.787506103515625 146.3625030517578125 144.274993896484375 145.256256103515625 148.4250030517578125 152.7687530517578125 155.412506103515625 165.25 175.850006103515625 186.03125 195.3312530517578125 207.412506103515625 216.6374969482421875 215.21875 207.7312469482421875 202.431243896484375 194.9812469482421875 188.90625 181.7937469482421875 174.6875 166.3125 156.375 149.2624969482421875 146.1687469482421875 144.256256103515625
212.625 209.7062530517578125 203.587493896484375 196.649993896484375 192 189.162506103515625 184.7375030517578125 184.09375 181.6999969482421875 176.1437530517578125 173.100006103515625 170.087493896484375 166.8249969482421875 164.9875030517578125 163.681243896484375 161.5625 158.631256103515625 158.962493896484375 156.6687469482421875 153.1062469482421875 151.818756103515625 151.0124969482421875 151.3125 153.287506103515625 155.3000030517578125 160.962493896484375 167.975006103515625 175.1750030517578125 184.40625 192.8000030517578125 202.756256103515625 208.7062530517578125 207.34375 203.5437469482421875 199.993743896484375 192.7687530517578125 191.368743896484375 185.875 178.056243896484375 173.568756103515625 166.4812469482421875 158.225006103515625 151.537506103515625 146.568756103515625
208.024993896484375 202.756256103515625 195.368743896484375 190.806243896484375 187.743743896484375 184.9187469482421875 183.475006103515625 181.006256103515625 179.2624969482421875 176.28125 173.881256103515625 170.681243896484375 170.587493896484375 167.225006103515625 166.625 166.5625 165.34375 164.1999969482421875 162.975006103515625 161.0625 157.6062469482421875 155.5749969482421875 155.7062530517578125 155.806243896484375 157.506256103515625 164.09375 169.59375 174.8874969482421875 183.125 189.0625 197.6437530517578125 200.506256103515625 199.350006103515625 197.5 194.6875 188.59375 188.1062469482421875 186.899993896484375 182.9250030517578125 177.6125030517578125 174.1374969482421875 165.212493896484375 157.6062469482421875 149.899993896484375
198.024993896484375 191.6999969482421875 186.337493896484375 183.8937530517578125 183.3000030517578125 179.9875030517578125 181.4562530517578125 177.4375 175.931243896484375 173.34375 171.6437530517578125 168.7687530517578125 169.068756103515625 169.243743896484375 168.931243896484375 170.212493896484375 167.306243896484375 165.9562530517578125 165.0187530517578125 163.8000030517578125 159.78125 158.0749969482421875 157.4812469482421875 158.381256103515625 162.412506103515625 165.931243896484375 170.837493896484375 174.3625030517578125 179 184.493743896484375 187.868743896484375 190.9499969482421875 189.5500030517578125 188.5500030517578125 188.068756103515625 184.4562530517578125 184.0187530517578125 184.7687530517578125 181.3249969482421875 180.9812469482421875 178.006256103515625 170.618743896484375 163.7062530517578125 158.6875
182 178.0625 174.256256103515625 174.256256103515625 172.9187469482421875 171.618743896484375 173.5749969482421875 172.837493896484375 172.03125 171.600006103515625 173.6437530517578125 171.90625 172.34375 174.1437530517578125 173.3562469482421875 172.162506103515625 169.8125 170.6062469482421875 167.681243896484375 166.162506103515625 161.78125 160.899993896484375 159.118743896484375 161.15625 164.0749969482421875 167.5625 170.28125 173.5687408447265625 175.587493896484375 178.3125 181.024993896484375 181.9812469482421875 179.4875030517578125 181.537506103515625 180.7375030517578125 180.8625030517578125 178.631256103515625 179.7937469482421875 177.412506103515625 179.806243896484375 177.4375 173.40625 168.350006103515625 165.6374969482421875
166.4562530517578125 163.15625 163.274993896484375 163.9562530517578125 165.274993896484375 165.03125 167.024993896484375 167.462493896484375 166.78125 167.0124969482421875 169.162506103515625 171.9812469482421875 172.53125 173.3249969482421875 174.4187469482421875 175.318756103515625 174.131256103515625 173.725006103515625 169.350006103515625 166.162506103515625 164.2062530517578125 163.493743896484375 161.7375030517578125 161.75 164.3874969482421875 166.1437530517578125 167.4812469482421875 169.274993896484375 172.131256103515625 173.087493896484375 174 173.6125030517578125 172.28125 171.9499969482421875 172.743743896484375 172.5124969482421875 172.75 171.3249969482421875 172.53125 174.0124969482421875 172.649993896484375 172.28125 171.6750030517578125 170.5437469482421875
150.381256103515625 148.712493896484375 150.8312530517578125 153.84375 156.59375 158.006256103515625 158.6437530517578125 160.9562530517578125 158.475006103515625 160.100006103515625 164.600006103515625 169.0625 174.1125030517578125 178.0187530517578125 178.587493896484375 178.5124969482421875 176.6437530517578125 175.8937530517578125 171.5500030517578125 166.1875 164.3312530517578125 162.181243896484375 161.681243896484375 161.0812530517578125 162.375 163.568756103515625 166.2937469482421875 168.193756103515625 169.6875 169.8937530517578125 168.131256103515625 166.3562469482421875 163.3000030517578125 163.631256103515625 160.0812530517578125 161.2375030517578125 160.1687469482421875 164.287506103515625 165.78125 166.5187530517578125 166.4562530517578125 165.399993896484375 166.1125030517578125 167.975006103515625
136.0500030517578125 136.212493896484375 137.40625 139.899993896484375 142.0437469482421875 143.837493896484375 144.3562469482421875 147.3937530517578125 147.318756103515625 148.5124969482421875 153.962493896484375 164.0749969482421875 173.787506103515625 178.5437469482421875 180.8125 180.087493896484375 178.1062469482421875 174.8312530517578125 172.1687469482421875 166.5437469482421875 164.6875 162.5500030517578125 161.131256103515625 160.774993896484375 160.6999969482421875 160.65625 164.681243896484375 166.568756103515625 165.5812530517578125 164.34375 162.4562530517578125 159.787506103515625 156.193756103515625 152.806243896484375 150.40625 150.2375030517578125 154.274993896484375 154.193756103515625 155.8562469482421875 159.4250030517578125 158.9875030517578125 160.8000030517578125 160.7062530517578125 162.7624969482421875
123.02500152587890625 124.375 125.66249847412109375 127.99375152587890625 130.774993896484375 131.7874908447265625 133.21875 134.412506103515625 135.475006103515625 135.0187530517578125 147.9812469482421875 166.912506103515625 176.881256103515625 181.537506103515625 182.725006103515625 181.662506103515625 178.09375 174.03125 171.09375 164.5 163.274993896484375 161.412506103515625 158.662506103515625 157.868743896484375 157.6999969482421875 158.962493896484375 161.0500030517578125 161.975006103515625 160.9250030517578125 159.587493896484375 157.818756103515625 155.443756103515625 150.868743896484375 145.15625 142.993743896484375 144.506256103515625 146.4562530517578125 147.931243896484375 148.3625030517578125 149.6125030517578125 149.443756103515625 149.71875 153.881256103515625 157.1687469482421875
111.19374847412109375 112.55625152587890625 115.31874847412109375 117.3312530517578125 120.9375 123.11875152587890625 125.0500030517578125 126.09999847412109375 129.0749969482421875 130.618743896484375 154.375 175.100006103515625 182.3000030517578125 186.787506103515625 186.131256103515625 183.875 179.399993896484375 175.712493896484375 170.3937530517578125 165.274993896484375 161.2375030517578125 159.1687469482421875 156.537506103515625 155.25 154.5187530517578125 154.868743896484375 154.806243896484375 158.7312469482421875 158.71875 155.3874969482421875 151.850006103515625 149.1687469482421875 145.537506103515625 138.8625030517578125 134.149993896484375 135.7062530517578125 138.9562530517578125 139.787506103515625 142.568756103515625 142.0625 142.368743896484375 143.5437469482421875 143.4499969482421875 144.5124969482421875
99.1999969482421875 100.59999847412109375 103.36875152587890625 106.4375 108.6374969482421875 112.0437469482421875 116.40000152587890625 121.58750152587890625 130.25 145.8312530517578125 173.4875030517578125 181.5187530517578125 182.3937530517578125 186.03125 185.7312469482421875 184.131256103515625 181.3874969482421875 176.7937469482421875 171.5187530517578125 164.8000030517578125 158.6374969482421875 154.0187530517578125 152.2125091552734375 152.100006103515625 150.0625 149.725006103515625 151.649993896484375 154.837493896484375 153.3125 151.837493896484375 146.875 140.8874969482421875 138.5500030517578125 135.399993896484375 134.2062530517578125 134.3312530517578125 134.875 137.412506103515625 136.4375 134.193756103515625 136.1374969482421875 136.649993896484375 135.2750091552734375 137.443756103515625
89.21250152587890625 90.1875 93.7062530517578125 96.86875152587890625 100.1374969482421875 104.3000030517578125 108.7375030517578125 117.9250030517578125 129.6875 145.3937530517578125 161.9499969482421875 173.368743896484375 177.100006103515625 180.9812469482421875 184.243743896484375 182.7375030517578125 180.2687530517578125 175.0625 168.5187530517578125 162.78125 154.9812469482421875 150.287506103515625 145.7062530517578125 145.2312469482421875 144.8312530517578125 145.3874969482421875 146.2687530517578125 148.2312469482421875 147.3000030517578125 145.7312469482421875 143.1062469482421875 140.8562469482421875 138.0500030517578125 136.1437530517578125 134.8874969482421875 133.7375030517578125 133.0500030517578125 134.6687469482421875 133.125 128.4562530517578125 128.568756103515625 128.837493896484375 126.33750152587890625 125.8249969482421875
