data/historical-monthly-weather-data/wc2.1_cruts4.09_10m_prec_1991-06.asc
ncols        51
nrows        45
xllcorner    -63.500000000000
yllcorner    -7.500000000000
cellsize     0.166666666667
NODATA_value -9999
[rows 19 to 37 of 45, columns 0 to 43 of 51]
155.006256103515625 161.8000030517578125 165.056243896484375 166.0625 169.993743896484375 177.65625 180.3874969482421875 180.2375030517578125 183.881256103515625 184.2312469482421875 182.306243896484375 178.149993896484375 171.25 163.3874969482421875 155.806243896484375 141 131.712493896484375 132.8625030517578125 125.06874847412109375 125.59999847412109375 117.3625030517578125 120.7624969482421875 132.03125 138.4250030517578125 138.15625 138.71875 141.7624969482421875 153.850006103515625 154.1374969482421875 152.1062469482421875 154.7375030517578125 174.2375030517578125 182.6125030517578125 186.881256103515625 193.7375030517578125 209.2312469482421875 219.193756103515625 215.9187469482421875 208.693756103515625 197.806243896484375 178.0625 154.993743896484375 152.162506103515625 149.5
140.6437530517578125 154.3249969482421875 161.868743896484375 164.0749969482421875 162.6437530517578125 166.75 173.068756103515625 175.8874969482421875 177.8000030517578125 176.7937469482421875 177.1812591552734375 172.875 166.1374969482421875 156.0500030517578125 146.037506103515625 139.306243896484375 129.5124969482421875 125.69374847412109375 128.318756103515625 125.84375 132.1062469482421875 136.7312469482421875 144.21875 154.787506103515625 157.462493896484375 153.662506103515625 145.0812530517578125 148.3937530517578125 152.46875 157.9499969482421875 163.274993896484375 175.725006103515625 172.4375 174.9250030517578125 179.4375 193.631256103515625 205.46875 207.40625 196.162506103515625 184.3874969482421875 171.306243896484375 153.8249969482421875 148.9499969482421875 148.037506103515625
135.6437530517578125 141.2750091552734375 151.412506103515625 158.34375 159.618743896484375 161.100006103515625 165.6187591552734375 167.9187469482421875 169.2375030517578125 172.1750030517578125 172.318756103515625 165.787506103515625 158.9375 154.5749969482421875 149.618743896484375 138.6437530517578125 141.1750030517578125 134.850006103515625 137.8562469482421875 136.868743896484375 135.6062469482421875 145.46875 153.3125 155.7624969482421875 155.1875 153.375 156.46875 153.7375030517578125 162.1437530517578125 167.412506103515625 166.3000030517578125 164.1125030517578125 164.7624969482421875 172.2624969482421875 173.881256103515625 180.4250030517578125 189.3937530517578125 196.006256103515625 190.3125 181.318756103515625 168.7687530517578125 156.6437530517578125 151.8312530517578125 152.03125
131.287506103515625 144.5625 153.8937530517578125 159.712493896484375 161.181243896484375 160.4875030517578125 156.006256103515625 156.443756103515625 163.4562530517578125 165.6437530517578125 165.28125 164.350006103515625 165.1062469482421875 163.524993896484375 157.8562469482421875 150.537506103515625 142.943756103515625 138.631256103515625 140.2062530517578125 143.243743896484375 149.4499969482421875 151.506256103515625 152.693756103515625 156.756256103515625 163.774993896484375 162.318756103515625 158.943756103515625 159.568756103515625 164.1687469482421875 160.4499969482421875 158.024993896484375 159.162506103515625 157.743743896484375 159.0062408447265625 167.368743896484375 168.4499969482421875 172.0500030517578125 179.46875 181.625 177.868743896484375 167.318756103515625 158.6125030517578125 153.243743896484375 150.131256103515625
124.05625152587890625 138.2687530517578125 152.2687530517578125 154.600006103515625 154.3874969482421875 153.5812530517578125 156.5437469482421875 156.2687530517578125 155.774993896484375 154.4187469482421875 160.75 166.96875 165.2312469482421875 166.8312530517578125 157.600006103515625 151.412506103515625 146.2375030517578125 147.412506103515625 147.9375 149.056243896484375 153.78125 160 159.725006103515625 169.8125 170.350006103515625 166.1374969482421875 169.006256103515625 159.868743896484375 157.212493896484375 155.649993896484375 152.2375030517578125 151.774993896484375 152.912506103515625 151.53125 157.65625 157.3000030517578125 163.681243896484375 171.0812530517578125 171.068756103515625 167.337493896484375 161.0187530517578125 155.649993896484375 151.774993896484375 150.2062530517578125
115.5812530517578125 131.1437530517578125 142.9250030517578125 151.40625 153.7624969482421875 152.8125 153.181243896484375 155.2375030517578125 153.7687530517578125 157.28125 158.693756103515625 160.6687469482421875 164.524993896484375 160.462493896484375 152.7062530517578125 148.100006103515625 146.399993896484375 145.2624969482421875 148.318756103515625 153.6125030517578125 158.3000030517578125 161.212493896484375 169.2687530517578125 176.7687530517578125 171.943756103515625 167.943756103515625 164.318756103515625 159.125 154.15625 152.0999908447265625 143.725006103515625 138.8062591552734375 139.6999969482421875 143.725006103515625 147.6374969482421875 150.9875030517578125 155.90625 159.2937469482421875 162.8000030517578125 161.006256103515625 156.399993896484375 153.712493896484375 152.412506103515625 146.9375
112.18125152587890625 129.493743896484375 134.443756103515625 142.7687530517578125 144.7624969482421875 145.6374969482421875 145.006256103515625 147.524993896484375 143.037506103515625 142.34375 149.2062530517578125 151.774993896484375 155.243743896484375 154.0500030517578125 150.7249908447265625 144.0187530517578125 143.25 146.65625 150.7375030517578125 151.8562469482421875 157.9375 163.1750030517578125 169.6999969482421875 174.6125030517578125 174.8499908447265625 168.15625 163.537506103515625 157.9375 148.912506103515625 144.0625 135.4250030517578125 129.8125 130.787506103515625 133.5812530517578125 137.125 144.443756103515625 150.037506103515625 151.149993896484375 151.368743896484375 153.975006103515625 150.46875 140.350006103515625 138.5500030517578125 138.8125
106.4375 115.03749847412109375 124.02500152587890625 130.21875 132.412506103515625 134.3562469482421875 134.8125 131.274993896484375 130.3874969482421875 137.212493896484375 144.46875 146.7687530517578125 147.2312469482421875 148.375 147.4812469482421875 145.931243896484375 142.8874969482421875 141.5 146.8874969482421875 148.4812469482421875 151.462493896484375 157.475006103515625 165.725006103515625 176.78125 170.5124969482421875 164.65625 160.1875 151.931243896484375 143.25 136.46875 130.649993896484375 121.625 121.875 125.7062530517578125 130.475006103515625 135.8312530517578125 143.818756103515625 145.493743896484375 143.5625 147.6374969482421875 147.6750030517578125 140.5374908447265625 133.600006103515625 130.9875030517578125
101.5749969482421875 105.0500030517578125 111.78749847412109375 114.6062469482421875 116.8937530517578125 121.00624847412109375 123.0749969482421875 121.74375152587890625 123.4562530517578125 130.368743896484375 134.8874969482421875 138.40625 138.6999969482421875 138.9187469482421875 138.1750030517578125 137.3625030517578125 135.631256103515625 137.9250030517578125 138.09375 142.6624908447265625 147.5749969482421875 150.09375 160.1687469482421875 165.118743896484375 162.8562469482421875 156.6750030517578125 152.0812530517578125 144.0749969482421875 139.71875 134.943756103515625 127.21250152587890625 120.6062469482421875 119.4250030517578125 118.88124847412109375 126.85625457763671875 131.725006103515625 139.493743896484375 140.662506103515625 141.5812530517578125 143.8937530517578125 144.3937530517578125 141.5749969482421875 128.475006103515625 127.78125
94.40000152587890625 99.4812469482421875 100.1125030517578125 100.90000152587890625 104.44374847412109375 104.58750152587890625 108.0812530517578125 112.00624847412109375 116.90625 120.94374847412109375 126.16249847412109375 128.850006103515625 131.556243896484375 132.868743896484375 132.5124969482421875 132.412506103515625 133.0500030517578125 132.8249969482421875 135.9187469482421875 140.087493896484375 141.25 142.806243896484375 147.3312530517578125 150.84375 150.5374908447265625 145.149993896484375 144.46875 141.2312469482421875 135.537506103515625 127.63124847412109375 119.34999847412109375 115 113.8125 117.5812530517578125 121.75624847412109375 126.1437530517578125 135.6125030517578125 134.506256103515625 136.162506103515625 136.6125030517578125 134.962493896484375 129.7687530517578125 123.99375152587890625 126.65000152587890625
88.15625 89.96875 90.7062530517578125 90.46250152587890625 92.25 95.40000152587890625 98.3312530517578125 104.8312530517578125 108.5437469482421875 113.63124847412109375 118.4875030517578125 122.58750152587890625 126.0625 128.306243896484375 126.80625152587890625 125.15000152587890625 124.71250152587890625 127.65625 125.81874847412109375 125.02500152587890625 129.7312469482421875 131.8874969482421875 135.46875 138.6999969482421875 136.6875 137.5 135.350006103515625 131.2624969482421875 127.03749847412109375 119.5 113.1750030517578125 108.8625030517578125 110.6062469482421875 115.00624847412109375 121.31874847412109375 123.21250152587890625 134.381256103515625 133.90625 129.212493896484375 135.256256103515625 132.962493896484375 127.50624847412109375 125.71875 121.75
83.5625 83.18125152587890625 82.5500030517578125 82.97499847412109375 84.4499969482421875 87.09375 91.58750152587890625 96.46250152587890625 100.11875152587890625 106.1374969482421875 111.6875 114.2687530517578125 119.68125152587890625 117.15625 117.56874847412109375 120.4812469482421875 121.30625152587890625 120.03749847412109375 118.84375 119.28125 120.66249847412109375 120.1374969482421875 123.06874847412109375 126.8937530517578125 126.6437530517578125 128.0812530517578125 125.3249969482421875 122.625 118.28749847412109375 112.84999847412109375 111.24375152587890625 108.1374969482421875 108.6687469482421875 110.65000152587890625 116.15625 119.0500030517578125 128.006256103515625 131.149993896484375 127.51874542236328125 123.8125 125.4250030517578125 121.15625 119.0500030517578125 117.1437530517578125
78.34999847412109375 77.27500152587890625 75.5437469482421875 76.75624847412109375 79.875 82.34375 85.5812530517578125 89.375 93.80625152587890625 97.6125030517578125 100.61875152587890625 104.43125152587890625 106.2687530517578125 109.3312530517578125 111.9812469482421875 113.31874847412109375 110.93125152587890625 109.6374969482421875 109.4250030517578125 110.24375152587890625 110.75 111.40000152587890625 110.84375 113.25 116.25624847412109375 116.59999847412109375 115.94374847412109375 113.9875030517578125 110.1750030517578125 110.90625 108.1125030517578125 105.15625 106.9875030517578125 108.50624847412109375 112.65000152587890625 114.2624969482421875 119.9562530517578125 120.33750152587890625 120.99375152587890625 119.93125152587890625 122.33750152587890625 119.4375 115.9562530517578125 113.97499847412109375
72.52500152587890625 71.6999969482421875 71.7937469482421875 73.1125030517578125 73.8249969482421875 76.4499969482421875 79.6687469482421875 83.6750030517578125 86.38124847412109375 89.96250152587890625 96.03749847412109375 98.5 101.3125 106.4499969482421875 109.09999847412109375 106.77500152587890625 103.875 104.8625030517578125 104.36875152587890625 104.13124847412109375 101.83750152587890625 100.71875 101.46875 103.80625152587890625 105.13124847412109375 106.2312469482421875 105.4187469482421875 103.59999847412109375 102.4499969482421875 104.1125030517578125 103.8125 100.3625030517578125 103.0500030517578125 107.53749847412109375 110.0500030517578125 111.49375152587890625 113.1687469482421875 113.6999969482421875 114.59375 118.78749847412109375 121.18125152587890625 118 112.78749847412109375 109.8125
66.6875 67.0187530517578125 68.9375 69.68125152587890625 69.8874969482421875 71.72499847412109375 75.3874969482421875 77.3562469482421875 79.38124847412109375 81.9875030517578125 87.7687530517578125 93.2687530517578125 96.84999847412109375 99.3125 100.15000152587890625 101.0500030517578125 100.9187469482421875 99.2375030517578125 96.2624969482421875 95.8000030517578125 94.68125152587890625 92.69374847412109375 94.08750152587890625 93.96250152587890625 95.94374847412109375 95.2687530517578125 96.65000152587890625 95.7687530517578125 96.9187469482421875 98.4875030517578125 100.36875152587890625 100.6062469482421875 99.5 102.0749969482421875 106.5812530517578125 108.2375030517578125 109.03749847412109375 109.2062530517578125 110.97499847412109375 113.46250152587890625 113.2687530517578125 113.43125152587890625 110.9499969482421875 102.9499969482421875
62.581249237060546875 61.77500152587890625 64.52500152587890625 66.78749847412109375 67.08750152587890625 66.86875152587890625 68.2375030517578125 70.9562530517578125 73.1875 75.53125 83.1999969482421875 89.53749847412109375 93.9875030517578125 100.0749969482421875 100.78125 98.88124847412109375 96.1062469482421875 91.7375030517578125 88.6374969482421875 84.6875 86.375 83.34375 82.8125 83.00624847412109375 87.11875152587890625 87.84999847412109375 88.34375 87.02500152587890625 87.77500152587890625 89.78749847412109375 93.4187469482421875 96.1687469482421875 94.78749847412109375 96.90625 99.13124847412109375 102.1687469482421875 101.2062530517578125 106.44374847412109375 105.4187469482421875 107.8125 108.06874847412109375 105.625 104.7624969482421875 100.2375030517578125
58.799999237060546875 57.950000762939453125 59.575000762939453125 61.643749237060546875 62.69374847412109375 63.15625 64.27500152587890625 65.3874969482421875 66.6875 68.84375 73.875 83.97499847412109375 91.25 95.75624847412109375 96.78749847412109375 95.3000030517578125 91.65000152587890625 85.27500152587890625 81.1437530517578125 76.4499969482421875 75.56874847412109375 76.34999847412109375 74.93125152587890625 74.90625 77.94374847412109375 78.41249847412109375 78.78125 78.0500030517578125 80.09999847412109375 82.1999969482421875 84.5812530517578125 88.0812530517578125 89.18125152587890625 90.0812530517578125 90.40000152587890625 93.4562530517578125 97.4562530517578125 97.91249847412109375 98.875 101.96250152587890625 102.40625 99.2312469482421875 97.9499969482421875 97.21875
53.53749847412109375 54.88124847412109375 54.93125152587890625 56.956249237060546875 58.831249237060546875 59.38124847412109375 60.143749237060546875 62.043750762939453125 62.99375152587890625 61.987499237060546875 69.53749847412109375 81.99375152587890625 89.78749847412109375 91.80625152587890625 92.5812530517578125 90.8312530517578125 87.8249969482421875 82.46250152587890625 77.5500030517578125 70.6687469482421875 68.36875152587890625 69.6875 68.1687469482421875 68.5187530517578125 68.8249969482421875 69.3000030517578125 71.5437469482421875 71.0437469482421875 71.1062469482421875 72.41249847412109375 77.53749847412109375 79.6125030517578125 82.1374969482421875 84.3625030517578125 84.75624847412109375 87.34999847412109375 91.1374969482421875 94.375 93.34375 93.3000030517578125 93.47499847412109375 93.75624847412109375 90.43125152587890625 96.1750030517578125
48.856250762939453125 50.331249237060546875 51.55625152587890625 53.987499237060546875 55.174999237060546875 56.268749237060546875 57.90000152587890625 59.575000762939453125 61.63124847412109375 60.53125 72.47499847412109375 83.7624969482421875 87.8000030517578125 90.18125152587890625 88.15000152587890625 85.9875030517578125 82.61875152587890625 78.3625030517578125 74.375 68.90000152587890625 65.19374847412109375 64.2062530517578125 61.75 62.043750762939453125 61.55625152587890625 63.09375 64.9250030517578125 64.33750152587890625 64.25624847412109375 65.05625152587890625 68.2937469482421875 73.4250030517578125 76.625 77.46875 78.3937530517578125 81.3874969482421875 84.2062530517578125 85.90625 90.1750030517578125 88.5500030517578125 87.4875030517578125 89.00624847412109375 85.0812530517578125 84.91249847412109375
