data/historical-monthly-weather-data/wc2.1_cruts4.09_10m_prec_1995-10.asc
ncols        45
nrows        45
xllcorner    -63.500000000000
yllcorner    -7.500000000000
cellsize     0.166666666667
NODATA_value -9999
[rows 19 to 37 of 45, columns 0 to 43 of 45]
101.81874847412109375 104.3125 106.84999847412109375 109.34999847412109375 111.68125152587890625 113.78749847412109375 115.13124847412109375 115.5625 115.15000152587890625 113.6374969482421875 110.2312469482421875 104.00624847412109375 97.63124847412109375 91.72499847412109375 88.11875152587890625 85.3874969482421875 81.6875 79.96875 79.0187530517578125 78.69374847412109375 76.90625 76.72499847412109375 78.50624847412109375 80.22499847412109375 80.05625152587890625 77.41249847412109375 73.5124969482421875 68.6374969482421875 61.78125 55.325000762939453125 51.06874847412109375 51.543750762939453125 50.637500762939453125 49.168750762939453125 47.05625152587890625 43.84999847412109375 41.825000762939453125 40.831249237060546875 39.93125152587890625 38.450000762939453125 36.53125 34.80625152587890625 31.993749618530273438 29.4375
96.28749847412109375 100.2375030517578125 104.25624847412109375 107.91249847412109375 111.1750030517578125 113.5124969482421875 115.5812530517578125 116.4812469482421875 116.30625152587890625 114.2624969482421875 110.6437530517578125 104.09999847412109375 97.5437469482421875 90.99375152587890625 87.0812530517578125 83.68125152587890625 80.19374847412109375 78.2062530517578125 78.28125 77.8562469482421875 77.40625 77.6125030517578125 77.91249847412109375 78.5 78.375 76.6125030517578125 73.375 68.11875152587890625 63.05625152587890625 59.91249847412109375 57.956249237060546875 57.83750152587890625 56.3125 55.075000762939453125 53.987499237060546875 49.99375152587890625 45.90625 43.27500152587890625 41.24375152587890625 39.293750762939453125 37.22499847412109375 35.36875152587890625 32.924999237060546875 30.693750381469726562
91.2687530517578125 96.71250152587890625 101.72499847412109375 106.2687530517578125 110.53749847412109375 113.6687469482421875 116.0625 117.6999969482421875 118.3125 115.9375 111.4875030517578125 104.80625152587890625 98.34375 92.75624847412109375 88.3125 84.8312530517578125 81.9375 80.15000152587890625 79.5749969482421875 79.2624969482421875 77.8625030517578125 77.55625152587890625 77.93125152587890625 77.6687469482421875 76.5500030517578125 74.7624969482421875 72.78125 69.34375 66.2375030517578125 64.77500152587890625 63.962497711181640625 63.893749237060546875 61.71875 59.80625152587890625 57.231250762939453125 53.55625152587890625 49.143749237060546875 45.40000152587890625 42.63124847412109375 40.36875152587890625 38.012500762939453125 36.043750762939453125 33.918750762939453125 31.700000762939453125
87.80625152587890625 94.75 100.5812530517578125 105.75 110.0124969482421875 113.3562469482421875 116.3125 119.0187530517578125 121.13124847412109375 117.78125 112.6125030517578125 105.53125 99.84375 95.2624969482421875 90.6875 86.8562469482421875 83.84999847412109375 82.47499847412109375 81.5812530517578125 80.80625152587890625 79.6750030517578125 78.6125030517578125 78.0749969482421875 77.3125 75.71250152587890625 73.08750152587890625 72.0187530517578125 70.71250152587890625 68.625 68.5749969482421875 69.27500152587890625 69.9499969482421875 66.9250030517578125 63.987499237060546875 60.5 56.34999847412109375 51.731250762939453125 47.206249237060546875 44.03749847412109375 41.94374847412109375 39.625 37.55625152587890625 35.34375 33.018749237060546875
86.1062469482421875 93.8874969482421875 100.81874847412109375 105.5500030517578125 109.6374969482421875 112.9499969482421875 115.6374969482421875 118.61875152587890625 120.44374847412109375 117.6437530517578125 112.40000152587890625 106.6687469482421875 101.8937530517578125 97.9250030517578125 93.7687530517578125 89.9499969482421875 87.0749969482421875 85.5625 84.40625 83.3249969482421875 82.18125152587890625 81.27500152587890625 79.88124847412109375 78.34999847412109375 76.0500030517578125 72.6875 71.0124969482421875 71.0812530517578125 71.1374969482421875 72.41249847412109375 74.0187530517578125 75.0500030517578125 71.74375152587890625 67.90625 63.90000152587890625 59.625 54.668750762939453125 49.581249237060546875 46.36875152587890625 43.831249237060546875 41.356250762939453125 39.30625152587890625 37.043750762939453125 34.63124847412109375
87.28749847412109375 94.55625152587890625 101.7375030517578125 105.59999847412109375 109.2937469482421875 112.1125030517578125 114.25 116.09999847412109375 117.13124847412109375 115.75624847412109375 112.53749847412109375 108.2312469482421875 104.6687469482421875 101.4499969482421875 97.34999847412109375 93.8000030517578125 90.77500152587890625 89.19374847412109375 87.90000152587890625 86.71875 85.3312530517578125 83.6062469482421875 82.36875152587890625 80.2375030517578125 77.7375030517578125 75.30625152587890625 73.88124847412109375 73.80625152587890625 74.1875 76.03125 78.0437469482421875 78.96250152587890625 75.8249969482421875 71.5187530517578125 67.2624969482421875 62.34999847412109375 57.5 52.77500152587890625 49.22499847412109375 46.5 43.762500762939453125 41.575000762939453125 39.231250762939453125 37.03749847412109375
89.63124847412109375 95.50624847412109375 100.4812469482421875 104.90625 108.2062530517578125 110.4812469482421875 112.15625 113.46875 114.6437530517578125 114.46250152587890625 111.84375 109.4875030517578125 107.05625152587890625 104.7062530517578125 101.25 97.74375152587890625 94.9375 93.0749969482421875 91.75 90.4187469482421875 88.93125152587890625 86.97499847412109375 85.4499969482421875 83.21875 80.84375 78.72499847412109375 77.88750457763671875 77.47499847412109375 77.7062530517578125 79.8125 81.4562530517578125 83.03125 79.81874847412109375 75.06874847412109375 70.7062530517578125 65.47499847412109375 60.375 55.737499237060546875 52.299999237060546875 49.38124847412109375 46.512500762939453125 44.356250762939453125 41.924999237060546875 39.799999237060546875
93.4499969482421875 96.59375 100.31874847412109375 103.6999969482421875 106.3937530517578125 108.7624969482421875 110.27500152587890625 111.5437469482421875 112.47499847412109375 112.36875152587890625 111.8937530517578125 111.125 110.1999969482421875 109.0625 105.7062530517578125 102.58750152587890625 99.43125152587890625 97.83750152587890625 96.25 94.69374847412109375 93.21250152587890625 91.25624847412109375 89.49375152587890625 87.96250152587890625 85.36875152587890625 83.3312530517578125 82.5 82.125 82.40625 84.1687469482421875 86.2312469482421875 87 83.3125 78.1999969482421875 72.96875 67.90000152587890625 62.918750762939453125 58.33750152587890625 55.237499237060546875 52.643749237060546875 49.887500762939453125 48.012500762939453125 45.84375 43.71875
97.05625152587890625 98.3874969482421875 100.74375152587890625 103.11875152587890625 104.9875030517578125 107.0437469482421875 108.84375 109.8562469482421875 110.8562469482421875 111.59375 111.69374847412109375 112.38124847412109375 113.3000030517578125 113.02500152587890625 110.28749847412109375 107.3625030517578125 104.7062530517578125 102.53749847412109375 101.0187530517578125 99.71875 97.91249847412109375 95.90625 94.5812530517578125 92.58750152587890625 90.0625 88.2062530517578125 87.7375030517578125 87.53749847412109375 87.27500152587890625 88.7062530517578125 90.1750030517578125 90.8937530517578125 86.5500030517578125 80.71250152587890625 75.38124847412109375 70.0812530517578125 64.99375152587890625 60.86875152587890625 57.9375 55.77500152587890625 53.825000762939453125 52.00624847412109375 49.581249237060546875 47.96250152587890625
100.66249847412109375 100.5749969482421875 101.41249847412109375 102.90000152587890625 104.03749847412109375 105.44374847412109375 106.77500152587890625 108.0625 109.5500030517578125 111.125 112.3312530517578125 114.27500152587890625 116.28125 117.0812530517578125 115.05625152587890625 112.40000152587890625 110.1437530517578125 107.93125152587890625 106.11875152587890625 104.71875 102.71250152587890625 100.9562530517578125 99.53749847412109375 97.40625 94.90000152587890625 93.3125 92.91249847412109375 92.6875 92.96875 93.7312469482421875 94.3312530517578125 94.5749969482421875 89.5812530517578125 83.20000457763671875 77.36875152587890625 72.19374847412109375 67.1437530517578125 62.793750762939453125 59.825000762939453125 57.81874847412109375 56.34375 54.725002288818359375 52.59999847412109375 51.88124847412109375
104.33750152587890625 103.1875 102.9875030517578125 103 103.56874847412109375 104.3562469482421875 105.78749847412109375 107.4875030517578125 109.8125 111.6062469482421875 113.91249847412109375 116.4187469482421875 119.5500030517578125 121.46875 120.03125 118.40000152587890625 116.1875 114.47499847412109375 112.33750152587890625 110.10625457763671875 108.49375152587890625 106.90000152587890625 105.28749847412109375 102.8937530517578125 100.80625152587890625 99.75624847412109375 99.28749847412109375 98.8874969482421875 98.59999847412109375 98.5749969482421875 98.7062530517578125 98.1062469482421875 92.625 86.3249969482421875 80.1125030517578125 74.7062530517578125 69.40000152587890625 65 61.25 58.56874847412109375 56.77500152587890625 56.362499237060546875 55.28125 55.46875
107.7375030517578125 105.4187469482421875 104.53749847412109375 103.1875 103.1062469482421875 104.46250152587890625 105.78749847412109375 107.5812530517578125 110.06874847412109375 112.34375 115.5625 119.24375152587890625 123.58750152587890625 126.41249847412109375 125.375 124.50624847412109375 123.40625 121.1437530517578125 118.7062530517578125 116.4875030517578125 114.5187530517578125 113.02500152587890625 111.5187530517578125 109.13124847412109375 107.2375030517578125 105.99375152587890625 105.53125 105.0500030517578125 104.4499969482421875 103.4875030517578125 102.9875030517578125 101.6062469482421875 95.81874847412109375 89.47499847412109375 83.1374969482421875 77.15000152587890625 71.7375030517578125 67.09375 62.706249237060546875 58.206249237060546875 56.381252288818359375 57.18125152587890625 57.600002288818359375 57.893749237060546875
110.43125152587890625 107.2312469482421875 105.21250152587890625 103.91875457763671875 104.0124969482421875 104.4812469482421875 105.71875 107.6062469482421875 110.44374847412109375 113.4187469482421875 117.0812530517578125 121.9187469482421875 126.7312469482421875 130.8625030517578125 131.40625 131.2937469482421875 130.225006103515625 127.2937469482421875 125.31874847412109375 122.91249847412109375 120.83750152587890625 119.21875 117.78749847412109375 115.3312530517578125 113.66249847412109375 112.30625152587890625 111.75 111.3125 110.4250030517578125 108.9187469482421875 107.43125152587890625 104.9375 99 92.8125 86.01874542236328125 79.90625 74.30625152587890625 69.31874847412109375 64.24375152587890625 59.97499847412109375 58.28125 59.450000762939453125 60.125 61.012500762939453125
113.80625152587890625 110.11875152587890625 107.80625152587890625 106.55625152587890625 105.7937469482421875 106 106.77500152587890625 108.15625 111.03125 114.59375 120.4375 125.6125030517578125 131.806243896484375 137.5500030517578125 138.7062530517578125 138.774993896484375 137.6687469482421875 134.875 132.350006103515625 129.787506103515625 127.5124969482421875 125.6999969482421875 123.9187469482421875 121.9499969482421875 120.28125 118.9499969482421875 118.43125152587890625 117.77500152587890625 116.9250030517578125 115.25 112.9250030517578125 109.89374542236328125 102.9812469482421875 96.78125 90.6875 85.00624847412109375 78.9375 73.15625 68.4875030517578125 65.53125 63.787502288818359375 64.4812469482421875 65.24375152587890625 65.97499847412109375
116.40000152587890625 112.88124847412109375 110.78749847412109375 109.34999847412109375 107.5625 107.6062469482421875 107.9562530517578125 109.00624847412109375 111.4187469482421875 115.5437469482421875 121.2375030517578125 129.0749969482421875 137.75 143.524993896484375 145.881256103515625 146.318756103515625 145.6999969482421875 142.9499969482421875 139.462493896484375 137.068756103515625 134.475006103515625 132.2937469482421875 130.337493896484375 127.9812469482421875 126.78749847412109375 125.65625 124.83750152587890625 124.21250152587890625 123.59375 121.25 118.625 115.2937469482421875 108.65625 101.6687469482421875 95.84375 89.9562530517578125 83.52500152587890625 77.5500030517578125 73.71875 71.25 69.0437469482421875 69.53749847412109375 70.6062469482421875 71.47499847412109375
119.1062469482421875 115.9812469482421875 113.3562469482421875 111.7375030517578125 109.66249847412109375 109.30625152587890625 109.15625 109.99375152587890625 111.61875152587890625 115.75624847412109375 122.50624847412109375 132.1500091552734375 142.9250030517578125 151.1062469482421875 152.8312530517578125 153.75 153.7375030517578125 150.7062530517578125 147.149993896484375 143.868743896484375 141.34375 138.618743896484375 136.443756103515625 133.943756103515625 132.84375 131.881256103515625 131.40625 131.274993896484375 130.6437530517578125 127.5124969482421875 124.0625 120.52500152587890625 113.875 107.3562469482421875 101 94.4812469482421875 87.94374847412109375 82.6750030517578125 79.24375152587890625 76.59375 74.4562530517578125 74.47499847412109375 75.4499969482421875 76.19374847412109375
122.7312469482421875 119.65625 117.52500152587890625 115.34375 113.3125 112.84375 112.00624847412109375 111.91875457763671875 112.91249847412109375 116.09375 123.6062469482421875 134.53125 147.037506103515625 156.03125 159.0625 160.4812469482421875 160.6750030517578125 157.931243896484375 154.375 150.7312469482421875 148.1437530517578125 145.53125 142.28125 140.006256103515625 138.75 137.53125 137.03125 137.125 136.6125030517578125 133.6062469482421875 129.787506103515625 125.9812469482421875 119.5749969482421875 113.75624847412109375 107.1750030517578125 100.5187530517578125 95.3937530517578125 90.0625 86.75624847412109375 84.05625152587890625 82.0812530517578125 82.00624847412109375 81.80625152587890625 82.53749847412109375
126.50624847412109375 123.66249847412109375 121.61875152587890625 119.55625152587890625 117.56874847412109375 116.5187530517578125 115.1687469482421875 114.2687530517578125 114.1875 115.21875 123.875 138.6437530517578125 150.568756103515625 159.006256103515625 163.756256103515625 166.556243896484375 167.181243896484375 164.7062530517578125 160.806243896484375 156.8312530517578125 153.9562530517578125 150.90625 148.0437469482421875 145.4812469482421875 143.912506103515625 142.90625 142.443756103515625 142.8125 142.912506103515625 139.6062469482421875 135.868743896484375 131.3249969482421875 126.05625152587890625 120.59375 113.71875 108.25624847412109375 103.1999969482421875 98.5437469482421875 95.16249847412109375 92.1437530517578125 89.90000152587890625 88.81874847412109375 88.625 89.24375152587890625
129.6999969482421875 127.19374847412109375 125.19374847412109375 123.4187469482421875 121.7624969482421875 120.5 119.6687469482421875 118.59999847412109375 118.6062469482421875 118.2062530517578125 130.9187469482421875 146.0749969482421875 155.9375 163.943756103515625 168.875 172.28125 173.25 170.6999969482421875 167.0500030517578125 162.649993896484375 159.193756103515625 155.2687530517578125 152.1750030517578125 149.53125 148.5812530517578125 147.818756103515625 147.306243896484375 148.006256103515625 148.3562469482421875 145.3000030517578125 140.8312530517578125 136.806243896484375 132.1750030517578125 126.8000030517578125 120.9875030517578125 115.44374847412109375 111.2375030517578125 106.5749969482421875 103.75624847412109375 100.9375 97.5812530517578125 96.5 95.28749847412109375 94.98749542236328125
