data/historical-monthly-weather-data/wc2.1_cruts4.09_10m_prec_2017-03.asc
ncols        51
nrows        45
xllcorner    -63.500000000000
yllcorner    -7.500000000000
cellsize     0.166666666667
NODATA_value -9999
[rows 20 to 39 of 45, columns 0 to 43 of 51]
204.399993896484375 207.162506103515625 210.5437469482421875 214.1999969482421875 218.5437469482421875 225.7312469482421875 232.71875 237.8000030517578125 239.1312408447265625 237.2312469482421875 233.8562469482421875 233.725006103515625 234.506256103515625 236.806243896484375 234.274993896484375 227.756256103515625 222.2687530517578125 220.443756103515625 221.59375 222.8000030517578125 225.256256103515625 227.875 230.506256103515625 239.462493896484375 250.125 261.60626220703125 274.13751220703125 286.76873779296875 298.9375 307.54376220703125 310.625 308.01873779296875 294.681243896484375 276.61248779296875 259.443756103515625 279.712493896484375 308.568756103515625 325.125 332.65625 334.306243896484375 332.89373779296875 330.537506103515625 326.58123779296875 323.350006103515625
205.649993896484375 210.3625030517578125 215.225006103515625 219.21875 223.912506103515625 231.9499969482421875 239.618743896484375 245.7937469482421875 247.78125 244.0749969482421875 237.118743896484375 233.2375030517578125 230.5187530517578125 230.125 229.0500030517578125 226.243743896484375 223.9187469482421875 221.9812469482421875 221.3000030517578125 220.7062530517578125 219.943756103515625 220.0749969482421875 223.4187469482421875 231.399993896484375 241.875 254.837493896484375 271.01873779296875 284.4375 296.818756103515625 304.92498779296875 307.41876220703125 305.4375 295.318756103515625 284.11248779296875 278.83123779296875 291.83123779296875 314.39373779296875 330.70001220703125 338.0625 338.131256103515625 335.243743896484375 332.13751220703125 328.15625 324.537506103515625
208.243743896484375 215.1687469482421875 219.681243896484375 223.9250030517578125 228.212493896484375 235.631256103515625 243.037506103515625 251.587493896484375 256.462493896484375 249.7375030517578125 239.40625 230.4250030517578125 223.78125 222.7062530517578125 224.3625030517578125 224.3562469482421875 223.024993896484375 221.006256103515625 219.024993896484375 217.1437530517578125 214.9187469482421875 212.625 213.056243896484375 220.3000030517578125 232.1750030517578125 246.712493896484375 264.149993896484375 279.67498779296875 292.59375 300.337493896484375 304.837493896484375 307.975006103515625 305.9375 302.51873779296875 306.29376220703125 317.306243896484375 332.23126220703125 343.412506103515625 346.868743896484375 344.5 339.524993896484375 335.006256103515625 330.53125 325.54376220703125
207.3312530517578125 212.25 216.4937591552734375 220.5812530517578125 224.6437530517578125 231.5625 239.9499969482421875 248.556243896484375 253.21875 246.2312469482421875 235.3125 226.837493896484375 217.743743896484375 217.850006103515625 221.181243896484375 222.493743896484375 222.3312530517578125 220.3312530517578125 216.587493896484375 213.131256103515625 209.4250030517578125 205.537506103515625 204.125 210.475006103515625 220.5124969482421875 234.34375 252.4250030517578125 270.506256103515625 286.125 297.787506103515625 307.524993896484375 314.95001220703125 318.08123779296875 321.38751220703125 329.375 341.16876220703125 352.39373779296875 356.61248779296875 354.9375 350.53125 344.837493896484375 338.568756103515625 333.10626220703125 326.66876220703125
209.6687469482421875 210.899993896484375 212.625 216.1125030517578125 220.6062469482421875 227.350006103515625 233.8249969482421875 240.0124969482421875 242.975006103515625 239.899993896484375 233.837493896484375 226.693756103515625 221.943756103515625 221.1750030517578125 221.7937469482421875 223.087493896484375 222.475006103515625 220.0625 216.024993896484375 210.243743896484375 204.1062469482421875 198.4875030517578125 194.75 198.3249969482421875 208.5 224.5 242.618743896484375 263.337493896484375 281.318756103515625 298.056243896484375 311.23126220703125 322.35626220703125 330.23126220703125 337.45623779296875 346.162506103515625 352.743743896484375 360.76873779296875 363.79998779296875 360.412506103515625 356.806243896484375 350.79376220703125 343.118743896484375 334.756256103515625 329.756256103515625
215.0124969482421875 213.756256103515625 212.212493896484375 214.3125 216.399993896484375 221.8249969482421875 227.131256103515625 231.787506103515625 234.287506103515625 233.6062469482421875 231.006256103515625 228.2375030517578125 226.2687530517578125 225.318756103515625 224.868743896484375 225.5 223.84375 221.2312469482421875 216.9812469482421875 209.100006103515625 202.2249908447265625 193.4250030517578125 185.962493896484375 186.181243896484375 197.5812530517578125 215.7937469482421875 237.350006103515625 258.243743896484375 278.693756103515625 298.48126220703125 315.712493896484375 331.506256103515625 342.96875 350.568756103515625 357.78125 361.868743896484375 366.868743896484375 369.149993896484375 366.45001220703125 362.07501220703125 356.493743896484375 347.037506103515625 335.0625 328.225006103515625
220.9562530517578125 215.875 214.1750030517578125 213.8625030517578125 214.1062469482421875 218.2062530517578125 221.774993896484375 224.8874969482421875 227.0124969482421875 228.1687469482421875 228.125 227.2312469482421875 226.59375 226.5437469482421875 226.71875 226.9187469482421875 226.9187469482421875 223.7937469482421875 219.0500030517578125 212.6062469482421875 203.962493896484375 193.9749908447265625 182.9875030517578125 181.1750030517578125 195.1750030517578125 213.0437469482421875 235.125 255.850006103515625 276.89373779296875 297.67498779296875 317.399993896484375 337.306243896484375 352.11248779296875 358.66876220703125 364.45001220703125 368.58123779296875 373.65625 375.82501220703125 373.875 370.618743896484375 363.743743896484375 352.649993896484375 338.743743896484375 329.38751220703125
227.4250030517578125 219.9562530517578125 216.9250030517578125 215.0749969482421875 212.9250030517578125 215.2624969482421875 218.8000030517578125 220.90625 222.78125 224.4187469482421875 224.75 224.9124908447265625 225.631256103515625 226.600006103515625 227.5187530517578125 228.212493896484375 229.243743896484375 228.4562530517578125 224.8125 219.2375030517578125 211.0437469482421875 200.8937530517578125 193.65625 193.2937469482421875 202.712493896484375 217.4499969482421875 237.306243896484375 257.73748779296875 277.79998779296875 297.118743896484375 316.58123779296875 335.725006103515625 351.08123779296875 359.26251220703125 366.67498779296875 372.23126220703125 376.412506103515625 380.95001220703125 380.850006103515625 380.16876220703125 377.368743896484375 364.40625 346.087493896484375 335.57501220703125
232.5437469482421875 223.5437469482421875 219.193756103515625 215.337493896484375 213.243743896484375 214.1125030517578125 215.318756103515625 216.787506103515625 218.9375 220.4375 221.993743896484375 223.1687469482421875 224.5 226.6374969482421875 229.1875 231.725006103515625 234.818756103515625 235.21875 233.443756103515625 229.368743896484375 221.8125 212.78125 207.2312469482421875 206.743743896484375 213.931243896484375 224.662506103515625 241.8562469482421875 260.76873779296875 279.58123779296875 297.850006103515625 314.875 331.975006103515625 347.274993896484375 358.193756103515625 367.86248779296875 374.61248779296875 379.1875 384.693756103515625 385.75 385.29998779296875 387.26873779296875 374.08123779296875 355.79376220703125 353.51873779296875
235.006256103515625 224.8562469482421875 219.243743896484375 214.4875030517578125 211.3125 210.5187530517578125 211.193756103515625 212.181243896484375 214.431243896484375 216.068756103515625 218.125 221.1062469482421875 224.4875030517578125 227.8625030517578125 231.3687591552734375 234.9937591552734375 238.806243896484375 243.243743896484375 243.256256103515625 237.743743896484375 230.3562469482421875 222.9250030517578125 217.84375 218.6374969482421875 224.03125 233.443756103515625 248.78125 265.181243896484375 281.524993896484375 297.381256103515625 312.98748779296875 327.5625 342.23126220703125 356.256256103515625 368.087493896484375 375.212493896484375 380.962493896484375 388.131256103515625 385.618743896484375 384.92498779296875 387.587493896484375 384.39373779296875 375.806243896484375 379.39373779296875
234.743743896484375 223.6687469482421875 217.375 212.8000030517578125 209.318756103515625 207.2937469482421875 207.837493896484375 208.1687469482421875 210.0749969482421875 212.0625 214.681243896484375 218.2937469482421875 223 227.0500030517578125 231.787506103515625 237.0250091552734375 243.5 248.8937530517578125 252.056243896484375 246.412506103515625 239.087493896484375 231.4562530517578125 227.506256103515625 228.600006103515625 232.993743896484375 242.4187469482421875 255.1125030517578125 268.681243896484375 283.524993896484375 297.38751220703125 311.362518310546875 325.649993896484375 340.506256103515625 355.20623779296875 368.4375 375.48126220703125 382.58123779296875 391.212493896484375 387.318756103515625 379.243743896484375 384.48748779296875 392.337493896484375 395.225006103515625 400.806243896484375
232.475006103515625 221.0124969482421875 214.4250030517578125 209.5 206.006256103515625 203.65625 203.787506103515625 203.28125 205.037506103515625 207.2375030517578125 210.1875 214.53125 219.5500030517578125 225.5812530517578125 231.96875 238.6875 244.0124969482421875 249.181243896484375 252.368743896484375 250.225006103515625 243.6687469482421875 238.212493896484375 233.975006103515625 235.3312530517578125 241.462493896484375 249.2687530517578125 259.63751220703125 272.51873779296875 284.48748779296875 297.587493896484375 310.76251220703125 324.08123779296875 338.181243896484375 353.350006103515625 367.48748779296875 375.943756103515625 385.912506103515625 394.375 388.125 384.63751220703125 394.8125 408.32501220703125 417.024993896484375 429.9375
229.0812530517578125 218.53125 211.568756103515625 206.087493896484375 201.3874969482421875 199.475006103515625 198.28125 197.0500030517578125 198.1875 201.162506103515625 206.368743896484375 211.118743896484375 217.625 226.1875 232.7375030517578125 238.912506103515625 243.5625 248.6812591552734375 250.84375 250.0812530517578125 246.2687530517578125 241.625 237.4187469482421875 240.0749969482421875 245.375 252.0500030517578125 261.756256103515625 273.59375 286.056243896484375 298.04376220703125 310.375 323.09375 338.07501220703125 353.462493896484375 366.98748779296875 378.71875 389.86248779296875 398.14373779296875 395.306243896484375 401.993743896484375 413.70001220703125 427.725006103515625 441.46875 457.693756103515625
225.287506103515625 215.462493896484375 209.2624969482421875 203.46875 198.225006103515625 195.15625 192.774993896484375 190.975006103515625 191.8312530517578125 194.7312469482421875 200.1750030517578125 207.712493896484375 215.881256103515625 224.087493896484375 230.493743896484375 237.412506103515625 243.412506103515625 247.75 248.899993896484375 248.65625 246.649993896484375 242.743743896484375 239.9375 241.8000030517578125 246.631256103515625 252.100006103515625 262.29998779296875 273.46875 286.875 298.04376220703125 309.006256103515625 322.41876220703125 338.34375 353.70001220703125 369.29998779296875 382.04998779296875 393.46875 402.33123779296875 407.76251220703125 417.64373779296875 428.875 443.95001220703125 463.01251220703125 482.712493896484375
221.9499969482421875 213.337493896484375 207.2375030517578125 200.8562469482421875 194.162506103515625 190.818756103515625 187.337493896484375 185.318756103515625 185.024993896484375 187.131256103515625 193.5187530517578125 203.287506103515625 213.774993896484375 223.024993896484375 230.5625 236.4812469482421875 242.475006103515625 246.2687530517578125 247.443756103515625 247.287506103515625 246.212493896484375 242.5625 239.8562469482421875 241.3937530517578125 246.131256103515625 251.693756103515625 261.256256103515625 273.28125 285.4375 297.149993896484375 309.193756103515625 322.443756103515625 338.17498779296875 354.568756103515625 369.78125 382.212493896484375 394.53125 409.61248779296875 419.0625 429.5 441.79998779296875 455.48126220703125 474.54376220703125 495.506256103515625
221.631256103515625 212.5812530517578125 205.875 199.212493896484375 192.493743896484375 188.2375030517578125 184.6374969482421875 180.8625030517578125 178.875 180.3312530517578125 186.412506103515625 197.25 209.993743896484375 221.125 228.693756103515625 235.3312530517578125 240.6125030517578125 243.931243896484375 245.90625 246.649993896484375 245.15625 241.4312591552734375 238.1687469482421875 240.068756103515625 244.0124969482421875 248.90625 258.60626220703125 271.068756103515625 283.54998779296875 295.40625 308.5 321.79998779296875 336.506256103515625 353.61248779296875 368.818756103515625 380.993743896484375 396.368743896484375 411.70623779296875 419.787506103515625 431.32501220703125 444.818756103515625 457.631256103515625 472.92498779296875 493.412506103515625
220.8625030517578125 212.0625 205.3562469482421875 198.306243896484375 191.8312530517578125 187.6062469482421875 183.125 178.6062469482421875 174.6999969482421875 172.78125 180.318756103515625 195.3249969482421875 208.7624969482421875 219.0124969482421875 227.2312469482421875 233.368743896484375 238.118743896484375 241.056243896484375 243.412506103515625 242.96875 241.78125 238.337493896484375 235.493743896484375 236.243743896484375 239.412506103515625 244.2062530517578125 254.399993896484375 267.91876220703125 280.63751220703125 293.64373779296875 306.91876220703125 320.524993896484375 336.53125 353.756256103515625 368.475006103515625 382.212493896484375 397.8125 413.399993896484375 421.943756103515625 430.25 441.181243896484375 453.09375 467.79376220703125 485.8125
220.443756103515625 212.399993896484375 205.28125 198.4187469482421875 192.556243896484375 188.5500030517578125 184.118743896484375 178.993743896484375 175.681243896484375 172.0749969482421875 184.381256103515625 199.8562469482421875 210.274993896484375 219.1374969482421875 225.8187408447265625 231.693756103515625 235.181243896484375 237.40625 238.6437530517578125 237.462493896484375 235.131256103515625 232.3000030517578125 231 231.40625 234.3312530517578125 239.4250030517578125 249.8625030517578125 264.26873779296875 278.087493896484375 291.5625 304.60626220703125 318.431243896484375 334.67498779296875 352.350006103515625 366.58123779296875 381.993743896484375 397.412506103515625 410.60626220703125 420.45623779296875 429.53125 436.71875 448.57501220703125 459.79998779296875 470.712493896484375
218.524993896484375 213.2562408447265625 207.287506103515625 201.087493896484375 195.625 191.350006103515625 188.25 184.7687530517578125 185.09375 191 204.693756103515625 211.162506103515625 215.9812469482421875 221.71875 227.0187530517578125 231.306243896484375 233.6687469482421875 234.462493896484375 233.975006103515625 231.693756103515625 228.25 225.662506103515625 224.6374969482421875 226.024993896484375 229.537506103515625 235.399993896484375 246.3625030517578125 259.837493896484375 273.912506103515625 288.03125 302.75 316.131256103515625 331.01873779296875 348.01873779296875 365.32501220703125 378.38751220703125 391.475006103515625 405.20001220703125 412.29376220703125 418.350006103515625 424.51873779296875 435.41876220703125 443.875 453.51873779296875
216.8625030517578125 214.8937530517578125 209.9187469482421875 203.90625 199.318756103515625 196.868743896484375 193.8937530517578125 193.25 195.78125 201.4187469482421875 209.4499969482421875 216.4250030517578125 221.193756103515625 224.9562530517578125 229.21875 231.806243896484375 232.899993896484375 232.100006103515625 229.5124969482421875 226.5687408447265625 222.212493896484375 219.3312530517578125 217.4375 219.21875 224.1875 230.84375 241.46875 255.1687469482421875 268.98126220703125 283.25 297.475006103515625 314.04376220703125 331.125 346.431243896484375 362.350006103515625 375.125 385.54998779296875 396.881256103515625 404.14373779296875 406.66876220703125 410.26873779296875 419.16876220703125 426.11248779296875 432.95001220703125
