data/historical-monthly-weather-data/wc2.1_cruts4.09_10m_prec_1998-02.asc
ncols        51
nrows        45
xllcorner    -63.500000000000
yllcorner    -7.500000000000
cellsize     0.166666666667
NODATA_value -9999
[rows 0 to 18 of 45, columns 0 to 43 of 51]
167.3000030517578125 165.912506103515625 160.381256103515625 157.306243896484375 152.125 149.274993896484375 144.899993896484375 138.3312530517578125 131.8000030517578125 127.75624847412109375 126.8874969482421875 125.3937530517578125 123.30625152587890625 117.3249969482421875 113.58750152587890625 110.24375152587890625 107.8000030517578125 103.8312530517578125 102.83750152587890625 102.3874969482421875 102.69374847412109375 103.11875152587890625 104.86875152587890625 107.5500030517578125 110.9812469482421875 115.24375152587890625 121.75 129.0437469482421875 136.649993896484375 141.1437530517578125 145.90625 151.09375 154.962493896484375 159.1999969482421875 164.09375 168.1999969482421875 170.7312469482421875 172.7375030517578125 175.056243896484375 175.84375 177.6374969482421875 179.21875 179.399993896484375 182.1125030517578125
175.118743896484375 174.3312530517578125 171.7687530517578125 168.306243896484375 165.53125 165.037506103515625 161.931243896484375 159.3312530517578125 155.96875 152.0187530517578125 148.8312530517578125 144.375 139.4875030517578125 133.337493896484375 127.9187469482421875 122.68125152587890625 118.5812530517578125 115.6125030517578125 114.6125030517578125 113.9499969482421875 114.0124969482421875 114.99375152587890625 116.84375 119.21875 121.7624969482421875 125.7624969482421875 131.5124969482421875 138.600006103515625 145.3000030517578125 148.875 151.649993896484375 156.431243896484375 160.337493896484375 165.118743896484375 169.3000030517578125 173.056243896484375 175.681243896484375 177.2937469482421875 179.149993896484375 179.6875 180.8874969482421875 181.8125 181.306243896484375 182.9375
180.7312469482421875 180.318756103515625 178.0124969482421875 175.681243896484375 174.524993896484375 175.274993896484375 176.3125 178.2062530517578125 178.2687530517578125 175.1875 170.3562469482421875 163.9875030517578125 156.9875030517578125 149.037506103515625 141.75 135 129.225006103515625 126.15000152587890625 124.28749847412109375 123.15000152587890625 122.9562530517578125 124.46250152587890625 125.4375 127.19374847412109375 130.2312469482421875 132.8937530517578125 138.3562469482421875 145.3249969482421875 150.8312530517578125 153.34375 156.53125 160.368743896484375 164.649993896484375 168.3249969482421875 173.1062469482421875 175.912506103515625 178.975006103515625 181.7375030517578125 182.631256103515625 182.975006103515625 183.556243896484375 183.350006103515625 182.3000030517578125 181.5812530517578125
183.8000030517578125 183.8312530517578125 183.381256103515625 182.2062530517578125 184.3625030517578125 186.100006103515625 190.5187530517578125 196.6374969482421875 200.587493896484375 200.125 194.125 184.375 173.756256103515625 163.6125030517578125 155.21875 147.2687530517578125 140.4187469482421875 135.375 133.118743896484375 132.90625 133.006256103515625 133.412506103515625 133.25 134.5749969482421875 136.506256103515625 138.631256103515625 144.40625 150.6374969482421875 155.6062469482421875 158.2312469482421875 160.34375 164.725006103515625 168.0187530517578125 171.899993896484375 175.662506103515625 179.4187469482421875 182.65625 185.2312469482421875 186.78125 187.131256103515625 186.1437530517578125 185.006256103515625 183.125 180.9499969482421875
190.78125 188.5187530517578125 186.2624969482421875 186.8312530517578125 190.59375 195.4562530517578125 201.5625 212.03125 222.03125 226.21875 215.6437530517578125 201.1750030517578125 189.5187530517578125 178.53125 168.181243896484375 159.243743896484375 151.681243896484375 144.912506103515625 142.6687469482421875 142.493743896484375 142.5812530517578125 141.4124908447265625 140.84375 141.681243896484375 142.5500030517578125 144.25 148.318756103515625 153.6125030517578125 159.9499969482421875 162.662506103515625 164.8562469482421875 167.631256103515625 171.6125030517578125 175.475006103515625 178.899993896484375 182.743743896484375 186.8249969482421875 189.9562530517578125 191.3874969482421875 190.587493896484375 189.556243896484375 186.600006103515625 183.0124969482421875 179.9562530517578125
194.6062469482421875 193.375 190.09375 189.2375030517578125 192.4375 199.024993896484375 207.024993896484375 217.756256103515625 229.787506103515625 237.8249969482421875 224.743743896484375 209.850006103515625 198.78125 188.8312530517578125 179.2312469482421875 171.4937591552734375 163.2312469482421875 156.212493896484375 153.96875 153.431243896484375 151.7062530517578125 149.743743896484375 148.162506103515625 147.6875 147.193756103515625 148.5187530517578125 152.712493896484375 157.4375 162.818756103515625 165.4812469482421875 167.8874969482421875 170.693756103515625 173.568756103515625 178.5124969482421875 182.34375 186.03125 190.243743896484375 193.4812469482421875 195.5437469482421875 194.631256103515625 191.7937469482421875 187.837493896484375 183.587493896484375 179.6374969482421875
198.618743896484375 197.100006103515625 194.4187469482421875 191.975006103515625 193.9375 199.0625 206.15625 213.568756103515625 221.774993896484375 224.274993896484375 219.8000030517578125 211.649993896484375 203.662506103515625 196.21875 189.149993896484375 182.837493896484375 177.1374969482421875 172.0749969482421875 168.75 165.087493896484375 160.3874969482421875 157.125 153.5 151.881256103515625 152.056243896484375 152.1437530517578125 156.125 161.1999969482421875 165.024993896484375 167.243743896484375 170.600006103515625 173.6437530517578125 176.8937530517578125 179.600006103515625 183.0749969482421875 187.9375 191.899993896484375 195.6687469482421875 198.8874969482421875 197.71875 193.09375 188.6999969482421875 184.2624969482421875 179.5500030517578125
201.8312530517578125 198.756256103515625 195.875 195.1687469482421875 196.4812469482421875 199.162506103515625 202.3125 204.881256103515625 206.912506103515625 208.868743896484375 211.3312530517578125 210.662506103515625 207.4812469482421875 202.1437530517578125 197.15625 193.087493896484375 189.2062530517578125 186 183.0500030517578125 175.6125030517578125 167.9375 162.6437530517578125 157.8625030517578125 155.9562530517578125 155.5437469482421875 155.087493896484375 158.8312530517578125 163.1437530517578125 167.46875 169.6624908447265625 171.993743896484375 175.6437530517578125 178.53125 181.3562469482421875 184.131256103515625 188.0625 191.9875030517578125 195.412506103515625 197.6999969482421875 197.0437469482421875 193.625 189.743743896484375 185.3125 179.806243896484375
205.4499969482421875 202.1750030517578125 199.100006103515625 198.3249969482421875 198.4875030517578125 198.850006103515625 200.5187530517578125 200.5437469482421875 199.0187530517578125 200.5 205.931243896484375 209.71875 209.725006103515625 206.875 202.274993896484375 199.118743896484375 195.3937530517578125 191.337493896484375 188.2062530517578125 179.7312469482421875 170.5437469482421875 164.587493896484375 159.787506103515625 159.3625030517578125 158.868743896484375 158.181243896484375 161.193756103515625 165.2375030517578125 169.756256103515625 171.6750030517578125 174.2687530517578125 177.787506103515625 180.0875091552734375 182.0437469482421875 184.3000030517578125 188.3937530517578125 192.2375030517578125 195.524993896484375 198.3000030517578125 198.368743896484375 195.7687530517578125 192.7375030517578125 189.431243896484375 185.037506103515625
208.631256103515625 205.1374969482421875 202.4375 200.712493896484375 199.756256103515625 199.28125 200.6875 200.5625 201.5625 203.7062530517578125 208.618743896484375 211.2312469482421875 213.243743896484375 211.068756103515625 207.0749969482421875 202.475006103515625 197.6875 192.3625030517578125 185.8937530517578125 178.256256103515625 170.3125 164.975006103515625 161.2375030517578125 162.2937469482421875 161.912506103515625 160.875 164.0187530517578125 167.2624969482421875 172.0437469482421875 174 175.6125030517578125 178.4812469482421875 180.59375 182.90625 185.225006103515625 188.8312530517578125 192.506256103515625 195.0500030517578125 197.8625030517578125 199.193756103515625 198.5187530517578125 196.7062530517578125 193.693756103515625 189.3125
210.743743896484375 206.90625 204.0749969482421875 202.0124969482421875 200.2687530517578125 199.743743896484375 200.7937469482421875 202.21875 204.837493896484375 208.25 213.4187469482421875 216.53125 217.59375 215.5187530517578125 210.712493896484375 205.037506103515625 198.5625 191.0625 183.0749969482421875 175.725006103515625 168.03125 163.2937469482421875 161.6374969482421875 162.243743896484375 164.2687530517578125 163.1125030517578125 165.493743896484375 169.21875 172.975006103515625 174.443756103515625 176.4375 178.943756103515625 180.4499969482421875 182.4375 185.3312530517578125 189.15625 191.774993896484375 194.8499908447265625 197.75 199.068756103515625 199.3312530517578125 198.0749969482421875 196.0500030517578125 192.6999969482421875
213.600006103515625 209.493743896484375 206.1125030517578125 204.2062530517578125 202.8125 202.475006103515625 203.6062469482421875 206.6437530517578125 209.875 214.037506103515625 219.8249969482421875 223.337493896484375 222.4499969482421875 218.875 213.59375 206.5812530517578125 199.375 190.3625030517578125 181.037506103515625 172.6062469482421875 164.6437530517578125 160.912506103515625 161.631256103515625 165.181243896484375 167.2312469482421875 165.225006103515625 166.8125 170.03125 173.71875 175.756256103515625 177.6687469482421875 179.4499969482421875 180.8125 182.287506103515625 184.725006103515625 188.712493896484375 192.59375 196.0187530517578125 199.181243896484375 201.0500030517578125 202.09375 200.743743896484375 197.3562469482421875 192.71875
213.96875 210.3937530517578125 207.712493896484375 205.71875 205.225006103515625 205.6374969482421875 207.6687469482421875 210.4875030517578125 214.0187530517578125 219.568756103515625 225.306243896484375 228.4250030517578125 226.5749969482421875 220.71875 214.493743896484375 206.568756103515625 198.84375 190.037506103515625 181.118743896484375 171.881256103515625 162.087493896484375 159.1125030517578125 161.0187530517578125 164.587493896484375 165.399993896484375 164.03125 166.84375 170.25 173.6875 175.8625030517578125 177.875 179.5625 179.806243896484375 181.21875 183.5187530517578125 187.2687530517578125 191.25 196.024993896484375 199.975006103515625 202.493743896484375 204.7687530517578125 202.6999969482421875 196.818756103515625 190.587493896484375
213.181243896484375 209.9437408447265625 207.7062530517578125 206.318756103515625 206.5625 207.412506103515625 210.4375 213.71875 217.931243896484375 223.0500030517578125 227.8937530517578125 228.868743896484375 226.3125 221.399993896484375 213.6374969482421875 206.149993896484375 197.774993896484375 189.8562469482421875 181.3625030517578125 173.6875 166.25 162.4250030517578125 161.818756103515625 163.0500030517578125 163.3562469482421875 162.7312469482421875 166.1125030517578125 169.5812530517578125 173.287506103515625 174.756256103515625 176.7687530517578125 178.1062469482421875 177.8937530517578125 179.0374908447265625 180.881256103515625 185.068756103515625 190.3375091552734375 195.9499969482421875 201.1999969482421875 204.193756103515625 205.0500030517578125 200.068756103515625 194.743743896484375 189.78125
212.274993896484375 208.9875030517578125 207.4562530517578125 207.5 207.431243896484375 209.350006103515625 213.287506103515625 216.5625 221.087493896484375 225.868743896484375 229.3000030517578125 229.6125030517578125 226.600006103515625 221.4250030517578125 213.9499969482421875 205.8937530517578125 198.0812530517578125 190.5187530517578125 183.3000030517578125 177.318756103515625 171.225006103515625 166.6125030517578125 164.5749969482421875 164.6750030517578125 164.2687530517578125 164.475006103515625 167.6374969482421875 170.493743896484375 173.5749969482421875 175.1999969482421875 176.056243896484375 176.375 175.875 175.818756103515625 177.34375 181.3562469482421875 188.0500030517578125 195.5 201.5749969482421875 204.337493896484375 202.6125030517578125 199.0812530517578125 195.131256103515625 190.1750030517578125
210.118743896484375 207.0124969482421875 206.256256103515625 206.8562469482421875 207.962493896484375 210.493743896484375 214.681243896484375 217.84375 222.78125 228.21875 231.649993896484375 231.46875 228.1687469482421875 222.1374969482421875 214.368743896484375 204.818756103515625 198.0749969482421875 192.15625 186.3312530517578125 181.368743896484375 175.306243896484375 170.40625 167.46875 167.5 166.3000030517578125 165.681243896484375 167.96875 170.9375 174.193756103515625 175.743743896484375 176.6125030517578125 175.506256103515625 172.3937530517578125 170.681243896484375 170.493743896484375 175.2375030517578125 183.2937469482421875 193 201.5500030517578125 204.8562469482421875 202.931243896484375 198.556243896484375 193.96875 189.006256103515625
205.806243896484375 204.100006103515625 203.837493896484375 205.0500030517578125 207.1062469482421875 210.193756103515625 214.587493896484375 218.587493896484375 223.8000030517578125 229.649993896484375 234.1999969482421875 234.243743896484375 231.1687469482421875 225.0625 216.5812530517578125 206.649993896484375 198.274993896484375 192.318756103515625 187.2375030517578125 183.381256103515625 178.5 173.899993896484375 170.306243896484375 169.899993896484375 168.9187469482421875 166.7937469482421875 167.712493896484375 170.90625 174.6374969482421875 177.1062469482421875 177.5124969482421875 175.3499908447265625 169.7937469482421875 164.0625 162.587493896484375 167.25 175.96875 189.350006103515625 202.912506103515625 204.0437469482421875 199.9812469482421875 195.4875030517578125 190.100006103515625 185.193756103515625
199.2312469482421875 198.649993896484375 199.8125 202.037506103515625 204.399993896484375 207.8125 212.431243896484375 216.7437591552734375 222.318756103515625 228.318756103515625 234.09375 236.2937469482421875 235.506256103515625 229.9937591552734375 221.462493896484375 211.287506103515625 200.087493896484375 191.1875 187.2624969482421875 183.524993896484375 181 177.068756103515625 172.850006103515625 171.1999969482421875 169.850006103515625 167.9875030517578125 168.0500030517578125 171.681243896484375 176.1062469482421875 179.28125 179.1999969482421875 173.2687530517578125 165.4812469482421875 157.8562469482421875 153.7937469482421875 156.149993896484375 167.368743896484375 180.8562469482421875 193.25 196.4812469482421875 193.21875 189.381256103515625 185.287506103515625 181.774993896484375
191.881256103515625 192.568756103515625 194.368743896484375 196.524993896484375 199.600006103515625 204.181243896484375 208.462493896484375 213.5625 220.1125030517578125 226.3249969482421875 233.256256103515625 236.53125 238.118743896484375 236.243743896484375 226.337493896484375 213.2375030517578125 200.5500030517578125 189.7937469482421875 184.193756103515625 181.350006103515625 180.8937530517578125 178.7062530517578125 172.993743896484375 171.0875091552734375 169.875 169.1374969482421875 170.2375030517578125 173.493743896484375 178.2312469482421875 182.537506103515625 183.03125 175.3000030517578125 163.7062530517578125 151.5437469482421875 143.881256103515625 146.774993896484375 157.837493896484375 170.1750030517578125 180.96875 185.1374969482421875 184.662506103515625 181.774993896484375 179.5812530517578125 177.7624969482421875
