data/historical-monthly-weather-data/wc2.1_cruts4.09_10m_prec_1976-07.asc
ncols        45
nrows        45
xllcorner    -63.500000000000
yllcorner    -7.500000000000
cellsize     0.166666666667
NODATA_value -9999
[rows 19 to 37 of 45, columns 0 to 42 of 45]
88.9187469482421875 90.71875 89.7062530517578125 88.49375152587890625 86.59999847412109375 86.69374847412109375 82.44374847412109375 80.2312469482421875 78.46250152587890625 74.58750152587890625 71.28125 69 64.55625152587890625 60.19374847412109375 54.21875 47.90625 43.69374847412109375 46.03749847412109375 42.387500762939453125 40.512500762939453125 38.71250152587890625 41.975002288818359375 47.31874847412109375 51.575000762939453125 53.80625152587890625 53.174999237060546875 54.325000762939453125 57.987499237060546875 59.46875 60.174999237060546875 64.81874847412109375 73.78125 76.40000152587890625 78.36875152587890625 81.4499969482421875 86.83750152587890625 89.78749847412109375 90.71250152587890625 90.56874847412109375 86.5812530517578125 78.7062530517578125 71.15625 67.86875152587890625
80.1062469482421875 86.68125152587890625 89.28749847412109375 86.27500152587890625 82.97499847412109375 82.81874847412109375 80.00624847412109375 78.09999847412109375 75.68125152587890625 72.83750152587890625 68.88124847412109375 66.84999847412109375 63.72499847412109375 59.137500762939453125 53.43125152587890625 48.15625 44.700000762939453125 43.5 43.299999237060546875 39.924999237060546875 42.1875 45.09999847412109375 48.887500762939453125 53.674999237060546875 55.68125152587890625 54.3125 52.424999237060546875 55.424999237060546875 59.16249847412109375 61.68125152587890625 67.9812469482421875 74.4375 73.99375152587890625 76.5437469482421875 79.7687530517578125 83.77500152587890625 86.7687530517578125 85.9562530517578125 83.59999847412109375 79.38124847412109375 74.21250152587890625 69.8562469482421875 65.31874847412109375
77.4499969482421875 79.0812530517578125 82.80625152587890625 82.8625030517578125 81.5 78.09999847412109375 75.8562469482421875 74.03749847412109375 72.58750152587890625 70.06874847412109375 67.6875 63.9375 60.49375152587890625 59.012500762939453125 55.71875 50.46250152587890625 48.33750152587890625 45.90625 44.575000762939453125 42.81874847412109375 42.56874847412109375 44.9375 48.43125152587890625 50.40000152587890625 50.887500762939453125 50.674999237060546875 53.674999237060546875 54.575000762939453125 60.1875 65.3312530517578125 69.11875152587890625 72.4499969482421875 72.6062469482421875 73.7312469482421875 74.71875 79.31874847412109375 81.93125152587890625 81.6125030517578125 79.59999847412109375 76.3312530517578125 72.2062530517578125 68.6437530517578125 64.96250152587890625
74.6437530517578125 79.9187469482421875 81.77500152587890625 80.6875 78.75 76.4250030517578125 70.53749847412109375 68.6687469482421875 68.41249847412109375 69.0124969482421875 67.68125152587890625 64.2937469482421875 62.66249847412109375 60.36875152587890625 58.21250152587890625 54.981250762939453125 50.52500152587890625 46.831249237060546875 44.59999847412109375 43.78125 45.737499237060546875 46.19374847412109375 47.606250762939453125 49.09375 51.13124847412109375 50.231250762939453125 51.1875 54.53749847412109375 58.043750762939453125 61.66249847412109375 65.3562469482421875 69.6374969482421875 69.28749847412109375 68.53749847412109375 70.4250030517578125 72.03125 75.4812469482421875 74.58750152587890625 74.77500152587890625 73.5 70.4812469482421875 65.94374847412109375 62.80625152587890625
69.52500152587890625 76.52500152587890625 80.55625152587890625 79.0625 77.09999847412109375 73.33750152587890625 71.3562469482421875 68.19374847412109375 65.9375 64.30625152587890625 63.84999847412109375 65.1125030517578125 63.793750762939453125 62.737499237060546875 58.88124847412109375 55.543750762939453125 50.71875 48.674999237060546875 45.99375152587890625 45.793750762939453125 45.8125 47.55625152587890625 48.36875152587890625 51.174999237060546875 52.53749847412109375 51.15000152587890625 53.268749237060546875 53.512500762939453125 55.737499237060546875 58.700000762939453125 62.331249237060546875 65.66249847412109375 64.09375 62.3125 65.5124969482421875 65.41249847412109375 69.0437469482421875 70.6687469482421875 70.9250030517578125 69.49375152587890625 67.6374969482421875 63.80625152587890625 61.299999237060546875
66.5749969482421875 74.13124847412109375 79.25 78.8249969482421875 77.40625 72.53749847412109375 69.91249847412109375 67.02500152587890625 64.86875152587890625 64.68125152587890625 64.34375 62.3125 63.793750762939453125 62.53125 58.41249847412109375 53.887500762939453125 50.581249237060546875 49.043750762939453125 47.21875 46.118747711181640625 46.83750152587890625 47.69374847412109375 50.34999847412109375 51.731250762939453125 51.34375 52.65625 51.831249237060546875 52.012500762939453125 52.86875152587890625 55.43125152587890625 56.25624847412109375 57.50624847412109375 58.15000152587890625 57.31874847412109375 57.88124847412109375 59.88124847412109375 63.71875 64.75 65.9562530517578125 65.8249969482421875 63.55625152587890625 61.418750762939453125 59.58750152587890625
67.625 74.78125 75.9375 76.81874847412109375 75.3874969482421875 71.4812469482421875 68.53749847412109375 65.4375 62.68125152587890625 60.08750152587890625 62.556247711181640625 62.231250762939453125 60.950000762939453125 60.512500762939453125 57.40625 53.875 50.24375152587890625 48.65625 47.38124847412109375 45.706249237060546875 47.56874847412109375 48.63124847412109375 50.825000762939453125 52.19374847412109375 51.393749237060546875 50.80625152587890625 50.893749237060546875 50.13124847412109375 49.53125 50.081249237060546875 50.481250762939453125 50.581249237060546875 50.168750762939453125 50.637500762939453125 52.99375152587890625 55.31874847412109375 58.487499237060546875 60.862499237060546875 61.90000152587890625 61.987499237060546875 61.887500762939453125 58.768749237060546875 56.56874847412109375
66.00624847412109375 70.38124847412109375 73.34999847412109375 74.59999847412109375 73.09375 70.2312469482421875 67.8249969482421875 64.34999847412109375 60.49375152587890625 61.262500762939453125 62.487499237060546875 62.28125 61.58750152587890625 59.831249237060546875 56.356250762939453125 54.28749847412109375 50.90625 48.31874847412109375 47.40625 46.49375152587890625 46.68125152587890625 47.74375152587890625 50.21875 52.706249237060546875 50.825000762939453125 48.418750762939453125 48.21875 47.987499237060546875 47.56874847412109375 46.05625152587890625 46.59375 44.75 43.862499237060546875 46.668750762939453125 48.174999237060546875 51.424999237060546875 52.956249237060546875 55.325000762939453125 57.06874847412109375 58.1875 59.393749237060546875 57.18125152587890625 54.24375152587890625
64.7062530517578125 66.56874847412109375 69.0812530517578125 71.53125 70.41249847412109375 68.18125152587890625 65.94374847412109375 62.587497711181640625 60.625 60.543750762939453125 60.612499237060546875 59.72499847412109375 59.543750762939453125 58.53749847412109375 55.02500152587890625 52.38124847412109375 49.84999847412109375 47.924999237060546875 45.643749237060546875 45.200000762939453125 46.481250762939453125 46.637500762939453125 46.737499237060546875 48.8125 48.40625 46.5 46.200000762939453125 45.956249237060546875 45.481250762939453125 44.91249847412109375 44.27500152587890625 43.5 42.5625 42.81874847412109375 44.424999237060546875 47.11875152587890625 48.50624847412109375 51.075000762939453125 53.30625152587890625 55.91249847412109375 57.00624847412109375 56.700000762939453125 52.5625
62.47499847412109375 64.375 67.3312530517578125 66.4812469482421875 66.6687469482421875 63.75624847412109375 61.362499237060546875 59.924999237060546875 58.22499847412109375 58.6875 58.31874847412109375 57.6875 57.91249847412109375 57.86875152587890625 54.78749847412109375 51.97499847412109375 50.15625 46.84999847412109375 45.24375152587890625 44.575000762939453125 44.799999237060546875 44.56874847412109375 44.86875152587890625 45.637500762939453125 45.46250152587890625 44.28749847412109375 44.075000762939453125 43.924999237060546875 44.737499237060546875 44.15000152587890625 42.84999847412109375 42.16249847412109375 40.75624847412109375 40.21250152587890625 41.237499237060546875 43.512500762939453125 45.09375 47.387500762939453125 49.424999237060546875 50.625 53.09375 51.34999847412109375 48.893749237060546875
59.237499237060546875 62.737499237060546875 64.33750152587890625 63.65625 62.38124847412109375 60.52500152587890625 57.987499237060546875 57.84999847412109375 57.46250152587890625 56.887500762939453125 56.612499237060546875 57.30625152587890625 57.450000762939453125 56.47499847412109375 53.93125152587890625 51.55625152587890625 49.081249237060546875 46.96875 44.643749237060546875 43.30625152587890625 43.71875 43.125 43.1875 42.924999237060546875 43.00624847412109375 42.4375 42.06874847412109375 42.293750762939453125 43.09999847412109375 42.168750762939453125 41.24375152587890625 40.13124847412109375 38.58750152587890625 38.13124847412109375 38.28749847412109375 39.74375152587890625 42.375 43.50624847412109375 44.03125 45.331249237060546875 47.83750152587890625 46.893749237060546875 44.768749237060546875
57.137500762939453125 59.981250762939453125 58.94374847412109375 60.28125 60.22499847412109375 59.112499237060546875 56.75624847412109375 55.637500762939453125 55.46875 55.331249237060546875 55.643749237060546875 55.69374847412109375 57.25624847412109375 55.13124847412109375 52.424999237060546875 50.83750152587890625 49.9375 46.28125 43.0625 42.706249237060546875 43.09375 42.268749237060546875 41.52500152587890625 40.487499237060546875 39.981250762939453125 40.762500762939453125 40.58750152587890625 40.143749237060546875 39.950000762939453125 39.737499237060546875 39.02500152587890625 38.543750762939453125 37.34375 36.91249847412109375 36.65000152587890625 37.03749847412109375 38.53749847412109375 40.44374847412109375 39.918750762939453125 39.50624847412109375 40.96250152587890625 41.424999237060546875 39.90000152587890625
54.91249847412109375 55.13124847412109375 54.22499847412109375 54.44374847412109375 55.549999237060546875 55.47499847412109375 54.86875152587890625 53.606250762939453125 53.99375152587890625 53.21250152587890625 53.81874847412109375 55.174999237060546875 55.28749847412109375 55.46875 53.31874847412109375 51.487499237060546875 49.78125 46.19374847412109375 42.5 42.1875 41.3125 40.61875152587890625 39.28749847412109375 38.19374847412109375 38.487499237060546875 38.206249237060546875 38.293750762939453125 38.700000762939453125 37.74375152587890625 37.581249237060546875 37.5625 36.94374847412109375 35.481250762939453125 34.90625 34.86875152587890625 34.668750762939453125 36 35.55625152587890625 35.206249237060546875 35.86875152587890625 36.825000762939453125 36.262500762939453125 34.9375
51.90625 51.393749237060546875 49.81874847412109375 49.706249237060546875 50.799999237060546875 50.956249237060546875 51.24375152587890625 50.97499847412109375 50.22499847412109375 51.53749847412109375 53.356250762939453125 53.387500762939453125 54.268749237060546875 55.49375152587890625 54.09375 51.393749237060546875 48.700000762939453125 46.924999237060546875 44.268749237060546875 43.325000762939453125 41.825000762939453125 40.049999237060546875 38.05625152587890625 37.481250762939453125 37.9375 37.25624847412109375 37.8125 37.418750762939453125 37.28749847412109375 36.362499237060546875 35.86875152587890625 34.88124847412109375 33 32.518749237060546875 32.84999847412109375 33.268749237060546875 32.69374847412109375 32.11875152587890625 31.899999618530273438 33.174999237060546875 33.799999237060546875 33.543750762939453125 31.424999237060546875
48.93125152587890625 48.34375 47.71250152587890625 47.59375 47.487499237060546875 46.418750762939453125 46.674999237060546875 45.80625152587890625 47.28125 47.75624847412109375 49.893749237060546875 51.674999237060546875 53.59375 54.02500152587890625 52.918750762939453125 50.237499237060546875 48.58750152587890625 46.5625 44.09375 42.737499237060546875 41.75624847412109375 39.112499237060546875 37.956249237060546875 37.47499847412109375 36.71250152587890625 35.80625152587890625 36.15000152587890625 36.518749237060546875 36.237499237060546875 35.356250762939453125 34.53125 33.125 31.306249618530273438 31.043750762939453125 30.993749618530273438 30.662500381469726562 29.443750381469726562 29.068750381469726562 29.587499618530273438 30.09375 30.743749618530273438 30.9375 30.325000762939453125
46.612499237060546875 44.575000762939453125 45.13124847412109375 44.71875 45.05625152587890625 44.206249237060546875 43.362499237060546875 42.643749237060546875 42.49375152587890625 43.47499847412109375 46.299999237060546875 49.762500762939453125 53.78749847412109375 55.27500152587890625 52.862499237060546875 50.55625152587890625 48.612499237060546875 46.168750762939453125 44.5 42.28749847412109375 41.143749237060546875 39.71250152587890625 37.918750762939453125 37.081249237060546875 36.05625152587890625 34.825000762939453125 35.068752288818359375 35.331249237060546875 34.90625 32.356250762939453125 31.481250762939453125 31.162500381469726562 29.9375 29.350000381469726562 28.424999237060546875 27.924999237060546875 27.325000762939453125 27.431249618530273438 27.337499618530273438 27.112499237060546875 27.193750381469726562 26.856250762939453125 27.587499618530273438
43.706249237060546875 42.625 43.518749237060546875 42.299999237060546875 42.24375152587890625 41.168750762939453125 40.5625 39.75 39.418750762939453125 39.625 42.256252288818359375 46.75 52.356250762939453125 52.75 51.981250762939453125 50.237499237060546875 48.83750152587890625 46.03749847412109375 43.487499237060546875 41.69374847412109375 38.950000762939453125 38.612499237060546875 36.55625152587890625 35.44374847412109375 33.918750762939453125 33.956249237060546875 34.08750152587890625 34.19374847412109375 33.56874847412109375 31.212499618530273438 30.0625 29.837499618530273438 28.493749618530273438 27.931249618530273438 27.100000381469726562 26.037500381469726562 25.693750381469726562 25.393749237060546875 25.78125 25.543750762939453125 24.850000381469726562 24.831249237060546875 24.362499237060546875
40.46250152587890625 40.450000762939453125 40.78125 39.40000152587890625 39.268749237060546875 39.075000762939453125 38.43125152587890625 37.52500152587890625 36.5625 35.33750152587890625 38.393749237060546875 43.75 48.34999847412109375 49.43125152587890625 49.88124847412109375 49.05625152587890625 47.543750762939453125 44.47499847412109375 41.96250152587890625 40.424999237060546875 37.72499847412109375 36.112499237060546875 34.5625 34.15000152587890625 32.75 32.40625 32.52500152587890625 32.24375152587890625 31.643749237060546875 30.262500762939453125 28.793750762939453125 27.725000381469726562 26.375 25.862499237060546875 25.106250762939453125 23.806249618530273438 23.262500762939453125 23.737499237060546875 24.274999618530273438 23.600000381469726562 22.65625 22.575000762939453125 22.087499618530273438
36.737499237060546875 37.418750762939453125 36.831249237060546875 36.90625 36.8125 36.606250762939453125 36.200000762939453125 35.387500762939453125 34.66249847412109375 32.96875 38.3125 43.125 45.637500762939453125 47.03125 48.09999847412109375 47.731250762939453125 45.1875 43.700000762939453125 40.6875 39.018749237060546875 37.043750762939453125 35.09999847412109375 32.96250152587890625 32.668750762939453125 31.975000381469726562 31.4375 31.106250762939453125 30.774999618530273438 30.206249237060546875 28.450000762939453125 25.912500381469726562 25.274999618530273438 24.118749618530273438 23.787500381469726562 22.556249618530273438 21.162500381469726562 21.556249618530273438 21.700000762939453125 22.037500381469726562 21.618749618530273438 20.856250762939453125 21.300001144409179688 20.706251144409179688
