data/historical-monthly-weather-data/wc2.1_cruts4.09_10m_prec_1994-12.asc
ncols        45
nrows        45
xllcorner    -63.500000000000
yllcorner    -7.500000000000
cellsize     0.166666666667
NODATA_value -9999
[rows 20 to 39 of 45, columns 0 to 44 of 45]
216.0124969482421875 222.524993896484375 228.3312530517578125 235.25 243.0500030517578125 250.0749969482421875 256.287506103515625 261.774993896484375 265.712493896484375 267.350006103515625 266.83123779296875 266.4375 265.33123779296875 262 255.568756103515625 247.34375 239.09375 231.006256103515625 225.625 219.625 210.100006103515625 199.850006103515625 190.600006103515625 186.34375 183.96875 180.9187469482421875 176.850006103515625 168.837493896484375 158.6437530517578125 149.943756103515625 143.75 141.837493896484375 139.6374969482421875 138.4812469482421875 137.7312469482421875 137.2312469482421875 138.2687530517578125 139.3562469482421875 137.75 132.837493896484375 125.44374847412109375 118.16249847412109375 112.6125030517578125 107.90000152587890625 104.9562530517578125
214.7687530517578125 220.78125 228.149993896484375 237.6437530517578125 247.0437469482421875 254.5625 261.95623779296875 268.587493896484375 272.36248779296875 273.70623779296875 272.13751220703125 270.381256103515625 268.037506103515625 263.54376220703125 257.59375 250.225006103515625 242.774993896484375 235.0437469482421875 228.493743896484375 221.7624969482421875 210.850006103515625 201.4250030517578125 194.087493896484375 189.837493896484375 187.600006103515625 186.818756103515625 186.3125 179.5124969482421875 170.274993896484375 163.46875 158.3625030517578125 155.5625 151.5 149.1687469482421875 146.868743896484375 145.4375 146.024993896484375 147.068756103515625 144.2062530517578125 137.5124969482421875 129.7937469482421875 122.68125152587890625 116.71875 111.6999969482421875 108.80625152587890625
214.256256103515625 221.90625 229.3249969482421875 239.34375 250.375 259.64373779296875 267.318756103515625 275.17498779296875 280.39373779296875 280.431243896484375 277.63751220703125 273.63751220703125 270.75 265.993743896484375 259.88751220703125 252.8125 245.3312530517578125 237.100006103515625 230.1062469482421875 222.1437530517578125 211.4812469482421875 202.024993896484375 194.399993896484375 190.462493896484375 189.1437530517578125 190.524993896484375 193.28125 188.181243896484375 180.0625 175.2624969482421875 171.8562469482421875 169.287506103515625 164.493743896484375 159.9187469482421875 155.943756103515625 152.118743896484375 152.6687469482421875 155.9187469482421875 152.2062530517578125 143.6750030517578125 134.806243896484375 127.2312469482421875 121.0124969482421875 115.66249847412109375 112.3874969482421875
215.2062530517578125 221.90625 229.53125 240.7375030517578125 253.600006103515625 263.53125 272.556243896484375 280.118743896484375 284.568756103515625 283.506256103515625 280.274993896484375 276.51873779296875 273.0625 268.506256103515625 262.024993896484375 254.8000030517578125 247.568756103515625 239.506256103515625 231.818756103515625 223.3874969482421875 211.625 201.681243896484375 193.125 189.587493896484375 188.256256103515625 189.3874969482421875 192.381256103515625 191.1875 187.6875 185.337493896484375 184.162506103515625 181.9250030517578125 177.431243896484375 172.0187530517578125 167.0437469482421875 160.8125 159.9187469482421875 162.350006103515625 158.0749969482421875 148.96875 139.2062530517578125 131.3937530517578125 124.4375 118.5625 116.1437530517578125
219.1750030517578125 224.1999969482421875 231.431243896484375 245.7375030517578125 261.399993896484375 270.524993896484375 278.381256103515625 284.11248779296875 286.600006103515625 286.20001220703125 283.350006103515625 278.931243896484375 274.79376220703125 269.850006103515625 263.78125 256.92498779296875 249.6999969482421875 241.787506103515625 233.631256103515625 224.71875 212.149993896484375 200.6437530517578125 191.4499969482421875 187.1062469482421875 186.25 188.25 191.9375 193.5187530517578125 193.3125 194.1750030517578125 195.337493896484375 194.5500030517578125 190.537506103515625 184.962493896484375 178.8000030517578125 172.6750030517578125 170.1875 168.0124969482421875 162.5124969482421875 154 143.9499969482421875 135.712493896484375 127.9250030517578125 122.31874847412109375 119.02500152587890625
228.662506103515625 235.7562408447265625 243.556243896484375 257.58123779296875 270.96875 278.51251220703125 283.912506103515625 287.774993896484375 289.056243896484375 287.70001220703125 284.45001220703125 280.537506103515625 275.85626220703125 270.71875 265.38751220703125 259.01251220703125 251.587493896484375 243.743743896484375 235.4875030517578125 226.149993896484375 214.181243896484375 200.850006103515625 189.412506103515625 183.25 184.337493896484375 187.9812469482421875 193.493743896484375 197.037506103515625 199.181243896484375 202.306243896484375 205.274993896484375 207.46875 204.46875 198.149993896484375 191.8562469482421875 184.7937469482421875 180.225006103515625 175.787506103515625 169.1750030517578125 160.600006103515625 150.3000030517578125 140.4187469482421875 131.2375030517578125 124.4562530517578125 122.0625
242.4812469482421875 250.681243896484375 260.25 272.45001220703125 283.23126220703125 288.125 290.131256103515625 291.21875 290.03125 288.5625 286.368743896484375 282.17498779296875 276.82501220703125 271.881256103515625 266.95001220703125 261.51873779296875 254.8625030517578125 247.2937469482421875 239.1875 229.2624969482421875 217.0124969482421875 203.4562530517578125 190.84375 183.0437469482421875 185.881256103515625 190.25 196.524993896484375 201.25 205.412506103515625 209.649993896484375 214.4812469482421875 218.3625030517578125 216.850006103515625 210.34375 203.6687469482421875 196.6750030517578125 190.53125 184.850006103515625 177.681243896484375 169.34375 159.0749969482421875 147.3125 135.556243896484375 127.6125030517578125 128.2375030517578125
258.57501220703125 268.33123779296875 278.475006103515625 288.943756103515625 296.806243896484375 298.837493896484375 298.04998779296875 295.524993896484375 292.29376220703125 289.274993896484375 285.89373779296875 281.631256103515625 277.48748779296875 272.98748779296875 268.662506103515625 263.38751220703125 257.943756103515625 250.524993896484375 243.024993896484375 233.6374969482421875 222.256256103515625 210.0437469482421875 200.0749969482421875 193.837493896484375 193.8249969482421875 196.693756103515625 201.9187469482421875 206.475006103515625 210.9250030517578125 215.850006103515625 220.9250030517578125 224.7624969482421875 223.399993896484375 218.8562469482421875 213.274993896484375 206.53125 200.4375 194.662506103515625 187.84375 180.28125 170.6437530517578125 157.524993896484375 141.1687469482421875 131.975006103515625 137.350006103515625
273.42498779296875 285.100006103515625 295.943756103515625 306.41876220703125 311.4375 308.9375 304.35626220703125 299.26251220703125 294.193756103515625 289.212493896484375 285.67498779296875 281.96875 277.88751220703125 274.087493896484375 269.98126220703125 266.39373779296875 261.76873779296875 255.1875 248.100006103515625 239.493743896484375 229.256256103515625 218.8937530517578125 211.087493896484375 205.1125030517578125 203.7687530517578125 204.993743896484375 209.09375 213.2624969482421875 217.6374969482421875 221.975006103515625 226.4562530517578125 229.6687469482421875 228.625 225.0812530517578125 221.087493896484375 215.4499969482421875 210.2375030517578125 204.618743896484375 197.693756103515625 191.068756103515625 183.412506103515625 168.631256103515625 151.59375 144.2687530517578125 149.943756103515625
285.381256103515625 297.181243896484375 309.16876220703125 320.86248779296875 326.15625 317.73126220703125 308.681243896484375 301.36248779296875 294.368743896484375 287.993743896484375 283.90625 279.9375 277.45623779296875 275.07501220703125 271.975006103515625 268.4375 264.899993896484375 260.70623779296875 254.475006103515625 246.162506103515625 236.4499969482421875 227.4562530517578125 219.90625 214.875 213.15625 213.756256103515625 215.881256103515625 219.78125 223.34375 227.274993896484375 231.1750030517578125 233.962493896484375 234.0500030517578125 231.725006103515625 229.068756103515625 224.149993896484375 219.818756103515625 214.8000030517578125 208.506256103515625 201.8125 193.5437469482421875 182.881256103515625 170.0437469482421875 163.818756103515625 164.881256103515625
294.54998779296875 305.84375 316.29376220703125 327.29998779296875 330.70001220703125 319.368743896484375 308.70001220703125 299.40625 291.09375 285.412506103515625 281.20001220703125 278.07501220703125 276.631256103515625 274.82501220703125 272.274993896484375 270.07501220703125 268.4375 264.443756103515625 260.21875 252.662506103515625 243.4312591552734375 235.1062469482421875 228.6125030517578125 223.9187469482421875 221.725006103515625 221.5812530517578125 223.149993896484375 226.1999969482421875 229.118743896484375 232.943756103515625 236.2312469482421875 238.6125030517578125 238.931243896484375 238.149993896484375 236.431243896484375 232.8000030517578125 229.6750030517578125 225.600006103515625 219.3312530517578125 211.881256103515625 204.90625 197.868743896484375 189.556243896484375 182.475006103515625 181.7312469482421875
301.493743896484375 310.118743896484375 317.26873779296875 321.85626220703125 320.91876220703125 312.725006103515625 303.274993896484375 293.45623779296875 285.85626220703125 279.92498779296875 276.443756103515625 274.962493896484375 274.8125 273.975006103515625 273.20001220703125 272.04998779296875 269.51873779296875 265.85626220703125 261.96875 255.78125 248.3874969482421875 241.2312469482421875 235.0625 230.8625030517578125 229.875 229.287506103515625 229.9187469482421875 232.4250030517578125 235.0749969482421875 238.6750030517578125 241.475006103515625 243.6999969482421875 243.5437469482421875 243.6312408447265625 243.4187469482421875 241.7437591552734375 238.9375 235.4375 229.912506103515625 223.600006103515625 219.5187530517578125 216.4812469482421875 212.8562469482421875 209.5187530517578125 211.618743896484375
304.79376220703125 309.193756103515625 311.67498779296875 313.61248779296875 311.475006103515625 303.818756103515625 294.08123779296875 284.35626220703125 276.91876220703125 272.11248779296875 271.837493896484375 271.61248779296875 273.29376220703125 275.149993896484375 274.662506103515625 273.09375 270.0625 267.45001220703125 262.318756103515625 256.931243896484375 250.6999969482421875 244.9187469482421875 239.506256103515625 235.774993896484375 235.0124969482421875 235.25 235.8562469482421875 237.068756103515625 239.9875030517578125 243.181243896484375 246.475006103515625 248.962493896484375 249.6875 250.506256103515625 251.306243896484375 250.4875030517578125 248.975006103515625 246.9499969482421875 243.1125030517578125 241.399993896484375 239.625 240.118743896484375 242.1875 247.0625 260.212493896484375
306.20001220703125 306.912506103515625 307.131256103515625 305.806243896484375 301.149993896484375 293.26251220703125 284.212493896484375 274.66876220703125 267.212493896484375 262.88751220703125 263.1875 267.32501220703125 271.943756103515625 274.443756103515625 275.01873779296875 273.39373779296875 271.056243896484375 268.45001220703125 262.95623779296875 257.85626220703125 252.431243896484375 247.03125 241.899993896484375 239.15625 238.4875030517578125 239.0124969482421875 240.3249969482421875 241.9875030517578125 245.149993896484375 247.818756103515625 251.0500030517578125 254.3000030517578125 255.8187408447265625 257.54998779296875 258.78125 258.756256103515625 258.975006103515625 257.41876220703125 257.4375 258.912506103515625 260.48126220703125 264.431243896484375 271.04376220703125 282.181243896484375 300.637481689453125
306.162506103515625 304.65625 302.58123779296875 298.506256103515625 292.78125 284.006256103515625 274.20623779296875 264.40625 255.7375030517578125 252.087493896484375 254.8249969482421875 262.131256103515625 270.899993896484375 276.61248779296875 277.45001220703125 275.76873779296875 272.70623779296875 269.350006103515625 264.54998779296875 258.350006103515625 254.0625 248.40625 244.4875030517578125 242 241.28125 242.2687530517578125 243.75 246.087493896484375 249.25 252.118743896484375 255.6125030517578125 259.10626220703125 261.65625 264.524993896484375 266.443756103515625 266.681243896484375 267.1875 268.67498779296875 271.60626220703125 274.65625 279.256256103515625 285.375 294.42498779296875 307.40625 324.149993896484375
304.54376220703125 301.725006103515625 297.774993896484375 292.506256103515625 285.431243896484375 276.39373779296875 265.4375 254.256256103515625 244.193756103515625 238.8249969482421875 244.0187530517578125 256.46875 270.056243896484375 278.024993896484375 279.806243896484375 278.29998779296875 274.837493896484375 271.149993896484375 265.318756103515625 258.6875 254.28125 250.087493896484375 245.618743896484375 243.3874969482421875 243.2062530517578125 243.8249969482421875 245.6750030517578125 247.96875 251.006256103515625 254.743743896484375 259.1875 262.89373779296875 266.568756103515625 269.693756103515625 272.23748779296875 272.73748779296875 275.66876220703125 278.23748779296875 281.89373779296875 286.449981689453125 292.32501220703125 300.40625 309.399993896484375 321.756256103515625 334.625
302.193756103515625 298.681243896484375 293.95623779296875 288.306243896484375 281.212493896484375 272.149993896484375 261.756256103515625 249.149993896484375 235.7937469482421875 224.975006103515625 235.3000030517578125 257.850006103515625 272.73748779296875 280.20001220703125 282.318756103515625 280.71875 277.38751220703125 272.79376220703125 267.024993896484375 260.09375 255.1999969482421875 250.537506103515625 246.193756103515625 244.09375 243.524993896484375 244.40625 245.96875 249.25 253.03125 257.48748779296875 262.28125 266.568756103515625 270.899993896484375 275.20623779296875 278.16876220703125 280.90625 284.375 287.53125 290.875 295.875 302.08123779296875 310.381256103515625 319.71875 331.39373779296875 340.82501220703125
299.20623779296875 295.806243896484375 291.35626220703125 285.66876220703125 279.524993896484375 270.6875 261.78125 250.649993896484375 238.306243896484375 224.90625 248.1875 272.91876220703125 282.037506103515625 286.243743896484375 286.818756103515625 284.681243896484375 280.3125 275.63751220703125 268.774993896484375 261.82501220703125 255.5124969482421875 250.243743896484375 246.243743896484375 244.0749969482421875 243.243743896484375 244.056243896484375 246.8874969482421875 250.3249969482421875 254.2937469482421875 259.787506103515625 264.57501220703125 269.70623779296875 274.78125 279.88751220703125 283.65625 287.28125 291.118743896484375 294.337493896484375 298.537506103515625 303.318756103515625 308.95623779296875 316.85626220703125 325.20001220703125 335.649993896484375 344.681243896484375
295.524993896484375 292.20623779296875 288.66876220703125 284.274993896484375 278.70001220703125 271.60626220703125 264.912506103515625 259 255.787506103515625 263.493743896484375 291.29376220703125 294.912506103515625 293.962493896484375 294.381256103515625 293.21875 290.51251220703125 285.837493896484375 279.51873779296875 271.88751220703125 263.96875 256.51873779296875 249.975006103515625 245.4562530517578125 243.524993896484375 243.125 244.0749969482421875 246.600006103515625 250.4812469482421875 254.693756103515625 260.475006103515625 266.25 270.350006103515625 275.381256103515625 280.25 285.39373779296875 289.131256103515625 292.67498779296875 295.975006103515625 299.412506103515625 303.212493896484375 308.631256103515625 314.662506103515625 321.11248779296875 329.056243896484375 335.91876220703125
293.125 289.96875 286.98126220703125 283.493743896484375 279.39373779296875 275.212493896484375 271.70001220703125 271 273.26873779296875 282.899993896484375 298.412506103515625 303.98126220703125 302.899993896484375 302.256256103515625 300.85626220703125 297.26873779296875 291.962493896484375 285.32501220703125 276.01251220703125 266.78125 256.725006103515625 248.3874969482421875 242.850006103515625 240.4937591552734375 241.2312469482421875 243.1875 246.6875 251.037506103515625 255.306243896484375 261.45623779296875 266.61248779296875 271.875 277.256256103515625 281.83123779296875 286.181243896484375 288.943756103515625 292.84375 295.756256103515625 298.4375 300.95001220703125 304.54376220703125 309.4375 314.95001220703125 321.024993896484375 326.818756103515625
