data/historical-monthly-weather-data/wc2.1_cruts4.09_10m_prec_1967-06.asc
ncols        45
nrows        45
xllcorner    -63.500000000000
yllcorner    -7.500000000000
cellsize     0.166666666667
NODATA_value -9999
[rows 19 to 37 of 45, columns 0 to 43 of 45]
105.125 108.86875152587890625 111.46250152587890625 112.72499847412109375 115.90625 121.21875 123.09375 123.1999969482421875 127.09999847412109375 128.9187469482421875 128.931243896484375 126.4375 121.8249969482421875 116.65000152587890625 112.50624847412109375 103.05625152587890625 97.5812530517578125 100.66249847412109375 97.00624847412109375 99.7937469482421875 96.03749847412109375 101.8874969482421875 113.8249969482421875 116.8249969482421875 113.28749847412109375 110.22499847412109375 107.47499847412109375 110.83750152587890625 105.5812530517578125 100.08750152587890625 97.9187469482421875 105.4875030517578125 103.4812469482421875 98.3625030517578125 94.4812469482421875 94.625 91.56874847412109375 83.1125030517578125 75.06874847412109375 66.46250152587890625 56.02500152587890625 47.643749237060546875 46.043750762939453125 44.68125152587890625
91.4812469482421875 100 105.56874847412109375 107.90000152587890625 107.7312469482421875 110.7312469482421875 115.15625 117.43125152587890625 120.1437530517578125 121.03125 122.68125152587890625 120.2937469482421875 116.0500030517578125 109.5625 103.7312469482421875 100.11875152587890625 94.375 93.80625152587890625 98.2312469482421875 98.81874847412109375 106.8125 113.80625152587890625 122.5625 128.381256103515625 126.4875030517578125 119.28125 107.2312469482421875 104.05625152587890625 101.58750152587890625 101.33750152587890625 101.06874847412109375 104.4812469482421875 95.90625 90.2937469482421875 85.78749847412109375 85.88750457763671875 84.28749847412109375 78.5124969482421875 69.5 61.0625 53.112499237060546875 46.331249237060546875 43.825000762939453125 42.706249237060546875
84.36875152587890625 87.93125152587890625 95.25 100.7312469482421875 102.56874847412109375 104.0500030517578125 107.41249847412109375 109.5 111.76874542236328125 115.25 116.75624847412109375 113.11249542236328125 109.09375 106.8312530517578125 104.59999847412109375 98.13124847412109375 101.31874847412109375 99.3000030517578125 104.34999847412109375 106.4187469482421875 108.4250030517578125 119.5437469482421875 128.34375 126.9250030517578125 122.10625457763671875 116.2624969482421875 112.83750152587890625 105.1125030517578125 105.19374847412109375 104.9375 100.9250030517578125 95.8874969482421875 90.03125 87.33750152587890625 81.63124847412109375 78.65000152587890625 76.4875030517578125 73.15625 66.4812469482421875 59.231250762939453125 51.612499237060546875 46.25 43.49375152587890625 42.40000152587890625
77.90000152587890625 86.1687469482421875 93.0749969482421875 98.06874847412109375 100.3000030517578125 100.6750030517578125 98.5187530517578125 99.55625152587890625 105.47499847412109375 108.43125152587890625 109.625 109.9875030517578125 111.4250030517578125 111.3000030517578125 108.7624969482421875 105.03125 101.18125152587890625 100.9187469482421875 105.1062469482421875 110.41249847412109375 118.28749847412109375 122.9875030517578125 126.06874847412109375 125.5749969482421875 126.3000030517578125 120.34999847412109375 111.9375 106.46250152587890625 103.8874969482421875 98.33750152587890625 94.09375 91.4875030517578125 84.8249969482421875 79.2375030517578125 77.18125152587890625 72.1999969482421875 68.34375 65.93125152587890625 62.47499847412109375 57.22499847412109375 50.34375 45.893749237060546875 42.77500152587890625 40.58750152587890625
69.65625 78.30625152587890625 87.93125152587890625 91.09999847412109375 92.65000152587890625 93.30625152587890625 96.15625 97.0749969482421875 98.3874969482421875 99.1999969482421875 104.8625030517578125 110.34375 110.53125 112.9499969482421875 108.09999847412109375 105.21250152587890625 103.18125152587890625 107.06874847412109375 110.7312469482421875 114.7687530517578125 121.36875152587890625 129.256256103515625 130.931243896484375 134.6999969482421875 129.774993896484375 121.3125 117.20000457763671875 105 97.93125152587890625 94.1062469482421875 89.6125030517578125 86.46250152587890625 81.3625030517578125 74.59999847412109375 71.6687469482421875 66.2312469482421875 63.606250762939453125 61.25 57.362499237060546875 52.53125 47.356250762939453125 44.143749237060546875 41.6875 40.0625
61.22499847412109375 70.21250152587890625 78.5124969482421875 85.3937530517578125 88.8000030517578125 89.8125 91.44374847412109375 94.125 95.09375 99.15000152587890625 101.88124847412109375 104.9375 109.22499847412109375 108.1999969482421875 104.43125152587890625 102.6687469482421875 103.125 105.40000152587890625 111.0124969482421875 118.3125 124.7312469482421875 129.7624969482421875 137.943756103515625 139.024993896484375 129.506256103515625 120.97499847412109375 112.33750152587890625 103.00624847412109375 94.66249847412109375 90.8249969482421875 83.7687530517578125 78.4187469482421875 73.63124847412109375 69.9562530517578125 66.22499847412109375 62.43125152587890625 59.231250762939453125 55.456249237060546875 53.11875152587890625 49.237499237060546875 44.88124847412109375 42.72499847412109375 41.25 38.78125
55.825000762939453125 65.3625030517578125 70.0625 76.84999847412109375 80.2312469482421875 82.6062469482421875 83.99375152587890625 87.21875 86.53125 88.0812530517578125 94.34999847412109375 98.0812530517578125 102.4250030517578125 103.6437530517578125 102.94374847412109375 99.77500152587890625 100.84999847412109375 106.46875 112.94374847412109375 117.1062469482421875 124.40000152587890625 131.0500030517578125 137.7375030517578125 136.475006103515625 130.4812469482421875 119.71250152587890625 110.50624847412109375 101 90.3625030517578125 85.125 78.2624969482421875 72.81874847412109375 68.28749847412109375 64.25 60.55625152587890625 58.543750762939453125 55.59999847412109375 51.09375 47.956249237060546875 45.75 42.049999237060546875 38.168750762939453125 36.875 36.18125152587890625
49.71875 54.456249237060546875 60.90000152587890625 66.41249847412109375 69.9375 73.19374847412109375 75.5812530517578125 75.65625 77.3625030517578125 83.71250152587890625 90.49375152587890625 94.5437469482421875 97.40000152587890625 100.5749969482421875 101.5749969482421875 101.96250152587890625 101.49375152587890625 103.6125030517578125 110.93125152587890625 115.375 120.22499847412109375 127.4187469482421875 135.475006103515625 138.9499969482421875 127.8249969482421875 117.55625152587890625 108.4562530517578125 97.3125 86.9875030517578125 80.66249847412109375 75.49375152587890625 68.1437530517578125 63.00624847412109375 59.293750762939453125 55.93125152587890625 53.24375152587890625 51.3125 47.21875 43.63124847412109375 42.106250762939453125 39.65000152587890625 36.90625 34.543750762939453125 33.362499237060546875
44.362499237060546875 46.34375 51.450000762939453125 55.112499237060546875 58.5625 63.112499237060546875 66.65625 68.28749847412109375 71.7937469482421875 78.4375 83.7937469482421875 88.9875030517578125 92.16249847412109375 95.0124969482421875 96.125 96.99375152587890625 97.38124847412109375 101.99375152587890625 105.2624969482421875 111.83750152587890625 118.18125152587890625 122.5749969482421875 132.125 130.8125 122.84375 112.44374847412109375 103.4187469482421875 92.61875152587890625 85.08750152587890625 79.9562530517578125 73.6062469482421875 67.5124969482421875 61.16249847412109375 54.950000762939453125 52.706249237060546875 49.83750152587890625 47.81874847412109375 43.65625 41.16249847412109375 39.293750762939453125 37.168750762939453125 35.831249237060546875 32.206249237060546875 31.743749618530273438
38.5625 40.88124847412109375 43.13124847412109375 45.700000762939453125 49.58750152587890625 52.21250152587890625 56.549999237060546875 61.237499237060546875 66.6999969482421875 71.8249969482421875 77.8125 82.7624969482421875 87.84999847412109375 91.78125 93.1999969482421875 94.55625152587890625 96.63124847412109375 99.2937469482421875 104.65000152587890625 110.86875152587890625 114.21875 117.8125 122.8000030517578125 120.6374969482421875 114.4875030517578125 104.88124847412109375 98.90000152587890625 91.36875152587890625 83 75.88124847412109375 69.1437530517578125 64.28125 57.71875 53.22499847412109375 49.06874847412109375 46.03125 44.643749237060546875 39.91249847412109375 37.8125 35.59999847412109375 33.174999237060546875 31.5 29.981250762939453125 30.512500762939453125
34.9375 35.71875 37.71250152587890625 39.481250762939453125 42.27500152587890625 46.27500152587890625 50.38124847412109375 56.47499847412109375 61.41249847412109375 67.25 73.2062530517578125 79.1875 84.9562530517578125 89.71250152587890625 90.5124969482421875 90.90625 92.28749847412109375 97.1374969482421875 98.4875030517578125 100.4812469482421875 106.68125152587890625 110.8249969482421875 115.1999969482421875 113.2062530517578125 106.0812530517578125 101.40625 94.58750152587890625 86.71250152587890625 79.3937530517578125 71.93125152587890625 65.75 60.44374847412109375 55.31874847412109375 51.02500152587890625 47.518749237060546875 43.41249847412109375 42.393749237060546875 37.793750762939453125 33.924999237060546875 33.1875 30.618749618530273438 28.987499237060546875 28.4375 27.418750762939453125
32.299999237060546875 32.0625 33.231250762939453125 35.03749847412109375 37.38124847412109375 41.16249847412109375 46.043750762939453125 51.3125 56.262500762939453125 62.72499847412109375 69.18125152587890625 74.3125 81.46250152587890625 82.96250152587890625 85.2375030517578125 89.1062469482421875 91.5500030517578125 93.03749847412109375 94.6062469482421875 97.41249847412109375 100.9875030517578125 102.9562530517578125 106.8937530517578125 105.8312530517578125 100.49375152587890625 96.625 89.65000152587890625 82.93125152587890625 75.6437530517578125 68.875 64.83124542236328125 59.59999847412109375 53.612499237060546875 48.09999847412109375 44.293750762939453125 40.512500762939453125 38.674999237060546875 35.137500762939453125 31.606248855590820312 28.5 26.899999618530273438 25.606250762939453125 25.037500381469726562 24.5
29.887498855590820312 29.262500762939453125 29.731250762939453125 31.556249618530273438 34.375 38.049999237060546875 42.28749847412109375 47 52.43125152587890625 57.66249847412109375 62.59375 68.46250152587890625 73.15625 78.52500152587890625 82.5187530517578125 85.40625 85.4875030517578125 86.66249847412109375 88.6999969482421875 91.58750152587890625 94.4187469482421875 97.3874969482421875 98.3312530517578125 96.5625 94.40000152587890625 90.13124847412109375 84.99375152587890625 79.0812530517578125 72.1750030517578125 68.7375030517578125 63.27500152587890625 57.59999847412109375 52.125 46.31874847412109375 41.86875152587890625 37.63124847412109375 34.799999237060546875 30.662500381469726562 28.34375 25.912500381469726562 24.512500762939453125 23.512500762939453125 22.668750762939453125 22.137500762939453125
29.350000381469726562 28.693750381469726562 29.475000381469726562 30.912500381469726562 32.28125 35.625 39.46875 43.93125152587890625 48.40000152587890625 53.55625152587890625 60.456249237060546875 65.52500152587890625 70.9187469482421875 77.88124847412109375 82.15625 82.47499847412109375 82.21875 85.0187530517578125 86.58750152587890625 88.38124847412109375 88.625 89.84375 91.90000152587890625 90.75624847412109375 87.9375 84.9375 80.0187530517578125 74.50624847412109375 69.56874847412109375 66.1875 61.612499237060546875 55.075000762939453125 49.99375152587890625 45.47499847412109375 40.293750762939453125 35.950000762939453125 31.956249237060546875 27.987499237060546875 25.875 24.681249618530273438 23.237499237060546875 22.09375 20.793750762939453125 19.975000381469726562
28.887500762939453125 28.649999618530273438 29.831249237060546875 30.587499618530273438 31.325000762939453125 33.893749237060546875 37.59375 40.643749237060546875 44.69374847412109375 49.262500762939453125 56 63.049999237060546875 69.0124969482421875 74.09375 77.125 80.0437469482421875 82.0812530517578125 82.5625 81.77500152587890625 83.13124847412109375 84.16249847412109375 84.41249847412109375 87.0187530517578125 84.2624969482421875 82.7624969482421875 78.8937530517578125 76.125 71.53125 68.33750152587890625 64.3625030517578125 60.46250152587890625 55.418750762939453125 48.206249237060546875 42.84999847412109375 38.49375152587890625 34.27500152587890625 30.049999237060546875 26.0625 24.193750381469726562 22.743749618530273438 20.912500381469726562 20.274999618530273438 19.350000381469726562 17.575000762939453125
29.21875 28.375 29.618749618530273438 30.743749618530273438 31.162500381469726562 32.40000152587890625 34.55625152587890625 37.65000152587890625 41.65625 46.02500152587890625 53.93125152587890625 61.58750152587890625 68.2624969482421875 76.21875 79.4375 80.3874969482421875 80.3312530517578125 78.31874847412109375 77.11875152587890625 75.1374969482421875 78.40625 77.4187469482421875 78.09999847412109375 76.2687530517578125 77.43125152587890625 75.38124847412109375 72.25624847412109375 67.58750152587890625 64.33750152587890625 60.40000152587890625 57.231250762939453125 53.262500762939453125 45.9375 40.53125 35.518749237060546875 31.962499618530273438 27.443750381469726562 24.893749237060546875 22.46875 21.100000381469726562 19.462499618530273438 18.25 17.493749618530273438 16.243749618530273438
30.90625 29.924999237060546875 30.606250762939453125 31.625 32.27500152587890625 33.487499237060546875 35.168750762939453125 37.018749237060546875 39.99375152587890625 43.65000152587890625 49.387500762939453125 59.456249237060546875 68.11875152587890625 74.8937530517578125 78.4187469482421875 79.71250152587890625 78.88124847412109375 74.78749847412109375 72.375 69.36875152587890625 69.93125152587890625 72.01874542236328125 71.65000152587890625 70.1999969482421875 71.15625 69.56874847412109375 66.96250152587890625 63.356250762939453125 61.58750152587890625 57.53749847412109375 53.418750762939453125 49.81874847412109375 44.081249237060546875 38.44374847412109375 33.09375 30.043750762939453125 27.375 23.993749618530273438 22.131250381469726562 20.962499618530273438 19.375 17.943750381469726562 17.012500762939453125 16.268749237060546875
31.606250762939453125 31.799999237060546875 31.637500762939453125 32.63124847412109375 33.674999237060546875 34.63124847412109375 35.762500762939453125 37.75 40 41.075000762939453125 48.0625 59.8125 68.97499847412109375 73.83750152587890625 77.15000152587890625 78.1750030517578125 77.80625152587890625 74.3000030517578125 70.9250030517578125 65.5625 64.46875 66.74375152587890625 66.0187530517578125 65.40625 64.5187530517578125 63.59999847412109375 63.28125 60.331249237060546875 57.456249237060546875 52.86875152587890625 50.52500152587890625 46.137500762939453125 41.53125 36.86875152587890625 31.856250762939453125 29.024999618530273438 26.75 24.412500381469726562 22.143749237060546875 20.381250381469726562 18.825000762939453125 17.956249237060546875 16.506250381469726562 16.818750381469726562
31.793750762939453125 32.143749237060546875 32.71875 34.09375 34.74375152587890625 35.80625152587890625 37.28749847412109375 38.93125152587890625 41.518749237060546875 42.08750152587890625 52.106250762939453125 63.25624847412109375 69.5749969482421875 74.6750030517578125 75.6062469482421875 76.1374969482421875 75.21875 72.46250152587890625 69.65625 65.3312530517578125 62.56874847412109375 62.368747711181640625 60.5 60.299999237060546875 59.15625 59.799999237060546875 59.612499237060546875 57.05625152587890625 54.44374847412109375 49.575000762939453125 46.09999847412109375 43.793750762939453125 39.96250152587890625 35 30.606250762939453125 28.325000762939453125 26.118749618530273438 23.725000381469726562 22.918750762939453125 20.774999618530273438 18.924999237060546875 18.25 16.600000381469726562 15.806249618530273438
