data/historical-monthly-weather-data/wc2.1_cruts4.09_10m_prec_1976-02.asc
ncols        51
nrows        45
xllcorner    -63.500000000000
yllcorner    -7.500000000000
cellsize     0.166666666667
NODATA_value -9999
[rows 0 to 19 of 45, columns 0 to 44 of 51]
140.3125 137.0124969482421875 133.8625030517578125 133.3125 131.256256103515625 133.368743896484375 134.4875030517578125 133.5 132.868743896484375 134.7312469482421875 139.8625030517578125 143.4812469482421875 146.3125 144.1437530517578125 142.6437530517578125 141.2062530517578125 140.6437530517578125 136.4187469482421875 135.818756103515625 136.118743896484375 138.6125030517578125 141.5437469482421875 146.09375 149.993743896484375 154.649993896484375 159.8562469482421875 164.4375 169.100006103515625 175.256256103515625 186.2937469482421875 199.600006103515625 213.8625030517578125 226.462493896484375 239.962493896484375 254.587493896484375 266.756256103515625 276.368743896484375 284.962493896484375 291.79376220703125 295.756256103515625 301.20001220703125 304.76873779296875 305.73126220703125 310.618743896484375 310.1875
146.4875030517578125 142.693756103515625 141.243743896484375 139.600006103515625 139.0124969482421875 143.5500030517578125 146.4187469482421875 149.96875 154.1062469482421875 157.875 162.3000030517578125 164.0437469482421875 164.9875030517578125 163.8625030517578125 161.1750030517578125 158.1687469482421875 156.0124969482421875 152.3000030517578125 150.6937408447265625 149.899993896484375 152.181243896484375 156.087493896484375 160.975006103515625 165 168.96875 174.3874969482421875 178.3874969482421875 183.3000030517578125 188.9250030517578125 199.5812530517578125 211.0749969482421875 225.6125030517578125 238.03125 251.9562530517578125 265.01873779296875 275.818756103515625 284.63751220703125 291.61248779296875 296.993743896484375 299.837493896484375 303.65625 305.868743896484375 305.53125 308.337493896484375 306.899993896484375
153.7624969482421875 150.306243896484375 149.5124969482421875 149.368743896484375 150.681243896484375 156.600006103515625 163.537506103515625 171.774993896484375 180.0500030517578125 185.625 189.1687469482421875 189.4812469482421875 188.537506103515625 185.6999969482421875 180.943756103515625 176.162506103515625 172.100006103515625 169.2687530517578125 167.6750030517578125 167.4250030517578125 170.712493896484375 176.875 182.056243896484375 186.118743896484375 191.725006103515625 196 199.256256103515625 203.568756103515625 207.162506103515625 216.5749969482421875 229.03125 242.681243896484375 256.068756103515625 268.60626220703125 282.95623779296875 291.90625 301.01251220703125 309.493743896484375 312.912506103515625 315.0625 317.381256103515625 316.975006103515625 314.89373779296875 313.03125 312.100006103515625
159.6062469482421875 156.756256103515625 158.3125 160.068756103515625 165.1999969482421875 172.350006103515625 182.7375030517578125 195.5187530517578125 208.412506103515625 217.5187530517578125 220.475006103515625 217.3874969482421875 212.4562530517578125 207.087493896484375 200.962493896484375 194.631256103515625 189.368743896484375 185.3625030517578125 184.9812469482421875 187.837493896484375 193.443756103515625 200.100006103515625 205.524993896484375 210.068756103515625 215.0625 219.3625030517578125 222.5500030517578125 225.0187530517578125 227.09375 236.7937469482421875 247.9562530517578125 262.875 275.162506103515625 288.57501220703125 301.649993896484375 311.98748779296875 321.131256103515625 328.875 333.0625 334.875 333.962493896484375 330.943756103515625 326.42498779296875 321.125 318.975006103515625
169.2062530517578125 164.5812530517578125 165.3812408447265625 169.59375 177.15625 187.6437530517578125 200.0749969482421875 217.7624969482421875 237.6937408447265625 252.649993896484375 250.8937530517578125 242.40625 236.2624969482421875 229.8562469482421875 221.1374969482421875 213.5187530517578125 207.506256103515625 202.881256103515625 204.5500030517578125 209.6062469482421875 217.306243896484375 223.712493896484375 230.587493896484375 235.600006103515625 240.0124969482421875 244.4812469482421875 244.3625030517578125 244.5625 248.037506103515625 257.84375 269.243743896484375 281.73748779296875 295.58123779296875 309.381256103515625 322.181243896484375 332.462493896484375 342.606231689453125 350.943756103515625 354.57501220703125 353.787506103515625 352.23748779296875 345.01873779296875 336.381256103515625 328.625 323.243743896484375
176.5749969482421875 173.2687530517578125 173.5187530517578125 176.8562469482421875 184.46875 197.7624969482421875 213.431243896484375 232.899993896484375 255.8874969482421875 275.756256103515625 270.95623779296875 261.1875 255.1062469482421875 249.5187530517578125 241.7687530517578125 235.8562469482421875 229.306243896484375 226.368743896484375 230.5437469482421875 237.5812530517578125 244.1750030517578125 250.78125 257.48126220703125 261.212493896484375 264.168731689453125 268.831268310546875 268.5625 267.350006103515625 268.85626220703125 277.65625 288.23748779296875 299.85626220703125 311.26251220703125 326.756256103515625 339.962493896484375 349.212493896484375 358.89373779296875 366.60626220703125 370.9375 369.42498779296875 363.975006103515625 354.79998779296875 344.83123779296875 335.38751220703125 325.6875
184.5437469482421875 181.46875 182.5812530517578125 184.78125 191.75 204.881256103515625 221.087493896484375 238.399993896484375 257.53125 270.712493896484375 275.337493896484375 272.743743896484375 269.57501220703125 266.493743896484375 262.181243896484375 258.4375 255.975006103515625 258.48126220703125 264.20001220703125 269.368743896484375 272.79998779296875 278.600006103515625 282.98126220703125 285.568756103515625 290.774993896484375 293.962493896484375 293.0625 291.993743896484375 290.28125 297.01251220703125 307.88751220703125 318.443756103515625 330.04376220703125 340.868743896484375 352.850006103515625 363.51873779296875 371.756256103515625 379.60626220703125 385.67498779296875 383.125 373.70623779296875 363.66876220703125 353.399993896484375 342.587493896484375 330.54998779296875
192.068756103515625 188.131256103515625 189.381256103515625 193.59375 200.46875 212.28125 225.556243896484375 238.431243896484375 250.2062530517578125 262.125 274.63751220703125 280.6875 282.90625 281.9375 280.75 280.662506103515625 281.70001220703125 289.83123779296875 299.53125 301.462493896484375 301.212493896484375 304.774993896484375 308.162506103515625 311.193756103515625 316.26873779296875 319.20001220703125 317.51251220703125 314.587493896484375 313.20623779296875 318.4375 325.86248779296875 336.13751220703125 346.3125 356.881256103515625 366.88751220703125 374.86248779296875 382.10626220703125 388.287506103515625 391.962493896484375 389.70623779296875 382.006256103515625 372.96875 362.84375 350.493743896484375 339.712493896484375
199.8125 196.350006103515625 197.7312469482421875 202.256256103515625 208.3312530517578125 217.96875 229.8312530517578125 239.8625030517578125 247.118743896484375 258.13751220703125 274.20623779296875 285.70001220703125 291.774993896484375 294.15625 295.63751220703125 299.36248779296875 303.01251220703125 311.23748779296875 321.931243896484375 323.04376220703125 320.71875 323.868743896484375 328.01251220703125 334.48748779296875 339.84375 342.5625 339.024993896484375 335.14373779296875 333.70001220703125 337.20001220703125 343.787506103515625 352.600006103515625 361.10626220703125 369.5 377.881256103515625 385.36248779296875 391.42498779296875 396.274993896484375 400.04376220703125 398.23126220703125 391.15625 383.537506103515625 375.57501220703125 365.243743896484375 356.774993896484375
207.368743896484375 204.40625 206.568756103515625 210.4812469482421875 215.681243896484375 224.537506103515625 236.1999969482421875 246.09375 256.524993896484375 268.5625 284.13751220703125 293.837493896484375 302.318756103515625 305.6875 310.643768310546875 315.26873779296875 319.993743896484375 327.08123779296875 332.57501220703125 335.36248779296875 335.693756103515625 340.66876220703125 347.73126220703125 357.912506103515625 363.818756103515625 365.96875 362.337493896484375 356.23748779296875 354.82501220703125 357.14373779296875 360.306243896484375 366.537506103515625 374.100006103515625 382.76873779296875 390.693756103515625 396.268768310546875 400.962493896484375 403.181243896484375 405.95623779296875 405.63751220703125 401.39373779296875 396.04376220703125 388.4375 377.962493896484375 372.662506103515625
214.0749969482421875 211.5124969482421875 213.8874969482421875 217.712493896484375 222.368743896484375 231.1999969482421875 242.475006103515625 254.2562408447265625 266.85626220703125 280.693756103515625 296.875 307.337493896484375 314.506256103515625 318.26873779296875 324.556243896484375 330.381256103515625 334.79998779296875 338.85626220703125 341.82501220703125 345.1875 346.26873779296875 353.0625 365.537506103515625 375.10626220703125 386.92498779296875 388.8125 382.931243896484375 377.493743896484375 373.475006103515625 373.306243896484375 375.78125 379.868743896484375 385.574981689453125 393.125 401.875 407.006256103515625 408.493743896484375 410.818756103515625 412.82501220703125 411.493743896484375 408.20623779296875 403.649993896484375 397.88751220703125 389.29998779296875 384.38751220703125
220.7687530517578125 218.3562469482421875 220.4187469482421875 224.618743896484375 229.868743896484375 238.6999969482421875 249.931243896484375 263.54376220703125 276.67498779296875 291.26873779296875 308.34375 321.23126220703125 327.70001220703125 331.100006103515625 337.57501220703125 341.82501220703125 345.506256103515625 346.975006103515625 347.25 348.318756103515625 349.556243896484375 359.64373779296875 378.8125 395.287506103515625 406.84375 406.087493896484375 397.975006103515625 391.13751220703125 386.65625 386.66876220703125 387.625 389.04998779296875 394.287506103515625 400.725006103515625 408.42498779296875 413.756256103515625 417.681243896484375 420.41876220703125 422.587493896484375 421.9375 419.743743896484375 414.63751220703125 405.743743896484375 394.056243896484375 386.91876220703125
224.875 223.46875 226.443756103515625 230.7624969482421875 237.181243896484375 246.6875 258.73126220703125 271.90625 285.04998779296875 301.09375 318.08123779296875 332.631256103515625 340.318756103515625 342.51873779296875 347.962493896484375 350.8125 353.54998779296875 355.26251220703125 356.13751220703125 355.493743896484375 353.806243896484375 366.962493896484375 390.40625 406.79376220703125 414.64373779296875 414.568756103515625 409.36248779296875 402.98748779296875 397.662506103515625 396.837493896484375 396.756256103515625 396.862518310546875 399.5 405.75 413.28125 417.98126220703125 422.024993896484375 427.58123779296875 431.16876220703125 431.53125 431.537506103515625 424.51873779296875 409.993743896484375 394.537506103515625 383.76251220703125
227.8000030517578125 227.125 230.7375030517578125 235.8562469482421875 243.225006103515625 252.993743896484375 265.993743896484375 279.506256103515625 293.181243896484375 308.243743896484375 323.850006103515625 337.39373779296875 346.40625 352.131256103515625 355.399993896484375 358.962493896484375 360.4375 363.556243896484375 365 367.53125 372.3125 385.42498779296875 404.618743896484375 415.01251220703125 420.84375 421.89373779296875 418.225006103515625 412.100006103515625 407.45001220703125 403.837493896484375 402.493743896484375 400.63751220703125 402.087493896484375 407.8125 414.28125 419.96875 426.84375 434.10626220703125 440.181243896484375 441.068756103515625 437.53125 424.087493896484375 410.462493896484375 397.3125 387.431243896484375
230.0187530517578125 229.2937469482421875 233.6437530517578125 240.3562469482421875 247.3125 258.21875 272.16876220703125 285.537506103515625 299.64373779296875 314.26873779296875 328.0625 341.73748779296875 351.337493896484375 357.774993896484375 361.60626220703125 364.01251220703125 366.350006103515625 369.45623779296875 372.712493896484375 378.375 386.875 399.131256103515625 415.537506103515625 423.0625 426.89373779296875 430.050018310546875 426.681243896484375 419.993743896484375 414.61248779296875 410.36248779296875 405.04376220703125 399.725006103515625 400.38751220703125 403.45623779296875 409.21875 414.54998779296875 424.66876220703125 435.89373779296875 442.712493896484375 441.70623779296875 431.64373779296875 421.82501220703125 411.95623779296875 399.462493896484375 388.64373779296875
230.837493896484375 230.243743896484375 235.3312530517578125 242.6125030517578125 250.8937530517578125 262.306243896484375 276.381256103515625 289.4375 304.100006103515625 319.725006103515625 333.725006103515625 347.75 358.162506103515625 364.274993896484375 367.64373779296875 367.318756103515625 371.306243896484375 376.79376220703125 382.11248779296875 389.51251220703125 398.60626220703125 410.875 425.54376220703125 432.95623779296875 434.625 435.675018310546875 431.10626220703125 426.068756103515625 422.037506103515625 416.524993896484375 409.8125 400.09375 394.649993896484375 393.90625 395.75 402.875 416.225006103515625 432.4375 443.53125 442.243743896484375 430.493743896484375 419.70623779296875 409.475006103515625 397.79376220703125 385.54376220703125
229.2375030517578125 230.100006103515625 235.662506103515625 243.59375 252.912506103515625 264.88751220703125 279.087493896484375 293.07501220703125 308.13751220703125 324.368743896484375 340.13751220703125 355.45623779296875 367.399993896484375 374.53125 376.85626220703125 375.79376220703125 376.618743896484375 381.287506103515625 387.243743896484375 396.25 408.11248779296875 421.23126220703125 434.26873779296875 440.51873779296875 442.818756103515625 440.037506103515625 433.149993896484375 430.03125 428.25 423.85626220703125 414.65625 401.36248779296875 390.28125 380.287506103515625 379.1875 386.287506103515625 401.399993896484375 425.993743896484375 447.29376220703125 440.01251220703125 422.868743896484375 412.3125 401.10626220703125 390.14373779296875 380.037506103515625
224.662506103515625 226.537506103515625 233.8937530517578125 243.306243896484375 253.368743896484375 266.03125 280.90625 295.693756103515625 311.13751220703125 327.39373779296875 344.743743896484375 363.143768310546875 378.65625 386.76251220703125 389.20001220703125 387.83123779296875 383.45623779296875 381.9375 389.725006103515625 398.32501220703125 413.20001220703125 425.33123779296875 434.462493896484375 437.57501220703125 439.399993896484375 437.95623779296875 430.412506103515625 430.08123779296875 431.29376220703125 428.056243896484375 416.82501220703125 394.274993896484375 378.36248779296875 364.381256103515625 357.556243896484375 359.83123779296875 381.20623779296875 406.60626220703125 426.08123779296875 424.23126220703125 409.318756103515625 399.26251220703125 389.774993896484375 380.84375 372.4375
219.068756103515625 222.149993896484375 230.431243896484375 240.056243896484375 251.3249969482421875 265.868743896484375 280.743743896484375 296.993743896484375 313.67498779296875 329.98126220703125 348.76251220703125 368.431243896484375 387.375 401.306243896484375 401.48748779296875 394.88751220703125 387.53125 381.91876220703125 385.693756103515625 395.28125 411.82501220703125 424.587493896484375 427.11248779296875 429.662506103515625 432.381256103515625 434.53125 431.33123779296875 431.725006103515625 435.07501220703125 433.88751220703125 423.068756103515625 395.8125 371.743743896484375 347.88751220703125 333.07501220703125 337.0625 358.568756103515625 381.975006103515625 398.975006103515625 400.375 392.274993896484375 383.193756103515625 376.381256103515625 370 363.40625
213.6687469482421875 216.618743896484375 225.537506103515625 235.931243896484375 248.7062530517578125 264.33123779296875 280.806243896484375 296.71875 313.54998779296875 330.318756103515625 348.462493896484375 369.381256103515625 392.743743896484375 414.100006103515625 410.13751220703125 394.600006103515625 381.818756103515625 377.662506103515625 380.1875 388.57501220703125 399.01873779296875 407.54998779296875 416.04998779296875 419.40625 423.38751220703125 427.32501220703125 428.57501220703125 432.48126220703125 434.131256103515625 431.087493896484375 417.100006103515625 394.04998779296875 363.943756103515625 332.07501220703125 308.65625 316.54998779296875 342.899993896484375 366.4375 380.493743896484375 383.46875 376.381256103515625 367.743743896484375 365.07501220703125 361.506256103515625 356.875
