data/historical-monthly-weather-data/wc2.1_cruts4.09_10m_prec_1979-07.asc
ncols        45
nrows        45
xllcorner    -63.500000000000
yllcorner    -7.500000000000
cellsize     0.166666666667
NODATA_value -9999
[rows 19 to 37 of 45, columns 0 to 42 of 45]
83.2062530517578125 84.0812530517578125 81.94374847412109375 79.5500030517578125 76.5812530517578125 75.3249969482421875 70.34375 67.25 65.09999847412109375 61.325000762939453125 57.97499847412109375 54.825000762939453125 49.924999237060546875 45.206249237060546875 39.5 33.768749237060546875 29.65625 29.706249237060546875 25.893749237060546875 22.912500381469726562 18.5 16.137500762939453125 14.587499618530273438 14.824999809265136719 14.868749618530273438 14.3125 15.574999809265136719 17.799999237060546875 19.493749618530273438 21.475000381469726562 25.03125 30.206249237060546875 30.731250762939453125 30.575000762939453125 30.924999237060546875 33.1875 34.71875 35.50624847412109375 35.9375 34.856250762939453125 32.11875152587890625 29.46875 28.524999618530273438
73.7375030517578125 78.9250030517578125 79.93125152587890625 75.84375 71.5749969482421875 70.11875152587890625 66.4499969482421875 63.65625 61.081249237060546875 58.28749847412109375 54.56874847412109375 51.856250762939453125 48.24375152587890625 43.58750152587890625 38.1875 33.262500762939453125 29.737499237060546875 27.568750381469726562 25.987499237060546875 22.306249618530273438 20.206249237060546875 17.893749237060546875 15.987500190734863281 16.443750381469726562 16.418750762939453125 15.637499809265136719 16.037500381469726562 18.131250381469726562 20.643749237060546875 23.493749618530273438 28.087499618530273438 32.61875152587890625 31.743749618530273438 31.700000762939453125 32 33.53749847412109375 34.856250762939453125 34.66249847412109375 33.950000762939453125 32.49375152587890625 30.618749618530273438 29.237499237060546875 27.756250381469726562
70.08750152587890625 70.6999969482421875 72.6125030517578125 71.15000152587890625 68.49375152587890625 64.34375 61.243747711181640625 58.61875152587890625 56.918750762939453125 54.53125 52.1875 48.393749237060546875 44.84375 42.762500762939453125 39.15000152587890625 34.27500152587890625 31.574998855590820312 28.612499237060546875 26.337499618530273438 23.649999618530273438 20.581249237060546875 18.46875 16.912500381469726562 16.587499618530273438 16.081249237060546875 15.625 17.524999618530273438 18.993749618530273438 22.318750381469726562 26.506250381469726562 30.456249237060546875 33.88124847412109375 33.174999237060546875 32.393749237060546875 31.631250381469726562 33.24375152587890625 34.18125152587890625 33.90000152587890625 33.075000762939453125 31.756250381469726562 30.112499237060546875 29.006250381469726562 27.856250762939453125
66.40000152587890625 70.125 70.19374847412109375 67.65000152587890625 64.41249847412109375 61.237499237060546875 55.362499237060546875 52.84375 52.15625 52.24375152587890625 50.799999237060546875 47.549999237060546875 45.549999237060546875 43.06874847412109375 40.293750762939453125 36.78125 32.518749237060546875 28.787500381469726562 26.075000762939453125 24.018749237060546875 22.368749618530273438 19.743749618530273438 17.743749618530273438 17.3125 17.350000381469726562 16.612501144409179688 17.887500762939453125 20.262500762939453125 22.899999618530273438 26.637500762939453125 30.681249618530273438 34.674999237060546875 33.59999847412109375 31.818750381469726562 31.393749237060546875 31.549999237060546875 32.606250762939453125 31.8125 31.700000762939453125 31 29.649999618530273438 28.0625 27.118749618530273438
60.71875 65.8562469482421875 67.58750152587890625 64.58750152587890625 61.28125 57.21875 54.674999237060546875 51.356250762939453125 49.27500152587890625 47.762500762939453125 47.125 47.58750152587890625 46.125 44.768749237060546875 40.80625152587890625 37.200000762939453125 32.700000762939453125 30.112499237060546875 27.200000762939453125 25.59375 23.162500381469726562 21.399999618530273438 19.375 19.556249618530273438 19.393749237060546875 18.487499237060546875 20.28125 21.5625 23.793750762939453125 27.21875 31.206249237060546875 34.6875 32.918750762939453125 30.600000381469726562 30.762500762939453125 29.850000381469726562 30.65625 30.581249237060546875 30.293750762939453125 29.393749237060546875 28.375 27.018751144409179688 26.274999618530273438
57.11875152587890625 62.46875 64.9875030517578125 62.700000762939453125 59.78125 55.09375 52.31874847412109375 49.456249237060546875 47.58750152587890625 47.237499237060546875 46.768749237060546875 45.09999847412109375 45.94374847412109375 44.700000762939453125 40.625 36.231250762939453125 32.75 30.618749618530273438 28.325000762939453125 26.34375 24.524999618530273438 22.612499237060546875 21.643749237060546875 21.337499618530273438 20.587499618530273438 20.743749618530273438 21.450000762939453125 22.700000762939453125 24.331249237060546875 27.487499237060546875 29.924999237060546875 32.13124847412109375 31.53125 29.681249618530273438 28.556249618530273438 28.387500762939453125 29.018749237060546875 28.34375 28.331249237060546875 27.868749618530273438 26.581249237060546875 25.824998855590820312 25.274999618530273438
56.96250152587890625 61.78749847412109375 60.90000152587890625 59.612499237060546875 56.668750762939453125 52.97499847412109375 50.200000762939453125 47.387500762939453125 45.21875 43.21250152587890625 44.893749237060546875 44.71875 43.84999847412109375 43.4375 40.137500762939453125 36.456249237060546875 32.793750762939453125 30.75 28.912500381469726562 26.743749618530273438 25.875 24.34375 23.418750762939453125 23.274999618530273438 22.356250762939453125 21.799999237060546875 22.850000381469726562 23.649999618530273438 24.53125 26.524999618530273438 28.475000381469726562 29.825000762939453125 28.600000381469726562 27.512500762939453125 27.350000381469726562 27.193750381469726562 27.306249618530273438 26.981250762939453125 26.799999237060546875 26.318750381469726562 25.84375 24.625 23.84375
54.66249847412109375 57.06874847412109375 57.862499237060546875 57.09999847412109375 54.375 51.575000762939453125 49.299999237060546875 46.34375 43.456249237060546875 43.97499847412109375 44.856250762939453125 45.012500762939453125 44.84999847412109375 43.75 40.268749237060546875 37.643749237060546875 34.174999237060546875 31.481250762939453125 29.950000762939453125 28.274999618530273438 26.787500381469726562 25.600000381469726562 25.231250762939453125 25.818750381469726562 24.418750762939453125 23.037500381469726562 23.893749237060546875 24.856250762939453125 25.6875 26.28125 27.975000381469726562 27.818750381469726562 26.181249618530273438 26.356250762939453125 25.649999618530273438 25.993749618530273438 25.356250762939453125 25.131250381469726562 25.237499237060546875 25.174999237060546875 25.200000762939453125 24.299999237060546875 23.200000762939453125
52.71250152587890625 52.99375152587890625 53.66249847412109375 54.13124847412109375 52.012500762939453125 49.78125 47.71250152587890625 44.924999237060546875 43.481250762939453125 43.456249237060546875 43.63124847412109375 43.518749237060546875 43.99375152587890625 43.63124847412109375 40.206249237060546875 37.256252288818359375 34.456249237060546875 32.25 29.831249237060546875 28.568750381469726562 28.0625 26.756250381469726562 25.487501144409179688 26.09375 25.5 24.362499237060546875 25.106250762939453125 25.975000381469726562 26.643749237060546875 27.475000381469726562 28.193750381469726562 28.418750762939453125 26.549999237060546875 25.075000762939453125 24.3125 24.456249237060546875 23.831249237060546875 23.768749237060546875 24.106250762939453125 24.674999237060546875 24.612499237060546875 24.537500381469726562 22.887500762939453125
50.19374847412109375 50.456249237060546875 51.643749237060546875 49.875 48.97499847412109375 46.387500762939453125 44.3125 42.96250152587890625 41.799999237060546875 42.237499237060546875 42.15625 42.40625 43.393749237060546875 43.93125152587890625 40.88124847412109375 37.91249847412109375 35.674999237060546875 32.53749847412109375 30.618749618530273438 29.287500381469726562 28.431249618530273438 27.262500762939453125 26.443750381469726562 26.5 26.137500762939453125 25.381250381469726562 26.100000381469726562 26.90625 28.256250381469726562 28.806249618530273438 28.824998855590820312 28.818750381469726562 26.487499237060546875 24.399999618530273438 23.262500762939453125 23.231250762939453125 22.787500381469726562 22.693750381469726562 22.950000762939453125 22.868749618530273438 23.431249618530273438 22.700000762939453125 21.762500762939453125
47.46250152587890625 49.081249237060546875 49.41249847412109375 48.02500152587890625 46.27500152587890625 44.53749847412109375 42.362499237060546875 42.043750762939453125 41.84999847412109375 41.59375 41.643749237060546875 42.893749237060546875 43.80625152587890625 43.68125152587890625 41.25 38.81874847412109375 36.30625152587890625 34.049999237060546875 31.637500762939453125 29.950000762939453125 29.46875 28.325000762939453125 27.649999618530273438 27.256250381469726562 27.168750762939453125 26.787500381469726562 27.256250381469726562 28.15625 29.375 29.28125 29.118749618530273438 28.512500762939453125 26.09375 24.15625 22.631250381469726562 22.268749237060546875 22.493749618530273438 21.899999618530273438 21.46875 21.487499237060546875 22.125 21.71875 20.862499237060546875
45.762500762939453125 46.950000762939453125 45.450000762939453125 45.83750152587890625 45.18125152587890625 44.05625152587890625 42.0625 41.02500152587890625 41.05625152587890625 41.15625 41.674999237060546875 42.4375 44.424999237060546875 43.424999237060546875 41.056247711181640625 39.44374847412109375 38.356250762939453125 34.924999237060546875 31.837499618530273438 30.9375 30.681249618530273438 29.581249237060546875 28.59375 27.78125 27.418750762939453125 28.03125 28.487499237060546875 28.799999237060546875 29.15625 29.212499618530273438 28.818750381469726562 28.381250381469726562 26.21875 24.393749237060546875 22.706249237060546875 21.768749237060546875 21.5 21.4375 20.5 19.681249618530273438 19.893749237060546875 20.149999618530273438 19.537500381469726562
44.012500762939453125 43.231250762939453125 42.02500152587890625 41.74375152587890625 42.168750762939453125 41.887500762939453125 41.262500762939453125 40.1875 40.65000152587890625 40.293750762939453125 41.06874847412109375 42.799999237060546875 43.68125152587890625 44.46250152587890625 42.731250762939453125 41.106250762939453125 39.53749847412109375 36.168750762939453125 32.71875 31.899999618530273438 30.899999618530273438 30.081249237060546875 28.825000762939453125 28.075000762939453125 28.381250381469726562 28.287500381469726562 28.84375 29.65625 29.318750381469726562 29.087499618530273438 28.950000762939453125 28.181249618530273438 25.875 24.068750381469726562 22.625 21.40625 21.125 19.875 19.043750762939453125 18.84375 18.850000381469726562 18.5625 17.981250762939453125
41.99375152587890625 40.77500152587890625 39.16249847412109375 38.78125 39.356250762939453125 39.34999847412109375 39.481250762939453125 39.19374847412109375 38.799999237060546875 40.03125 41.75 42.450000762939453125 43.887500762939453125 45.512500762939453125 44.55625152587890625 42.40625 40.19374847412109375 38.293750762939453125 35.612499237060546875 34.34375 32.893749237060546875 31.299999237060546875 29.581249237060546875 29.25 29.78125 29.462499618530273438 30.306249618530273438 30.393749237060546875 30.612499237060546875 29.600000381469726562 28.893749237060546875 27.693750381469726562 25.149999618530273438 23.600000381469726562 22.606250762939453125 21.875 20.53125 19.262500762939453125 18.575000762939453125 18.787500381469726562 18.6875 18.53125 17.4375
40 38.831249237060546875 38.075000762939453125 37.793750762939453125 37.543750762939453125 36.66249847412109375 36.831249237060546875 36.15625 37.487499237060546875 38.05625152587890625 40.02500152587890625 42.09375 44.33750152587890625 45.30625152587890625 44.71875 42.74375152587890625 41.512500762939453125 39.418750762939453125 36.893749237060546875 35.331249237060546875 34.33750152587890625 31.981250762939453125 30.9375 30.762500762939453125 30.368749618530273438 29.881250381469726562 30.53125 31.231250762939453125 31.243749618530273438 30.131250381469726562 28.987499237060546875 27.318750381469726562 24.899999618530273438 23.674999237060546875 22.587499618530273438 21.450000762939453125 19.774999618530273438 18.731250762939453125 18.556249618530273438 18.387500762939453125 18.34375 18.431249618530273438 18.106250762939453125
38.53749847412109375 36.293750762939453125 36.606250762939453125 36.15625 36.34999847412109375 35.66249847412109375 35.03749847412109375 34.50624847412109375 34.52500152587890625 35.487499237060546875 38.05625152587890625 41.49375152587890625 45.49375152587890625 47.36875152587890625 45.77500152587890625 44.21875 42.84375 40.40000152587890625 38.549999237060546875 36.27500152587890625 35.143749237060546875 33.80625152587890625 32.21250152587890625 31.75 31.1875 30.431249618530273438 30.993749618530273438 31.556249618530273438 31.387500762939453125 28.71875 27.4375 26.637500762939453125 24.806249618530273438 23.443750381469726562 21.850000381469726562 20.693750381469726562 19.524999618530273438 18.887500762939453125 18.368749618530273438 17.799999237060546875 17.475000381469726562 17.212499618530273438 17.668750762939453125
36.831249237060546875 35.481250762939453125 36.081249237060546875 35.012500762939453125 34.91249847412109375 34.075000762939453125 33.643749237060546875 33.0625 32.950000762939453125 33.30625152587890625 35.74375152587890625 40.043750762939453125 45.41249847412109375 46.34375 46.168750762939453125 45.112499237060546875 44.21875 41.49375152587890625 38.862499237060546875 36.987499237060546875 34.481250762939453125 34.09375 32.25 31.493749618530273438 30.375 30.65625 31.0625 31.450000762939453125 31.0625 28.524999618530273438 27.056249618530273438 26.387500762939453125 24.549999237060546875 23.375 21.950000762939453125 20.475000381469726562 19.581249237060546875 18.756250381469726562 18.643749237060546875 18.118749618530273438 17.318750381469726562 17.225000381469726562 16.90625
34.78125 34.424999237060546875 34.59375 33.40625 33.24375152587890625 33.174999237060546875 32.71250152587890625 32.049999237060546875 31.393749237060546875 30.518749237060546875 33.36875152587890625 38.456249237060546875 42.981250762939453125 44.46250152587890625 45.36875152587890625 45.137500762939453125 44.137500762939453125 41.15000152587890625 38.59375 36.97499847412109375 34.4375 32.93125152587890625 31.493749618530273438 31.28125 30.168750762939453125 30.049999237060546875 30.424999237060546875 30.399999618530273438 29.975000381469726562 28.412500381469726562 26.6875 25.3125 23.587499618530273438 22.581249237060546875 21.356250762939453125 19.75 18.818750381469726562 18.71875 18.825000762939453125 18 17 16.899999618530273438 16.5
32.11875152587890625 32.43125152587890625 31.856250762939453125 31.931249618530273438 31.850000381469726562 31.774999618530273438 31.543750762939453125 30.9375 30.5 29.181249618530273438 34.15625 38.80625152587890625 41.487499237060546875 43.200000762939453125 44.706249237060546875 44.875 42.84999847412109375 41.34999847412109375 38.356250762939453125 36.612499237060546875 34.737499237060546875 32.887500762939453125 30.90625 30.712499618530273438 30.1875 29.831249237060546875 29.712499618530273438 29.625 29.225000381469726562 27.3125 24.612499237060546875 23.725000381469726562 22.243749618530273438 21.543750762939453125 20.012500762939453125 18.418750762939453125 18.368749618530273438 18.143749237060546875 18.174999237060546875 17.600000381469726562 16.743749618530273438 17.049999237060546875 16.549999237060546875
