data/historical-monthly-weather-data/wc2.1_cruts4.09_10m_prec_2018-07.asc
ncols        51
nrows        45
xllcorner    -63.500000000000
yllcorner    -7.500000000000
cellsize     0.166666666667
NODATA_value -9999
[rows 0 to 18 of 45, columns 0 to 43 of 51]
462.15625 451.943756103515625 438.625 433.662506103515625 422.131256103515625 410.0625 397.60626220703125 381.64373779296875 372.84375 366.95001220703125 354.337493896484375 340.83123779296875 325.662506103515625 315.524993896484375 306.45623779296875 293.98126220703125 281.40625 265.15625 251.868743896484375 242.756256103515625 237.15625 226.0500030517578125 216.850006103515625 208.7687530517578125 203.3312530517578125 194.6125030517578125 190.306243896484375 186.7375030517578125 181.0812530517578125 179.2375030517578125 170.274993896484375 165.8812408447265625 167 164.7687530517578125 162.03125 156.6437530517578125 148.2687530517578125 147.787506103515625 140.2062530517578125 133.899993896484375 132.493743896484375 131.681243896484375 126.74375152587890625 123.84999847412109375
445.38751220703125 435.493743896484375 424.287506103515625 422.29998779296875 416.943756103515625 406.193756103515625 393.23748779296875 380.45001220703125 371.5625 360.993743896484375 347.350006103515625 331.181243896484375 315.61248779296875 302.20623779296875 288.693756103515625 275.975006103515625 262.087493896484375 247.024993896484375 234.962493896484375 224.25 212.6750030517578125 206.225006103515625 199.3125 195.568756103515625 185.6374969482421875 178.587493896484375 175.5124969482421875 173.1875 166.9562530517578125 162.274993896484375 158.2375030517578125 159.0812530517578125 159.5 161 159.537506103515625 151.5625 143.3562469482421875 140.193756103515625 132.181243896484375 127.47499847412109375 127.15625 123.6999969482421875 119.78125 114.74375152587890625
402.274993896484375 404.01251220703125 403.693756103515625 399.26873779296875 391.75 379.100006103515625 369.493743896484375 364.09375 356.962493896484375 345.962493896484375 332.13751220703125 313.39373779296875 300.70623779296875 282.28125 267.28125 253.2062530517578125 240.712493896484375 226.7062530517578125 214.274993896484375 205.931243896484375 195.087493896484375 189.4375 183.9562530517578125 178.53125 170.537506103515625 161.1437530517578125 162.7624969482421875 159.8249969482421875 155.46875 153.09375 150.4250030517578125 146.6125030517578125 148.4875030517578125 152.84375 147.2375030517578125 138.9875030517578125 134.7687530517578125 133.693756103515625 126.11875152587890625 122.7062530517578125 122.19374847412109375 120.13124847412109375 115.58750152587890625 112.2375030517578125
364.20623779296875 361.11248779296875 368.931243896484375 374.48126220703125 366.881256103515625 352.21875 341.631256103515625 341.6875 340 331.662506103515625 312.181243896484375 293.725006103515625 279 266.54376220703125 248.8562469482421875 232.0625 217.7624969482421875 206.225006103515625 197.7062530517578125 194.53125 185.3000030517578125 174.6374969482421875 168.25 163.9812469482421875 157.0625 149.0437469482421875 147.6374969482421875 142.256256103515625 141.243743896484375 144 142.756256103515625 139.3000030517578125 137.399993896484375 136.4562530517578125 133.131256103515625 132.7062530517578125 131.0625 125.09375 120.4875030517578125 117.2937469482421875 119.21875 119.375 115.5 112.0500030517578125
365.21875 348.29376220703125 331.868743896484375 338.28125 344.25 329.28125 322.92498779296875 321.993743896484375 318.399993896484375 308.3125 297.256256103515625 277.506256103515625 262.712493896484375 248.5812530517578125 230.774993896484375 214.806243896484375 199.975006103515625 191.0437469482421875 180.118743896484375 176.131256103515625 170.125 159.806243896484375 152.149993896484375 151.53125 143.7624969482421875 135.3625030517578125 132.100006103515625 132 130.649993896484375 130.350006103515625 131.5625 131.493743896484375 132.4250030517578125 130.9250030517578125 128.125 123.50624847412109375 122.0812530517578125 119.6125030517578125 115.13124847412109375 114.28125 116 113.86875152587890625 113.39374542236328125 112.21250152587890625
343.01251220703125 337.36248779296875 325.3125 296.71875 306.993743896484375 314.699981689453125 307.73748779296875 302.600006103515625 301.85626220703125 290.975006103515625 277.23126220703125 260.556243896484375 247.3937530517578125 228.4875030517578125 215.5437469482421875 201.068756103515625 184.8125 173.3249969482421875 166.2624969482421875 163.662506103515625 157.0812530517578125 148.975006103515625 143.4250030517578125 137.25 132.318756103515625 125.7062530517578125 122.94374847412109375 122.15625 120.06874847412109375 120.59375 122.3625030517578125 126.0500030517578125 126 127.7062530517578125 124.69374847412109375 122.3937530517578125 116.6999969482421875 115.30625152587890625 115.8249969482421875 117.99375152587890625 116.0187530517578125 116.6062469482421875 115.2312469482421875 113.2687530517578125
326.256256103515625 322.631256103515625 313 299.443756103515625 288.318756103515625 276.75 279.16876220703125 280.54998779296875 274.45001220703125 267.61248779296875 258.32501220703125 238.8312530517578125 229.4375 214.3249969482421875 199.03125 187.631256103515625 175.631256103515625 161.2375030517578125 150.375 150.9562530517578125 144.2624969482421875 136.1999969482421875 129.4499969482421875 126.25 121.05625152587890625 117.125 117.16249847412109375 113.1125030517578125 109.84999847412109375 114.09375 115.6875 116.13124847412109375 117.00624847412109375 121.38124847412109375 123.0812530517578125 119.8874969482421875 114.78749847412109375 112.65625 115.21250152587890625 119.16249847412109375 117.5749969482421875 116.27500152587890625 116.96250152587890625 115.34999847412109375
315.16876220703125 307.15625 300.943756103515625 293.51873779296875 287.11248779296875 285.15625 270.11248779296875 248.34375 238.3249969482421875 233.7937469482421875 227.9812469482421875 217.931243896484375 208.806243896484375 195.1812591552734375 184.75 174.25 162.068756103515625 149.9812469482421875 140.6062469482421875 134.318756103515625 132.631256103515625 127.625 120.18125152587890625 116.65625 113.7312469482421875 107.05625152587890625 106.78749847412109375 102.4812469482421875 102.46250152587890625 104.28125 109.7375030517578125 111.16249847412109375 113.875 116.0437469482421875 116.9562530517578125 113.05625152587890625 109.66249847412109375 108.72499847412109375 109.3625030517578125 110.875 111.59375 113.0812530517578125 113.83750152587890625 112.1999969482421875
303.45623779296875 297.33123779296875 288.899993896484375 286.01251220703125 283.11248779296875 274.837493896484375 263.34375 249.774993896484375 232.274993896484375 214.6999969482421875 205.3562469482421875 193.4250030517578125 191.9812469482421875 179.837493896484375 170.3625030517578125 160.7624969482421875 152.693756103515625 145.3562469482421875 141.006256103515625 129.131256103515625 121.9875030517578125 120.50624847412109375 113.8125 112.0124969482421875 108.3625030517578125 99.6999969482421875 97.4812469482421875 99.16249847412109375 100.4562530517578125 102.5187530517578125 109.53749847412109375 109.28125 107.58750152587890625 107.9187469482421875 110.1125030517578125 111.58750152587890625 111.41249847412109375 112.03125 110.9562530517578125 110.09999847412109375 109.9499969482421875 110.7687530517578125 112.6374969482421875 110.3625030517578125
287.931243896484375 284.818756103515625 280.106231689453125 277.493743896484375 274.45623779296875 270.25 258.649993896484375 245.8874969482421875 231.6374969482421875 218.7687530517578125 201.868743896484375 182.875 177.399993896484375 168.53125 160.725006103515625 153.8937530517578125 144.037506103515625 141.056243896484375 137.4499969482421875 129.912506103515625 121.84375 112.97499847412109375 104.75624847412109375 103.11875152587890625 98.7624969482421875 94.6125030517578125 93.08750152587890625 94.5124969482421875 95.0437469482421875 98.84999847412109375 104.9187469482421875 105.61875152587890625 106.36875152587890625 106.34999847412109375 106.93125152587890625 109.5187530517578125 110.7937469482421875 112.18125152587890625 111.88124847412109375 114.15000152587890625 116.2312469482421875 115.40000152587890625 112.90625 108.27500152587890625
278.431243896484375 276.5625 270.6875 269.875 265.86248779296875 261.875 252.4875030517578125 234.9375 216.9250030517578125 204.912506103515625 193.8937530517578125 179.21875 163.381256103515625 157.118743896484375 147.4499969482421875 140.90625 136.3312530517578125 133.787506103515625 130.2874908447265625 128.625 124.21875 113.6687469482421875 101.1125030517578125 91.61875152587890625 92.1374969482421875 93.3874969482421875 93.28125 93.40625 91.3625030517578125 95.8249969482421875 101.11875152587890625 105.59999847412109375 107.36875152587890625 106.3937530517578125 108.5 109.7375030517578125 111.30625152587890625 110.1062469482421875 115.3125 116.3249969482421875 115.5625 114.0625 114.63750457763671875 107.4250030517578125
268.068756103515625 263.6875 259.100006103515625 259.09375 257.0625 253.3000030517578125 246.3312530517578125 230.0625 209.40625 191.75 179.375 170.5625 153.306243896484375 144.375 140.8125 132.193756103515625 127.80625152587890625 125.34375 122.80625152587890625 123.1374969482421875 122.9812469482421875 114.40000152587890625 105.33750152587890625 94.21875 89.2312469482421875 83.8937530517578125 85.50624847412109375 89.1374969482421875 90.43125152587890625 94.5 97.33750152587890625 101.81874847412109375 104.7687530517578125 106.08750152587890625 109.5437469482421875 112.5 112.5187530517578125 114.97499847412109375 113.1062469482421875 114.09999847412109375 112.4812469482421875 113.49375152587890625 109.09999847412109375 100.4875030517578125
249.899993896484375 249.787506103515625 248.1999969482421875 244.774993896484375 240.3312530517578125 237.3000030517578125 228.1437530517578125 211.587493896484375 193.59375 181.318756103515625 171.2687530517578125 159.850006103515625 150.337493896484375 132.7937469482421875 125.1875 123 118.95000457763671875 117.83124542236328125 115.875 114.13124847412109375 112.02500152587890625 105.0187530517578125 98.9499969482421875 90.8125 82.08750152587890625 77.77500152587890625 81.4812469482421875 86.83750152587890625 90.00624847412109375 93.40625 96.06874847412109375 97.625 102.2312469482421875 104.41249847412109375 107.2937469482421875 111.27500152587890625 115.65625 120.9562530517578125 124.08750152587890625 119.21875 112.63124847412109375 110.5124969482421875 102.40000152587890625 96.9812469482421875
234.806243896484375 233.9499969482421875 232.818756103515625 228.3249969482421875 222.618743896484375 216.399993896484375 207.0124969482421875 193.53125 183.024993896484375 169.006256103515625 158.868743896484375 149.850006103515625 138.09375 125.43125152587890625 110.9499969482421875 111.1875 106.71250152587890625 106.71875 103.8937530517578125 102.96875 100.03125 95.83750152587890625 90.96875 85.6687469482421875 78.53749847412109375 74.18125152587890625 77.4875030517578125 81.28125 85.08750152587890625 88.9187469482421875 95.4812469482421875 98.8000030517578125 99.75624847412109375 101.6875 105.0124969482421875 113.125 122.625 132.443756103515625 138.056243896484375 131.4875030517578125 113.6687469482421875 104.43125152587890625 105.18125152587890625 113.38124847412109375
222.4375 218.537506103515625 214.931243896484375 211.9499969482421875 204.337493896484375 196.59375 192.149993896484375 179.818756103515625 168.3000030517578125 155.9375 146.3000030517578125 136.40625 127.5124969482421875 117.9187469482421875 100.65625 97.25 94.11875152587890625 93.46250152587890625 91.75624847412109375 91.6687469482421875 91.03125 87.2937469482421875 83.5500030517578125 82.28125 79.4875030517578125 77.4250030517578125 81.1062469482421875 84.1875 89.11875152587890625 93.96875 95.75 100.00624847412109375 104.71875 104.5187530517578125 102.49375152587890625 109.36875152587890625 126.0749969482421875 144.0500030517578125 151.712493896484375 143.725006103515625 132.03125 124.55625152587890625 131.2624969482421875 128.5749969482421875
205.4562530517578125 202.15625 199.5625 194.1750030517578125 188.2624969482421875 184.475006103515625 174.5625 164.006256103515625 154.506256103515625 146.15625 135.6687469482421875 126.9875030517578125 119.0625 110.11875152587890625 96.3249969482421875 81 80.5124969482421875 81.65000152587890625 79.83750152587890625 80.43125152587890625 79.6125030517578125 78.66875457763671875 77.27500152587890625 81.3562469482421875 81.68125152587890625 80.6999969482421875 83.30625152587890625 84.97499847412109375 90.59375 95.91249847412109375 103.71875 103.74375152587890625 102.4187469482421875 100.5124969482421875 99.78125 116.75 132.1999969482421875 149.381256103515625 161.850006103515625 165.75 161.256256103515625 153.1875 147.2062530517578125 136.875
189.65625 186.818756103515625 185.2062530517578125 181.9250030517578125 177.59375 169.256256103515625 162.431243896484375 153.0749969482421875 144.6875 137.0500030517578125 128.193756103515625 118.5437469482421875 109.46250152587890625 102.69374847412109375 95.8562469482421875 84.2375030517578125 73.0124969482421875 70.2375030517578125 72.4250030517578125 72.50624847412109375 71.625 71.6125030517578125 73.3249969482421875 80.625 85.25 80.4187469482421875 80.31874847412109375 82.88124847412109375 90.6875 98.8312530517578125 107.25624847412109375 113.9875030517578125 111.69374847412109375 110.38124847412109375 121.13124847412109375 132.868743896484375 153.0124969482421875 178.28125 196.6750030517578125 186.0812530517578125 176.725006103515625 163.193756103515625 148.3000030517578125 140.21875
174.21875 174.162506103515625 170.962493896484375 169.649993896484375 165.4499969482421875 156.125 148.743743896484375 141.743743896484375 134.181243896484375 123.8000030517578125 116.21250152587890625 110.30625152587890625 102.33750152587890625 95.93125152587890625 91.4250030517578125 84.5124969482421875 74.69374847412109375 63.22499847412109375 66.49375152587890625 66.03749847412109375 65.41249847412109375 65.47499847412109375 69.94374847412109375 77.40000152587890625 82.3312530517578125 78.5749969482421875 78.11875152587890625 82.58750152587890625 91.53749847412109375 97.4187469482421875 100.3312530517578125 105.34375 122.78749847412109375 130.337493896484375 131.9250030517578125 150.8000030517578125 176.056243896484375 194.2937469482421875 204.5 196.8562469482421875 176.7062530517578125 162.524993896484375 148 139.5500030517578125
160.0500030517578125 160.0500030517578125 155.6750030517578125 153.3249969482421875 151.5625 144.9250030517578125 136.475006103515625 131.3874969482421875 125.53749847412109375 116.53749847412109375 109.13124847412109375 100.96250152587890625 94.74375152587890625 90.46875 83.44374847412109375 79.31874847412109375 73.13124847412109375 64.5500030517578125 58.49375152587890625 57.13124847412109375 59.78125 64.99375152587890625 58.856250762939453125 67.7375030517578125 74.2312469482421875 77.6999969482421875 80.4812469482421875 83.66249847412109375 93.15625 100.40000152587890625 105.55625152587890625 113.1750030517578125 126.9187469482421875 131.756256103515625 137.9562530517578125 154.443756103515625 169.693756103515625 182.6062469482421875 192.3937530517578125 181.868743896484375 170.59375 155.024993896484375 144.318756103515625 136.34375
