data/historical-monthly-weather-data/wc2.1_cruts4.09_10m_prec_2005-03.asc
ncols        51
nrows        45
xllcorner    -63.500000000000
yllcorner    -7.500000000000
cellsize     0.166666666667
NODATA_value -9999
[rows 20 to 39 of 45, columns 0 to 44 of 51]
348.037506103515625 353.38751220703125 359.4375 365.912506103515625 373.20001220703125 383.024993896484375 391.962493896484375 398.118743896484375 401.5 400.131256103515625 395.806243896484375 394.5625 394.431243896484375 396.056243896484375 384.9375 367.01251220703125 350.84375 338.149993896484375 329.88751220703125 321.91876220703125 315.63751220703125 309.506256103515625 303.26873779296875 304.649993896484375 307.850006103515625 312.100006103515625 319.056243896484375 326.17498779296875 332.837493896484375 336.931243896484375 335.243743896484375 328.04998779296875 312.48748779296875 292.5 273.95001220703125 297.26251220703125 330.41876220703125 350.86248779296875 362.1875 367.28125 368.962493896484375 369.212493896484375 367.54376220703125 367.03125 368.33123779296875
339.318756103515625 345.63751220703125 354.76251220703125 362.98748779296875 372.162506103515625 384.818756103515625 396.46875 405.79998779296875 409.875 404.787506103515625 393.931243896484375 385.837493896484375 379.368743896484375 376.13751220703125 368.318756103515625 357.42498779296875 347.131256103515625 335.4375 325.61248779296875 316.1875 306.73126220703125 298.662506103515625 294.725006103515625 295.23748779296875 298.537506103515625 304.73126220703125 315.60626220703125 323.11248779296875 329.54376220703125 332.76873779296875 330.193756103515625 323.5 311.35626220703125 298.64373779296875 292.600006103515625 308.03125 334.131256103515625 353.95001220703125 365.07501220703125 368.524993896484375 368.6875 368.36248779296875 367.006256103515625 366.34375 368.149993896484375
334.568756103515625 342.806243896484375 351.98126220703125 361.71875 371.475006103515625 384.256256103515625 396.71875 411.03125 419.16876220703125 408.3125 391.1875 374.1875 360.806243896484375 356.068756103515625 353.34375 347.70001220703125 339.818756103515625 329.21875 318.67498779296875 308.5625 298.32501220703125 288.256256103515625 281.64373779296875 281.8125 287.25 295.66876220703125 307.8125 317.368743896484375 324.01251220703125 326.58123779296875 325.91876220703125 324.42498779296875 320.71875 316.09375 319.4375 332.5625 350.350006103515625 364.475006103515625 371.431243896484375 372.3125 370.32501220703125 368.76251220703125 367.16876220703125 365.243743896484375 367.193756103515625
332.068756103515625 338.875 348.82501220703125 359.625 370.193756103515625 382.131256103515625 395.84375 409.70001220703125 415.5625 402.01873779296875 381.95001220703125 364.33123779296875 345.806243896484375 341.90625 342.28125 339.36248779296875 333.96875 324.48748779296875 312.46875 301.14373779296875 289.59375 278.087493896484375 269.774993896484375 269.350006103515625 273.10626220703125 281.243743896484375 294.33123779296875 306.92498779296875 316.57501220703125 323.193756103515625 327.824981689453125 330.46875 331.756256103515625 333.756256103515625 340.98748779296875 354.58123779296875 368.01251220703125 374.443756103515625 375.918731689453125 374.65625 371.962493896484375 368.73748779296875 366.36248779296875 363.056243896484375 366.53125
336.08123779296875 339.25 346.61248779296875 357.756256103515625 370.256256103515625 381.5625 391.493743896484375 400.506256103515625 401.45001220703125 392.01873779296875 377.70623779296875 360.63751220703125 347.51873779296875 341.006256103515625 337.443756103515625 335.0625 329.63751220703125 320.587493896484375 309.16876220703125 295.493743896484375 281.20623779296875 267.962493896484375 257.16876220703125 253.818756103515625 258.40625 269.725006103515625 283.08123779296875 298.82501220703125 311.056243896484375 322.91876220703125 330.868743896484375 336.98748779296875 342.70001220703125 348.26873779296875 355.725006103515625 363.45623779296875 373.087493896484375 377.82501220703125 377.45623779296875 377.04376220703125 374.09375 369.63751220703125 364.36248779296875 362.88751220703125 361.51251220703125
345.29376220703125 346.693756103515625 350.006256103515625 360.024993896484375 369.4375 378.181243896484375 385.556243896484375 391.1875 389.649993896484375 382.318756103515625 371.837493896484375 360.46875 350.412506103515625 342.5 337.42498779296875 334.29998779296875 327.725006103515625 319.09375 308.149993896484375 292.23126220703125 277.42498779296875 260.33123779296875 245.131256103515625 238.068756103515625 244.8562469482421875 259.4375 277 292.931243896484375 307.912506103515625 322.837493896484375 334.76251220703125 345.3125 354.23126220703125 359.60626220703125 365 369.631256103515625 375.600006103515625 379.118743896484375 379.399993896484375 378.17498779296875 375.70001220703125 369.618743896484375 360.71875 357.412506103515625 356.743743896484375
357.88751220703125 354.274993896484375 357.024993896484375 362.493743896484375 368.131256103515625 374.26251220703125 378.375 381.118743896484375 379.243743896484375 375.26251220703125 369.20001220703125 360.931243896484375 353.087493896484375 346.53125 341.59375 336.88751220703125 331.85626220703125 321.693756103515625 309.39373779296875 294.95001220703125 277.64373779296875 259.0625 239.3937530517578125 230.25 240.837493896484375 255.3937530517578125 273.73748779296875 289.60626220703125 305.350006103515625 321.375 335.90625 350.60626220703125 362.274993896484375 365.868743896484375 369.09375 372.92498779296875 378.09375 380.725006103515625 381.506256103515625 381.33123779296875 377.46875 369.86248779296875 359.225006103515625 353.318756103515625 360.850006103515625
372.024993896484375 365.493743896484375 365.475006103515625 367.45623779296875 368.10626220703125 370.83123779296875 374.61248779296875 375.475006103515625 373.693756103515625 371.118743896484375 366.274993896484375 360.13751220703125 354.86248779296875 350.0625 345.21875 340.13751220703125 335.475006103515625 327.65625 315.86248779296875 301.787506103515625 284.91876220703125 266.024993896484375 251.212493896484375 243.96875 248.875 259.78125 275.493743896484375 291.0625 305.725006103515625 320.149993896484375 334.412506103515625 348.23126220703125 359.88751220703125 364.46875 368.649993896484375 373.037506103515625 376.42498779296875 380.631256103515625 383.006256103515625 385.28125 385.556243896484375 376.306243896484375 361.375 354.4375 372.23748779296875
384.287506103515625 376.193756103515625 373.33123779296875 370.90625 370.725006103515625 370.61248779296875 370.13751220703125 369.850006103515625 368.993743896484375 366.75 364.41876220703125 360.29998779296875 356.32501220703125 353.38751220703125 350.13751220703125 346.725006103515625 343.98748779296875 336.806243896484375 326.725006103515625 313.82501220703125 297.4375 279.76873779296875 266.86248779296875 259.375 261.39373779296875 267.412506103515625 279.899993896484375 293.70001220703125 306.95623779296875 320.26251220703125 331.98126220703125 343.6875 354.76251220703125 361.5 367.28125 371.98126220703125 374.837493896484375 379.16876220703125 382.375 384.64373779296875 389.51873779296875 380.23748779296875 365.71875 367.54998779296875 388.568756103515625
392.818756103515625 383.375 377.712493896484375 372.79376220703125 369.96875 366.92498779296875 365.75 364.837493896484375 364.45623779296875 362.75 361.4375 359.96875 358.787506103515625 357.381256103515625 355.225006103515625 352.98748779296875 350.931243896484375 349.493743896484375 341.70001220703125 326.51251220703125 309.71875 293.51251220703125 280.57501220703125 273.893768310546875 272.899993896484375 276.631256103515625 286.618743896484375 297.350006103515625 307.787506103515625 318.73126220703125 329.350006103515625 338.71875 348.787506103515625 358.23126220703125 365.59375 369.587493896484375 372.45623779296875 377.33123779296875 376.41876220703125 377.868743896484375 382.899993896484375 383.63751220703125 379.20623779296875 387.118743896484375 399.225006103515625
397.0625 386.51251220703125 378.88751220703125 373.306243896484375 369.087493896484375 364 362.85626220703125 361.04998779296875 360.381256103515625 359.475006103515625 359.28125 358.42498779296875 358.84375 357.962493896484375 357.506256103515625 357.462493896484375 359.08123779296875 359.11248779296875 355.79376220703125 340.29998779296875 322.84375 305.625 293.41876220703125 286.13751220703125 283.006256103515625 285.96875 292.58123779296875 299.875 308.625 317.70623779296875 326.98748779296875 336.381256103515625 346.287506103515625 355.931243896484375 364.181243896484375 366.98748779296875 370.01251220703125 375.23748779296875 372.375 366.149993896484375 373.04376220703125 384.45623779296875 391.51251220703125 401.375 413.71875
397.38751220703125 386.462493896484375 377.6875 370.79376220703125 365.95623779296875 360.412506103515625 358.84375 355.85626220703125 355.11248779296875 354.806243896484375 355.26251220703125 355.16876220703125 355.493743896484375 357.256256103515625 359.14373779296875 361.225006103515625 360.975006103515625 360.850006103515625 357.8125 347.274993896484375 330.368743896484375 315.475006103515625 302.32501220703125 294.58123779296875 292.82501220703125 293.1875 296.743743896484375 303.068756103515625 308.54998779296875 317.03125 325.76251220703125 334.381256103515625 343.193756103515625 352.912506103515625 361.58123779296875 364.837493896484375 369.61248779296875 373.681243896484375 368.037506103515625 365.662506103515625 376.6875 393.28125 405.88751220703125 422.79998779296875 439.024993896484375
391.64373779296875 382.162506103515625 373.493743896484375 366.54376220703125 360.38751220703125 356.318756103515625 353.07501220703125 349.381256103515625 347.45623779296875 348.29376220703125 352.26251220703125 351.65625 353.149993896484375 357.70001220703125 359.92498779296875 361.475006103515625 360.5625 360.537506103515625 356.23126220703125 347.75 334.774993896484375 321.0625 308.024993896484375 302.087493896484375 299.375 298.443756103515625 300.66876220703125 305.21875 310.681243896484375 317.681243896484375 325.26873779296875 333.01873779296875 342.53125 352.29376220703125 360.118743896484375 366.11248779296875 371.556243896484375 374.98126220703125 371.943756103515625 378.5625 390.287506103515625 406.57501220703125 423.256256103515625 442.568756103515625 469.79376220703125
384.48748779296875 376.01873779296875 369.71875 363.381256103515625 357.38751220703125 352.006256103515625 347.337493896484375 343.17498779296875 340.54376220703125 341.04998779296875 345.100006103515625 348.04376220703125 350.83123779296875 353.53125 355.756256103515625 358.899993896484375 360.412506103515625 359.45623779296875 353.806243896484375 346.256256103515625 336.100006103515625 323.67498779296875 312.731231689453125 306.08123779296875 303.15625 300.975006103515625 303.21875 306.368743896484375 312.287506103515625 318.03125 323.8125 331.96875 342.274993896484375 351.86248779296875 361.556243896484375 368.162506103515625 373.46875 377.006256103515625 381.11248779296875 390 400.493743896484375 416.868743896484375 437.587493896484375 459.23748779296875 489.76251220703125
377.41876220703125 371.01251220703125 365.912506103515625 359.70001220703125 352.13751220703125 347 340.931243896484375 336.899993896484375 332.15625 331.118743896484375 336.67498779296875 342.631256103515625 348.212493896484375 351.668731689453125 355.66876220703125 357.493743896484375 359.17498779296875 357.493743896484375 352.037506103515625 344.75 336.23126220703125 324.48748779296875 313.975006103515625 307.337493896484375 304.75 302.98748779296875 304.01251220703125 307.53125 311.5625 317.46875 324 331.64373779296875 341.600006103515625 352.08123779296875 361.29376220703125 367.35626220703125 373.25 382.35626220703125 389.57501220703125 398.318756103515625 409.087493896484375 423.28125 442.96875 464.693756103515625 490.26251220703125
371.006256103515625 365.04376220703125 360.037506103515625 354.412506103515625 347.818756103515625 341.42498779296875 335.462493896484375 328.537506103515625 321.193756103515625 319.48748779296875 325.11248779296875 334.193756103515625 344.818756103515625 352.287506103515625 355.48126220703125 357.193756103515625 356.76251220703125 354.149993896484375 349.6875 343.587493896484375 334.79376220703125 323.29376220703125 312.46875 306.9375 303.962493896484375 301.881256103515625 302.975006103515625 306.84375 311.04376220703125 316.51873779296875 323.5 330.625 339.537506103515625 350.912506103515625 360.23748779296875 366.381256103515625 375.54376220703125 385.125 391.068756103515625 400.712493896484375 412.40625 425.09375 440.399993896484375 460.73748779296875 479.42498779296875
363.15625 358.975006103515625 355.087493896484375 349.88751220703125 344.712493896484375 338.73126220703125 331.431243896484375 323.46875 313.193756103515625 306.03125 314.9375 332.631256103515625 346.037506103515625 353.26873779296875 356.48748779296875 355.96875 353.475006103515625 349.98126220703125 345.943756103515625 338.07501220703125 330.07501220703125 319.38751220703125 309.51873779296875 303.193756103515625 299.962493896484375 298.412506103515625 300.149993896484375 305.212493896484375 309.506256103515625 315.625 322.11248779296875 328.931243896484375 339.25 350.850006103515625 359.90625 367.96875 377.774993896484375 387.96875 394.35626220703125 400.98748779296875 410.23126220703125 421.38751220703125 435.3125 452.45001220703125 467.66876220703125
356.70623779296875 354.23126220703125 350.53125 346.668731689453125 343.48748779296875 338.243743896484375 331.35626220703125 322.59375 313.787506103515625 304.04376220703125 321.712493896484375 341.25 350.806243896484375 356.83123779296875 356.66876220703125 354.587493896484375 349.17498779296875 344.46875 338.73748779296875 329.89373779296875 320.76251220703125 311.412506103515625 304.068756103515625 297.98126220703125 295.168731689453125 294.537506103515625 296.70623779296875 302.868743896484375 308.36248779296875 314.41876220703125 320.01251220703125 326.524993896484375 337.15625 349.40625 358.193756103515625 368.318756103515625 378.412506103515625 386.73126220703125 394.42498779296875 401.806243896484375 407.443756103515625 417.943756103515625 427.912506103515625 437.681243896484375 450.024993896484375
352.5625 349.71875 347.38751220703125 344.806243896484375 342.568756103515625 337.29376220703125 333.225006103515625 327.85626220703125 325.600006103515625 332.493743896484375 352.100006103515625 355.912506103515625 356.193756103515625 357.42498779296875 355.524993896484375 351.53125 344.96875 338.412506103515625 330.5 320.48126220703125 310.34375 301.84375 295.4375 291.024993896484375 289.29376220703125 289.962493896484375 293.39373779296875 299.08123779296875 305.274993896484375 311.837493896484375 318.837493896484375 324.61248779296875 334.07501220703125 345.90625 357.962493896484375 366.25 374.587493896484375 383.85626220703125 389.037506103515625 393.600006103515625 398.337493896484375 407.92498779296875 415.256256103515625 423.774993896484375 431.89373779296875
349.60626220703125 346.41876220703125 344.84375 342.61248779296875 341.95623779296875 340.287506103515625 336.9375 336.98748779296875 338.54376220703125 344.66876220703125 354.23126220703125 359.01873779296875 359.41876220703125 357.743743896484375 354.92498779296875 349.162506103515625 341.537506103515625 332.98748779296875 322.412506103515625 311.88751220703125 300.98748779296875 292.63751220703125 285.5625 282.04998779296875 282.506256103515625 284.524993896484375 288.1875 294.856231689453125 301.32501220703125 307.875 314.131256103515625 323.04998779296875 334.931243896484375 345.26873779296875 356.212493896484375 364.662506103515625 370.95623779296875 378.36248779296875 383.818756103515625 385.0625 387.42498779296875 395.193756103515625 401.162506103515625 407.100006103515625 413.25
