data/historical-monthly-weather-data/wc2.1_cruts4.09_10m_prec_1952-02.asc
ncols        45
nrows        45
xllcorner    -63.500000000000
yllcorner    -7.500000000000
cellsize     0.166666666667
NODATA_value -9999
[rows 20 to 39 of 45, columns 0 to 44 of 45]
301.35626220703125 311.837493896484375 325.82501220703125 341.381256103515625 360.70623779296875 377.743743896484375 395.86248779296875 413.82501220703125 427.506256103515625 438.90625 449.212493896484375 467.256256103515625 488.225006103515625 507.65625 496.58123779296875 471.36248779296875 449.98748779296875 432.46875 426.26251220703125 420.368743896484375 410.88751220703125 399.11248779296875 386.493743896484375 379.51251220703125 374.1875 370.556243896484375 371.243743896484375 372.36248779296875 374.618743896484375 375.09375 367.14373779296875 351.45623779296875 326.70001220703125 296.71875 269.33123779296875 285.14373779296875 316.90625 341.4375 355.39373779296875 360.162506103515625 357.506256103515625 352.774993896484375 348.875 344.431243896484375 339.4375
298 310.837493896484375 326.899993896484375 346.399993896484375 366.443756103515625 385.20001220703125 404.350006103515625 423.35626220703125 437.162506103515625 445.26873779296875 450.3125 459.149993896484375 469.399993896484375 477.29376220703125 476.70001220703125 465.54376220703125 452.375 438.64373779296875 429.568756103515625 422.306243896484375 407.53125 393.82501220703125 383.78125 375.89373779296875 370.75 368.506256103515625 371.14373779296875 373.506256103515625 377.475006103515625 379.66876220703125 375.662506103515625 361.20001220703125 340.368743896484375 319.037506103515625 304.71875 313.875 335.681243896484375 352.8125 360.462493896484375 361.462493896484375 358.725006103515625 354.837493896484375 350.26873779296875 344.92498779296875 340.493743896484375
298.88751220703125 314.274993896484375 330.712493896484375 351.51873779296875 372.51873779296875 393.40625 411.35626220703125 431.41876220703125 446.181243896484375 448.787506103515625 446.462493896484375 445.39373779296875 444.962493896484375 449.212493896484375 456.35626220703125 455.78125 449.412506103515625 439.443756103515625 429.29376220703125 418.649993896484375 403.32501220703125 387.73748779296875 375.443756103515625 367.193756103515625 363.66876220703125 363.399993896484375 366.95001220703125 371.21875 377.63751220703125 382.475006103515625 382.89373779296875 376.524993896484375 359.556243896484375 346.181243896484375 344 353.475006103515625 365.16876220703125 372.087493896484375 371.787506103515625 365.931243896484375 360.443756103515625 355.96875 350.85626220703125 345.506256103515625 341.70001220703125
304.29376220703125 319.23126220703125 336.662506103515625 356.149993896484375 377.95623779296875 398.381256103515625 417.287506103515625 434.399993896484375 446.89373779296875 445.70001220703125 440.42498779296875 434.350006103515625 423.756256103515625 429.5625 440.48126220703125 444.10626220703125 442.006256103515625 435.431243896484375 425.65625 413.79998779296875 396.60626220703125 379.587493896484375 365.662506103515625 357.57501220703125 354.875 353.3125 359.568756103515625 366.45623779296875 373.212493896484375 380.037506103515625 383.20623779296875 380.26251220703125 371.068756103515625 365.8125 370.45623779296875 382.875 389.8125 386.681243896484375 379.381256103515625 370.118743896484375 362.868743896484375 356.649993896484375 351.45623779296875 347.056243896484375 345.475006103515625
315.64373779296875 327.9375 344.64373779296875 365.01873779296875 388.181243896484375 404.82501220703125 421.318756103515625 435.38751220703125 442.1875 442.13751220703125 437.58123779296875 431.40625 425.63751220703125 426.537506103515625 432.618743896484375 437.73126220703125 439.068756103515625 432.83123779296875 423.056243896484375 410.375 392.274993896484375 372.41876220703125 355.40625 345.837493896484375 342.35626220703125 346.068756103515625 352.125 360.881256103515625 367.88751220703125 373.9375 376.1875 374.29998779296875 373.206268310546875 374.537506103515625 380.931243896484375 387.818756103515625 391.881256103515625 388.10626220703125 379.712493896484375 370.350006103515625 362.71875 356.149993896484375 351.65625 349.462493896484375 347.337493896484375
336.006256103515625 346.381256103515625 359.98748779296875 378.84375 399.962493896484375 414.33123779296875 425.9375 436.493743896484375 440.943756103515625 440.975006103515625 437.475006103515625 433.23126220703125 430.0625 427.568756103515625 432.431243896484375 436.17498779296875 437.84375 431.5625 422.96875 409.79376220703125 389.53125 366.14373779296875 345.125 331.95001220703125 332.431243896484375 338.48748779296875 348.368743896484375 355.600006103515625 362.681243896484375 366.48126220703125 367.537506103515625 366.899993896484375 369.82501220703125 374.70623779296875 381.41876220703125 385.556243896484375 387.649993896484375 385.45623779296875 375.881256103515625 367.350006103515625 360.26873779296875 354.412506103515625 349.587493896484375 348.10626220703125 349.53125
363.537506103515625 371.96875 381.73748779296875 397.225006103515625 412.26873779296875 421.306243896484375 430.1875 435.65625 438.675018310546875 439.79998779296875 438.34375 434.212493896484375 430.931243896484375 428.41876220703125 431.90625 436.6875 437.91876220703125 432.20001220703125 422.962493896484375 409.306243896484375 387.73748779296875 364.006256103515625 339.61248779296875 323.931243896484375 328.475006103515625 335.381256103515625 344.149993896484375 351.01251220703125 355.95623779296875 359.09375 360.631256103515625 359.25 364.25 373.46875 379.14373779296875 382.693756103515625 384.1875 381.181243896484375 373.1875 364.587493896484375 357.1875 351.15625 346.318756103515625 344.73126220703125 350.34375
394.01251220703125 399.4375 406.243743896484375 415.60626220703125 424.33123779296875 428.13751220703125 434.14373779296875 439.118743896484375 440.493743896484375 441.712493896484375 439.54998779296875 434.95001220703125 430.225006103515625 426.54998779296875 430.84375 436.45001220703125 437.95001220703125 434.67498779296875 425.412506103515625 413.14373779296875 393.024993896484375 370.037506103515625 350.66876220703125 336.8125 334.412506103515625 337.98126220703125 343.95623779296875 348.98748779296875 351.993743896484375 354.493743896484375 355.41876220703125 355.46875 363.493743896484375 370.837493896484375 376.712493896484375 379.95001220703125 379.39373779296875 377.931243896484375 369.67498779296875 360.524993896484375 353.131256103515625 348.318756103515625 343.98748779296875 344.125 353.375
421.73748779296875 426.14373779296875 427.88751220703125 431.98748779296875 436.287506103515625 436.625 439.33123779296875 441.4375 442.631256103515625 443.5 441.212493896484375 435.431243896484375 428.86248779296875 425.787506103515625 431.006256103515625 438.38751220703125 442.38751220703125 438.1875 431.975006103515625 420.056243896484375 401.73748779296875 380.193756103515625 364.475006103515625 351.806243896484375 344.40625 342.881256103515625 346.45001220703125 348.962493896484375 351.649993896484375 353.15625 352.318756103515625 353.23748779296875 360.431243896484375 368.29376220703125 375.48748779296875 376.899993896484375 377.493743896484375 376.28125 369.912506103515625 359.568756103515625 349.17498779296875 343.943756103515625 343.412506103515625 348.14373779296875 360.10626220703125
438.306243896484375 439.318756103515625 438.53125 438.78125 441.48748779296875 440.71875 440.681243896484375 441.131256103515625 440.274993896484375 440.83123779296875 439.17498779296875 434.98748779296875 429.51251220703125 427.01251220703125 432.4375 437.17498779296875 441.787506103515625 441.818756103515625 437.131256103515625 425.337493896484375 406.818756103515625 388.33123779296875 373.943756103515625 360.774993896484375 351.462493896484375 347.443756103515625 348.13751220703125 348.131256103515625 348.899993896484375 349.71875 350.88751220703125 352.67498779296875 359.037506103515625 367.256256103515625 373.631256103515625 376.043731689453125 375.881256103515625 376.11248779296875 368.84375 359.46875 354.34375 352.649993896484375 352.61248779296875 359.28125 365.33123779296875
449.21875 448.51873779296875 443.899993896484375 442.537506103515625 442.068756103515625 441.26251220703125 440.39373779296875 440.350006103515625 438.693756103515625 437.64373779296875 438.337493896484375 435.95623779296875 432.631256103515625 428.45623779296875 431.70001220703125 436.693756103515625 441.125 443.04376220703125 441.537506103515625 430.306243896484375 412.006256103515625 393.681243896484375 379.15625 365.931243896484375 355.98126220703125 350.82501220703125 349.100006103515625 347.66876220703125 346.774993896484375 347.756256103515625 349.537506103515625 352.38751220703125 360.3125 368.818756103515625 375.73748779296875 376.29376220703125 376.993743896484375 378.568756103515625 371.73748779296875 362.568756103515625 359.76251220703125 362.60626220703125 365.068756103515625 368.45001220703125 374.61248779296875
451.79998779296875 450.36248779296875 445.29376220703125 442.98748779296875 440.41876220703125 438.16876220703125 437.48748779296875 435.368743896484375 433.131256103515625 433.493743896484375 434.037506103515625 433.45001220703125 431.875 429.649993896484375 431.712493896484375 436.181243896484375 435.943756103515625 436.86248779296875 435.53125 428.125 412.131256103515625 396.26251220703125 381.3125 368.92498779296875 359.63751220703125 353.125 349.28125 346.4375 344.587493896484375 347.162506103515625 349.96875 353.118743896484375 361.39373779296875 369.725006103515625 377.212493896484375 378.4375 379.85626220703125 380.743743896484375 374.431243896484375 370.524993896484375 372.21875 376.45623779296875 379.899993896484375 385.10626220703125 393.368743896484375
439.006256103515625 438.45623779296875 435.125 432.418731689453125 428.899993896484375 426.337493896484375 423.743743896484375 422.03125 421.399993896484375 423.20623779296875 427.4375 428.48126220703125 430.649993896484375 431.04376220703125 431.41876220703125 430.41876220703125 427.07501220703125 428.04376220703125 424.83123779296875 418.868743896484375 406.193756103515625 391.51251220703125 378.09375 366.375 358.131256103515625 351.95001220703125 347.15625 344.399993896484375 342.20001220703125 344.787506103515625 349.17498779296875 352.83123779296875 360.60626220703125 370.118743896484375 378.78125 382.04998779296875 383.89373779296875 383.76873779296875 379.82501220703125 382.4375 386.1875 391.60626220703125 398.08123779296875 406.59375 422.5625
424.806243896484375 423.625 420.86248779296875 419.46875 416.100006103515625 411.98126220703125 409.037506103515625 407.493743896484375 405.350006103515625 408.350006103515625 414.96875 421.40625 428.48748779296875 430.625 428.76873779296875 424.25 417.818756103515625 416.962493896484375 413.70001220703125 408.375 396.337493896484375 382.725006103515625 371.36248779296875 360.92498779296875 353.95623779296875 348.46875 343.743743896484375 340.087493896484375 338.375 342.71875 348.29998779296875 353.256256103515625 362.57501220703125 371.9375 379.64373779296875 384.318756103515625 386.6875 387.881256103515625 387.95623779296875 392.443756103515625 397.11248779296875 404.725006103515625 416.068756103515625 427.79376220703125 445.725006103515625
409.45001220703125 409.38751220703125 407.33123779296875 404.46875 402.28125 398.01873779296875 392.9375 389.725006103515625 386.59375 389.29376220703125 399.787506103515625 413.29998779296875 426.07501220703125 430.962493896484375 425.63751220703125 417.318756103515625 406.76873779296875 404.0625 401.90625 396.01873779296875 386.193756103515625 372.993743896484375 362.100006103515625 352.38751220703125 347.21875 341.9375 338.28125 335.431243896484375 334.024993896484375 339.95001220703125 345.975006103515625 353.806243896484375 363.350006103515625 373.46875 381.443756103515625 385.45623779296875 387.756256103515625 393.25 396.5625 400.04998779296875 406.162506103515625 413.63751220703125 425.41876220703125 438.51251220703125 453.993743896484375
390.66876220703125 391.58123779296875 389.318756103515625 385.725006103515625 382.524993896484375 379.037506103515625 373.5625 368.57501220703125 363.5625 365.21875 378.21875 396.037506103515625 413.28125 421.006256103515625 415.04376220703125 405.39373779296875 395 391.399993896484375 386.71875 382.01873779296875 372.431243896484375 361.693756103515625 350.837493896484375 343.20623779296875 337.59375 333.318756103515625 330.57501220703125 329.95001220703125 329.368743896484375 335.48126220703125 343.256256103515625 351.881256103515625 362.600006103515625 373.26873779296875 380.350006103515625 383.90625 390.16876220703125 394.225006103515625 397.243743896484375 402.96875 410.82501220703125 417 425.975006103515625 438.91876220703125 450.256256103515625
373.07501220703125 374.14373779296875 370.875 369.40625 365.806243896484375 361.98126220703125 356.51251220703125 350.412506103515625 342.618743896484375 336.23126220703125 355.54998779296875 383.51873779296875 400 405.66876220703125 401.068756103515625 391.11248779296875 380.64373779296875 376.475006103515625 372.881256103515625 366.92498779296875 357.35626220703125 346.912506103515625 337.399993896484375 330.868743896484375 325.92498779296875 323.118743896484375 321.66876220703125 321.67498779296875 323.149993896484375 330.15625 338.8125 348.09375 360.193756103515625 371.306243896484375 379.76251220703125 386.03125 390.5625 394.76251220703125 398.375 403.20001220703125 409.162506103515625 415.600006103515625 424.01873779296875 434.96875 444.181243896484375
357.212493896484375 358.5 355.79998779296875 353.71875 351.318756103515625 347.618743896484375 343.32501220703125 338.51873779296875 333.475006103515625 325.15625 356.64373779296875 385.45001220703125 393.28125 393.33123779296875 387.54998779296875 377.28125 364.975006103515625 360.89373779296875 355.806243896484375 348.912506103515625 340.36248779296875 330.368743896484375 322.631256103515625 317.162506103515625 313.875 312.26251220703125 311.824981689453125 313.51251220703125 316.318756103515625 325.225006103515625 333.41876220703125 343.65625 356.01873779296875 368.23126220703125 376.90625 384.225006103515625 389.3125 394.21875 397.899993896484375 401.618743896484375 405.70001220703125 411.73126220703125 417.73748779296875 425.868743896484375 434.118743896484375
352.806243896484375 351.92498779296875 348.08123779296875 346.65625 343.35626220703125 340.34375 338.54998779296875 337.662506103515625 339.82501220703125 354.774993896484375 388.29998779296875 391.48748779296875 387.587493896484375 383.78125 377.306243896484375 366.118743896484375 354.925018310546875 348.92498779296875 341.631256103515625 333.931243896484375 324.399993896484375 315.09375 309.33123779296875 304.5 302.256256103515625 302.82501220703125 303.943756103515625 306.993743896484375 311.45001220703125 320.13751220703125 329.76251220703125 339.087493896484375 350.212493896484375 361.70623779296875 373.04998779296875 379.787506103515625 383.806243896484375 389.33123779296875 391.66876220703125 392.28125 395.8125 399.73126220703125 404.931243896484375 411.375 417.96875
350.331268310546875 347.850006103515625 343.54998779296875 340.056243896484375 336.60626220703125 334.58123779296875 333.181243896484375 336.056243896484375 342.07501220703125 356.58123779296875 373.212493896484375 378.20623779296875 377.40625 373.41876220703125 366.600006103515625 357.212493896484375 346.631256103515625 338.85626220703125 329.337493896484375 320.65625 308.86248779296875 299.70623779296875 293.806243896484375 290.306243896484375 290.9375 292.6875 295.881256103515625 300.556243896484375 306.63751220703125 315.212493896484375 323.70623779296875 334.70623779296875 347.6875 358.125 366.912506103515625 373.4375 376.78125 380.23126220703125 382.431243896484375 381.46875 383.20001220703125 386.556243896484375 390.212493896484375 393.76251220703125 399.71875
