data/historical-monthly-weather-data/wc2.1_cruts4.09_10m_prec_2005-11.asc
ncols        51
nrows        45
xllcorner    -63.500000000000
yllcorner    -7.500000000000
cellsize     0.166666666667
NODATA_value -9999
[rows 0 to 19 of 45, columns 0 to 43 of 51]
167.631256103515625 162.40625 155.78125 152.868743896484375 149.7624969482421875 148.3625030517578125 146.024993896484375 143.8625030517578125 142.96875 141.4812469482421875 140.118743896484375 138.149993896484375 136.53125 132.90625 130.8125 128.306243896484375 126.0437469482421875 122.2312469482421875 118.71250152587890625 115.93125152587890625 113.15000152587890625 110.375 108.3000030517578125 106.1125030517578125 104.59999847412109375 103.7624969482421875 104.5812530517578125 105.625 106.625 109.6875 113.4875030517578125 118.1687469482421875 123.18125152587890625 129.2312469482421875 134.850006103515625 140.0437469482421875 145.568756103515625 150.274993896484375 152.3625030517578125 154.21875 154.5812530517578125 154.493743896484375 152.412506103515625 150.056243896484375
172.4375 166.3249969482421875 162.006256103515625 160.0749969482421875 159.3874969482421875 158.381256103515625 156.1750030517578125 155.912506103515625 155.4250030517578125 153.7937469482421875 152.2375030517578125 149.212493896484375 145.868743896484375 142.318756103515625 138.6750030517578125 136.2312469482421875 132.662506103515625 129.256256103515625 125.6437530517578125 122.86875152587890625 119.7687530517578125 116.8000030517578125 114.75624847412109375 113.49375152587890625 111.1374969482421875 109.7687530517578125 110.28749847412109375 110.41249847412109375 111.1437530517578125 114.8312530517578125 119.6125030517578125 125.25624847412109375 129.850006103515625 137.2937469482421875 144.1750030517578125 150.368743896484375 157.037506103515625 162.9562530517578125 165.1687469482421875 167.3249969482421875 168.8625030517578125 168.0812530517578125 166.5749969482421875 162.475006103515625
174.1374969482421875 168.7312469482421875 165.162506103515625 163.274993896484375 163.681243896484375 163.774993896484375 165.3000030517578125 166.4875030517578125 167.8249969482421875 167.09375 164.774993896484375 160.649993896484375 156.649993896484375 152.0437469482421875 147.462493896484375 143.46875 139.850006103515625 136.506256103515625 132.4375 129.431243896484375 126.61875152587890625 123.78749847412109375 121.83750152587890625 120.94374847412109375 119.1687469482421875 117.50624847412109375 117.2375030517578125 116.96250152587890625 116.5812530517578125 119.6750030517578125 125.0437469482421875 130.3000030517578125 137.337493896484375 144.84375 152.9875030517578125 159.506256103515625 166.850006103515625 175.34375 178.625 181.899993896484375 183.7312469482421875 181.78125 179.5437469482421875 175.7624969482421875
171.46875 166.100006103515625 165.4812469482421875 164.3000030517578125 165.8874969482421875 167.9562530517578125 171.0749969482421875 175.6687469482421875 179.8312530517578125 181.006256103515625 178.149993896484375 172.4187469482421875 167.0500030517578125 161.3874969482421875 156.1437530517578125 151.5187530517578125 147.662506103515625 143.537506103515625 139.71875 137.3625030517578125 134.912506103515625 132.0437469482421875 129.3249969482421875 128.087493896484375 126.6750030517578125 125.3249969482421875 124.375 122.15625 121.5437469482421875 125.125 129.9562530517578125 135.725006103515625 142.2312469482421875 150.4375 159.15625 168.756256103515625 178.375 187.6687469482421875 192.431243896484375 196.274993896484375 197.2062530517578125 196.1875 192.024993896484375 187.1999969482421875
173.1062469482421875 165.5187530517578125 160.46875 161.681243896484375 166.1437530517578125 170.4812469482421875 175.5749969482421875 182.9250030517578125 190.5124969482421875 194.818756103515625 189.6812591552734375 181.0187530517578125 174.712493896484375 169.4124908447265625 163.868743896484375 159.368743896484375 154.8249969482421875 151.243743896484375 147.3312530517578125 143.7937469482421875 142.681243896484375 139.975006103515625 137.475006103515625 136.9562530517578125 134.368743896484375 132.568756103515625 129.118743896484375 127.27500152587890625 126.65625 128.899993896484375 133.3312530517578125 138.9812469482421875 146.412506103515625 155.6750030517578125 165.7312469482421875 176.556243896484375 187.9499969482421875 199.3562469482421875 206.243743896484375 208.837493896484375 210.931243896484375 207.881256103515625 203.7062530517578125 198.5500030517578125
171.21875 164.59375 159.9562530517578125 156.3874969482421875 162.15625 170.0749969482421875 176.8937530517578125 183.774993896484375 191.256256103515625 197.068756103515625 191.3937530517578125 183.1750030517578125 178.03125 173.256256103515625 167.912506103515625 163.225006103515625 159.537506103515625 156.65625 154.1875 150.7312469482421875 149.318756103515625 147.618743896484375 145.381256103515625 143.3249969482421875 141.4375 138.5749969482421875 134.8000030517578125 131.7062530517578125 130.131256103515625 131.6875 134.5437469482421875 141.1875 148.350006103515625 158.21875 168.2375030517578125 180.3312530517578125 192.6437530517578125 205.337493896484375 214.0124969482421875 218.056243896484375 216.431243896484375 213.5187530517578125 209.125 204.5625
170.6750030517578125 166.256256103515625 162.087493896484375 158.693756103515625 160.9875030517578125 166.318756103515625 172.962493896484375 179.006256103515625 182.7375030517578125 183.631256103515625 183.774993896484375 180.2937469482421875 177.96875 174.8625030517578125 171.2375030517578125 167.8249969482421875 164.6125030517578125 162.2624969482421875 159.4499969482421875 158.506256103515625 157.34375 155.6437530517578125 153.5875091552734375 150.774993896484375 148.118743896484375 145.524993896484375 140.4749908447265625 135.899993896484375 131.899993896484375 132.993743896484375 136.0749969482421875 141.2687530517578125 149.0749969482421875 159.2312469482421875 170.350006103515625 181.774993896484375 193.681243896484375 207.3562469482421875 219.96875 223.368743896484375 220.350006103515625 216.568756103515625 212.318756103515625 207.399993896484375
172.03125 167.7062530517578125 164.975006103515625 164.443756103515625 166.443756103515625 169.21875 170.4375 169.7312469482421875 167.9562530517578125 169.0625 174.3625030517578125 176.087493896484375 176.493743896484375 175.431243896484375 173.475006103515625 171.8000030517578125 169.274993896484375 167.4499969482421875 166.0187530517578125 165.0500030517578125 165.943756103515625 165.15625 162.287506103515625 158.9375 156.5124969482421875 151.193756103515625 144.662506103515625 138.34375 133.962493896484375 133.4375 135.524993896484375 141.0500030517578125 149.024993896484375 158.7312469482421875 169.8625030517578125 180.350006103515625 192.7687530517578125 204.6750030517578125 213.431243896484375 217.1374969482421875 216.1687469482421875 213.1687469482421875 209.2375030517578125 204.193756103515625
173.7937469482421875 171.0625 170.193756103515625 170.256256103515625 171.5124969482421875 172.96875 172.8125 170.193756103515625 162.818756103515625 160.149993896484375 167.3249969482421875 171.375 173.90625 174.337493896484375 174.274993896484375 173.6750030517578125 172.5437469482421875 172.568756103515625 174.3625030517578125 174.212493896484375 173.5187530517578125 173.256256103515625 169.9187469482421875 167.756256103515625 163.443756103515625 156.712493896484375 148.21875 141.3000030517578125 135.8625030517578125 132.962493896484375 134.6437530517578125 140.21875 146.6125030517578125 154.7937469482421875 164.1999969482421875 174.524993896484375 185.3625030517578125 195.524993896484375 202.2375030517578125 207.0124969482421875 207.2312469482421875 204.1687469482421875 201.818756103515625 197.7937469482421875
176.21875 173.7062530517578125 173.5812530517578125 174.5187530517578125 176.381256103515625 178.3562469482421875 177.256256103515625 173.587493896484375 168.5 166.787506103515625 169.1999969482421875 170.125 172.8312530517578125 173.631256103515625 174.4187469482421875 175.3249969482421875 175.837493896484375 178.462493896484375 181.5625 184.4875030517578125 184.5 183.375 179.125 175.475006103515625 169.0500030517578125 161.9375 153.493743896484375 144.725006103515625 137.65625 132.725006103515625 133.21875 137.618743896484375 143.3937530517578125 151.006256103515625 159.537506103515625 168.875 178.8562469482421875 186.6875 192.71875 197.118743896484375 198.868743896484375 196.943756103515625 193.818756103515625 188.9375
179.1437530517578125 177.3874969482421875 177.25 178.46875 180.524993896484375 184.3000030517578125 183.962493896484375 179.34375 174.5812530517578125 172.181243896484375 173.149993896484375 172.774993896484375 173.1875 173.431243896484375 174.337493896484375 175.7062530517578125 177.962493896484375 182.7624969482421875 188.2937469482421875 194.399993896484375 199.225006103515625 197.21875 190.5 181.337493896484375 175.1999969482421875 169.3000030517578125 160.2750091552734375 150.96875 141.787506103515625 135.568756103515625 134.84375 137.5187530517578125 142.818756103515625 149.162506103515625 155.712493896484375 162.8937530517578125 170.5437469482421875 177.681243896484375 184.837493896484375 189.381256103515625 190.9875030517578125 189.8562469482421875 187.6062469482421875 183.493743896484375
182.0437469482421875 180.5500030517578125 180.6125030517578125 182.8562469482421875 185.181243896484375 188.931243896484375 189.7312469482421875 184.8625030517578125 179.912506103515625 176.931243896484375 175.912506103515625 175.15625 173.024993896484375 172.46875 173.6437530517578125 175.368743896484375 178.537506103515625 184.34375 192.318756103515625 202.28125 210.9375 210.068756103515625 201.7375030517578125 189.6750030517578125 180.7312469482421875 173.506256103515625 163.7624969482421875 154.600006103515625 147 140.4250030517578125 137.1999969482421875 137.100006103515625 140.3625030517578125 144.9562530517578125 150.8125 157.1437530517578125 163.462493896484375 170.3625030517578125 176.4812469482421875 181.4187469482421875 184.46875 183.4562530517578125 181.537506103515625 178.09375
184.631256103515625 184 184.375 185.5625 187 189.806243896484375 189.7375030517578125 186.537506103515625 182.2624969482421875 179.65625 177.71875 176.725006103515625 174.3312530517578125 170.193756103515625 170.462493896484375 172.7312469482421875 176.631256103515625 184.993743896484375 194.5812530517578125 205.600006103515625 217.3625030517578125 218.087493896484375 209.375 198.131256103515625 186.1999969482421875 176.631256103515625 168.556243896484375 159.3874969482421875 151.8312530517578125 144.912506103515625 140.03125 137.537506103515625 138.09375 140.7375030517578125 145.2062530517578125 150.625 156.3874969482421875 162.4250030517578125 169.318756103515625 173.193756103515625 177.5437469482421875 177.899993896484375 174.2375030517578125 164.0124969482421875
186.774993896484375 185.368743896484375 185.662506103515625 186.4187469482421875 187.6125030517578125 188.537506103515625 188.350006103515625 186.6374969482421875 184.024993896484375 180.96875 178.399993896484375 174.943756103515625 172.037506103515625 168.0812530517578125 165.3312530517578125 167.600006103515625 172.368743896484375 181.09375 191.006256103515625 201.399993896484375 211.875 214.9375 210.9562530517578125 201.5625 191.756256103515625 183.024993896484375 175.381256103515625 166.2687530517578125 157.4812469482421875 149.0124969482421875 142.850006103515625 138.225006103515625 136.493743896484375 136.875 140.5625 145.84375 151.03125 158.193756103515625 163.587493896484375 169.024993896484375 171.431243896484375 166.8562469482421875 161.287506103515625 157.6062469482421875
187.0437469482421875 185.6999969482421875 186.1125030517578125 186.8625030517578125 187.625 188.03125 188.368743896484375 187.125 184.2937469482421875 181.0187530517578125 177.71875 173.7062530517578125 169.4250030517578125 164.6750030517578125 159.4875030517578125 160.7312469482421875 166.1374969482421875 175.287506103515625 185.350006103515625 195.318756103515625 205.056243896484375 210.306243896484375 210.493743896484375 204.912506103515625 198.90625 192.21875 183.4875030517578125 173.493743896484375 163.7062530517578125 153.1437530517578125 144.743743896484375 137.9812469482421875 135.5 134.875 136.5124969482421875 141.037506103515625 147.6687469482421875 156.3562469482421875 162.8249969482421875 165.1374969482421875 163.21875 161.0749969482421875 160.21875 158.9875030517578125
186.125 184.818756103515625 185.9250030517578125 186.625 187.46875 188.2312469482421875 187.787506103515625 186.649993896484375 184.8312530517578125 182.537506103515625 178.4499969482421875 173.681243896484375 168.662506103515625 162.2312469482421875 155.837493896484375 152.993743896484375 160.337493896484375 171.274993896484375 181.0625 190.537506103515625 201.3312530517578125 208.78125 211.506256103515625 208.524993896484375 205.0500030517578125 201.75 193.9250030517578125 182.9187469482421875 170.15625 156.868743896484375 146.412506103515625 138.431243896484375 134.475006103515625 133.631256103515625 133.068756103515625 138.9499969482421875 147.0124969482421875 151.975006103515625 156.8625030517578125 158.568756103515625 159.756256103515625 160.1374969482421875 159.6750030517578125 155.056243896484375
184.7312469482421875 184.493743896484375 185.181243896484375 186.0437469482421875 187.4499969482421875 188.068756103515625 188.462493896484375 187.3125 185.899993896484375 183.3937530517578125 179.931243896484375 175.149993896484375 169.381256103515625 162.8874969482421875 157.125 154.6374969482421875 157.5500030517578125 167.03125 177.681243896484375 187.8562469482421875 199.3937530517578125 208.3312530517578125 213.0625 210.868743896484375 209.743743896484375 210.5 205.6062469482421875 191.6437530517578125 174.649993896484375 159.6125030517578125 148.256256103515625 141.068756103515625 135.743743896484375 133.3874969482421875 136.7687530517578125 145.087493896484375 149.5749969482421875 155.306243896484375 160.5124969482421875 160.2312469482421875 161.774993896484375 162.2312469482421875 158.25 155.65625
182.149993896484375 182.225006103515625 183.850006103515625 185.475006103515625 186.774993896484375 188.8812408447265625 190.0749969482421875 189.3874969482421875 188.243743896484375 185.774993896484375 182.3312530517578125 177.625 170.9499969482421875 165.3874969482421875 161.475006103515625 159.09375 159.837493896484375 163.743743896484375 175.1374969482421875 185.5625 199.087493896484375 207.6687469482421875 213.024993896484375 213.1062469482421875 214.15625 215.96875 215.3125 197.993743896484375 176.6374969482421875 157.875 145.0187530517578125 137.4562530517578125 136.8125 140.537506103515625 145.274993896484375 147.1125030517578125 152.6750030517578125 158.3249969482421875 159.568756103515625 163.524993896484375 164.1125030517578125 163.193756103515625 160.4812469482421875 157.818756103515625
178.8937530517578125 180.1062469482421875 182.15625 184.4250030517578125 186.7937469482421875 189.34375 190.850006103515625 191.600006103515625 191.3312530517578125 189.993743896484375 186.287506103515625 181.1125030517578125 174.600006103515625 169.4187469482421875 165.037506103515625 163 163.0812530517578125 164.725006103515625 171.943756103515625 182.28125 198.75 211.7937469482421875 212.6875 213.8874969482421875 216 217.3125 212.625 197.2312469482421875 177.431243896484375 156.8249969482421875 141.350006103515625 137.350006103515625 143.149993896484375 146.6125030517578125 148.625 153.162506103515625 157.024993896484375 160.6750030517578125 163.8874969482421875 166.475006103515625 167.118743896484375 168.25 164.318756103515625 160.7687530517578125
175.149993896484375 177.1687469482421875 179.53125 182.6062469482421875 185.6750030517578125 189.368743896484375 192.1374969482421875 193.7624969482421875 194.7375030517578125 194.59375 192.4812469482421875 187.8625030517578125 181.6062469482421875 174.962493896484375 170.475006103515625 166.899993896484375 163.774993896484375 167.225006103515625 172.59375 181.181243896484375 194.5124969482421875 204.600006103515625 212.3625030517578125 213.899993896484375 214.375 211.993743896484375 204.21875 193.6999969482421875 176.3937530517578125 156.9499969482421875 144.0500030517578125 143.899993896484375 147.7062530517578125 152.443756103515625 155.96875 159.09375 162.881256103515625 166.8312530517578125 168.7937469482421875 169.90625 170.4187469482421875 170.7062530517578125 167.53125 164.8125
