data/historical-monthly-weather-data/wc2.1_cruts4.09_10m_prec_2020-07.asc
ncols        51
nrows        45
xllcorner    -63.500000000000
yllcorner    -7.500000000000
cellsize     0.166666666667
NODATA_value -9999
[rows 19 to 37 of 45, columns 0 to 42 of 51]
96.93125152587890625 99.74375152587890625 100.625 101.46250152587890625 101.30625152587890625 102.5749969482421875 98.5437469482421875 96.4250030517578125 92.36875152587890625 85.59375 79.9875030517578125 77.5437469482421875 73.00624847412109375 68.56874847412109375 62.50624847412109375 55.9375 51.69374847412109375 54.77500152587890625 50.737499237060546875 48.512500762939453125 45.049999237060546875 47.125 51.52500152587890625 55.09375 56.549999237060546875 55.012500762939453125 55.77500152587890625 59.168750762939453125 60.34999847412109375 60.90625 65.4499969482421875 74.4250030517578125 77.4562530517578125 79.91875457763671875 83.125 85.75 85.1062469482421875 82.2687530517578125 78.0749969482421875 70.6875 60.856250762939453125 53.19374847412109375 49.21250152587890625
88.84999847412109375 97.0812530517578125 101.94374847412109375 100.58750152587890625 98.56874847412109375 98.9375 95.9187469482421875 93.625 88.7687530517578125 83.2062530517578125 76.8562469482421875 74.38124847412109375 70.9812469482421875 66.0124969482421875 60.28125 55.02500152587890625 51.737499237060546875 50.825000762939453125 51.06874847412109375 47.325000762939453125 48.88124847412109375 50.862499237060546875 53.78749847412109375 58.075000762939453125 59.34999847412109375 57.11875152587890625 54.68125152587890625 57.36875152587890625 60.825000762939453125 63.15000152587890625 69.3249969482421875 75.6999969482421875 75.3562469482421875 78.1687469482421875 81.2687530517578125 82.63124847412109375 82.30625152587890625 78.1750030517578125 72.41249847412109375 65.2687530517578125 57.93125152587890625 52.706249237060546875 47.71250152587890625
87.28749847412109375 90.15000152587890625 96.15625 98.19374847412109375 98.2375030517578125 94.0749969482421875 91.03749847412109375 88.2687530517578125 84.63124847412109375 79.63124847412109375 75.13124847412109375 70.4250030517578125 66.33750152587890625 64.5437469482421875 61.5625 56.46875 54.787502288818359375 52.72499847412109375 51.86875152587890625 50.3125 49.25624847412109375 50.96250152587890625 53.950000762939453125 55.331249237060546875 55.11875152587890625 54.21875 56.84999847412109375 57.28749847412109375 62.637500762939453125 67.61875152587890625 71.15625 74.22499847412109375 74.28749847412109375 75.3874969482421875 76.0124969482421875 78.1999969482421875 77.84999847412109375 74.53749847412109375 69.375 63.31874847412109375 56.96875 52.3125 47.90000152587890625
85.43125152587890625 92.6875 96.4812469482421875 96.96875 96.06874847412109375 92.65625 84.66249847412109375 81.44374847412109375 79.28125 77.99375152587890625 74.65625 70.11875152587890625 67.6437530517578125 64.6875 62.99375152587890625 60.293750762939453125 56.21250152587890625 52.924999237060546875 51.3125 51.049999237060546875 52.86875152587890625 52.768749237060546875 53.71250152587890625 54.706249237060546875 56.3125 54.66249847412109375 55.0625 58.049999237060546875 61.15625 64.4875030517578125 67.90625 71.90625 71.24375152587890625 70.1750030517578125 71.5749969482421875 71.0625 71.9375 68.4812469482421875 65.66249847412109375 61.543750762939453125 56.268749237060546875 50.86875152587890625 46.856250762939453125
80.7062530517578125 90.24375152587890625 96.0812530517578125 95.34375 93.7375030517578125 88.46875 85.1125030517578125 80.2937469482421875 75.9250030517578125 72.19374847412109375 70 70.30625152587890625 67.9562530517578125 66.13124847412109375 62.68125152587890625 60.00624847412109375 55.65625 54.53749847412109375 52.66249847412109375 53.43125152587890625 53.31874847412109375 54.97499847412109375 55.512500762939453125 58.03749847412109375 58.83750152587890625 56.575000762939453125 58.15625 57.674999237060546875 59.33750152587890625 61.956249237060546875 65.30625152587890625 68.31874847412109375 66.28125 64.0625 66.75624847412109375 64.9250030517578125 66.44374847412109375 65.80625152587890625 63.3125 59.325000762939453125 55.1875 50.24375152587890625 46.606250762939453125
78.33750152587890625 88.86875152587890625 95.47499847412109375 95.19374847412109375 93.61875152587890625 86.90000152587890625 82.81874847412109375 78.34375 74.1687469482421875 72.1687469482421875 70.0812530517578125 66.65000152587890625 67.05625152587890625 64.8312530517578125 61.24375152587890625 57.40625 54.856250762939453125 54.50624847412109375 53.918750762939453125 53.918750762939453125 54.91249847412109375 55.81874847412109375 58.793750762939453125 59.706249237060546875 58.512500762939453125 59.25 57.43125152587890625 56.737499237060546875 56.88124847412109375 59.043750762939453125 59.424999237060546875 60.262500762939453125 60.5 59.200000762939453125 59.200000762939453125 59.825000762939453125 61.981250762939453125 61.15000152587890625 59.93125152587890625 57.34375 53.05625152587890625 49.424999237060546875 46.206249237060546875
80.4375 90.77500152587890625 92.1125030517578125 92.7687530517578125 90.5500030517578125 84.9875030517578125 80.58750152587890625 75.8937530517578125 71.1687469482421875 66.6374969482421875 67.71875 66 63.293750762939453125 61.80625152587890625 59.34375 56.65625 53.90625 53.69374847412109375 53.91249847412109375 53.53125 56.137500762939453125 57.63124847412109375 60.33750152587890625 61.268749237060546875 59.55625152587890625 58.09375 57.18125152587890625 55.331249237060546875 53.793750762939453125 53.80625152587890625 53.731250762939453125 53.38124847412109375 52.49375152587890625 52.549999237060546875 54.424999237060546875 55.65000152587890625 57.512500762939453125 58.33750152587890625 57.231250762939453125 55.106250762939453125 52.825000762939453125 48.34999847412109375 44.80625152587890625
78.1437530517578125 84.6437530517578125 88.00624847412109375 88.97499847412109375 86.625 82.47499847412109375 78.90000152587890625 74.0124969482421875 68.2312469482421875 67.65000152587890625 67.5 65.7937469482421875 63.581249237060546875 60.668750762939453125 57.831249237060546875 56.69374847412109375 54.25 53 53.674999237060546875 54.231250762939453125 55.15625 57.00624847412109375 60.387500762939453125 62.71875 59.68125152587890625 56.081249237060546875 54.71875 53.43125152587890625 52.012500762939453125 49.75 49.83750152587890625 47.4375 46.15000152587890625 48.78749847412109375 49.94374847412109375 52.38124847412109375 52.8125 53.950000762939453125 53.793750762939453125 52.893749237060546875 52.00624847412109375 48.49375152587890625 44.50624847412109375
76.0749969482421875 79.0500030517578125 81.71875 84.11875152587890625 82.3000030517578125 79.0749969482421875 75.8874969482421875 71.34375 67.9499969482421875 66.5749969482421875 65.3562469482421875 62.875 61.200000762939453125 59.00624847412109375 56.112499237060546875 54.38124847412109375 52.8125 52.25 51.38124847412109375 52.487499237060546875 54.981250762939453125 56.06874847412109375 56.91249847412109375 58.81874847412109375 57.543750762939453125 54.47499847412109375 52.96250152587890625 51.53749847412109375 50.00624847412109375 48.768749237060546875 47.543750762939453125 46.262500762939453125 45.049999237060546875 45.143749237060546875 46.56874847412109375 48.59375 49.137500762939453125 50.637500762939453125 51.25 51.94374847412109375 51.200000762939453125 49.5625 44.72499847412109375
72.97499847412109375 75.5187530517578125 78.63124847412109375 77.15000152587890625 76.90625 73.08750152587890625 69.9250030517578125 67.78125 64.91249847412109375 64.34999847412109375 62.81874847412109375 60.625 59.34375 58.08750152587890625 55.59375 53.6875 52.793750762939453125 50.799999237060546875 50.61875152587890625 51.481250762939453125 52.93125152587890625 53.856250762939453125 55.15000152587890625 55.52500152587890625 54.58750152587890625 52.393749237060546875 50.9375 49.581249237060546875 49.43125152587890625 48.13124847412109375 46.168750762939453125 44.993747711181640625 43.38124847412109375 42.731250762939453125 43.674999237060546875 45.456249237060546875 46.31874847412109375 47.799999237060546875 48.43125152587890625 48.06874847412109375 48.893749237060546875 46.262500762939453125 43.125
68.8625030517578125 72.71875 74.28749847412109375 73.1999969482421875 71.3937530517578125 68.99375152587890625 65.78125 65.28749847412109375 64.03749847412109375 62.487499237060546875 61.22499847412109375 60.55625152587890625 59.231250762939453125 57.081249237060546875 54.90625 53.13124847412109375 51.325000762939453125 50.47499847412109375 49.43125152587890625 49.41249847412109375 51.18125152587890625 51.72499847412109375 52.875 52.13124847412109375 51.581249237060546875 50.19374847412109375 48.59375 47.706249237060546875 47.58750152587890625 46.00624847412109375 44.53125 42.950000762939453125 41.25 40.75 40.86875152587890625 41.924999237060546875 44.09999847412109375 44.575000762939453125 43.96875 44.0625 45.293750762939453125 43.61875152587890625 40.950000762939453125
66.11875152587890625 68.74375152587890625 67.34999847412109375 68.7375030517578125 68.49375152587890625 67.05625152587890625 64.22499847412109375 62.668750762939453125 61.837497711181640625 60.97499847412109375 60.47499847412109375 59.237499237060546875 59.481250762939453125 56.1875 53.575000762939453125 52.30625152587890625 51.86875152587890625 49.28749847412109375 47.15000152587890625 48.143749237060546875 49.918750762939453125 50.299999237060546875 50.55625152587890625 48.950000762939453125 47.793750762939453125 48.11875152587890625 46.80625152587890625 45.21250152587890625 44.0625 43.356250762939453125 42.1875 41.331249237060546875 40.08750152587890625 39.668750762939453125 39.36875152587890625 39.424999237060546875 40.606250762939453125 42.09999847412109375 40.68125152587890625 39.299999237060546875 39.831249237060546875 39.74375152587890625 37.84375
63.112499237060546875 62.40000152587890625 61.231250762939453125 61.46250152587890625 62.700000762939453125 62.5625 61.83750152587890625 60.325000762939453125 60.21250152587890625 58.75 58.71875 58.96875 57.862499237060546875 56.950000762939453125 54.66249847412109375 52.887500762939453125 51.362499237060546875 48.75624847412109375 46.06874847412109375 47 47.3125 47.887500762939453125 47.43125152587890625 45.887500762939453125 45.793750762939453125 44.91249847412109375 44.00624847412109375 43.46250152587890625 41.53749847412109375 40.9375 40.63124847412109375 39.712497711181640625 38.21250152587890625 37.706249237060546875 37.706249237060546875 37.256252288818359375 38.36875152587890625 37.5625 36.53749847412109375 36.512500762939453125 36.793750762939453125 35.875 34.268749237060546875
58.399997711181640625 57.03125 55.24375152587890625 55.137500762939453125 56.47499847412109375 56.825000762939453125 57.362499237060546875 57.174999237060546875 55.924999237060546875 56.83750152587890625 58.231250762939453125 57.174999237060546875 57 57.25624847412109375 55.581249237060546875 52.668750762939453125 49.956249237060546875 49.09999847412109375 47.456249237060546875 47.59375 47.112499237060546875 46.25624847412109375 44.924999237060546875 44.075000762939453125 44.3125 43.143749237060546875 42.875 41.543750762939453125 40.674999237060546875 39.40625 38.706249237060546875 37.518749237060546875 35.59999847412109375 35.18125152587890625 35.637500762939453125 35.94374847412109375 35.08750152587890625 34.24375152587890625 33.606250762939453125 34.487499237060546875 34.706249237060546875 34.21250152587890625 31.837499618530273438
53.75 52.5 51.84375 51.83750152587890625 51.90000152587890625 51.15625 51.875 51.25 52.575000762939453125 52.606250762939453125 54.40625 55.450000762939453125 56.46875 56.02500152587890625 54.450000762939453125 51.375 49.549999237060546875 48.30625152587890625 46.74375152587890625 46.34999847412109375 46.268749237060546875 44.28125 43.78125 43.143749237060546875 42.05625152587890625 40.75 40.40000152587890625 40.08750152587890625 39.15625 38.075000762939453125 37.15000152587890625 35.61875152587890625 33.75624847412109375 33.66249847412109375 33.700000762939453125 33.25 31.799999237060546875 31.256250381469726562 31.643749237060546875 31.943750381469726562 32.43125152587890625 32.487499237060546875 31.706249237060546875
49.893749237060546875 47.3125 48.012500762939453125 47.74375152587890625 48.325000762939453125 48 47.71875 47.40625 46.99375152587890625 47.72499847412109375 50.40000152587890625 53.393749237060546875 56.81874847412109375 57.543750762939453125 54.46250152587890625 51.58750152587890625 49.3125 47.5625 46.731250762939453125 45.30625152587890625 44.893749237060546875 44.143749237060546875 42.831249237060546875 41.84375 40.5625 38.97499847412109375 38.68125152587890625 38.33750152587890625 37.387500762939453125 34.625 33.75 33.47499847412109375 32.299999237060546875 31.825000762939453125 30.962499618530273438 30.381250381469726562 29.693750381469726562 29.768749237060546875 29.618749618530273438 29.331249237060546875 29.381250381469726562 28.956249237060546875 29.662500381469726562
45.15000152587890625 43.80625152587890625 44.90000152587890625 43.856250762939453125 44.05625152587890625 43.43125152587890625 43.325000762939453125 42.918750762939453125 42.5625 42.731250762939453125 45.44374847412109375 49.77500152587890625 55.106250762939453125 54.9375 53.518749237060546875 51.125 49.293750762939453125 47.09375 45.19374847412109375 44.049999237060546875 41.831249237060546875 42.09375 40.387500762939453125 39.106250762939453125 37.293750762939453125 37.15625 36.84375 36.49375152587890625 35.44374847412109375 33.018749237060546875 31.975000381469726562 31.862499237060546875 30.587499618530273438 30.1875 29.450000762939453125 28.3125 27.943750381469726562 27.637500762939453125 28.100000381469726562 27.868749618530273438 27.15625 27.125 26.625
40.28749847412109375 40.174999237060546875 40.706249237060546875 39.637500762939453125 39.75 39.97499847412109375 39.72499847412109375 39.19374847412109375 38.41249847412109375 37.34375 40.75 46.206249237060546875 50.706249237060546875 51.46875 51.28749847412109375 49.78749847412109375 47.799999237060546875 45.174999237060546875 43.21875 42.22499847412109375 39.881252288818359375 38.662502288818359375 37.375 36.856250762939453125 35.200000762939453125 34.668750762939453125 34.47499847412109375 33.84999847412109375 32.96250152587890625 31.6875 30.362499237060546875 29.450000762939453125 28.1875 27.831249237060546875 27.181249618530273438 25.84375 25.325000762939453125 25.918750762939453125 26.581249237060546875 25.962499618530273438 24.981250762939453125 24.950000762939453125 24.431249618530273438
35.293750762939453125 35.97499847412109375 35.59999847412109375 35.987499237060546875 36.200000762939453125 36.325000762939453125 36.262500762939453125 35.793750762939453125 35.46875 34.13124847412109375 40.06874847412109375 45.05625152587890625 47.549999237060546875 48.83750152587890625 49.33750152587890625 48.31874847412109375 45.28125 44.137500762939453125 41.56874847412109375 40.293750762939453125 38.65000152587890625 36.950000762939453125 34.981250762939453125 34.56874847412109375 33.68125152587890625 32.981250762939453125 32.41249847412109375 31.84375 31.112499237060546875 29.481250762939453125 27.100000381469726562 26.649999618530273438 25.606250762939453125 25.456249237060546875 24.306249618530273438 22.924999237060546875 23.456249237060546875 23.737499237060546875 24.231250762939453125 23.887500762939453125 23.149999618530273438 23.756250381469726562 23.174999237060546875
