data/historical-monthly-weather-data/wc2.1_cruts4.09_10m_prec_2010-11.asc
ncols        45
nrows        45
xllcorner    -63.500000000000
yllcorner    -7.500000000000
cellsize     0.166666666667
NODATA_value -9999
[rows 20 to 39 of 45, columns 0 to 43 of 45]
151.9875030517578125 157.118743896484375 159.9375 162.2624969482421875 163.7937469482421875 165.287506103515625 166.3874969482421875 166.5625 166.7375030517578125 165.399993896484375 162.681243896484375 157.318756103515625 150.5812530517578125 142.28125 135.6750030517578125 129.0187530517578125 123.44374847412109375 121.5500030517578125 122.8625030517578125 124.2687530517578125 130.1374969482421875 135.0812530517578125 138.037506103515625 139.8249969482421875 141.3249969482421875 140.9187469482421875 137.3249969482421875 130.5749969482421875 122.75624847412109375 117.11875152587890625 112.9499969482421875 113.15625 114.6437530517578125 117.06874847412109375 119.75624847412109375 123.71250152587890625 126.4499969482421875 129.318756103515625 130.912506103515625 132.4562530517578125 132.8937530517578125 132.725006103515625 131.337493896484375 129.381256103515625
144.5500030517578125 148.943756103515625 152.34375 155.1750030517578125 157.6687469482421875 159.6437530517578125 161.9250030517578125 163.193756103515625 165.287506103515625 165.6374969482421875 164.2562408447265625 160.9562530517578125 155.6999969482421875 147.931243896484375 140.3249969482421875 132.8562469482421875 127.34375 124.3249969482421875 123.46250152587890625 124.15000152587890625 127.40625 131.375 135.1750030517578125 137.1750030517578125 138.4499969482421875 138.787506103515625 137.4250030517578125 132.743743896484375 128.068756103515625 124.58750152587890625 120.91249847412109375 120.78749847412109375 121.8874969482421875 125.18125152587890625 128.8874969482421875 132.524993896484375 135.118743896484375 137.2375030517578125 137.25 138.0187530517578125 137.6875 136.8312530517578125 135.40625 133.9875030517578125
137.3312530517578125 142.7062530517578125 145.912506103515625 148.8625030517578125 151.75 153.9375 156.1062469482421875 159.1687469482421875 162.9812469482421875 164.5124969482421875 165.256256103515625 163.818756103515625 162.5437469482421875 156.03125 145.806243896484375 136.6062469482421875 129.96875 126.4812469482421875 124.26250457763671875 123.5187530517578125 126.0500030517578125 129.037506103515625 131.9187469482421875 133.993743896484375 136.493743896484375 138.0812530517578125 137.1750030517578125 135.131256103515625 131.850006103515625 129.5187530517578125 127.97499847412109375 128.21875 130.4250030517578125 134.0124969482421875 137.506256103515625 141.40625 143.9812469482421875 144.3937530517578125 143.399993896484375 143.212493896484375 142.8249969482421875 141.28125 139.5 137.8249969482421875
129.9812469482421875 134.9187469482421875 138.2312469482421875 140.6750030517578125 143.9250030517578125 147.34375 150.493743896484375 154.475006103515625 158.2687530517578125 160.993743896484375 163.1125030517578125 165.8312530517578125 167.8000030517578125 161.524993896484375 150.1125030517578125 140.412506103515625 133.21875 129.318756103515625 126.2062530517578125 124.0437469482421875 125.77500152587890625 127.88124847412109375 129.5187530517578125 131.774993896484375 134.59375 136.4875030517578125 138.3562469482421875 136.399993896484375 135.274993896484375 134.3125 134.868743896484375 136.2375030517578125 138.399993896484375 141.493743896484375 145.2312469482421875 149.9250030517578125 152.306243896484375 150.9375 149.53125 148.524993896484375 147.412506103515625 145.6687469482421875 143.806243896484375 141.962493896484375
124.4875030517578125 128.03125 131.100006103515625 133.6750030517578125 137.4437408447265625 140.681243896484375 143.9375 147.9375 152.3375091552734375 155.756256103515625 159.100006103515625 161.25 162.9812469482421875 159.475006103515625 150.6999969482421875 142.0437469482421875 135.1374969482421875 130.6875 127.36875152587890625 124.7624969482421875 125.3937530517578125 125.94374847412109375 127.48749542236328125 129.4875030517578125 132.006256103515625 135.6875 137.84375 138.3000030517578125 138.0625 139.3874969482421875 140.6125030517578125 142.787506103515625 144.9250030517578125 147.7624969482421875 150.537506103515625 153.743743896484375 155.875 154.625 153.587493896484375 153.037506103515625 151.524993896484375 149.6875 148.6374969482421875 147.8249969482421875
121.0749969482421875 123.96875 124.97499847412109375 127.7375030517578125 130.431243896484375 133.4562530517578125 136.600006103515625 140.506256103515625 144.8874969482421875 148.806243896484375 152.306243896484375 155.131256103515625 156.4375 154.881256103515625 148.84375 142.149993896484375 136.431243896484375 132.225006103515625 128.8249969482421875 126.15000152587890625 125.80625152587890625 125.53125 125.63124847412109375 126.6999969482421875 130.1187591552734375 134.8249969482421875 138.4187469482421875 140.5437469482421875 141.9187469482421875 144.2624969482421875 146.1125030517578125 148.618743896484375 150.71875 152.1687469482421875 154.2375030517578125 156.306243896484375 157.4499969482421875 157.2375030517578125 157.475006103515625 157.056243896484375 156.1062469482421875 154.28125 151.9375 152.03125
119.6437530517578125 120.5124969482421875 121.15625 122.71250152587890625 124.36875152587890625 126.99375152587890625 130.9250030517578125 134.4875030517578125 138.024993896484375 142.28125 146.9187469482421875 150.5812530517578125 152.806243896484375 153.024993896484375 148.6062469482421875 142.71875 137.943756103515625 134.381256103515625 131.274993896484375 128.181243896484375 127.2687530517578125 126.3874969482421875 125.5812530517578125 126.78749847412109375 131.21875 136.024993896484375 139.8937530517578125 142.8687591552734375 145.75 147.7937469482421875 150.5625 153.193756103515625 155.2687530517578125 156.3312530517578125 156.8125 158.1750030517578125 158.962493896484375 158.556243896484375 159.8874969482421875 160.3249969482421875 159.9499969482421875 157.8125 155.4499969482421875 154.431243896484375
118.3125 117.25624847412109375 117.18125152587890625 117.58750152587890625 118.68125152587890625 120.91249847412109375 124.48749542236328125 128.3562469482421875 132.506256103515625 136.975006103515625 141.1687469482421875 145.787506103515625 149.225006103515625 150.8625030517578125 148.03125 143.443756103515625 139.1999969482421875 136.5187530517578125 133.618743896484375 130.881256103515625 130.087493896484375 128.8000030517578125 129.087493896484375 131.1125030517578125 134.7312469482421875 138.6999969482421875 142.256256103515625 145.8874969482421875 148.975006103515625 151.2062530517578125 153.399993896484375 156.149993896484375 157.8249969482421875 157.875 158.6687469482421875 159.600006103515625 160.0187530517578125 160.5 161.2624969482421875 163.6687469482421875 165.125 163.181243896484375 157.9375 155.912506103515625
117.11875152587890625 114.28749847412109375 112.78749847412109375 112.4875030517578125 112.9875030517578125 115.0124969482421875 118.3312530517578125 122.19374847412109375 127.25624847412109375 131.8562469482421875 136.493743896484375 141.524993896484375 146.3562469482421875 149.131256103515625 147.2375030517578125 144.5500030517578125 141.8625030517578125 139.03125 136.4562530517578125 134.125 133.65625 132.7062530517578125 133.34375 136.0749969482421875 139.1875 142.399993896484375 146.212493896484375 149.3000030517578125 152.6374969482421875 154.149993896484375 156.2062530517578125 158.2937469482421875 158.78125 158.725006103515625 159.712493896484375 160.3874969482421875 160.90625 161.0187530517578125 162.006256103515625 163.7937469482421875 166.71875 164.100006103515625 160.3125 161.3000030517578125
118.24375152587890625 114.08750152587890625 111.7062530517578125 109.59375 109.6875 111.8874969482421875 115.1125030517578125 119.03749847412109375 124.11875152587890625 128.5124969482421875 133.4250030517578125 139.1750030517578125 144.7624969482421875 149.0625 148.462493896484375 147.03125 144.625 142.96875 140.4875030517578125 138.4562530517578125 138.21875 138.712493896484375 139.7062530517578125 141.725006103515625 144.462493896484375 147.662506103515625 150.9812469482421875 153.5062408447265625 156.037506103515625 157.7624969482421875 159.225006103515625 160.75 160.84375 161.0812530517578125 161.5625 161.2624969482421875 160.899993896484375 161.6374969482421875 160.90625 161.6062469482421875 163.8249969482421875 166.1687469482421875 165.868743896484375 168.78125
119.0187530517578125 113.90000152587890625 110.8625030517578125 108.25 107.24375152587890625 109.8937530517578125 113.0500030517578125 116.6437530517578125 121.11875152587890625 126.22499847412109375 131.5437469482421875 137.8625030517578125 144.4812469482421875 148.850006103515625 149.743743896484375 149.78125 149.34375 147.600006103515625 144.8874969482421875 144.381256103515625 144.881256103515625 145.71875 146.931243896484375 148.5749969482421875 150.3000030517578125 153.243743896484375 155.6125030517578125 157.912506103515625 159.7312469482421875 160.75 162.03125 163.4499969482421875 163.0187530517578125 163.7312469482421875 163.25 162.3874969482421875 162.1125030517578125 163.4375 161.649993896484375 157.743743896484375 160.756256103515625 166.962493896484375 170.5 173.7937469482421875
119.5812530517578125 114.0437469482421875 110.65625 108.31874847412109375 107.47499847412109375 108.81874847412109375 111.6062469482421875 114.6062469482421875 119.0749969482421875 124.06874847412109375 129.6875 136.7687530517578125 143.7624969482421875 149.649993896484375 152.5124969482421875 154.15625 154.881256103515625 153.537506103515625 151.9250030517578125 151.9499969482421875 152.7937469482421875 153.4562530517578125 154.306243896484375 155.34375 157.1437530517578125 158.90625 160.3625030517578125 162.03125 163.0437469482421875 164.1687469482421875 165.1437530517578125 165.7312469482421875 165.3562469482421875 165.25 165.6437530517578125 164.774993896484375 164.443756103515625 164.5625 161.6187591552734375 159.756256103515625 164.9000091552734375 172.806243896484375 178.431243896484375 185.587493896484375
121.34375 116.28749847412109375 112.88124847412109375 110.59999847412109375 109.3312530517578125 109.875 111.7687530517578125 114.19374847412109375 118.1875 123.0437469482421875 129.6374969482421875 136.8625030517578125 145.006256103515625 153.1999969482421875 157.1312408447265625 160.3937530517578125 162.0749969482421875 162.631256103515625 162.193756103515625 162.4187469482421875 163.2312469482421875 163.1437530517578125 162.9375 163.306243896484375 164.4937591552734375 165.3312530517578125 166.149993896484375 166.9250030517578125 168.024993896484375 168.53125 169.006256103515625 169.149993896484375 168.462493896484375 167.9499969482421875 168.774993896484375 168.493743896484375 168.9187469482421875 168.556243896484375 166.1937408447265625 168.9499969482421875 174.3312530517578125 181.9875030517578125 190.100006103515625 200.5437469482421875
122.91249847412109375 118.5749969482421875 115.2687530517578125 113.125 111.22499847412109375 111.28749847412109375 111.94374847412109375 113.83750152587890625 117.58750152587890625 122.0749969482421875 128.4562530517578125 137.3625030517578125 147.1437530517578125 155.931243896484375 161.5749969482421875 166.662506103515625 170.787506103515625 172.3000030517578125 172.8249969482421875 173.649993896484375 173.8874969482421875 173.368743896484375 172.625 171.8625030517578125 172.006256103515625 171.693756103515625 172.225006103515625 172.1374969482421875 172.65625 172.5812530517578125 172.6374969482421875 172.9875030517578125 172.225006103515625 171.662506103515625 172.5437469482421875 173.0812530517578125 173.037506103515625 171.9499969482421875 172.9875030517578125 177.7062530517578125 182.8249969482421875 190.899993896484375 201.78125 214.59375
125.34375 121.5187530517578125 118.36875152587890625 115.6687469482421875 113.625 112.96875 112.6875 113.8249969482421875 116.3125 120.9499969482421875 127.94374847412109375 138.462493896484375 149.625 160.59375 168.318756103515625 174.1125030517578125 180.0812530517578125 182.5500030517578125 183.756256103515625 184.8562469482421875 185.125 184.0500030517578125 182.375 180.0187530517578125 178.3874969482421875 177.681243896484375 177.1062469482421875 177.1062469482421875 176.8125 176.399993896484375 176.5437469482421875 176.46875 175.4250030517578125 175.537506103515625 175.462493896484375 175.274993896484375 175.2375030517578125 177.881256103515625 180.2937469482421875 184.21875 189.9875030517578125 197.3874969482421875 207.8937530517578125 219.96875
130.4250030517578125 126.65000152587890625 123.5749969482421875 120.6437530517578125 118.36875152587890625 117.3625030517578125 116.5749969482421875 116.03125 117.3000030517578125 120.71875 128.368743896484375 139.993743896484375 153.3249969482421875 166.3125 174.7624969482421875 183 189.162506103515625 192.556243896484375 194.993743896484375 197.337493896484375 196.8562469482421875 193.806243896484375 190.84375 187.8625030517578125 185.475006103515625 183.7375030517578125 182.9749908447265625 182.899993896484375 182.5187530517578125 180.868743896484375 181.09375 180.399993896484375 179.7062530517578125 179.5124969482421875 178.28125 177.6687469482421875 180.9375 183.4499969482421875 185.3625030517578125 189.84375 195.912506103515625 202.024993896484375 210.1999969482421875 220.3562469482421875
135.931243896484375 132.5 129.693756103515625 126.96250152587890625 124.375 122.9875030517578125 121.3000030517578125 119.7062530517578125 119.3874969482421875 119.9875030517578125 128.90625 145.21875 159.5625 171.9250030517578125 181.649993896484375 190.7624969482421875 198.131256103515625 201.8000030517578125 204.7687530517578125 206.90625 205.5 201.712493896484375 198.1374969482421875 194.40625 191.3125 189.6750030517578125 187.931243896484375 188.2062530517578125 187.1875 185.7937469482421875 185.0812530517578125 185.1999969482421875 183.9875030517578125 183.71875 182.306243896484375 182.8562469482421875 185.962493896484375 189.024993896484375 191.6125030517578125 194.15625 198.631256103515625 203.1999969482421875 209.631256103515625 218.15625
143.056243896484375 139.46875 136.524993896484375 134.006256103515625 131.3312530517578125 129.7375030517578125 128.024993896484375 126.15625 125.50624847412109375 124.80625152587890625 138.3937530517578125 156.2624969482421875 168.34375 179.4562530517578125 189.28125 198.7624969482421875 206.75 210.125 212.381256103515625 212.6437530517578125 211.3562469482421875 208.037506103515625 204.493743896484375 199.75 196.587493896484375 194.6374969482421875 192.725006103515625 192.8000030517578125 192.09375 191.056243896484375 188.0812530517578125 187.46875 186.8937530517578125 186.649993896484375 185.75 187.537506103515625 190.96875 193.587493896484375 197.306243896484375 200.25 201.5437469482421875 205.4375 208.631256103515625 213.625
150.8125 147.318756103515625 144.9499969482421875 142.5124969482421875 139.806243896484375 138.4499969482421875 137.4375 136.6437530517578125 139.131256103515625 146.6374969482421875 162.4812469482421875 171.53125 179.7375030517578125 189.225006103515625 197.6875 205.9499969482421875 213.34375 216.181243896484375 217.037506103515625 217.3000030517578125 214.9875030517578125 211.1750030517578125 208.15625 204.149993896484375 200.125 198.2437591552734375 196.5 196.21875 195.8125 194.5124969482421875 192.618743896484375 191.65625 191.0437469482421875 190.7624969482421875 192.681243896484375 195.1500091552734375 197.125 200.75 203.350006103515625 202.806243896484375 202.962493896484375 206.1812591552734375 206.7375030517578125 210.3874969482421875
158.787506103515625 155.6687469482421875 153.4875030517578125 151.15625 149.4812469482421875 149.131256103515625 148.631256103515625 149.850006103515625 154.5500030517578125 162.4187469482421875 173.1062469482421875 182.6750030517578125 190.493743896484375 198.9187469482421875 206.493743896484375 213.46875 220.493743896484375 222.3000030517578125 222.4875030517578125 222.28125 218.6437530517578125 214.5 210.443756103515625 206.28125 203.5625 201.2375030517578125 199.4812469482421875 199.443756103515625 198.9250030517578125 197.4875030517578125 195.625 197.493743896484375 199.087493896484375 199.381256103515625 201.818756103515625 203.3874969482421875 204.3874969482421875 206.25 208.4250030517578125 205.8125 204.693756103515625 206.2624969482421875 205.84375 206.28125
