data/historical-monthly-weather-data/wc2.1_cruts4.09_10m_prec_1954-10.asc
ncols        51
nrows        45
xllcorner    -63.500000000000
yllcorner    -7.500000000000
cellsize     0.166666666667
NODATA_value -9999
[rows 0 to 18 of 45, columns 0 to 43 of 51]
222.475006103515625 220.0812530517578125 215.131256103515625 213.506256103515625 210.0124969482421875 203.587493896484375 194.181243896484375 185.149993896484375 175.993743896484375 168.75 163.8312530517578125 158.1999969482421875 151.8874969482421875 143.9250030517578125 137.3125 130.90625 124.78749847412109375 118.65000152587890625 113.6437530517578125 108.8249969482421875 105.19374847412109375 101.3562469482421875 98.1687469482421875 96.25 94.9187469482421875 94.1750030517578125 94.8625030517578125 96.0625 97.7375030517578125 99.58750152587890625 101.78125 104.2312469482421875 107.5500030517578125 111.44374847412109375 115.6062469482421875 118.2937469482421875 120.68125152587890625 122.65000152587890625 122.7937469482421875 122.40625 121.94374847412109375 121.03749847412109375 119.0187530517578125 116.19374847412109375
219.5625 217.9499969482421875 217.46875 220.350006103515625 222.8874969482421875 215.5 206.587493896484375 199.368743896484375 191.96875 184.243743896484375 177 168.8000030517578125 160.2375030517578125 151.3312530517578125 143.256256103515625 136.024993896484375 128.181243896484375 121.97499847412109375 116.6374969482421875 111.97499847412109375 107.94374847412109375 104.4875030517578125 101.4499969482421875 99.73749542236328125 98.3625030517578125 97.0437469482421875 98.0500030517578125 99.28125 100.6062469482421875 102.16249847412109375 105.2937469482421875 109.0812530517578125 113.5124969482421875 118.84999847412109375 123.5187530517578125 126.2062530517578125 129.443756103515625 131.743743896484375 132.0749969482421875 131.5187530517578125 131.131256103515625 130.3312530517578125 128.350006103515625 125.2687530517578125
207.9250030517578125 207.256256103515625 207.399993896484375 211.6062469482421875 215.399993896484375 212.1374969482421875 208.6437530517578125 206.4375 202.2375030517578125 195.6062469482421875 187.193756103515625 177.0437469482421875 166.875 156.53125 147.5 139.2624969482421875 131.5124969482421875 125.21250152587890625 119.625 114.78749847412109375 110.71875 107.77500152587890625 104.78125 102.82500457763671875 101.21875 100.125 100.84999847412109375 101.96875 102.4250030517578125 104.6062469482421875 108.34999847412109375 111.97499847412109375 116.66249847412109375 122.52500152587890625 127.93125152587890625 131.15625 134.4375 137.7062530517578125 138.6999969482421875 138.5187530517578125 138.443756103515625 137.6437530517578125 135.837493896484375 133.4375
193.8874969482421875 192.712493896484375 195.03125 197.3562469482421875 201.743743896484375 202.8562469482421875 205.568756103515625 209.118743896484375 210.3249969482421875 206.15625 196.212493896484375 183.6125030517578125 171.4875030517578125 160.350006103515625 151.4812469482421875 142.5 134.3000030517578125 128.34375 122.96875 118.27500152587890625 114.47499847412109375 110.81874847412109375 107.2375030517578125 105.43125152587890625 103.65625 102.21875 102.6875 103.3125 103.8249969482421875 106.08750152587890625 109.9562530517578125 114.28749847412109375 118.4812469482421875 123.7687530517578125 128.868743896484375 133.899993896484375 138.412506103515625 142.375 144.306243896484375 144.943756103515625 144.337493896484375 143.9812469482421875 142.5812530517578125 140.90625
188.556243896484375 182.693756103515625 180.0187530517578125 181.6062469482421875 187.193756103515625 192.4812469482421875 199.037506103515625 206.837493896484375 214.431243896484375 215.8249969482421875 203.024993896484375 186.587493896484375 173.8125 163.3249969482421875 153.962493896484375 144.6687469482421875 136.75 130.1812591552734375 124.625 119.94374847412109375 116.78125 112.9187469482421875 109.25 107.5749969482421875 105.7062530517578125 104.13124847412109375 103.81874847412109375 104.6125030517578125 105.5625 107.21250152587890625 110.90000152587890625 115.03749847412109375 119.7687530517578125 125.0625 130.8312530517578125 135.868743896484375 141.1374969482421875 146.412506103515625 148.600006103515625 149.71875 149.537506103515625 148.649993896484375 148.131256103515625 146.8249969482421875
181.3312530517578125 175.568756103515625 169.350006103515625 165.649993896484375 172.3312530517578125 180.6062469482421875 187.7624969482421875 195.631256103515625 204.03125 209.431243896484375 195.6999969482421875 180.412506103515625 170.1062469482421875 160.931243896484375 152.5437469482421875 145.1687469482421875 137.6750030517578125 131.4375 126.4250030517578125 121.81874847412109375 118.7312469482421875 115.3249969482421875 112.0187530517578125 109.4499969482421875 107.41249847412109375 105.55625152587890625 104.83750152587890625 104.8000030517578125 105.86875152587890625 107.19374847412109375 110.49375152587890625 115.1125030517578125 119.15625 124.25624847412109375 129.8000030517578125 135.243743896484375 140.8000030517578125 147.1062469482421875 151.2624969482421875 151.881256103515625 149.868743896484375 149.462493896484375 148.899993896484375 148.756256103515625
177.7062530517578125 171.4875030517578125 165.1374969482421875 160.368743896484375 163.649993896484375 168.5749969482421875 173.368743896484375 177.21875 179.587493896484375 178.943756103515625 175.2062530517578125 168.6875 162.818756103515625 156.881256103515625 150.375 144.600006103515625 138.568756103515625 132.3937530517578125 127.19374847412109375 123.28749847412109375 120.75 117.8249969482421875 114.4812469482421875 111.84999847412109375 109.56874847412109375 107.28749847412109375 106.50624847412109375 105.75 105.5625 107.1750030517578125 110.16249847412109375 113.88124847412109375 117.40000152587890625 122.28749847412109375 127.78125 132.4875030517578125 138.0437469482421875 144.4562530517578125 150.743743896484375 150.0124969482421875 147.6062469482421875 146.0625 146.0812530517578125 147.1750030517578125
175.40625 168.4375 163.9250030517578125 161.725006103515625 161.7375030517578125 163.2375030517578125 162.037506103515625 157.9250030517578125 151.5749969482421875 150.087493896484375 154.1062469482421875 154.9875030517578125 154.46875 151.8312530517578125 148.34375 143.975006103515625 139.181243896484375 133.4875030517578125 128.587493896484375 125.31874847412109375 123.2937469482421875 120.46875 117.2937469482421875 114.6374969482421875 111.93125152587890625 108.8874969482421875 107.28125 105.5437469482421875 104.6437530517578125 105.15625 108.00624847412109375 111.6750030517578125 115.03749847412109375 119.5187530517578125 123.97499847412109375 128.0500030517578125 131.9812469482421875 137.087493896484375 140.6999969482421875 140.806243896484375 138.84375 136.931243896484375 136.0749969482421875 136.337493896484375
174.6687469482421875 169.21875 166.34375 164.0437469482421875 163.15625 161.756256103515625 158.0124969482421875 149.6437530517578125 137.381256103515625 132.475006103515625 140.21875 145.0812530517578125 147.7062530517578125 147.118743896484375 145.462493896484375 142.9812469482421875 139.5062408447265625 135.662506103515625 132.3312530517578125 128.9812469482421875 126.75 124.28749847412109375 120.1687469482421875 117.7062530517578125 113.96250152587890625 109.84999847412109375 106.91249847412109375 105.6062469482421875 104.375 103.90000152587890625 106.1999969482421875 109.0812530517578125 111.2937469482421875 114.41249847412109375 117.5 121.1374969482421875 124.59375 127.3562469482421875 128.6437530517578125 128.5500030517578125 126.52500152587890625 123.5812530517578125 122.1374969482421875 120.125
174.6125030517578125 170.1062469482421875 167.3562469482421875 166.0437469482421875 165.53125 163.4875030517578125 158.693756103515625 149.8874969482421875 139.8312530517578125 135.2062530517578125 137.524993896484375 140.306243896484375 143.28125 143.9812469482421875 143.6062469482421875 142.5437469482421875 140.274993896484375 138.1750030517578125 136.131256103515625 134.568756103515625 131.9375 128.7624969482421875 123.875 119.7937469482421875 114.41249847412109375 109.65000152587890625 106.9562530517578125 104.6999969482421875 103.3874969482421875 102.6374969482421875 103.375 105.52500152587890625 107.03749847412109375 109.4875030517578125 112.1374969482421875 114.77500152587890625 116.6999969482421875 117.93125152587890625 118.3125 116.75624847412109375 114.1062469482421875 110.4875030517578125 106.94374847412109375 103.58750152587890625
174.65625 170.6875 167.993743896484375 166.8874969482421875 166.6999969482421875 167.1437530517578125 163.1875 153.78125 144.993743896484375 140.2937469482421875 139.524993896484375 140.1687469482421875 141.006256103515625 142.1687469482421875 142.4499969482421875 141.7624969482421875 140.9562530517578125 140.243743896484375 139.7624969482421875 139.662506103515625 138.5812530517578125 134.2624969482421875 127.9562530517578125 120.99375152587890625 115.69374847412109375 111.2624969482421875 108.50624847412109375 106 103.38124847412109375 102.16249847412109375 102.27500152587890625 103.4250030517578125 104.3125 105.7624969482421875 107.00624847412109375 108.25624847412109375 109.03749847412109375 108.4875030517578125 107.83750152587890625 105.53749847412109375 102.1875 98.03749847412109375 94.34999847412109375 89.5437469482421875
174.806243896484375 171.03125 168.75 168.28125 168.65625 169.743743896484375 167.556243896484375 157.399993896484375 149.4187469482421875 144.006256103515625 141.40625 141.0124969482421875 140.6750030517578125 141.3937530517578125 142.225006103515625 141.537506103515625 141.1812591552734375 141.006256103515625 141.318756103515625 142.818756103515625 144.024993896484375 139.443756103515625 131.84375 123.625 116.5812530517578125 110.71875 107.125 105.24375152587890625 103.375 102.18125152587890625 101.06874847412109375 101.2687530517578125 101.09999847412109375 101.7312469482421875 102.4375 102.52500152587890625 101.9875030517578125 100.9375 99.02500152587890625 96.2624969482421875 91.7375030517578125 87.2624969482421875 83.21875 78.96250152587890625
173.9375 170.774993896484375 168.681243896484375 167.662506103515625 167.681243896484375 167.5187530517578125 163.6875 156.912506103515625 150.3499908447265625 146.1999969482421875 143.40625 141.7687530517578125 141.212493896484375 140.131256103515625 140.65625 140.912506103515625 140.181243896484375 140.7687530517578125 141.681243896484375 143.024993896484375 145.9562530517578125 142.2375030517578125 134.243743896484375 125.80625152587890625 114.9875030517578125 108.18125152587890625 107.125 105.2937469482421875 103.9187469482421875 102.1374969482421875 100.2937469482421875 98.875 98.3000030517578125 97.7624969482421875 97.77500152587890625 97.3937530517578125 96.1374969482421875 94.9812469482421875 93.16249847412109375 88.61875152587890625 83.8937530517578125 80.0812530517578125 75.4812469482421875 67.5812530517578125
171.7624969482421875 168.774993896484375 166.84375 165.46875 164.368743896484375 163.1062469482421875 159.493743896484375 154.9812469482421875 150.4562530517578125 146.3937530517578125 143.3000030517578125 141.306243896484375 140.037506103515625 139.225006103515625 138.162506103515625 138.4875030517578125 137.556243896484375 137.84375 138.3125 139.15625 141.318756103515625 138.8937530517578125 134.068756103515625 127.4187469482421875 118.90625 112.72499847412109375 110.1437530517578125 107.34999847412109375 104.875 101.49375152587890625 98.3874969482421875 96.46250152587890625 95.1437530517578125 94.1687469482421875 93.7375030517578125 93.2375030517578125 92.1062469482421875 91.36875152587890625 89.69374847412109375 85.9499969482421875 79.9187469482421875 73.75 68.91249847412109375 63.8125
168.6687469482421875 166.15625 163.5500030517578125 162.09375 160.6750030517578125 158.837493896484375 156.8000030517578125 153.4375 149.037506103515625 145.4562530517578125 142.59375 140.03125 138.0749969482421875 136.8125 135.118743896484375 134.9812469482421875 133.368743896484375 132.53125 131.9250030517578125 132.756256103515625 135.149993896484375 135.4562530517578125 134.243743896484375 131.6999969482421875 127.38124847412109375 121.97499847412109375 116.5749969482421875 111.18125152587890625 106.375 101.02500152587890625 96.5500030517578125 93.5500030517578125 91.9875030517578125 91.5 90.9812469482421875 90.0812530517578125 89.8937530517578125 91.2062530517578125 91.9562530517578125 87.9375 80.8249969482421875 74.43125152587890625 69.9499969482421875 65.53125
164.3000030517578125 161.6687469482421875 159.506256103515625 158.131256103515625 156.631256103515625 155.381256103515625 153.493743896484375 150.462493896484375 147 143.9562530517578125 140.4499969482421875 136.712493896484375 134.3312530517578125 132.8312530517578125 131.5437469482421875 130.212493896484375 127.16249847412109375 125.72499847412109375 124.8000030517578125 125.0749969482421875 127.77500152587890625 131.09375 134.256256103515625 136.8937530517578125 135.5124969482421875 130.2937469482421875 123.41249847412109375 115.78749847412109375 108.375 100.6125030517578125 94.72499847412109375 90.28749847412109375 88.18125152587890625 87.6062469482421875 86.5 85.05625152587890625 87.2312469482421875 89.8562469482421875 92.97499847412109375 90.46250152587890625 85.3000030517578125 78.96250152587890625 73.28749847412109375 67.7062530517578125
158.1812591552734375 156.03125 155.006256103515625 154.3125 152.90625 151.8125 150.3125 147.84375 144.8000030517578125 141.1374969482421875 137.2687530517578125 132.931243896484375 129.2937469482421875 126.78749847412109375 124.7937469482421875 122.6062469482421875 118.3874969482421875 116.52500152587890625 115.8125 116.50624847412109375 120.0187530517578125 125.4812469482421875 132.787506103515625 140.287506103515625 143.037506103515625 135.96875 128.09375 118.05625152587890625 108.2624969482421875 99.1125030517578125 92.6437530517578125 88.61875152587890625 84.4875030517578125 81.5187530517578125 79.58750152587890625 80.65000152587890625 84.0500030517578125 91.74375152587890625 100.2937469482421875 96.5625 90.78125 83.86875152587890625 76.56874847412109375 70.83750152587890625
151.2687530517578125 149.618743896484375 149.5749969482421875 149.2937469482421875 148.4562530517578125 148.09375 146.962493896484375 144.537506103515625 141.5 138.068756103515625 134.2062530517578125 128.6687469482421875 123.7937469482421875 119.5625 116.3937530517578125 113.0187530517578125 108.71250152587890625 106.21875 105.9187469482421875 106.41249847412109375 110.84375 117.55625152587890625 126.4499969482421875 135.506256103515625 139.962493896484375 135.9375 129.96875 118.96875 107.1999969482421875 96.22499847412109375 88.7937469482421875 84.40625 82.36875152587890625 81.10625457763671875 77.16249847412109375 73.09999847412109375 80.84999847412109375 90.86875152587890625 97.8249969482421875 98.22499847412109375 93.5625 87.28749847412109375 80.1999969482421875 74.40000152587890625
143.3000030517578125 142.96875 143.7687530517578125 144.368743896484375 144.537506103515625 144.2312469482421875 143.162506103515625 141.256256103515625 139.0124969482421875 135.1437530517578125 130.125 124.0124969482421875 117.6999969482421875 111.9812469482421875 107.9812469482421875 104.72499847412109375 100.5124969482421875 97.44374847412109375 96.81874847412109375 96.90000152587890625 101.7312469482421875 110.6999969482421875 118.0500030517578125 126.59999847412109375 131.53125 131.962493896484375 126.6437530517578125 117.00624847412109375 106.44374847412109375 94.1687469482421875 84.8249969482421875 83.4499969482421875 85.85625457763671875 84.16875457763671875 80.8312530517578125 78.625 83.25 89.6999969482421875 95.03749847412109375 96.68125152587890625 94.3937530517578125 91.22499847412109375 84.0187530517578125 78.11875152587890625
