data/historical-monthly-weather-data/wc2.1_cruts4.09_10m_prec_2009-07.asc
ncols        45
nrows        45
xllcorner    -63.500000000000
yllcorner    -7.500000000000
cellsize     0.166666666667
NODATA_value -9999
[rows 0 to 18 of 45, columns 0 to 43 of 45]
342.274993896484375 335.15625 324.58123779296875 320.024993896484375 310.85626220703125 302.306243896484375 293.649993896484375 282.42498779296875 276.875 273.537506103515625 265.36248779296875 257.32501220703125 248.1437530517578125 242.9875030517578125 239.756256103515625 234.0437469482421875 228.1999969482421875 219.087493896484375 212.193756103515625 208.3562469482421875 205.46875 197.375 191.125 186.9812469482421875 185.3125 180.6875 180.756256103515625 181.53125 180.0749969482421875 181.65625 175.8000030517578125 174.537506103515625 179.556243896484375 181.037506103515625 182.024993896484375 180.8249969482421875 176.024993896484375 180.3562469482421875 175.2687530517578125 171.4812469482421875 173.881256103515625 176.649993896484375 173.806243896484375 173.5
333.23748779296875 325.056243896484375 314.850006103515625 311.399993896484375 305.79376220703125 297.787506103515625 288.443756103515625 279.243743896484375 273.26873779296875 266.09375 256.774993896484375 246.5812530517578125 236.899993896484375 229.0187530517578125 222.1687469482421875 216.0749969482421875 209.1062469482421875 201.7624969482421875 196.8125 192.443756103515625 184.46875 180.399993896484375 176.149993896484375 176.131256103515625 170.6687469482421875 167.7375030517578125 169.09375 171.1999969482421875 169.1687469482421875 167.6062469482421875 166.4187469482421875 170.40625 174.59375 180 182.46875 179.09375 175.381256103515625 177.337493896484375 171.96875 170.4875030517578125 174.818756103515625 174.3000030517578125 172.9562530517578125 169.6437530517578125
308.712493896484375 308.33123779296875 304.175018310546875 296.556243896484375 287.28125 277.07501220703125 269.618743896484375 265.28125 260.225006103515625 252.4187469482421875 242.75 230.412506103515625 222.693756103515625 210.818756103515625 202.712493896484375 195.412506103515625 189.25 181.931243896484375 175.712493896484375 172.46875 165.2937469482421875 162.15625 159.5 158.868743896484375 156.15625 151.993743896484375 158.256256103515625 160.1062469482421875 160.1437530517578125 160.53125 160.225006103515625 158.7375030517578125 164.15625 172.4875030517578125 169.9250030517578125 166.3312530517578125 167.618743896484375 172.506256103515625 167.493743896484375 167.5812530517578125 171.5124969482421875 172.5437469482421875 169.7624969482421875 168.5
287.54998779296875 282.631256103515625 282.850006103515625 280.60626220703125 269.1875 256.73748779296875 248 247.056243896484375 245.600006103515625 239.4375 225.4187469482421875 213.1374969482421875 203.6999969482421875 196.0749969482421875 185.8937530517578125 176.4499969482421875 168.6062469482421875 162.243743896484375 158.09375 158.0812530517578125 152.443756103515625 145.431243896484375 142.306243896484375 143.5812530517578125 142.875 140.943756103515625 144.743743896484375 144.4250030517578125 148.006256103515625 153.318756103515625 153.9499969482421875 152.2937469482421875 153.21875 155.2687530517578125 154.899993896484375 160.65625 165.3625030517578125 164.193756103515625 162.868743896484375 162.931243896484375 170.0625 173.8000030517578125 171.475006103515625 169.587493896484375
296.350006103515625 279.5 259.21875 256.125 253.4000091552734375 239.975006103515625 233.6687469482421875 231.443756103515625 228.243743896484375 220.524993896484375 212.3125 198.9562530517578125 189.28125 180.2937469482421875 169.899993896484375 160.912506103515625 152.381256103515625 147.193756103515625 140.212493896484375 138.6437530517578125 135.71875 129.3562469482421875 125.53125 130.53125 129.931243896484375 128.40625 130.6999969482421875 135.868743896484375 139.25 140.8562469482421875 143.568756103515625 145.0437469482421875 148.787506103515625 149.912506103515625 149.8874969482421875 150.6999969482421875 155.6687469482421875 158.993743896484375 157.506256103515625 160.5749969482421875 167.125 166.9875030517578125 169.100006103515625 170.1125030517578125
285.04998779296875 276.48126220703125 259.412506103515625 229.381256103515625 230.368743896484375 233.068756103515625 225.4187469482421875 219.3000030517578125 217.681243896484375 208.9375 198.3562469482421875 186.9187469482421875 178.1374969482421875 165.375 157.875 149.28125 139.024993896484375 131 126.09375 124.80625152587890625 121.91249847412109375 118.00624847412109375 116.5187530517578125 117.15625 119.24375152587890625 119.58750152587890625 122.34999847412109375 126.76874542236328125 129.212493896484375 131.287506103515625 134.100006103515625 139.243743896484375 141.2375030517578125 145.318756103515625 144.475006103515625 147.5124969482421875 146.693756103515625 150.7062530517578125 155.5500030517578125 162.4499969482421875 163.368743896484375 166.46875 166.524993896484375 165.71875
277.64373779296875 270 254.975006103515625 236.8187408447265625 221.537506103515625 209.0625 207.631256103515625 205.587493896484375 199.6374969482421875 193.4187469482421875 185.625 171.837493896484375 165.5 155.125 145.25 138.225006103515625 130.4375 119.47499847412109375 110.96250152587890625 111.31874847412109375 108.8000030517578125 105.5749969482421875 103.7062530517578125 106.86875152587890625 108.81874847412109375 111.75 117.2375030517578125 118.28125 119.25624847412109375 124.9562530517578125 127.19374847412109375 128.287506103515625 130.6125030517578125 136.9499969482421875 140.8125 142.243743896484375 141.587493896484375 144.0500030517578125 151.193756103515625 160.0187530517578125 161.149993896484375 160.993743896484375 163.28125 162.337493896484375
274.42498779296875 262.34375 250.3937530517578125 237.4250030517578125 225.7687530517578125 219.8249969482421875 204.2937469482421875 184.3000030517578125 175.131256103515625 170.318756103515625 164.8249969482421875 157.5437469482421875 151.131256103515625 141.5124969482421875 134.4562530517578125 127.3562469482421875 118.7624969482421875 108.9250030517578125 100.94374847412109375 95.8000030517578125 97.2375030517578125 96.84999847412109375 94.94374847412109375 98.00624847412109375 102.00624847412109375 102.5 107.4250030517578125 107.84375 111.9812469482421875 114.6125030517578125 120.61875152587890625 122.3312530517578125 126.125 129.4499969482421875 131.8874969482421875 131.837493896484375 132.5500030517578125 135.881256103515625 140.0749969482421875 145.1750030517578125 148.912506103515625 151.931243896484375 153.681243896484375 152.225006103515625
268.537506103515625 257.70623779296875 244.306243896484375 235.5437469482421875 227.0812530517578125 216.0187530517578125 202.850006103515625 188.6437530517578125 173.631256103515625 159.0187530517578125 150.8125 141.9187469482421875 140.943756103515625 132.0187530517578125 124.56874847412109375 117.0187530517578125 110.50624847412109375 104.0749969482421875 99.72499847412109375 90.6687469482421875 88.30625152587890625 90.6437530517578125 89.46250152587890625 94 97.4250030517578125 95.88124847412109375 98.18125152587890625 103.9812469482421875 108.81874847412109375 110.90625 117.74375152587890625 117.0124969482421875 115.9250030517578125 117.21875 120.9499969482421875 126.6687469482421875 130.9499969482421875 136 137.8937530517578125 139.7249908447265625 142.0437469482421875 143.756256103515625 146.5625 144
258.71875 250.34375 240.587493896484375 232.631256103515625 224.5124969482421875 216.649993896484375 203.118743896484375 189.25 176.381256103515625 165.0124969482421875 150.931243896484375 136.4937591552734375 132.3625030517578125 125.50624847412109375 118.26874542236328125 111.625 102.9187469482421875 99.6062469482421875 95.84999847412109375 89.99375152587890625 87.25 84.38124847412109375 82.03749847412109375 86.5187530517578125 89.125 91.49375152587890625 93.8000030517578125 98.5500030517578125 101.77500152587890625 104.91249847412109375 109.89374542236328125 109.5625 111.1437530517578125 112.1875 114.22499847412109375 120.86875152587890625 126.5187530517578125 132.1437530517578125 134.8312530517578125 140.3625030517578125 145.3249969482421875 144.7624969482421875 141.774993896484375 136.0749969482421875
254.0500030517578125 246.568756103515625 236.2062530517578125 230.3187408447265625 221.84375 214.125 202.21875 184.3874969482421875 168.3874969482421875 157.5437469482421875 147.6875 136.131256103515625 123.8625030517578125 118.63124847412109375 109.19374847412109375 101.9375 96.38124847412109375 93.3562469482421875 89.8249969482421875 88.125 88.22499847412109375 84.4250030517578125 78.9812469482421875 76.9375 83.40625 90.71875 93.84999847412109375 96.56874847412109375 96.34375 99.47499847412109375 103 106.0187530517578125 108.72499847412109375 108.99375152587890625 112.69374847412109375 117.69374847412109375 123.40625 125.8625030517578125 134.837493896484375 138.7312469482421875 140.087493896484375 138.5812530517578125 139.3249969482421875 130.537506103515625
247.6374969482421875 238.087493896484375 229.2375030517578125 224.4812469482421875 218.0187530517578125 210.743743896484375 200.943756103515625 184.0500030517578125 165.837493896484375 150.462493896484375 139.493743896484375 131.743743896484375 117.63124847412109375 109.78125 104.84999847412109375 96.03749847412109375 90.65625 87.81874847412109375 85.1125030517578125 84.9250030517578125 87.88124847412109375 85.52500152587890625 82.78125 79.3937530517578125 80.9499969482421875 81.3249969482421875 84.86875152587890625 89.80625152587890625 91.9562530517578125 94.43125152587890625 95.33750152587890625 98.34375 102.34999847412109375 105.21250152587890625 110.53749847412109375 117.1374969482421875 120.9812469482421875 127.3625030517578125 128.3249969482421875 132.2312469482421875 132.5749969482421875 134.162506103515625 129.0625 118.88124847412109375
233.681243896484375 228.4250030517578125 222.6125030517578125 215.256256103515625 207.1374969482421875 200.868743896484375 189.53125 172.618743896484375 156.4875030517578125 145.3562469482421875 136.087493896484375 125.5749969482421875 116.65000152587890625 101.6062469482421875 93.72499847412109375 89.875 84.8562469482421875 83.13124847412109375 80.9875030517578125 79.4812469482421875 80.8000030517578125 79.13124847412109375 78.375 76.93125152587890625 74.58750152587890625 75.1875 79.61875152587890625 85.03749847412109375 88.05625152587890625 89.69374847412109375 90.41249847412109375 90.63124847412109375 96.375 100.3249969482421875 105.2062530517578125 112.5187530517578125 120.65000152587890625 129.90625 136.568756103515625 134.2062530517578125 129.1999969482421875 127.3249969482421875 118.1687469482421875 111.97499847412109375
222.5187530517578125 216.881256103515625 211.8937530517578125 203.9812469482421875 195.1125030517578125 186.443756103515625 175.2312469482421875 161.056243896484375 150.9812469482421875 138.375 128.931243896484375 119.7624969482421875 108.46875 96.68125152587890625 83.66249847412109375 81.84375 76.7375030517578125 75.9812469482421875 73.38124847412109375 72.5437469482421875 72.9562530517578125 72.96250152587890625 72.69374847412109375 72.96250152587890625 71.40625 71.3125 74.40625 77.3125 80.1687469482421875 82.15000152587890625 86.5 88.3562469482421875 90.90000152587890625 94.78749847412109375 100.1999969482421875 111.25 124.2312469482421875 138.0124969482421875 147.71875 144.162506103515625 127.20000457763671875 117.43125152587890625 118.55625152587890625 127.912506103515625
214.756256103515625 206.34375 199.162506103515625 192.725006103515625 182.2687530517578125 172.375 165.59375 152.375 141.306243896484375 129.8874969482421875 120.71250152587890625 110.7375030517578125 101.65000152587890625 92.21875 77.0749969482421875 72.78749847412109375 68.94374847412109375 67.875 66.1875 66.02500152587890625 67.78749847412109375 67.72499847412109375 67.8312530517578125 70.4375 71.72499847412109375 72.9187469482421875 75.69374847412109375 77.3625030517578125 80.7375030517578125 83.6437530517578125 83.83750152587890625 86.6999969482421875 92.8000030517578125 95.125 95.78749847412109375 105.1875 124.7062530517578125 146.3249969482421875 158.7937469482421875 154.818756103515625 145.6999969482421875 138.1750030517578125 145.931243896484375 143.0625
202.3312530517578125 194.625 188.4562530517578125 179.850006103515625 170.9562530517578125 164.71875 153.1999969482421875 141.5 132.024993896484375 123.7937469482421875 113.7687530517578125 104.7687530517578125 96.4375 87.5124969482421875 75.0812530517578125 61.81874847412109375 60.21250152587890625 60.643749237060546875 58.97499847412109375 59.393749237060546875 60.674999237060546875 62.375 63.86875152587890625 70.0187530517578125 73.0437469482421875 74.28749847412109375 75.50624847412109375 75.46250152587890625 79.0187530517578125 82.3874969482421875 87.88124847412109375 87.28749847412109375 88.44374847412109375 89.4875030517578125 91.46250152587890625 109.9499969482421875 127.6875 148.0187530517578125 165.9875030517578125 175.8000030517578125 175.881256103515625 167.975006103515625 161.6875 150.399993896484375
190.743743896484375 183.618743896484375 178.4562530517578125 171.787506103515625 164.287506103515625 153.9187469482421875 145.193756103515625 134.5187530517578125 125.83750152587890625 118.0812530517578125 109.2624969482421875 99.4187469482421875 90.18125152587890625 83.02500152587890625 76.1437530517578125 65.6875 55.91249847412109375 53.4375 54.88124847412109375 54.96250152587890625 55.924999237060546875 57.987499237060546875 61.637500762939453125 69.6437530517578125 75.46250152587890625 72.375 70.74375152587890625 71.22499847412109375 76.375 82.1750030517578125 88.22499847412109375 93.3312530517578125 94.13124847412109375 96.1750030517578125 108.93125152587890625 122.61875152587890625 144.556243896484375 172.6125030517578125 197.631256103515625 194.03125 190.1374969482421875 176.568756103515625 160.725006103515625 151.943756103515625
180.125 175.6875 168.71875 163.7312469482421875 156.118743896484375 144.5812530517578125 135.181243896484375 126.4562530517578125 118.4812469482421875 108.31874847412109375 100.63124847412109375 94.2624969482421875 86.15000152587890625 79.5187530517578125 74.65625 67.8937530517578125 59.05625152587890625 49.668750762939453125 51.950000762939453125 51.543750762939453125 52.31874847412109375 53.956249237060546875 59.331249237060546875 66.66249847412109375 71.7624969482421875 68.88124847412109375 66.97499847412109375 69.1062469482421875 75.1062469482421875 79.1437530517578125 80.83750152587890625 84.69374847412109375 101.625 111.41249847412109375 116.3312530517578125 136.462493896484375 163.1875 184.537506103515625 201.125 200.3562469482421875 185.181243896484375 171.59375 156.806243896484375 148.1875
170.337493896484375 165.9499969482421875 157.5812530517578125 151.40625 146 136.75 126.125 118.99375152587890625 112.53125 103.55625152587890625 96.09375 87.99375152587890625 81.6437530517578125 77.0812530517578125 70.16249847412109375 65.7687530517578125 59.84999847412109375 52.481250762939453125 47.262500762939453125 46.018749237060546875 49.00624847412109375 54.43125152587890625 50.31874847412109375 58.075000762939453125 63.65000152587890625 66.36875152587890625 67.1875 68.3000030517578125 74.6687469482421875 79.8874969482421875 83.5124969482421875 89.52500152587890625 103.21875 110.5749969482421875 119.3249969482421875 137.149993896484375 154.4375 170.3125 185.1687469482421875 180.5625 173.9562530517578125 159.4875030517578125 149.306243896484375 141.7375030517578125
