data/historical-monthly-weather-data/wc2.1_cruts4.09_10m_prec_1969-06.asc
ncols        45
nrows        45
xllcorner    -63.500000000000
yllcorner    -7.500000000000
cellsize     0.166666666667
NODATA_value -9999
[rows 0 to 18 of 45, columns 0 to 43 of 45]
200.443756103515625 191.2062530517578125 188.350006103515625 192.6437530517578125 194.5124969482421875 199.806243896484375 201.631256103515625 202.3937530517578125 201.131256103515625 206.962493896484375 214.899993896484375 221.1062469482421875 227.868743896484375 232.087493896484375 235.9812469482421875 241.274993896484375 244.1062469482421875 245.274993896484375 245.71875 248.5124969482421875 252.837493896484375 248.868743896484375 246.2312469482421875 240.3125 236.181243896484375 233.375 234.056243896484375 236.850006103515625 232.4812469482421875 224.975006103515625 212.4187469482421875 206.28125 204.1374969482421875 198.15625 193.350006103515625 192.2062530517578125 190.9875030517578125 191.6687469482421875 190.46875 191.8125 196.162506103515625 205.5812530517578125 207.850006103515625 212.600006103515625
194.8937530517578125 185.806243896484375 186.931243896484375 189.625 194.2687530517578125 199.4187469482421875 201.09375 201.568756103515625 205.524993896484375 211.131256103515625 216.7937469482421875 221.2937469482421875 221.9250030517578125 224.100006103515625 226.03125 229.2624969482421875 229.9562530517578125 229.5 230.375 235.0187530517578125 237.493743896484375 234.3249969482421875 233.662506103515625 230.381256103515625 226.3874969482421875 222.6125030517578125 223.537506103515625 223.524993896484375 220.0124969482421875 209.875 202.381256103515625 201.193756103515625 198.100006103515625 194.9499969482421875 192.725006103515625 189.6437530517578125 190.40625 190.7687530517578125 190.256256103515625 192.412506103515625 199.3937530517578125 199.537506103515625 207.1687469482421875 211.306243896484375
185.0437469482421875 181.34375 182.7624969482421875 183.056243896484375 188.53125 195.975006103515625 200.037506103515625 206.475006103515625 211.3312530517578125 216.5187530517578125 219.6687469482421875 220.256256103515625 221.2312469482421875 217.587493896484375 217.037506103515625 218.056243896484375 216.068756103515625 215.1374969482421875 215.4562530517578125 217.225006103515625 219.8125 221.662506103515625 220.3125 221.3000030517578125 214.7937469482421875 210.21875 214.712493896484375 212.71875 206.4499969482421875 202.462493896484375 193.875 189.712493896484375 187.03125 186.318756103515625 182.8000030517578125 176.912506103515625 180.25 184.0437469482421875 184.774993896484375 187.943756103515625 196.818756103515625 199.5500030517578125 204.21875 206.6374969482421875
174.306243896484375 167.774993896484375 173.0625 177.34375 181 188.6687469482421875 196.90625 205.274993896484375 213.5124969482421875 220.256256103515625 220.71875 218.056243896484375 214.6999969482421875 209.46875 208.412506103515625 207.84375 202.4187469482421875 201.5 200.931243896484375 207.693756103515625 208.1999969482421875 204.9499969482421875 205.2687530517578125 208.1750030517578125 202.131256103515625 198.375 200.0625 196.1875 194.03125 191.2375030517578125 185.3125 179.0437469482421875 176.806243896484375 172.493743896484375 169.96875 173.8562469482421875 178.2624969482421875 180.006256103515625 180.65625 184.181243896484375 191.6687469482421875 198.774993896484375 202.806243896484375 204.256256103515625
176.912506103515625 168.1437530517578125 163.3874969482421875 169.4000091552734375 177.975006103515625 183.3000030517578125 192.2375030517578125 204.71875 217.25 224.9499969482421875 224.4187469482421875 213.90625 209.28125 204.34375 199.681243896484375 197.2312469482421875 193.15625 187.149993896484375 185.2375030517578125 189.006256103515625 189.193756103515625 189.4499969482421875 190.806243896484375 192.625 187.6750030517578125 185.6750030517578125 184.868743896484375 186.4875030517578125 185.0437469482421875 178.850006103515625 176.25 172.8312530517578125 169.4250030517578125 167.4562530517578125 168.3562469482421875 168.6187591552734375 172.8000030517578125 177.6999969482421875 177.287506103515625 178.8312530517578125 186.774993896484375 193.4875030517578125 199.1374969482421875 204.53125
168.8312530517578125 164.056243896484375 160.975006103515625 156.1875 167.1437530517578125 180.1687469482421875 187.28125 197.65625 212.943756103515625 222.1374969482421875 217.3937530517578125 207.71875 203.3874969482421875 198.443756103515625 191.46875 188.1374969482421875 182.475006103515625 176.34375 176.2312469482421875 177.243743896484375 179.725006103515625 179.462493896484375 179.7687530517578125 177.4875030517578125 176.818756103515625 176.181243896484375 173.7375030517578125 175.287506103515625 174.712493896484375 169.6750030517578125 169.6687469482421875 167.337493896484375 167.225006103515625 164.350006103515625 161.399993896484375 167.787506103515625 168.9812469482421875 167.568756103515625 171.3874969482421875 178.975006103515625 182.787506103515625 190.818756103515625 193.8000030517578125 198.1437530517578125
164.618743896484375 158.868743896484375 157.2312469482421875 156.1374969482421875 156.5812530517578125 162.3249969482421875 169.631256103515625 184.1437530517578125 192.443756103515625 200.6875 201.287506103515625 195.4499969482421875 194.4250030517578125 192.1062469482421875 185.8562469482421875 181.162506103515625 177.162506103515625 171.03125 166.0437469482421875 167.087493896484375 165.024993896484375 165.6374969482421875 165.1125030517578125 165.9812469482421875 169.381256103515625 169.0187530517578125 166.1687469482421875 165.475006103515625 164.806243896484375 166.712493896484375 162.7062530517578125 158.28125 157.193756103515625 158.71875 161.4499969482421875 163.1750030517578125 160.625 162.193756103515625 164.962493896484375 173.131256103515625 176.6374969482421875 182.3125 188.1125030517578125 192.493743896484375
158.725006103515625 150.9250030517578125 150.381256103515625 154.0749969482421875 155.412506103515625 163.375 162.6750030517578125 162.71875 163.4875030517578125 173.84375 181.1125030517578125 182.375 184.1999969482421875 182.756256103515625 180.78125 176.25 169.15625 163.6999969482421875 158.03125 153.368743896484375 159.756256103515625 158.056243896484375 156.4875030517578125 156.90625 160.212493896484375 158.2312469482421875 156.6687469482421875 156 155.6374969482421875 154.0124969482421875 157.1437530517578125 152.9250030517578125 153.0749969482421875 153.350006103515625 151.712493896484375 152.59375 153.4499969482421875 154.96875 154.149993896484375 157.28125 162.9250030517578125 171.7937469482421875 173.131256103515625 173.912506103515625
152.556243896484375 147.431243896484375 145.4250030517578125 147.337493896484375 150.1750030517578125 153.8874969482421875 159.1750030517578125 162.4875030517578125 157.3562469482421875 156.15625 160.8874969482421875 165.9375 173.756256103515625 174.5625 173.225006103515625 167.65625 166.5437469482421875 163.65625 160.1062469482421875 153.1437530517578125 148.993743896484375 154.024993896484375 148.78125 153.6999969482421875 152.96875 151.899993896484375 150.318756103515625 151.225006103515625 154.1875 151.6999969482421875 154.9499969482421875 144.7062530517578125 138.931243896484375 137.662506103515625 140.2624969482421875 146.6062469482421875 150.3125 154.0500030517578125 153.337493896484375 152.600006103515625 153.84375 155.1437530517578125 163.100006103515625 163.399993896484375
147.006256103515625 143.46875 142.225006103515625 143.899993896484375 146.068756103515625 148.881256103515625 152.975006103515625 153.6062469482421875 154.84375 155.131256103515625 154.9562530517578125 152.4250030517578125 161.943756103515625 166.1687469482421875 166.243743896484375 163.774993896484375 160.1750030517578125 162.8937530517578125 160.6999969482421875 157.568756103515625 150.5812530517578125 147.9875030517578125 141.5187530517578125 143.6687469482421875 141.8125 143.881256103515625 143.149993896484375 142.4875030517578125 142.25 143.787506103515625 144.475006103515625 137.868743896484375 135.931243896484375 135.3312530517578125 134.21875 138.4250030517578125 144.1875 150.0124969482421875 151.725006103515625 156.381256103515625 160.1437530517578125 160.8000030517578125 155.931243896484375 149.350006103515625
143.75 139.9187469482421875 138.6750030517578125 139.21875 139.8249969482421875 144.3625030517578125 144.84375 145.649993896484375 148.96875 151.306243896484375 153.337493896484375 151.8625030517578125 152.4250030517578125 157.40625 157.006256103515625 155.9562530517578125 153.7062530517578125 153.1999969482421875 155.274993896484375 158.21875 160.3937530517578125 153.368743896484375 141.0812530517578125 129.193756103515625 132.9562530517578125 141.875 142.40625 138.7624969482421875 135.193756103515625 134.6687469482421875 134.4812469482421875 130.71875 130.5124969482421875 130.7375030517578125 130.8312530517578125 132.181243896484375 137.7937469482421875 141.787506103515625 149.6062469482421875 152.6062469482421875 155.25 152.943756103515625 151.818756103515625 140.5187530517578125
139.28125 136.568756103515625 137.412506103515625 135.9187469482421875 136.90625 138.743743896484375 142.7937469482421875 144.8249969482421875 147.4250030517578125 145.756256103515625 149.7312469482421875 149.806243896484375 143.53125 147.34375 151.375 149.8625030517578125 147.943756103515625 149.2375030517578125 153.375 162.556243896484375 166.118743896484375 161.1875 147.65625 131.3312530517578125 129.399993896484375 131.274993896484375 129.225006103515625 128.587493896484375 128.5625 126.30625152587890625 120.90000152587890625 120.7312469482421875 121.5812530517578125 119.7937469482421875 122.46875 128.1374969482421875 135.5187530517578125 140.743743896484375 141.431243896484375 148.8125 152.3312530517578125 148.806243896484375 137.1750030517578125 119.06874847412109375
137.818756103515625 134.524993896484375 134.15625 132.756256103515625 134.3312530517578125 134.756256103515625 137.443756103515625 139.78125 140.3625030517578125 141.3000030517578125 143.850006103515625 145.0500030517578125 143.1125030517578125 136.1750030517578125 137.0437469482421875 139.131256103515625 139.287506103515625 143.0625 142.806243896484375 150.65625 157.5437469482421875 154.181243896484375 145.4875030517578125 132.5812530517578125 122.0500030517578125 121.2062530517578125 122.02500152587890625 122.16249847412109375 122.9875030517578125 122.72499847412109375 116.4187469482421875 111.69374847412109375 114.77500152587890625 111.71875 113.625 120.6750030517578125 131.212493896484375 139 149.100006103515625 152.056243896484375 148.8625030517578125 142.8562469482421875 124.84999847412109375 110.5124969482421875
134.84375 132.1125030517578125 130.818756103515625 129.868743896484375 129.006256103515625 130.475006103515625 131.5812530517578125 134.875 137.03125 136.787506103515625 138.3125 135.90625 134.9812469482421875 131.1437530517578125 123.4562530517578125 128.2062530517578125 128.024993896484375 129.90625 132.0500030517578125 138.28125 143.712493896484375 141.875 136.3125 129.9499969482421875 123.3125 118.0812530517578125 114.84375 112.6062469482421875 112.34999847412109375 111.27500152587890625 109.96250152587890625 106.9812469482421875 107.3125 108.3312530517578125 107.3000030517578125 118.72499847412109375 132.462493896484375 144.5124969482421875 155.1875 155.2312469482421875 139.3312530517578125 127.34375 122.99375152587890625 123.7624969482421875
127.9875030517578125 125.9562530517578125 126.4375 126.5749969482421875 125.58750152587890625 126.81874847412109375 128.90625 130.5124969482421875 131.899993896484375 132.556243896484375 132.3874969482421875 130.28125 128.149993896484375 122.77500152587890625 113.75 116.68125152587890625 117.7624969482421875 122.2375030517578125 121.6999969482421875 126.15625 132.631256103515625 132.806243896484375 132.087493896484375 128.8874969482421875 127.18125152587890625 122.8312530517578125 119.11875152587890625 115.1750030517578125 114.8562469482421875 109.3625030517578125 103.34999847412109375 102.53125 106.9187469482421875 103.75624847412109375 99.3937530517578125 104.625 123.9812469482421875 144.100006103515625 150.375 145.212493896484375 138.21875 134.5124969482421875 136.600006103515625 128.8249969482421875
122.81874847412109375 119.94374847412109375 120.7062530517578125 119.90000152587890625 121.56874847412109375 123.4375 124.5749969482421875 125.1437530517578125 128.1062469482421875 131.118743896484375 130.506256103515625 127.2375030517578125 124.54375457763671875 119.24375152587890625 111.96250152587890625 102.56874847412109375 106.2624969482421875 112.94374847412109375 112.93125152587890625 116.71875 121.94374847412109375 124.69374847412109375 127.86875152587890625 128.8937530517578125 127.66249847412109375 123.7687530517578125 117.83750152587890625 114.78125 112.0187530517578125 111.1374969482421875 106.8625030517578125 101.8874969482421875 97.11875152587890625 92.4499969482421875 88.90000152587890625 105.8625030517578125 115.81874847412109375 129.4250030517578125 138.7624969482421875 142.0812530517578125 142.3125 141.875 136.9250030517578125 126.24375152587890625
116.4875030517578125 115.02500152587890625 114.53749847412109375 116.1062469482421875 117.6437530517578125 120.09999847412109375 121.21875 122.65625 122.61875152587890625 124.06874847412109375 125.9562530517578125 123.6999969482421875 118.71250152587890625 113.5437469482421875 110.7937469482421875 102.7937469482421875 93.27500152587890625 98.5812530517578125 103.3937530517578125 106.16249847412109375 109.93125152587890625 116.03749847412109375 120.4562530517578125 126.06874847412109375 125.0124969482421875 117.36875152587890625 111.75624847412109375 108.1437530517578125 109.0625 109.08750152587890625 107.70000457763671875 105.34999847412109375 100.46250152587890625 99.34375 105.2937469482421875 112.625 124.1999969482421875 134.337493896484375 141.068756103515625 134.625 133.6750030517578125 131.2312469482421875 124.3562469482421875 119.7312469482421875
108.1437530517578125 107.625 109.46250152587890625 111.1750030517578125 113.18125152587890625 116.90625 117.3874969482421875 118.2312469482421875 118.3249969482421875 117.61875152587890625 117.75624847412109375 117.66249847412109375 112.28749847412109375 108.21250152587890625 107.2062530517578125 102.06874847412109375 93.16249847412109375 85.53125 95.90000152587890625 95.47499847412109375 99.125 105.1687469482421875 113.7062530517578125 118.0187530517578125 119.61875152587890625 112.28125 104.81874847412109375 105.6875 105.69374847412109375 103.4375 97.4562530517578125 92.4499969482421875 104.16249847412109375 106.46250152587890625 108.3625030517578125 127.3937530517578125 136.4250030517578125 134.7125091552734375 135.443756103515625 131.8562469482421875 120.31874847412109375 114.84999847412109375 109.99375152587890625 107.9875030517578125
100.55625152587890625 101.7624969482421875 103.78749847412109375 106.25624847412109375 108.9562530517578125 110.81874847412109375 111.94374847412109375 112.4499969482421875 113.86875152587890625 114.77500152587890625 114.05625152587890625 108.58750152587890625 104.63124847412109375 102.38124847412109375 99.6437530517578125 96.34999847412109375 94.09375 84.75 81.84375 83.22499847412109375 90.4875030517578125 99.9875030517578125 98.3125 105.44374847412109375 107.1374969482421875 108.9875030517578125 105.77500152587890625 100.97499847412109375 102.8874969482421875 100.44374847412109375 96.25624847412109375 96.19374847412109375 101.61875152587890625 102.15000152587890625 107.65625 120.90000152587890625 124.30625152587890625 121.68125152587890625 122.5124969482421875 116.6437530517578125 107.84375 99.5187530517578125 97.80625152587890625 98.33750152587890625
