data/historical-monthly-weather-data/wc2.1_cruts4.09_10m_prec_1968-10.asc
ncols        45
nrows        45
xllcorner    -63.500000000000
yllcorner    -7.500000000000
cellsize     0.166666666667
NODATA_value -9999
[rows 19 to 37 of 45, columns 0 to 43 of 45]
78.3937530517578125 77.2937469482421875 77.49375152587890625 77.86875152587890625 78.1687469482421875 78.81874847412109375 79.0437469482421875 78.78749847412109375 78.86875152587890625 78.3249969482421875 76.1750030517578125 70.2687530517578125 64.13124847412109375 58.543750762939453125 54.81874847412109375 51.75624847412109375 48.3125 46.731250762939453125 45.731250762939453125 45.36875152587890625 46.21250152587890625 48.40000152587890625 52.33750152587890625 58.75 64.40625 68.1999969482421875 71.2687530517578125 72.8312530517578125 71.1437530517578125 67.9875030517578125 66.59999847412109375 71.30625152587890625 75.7312469482421875 79.91249847412109375 83.05625152587890625 84.0124969482421875 87.0124969482421875 92.06874847412109375 96.4875030517578125 99.43125152587890625 100.6062469482421875 98.09999847412109375 91.74375152587890625 85.4375
75.8000030517578125 75.2375030517578125 76.33750152587890625 77.34999847412109375 78.1125030517578125 78.8249969482421875 79.4375 79.38124847412109375 79.55625152587890625 78.59375 76.2687530517578125 70.44374847412109375 64.5437469482421875 58.799999237060546875 54.862499237060546875 51.34999847412109375 47.981250762939453125 46.125 45.56874847412109375 45.106250762939453125 46.68125152587890625 49.075000762939453125 52.112499237060546875 58.081249237060546875 64.2624969482421875 69.1875 73.1062469482421875 74.38124847412109375 74.78749847412109375 75.5437469482421875 77.1999969482421875 81.41249847412109375 85.6875 91.03125 96.9499969482421875 97.25624847412109375 96.875 98.90625 100.83750152587890625 102.71250152587890625 103.59999847412109375 101.30625152587890625 96.5124969482421875 91.56874847412109375
73.6062469482421875 73.6999969482421875 75.31874847412109375 76.81874847412109375 78.09999847412109375 79.25624847412109375 80 80.3562469482421875 80.9250030517578125 79.59999847412109375 76.6687469482421875 71.0625 65.5749969482421875 60.737499237060546875 56.40000152587890625 52.731250762939453125 49.612499237060546875 47.706249237060546875 46.625 46.075000762939453125 47.06874847412109375 49.125 52.21875 58.081249237060546875 63.924999237060546875 69.2312469482421875 74.47499847412109375 77.81874847412109375 80.76874542236328125 83.65625 86.8937530517578125 91.34375 95.34375 100.3625030517578125 104.3312530517578125 105.5812530517578125 104.91249847412109375 104.80625152587890625 105.3000030517578125 106.5437469482421875 106.9499969482421875 104.90000152587890625 101.59375 97.24375152587890625
72.7687530517578125 73.6125030517578125 75.59375 77.22499847412109375 78.2062530517578125 79.41249847412109375 80.46250152587890625 81.44374847412109375 82.9250030517578125 80.8312530517578125 77.3312530517578125 71.80625152587890625 67.1687469482421875 63.27500152587890625 58.72499847412109375 54.69374847412109375 51.34999847412109375 49.53125 48.106250762939453125 47.143749237060546875 48.3125 49.887500762939453125 52.424999237060546875 58.387500762939453125 64.3125 69.2062530517578125 75.49375152587890625 81.40000152587890625 85.8312530517578125 90.48749542236328125 95.78749847412109375 101.43125152587890625 104.8125 108.8625030517578125 111.8125 112.5812530517578125 111.8125 110.30625152587890625 110.0500030517578125 112.0437469482421875 112.83750152587890625 111.03125 108.06874847412109375 103.83750152587890625
74.71875 76.2312469482421875 78.3562469482421875 78.81874847412109375 78.86249542236328125 79.875 80.7062530517578125 81.81874847412109375 83.03749847412109375 81.22499847412109375 77.66249847412109375 73.31874847412109375 69.59999847412109375 66.31874847412109375 61.887500762939453125 57.637500762939453125 54.15625 52.02500152587890625 50.21875 48.862499237060546875 49.950000762939453125 51.575000762939453125 53.575000762939453125 59.487499237060546875 65.3249969482421875 69.8937530517578125 75.69374847412109375 83.22499847412109375 90.40000152587890625 96.8125 103.3000030517578125 109.5749969482421875 113.2062530517578125 116.55625152587890625 119.375 120.8937530517578125 120.52500152587890625 118.7312469482421875 118.6875 119.8249969482421875 120.40625 118.46250152587890625 115.0749969482421875 110.3249969482421875
79.4187469482421875 80.46250152587890625 82.0500030517578125 80.77500152587890625 79.56874847412109375 80.1125030517578125 80.49375152587890625 80.8249969482421875 81.4562530517578125 80.5187530517578125 78.30625152587890625 75.2312469482421875 72.65000152587890625 70.06874847412109375 65.4875030517578125 61.168750762939453125 57.34375 54.90000152587890625 52.71250152587890625 51.11875152587890625 51.99375152587890625 53.075000762939453125 55.15625 61.1875 67.4499969482421875 73.4375 79.90000152587890625 87.68125152587890625 95.63124847412109375 102.7937469482421875 109.77500152587890625 115.9250030517578125 120.4375 123.71250152587890625 126.83750152587890625 128.2375030517578125 129.318756103515625 129.6999969482421875 129.2937469482421875 130.274993896484375 130.4375 127.7375030517578125 123.65625 119.3249969482421875
85.00624847412109375 84.71875 83.77500152587890625 82.11875152587890625 79.8562469482421875 79.84375 79.90000152587890625 79.8125 80.46875 80.3312530517578125 78.4875030517578125 77.03749847412109375 75.5500030517578125 73.78749847412109375 69.4875030517578125 64.93125152587890625 60.99375152587890625 58.106250762939453125 55.68125152587890625 53.737499237060546875 54.43125152587890625 55.293750762939453125 57.21250152587890625 63.731250762939453125 70.7624969482421875 77.69374847412109375 85.28125 93.18125152587890625 101.31874847412109375 108.90000152587890625 115.34999847412109375 122.4875030517578125 127.59999847412109375 131 134.818756103515625 136.8249969482421875 138.75 140.743743896484375 141.09375 141.9875030517578125 142.1437530517578125 139.131256103515625 134.2687530517578125 129.756256103515625
89.61875152587890625 86.6999969482421875 84.8249969482421875 82.5437469482421875 79.9875030517578125 80.06874847412109375 79.96875 79.8000030517578125 80.2375030517578125 80.03749847412109375 79.6875 79.61875152587890625 79.49375152587890625 78.8249969482421875 74.46875 70.03749847412109375 65.7062530517578125 62.762500762939453125 59.94374847412109375 57.63124847412109375 58.075000762939453125 58.58750152587890625 60.15625 67.53749847412109375 74.86875152587890625 82.34999847412109375 90.4250030517578125 98.8125 107.49375152587890625 114.875 122.125 128.5187530517578125 134.3125 138.712493896484375 142.6062469482421875 146.0625 149.4375 152.712493896484375 154.431243896484375 156.850006103515625 157.78125 155.0625 150.2687530517578125 145.131256103515625
93.625 88.94374847412109375 86.1125030517578125 83.33750152587890625 80.49375152587890625 80.34999847412109375 80.43125152587890625 80.03125 80.4375 80.7624969482421875 80.77500152587890625 82.00624847412109375 83.53125 83.7624969482421875 79.74375152587890625 75.3000030517578125 71.1687469482421875 67.625 64.61875152587890625 62.268749237060546875 62.125 62.262500762939453125 63.862499237060546875 71.25 79.0749969482421875 87.1374969482421875 96.09999847412109375 105.2312469482421875 113.71250152587890625 120.9250030517578125 127.61875152587890625 134.4375 140.6687469482421875 145.6687469482421875 151.15625 155.350006103515625 159.5749969482421875 165.2062530517578125 167.9562530517578125 172.225006103515625 176.256256103515625 173.0500030517578125 166.506256103515625 162.1999969482421875
97.53125 91.47499847412109375 87.59375 84.46875 81.375 80.75 80.4499969482421875 80.21875 80.90625 81.78125 82.5749969482421875 84.97499847412109375 87.5500030517578125 88.80625152587890625 85.30625152587890625 80.96875 77.0124969482421875 73.25 69.8562469482421875 67.18125152587890625 66.5437469482421875 66.41249847412109375 67.65000152587890625 75.21250152587890625 83.375 92.03749847412109375 101.5749969482421875 111.15000152587890625 120.74375152587890625 127.4875030517578125 133.412506103515625 140.087493896484375 146.8562469482421875 152.6999969482421875 158.9375 164.65625 170.21875 176.4187469482421875 179.6999969482421875 184.975006103515625 191.15625 187.90625 181.4499969482421875 179.568756103515625
100.6999969482421875 93.84999847412109375 89.5812530517578125 85.8000030517578125 82.8000030517578125 81.78125 81.56874847412109375 81.6687469482421875 82.97499847412109375 84.03125 85.6437530517578125 88.46250152587890625 91.96875 94.125 91.3874969482421875 88.15000152587890625 84.49375152587890625 80.96875 77.2062530517578125 73.78749847412109375 72.875 72.31874847412109375 72.9250030517578125 80.15000152587890625 88.53749847412109375 97.6687469482421875 107.3562469482421875 117.0187530517578125 126.2312469482421875 133.0124969482421875 139.46875 146.1750030517578125 153.537506103515625 160.868743896484375 167.8625030517578125 174.6687469482421875 181.2375030517578125 188.975006103515625 191.03125 195.243743896484375 201.274993896484375 202.53125 199.6374969482421875 201.0749969482421875
103.44374847412109375 95.8125 91.5 87.1999969482421875 84.27500152587890625 83.74375152587890625 83.4562530517578125 83.625 85.09375 86.52500152587890625 88.83750152587890625 92.56874847412109375 97.02500152587890625 99.95624542236328125 97.90000152587890625 95.68125152587890625 93.19374847412109375 89.21875 85.06874847412109375 81.4562530517578125 79.72499847412109375 78.61875152587890625 78.7687530517578125 85.77500152587890625 94.15625 102.94374847412109375 112.78749847412109375 122.5749969482421875 131.71875 138.443756103515625 145.412506103515625 152.3249969482421875 160.5500030517578125 169.1999969482421875 177.3937530517578125 184.537506103515625 192.556243896484375 201.3937530517578125 202.631256103515625 201.806243896484375 208.6750030517578125 214.8000030517578125 217.7375030517578125 219.9875030517578125
105.47499847412109375 97.40000152587890625 92.6687469482421875 89.08750152587890625 86.84999847412109375 85.71875 85.36875152587890625 85.66249847412109375 87.43125152587890625 89.40625 92.08750152587890625 96.75 101.56874847412109375 105.59999847412109375 105.2062530517578125 104.0187530517578125 101.9250030517578125 97.375 93.4499969482421875 89.48749542236328125 87.1437530517578125 85.35625457763671875 85.02500152587890625 91.6062469482421875 99.85625457763671875 108.25624847412109375 118.1062469482421875 128.03125 137.1374969482421875 144.375 151.3937530517578125 158.1750030517578125 167.46875 177.693756103515625 186.4187469482421875 194.9375 204.2312469482421875 213.7624969482421875 213.9812469482421875 214.9875030517578125 223.5 231.8625030517578125 236.524993896484375 241.556243896484375
108.00624847412109375 100.0500030517578125 95.66249847412109375 92.66249847412109375 90.2062530517578125 89.1687469482421875 88.7062530517578125 88.8312530517578125 90.6750030517578125 93.18125152587890625 97.6374969482421875 102.53749847412109375 108.4812469482421875 113.8625030517578125 114.3874969482421875 113.8562469482421875 112.1125030517578125 107.625 103.2375030517578125 99.0749969482421875 96.2624969482421875 94.0749969482421875 93.09999847412109375 99.1374969482421875 106.34999847412109375 113.9187469482421875 123.5437469482421875 133.068756103515625 142.225006103515625 150.5 157.9499969482421875 165.537506103515625 174.5749969482421875 186.037506103515625 197.46875 208.649993896484375 218.5500030517578125 227.3937530517578125 229.9499969482421875 236.6437530517578125 246.4812469482421875 254.75 261.64373779296875 268.07501220703125
109.78749847412109375 102.63124847412109375 99.0187530517578125 96.3874969482421875 93.6062469482421875 92.71875 92.18125152587890625 92.3125 93.81874847412109375 96.7937469482421875 101.21875 108.31874847412109375 116.3312530517578125 121.78125 123.7624969482421875 124.0124969482421875 123.06874847412109375 118.65000152587890625 113.41249847412109375 109.30625152587890625 106.0437469482421875 103.2937469482421875 101.84999847412109375 106.46250152587890625 112.90000152587890625 119.58750152587890625 128.556243896484375 137.875 147.28125 155.9875030517578125 164.6062469482421875 173.375 184.3874969482421875 195.837493896484375 209.3249969482421875 221.59375 232.225006103515625 242.149993896484375 248.568756103515625 258.118743896484375 267.568756103515625 277.037506103515625 287.46875 296.600006103515625
111.8000030517578125 105.5812530517578125 102.0625 99.80625152587890625 97.2062530517578125 96.2937469482421875 95.6125030517578125 95.77500152587890625 96.7062530517578125 99.7687530517578125 105.1875 113.8625030517578125 123.7062530517578125 131.3312530517578125 133.1687469482421875 134.274993896484375 134.2687530517578125 129.625 124.27500152587890625 119.40000152587890625 115.96875 112.5812530517578125 110.6125030517578125 113.9499969482421875 119.2312469482421875 124.9499969482421875 133.774993896484375 143.287506103515625 152.556243896484375 161.556243896484375 170.6125030517578125 180.6750030517578125 192.962493896484375 206.5437469482421875 220.193756103515625 232.274993896484375 243.7062530517578125 257.024993896484375 265.76873779296875 275.85626220703125 286.506256103515625 296.024993896484375 308.16876220703125 318.79998779296875
115.2937469482421875 109.66249847412109375 106.86875152587890625 104.3312530517578125 101.99375152587890625 101.2624969482421875 100.18125152587890625 99.8249969482421875 100.3937530517578125 102.875 109.3125 119.30625152587890625 130.806243896484375 139.2312469482421875 142.4875030517578125 144.2624969482421875 144.6125030517578125 140.3625030517578125 135.1374969482421875 130.0187530517578125 126.5625 123.28125 120.25 122.58750152587890625 126.44374847412109375 130.7062530517578125 138.4562530517578125 147.162506103515625 155.850006103515625 165.8312530517578125 175.556243896484375 186.28125 199.337493896484375 214.40625 227.649993896484375 238.681243896484375 252.962493896484375 265.33123779296875 274.89373779296875 285.125 296.88751220703125 307.318756103515625 316.306243896484375 328.03125
119.0625 114.1062469482421875 111.625 109.4375 107.3312530517578125 106.30625152587890625 105.03125 104.15000152587890625 103.9875030517578125 104.80625152587890625 112.6062469482421875 126.27500152587890625 137.443756103515625 145.53125 150.5124969482421875 153.7624969482421875 154.693756103515625 150.837493896484375 145.431243896484375 140.15625 136.524993896484375 132.9187469482421875 130.087493896484375 130.96875 133.21875 136.3625030517578125 142.9499969482421875 150.8000030517578125 159.25 169.712493896484375 180.662506103515625 191.375 206.4499969482421875 222.1999969482421875 234.7375030517578125 247.5 260.756256103515625 274.04998779296875 283.662506103515625 293.25 304.48126220703125 312.631256103515625 322.96875 335.443756103515625
122.1374969482421875 118.00624847412109375 115.80625152587890625 114.0625 112.4499969482421875 111.47499847412109375 110.9250030517578125 110.1374969482421875 110.25624847412109375 109.9812469482421875 121.9375 136.2624969482421875 145.6875 153.4875030517578125 158.837493896484375 162.837493896484375 164.1875 160.5 155.4812469482421875 149.9375 145.90625 141.5625 138.40625 138.03125 139.568756103515625 141.712493896484375 147.0500030517578125 154.0124969482421875 161.7937469482421875 173.0124969482421875 183.7312469482421875 195.743743896484375 211.5437469482421875 227.100006103515625 241.25 252.631256103515625 266.53125 278.618743896484375 289.89373779296875 300.381256103515625 308.381256103515625 317.6875 325.65625 335.756256103515625
