data/historical-monthly-weather-data/wc2.1_cruts4.09_10m_prec_2004-04.asc
ncols        51
nrows        45
xllcorner    -63.500000000000
yllcorner    -7.500000000000
cellsize     0.166666666667
NODATA_value -9999
[rows 0 to 19 of 45, columns 0 to 43 of 51]
360.17498779296875 376.087493896484375 383.07501220703125 396.681243896484375 403.131256103515625 400.443756103515625 395.399993896484375 383.46875 373.181243896484375 368.45001220703125 368.20001220703125 365.01873779296875 359.556243896484375 351.1875 341.59375 332.65625 325.54998779296875 315.787506103515625 309.70001220703125 304.243743896484375 301.90625 301.5625 300.25 301.17498779296875 299.71875 301.350006103515625 302.51251220703125 305.70623779296875 307.45001220703125 309.199981689453125 311.45001220703125 314.193756103515625 317.23748779296875 322.54998779296875 327.568756103515625 333.556243896484375 337.39373779296875 341.181243896484375 346.368743896484375 349.36248779296875 352.20001220703125 354.225006103515625 352.79376220703125 353.54376220703125
367 382.225006103515625 398.774993896484375 414.274993896484375 427.800018310546875 422.48748779296875 413.850006103515625 407.256256103515625 398.3125 391.35626220703125 388.20001220703125 380.78125 372.931243896484375 363.20623779296875 350.40625 341.243743896484375 330.506256103515625 320.64373779296875 311.881256103515625 303.087493896484375 299.45623779296875 297.08123779296875 296.63751220703125 295.6875 295.89373779296875 296.475006103515625 297.98126220703125 302.100006103515625 303.20001220703125 305.5 309.98748779296875 315.868743896484375 321.625 330.29376220703125 336.618743896484375 343.125 350.04998779296875 354.881256103515625 359.225006103515625 360.76251220703125 362.087493896484375 364.3125 362.92498779296875 361.03125
363.368743896484375 381.01251220703125 394.98748779296875 412.17498779296875 426.6875 424.73126220703125 420.462493896484375 417.475006103515625 414.287506103515625 407.29998779296875 399.6875 388.912506103515625 379.88751220703125 366.70623779296875 353.61248779296875 342.95001220703125 331.73126220703125 322.46875 313.100006103515625 305.61248779296875 302.33123779296875 300.149993896484375 297.306243896484375 295.23748779296875 294.96875 294.57501220703125 297.6875 298.943756103515625 299.149993896484375 304.056243896484375 309.837493896484375 316.23126220703125 326.01251220703125 335.318756103515625 341.76873779296875 348.193756103515625 357.76873779296875 365.36248779296875 368.11248779296875 369.36248779296875 370.056243896484375 369.35626220703125 367.337493896484375 365.54998779296875
352.118743896484375 369.82501220703125 387.53125 400.70001220703125 413.63751220703125 417.57501220703125 418.712493896484375 420.274993896484375 422.100006103515625 419.3125 409.5625 394.73126220703125 380.493743896484375 367.662506103515625 353.681243896484375 342.61248779296875 332.26873779296875 323.475006103515625 315.04998779296875 308.70001220703125 306.20001220703125 303.118743896484375 298.024993896484375 295.712493896484375 293.71875 290.61248779296875 294.5625 294.91876220703125 295.61248779296875 303.76251220703125 311.36248779296875 319.462493896484375 327.54998779296875 337.20001220703125 344.79376220703125 354.64373779296875 364.375 372.806243896484375 377.287506103515625 376.23748779296875 376.07501220703125 375.912506103515625 370.75 366.51251220703125
357.475006103515625 368.556243896484375 374.71875 386.54376220703125 401.79998779296875 407.54998779296875 409.76873779296875 416.056243896484375 423.649993896484375 426.9375 413.73126220703125 392.412506103515625 377.76873779296875 365.556243896484375 351.587493896484375 340.193756103515625 329.243743896484375 321.850006103515625 314.524993896484375 308.693756103515625 306.71875 302.225006103515625 296.899993896484375 294.975006103515625 289.381256103515625 285.256256103515625 287.368743896484375 291.412506103515625 294.850006103515625 302.51251220703125 311.881256103515625 318.587493896484375 327.09375 338.024993896484375 347.693756103515625 358.225006103515625 367.79376220703125 377.53125 382.149993896484375 380.943756103515625 381.42498779296875 376.29376220703125 371.26251220703125 368.212493896484375
352.90625 365.09375 371.537506103515625 374.76873779296875 388.11248779296875 395.943756103515625 398.993743896484375 405.85626220703125 413.693756103515625 420.5625 404.40625 385.11248779296875 372.48748779296875 361.681243896484375 348.193756103515625 338.256256103515625 326.225006103515625 318.881256103515625 314.056243896484375 309.28125 305.04998779296875 299.75 296.375 292.587493896484375 288.01251220703125 284.67498779296875 286.54376220703125 290.13751220703125 293.46875 300.60626220703125 309.26873779296875 318.162506103515625 324.20623779296875 334.45001220703125 346 355.95001220703125 368.20623779296875 378.412506103515625 381.08123779296875 380.649993896484375 375.61248779296875 369.46875 364.73748779296875 361.73748779296875
349.600006103515625 360.63751220703125 366.993743896484375 369.0625 372.01251220703125 374.46875 377.54998779296875 382.59375 384.70623779296875 384.26873779296875 379.79376220703125 370.98748779296875 365.037506103515625 355.568756103515625 344.681243896484375 336.91876220703125 326.462493896484375 316.212493896484375 309.60626220703125 306.256256103515625 302.95001220703125 298.618743896484375 294.475006103515625 288.79998779296875 285.125 282.681243896484375 285.60626220703125 287.75 290.75 298.037506103515625 307.024993896484375 314.70623779296875 322.01873779296875 329.58123779296875 340.23126220703125 350.6875 361.493743896484375 372.850006103515625 376.79998779296875 373.9375 363.85626220703125 357.868743896484375 353.38751220703125 349.92498779296875
347.131256103515625 354.649993896484375 358.29998779296875 362.381256103515625 365.556243896484375 364.587493896484375 358.899993896484375 352.54376220703125 346.04998779296875 345.506256103515625 352.26251220703125 354.993743896484375 354.20623779296875 349.556243896484375 342.17498779296875 334.350006103515625 324.693756103515625 314.462493896484375 305.36248779296875 302.39373779296875 300.524993896484375 296.89373779296875 291.462493896484375 286.162506103515625 283.84375 279.443756103515625 281.98126220703125 284.649993896484375 288.20623779296875 295.76873779296875 302.04998779296875 309.137481689453125 316.243743896484375 323.868743896484375 332.96875 340.34375 351.29376220703125 360.98748779296875 360.96875 355.087493896484375 346.462493896484375 341.79376220703125 336.5625 331.5
344.35626220703125 351.48748779296875 354.181243896484375 355.88751220703125 358.20623779296875 354.98748779296875 350.20001220703125 341.943756103515625 328.649993896484375 322.75 333.962493896484375 341.63751220703125 349.15625 347.15625 339.95623779296875 333.618743896484375 326.125 317.33123779296875 310.149993896484375 304.79998779296875 297.337493896484375 295.3125 289.38751220703125 286.1875 282.850006103515625 276.58123779296875 277.787506103515625 280.6875 283.774993896484375 290.118743896484375 296.912506103515625 300.90625 306.11248779296875 311.01873779296875 319.375 326.21875 335.787506103515625 341.762481689453125 340.07501220703125 332.82501220703125 324.256256103515625 317.712493896484375 313.28125 309.33123779296875
341.181243896484375 345.524993896484375 348.51251220703125 350.1875 350.8125 348.51251220703125 345.29376220703125 338.274993896484375 331.76251220703125 330.79998779296875 337.212493896484375 340.88751220703125 346.04998779296875 345.149993896484375 340.518768310546875 333.73126220703125 327.20623779296875 320.01251220703125 312.993743896484375 309.8125 301.693756103515625 295.274993896484375 288.29376220703125 286.07501220703125 279.35626220703125 271.23126220703125 271.64373779296875 273.8125 277.46875 284.79376220703125 287.91876220703125 289.42498779296875 293.375 298.024993896484375 304.662506103515625 311.17498779296875 316.46875 320.774993896484375 317.149993896484375 311.131256103515625 303.9375 297.20623779296875 290.90625 282.6875
338.11248779296875 342.63751220703125 344.34375 345.006256103515625 343.5 342.318756103515625 340.712493896484375 336.350006103515625 334.837493896484375 336.431243896484375 342.318756103515625 347.58123779296875 346.506256103515625 345.131256103515625 338.774993896484375 331.743743896484375 326.368743896484375 320.59375 315.51251220703125 311.54998779296875 307.08123779296875 298.83123779296875 288.40625 277.40625 273.649993896484375 265.79998779296875 263.899993896484375 264.98126220703125 266.850006103515625 272.84375 274.943756103515625 275.399993896484375 279.29998779296875 283.53125 289.237518310546875 291.524993896484375 294.75 297.73748779296875 294.07501220703125 287.931243896484375 280.07501220703125 272.8125 267.9375 261.537506103515625
333.899993896484375 337.15625 338.26873779296875 342.225006103515625 342.375 339.59375 340.193756103515625 339.649993896484375 340.89373779296875 343.631256103515625 349.306243896484375 354.38751220703125 348.21875 342.9375 335.850006103515625 329.3125 323.274993896484375 317.6875 313.46875 310.431243896484375 305.10626220703125 296.67498779296875 286.618743896484375 278.193756103515625 267.774993896484375 255.9375 253.181243896484375 252.524993896484375 253.931243896484375 257.01873779296875 258.712493896484375 259.54998779296875 262.306243896484375 266.66876220703125 271.65625 273.20623779296875 275.681243896484375 277.54998779296875 271.243743896484375 263.068756103515625 256.056243896484375 249.6999969482421875 243.693756103515625 234.90625
330.64373779296875 333.193756103515625 334.568756103515625 337.11248779296875 338.96875 340.381256103515625 339.6875 338.90625 340.193756103515625 345.63751220703125 351.01251220703125 355.018768310546875 349.23748779296875 335.850006103515625 328.225006103515625 323.8125 316.76873779296875 311.306243896484375 308.54376220703125 304.17498779296875 298.787506103515625 288.943756103515625 276.475006103515625 267.58123779296875 251.8874969482421875 239.162506103515625 238.787506103515625 237.875 239.78125 241.4375 242.4187469482421875 242.537506103515625 244.962493896484375 249.181243896484375 252.8874969482421875 254.649993896484375 255.899993896484375 256.28125 250.743743896484375 242.78125 232.0625 227.0437469482421875 219.1437530517578125 211.0625
326.14373779296875 328.256256103515625 328.418731689453125 330.33123779296875 334.25 335.568756103515625 334.86248779296875 335.15625 338.193756103515625 342.149993896484375 344.15625 342.818756103515625 338.056243896484375 328.399993896484375 317.70001220703125 314.318756103515625 307.41876220703125 300.318756103515625 298.03125 292.431243896484375 285.943756103515625 274.73748779296875 263.506256103515625 251.100006103515625 238 227.0625 225.306243896484375 224.693756103515625 225.1687469482421875 226.6374969482421875 226.931243896484375 227.3000030517578125 228.006256103515625 231.868743896484375 236.21875 237.5124969482421875 237.375 237.693756103515625 233.3249969482421875 224.2312469482421875 211.212493896484375 202.087493896484375 197.8312530517578125 195.431243896484375
320.21875 322.82501220703125 323.806243896484375 326.23748779296875 330.73748779296875 331.73126220703125 332.28125 332.399993896484375 333.0625 334.26873779296875 334.66876220703125 332.08123779296875 325.57501220703125 316.399993896484375 304.76873779296875 297.70623779296875 292.29376220703125 289.04998779296875 286.14373779296875 281.13751220703125 273.16876220703125 264.212493896484375 252.1374969482421875 240.25 228.3249969482421875 219.1999969482421875 216.587493896484375 215.975006103515625 216.1687469482421875 216.3125 214.6999969482421875 212.462493896484375 215.225006103515625 217.774993896484375 220.7062530517578125 220.1062469482421875 222.4375 224.28125 219.4499969482421875 208.8312530517578125 196.806243896484375 190.5749969482421875 188.993743896484375 184.631256103515625
312.42498779296875 315.10626220703125 318.3125 322.256256103515625 326.10626220703125 327.08123779296875 327.28125 327.587493896484375 329.399993896484375 328.65625 327.09375 322.70623779296875 315.76873779296875 304.95623779296875 291.54376220703125 278.45001220703125 276.82501220703125 277.556243896484375 273.875 269.818756103515625 262.51251220703125 252.75 241.0812530517578125 230.412506103515625 219.28125 211.6999969482421875 208.1062469482421875 207.6999969482421875 207.462493896484375 207.806243896484375 207.5437469482421875 204.8000030517578125 202.9562530517578125 203.875 204.493743896484375 207.506256103515625 208.556243896484375 209.631256103515625 205.600006103515625 198.5124969482421875 188.5812530517578125 183.725006103515625 179.350006103515625 173.7624969482421875
303.149993896484375 307.5625 312.256256103515625 317.087493896484375 320.725006103515625 321.60626220703125 323.57501220703125 323.76873779296875 323.131256103515625 322.212493896484375 319.13751220703125 313.943756103515625 305.443756103515625 294.70001220703125 283.40625 273.21875 264.78125 263.45623779296875 262.506256103515625 259.943756103515625 253.024993896484375 244.743743896484375 233.837493896484375 221.3562469482421875 211.1999969482421875 203.5 200.6374969482421875 199.743743896484375 200.1374969482421875 201.256256103515625 200.5124969482421875 197.993743896484375 196.587493896484375 196.8000030517578125 201.1374969482421875 200.03125 200.193756103515625 200.743743896484375 199.6875 191.693756103515625 182.743743896484375 176.8125 169.4187469482421875 163.4250030517578125
291.73126220703125 298.993743896484375 303.881256103515625 311.0625 315.193756103515625 317.024993896484375 319.475006103515625 318.125 316.70001220703125 313.85626220703125 309.181243896484375 303.125 294.412506103515625 285.38751220703125 275.256256103515625 266.693756103515625 257.90625 248.6062469482421875 250.587493896484375 249.024993896484375 244.7312469482421875 236.774993896484375 227.006256103515625 215.7375030517578125 207.193756103515625 200.4187469482421875 195.587493896484375 196.274993896484375 197.2375030517578125 197.587493896484375 194.09375 186.631256103515625 188.7312469482421875 191.375 193.5124969482421875 194.28125 193.8000030517578125 193.0124969482421875 190.6687469482421875 186.350006103515625 176.493743896484375 169.8874969482421875 162.725006103515625 156.4812469482421875
279.25 288.73748779296875 296 302.45623779296875 307.67498779296875 310.75 312.20001220703125 313.068756103515625 311.625 307.83123779296875 301.006256103515625 291.23126220703125 283.01251220703125 276.14373779296875 264.25 255.9187469482421875 248.337493896484375 240.568756103515625 236.274993896484375 235.131256103515625 236.1125030517578125 231.556243896484375 216.59375 209.868743896484375 204.462493896484375 200.6125030517578125 198 196.8874969482421875 197.850006103515625 197.03125 193.399993896484375 186.7624969482421875 184.6062469482421875 180.8562469482421875 181.193756103515625 182.0812530517578125 182.2624969482421875 181.0625 180.787506103515625 176.0687408447265625 169.881256103515625 163.7312469482421875 156.34375 150.2687530517578125
266.53125 278.23126220703125 285.5 290.98126220703125 298.70623779296875 304.53125 307.86248779296875 306.881256103515625 305.08123779296875 300.98748779296875 292.806243896484375 284.399993896484375 275.756256103515625 267.381256103515625 254.53125 241.6687469482421875 232.149993896484375 230.3312530517578125 225.931243896484375 224.4375 222.4875030517578125 217.2375030517578125 212.006256103515625 206.868743896484375 202.725006103515625 199.375 198.056243896484375 198.8312530517578125 197.693756103515625 194.693756103515625 189.09375 186.4875030517578125 180.3625030517578125 171.993743896484375 167.1875 167.756256103515625 171.368743896484375 173.0187530517578125 172.21875 168.806243896484375 162.693756103515625 156.962493896484375 150.2687530517578125 144.506256103515625
