data/historical-monthly-weather-data/wc2.1_cruts4.09_10m_prec_2012-03.asc
ncols        45
nrows        45
xllcorner    -63.500000000000
yllcorner    -7.500000000000
cellsize     0.166666666667
NODATA_value -9999
[rows 20 to 39 of 45, columns 0 to 44 of 45]
244.412506103515625 247.725006103515625 251.2937469482421875 255.056243896484375 259.58123779296875 267.40625 274.95001220703125 280.875 286.60626220703125 289.287506103515625 289.399993896484375 288.875 288.65625 289.9375 282.92498779296875 271.037506103515625 260.71875 255.1875 253.2624969482421875 251.5812530517578125 252.0187530517578125 252.7062530517578125 252.618743896484375 254.6999969482421875 257.631256103515625 261.29376220703125 266.337493896484375 271.32501220703125 276.21875 280.649993896484375 280.5625 275.70623779296875 263.25 246.90625 231.7062530517578125 251.850006103515625 280.40625 298.256256103515625 308.756256103515625 314 316.15625 316.01251220703125 314.04998779296875 313.056243896484375 313.51873779296875
236.975006103515625 241.399993896484375 247.0437469482421875 251.899993896484375 257.625 267.42498779296875 276.90625 285.14373779296875 291.375 291.40625 286.88751220703125 282.26251220703125 278.4375 277.100006103515625 273.04376220703125 266.70001220703125 261.162506103515625 256.9375 254.368743896484375 251.9875030517578125 249.8000030517578125 248.6875 250.2687530517578125 251.53125 254.475006103515625 259.712493896484375 267.618743896484375 272.462493896484375 276.625 280.024993896484375 278.818756103515625 274.006256103515625 263.850006103515625 253.100006103515625 248.0250091552734375 261.35626220703125 283.806243896484375 301.024993896484375 311.118743896484375 314.774993896484375 315.45623779296875 314.881256103515625 313.287506103515625 312.28125 313.26251220703125
232.618743896484375 238.8125 244.40625 250.118743896484375 256.04376220703125 265.943756103515625 276.0625 287.83123779296875 296.981231689453125 292.962493896484375 284.04998779296875 273.774993896484375 265.8125 264.20623779296875 264.362518310546875 262.36248779296875 259.024993896484375 256.056243896484375 253.3125 250.6999969482421875 247.693756103515625 244.600006103515625 243.6437530517578125 244.5124969482421875 249.306243896484375 256.4375 265.149993896484375 271.318756103515625 275.21875 277.73748779296875 277.837493896484375 277.0625 273.5 269.037506103515625 271.42498779296875 282.631256103515625 297.875 310.087493896484375 316.46875 317.75 316.443756103515625 314.875 313.1875 311.21875 312.443756103515625
231.2062530517578125 237.1437530517578125 243.0437469482421875 248.9875030517578125 255.0437469482421875 264.431243896484375 275.60626220703125 287.26251220703125 294.899993896484375 289.056243896484375 278.149993896484375 268.08123779296875 257 256.66876220703125 259.631256103515625 260.13751220703125 259.100006103515625 256.943756103515625 252.9375 249.1437530517578125 244.631256103515625 239.868743896484375 237.0500030517578125 237.5500030517578125 241.1999969482421875 248.375 257.993743896484375 266.712493896484375 273.068756103515625 278.712493896484375 282.98126220703125 285.33123779296875 285.32501220703125 285.743743896484375 290.774993896484375 302.01251220703125 313.306243896484375 318.693756103515625 320.29376220703125 319.66876220703125 317.73748779296875 314.850006103515625 312.60626220703125 309.60626220703125 312.42498779296875
234.5812530517578125 238.8249969482421875 242.5500030517578125 248.2375030517578125 255.1374969482421875 264.1875 272.90625 281.33123779296875 285.625 282.73126220703125 276.125 267.11248779296875 260.743743896484375 259.17498779296875 259.70623779296875 261.13751220703125 260.443756103515625 258.568756103515625 254.868743896484375 248.8937530517578125 241.625 234.8249969482421875 229.3937530517578125 227.4375 232.131256103515625 242.53125 252.4875030517578125 264.01251220703125 272.58123779296875 282.53125 289.318756103515625 294.28125 297.36248779296875 299.98748779296875 304.462493896484375 310.331268310546875 318.043731689453125 321.6875 321.631256103515625 321.681243896484375 319.48748779296875 315.63751220703125 311.0625 309.76251220703125 308.806243896484375
241.131256103515625 244.8874969482421875 245.6374969482421875 250.1999969482421875 254.743743896484375 262.149993896484375 269.287506103515625 275.53125 278.04376220703125 276.662506103515625 272.943756103515625 268.6875 265.26873779296875 263.33123779296875 263.28125 264.681243896484375 263.57501220703125 262.024993896484375 258.59375 250.53125 242.399993896484375 231.7624969482421875 221.9375 216.6999969482421875 223.649993896484375 237.375 251.306243896484375 263.118743896484375 274.10626220703125 286.5625 296.5625 305.024993896484375 310.100006103515625 311.75 313.618743896484375 316.462493896484375 320.725006103515625 322.993743896484375 323.40625 322.6875 320.88751220703125 315.76251220703125 308.20001220703125 305.46875 305.39373779296875
247.100006103515625 247.1999969482421875 248.681243896484375 251.4499969482421875 254.7062530517578125 260.73748779296875 265.85626220703125 270.23126220703125 272.287506103515625 273.01251220703125 272.25 270.412506103515625 268.86248779296875 268.243743896484375 269.01873779296875 270 270.79998779296875 268.29998779296875 263.881256103515625 257.13751220703125 246.568756103515625 234.28125 220.056243896484375 212.875 223.5124969482421875 237.5 252.5187530517578125 264.5625 276.45001220703125 289.756256103515625 301.818756103515625 313.587493896484375 320.431243896484375 319.70623779296875 318.98126220703125 320.73126220703125 323.95623779296875 325.17498779296875 325.931243896484375 326.0625 323.024993896484375 316.65625 307.67498779296875 302.79376220703125 309.79376220703125
253.3249969482421875 251.2312469482421875 252.1750030517578125 254.2937469482421875 255.6875 259.8125 264.96875 268.212493896484375 270.08123779296875 271.493743896484375 271.36248779296875 271.13751220703125 271.625 272.58123779296875 274.20623779296875 275.73126220703125 277.649993896484375 277.431243896484375 273.73748779296875 267.475006103515625 257.162506103515625 244.350006103515625 234.462493896484375 229.037506103515625 234.6062469482421875 245.46875 258.29998779296875 270.38751220703125 281.537506103515625 293.212493896484375 304.79998779296875 315.45623779296875 321.66876220703125 321.100006103515625 320.537506103515625 322.399993896484375 323.73126220703125 325.96875 328.01873779296875 330.193756103515625 330.649993896484375 322.91876220703125 310.337493896484375 304.649993896484375 320.493743896484375
258.631256103515625 255.3562469482421875 255.7624969482421875 256.48126220703125 258.79998779296875 261.36248779296875 263.70001220703125 266.21875 268.54376220703125 269.899993896484375 271.39373779296875 272.774993896484375 274.42498779296875 277.09375 280.71875 284.41876220703125 288.75 289.51251220703125 287.59375 282.65625 272.71875 260.92498779296875 252.8000030517578125 247.181243896484375 250.1875 256.618743896484375 266.649993896484375 277.318756103515625 287.381256103515625 297.86248779296875 306.837493896484375 315.256256103515625 320.45623779296875 321.193756103515625 321.475006103515625 323.212493896484375 323.73126220703125 325.79998779296875 328.462493896484375 330.568756103515625 334.92498779296875 327.23126220703125 315.006256103515625 316.912506103515625 335.649993896484375
265.17498779296875 261.368743896484375 260.51873779296875 260.225006103515625 261.274993896484375 261.649993896484375 263.274993896484375 265.14373779296875 267.631256103515625 269.225006103515625 271.412506103515625 275.149993896484375 279.443756103515625 283.837493896484375 288.67498779296875 293.725006103515625 299.01873779296875 304.85626220703125 305.162506103515625 298.306243896484375 288.056243896484375 277.70623779296875 269.625 264.712493896484375 264.84375 269.162506103515625 276.96875 284.931243896484375 292.524993896484375 300.66876220703125 308.399993896484375 314.48126220703125 318.66876220703125 321.78125 323.306243896484375 324.03125 324.149993896484375 326.3125 325.337493896484375 326.70001220703125 331.1875 332.04376220703125 328.431243896484375 335.57501220703125 346.649993896484375
269.506256103515625 265.38751220703125 263.71875 263.48748779296875 263.98126220703125 262.67498779296875 264.024993896484375 264.962493896484375 267.100006103515625 269.16876220703125 272.13751220703125 276.774993896484375 282.89373779296875 288.20623779296875 294.70001220703125 301.850006103515625 310.58123779296875 317.86248779296875 322.287506103515625 315.1875 304.46875 293.256256103515625 285.975006103515625 280.4375 278.42498779296875 281.98748779296875 286.649993896484375 291.51251220703125 297.65625 303.868743896484375 310.118743896484375 316.01873779296875 320.01873779296875 323.28125 325.54376220703125 324.82501220703125 324.63751220703125 326.756256103515625 323.98126220703125 318.618743896484375 324.70001220703125 334.76873779296875 341.068756103515625 349.850006103515625 361.199981689453125
271.92498779296875 267.912506103515625 265.76873779296875 264.95001220703125 265.23126220703125 263.375 264.09375 263.868743896484375 265.79376220703125 268.16876220703125 271.58123779296875 277.29998779296875 283.943756103515625 291.98126220703125 300.63751220703125 309.774993896484375 317.131256103515625 324.368743896484375 329.04998779296875 326.46875 316.23126220703125 307.243743896484375 299.07501220703125 292.899993896484375 292.125 293.024993896484375 294.76873779296875 298.806243896484375 301.86248779296875 307.36248779296875 312.89373779296875 317.875 320.837493896484375 324.21875 326.806243896484375 326.118743896484375 327.056243896484375 327.82501220703125 322.475006103515625 320.39373779296875 330.0625 344.64373779296875 355.774993896484375 370.73748779296875 385.54998779296875
274.29998779296875 271.36248779296875 268.743743896484375 267.21875 265.9375 264.71875 263.837493896484375 262.725006103515625 263.537506103515625 266.59375 272.70623779296875 278.975006103515625 287.71875 299.17498779296875 308.1875 316.71875 323.29998779296875 330.875 334.5625 333.98748779296875 327.243743896484375 319.162506103515625 310.787506103515625 305.83123779296875 303.537506103515625 302.64373779296875 302.78125 304.84375 307.725006103515625 311.76251220703125 316.21875 320.4375 324.287506103515625 327.975006103515625 329.98748779296875 331.537506103515625 332.76251220703125 332.64373779296875 329.318756103515625 334.95001220703125 345.11248779296875 359.48748779296875 374.21875 391.368743896484375 416.03125
276.350006103515625 274.118743896484375 272.493743896484375 270.58123779296875 268.693756103515625 266.04376220703125 263.693756103515625 261.850006103515625 261.899993896484375 264.51251220703125 270.70001220703125 280.73748779296875 291.83123779296875 302.975006103515625 311.881256103515625 321.53125 330.056243896484375 336.98126220703125 339.649993896484375 340.056243896484375 335.79998779296875 328.662506103515625 322.08123779296875 315.6875 312.5 309.725006103515625 309.524993896484375 309.90625 313.037506103515625 315.82501220703125 318.59375 323.33123779296875 328.225006103515625 332.01873779296875 335.98748779296875 337.868743896484375 338.66876220703125 338.33123779296875 341.100006103515625 348.556243896484375 357.5 371.95623779296875 390.337493896484375 409.63751220703125 437.45001220703125
278.65625 277.850006103515625 276.41876220703125 273.83123779296875 270.037506103515625 267.14373779296875 263.412506103515625 261.368743896484375 259.61248779296875 260.85626220703125 268.256256103515625 281.4375 295.818756103515625 308.53125 319.14373779296875 327.556243896484375 336.23748779296875 342.756256103515625 345.78125 346.5625 343.618743896484375 336.76873779296875 330.15625 323.04998779296875 319.487518310546875 316.537506103515625 314.693756103515625 315.131256103515625 316.10626220703125 319.037506103515625 322.556243896484375 326.82501220703125 331.631256103515625 336.61248779296875 340.368743896484375 341.53125 342.631256103515625 347.07501220703125 352.45623779296875 359.631256103515625 368.65625 381.1875 398.71875 418.16876220703125 441.73126220703125
283.39373779296875 282.01873779296875 280.03125 277.318756103515625 273.76873779296875 270.04376220703125 266.59375 262.45001220703125 258.73126220703125 259.67498779296875 267.28125 282.15625 299.76251220703125 315.118743896484375 325.98748779296875 335.63751220703125 343.54998779296875 349.631256103515625 353.98126220703125 356.087493896484375 352.024993896484375 344.35626220703125 336.45001220703125 329.71875 325.04376220703125 321.09375 318.85626220703125 319.243743896484375 319.9375 321.98126220703125 325.506256103515625 328.86248779296875 332.975006103515625 339.212493896484375 343.462493896484375 344.756256103515625 348.875 353.73748779296875 357.85626220703125 365.8125 375.662506103515625 386.868743896484375 400.51251220703125 418.850006103515625 436.32501220703125
287.28125 286.29998779296875 284.587493896484375 281.63751220703125 278.774993896484375 275.568756103515625 271.34375 266.625 260.60626220703125 257.17498779296875 267.79376220703125 289.0625 307.806243896484375 321.90625 333.95623779296875 343.087493896484375 350.381256103515625 356.11248779296875 361.193756103515625 361.51251220703125 357.3125 349.29998779296875 341.34375 332.943756103515625 327.337493896484375 323.306243896484375 321.274993896484375 322.493743896484375 322.85626220703125 325.03125 327.5 330.13751220703125 335.912506103515625 342.84375 347.212493896484375 350.381256103515625 355.15625 360.618743896484375 365.100006103515625 370.21875 377.76251220703125 387.625 400.10626220703125 415.59375 429.993743896484375
291.91876220703125 291.5 289.475006103515625 287.20001220703125 285.625 283.3125 279.73748779296875 274.600006103515625 270.01251220703125 264.61248779296875 283.5 305.993743896484375 320.399993896484375 332.537506103515625 342.431243896484375 351.35626220703125 356.83123779296875 361.506256103515625 364.850006103515625 363.82501220703125 357.225006103515625 349.38751220703125 343.068756103515625 334.21875 328.431243896484375 324.86248779296875 322.86248779296875 324.881256103515625 326.0625 327.67498779296875 328.631256103515625 330.475006103515625 336.881256103515625 344.868743896484375 349.29376220703125 354.625 359.76873779296875 363.58123779296875 369.25 374.993743896484375 379.21875 388.475006103515625 397.32501220703125 406.07501220703125 417.85626220703125
296.412506103515625 296.48748779296875 295.993743896484375 295.13751220703125 294.70623779296875 292.79376220703125 292.024993896484375 290.20623779296875 292.04376220703125 302.375 324.787506103515625 334.337493896484375 340.993743896484375 349.17498779296875 357.15625 363.662506103515625 367.181243896484375 368.662506103515625 368.193756103515625 364.26873779296875 354.71875 346.11248779296875 339.35626220703125 331.86248779296875 327.01873779296875 324.63751220703125 323.76873779296875 325.04376220703125 326.693756103515625 328.11248779296875 329.79998779296875 330.20623779296875 335.40625 343.04376220703125 350.82501220703125 354.79998779296875 358.774993896484375 363.962493896484375 367.38751220703125 370.59375 374 382.462493896484375 388.88751220703125 396.51251220703125 404.287506103515625
301.5625 302.40625 303.193756103515625 303.137481689453125 304.61248779296875 306.350006103515625 306.712493896484375 310.381256103515625 316.75 327.76251220703125 342.556243896484375 354.04998779296875 361.65625 367.59375 374.118743896484375 377.85626220703125 379.125 376.79998779296875 371.54998779296875 365.16876220703125 352.881256103515625 342.649993896484375 333.618743896484375 326.79998779296875 324.20001220703125 323.162506103515625 322.381256103515625 324.5625 326.28125 327.006256103515625 327.11248779296875 330.08123779296875 337.63751220703125 343.83123779296875 350.568756103515625 355.1875 357.76873779296875 361.70623779296875 365.53125 365.681243896484375 366.931243896484375 373.73748779296875 378.881256103515625 384.07501220703125 389.931243896484375
