data/historical-monthly-weather-data/wc2.1_cruts4.09_10m_prec_1962-03.asc
ncols        51
nrows        45
xllcorner    -63.500000000000
yllcorner    -7.500000000000
cellsize     0.166666666667
NODATA_value -9999
[rows 0 to 19 of 45, columns 0 to 44 of 51]
204.3249969482421875 206.2375030517578125 201.78125 202.2312469482421875 200.243743896484375 195.912506103515625 187.8874969482421875 179.7937469482421875 172.25 167.993743896484375 167.2312469482421875 168.3125 169.756256103515625 169.1062469482421875 170.5124969482421875 172.037506103515625 175.662506103515625 176.3562469482421875 179.46875 182.1437530517578125 185.193756103515625 187.2375030517578125 190.09375 191.8562469482421875 195.59375 199.5625 205.0625 213.875 221.131256103515625 220.806243896484375 223.0437469482421875 222.787506103515625 223.912506103515625 226.787506103515625 228.9375 231.5 233.0124969482421875 235.0500030517578125 239.1750030517578125 242.350006103515625 245.850006103515625 249.6937408447265625 252.34375 255.9812469482421875 257.79998779296875
213.3000030517578125 216.881256103515625 219.0187530517578125 221.743743896484375 223.0124969482421875 218.1125030517578125 209.6125030517578125 202.2687530517578125 196.8249969482421875 192.381256103515625 190.4562530517578125 189.7687530517578125 189.4562530517578125 188.181243896484375 188.2624969482421875 189.0749969482421875 191.350006103515625 194.100006103515625 197.087493896484375 200.1750030517578125 202.7687530517578125 204.943756103515625 208.0500030517578125 210.0625 212.600006103515625 215.9250030517578125 220.318756103515625 228.225006103515625 233.943756103515625 234.2062530517578125 235.3312530517578125 237.493743896484375 238.1437530517578125 242.7375030517578125 243.993743896484375 247.537506103515625 250.8125 253.243743896484375 257.493743896484375 260.537506103515625 264.837493896484375 268.225006103515625 270.35626220703125 273.118743896484375 274.993743896484375
218.537506103515625 223.96875 228.9375 233.75 235.943756103515625 232.3562469482421875 228.1750030517578125 224.4812469482421875 220.4375 217.306243896484375 213.1875 210.4812469482421875 209.2062530517578125 207.381256103515625 206.78125 207.881256103515625 209.3562469482421875 212.0250091552734375 214.100006103515625 216.462493896484375 218.84375 221.125 222.568756103515625 224.5625 226.8312530517578125 228.131256103515625 232.1750030517578125 238.899993896484375 242.931243896484375 242.3937530517578125 244.0124969482421875 245.75 247.2375030517578125 249.25 252.7624969482421875 254.6062469482421875 258.40625 262.725006103515625 266.79998779296875 271.100006103515625 275.337493896484375 278.07501220703125 279.850006103515625 281.46875 284.23748779296875
220.9499969482421875 228.806243896484375 238.0625 244.0749969482421875 248.125 245.9562530517578125 244.8125 244.725006103515625 244.256256103515625 242.225006103515625 237.09375 231.693756103515625 227.8000030517578125 224.8874969482421875 224.462493896484375 225.118743896484375 227.662506103515625 230.3874969482421875 232.274993896484375 233.5812530517578125 236.149993896484375 236.787506103515625 236 237.068756103515625 238.5124969482421875 239.0187530517578125 242.3562469482421875 246.0437469482421875 249.09375 249.274993896484375 249.1875 252.1437530517578125 252.9499969482421875 254.318756103515625 256.84375 260.73748779296875 265.32501220703125 270.243743896484375 275.95623779296875 280.07501220703125 283 286.256256103515625 288.15625 288.85626220703125 291.23126220703125
229.6875 236.368743896484375 243.5437469482421875 252.0812530517578125 257.95623779296875 257.875 257.64373779296875 260.306243896484375 263.85626220703125 265.13751220703125 258.618743896484375 250.0187530517578125 244.9499969482421875 242.9812469482421875 241.524993896484375 242.899993896484375 245.006256103515625 248.3874969482421875 248.7937469482421875 248.5500030517578125 250.71875 249.8000030517578125 249.1750030517578125 249.868743896484375 249.9937591552734375 249.850006103515625 250.600006103515625 252.9250030517578125 257.181243896484375 255.2375030517578125 256.01873779296875 256.84375 259.29998779296875 261.287506103515625 263.568756103515625 268.26251220703125 273.09375 278.03125 284.743743896484375 288.556243896484375 292.59375 294.34375 295.537506103515625 296.84375 297.587493896484375
237.46875 244.78125 253.4562530517578125 259.04376220703125 261.506256103515625 262.149993896484375 262.36248779296875 264.431243896484375 269.16876220703125 272.899993896484375 264.54998779296875 256.33123779296875 253.3874969482421875 251.3562469482421875 251.337493896484375 253.181243896484375 256.07501220703125 259.09375 260.58123779296875 259.91876220703125 260.8125 260.537506103515625 259.90625 259.15625 258.4375 258.568756103515625 258.84375 259.45001220703125 261.1875 260.59375 260.537506103515625 262.07501220703125 263.725006103515625 268.975006103515625 273.73126220703125 278.649993896484375 285.88751220703125 291.899993896484375 299 304.337493896484375 306.606231689453125 308.21875 308.83123779296875 309.118743896484375 308.625
243.4250030517578125 250.0500030517578125 257.41876220703125 260.537506103515625 260.5 259.837493896484375 259.318756103515625 258.38751220703125 258.225006103515625 258.006256103515625 257.23748779296875 255.181243896484375 255.34375 255.881256103515625 257.618743896484375 260.29376220703125 263.8125 265.868743896484375 266.98126220703125 269.162506103515625 269.17498779296875 269.76251220703125 268.71875 267.618743896484375 266.693756103515625 265.443756103515625 265.29376220703125 264.76873779296875 263.95623779296875 262.36248779296875 264.82501220703125 266.38751220703125 269.25 273.962493896484375 280.45623779296875 287.95001220703125 295.58123779296875 303.181243896484375 313.63751220703125 317.84375 317.33123779296875 318.82501220703125 318.931243896484375 318.90625 320.0625
245.881256103515625 251.4250030517578125 256.20001220703125 259.03125 259.943756103515625 258.368743896484375 253.8625030517578125 246.90625 240.475006103515625 240.4812469482421875 246.3874969482421875 250.8937530517578125 255.743743896484375 259.524993896484375 262.48748779296875 266.181243896484375 268.58123779296875 269.6875 271.54376220703125 274.443756103515625 275.98748779296875 277.04376220703125 276.868743896484375 274.98126220703125 274.993743896484375 272.024993896484375 269.868743896484375 268.29998779296875 265.67498779296875 264.193756103515625 265.48748779296875 269.912506103515625 273.225006103515625 278.96875 286.42498779296875 294.73748779296875 303.725006103515625 312.243743896484375 321.975006103515625 325.71875 326.056243896484375 327.01251220703125 326.83123779296875 326.20001220703125 326.118743896484375
247.9875030517578125 252.3625030517578125 256.98748779296875 259.712493896484375 259.82501220703125 257.51873779296875 252.0749969482421875 243.125 231.2937469482421875 228.3874969482421875 238.8562469482421875 247.5124969482421875 255.625 260.024993896484375 264.068756103515625 268.4375 271.04376220703125 272.14373779296875 275.412506103515625 278.381256103515625 277.90625 280.48748779296875 280.8125 283.34375 283.193756103515625 278.92498779296875 274.01873779296875 270.337493896484375 268.48748779296875 266.45623779296875 268.51251220703125 273.368743896484375 277.787506103515625 283.89373779296875 291.306243896484375 301.287506103515625 312.78125 321.98748779296875 331.42498779296875 335.10626220703125 335.8125 336.03125 335.76873779296875 334.337493896484375 331.28125
250.056243896484375 253.350006103515625 256.98126220703125 259.337493896484375 260.14373779296875 258.23126220703125 253.962493896484375 246.59375 238.2937469482421875 236.337493896484375 242.399993896484375 248.3125 256.16876220703125 261.625 265.649993896484375 270.162506103515625 273.64373779296875 274.75 277.16876220703125 279.79998779296875 279.618743896484375 282.78125 286.26873779296875 291.725006103515625 289.818756103515625 284.806243896484375 279.25 274.15625 270.3125 267.57501220703125 269.03125 275.70001220703125 282.162506103515625 290.20623779296875 298.337493896484375 308.54376220703125 320.13751220703125 331.037506103515625 340.88751220703125 346.0625 347.875 348.04376220703125 344.8125 338.58123779296875 335.46875
251.837493896484375 254.5812530517578125 257.100006103515625 259.48748779296875 261.287506103515625 260.912506103515625 258.149993896484375 252.1687469482421875 247.318756103515625 246.649993896484375 249.462493896484375 254.0500030517578125 259.368743896484375 265.100006103515625 268.91876220703125 272.5 275.524993896484375 276.556243896484375 277.524993896484375 279.587493896484375 281.462493896484375 285.3125 291.95001220703125 296.100006103515625 297.95001220703125 290.068756103515625 283.375 279.399993896484375 274.23126220703125 270.20623779296875 272.64373779296875 278.587493896484375 285.48126220703125 294.33123779296875 303.90625 314.21875 325.88751220703125 337.556243896484375 347.912506103515625 355.25 357.76873779296875 355.774993896484375 349.8125 341.64373779296875 337.11248779296875
253.2624969482421875 255.9312591552734375 258.39373779296875 261.524993896484375 262.868743896484375 264.274993896484375 263.8125 260.01873779296875 256.962493896484375 256.03125 257.493743896484375 260.29998779296875 263.618743896484375 268.087493896484375 273.5 276.83123779296875 277.5625 277.33123779296875 277.806243896484375 278.78125 278.83123779296875 283.86248779296875 293.431243896484375 303.09375 303.350006103515625 290.712493896484375 283.48748779296875 280.04998779296875 278.256256103515625 277.899993896484375 278.087493896484375 282.3125 288.568756103515625 296.850006103515625 305.850006103515625 318.256256103515625 331.41876220703125 343.78125 353.368743896484375 361.943756103515625 365.46875 361 350.41876220703125 335.568756103515625 326.337493896484375
254.53125 256.75 259.64373779296875 262.11248779296875 264.337493896484375 267.006256103515625 267.29998779296875 265.9375 263.899993896484375 264.33123779296875 266.6875 268.41876220703125 271.412506103515625 273.03125 277.243743896484375 279.912506103515625 279.787506103515625 279.537506103515625 280.181243896484375 279.193756103515625 276.04998779296875 280.524993896484375 289.51251220703125 296.912506103515625 291.85626220703125 282.118743896484375 281.774993896484375 282.056243896484375 282.912506103515625 284.28125 285.29376220703125 286.931243896484375 291.431243896484375 298.962493896484375 307.675018310546875 319.443756103515625 333.41876220703125 346.8125 357.90625 368.118743896484375 373.54998779296875 366.16876220703125 346.537506103515625 327.35626220703125 314.23126220703125
254.40625 256.95623779296875 259.756256103515625 262.33123779296875 265.462493896484375 267.337493896484375 269.45001220703125 270.975006103515625 271.774993896484375 272.90625 274.850006103515625 276.45001220703125 278.056243896484375 280.38751220703125 280.59375 282.88751220703125 282.29998779296875 281.15625 280.91876220703125 280.618743896484375 279.443756103515625 281.21875 285.306243896484375 287.625 283.774993896484375 279.08123779296875 280.993743896484375 283.337493896484375 285.73748779296875 288.29998779296875 291.26873779296875 292.931243896484375 294.60626220703125 299.29376220703125 307.118743896484375 320.1875 335.82501220703125 349.462493896484375 360.04998779296875 369.243743896484375 373.774993896484375 359.85626220703125 341.54998779296875 325.60626220703125 314.024993896484375
252.9437408447265625 254.78125 258.118743896484375 262.40625 266.38751220703125 268.86248779296875 272.6937255859375 276.0625 277.39373779296875 279.068756103515625 281.837493896484375 283.149993896484375 284.36248779296875 285.743743896484375 283.725006103515625 284.73748779296875 283.600006103515625 283.38751220703125 282.431243896484375 281.83123779296875 281.368743896484375 281.54998779296875 282.57501220703125 284.006256103515625 283.4375 283.21875 286.0625 289.21875 293.09375 296.681243896484375 297.54998779296875 298.01251220703125 299.60626220703125 299.83123779296875 304.35626220703125 319.625 337.51251220703125 352.14373779296875 360.17498779296875 364.54376220703125 362.412506103515625 352.63751220703125 341.818756103515625 327.350006103515625 317.83123779296875
249.3562469482421875 251.962493896484375 256.39373779296875 261.39373779296875 266.40625 271.287506103515625 275.425018310546875 279.16876220703125 282.79376220703125 286.024993896484375 288.20623779296875 290.08123779296875 291.25 291.59375 289.39373779296875 287.25 285.07501220703125 284.912506103515625 283.76251220703125 283.60626220703125 282.131256103515625 280.79376220703125 280.537506103515625 282.23748779296875 283.39373779296875 285.90625 290.475006103515625 295.66876220703125 301.95001220703125 305.8125 307.943756103515625 307.5 305.9375 305.5 308.03125 328.98748779296875 345.381256103515625 353.08123779296875 357.287506103515625 360.26873779296875 358.537506103515625 350.60626220703125 340.462493896484375 327.756256103515625 319.337493896484375
246 249.7062530517578125 253.9812469482421875 260.068756103515625 266.524993896484375 272.16876220703125 278.40625 283.287506103515625 287.42498779296875 291.5 293.86248779296875 296.41876220703125 297.993743896484375 297.037506103515625 295.587493896484375 291.587493896484375 285.96875 284.08123779296875 284.04998779296875 283.506256103515625 281.618743896484375 280.056243896484375 279.79376220703125 282.1875 285.337493896484375 287.837493896484375 293.975006103515625 301.51873779296875 308.45001220703125 314.59375 318.131256103515625 318.39373779296875 317.587493896484375 320.837493896484375 335.287506103515625 353.056243896484375 360.10626220703125 359.881256103515625 358.58123779296875 358.25 359 350.90625 338.66876220703125 326.375 320.212493896484375
240.6125030517578125 245.381256103515625 251.524993896484375 259.068756103515625 266.462493896484375 272.67498779296875 278.91876220703125 285.100006103515625 290.350006103515625 294.868743896484375 298.51873779296875 302.51251220703125 303.14373779296875 303.0625 300.54998779296875 294.9375 288.70623779296875 280.912506103515625 283.17498779296875 282.506256103515625 282 280.162506103515625 278.943756103515625 281.818756103515625 285.8125 291.46875 297.381256103515625 306.96875 316.71875 323.60626220703125 326.42498779296875 322.01251220703125 323.100006103515625 331.92498779296875 352.46875 379.20623779296875 374.037506103515625 364.149993896484375 357.53125 356.306243896484375 353.40625 346.068756103515625 336.65625 326.287506103515625 320.23126220703125
234.5250091552734375 240.506256103515625 247.4250030517578125 256.068756103515625 265.28125 273.181243896484375 280.431243896484375 287.256256103515625 292.712493896484375 297.88751220703125 302.10626220703125 304.100006103515625 306.91876220703125 308.181243896484375 303.412506103515625 296.25 288.46875 280.037506103515625 277.618743896484375 277.743743896484375 279.3125 279.39373779296875 274.618743896484375 278.91876220703125 285.08123779296875 292.837493896484375 301.243743896484375 310.350006103515625 321.6875 330.73126220703125 335.337493896484375 327.51873779296875 322.98748779296875 323.48748779296875 337.01873779296875 359.54998779296875 360.85626220703125 356.91876220703125 354.587493896484375 351.57501220703125 348.850006103515625 341.95623779296875 335.07501220703125 327.54376220703125 321.75
226.337493896484375 234.2687530517578125 242.25 252.03125 262.76873779296875 272.618743896484375 281.243743896484375 289.037506103515625 295.087493896484375 299.95001220703125 303.89373779296875 305.537506103515625 309.375 312.42498779296875 304.600006103515625 292.82501220703125 281.6875 277.54998779296875 273.681243896484375 272.787506103515625 271.98748779296875 270.23748779296875 270.08123779296875 274.712493896484375 281.875 290.087493896484375 299.95001220703125 311.39373779296875 321.53125 328.23748779296875 330.26251220703125 325.59375 313.73126220703125 302.399993896484375 298.54998779296875 315.90625 336.08123779296875 345.14373779296875 348.399993896484375 348.337493896484375 345.20001220703125 339.681243896484375 335.306243896484375 330.193756103515625 325.40625
