data/historical-monthly-weather-data/wc2.1_cruts4.09_10m_prec_1976-08.asc
ncols        51
nrows        45
xllcorner    -63.500000000000
yllcorner    -7.500000000000
cellsize     0.166666666667
NODATA_value -9999
[rows 19 to 37 of 45, columns 0 to 42 of 51]
91.8125 90.8562469482421875 89.4812469482421875 88.91249847412109375 87.3625030517578125 86.4499969482421875 84.6999969482421875 82.40000152587890625 81.83750152587890625 79.80625152587890625 76.8125 71.3874969482421875 63.46875 55.80625152587890625 49.950000762939453125 44.21875 37.65000152587890625 35.74375152587890625 35.543750762939453125 37.27500152587890625 37.1875 38.793750762939453125 43.262500762939453125 47.237499237060546875 49.768749237060546875 50.393749237060546875 50.637500762939453125 49.34999847412109375 46.600002288818359375 42.21875 40.96875 46.737499237060546875 50.581249237060546875 55.09375 59.90000152587890625 62.125 62.90625 63.15625 60.58750152587890625 55.918750762939453125 49.46250152587890625 44.387500762939453125 40.518749237060546875
85.2937469482421875 86.63124847412109375 87.36875152587890625 87.34375 85.1875 84.3562469482421875 83.6875 82.4499969482421875 82.28125 80.36875152587890625 78.15000152587890625 74.0124969482421875 66.0749969482421875 58.16249847412109375 51.27500152587890625 45.31874847412109375 39.581249237060546875 36.168750762939453125 36.762500762939453125 37.59999847412109375 39.862499237060546875 42.831249237060546875 46.231250762939453125 50.40625 54.293750762939453125 54.012500762939453125 51.668750762939453125 50.03749847412109375 48.47499847412109375 47.78125 48.518749237060546875 51.950000762939453125 53.53125 55.71875 59.887500762939453125 61.625 63.387500762939453125 63.450000762939453125 60.106250762939453125 55.83750152587890625 49.83750152587890625 45.46875 41.887500762939453125
81.81874847412109375 82.05625152587890625 83.7062530517578125 85.2937469482421875 84.8937530517578125 83.6125030517578125 83.9875030517578125 82.2062530517578125 82.7062530517578125 80.86875152587890625 80.33750152587890625 78.90625 75.3125 67.77500152587890625 59.549999237060546875 50.99375152587890625 46.262500762939453125 42.86875152587890625 42.18125152587890625 42.668750762939453125 42.53125 44.700000762939453125 48.27500152587890625 51.90000152587890625 54.362499237060546875 55.012500762939453125 56.68125152587890625 54.606250762939453125 53.58750152587890625 52.793750762939453125 53.03125 54.36875152587890625 55.13124847412109375 56.77500152587890625 57.75 59.44374847412109375 62.25 63.59375 60.86875152587890625 56.18125152587890625 50.481250762939453125 46.0625 41.86875152587890625
78.67499542236328125 81.59999847412109375 84.375 85.21250152587890625 85.7062530517578125 84.83750152587890625 83.06874847412109375 81.08750152587890625 82.78749847412109375 84.05625152587890625 85.88124847412109375 86.72499847412109375 86.2062530517578125 79.4499969482421875 68.9375 59.143749237060546875 52.02500152587890625 48.362499237060546875 46.91249847412109375 46.25 46.387500762939453125 48.356250762939453125 51.15000152587890625 52.03125 55.450000762939453125 57.80625152587890625 59.200000762939453125 58.956249237060546875 57.00624847412109375 54.981250762939453125 54.77500152587890625 56.13124847412109375 56.237499237060546875 55.81874847412109375 55.34999847412109375 54.53749847412109375 57.34375 61.5625 60.58750152587890625 55.643749237060546875 50.731250762939453125 45.96875 41.924999237060546875
78.1062469482421875 82.49375152587890625 86.27500152587890625 85.4562530517578125 85.1062469482421875 84.6875 84.4250030517578125 84.1125030517578125 83.2937469482421875 85.74375152587890625 88.4875030517578125 93.1125030517578125 94.6687469482421875 87.1687469482421875 76.3874969482421875 66.3937530517578125 58.96875 54.43125152587890625 51.93125152587890625 51.03125 51.03749847412109375 52.362499237060546875 53.59999847412109375 55.40625 57.55625152587890625 58.65000152587890625 61.206249237060546875 59.575000762939453125 58.418750762939453125 57.393749237060546875 57.46250152587890625 57.96875 57.56874847412109375 55.31874847412109375 53.831249237060546875 51.887500762939453125 53.71250152587890625 57.887500762939453125 57.72499847412109375 53.581249237060546875 48.987499237060546875 44.893749237060546875 40.97499847412109375
79.22499847412109375 83.66875457763671875 87.06874847412109375 88.2375030517578125 88.4250030517578125 87.27500152587890625 86.02500152587890625 85.8312530517578125 86.4499969482421875 88.75 90.3125 92.96250152587890625 94.03125 88.6437530517578125 79.8562469482421875 71.51250457763671875 64.66249847412109375 59.65000152587890625 56.53125 55.21250152587890625 55.168750762939453125 55.575000762939453125 56.424999237060546875 57.84375 58.59375 60.50624847412109375 60.793750762939453125 59.71250152587890625 58.81874847412109375 58.52500152587890625 58.34375 58.38124847412109375 57.63124847412109375 56.25624847412109375 54.16249847412109375 51.9375 53.03749847412109375 53.987499237060546875 53.46250152587890625 50.825000762939453125 46.96875 43.75 40.375
82.3562469482421875 86.68125152587890625 87.6437530517578125 90.0124969482421875 89.0625 87.99375152587890625 86.90625 87.6125030517578125 86.7687530517578125 87.43125152587890625 89.03125 90.69374847412109375 90.9187469482421875 86.09999847412109375 80.3312530517578125 73.125 67.5187530517578125 63.356250762939453125 59.606250762939453125 58.56874847412109375 58.637500762939453125 58.36875152587890625 59.40000152587890625 59.362499237060546875 59.53749847412109375 60.50624847412109375 61 60.0625 59.65625 59.84375 59.418750762939453125 59.46250152587890625 57.78125 55.91249847412109375 53.674999237060546875 52.549999237060546875 52.38124847412109375 51.46250152587890625 50.90000152587890625 47.924999237060546875 44.96875 42.18125152587890625 39.61875152587890625
85.0749969482421875 87.34375 88.91249847412109375 89.96875 89.3625030517578125 88.2624969482421875 88.33750152587890625 87.5 85.61875152587890625 87.1999969482421875 88.68125152587890625 87.50624847412109375 86.34999847412109375 82.75 78.74375152587890625 73.125 68.80625152587890625 64.8874969482421875 62.268749237060546875 60.137500762939453125 59.15625 59.549999237060546875 59.725002288818359375 60.53125 60.512500762939453125 59.80625152587890625 60.950000762939453125 60.44374847412109375 59.6875 59.28125 59.637500762939453125 58.875 57.58750152587890625 55.71250152587890625 53 51.86875152587890625 50.40000152587890625 49.487499237060546875 47.875 45.1875 42.47499847412109375 40.268749237060546875 38.981250762939453125
89.2312469482421875 87.59999847412109375 88.9499969482421875 89.875 89.9562530517578125 87.96250152587890625 87.69374847412109375 87.1374969482421875 86.09999847412109375 86.4812469482421875 85.50624847412109375 83.56874847412109375 81.9499969482421875 79.71250152587890625 75.72499847412109375 71.84999847412109375 69.0500030517578125 65.8125 63.5625 61.424999237060546875 60.59375 59.33750152587890625 60.487499237060546875 60.88124847412109375 60.362499237060546875 59.03749847412109375 60.09999847412109375 60.293750762939453125 60.049999237060546875 59.75624847412109375 59.206249237060546875 58.11875152587890625 56.69374847412109375 54.168750762939453125 52.56874847412109375 50.637500762939453125 48.575000762939453125 47.25 46.02500152587890625 43.981250762939453125 41.34375 39.825000762939453125 38.61875152587890625
90.30625152587890625 90.1125030517578125 89.625 90.03125 88.09375 86.50624847412109375 85.1750030517578125 83.65000152587890625 84.6125030517578125 83.5187530517578125 82.3562469482421875 79.91249847412109375 77.8625030517578125 76.09375 73.3249969482421875 70.3562469482421875 68.7624969482421875 66.5 64.4562530517578125 62.793750762939453125 61.71875 60.46250152587890625 60.83750152587890625 60.34375 60.15625 58.46875 59.674999237060546875 59.700000762939453125 59.325000762939453125 58.90625 58.0625 57.331249237060546875 54.88124847412109375 51.987499237060546875 50.52500152587890625 49.674999237060546875 48.1875 46.875 45.65000152587890625 43.21875 40.012500762939453125 38.78749847412109375 38.24375152587890625
89.56874847412109375 89.78125 88.72499847412109375 86.77500152587890625 85.46250152587890625 84.1999969482421875 82.38124847412109375 82.1875 81.58750152587890625 79.8562469482421875 79.03749847412109375 77.22499847412109375 75.0500030517578125 72.875 70.6125030517578125 68.1687469482421875 66.03749847412109375 65.30625152587890625 64.86249542236328125 62.15000152587890625 60.799999237060546875 60.50624847412109375 60.84375 60.043750762939453125 59.193752288818359375 58.924999237060546875 58.825000762939453125 58.71250152587890625 57.31874847412109375 56.549999237060546875 56.02500152587890625 55.581249237060546875 53.21875 50.96875 49.56874847412109375 48.22499847412109375 48.237499237060546875 47.549999237060546875 45.950000762939453125 44.83750152587890625 42.8125 41.21875 39.393749237060546875
88.25624847412109375 87.3937530517578125 84.6999969482421875 83.9375 84.71875 82.66249847412109375 81.1687469482421875 79.44374847412109375 77.9562530517578125 76.22499847412109375 74.68125152587890625 74.44374847412109375 73.58750152587890625 71.40000152587890625 68.03125 65.7312469482421875 64.8937530517578125 64.3874969482421875 64.4187469482421875 62.61875152587890625 60.97499847412109375 58.987499237060546875 58.831249237060546875 58.299999237060546875 57.518749237060546875 57.799999237060546875 56.893749237060546875 57.143749237060546875 56.518749237060546875 55.825000762939453125 55.368747711181640625 54.28125 51.65625 49.71875 49.237499237060546875 47.88124847412109375 47.81874847412109375 47.47499847412109375 47.28125 47.33750152587890625 45.53749847412109375 42.418750762939453125 39.924999237060546875
86.00624847412109375 85.2624969482421875 82.46250152587890625 81.28749847412109375 82.34375 80.33750152587890625 78.3000030517578125 75.5812530517578125 74.40625 73.11875152587890625 71.6437530517578125 70.8312530517578125 69.2375030517578125 68.00624847412109375 65.6750030517578125 65.13124847412109375 63.68125152587890625 62.81874847412109375 61.9375 60.84999847412109375 59.66249847412109375 59.11875152587890625 57.768749237060546875 56.081249237060546875 55.84375 55.96875 55.3125 55.643749237060546875 54.831249237060546875 53.77500152587890625 53.65625 52.22499847412109375 50.043750762939453125 48.71875 46.96250152587890625 45.693752288818359375 45.84375 46.075000762939453125 46.47499847412109375 46.86875152587890625 45.34999847412109375 42.331249237060546875 40.63124847412109375
80.53125 79.28125 77.5124969482421875 77.1750030517578125 76.6125030517578125 74.49375152587890625 73.5437469482421875 71.84375 70.05625152587890625 69.5437469482421875 69.84375 67.78749847412109375 65.81874847412109375 65.4250030517578125 63.41249847412109375 63.075000762939453125 61.768749237060546875 61.293750762939453125 60.15000152587890625 58.924999237060546875 57.65000152587890625 56.6875 55.65000152587890625 55.50624847412109375 55.237499237060546875 54.456249237060546875 53.987499237060546875 52.731250762939453125 52.393749237060546875 51.237499237060546875 51.231250762939453125 49.875 47.893749237060546875 46.28749847412109375 44.875 43.731250762939453125 43.80625152587890625 43.75624847412109375 44.21875 44.68125152587890625 43.28125 41.34375 39.8125
74.78125 74.7062530517578125 73.15625 73.68125152587890625 70.8312530517578125 69.77500152587890625 69.6437530517578125 68.3562469482421875 66.58750152587890625 65.56874847412109375 65.1437530517578125 64.1687469482421875 63.424999237060546875 60.91249847412109375 60.231250762939453125 59.21250152587890625 59 57.97499847412109375 56.625 56.018749237060546875 55.231250762939453125 54.325000762939453125 53.799999237060546875 53.15625 53.418750762939453125 53.075000762939453125 52.362499237060546875 50.768749237060546875 50.96875 50.231250762939453125 49.700000762939453125 48.21250152587890625 45.637500762939453125 43.49375152587890625 42.49375152587890625 41.487499237060546875 41.450000762939453125 41.081249237060546875 41.581249237060546875 41.424999237060546875 41.331249237060546875 40.28125 38.862499237060546875
70.22499847412109375 69.8125 69.00624847412109375 67.9562530517578125 66.65000152587890625 65.77500152587890625 65.375 64.5 61.90625 61.53749847412109375 61.125 61.125 59.549999237060546875 58.581249237060546875 57.875 57.481250762939453125 57.0625 55.825000762939453125 54.46250152587890625 53.83750152587890625 53.3125 52.231250762939453125 51.18125152587890625 51.174999237060546875 51.06874847412109375 51.22499847412109375 50.41249847412109375 49.106250762939453125 49.362499237060546875 48.91249847412109375 47.44374847412109375 45.518749237060546875 43.15625 40.81874847412109375 39.52500152587890625 38.59999847412109375 37.831249237060546875 38.00624847412109375 38.706249237060546875 38.668750762939453125 38.231250762939453125 37.53749847412109375 36.96250152587890625
66.09375 65.8874969482421875 64.41249847412109375 63.05625152587890625 62.06874847412109375 60.4375 59.49375152587890625 58 56.393749237060546875 56.46250152587890625 57.387500762939453125 57.08750152587890625 57.11875152587890625 56.5625 56.21875 56.375 55.40625 54.84375 52.84375 51.91249847412109375 51.700000762939453125 51.86875152587890625 50.668750762939453125 50.668750762939453125 50.0625 49.549999237060546875 48.481250762939453125 48.53125 47.668750762939453125 46.55625152587890625 45.11875152587890625 43.34375 39.9375 38.19374847412109375 36.512500762939453125 34.96250152587890625 35.018749237060546875 35.168750762939453125 35.21250152587890625 35.74375152587890625 35.5 35.71250152587890625 34.643749237060546875
60.46250152587890625 60.106250762939453125 58.55625152587890625 57.674999237060546875 56.799999237060546875 55.706249237060546875 54.831249237060546875 54.075000762939453125 52.18125152587890625 51.325000762939453125 54.043750762939453125 56.075000762939453125 56.78749847412109375 55.96875 56.13124847412109375 55.25 54.21875 53.143749237060546875 51.6875 50.16249847412109375 50.125 50.418750762939453125 49.6875 49.856250762939453125 49.612499237060546875 48.22499847412109375 47.65000152587890625 47.22499847412109375 45.41249847412109375 44.293750762939453125 43.21875 41.05625152587890625 38.09375 35.575000762939453125 33.831249237060546875 32.668750762939453125 32.625 32.99375152587890625 32.90000152587890625 33.387500762939453125 33.03749847412109375 33.325000762939453125 32.46875
56.03749847412109375 55.93125152587890625 53.950000762939453125 53.74375152587890625 53.168750762939453125 51.856250762939453125 51.012500762939453125 50.106250762939453125 49.487499237060546875 48.625 54.21250152587890625 56.831249237060546875 56.03749847412109375 56.21875 56.549999237060546875 55.27500152587890625 53.424999237060546875 51.625 51.125 49.512500762939453125 49.36875152587890625 49.018749237060546875 48.575000762939453125 48.706249237060546875 48.56874847412109375 47.90625 47.375 46.887500762939453125 45.50624847412109375 43.799999237060546875 41.8125 40.30625152587890625 37.668750762939453125 33.956249237060546875 31.600000381469726562 30.243749618530273438 30.899999618530273438 31.512500762939453125 31.6875 32.11875152587890625 30.693750381469726562 30.34375 29.9375
