data/historical-monthly-weather-data/wc2.1_cruts4.09_10m_prec_2017-06.asc
ncols        51
nrows        45
xllcorner    -63.500000000000
yllcorner    -7.500000000000
cellsize     0.166666666667
NODATA_value -9999
[rows 19 to 37 of 45, columns 0 to 43 of 51]
120.6374969482421875 122.91249847412109375 125.46875 126.7624969482421875 130.15625 135.712493896484375 137.4250030517578125 136.9250030517578125 139.5187530517578125 139.6374969482421875 138.274993896484375 136.649993896484375 133.024993896484375 128.6437530517578125 125.34999847412109375 115.97499847412109375 110.83750152587890625 115.3249969482421875 111.96875 115.9499969482421875 111.94374847412109375 119.0625 133.7687530517578125 141.1750030517578125 141.337493896484375 142.1999969482421875 144.8249969482421875 156.46875 155.9499969482421875 152.3562469482421875 153.34375 170.431243896484375 174.256256103515625 173.53125 175.4875030517578125 187.6750030517578125 195.21875 190.9562530517578125 183.431243896484375 172.8625030517578125 154.962493896484375 135.693756103515625 134.2687530517578125 132.912506103515625
114.0812530517578125 122.83124542236328125 128.662506103515625 130.587493896484375 129.4875030517578125 131.84375 135.818756103515625 137.125 138.4875030517578125 137.7312469482421875 138.256256103515625 136.4875030517578125 132.868743896484375 126.5500030517578125 120.9250030517578125 117.8000030517578125 111.91249847412109375 111.5437469482421875 116.97499847412109375 117.7937469482421875 126.9375 134.787506103515625 145.318756103515625 156.4562530517578125 159.162506103515625 155.25 145.8937530517578125 148.506256103515625 151.787506103515625 155.912506103515625 159.756256103515625 170.125 163.3000030517578125 161.75 162.375 173.7312469482421875 183.2062530517578125 183.806243896484375 172.837493896484375 161.537506103515625 149.337493896484375 134.3625030517578125 130.5 130.0749969482421875
114.5437469482421875 117.6374969482421875 125.6875 131.2687530517578125 131.9562530517578125 131.7375030517578125 133.7687530517578125 134.28125 135.34375 137.899993896484375 138.4562530517578125 134.8125 130.96875 129.1687469482421875 127.46875 120.44374847412109375 125.11875152587890625 122.21875 127.8312530517578125 129.681243896484375 131.024993896484375 143.25 153.3562469482421875 155.8249969482421875 154.868743896484375 152.625 154.931243896484375 151.431243896484375 158.8312530517578125 162.9375 160.7312469482421875 157.28125 154.9375 158.681243896484375 157.2312469482421875 161.993743896484375 169.1875 174.1687469482421875 168.1062469482421875 159.1750030517578125 147.3249969482421875 136.5 132.162506103515625 132.21875
115.0187530517578125 125.5187530517578125 132.9812469482421875 137.46875 138.006256103515625 135.4375 129.631256103515625 128.350006103515625 134.2312469482421875 136.462493896484375 136.712493896484375 137.6687469482421875 140.131256103515625 140.712493896484375 138.25 134.2312469482421875 129.71875 128.181243896484375 132 137.1875 145.056243896484375 148.881256103515625 151.600006103515625 155.181243896484375 161.34375 159.15625 154.9812469482421875 154.7062530517578125 158.2937469482421875 153.9375 150.899993896484375 150.9812469482421875 147.28125 145.912506103515625 151.2375030517578125 151.337493896484375 153.8874969482421875 159.8125 160.756256103515625 156.4250030517578125 146.212493896484375 137.9562530517578125 132.662506103515625 129.4499969482421875
111.93125152587890625 124.1125030517578125 135.6062469482421875 136.618743896484375 135.3125 132.943756103515625 133.7937469482421875 132.2062530517578125 132.006256103515625 131.2937469482421875 137.306243896484375 144.225006103515625 144.475006103515625 147.6125030517578125 141.462493896484375 137.8874969482421875 135.037506103515625 137.943756103515625 140.1999969482421875 142.96875 148.96875 156.3937530517578125 157.225006103515625 166.28125 165.6750030517578125 160.5187530517578125 162.3625030517578125 152.743743896484375 149.412506103515625 147.368743896484375 143.631256103515625 142.475006103515625 141.725006103515625 138.506256103515625 142.3249969482421875 141.1750030517578125 146.243743896484375 152.131256103515625 151.3125 147.1999969482421875 140.8562469482421875 135.5 131.475006103515625 129.506256103515625
107.11875152587890625 121.5124969482421875 130.9875030517578125 137.0749969482421875 137.625 135.475006103515625 134.59375 135.4250030517578125 134.46875 138.087493896484375 140 143.149993896484375 148.1062469482421875 145.9250030517578125 140.375 137.587493896484375 137.3874969482421875 137.381256103515625 141.2937469482421875 147.3625030517578125 152.818756103515625 156.631256103515625 165.1437530517578125 171.21875 165.09375 159.962493896484375 155.5749969482421875 149.837493896484375 144.4375 142.131256103515625 133.9875030517578125 128.9499969482421875 128.537506103515625 130.8562469482421875 133.1374969482421875 135.3625030517578125 139.056243896484375 141.3562469482421875 143.806243896484375 141.6062469482421875 136.9375 133.96875 132.2312469482421875 126.875
106.63124847412109375 123.34999847412109375 126.43125152587890625 132.287506103515625 132.34375 132.212493896484375 130.868743896484375 132.5625 128.9250030517578125 128.818756103515625 135.693756103515625 139.193756103515625 143.5749969482421875 143.6750030517578125 141.600006103515625 136.2375030517578125 136.337493896484375 139.9875030517578125 144.256256103515625 145.6999969482421875 152.0187530517578125 157.6374969482421875 164.1875 167.412506103515625 165.8562469482421875 157.9562530517578125 152.6999969482421875 146.693756103515625 137.6125030517578125 132.90625 124.78749847412109375 119.3562469482421875 119.4187469482421875 121.0500030517578125 123.3874969482421875 129.212493896484375 133.462493896484375 133.7937469482421875 133.493743896484375 135.3249969482421875 131.78125 122.44374847412109375 120.3625030517578125 120.0437469482421875
102.6062469482421875 111.1687469482421875 118.61875152587890625 122.98749542236328125 123.6687469482421875 124.8249969482421875 124.73125457763671875 121.06874847412109375 120.5124969482421875 127.1875 134.3125 137.15625 138.3562469482421875 140.1374969482421875 139.899993896484375 138.9875030517578125 136.600006103515625 135.475006103515625 140.8000030517578125 142.4812469482421875 145.5625 151.5625 159.46875 168.3375091552734375 160.462493896484375 153.243743896484375 148.100006103515625 139.6687469482421875 131.0500030517578125 124.65000152587890625 119.2312469482421875 110.8000030517578125 110.2312469482421875 112.8125 116.2312469482421875 120.41249847412109375 126.90000152587890625 127.82500457763671875 125.8312530517578125 129.1687469482421875 128.9250030517578125 122.43125152587890625 116.1437530517578125 113.56874847412109375
99.0749969482421875 102.75624847412109375 108.5187530517578125 110.24375152587890625 111.52500152587890625 115.03749847412109375 116.72499847412109375 115.21875 116.9187469482421875 123.6125030517578125 128.0625 131.6437530517578125 132.193756103515625 132.631256103515625 132.1062469482421875 131.53125 130.037506103515625 132.2937469482421875 132.5 136.90625 141.6125030517578125 144 153.350006103515625 156.225006103515625 152.0749969482421875 144.5437469482421875 139.3249969482421875 131.193756103515625 126.5437469482421875 122.08750152587890625 115.03749847412109375 108.8625030517578125 106.96250152587890625 105.56874847412109375 111.8000030517578125 115.6062469482421875 121.97499847412109375 122.61875152587890625 123.31874847412109375 125.24375152587890625 125.6125030517578125 123.11875152587890625 111.7375030517578125 111.0500030517578125
93.03125 98.3312530517578125 98.4875030517578125 98.6687469482421875 101.59999847412109375 101.5437469482421875 104.7937469482421875 108.4562530517578125 113.1687469482421875 117.02500152587890625 122.02500152587890625 124.50624847412109375 126.9499969482421875 128.1125030517578125 127.625 127.41249847412109375 127.91249847412109375 127.6437530517578125 130.568756103515625 134.506256103515625 135.3937530517578125 136.65625 140.4875030517578125 141.96875 139.6437530517578125 132.875 131.256256103515625 127.47499847412109375 121.625 114.40625 106.9250030517578125 102.8312530517578125 100.9187469482421875 103.30625152587890625 106.09999847412109375 109.53125 117.46875 116.2312469482421875 117.6750030517578125 118.1125030517578125 116.77500152587890625 112.4187469482421875 107.59375 109.9812469482421875
86.80625152587890625 88.78125 89.3000030517578125 88.75624847412109375 90.25 93.2312469482421875 95.9875030517578125 102.25624847412109375 105.78749847412109375 110.6125030517578125 115.25 119.03749847412109375 122.19374847412109375 124.1750030517578125 122.55625152587890625 120.78125 120.2375030517578125 122.9812469482421875 121.16249847412109375 120.3125 124.58750152587890625 126.41249847412109375 129.350006103515625 130.568756103515625 126.6999969482421875 125.6437530517578125 122.65000152587890625 118.0812530517578125 113.53125 106.46875 100.6125030517578125 96.4375 96.99375152587890625 99.8000030517578125 104.2937469482421875 105.4875030517578125 114.6999969482421875 114.0124969482421875 109.96875 115.13124847412109375 113.1999969482421875 108.56874847412109375 107.0749969482421875 103.6437530517578125
82.0500030517578125 81.7937469482421875 81.1374969482421875 81.5124969482421875 82.91249847412109375 85.46875 89.80625152587890625 94.53749847412109375 97.96250152587890625 103.71875 108.9875030517578125 111.30625152587890625 116.36875152587890625 113.6999969482421875 113.93125152587890625 116.59999847412109375 117.25 115.94374847412109375 114.72499847412109375 115.0500030517578125 116.15625 115.41249847412109375 117.75 119.59375 117.40625 116.94374847412109375 113.3937530517578125 110.0437469482421875 105.33750152587890625 99.9875030517578125 98.1125030517578125 94.86875152587890625 94.24375152587890625 94.8125 98.4875030517578125 100.4812469482421875 107.6374969482421875 109.9250030517578125 106.7687530517578125 103.625 104.90625 101.21250152587890625 99.3000030517578125 97.55625152587890625
76.4562530517578125 75.5 73.9499969482421875 75.30625152587890625 78.53125 80.9875030517578125 84.1687469482421875 87.90625 92.1437530517578125 95.6999969482421875 98.46875 102.03125 103.6437530517578125 106.44374847412109375 108.84375 110 107.5500030517578125 106.1999969482421875 105.9250030517578125 106.61875152587890625 106.9187469482421875 107.31874847412109375 106.3249969482421875 106.94374847412109375 107.90000152587890625 106.5124969482421875 104.8249969482421875 102.13124847412109375 97.8562469482421875 97.8000030517578125 94.6687469482421875 91.36875152587890625 91.74375152587890625 91.7687530517578125 94.1750030517578125 94.9875030517578125 99.28125 99.21875 99.58750152587890625 98.55625152587890625 100.41249847412109375 97.77500152587890625 94.69374847412109375 92.75
69.0187530517578125 68.38124847412109375 68.8312530517578125 70.4812469482421875 71.5500030517578125 74.4562530517578125 77.9187469482421875 82.15000152587890625 84.75 88.16249847412109375 94.0437469482421875 96.34999847412109375 99.0124969482421875 103.91249847412109375 106.375 103.99375152587890625 101.0500030517578125 101.90625 101.3562469482421875 101.03749847412109375 98.6687469482421875 97.46250152587890625 97.84999847412109375 98.6374969482421875 98.26874542236328125 97.77500152587890625 95.9187469482421875 93.2687530517578125 91.2687530517578125 91.72499847412109375 90.46875 86.4499969482421875 87.36875152587890625 89.7312469482421875 90.5187530517578125 91.0187530517578125 91.78125 91.66249847412109375 92.1125030517578125 95.1999969482421875 96.8125 93.93125152587890625 89.43125152587890625 86.7312469482421875
61.56874847412109375 62.1875 64.5124969482421875 65.7687530517578125 66.55625152587890625 68.96875 73.2062530517578125 75.6999969482421875 77.75 80.2937469482421875 85.9375 91.3312530517578125 94.8625030517578125 97.2624969482421875 97.96250152587890625 98.7312469482421875 98.50624847412109375 96.78749847412109375 93.8312530517578125 93.25624847412109375 92.13124847412109375 90.1437530517578125 91.2687530517578125 89.90000152587890625 90.4187469482421875 88.46875 88.59999847412109375 86.74375152587890625 86.6999969482421875 86.77500152587890625 87.0625 85.93125152587890625 83.41249847412109375 84 86.24375152587890625 86.6999969482421875 86.5625 86.0187530517578125 86.9375 88.50624847412109375 87.99375152587890625 87.6999969482421875 85.3562469482421875 78.8312530517578125
55.875 55.55625152587890625 58.731250762939453125 61.518749237060546875 62.5625 63.31874847412109375 65.57500457763671875 69.03125 71.3874969482421875 73.78125 81.36875152587890625 87.6999969482421875 92.2062530517578125 98.25624847412109375 98.90000152587890625 96.9187469482421875 94.1374969482421875 89.78749847412109375 86.6687469482421875 82.7624969482421875 84.3874969482421875 81.43125152587890625 80.7937469482421875 79.9812469482421875 82.8000030517578125 82.36875152587890625 81.7312469482421875 79.3874969482421875 78.9375 79.18125152587890625 80.7687530517578125 81.53125 78.6125030517578125 78.6750030517578125 78.96250152587890625 80.3874969482421875 78.7312469482421875 81.9875030517578125 80.65625 82.02500152587890625 81.72499847412109375 79.4250030517578125 78.3625030517578125 74.55625152587890625
50.24375152587890625 49.918750762939453125 52.049999237060546875 54.625 56.375 57.83750152587890625 59.950000762939453125 61.950000762939453125 63.78749847412109375 66.38124847412109375 71.7687530517578125 81.91249847412109375 89.31874847412109375 94.02500152587890625 95.08750152587890625 93.6374969482421875 90.0437469482421875 83.75624847412109375 79.625 74.9875030517578125 74.1374969482421875 74.8874969482421875 73.40625 72.7062530517578125 74.84999847412109375 74.4562530517578125 73.82500457763671875 72.1750030517578125 72.9812469482421875 73.0500030517578125 73.3000030517578125 74.4499969482421875 73.5124969482421875 72.4875030517578125 71.1687469482421875 72.55625152587890625 74.72499847412109375 74.1999969482421875 74.34999847412109375 76.13124847412109375 75.9187469482421875 73.0812530517578125 71.69374847412109375 70.7312469482421875
43.487499237060546875 45.012500762939453125 45.8125 48.27500152587890625 50.72499847412109375 52.34375 54.15000152587890625 56.987499237060546875 58.86875152587890625 58.88124847412109375 66.9875030517578125 79.5625 87.6687469482421875 90.08750152587890625 91.02500152587890625 89.4375 86.58750152587890625 81.2687530517578125 76.40000152587890625 69.59375 67.33750152587890625 68.625 67.06874847412109375 66.9812469482421875 66.79375457763671875 66.7062530517578125 68.0625 66.71875 65.74375152587890625 64.9499969482421875 67.3874969482421875 67.1750030517578125 67.34375 67.31874847412109375 65.99375152587890625 66.96250152587890625 68.8937530517578125 70.43125152587890625 69.02500152587890625 68.3937530517578125 67.97499847412109375 67.6875 64.8312530517578125 68.50624847412109375
37.52500152587890625 39.112499237060546875 40.84375 43.575000762939453125 45.424999237060546875 47.52500152587890625 50.15625 52.862499237060546875 56.112499237060546875 56.456249237060546875 69.0500030517578125 80.68125152587890625 85.33750152587890625 88.33750152587890625 86.68125152587890625 84.80625152587890625 81.6750030517578125 77.4875030517578125 73.5500030517578125 68.125 64.46250152587890625 63.456249237060546875 60.981250762939453125 61.075000762939453125 60.34999847412109375 61.55625152587890625 62.643749237060546875 61.331249237060546875 60.3125 58.96875 59.65625 62 62.700000762939453125 61.518749237060546875 60.59999847412109375 61.84375 63 63.34999847412109375 65.8125 63.987499237060546875 62.612499237060546875 63.21250152587890625 59.981250762939453125 59.43125152587890625
