data/historical-monthly-weather-data/wc2.1_cruts4.09_10m_prec_1953-03.asc
ncols        51
nrows        45
xllcorner    -63.500000000000
yllcorner    -7.500000000000
cellsize     0.166666666667
NODATA_value -9999
[rows 0 to 19 of 45, columns 0 to 44 of 51]
177.162506103515625 175.649993896484375 183.818756103515625 198.9187469482421875 212.6125030517578125 229.149993896484375 241.6687469482421875 252.350006103515625 259.149993896484375 269.73748779296875 284.70623779296875 295.725006103515625 306.350006103515625 312.087493896484375 313.9375 314.6875 319.037506103515625 316.412506103515625 317.90625 319.15625 324.756256103515625 329.32501220703125 334.256256103515625 330.92498779296875 329.837493896484375 326.95001220703125 315.287506103515625 305.662506103515625 294.48748779296875 283.725006103515625 277.6875 268.86248779296875 266.412506103515625 266.66876220703125 266.600006103515625 271.48748779296875 276.006256103515625 281.14373779296875 287.993743896484375 293.60626220703125 299.53125 305.10626220703125 309.10626220703125 314.03125 314.975006103515625
178.7624969482421875 173.787506103515625 182.7687530517578125 194.9875030517578125 207.5 222.212493896484375 233.881256103515625 245.5812530517578125 256.98126220703125 268.943756103515625 283.162506103515625 292.087493896484375 300.40625 306.20001220703125 307.76873779296875 309.46875 312.39373779296875 309 304.6875 301.350006103515625 303.51873779296875 306.03125 309.274993896484375 306.96875 304.71875 302.13751220703125 293.712493896484375 288.10626220703125 280.13751220703125 272.6875 267.16876220703125 263.42498779296875 263.51873779296875 268.91876220703125 271.01873779296875 278.03125 285.318756103515625 291.537506103515625 298.26873779296875 303.306243896484375 309.78125 314.84375 318.36248779296875 322.399993896484375 323.89373779296875
186.625 182.125 189.131256103515625 198.149993896484375 206.3562469482421875 217.1750030517578125 228.4499969482421875 240 251.024993896484375 262.98748779296875 272.681243896484375 278.66876220703125 285.600006103515625 290.899993896484375 292.850006103515625 296.36248779296875 299.42498779296875 298.087493896484375 294.774993896484375 292.48748779296875 294.5 297.11248779296875 297.98748779296875 295.881256103515625 293.399993896484375 288.84375 283.17498779296875 279.600006103515625 273.42498779296875 268.068756103515625 265.993743896484375 264.600006103515625 267.5 271.881256103515625 278.29376220703125 284.34375 293 302.20623779296875 309.068756103515625 315.899993896484375 322.54998779296875 326.537506103515625 329.26251220703125 331.63751220703125 334.274993896484375
194.03125 191.256256103515625 197.2624969482421875 201.8562469482421875 205.931243896484375 211.7062530517578125 219.4187469482421875 228.462493896484375 239.681243896484375 249.8562469482421875 256.193756103515625 259.08123779296875 262.95001220703125 267.100006103515625 270.60626220703125 274.899993896484375 280.89373779296875 283.20001220703125 283.818756103515625 283.912506103515625 286.875 287.681243896484375 286.162506103515625 283.068756103515625 279.712493896484375 274.91876220703125 271.6875 268.306243896484375 264.89373779296875 263.57501220703125 262.875 265.89373779296875 269.837493896484375 275.131256103515625 282.04376220703125 291.287506103515625 301.756256103515625 312.5 321.787506103515625 328.86248779296875 334.306243896484375 338.537506103515625 340.868743896484375 341.693756103515625 343.95001220703125
207.1687469482421875 202.9250030517578125 202.899993896484375 204.3874969482421875 204.506256103515625 205.7375030517578125 207.8312530517578125 213.024993896484375 223.5812530517578125 233.193756103515625 235.7937469482421875 235.693756103515625 238.431243896484375 243.693756103515625 247.3125 253.475006103515625 260.23748779296875 266.48748779296875 269.337493896484375 271.274993896484375 274.46875 274.04376220703125 273.33123779296875 270.337493896484375 266.04998779296875 261.5625 258.84375 257.837493896484375 259.40625 258.95623779296875 262.10626220703125 265.70001220703125 272.993743896484375 280.48126220703125 288.625 299.64373779296875 311.23748779296875 322.868743896484375 333.82501220703125 340.993743896484375 348.15625 350.21875 351.21875 352.35626220703125 352.681243896484375
218.100006103515625 214.5187530517578125 215.0187530517578125 213.1999969482421875 209.618743896484375 209.681243896484375 210.274993896484375 213.006256103515625 221.8874969482421875 230.774993896484375 229.375 228.037506103515625 231.1750030517578125 234.899993896484375 239.193756103515625 245.118743896484375 251.899993896484375 257.41876220703125 261.16876220703125 262.725006103515625 265.306243896484375 266.60626220703125 267.20623779296875 265.225006103515625 262.86248779296875 261.35626220703125 260.36248779296875 259.743743896484375 260.681243896484375 262.20623779296875 264.881256103515625 269.537506103515625 276.26873779296875 287.41876220703125 298.51251220703125 310.13751220703125 324.78125 338.04998779296875 349.899993896484375 359.29376220703125 364.725006103515625 366.61248779296875 366.88751220703125 366.712493896484375 365.475006103515625
227.4250030517578125 223.493743896484375 222.8937530517578125 218.975006103515625 213.1875 211.243743896484375 210.149993896484375 209.181243896484375 211.46875 214.212493896484375 216.5437469482421875 218.40625 222.25 226.318756103515625 231.125 236.6875 242.912506103515625 246.443756103515625 248.881256103515625 252.4875030517578125 255.006256103515625 258.243743896484375 259.850006103515625 260.568756103515625 261.306243896484375 261.625 262.29376220703125 262.51251220703125 262.63751220703125 263.350006103515625 268.40625 272.96875 280.98126220703125 291.58123779296875 304.524993896484375 319.17498779296875 334.48748779296875 349.82501220703125 365.912506103515625 374.443756103515625 376.943756103515625 378.774993896484375 378.462493896484375 377.90625 378.45623779296875
233.493743896484375 229.0749969482421875 226.337493896484375 222.256256103515625 217.1437530517578125 213.53125 208.1437530517578125 201.118743896484375 196.15625 196.7062530517578125 202.2687530517578125 207.6437530517578125 213.5124969482421875 218.5812530517578125 223.212493896484375 228.5437469482421875 232.600006103515625 234.3937530517578125 236.625 240.149993896484375 244.7062530517578125 249.2937469482421875 252.993743896484375 255.6999969482421875 260.375 262.024993896484375 262.70623779296875 263.66876220703125 263.57501220703125 264.524993896484375 268.28125 275.6875 284.09375 295.712493896484375 309.618743896484375 325.274993896484375 342.21875 358.743743896484375 374.225006103515625 382.537506103515625 386.375 387.67498779296875 387.056243896484375 385.850006103515625 384.818756103515625
238.118743896484375 233.118743896484375 230.537506103515625 226.600006103515625 220.9250030517578125 216.368743896484375 209.78125 200.681243896484375 190.850006103515625 188.65625 197.631256103515625 206.09375 214.3562469482421875 219.493743896484375 224.0500030517578125 228.787506103515625 232.024993896484375 233.600006103515625 236.962493896484375 240.4812469482421875 243.5625 249.868743896484375 254.3625030517578125 261.662506103515625 266.70001220703125 267.67498779296875 266 265.10626220703125 265.95623779296875 266.40625 270.931243896484375 278.743743896484375 288.04376220703125 299.71875 313.16876220703125 330.26251220703125 349.60626220703125 366.54998779296875 381.756256103515625 390.125 394.600006103515625 395.33123779296875 394.975006103515625 393.11248779296875 388.600006103515625
242.568756103515625 237.1125030517578125 233.9562530517578125 229.9375 225.0625 220.5812530517578125 214.649993896484375 206.537506103515625 199.4375 197.9562530517578125 203.3625030517578125 209.506256103515625 217.46875 223.2937469482421875 226.8125 230.587493896484375 233.5500030517578125 235.006256103515625 237.693756103515625 240.993743896484375 244.524993896484375 251.556243896484375 259.162506103515625 269.25 272.837493896484375 273.212493896484375 270.899993896484375 268.59375 267.40625 267.193756103515625 271.162506103515625 280.71875 291.837493896484375 305.118743896484375 318.962493896484375 335.881256103515625 354.881256103515625 373.274993896484375 388.943756103515625 399.13751220703125 405.100006103515625 406.100006103515625 402.65625 395.506256103515625 391.024993896484375
246.7687530517578125 241.3249969482421875 237.4375 233.71875 229.8562469482421875 226.506256103515625 221.5437469482421875 214.274993896484375 209.9812469482421875 209.537506103515625 212.1875 217.1062469482421875 222.787506103515625 228.5812530517578125 231.037506103515625 232.993743896484375 234.649993896484375 235.9562530517578125 237.412506103515625 240.2937469482421875 245.78125 253.6437530517578125 264.32501220703125 273.32501220703125 280.46875 278.193756103515625 274.73126220703125 273.475006103515625 270.975006103515625 269.506256103515625 274.45623779296875 283.23748779296875 294.493743896484375 308.25 323.193756103515625 339.837493896484375 358.4375 377.274993896484375 393.46875 406.25 413.1875 412.01873779296875 405.76873779296875 396.725006103515625 390.67498779296875
250.1687469482421875 245.1062469482421875 241.337493896484375 238.4250030517578125 234.3000030517578125 232.5187530517578125 229.5437469482421875 224.0749969482421875 221.274993896484375 220.6187591552734375 222.068756103515625 224.9187469482421875 228.25 232.375 236.006256103515625 237.6374969482421875 237.225006103515625 237.431243896484375 238.5 240.4250030517578125 244.306243896484375 253.243743896484375 266.568756103515625 280.462493896484375 285.98126220703125 278.9375 274.837493896484375 273.993743896484375 274.70001220703125 276.86248779296875 279.59375 286.568756103515625 296.956268310546875 309.818756103515625 323.76251220703125 342.26873779296875 362.10626220703125 381.35626220703125 396.84375 411.3125 419.71875 415.95623779296875 404.61248779296875 388.08123779296875 376.8125
253.3625030517578125 248.3000030517578125 245.15625 241.75 238.556243896484375 238.0187530517578125 235.7312469482421875 232.3562469482421875 230.4562530517578125 231.024993896484375 233.1999969482421875 234.46875 236.7687530517578125 237.7312469482421875 240.256256103515625 241.2937469482421875 240.1750030517578125 240.375 241.600006103515625 241.868743896484375 242.931243896484375 251.3125 264.03125 275.5625 275.631256103515625 270.868743896484375 273.23748779296875 275.86248779296875 279.068756103515625 282.912506103515625 286.462493896484375 290.79376220703125 299.149993896484375 310.962493896484375 324.29998779296875 341.76251220703125 362.037506103515625 382.01873779296875 399.3125 415.92498779296875 426.875 420.024993896484375 398.48126220703125 377.206268310546875 361.649993896484375
255.181243896484375 250.875 247.8125 244.712493896484375 242.4499969482421875 241.3000030517578125 240.7312469482421875 239.993743896484375 240.5625 241.787506103515625 243.556243896484375 244.09375 244.4187469482421875 245.3874969482421875 244.337493896484375 245.100006103515625 243.6062469482421875 243.03125 243.493743896484375 244.318756103515625 247.1125030517578125 253.1125030517578125 261.3125 267.756256103515625 268.475006103515625 268.131256103515625 272.48126220703125 276.993743896484375 281.618743896484375 286.631256103515625 292.09375 296.375 301.693756103515625 310.318756103515625 322.412506103515625 340.837493896484375 362.46875 382.368743896484375 399.09375 414.631256103515625 424.681243896484375 410.662506103515625 391.01873779296875 373.76873779296875 360.225006103515625
255.662506103515625 250.6125030517578125 248.1999969482421875 246.8125 245.46875 244.9812469482421875 246.100006103515625 247.0749969482421875 248.1750030517578125 249.8937530517578125 252.375 252.46875 252.274993896484375 252.2312469482421875 249.306243896484375 249.068756103515625 247.1687469482421875 247.3562469482421875 247.068756103515625 247.524993896484375 250.756256103515625 255.100006103515625 260.26873779296875 265.45623779296875 268.774993896484375 272.23126220703125 277.375 282.618743896484375 288.662506103515625 294.63751220703125 297.96875 301.04376220703125 306.118743896484375 309.98126220703125 318.38751220703125 338.73126220703125 362.350006103515625 382.818756103515625 396.0625 405.40625 407.26873779296875 398.681243896484375 388.556243896484375 373.88751220703125 363.04998779296875
253.9250030517578125 249.631256103515625 248.3625030517578125 247.8125 247.5187530517578125 249.443756103515625 250.96875 252.412506103515625 255.600006103515625 258.73126220703125 260.712493896484375 261.20623779296875 260.868743896484375 259.806243896484375 256.79998779296875 253.8874969482421875 251.15625 251.274993896484375 250.693756103515625 251.412506103515625 253.5500030517578125 256.256256103515625 259.92498779296875 264.89373779296875 269.32501220703125 274.95001220703125 281.63751220703125 288.806243896484375 297.13751220703125 303.375 307.96875 310.100006103515625 311.9375 315 321.17498779296875 347.20623779296875 368.881256103515625 381.48748779296875 389.8125 396.743743896484375 398.39373779296875 392.618743896484375 384.225006103515625 372.5 363.21875
252.5 249.193756103515625 247.8874969482421875 248.462493896484375 249.662506103515625 252.3874969482421875 256.037506103515625 258.65625 262.350006103515625 266.306243896484375 268.475006103515625 269.556243896484375 269.5 267.243743896484375 264.975006103515625 260.524993896484375 254.7937469482421875 253.28125 253.5812530517578125 253.7937469482421875 255.256256103515625 257.412506103515625 260.70001220703125 265.899993896484375 271.71875 276.89373779296875 284.98126220703125 294.40625 303.306243896484375 311.78125 317.743743896484375 320.54998779296875 323.118743896484375 329.943756103515625 348.53125 371.162506103515625 382.82501220703125 386.693756103515625 388.53125 391.23126220703125 395.162506103515625 389.743743896484375 379.71875 369.10626220703125 362.681243896484375
249.399993896484375 246.868743896484375 247.28125 249.15625 251.1437530517578125 254.5187530517578125 258.32501220703125 262.274993896484375 267.149993896484375 271.625 275.11248779296875 277.73748779296875 277.087493896484375 275.82501220703125 272.70001220703125 266.83123779296875 260.568756103515625 253.649993896484375 255.912506103515625 255.8625030517578125 257.96875 259.17498779296875 260.91876220703125 266.16876220703125 272.4375 280.3125 288.15625 299.556243896484375 311.243743896484375 320.41876220703125 325.61248779296875 323.681243896484375 328.100006103515625 340.600006103515625 365.45001220703125 397.58123779296875 396.537506103515625 390.1875 386.443756103515625 388.274993896484375 388.225006103515625 383.26251220703125 375.962493896484375 367.15625 361
245.587493896484375 243.9499969482421875 245.03125 247.875 251.5 256.59375 261.48126220703125 266.193756103515625 271.39373779296875 276.63751220703125 280.818756103515625 281.912506103515625 283.60626220703125 283.85626220703125 278.75 271.51251220703125 263.83123779296875 256.17498779296875 254.09375 254.587493896484375 257.881256103515625 260.11248779296875 257.76873779296875 263.962493896484375 271.95001220703125 281.524993896484375 291.756256103515625 302.70001220703125 315.912506103515625 327.16876220703125 334.100006103515625 328.71875 327.368743896484375 331.243743896484375 348.600006103515625 376.068756103515625 381.64373779296875 381.53125 382.54376220703125 382.631256103515625 382.912506103515625 377.95623779296875 372.875 366.774993896484375 361.068756103515625
239.5124969482421875 239.6687469482421875 241.75 245.65625 250.6999969482421875 257.78125 264.14373779296875 269.92498779296875 275.8125 280.881256103515625 284.949981689453125 286.006256103515625 288.962493896484375 291.162506103515625 283.29998779296875 271.76251220703125 260.962493896484375 257.068756103515625 253.506256103515625 252.8625030517578125 253.3062591552734375 253.0124969482421875 254.306243896484375 260.41876220703125 269.03125 278.725006103515625 290.33123779296875 303.537506103515625 315.568756103515625 324.412506103515625 328.63751220703125 326.287506103515625 317.431243896484375 308.98126220703125 308.04376220703125 329.631256103515625 354.600006103515625 368.100006103515625 375.15625 378.58123779296875 378.506256103515625 374.6875 371.899993896484375 368.087493896484375 363.64373779296875
