data/historical-monthly-weather-data/wc2.1_cruts4.09_10m_prec_2014-05.asc
ncols        45
nrows        45
xllcorner    -63.500000000000
yllcorner    -7.500000000000
cellsize     0.166666666667
NODATA_value -9999
[rows 0 to 19 of 45, columns 0 to 43 of 45]
59.47499847412109375 34.56874847412109375 27.075000762939453125 22.893749237060546875 20.056249618530273438 27.081249237060546875 35.33750152587890625 44.668750762939453125 59.825000762939453125 76.44374847412109375 93.25 113.05625152587890625 133.75 154.649993896484375 176.118743896484375 198.493743896484375 218.8562469482421875 233.3000030517578125 248.5875091552734375 265.056243896484375 277.03125 287.86248779296875 301.83123779296875 310.34375 320.024993896484375 331.193756103515625 337.375 344.9375 350.274993896484375 361.350006103515625 368.25 377.743743896484375 386.76251220703125 393.5625 400.35626220703125 408.01873779296875 413.8125 415.837493896484375 417.225006103515625 420.73748779296875 420.60626220703125 420.243743896484375 415.9375 416.79376220703125
62.424999237060546875 36.543750762939453125 27.587499618530273438 21.475000381469726562 17.118749618530273438 25.0625 34.706249237060546875 45.575000762939453125 63.456249237060546875 81.9562530517578125 101.13124847412109375 122.5749969482421875 143.7937469482421875 164.662506103515625 185.225006103515625 205.4812469482421875 224.787506103515625 240.493743896484375 259.75 278.912506103515625 291.962493896484375 304.881256103515625 317.6875 329.20001220703125 338.787506103515625 347.85626220703125 354.756256103515625 360.4375 365.60626220703125 374.318756103515625 381.58123779296875 395.14373779296875 399.931243896484375 407.95623779296875 412.48748779296875 413.51873779296875 420.725006103515625 422.881256103515625 426.79376220703125 423.587493896484375 422.899993896484375 427.274993896484375 422.931243896484375 417.29998779296875
73.7624969482421875 50.88124847412109375 44.40000152587890625 40.22499847412109375 37.66249847412109375 46.56874847412109375 57.331249237060546875 69.5437469482421875 88.3125 107.33750152587890625 126.3937530517578125 146.15625 165.2375030517578125 182.65625 201.09375 219.8249969482421875 235.7687530517578125 248.7687530517578125 265.881256103515625 284.36248779296875 299.006256103515625 315.82501220703125 330.962493896484375 343.3125 354.600006103515625 368.100006103515625 375.600006103515625 377.943756103515625 379.07501220703125 386.243743896484375 392.73748779296875 402.524993896484375 411.38751220703125 416.08123779296875 422.537506103515625 421.881256103515625 426.149993896484375 429.04998779296875 430.037506103515625 429.39373779296875 432.024993896484375 429.306243896484375 428.23748779296875 422.943756103515625
84.5437469482421875 64.47499847412109375 62.137500762939453125 60.875 61.15625 70.96250152587890625 82.8562469482421875 96.88124847412109375 117.50624847412109375 137.375 154.993743896484375 172.3125 187.1687469482421875 201.631256103515625 217.274993896484375 232.46875 244.962493896484375 255.9562530517578125 270.45001220703125 289.45623779296875 310.181243896484375 327.756256103515625 343.318756103515625 358.618743896484375 372.131256103515625 384.95001220703125 392.056243896484375 390.28125 389.412506103515625 398.35626220703125 404.350006103515625 412.15625 417.975006103515625 421.318756103515625 423.75 429.90625 435.431243896484375 437.20001220703125 438.23748779296875 438.28125 437.73748779296875 439.556243896484375 432.912506103515625 426.17498779296875
99.7312469482421875 80.6999969482421875 77.0812530517578125 78.25624847412109375 81.69374847412109375 92.44374847412109375 106.02500152587890625 122.16249847412109375 145.381256103515625 167.34375 182.243743896484375 194.5812530517578125 208.1437530517578125 220.5812530517578125 233.3937530517578125 244.8125 253.8312530517578125 263.04998779296875 275.51873779296875 294.71875 317.29998779296875 335.98748779296875 352.193756103515625 373.34375 387.03125 400.95623779296875 400.01251220703125 401.243743896484375 400.36248779296875 406.212493896484375 413.475006103515625 417.83123779296875 421.76873779296875 428.899993896484375 433.45623779296875 435.66876220703125 442.443756103515625 447.04998779296875 449.125 447.61248779296875 448.75 444.71875 438.875 434.375
111.71875 94.6999969482421875 91.2937469482421875 89.6374969482421875 94.3125 107.99375152587890625 123.2312469482421875 139.912506103515625 164.006256103515625 186.7375030517578125 201.662506103515625 211.087493896484375 224.5500030517578125 236.806243896484375 245.9562530517578125 257.806243896484375 263.993743896484375 271.76251220703125 285.26873779296875 306.04376220703125 327.5625 348.774993896484375 369.350006103515625 383.756256103515625 398.48748779296875 411.76251220703125 410.51251220703125 407.774993896484375 408.100006103515625 414.20001220703125 420.837493896484375 427.16876220703125 430.881256103515625 436.98748779296875 440.86248779296875 445.375 449.75 453.23748779296875 460.28125 458.65625 454.587493896484375 451.256256103515625 443.756256103515625 438.26873779296875
124.33750152587890625 108.38124847412109375 105.125 103.91249847412109375 106.11875152587890625 118.6999969482421875 134.5 151.84375 169.7312469482421875 191.5 209.5124969482421875 222.256256103515625 236.84375 249.90625 259.662506103515625 268.899993896484375 278.524993896484375 289.10626220703125 301.92498779296875 323.149993896484375 342.225006103515625 361.381256103515625 377.649993896484375 394.337493896484375 410.07501220703125 426.100006103515625 421.64373779296875 416.66876220703125 411.443756103515625 417.899993896484375 425.51873779296875 428.725006103515625 430.95623779296875 437.23126220703125 443.29998779296875 450.568756103515625 453.131256103515625 456.70623779296875 464.056243896484375 465.96875 459.100006103515625 451.693756103515625 444.26873779296875 440.868743896484375
136.0749969482421875 121.40000152587890625 118.375 118.25 120.6999969482421875 134.306243896484375 146.618743896484375 155.693756103515625 166.818756103515625 188.568756103515625 213.193756103515625 230.6125030517578125 248.681243896484375 262.17498779296875 272.875 283.64373779296875 293.431243896484375 307.42498779296875 321.256256103515625 337.29376220703125 359.337493896484375 376.131256103515625 392.23126220703125 402.71875 420.149993896484375 427.306243896484375 426.88751220703125 419.20001220703125 413.95001220703125 420.0625 426.681243896484375 429.20623779296875 433.61248779296875 436.40625 438.73748779296875 443.662506103515625 448.89373779296875 455.51251220703125 458.20623779296875 453.337493896484375 451.875 445.162506103515625 439.837493896484375 432.26873779296875
145.850006103515625 132.7937469482421875 131.0812530517578125 130.837493896484375 132.962493896484375 145.225006103515625 156.662506103515625 166.0749969482421875 172.9499969482421875 186.1374969482421875 210.068756103515625 232.243743896484375 254.59375 269.006256103515625 280.59375 293.600006103515625 305.337493896484375 322.70623779296875 341.556243896484375 351.96875 365.381256103515625 386.03125 396.212493896484375 415.1875 423.29998779296875 427.806243896484375 421.943756103515625 419.443756103515625 419.41876220703125 421.66876220703125 429.787506103515625 429.13751220703125 424.83123779296875 423.506256103515625 428.912506103515625 435.48126220703125 441.850006103515625 448.993743896484375 454.243743896484375 447.337493896484375 440.225006103515625 432.95001220703125 431.975006103515625 429.5
154.7312469482421875 144.0812530517578125 143.131256103515625 144.0500030517578125 145.100006103515625 156.850006103515625 168.3874969482421875 178.6062469482421875 189.875 205.100006103515625 224.2312469482421875 239 262.037506103515625 276.356231689453125 290.10626220703125 301.04376220703125 313.13751220703125 331.662506103515625 352.850006103515625 370.48748779296875 380.41876220703125 390.662506103515625 401.57501220703125 415.98748779296875 419.75 423.66876220703125 417.09375 414.412506103515625 416.79998779296875 423.48126220703125 424.087493896484375 420.29998779296875 420.16876220703125 419.875 420.20001220703125 425.631256103515625 430.39373779296875 438.243743896484375 443.79998779296875 444.96875 443.881256103515625 441 428.78125 417.35626220703125
163.337493896484375 155.1374969482421875 154.3249969482421875 155.9812469482421875 157.40625 169.4812469482421875 181.3000030517578125 190.399993896484375 203.2062530517578125 220.6999969482421875 240.618743896484375 257.92498779296875 269.63751220703125 285.20001220703125 296.26873779296875 306.193756103515625 318.67498779296875 339.243743896484375 360.82501220703125 383.381256103515625 405.82501220703125 409.993743896484375 412.51873779296875 403.26251220703125 416.15625 425.5 418.60626220703125 414.70623779296875 410.337493896484375 411.274993896484375 413.818756103515625 412.475006103515625 411 409.85626220703125 408.631256103515625 409.78125 414.35626220703125 423.912506103515625 434.28125 439.006256103515625 440.34375 434.431243896484375 430.36248779296875 413.21875
172.649993896484375 164.587493896484375 164.625 166.631256103515625 169.25 179.3312530517578125 192.6437530517578125 204.225006103515625 219.1374969482421875 233.8000030517578125 252.899993896484375 271.89373779296875 277.524993896484375 289.39373779296875 302.54998779296875 310.35626220703125 322.399993896484375 342.71875 365.600006103515625 393.381256103515625 421.58123779296875 434.068756103515625 434.3125 418.60626220703125 411.26251220703125 408.300018310546875 399.01873779296875 395.65625 395.78125 395.54376220703125 391.90625 389.868743896484375 388.65625 387.57501220703125 390.65625 397.04376220703125 404.774993896484375 411.59375 418.75 425.225006103515625 430.818756103515625 425.431243896484375 413.67498779296875 384.431243896484375
182.4187469482421875 173.75 173.7375030517578125 176.212493896484375 178.787506103515625 190.1125030517578125 201.5812530517578125 212.3312530517578125 227.8625030517578125 245.59375 263.67498779296875 279.33123779296875 287.925018310546875 287.48748779296875 297.537506103515625 310.712493896484375 322.59375 342.899993896484375 364.98748779296875 392.32501220703125 425.993743896484375 437.899993896484375 439.8125 422.274993896484375 392.337493896484375 381.17498779296875 383.58123779296875 382.5625 384.399993896484375 385.0625 377.725006103515625 369.068756103515625 366.09375 363.76251220703125 368.3125 379.375 389.98748779296875 402.09375 413.512481689453125 419.600006103515625 421.53125 416.756256103515625 392.399993896484375 368.693756103515625
187.6750030517578125 180.337493896484375 181.53125 184.0625 187.8937530517578125 198 208.618743896484375 219.975006103515625 236.850006103515625 253.868743896484375 266.506256103515625 277.61248779296875 284.875 288.75 288.42498779296875 304.5 316.21875 333.818756103515625 357.524993896484375 384.681243896484375 413.76873779296875 429.225006103515625 435.23748779296875 422.66876220703125 399.03125 383.493743896484375 376.15625 369.01873779296875 368.11248779296875 364.15625 361.88751220703125 351.25 347.85626220703125 346.04998779296875 348.425018310546875 363.875 380.96875 397.993743896484375 411.79998779296875 413.42498779296875 399.96875 382.25 374.9375 371.34375
189.662506103515625 184.006256103515625 186.287506103515625 188.9812469482421875 192.649993896484375 203.2312469482421875 216.087493896484375 229.006256103515625 243.462493896484375 256.712493896484375 267.54376220703125 276.26873779296875 280.375 282.962493896484375 277.712493896484375 291.23748779296875 304.912506103515625 325.600006103515625 347.76251220703125 371.493743896484375 400.318756103515625 420.225006103515625 433.29998779296875 432.91876220703125 422.45001220703125 410.26251220703125 393.35626220703125 380.6875 371.32501220703125 362.20623779296875 346.98126220703125 333.73748779296875 334.5 327.024993896484375 322.125 333.26873779296875 364.875 390.6875 400.26251220703125 394.95623779296875 379.443756103515625 372.73748779296875 378.09375 373.04376220703125
190.3874969482421875 185.037506103515625 188.9375 193.0625 196.7937469482421875 208.943756103515625 222.625 235.2312469482421875 247.243743896484375 260.087493896484375 268.6875 275.03125 278.13751220703125 281.806243896484375 279.693756103515625 275.975006103515625 293.243743896484375 319.63751220703125 337.34375 359.318756103515625 387.681243896484375 417.024993896484375 440.318756103515625 448.193756103515625 440.975006103515625 426.337493896484375 405.66876220703125 386.475006103515625 373.42498779296875 364.03125 352.54376220703125 335.681243896484375 320.337493896484375 306.493743896484375 299.375 327.48126220703125 348.84375 370.83123779296875 383.462493896484375 385.91876220703125 377.662506103515625 371.631256103515625 370.587493896484375 358.86248779296875
191.7687530517578125 187.381256103515625 190.5500030517578125 196.1374969482421875 202.4562530517578125 213.4250030517578125 226.03125 237.943756103515625 250.9250030517578125 262.524993896484375 271.693756103515625 278.96875 280.76873779296875 282.36248779296875 283.556243896484375 283.631256103515625 281.375 304.21875 326.350006103515625 348.57501220703125 377.350006103515625 407.600006103515625 439.96875 457.868743896484375 459.6875 431.60626220703125 405.60626220703125 386.875 372.868743896484375 362.07501220703125 351.54998779296875 339.725006103515625 326.318756103515625 315.162506103515625 324.29376220703125 335.756256103515625 355.86248779296875 376.337493896484375 394.23126220703125 385.818756103515625 374.10626220703125 364.45623779296875 353.98126220703125 348.131256103515625
190.40625 187.506256103515625 192.28125 197.8937530517578125 204.9250030517578125 218.5625 230.475006103515625 241.556243896484375 252.8249969482421875 264.774993896484375 273.92498779296875 283.51873779296875 282.506256103515625 285.774993896484375 287.54376220703125 289.34375 287.88751220703125 288.399993896484375 320.375 339.35626220703125 365.10626220703125 395.76873779296875 427.53125 446.10626220703125 451.243743896484375 429.662506103515625 397.837493896484375 383.41876220703125 371.17498779296875 354.53125 332.07501220703125 314.368743896484375 327.01251220703125 331.46875 334.181243896484375 358.90625 377.787506103515625 384.350006103515625 390.59375 384.837493896484375 363.243743896484375 351.92498779296875 342.125 337.61248779296875
188.5749969482421875 186.2874908447265625 191.2937469482421875 199.3937530517578125 208.2624969482421875 220.962493896484375 234.3000030517578125 247.125 258.375 271.38751220703125 278.743743896484375 280.20001220703125 281.20001220703125 285.193756103515625 287.443756103515625 292.256256103515625 295.67498779296875 292.09375 302.40625 322.306243896484375 348.08123779296875 382.1875 391.337493896484375 412.20001220703125 418.51873779296875 415.912506103515625 397.95623779296875 376.10626220703125 364.17498779296875 347.006256103515625 328.9375 320.375 329.76251220703125 334.29376220703125 341.574981689453125 359.59375 367.287506103515625 368.931243896484375 375.45623779296875 365.287506103515625 348.024993896484375 335.131256103515625 330.32501220703125 329.993743896484375
185.9562530517578125 184.53125 191.0437469482421875 198.3000030517578125 208.556243896484375 225.618743896484375 240.90625 254.056243896484375 265.21875 274.943756103515625 284.64373779296875 291.006256103515625 296.13751220703125 295.23748779296875 294.631256103515625 287.912506103515625 283.631256103515625 295.431243896484375 303.17498779296875 317.881256103515625 330.3125 354.08123779296875 382.306243896484375 390.637481689453125 389.78125 380.41876220703125 371.1875 364.48748779296875 347.056243896484375 327.38751220703125 317.556243896484375 325.70001220703125 329.1875 330.61248779296875 341.243743896484375 353.15625 358.631256103515625 360.056243896484375 357.20623779296875 349.79376220703125 330.90625 318.681243896484375 319.58123779296875 320.09375
