data/historical-monthly-weather-data/wc2.1_cruts4.09_10m_prec_1983-09.asc
ncols        51
nrows        45
xllcorner    -63.500000000000
yllcorner    -7.500000000000
cellsize     0.166666666667
NODATA_value -9999
[rows 19 to 37 of 45, columns 0 to 43 of 51]
110.27500152587890625 114.1999969482421875 116.77500152587890625 120.40625 124.1125030517578125 127.09375 128.475006103515625 128.5749969482421875 128.756256103515625 126.5437469482421875 123.1875 117.93125152587890625 111.5625 105.15625 99.40625 95.2062530517578125 89.6999969482421875 88.53125 85.8125 86.7375030517578125 84.3312530517578125 83.1125030517578125 85.36875152587890625 85.9812469482421875 84.78125 80.8249969482421875 76.03125 71.4187469482421875 64.24375152587890625 57.69374847412109375 53.53125 56.40625 57.293750762939453125 58.90000152587890625 57.99375152587890625 51.1875 44.09999847412109375 38.075000762939453125 32.65625 26.825000762939453125 21.056249618530273438 16.899999618530273438 14.856249809265136719 13.59375
101.8000030517578125 106.6875 110.7312469482421875 114.9875030517578125 118.96250152587890625 121.25624847412109375 123.55625152587890625 124.8625030517578125 126.2312469482421875 125.6750030517578125 122.78125 118.86875152587890625 112.65625 105.0812530517578125 100.1437530517578125 94.06874847412109375 88.77500152587890625 85.61875152587890625 85.8562469482421875 84.2937469482421875 84.9499969482421875 86.09375 86.8249969482421875 87.1125030517578125 86.96875 83.8249969482421875 78.18125152587890625 71.9187469482421875 66.1750030517578125 63.450000762939453125 61.625 63.33750152587890625 64.28749847412109375 66.3249969482421875 68.0812530517578125 58.28749847412109375 46.78125 38.5625 32.13124847412109375 26.512500762939453125 21.618749618530273438 18.1875 15.925000190734863281 14.399999618530273438
94.9187469482421875 98.63124847412109375 102.99375152587890625 107.78125 113.1999969482421875 116.8562469482421875 119.27500152587890625 122.125 124.1999969482421875 124.63124847412109375 123.0187530517578125 120.1875 116.1374969482421875 109.8937530517578125 104.3312530517578125 97.2062530517578125 91.9499969482421875 88.49375152587890625 88.3874969482421875 87.02500152587890625 84.9812469482421875 85.65000152587890625 86.38124847412109375 86.2937469482421875 85.19374847412109375 83.0437469482421875 80.3249969482421875 74.83750152587890625 71.2624969482421875 69.46875 67.96250152587890625 68.00624847412109375 67.7937469482421875 68.19374847412109375 65.15625 56.856250762939453125 46.356250762939453125 38.46250152587890625 32.0625 26.943750381469726562 22.674999237060546875 19.768749237060546875 17.674999237060546875 15.90625
88.90000152587890625 93.59999847412109375 97.4187469482421875 102.6437530517578125 108.1999969482421875 112.0187530517578125 115.6875 119.28125 123.06874847412109375 123.65000152587890625 124.6875 123.3562469482421875 122.15625 117.18125152587890625 109.15000152587890625 101.5812530517578125 95.09375 92.27500152587890625 90.4187469482421875 89.03749847412109375 87.18125152587890625 87.21250152587890625 86.8874969482421875 85.1875 84.6062469482421875 82.6750030517578125 79.86875152587890625 77.44374847412109375 74.15625 72.08750152587890625 71.49375152587890625 71.6875 69.55625152587890625 66.7624969482421875 61.512500762939453125 52.549999237060546875 44.34999847412109375 37.362499237060546875 31.899999618530273438 27.78125 24.318750381469726562 21.549999237060546875 19.350000381469726562 17.387500762939453125
84.3312530517578125 87.46875 92.15625 97.09999847412109375 102.1437530517578125 107.2624969482421875 111.53749847412109375 115.19374847412109375 119.05625152587890625 120.78125 121.9499969482421875 123.7687530517578125 125.90625 121.0749969482421875 112.21250152587890625 104.24375152587890625 98.1875 95.4812469482421875 93.8312530517578125 91.83750152587890625 89.9812469482421875 88.8312530517578125 88.9250030517578125 87.15625 85.47499847412109375 82.4562530517578125 79.5500030517578125 77.1374969482421875 75.77500152587890625 74.44374847412109375 73.625 73.65000152587890625 70.0187530517578125 65.7312469482421875 60.11875152587890625 51.018749237060546875 43.856250762939453125 38.075000762939453125 33.125 29.5625 26.106250762939453125 23.462499618530273438 21.431249618530273438 19.475000381469726562
80.97499847412109375 83.05625152587890625 87.18125152587890625 92.0187530517578125 99.8249969482421875 104.28749847412109375 108.0187530517578125 111.7375030517578125 115.1062469482421875 117.8125 119.8874969482421875 120.6374969482421875 121.27500152587890625 118.5124969482421875 112.30625152587890625 105.4875030517578125 100.46875 97.5812530517578125 95.8000030517578125 94.6750030517578125 93.0812530517578125 91.4187469482421875 91.9812469482421875 89.99375152587890625 86.25624847412109375 84.0437469482421875 81.00624847412109375 78.7687530517578125 77.24375152587890625 76.4812469482421875 75.4187469482421875 74.6374969482421875 71.3125 66.3874969482421875 60.13124847412109375 51.950000762939453125 45.77500152587890625 40.200000762939453125 35.299999237060546875 31.46875 27.924999237060546875 25.612499237060546875 23.668750762939453125 22.174999237060546875
79.6062469482421875 82.2375030517578125 85.2375030517578125 90.9250030517578125 96.97499847412109375 100.97499847412109375 104.9187469482421875 108.33750152587890625 111.4187469482421875 114.5437469482421875 115.66249847412109375 116.5187530517578125 116.5500030517578125 114.24375152587890625 110.28125 105.5437469482421875 101.1374969482421875 99.3562469482421875 97.80625152587890625 96.71250152587890625 95.27500152587890625 93.56874847412109375 94.28125 92.2375030517578125 88.55625152587890625 85.1062469482421875 83.1687469482421875 81.6750030517578125 79.5124969482421875 78.7312469482421875 77.58750152587890625 76.9375 72.1062469482421875 66.84999847412109375 61.40000152587890625 55.043750762939453125 48.5 42.856250762939453125 38.375 34.03125 30.512500762939453125 28 26.012500762939453125 24.612499237060546875
81.3249969482421875 82.6437530517578125 85.6062469482421875 90.3937530517578125 94.86875152587890625 98.6687469482421875 101.8937530517578125 104.5124969482421875 106.50624847412109375 109.55625152587890625 112 113.1437530517578125 112.7937469482421875 111.5187530517578125 108.7687530517578125 105.21250152587890625 102.6750030517578125 100.5625 99.3937530517578125 98.46875 97.7312469482421875 96.3249969482421875 96.53125 95.9375 91.80625152587890625 88.5500030517578125 86.46250152587890625 83.90625 81.6999969482421875 80.5500030517578125 79.2937469482421875 77.61875152587890625 73.90000152587890625 68.75624847412109375 62.88124847412109375 57.15000152587890625 51.293750762939453125 45.50624847412109375 40.9375 36.58750152587890625 32.53125 30.087499618530273438 28.15625 26.193750381469726562
83.24375152587890625 84.3125 86.9250030517578125 89.65000152587890625 93.3625030517578125 96.1687469482421875 99.1750030517578125 101.6374969482421875 103.1374969482421875 106.25 108.4250030517578125 109.5 109.59999847412109375 109.75 107.46875 104.88124847412109375 102.71250152587890625 101.25 100.4375 100.4875030517578125 99.8562469482421875 99.2312469482421875 99.59999847412109375 98.40000152587890625 95.6437530517578125 92 89.3249969482421875 86.58750152587890625 84.13124847412109375 83.2312469482421875 81.15000152587890625 79.34999847412109375 75.8312530517578125 70.5 65.02500152587890625 59.3125 54.3125 48.981250762939453125 44.137500762939453125 39.487499237060546875 35.200000762939453125 32.668750762939453125 29.893749237060546875 27.981250762939453125
85.4875030517578125 85.8874969482421875 86.91249847412109375 88.41249847412109375 90.6999969482421875 92.83750152587890625 95.3125 98.03125 100.1125030517578125 102.61875152587890625 104.625 105.53125 107.15625 107.0749969482421875 105.3874969482421875 105.09999847412109375 104.96875 101.7062530517578125 100.90625 101.4375 101.8125 102.2624969482421875 103.25624847412109375 102.1374969482421875 98.3937530517578125 95.4375 92.4875030517578125 90.03749847412109375 88.1750030517578125 85.8249969482421875 83.05625152587890625 80.83750152587890625 76.68125152587890625 71.94374847412109375 67.59375 61.856250762939453125 57.38124847412109375 52.59999847412109375 47.84375 42.8125 37.28125 33.950000762939453125 31.612499237060546875 29.850000381469726562
87.4812469482421875 87 86.2624969482421875 86.61875152587890625 87.78125 90.1062469482421875 92.71875 95.38124847412109375 97.41249847412109375 99.46875 101.3562469482421875 103.41249847412109375 105.03749847412109375 105.7062530517578125 105.7624969482421875 104.93125152587890625 104.02500152587890625 102.74375152587890625 101.3562469482421875 101.8562469482421875 103.30625152587890625 105.16249847412109375 105.81874847412109375 104.05625152587890625 101.8125 99.90000152587890625 96.33750152587890625 93.00624847412109375 89.8562469482421875 87.8125 85.83750152587890625 83.5625 78.8125 73.93125152587890625 69.71250152587890625 64.53125 60.21875 56.231250762939453125 50.5 46.19374847412109375 41.174999237060546875 37.36875152587890625 34.27500152587890625 32.28125
87.75624847412109375 86.5500030517578125 86.0812530517578125 84.93125152587890625 85.6437530517578125 88.21250152587890625 90.09999847412109375 92.5625 94.97499847412109375 97.41249847412109375 99.2937469482421875 101.27500152587890625 104.9499969482421875 105.67499542236328125 105.4187469482421875 104.74375152587890625 105.2312469482421875 104.3937530517578125 103.13124847412109375 104.44374847412109375 106.15000152587890625 108.9499969482421875 110.49375152587890625 108.25 105.5437469482421875 103.77500152587890625 99.8937530517578125 96.00624847412109375 92.6125030517578125 89.1437530517578125 87.6750030517578125 85.58124542236328125 80.5500030517578125 76.72499847412109375 72.4187469482421875 66.59999847412109375 62.43125152587890625 58.862499237060546875 54.25624847412109375 49.787502288818359375 44.5625 40.43125152587890625 37.03125 34.581249237060546875
88.53125 85.58750152587890625 84.19374847412109375 83.28749847412109375 84.2375030517578125 85.9812469482421875 88.11875152587890625 90.5812530517578125 93.3625030517578125 95.5625 97.9499969482421875 100.05625152587890625 102.15625 104.6999969482421875 105.9875030517578125 107.4250030517578125 107.4375 107.09999847412109375 107.38124847412109375 109.65000152587890625 112.06874847412109375 113.0625 115 112.09999847412109375 110.93125152587890625 107.2312469482421875 102.4812469482421875 99.3874969482421875 95.6437530517578125 92.1687469482421875 90.19374847412109375 86.96250152587890625 82.34375 78.2375030517578125 73.6687469482421875 68.0187530517578125 63.762500762939453125 59.58750152587890625 55.456249237060546875 51.418750762939453125 47.018749237060546875 42.981250762939453125 39.768749237060546875 37.02500152587890625
86.90000152587890625 84.53125 82.65625 81.84375 82.28749847412109375 84.06874847412109375 86.3874969482421875 88.09375 90.84999847412109375 92.9562530517578125 98.03125 99.53125 102.3874969482421875 107.1125030517578125 108.75 111.19374847412109375 112.3312530517578125 113.9499969482421875 114.7062530517578125 116.962493896484375 118.22499847412109375 118.86875152587890625 118.6750030517578125 115.9499969482421875 114.1999969482421875 110.0625 105.34375 101.84999847412109375 98.15000152587890625 95.78125 92.77500152587890625 89.53125 84.08750152587890625 79.5749969482421875 75.1999969482421875 69.44374847412109375 64.46250152587890625 59.31874847412109375 55.768749237060546875 52.862499237060546875 49.168750762939453125 45.74375152587890625 42.987499237060546875 40.25624847412109375
84.2937469482421875 82.6999969482421875 81.6062469482421875 80.71250152587890625 80.49375152587890625 82.03749847412109375 84.3562469482421875 86.0500030517578125 88.4187469482421875 91.7312469482421875 95.6125030517578125 100.1374969482421875 103.58750152587890625 106.84999847412109375 110.5437469482421875 113.7624969482421875 117.5625 120.24375152587890625 122.46250152587890625 124.81874847412109375 125.40625 124.54375457763671875 123.2687530517578125 119.28125 115.9499969482421875 111.84999847412109375 107.2687530517578125 103.75624847412109375 99.8312530517578125 97.25624847412109375 94.74375152587890625 91.58750152587890625 86.0749969482421875 80.77500152587890625 76.06874847412109375 71.34999847412109375 65.2312469482421875 59.69374847412109375 56.77500152587890625 53.81874847412109375 50.66249847412109375 48.487499237060546875 46.487499237060546875 44.137500762939453125
82.50624847412109375 81.1374969482421875 80.30625152587890625 79.96250152587890625 79.77500152587890625 80.63124847412109375 82.84999847412109375 84.46250152587890625 86.34375 90.0187530517578125 95.11875152587890625 100.93125152587890625 105.15625 109.28749847412109375 113.61875152587890625 118.22499847412109375 122.52500152587890625 125.28749847412109375 130.006256103515625 132.2437591552734375 132.806243896484375 130.9187469482421875 127.21250152587890625 122.03749847412109375 116.875 113.68125152587890625 109.80625152587890625 105.6374969482421875 101.7062530517578125 98.65625 95.97499847412109375 92.2687530517578125 86.8874969482421875 81.59375 76.1999969482421875 70.59375 65.2375030517578125 60.75624847412109375 57.731250762939453125 55.456249237060546875 52.049999237060546875 49.90625 48.84375 46.72499847412109375
81.41249847412109375 79.8312530517578125 79.5437469482421875 79.3937530517578125 79.28125 80.45000457763671875 81.5500030517578125 83.71250152587890625 85.9499969482421875 89.02500152587890625 94.34999847412109375 100.28125 106.47499847412109375 112.16249847412109375 116.88124847412109375 122.1875 126.66249847412109375 130.774993896484375 135.6750030517578125 139.6999969482421875 137.9250030517578125 134.837493896484375 129.125 122.72499847412109375 117.9187469482421875 114.1437530517578125 109.94374847412109375 106.4875030517578125 103.1374969482421875 99.59375 96.7624969482421875 93.28125 87.3249969482421875 82.09375 76.7312469482421875 71.1125030517578125 67.22499847412109375 62.762500762939453125 59.893749237060546875 57.49375152587890625 55.02500152587890625 52.8125 51.1875 49.52500152587890625
80.3937530517578125 79.1687469482421875 78.78125 78.4187469482421875 79.11875152587890625 80.21875 81.5812530517578125 83.25624847412109375 85.8249969482421875 87.9375 94.0749969482421875 103.56874847412109375 110.4375 116.2624969482421875 121.6062469482421875 126.1750030517578125 131.243743896484375 134.162506103515625 137.8249969482421875 140.9250030517578125 140.068756103515625 134.462493896484375 128.6125030517578125 121.75 116.9562530517578125 113.6125030517578125 109.41249847412109375 106.03125 103.1999969482421875 100.03125 96.78125 93.4375 88.1750030517578125 83.05625152587890625 77.8249969482421875 73.1875 69.27500152587890625 65.6374969482421875 62.43125152587890625 59.668750762939453125 57.15625 54.86875152587890625 53.637500762939453125 52.41249847412109375
78.8000030517578125 78.2062530517578125 78.15625 77.7312469482421875 78.72499847412109375 80.3312530517578125 82.03125 84.1875 87.3625030517578125 89.65000152587890625 101.1750030517578125 110.375 115.9499969482421875 121.0187530517578125 125.84999847412109375 130.693756103515625 133.4250030517578125 135.975006103515625 137.193756103515625 137.806243896484375 137.056243896484375 131.7687530517578125 126.4187469482421875 119.7937469482421875 114.8249969482421875 111.2312469482421875 108.46875 106.0500030517578125 103.6875 100.6374969482421875 95.90625 92.34999847412109375 87.6875 83.94374847412109375 79.4187469482421875 74.0625 70.61875152587890625 67.3000030517578125 65.3000030517578125 62.9375 59.58750152587890625 58.375 56.106250762939453125 54.518749237060546875
