data/historical-monthly-weather-data/wc2.1_cruts4.09_10m_prec_1986-10.asc
ncols        51
nrows        45
xllcorner    -63.500000000000
yllcorner    -7.500000000000
cellsize     0.166666666667
NODATA_value -9999
[rows 0 to 19 of 45, columns 0 to 43 of 51]
250.0187530517578125 245.9375 238.662506103515625 235.0500030517578125 229.475006103515625 221.1999969482421875 209.8000030517578125 199.056243896484375 189.1875 181.5625 176.46875 171.0124969482421875 164.850006103515625 156.837493896484375 149.912506103515625 143.162506103515625 136.587493896484375 129.399993896484375 123.38124847412109375 117.7312469482421875 114.0812530517578125 110.31874847412109375 107.20000457763671875 105.2687530517578125 103.90625 103.1125030517578125 103.2062530517578125 103.7624969482421875 105.0749969482421875 107.8625030517578125 111.2937469482421875 114.9250030517578125 118.9875030517578125 123.58750152587890625 128.8874969482421875 134.662506103515625 140.6062469482421875 146.4375 151.618743896484375 156.5 161.3249969482421875 165.131256103515625 167.3249969482421875 168.024993896484375
248.6750030517578125 246.162506103515625 244.524993896484375 246.5500030517578125 248.2687530517578125 239.4812469482421875 229.1062469482421875 220.850006103515625 213.5 205.9375 198.8874969482421875 190.875 182.375 173.34375 164.443756103515625 156.3625030517578125 147.46875 139.6999969482421875 132.84375 126.9187469482421875 122.75 119.36875152587890625 116.3000030517578125 113.91249847412109375 111.75 109.53749847412109375 109.27500152587890625 109.15625 109.34375 110.91249847412109375 114.4375 118.59375 123.06874847412109375 128.443756103515625 133.506256103515625 139.274993896484375 146.28125 152.59375 158.149993896484375 163.0124969482421875 168.125 172.243743896484375 174.725006103515625 175.337493896484375
240.0124969482421875 239.65625 240.443756103515625 245.993743896484375 251.056243896484375 247.6062469482421875 243.7687530517578125 241.649993896484375 238.0812530517578125 231.8062591552734375 223.3249969482421875 212.4562530517578125 201.4375 189.9812469482421875 179.162506103515625 169.1437530517578125 159.6750030517578125 151.78125 144.725006103515625 138.743743896484375 134.537506103515625 131.78125 128.681243896484375 125.2937469482421875 122.06874847412109375 119.34375 117.72499847412109375 116.4250030517578125 114.6374969482421875 116.25624847412109375 119.86875152587890625 123.36875152587890625 128.306243896484375 134.587493896484375 140.818756103515625 147.5812530517578125 155.068756103515625 162.90625 169.40625 174.8625030517578125 180.443756103515625 184.3937530517578125 186.8937530517578125 188.274993896484375
228.7312469482421875 228.8249969482421875 234.037506103515625 239.5124969482421875 247.350006103515625 249.818756103515625 254.0187530517578125 259.46875 262.67498779296875 259.35626220703125 248.568756103515625 233.712493896484375 219.3000030517578125 205.9187469482421875 194.3249969482421875 182.4562530517578125 171.6999969482421875 164.3625030517578125 157.818756103515625 152.243743896484375 148.3937530517578125 144.850006103515625 140.90625 136.9250030517578125 132.693756103515625 128.6875 125.68125152587890625 122.6687469482421875 119.91249847412109375 121.02500152587890625 124.2312469482421875 128.1437530517578125 132.90625 139.131256103515625 145.5625 154.837493896484375 164.25 173.40625 181.2062530517578125 187.71875 192.6062469482421875 196.875 199.5999908447265625 201.6750030517578125
227.9499969482421875 223.3499908447265625 223.96875 230.1374969482421875 241.243743896484375 249.7312469482421875 259.54998779296875 271.162506103515625 283.074981689453125 286.98748779296875 271.75 250.65625 234.25 220.65625 207.506256103515625 194.3625030517578125 183.3125 175.3562469482421875 168.90625 163.6687469482421875 160.725006103515625 156.774993896484375 152.53125 147.9812469482421875 142.725006103515625 137.725006103515625 132.65625 128.818756103515625 125.59999847412109375 125.40000152587890625 127.96875 131.287506103515625 137.1125030517578125 143.912506103515625 151.7624969482421875 161.506256103515625 172.2937469482421875 183.556243896484375 191.693756103515625 198.787506103515625 204.100006103515625 207.256256103515625 210.756256103515625 213
227.5749969482421875 223.493743896484375 219.475006103515625 218.71875 231.4375 244.375 255.5749969482421875 267.91876220703125 281.11248779296875 290.35626220703125 272.912506103515625 252.0875091552734375 237.993743896484375 225.3125 213.068756103515625 202.212493896484375 191.5187530517578125 184.712493896484375 179.881256103515625 175.3625030517578125 171.9875030517578125 167.931243896484375 163.4499969482421875 156.787506103515625 150.556243896484375 144.40625 138.1999969482421875 132.7687530517578125 129.256256103515625 128.46875 130.4875030517578125 134.381256103515625 139.9875030517578125 147.350006103515625 155.631256103515625 166.131256103515625 177.4812469482421875 190.1875 200.4375 206.274993896484375 208.3937530517578125 211.681243896484375 214.6125030517578125 218.0500030517578125
232.4187469482421875 228.100006103515625 223.493743896484375 220.8562469482421875 228.9812469482421875 237.78125 246.256256103515625 253.3499908447265625 258.0625 258.431243896484375 254.212493896484375 244.725006103515625 236.024993896484375 227.1437530517578125 217.21875 208.34375 199.625 193.6875 189.4875030517578125 186.693756103515625 183.4812469482421875 179.243743896484375 173.8249969482421875 166.256256103515625 158.8249969482421875 151.34375 144.4499969482421875 137.5812530517578125 132.09375 131.5625 133.131256103515625 136.0187530517578125 141.65625 149.5187530517578125 158.4812469482421875 168.28125 179.743743896484375 192.631256103515625 205.1999969482421875 208.3000030517578125 208.943756103515625 209.993743896484375 213.181243896484375 217.837493896484375
239.1875 234.15625 231.7437591552734375 232.3125 235.8000030517578125 240.024993896484375 240.1125030517578125 235.6374969482421875 227.056243896484375 225.6062469482421875 232.3125 233.100006103515625 231.537506103515625 226.875 221.274993896484375 214.443756103515625 207.6062469482421875 202.975006103515625 200.0437469482421875 198.743743896484375 195.6750030517578125 190.6999969482421875 184.65625 176.1687469482421875 167.3562469482421875 157.9875030517578125 149.412506103515625 140.787506103515625 134.0437469482421875 132.056243896484375 133.475006103515625 136.4250030517578125 142.4375 150.493743896484375 158.8625030517578125 167.943756103515625 177.256256103515625 188.287506103515625 196.4562530517578125 199.6875 199.881256103515625 199.65625 200.837493896484375 203.5500030517578125
246.8249969482421875 243.9562530517578125 243.631256103515625 243.931243896484375 245.9875030517578125 245.84375 241.8312530517578125 230.4625091552734375 212.056243896484375 204.850006103515625 216.9875030517578125 223.381256103515625 226.0749969482421875 224.100006103515625 222.46875 219.912506103515625 216.193756103515625 214.118743896484375 213.118743896484375 211.2687530517578125 207.0187530517578125 201.7375030517578125 193.318756103515625 184.6062469482421875 173.71875 162.350006103515625 151.712493896484375 143.625 136.3874969482421875 133.2624969482421875 134.1374969482421875 136.2937469482421875 141.100006103515625 147.6999969482421875 154.5124969482421875 162.8874969482421875 171.337493896484375 178.850006103515625 183.087493896484375 185.15625 184.3874969482421875 181.743743896484375 181.181243896484375 179.6437530517578125
255.7437591552734375 254.1437530517578125 253.8312530517578125 255.4562530517578125 258.024993896484375 256.63751220703125 250.631256103515625 237.975006103515625 222.15625 214.75 218.1374969482421875 220.8125 223.493743896484375 223.212493896484375 225.037506103515625 226.3937530517578125 225.931243896484375 226.21875 226.618743896484375 227.100006103515625 221.21875 213.7624969482421875 203.118743896484375 191.3312530517578125 177.4562530517578125 164.850006103515625 154.5 145 137.681243896484375 134.306243896484375 133.3562469482421875 134.8562469482421875 138.912506103515625 144.8249969482421875 151.193756103515625 158.037506103515625 164.1374969482421875 169.1062469482421875 171.4250030517578125 170.649993896484375 168.2062530517578125 163.756256103515625 159.2624969482421875 154.9875030517578125
264.76251220703125 263.931243896484375 263.556243896484375 265.35626220703125 268.337493896484375 270.712493896484375 265.66876220703125 251.4187469482421875 236.7687530517578125 228.6062469482421875 226.631256103515625 225.556243896484375 224.600006103515625 224.9499969482421875 229.09375 232.6125030517578125 235.743743896484375 237.881256103515625 240.2624969482421875 242.5187530517578125 238.243743896484375 227.712493896484375 213.662506103515625 196.5187530517578125 182.3562469482421875 169.875 159.25 149.306243896484375 140.1875 136.225006103515625 134.618743896484375 134.9499969482421875 138.3625030517578125 143.0812530517578125 147.6437530517578125 152.381256103515625 156.5749969482421875 158.631256103515625 158.8937530517578125 156.431243896484375 152.256256103515625 146.337493896484375 141 134
270.6875 269.975006103515625 270.149993896484375 272.993743896484375 276.899993896484375 280.3125 277.993743896484375 262.087493896484375 248.181243896484375 238.3000030517578125 233.1437530517578125 231.78125 230.506256103515625 231.618743896484375 236.9562530517578125 240.53125 244.306243896484375 246.71875 249.6437530517578125 253.931243896484375 252.631256103515625 240.4499969482421875 223.0625 203.15625 185.725006103515625 170.743743896484375 158.868743896484375 149.8874969482421875 141.8249969482421875 137.9875030517578125 134.8249969482421875 133.96875 135.881256103515625 139.4250030517578125 143.131256103515625 146.024993896484375 148.056243896484375 149.056243896484375 147.1999969482421875 143.7624969482421875 137.5500030517578125 130.6875 124.375 117.81874847412109375
274.587493896484375 274.67498779296875 275.07501220703125 276.98748779296875 280.34375 281.600006103515625 276.375 265.806243896484375 253.681243896484375 245.3937530517578125 239.75 238.0187530517578125 238.399993896484375 238.287506103515625 243.2312469482421875 248.1125030517578125 250.96875 253.931243896484375 257.07501220703125 260.193756103515625 261 249.1437530517578125 229.9375 209.024993896484375 185.006256103515625 168.28125 160.34375 151.4875030517578125 144.1374969482421875 139.53125 135.40625 132.46875 133.75 135.5625 138.118743896484375 140.118743896484375 140.837493896484375 141.412506103515625 139.4875030517578125 133.243743896484375 126.50624847412109375 120.25624847412109375 112.71875 100.44374847412109375
276.625 276.712493896484375 277.29376220703125 278.54998779296875 279.95001220703125 279.23126220703125 274.131256103515625 267.15625 258.07501220703125 249.524993896484375 243.306243896484375 242.587493896484375 243.75 245.7687530517578125 247.96875 252.78125 254.875 256.475006103515625 257.918731689453125 259.23748779296875 257.712493896484375 247.118743896484375 232.4250030517578125 213.90625 193.068756103515625 176.837493896484375 166.3187408447265625 155.9187469482421875 146.9562530517578125 140.131256103515625 134.337493896484375 130.725006103515625 130.8249969482421875 131.8937530517578125 133.693756103515625 135.2375030517578125 135.912506103515625 136.818756103515625 134.899993896484375 129.524993896484375 120.5625 110.6062469482421875 102.58750152587890625 94.4187469482421875
277.26873779296875 277.86248779296875 277.14373779296875 278.07501220703125 278.774993896484375 276.92498779296875 274.431243896484375 269.287506103515625 260.53125 252.899993896484375 247.34375 246.84375 248.03125 250.34375 251.4187469482421875 255.2937469482421875 255.868743896484375 254.681243896484375 253.4812469482421875 254 251.7312469482421875 244.65625 234.96875 222.7312469482421875 208.037506103515625 192.2312469482421875 177.0124969482421875 162.537506103515625 150.131256103515625 140.3937530517578125 132.5 127.27500152587890625 126.8249969482421875 128.3000030517578125 129.7062530517578125 130.337493896484375 131.9187469482421875 135.40625 136.03125 129.3000030517578125 118.20000457763671875 108.80625152587890625 102.25 95.86875152587890625
275.787506103515625 275.88751220703125 275.63751220703125 276.5625 276.912506103515625 275.96875 273.59375 268.9375 261.98126220703125 255.625 249.3000030517578125 247.681243896484375 249.2312469482421875 252.100006103515625 253.8937530517578125 255.3874969482421875 252.78125 249.818756103515625 247.2937469482421875 246.0812530517578125 243.1999969482421875 240.375 237.181243896484375 233.1374969482421875 222.4875030517578125 206.212493896484375 188.287506103515625 170.3000030517578125 154.037506103515625 140.6125030517578125 130.5437469482421875 123.18125152587890625 121.7375030517578125 122.80625152587890625 123.0625 122.47499847412109375 127.06874847412109375 131.931243896484375 134.7937469482421875 129.0749969482421875 120.1374969482421875 111.96250152587890625 104.93125152587890625 97.8562469482421875
271.51873779296875 272.23126220703125 273.79998779296875 275.756256103515625 276.125 275.45623779296875 273.756256103515625 270 263.98748779296875 256.63751220703125 249.8937530517578125 247.943756103515625 247.993743896484375 249.6374969482421875 249.9875030517578125 249.462493896484375 244.087493896484375 239.6875 237.0812530517578125 236.131256103515625 233.7937469482421875 233.78125 236.8249969482421875 240.631256103515625 236.181243896484375 216.1437530517578125 196.4562530517578125 174.6875 154.868743896484375 139.243743896484375 128.1437530517578125 121.11875152587890625 116.65625 114.1437530517578125 112.8625030517578125 115.46875 121.41249847412109375 133.0749969482421875 142.618743896484375 134.118743896484375 123.6750030517578125 115.74375152587890625 107.5187530517578125 101.15625
267.20001220703125 269.274993896484375 272.875 275.850006103515625 277.58123779296875 278.60626220703125 277.975006103515625 274.506256103515625 268.01873779296875 260.537506103515625 253.2687530517578125 248.649993896484375 245.90625 243.743743896484375 241.5124969482421875 238.3125 232.4250030517578125 226.837493896484375 225.3375091552734375 224.0812530517578125 222.375 223.412506103515625 228.193756103515625 234.5437469482421875 232.774993896484375 217.34375 200.4250030517578125 176.975006103515625 154.125 135.5500030517578125 122.81874847412109375 115.08750152587890625 113.1687469482421875 112.71875 108.38124847412109375 103.40000152587890625 115.0812530517578125 129.693756103515625 137.3312530517578125 135.2375030517578125 126.83750152587890625 119.6687469482421875 111.6750030517578125 105.18125152587890625
260.943756103515625 265.95623779296875 271.53125 276.53125 280.537506103515625 282.1875 282.1875 279.98748779296875 274.51873779296875 265.462493896484375 255.1750030517578125 248.756256103515625 242.375 236.506256103515625 232.225006103515625 229.087493896484375 223.087493896484375 216.381256103515625 214.6062469482421875 212.631256103515625 210.600006103515625 214.931243896484375 215.6437530517578125 221.2062530517578125 220.4375 212.2874908447265625 196.3937530517578125 175.006256103515625 153.75 132.9375 117.27500152587890625 113.34999847412109375 117.25 116.0124969482421875 112.34999847412109375 109.71875 116.61875152587890625 125.7937469482421875 131.818756103515625 132.34375 127.91249847412109375 124.69374847412109375 116.1750030517578125 109.3625030517578125
253.125 261.243743896484375 268.48748779296875 275.51251220703125 281.92498779296875 286.118743896484375 288.23748779296875 287.412506103515625 281.11248779296875 271.79998779296875 259.76251220703125 249.65625 240.0124969482421875 230.6999969482421875 224.9812469482421875 220.9562530517578125 214.0124969482421875 210.5812530517578125 208.850006103515625 208.631256103515625 204.0749969482421875 203.725006103515625 208.4375 212.181243896484375 210.712493896484375 202.506256103515625 189.09375 173.3625030517578125 153.0625 133.9375 120.7687530517578125 120.1687469482421875 123.125 126.19374847412109375 127.4499969482421875 124.5500030517578125 124.6437530517578125 127.7624969482421875 130.274993896484375 130.743743896484375 129.506256103515625 127.0749969482421875 120.1062469482421875 113.1125030517578125
