data/historical-monthly-weather-data/wc2.1_cruts4.09_10m_prec_1966-12.asc
ncols        51
nrows        45
xllcorner    -63.500000000000
yllcorner    -7.500000000000
cellsize     0.166666666667
NODATA_value -9999
[rows 0 to 19 of 45, columns 0 to 44 of 51]
138.899993896484375 132.100006103515625 124.80625152587890625 119.47499847412109375 113.2937469482421875 108.33750152587890625 103.06874847412109375 97.3562469482421875 93.36875152587890625 90.00624847412109375 88.25624847412109375 87.41249847412109375 87.3562469482421875 86.52500152587890625 86.96250152587890625 87.6687469482421875 88.6875 88.96875 90.21875 91.52500152587890625 93.16249847412109375 94.52500152587890625 96.00624847412109375 98.2312469482421875 100.5187530517578125 102.8000030517578125 106.72499847412109375 111.06874847412109375 115.30625152587890625 117.625 119.0124969482421875 121.125 122.74375152587890625 124.0187530517578125 125.1062469482421875 127.53125 128.7312469482421875 129.7312469482421875 129.712493896484375 129.9875030517578125 129.8312530517578125 128.774993896484375 127.63124847412109375 125.78125 125.3625030517578125
140.662506103515625 134.2312469482421875 129.46875 125.6999969482421875 121.59999847412109375 116.3125 110.4499969482421875 106.1999969482421875 103.3312530517578125 100.4375 98.24375152587890625 96.6374969482421875 96.125 95.4562530517578125 95.4250030517578125 95.80625152587890625 96.6062469482421875 97.81874847412109375 99.5 102.0625 103.65625 104.97499847412109375 106.9375 108.88750457763671875 110.8562469482421875 112.81874847412109375 116.1437530517578125 119.6062469482421875 123.0625 125.8000030517578125 127.4562530517578125 129.868743896484375 130.7937469482421875 132.306243896484375 134.212493896484375 135.225006103515625 138.149993896484375 139.931243896484375 139.524993896484375 139.59375 139.25 137.725006103515625 136.149993896484375 132.7937469482421875 131.09375
138.587493896484375 133.399993896484375 130.225006103515625 127.625 124.96250152587890625 120.81874847412109375 117.19374847412109375 114.74375152587890625 112.94374847412109375 110.6999969482421875 108.3625030517578125 106.8000030517578125 106.3625030517578125 105.6750030517578125 105.61875152587890625 105.4562530517578125 106.21250152587890625 107.21875 108.96875 111.09999847412109375 112.6999969482421875 114.4187469482421875 116.38124847412109375 117.7312469482421875 119.19374847412109375 121.4499969482421875 124.3249969482421875 127.0437469482421875 130.243743896484375 131.712493896484375 133.274993896484375 135.368743896484375 137.443756103515625 137.8937530517578125 139.28125 141.618743896484375 143.6687469482421875 145.3249969482421875 145.7312469482421875 145.818756103515625 145.25 143.2624969482421875 140.5124969482421875 138.0124969482421875 134.8312530517578125
134.693756103515625 131.28125 130.4499969482421875 128.375 127.3937530517578125 125.21875 123.72499847412109375 123.05625152587890625 122.29375457763671875 121.5437469482421875 119.75 118.375 117.4250030517578125 116.81874847412109375 116.3562469482421875 116.375 116.8312530517578125 116.88124847412109375 118.36875152587890625 121.125 122.88124847412109375 124.3874969482421875 125.3312530517578125 126.4812469482421875 127.19374847412109375 129.3125 131.7937469482421875 133.5124969482421875 136.3874969482421875 138.056243896484375 138.912506103515625 139.7624969482421875 142 143.46875 144.2937469482421875 146.368743896484375 147.8874969482421875 149.8000030517578125 151.1062469482421875 151.15625 149.90625 147.5749969482421875 144.5187530517578125 142.024993896484375 137.931243896484375
136.618743896484375 131.100006103515625 128.774993896484375 128.818756103515625 129.53125 129.6437530517578125 129.649993896484375 130.493743896484375 131.8249969482421875 132.431243896484375 130.787506103515625 129.0500030517578125 128.725006103515625 128.4187469482421875 127.6999969482421875 127.4812469482421875 127.4812469482421875 127.28125 128.756256103515625 131.8625030517578125 133.587493896484375 134 134.40625 135.0187530517578125 135.2687530517578125 137.0500030517578125 137.9499969482421875 139.1687469482421875 141.443756103515625 143.0812530517578125 143.931243896484375 144.006256103515625 145.5500030517578125 147.03125 147.9499969482421875 150.4562530517578125 152.912506103515625 154.681243896484375 156.0812530517578125 155.975006103515625 154.587493896484375 151.756256103515625 148.743743896484375 144.943756103515625 140.7687530517578125
137.881256103515625 133.3000030517578125 130.3937530517578125 128.399993896484375 130.056243896484375 132.256256103515625 133.756256103515625 134.993743896484375 136.568756103515625 137.75 136.7937469482421875 136.0500030517578125 136.837493896484375 137.131256103515625 137.6875 137.993743896484375 138.65625 137.9875030517578125 140.524993896484375 142.850006103515625 142.912506103515625 143.15625 142.6374969482421875 142.475006103515625 142.2375030517578125 142.625 144.100006103515625 144.8937530517578125 146.037506103515625 147.225006103515625 148.100006103515625 148.837493896484375 148.8312530517578125 149.212493896484375 151.75 154.587493896484375 156.943756103515625 160.256256103515625 162.0187530517578125 160.8312530517578125 157.34375 154.3125 150.0437469482421875 146.6999969482421875 142.912506103515625
140.350006103515625 136.1875 133.75 131.53125 131.5812530517578125 133.399993896484375 135.7375030517578125 137.3249969482421875 138.375 138.743743896484375 140.475006103515625 141.6062469482421875 144.337493896484375 145.7312469482421875 147.131256103515625 148.6750030517578125 151.03125 153.149993896484375 155.8625030517578125 156.3562469482421875 154.0812530517578125 152.9562530517578125 150.9375 149.381256103515625 148.975006103515625 148.149993896484375 148.568756103515625 150.125 150.875 151.2312469482421875 151.693756103515625 152.03125 152.6750030517578125 152.7375030517578125 154.024993896484375 156.65625 159.9437408447265625 163.3874969482421875 167.037506103515625 164.7062530517578125 159.6999969482421875 155.3249969482421875 151.431243896484375 147.287506103515625 142.524993896484375
142.943756103515625 138.8874969482421875 137.0625 136.4562530517578125 136.931243896484375 137.899993896484375 138.3562469482421875 137.787506103515625 137.2687530517578125 139.28125 143.774993896484375 147.899993896484375 151.4812469482421875 155.131256103515625 157.1437530517578125 159.84375 162.9499969482421875 167.118743896484375 170.462493896484375 168.056243896484375 163.9375 160.5 157.287506103515625 154.5437469482421875 154.0187530517578125 153.243743896484375 152.8000030517578125 153.59375 155.306243896484375 155.84375 154.84375 154.725006103515625 155.6062469482421875 155.4562530517578125 157.100006103515625 158.3625030517578125 161.3937530517578125 164.0625 165.84375 163.9812469482421875 160.068756103515625 155.5500030517578125 151.53125 147.0437469482421875 141.0187530517578125
147.21875 143.6875 142.600006103515625 142.443756103515625 142.625 144.087493896484375 144.5437469482421875 143.306243896484375 140.7312469482421875 141.6687469482421875 147.931243896484375 153.681243896484375 158.537506103515625 162.4187469482421875 164.8874969482421875 167.6374969482421875 170.899993896484375 174.993743896484375 177.9562530517578125 174.725006103515625 168.381256103515625 164.350006103515625 161.1437530517578125 159.712493896484375 158.2562408447265625 156.868743896484375 156.28125 157.243743896484375 158.243743896484375 158.306243896484375 158.6687469482421875 157.881256103515625 158.3562469482421875 159.0500030517578125 159.96875 161.3249969482421875 162.7687530517578125 163.8562469482421875 164.2062530517578125 162.96875 158.9250030517578125 154.84375 151.625 147.7937469482421875 142.90625
150.625 148.006256103515625 147.65625 148.381256103515625 148.837493896484375 150.568756103515625 151.5749969482421875 151.3312530517578125 151.162506103515625 152.5812530517578125 156.90625 160.943756103515625 166.4562530517578125 169.556243896484375 172.3249969482421875 174.65625 176.9375 178.6875 179.4562530517578125 177.1374969482421875 171.3937530517578125 167.056243896484375 164.03125 163.118743896484375 161.181243896484375 159.3937530517578125 158.9375 159.5500030517578125 160.84375 161.03125 160.662506103515625 160.100006103515625 160.3937530517578125 160.5625 161.8562469482421875 163.9499969482421875 164.4875030517578125 164.6687469482421875 163.337493896484375 161.4875030517578125 158.40625 155.2687530517578125 151.3312530517578125 147.6875 143.818756103515625
155.006256103515625 152.837493896484375 152.5124969482421875 152.9499969482421875 154.537506103515625 157.625 159.5749969482421875 159.6437530517578125 160.225006103515625 162.556243896484375 166.4812469482421875 170.5124969482421875 174.556243896484375 177.6999969482421875 179.25 180.868743896484375 181.6750030517578125 181.712493896484375 180.5 177.8937530517578125 173.787506103515625 169.6750030517578125 166.8937530517578125 164.118743896484375 164.350006103515625 162.6750030517578125 161.537506103515625 160.84375 160.681243896484375 161.1062469482421875 161.03125 161.3312530517578125 161.8312530517578125 162.2312469482421875 163.2687530517578125 164.443756103515625 164.9375 164.84375 164.1437530517578125 161.693756103515625 158.5437469482421875 155.243743896484375 152.1374969482421875 149.125 145.03125
159.59375 157.4562530517578125 157.556243896484375 158.868743896484375 160.6687469482421875 164.1374969482421875 167.1437530517578125 168.0124969482421875 169.056243896484375 172.28125 176.46875 180.5437469482421875 182.46875 184.3125 185.4812469482421875 185.5500030517578125 185.40625 183.443756103515625 181.337493896484375 178.8625030517578125 174.131256103515625 170.8937530517578125 169.6437530517578125 167.818756103515625 167.6062469482421875 165.9562530517578125 163.8874969482421875 162.131256103515625 160.8874969482421875 161.2062530517578125 161.1437530517578125 161.681243896484375 162.34375 163.337493896484375 164.774993896484375 166.181243896484375 166.65625 166.90625 165.5625 163.0500030517578125 159.774993896484375 156.524993896484375 153.2750091552734375 149.8937530517578125 144.774993896484375
163.9625091552734375 162.412506103515625 163.0187530517578125 164.181243896484375 166.4812469482421875 169.6374969482421875 172.399993896484375 174.587493896484375 176.5187530517578125 180.53125 185.212493896484375 188.9499969482421875 190.212493896484375 189.912506103515625 190.7062530517578125 190.087493896484375 188.8562469482421875 186.8125 183.975006103515625 180.318756103515625 173.806243896484375 171.5749969482421875 172.274993896484375 171.337493896484375 169.4812469482421875 166.743743896484375 164.5812530517578125 162.931243896484375 161.5625 160.568756103515625 160.3125 160.59375 161.2375030517578125 162.8249969482421875 164.774993896484375 167.2937469482421875 168.875 169.462493896484375 167.756256103515625 164.225006103515625 160.318756103515625 157.8125 153.568756103515625 147.2624969482421875 142.0500030517578125
167.1374969482421875 165.8937530517578125 166.6437530517578125 168.225006103515625 170.2375030517578125 173.4187469482421875 176.2937469482421875 179.8562469482421875 183.506256103515625 187.318756103515625 190.8000030517578125 193.6875 195.318756103515625 195.28125 194.4250030517578125 194.6187591552734375 192.8249969482421875 189.8562469482421875 186.524993896484375 182.8562469482421875 177.756256103515625 175.2375030517578125 174.787506103515625 172.962493896484375 170.6750030517578125 168.037506103515625 166.3062591552734375 163.21875 160.725006103515625 159.1374969482421875 158.5749969482421875 158.3249969482421875 159.6999969482421875 161.431243896484375 164.4562530517578125 167.5749969482421875 170.3625030517578125 172.743743896484375 171.96875 169.443756103515625 163.024993896484375 156.53125 151.1437530517578125 146.756256103515625 143.118743896484375
169.443756103515625 168.412506103515625 169.837493896484375 171.5124969482421875 173.962493896484375 177.100006103515625 181.087493896484375 184.993743896484375 188.681243896484375 192.03125 195.2375030517578125 197.899993896484375 198.899993896484375 199.274993896484375 198.100006103515625 198.100006103515625 195.59375 192.40625 189.0437469482421875 186.806243896484375 182.193756103515625 179.3937530517578125 177.6125030517578125 175.21875 173.0124969482421875 170.212493896484375 167.9812469482421875 164.7312469482421875 161.3000030517578125 157.868743896484375 155.8125 155.625 157.25 159.75 163.506256103515625 166.274993896484375 170.931243896484375 176.443756103515625 179.3562469482421875 176.743743896484375 168.787506103515625 161.09375 154.850006103515625 149.712493896484375 143.725006103515625
170.4375 170.006256103515625 171.84375 174.399993896484375 177.100006103515625 180.84375 185 188.375 192.131256103515625 196.4187469482421875 199.318756103515625 201.34375 202.2937469482421875 202.431243896484375 201.725006103515625 199.8562469482421875 197.3249969482421875 195.1750030517578125 192.0124969482421875 189.7624969482421875 186.3125 182.9875030517578125 180.743743896484375 177.8937530517578125 175.8625030517578125 174.1374969482421875 171.3562469482421875 167.2937469482421875 162.193756103515625 156.5187530517578125 153.0812530517578125 151.4499969482421875 151.9875030517578125 154.506256103515625 157.7624969482421875 161.9250030517578125 169.03125 178.1125030517578125 185.28125 184.0625 175.9375 166.5500030517578125 158.243743896484375 149.65625 144.2937469482421875
170.625 170.943756103515625 172.3000030517578125 175.59375 179.1875 182.75 187.4187469482421875 192.024993896484375 196.506256103515625 200.225006103515625 203.1374969482421875 204.34375 204.9812469482421875 204.90625 204.3562469482421875 202.0187530517578125 197.881256103515625 196.0124969482421875 194.4250030517578125 192.431243896484375 189.4499969482421875 186.4187469482421875 184.125 180.9875030517578125 179.2937469482421875 178.5187530517578125 176.1125030517578125 170.412506103515625 162.0437469482421875 154.381256103515625 149.53125 147.71875 146.7375030517578125 146.25 147.8937530517578125 153.5625 164.2062530517578125 179.806243896484375 196.2937469482421875 192 181.0812530517578125 169.7687530517578125 158.5 150.375 144.8937530517578125
168.868743896484375 169.868743896484375 171.84375 175.7312469482421875 179.8312530517578125 184.506256103515625 189.25 193.5749969482421875 198.09375 202.837493896484375 206.4499969482421875 207.4812469482421875 207.15625 206.8874969482421875 205.7624969482421875 203.056243896484375 199.0124969482421875 194.6125030517578125 195.1125030517578125 193.65625 192.118743896484375 189.71875 187.4562530517578125 185.100006103515625 183.78125 183.5187530517578125 182.375 173.787506103515625 162.0437469482421875 151.40625 144.5437469482421875 141.756256103515625 142.03125 142.4812469482421875 141.125 140.756256103515625 157.28125 176.59375 189.6437530517578125 189.037506103515625 178.6125030517578125 167.881256103515625 158.6999969482421875 151.7062530517578125 146.5437469482421875
165.912506103515625 167.4875030517578125 170.537506103515625 174.9187469482421875 179.631256103515625 184.875 189.8125 195.274993896484375 200.34375 205.4250030517578125 208.381256103515625 208.462493896484375 208.7062530517578125 208.912506103515625 207.068756103515625 203.881256103515625 199.975006103515625 195.725006103515625 193.306243896484375 192.943756103515625 193.5437469482421875 193.9250030517578125 189.9499969482421875 188.71875 188.568756103515625 188.318756103515625 185.524993896484375 177.0625 164.068756103515625 150.431243896484375 140.212493896484375 140.712493896484375 143.7312469482421875 143.8312530517578125 141.75 143.962493896484375 156.8937530517578125 170.931243896484375 180.6875 180.4250030517578125 173.1437530517578125 164.712493896484375 157.524993896484375 152.368743896484375 148.8125
162.1374969482421875 164.53125 167.712493896484375 172.662506103515625 178.3125 184.59375 190.53125 196.4812469482421875 202.3312530517578125 206.693756103515625 210.2312469482421875 211.46875 211.9187469482421875 210.9812469482421875 207.875 203.068756103515625 198.381256103515625 195.8562469482421875 194.0749969482421875 193.5374908447265625 192.9562530517578125 192.1750030517578125 192.1437530517578125 192.125 192.350006103515625 191.8874969482421875 188.3874969482421875 181.5749969482421875 169.625 155.84375 147.1750030517578125 147.90625 149.875 151.5124969482421875 152.9250030517578125 155.2375030517578125 162.9375 171.7312469482421875 176.8000030517578125 175.9375 169.7062530517578125 161.243743896484375 156.962493896484375 153.850006103515625 151.34375
