data/historical-monthly-weather-data/wc2.1_cruts4.09_10m_prec_1966-10.asc
ncols        51
nrows        45
xllcorner    -63.500000000000
yllcorner    -7.500000000000
cellsize     0.166666666667
NODATA_value -9999
[rows 0 to 18 of 45, columns 0 to 43 of 51]
168.9875030517578125 168.493743896484375 164.6875 163.2062530517578125 160.1999969482421875 154.3874969482421875 146.243743896484375 138.5 130.8937530517578125 124.7937469482421875 120.53749847412109375 116.5812530517578125 112.25 106.8562469482421875 103.3625030517578125 100.1374969482421875 97.09999847412109375 94.06874847412109375 91.90000152587890625 89.5812530517578125 86.9562530517578125 83.9812469482421875 81.46875 79.9250030517578125 78.83750152587890625 78.30625152587890625 79.31874847412109375 80.81874847412109375 82.09999847412109375 79.6750030517578125 76.8874969482421875 74.30625152587890625 72.63124847412109375 71.2687530517578125 70.3000030517578125 70.5 70.81874847412109375 71.15000152587890625 72.0812530517578125 73.0187530517578125 73.96875 74.7624969482421875 74.90625 74.5437469482421875
165.6374969482421875 166.100006103515625 166.006256103515625 168.256256103515625 170.100006103515625 163.46875 155.5437469482421875 148.962493896484375 142.34375 135.506256103515625 129.225006103515625 123.2062530517578125 117.05625152587890625 110.8625030517578125 106.27500152587890625 102.44374847412109375 98.1687469482421875 95.8125 94.1374969482421875 92.53125 89.58750152587890625 86.75 84.24375152587890625 82.4562530517578125 80.90625 79.4875030517578125 80.5 81.7937469482421875 82.53125 79.69374847412109375 77.49375152587890625 75.75624847412109375 75.0437469482421875 74.8874969482421875 74.53749847412109375 75.36875152587890625 76.91249847412109375 78.11875152587890625 79.78749847412109375 81.1999969482421875 82.7312469482421875 83.7937469482421875 84.06874847412109375 83.6437530517578125
155.381256103515625 156.5 156.600006103515625 159.4812469482421875 161.943756103515625 158.5124969482421875 154.787506103515625 152.0437469482421875 147.7937469482421875 141.7937469482421875 134.6999969482421875 127.3312530517578125 120.1125030517578125 112.96875 107.84375 103.3874969482421875 99.2687530517578125 96.46250152587890625 94.1374969482421875 91.9875030517578125 88.5 85.59999847412109375 82.63124847412109375 80.28749847412109375 78.2062530517578125 76.7312469482421875 77.55625152587890625 78.84999847412109375 79 76.6750030517578125 74.8125 72.9250030517578125 72.59999847412109375 73.0124969482421875 73.3625030517578125 74.96250152587890625 77.0187530517578125 79.3312530517578125 81.75624847412109375 83.7937469482421875 85.91249847412109375 87.40625 88.24375152587890625 88.6687469482421875
143.381256103515625 143.993743896484375 145.3249969482421875 146.337493896484375 148.7937469482421875 148.743743896484375 149.7624969482421875 151.3874969482421875 151.125 146.9562530517578125 138.8937530517578125 129.975006103515625 121.53125 113.96875 109.13124847412109375 104.3125 99.88124847412109375 96.77500152587890625 93.96875 91.2937469482421875 87.38124847412109375 83.34375 79.3937530517578125 76.8000030517578125 74.28749847412109375 72.27500152587890625 73.0625 74.1687469482421875 74.5500030517578125 72.33750152587890625 70.5 69.0437469482421875 68.65000152587890625 68.99375152587890625 69.4812469482421875 72.49375152587890625 75.74375152587890625 78.90625 82.21250152587890625 85.07500457763671875 87.2624969482421875 89.53749847412109375 91.16249847412109375 92.53749847412109375
137.943756103515625 134.9562530517578125 132.2562408447265625 132.3000030517578125 135.28125 138.3125 142.2312469482421875 146.9562530517578125 151.306243896484375 151.193756103515625 141.306243896484375 129.9250030517578125 121.2375030517578125 114.3249969482421875 109.28125 104.3625030517578125 100.15000152587890625 95.93125152587890625 92.2624969482421875 88.93125152587890625 84.8874969482421875 80.1374969482421875 75.6437530517578125 72.7937469482421875 69.91249847412109375 67.625 68.02500152587890625 69.44374847412109375 70.28125 67.7624969482421875 65.875 64.375 64.625 65.30625152587890625 66.53125 70.0124969482421875 74.15000152587890625 78.55625152587890625 82.34999847412109375 85.8249969482421875 88.6125030517578125 90.97499847412109375 93.58750152587890625 95.58750152587890625
131.40625 128.037506103515625 122.5625 118.65000152587890625 122.21875 127.21875 131.4124908447265625 136.0437469482421875 140.993743896484375 143.7687530517578125 133.618743896484375 123.44374847412109375 116.78749847412109375 111.03125 106.56874847412109375 102.90625 98.7687530517578125 94.0124969482421875 89.8874969482421875 85.8312530517578125 81.4499969482421875 76.68125152587890625 72.1437530517578125 68.58750152587890625 65.5437469482421875 63.03125 63.268749237060546875 64.22499847412109375 65.28749847412109375 63.15000152587890625 61.575000762939453125 60.93125152587890625 61.575000762939453125 63.012500762939453125 64.9812469482421875 69.44374847412109375 74.55625152587890625 80.3125 85.4812469482421875 88.81874847412109375 90.63124847412109375 93.08750152587890625 95.4250030517578125 97.9187469482421875
127.4812469482421875 123.3249969482421875 117.56874847412109375 112.75624847412109375 113.71250152587890625 116.1999969482421875 118.6125030517578125 120.3312530517578125 121.2687530517578125 120.16249847412109375 117.1374969482421875 113.24375152587890625 109.9562530517578125 106.6374969482421875 103.34375 100.59999847412109375 97.25624847412109375 91.71875 86.56874847412109375 82.1999969482421875 77.78749847412109375 73.0124969482421875 68.20000457763671875 64.55625152587890625 61.325000762939453125 58.549999237060546875 58.86875152587890625 59.52500152587890625 59.99375152587890625 58.637500762939453125 57.52500152587890625 57.06874847412109375 58.31874847412109375 60.549999237060546875 63.43125152587890625 68.31874847412109375 74.27500152587890625 80.9187469482421875 87.5187530517578125 90.15625 91.66249847412109375 93.0500030517578125 95.34375 98.2687530517578125
124.46875 119.29375457763671875 114.6750030517578125 111.5124969482421875 109.9875030517578125 109.96250152587890625 108.2062530517578125 104.59999847412109375 99.93125152587890625 98.50624847412109375 100.8562469482421875 102.1062469482421875 102.6062469482421875 101.72499847412109375 100.2312469482421875 98.1062469482421875 95.2687530517578125 89.30625152587890625 83.5812530517578125 78.90000152587890625 74.38124847412109375 69.3625030517578125 64.40625 60.69374847412109375 57.200000762939453125 54.056247711181640625 54.08750152587890625 54.356250762939453125 54.66249847412109375 53.393749237060546875 52.91249847412109375 53.13124847412109375 55.11875152587890625 58 61.268749237060546875 66.5437469482421875 72.34999847412109375 78.9499969482421875 84.08750152587890625 87.09999847412109375 88.6875 89.38124847412109375 90.61875152587890625 92.4812469482421875
122.6750030517578125 118.15000152587890625 114.53749847412109375 111.2312469482421875 109.0187530517578125 107.0437469482421875 103.65000152587890625 97.36875152587890625 89.05625152587890625 85.625 90.53749847412109375 94.52500152587890625 97.27500152587890625 97.7687530517578125 96.59999847412109375 94.71250152587890625 91.8625030517578125 86.8874969482421875 82.03749847412109375 77.0812530517578125 72.1875 67.11875152587890625 61.487499237060546875 57.875 53.91249847412109375 50.375 49.987499237060546875 50.731250762939453125 51.143749237060546875 50.237499237060546875 50.38124847412109375 51.075000762939453125 53.18125152587890625 56.043750762939453125 59.268749237060546875 64.7687530517578125 70.72499847412109375 76.34375 80.11875152587890625 82.875 84.1875 83.6750030517578125 83.99375152587890625 83.78749847412109375
121.3125 116.9375 113.3249969482421875 110.65625 108.6374969482421875 106.2687530517578125 102.25 95.81874847412109375 89.1875 86.1437530517578125 87.6750030517578125 90.46875 93.63124847412109375 94.99375152587890625 93.65625 91.4812469482421875 88.40625 84.3625030517578125 80.1687469482421875 76.15625 70.74375152587890625 65.06874847412109375 58.93125152587890625 54.543750762939453125 49.96875 46.325000762939453125 46.325000762939453125 46.84999847412109375 47.52500152587890625 47.36875152587890625 47.71250152587890625 48.93125152587890625 51.3125 54.431247711181640625 58 63.33750152587890625 68.75 73.68125152587890625 76.8625030517578125 78.53749847412109375 79.18125152587890625 77.72499847412109375 76.0437469482421875 74.3937530517578125
120.0437469482421875 115.56874847412109375 111.9250030517578125 109.35625457763671875 107.50624847412109375 106.75624847412109375 103.3125 96.6437530517578125 91.06874847412109375 88.1875 87.91249847412109375 89.40625 91.24375152587890625 92.80625152587890625 90.9499969482421875 87.99375152587890625 84.88124847412109375 81.46875 78.1062469482421875 74.75 69.86875152587890625 63.356250762939453125 56.44374847412109375 50.91249847412109375 46.5625 43.237499237060546875 43.512500762939453125 44.25 44.71250152587890625 45.16249847412109375 46.09999847412109375 47.668750762939453125 50.30625152587890625 53.424999237060546875 56.768749237060546875 61.63124847412109375 66.5749969482421875 70.52500152587890625 72.93125152587890625 73.91249847412109375 73.78125 71.49375152587890625 69.24375152587890625 66.1125030517578125
119.6687469482421875 115.0812530517578125 111.65625 109.4562530517578125 107.93125152587890625 107.6125030517578125 105.3625030517578125 98.27500152587890625 93.4499969482421875 90.28749847412109375 88.9187469482421875 88.9812469482421875 89.1062469482421875 89.52500152587890625 87.80625152587890625 84.75 81.81874847412109375 78.7312469482421875 75.8000030517578125 73.24375152587890625 69.2687530517578125 62.443752288818359375 54.93125152587890625 49.15625 44.418750762939453125 40.86875152587890625 41.168750762939453125 42.46875 43.59999847412109375 44.700000762939453125 45.731250762939453125 47.4375 49.8125 52.700000762939453125 55.90625 60.143749237060546875 64.22499847412109375 67.7312469482421875 69.09999847412109375 69.53125 68.25624847412109375 65.38124847412109375 62.56874847412109375 59.55625152587890625
118.6687469482421875 114.3562469482421875 110.9875030517578125 108.4187469482421875 106.65625 105.59375 102.3937530517578125 97.5500030517578125 93.77500152587890625 91.63124847412109375 90.15000152587890625 88.4375 87.27500152587890625 85.5625 83.5625 81.1374969482421875 78.0812530517578125 75.4812469482421875 72.9375 70.30625152587890625 66.96875 60.46250152587890625 52.83750152587890625 47.34375 41.59375 38.06874847412109375 39.643749237060546875 41.293750762939453125 42.99375152587890625 44.44374847412109375 45.768749237060546875 47.268749237060546875 49.612499237060546875 52.012500762939453125 54.924999237060546875 58.825000762939453125 62.393749237060546875 65.6750030517578125 66.96875 65.8937530517578125 64.1875 61.549999237060546875 58.03125 52
116.6374969482421875 112.33750152587890625 109.09375 106.28749847412109375 103.84375 102.1687469482421875 99.1750030517578125 95.8312530517578125 93.5124969482421875 91.5625 89.9187469482421875 87.0187530517578125 84.30625152587890625 81.7937469482421875 78.77500152587890625 76.5 73.46875 70.8249969482421875 68.19374847412109375 65.46875 61.768749237060546875 55.924999237060546875 49.768749237060546875 45.393749237060546875 40.94374847412109375 38.00624847412109375 39.44374847412109375 41.13124847412109375 42.768749237060546875 44.09999847412109375 45.418750762939453125 47.125 49.21875 51.481250762939453125 54.19374847412109375 57.96875 61.52500152587890625 65.0500030517578125 66.375 65.75 62.887500762939453125 58.15000152587890625 54.19374847412109375 50.112499237060546875
113.2687530517578125 109.4187469482421875 105.84999847412109375 103.13124847412109375 100.5812530517578125 98.63124847412109375 96.7062530517578125 94.1374969482421875 91.78749847412109375 90.0812530517578125 88.38124847412109375 84.58750152587890625 80.8249969482421875 77.5625 74.21250152587890625 71.75624847412109375 68.4812469482421875 65.46875 62.56874847412109375 60.075000762939453125 56.731250762939453125 52.299999237060546875 47.831249237060546875 45.581249237060546875 43.200000762939453125 41.106250762939453125 42 43.05625152587890625 44.018749237060546875 44.88124847412109375 45.84999847412109375 47.27500152587890625 49.21875 51.6875 54.293750762939453125 57.668750762939453125 61.63124847412109375 66.50624847412109375 69.8249969482421875 69.19374847412109375 65.46875 60.293750762939453125 56.356250762939453125 52.58750152587890625
108.93125152587890625 105.21250152587890625 102.08750152587890625 99.5500030517578125 97.09999847412109375 95.5812530517578125 93.80625152587890625 91.4875030517578125 89.56874847412109375 88.03749847412109375 85.78125 80.8125 76.3249969482421875 72.4875030517578125 69.3937530517578125 66.41249847412109375 62.59375 59.5625 56.80625152587890625 54.375 51.46875 48.518749237060546875 45.94374847412109375 46.19374847412109375 45.575000762939453125 44.19374847412109375 45.00624847412109375 45.5625 45.75624847412109375 45.84999847412109375 46.387500762939453125 47.22499847412109375 48.8125 51.13124847412109375 53.237499237060546875 55.99375152587890625 61.33750152587890625 67.0625 72.40625 73.1437530517578125 71.11875152587890625 65.6875 60.46875 55.52500152587890625
103.3000030517578125 100.125 97.875 95.84999847412109375 93.5500030517578125 92.15625 90.6687469482421875 88.6875 86.9562530517578125 84.9562530517578125 82.34375 76.6750030517578125 71.08750152587890625 66.375 63.03749847412109375 59.78749847412109375 55.63124847412109375 52.737499237060546875 50.43125152587890625 48.481250762939453125 46.27500152587890625 44.50624847412109375 43.72499847412109375 46.30625152587890625 47.893749237060546875 46.59375 47.46250152587890625 47.38124847412109375 46.75624847412109375 46.4375 46.86875152587890625 48.02500152587890625 48.40625 49.18125152587890625 50.55625152587890625 54.58750152587890625 60.59375 70.02500152587890625 79.9375 80.00624847412109375 77.63124847412109375 71.49375152587890625 64.6374969482421875 59.40625
96.25 93.6687469482421875 91.9562530517578125 90.0749969482421875 87.99375152587890625 86.83750152587890625 85.3562469482421875 83.25624847412109375 81.71875 80.11249542236328125 77.7624969482421875 71.6437530517578125 65.59375 60.21875 56.40000152587890625 52.731250762939453125 48.768749237060546875 45.88124847412109375 43.99375152587890625 42.31874847412109375 41.143749237060546875 40.55625152587890625 41.0625 44.91249847412109375 47.84999847412109375 48.25624847412109375 50.106250762939453125 49.75 48.34375 47.09999847412109375 46.950000762939453125 47.81874847412109375 49.18125152587890625 50.825000762939453125 50.674999237060546875 50.96250152587890625 59.75624847412109375 70.80625152587890625 79.3125 82.58750152587890625 81.0437469482421875 75.6875 69.28125 64.1687469482421875
88.5 86.9875030517578125 85.69374847412109375 84.18125152587890625 82.49375152587890625 81.09375 79.40625 77.44374847412109375 76.59375 75.0625 72.34999847412109375 66.30625152587890625 59.86875152587890625 54.09375 50.049999237060546875 46.56874847412109375 42.825000762939453125 39.96250152587890625 38.19374847412109375 36.643749237060546875 36.268749237060546875 37.200000762939453125 37.956249237060546875 42.30625152587890625 46.106250762939453125 48.68125152587890625 50.893749237060546875 51.09375 50.206249237060546875 48.206249237060546875 46.924999237060546875 49.450000762939453125 53.40625 54.700000762939453125 54.918750762939453125 56.41249847412109375 63.012500762939453125 71.27500152587890625 78.2937469482421875 82.3000030517578125 82.63124847412109375 80.36875152587890625 74.22499847412109375 69.30625152587890625
