data/historical-monthly-weather-data/wc2.1_cruts4.09_10m_prec_1958-04.asc
ncols        45
nrows        45
xllcorner    -63.500000000000
yllcorner    -7.500000000000
cellsize     0.166666666667
NODATA_value -9999
[rows 0 to 19 of 45, columns 0 to 44 of 45]
235.1125030517578125 236.3937530517578125 238.0437469482421875 244.7624969482421875 247.524993896484375 247.631256103515625 246.774993896484375 241.7937469482421875 239.5187530517578125 240.9875030517578125 245.649993896484375 249.96875 253.068756103515625 254.2750091552734375 255.431243896484375 257.26873779296875 260.3125 259.743743896484375 261.91876220703125 264.287506103515625 267.01251220703125 271.118743896484375 274.350006103515625 278.806243896484375 280.96875 285.899993896484375 288.912506103515625 293.6875 296.95001220703125 299.04998779296875 301.475006103515625 303.975006103515625 304.125 305.91876220703125 307.45001220703125 310.76251220703125 312.162506103515625 313.837493896484375 319.125 322.756256103515625 326.337493896484375 329.57501220703125 329.662506103515625 331.70001220703125 331.78125
241.537506103515625 241.881256103515625 248.868743896484375 256.01873779296875 262.51251220703125 261.287506103515625 258.60626220703125 257.4375 256.85626220703125 257.806243896484375 261.462493896484375 263.756256103515625 265.993743896484375 266.962493896484375 266.20623779296875 268.25 268.943756103515625 269.79998779296875 271.556243896484375 272.725006103515625 274.88751220703125 277.65625 282.149993896484375 285.118743896484375 289.131256103515625 293.3125 296.381256103515625 301.75 303.79376220703125 304.806243896484375 307.5625 311.149993896484375 311.76251220703125 314.51873779296875 315.20001220703125 317.962493896484375 321.36248779296875 323.274993896484375 327.79998779296875 330.25 332.64373779296875 336.212493896484375 336.556243896484375 336.337493896484375 335.32501220703125
246.4187469482421875 249.1875 255.1875 264.100006103515625 271.774993896484375 272.51873779296875 272.318756103515625 273.32501220703125 276.53125 277.51873779296875 278.26873779296875 278.162506103515625 279.431243896484375 277.662506103515625 276.5 277.21875 277.33123779296875 278.412506103515625 279.318756103515625 281.5 284.625 288.38751220703125 291.45001220703125 294.36248779296875 299.024993896484375 303.193756103515625 307.70623779296875 309.76873779296875 310.1875 312.225006103515625 314.475006103515625 316.837493896484375 320.33123779296875 322.756256103515625 322.600006103515625 324.600006103515625 329.8125 333.73748779296875 337.17498779296875 339.91876220703125 342.256256103515625 343.606231689453125 343.774993896484375 344.01251220703125 342.57501220703125
247.1750030517578125 251.193756103515625 260.693756103515625 267.96875 275.524993896484375 279.975006103515625 283.08123779296875 286.91876220703125 293.45001220703125 297.274993896484375 296.337493896484375 292.899993896484375 289.881256103515625 287.83123779296875 285.57501220703125 285.662506103515625 286.08123779296875 286.90625 287.931243896484375 290.58123779296875 295.149993896484375 299.03125 300.899993896484375 304.78125 309.03125 311.54376220703125 316.756256103515625 317.306243896484375 317.48748779296875 321.15625 323.32501220703125 325.54376220703125 326.41876220703125 328.443756103515625 328.64373779296875 333.23126220703125 338 342.20623779296875 347.70623779296875 348.962493896484375 351.10626220703125 353.493743896484375 351.20623779296875 349.45001220703125 349.0625
259.98126220703125 260.306243896484375 262.73126220703125 270.012481689453125 280.056243896484375 285.806243896484375 289.524993896484375 296.57501220703125 307.17498779296875 315.3125 311.493743896484375 302.45623779296875 298.39373779296875 296.15625 293.34375 292.63751220703125 291.98748779296875 293.33123779296875 294.506256103515625 297.04998779296875 302.8125 306.21875 308.79998779296875 314.32501220703125 316.01873779296875 318.462493896484375 321.40625 325.399993896484375 327.76251220703125 329.26873779296875 331.475006103515625 330.60626220703125 331.21875 333.993743896484375 335.662506103515625 340.431243896484375 344.54376220703125 349.65625 355.84375 357.60626220703125 361.04998779296875 359.287506103515625 357.556243896484375 357.26251220703125 354.76251220703125
266.60626220703125 268.70001220703125 271.51873779296875 272.84375 281.85626220703125 289.42498779296875 293.98748779296875 301.774993896484375 312.568756103515625 323.23126220703125 316.412506103515625 307.912506103515625 304.57501220703125 302.631256103515625 299.17498779296875 298.693756103515625 296.13751220703125 297.17498779296875 300.462493896484375 303.90625 308.04998779296875 311.287506103515625 316.53125 320.38751220703125 323.38751220703125 326.84375 329.03125 331.95001220703125 333.70623779296875 334.625 336.21875 337.86248779296875 336.73126220703125 339.850006103515625 344.337493896484375 348.943756103515625 355.96875 361.9375 367.48748779296875 371.256256103515625 370.462493896484375 367.92498779296875 366.67498779296875 366.556243896484375 365.03125
274.631256103515625 276.85626220703125 279.743743896484375 280.07501220703125 281.5625 285.381256103515625 290.1875 296.90625 303.03125 307.54998779296875 309.04376220703125 307.85626220703125 309.087493896484375 307.34375 304.943756103515625 305.29998779296875 303.11248779296875 301.131256103515625 302.57501220703125 307.368743896484375 312.962493896484375 317.88751220703125 322.975006103515625 324.818756103515625 328.83123779296875 333.23748779296875 336.15625 336.76873779296875 337.649993896484375 339.01873779296875 341.45001220703125 342.34375 343.65625 345.256256103515625 350.11248779296875 355.84375 361.92498779296875 369.681243896484375 377.850006103515625 380.587493896484375 375.73748779296875 373.587493896484375 372.75 372.274993896484375 372.306243896484375
283.42498779296875 283.818756103515625 284.76251220703125 286.587493896484375 288.225006103515625 289.61248779296875 287.71875 285.412506103515625 284.04376220703125 287.84375 298.01873779296875 305.618743896484375 310.443756103515625 312.04998779296875 311.64373779296875 310.79998779296875 308.28125 306.024993896484375 304.83123779296875 309.943756103515625 317.524993896484375 323.868743896484375 328.15625 330.475006103515625 336.09375 338.149993896484375 340.15625 340.86248779296875 341.993743896484375 344.181243896484375 344.149993896484375 345.13751220703125 347.36248779296875 350.25 354.70001220703125 357.9375 364.899993896484375 371.82501220703125 377.20001220703125 378 375.48748779296875 375.01251220703125 373.51251220703125 371.318756103515625 369.01251220703125
290.34375 291.13751220703125 291.54376220703125 291.587493896484375 292.64373779296875 292.01873779296875 290.5 286.23748779296875 278.79376220703125 277.67498779296875 291.45623779296875 302.850006103515625 314.493743896484375 317.86248779296875 316.82501220703125 316.65625 315.556243896484375 314.568756103515625 315.381256103515625 318.23748779296875 320.125 328.39373779296875 332.34375 337.1875 341.73748779296875 341.51873779296875 342.149993896484375 343.412506103515625 344.431243896484375 346.66876220703125 348.875 347.83123779296875 348.9375 349.76873779296875 354.64373779296875 358.85626220703125 366.125 370.756256103515625 375.36248779296875 375.300018310546875 373.29998779296875 370.9375 370.54998779296875 369.6875 362.96875
296.818756103515625 296.01873779296875 296.89373779296875 297.10626220703125 296.85626220703125 296.67498779296875 296.11248779296875 292.46875 290.46875 293.51873779296875 303.274993896484375 310.86248779296875 320.04998779296875 323.868743896484375 324.54376220703125 323.25 322.45001220703125 323 324.09375 329.46875 330.850006103515625 334.537506103515625 337.32501220703125 343.46875 344.050018310546875 341.556243896484375 341.53125 342.32501220703125 344.625 349.774993896484375 349.399993896484375 347.08123779296875 347.662506103515625 349.07501220703125 353.08123779296875 358.60626220703125 363.04376220703125 367.568756103515625 370.868743896484375 372.818756103515625 372.975006103515625 370.59375 368.17498779296875 362.149993896484375 357.618743896484375
303.337493896484375 303.34375 303.34375 302.881256103515625 300.881256103515625 301.40625 301.943756103515625 300.243743896484375 302.46875 307.78125 317.181243896484375 326.01873779296875 329.03125 331.86248779296875 330.29376220703125 328.07501220703125 327.82501220703125 329.73748779296875 332.86248779296875 337.54998779296875 343.125 344.98126220703125 343.9375 339.54376220703125 343.59375 341.36248779296875 338.78125 338.65625 339.399993896484375 344.625 344.76251220703125 342.75 344.15625 345.82501220703125 349.70001220703125 352.024993896484375 355.89373779296875 360.70001220703125 364.6875 367.01251220703125 366.71875 363.82501220703125 363.462493896484375 359.743743896484375 353.70001220703125
306.95001220703125 306.20001220703125 305.850006103515625 308.4375 307.96875 307.11248779296875 309.67498779296875 311.443756103515625 316.14373779296875 322.568756103515625 331.92498779296875 340.70001220703125 338.67498779296875 337.54998779296875 335.15625 333.306243896484375 332.243743896484375 334.04998779296875 337.787506103515625 343.149993896484375 347.67498779296875 349.1875 348.4375 346.9375 342.36248779296875 334.67498779296875 331.71875 330.33123779296875 331.51873779296875 334.41876220703125 335.42498779296875 335.04998779296875 335.54376220703125 337.8125 341.54998779296875 345.149993896484375 350.61248779296875 356.29998779296875 357.25 356.83123779296875 357.54998779296875 355.82501220703125 354.006256103515625 346.46875 340.324981689453125
311.256256103515625 310.087493896484375 310.118743896484375 311.60626220703125 312.850006103515625 315.90625 317.38751220703125 319.01251220703125 323.75 332.8125 341.88751220703125 349.6875 347.837493896484375 338.38751220703125 335.33123779296875 335.65625 333.45623779296875 334.931243896484375 339.73748779296875 343.21875 347.40625 346.850006103515625 342.649993896484375 339.993743896484375 327.9375 318.4375 319.375 318.58123779296875 321.54376220703125 323.787506103515625 325.100006103515625 324.86248779296875 325.28125 327.75 330.537506103515625 336.61248779296875 343.09375 349.193756103515625 351.46875 351.13751220703125 346.23126220703125 346.40625 341.587493896484375 334.725006103515625 332.6875
314.26251220703125 312.943756103515625 311.98748779296875 313.0625 316.375 319.48748779296875 321.09375 323.818756103515625 330.25 337.899993896484375 343.70001220703125 346.131256103515625 345.07501220703125 339.056243896484375 332.70623779296875 334.037506103515625 331.875 331.01873779296875 335.818756103515625 337.243743896484375 339.493743896484375 336.53125 332.98126220703125 325.10626220703125 315.600006103515625 307.868743896484375 307.649993896484375 308.193756103515625 310.162506103515625 313.225006103515625 314.61248779296875 315.631256103515625 314.056243896484375 316.399993896484375 320.625 328.23748779296875 335.40625 343.85626220703125 348.28125 346.29376220703125 337.42498779296875 330.856231689453125 331.60626220703125 333.73126220703125 335.306243896484375
314.84375 313.931243896484375 313.875 315.61248779296875 319.743743896484375 322.806243896484375 325.868743896484375 328.693756103515625 333.006256103515625 338.118743896484375 342.51251220703125 344.04998779296875 341.51251220703125 336.149993896484375 328.693756103515625 326.149993896484375 325.48748779296875 328.368743896484375 331.9375 333.368743896484375 332.48748779296875 330.63751220703125 324.51873779296875 316.587493896484375 307.975006103515625 302.29998779296875 301.58123779296875 303.04998779296875 305.51873779296875 307.256256103515625 306.34375 303.9375 305.38751220703125 306 308.662506103515625 315.58123779296875 328.756256103515625 342.125 347.39373779296875 343.787506103515625 336.54998779296875 333.618743896484375 337.837493896484375 335.399993896484375 333.66876220703125
313.34375 312.381256103515625 314.65625 318.068756103515625 321.787506103515625 325.15625 328.17498779296875 331.48126220703125 337.181243896484375 340.493743896484375 343.10626220703125 343.23748779296875 340.63751220703125 333.8125 324.33123779296875 314.943756103515625 318.45001220703125 325.524993896484375 327.61248779296875 329.443756103515625 327.88751220703125 323.337493896484375 316.024993896484375 308.975006103515625 300.85626220703125 296.875 295.46875 298.10626220703125 300.79376220703125 303.21875 304.524993896484375 301.556243896484375 296.256256103515625 294.61248779296875 294.35626220703125 308.412506103515625 322.256256103515625 337.20001220703125 345.118743896484375 348.46875 345.475006103515625 343.84375 341.76251220703125 335.618743896484375 331.61248779296875
310.3125 311 314.95001220703125 319.5 323.26251220703125 326.85626220703125 332.01251220703125 335.54998779296875 338.95001220703125 342.23748779296875 343.41876220703125 343.08123779296875 339.17498779296875 332.60626220703125 325.4375 319.33123779296875 315.024993896484375 319.28125 324.225006103515625 327.256256103515625 324.70623779296875 320.34375 312.381256103515625 302.149993896484375 294.78125 290.20623779296875 290.41876220703125 293.15625 297.524993896484375 301.431243896484375 302.243743896484375 299.71875 295.143768310546875 292.556243896484375 298.16876220703125 308.13751220703125 323.225006103515625 340.10626220703125 354.837493896484375 357.70623779296875 357.17498779296875 352.6875 343.5625 335.45001220703125 329.625
305.59375 308.89373779296875 313.287506103515625 320.60626220703125 325.23126220703125 330.337493896484375 336.649993896484375 339.087493896484375 341.79998779296875 343.08123779296875 342.493743896484375 341.39373779296875 337.34375 332.79376220703125 326.912506103515625 322.693756103515625 318 312.39373779296875 321.056243896484375 325.14373779296875 324.306243896484375 318.287506103515625 309.90625 300.256256103515625 294.29376220703125 290.48126220703125 288.16876220703125 293.79376220703125 299.59375 302.274993896484375 298.649993896484375 288.443756103515625 290.51873779296875 292.95623779296875 296.59375 310.3125 325.100006103515625 340.412506103515625 352.368743896484375 361.07501220703125 357.91876220703125 352.443756103515625 344.34375 336.04998779296875 330.91876220703125
299.54998779296875 304.9375 312.07501220703125 319.04998779296875 325.225006103515625 332.243743896484375 338.16876220703125 343.57501220703125 346.41876220703125 346.64373779296875 343.625 338.381256103515625 334.975006103515625 333.03125 324.868743896484375 320.881256103515625 317.649993896484375 313.85626220703125 314.524993896484375 318.975006103515625 323.5 319.96875 302.306243896484375 297.899993896484375 295.60626220703125 295.42498779296875 296.8125 300.4375 306.78125 307.5625 303.443756103515625 294.35626220703125 291.118743896484375 285.1875 287.475006103515625 301.51251220703125 317.493743896484375 331.95001220703125 346.587493896484375 353.15625 356.03125 352.118743896484375 344.212493896484375 336.91876220703125 332.350006103515625
293.09375 300.67498779296875 308.16876220703125 314.51251220703125 323.85626220703125 334.48748779296875 343.181243896484375 347.125 349.63751220703125 349.443756103515625 344.662506103515625 340.962493896484375 337.04998779296875 333.29376220703125 323.743743896484375 313.76873779296875 307.73126220703125 311.54376220703125 311.899993896484375 315.59375 314.5625 308.17498779296875 302.23126220703125 299.3125 298.193756103515625 298.225006103515625 301.90625 309 312.59375 309.73748779296875 302.087493896484375 299.243743896484375 291.024993896484375 279.14373779296875 274.318756103515625 287.82501220703125 309.75 329.449981689453125 342.29998779296875 350.23748779296875 352.11248779296875 349.41876220703125 343.5625 337.36248779296875 330.33123779296875
