data/historical-monthly-weather-data/wc2.1_cruts4.09_10m_prec_2021-05.asc
ncols        45
nrows        45
xllcorner    -63.500000000000
yllcorner    -7.500000000000
cellsize     0.166666666667
NODATA_value -9999
[rows 0 to 18 of 45, columns 0 to 43 of 45]
364.11248779296875 367.024993896484375 366.875 372.899993896484375 375.631256103515625 375.76251220703125 371.006256103515625 368.556243896484375 365.181243896484375 364.73126220703125 361.943756103515625 354.875 349.82501220703125 345.59375 339.712493896484375 335.881256103515625 330.84375 325.01251220703125 322.10626220703125 321.90625 322.243743896484375 322.181243896484375 325.756256103515625 325.100006103515625 325.850006103515625 328.60626220703125 329.79998779296875 332.84375 333.40625 337.91876220703125 338.225006103515625 341.100006103515625 345.04998779296875 347.20001220703125 348.23748779296875 343.475006103515625 335.693756103515625 324.243743896484375 308.712493896484375 294.11248779296875 276.962493896484375 259.79998779296875 240.381256103515625 224.818756103515625
363.181243896484375 363.41876220703125 367.274993896484375 375.04376220703125 382.681243896484375 384.03125 379.45623779296875 377.368743896484375 375.774993896484375 371.649993896484375 368.46875 360.33123779296875 352.149993896484375 344.618743896484375 336.38751220703125 329.09375 322.23748779296875 315.41876220703125 314.36248779296875 314.51873779296875 315.162506103515625 316.6875 318.193756103515625 319.975006103515625 320.11248779296875 320.46875 323.631256103515625 326.493743896484375 328.38751220703125 331.024993896484375 331.912506103515625 338.63751220703125 340.28125 345.10626220703125 345.32501220703125 333.16876220703125 324.20623779296875 310.475006103515625 294.350006103515625 272.79376220703125 253.193756103515625 237.3562469482421875 216.743743896484375 196.6999969482421875
355.087493896484375 357.73748779296875 363.962493896484375 369.76251220703125 374.443756103515625 377.79998779296875 378.92498779296875 381.10626220703125 380.79998779296875 376.96875 372.14373779296875 361.481231689453125 350.51251220703125 338.5 329.38751220703125 322.16876220703125 313.006256103515625 304.774993896484375 302.76251220703125 303.0625 303.70623779296875 306.9375 308.51251220703125 308.912506103515625 308.475006103515625 310.98748779296875 315.63751220703125 317.1875 317.318756103515625 320.431243896484375 322.60626220703125 327.65625 333.14373779296875 335.35626220703125 337.28125 323.07501220703125 310.83123779296875 296.61248779296875 276.943756103515625 255.6437530517578125 236.524993896484375 216.087493896484375 196.931243896484375 177.037506103515625
342.01251220703125 341.556243896484375 353.67498779296875 358.149993896484375 362.743743896484375 366.29376220703125 370.45623779296875 377.29376220703125 382.993743896484375 381.42498779296875 373.381256103515625 360.42498779296875 344.78125 331.20623779296875 320.943756103515625 311.693756103515625 301.0625 293.225006103515625 290.412506103515625 292.61248779296875 297.40625 298.76873779296875 298.368743896484375 299.01251220703125 298.274993896484375 298.381256103515625 303.51251220703125 303.33123779296875 303.5625 309.931243896484375 313.76873779296875 318.943756103515625 322.16876220703125 323.39373779296875 322.100006103515625 312.59375 300.38751220703125 284.48126220703125 263.4375 240.9375 218.59375 199.9187469482421875 178.0625 157.756256103515625
350.35626220703125 344.95001220703125 338.03125 340.850006103515625 347.04376220703125 350.57501220703125 357.912506103515625 368.23126220703125 379.975006103515625 383.462493896484375 370.787506103515625 352.118743896484375 338.337493896484375 325.11248779296875 313.86248779296875 302.51251220703125 290.42498779296875 282.84375 279.58123779296875 282.850006103515625 287.51873779296875 287.79998779296875 285.98748779296875 289.4375 287.024993896484375 286.57501220703125 286.556243896484375 289.92498779296875 291.64373779296875 297.149993896484375 303.57501220703125 307.5625 309.54376220703125 313.54376220703125 313.78125 300.943756103515625 289 274.199981689453125 252.3312530517578125 227.5437469482421875 204.6999969482421875 182.8937530517578125 161.3937530517578125 142.09375
352.32501220703125 346.46875 335.850006103515625 322.693756103515625 327.662506103515625 336.35626220703125 343.64373779296875 350.95001220703125 363.993743896484375 369.975006103515625 360.037506103515625 340.98748779296875 330.67498779296875 320.28125 307.337493896484375 299.243743896484375 286.1875 277.03125 274.39373779296875 278.25 280.25 281.15625 281.45623779296875 279.256256103515625 277.54376220703125 276.587493896484375 277.050018310546875 278.412506103515625 281.65625 287.524993896484375 293.524993896484375 299.056243896484375 300.725006103515625 303.75 303.443756103515625 292.899993896484375 280.13751220703125 265.46875 246.1750030517578125 220.875 195.306243896484375 174.25 152.6875 133.712493896484375
357.08123779296875 348.1875 334.79998779296875 320.51873779296875 313.037506103515625 314.48126220703125 319.88751220703125 325.95623779296875 327.17498779296875 333.89373779296875 333.0625 324.10626220703125 318.85626220703125 312.39373779296875 303.23748779296875 294.600006103515625 287.13751220703125 280.243743896484375 275.774993896484375 278.4375 276.756256103515625 274.543731689453125 270.60626220703125 270.04998779296875 269.118743896484375 270.03125 269.068756103515625 269.649993896484375 269.76251220703125 275.725006103515625 282.181243896484375 285.412506103515625 286.006256103515625 288.88751220703125 290.037506103515625 282.28125 269.649993896484375 256.118743896484375 237.0500030517578125 213.556243896484375 186.8125 164.818756103515625 144.100006103515625 126.56874847412109375
360.131256103515625 348.837493896484375 333.20623779296875 319.712493896484375 309.75 309.85626220703125 304.149993896484375 292.59375 284.73748779296875 294.08123779296875 305.98126220703125 307.11248779296875 308.899993896484375 305.21875 299.48748779296875 294.493743896484375 288.51873779296875 284.100006103515625 279.256256103515625 276.149993896484375 275.34375 270.087493896484375 265.01873779296875 260.243743896484375 260.462493896484375 256.118743896484375 258.162506103515625 257.649993896484375 258.26873779296875 263.82501220703125 269.34375 272 273.899993896484375 274.462493896484375 273.33123779296875 265.287506103515625 255.725006103515625 245.1875 224.306243896484375 198.243743896484375 174.7624969482421875 154.0812530517578125 135.068756103515625 117.34375
360.96875 348.73126220703125 334.256256103515625 318.350006103515625 305.82501220703125 302.64373779296875 295.850006103515625 285.806243896484375 272.181243896484375 269.412506103515625 281.8125 291.26251220703125 299.90625 298.756256103515625 294.875 292.76251220703125 288.90625 286.70623779296875 285.068756103515625 276.25 268.01251220703125 264.943756103515625 255.618743896484375 256.39373779296875 251.125 245.631256103515625 244.625 247.3312530517578125 251.1687469482421875 254.03125 260.056243896484375 260.54376220703125 257.20001220703125 255.40625 256.46875 250.84375 243.587493896484375 234.931243896484375 216.381256103515625 190.59375 165.9812469482421875 146.2375030517578125 129.6750030517578125 114.3125
360.23126220703125 348.98126220703125 334.04998779296875 319.15625 302.868743896484375 298.63751220703125 292.61248779296875 284.46875 278.368743896484375 278.28125 283.381256103515625 284.193756103515625 294.350006103515625 294.14373779296875 293.024993896484375 289.07501220703125 285.649993896484375 283.70623779296875 283.16876220703125 279.20001220703125 267.662506103515625 256.881256103515625 248.1125030517578125 246.25 238.8562469482421875 233.5 232.243743896484375 234.8125 239.943756103515625 245.0500030517578125 246.2375030517578125 244.649993896484375 244.0187530517578125 243.087493896484375 241.524993896484375 236.6437530517578125 230.100006103515625 223.462493896484375 206.34375 185.274993896484375 163.8312530517578125 146.162506103515625 126.625 109.59375
359.01873779296875 348.875 332.40625 317.60626220703125 301.04998779296875 297.32501220703125 291.912506103515625 282.375 278.91876220703125 281.881256103515625 287.61248779296875 291.693756103515625 289.600006103515625 291.587493896484375 288.01251220703125 283.38751220703125 280.399993896484375 279.681243896484375 278.743743896484375 277.824981689453125 274.29376220703125 258.73748779296875 244.4187469482421875 229.118743896484375 227.6374969482421875 225.6437530517578125 224.375 226.28125 227.524993896484375 229.024993896484375 230.962493896484375 230.631256103515625 229.399993896484375 228.225006103515625 226.131256103515625 220.1437530517578125 214.9812469482421875 210.6750030517578125 197.2687530517578125 178.9875030517578125 159.5625 141.7062530517578125 125.3937530517578125 107.47499847412109375
358.86248779296875 346.693756103515625 331.149993896484375 316.35626220703125 301.65625 294.45001220703125 291.493743896484375 285.78125 285.41876220703125 284.76873779296875 289.524993896484375 295.58123779296875 287.5 286.056243896484375 284.337493896484375 277.587493896484375 274.08123779296875 273.13751220703125 273.23748779296875 275.88751220703125 275.443756103515625 264.462493896484375 248.225006103515625 230.0749969482421875 218.3312530517578125 210.8000030517578125 208.28125 210.225006103515625 213.65625 214.375 212.84375 212.0500030517578125 211.1125030517578125 210.1062469482421875 210.556243896484375 207.774993896484375 204.649993896484375 199.493743896484375 186.5500030517578125 171.2624969482421875 155.59375 138.899993896484375 121.19374847412109375 101.0124969482421875
359.59375 344.3125 328.07501220703125 313.76873779296875 298.662506103515625 293.681243896484375 288.01251220703125 281.524993896484375 282.54376220703125 286.14373779296875 289.96875 292.625 288.23126220703125 275.08123779296875 270.556243896484375 268.70623779296875 265.11248779296875 264.42498779296875 264.181243896484375 266.649993896484375 269.40625 257.92498779296875 242.881256103515625 224.96875 202.625 191.9562530517578125 195.3625030517578125 198.306243896484375 202.431243896484375 203.53125 199.9875030517578125 195.662506103515625 193.881256103515625 192.3625030517578125 193.6875 193.6374969482421875 192.2062530517578125 190.056243896484375 180.71875 167.28125 152.0625 136.631256103515625 115.93125152587890625 98.16249847412109375
352.40625 338.037506103515625 323.6875 309.125 295.96875 289.23126220703125 282.681243896484375 277.36248779296875 280.45001220703125 283.60626220703125 281.98126220703125 280.5 275.51873779296875 267.26251220703125 253.6437530517578125 254.524993896484375 251.100006103515625 248.993743896484375 250.6062469482421875 253.3937530517578125 253.4562530517578125 244.631256103515625 232.5437469482421875 218.556243896484375 200.712493896484375 188.6750030517578125 187.225006103515625 186.8937530517578125 189.350006103515625 188.024993896484375 187.149993896484375 181.875 179.962493896484375 178.8249969482421875 179.087493896484375 181.318756103515625 183.0124969482421875 183.225006103515625 176.337493896484375 162.78125 143.837493896484375 125.53749847412109375 111.56874847412109375 100.21875
343.48126220703125 331.61248779296875 318.90625 304.506256103515625 291.04998779296875 285.01251220703125 281.443756103515625 277.868743896484375 277.818756103515625 276.681243896484375 273.28125 269.29998779296875 261.368743896484375 252.2062530517578125 235.181243896484375 234.3000030517578125 233.03125 234.2687530517578125 235.6875 237.149993896484375 238.037506103515625 232.912506103515625 225.6125030517578125 219.1062469482421875 208.9875030517578125 199.318756103515625 193.243743896484375 190.0749969482421875 188.162506103515625 184.40625 177.2062530517578125 170.881256103515625 171.193756103515625 167.1875 163.6875 163.1374969482421875 170.8937530517578125 174.2312469482421875 166.375 151.5625 133.7312469482421875 121.2062530517578125 112.97499847412109375 102.6125030517578125
333.45623779296875 321.70001220703125 311.725006103515625 299.59375 286.20623779296875 282.287506103515625 279.57501220703125 275.462493896484375 272.524993896484375 270.881256103515625 265.256256103515625 258.82501220703125 249.931243896484375 241.8125 227.899993896484375 213.6125030517578125 215.662506103515625 221.8125 221.068756103515625 222.2937469482421875 223.8937530517578125 224.9812469482421875 223.756256103515625 222.3874969482421875 214.899993896484375 204.8874969482421875 197.03125 190.5437469482421875 186.6750030517578125 183.087493896484375 178.1750030517578125 170.3625030517578125 162.524993896484375 155.3249969482421875 150.6374969482421875 157.631256103515625 159.2624969482421875 159.818756103515625 154.2937469482421875 143.912506103515625 129.90625 119.46875 111.18125152587890625 100.68125152587890625
325.274993896484375 314.881256103515625 303.57501220703125 293.76873779296875 284.181243896484375 278.443756103515625 274.26873779296875 269.38751220703125 267.41876220703125 264.375 259.212493896484375 253.3625030517578125 243.193756103515625 233.2687530517578125 222.3625030517578125 211.28125 199.1687469482421875 203.6437530517578125 206.8125 209.006256103515625 211.8062591552734375 214.3125 218.5 223.0124969482421875 220.9312591552734375 205.337493896484375 194.9375 188.53125 184.0812530517578125 180.118743896484375 176.0625 171.125 164.274993896484375 158.368743896484375 161.568756103515625 159.03125 158.5124969482421875 157.03125 153.78125 139.9187469482421875 125.71250152587890625 115.71875 106.3125 99.0812530517578125
314 306.743743896484375 298.193756103515625 288.462493896484375 279.899993896484375 277.29998779296875 271.79998779296875 265.59375 261.068756103515625 257.60626220703125 251.8249969482421875 247.8249969482421875 235.3249969482421875 226.8562469482421875 216.7375030517578125 207.2687530517578125 196.131256103515625 186.2312469482421875 196.243743896484375 197.2312469482421875 199.712493896484375 203.9187469482421875 209.1687469482421875 214.8625030517578125 215.1875 203.412506103515625 190.2312469482421875 185.75 182.1125030517578125 175.662506103515625 166.100006103515625 158.4562530517578125 164.1687469482421875 165.4562530517578125 164.7375030517578125 167.806243896484375 165.875 157.84375 149.8000030517578125 137.243743896484375 119.99375152587890625 109.86875152587890625 101.03749847412109375 94.59375
302.600006103515625 297.11248779296875 289.23748779296875 283.3125 277.306243896484375 273.100006103515625 268.98748779296875 264.26873779296875 258.73748779296875 255.21875 246.8937530517578125 235.71875 225.1875 217.524993896484375 208.3312530517578125 201.34375 193.850006103515625 181.931243896484375 179.024993896484375 181.5749969482421875 185.6062469482421875 193.28125 188.899993896484375 196.5625 198.2312469482421875 196.1062469482421875 189.46875 181.306243896484375 177.756256103515625 171.475006103515625 164.556243896484375 161.837493896484375 165.274993896484375 165.7687530517578125 166.5625 166.1437530517578125 159.2062530517578125 149.3937530517578125 141.9375 128.25 113.125 102.7624969482421875 95.61875152587890625 90.52500152587890625
