data/historical-monthly-weather-data/wc2.1_cruts4.09_10m_prec_2017-01.asc
ncols        51
nrows        45
xllcorner    -63.500000000000
yllcorner    -7.500000000000
cellsize     0.166666666667
NODATA_value -9999
[rows 0 to 19 of 45, columns 0 to 44 of 51]
36.268749237060546875 30.056249618530273438 28.325000762939453125 27.868749618530273438 27.581249237060546875 30.681249618530273438 33.78749847412109375 36.456249237060546875 40.375 44.91249847412109375 49.981250762939453125 55.674999237060546875 60.950000762939453125 64.5500030517578125 68.96250152587890625 74.22499847412109375 79.3562469482421875 82.0124969482421875 88.22499847412109375 94.5 100.7312469482421875 108.16249847412109375 115.84375 122.63124847412109375 131.0124969482421875 138.6750030517578125 145.3312530517578125 152.9562530517578125 160.993743896484375 165.0187530517578125 169.03125 172.9875030517578125 174.9499969482421875 178.2624969482421875 180.2375030517578125 183.0625 183.46875 182.662506103515625 182.306243896484375 181.412506103515625 179.756256103515625 178.3000030517578125 175.90625 174.09375 174.212493896484375
37.56874847412109375 30.225000381469726562 27.981250762939453125 26.674999237060546875 26.1875 29.768749237060546875 33.56874847412109375 37.549999237060546875 43.21250152587890625 49.13124847412109375 54.74375152587890625 60.481250762939453125 65.6374969482421875 70.6125030517578125 75.2687530517578125 80.03749847412109375 84.69374847412109375 89.16249847412109375 95.68125152587890625 103.61875152587890625 111.30625152587890625 119.25624847412109375 128.1125030517578125 136.84375 144.9499969482421875 152.9499969482421875 160.524993896484375 168.0749969482421875 175.2375030517578125 179.337493896484375 182.068756103515625 184.131256103515625 184.9187469482421875 188.225006103515625 188.65625 188.3125 189.6875 187.9499969482421875 185.8625030517578125 183.7375030517578125 181.78125 179.4812469482421875 175.4812469482421875 172.8125 172.1750030517578125
40.981250762939453125 33.506252288818359375 31.243749618530273438 30.075000762939453125 29.825000762939453125 34.168750762939453125 39.16249847412109375 44.518749237060546875 51.25624847412109375 58.081249237060546875 64.28749847412109375 70.0187530517578125 75.41249847412109375 80.00624847412109375 84.3937530517578125 88.28749847412109375 92.65000152587890625 97.3562469482421875 103.5625 112.5187530517578125 121.7624969482421875 132.125 142.3312530517578125 151.5812530517578125 160.6937408447265625 169.506256103515625 177.631256103515625 185.4250030517578125 191.443756103515625 193.6687469482421875 196.5625 198.4375 199.318756103515625 197.806243896484375 198.287506103515625 197.056243896484375 196.9250030517578125 195.618743896484375 192.6999969482421875 189.0500030517578125 186.774993896484375 183.431243896484375 179.381256103515625 175.881256103515625 173.962493896484375
44.606250762939453125 37.19374847412109375 35.61875152587890625 34.75 35.09999847412109375 39.80625152587890625 46.15000152587890625 53.16249847412109375 61.475002288818359375 69.66875457763671875 76.00624847412109375 81.40625 86.3625030517578125 90.6999969482421875 94.8874969482421875 98.3249969482421875 101.5625 105.0625 111.78125 122.53125 134.756256103515625 146.868743896484375 156.78125 167.8312530517578125 178.662506103515625 188.881256103515625 197.65625 203.59375 209.3125 211.0625 212.4250030517578125 214.631256103515625 213.1875 210.068756103515625 207.1687469482421875 206.712493896484375 204.84375 203.1062469482421875 199.9375 196.506256103515625 191.818756103515625 188.71875 184.2937469482421875 179.537506103515625 177.5625
50.200000762939453125 42.03125 40.31874847412109375 40.081249237060546875 40.88124847412109375 46.856250762939453125 53.94374847412109375 62.418750762939453125 72.6062469482421875 82.40625 88.58750152587890625 93.61875152587890625 98.8249969482421875 103.4250030517578125 107.3125 110.18125152587890625 112.34999847412109375 113.6999969482421875 121.96250152587890625 135.243743896484375 150.15625 163.0500030517578125 174.3625030517578125 185.96875 197.6687469482421875 210.412506103515625 216.4812469482421875 222.181243896484375 230.15625 230.475006103515625 230.600006103515625 228.3249969482421875 226.5812530517578125 223.25 218.818756103515625 217.024993896484375 215.625 211.368743896484375 207.6374969482421875 203.03125 199.2937469482421875 194.6687469482421875 190.125 184.40625 182.0500030517578125
56.325000762939453125 48.75 47.825000762939453125 48.15625 49.737499237060546875 56.38124847412109375 64.25624847412109375 72.9875030517578125 83.6999969482421875 94.44374847412109375 100.65625 106.5124969482421875 112.05625152587890625 117.41249847412109375 121.1374969482421875 125.625 127.8249969482421875 129.25 139.7375030517578125 154.087493896484375 168.6750030517578125 181.4250030517578125 194.3249969482421875 205.100006103515625 217.493743896484375 230.0749969482421875 236.7062530517578125 241.899993896484375 248.7312469482421875 249.5749969482421875 247.8000030517578125 245.0437469482421875 239.6312408447265625 235.399993896484375 232.3937530517578125 229.7937469482421875 227.6374969482421875 224.1687469482421875 220.3249969482421875 216.443756103515625 210.4375 205.9187469482421875 200.25 194.3937530517578125 191.975006103515625
63.024997711181640625 56.05625152587890625 56.293750762939453125 57.25624847412109375 59.28749847412109375 65.7375030517578125 73.6687469482421875 82.18125152587890625 91.8125 101.08750152587890625 110.2062530517578125 118.1437530517578125 126.11875152587890625 133.03125 138.399993896484375 144.462493896484375 150.475006103515625 158.100006103515625 169.3125 180.1687469482421875 190.0124969482421875 202.243743896484375 212.90625 224.193756103515625 237.6125030517578125 249.4375 255.9875030517578125 261.818756103515625 266.806243896484375 266.42498779296875 265.806243896484375 262.350006103515625 255.0500030517578125 248.1687469482421875 242.8625030517578125 241.912506103515625 239.84375 237.368743896484375 235.375 229.59375 222.40625 217.149993896484375 211.181243896484375 205.181243896484375 202.568756103515625
70.6999969482421875 63.56874847412109375 64.6750030517578125 66.96250152587890625 69.72499847412109375 76.56874847412109375 83.68125152587890625 89.8249969482421875 97.04375457763671875 107.41249847412109375 119.69374847412109375 130.631256103515625 141.1437530517578125 149.350006103515625 157.024993896484375 165.056243896484375 174.743743896484375 187.09375 202.0812530517578125 208.056243896484375 212.868743896484375 222.3937530517578125 232.493743896484375 244.4250030517578125 258.681243896484375 270.068756103515625 275.42498779296875 280.537506103515625 286.962493896484375 286.35626220703125 282.993743896484375 278.98748779296875 270.14373779296875 261.54998779296875 254.4187469482421875 253.1875 251.8125 249.774993896484375 246.837493896484375 242.3625030517578125 236.09375 230.625 224.443756103515625 217.662506103515625 216.318756103515625
78.9187469482421875 72.5124969482421875 74.38124847412109375 76.96875 80.5500030517578125 87.0437469482421875 93.84375 99.8937530517578125 105.74375152587890625 115.0124969482421875 130.712493896484375 144.1687469482421875 157.1437530517578125 167.037506103515625 175.537506103515625 184.0437469482421875 194.0187530517578125 207.4499969482421875 222.1687469482421875 227.068756103515625 229.756256103515625 239.306243896484375 249 264.131256103515625 278.1875 289.17498779296875 294.243743896484375 297.51873779296875 303.63751220703125 303.331268310546875 300.568756103515625 294.01251220703125 284.568756103515625 274.23748779296875 265.881256103515625 263.631256103515625 263.149993896484375 261.256256103515625 258.756256103515625 255.1999969482421875 249.25 243.5500030517578125 239.2937469482421875 234.181243896484375 232.59375
87.6437530517578125 82.09375 84.18125152587890625 87.5812530517578125 91.8874969482421875 98.94374847412109375 106.0625 113.3125 121.59999847412109375 133.3125 148.1687469482421875 162.1374969482421875 175.493743896484375 186.318756103515625 194.681243896484375 202.774993896484375 210.818756103515625 221.381256103515625 231.15625 237.618743896484375 242.037506103515625 252.3249969482421875 264.181243896484375 282.306243896484375 295.23126220703125 305.09375 309.76873779296875 313.5 317.79376220703125 316.89373779296875 313.04998779296875 306.91876220703125 297.64373779296875 287.475006103515625 278.725006103515625 275.39373779296875 273.837493896484375 272.318756103515625 270.256256103515625 267.48748779296875 264.04376220703125 259.024993896484375 254.493743896484375 248.4499969482421875 248.2624969482421875
97.40625 92.8625030517578125 95.1750030517578125 99.0124969482421875 103.59375 111.40625 119.5812530517578125 129.0187530517578125 139.8000030517578125 153.2062530517578125 169.743743896484375 184.274993896484375 196.037506103515625 206.0749969482421875 213.1437530517578125 219.34375 224.681243896484375 232.0625 238.4250030517578125 243.5749969482421875 251.524993896484375 262.4375 278.54376220703125 295.23126220703125 312.1875 320.181243896484375 323.381256103515625 326.8125 330.26251220703125 326.631256103515625 322.58123779296875 317.54376220703125 308.95623779296875 299.08123779296875 289.71875 287.181243896484375 285.068756103515625 282.193756103515625 281.64373779296875 280.48126220703125 277.78125 271.850006103515625 267.493743896484375 262.14373779296875 262.39373779296875
107.47499847412109375 103.49375152587890625 106.4812469482421875 111.3625030517578125 116.6750030517578125 124.6437530517578125 133.9375 145.7375030517578125 158.5500030517578125 173.131256103515625 191.056243896484375 207.537506103515625 217.1999969482421875 224.8874969482421875 231.131256103515625 235.306243896484375 239.6999969482421875 243.3874969482421875 247.975006103515625 250.7062530517578125 257.125 269.26251220703125 289.131256103515625 311.09375 325.712493896484375 328.8125 331.23748779296875 334.04998779296875 338.181243896484375 336.818756103515625 333.14373779296875 327.60626220703125 319.1875 309.35626220703125 300.181243896484375 297.79376220703125 295.85626220703125 292.681243896484375 292.056243896484375 291.64373779296875 289.125 282.85626220703125 275.131256103515625 267.818756103515625 265.631256103515625
118.6374969482421875 115.625 119.33750152587890625 124.52500152587890625 130.350006103515625 139.8562469482421875 150.09375 162.0749969482421875 176.2937469482421875 192.5812530517578125 211.1999969482421875 227.8249969482421875 237.3312530517578125 241.28125 246.9187469482421875 250.943756103515625 253.774993896484375 257.76873779296875 260.58123779296875 261.274993896484375 261.16876220703125 275.04376220703125 297.8125 316.125 322.993743896484375 326.962493896484375 334.73748779296875 341.71875 346.39373779296875 346.243743896484375 343.25 337.618743896484375 328.193756103515625 318.09375 308.83123779296875 306.431243896484375 303.962493896484375 300.73126220703125 299.493743896484375 298.88751220703125 297.75 290.256256103515625 276.78125 264.57501220703125 260.243743896484375
129.6374969482421875 127.875 132.1750030517578125 138.006256103515625 144.743743896484375 153.9375 165.024993896484375 178.9562530517578125 194.09375 211.1875 228.3125 242.65625 250.6750030517578125 256.26251220703125 260.40625 265.618743896484375 267.90625 272.48126220703125 274.5 275.912506103515625 278.850006103515625 290.837493896484375 306.75 320.643768310546875 326.056243896484375 332.568756103515625 340.600006103515625 347.850006103515625 355.20001220703125 355.087493896484375 352.60626220703125 347.34375 336.88751220703125 325.3125 316.45001220703125 313.53125 311.587493896484375 309.431243896484375 306.59375 303.57501220703125 298.79376220703125 283.537506103515625 271.26251220703125 263.318756103515625 261.693756103515625
141.806243896484375 140.6437530517578125 145.5812530517578125 151.8000030517578125 159.5625 169.5749969482421875 181.850006103515625 195.556243896484375 210.318756103515625 226.1062469482421875 242.912506103515625 256.01873779296875 265.14373779296875 271.931243896484375 276.40625 281.26873779296875 283.84375 287.09375 290.3125 294.524993896484375 299.381256103515625 307.34375 319.95001220703125 329.381256103515625 337.51251220703125 344.83123779296875 351.23126220703125 358.868743896484375 365.21875 366.29998779296875 363.037506103515625 355.67498779296875 346.181243896484375 333.024993896484375 322.63751220703125 319.01873779296875 318.506256103515625 318.20623779296875 313.78125 301.556243896484375 285.83123779296875 274.64373779296875 269.024993896484375 264.024993896484375 259.993743896484375
153.8937530517578125 153.1125030517578125 158.5437469482421875 165.181243896484375 173.618743896484375 184.212493896484375 197.100006103515625 210.818756103515625 224.556243896484375 240.2624969482421875 256.54376220703125 269.86248779296875 280 287.57501220703125 293.53125 295.54998779296875 299.256256103515625 303.26251220703125 306.3125 311.59375 319.381256103515625 327.318756103515625 336.9375 343.725006103515625 349.962493896484375 356.337493896484375 361.037506103515625 369.881256103515625 377.64373779296875 379.86248779296875 376.5 367.46875 352.337493896484375 337.70623779296875 325.399993896484375 325.08123779296875 325.899993896484375 324.756256103515625 317.60626220703125 300.818756103515625 279.274993896484375 269.63751220703125 266.66876220703125 261.131256103515625 257.850006103515625
165.087493896484375 165.0812530517578125 170.399993896484375 177.7624969482421875 187.100006103515625 198.1125030517578125 211.5625 225.3312530517578125 238.881256103515625 253.4499969482421875 269.837493896484375 284.524993896484375 295.54998779296875 303.975006103515625 310.85626220703125 314.024993896484375 311.675018310546875 315.32501220703125 321.1875 330.149993896484375 337.82501220703125 346.443756103515625 354.34375 357.837493896484375 363.54998779296875 367.006256103515625 370.006256103515625 378.774993896484375 389.381256103515625 393.67498779296875 391.993743896484375 381.787506103515625 362.39373779296875 343.087493896484375 332.71875 333.17498779296875 333.225006103515625 334.412506103515625 330.850006103515625 308.75 286.0625 273.9375 266 259.75 256.475006103515625
177.1687469482421875 177.4499969482421875 182.756256103515625 190.71875 199.818756103515625 211.3937530517578125 224.8000030517578125 238.46875 251.8937530517578125 266.79376220703125 281.83123779296875 299.600006103515625 313.0625 322.912506103515625 329.756256103515625 331.28125 328.15625 326.818756103515625 337.162506103515625 347.29998779296875 356.850006103515625 364.38751220703125 370.46875 371.712493896484375 373.975006103515625 376.618743896484375 376.712493896484375 387.86248779296875 402.118743896484375 409.03125 405.26251220703125 385.274993896484375 364.98126220703125 348.306243896484375 336.287506103515625 336.3125 340.46875 341.95001220703125 333.787506103515625 317.287506103515625 294.26873779296875 278.431243896484375 267.756256103515625 260.29376220703125 256.431243896484375
187.337493896484375 188.118743896484375 193.881256103515625 202.65625 212.4875030517578125 224.181243896484375 236.193756103515625 250.462493896484375 264.443756103515625 279.412506103515625 294.318756103515625 310.95623779296875 327.743743896484375 343.34375 348.67498779296875 346.33123779296875 340.70623779296875 338.20001220703125 343.89373779296875 357.57501220703125 371.337493896484375 381.212493896484375 379.61248779296875 381.943756103515625 383.0625 385.98126220703125 389.98748779296875 398.350006103515625 413.068756103515625 421.368743896484375 419.162506103515625 393.73126220703125 368.70623779296875 344.73126220703125 330.493743896484375 334.806243896484375 341.875 343.256256103515625 337.818756103515625 322.17498779296875 301.17498779296875 282.850006103515625 269.899993896484375 261.70001220703125 256.91876220703125
196.493743896484375 197.625 203.7062530517578125 211.693756103515625 222.2062530517578125 235.256256103515625 247.7937469482421875 260.806243896484375 274.725006103515625 289.54376220703125 303.762481689453125 321.587493896484375 343.15625 365.16876220703125 365.537506103515625 355.13751220703125 345.83123779296875 347.90625 354.63751220703125 366.79376220703125 376.15625 380.787506103515625 385.73126220703125 387.068756103515625 388.587493896484375 393.35626220703125 397.76251220703125 406.837493896484375 415.32501220703125 417.32501220703125 411.3125 390.056243896484375 362.850006103515625 334.98748779296875 318.493743896484375 326.04998779296875 341.63751220703125 351.16876220703125 346.34375 331.54376220703125 309.86248779296875 287.743743896484375 274.84375 265.23748779296875 259.16876220703125
