data/historical-monthly-weather-data/wc2.1_cruts4.09_10m_prec_1992-05.asc
ncols        45
nrows        45
xllcorner    -63.500000000000
yllcorner    -7.500000000000
cellsize     0.166666666667
NODATA_value -9999
[rows 0 to 18 of 45, columns 0 to 43 of 45]
221.75 222.912506103515625 223.100006103515625 227.1875 229.162506103515625 229.0437469482421875 225.850006103515625 224.34375 223.912506103515625 225.5625 226.1750030517578125 226.6687469482421875 228.774993896484375 231.7062530517578125 235.875 241.75 246.8937530517578125 252.7687530517578125 260.98748779296875 270.625 276.46875 281.33123779296875 289.087493896484375 291.087493896484375 294.08123779296875 299 303.29998779296875 309.45001220703125 312.125 311.037506103515625 304.78125 300.881256103515625 298.337493896484375 294.20623779296875 290.16876220703125 287.75 283.931243896484375 277.84375 273.181243896484375 270.212493896484375 265.443756103515625 263.837493896484375 260.33123779296875 260.04998779296875
215.3625030517578125 216.5437469482421875 220.4375 226.8249969482421875 232.9375 233.693756103515625 230.5500030517578125 229.1875 229.681243896484375 228.875 229.09375 228.9250030517578125 228.993743896484375 229.743743896484375 232.2624969482421875 235.506256103515625 239.0625 243.899993896484375 253.28125 262.731231689453125 267.131256103515625 271.39373779296875 275.67498779296875 280.20623779296875 283.32501220703125 286.79998779296875 293.600006103515625 300.32501220703125 304.756256103515625 300.9375 294 292.16876220703125 286.506256103515625 283.506256103515625 277.975006103515625 270.587493896484375 267.25 260.818756103515625 257.337493896484375 249.84375 244.5 245.556243896484375 242.162506103515625 238.087493896484375
203.7312469482421875 207.4187469482421875 214.4562530517578125 221.6750030517578125 227.9187469482421875 230.5437469482421875 231.337493896484375 232.9812469482421875 234.3562469482421875 233.7687530517578125 232.962493896484375 231.068756103515625 229.193756103515625 226.756256103515625 228.4499969482421875 231.5500030517578125 232.9499969482421875 235.0187530517578125 241.712493896484375 249.5124969482421875 253.0812530517578125 258.125 261.91876220703125 265.662506103515625 268.83123779296875 274.743743896484375 283.181243896484375 289 291.98748779296875 287.868743896484375 281.26873779296875 277.212493896484375 274.20623779296875 268.475006103515625 263.875 255.3062591552734375 249.78125 243.6125030517578125 238.225006103515625 232.318756103515625 228.7375030517578125 225.712493896484375 224.1687469482421875 220.5812530517578125
189.59375 192.4250030517578125 204.4562530517578125 212.756256103515625 220.8687591552734375 224.3562469482421875 227.53125 232.556243896484375 237.7624969482421875 238.6437530517578125 235.8562469482421875 232.337493896484375 227.118743896484375 223.381256103515625 224.037506103515625 225.381256103515625 225.131256103515625 225.568756103515625 229.5437469482421875 236.943756103515625 243.2624969482421875 246.2937469482421875 248.162506103515625 252.46875 255.90625 260.20001220703125 269.26251220703125 273.70001220703125 276.818756103515625 275.0625 269.162506103515625 264.475006103515625 259.125 252.212493896484375 244.8000030517578125 240.056243896484375 234.8874969482421875 227.850006103515625 222.4562530517578125 216.837493896484375 211.537506103515625 210.743743896484375 206.4499969482421875 202.4375
188 189.068756103515625 191.8312530517578125 200.8125 211.4499969482421875 215.5625 221.225006103515625 228.868743896484375 238 242.100006103515625 236.3874969482421875 228.912506103515625 224.6374969482421875 220.8000030517578125 220.4499969482421875 219.931243896484375 217.9812469482421875 216.806243896484375 218.4375 224.8562469482421875 230.4499969482421875 232.2312469482421875 232.6999969482421875 239.5625 242.056243896484375 246.2687530517578125 250.943756103515625 258.64373779296875 263.14373779296875 260.212493896484375 256.100006103515625 249.993743896484375 243.274993896484375 238.15625 231.537506103515625 224.350006103515625 219.4187469482421875 213.506256103515625 208.493743896484375 202.15625 197.59375 194.0187530517578125 190.2687530517578125 187.5749969482421875
184.881256103515625 186.6437530517578125 188.4562530517578125 189.306243896484375 200.1062469482421875 207.8625030517578125 213.8625030517578125 219.9812469482421875 229.975006103515625 235.6437530517578125 231.5625 223.59375 221.4375 219.256256103515625 216.806243896484375 217.6687469482421875 214.006256103515625 210.0500030517578125 210.4812469482421875 215.8249969482421875 219.162506103515625 221.6062469482421875 223.912506103515625 226.1999969482421875 229.243743896484375 232.962493896484375 237.9562530517578125 243.743743896484375 249.5437469482421875 247.662506103515625 244.037506103515625 239.881256103515625 232.6875 226.3937530517578125 218.9499969482421875 212.712493896484375 206.4187469482421875 199.9250030517578125 197.181243896484375 191.087493896484375 184.537506103515625 181.524993896484375 177.34375 174.4812469482421875
183.5812530517578125 184.7062530517578125 186.087493896484375 187.368743896484375 191.693756103515625 195.3625030517578125 200.4812469482421875 206.1125030517578125 208.556243896484375 214.556243896484375 216.09375 214.4375 215.40625 215.6374969482421875 214.806243896484375 214.243743896484375 213.662506103515625 209.8625030517578125 207.256256103515625 210.1687469482421875 210.6999969482421875 210.9562530517578125 210.21875 213.71875 217.2937469482421875 222.4812469482421875 226.149993896484375 231.1374969482421875 234.1875 233.2687530517578125 231.1125030517578125 226.024993896484375 217.975006103515625 211.3625030517578125 204.6687469482421875 199.6062469482421875 192.4562530517578125 185.9875030517578125 183.4875030517578125 179.125 171.8874969482421875 167.537506103515625 163.71875 161.9375
181.84375 182.537506103515625 183.6374969482421875 186.34375 190.1750030517578125 193.46875 192.0187530517578125 186.7375030517578125 183.225006103515625 190.756256103515625 200.4312591552734375 205.1437530517578125 210.6875 212.5187530517578125 212.975006103515625 213.837493896484375 213.2062530517578125 209.8125 205.4499969482421875 202.787506103515625 203.9437408447265625 202.225006103515625 200.8562469482421875 201.087493896484375 205.4375 206.256256103515625 212.162506103515625 216.037506103515625 219.4812469482421875 219.1437530517578125 217.2687530517578125 212.6999969482421875 205.6125030517578125 197.162506103515625 188.662506103515625 182.6437530517578125 176.78125 171.6374969482421875 167.506256103515625 161.0187530517578125 156.2624969482421875 152.4875030517578125 149.662506103515625 146.6875
181.3562469482421875 182.03125 183.9499969482421875 185.506256103515625 187.9562530517578125 189.7687530517578125 188.2687530517578125 184.46875 177.318756103515625 177.024993896484375 187.03125 197.1437530517578125 207.256256103515625 210.4812469482421875 210.149993896484375 210.7375030517578125 209.6999969482421875 207.568756103515625 205.462493896484375 198.5812530517578125 194.412506103515625 194.318756103515625 189.837493896484375 194.225006103515625 194.2624969482421875 194.0625 197.2624969482421875 203.4250030517578125 209.4562530517578125 207.8000030517578125 207.4812469482421875 202.212493896484375 191.4375 181.5124969482421875 174.7687530517578125 169.84375 164.881256103515625 160.3249969482421875 157.40625 150.631256103515625 144.3312530517578125 140.600006103515625 139.399993896484375 138.2937469482421875
180.5124969482421875 182.0562591552734375 183.787506103515625 185.962493896484375 186.28125 188.0749969482421875 187.725006103515625 185.756256103515625 183.662506103515625 185.287506103515625 190.662506103515625 195.024993896484375 206.2687530517578125 209.787506103515625 209.1875 205.9749908447265625 203.087493896484375 200.9499969482421875 199.756256103515625 196.5124969482421875 190.131256103515625 184.5812530517578125 180.6125030517578125 182.90625 181.2062530517578125 180.962493896484375 183.65625 189.368743896484375 196.2687530517578125 197.40625 194.337493896484375 188.5437469482421875 180.1875 171.1374969482421875 162.662506103515625 157.7687530517578125 152.6999969482421875 148.899993896484375 146.3312530517578125 142.600006103515625 138.537506103515625 136.368743896484375 131.7624969482421875 128
179.787506103515625 182.1687469482421875 183.1374969482421875 185.3125 185.5187530517578125 188.2312469482421875 188.96875 186.6750030517578125 186.524993896484375 190.337493896484375 196.350006103515625 202.875 205.4250030517578125 210.0124969482421875 205.712493896484375 199.868743896484375 195.443756103515625 194.024993896484375 192.6875 191.7062530517578125 191.0437469482421875 182.3312530517578125 174.493743896484375 166.9499969482421875 169.4812469482421875 171.6062469482421875 174.056243896484375 178.9437408447265625 182.5187530517578125 181.649993896484375 180.3125 176.5 168.09375 159.181243896484375 150.6374969482421875 144.7375030517578125 140.181243896484375 137.4250030517578125 136.693756103515625 134.3249969482421875 131.2062530517578125 128.306243896484375 126.3312530517578125 121.125
181.8125 183.006256103515625 184.2937469482421875 186.3312530517578125 187.59375 188.5187530517578125 191.368743896484375 192.09375 194.3000030517578125 195.96875 201.40625 207.8125 204.306243896484375 204.8249969482421875 201.556243896484375 194.1062469482421875 189.274993896484375 187.84375 187.3562469482421875 188.9562530517578125 190.399993896484375 184.8874969482421875 175.725006103515625 166.0500030517578125 160.8125 158.4562530517578125 159.4875030517578125 163.850006103515625 168.8312530517578125 167.9812469482421875 164.8062591552734375 161.4875030517578125 154.0625 146.006256103515625 139.84375 136.3874969482421875 133.506256103515625 130.375 128.756256103515625 127.0187530517578125 125.3000030517578125 122.6875 118.65625 110.15000152587890625
184.618743896484375 184.0187530517578125 184.712493896484375 186.78125 187.65625 190.350006103515625 191.8937530517578125 192.5187530517578125 195.9499969482421875 200.837493896484375 205.649993896484375 207.8874969482421875 204.84375 195.2687530517578125 190 186.318756103515625 181.6875 180.618743896484375 180.1062469482421875 181.681243896484375 185.212493896484375 179.21875 170.774993896484375 161.0500030517578125 147.84375 142.78125 147.7624969482421875 152.443756103515625 157.6062469482421875 157.65625 153.6374969482421875 148.350006103515625 141.0124969482421875 133.2937469482421875 128.381256103515625 127.2062530517578125 125.88750457763671875 124.9375 124.66249847412109375 122.84375 120.09999847412109375 117.8125 110.41249847412109375 103.6999969482421875
183.09375 182.712493896484375 184.149993896484375 185.806243896484375 187.7375030517578125 189.6062469482421875 190.9250030517578125 192.6875 197.818756103515625 202.6687469482421875 203.587493896484375 201.256256103515625 195.90625 188.274993896484375 176.65625 175.1999969482421875 170.993743896484375 169.1374969482421875 170.0500030517578125 172 173.46875 169.131256103515625 162.568756103515625 155.350006103515625 145.193756103515625 138.8937530517578125 139.9250030517578125 141.6999969482421875 145.3000030517578125 143.931243896484375 142.625 137.28125 130.412506103515625 123.5812530517578125 118.53125 119.34999847412109375 120.58750152587890625 121.53749847412109375 122.15000152587890625 119.13124847412109375 112.21875 106.375 103.8312530517578125 102.77500152587890625
179.243743896484375 180.1125030517578125 182.3125 183.881256103515625 185.381256103515625 187.8000030517578125 191.2937469482421875 194.506256103515625 197.6374969482421875 199.5625 199.181243896484375 194.5 186.399993896484375 177.618743896484375 163.850006103515625 161.537506103515625 159.1374969482421875 159.7375030517578125 160.649993896484375 161.774993896484375 163.625 161.5437469482421875 158.0124969482421875 155.625 150.6437530517578125 145.806243896484375 143.2375030517578125 142.712493896484375 142.787506103515625 139.9562530517578125 134.225006103515625 128.5 123.7624969482421875 115.31874847412109375 108.34999847412109375 108.30625152587890625 114.7375030517578125 118.93125152587890625 119.03125 114.84375 107.9875030517578125 104.84375 105.28749847412109375 103.25624847412109375
174.506256103515625 175.431243896484375 178.912506103515625 181.5437469482421875 182.899993896484375 186.8249969482421875 191.056243896484375 194.0437469482421875 195.2312469482421875 196.912506103515625 194.931243896484375 188.0749969482421875 178.850006103515625 170.4375 159.0812530517578125 147.743743896484375 147.9499969482421875 152.0562591552734375 151.618743896484375 152.6437530517578125 154.806243896484375 156.756256103515625 157.1937408447265625 157.993743896484375 154.4812469482421875 149.006256103515625 144.943756103515625 141.75 140.225006103515625 137.787506103515625 134.1687469482421875 127.6687469482421875 117.18125152587890625 106.97499847412109375 99.7375030517578125 105.65625 109.21875 112.77500152587890625 114.6687469482421875 113.72499847412109375 109.59375 106.10625457763671875 104.08750152587890625 99.58750152587890625
170.5749969482421875 172.1687469482421875 174.6687469482421875 178.375 181.8812408447265625 184.631256103515625 187.8937530517578125 190.350006103515625 192.443756103515625 193.3249969482421875 191.8562469482421875 185.1750030517578125 174.6687469482421875 164.743743896484375 155.649993896484375 146.75 137.399993896484375 140.4812469482421875 142.8000030517578125 144.5749969482421875 147.3562469482421875 150.0500030517578125 154.0250091552734375 158.5187530517578125 158.3874969482421875 148.5187530517578125 142.350006103515625 139.006256103515625 136.9187469482421875 134.4875030517578125 131.881256103515625 127.8562469482421875 118.27500152587890625 109.0437469482421875 107.19374847412109375 107.75 111.03749847412109375 114.3625030517578125 118.50624847412109375 114.97499847412109375 110.30625152587890625 105.4250030517578125 100.2375030517578125 96.91249847412109375
163.818756103515625 166.962493896484375 170.5 173.65625 177.2062530517578125 181.524993896484375 183.5124969482421875 184.756256103515625 185.7687530517578125 187.25 186.1875 181.493743896484375 169.8874969482421875 161.46875 153.0812530517578125 145.412506103515625 136.8000030517578125 129.899993896484375 137.037506103515625 137.9375 140.1937408447265625 143.712493896484375 148.0625 152.9187469482421875 154.0187530517578125 146.493743896484375 138.1999969482421875 136.15625 134.649993896484375 130.662506103515625 124.2687530517578125 118.5625 118.7687530517578125 114.93125152587890625 110.66249847412109375 115.34999847412109375 118.0812530517578125 117.0187530517578125 117.4875030517578125 114.6374969482421875 107.0124969482421875 101.9250030517578125 97.28125 94.58750152587890625
156.850006103515625 160.774993896484375 164.09375 168.787506103515625 173.28125 176.0437469482421875 178.40625 180.375 181.53125 184.0124969482421875 182.125 172.931243896484375 163.4499969482421875 156.2437591552734375 148.681243896484375 142.868743896484375 136.850006103515625 128.4562530517578125 126.53749847412109375 128.5 131.537506103515625 137.15625 134.274993896484375 140.09375 141.681243896484375 140.6875 136.9812469482421875 132.21875 130.712493896484375 127.15625 123.03749847412109375 121.34375 120.3000030517578125 116.3249969482421875 113.46250152587890625 115.9250030517578125 115.08750152587890625 112.52500152587890625 112.93125152587890625 108.5625 102.15000152587890625 97.02500152587890625 94.28125 93.1062469482421875
