data/historical-monthly-weather-data/wc2.1_cruts4.09_10m_prec_1975-04.asc
ncols        45
nrows        45
xllcorner    -63.500000000000
yllcorner    -7.500000000000
cellsize     0.166666666667
NODATA_value -9999
[rows 0 to 19 of 45, columns 0 to 44 of 45]
238.399993896484375 238.8000030517578125 234.6687469482421875 234.537506103515625 230.21875 222.1062469482421875 213.0500030517578125 200.975006103515625 192.399993896484375 187.149993896484375 184.774993896484375 184.7624969482421875 184.2624969482421875 182.8499908447265625 184.381256103515625 186.90625 190.443756103515625 192.212493896484375 196.15625 199.96875 202.350006103515625 205.431243896484375 208.899993896484375 219.3625030517578125 229.2375030517578125 242.412506103515625 259.26251220703125 279.25 298.5625 317.881256103515625 338.425018310546875 359.65625 377.76251220703125 398.32501220703125 418.024993896484375 432.34375 442.84375 452.84375 461.368743896484375 466.42498779296875 471.20001220703125 474.61248779296875 473.36248779296875 474.618743896484375 471.54998779296875
249.875 250.337493896484375 252.6875 254.1062469482421875 254.287506103515625 245.0124969482421875 234.28125 225.3000030517578125 217.3125 210.837493896484375 207.0500030517578125 204.9562530517578125 203.306243896484375 201.131256103515625 200.462493896484375 202.399993896484375 203.78125 208.2937469482421875 214.0437469482421875 218.90625 221.8312530517578125 224.806243896484375 230.056243896484375 239.5625 251.0625 263.693756103515625 279.95001220703125 299.712493896484375 317.256256103515625 336.89373779296875 359.662506103515625 383.975006103515625 402.8125 424.756256103515625 443.15625 456.431243896484375 469.45001220703125 479.23126220703125 485.368743896484375 487.1875 488.837493896484375 491.975006103515625 490.350006103515625 487.649993896484375 482.412506103515625
258.01873779296875 260.850006103515625 262.212493896484375 265.51873779296875 267.07501220703125 260.64373779296875 253.287506103515625 247.0749969482421875 242.75 236.524993896484375 230.5437469482421875 226.350006103515625 223.712493896484375 219.1374969482421875 217.725006103515625 218.243743896484375 218.6750030517578125 222.181243896484375 225.962493896484375 230.6125030517578125 235.0812530517578125 239.9499969482421875 245.3312530517578125 257.056243896484375 271.725006103515625 286.712493896484375 304.92498779296875 321.65625 337.64373779296875 359.41876220703125 382.806243896484375 406.899993896484375 431.087493896484375 454.368743896484375 473.1875 486.412506103515625 503.20623779296875 516.91876220703125 521.26873779296875 523.0999755859375 524.01251220703125 522.0374755859375 518.04376220703125 514.10626220703125 507.412506103515625
261.556243896484375 265.318756103515625 270.26873779296875 271.881256103515625 273.475006103515625 272.006256103515625 269.1875 266.875 266.41876220703125 263.26873779296875 256.25 249.0625 242.6500091552734375 237.6374969482421875 234.9250030517578125 234.5812530517578125 234.681243896484375 236.2062530517578125 238.0500030517578125 241.46875 247.899993896484375 254.0749969482421875 259.837493896484375 275.256256103515625 292.71875 309 328.662506103515625 343.993743896484375 359.98748779296875 384.66876220703125 409.181243896484375 434.368743896484375 456.975006103515625 481.70001220703125 502.837493896484375 521.3375244140625 538.83123779296875 554.1812744140625 561.9312744140625 561.1312255859375 561.23748779296875 558.7562255859375 548.4000244140625 539.2249755859375 533.32501220703125
277.625 277.03125 274.462493896484375 276 280.274993896484375 281.29376220703125 280.38751220703125 282.42498779296875 286.774993896484375 288.412506103515625 279.29998779296875 267.024993896484375 259.60626220703125 254.256256103515625 250.681243896484375 249.274993896484375 247.9187469482421875 248.131256103515625 248.1687469482421875 249.9875030517578125 258.368743896484375 265.443756103515625 273.36248779296875 292.96875 311.01251220703125 329.806243896484375 347.70001220703125 366.92498779296875 385.693756103515625 408.76873779296875 434.306243896484375 456.274993896484375 479.756256103515625 506.962493896484375 531.6937255859375 551.70001220703125 569.35626220703125 587.26873779296875 596.58123779296875 596.7249755859375 598.8187255859375 587.7750244140625 576.2249755859375 567.5625 557.625
285.337493896484375 285.98748779296875 283.53125 278.8125 281.92498779296875 284.5625 284.274993896484375 286.881256103515625 291.92498779296875 296.537506103515625 285.29998779296875 273.98126220703125 267.649993896484375 262.95001220703125 258.625 257.20623779296875 253.912506103515625 253.2375030517578125 254.4187469482421875 256.662506103515625 265.318756103515625 274.32501220703125 286.5625 306.03125 326.53125 347.568756103515625 365.14373779296875 383.51873779296875 401.743743896484375 423.9375 448.337493896484375 473.149993896484375 492.42498779296875 518.07501220703125 545.2750244140625 564.875 587.4124755859375 607.20623779296875 617.48126220703125 623.26251220703125 620.4749755859375 609.38751220703125 599.6312255859375 592.0625 583.5625
294.26873779296875 294.318756103515625 291.681243896484375 285.71875 281.068756103515625 279.67498779296875 279.29376220703125 280.662506103515625 281.92498779296875 281.681243896484375 278.806243896484375 274.76873779296875 273.11248779296875 269.04998779296875 265.524993896484375 264.618743896484375 261.39373779296875 257.70623779296875 256.85626220703125 260.131256103515625 271.850006103515625 284.54376220703125 298.806243896484375 317.42498779296875 339.83123779296875 362.75 381.51873779296875 397.537506103515625 414.85626220703125 437.125 462.006256103515625 484.84375 505.3125 525.9937744140625 551.15625 572.04998779296875 592.9437255859375 615.84375 632.8375244140625 639.6187744140625 632.6187744140625 624 616.59375 609.8375244140625 603.92498779296875
303.85626220703125 301.25 296.32501220703125 291.818756103515625 287.131256103515625 282.92498779296875 275.712493896484375 268.399993896484375 263.29376220703125 263.162506103515625 268.931243896484375 273.40625 275.57501220703125 274.881256103515625 272.881256103515625 270.58123779296875 266.743743896484375 262.46875 259.08123779296875 262.618743896484375 277.88751220703125 294.056243896484375 309.712493896484375 329.83123779296875 354.89373779296875 376.149993896484375 394.15625 410.42498779296875 428 450.537506103515625 471.10626220703125 492.681243896484375 511.91876220703125 531.66876220703125 553.54998779296875 569.8812255859375 591.85626220703125 613.3499755859375 627.84375 633.9937744140625 633.48126220703125 629.70001220703125 623.08123779296875 615.1500244140625 605.63751220703125
310.46875 307.806243896484375 302.274993896484375 296.006256103515625 290.82501220703125 284.54376220703125 277.61248779296875 268.39373779296875 257.787506103515625 253.34375 262.58123779296875 270.662506103515625 279.037506103515625 279.89373779296875 276.462493896484375 273.712493896484375 270.256256103515625 267.431243896484375 266.21875 268.48748779296875 280.462493896484375 300.193756103515625 317.274993896484375 340.95001220703125 365.84375 385.40625 401.73748779296875 418.337493896484375 435.118743896484375 455.068756103515625 475.475006103515625 491.04376220703125 505.76873779296875 519.53125 539.0999755859375 555.8687744140625 577.35626220703125 594.5999755859375 609.67498779296875 616.85626220703125 619.8062744140625 615.6937255859375 613.82501220703125 610.6312255859375 594.5374755859375
316.41876220703125 311.587493896484375 306.618743896484375 300.64373779296875 294.256256103515625 288.381256103515625 282.274993896484375 273.5625 267.9375 267.21875 272.70623779296875 277.375 283.600006103515625 284.75 281.79376220703125 276.881256103515625 272.76251220703125 271.662506103515625 271.35626220703125 276.51251220703125 289.912506103515625 307.481231689453125 325.23748779296875 351.274993896484375 372.95001220703125 390.51251220703125 405.743743896484375 421.306243896484375 438.88751220703125 459.46875 472.89373779296875 483.118743896484375 494.162506103515625 505.868743896484375 521.3812255859375 539.01251220703125 555.0999755859375 571.5562744140625 586.23126220703125 598.91876220703125 607.7750244140625 606.53125 604.1500244140625 595 583.36248779296875
322.375 317.96875 312.09375 305.537506103515625 297.48748779296875 292.287506103515625 287.20623779296875 280.225006103515625 278.48126220703125 279.73748779296875 284.774993896484375 290.475006103515625 291.11248779296875 291.225006103515625 285.3125 278.568756103515625 274.09375 274.618743896484375 276.66876220703125 282.07501220703125 300.85626220703125 318.868743896484375 334.83123779296875 351.11248779296875 376.75 394.943756103515625 406.681243896484375 420.39373779296875 434.88751220703125 452.40625 462.875 469.98126220703125 479.46875 488.931243896484375 501.693756103515625 513.38751220703125 527.5999755859375 543.70623779296875 560.84375 576.04376220703125 586.29998779296875 586.7750244140625 590.38751220703125 587.3687744140625 573.9749755859375
325.14373779296875 319.76873779296875 313.61248779296875 310.212493896484375 303.78125 297.318756103515625 294.225006103515625 290.5625 291.17498779296875 293.48126220703125 298.42498779296875 303.381256103515625 298.8125 294.743743896484375 287.83123779296875 281.212493896484375 275.96875 276.975006103515625 280.1875 286.943756103515625 305.98748779296875 324.875 342.243743896484375 361.59375 378.04998779296875 389.4375 399.337493896484375 409.91876220703125 423.14373779296875 434.899993896484375 443.57501220703125 450.193756103515625 456.53125 465.0625 475.850006103515625 487.837493896484375 502.85626220703125 519.0625 532.61248779296875 544.9312744140625 558.1500244140625 562.3687744140625 565.54998779296875 558.17498779296875 545.1812744140625
328.600006103515625 322.67498779296875 316.962493896484375 312.51251220703125 307.837493896484375 305.318756103515625 301.29998779296875 297.60626220703125 298.375 303.23126220703125 307.95001220703125 311.256256103515625 305.9375 293.868743896484375 286.306243896484375 281.506256103515625 275.381256103515625 276.712493896484375 281.51873779296875 287.38751220703125 307.01251220703125 324.83123779296875 339.41876220703125 357.037506103515625 364.29376220703125 372.3125 385.0625 394.631256103515625 408.17498779296875 416.58123779296875 423.024993896484375 427.32501220703125 431.993743896484375 439.256256103515625 447.15625 461.037506103515625 475.88751220703125 491.381256103515625 507.625 521.2874755859375 527.3499755859375 536.1187744140625 536.20623779296875 531.4749755859375 525.46875
330.756256103515625 324.537506103515625 317.86248779296875 313.087493896484375 310.587493896484375 308.26251220703125 304.51251220703125 302.03125 304.5 308.23126220703125 310.006256103515625 307.90625 302.61248779296875 292.9375 282.51873779296875 278.600006103515625 272.625 272.54376220703125 277.912506103515625 282.681243896484375 301.118743896484375 317.14373779296875 332.537506103515625 343.712493896484375 352.41876220703125 361.118743896484375 370.975006103515625 380.51873779296875 391.11248779296875 398.350006103515625 402.675018310546875 406.51251220703125 407.243743896484375 413.04998779296875 421.59375 436.11248779296875 450.45001220703125 467.9375 487.537506103515625 499.60626220703125 500.76873779296875 500.73748779296875 511.037506103515625 521.90625 521.88751220703125
330.618743896484375 324.787506103515625 319.024993896484375 314.881256103515625 313.14373779296875 310.84375 308.568756103515625 306.23748779296875 306.75 308.16876220703125 308.70623779296875 305.58123779296875 298.725006103515625 289.45001220703125 278.181243896484375 271.15625 266.59375 269.65625 274.10626220703125 279.01873779296875 295.274993896484375 312.912506103515625 326.03125 335.506256103515625 343.36248779296875 352.693756103515625 360.568756103515625 369.881256103515625 379.73748779296875 384.162506103515625 384.53125 383.131256103515625 387.243743896484375 390.39373779296875 396.38751220703125 409.26873779296875 430.63751220703125 453.65625 472.431243896484375 480.337493896484375 482.70623779296875 490.01251220703125 507.95623779296875 514.17498779296875 509.375
328.36248779296875 322.5 319.07501220703125 316.600006103515625 314.42498779296875 312.46875 310.212493896484375 308.42498779296875 310.21875 309.98748779296875 308.875 304.318756103515625 297.21875 286.54998779296875 273.662506103515625 261.14373779296875 260.17498779296875 266.6875 269.9375 275.243743896484375 291.443756103515625 307.131256103515625 319.26873779296875 328.006256103515625 334.493743896484375 343.98748779296875 349.774993896484375 359.1875 368.04376220703125 372.45001220703125 374.806243896484375 372.03125 367.493743896484375 367.556243896484375 369.46875 390.75 412.1875 436.212493896484375 456.36248779296875 471.556243896484375 478.57501220703125 489.756256103515625 501.01251220703125 504.087493896484375 496.26873779296875
324.537506103515625 320.368743896484375 318.625 317.23126220703125 315.024993896484375 313.36248779296875 313.20623779296875 311.64373779296875 311.32501220703125 311.09375 308.6875 303.600006103515625 295.20001220703125 284.681243896484375 273.837493896484375 264.13751220703125 256.79376220703125 260.92498779296875 266.35626220703125 272.67498779296875 288.53125 305.056243896484375 316.850006103515625 320.875 326.399993896484375 333.493743896484375 339.9375 348.35626220703125 358.10626220703125 363.537506103515625 364.631256103515625 361.912506103515625 358.1875 357.024993896484375 366.04376220703125 381.806243896484375 404.29998779296875 430.01251220703125 457.35626220703125 470.38751220703125 479.725006103515625 488.45623779296875 491.54376220703125 493.34375 483.28125
318.98748779296875 317.587493896484375 316.131256103515625 317.25 315.63751220703125 315.26251220703125 316.09375 313.4375 312.51251220703125 310.53125 306.67498779296875 301.125 292.850006103515625 284.287506103515625 274.65625 266.587493896484375 258.90625 254.40625 262.17498779296875 268.70001220703125 286.149993896484375 301.381256103515625 312.806243896484375 316.09375 321.600006103515625 328.17498779296875 330.98748779296875 342.01251220703125 352.75 356.54376220703125 352.318756103515625 340.600006103515625 345.07501220703125 350.26251220703125 357.16876220703125 377.88751220703125 400.54376220703125 424.79376220703125 448.66876220703125 469.41876220703125 475.29376220703125 480.618743896484375 482.73748779296875 482.20001220703125 473.46875
312.100006103515625 312.95001220703125 314.10626220703125 314.587493896484375 314.26251220703125 315.61248779296875 315.943756103515625 315.931243896484375 315.17498779296875 312.318756103515625 306.381256103515625 297.4375 290.024993896484375 283.98126220703125 272.568756103515625 264.83123779296875 258.36248779296875 254.6875 255.125 261.21875 283.15625 300.79998779296875 303.225006103515625 310.462493896484375 318.375 327.64373779296875 334.056243896484375 342.21875 353.07501220703125 354.57501220703125 349.931243896484375 339.875 338.5 334.16876220703125 339.70623779296875 361.212493896484375 385.83123779296875 409.51873779296875 436.962493896484375 455.181243896484375 468.92498779296875 473.76873779296875 473.149993896484375 471.48126220703125 463.774993896484375
304.70623779296875 308.01873779296875 309.350006103515625 309 311.51251220703125 316.1875 319.037506103515625 317.54998779296875 316.568756103515625 313.412506103515625 306.037506103515625 298.712493896484375 291.14373779296875 283.78125 271.33123779296875 258.756256103515625 250.09375 251.9812469482421875 251.4875030517578125 256.318756103515625 272.850006103515625 287.34375 300.48748779296875 308.09375 315.962493896484375 324.33123779296875 332.743743896484375 344.29998779296875 351.59375 348.993743896484375 340.5625 337.86248779296875 331.26251220703125 320.57501220703125 318.16876220703125 339.274993896484375 371.256256103515625 401.78125 427.17498779296875 447.443756103515625 459.856231689453125 464.01251220703125 463.48748779296875 461.09375 450.162506103515625
