data/historical-monthly-weather-data/wc2.1_cruts4.09_10m_prec_1998-07.asc
ncols        45
nrows        45
xllcorner    -63.500000000000
yllcorner    -7.500000000000
cellsize     0.166666666667
NODATA_value -9999
[rows 0 to 18 of 45, columns 0 to 43 of 45]
301.45001220703125 289.29998779296875 281.375 279.70623779296875 274.287506103515625 271.45001220703125 268.6875 263.48748779296875 264.40625 267.59375 265.931243896484375 263.54998779296875 259.76873779296875 259.79998779296875 260.28125 257.79998779296875 254.837493896484375 246.256256103515625 239.787506103515625 236.881256103515625 235.881256103515625 229.024993896484375 223.7687530517578125 218.6437530517578125 216.0500030517578125 209.53125 205.443756103515625 201.7937469482421875 196.1875 196.375 188.9562530517578125 186.4562530517578125 190.068756103515625 189.8812408447265625 189.274993896484375 186.962493896484375 181.0437469482421875 184.6437530517578125 179.318756103515625 175.475006103515625 177.943756103515625 180.756256103515625 177.8562469482421875 177.506256103515625
289.76251220703125 277.387481689453125 269.83123779296875 269.04998779296875 266.725006103515625 264.5625 261.45001220703125 258.45623779296875 259.79376220703125 260.212493896484375 258.274993896484375 254.243743896484375 250.4499969482421875 248.0812530517578125 244.806243896484375 242.037506103515625 237.7937469482421875 230.3625030517578125 225.2312469482421875 220.9499969482421875 213.875 211.493743896484375 208.46875 208.274993896484375 201.3125 196.899993896484375 194.5124969482421875 192.5500030517578125 186.53125 183.774993896484375 181.931243896484375 185.493743896484375 188.0187530517578125 191.625 192.149993896484375 186.9812469482421875 181.6062469482421875 182.3562469482421875 176.5625 174.931243896484375 179.274993896484375 178.693756103515625 177.28125 173.868743896484375
266.024993896484375 262.10626220703125 261.875 259.787506103515625 256.149993896484375 251.96875 250.1687469482421875 251.475006103515625 253.3625030517578125 252.8249969482421875 250.024993896484375 243.34375 241.1062469482421875 233.8937530517578125 228.6999969482421875 223.975006103515625 220.1750030517578125 213.256256103515625 207.2624969482421875 204.9875030517578125 199.087493896484375 198.149993896484375 197.306243896484375 196.3000030517578125 192.256256103515625 185.899993896484375 189.0124969482421875 186.306243896484375 182.09375 181.256256103515625 180.162506103515625 177.506256103515625 181.2062530517578125 187.90625 182.756256103515625 176.631256103515625 175.8125 178.9250030517578125 172.7062530517578125 171.8937530517578125 175.131256103515625 175.912506103515625 172.90625 171.5124969482421875
245.725006103515625 239.625 245.34375 250.3312530517578125 246.875 240.5187530517578125 237.125 241.375 246.3562469482421875 246.8937530517578125 239.0187530517578125 231.556243896484375 226.787506103515625 223.5625 215.3249969482421875 207.431243896484375 201.1125030517578125 195.881256103515625 193.15625 195.6687469482421875 192.037506103515625 186.631256103515625 185.537506103515625 186.818756103515625 184.9187469482421875 180.899993896484375 180.5500030517578125 174.725006103515625 174.243743896484375 178.7687530517578125 178.375 175.1437530517578125 173.6750030517578125 173.3874969482421875 170.399993896484375 173.71875 175.8312530517578125 171.8874969482421875 168.6125030517578125 166.993743896484375 172.743743896484375 176.024993896484375 173.368743896484375 171.1999969482421875
251.712493896484375 236.875 226.7375030517578125 232.787506103515625 238.912506103515625 231.5625 230.3625030517578125 233.381256103515625 236.225006103515625 234.524993896484375 232.09375 222.725006103515625 217.006256103515625 211.475006103515625 202.337493896484375 194.28125 186.725006103515625 183.462493896484375 177.90625 179.225006103515625 179.2687530517578125 174.725006103515625 172.806243896484375 179.0625 177.03125 173.006256103515625 170.350006103515625 170.899993896484375 169.787506103515625 169.6687469482421875 171.443756103515625 171.5625 173.118743896484375 171.4875030517578125 168.556243896484375 165.850006103515625 167.712493896484375 167.899993896484375 163.6875 164.3625030517578125 168.8125 167.9187469482421875 169.556243896484375 170.1999969482421875
243.625 237.443756103515625 230.625 212.399993896484375 221.962493896484375 230.5500030517578125 228.625 228.1750030517578125 232.5187530517578125 229.274993896484375 223.649993896484375 215.5 209.9562530517578125 199.1687469482421875 193.0749969482421875 185.2375030517578125 175.28125 169.1125030517578125 167 169.5500030517578125 169.34375 167.5500030517578125 168.443756103515625 168.3625030517578125 169.756256103515625 168.0500030517578125 165.8625030517578125 165.381256103515625 162.96875 163.09375 164.6437530517578125 168.787506103515625 168.0500030517578125 169.7062530517578125 165.4875030517578125 164.7375030517578125 159.7312469482421875 160.1875 161.8000030517578125 165.4499969482421875 163.3874969482421875 165.3625030517578125 164.600006103515625 163.15625
239.243743896484375 235.5 230.7062530517578125 223.4875030517578125 217.8937530517578125 211.818756103515625 216.5124969482421875 220.7687530517578125 220.15625 219.118743896484375 215.993743896484375 204.131256103515625 200.6062469482421875 191.8562469482421875 182.5 176.368743896484375 169.399993896484375 160.0625 153.7937469482421875 159.4812469482421875 159.306243896484375 157.712493896484375 157.4187469482421875 160.912506103515625 161.90625 163.6437530517578125 165.212493896484375 160.024993896484375 155.631256103515625 160.0812530517578125 160.5187530517578125 159.399993896484375 158.9499969482421875 163.193756103515625 164.2624969482421875 161.15625 155.7937469482421875 154.09375 157.3125 162.1437530517578125 159.5124969482421875 157.850006103515625 158.9499969482421875 157.1687469482421875
238.587493896484375 232.431243896484375 230.5562591552734375 228.1999969482421875 226.462493896484375 227.90625 218.8125 203.9812469482421875 199.09375 198.8874969482421875 197.65625 192.5812530517578125 188.1875 179.5437469482421875 173.5187530517578125 167.225006103515625 159.15625 151.6374969482421875 146.600006103515625 144.8562469482421875 150.2062530517578125 152.34375 151.381256103515625 154.5625 158.524993896484375 156.3874969482421875 157.2624969482421875 151.193756103515625 151.03125 151.2375030517578125 156.287506103515625 155.587493896484375 156.774993896484375 157.243743896484375 156.4562530517578125 151.381256103515625 147.2624969482421875 146.21875 145.806243896484375 146.318756103515625 145.9187469482421875 147.1062469482421875 147.4499969482421875 144.975006103515625
236.75 232.524993896484375 229 230.287506103515625 231.4875030517578125 227.7687530517578125 221.225006103515625 212.850006103515625 201.193756103515625 189.181243896484375 184.087493896484375 176.3562469482421875 178.1437530517578125 169.962493896484375 164.131256103515625 158.068756103515625 153.431243896484375 150.5 150.71875 142.9562530517578125 142.1125030517578125 148.3000030517578125 148.212493896484375 153.618743896484375 156.5124969482421875 150.9187469482421875 147.943756103515625 149.7062530517578125 150.375 149.4499969482421875 155.15625 150.8312530517578125 145.7624969482421875 143.850006103515625 144.725006103515625 146.40625 146.1875 146.7624969482421875 143.4562530517578125 140.34375 138.256256103515625 137.837493896484375 138.8125 135.037506103515625
231.4875030517578125 230.15625 229.662506103515625 231.2624969482421875 232.431243896484375 232.1062469482421875 225.25 217.2312469482421875 207.8249969482421875 199.4562530517578125 187.068756103515625 172.03125 169.5124969482421875 163.649993896484375 158.975006103515625 155.118743896484375 148.2624969482421875 149.7375030517578125 150.806243896484375 147.8687591552734375 146.1750030517578125 143.475006103515625 140.912506103515625 146.28125 147.8562469482421875 148.4187469482421875 145.34375 145.5812530517578125 143.9812469482421875 144.118743896484375 147.056243896484375 142.931243896484375 141.1999969482421875 138.875 137.6687469482421875 140.462493896484375 141.787506103515625 142.962493896484375 140.21875 140.4562530517578125 140.5812530517578125 137.5 132.600006103515625 125.69374847412109375
230.618743896484375 230.743743896484375 229.3874969482421875 232.6437530517578125 233.0812530517578125 232.912506103515625 227.8000030517578125 215.0749969482421875 201.5187530517578125 193.287506103515625 185.693756103515625 173.975006103515625 160.78125 156.8625030517578125 149.7687530517578125 145.693756103515625 143.84375 145.681243896484375 146.837493896484375 150.600006103515625 153.5124969482421875 148.931243896484375 140.556243896484375 134.4187469482421875 142.625 151.375 149.21875 146.0500030517578125 139.225006103515625 139.100006103515625 139.774993896484375 139.787506103515625 139.350006103515625 135.9375 136.6437530517578125 137.431243896484375 138.818756103515625 136.431243896484375 140.125 138.368743896484375 134.712493896484375 130.4562530517578125 128.806243896484375 118.88124847412109375
227.65625 225.837493896484375 225.5187530517578125 229.537506103515625 231.725006103515625 231.75 228.7062530517578125 216.774993896484375 200.149993896484375 185.9562530517578125 176.5500030517578125 170.1875 155.118743896484375 148.181243896484375 147.09375 140.6687469482421875 138.806243896484375 140.600006103515625 142.618743896484375 148.6500091552734375 156.6875 154.631256103515625 151.068756103515625 141.9562530517578125 141.1374969482421875 137.899993896484375 136.693756103515625 137.2937469482421875 133.9499969482421875 132.818756103515625 129.8312530517578125 129.8312530517578125 131.287506103515625 131.2687530517578125 134.0124969482421875 136.8000030517578125 136.0812530517578125 138.0437469482421875 133.193756103515625 131.5374908447265625 126.99375152587890625 125.53749847412109375 118.31874847412109375 107.1875
217.5187530517578125 219.4562530517578125 221.743743896484375 222.6687469482421875 222.5812530517578125 223.1374969482421875 217.7937469482421875 205.0749969482421875 190.287506103515625 180.725006103515625 173.1875 163.868743896484375 156.306243896484375 140.1374969482421875 134.537506103515625 134.75 133.15625 136.21875 138.7624969482421875 142.0749969482421875 147.243743896484375 146.3937530517578125 146.381256103515625 140.3562469482421875 132.3125 129.2937469482421875 129.681243896484375 131.0812530517578125 129.0749969482421875 126.6062469482421875 123.3562469482421875 119.65000152587890625 123.52500152587890625 125.0124969482421875 127.38124847412109375 131.28125 135.600006103515625 140.6875 141.5 133.193756103515625 123.3249969482421875 118.4875030517578125 107.50624847412109375 100.00624847412109375
209.681243896484375 211.0187530517578125 213.625 213.412506103515625 211.90625 209.25 203.274993896484375 193.037506103515625 185.0124969482421875 173.15625 165.0500030517578125 157.9375 147.6750030517578125 136.225006103515625 122.79375457763671875 125.5749969482421875 123.24375152587890625 127.3249969482421875 128.431243896484375 132.368743896484375 135.7687530517578125 137.9812469482421875 138.7937469482421875 135.681243896484375 128.65625 124.125 122.34375 120.02500152587890625 118.0500030517578125 116.28749847412109375 118.08750152587890625 116.5124969482421875 116.3125 117.8937530517578125 121.0625 129.493743896484375 139.3312530517578125 149.181243896484375 152.600006103515625 142.53125 120.8000030517578125 108.5500030517578125 106.96875 113.1999969482421875
204.306243896484375 202.743743896484375 202.8125 203.6687469482421875 199.943756103515625 195.399993896484375 193.96875 184.3562469482421875 174.806243896484375 164.087493896484375 156.068756103515625 147.881256103515625 140.5749969482421875 132.3375091552734375 115.30625152587890625 113.8562469482421875 112.8937530517578125 115.83750152587890625 117.81874847412109375 122.40000152587890625 128.0625 129.881256103515625 131.193756103515625 132.09375 129.725006103515625 126.93125152587890625 124.3562469482421875 119.8874969482421875 118.5500030517578125 117.90625 113.76250457763671875 113.4562530517578125 117.80625152587890625 117.34375 114.7375030517578125 121.3249969482421875 138.5437469482421875 156.59375 162.181243896484375 151.0124969482421875 136.3937530517578125 126.19374847412109375 130.506256103515625 125.8562469482421875
194.2687530517578125 193.0749969482421875 193.756256103515625 191.9375 189.4250030517578125 188.5437469482421875 181.212493896484375 172.9000091552734375 164.9499969482421875 157.9812469482421875 148.65625 141.6999969482421875 135.46875 127.8249969482421875 114.375 98.46875 100.4250030517578125 105.3249969482421875 106.7062530517578125 111.75 116.1999969482421875 121.125 124.8874969482421875 132.1437530517578125 132.381256103515625 129.1125030517578125 123.71875 116.5500030517578125 115.59375 115.4812469482421875 118.4250030517578125 113.3000030517578125 111.2937469482421875 109.3625030517578125 108.46250152587890625 125.52500152587890625 140.3625030517578125 156.6062469482421875 167.2937469482421875 168.912506103515625 161.9812469482421875 151.46875 143.318756103515625 131.506256103515625
184.850006103515625 183.9187469482421875 185.3312530517578125 185.2687530517578125 184.03125 178.149993896484375 173.6437530517578125 166.162506103515625 158.962493896484375 152.375 144.4375 136.3125 128.65625 123.4875030517578125 118.13124847412109375 106.5437469482421875 94.9375 94.40000152587890625 100.90625 104.9499969482421875 108.5500030517578125 114.02500152587890625 121.78125 132.2312469482421875 137.0124969482421875 125.52500152587890625 115.5625 109.5749969482421875 111.18125152587890625 114.49375152587890625 117.96250152587890625 120.0812530517578125 117.3562469482421875 116.38124847412109375 127.84375 138.506256103515625 157.087493896484375 180.4375 196.600006103515625 183.90625 172.6500091552734375 157.4375 141.306243896484375 132.15625
176.0812530517578125 177.725006103515625 177.2624969482421875 179 177.631256103515625 170.1875 164.618743896484375 159.256256103515625 152.537506103515625 142.4250030517578125 135.462493896484375 131.493743896484375 124.94374847412109375 120.09999847412109375 117.59999847412109375 111.7624969482421875 101.71875 89.00624847412109375 97.00624847412109375 99.9187469482421875 102.8312530517578125 107.0625 117.9187469482421875 126.7687530517578125 129.9499969482421875 118.7624969482421875 108.5749969482421875 105.40000152587890625 108.31874847412109375 109.09375 106.8562469482421875 107.5437469482421875 124.9187469482421875 133.0187530517578125 134.681243896484375 151.8625030517578125 174.6999969482421875 190.1062469482421875 197.84375 188.506256103515625 167.462493896484375 152.443756103515625 137.46875 128.537506103515625
167.9562530517578125 169.506256103515625 167.53125 167.8625030517578125 168.850006103515625 163.84375 156.5749969482421875 152.962493896484375 147.868743896484375 138.899993896484375 131.875 125.00624847412109375 120.4375 118.1750030517578125 112.15000152587890625 109.8249969482421875 104.53125 95.4187469482421875 89.5749969482421875 90.5812530517578125 97.5187530517578125 108.90000152587890625 100.53125 110.5437469482421875 114.90625 113.625 108.02500152587890625 103.22499847412109375 106.5500030517578125 108.83750152587890625 108.96250152587890625 112.09999847412109375 125.15625 130.1374969482421875 136.125 150.3874969482421875 162.774993896484375 172.712493896484375 180.1750030517578125 168.743743896484375 156.875 141.431243896484375 130.631256103515625 122.68125152587890625
