data/historical-monthly-weather-data/wc2.1_cruts4.09_10m_prec_1961-05.asc
ncols        51
nrows        45
xllcorner    -63.500000000000
yllcorner    -7.500000000000
cellsize     0.166666666667
NODATA_value -9999
[rows 0 to 18 of 45, columns 0 to 43 of 51]
349.46875 350 344.59375 344.39373779296875 340.89373779296875 334.431243896484375 323.54376220703125 315.23126220703125 308.89373779296875 305.48126220703125 300.631256103515625 295.36248779296875 292.26251220703125 290.15625 288.70623779296875 289.274993896484375 288.537506103515625 286.125 286.068756103515625 288.34375 290.625 292.45623779296875 297.96875 301.8125 307.399993896484375 314.881256103515625 320.837493896484375 328.63751220703125 333.14373779296875 335.962493896484375 333.625 333.787506103515625 334.57501220703125 333.51251220703125 332.64373779296875 334.16876220703125 334.34375 331.600006103515625 329.28125 328.73126220703125 325.57501220703125 323.60626220703125 318.83123779296875 318.40625
349.35626220703125 349.46875 350.25 354.20001220703125 357.662506103515625 354.149993896484375 345.01251220703125 338.58123779296875 334.931243896484375 329.42498779296875 325.20001220703125 319.26873779296875 313.649993896484375 308.756256103515625 304.3125 300.76251220703125 297.625 294.899993896484375 297.60626220703125 301.32501220703125 304.82501220703125 309.100006103515625 313.693756103515625 320.32501220703125 325.60626220703125 330.875 337.20001220703125 342.89373779296875 347.125 348.912506103515625 348.32501220703125 353.600006103515625 352.21875 353.76873779296875 352.381256103515625 348.8125 350.537506103515625 348.100006103515625 347.54998779296875 341.32501220703125 337.38751220703125 338.9375 333.8125 328.08123779296875
337.381256103515625 340.64373779296875 346.6875 352.25 356.587493896484375 358.787506103515625 358.65625 359.725006103515625 359.568756103515625 356.26251220703125 352.21875 344.04998779296875 335.73748779296875 326.33123779296875 319.818756103515625 315.11248779296875 308.5 303.475006103515625 304.649993896484375 308.35626220703125 313.162506103515625 320.862518310546875 327.20623779296875 333.875 339.96875 348.756256103515625 355.962493896484375 358.962493896484375 360.006256103515625 362.01251220703125 362.600006103515625 366.181243896484375 369.118743896484375 368.274993896484375 368.868743896484375 363.212493896484375 361.76873779296875 359.149993896484375 355.524993896484375 350.64373779296875 348.693756103515625 344.024993896484375 340.98748779296875 335.118743896484375
320.23748779296875 321.131256103515625 335.631256103515625 343.412506103515625 351.431243896484375 357.850006103515625 364.818756103515625 374.5625 383.024993896484375 384.181243896484375 378.78125 368.256256103515625 354.78125 343.1875 334.175018310546875 325.96875 316.412506103515625 310.54998779296875 310.07501220703125 315.412506103515625 326.17498779296875 333.875 339.837493896484375 348.475006103515625 355.79376220703125 363.243743896484375 370.431243896484375 370.131256103515625 370.04376220703125 375.46875 377.45623779296875 380.92498779296875 381.693756103515625 379.91876220703125 377.21875 376.79376220703125 375.524993896484375 371.006256103515625 366.618743896484375 361.5 356.21875 354.63751220703125 346.54998779296875 339.13751220703125
323.04376220703125 319.89373779296875 319.04376220703125 328.274993896484375 341.118743896484375 351.09375 365.056243896484375 382.21875 399.75 408.568756103515625 399.881256103515625 383.04376220703125 371.01873779296875 359.13751220703125 347.818756103515625 336.0625 323.631256103515625 317.16876220703125 315.70623779296875 322.274993896484375 334.556243896484375 342.71875 348.649993896484375 362.256256103515625 368.88751220703125 376.756256103515625 376.71875 379.82501220703125 380.443756103515625 384.66876220703125 389.712493896484375 391.675018310546875 391.243743896484375 393.337493896484375 392.6875 388.11248779296875 387.162506103515625 384.243743896484375 379.975006103515625 372.83123779296875 368.212493896484375 361.318756103515625 353.381256103515625 347.399993896484375
318.068756103515625 314.75 312.162506103515625 308.04998779296875 321.375 338.087493896484375 353.712493896484375 369.556243896484375 390 402.9375 398.225006103515625 381.068756103515625 373.131256103515625 364.61248779296875 351.5 343.63751220703125 330.3125 323.39373779296875 324.26251220703125 333.40625 344.01251220703125 354.04998779296875 363.65625 370.100006103515625 377.337493896484375 384.274993896484375 384.381256103515625 384.25 386.73126220703125 392.774993896484375 399.03125 404.48748779296875 404.35626220703125 405.899993896484375 404.89373779296875 402.024993896484375 398.46875 394.14373779296875 393.875 386.26873779296875 377.024993896484375 370.475006103515625 360.96875 354.04998779296875
315.306243896484375 309.5 305.92498779296875 302.537506103515625 305.431243896484375 316.11248779296875 330.868743896484375 346.493743896484375 355.162506103515625 369.6875 375.65625 370.08123779296875 368.118743896484375 364.48126220703125 356.162506103515625 348.14373779296875 341.89373779296875 339.45001220703125 340.287506103515625 350.40625 357.6875 364.837493896484375 369.568756103515625 377.91876220703125 385.73126220703125 394.95623779296875 392.493743896484375 390.76251220703125 388.662506103515625 396.618743896484375 405.556243896484375 409.631256103515625 408.65625 410.76873779296875 412.149993896484375 411.600006103515625 406.08123779296875 401.51251220703125 401.40625 396.66876220703125 384.818756103515625 374.76251220703125 365.118743896484375 359.84375
311.38751220703125 303.743743896484375 299.57501220703125 298.53125 300.712493896484375 311.337493896484375 315.92498779296875 313.73748779296875 312.76873779296875 330.48126220703125 351.21875 357.368743896484375 363.95001220703125 363.89373779296875 360.306243896484375 357.32501220703125 353.76251220703125 356.212493896484375 358.743743896484375 363.662506103515625 373.39373779296875 377.431243896484375 381.35626220703125 383.4375 392.618743896484375 393.443756103515625 395.08123779296875 391.306243896484375 389.712493896484375 398.61248779296875 408.01873779296875 412.743743896484375 414.32501220703125 413.524993896484375 411.725006103515625 409.04998779296875 405.943756103515625 404.0625 399.95001220703125 389.431243896484375 382.26873779296875 372.76873779296875 364.868743896484375 356.15625
307.35626220703125 299.70001220703125 297.41876220703125 295.08123779296875 295.59375 303.506256103515625 307.40625 307.225006103515625 299.899993896484375 303.85626220703125 324.71875 340.23748779296875 354.67498779296875 357.75 358.07501220703125 360.54998779296875 361.431243896484375 367.837493896484375 375.63751220703125 374.131256103515625 374.67498779296875 382.587493896484375 380.899993896484375 391.4375 392.256256103515625 391.118743896484375 387.98126220703125 389.212493896484375 392.712493896484375 397.84375 408.5 410.09375 403.60626220703125 399.25 400.725006103515625 400.39373779296875 399.13751220703125 398.537506103515625 397.21875 385.46875 373.956268310546875 364.40625 360.51873779296875 356.350006103515625
302.33123779296875 296.35626220703125 294.4375 293.78125 291.45001220703125 298.774993896484375 303.912506103515625 306.21875 307.26251220703125 314.32501220703125 326.975006103515625 332.375 348.45001220703125 352.774993896484375 358.29376220703125 360.6875 364.0625 371.8125 381.92498779296875 387.85626220703125 384.681243896484375 382.243743896484375 381.649993896484375 388.32501220703125 385.70001220703125 384.618743896484375 381.056243896484375 382.256256103515625 388.056243896484375 396.98748779296875 400.118743896484375 398.399993896484375 396.100006103515625 392.98126220703125 390.09375 389.51251220703125 387.743743896484375 388.73748779296875 388.350006103515625 384.17498779296875 378.29998779296875 372.8125 359.818756103515625 348.48126220703125
297.337493896484375 293.04376220703125 290.493743896484375 290.524993896484375 288.58123779296875 296.8125 303.04998779296875 304.28125 308.25 318.712493896484375 332.162506103515625 341.493743896484375 343.306243896484375 350.5 354.712493896484375 358.0625 363.73126220703125 373.9375 384.337493896484375 395.306243896484375 404.65625 396.08123779296875 387.5625 372.76251220703125 379.350006103515625 383.756256103515625 380.125 380.36248779296875 379.95623779296875 383.15625 387.64373779296875 387.912506103515625 384.51251220703125 380.868743896484375 376.84375 373.125 372.08123779296875 375.45001220703125 379.881256103515625 379.287506103515625 375.962493896484375 368.29998779296875 362.568756103515625 346.712493896484375
295.42498779296875 290.13751220703125 288.631256103515625 288.91876220703125 288.90625 293.6875 302.368743896484375 307.6875 314.912506103515625 321.181243896484375 333.45623779296875 346.087493896484375 341.962493896484375 346.100006103515625 353.006256103515625 354.024993896484375 359.33123779296875 369.618743896484375 381.818756103515625 398.412506103515625 413.493743896484375 413.056243896484375 402.556243896484375 382.79376220703125 371.91876220703125 366.20001220703125 360.48748779296875 361.04998779296875 364.60626220703125 366.29998779296875 364.618743896484375 363.85626220703125 360.70001220703125 357.125 357.15625 358.53125 360.70623779296875 361.91876220703125 363.8125 364.96875 365.568756103515625 358.88751220703125 347.256256103515625 321.787506103515625
294.556243896484375 287.412506103515625 285.51251220703125 286.287506103515625 285.92498779296875 292.712493896484375 298.48748779296875 302.76251220703125 311.07501220703125 321.712493896484375 332.806243896484375 342.61248779296875 344.13751220703125 335.21875 338.71875 345.79376220703125 350.881256103515625 361.6875 373.631256103515625 390.29376220703125 410.98748779296875 410.462493896484375 402.17498779296875 382.07501220703125 352.08123779296875 340.10626220703125 344.82501220703125 347.39373779296875 352.350006103515625 354.537506103515625 349.0625 341.837493896484375 337.006256103515625 332.3125 333.70001220703125 339.59375 344.64373779296875 350.76251220703125 356.39373779296875 357.350006103515625 355.01873779296875 349.40625 327.85626220703125 307.51251220703125
287.375 281.51251220703125 281.21875 281.70623779296875 283.15625 287.98748779296875 292.58123779296875 297.79376220703125 308.09375 317.931243896484375 322.649993896484375 328.42498779296875 330.20001220703125 328.024993896484375 320.07501220703125 330.33123779296875 335.399993896484375 344.11248779296875 358.493743896484375 375.64373779296875 392.556243896484375 396.28125 392.774993896484375 378.48748779296875 355.41876220703125 340.431243896484375 336.568756103515625 333.475006103515625 335.73126220703125 333.41876220703125 332.28125 323.024993896484375 317.774993896484375 313.618743896484375 313.09375 323.16876220703125 334.149993896484375 344.774993896484375 352.712493896484375 350.0625 335.125 319.04998779296875 312.13751220703125 308.806243896484375
279.524993896484375 275.84375 276.70001220703125 276.98126220703125 277.712493896484375 282.85626220703125 290.14373779296875 297.056243896484375 304.25 309.625 312.587493896484375 315.76251220703125 314.256256103515625 311.0625 298.29998779296875 305.787506103515625 313.100006103515625 325.806243896484375 339.4375 354.131256103515625 372.162506103515625 381.61248779296875 385.95623779296875 383.875 373.79998779296875 362.76251220703125 350.5625 342.5 337.006256103515625 329.9375 316.92498779296875 305.287506103515625 304.01873779296875 294.912506103515625 288.131256103515625 294.899993896484375 319.25 338.118743896484375 343.524993896484375 336.212493896484375 320.462493896484375 313.006256103515625 315.787506103515625 310.38751220703125
270.90625 267.36248779296875 270.08123779296875 271.95001220703125 272.29376220703125 279.162506103515625 286.98748779296875 293.08123779296875 297.462493896484375 302.65625 303.48126220703125 303.98126220703125 301.48748779296875 299.587493896484375 290.524993896484375 280.21875 291.32501220703125 310.23748779296875 320.306243896484375 334.14373779296875 353.037506103515625 372.46875 387.23748779296875 393.64373779296875 387.70001220703125 375.556243896484375 360.13751220703125 346.1875 337.274993896484375 329.95001220703125 320.399993896484375 305.53125 289.774993896484375 275.181243896484375 266.681243896484375 288.9375 304.76873779296875 320.931243896484375 330.20623779296875 330.90625 322.20623779296875 314.5 310.875 298.918731689453125
263.8125 261.375 262.59375 265.98126220703125 269.45001220703125 274.193756103515625 280.193756103515625 285.15625 290.875 294.975006103515625 296.725006103515625 298.212493896484375 294.34375 290.337493896484375 284.868743896484375 278.556243896484375 270.45001220703125 286.42498779296875 301.33123779296875 316.056243896484375 336.59375 358.21875 382.21875 398.493743896484375 401.618743896484375 378.73748779296875 358.70001220703125 345.006256103515625 335.15625 326.57501220703125 317.95001220703125 307.73748779296875 293.868743896484375 281.787506103515625 287.818756103515625 295.506256103515625 310.45001220703125 325.75 340.506256103515625 332.83123779296875 321.90625 310.462493896484375 298.10626220703125 290.35626220703125
254.212493896484375 253.962493896484375 256.931243896484375 259.75 263.54376220703125 271.04376220703125 275.493743896484375 278.981231689453125 282.756256103515625 287.29376220703125 289.15625 292.787506103515625 286.006256103515625 283.61248779296875 278.90625 274.5 267.46875 262.76251220703125 286.59375 298.70001220703125 318.306243896484375 342.337493896484375 367.76251220703125 385.375 392.03125 375.46875 350.3125 340.318756103515625 331.96875 318.306243896484375 299.131256103515625 283.8125 293.649993896484375 295.743743896484375 296.13751220703125 315.649993896484375 329.63751220703125 332.98126220703125 337.506256103515625 331.899993896484375 312.34375 299.88751220703125 288.556243896484375 282.21875
244.524993896484375 245.2937469482421875 248.131256103515625 253.587493896484375 259.112518310546875 264.818756103515625 270.375 275.35626220703125 278.9375 284.524993896484375 284.481231689453125 279.63751220703125 274.86248779296875 273.193756103515625 269.287506103515625 267.881256103515625 265.51873779296875 257.4375 261.88751220703125 275.17498779296875 296.556243896484375 325.493743896484375 333.475006103515625 353.51873779296875 361.556243896484375 361.92498779296875 348.88751220703125 332.26873779296875 324.068756103515625 310.17498779296875 295.212493896484375 288.337493896484375 295.38751220703125 297.70001220703125 302.32501220703125 316.13751220703125 320.618743896484375 319.92498779296875 324.412506103515625 314.625 298.618743896484375 285.350006103515625 278.875 276.537506103515625
