data/historical-monthly-weather-data/wc2.1_cruts4.09_10m_prec_1991-10.asc
ncols        51
nrows        45
xllcorner    -63.500000000000
yllcorner    -7.500000000000
cellsize     0.166666666667
NODATA_value -9999
[rows 0 to 18 of 45, columns 0 to 43 of 51]
181.2624969482421875 181.8874969482421875 179.056243896484375 178.7624969482421875 176.8937530517578125 172.6437530517578125 165.818756103515625 159.25 152.493743896484375 147.3625030517578125 144.1750030517578125 140.3312530517578125 135.84375 129.8000030517578125 124.86875152587890625 120.0749969482421875 115.46250152587890625 110.55625152587890625 106.625 102.81874847412109375 100 96.9375 94.34999847412109375 92.4187469482421875 90.9562530517578125 89.97499847412109375 89.8000030517578125 90.0437469482421875 90.40000152587890625 88.9812469482421875 87.55625152587890625 86.27500152587890625 85.3562469482421875 84.7624969482421875 84.3874969482421875 83.65625 82.75624847412109375 81.71250152587890625 80.7624969482421875 79.71250152587890625 78.68125152587890625 78.1687469482421875 77.08750152587890625 75.3937530517578125
176.5749969482421875 178.3874969482421875 179.375 182.850006103515625 186.1062469482421875 181.0749969482421875 174.6999969482421875 169.75 164.5749969482421875 159.0437469482421875 153.9250030517578125 147.881256103515625 141.462493896484375 134.681243896484375 128.5124969482421875 123.0437469482421875 116.9375 112.0749969482421875 107.9250030517578125 104.31874847412109375 101.1125030517578125 98.33750152587890625 95.86875152587890625 94 92.3625030517578125 90.68125152587890625 90.81874847412109375 91.09375 91.03749847412109375 88.84999847412109375 87.65000152587890625 86.84999847412109375 86.2624969482421875 86.15625 85.49375152587890625 84.22499847412109375 83.28749847412109375 81.8874969482421875 80.8249969482421875 79.46250152587890625 78.3125 77.83750152587890625 76.7687530517578125 75.03749847412109375
165.7937469482421875 168.899993896484375 170.568756103515625 175.3312530517578125 179.7312469482421875 178.056243896484375 176.1374969482421875 175.2937469482421875 172.5 167.6125030517578125 161.2312469482421875 153.4499969482421875 145.618743896484375 137.556243896484375 130.587493896484375 124.25 118.27500152587890625 113.40625 109.1125030517578125 105.4187469482421875 102.08750152587890625 99.6999969482421875 97.1437530517578125 94.84375 92.7687530517578125 91.11875152587890625 90.9375 91.09375 90.25 88.47499847412109375 87.59375 86.46250152587890625 85.80625152587890625 85.71875 85.2312469482421875 83.94374847412109375 82.6374969482421875 81.4562530517578125 80.5749969482421875 79.22499847412109375 78.125 77.6062469482421875 76.71250152587890625 75.5187530517578125
153.3312530517578125 156.46875 160.118743896484375 163.4562530517578125 168.475006103515625 170.3125 173.4499969482421875 177.2937469482421875 178.6875 175.462493896484375 167.3874969482421875 157.443756103515625 147.90625 139.1687469482421875 132.34375 125.375 119.03749847412109375 114.56874847412109375 110.5500030517578125 107.0500030517578125 103.8249969482421875 100.7062530517578125 97.4875030517578125 95.0812530517578125 92.625 90.4875030517578125 90.0625 89.7375030517578125 88.9375 87.22499847412109375 86.33750152587890625 85.66249847412109375 84.38124847412109375 83.6687469482421875 82.7062530517578125 82.2937469482421875 81.3937530517578125 80.2687530517578125 79.68125152587890625 78.5812530517578125 77 76.75 76.11875152587890625 75.4499969482421875
147.7687530517578125 147.5500030517578125 147.274993896484375 150.068756103515625 156.15625 161.4562530517578125 167.7687530517578125 175.0500030517578125 181.40625 182.3874969482421875 171.493743896484375 158.225006103515625 148.09375 139.875 132.6750030517578125 125.5 119.44374847412109375 114.5187530517578125 110.43125152587890625 106.97499847412109375 104.22499847412109375 100.77500152587890625 97.33750152587890625 94.8312530517578125 92.0812530517578125 89.6687469482421875 88.5187530517578125 88.34999847412109375 87.91249847412109375 85.6750030517578125 84.63124847412109375 83.7375030517578125 82.7687530517578125 81.9187469482421875 81.1999969482421875 80.53125 79.83750152587890625 79.16249847412109375 78.46875 77.4375 75.90000152587890625 75.3249969482421875 75.1687469482421875 74.8125
140.4499969482421875 139.8000030517578125 136.625 135.118743896484375 142.0625 150.1875 157.46875 165.2062530517578125 171.7937469482421875 175.53125 163.40625 150.943756103515625 142.774993896484375 135.5749969482421875 129.337493896484375 123.9875030517578125 118.44374847412109375 113.9499969482421875 110.49375152587890625 107.19374847412109375 104.34375 101.0437469482421875 97.7062530517578125 94.30625152587890625 91.31874847412109375 88.5625 87.02500152587890625 86.08750152587890625 85.75624847412109375 83.53125 82.49375152587890625 82.28125 81.3125 80.8000030517578125 80.4499969482421875 80.38124847412109375 80.21875 80.40625 80.6437530517578125 79.125 76.4375 75.8937530517578125 75.4499969482421875 75.5437469482421875
135.818756103515625 134.2312469482421875 130.9812469482421875 128.6374969482421875 132.806243896484375 138.631256103515625 144.537506103515625 149.3125 150.4499969482421875 148.6374969482421875 144.462493896484375 139.0812530517578125 134.4499969482421875 129.8312530517578125 125.30625152587890625 121.4499969482421875 117.34375 113.1125030517578125 109.66249847412109375 107.0625 104.44374847412109375 101.28125 97.68125152587890625 94.15000152587890625 90.8562469482421875 87.6875 86.0437469482421875 84.4875030517578125 83.14374542236328125 81.4875030517578125 80.52500152587890625 80.0500030517578125 79.3000030517578125 79.28749847412109375 79.5 79.50624847412109375 79.8312530517578125 80.5437469482421875 81.88124847412109375 79.4499969482421875 76.34375 74.9499969482421875 74.56874847412109375 75.05625152587890625
131.9187469482421875 129.1750030517578125 127.3937530517578125 127.21875 128.8874969482421875 132.4375 133.9375 132.443756103515625 126.13124847412109375 123.38124847412109375 125.3125 125.8000030517578125 125.3312530517578125 123.30625152587890625 121.38124847412109375 118.8874969482421875 115.97499847412109375 112.3249969482421875 109.3249969482421875 107.38124847412109375 104.96875 101.65625 97.97499847412109375 94.28125 90.59375 86.72499847412109375 84.40625 82.0749969482421875 80.22499847412109375 78.125 77.5 77.43125152587890625 77.1687469482421875 77.5124969482421875 77.7375030517578125 77.875 77.8000030517578125 78.3000030517578125 78.1750030517578125 76.1374969482421875 73.1437530517578125 71.33124542236328125 70.2312469482421875 70.1125030517578125
127.88124847412109375 125.69374847412109375 125.30625152587890625 125.31874847412109375 126.5124969482421875 128.149993896484375 127.9875030517578125 123.3625030517578125 112.44374847412109375 107.1687469482421875 112.2375030517578125 115.7624969482421875 117.6374969482421875 117.09375 116.81874847412109375 116.03125 114.4562530517578125 112.5500030517578125 111.0500030517578125 109.21875 106.52500152587890625 103.34375 98.77500152587890625 95.1437530517578125 90.50624847412109375 85.7687530517578125 82.49375152587890625 80.6687469482421875 78.74375152587890625 76.5187530517578125 76.15000152587890625 76.21250152587890625 75.8249969482421875 75.96875 76.00624847412109375 76.4250030517578125 76.61875152587890625 76.27500152587890625 74.93125152587890625 72.75 69.66249847412109375 67.00624847412109375 65.34999847412109375 63.78125
123.96250152587890625 121.7312469482421875 121.59999847412109375 122.6437530517578125 124.41249847412109375 125.9812469482421875 125.47499847412109375 121.0124969482421875 112.27500152587890625 107.44374847412109375 108.2375030517578125 109.9250030517578125 111.8249969482421875 112.1750030517578125 113.05625152587890625 113.59999847412109375 113.19374847412109375 112.97499847412109375 112.7312469482421875 112.58750152587890625 109.4375 105.56874847412109375 100.25624847412109375 95.23125457763671875 89.2312469482421875 83.9875030517578125 81.08750152587890625 78.65625 76.86875152587890625 75.09375 74.3312530517578125 74.56874847412109375 74.3125 74.68125152587890625 75.0749969482421875 75.3562469482421875 75.0812530517578125 74.2375030517578125 72.4187469482421875 69.38124847412109375 65.86875152587890625 62.55625152587890625 59.481250762939453125 56.950000762939453125
119.7687530517578125 117.2624969482421875 117.3625030517578125 118.8249969482421875 121.0812530517578125 124.96875 125.65625 121.3125 113.99375152587890625 109.375 107.9187469482421875 107.7937469482421875 107.88124847412109375 108.44374847412109375 109.96250152587890625 111.00624847412109375 111.96875 113.00624847412109375 114.25624847412109375 115.4375 113.50624847412109375 108.5812530517578125 102.0625 94.65625 88.6999969482421875 83.6999969482421875 80.91249847412109375 78.47499847412109375 75.9812469482421875 74.44374847412109375 73.86875152587890625 74.0500030517578125 73.9499969482421875 74.1687469482421875 74.1999969482421875 73.9875030517578125 73.40000152587890625 71.75624847412109375 69.34999847412109375 65.8000030517578125 61.78125 57.94374847412109375 54.543750762939453125 50.981250762939453125
115.0749969482421875 112.7312469482421875 113.36875152587890625 115.5124969482421875 118.40625 122.9187469482421875 125.1750030517578125 120.72499847412109375 114.71250152587890625 110.1875 107.8000030517578125 107.03125 106.2624969482421875 106.5500030517578125 108.53125 109.6750030517578125 111.02500152587890625 112.5500030517578125 114.4562530517578125 116.96250152587890625 116.94374847412109375 111.84999847412109375 104.3562469482421875 95.9562530517578125 88.6374969482421875 82.6437530517578125 79.5187530517578125 77.90625 76.28749847412109375 75.2687530517578125 74.30625152587890625 74.27500152587890625 73.75624847412109375 73.81874847412109375 73.8874969482421875 73.28125 72.18125152587890625 70.5187530517578125 67.11875152587890625 63.05625152587890625 58.13124847412109375 53.918750762939453125 50.237499237060546875 46.862499237060546875
109.43125152587890625 107.7062530517578125 108.69374847412109375 110.6687469482421875 113.5187530517578125 117.1687469482421875 118.34999847412109375 116.7312469482421875 112.5187530517578125 109.6687469482421875 107.71875 106.18125152587890625 105.375 104.4250030517578125 106.24375152587890625 108.11875152587890625 109.2312469482421875 111.34375 113.71250152587890625 116.10625457763671875 117.53125 113.2375030517578125 105.53125 97 86.8312530517578125 80.21250152587890625 79.33750152587890625 78.08750152587890625 77.21875 76.21250152587890625 75.1374969482421875 74.36875152587890625 73.9375 73.46250152587890625 73.38124847412109375 72.7624969482421875 71.46875 69.9875030517578125 66.47499847412109375 60.950000762939453125 55.63124847412109375 51.706249237060546875 47.5625 41.77500152587890625
103.09999847412109375 101.68125152587890625 102.97499847412109375 104.94374847412109375 107.1750030517578125 110.1062469482421875 111.46875 111.69374847412109375 109.71875 107.6875 106.1687469482421875 104.56874847412109375 103.3562469482421875 102.7312469482421875 103.40000152587890625 105.375 106.36875152587890625 108.2062530517578125 110.15000152587890625 112.0749969482421875 112.9499969482421875 109.80625152587890625 104.75624847412109375 97.6750030517578125 89.34375 83.2687530517578125 81.5749969482421875 79.9562530517578125 78.59999847412109375 76.8249969482421875 75.25 74.46250152587890625 73.74375152587890625 73.21875 73.125 72.7062530517578125 71.81874847412109375 70.88124847412109375 67.47499847412109375 62.31874847412109375 55.84999847412109375 50.06874847412109375 45.46875 41.1875
97.88124847412109375 96.9562530517578125 98.0124969482421875 100 102.1062469482421875 104.5812530517578125 106.94374847412109375 108.0812530517578125 106.86875152587890625 105.93125152587890625 105.21875 103.44374847412109375 101.8937530517578125 101.0749969482421875 101.3312530517578125 102.97499847412109375 103.4499969482421875 104.28125 105.25624847412109375 107.0124969482421875 107.97499847412109375 106.9499969482421875 104.6999969482421875 101.0749969482421875 96.15625 90.86875152587890625 87.40000152587890625 84.1437530517578125 81.28125 78.25 75.8312530517578125 74.41249847412109375 73.6437530517578125 73.65000152587890625 73.625 73.1687469482421875 73.24375152587890625 74.3625030517578125 73.77500152587890625 69.21875 62.25 55.19374847412109375 49.700000762939453125 44.90000152587890625
92.22499847412109375 91.46250152587890625 92.84999847412109375 94.97499847412109375 97.0749969482421875 99.81874847412109375 102.21875 103.59375 103.7062530517578125 103.90625 103.3874969482421875 100.9812469482421875 99.30625152587890625 98.4875030517578125 99.0625 99.8125 99.1437530517578125 99.3625030517578125 99.90625 101.05625152587890625 102.1687469482421875 103.46250152587890625 104.59375 105.31874847412109375 102.9562530517578125 98.1125030517578125 93.8562469482421875 89.1875 84.5749969482421875 79.84375 76.4562530517578125 74.00624847412109375 72.8874969482421875 72.9375 72.52500152587890625 71.80625152587890625 74.1437530517578125 76.78749847412109375 79.4375 77.19374847412109375 72.2375030517578125 63.831249237060546875 56.02500152587890625 49.21875
85.9812469482421875 85.71875 87.8312530517578125 90.40000152587890625 92.6062469482421875 95.3625030517578125 97.8874969482421875 99.68125152587890625 100.69374847412109375 101.125 100.9250030517578125 98.31874847412109375 95.875 94.46250152587890625 94.50624847412109375 94.5749969482421875 92.93125152587890625 92.6687469482421875 93.21875 94.55625152587890625 96.25 99.125 103.4562530517578125 108.3249969482421875 109.5749969482421875 103.6437530517578125 98.98125457763671875 92.69374847412109375 86.34375 80.6125030517578125 76.84999847412109375 74.84999847412109375 72.0749969482421875 70.15625 69.09375 70.65625 74.31874847412109375 81.8874969482421875 90.5 88.0812530517578125 82.97499847412109375 72.875 62.40000152587890625 54.487499237060546875
81.25624847412109375 81.53749847412109375 84.25 87.1062469482421875 89.68125152587890625 92.7937469482421875 95.50624847412109375 97.28749847412109375 98.49375152587890625 99.3249969482421875 99.3249969482421875 96.00624847412109375 92.80625152587890625 90.22499847412109375 89.34375 88.36875152587890625 86.5437469482421875 85.75 86.625 87.7937469482421875 90.05625152587890625 93.74375152587890625 99.25624847412109375 105.90625 109.0812530517578125 105.97499847412109375 102.99375152587890625 95.99375152587890625 88.0749969482421875 80.6999969482421875 76.00624847412109375 73.625 72.63124847412109375 72.1750030517578125 69.28125 66.1875 73.83750152587890625 83.6437530517578125 90.66249847412109375 91.65625 87.30625152587890625 78.1750030517578125 68.2687530517578125 60.481250762939453125
76.31874847412109375 77.59375 80.81874847412109375 84.1875 87.375 90.4812469482421875 93.125 95.21875 97.1437530517578125 97.8125 97.1062469482421875 93.52500152587890625 89.375 85.7687530517578125 84.16249847412109375 83.19374847412109375 81.3312530517578125 80.06874847412109375 80.71875 81.53125 83.9375 89.3000030517578125 93.4812469482421875 100.2624969482421875 104.47499847412109375 105.375 103.03125 97.16249847412109375 90.15000152587890625 81.46875 74.9499969482421875 75.1750030517578125 78.18125152587890625 77.375 74.99375152587890625 73.4875030517578125 78.33750152587890625 84.90000152587890625 90.0437469482421875 91.65625 89.13124847412109375 83.61875152587890625 74.33750152587890625 66.9562530517578125
