data/historical-monthly-weather-data/wc2.1_cruts4.09_10m_prec_1967-09.asc
ncols        51
nrows        45
xllcorner    -63.500000000000
yllcorner    -7.500000000000
cellsize     0.166666666667
NODATA_value -9999
[rows 0 to 18 of 45, columns 0 to 43 of 51]
96.46875 93.93125152587890625 94.06874847412109375 96.22499847412109375 97.08750152587890625 97.3562469482421875 95.1750030517578125 92.0500030517578125 90.5 89.28749847412109375 89.4875030517578125 91.24375152587890625 93.1125030517578125 93.96250152587890625 96.3000030517578125 98.08750152587890625 100.7624969482421875 101.5187530517578125 103.02500152587890625 103.2937469482421875 102.19374847412109375 99.1999969482421875 97.0187530517578125 94.55625152587890625 91.6875 90.41249847412109375 90.5625 90.7624969482421875 89.2624969482421875 85.47499847412109375 80.5812530517578125 76.84375 75.3125 72.6437530517578125 70.9187469482421875 71.375 73.0625 74.78125 77.06874847412109375 79.80625152587890625 82.8125 85.7062530517578125 87.66249847412109375 89.93125152587890625
89.6999969482421875 87.00624847412109375 88.7375030517578125 92.38124847412109375 96.3625030517578125 94.36875152587890625 91.00624847412109375 89.46250152587890625 87.74375152587890625 86.10625457763671875 85.6687469482421875 86.6062469482421875 87.83750152587890625 87.94374847412109375 90.00624847412109375 92.53749847412109375 94.47499847412109375 96.78749847412109375 99.09375 100.63124847412109375 98.8125 97.1875 94.75624847412109375 92.6125030517578125 88.91249847412109375 87.02500152587890625 87.59999847412109375 88.06874847412109375 86.09375 82.49375152587890625 78.34375 75.5749969482421875 73.9812469482421875 73.0437469482421875 72.2312469482421875 73.56874847412109375 76.0437469482421875 78.90000152587890625 81.46250152587890625 84.50624847412109375 87.9375 90.9250030517578125 93.56874847412109375 94.8125
80.7312469482421875 79.2062530517578125 80.7687530517578125 84.21875 87.31874847412109375 86.88124847412109375 84.66249847412109375 82.99375152587890625 81.96250152587890625 80.7937469482421875 80.27500152587890625 81.00624847412109375 82.0625 82.05625152587890625 83.7937469482421875 86.6437530517578125 88.4375 90.24375152587890625 91.86875152587890625 92.9875030517578125 90.8562469482421875 88.36875152587890625 86.15000152587890625 84.1374969482421875 80.90625 78.5187530517578125 80.3125 80.55625152587890625 79.34375 75.78125 71.5812530517578125 68.90000152587890625 69 68.84375 69.02500152587890625 71.02500152587890625 74.3625030517578125 78.3249969482421875 81.9250030517578125 85.9562530517578125 90.25 93.0500030517578125 96.40000152587890625 98.36875152587890625
70.81874847412109375 69.75624847412109375 73.0812530517578125 74.93125152587890625 76.84999847412109375 76.9562530517578125 76.375 76.50624847412109375 76.2375030517578125 75.69374847412109375 74.8562469482421875 75.4375 75.3874969482421875 75.90625 77.8625030517578125 80.53125 82.7624969482421875 83.7687530517578125 85.2687530517578125 86.0437469482421875 83.3125 79.38124847412109375 76.00624847412109375 74.03125 70.86875152587890625 69.0625 70.46875 70.3874969482421875 70.27500152587890625 67.55625152587890625 64.3125 61.387500762939453125 61.631252288818359375 62.299999237060546875 63.03749847412109375 67.43125152587890625 72.40625 77.25624847412109375 82.03125 86.25 90.5812530517578125 93.65000152587890625 97.03125 99.875
68.625 65.46250152587890625 64.5 65.53749847412109375 68.0437469482421875 68.80625152587890625 68.69374847412109375 69.30625152587890625 70.0500030517578125 69.80625152587890625 69.11875152587890625 68.91249847412109375 69.41249847412109375 70.75624847412109375 73.0187530517578125 75.55625152587890625 77.46875 77.53125 77.8000030517578125 77.18125152587890625 74.69374847412109375 69.55625152587890625 66.22499847412109375 64.19374847412109375 61.38124847412109375 59.668750762939453125 60.30625152587890625 61.431247711181640625 61.731250762939453125 59.00624847412109375 56.31874847412109375 53.49375152587890625 54.11875152587890625 55.887500762939453125 58.0625 62.862499237060546875 68.65000152587890625 75.09999847412109375 80.84375 85.93125152587890625 90.74375152587890625 93.6687469482421875 96.52500152587890625 100.1687469482421875
66.0187530517578125 62.66249847412109375 60.606250762939453125 58.5 60.90000152587890625 63.737499237060546875 64.4812469482421875 64.6125030517578125 65.28749847412109375 65.8249969482421875 65.0625 65.08750152587890625 65.96250152587890625 67.5812530517578125 69.3125 71.9375 73.47499847412109375 71.97499847412109375 70.6999969482421875 69.31874847412109375 65.6062469482421875 61.18125152587890625 57.65000152587890625 55.30625152587890625 53.362499237060546875 51.66249847412109375 52.387500762939453125 53.90625 54.237499237060546875 51.75624847412109375 49.40000152587890625 48.362499237060546875 49.53749847412109375 51.53749847412109375 53.94374847412109375 59.950000762939453125 66.40000152587890625 74.02500152587890625 80.74375152587890625 86.09999847412109375 88.77500152587890625 91.5437469482421875 94.28749847412109375 98.27500152587890625
64.27500152587890625 61.231250762939453125 59.168750762939453125 57.106250762939453125 57.356250762939453125 57.97499847412109375 59.21250152587890625 59.96875 60.143749237060546875 60.03125 60.15625 61.125 62.74375152587890625 64.3562469482421875 66.125 68.3125 69.61875152587890625 67.38124847412109375 64.2375030517578125 60.981250762939453125 56.84999847412109375 52.77500152587890625 48.856250762939453125 46.78749847412109375 45.4375 44.31874847412109375 45.3125 46.8125 47.06874847412109375 44.94374847412109375 43.25624847412109375 42.15625 44.168750762939453125 46.987499237060546875 50.112499237060546875 55.893749237060546875 62.893749237060546875 71.75 80.09375 83.9562530517578125 86.3312530517578125 87.9187469482421875 90.4375 94.625
62.862499237060546875 59.887500762939453125 57.97499847412109375 57.137500762939453125 57.268749237060546875 57.768749237060546875 56.94374847412109375 54.987499237060546875 54 54.31874847412109375 55.53749847412109375 57.412502288818359375 59.575000762939453125 61.33750152587890625 63.22499847412109375 64.24375152587890625 64.9187469482421875 61.88124847412109375 57.65000152587890625 52.44374847412109375 48.575000762939453125 44.606250762939453125 41.018749237060546875 39.0625 37.856250762939453125 37.03125 38.02500152587890625 39.299999237060546875 40.143749237060546875 38.625 37.375 36.6875 39.043750762939453125 42.41249847412109375 45.5 51.30625152587890625 58.231250762939453125 66.16249847412109375 72.49375152587890625 76.77500152587890625 79.18125152587890625 80.43125152587890625 82.78125 85.84375
62.700000762939453125 60.21250152587890625 58.831249237060546875 57.950000762939453125 57.825000762939453125 57.637500762939453125 56.80625152587890625 54.94374847412109375 53.21250152587890625 52.1875 53.47499847412109375 55.674999237060546875 58.793750762939453125 60.43125152587890625 60.581249237060546875 59.93125152587890625 59 55.65625 51.80625152587890625 46.68125152587890625 42.47499847412109375 39.00624847412109375 35.18125152587890625 33.90000152587890625 32.543750762939453125 31.568750381469726562 32.637500762939453125 34.231250762939453125 35.512500762939453125 34.53125 34.13124847412109375 33.18125152587890625 34.924999237060546875 37.25624847412109375 40.1875 46.22499847412109375 52.80625152587890625 59.27500152587890625 63.99375152587890625 67.75624847412109375 70.1062469482421875 70.9562530517578125 72.9499969482421875 75.53125
61.9375 59.90000152587890625 58.793750762939453125 57.97499847412109375 58.09375 58 57.1875 55.262500762939453125 54.11875152587890625 53.581249237060546875 53.90000152587890625 55.55625152587890625 58.325000762939453125 60.34375 58.0625 55.700000762939453125 52.52500152587890625 48.99375152587890625 45.33750152587890625 41.25624847412109375 37.418750762939453125 33.625 30.03125 28.643749237060546875 27.1875 26.40625 27.649999618530273438 29.25 30.700000762939453125 30.674999237060546875 30.162500381469726562 29.618749618530273438 31.174999237060546875 33.49375152587890625 36.174999237060546875 41.356250762939453125 47.293750762939453125 52.731250762939453125 56.0625 59.15000152587890625 61.25624847412109375 62.22499847412109375 62 63.59375
62.231250762939453125 60.293750762939453125 59.262500762939453125 58.33750152587890625 58.1875 58.63124847412109375 58.018749237060546875 55.549999237060546875 54.27500152587890625 53.97499847412109375 54.581249237060546875 56.4375 58.168750762939453125 59.081249237060546875 54.90000152587890625 50.4375 45.66249847412109375 42.16249847412109375 38.825000762939453125 35.5 32.68125152587890625 29.21875 25.756250381469726562 23.46875 22.524999618530273438 22.506250381469726562 23.893749237060546875 25.193750381469726562 26.293750762939453125 26.637500762939453125 26.700000762939453125 26.59375 28.168750762939453125 30.006250381469726562 32.299999237060546875 36.71875 41.668750762939453125 46.106250762939453125 49.44374847412109375 51.40000152587890625 52.46875 52.643749237060546875 53.331249237060546875 53.200000762939453125
63.200000762939453125 61.268749237060546875 60.237499237060546875 59.74375152587890625 59.46875 59.831249237060546875 59.72499847412109375 57.53125 55.97499847412109375 55.331249237060546875 55.78125 56.27500152587890625 55.34375 54.03125 50.268749237060546875 45.512500762939453125 41 37.41249847412109375 34.43125152587890625 32.012500762939453125 29.856250762939453125 26.618749618530273438 23.168750762939453125 20.862499237060546875 19.78125 19.493749618530273438 20.693750381469726562 21.981250762939453125 22.893749237060546875 23.524999618530273438 23.793748855590820312 23.975000381469726562 25.34375 27.15625 29.481250762939453125 33.306247711181640625 37.325000762939453125 41.075000762939453125 42.862499237060546875 43.78749847412109375 44.1875 43.77500152587890625 44.16249847412109375 43.71875
63.9375 61.94374847412109375 60.700000762939453125 59.668750762939453125 59.02500152587890625 59.25 58.77500152587890625 57.08750152587890625 56.61875152587890625 56.512500762939453125 56.38124847412109375 55.09375 52.53749847412109375 48.4375 44.09375 40.16249847412109375 36.112499237060546875 33.05625152587890625 30.518749237060546875 28.318750381469726562 26.481250762939453125 23.793750762939453125 20.662500381469726562 18.78125 17.262500762939453125 16.806249618530273438 18.125 19.456249237060546875 20.46875 21.125 21.325000762939453125 21.587499618530273438 22.887500762939453125 24.193750381469726562 26.056249618530273438 29.712499618530273438 33.956249237060546875 37.69374847412109375 39.918750762939453125 39.299999237060546875 37.97499847412109375 37.96875 37.549999237060546875 34.018749237060546875
63.956249237060546875 61.768749237060546875 60.03749847412109375 58.737499237060546875 58.018749237060546875 57.643749237060546875 56.987499237060546875 56.21875 56.106250762939453125 56.518749237060546875 55.875 52.05625152587890625 47.862499237060546875 42.987499237060546875 38.03749847412109375 34.75 31.25 28.524999618530273438 26.125 24.225000381469726562 22.524999618530273438 20.125 17.787500381469726562 16.743749618530273438 15.662500381469726562 15.100000381469726562 16.1875 17.268749237060546875 18.09375 18.899999618530273438 19.600000381469726562 19.831249237060546875 20.768749237060546875 21.78125 23.456249237060546875 27.325000762939453125 31.962499618530273438 36.856250762939453125 39.75624847412109375 40.106250762939453125 36.075000762939453125 33.043750762939453125 32.612499237060546875 31.90625
62.28125 59.825000762939453125 58.043750762939453125 56.825000762939453125 56.13124847412109375 54.97499847412109375 54.825000762939453125 54.049999237060546875 53.793750762939453125 54.30625152587890625 53.05625152587890625 48.424999237060546875 43.325000762939453125 38.18125152587890625 33.293750762939453125 29.799999237060546875 26.950000762939453125 24.881250381469726562 22.71875 21.143749237060546875 19.743749618530273438 18.018749237060546875 16.325000762939453125 15.881250381469726562 15.568750381469726562 15.21875 16.049999237060546875 16.625 17.068750381469726562 17.9375 18.193750381469726562 18.418750762939453125 19.362499237060546875 20.0625 20.962499618530273438 25.043750762939453125 31.081249237060546875 38.22499847412109375 43.043750762939453125 43.106250762939453125 40.418750762939453125 36.887500762939453125 35.625 33.981250762939453125
59.77500152587890625 57.31874847412109375 55.93125152587890625 54.6875 53.50624847412109375 53.0625 52.612499237060546875 51.831249237060546875 51.700000762939453125 51.981250762939453125 50.40000152587890625 44.887500762939453125 39.16249847412109375 33.887500762939453125 29.475000381469726562 25.643749237060546875 23.068750381469726562 21.618749618530273438 19.875 18.618749618530273438 17.387500762939453125 16.28125 15.331250190734863281 15.524999618530273438 15.59375 15.306249618530273438 15.831250190734863281 16.331249237060546875 16.725000381469726562 17.393749237060546875 18.0625 18.037500381469726562 18.456249237060546875 19.1875 19.5625 24.399999618530273438 31.756250381469726562 39.25624847412109375 45.71250152587890625 47.331249237060546875 46.668750762939453125 42.375 38.36875152587890625 34.96250152587890625
56.34375 54.356250762939453125 53.387500762939453125 52.30625152587890625 51.09999847412109375 50.83750152587890625 50.399997711181640625 49.924999237060546875 49.606250762939453125 49.27500152587890625 47.825000762939453125 41.893749237060546875 35.49375152587890625 29.975000381469726562 26.368749618530273438 23.068750381469726562 19.962499618530273438 18.575000762939453125 17.46875 16.387500762939453125 15.375 14.618749618530273438 14.306249618530273438 15.15625 15.693750381469726562 15.274999618530273438 15.668749809265136719 16.09375 16.512500762939453125 17.399999618530273438 18.506250381469726562 19.356250762939453125 19.537500381469726562 19.893749237060546875 21.950000762939453125 26.387500762939453125 33.012500762939453125 42.91249847412109375 52.393749237060546875 51.356250762939453125 47.793750762939453125 43.38124847412109375 38.44374847412109375 35.706249237060546875
51.83750152587890625 50.262500762939453125 48.893749237060546875 47.80625152587890625 47 46.63124847412109375 45.88124847412109375 45.09999847412109375 45.231250762939453125 44.862499237060546875 43.643749237060546875 38.24375152587890625 32.362499237060546875 27.306249618530273438 23.950000762939453125 21.056249618530273438 18.268749237060546875 16.200000762939453125 15.456250190734863281 14.443750381469726562 13.787500381469726562 13.212499618530273438 13.212499618530273438 14.431249618530273438 15.350000381469726562 15.25 15.918749809265136719 16.40625 16.712499618530273438 17.443750381469726562 18.4375 19.318750381469726562 21.518749237060546875 23.768749237060546875 24.931249618530273438 27.799999237060546875 35.28125 44.33750152587890625 50.33750152587890625 50.643749237060546875 45.8125 41.543750762939453125 37.625 36.206249237060546875
47.206249237060546875 45.706249237060546875 44.256252288818359375 43.375 42.387500762939453125 41.9375 41.049999237060546875 40.59375 40.81874847412109375 40.80625152587890625 39.81874847412109375 34.83750152587890625 29.46875 24.993749618530273438 21.75 19.274999618530273438 16.887500762939453125 14.84375 13.568750381469726562 12.6875 12.493749618530273438 12.831250190734863281 12.024999618530273438 13.243749618530273438 14.481249809265136719 15.337499618530273438 16.387500762939453125 16.887500762939453125 17.618749618530273438 18.299999237060546875 19.03125 21.431249618530273438 25.40625 27.799999237060546875 29.637500762939453125 32.86875152587890625 37.737499237060546875 42.80625152587890625 46.16249847412109375 45.84999847412109375 42.53749847412109375 39.237499237060546875 36.56874847412109375 35.75624847412109375
