data/historical-monthly-weather-data/wc2.1_cruts4.09_10m_prec_1987-10.asc
ncols        45
nrows        45
xllcorner    -63.500000000000
yllcorner    -7.500000000000
cellsize     0.166666666667
NODATA_value -9999
[rows 19 to 37 of 45, columns 0 to 43 of 45]
109.0124969482421875 105.47499847412109375 102.90625 100.34375 97.84999847412109375 97.27500152587890625 96.3937530517578125 94.97499847412109375 94.3312530517578125 93.0437469482421875 90.02500152587890625 83.6999969482421875 77.19374847412109375 71.22499847412109375 67.2062530517578125 63.90625 60.043750762939453125 58.15000152587890625 56.86875152587890625 56.231250762939453125 55.668750762939453125 56.52500152587890625 58.918750762939453125 61.668750762939453125 63.09375 62.59999847412109375 61.231250762939453125 58.918750762939453125 54.58750152587890625 50.137500762939453125 47.424999237060546875 49.00624847412109375 49.22499847412109375 48.97499847412109375 48.15000152587890625 46.643749237060546875 46.40625 47.393749237060546875 48.75 49.47499847412109375 49.47499847412109375 48.56874847412109375 45.862499237060546875 43.143749237060546875
105.28125 103.38124847412109375 102.2687530517578125 100.69374847412109375 98.91249847412109375 98.59375 98.3625030517578125 97.34999847412109375 96.80625152587890625 94.90625 91.625 85.1125030517578125 78.6125030517578125 72.19374847412109375 67.875 64.02500152587890625 60.24375152587890625 57.9375 57.19374847412109375 56.28749847412109375 56.41249847412109375 57.21875 58.225002288818359375 59.90000152587890625 61.25 61.36875152587890625 60.612499237060546875 58.049999237060546875 55.393749237060546875 54.06874847412109375 53.674999237060546875 54.86875152587890625 54.625 54.706249237060546875 55.106250762939453125 53.02500152587890625 50.81874847412109375 50.106250762939453125 50.18125152587890625 50.34375 50.16249847412109375 49.16249847412109375 47.03125 44.8125
101.9187469482421875 101.80625152587890625 101.71250152587890625 100.9187469482421875 99.96250152587890625 100.38124847412109375 100.53125 100.15625 100.1125030517578125 97.75624847412109375 93.59375 87.05625152587890625 80.71250152587890625 75.15625 70.31874847412109375 66.30625152587890625 62.83750152587890625 60.387500762939453125 58.94374847412109375 57.862499237060546875 56.99375152587890625 57.11875152587890625 57.881252288818359375 58.81874847412109375 59.28749847412109375 59.299999237060546875 59.59999847412109375 58.674999237060546875 57.90000152587890625 58.24375152587890625 59.081249237060546875 60.512500762939453125 59.75 59.25 58.231250762939453125 56.612499237060546875 54.22499847412109375 52.393749237060546875 51.668750762939453125 51.46875 50.987499237060546875 49.875 48.262500762939453125 46.212497711181640625
100.2687530517578125 102.0187530517578125 102.71250152587890625 102.34999847412109375 101.19374847412109375 101.8625030517578125 102.56874847412109375 103.16249847412109375 104.25624847412109375 100.8312530517578125 95.8562469482421875 89.06874847412109375 83.46250152587890625 78.8000030517578125 73.6875 69.25 65.52500152587890625 63.15000152587890625 61.15625 59.46875 58.53749847412109375 57.80625152587890625 57.61875152587890625 58.09375 58.11875152587890625 57.424999237060546875 58.47499847412109375 59.450000762939453125 59.68125152587890625 61.43125152587890625 63.83750152587890625 66.15000152587890625 64.6875 63.262500762939453125 61.38124847412109375 59.41249847412109375 56.893749237060546875 54.30625152587890625 53.206249237060546875 53.28749847412109375 52.931247711181640625 51.768749237060546875 50.16249847412109375 48.0625
101.1374969482421875 104.6125030517578125 106.2312469482421875 104.8874969482421875 103.0500030517578125 103.6374969482421875 104.1374969482421875 104.9812469482421875 105.65625 102.46875 97.21250152587890625 91.49375152587890625 86.65625 82.4562530517578125 77.49375152587890625 72.8000030517578125 68.9562530517578125 66.18125152587890625 63.737499237060546875 61.53125 60.34375 59.512500762939453125 58.49375152587890625 58.41249847412109375 57.893749237060546875 56.61875152587890625 57.3125 59.50624847412109375 61.68125152587890625 64.7624969482421875 68.13124847412109375 70.90000152587890625 69.24375152587890625 67.03749847412109375 64.71875 62.737499237060546875 60.03749847412109375 56.981250762939453125 55.950000762939453125 55.71250152587890625 55.293750762939453125 54.268749237060546875 52.662502288818359375 50.46250152587890625
105.55625152587890625 109.25 110.7624969482421875 107.8312530517578125 105.03125 105.08750152587890625 105.09999847412109375 104.93125152587890625 104.78749847412109375 102.6062469482421875 98.88124847412109375 94.34999847412109375 90.5 86.8874969482421875 81.7312469482421875 76.9875030517578125 72.7375030517578125 69.59375 66.7312469482421875 64.1687469482421875 62.606250762939453125 60.950000762939453125 59.84999847412109375 59.331249237060546875 58.700000762939453125 58.21250152587890625 59.28749847412109375 61.55625152587890625 64.1875 67.90625 71.7624969482421875 74.53749847412109375 73.125 70.4812469482421875 67.9875030517578125 65.47499847412109375 63.012500762939453125 60.625 59.43125152587890625 59.16249847412109375 58.637500762939453125 57.518749237060546875 55.862499237060546875 54.081249237060546875
111.09375 113.84375 112.66249847412109375 109.94374847412109375 106.36875152587890625 105.8562469482421875 105.44374847412109375 104.75624847412109375 104.5500030517578125 103.2624969482421875 99.86875152587890625 96.96875 94.0625 91.15625 86.3125 81.31874847412109375 76.99375152587890625 73.31874847412109375 70.10625457763671875 67.15000152587890625 65.2375030517578125 63.19374847412109375 61.706249237060546875 61.125 60.65000152587890625 60.481250762939453125 62.200000762939453125 64.43125152587890625 67.125 71.24375152587890625 74.88124847412109375 78.34999847412109375 76.90625 73.8874969482421875 71.3125 68.6062469482421875 66.05625152587890625 63.99375152587890625 63.15625 62.887500762939453125 62.44374847412109375 61.46875 59.831249237060546875 58.200000762939453125
115.68125152587890625 115.3625030517578125 113.52500152587890625 110.61875152587890625 107.30625152587890625 106.90625 106.1999969482421875 105.31874847412109375 104.6999969482421875 103.21875 101.4875030517578125 99.9187469482421875 98.28749847412109375 96.31874847412109375 91.375 86.56874847412109375 81.77500152587890625 78.1062469482421875 74.46875 71.13124847412109375 68.94374847412109375 66.56874847412109375 64.6750030517578125 64.61875152587890625 64.05625152587890625 64.0500030517578125 65.9875030517578125 68.4562530517578125 71.4375 75.28125 79.40625 82.21875 80.3125 76.90625 73.53749847412109375 71.0500030517578125 68.7937469482421875 66.9250030517578125 66.6687469482421875 67.0625 67.0437469482421875 66.5625 65.3937530517578125 63.899997711181640625
119.49375152587890625 117.19374847412109375 114.6875 111.8249969482421875 108.65000152587890625 107.97499847412109375 107.3937530517578125 106.0812530517578125 105.28125 104.34375 102.91249847412109375 102.53125 102.46875 101.1875 96.625 91.83750152587890625 87.28125 82.9375 79.1687469482421875 75.8249969482421875 73.03749847412109375 70.31874847412109375 68.4812469482421875 68.09999847412109375 67.68125152587890625 67.89374542236328125 70.34999847412109375 73.19374847412109375 75.9187469482421875 79.59999847412109375 83.25 86.0749969482421875 83.4812469482421875 79.3625030517578125 75.84375 73.25624847412109375 70.9562530517578125 69.7624969482421875 69.9250030517578125 71.1062469482421875 72.3937530517578125 72.13124847412109375 70.6875 70.0187530517578125
123.27500152587890625 119.6125030517578125 116.22499847412109375 113.47499847412109375 110.46875 109.09999847412109375 107.86875152587890625 106.6437530517578125 106.08750152587890625 105.7312469482421875 105.1125030517578125 105.7624969482421875 106.5749969482421875 106.16249847412109375 102.13124847412109375 97.4187469482421875 93.0625 88.5187530517578125 84.34375 80.6875 77.4499969482421875 74.5500030517578125 72.3562469482421875 71.9375 71.5812530517578125 72.0749969482421875 74.8125 77.8625030517578125 81.2375030517578125 84.40000152587890625 87.2937469482421875 89.72499847412109375 86.4812469482421875 81.8000030517578125 77.77500152587890625 75.3874969482421875 73.2375030517578125 71.86875152587890625 72.1374969482421875 73.6374969482421875 75.74375152587890625 75.76250457763671875 74.7687530517578125 75.50624847412109375
127.53749847412109375 123.2687530517578125 119.375 115.68125152587890625 112.71875 110.55625152587890625 109.1750030517578125 108.15625 108.2375030517578125 107.88124847412109375 108.1374969482421875 109.1687469482421875 110.90625 111.36875152587890625 107.9375 104.25 100.0187530517578125 95.8000030517578125 91.2312469482421875 86.8000030517578125 83.59375 80.59999847412109375 78.0187530517578125 77.3625030517578125 77.2937469482421875 78.24375152587890625 81.0124969482421875 84.0625 87 89.375 91.7375030517578125 93.27500152587890625 89.58750152587890625 85.00624847412109375 80.65000152587890625 78.0187530517578125 75.6125030517578125 74.18125152587890625 73.43125152587890625 74 75.5124969482421875 77.0187530517578125 77.3249969482421875 79.2312469482421875
131.537506103515625 126.59375 122.59999847412109375 118.02500152587890625 114.9375 113.1999969482421875 111.44374847412109375 110.21875 110.30625152587890625 110.25624847412109375 111.2375030517578125 113.21250152587890625 115.9187469482421875 117.15000152587890625 114.1750030517578125 111.30625152587890625 108.15000152587890625 103.40000152587890625 98.49375152587890625 93.96250152587890625 90.21875 87.02500152587890625 84.3312530517578125 83.6125030517578125 83.65625 84.4375 87.3000030517578125 90.36875152587890625 93.09999847412109375 94.4875030517578125 96.11875152587890625 96.7937469482421875 92.81874847412109375 88.2687530517578125 83.8249969482421875 80.56874847412109375 78.0187530517578125 76.3125 74.69374847412109375 72.8562469482421875 74.08750152587890625 76.99375152587890625 79.11875152587890625 81.0500030517578125
134.6999969482421875 129.46875 124.7937469482421875 120.96250152587890625 118.61875152587890625 115.78749847412109375 113.68125152587890625 112.375 112.6374969482421875 113.1062469482421875 114.3000030517578125 117.2687530517578125 120.25 122.53125 121.1437530517578125 119.1062469482421875 116.125 110.73749542236328125 106.15625 101.375 97.31874847412109375 93.7937469482421875 90.9499969482421875 90.11875152587890625 90.3000030517578125 90.9375 93.78125 96.91249847412109375 99.4375 100.15625 100.6999969482421875 100.2375030517578125 96.1374969482421875 91.71875 86.8625030517578125 83.4499969482421875 80.6750030517578125 78.52500152587890625 75.9812469482421875 74.25 75.4250030517578125 78.59999847412109375 80.90000152587890625 83.40000152587890625
139.1062469482421875 133.7062530517578125 129.15625 125.8125 122.88124847412109375 120 117.6374969482421875 115.9812469482421875 116.05625152587890625 116.84999847412109375 119.90000152587890625 122.8625030517578125 126.90625 130.431243896484375 129.7062530517578125 128.024993896484375 125.15000152587890625 119.88124847412109375 114.8249969482421875 109.90625 105.6875 102.0500030517578125 98.9250030517578125 98.3249969482421875 98.34999847412109375 98.90000152587890625 101.625 104.4187469482421875 106.78125 107.1125030517578125 106.6374969482421875 105.4562530517578125 100.375 95.99375152587890625 91.8000030517578125 88.75 85.41249847412109375 82.25 79.7687530517578125 79.1750030517578125 79.8937530517578125 82.1687469482421875 84.3625030517578125 86.4812469482421875
142.625 137.8312530517578125 133.9562530517578125 130.7687530517578125 127.06874847412109375 124.3000030517578125 121.78125 120 119.3625030517578125 120.3874969482421875 123.03749847412109375 128.381256103515625 134.5124969482421875 137.7687530517578125 138.2937469482421875 137.125 134.8312530517578125 129.649993896484375 123.77500152587890625 119.0124969482421875 114.6125030517578125 110.6750030517578125 107.46250152587890625 106.38124847412109375 106.6687469482421875 107.1999969482421875 109.46875 112.0812530517578125 114.44374847412109375 113.90625 112.8625030517578125 111.15000152587890625 106.3249969482421875 101.15625 97.24375152587890625 93.8625030517578125 90.0500030517578125 86.5187530517578125 84.52500152587890625 83.9499969482421875 83.6125030517578125 85.3625030517578125 87.69374847412109375 89.78125
146.118743896484375 142.1437530517578125 138.006256103515625 135.03125 131.3125 128.412506103515625 125.63124847412109375 123.84375 122.1875 123.05625152587890625 126.65000152587890625 133.600006103515625 141.53125 146.875 146.8312530517578125 146.243743896484375 144.662506103515625 139.2687530517578125 133.350006103515625 127.875 123.58750152587890625 119.2937469482421875 115.93125152587890625 114.56874847412109375 114.75 115.2687530517578125 117.61875152587890625 120.4375 122.56874847412109375 120.99375152587890625 118.91249847412109375 116.78125 111.90000152587890625 107.1687469482421875 102.6750030517578125 98.5187530517578125 94.3625030517578125 91.40000152587890625 89.375 88.0812530517578125 87.2624969482421875 88.1875 90.1374969482421875 91.81874847412109375
149.712493896484375 145.975006103515625 142.649993896484375 139.1437530517578125 135.65625 132.975006103515625 129.75 127.3125 125.2312469482421875 125.41249847412109375 130.162506103515625 138.506256103515625 148.131256103515625 154.125 155.225006103515625 154.9499969482421875 153.4187469482421875 148.4812469482421875 142.7312469482421875 137.0812530517578125 132.9375 128.9250030517578125 124.75 123.46875 123.40625 123.52500152587890625 125.50624847412109375 128.193756103515625 130.0749969482421875 128.3312530517578125 125.625 122.9812469482421875 118.15000152587890625 113.97499847412109375 109.0437469482421875 104.3312530517578125 101.21250152587890625 97.72499847412109375 95.52500152587890625 93.8625030517578125 92.9187469482421875 93.49375152587890625 93.86875152587890625 95.2624969482421875
153.368743896484375 150.037506103515625 146.931243896484375 143.75 140.4812469482421875 137.493743896484375 134 130.9875030517578125 128.068756103515625 126.3125 132.7687530517578125 145.2062530517578125 154.212493896484375 159.5625 162.2062530517578125 163.0812530517578125 161.818756103515625 157.3125 151.4562530517578125 145.725006103515625 141.5500030517578125 137.3625030517578125 133.6750030517578125 132.024993896484375 131.5500030517578125 131.71875 133.3625030517578125 135.9187469482421875 138 135.6999969482421875 132.78125 129.149993896484375 125.2624969482421875 121.2312469482421875 115.77500152587890625 111.8249969482421875 108.25624847412109375 105.0124969482421875 102.4562530517578125 100.1437530517578125 98.625 97.88124847412109375 98.05625152587890625 99.0749969482421875
156.7624969482421875 153.931243896484375 150.962493896484375 148.1374969482421875 145.3249969482421875 142.34375 139.756256103515625 136.8000030517578125 134.2312469482421875 131.118743896484375 142.3125 155.243743896484375 162.03125 166.8312530517578125 169.5187530517578125 170.8249969482421875 169.7624969482421875 165.3874969482421875 159.9875030517578125 154.0500030517578125 149.587493896484375 144.818756103515625 141.068756103515625 139.25 139.181243896484375 139.4250030517578125 140.618743896484375 143.0749969482421875 145.024993896484375 142.725006103515625 138.837493896484375 135.46875 131.9875030517578125 127.84375 123.22499847412109375 118.68125152587890625 115.50624847412109375 111.77500152587890625 109.5124969482421875 107.18125152587890625 104.1875 103.3000030517578125 102.1999969482421875 102.02500152587890625
