data/historical-monthly-weather-data/wc2.1_cruts4.09_10m_prec_2021-01.asc
ncols        45
nrows        45
xllcorner    -63.500000000000
yllcorner    -7.500000000000
cellsize     0.166666666667
NODATA_value -9999
[rows 0 to 19 of 45, columns 0 to 43 of 45]
193.475006103515625 191.2687530517578125 184.837493896484375 181.0500030517578125 175.5 173.2687530517578125 168.8125 161.71875 154.506256103515625 149.40625 145.806243896484375 141.71875 136.475006103515625 128.0437469482421875 121.78749847412109375 117.34375 113.25 107.9562530517578125 107.6999969482421875 107.47499847412109375 108.94374847412109375 111.6687469482421875 114.40000152587890625 116.8000030517578125 120.56874847412109375 123.8249969482421875 129.3874969482421875 136.350006103515625 143.943756103515625 149.3625030517578125 155.181243896484375 161.100006103515625 165.46875 171.34375 175.3125 175.693756103515625 172.8625030517578125 168.493743896484375 162.3874969482421875 155.34375 147.5187530517578125 139.475006103515625 130.5749969482421875 122.2624969482421875
204.4812469482421875 201.0625 195.9875030517578125 191.412506103515625 187.75 185.6875 181.09375 176.443756103515625 171.0437469482421875 165.7375030517578125 159.493743896484375 152.4187469482421875 144.431243896484375 136.8874969482421875 129.7312469482421875 123.41249847412109375 117.6062469482421875 113.74375152587890625 112.6687469482421875 113.2312469482421875 115.6125030517578125 118.1750030517578125 121.27500152587890625 124.50624847412109375 126.84375 129.4187469482421875 135.318756103515625 141.912506103515625 148.524993896484375 154.600006103515625 159.9499969482421875 164.9875030517578125 169.53125 176.693756103515625 180.3937530517578125 177.193756103515625 174.412506103515625 168.274993896484375 159.5124969482421875 150.2624969482421875 141.03125 131.412506103515625 120.53749847412109375 110.8562469482421875
213.850006103515625 210.9875030517578125 205.818756103515625 201.693756103515625 198.65625 196.399993896484375 193.2937469482421875 190.4250030517578125 185.6062469482421875 180.068756103515625 172.931243896484375 164.181243896484375 155.4562530517578125 146.1999969482421875 138.0437469482421875 129.9187469482421875 123.5 119.72499847412109375 117.97499847412109375 119.24375152587890625 122.00624847412109375 125.46250152587890625 128.256256103515625 130.2937469482421875 131.8375091552734375 133.556243896484375 139.3874969482421875 145.8000030517578125 151.287506103515625 156.5500030517578125 163.024993896484375 168.9625091552734375 174.78125 178.8312530517578125 183.725006103515625 179.587493896484375 175.0625 168.912506103515625 158.8249969482421875 147.693756103515625 137.556243896484375 126.65625 115.3125 104.6687469482421875
221.1125030517578125 218.90625 216.7062530517578125 213 211.524993896484375 205.78125 204.056243896484375 203.4499969482421875 200.71875 196.306243896484375 187.0500030517578125 176.225006103515625 165.78125 155.4812469482421875 146.7062530517578125 137.6999969482421875 129.631256103515625 124.40625 123.25624847412109375 126.11875152587890625 130.34375 133.6125030517578125 134.28125 136.0187530517578125 137.09375 138.212493896484375 143.993743896484375 148.6624908447265625 153.78125 159.5437469482421875 165.850006103515625 173.243743896484375 178.3000030517578125 182.3562469482421875 185.375 181.8937530517578125 175.5437469482421875 168.71875 157.912506103515625 146.3562469482421875 133.8562469482421875 122.6125030517578125 110.63124847412109375 98.93125152587890625
235.7937469482421875 230.6374969482421875 225.837493896484375 223.3625030517578125 221.375 217.21875 213.7312469482421875 214.0500030517578125 214.149993896484375 211.3125 199.6875 187.337493896484375 176.7687530517578125 166.5 156.875 146.9562530517578125 137.4187469482421875 129.6750030517578125 130.056243896484375 134.975006103515625 139.9562530517578125 141.931243896484375 141.868743896484375 142.131256103515625 141.975006103515625 143.225006103515625 146.59375 150.8937530517578125 157.431243896484375 163.0500030517578125 169.568756103515625 174.625 180.625 185.8312530517578125 188.84375 184.1687469482421875 178.0187530517578125 168.868743896484375 157.087493896484375 144.100006103515625 131.71875 119.0187530517578125 106.625 94.2062530517578125
246.712493896484375 242.9187469482421875 237.3249969482421875 232.1437530517578125 228.899993896484375 224.7687530517578125 221.6687469482421875 220.1875 220.1687469482421875 218.5437469482421875 206.78125 196.2624969482421875 186.350006103515625 177.243743896484375 167.5500030517578125 159.8249969482421875 150.149993896484375 141.7375030517578125 143.368743896484375 147.931243896484375 150.493743896484375 150.3125 149.65625 147.9250030517578125 147.0437469482421875 147.037506103515625 150.462493896484375 154.274993896484375 159.8874969482421875 166.381256103515625 172.1750030517578125 177.65625 181.931243896484375 187.5437469482421875 192.837493896484375 188.0124969482421875 181.725006103515625 173.649993896484375 161.524993896484375 148.6437530517578125 134.4499969482421875 121.86875152587890625 108.91249847412109375 96.52500152587890625
257.412506103515625 254.1750030517578125 248.287506103515625 240.1374969482421875 233.53125 226.631256103515625 222.3874969482421875 219.0749969482421875 216.15625 211.5187530517578125 206.587493896484375 200.6687469482421875 195.131256103515625 188.412506103515625 181.2062530517578125 175.3937530517578125 169.8625030517578125 166.7062530517578125 167.0500030517578125 166.1624908447265625 162.068756103515625 159.3000030517578125 155.087493896484375 152.53125 151.2062530517578125 149.743743896484375 152.881256103515625 156.90625 161.2687530517578125 167.3625030517578125 174.4875030517578125 180.212493896484375 184.25 189.0187530517578125 193.556243896484375 190.8312530517578125 185.3000030517578125 178.600006103515625 167.59375 153.125 137.975006103515625 125.06874847412109375 112.16249847412109375 99.9499969482421875
269.587493896484375 263.16876220703125 255.631256103515625 247.3937530517578125 238.9187469482421875 231.524993896484375 223.5749969482421875 213.681243896484375 205.9187469482421875 204.412506103515625 205.7624969482421875 205.3249969482421875 203.850006103515625 198.9812469482421875 194.9187469482421875 191.4875030517578125 189.65625 189.7687530517578125 191.618743896484375 184.181243896484375 173.462493896484375 166.53125 160.2312469482421875 156.943756103515625 155.0500030517578125 152.4250030517578125 154.693756103515625 158.1999969482421875 163.3874969482421875 169.8000030517578125 175.78125 181.84375 185.90625 190.6125030517578125 194.868743896484375 192.6999969482421875 188.506256103515625 182.84375 171.056243896484375 157.274993896484375 142.587493896484375 129.6875 116.8312530517578125 104.41249847412109375
279.51873779296875 272.5625 264.45001220703125 254.1750030517578125 245.6125030517578125 236.25 226.9187469482421875 216.524993896484375 206.118743896484375 202.5187530517578125 209.3874969482421875 212.6687469482421875 214.368743896484375 211.46875 208.193756103515625 204.975006103515625 202.8625030517578125 202.34375 202.056243896484375 192.243743896484375 178.75 170.7062530517578125 163.149993896484375 161.118743896484375 158.3249969482421875 154.9250030517578125 157.256256103515625 160.1374969482421875 165.462493896484375 172.506256103515625 179.3937530517578125 184.443756103515625 188.8249969482421875 192.9812469482421875 197.03125 195.024993896484375 192.493743896484375 187.8125 176.3874969482421875 163.118743896484375 148.600006103515625 135.90625 124.41249847412109375 113.08750152587890625
288.82501220703125 281.32501220703125 270.89373779296875 260.568756103515625 251.78125 242.962493896484375 233.712493896484375 225.1999969482421875 218.881256103515625 218.2624969482421875 221.993743896484375 225.15625 226.6999969482421875 224.649993896484375 220.8937530517578125 216.96875 212.4187469482421875 207.6125030517578125 201.462493896484375 192.181243896484375 179.618743896484375 171.4250030517578125 164.6437530517578125 163.712493896484375 159.631256103515625 155.287506103515625 157.7687530517578125 161.381256103515625 166.1374969482421875 173.256256103515625 179.975006103515625 185.774993896484375 190.806243896484375 195.6687469482421875 200.100006103515625 198.2937469482421875 196.0749969482421875 192.625 181.5812530517578125 168.818756103515625 155.8562469482421875 143.850006103515625 132.568756103515625 121.16249847412109375
299.20623779296875 291.36248779296875 278.8125 267.1875 256.875 249.100006103515625 241.3874969482421875 236.2312469482421875 233.3125 234.056243896484375 238.6062469482421875 241.506256103515625 240.4375 237.131256103515625 231.618743896484375 225.5124969482421875 218 209.1125030517578125 199.0437469482421875 188.193756103515625 178.037506103515625 169.837493896484375 165.1374969482421875 162.837493896484375 160.618743896484375 155.118743896484375 157.3249969482421875 161.3562469482421875 166.1875 172.2375030517578125 179.1374969482421875 185.943756103515625 191.8000030517578125 197.306243896484375 201.806243896484375 201.493743896484375 199.84375 196.34375 186.587493896484375 174.975006103515625 162.6125030517578125 150.524993896484375 139.78125 129.181243896484375
305.962493896484375 297.318756103515625 285.11248779296875 274.712493896484375 264.787506103515625 256.73126220703125 250.7062530517578125 248.818756103515625 248.2937469482421875 249.6062469482421875 254.8125 259.53125 255.59375 249.337493896484375 241.8562469482421875 232.5625 223.25 210.21875 198.149993896484375 185.125 173.90625 166.4187469482421875 163.693756103515625 164.462493896484375 161.287506103515625 154.0187530517578125 156.712493896484375 161.375 167.3937530517578125 174.7624969482421875 181.9250030517578125 188.493743896484375 194.46875 199.993743896484375 204.681243896484375 204.506256103515625 203.0625 199.5812530517578125 190.6999969482421875 180.631256103515625 169.375 157.524993896484375 145.3312530517578125 134.2312469482421875
313.712493896484375 305.274993896484375 293.42498779296875 282.26251220703125 272.149993896484375 266.59375 261.5625 259 259.850006103515625 262.712493896484375 267.83123779296875 272.4375 268.45001220703125 258.149993896484375 248.975006103515625 238.4187469482421875 226.71875 213.28125 199.2375030517578125 184.412506103515625 168.806243896484375 162.368743896484375 161.118743896484375 160.375 154.1999969482421875 148.3874969482421875 154.493743896484375 162.087493896484375 169.2624969482421875 177.3874969482421875 184.943756103515625 191.4250030517578125 196.7125091552734375 201.975006103515625 206.4812469482421875 206.225006103515625 204.3312530517578125 200.9250030517578125 192.787506103515625 183.9499969482421875 174.787506103515625 162.78125 147.943756103515625 134.868743896484375
318.681243896484375 311.01873779296875 299.29376220703125 288.33123779296875 278.962493896484375 272.34375 268.35626220703125 268.162506103515625 269.743743896484375 273.03125 275.712493896484375 277.57501220703125 272.350006103515625 264.162506103515625 252.600006103515625 242.243743896484375 229.25 215.6687469482421875 200.5437469482421875 185.881256103515625 172.037506103515625 163.9875030517578125 158.6374969482421875 156.2687530517578125 150.3562469482421875 146.7062530517578125 153.78125 162.3874969482421875 171.712493896484375 179.975006103515625 187.806243896484375 194.5124969482421875 199.100006103515625 203.2937469482421875 207.8562469482421875 206.9562530517578125 205.1125030517578125 202.3000030517578125 194.287506103515625 185.306243896484375 175.3249969482421875 159.78125 146.46875 136.4187469482421875
321.006256103515625 313.524993896484375 303.024993896484375 292.67498779296875 284.931243896484375 279.54376220703125 277.024993896484375 275.95623779296875 276.96875 278.5625 280.84375 280.40625 275.618743896484375 267.96875 255.787506103515625 244.1875 230.7624969482421875 215.7937469482421875 201.3249969482421875 188.350006103515625 175.899993896484375 165.6312408447265625 158.8625030517578125 155.71875 152.774993896484375 150.9499969482421875 158.0500030517578125 167.46875 176.881256103515625 185.90625 193.40625 198.9562530517578125 203.9375 207.006256103515625 210.1500091552734375 207.3312530517578125 204.75 201.8125 193.5124969482421875 180.1437530517578125 165.15625 153.8625030517578125 145.993743896484375 138.943756103515625
321.274993896484375 313.54998779296875 304.16876220703125 294.712493896484375 288.037506103515625 283.625 281.868743896484375 280.65625 280.587493896484375 282.41876220703125 284.20623779296875 283.068756103515625 278.33123779296875 270.568756103515625 258.787506103515625 243.899993896484375 230.850006103515625 216.15625 201.375 188.912506103515625 178.556243896484375 168.568756103515625 160.681243896484375 157.899993896484375 155.90625 155.3312530517578125 162.3937530517578125 172.962493896484375 183.6125030517578125 193.4250030517578125 201.0187530517578125 205.7062530517578125 207.306243896484375 209.181243896484375 210.5187530517578125 208.1875 204.6062469482421875 199.6125030517578125 190.3874969482421875 175.537506103515625 158.568756103515625 149.931243896484375 145.2937469482421875 139.493743896484375
318.493743896484375 311.5 302.100006103515625 294.1875 289.0625 285.462493896484375 284.51873779296875 283.39373779296875 283.387481689453125 284.15625 286.13751220703125 285.36248779296875 280.40625 272.412506103515625 260.5625 245.899993896484375 227.6687469482421875 212.78125 199.9187469482421875 189.65625 179.6875 170.556243896484375 162.493743896484375 159.96875 159.6437530517578125 159.568756103515625 166.59375 177.6687469482421875 190.1999969482421875 201.2937469482421875 209.9375 214.1125030517578125 213.037506103515625 211.6875 213.6750030517578125 210.3625030517578125 204.6437530517578125 199.743743896484375 193.2375030517578125 176.3249969482421875 159.78125 151.1875 145.2624969482421875 140.337493896484375
314.35626220703125 307.88751220703125 299.16876220703125 292.78125 287.63751220703125 285.53125 285.10626220703125 284.29998779296875 283.59375 284.087493896484375 283.818756103515625 284.556243896484375 280.39373779296875 272.399993896484375 259.76251220703125 243.4562530517578125 224.774993896484375 207.287506103515625 197.7937469482421875 188.649993896484375 180.8249969482421875 172.3625030517578125 164.7624969482421875 163.1999969482421875 163.443756103515625 164.8625030517578125 171.131256103515625 183.693756103515625 198.40625 211.1875 219 217.6999969482421875 214.875 213.7062530517578125 213.381256103515625 209.462493896484375 206.087493896484375 201.2312469482421875 192.306243896484375 179.0187530517578125 162.65625 152.212493896484375 144.975006103515625 139.6750030517578125
306.212493896484375 300.78125 293.600006103515625 289.068756103515625 285.51873779296875 284.29998779296875 282.88751220703125 283.306243896484375 282.693756103515625 282.412506103515625 281.13751220703125 279.287506103515625 276.612518310546875 272.03125 257.64373779296875 238.40625 218.3874969482421875 201.287506103515625 189.8937530517578125 183.524993896484375 179.243743896484375 173.4187469482421875 163.9499969482421875 164.975006103515625 166.875 170.337493896484375 178.9875030517578125 190.6374969482421875 206.0124969482421875 219.8249969482421875 228.75 224.3312530517578125 217.431243896484375 210.274993896484375 207.0812530517578125 205.78125 204.3125 199.537506103515625 192.443756103515625 179.899993896484375 164.899993896484375 153.149993896484375 144.6875 139.100006103515625
297.087493896484375 292.13751220703125 286.225006103515625 281.399993896484375 279.431243896484375 280.64373779296875 280.54376220703125 280.04376220703125 278.76873779296875 277.537506103515625 274.837493896484375 272.75 272.5625 271.42498779296875 253.09375 228.8312530517578125 207.3125 194.2312469482421875 184.412506103515625 178.0500030517578125 173.34375 166.9812469482421875 162.34375 164.8874969482421875 168.993743896484375 175.0812530517578125 184.4250030517578125 196.8000030517578125 209.3937530517578125 220.0500030517578125 226.78125 224.256256103515625 214.5812530517578125 203.4250030517578125 197.3937530517578125 198.1062469482421875 202.006256103515625 202.131256103515625 195.5437469482421875 183.6999969482421875 168.493743896484375 154.7062530517578125 146.243743896484375 139.9375
