data/historical-monthly-weather-data/wc2.1_cruts4.09_10m_prec_1985-03.asc
ncols        45
nrows        45
xllcorner    -63.500000000000
yllcorner    -7.500000000000
cellsize     0.166666666667
NODATA_value -9999
[rows 20 to 39 of 45, columns 0 to 43 of 45]
257.6875 259.53125 262.66876220703125 266.17498779296875 270.381256103515625 277.568756103515625 284.356231689453125 289.368743896484375 293.912506103515625 295.28125 294.024993896484375 292.225006103515625 290.79998779296875 290.662506103515625 281.20623779296875 266.86248779296875 253.9875030517578125 244.1875 237.725006103515625 231.6875 228.162506103515625 224.9812469482421875 221.8874969482421875 225.306243896484375 230.287506103515625 235.9250030517578125 242.600006103515625 249.2375030517578125 255.6687469482421875 260.67498779296875 261.32501220703125 257.29376220703125 244.7624969482421875 228.506256103515625 213.4812469482421875 231.2937469482421875 256.73126220703125 272.29376220703125 281.10626220703125 285.125 286.61248779296875 287.649993896484375 287.29376220703125 287.881256103515625
249.787506103515625 252.1125030517578125 257.20001220703125 261.649993896484375 266.89373779296875 275.91876220703125 284.45001220703125 291.556243896484375 296.42498779296875 294.90625 288.806243896484375 282.5 277.037506103515625 273.837493896484375 266.63751220703125 257.131256103515625 248.243743896484375 238.899993896484375 230.993743896484375 223.618743896484375 217.568756103515625 212.681243896484375 210.96875 213.806243896484375 218.9499969482421875 226.1875 236.3125 243.868743896484375 250.743743896484375 255.8375091552734375 256.51873779296875 253.4250030517578125 243.25 232.2937469482421875 226.631256103515625 237.9375 257.48748779296875 272.23748779296875 280.787506103515625 283.556243896484375 283.89373779296875 284.54376220703125 284.51251220703125 285.08123779296875
244.65625 248 252.8625030517578125 258.125 263.506256103515625 272.41876220703125 281.36248779296875 291.850006103515625 299.45001220703125 293.743743896484375 283.11248779296875 270.899993896484375 261.03125 257.20001220703125 253.5500030517578125 247.5749969482421875 240.1750030517578125 231.350006103515625 222.6875 214.587493896484375 207.756256103515625 201.225006103515625 197.40625 199.993743896484375 206.6999969482421875 215.6062469482421875 227.0437469482421875 236.6999969482421875 244.350006103515625 249.5625 252.3937530517578125 253.90625 250.006256103515625 244.868743896484375 245.9562530517578125 255.0812530517578125 267.76873779296875 277.76873779296875 283.056243896484375 283.868743896484375 282.60626220703125 282.39373779296875 282.26251220703125 282.01251220703125
239.7624969482421875 241.1687469482421875 246.506256103515625 252.618743896484375 258.693756103515625 267.100006103515625 277.07501220703125 287.381256103515625 293.40625 285.943756103515625 273.48748779296875 261.381256103515625 248.3562469482421875 245.5625 244.1374969482421875 240.0437469482421875 234.2937469482421875 226.1125030517578125 216.274993896484375 207.21875 199.350006103515625 191.725006103515625 186.568756103515625 188.568756103515625 193.8187408447265625 202.306243896484375 214.7062530517578125 226.9562530517578125 237.2937469482421875 246.024993896484375 253.4562530517578125 258.63751220703125 258.274993896484375 257.73748779296875 261.29998779296875 270.131256103515625 278.868743896484375 282.431243896484375 283.506256103515625 282.75 281.056243896484375 279.79376220703125 279.28125 278.26251220703125
239.2937469482421875 237.056243896484375 240.524993896484375 247.056243896484375 254.625 262.79998779296875 270.32501220703125 277.412506103515625 280.100006103515625 275.73126220703125 267.618743896484375 256.443756103515625 247.8625030517578125 243.6062469482421875 239.3249969482421875 235.5500030517578125 229.71875 221.6875 212.149993896484375 201.3937530517578125 191.5625 182.662506103515625 175.693756103515625 175.4499969482421875 181 191.537506103515625 204.3000030517578125 219.1875 231.850006103515625 244.993743896484375 255.4499969482421875 263.756256103515625 266.51251220703125 268.17498779296875 271.33123779296875 275.04376220703125 280.21875 281.962493896484375 281.643768310546875 281.58123779296875 279.787506103515625 277.850006103515625 275.40625 276.125
242.556243896484375 238.024993896484375 238.681243896484375 244.5187530517578125 250.1374969482421875 256.725006103515625 262.693756103515625 267.649993896484375 268.64373779296875 265.79376220703125 260.524993896484375 253.774993896484375 247.7624969482421875 242.850006103515625 237.537506103515625 233.256256103515625 226.618743896484375 218.8625030517578125 209.6687469482421875 197.368743896484375 187.1750030517578125 175.6687469482421875 165.6875 162.743743896484375 169.5437469482421875 182.1062469482421875 198.056243896484375 213.412506103515625 228.475006103515625 244.3125 258.274993896484375 270.42498779296875 275.16876220703125 276.074981689453125 277.024993896484375 277.787506103515625 279.600006103515625 279.912506103515625 280.04376220703125 279.45001220703125 278.100006103515625 275.26251220703125 270.45623779296875 270.11248779296875
249.1062469482421875 240.84375 240.975006103515625 243.568756103515625 246.506256103515625 251.350006103515625 255.1437530517578125 258.118743896484375 258.45001220703125 257.45001220703125 254.868743896484375 249.943756103515625 245.149993896484375 240.993743896484375 236.2687530517578125 231.4250030517578125 226.4499969482421875 218.40625 209.006256103515625 198.3874969482421875 186.818756103515625 174.53125 161.71875 157.256256103515625 166.53125 178.96875 195.6687469482421875 211.2375030517578125 227.100006103515625 243.8625030517578125 259.9375 275.318756103515625 281.318756103515625 279.774993896484375 278.131256103515625 277.76873779296875 278.568756103515625 277.881256103515625 278.38751220703125 278.612518310546875 276.42498779296875 273.13751220703125 267.743743896484375 266.056243896484375
256.73748779296875 246.318756103515625 244.40625 244.493743896484375 243.943756103515625 246.5124969482421875 250.087493896484375 251.7687530517578125 251.7375030517578125 251.162506103515625 248.912506103515625 244.96875 241.462493896484375 238.1687469482421875 234.0625 229.662506103515625 225.6437530517578125 220.037506103515625 211.90625 202.306243896484375 191.412506103515625 179.1750030517578125 169.8562469482421875 166.7687530517578125 172.149993896484375 182.0625 197.1374969482421875 212.806243896484375 228.193756103515625 243.818756103515625 259.743743896484375 274.32501220703125 279.38751220703125 277.5625 275.693756103515625 275.3125 274.40625 274.57501220703125 276.25 278.306243896484375 279.29376220703125 275.581268310546875 267.875 266.100006103515625
263.287506103515625 251.7375030517578125 247.7312469482421875 244.6875 243.431243896484375 244.0437469482421875 244.7375030517578125 245.53125 245.649993896484375 244.8000030517578125 243.743743896484375 240.71875 237.6437530517578125 235.2624969482421875 232.693756103515625 229.993743896484375 227.868743896484375 223.462493896484375 217.2375030517578125 209.15625 199.0187530517578125 187.993743896484375 180.28125 177.225006103515625 180.818756103515625 187.537506103515625 200.7375030517578125 215.53125 230.2375030517578125 245.0187530517578125 258.837493896484375 271.51251220703125 275.35626220703125 274.287506103515625 272.787506103515625 272.193756103515625 270.556243896484375 270.51873779296875 272.6875 274.693756103515625 279.03125 275.95623779296875 269.33123779296875 274.70623779296875
269.5625 257.087493896484375 250.943756103515625 245.943756103515625 242.5625 240.649993896484375 240.2312469482421875 239.9375 239.7937469482421875 238.756256103515625 237.90625 236.4562530517578125 235.118743896484375 233.631256103515625 231.774993896484375 229.881256103515625 228.1687469482421875 227.4812469482421875 222.743743896484375 213.2937469482421875 203.5187530517578125 194.1437530517578125 187.100006103515625 185.806243896484375 188.568756103515625 194.881256103515625 207.2624969482421875 220.7062530517578125 234.0124969482421875 246.2312469482421875 258.13751220703125 267.943756103515625 270.662506103515625 271.45001220703125 270.89373779296875 269.381256103515625 267.318756103515625 267.225006103515625 265.95623779296875 266.86248779296875 270.818756103515625 274.850006103515625 275.66876220703125 285.556243896484375
273.34375 260.16876220703125 252.4250030517578125 246.625 241.962493896484375 237.993743896484375 236.8125 235.193756103515625 234.306243896484375 233.25 232.6437530517578125 231.4875030517578125 231.100006103515625 229.875 229.006256103515625 228.431243896484375 228.9562530517578125 228.90625 226.8125 217.2062530517578125 207.71875 198.4562530517578125 192.7312469482421875 192.5124969482421875 195.318756103515625 202.493743896484375 213.493743896484375 225.40625 238.1125030517578125 248.0437469482421875 257.6875 266.381256103515625 268.6875 269.51873779296875 269.412506103515625 266.631256103515625 264.25 263.91876220703125 260.743743896484375 255.7062530517578125 260.399993896484375 271.67498779296875 280.631256103515625 291.84375
275.087493896484375 261.75 252.84375 245.7375030517578125 240.2062530517578125 235.1875 232.931243896484375 229.8000030517578125 228.2937469482421875 227.087493896484375 226.399993896484375 225.53125 224.9375 225.21875 225.725006103515625 226.350006103515625 225.5500030517578125 225.1125030517578125 222.9187469482421875 216.3937530517578125 207.875 200.78125 195.193756103515625 196.0625 201.225006103515625 207.9375 217.8125 229.9875030517578125 240.9250030517578125 249.78125 258.07501220703125 265.3125 266.524993896484375 267.3125 267.38751220703125 264.556243896484375 263.03125 261.5 255.818756103515625 252.90625 259.86248779296875 274.393768310546875 286.98126220703125 303.04998779296875
276.48748779296875 264.15625 254.462493896484375 246.34375 238.993743896484375 233.8187408447265625 229.350006103515625 224.7375030517578125 221.875 220.912506103515625 221.912506103515625 220.149993896484375 219.712493896484375 221.1750030517578125 221.7312469482421875 221.931243896484375 220.600006103515625 219.868743896484375 216.5187530517578125 211.03125 205.056243896484375 198.8874969482421875 193.587493896484375 196.149993896484375 201.193756103515625 207.5812530517578125 217.600006103515625 229.6062469482421875 241.65625 250.3000030517578125 258.66876220703125 266.08123779296875 267.881256103515625 268.631256103515625 268.006256103515625 267.100006103515625 265.95001220703125 263.75 259.20623779296875 261.756256103515625 268.350006103515625 281.71875 296.15625 312.912506103515625
277.506256103515625 265.881256103515625 256.88751220703125 248.1125030517578125 239.806243896484375 232.5749969482421875 226.0124969482421875 220.037506103515625 216.181243896484375 214.5124969482421875 215.0437469482421875 214.868743896484375 214.5437469482421875 214.2375030517578125 214.631256103515625 215.712493896484375 215.7624969482421875 214.087493896484375 209.556243896484375 204.337493896484375 200.0500030517578125 194.6999969482421875 190.787506103515625 193.2624969482421875 198.506256103515625 204.462493896484375 215.600006103515625 227.7375030517578125 241.3625030517578125 250.21875 258.4375 267.29376220703125 269.86248779296875 270.38751220703125 271.131256103515625 270.5625 269.256256103515625 266.975006103515625 266.70001220703125 269.962493896484375 274.824981689453125 287.15625 303.16876220703125 320.318756103515625
278.625 268.42498779296875 259.32501220703125 249.59375 239.1750030517578125 231.03125 222.4812469482421875 215.625 209.8874969482421875 206.774993896484375 207.7375030517578125 208.806243896484375 209.4875030517578125 208.943756103515625 210.0625 210.100006103515625 209.9499969482421875 207.493743896484375 202.7624969482421875 197.443756103515625 194.09375 189.2624969482421875 185.7624969482421875 188.5812530517578125 194.337493896484375 200.975006103515625 212.274993896484375 225.7937469482421875 239.0500030517578125 249.4375 259.681243896484375 269.42498779296875 271.88751220703125 273.09375 273.42498779296875 272.45001220703125 271.54998779296875 273.125 274.399993896484375 276.79376220703125 281.03125 290.756256103515625 304.850006103515625 320.8125
280.95623779296875 270.587493896484375 260.67498779296875 250.3874969482421875 239.75 230.1062469482421875 221.0124969482421875 211.681243896484375 203.712493896484375 199.59375 200 202.4562530517578125 205.587493896484375 206.7062530517578125 206.0625 204.618743896484375 201.943756103515625 198.5812530517578125 194.2687530517578125 189.568756103515625 186.493743896484375 182.3249969482421875 179.149993896484375 183.149993896484375 189.1374969482421875 196 207.8562469482421875 222.0749969482421875 236.1687469482421875 248.34375 261.375 272.899993896484375 275.04998779296875 277.21875 277.899993896484375 277.1875 278.90625 281.024993896484375 281.1875 284.068756103515625 288.6875 296.631256103515625 306.868743896484375 320.95623779296875
282.256256103515625 272.70001220703125 262.712493896484375 251.774993896484375 241.25 231.2687530517578125 220.712493896484375 210.1875 199.681243896484375 191.5187530517578125 193.3937530517578125 200.556243896484375 204.6999969482421875 204.9375 202.806243896484375 198.4375 193.1750030517578125 188.993743896484375 184.774993896484375 179.118743896484375 176.975006103515625 173.84375 171.7624969482421875 175.7937469482421875 182.0500030517578125 189.631256103515625 202.212493896484375 217.631256103515625 232.399993896484375 247.306243896484375 262.54998779296875 276.1875 280.0625 282.73748779296875 283.443756103515625 284.4375 286.92498779296875 289.67498779296875 290.09375 290.681243896484375 293.39373779296875 299.600006103515625 308.024993896484375 319.006256103515625
284.10626220703125 275.48126220703125 264.86248779296875 254.1062469482421875 244.1875 234.100006103515625 223.243743896484375 211.587493896484375 201.306243896484375 190.7937469482421875 197.337493896484375 204.837493896484375 205.8874969482421875 204.506256103515625 199 192.193756103515625 183.943756103515625 178.8562469482421875 173.6687469482421875 167.618743896484375 165.375 163.568756103515625 163.431243896484375 168.024993896484375 174.899993896484375 183.3874969482421875 196.5749969482421875 212.993743896484375 229.193756103515625 246.1687469482421875 263.04376220703125 278.600006103515625 283.54998779296875 287.3125 288.29376220703125 291.20623779296875 294.1875 295.75 297.087493896484375 298.14373779296875 298.13751220703125 303.23748779296875 308.149993896484375 313.16876220703125
284.774993896484375 276.66876220703125 267.162506103515625 257.287506103515625 247.931243896484375 237.475006103515625 228.149993896484375 218.225006103515625 211.3000030517578125 210.3000030517578125 216.850006103515625 213.3249969482421875 207.4875030517578125 201.9812469482421875 194.243743896484375 185.162506103515625 175.3125 169.225006103515625 163.100006103515625 156.7624969482421875 154.9875030517578125 154.5812530517578125 155.7312469482421875 161.556243896484375 169.28125 178.8249969482421875 193.006256103515625 209.337493896484375 226.40625 244.662506103515625 263.73748779296875 279.875 285.649993896484375 291.068756103515625 296.48748779296875 298.337493896484375 300.125 302.63751220703125 302.15625 301.212493896484375 300.631256103515625 305.23126220703125 308.337493896484375 312.54998779296875
285.89373779296875 278.506256103515625 269.818756103515625 260.25 252.0812530517578125 243.912506103515625 234.6750030517578125 227.8625030517578125 222.5124969482421875 219.9812469482421875 219.2375030517578125 214.9375 207.725006103515625 199.149993896484375 189.6125030517578125 178.4499969482421875 167.15625 160.100006103515625 152.9250030517578125 146.7375030517578125 145.600006103515625 146.28125 147.9250030517578125 154.4562530517578125 163.568756103515625 174.087493896484375 188.568756103515625 205.6999969482421875 223.2624969482421875 242.2062530517578125 261.41876220703125 281.1875 291.07501220703125 297.443756103515625 303.9375 306.368743896484375 306.63751220703125 307.875 307.756256103515625 304.324981689453125 302.04376220703125 305.493743896484375 307.76251220703125 310.274993896484375
