data/historical-monthly-weather-data/wc2.1_cruts4.09_10m_prec_2001-03.asc
ncols        51
nrows        45
xllcorner    -63.500000000000
yllcorner    -7.500000000000
cellsize     0.166666666667
NODATA_value -9999
[rows 20 to 39 of 45, columns 0 to 43 of 51]
249.9499969482421875 258.84375 265.40625 271.84375 278.706268310546875 285.618743896484375 291.506256103515625 295.38751220703125 297.931243896484375 297.0625 293.5625 289.79376220703125 286.40625 284.26251220703125 273.181243896484375 257.45001220703125 243.53125 234.125 228.1875 223.381256103515625 225.5500030517578125 228.7937469482421875 231.600006103515625 238.0812530517578125 245.712493896484375 253.818756103515625 261.21875 268.306243896484375 275.068756103515625 279.79998779296875 279.774993896484375 274.837493896484375 261.431243896484375 244.1374969482421875 228.131256103515625 247.0437469482421875 274.037506103515625 290.57501220703125 300.556243896484375 305.53125 307.568756103515625 307.79376220703125 306.34375 305.45623779296875
239.381256103515625 249.03125 257.39373779296875 264.631256103515625 272.38751220703125 281.03125 288.587493896484375 294.54998779296875 297.61248779296875 294.162506103515625 286.225006103515625 278.34375 271.381256103515625 266.693756103515625 258.4375 248.0749969482421875 238.5812530517578125 230.368743896484375 223.78125 218.2687530517578125 217.475006103515625 218.3249969482421875 221.931243896484375 227.65625 235.375 245.087493896484375 255.7687530517578125 263.29376220703125 270.01251220703125 274.36248779296875 273.918731689453125 269.66876220703125 258.96875 247.5812530517578125 241.7624969482421875 253.9812469482421875 274.975006103515625 290.95001220703125 300.8125 304.54376220703125 305.48748779296875 305.45623779296875 304.462493896484375 303.662506103515625
231.774993896484375 242.712493896484375 250.7312469482421875 258.60626220703125 266.3125 274.756256103515625 282.631256103515625 291.92498779296875 297.962493896484375 290.67498779296875 278.67498779296875 265.381256103515625 254.493743896484375 249.6374969482421875 245.4250030517578125 239.087493896484375 231.6437530517578125 224.568756103515625 217.90625 212.1374969482421875 210.068756103515625 208.5812530517578125 209.350006103515625 214.587493896484375 223.868743896484375 235.25 247.0124969482421875 256.337493896484375 263.40625 267.46875 268.931243896484375 269.29998779296875 265.39373779296875 260.38751220703125 262.006256103515625 272.162506103515625 286.181243896484375 297.36248779296875 303.881256103515625 305.662506103515625 304.96875 304.118743896484375 303.15625 301.5
225.506256103515625 234.8312530517578125 243.1750030517578125 251.6437530517578125 259.79376220703125 267.787506103515625 276.79376220703125 286.04998779296875 290.756256103515625 282.08123779296875 268.600006103515625 255.837493896484375 242.337493896484375 238.8937530517578125 237.431243896484375 233.475006103515625 228.1437530517578125 221.975006103515625 214.3312530517578125 207.7062530517578125 204.03125 200.6750030517578125 199.399993896484375 203.725006103515625 211.287506103515625 222.0625 234.6374969482421875 246.5812530517578125 256.29376220703125 263.92498779296875 270.056243896484375 274.056243896484375 273.912506103515625 273.875 278.23748779296875 288.4375 298.63751220703125 303.318756103515625 305.41876220703125 305.524993896484375 304.36248779296875 302.306243896484375 300.83123779296875 298.20623779296875
223.5187530517578125 229.7937469482421875 236.162506103515625 244.7624969482421875 254.2062530517578125 262.006256103515625 268.73748779296875 274.96875 276.63751220703125 271.3125 262.443756103515625 251.0124969482421875 242.256256103515625 237.8125 234.118743896484375 231.024993896484375 226.1125030517578125 220.287506103515625 213.0625 204.7125091552734375 198.462493896484375 193.100006103515625 189.2687530517578125 190.9187469482421875 198.59375 211.4187469482421875 224.306243896484375 238.9187469482421875 250.9812469482421875 263.11248779296875 272.256256103515625 279.350006103515625 282.462493896484375 284.79998779296875 288.8125 293.96875 300.787506103515625 303.91876220703125 304.54376220703125 305.39373779296875 304.10626220703125 301.20001220703125 297.524993896484375 296.537506103515625
225.1875 229.774993896484375 233.3937530517578125 241.131256103515625 248.462493896484375 254.787506103515625 260.125 264.431243896484375 264.6875 261.181243896484375 255.3874969482421875 248.6875 242.787506103515625 238.149993896484375 233.962493896484375 230.868743896484375 225.649993896484375 220.2624969482421875 213.462493896484375 203.5 196.3000030517578125 187.537506103515625 179.881256103515625 178.3000030517578125 187.1750030517578125 202.1125030517578125 218.3625030517578125 233.3562469482421875 247.818756103515625 262.65625 275.306243896484375 286.243743896484375 291.506256103515625 293.08123779296875 294.86248779296875 297.21875 300.868743896484375 302.79998779296875 303.962493896484375 304.21875 303.38751220703125 299.256256103515625 292.79998779296875 290.39373779296875
231.6374969482421875 232.556243896484375 235.774993896484375 240.475006103515625 245.28125 250.03125 253.375 255.899993896484375 255.7624969482421875 254.3000030517578125 251.368743896484375 246.7937469482421875 242.4499969482421875 238.8562469482421875 235.506256103515625 232.193756103515625 228.8562469482421875 223.0500030517578125 215.875 207.368743896484375 198.15625 187.9562530517578125 176.625 173.125 184.5187530517578125 199.162506103515625 216.125 231.2375030517578125 246.4875030517578125 262.20623779296875 276.95623779296875 291.20001220703125 298.024993896484375 297.26873779296875 296.537506103515625 297.98748779296875 300.78125 301.88751220703125 303.412506103515625 304.46875 302.5 297.04998779296875 289.056243896484375 284.506256103515625
239.3874969482421875 238.1125030517578125 239.475006103515625 241.9499969482421875 243.46875 246.09375 249.3874969482421875 250.78125 250.493743896484375 249.681243896484375 247.2937469482421875 244.024993896484375 241.3125 238.912506103515625 236.46875 233.8125 231.6374969482421875 228.2062530517578125 222.087493896484375 214.375 205.306243896484375 194.59375 186.631256103515625 184.3874969482421875 191.337493896484375 203.024993896484375 218.09375 233.193756103515625 247.7624969482421875 262.15625 276.60626220703125 289.95623779296875 295.98126220703125 295.21875 294.51873779296875 296.212493896484375 297.42498779296875 299.631256103515625 302.33123779296875 305.274993896484375 306.537506103515625 299.63751220703125 288.131256103515625 282.681243896484375
246.5 243.818756103515625 243.3000030517578125 242.8562469482421875 243.837493896484375 244.6875 245.2624969482421875 245.9562530517578125 246.03125 245.149993896484375 244.225006103515625 242.193756103515625 240.2375030517578125 239.1062469482421875 238.462493896484375 237.818756103515625 237.7687530517578125 235.4812469482421875 231.21875 224.8625030517578125 216.068756103515625 206.1062469482421875 199.462493896484375 196.993743896484375 201.71875 209.59375 222.3562469482421875 236.318756103515625 249.9812469482421875 263.375 275.537506103515625 286.818756103515625 291.71875 292 291.912506103515625 293.5625 294.21875 296.35626220703125 299.59375 302.38751220703125 307.15625 300.08123779296875 288.743743896484375 290.07501220703125
255.1875 250.90625 248.1999969482421875 245.8562469482421875 244.8249969482421875 243.350006103515625 243.0625 242.9499969482421875 243.0437469482421875 242.25 241.787506103515625 241.5749969482421875 241.618743896484375 241.6687469482421875 241.8562469482421875 242.125 242.6750030517578125 244.368743896484375 241.7312469482421875 233.84375 224.9812469482421875 216.3125 209.9312591552734375 208.600006103515625 211.631256103515625 218.306243896484375 229.662506103515625 241.71875 253.4875030517578125 264.32501220703125 274.712493896484375 283.20001220703125 286.8125 288.868743896484375 289.631256103515625 290.431243896484375 290.774993896484375 293.01873779296875 292.65625 294.4375 298.88751220703125 299.25 295.45623779296875 301.0625
261.943756103515625 256.04998779296875 251.625 248.5124969482421875 246.1999969482421875 242.8937530517578125 242.149993896484375 240.9499969482421875 240.5812530517578125 240.0437469482421875 240.100006103515625 240.40625 241.693756103515625 242.2375030517578125 243.5749969482421875 245.3249969482421875 248.3562469482421875 250.9499969482421875 251.350006103515625 243.1687469482421875 234.1437530517578125 225.068756103515625 219.59375 218.5187530517578125 220.587493896484375 227.3312530517578125 236.6187591552734375 246.5124969482421875 257.29998779296875 265.850006103515625 274.149993896484375 281.756256103515625 284.76873779296875 286.61248779296875 287.70001220703125 287.225006103515625 287.368743896484375 289.54998779296875 287.29376220703125 282.70623779296875 288.15625 296.243743896484375 300.82501220703125 307.38751220703125
266.8125 259.774993896484375 254.0749969482421875 249.631256103515625 246.4499969482421875 242.306243896484375 240.743743896484375 238.2687530517578125 237.5500030517578125 237.125 237.381256103515625 238.2687530517578125 239.65625 242.09375 244.993743896484375 248.1750030517578125 249.875 252.212493896484375 252.631256103515625 247.881256103515625 239.4187469482421875 232.287506103515625 226.3874969482421875 225.5124969482421875 229.225006103515625 234.4875030517578125 241.881256103515625 251.5187530517578125 259.96875 267.46875 274.568756103515625 280.75 282.41876220703125 283.95001220703125 285.006256103515625 284.493743896484375 285.662506103515625 286.587493896484375 281.76251220703125 279.73748779296875 287.82501220703125 299.306243896484375 307.493743896484375 318.78125
271.23126220703125 264.35626220703125 257.756256103515625 252.337493896484375 247.3937530517578125 243.3937530517578125 239.9187469482421875 236.225006103515625 234.256256103515625 234.256256103515625 236.5812530517578125 237.149993896484375 239.4000091552734375 243.8125 246.912506103515625 249.618743896484375 250.7687530517578125 253.118743896484375 252.6125030517578125 249.256256103515625 243.5437469482421875 237.2375030517578125 231.3249969482421875 231.5437469482421875 234.2312469482421875 238.2375030517578125 244.8562469482421875 253.3874969482421875 262.20623779296875 268.88751220703125 275.5 281.350006103515625 283.21875 284.287506103515625 284.149993896484375 285.26873779296875 286.368743896484375 286.20001220703125 282.67498779296875 286.70001220703125 294.506256103515625 305.11248779296875 315.8125 328.26873779296875
275.21875 268.274993896484375 262.306243896484375 256.243743896484375 250.40625 244.625 239.2937469482421875 234.5 231.6687469482421875 231.087493896484375 233.149993896484375 236.131256103515625 239.34375 242.600006103515625 245.5812530517578125 249.28125 252.0124969482421875 253.6999969482421875 252.1999969482421875 249.4499969482421875 245.662506103515625 240.15625 235.681243896484375 234.868743896484375 236.8874969482421875 239.5124969482421875 246.350006103515625 254.056243896484375 263.60626220703125 269.84375 275.625 282.399993896484375 284.568756103515625 284.931243896484375 285.756256103515625 286.725006103515625 287.131256103515625 286.41876220703125 287.506256103515625 292.34375 298.32501220703125 308.412506103515625 321.506256103515625 335.0625
279.287506103515625 273.03125 266.962493896484375 259.993743896484375 252.087493896484375 245.6374969482421875 238.6062469482421875 233.243743896484375 228.524993896484375 226.5749969482421875 229.4375 234.3937530517578125 239.5 243.225006103515625 247.318756103515625 249.9499969482421875 252.6437530517578125 253.8312530517578125 252.4250030517578125 249.850006103515625 247.1062469482421875 241.943756103515625 237.568756103515625 236.34375 238.131256103515625 240.725006103515625 246.712493896484375 254.9499969482421875 263.181243896484375 270.26251220703125 277.42498779296875 284.36248779296875 285.89373779296875 286.493743896484375 286.39373779296875 286.32501220703125 286.57501220703125 289.45623779296875 292.0625 295.91876220703125 301.225006103515625 309.13751220703125 320.9375 334.04376220703125
284.399993896484375 277.73126220703125 270.993743896484375 263.743743896484375 255.875 248.3000030517578125 241.1437530517578125 233.568756103515625 226.8125 224.25 227.024993896484375 233.6062469482421875 241.5187530517578125 247.287506103515625 250.3874969482421875 252.4875030517578125 253.3249969482421875 253.8562469482421875 253.306243896484375 251.6437530517578125 248.5437469482421875 243.34375 238.5625 238.037506103515625 239.443756103515625 241.6437530517578125 247.462493896484375 255.6750030517578125 263.943756103515625 271.51873779296875 280.149993896484375 287.53125 288.037506103515625 289.04376220703125 288.65625 287.931243896484375 289.92498779296875 292.412506103515625 293.40625 297.35626220703125 302.743743896484375 309.256256103515625 317.59375 329.48126220703125
288.48748779296875 282.431243896484375 275.875 268.23748779296875 260.82501220703125 253.3937530517578125 245.1437530517578125 236.6875 227.5500030517578125 220.881256103515625 225.96875 238.0812530517578125 247.1875 251.962493896484375 254.53125 254.59375 253.5124969482421875 253.475006103515625 253.337493896484375 250.443756103515625 247.743743896484375 242.90625 238.631256103515625 237.4187469482421875 238.5500030517578125 241.087493896484375 247.024993896484375 255.868743896484375 264.01873779296875 273.056243896484375 282.368743896484375 290.46875 292.0625 292.943756103515625 291.91876220703125 291.9375 293.631256103515625 295.75 296.48748779296875 297.587493896484375 300.65625 305.818756103515625 312.96875 322.40625
293.14373779296875 287.875 280.90625 273.725006103515625 267.32501220703125 260.32501220703125 252.28125 243.0500030517578125 234.725006103515625 225.8937530517578125 237.412506103515625 250.412506103515625 255.9875030517578125 259.056243896484375 258.66876220703125 257.07501220703125 253.381256103515625 252.399993896484375 251.024993896484375 247.318756103515625 243.506256103515625 239.3874969482421875 236.806243896484375 235.649993896484375 237.0749969482421875 240.256256103515625 246.243743896484375 255.681243896484375 264.662506103515625 274.48126220703125 283.95623779296875 292.65625 294.618743896484375 296.01251220703125 294.58123779296875 295.662506103515625 296.83123779296875 296.806243896484375 298.01251220703125 299.16876220703125 299.14373779296875 303.649993896484375 307.83123779296875 311.975006103515625
296.881256103515625 291.962493896484375 286.3125 280.337493896484375 274.8125 267.84375 262.01873779296875 255.318756103515625 251.8000030517578125 255.4187469482421875 268.60626220703125 269.774993896484375 268.193756103515625 267.431243896484375 265.0625 261.225006103515625 255.8562469482421875 252.818756103515625 249.118743896484375 243.850006103515625 238.850006103515625 235.0500030517578125 232.8874969482421875 232.9499969482421875 235.2375030517578125 239.5187530517578125 246.537506103515625 255.6374969482421875 265.28125 275.5 286.318756103515625 294.556243896484375 296.64373779296875 299.09375 301.59375 301.23126220703125 300.912506103515625 301.54998779296875 300.73126220703125 299.70001220703125 298.95001220703125 303.08123779296875 305.64373779296875 309.256256103515625
301.10626220703125 296.774993896484375 292.20001220703125 286.79998779296875 282.86248779296875 278.899993896484375 273.725006103515625 271.368743896484375 270.818756103515625 273.899993896484375 279.649993896484375 281.431243896484375 279.75 276.462493896484375 272.587493896484375 266.493743896484375 259.40625 254 247.412506103515625 240.9499969482421875 234.943756103515625 230.899993896484375 227.9187469482421875 228.6374969482421875 232.662506103515625 238.0812530517578125 245.381256103515625 255.375 265.35626220703125 275.493743896484375 285.48126220703125 296.631256103515625 302.32501220703125 305.03125 307.98748779296875 307.962493896484375 305.943756103515625 305.11248779296875 304.48748779296875 300.84375 298.318756103515625 301.38751220703125 303.262481689453125 305.35626220703125
