data/historical-monthly-weather-data/wc2.1_cruts4.09_10m_prec_1964-09.asc
ncols        51
nrows        45
xllcorner    -63.500000000000
yllcorner    -7.500000000000
cellsize     0.166666666667
NODATA_value -9999
[rows 0 to 18 of 45, columns 0 to 43 of 51]
349.79998779296875 356.79998779296875 354.118743896484375 355.6875 351.21875 337.806243896484375 315.32501220703125 290.524993896484375 269.918731689453125 250.850006103515625 235.8125 223.5124969482421875 211.2624969482421875 196.6875 184.4812469482421875 171.4187469482421875 160.6687469482421875 149.399993896484375 140.09375 130.274993896484375 123.3937530517578125 115.13124847412109375 108.375 103.03749847412109375 97.6125030517578125 94.30625152587890625 94.08750152587890625 94.18125152587890625 92.6437530517578125 89.59999847412109375 85.52500152587890625 82.49375152587890625 81.21875 78.56874847412109375 76.6125030517578125 75.1687469482421875 74.59375 73.83750152587890625 72.4375 71.21250152587890625 70.15000152587890625 68.75624847412109375 66.6125030517578125 64.83750152587890625
336.25 343.5625 350.118743896484375 361.04376220703125 371.756256103515625 351.53125 325.787506103515625 306.993743896484375 285.8125 265.23748779296875 248.3312530517578125 233.5625 219.399993896484375 202.443756103515625 188.7624969482421875 176.193756103515625 163.037506103515625 152.006256103515625 141.806243896484375 132.0749969482421875 124.28749847412109375 117.83750152587890625 110.81874847412109375 105.4875030517578125 98.7375030517578125 94.3625030517578125 94.06874847412109375 93.8562469482421875 91.28749847412109375 88.2624969482421875 84.8000030517578125 82.66249847412109375 80.6875 79.2375030517578125 77.59999847412109375 76.1999969482421875 75.60625457763671875 75.1750030517578125 73.8312530517578125 72.78125 72.03125 70.8625030517578125 69.40000152587890625 67.0749969482421875
308.79376220703125 319.818756103515625 328.01873779296875 341.38751220703125 351.98126220703125 340.89373779296875 321.818756103515625 304.86248779296875 287.32501220703125 269.193756103515625 253.037506103515625 237.6875 223.0812530517578125 205.625 190.462493896484375 178.037506103515625 164.3125 153.3562469482421875 143.006256103515625 133.4375 125.15000152587890625 117.4562530517578125 110.3937530517578125 104.25 96.84999847412109375 90.9187469482421875 91.2062530517578125 89.9812469482421875 87.46875 84.1062469482421875 80.3000030517578125 77.9499969482421875 76.9562530517578125 75.38124847412109375 73.7937469482421875 72.0812530517578125 71.28125 70.96250152587890625 70.13124847412109375 69.5437469482421875 69.16249847412109375 67.9562530517578125 67.22499847412109375 65.6125030517578125
276.01873779296875 287.35626220703125 305.01251220703125 314.774993896484375 323.73748779296875 318.431243896484375 309 301.73748779296875 288.725006103515625 274.024993896484375 257.693756103515625 241.931243896484375 223.9812469482421875 207.84375 192.5187530517578125 179.037506103515625 165.9562530517578125 155.0812530517578125 146.0625 137.1062469482421875 127.8874969482421875 117.90000152587890625 108.90000152587890625 101.69374847412109375 93.09999847412109375 86.75624847412109375 85.7375030517578125 83.24375152587890625 81.25624847412109375 78.4812469482421875 75.46875 72.40625 70.6687469482421875 69.02500152587890625 67.05625152587890625 66.7937469482421875 66.5437469482421875 66.03749847412109375 65.7062530517578125 64.86875152587890625 64.2062530517578125 63.38124847412109375 62.924999237060546875 62.1875
273.23126220703125 275.70001220703125 277.037506103515625 285.54376220703125 299.787506103515625 300.29376220703125 295.76251220703125 293.524993896484375 286.524993896484375 274.5625 259.743743896484375 241.256256103515625 225.09375 211.256256103515625 195.9499969482421875 181.6437530517578125 167.787506103515625 156.71875 147.462493896484375 137.5749969482421875 128.8562469482421875 116.53125 107.19374847412109375 98.86875152587890625 89.5 82.21250152587890625 79.39374542236328125 77.5812530517578125 75.36875152587890625 72.1687469482421875 69.5 66.11875152587890625 64.0124969482421875 62.69374847412109375 61.375 60.643749237060546875 60.31874847412109375 60.356250762939453125 60.40625 59.90625 59.30625152587890625 58.637500762939453125 58.137500762939453125 58.13124847412109375
271.350006103515625 271.806243896484375 267.931243896484375 262.01873779296875 275.65625 286.149993896484375 286.25 282.46875 276.125 268.07501220703125 253.71875 236.0812530517578125 221.412506103515625 208.9562530517578125 193.8249969482421875 181.4375 168.475006103515625 156.9250030517578125 147.4250030517578125 138.225006103515625 126.6374969482421875 114.28749847412109375 103.59375 93.74375152587890625 84.8312530517578125 76.78125 73.7062530517578125 72.18125152587890625 69.7375030517578125 66.4375 63.737499237060546875 62.15625 60.05625152587890625 58.36875152587890625 56.68125152587890625 56.55625152587890625 56.206249237060546875 56.674999237060546875 57.174999237060546875 56.69374847412109375 54.700000762939453125 54.09999847412109375 53.674999237060546875 54.012500762939453125
273.73748779296875 274.4375 269.475006103515625 262.92498779296875 266.23126220703125 267.04998779296875 269.70001220703125 269.212493896484375 261.462493896484375 251.625 241.53125 228.087493896484375 216.274993896484375 204.368743896484375 191.5812530517578125 180.306243896484375 168.881256103515625 159 148.693756103515625 138 124.5187530517578125 111.3312530517578125 98.5749969482421875 88.25 79.5 71.69374847412109375 68.7312469482421875 67.0187530517578125 64.1999969482421875 60.893749237060546875 58.612499237060546875 56.512500762939453125 54.956249237060546875 53.706249237060546875 52.33750152587890625 51.549999237060546875 51.3125 52.33750152587890625 53.856250762939453125 52.387500762939453125 50.299999237060546875 49.168750762939453125 48.78125 49.33750152587890625
277.20001220703125 277.01251220703125 271.95001220703125 270.318756103515625 272.587493896484375 272.875 266.106231689453125 253.306243896484375 241.006256103515625 233.8562469482421875 229.03125 219.5437469482421875 210.1062469482421875 199.34375 189.787506103515625 178.0812530517578125 167.787506103515625 159.193756103515625 149.412506103515625 136.212493896484375 122.27500152587890625 107.7687530517578125 94.3125 83.1687469482421875 73.91249847412109375 66.0749969482421875 62.875 60.69374847412109375 58.59999847412109375 55.674999237060546875 53.575000762939453125 51.575000762939453125 50.0625 49.137500762939453125 47.40000152587890625 46.46250152587890625 46.02500152587890625 46.325000762939453125 46.58750152587890625 45.61875152587890625 43.862499237060546875 42.77500152587890625 42.52500152587890625 42.6875
282.712493896484375 283.787506103515625 280.837493896484375 278.70623779296875 279.568756103515625 276.17498779296875 268.88751220703125 255.943756103515625 239.1687469482421875 225.1999969482421875 220.0124969482421875 211.412506103515625 204.943756103515625 194.443756103515625 185.6374969482421875 175.618743896484375 166.118743896484375 157.0187530517578125 147.625 133.7125091552734375 117.65000152587890625 103.4250030517578125 88.3249969482421875 78.5124969482421875 68.875 60.74375152587890625 57.924999237060546875 56.53125 55.268749237060546875 52.731250762939453125 51.41249847412109375 48.706249237060546875 46.40625 44.450000762939453125 42.987499237060546875 42.66249847412109375 42.36875152587890625 41.94374847412109375 41.299999237060546875 40.24375152587890625 38.643749237060546875 37.52500152587890625 37.24375152587890625 37.362499237060546875
285.149993896484375 287.09375 285.100006103515625 283.125 285.14373779296875 281.506256103515625 273.65625 259.58123779296875 244 230.6062469482421875 220.1374969482421875 208.3249969482421875 199.850006103515625 191.09375 181.3937530517578125 173.40625 163.243743896484375 153.243743896484375 143.100006103515625 130.7687530517578125 114.5124969482421875 98.15625 82.68125152587890625 72.5187530517578125 62.700000762939453125 55.15625 53.03749847412109375 52.05625152587890625 51.262500762939453125 49.80625152587890625 47.86875152587890625 45.40000152587890625 42.981250762939453125 41.362499237060546875 39.90000152587890625 39.18125152587890625 38.768749237060546875 38.03125 36.700000762939453125 35.424999237060546875 33.862499237060546875 32.987499237060546875 31.737499237060546875 31.524999618530273438
291.20623779296875 292.73126220703125 290.818756103515625 288.256256103515625 288.73126220703125 287.162506103515625 279.48126220703125 261.850006103515625 244.3125 230.8125 220.1687469482421875 209.149993896484375 197.125 186.037506103515625 176.0812530517578125 167.806243896484375 157.625 147.3937530517578125 136.90625 125.66249847412109375 111.4499969482421875 94.8125 78.5812530517578125 65.58750152587890625 57.200000762939453125 51.61875152587890625 50.018749237060546875 48.68125152587890625 47.46875 46.237499237060546875 44.80625152587890625 42.68125152587890625 40.418750762939453125 38.4375 36.856250762939453125 35.862499237060546875 35.106250762939453125 34.06874847412109375 32.956249237060546875 31.168750762939453125 29.231250762939453125 28.118749618530273438 27.493749618530273438 26.581249237060546875
291.681243896484375 293.01873779296875 291.26873779296875 290.837493896484375 290.71875 287.88751220703125 281.725006103515625 264.67498779296875 244.743743896484375 228.587493896484375 217.524993896484375 207.8249969482421875 193.4499969482421875 180.5500030517578125 172.5749969482421875 163.0437469482421875 153.3249969482421875 141.4375 131.024993896484375 121.9499969482421875 109.25624847412109375 92.1875 75.09375 62.043750762939453125 53.50624847412109375 47.706249237060546875 46.19374847412109375 45.34999847412109375 44.125 43.206249237060546875 41.90000152587890625 40.112499237060546875 37.981250762939453125 36.4375 35.375 34.3125 33.33750152587890625 32.293750762939453125 30.206249237060546875 27.837499618530273438 25.643749237060546875 24.306249618530273438 23.6875 22.743749618530273438
289.51873779296875 290.5 287.8125 284.881256103515625 282.837493896484375 278.743743896484375 270.193756103515625 255.100006103515625 239.225006103515625 224.506256103515625 211.712493896484375 202.993743896484375 191.0124969482421875 174.7062530517578125 164.09375 156.037506103515625 146.3312530517578125 135.2062530517578125 125.2375030517578125 115.81874847412109375 103.78125 87.875 70.9562530517578125 59.168750762939453125 49.66249847412109375 43.875 43.18125152587890625 42.86875152587890625 42.16249847412109375 41.075000762939453125 39.375 37.643749237060546875 35.875 34.03125 32.924999237060546875 32.40625 32.262500762939453125 31.637500762939453125 29.84375 26.299999237060546875 23.037500381469726562 22.049999237060546875 21.056249618530273438 18.518749237060546875
285.306243896484375 284.943756103515625 279.893768310546875 275.71875 273.25 265.681243896484375 255.837493896484375 244.475006103515625 229.9187469482421875 217.09375 203.225006103515625 191.7937469482421875 181.21875 167.743743896484375 154.087493896484375 146.78125 137.681243896484375 126.5124969482421875 115.9375 106.86875152587890625 94.81874847412109375 79.5187530517578125 64.9187469482421875 56.106250762939453125 48.09999847412109375 42.168750762939453125 41.268749237060546875 40.762500762939453125 39.84999847412109375 38.90000152587890625 37.950000762939453125 36.018749237060546875 33.94374847412109375 32.13124847412109375 31.1875 31.524999618530273438 32.331249237060546875 33.06874847412109375 31.693750381469726562 28.549999237060546875 23.25 20.28125 19.262500762939453125 18.206249237060546875
280.41876220703125 277.625 271.34375 266.5625 263.29998779296875 251.5124969482421875 243.3249969482421875 231.693756103515625 218.068756103515625 207.3562469482421875 192.8937530517578125 181.368743896484375 170.21875 157.7624969482421875 143.21875 133.681243896484375 125.9875030517578125 116.80625152587890625 106.38124847412109375 97.9250030517578125 86.8312530517578125 73.6999969482421875 61.168750762939453125 54.700000762939453125 49.24375152587890625 44.125 42.668750762939453125 41.15000152587890625 39.606250762939453125 38.59999847412109375 36.58750152587890625 34.637500762939453125 32.96250152587890625 31.03125 29.393749237060546875 30.737499237060546875 33.700000762939453125 37.200000762939453125 38.112499237060546875 34.96250152587890625 30.256250381469726562 25.806249618530273438 23.262500762939453125 20.868749618530273438
272.92498779296875 268.61248779296875 263.14373779296875 257.1875 250.6125030517578125 241.40625 231.350006103515625 219.4875030517578125 208.0187530517578125 198.068756103515625 184.1374969482421875 171.5124969482421875 159.850006103515625 148.243743896484375 134.5500030517578125 121.97499847412109375 114.3000030517578125 107.25 97.9562530517578125 90.49375152587890625 79.65000152587890625 68.7375030517578125 58.6875 54.612499237060546875 50.612499237060546875 45.72499847412109375 43.700000762939453125 42.16249847412109375 40.606250762939453125 38.96875 37.674999237060546875 35.15000152587890625 32.700000762939453125 31.03125 28.90625 31.84375 36.981250762939453125 41.418750762939453125 45.08750152587890625 44 40.831249237060546875 33.84999847412109375 27.75 23.131250381469726562
262.23126220703125 258.67498779296875 254.131256103515625 248.243743896484375 240.806243896484375 231.962493896484375 221.6125030517578125 210.9499969482421875 199.8312530517578125 188.7375030517578125 176.600006103515625 163.8000030517578125 150.8312530517578125 138.8937530517578125 127.86875152587890625 116.58750152587890625 104.96875 97.56874847412109375 90.90625 83.74375152587890625 73.43125152587890625 63.78749847412109375 55.981250762939453125 54.47499847412109375 52.168750762939453125 46.96875 44.83750152587890625 43.293750762939453125 41.83750152587890625 40.512500762939453125 39.862499237060546875 38.875 35.924999237060546875 33.66249847412109375 34.09375 36.53125 41.075000762939453125 48.81874847412109375 56.856250762939453125 53.643749237060546875 47.65000152587890625 38.81874847412109375 30.487499237060546875 25.368749618530273438
253.506256103515625 250.7375030517578125 244.2624969482421875 238.568756103515625 233.318756103515625 224.96875 214.037506103515625 202.6875 192.7375030517578125 180.693756103515625 168.3937530517578125 155.96875 143.1750030517578125 131.5187530517578125 120.7624969482421875 110.875 100.3625030517578125 89.1125030517578125 84.5 77.65625 68.7312469482421875 59.41249847412109375 52.606250762939453125 52.59999847412109375 51.78749847412109375 47.731250762939453125 46.4375 45.11875152587890625 43.375 41.49375152587890625 40.456249237060546875 39.481250762939453125 40.674999237060546875 41.706249237060546875 40.61875152587890625 40.53125 46.362499237060546875 53.31874847412109375 57.200000762939453125 54.84375 47.09375 38.69374847412109375 31.512500762939453125 27.537500381469726562
244.443756103515625 240.8562469482421875 234.2687530517578125 229.962493896484375 224.412506103515625 216.8000030517578125 206.40625 197.3249969482421875 186.725006103515625 174.725006103515625 162.1062469482421875 149.068756103515625 135.9812469482421875 124.8937530517578125 113.86875152587890625 105.6687469482421875 96.81874847412109375 85.4812469482421875 78.03125 71.99375152587890625 65.03125 59.53125 48.72499847412109375 48.924999237060546875 49.543750762939453125 48.71250152587890625 48.58750152587890625 47.262500762939453125 46.65000152587890625 44.237499237060546875 42.375 44.418750762939453125 49.237499237060546875 50.543750762939453125 50.393749237060546875 50.325000762939453125 52.237499237060546875 54.21250152587890625 54.49375152587890625 50.83750152587890625 44.3125 37.59999847412109375 32.11875152587890625 29.024999618530273438
