data/historical-monthly-weather-data/wc2.1_cruts4.09_10m_prec_1964-01.asc
ncols        45
nrows        45
xllcorner    -63.500000000000
yllcorner    -7.500000000000
cellsize     0.166666666667
NODATA_value -9999
[rows 20 to 39 of 45, columns 0 to 44 of 45]
177.71875 182.8249969482421875 186.96875 192.125 197.337493896484375 202.506256103515625 207.943756103515625 211.743743896484375 215.0124969482421875 216.712493896484375 217.3312530517578125 216.3125 216.868743896484375 217.7375030517578125 207.3249969482421875 190.850006103515625 178.3312530517578125 170.287506103515625 166.4562530517578125 162.6125030517578125 161.2062530517578125 159.024993896484375 157.693756103515625 166.2375030517578125 176.9499969482421875 188.587493896484375 202.9187469482421875 218.3937530517578125 233.4875030517578125 247.125 255.0625 258.118743896484375 253.8874969482421875 248.0625 243.431243896484375 265.29376220703125 297.21875 322.20001220703125 332.243743896484375 330.375 320.20623779296875 306.5 296.61248779296875 289.125 283.806243896484375
171.556243896484375 175.8562469482421875 179.8249969482421875 185.693756103515625 192.40625 197.8000030517578125 202.9187469482421875 207.9875030517578125 211.34375 210.15625 207.118743896484375 201.100006103515625 197.1374969482421875 195.412506103515625 190.037506103515625 180.818756103515625 173.4499969482421875 167.8312530517578125 163.8625030517578125 160.8249969482421875 158.8312530517578125 157.90625 158.993743896484375 169.350006103515625 181.912506103515625 195.7624969482421875 212.9562530517578125 227.75 240.96875 251.243743896484375 255.7562408447265625 257.975006103515625 257.975006103515625 260.256256103515625 265.48126220703125 286.33123779296875 319.01251220703125 347.493743896484375 356.787506103515625 350.4375 336.25 320.600006103515625 308.818756103515625 299.67498779296875 292.962493896484375
165.65625 169.8874969482421875 172.618743896484375 178.2437591552734375 185.90625 192.6750030517578125 197.993743896484375 203.4875030517578125 208.4187469482421875 204.15625 195.78125 184.6875 176.756256103515625 175.056243896484375 174.71875 171.8874969482421875 167.3874969482421875 163.7312469482421875 160.46875 157.7062530517578125 157.0812530517578125 156.868743896484375 158.4499969482421875 169.9187469482421875 185.1062469482421875 202.131256103515625 221.024993896484375 235.962493896484375 247.78125 254.4499969482421875 257.412506103515625 260.54376220703125 268.33123779296875 277.28125 290.23126220703125 310.524993896484375 343.48748779296875 380.86248779296875 386.57501220703125 369.037506103515625 349.75 333.162506103515625 317.743743896484375 307.15625 300.1875
159.7062530517578125 162.0500030517578125 164.0500030517578125 170.3562469482421875 179.4562530517578125 186.2687530517578125 192.4375 198.0124969482421875 201.568756103515625 195.818756103515625 185.9187469482421875 174.6437530517578125 162.46875 163.4875030517578125 166.9562530517578125 166.600006103515625 163.9187469482421875 161.375 158.8375091552734375 156.7062530517578125 155.9250030517578125 155.899993896484375 157.850006103515625 169.96875 186.9812469482421875 205.25 225.84375 240.662506103515625 252.524993896484375 260.875 266.375 272.9375 283.70623779296875 296.51873779296875 312.443756103515625 332.9375 362.07501220703125 394.88751220703125 398.29998779296875 379.54376220703125 358.26251220703125 338.92498779296875 322.0625 310.068756103515625 304.931243896484375
154.6875 155.568756103515625 156.725006103515625 164.9562530517578125 176.2624969482421875 182.3249969482421875 187.125 191.118743896484375 192.1999969482421875 188.1687469482421875 180.587493896484375 172.024993896484375 164.8625030517578125 164.375 164.943756103515625 164.65625 162.7937469482421875 161.306243896484375 158.712493896484375 155.693756103515625 154.962493896484375 154.337493896484375 156.1687469482421875 168.5999908447265625 186.056243896484375 206.3625030517578125 226.2937469482421875 244.625 259.0625 270.85626220703125 280.32501220703125 291.26251220703125 302.493743896484375 316.662506103515625 333.09375 349.70623779296875 372.318756103515625 390.0625 391.04376220703125 378.875 359.806243896484375 340.48126220703125 323.262481689453125 312.225006103515625 305.568756103515625
153.818756103515625 155.7624969482421875 158.0812530517578125 165.9875030517578125 174.743743896484375 179.806243896484375 183.0625 184.6750030517578125 184.6812591552734375 181.75 177.3625030517578125 173.25 169.5749969482421875 168.662506103515625 166.899993896484375 165.443756103515625 163.774993896484375 162.375 159.8125 156.2687530517578125 155.618743896484375 153.681243896484375 154.649993896484375 166.100006103515625 184.8000030517578125 207.100006103515625 229.6875 249.7375030517578125 267.70001220703125 280.20623779296875 295 309.712493896484375 323.33123779296875 336.21875 351.818756103515625 364.48126220703125 379.33123779296875 388.868743896484375 386.67498779296875 375.57501220703125 359.20623779296875 339.67498779296875 320.881256103515625 310.25 308.23126220703125
158.2312469482421875 160.7312469482421875 164.5124969482421875 170.493743896484375 176.399993896484375 179.84375 182.087493896484375 181.962493896484375 181.5625 180.6125030517578125 178.5437469482421875 177.3125 176.3562469482421875 176.3625030517578125 173.587493896484375 171.412506103515625 169.21875 167.4250030517578125 165.0437469482421875 160.53125 158.375 156.6999969482421875 155.4875030517578125 166.193756103515625 187.068756103515625 209.850006103515625 233.037506103515625 254.943756103515625 275.381256103515625 290.443756103515625 307.82501220703125 324.46875 341.45623779296875 355.475006103515625 369.04376220703125 380.725006103515625 391.993743896484375 396.662506103515625 390.25 379.587493896484375 363.01251220703125 341.38751220703125 322.29376220703125 311.568756103515625 317.86248779296875
164.75 167.0625 171.193756103515625 175.7937469482421875 179.9250030517578125 181.306243896484375 181.881256103515625 180.9875030517578125 181.006256103515625 180.4812469482421875 179.899993896484375 181.1875 182.162506103515625 183.337493896484375 180.5124969482421875 177.9875030517578125 175.3249969482421875 174.5437469482421875 170.75 166.65625 165.28125 162.506256103515625 163.693756103515625 175.787506103515625 194.962493896484375 216.493743896484375 239.524993896484375 261.631256103515625 283.443756103515625 301.33123779296875 318.32501220703125 335.63751220703125 353.868743896484375 368.95001220703125 384.024993896484375 394.875 402.98748779296875 407.20623779296875 400.412506103515625 387.399993896484375 371.600006103515625 349.556243896484375 327.381256103515625 317.25 336.48748779296875
170.6687469482421875 173.5625 177.1687469482421875 181.2624969482421875 184.100006103515625 183.756256103515625 181.943756103515625 181.037506103515625 180.8812408447265625 181.1687469482421875 181.9562530517578125 184.6750030517578125 187.618743896484375 191.15625 188.868743896484375 186.774993896484375 185.5437469482421875 183.431243896484375 179.837493896484375 175.4875030517578125 173.587493896484375 171.1687469482421875 172.78125 186.3937530517578125 204.71875 224.9250030517578125 247.7312469482421875 270.20001220703125 293.375 311.65625 327.818756103515625 344.75 363.975006103515625 382.318756103515625 399.625 409.51873779296875 418.475006103515625 422.375 415.625 401.806243896484375 382.774993896484375 361.087493896484375 343.20001220703125 340.387481689453125 361
178.0124969482421875 180.6875 184.756256103515625 188.9812469482421875 190.693756103515625 188.212493896484375 184.9562530517578125 183.53125 183.443756103515625 183.693756103515625 185.649993896484375 190.256256103515625 194.8874969482421875 199.6374969482421875 199.3499908447265625 198.087493896484375 197.024993896484375 195.5187530517578125 192.7937469482421875 187.399993896484375 184.5812530517578125 182.881256103515625 183.649993896484375 197.0124969482421875 214.9812469482421875 234.662506103515625 256.53125 278.506256103515625 301.46875 319.59375 337.33123779296875 355.162506103515625 374.96875 396.66876220703125 415.73126220703125 428.04998779296875 438.212493896484375 446.443756103515625 440.29376220703125 429.318756103515625 415.57501220703125 398.493743896484375 385.34375 383.993743896484375 393.899993896484375
184.125 186.568756103515625 189.181243896484375 192.84375 194.837493896484375 190.3125 187.1437530517578125 185.118743896484375 185.375 186.712493896484375 189.850006103515625 195.7375030517578125 201.962493896484375 207.3562469482421875 209.006256103515625 209.193756103515625 209.7375030517578125 208.912506103515625 206.149993896484375 200.631256103515625 196.662506103515625 193.7375030517578125 194.6999969482421875 207.7312469482421875 224.6125030517578125 244.5625 266.068756103515625 287.462493896484375 310.725006103515625 328.662506103515625 347.1875 366.26251220703125 387.40625 410.943756103515625 432.35626220703125 447.29998779296875 459.63751220703125 472.23748779296875 470.3125 462.35626220703125 453.95623779296875 441 431.118743896484375 425.649993896484375 432.51873779296875
188.71875 190.212493896484375 191.524993896484375 193.15625 193.2312469482421875 190.0187530517578125 188.3249969482421875 186.087493896484375 187.056243896484375 189.1750030517578125 193.1062469482421875 200.162506103515625 207.9187469482421875 215.5625 219.006256103515625 220.65625 221.2624969482421875 220.037506103515625 216.243743896484375 211.506256103515625 206.975006103515625 203.6437530517578125 204.506256103515625 217.15625 234.649993896484375 253.5812530517578125 274.100006103515625 295.8125 317.54376220703125 337.5625 356.90625 376.89373779296875 400.46875 426.068756103515625 450.087493896484375 466.725006103515625 484.5 497.243743896484375 496.48126220703125 493.58123779296875 494.11248779296875 485.806243896484375 478.931243896484375 478.568756103515625 485.23748779296875
193.306243896484375 194.0500030517578125 195.006256103515625 195.618743896484375 194.3000030517578125 191.7687530517578125 189.5812530517578125 187.9375 188.4562530517578125 192.2375030517578125 198.3562469482421875 206.818756103515625 217.306243896484375 227.5749969482421875 231.625 233.9875030517578125 234.868743896484375 232.1374969482421875 227.6374969482421875 223.1875 218.78125 215.337493896484375 215.2375030517578125 228.0437469482421875 243.78125 261.54998779296875 281.45001220703125 301.21875 322.787506103515625 345.82501220703125 366.587493896484375 386.98126220703125 413.600006103515625 442.57501220703125 468.181243896484375 488.625 507.90625 523.5374755859375 524.30621337890625 531.3812255859375 536.1875 533.625 533.3812255859375 539.6624755859375 556.8499755859375
197.2937469482421875 197.4499969482421875 197.618743896484375 197.5625 195.193756103515625 193.1062469482421875 191.28125 189.524993896484375 190.4250030517578125 193.787506103515625 201.056243896484375 213.618743896484375 227.34375 238.8562469482421875 244.1374969482421875 246.943756103515625 249.212493896484375 246.1750030517578125 240.2062530517578125 234.600006103515625 230.399993896484375 227.0437469482421875 226.6125030517578125 237.774993896484375 251.8937530517578125 267.45623779296875 286.350006103515625 306.82501220703125 329.26873779296875 352.443756103515625 376.243743896484375 399.34375 427.83123779296875 459.943756103515625 488.600006103515625 511.0625 531.26873779296875 547.04376220703125 555.34375 566.2437744140625 574.2249755859375 578.1500244140625 584.9312744140625 597.04376220703125 617.89373779296875
202.556243896484375 201.4187469482421875 200.912506103515625 199.475006103515625 197.1875 195.350006103515625 192.78125 190.75 190.1875 194.3125 204.21875 219.90625 238.318756103515625 252.837493896484375 258.618743896484375 261.193756103515625 263.256256103515625 258.79998779296875 252.34375 245.0500030517578125 241.443756103515625 238.149993896484375 237.3937530517578125 246.725006103515625 259.193756103515625 271.89373779296875 291.07501220703125 311.962493896484375 334.15625 358.23126220703125 384.118743896484375 411.04376220703125 442.65625 475.54376220703125 505.962493896484375 529.63751220703125 549.54376220703125 571.76873779296875 583.83123779296875 594.9312744140625 606.73748779296875 613.04376220703125 624.2125244140625 638.46875 655.41876220703125
210.3125 208.256256103515625 206.993743896484375 204.8937530517578125 202.28125 199.193756103515625 196.4875030517578125 193.03125 191.2062530517578125 194.256256103515625 206.118743896484375 226.3625030517578125 248.462493896484375 265.11248779296875 272.13751220703125 275.61248779296875 276.92498779296875 271.78125 264.64373779296875 256.881256103515625 252.5625 249.8937530517578125 248.3562469482421875 255.181243896484375 265.118743896484375 276.58123779296875 293.931243896484375 313.462493896484375 335 360.618743896484375 389.45001220703125 418.287506103515625 452.84375 487.725006103515625 519.0374755859375 540.1312255859375 563.98748779296875 583.6312255859375 592.79376220703125 604.6187744140625 617.75 627.4375 638.92498779296875 654.5875244140625 667.3062744140625
218.4375 215.8937530517578125 213.4812469482421875 210.9499969482421875 207.931243896484375 204.8625030517578125 202.3874969482421875 197.9375 193.600006103515625 192.15625 208.1999969482421875 237.28125 260.850006103515625 275.818756103515625 284.39373779296875 289.118743896484375 290.70001220703125 284.90625 277.01251220703125 268.35626220703125 264.212493896484375 260.1875 258.54998779296875 263.28125 271.131256103515625 281.01873779296875 296.79998779296875 315.337493896484375 335.625 363.38751220703125 394.181243896484375 425.38751220703125 462.475006103515625 499.53125 531.86248779296875 552.91876220703125 573.15625 589.4312744140625 599.4375 609.07501220703125 618.82501220703125 629.86248779296875 645.5 661.08123779296875 671.5562744140625
225.9250030517578125 222.912506103515625 219.993743896484375 217.6750030517578125 214.96875 213.131256103515625 210.649993896484375 206.993743896484375 203.6062469482421875 200.568756103515625 228.6875 259.568756103515625 277.51251220703125 289.131256103515625 297.5625 302.46875 303.556243896484375 298.01251220703125 290.125 280.96875 275.524993896484375 270.17498779296875 267.39373779296875 270.375 276.225006103515625 284.73126220703125 298.475006103515625 315.29376220703125 334.67498779296875 364.71875 396.556243896484375 428.04998779296875 466.09375 504.96875 537.8375244140625 557.9312744140625 573.76873779296875 589.10626220703125 599.26251220703125 607.2125244140625 614.51251220703125 628.0875244140625 641.65625 653.95001220703125 665.8812255859375
230.506256103515625 226.1374969482421875 224.15625 222.2937469482421875 220.6125030517578125 219.9250030517578125 218.875 219.8874969482421875 225.631256103515625 242.21875 276.89373779296875 288.78125 296.149993896484375 304.125 310.63751220703125 313.95001220703125 315.20001220703125 308.48748779296875 299.868743896484375 290.82501220703125 282.89373779296875 276.73126220703125 273.5 275.51873779296875 279.9375 287.04376220703125 299.76873779296875 315.068756103515625 333.21875 362.42498779296875 391.75 420.46875 453.368743896484375 485.212493896484375 518.0562744140625 536.4312744140625 549.9437255859375 564.3687744140625 572.34375 576.9749755859375 583.8375244140625 594.0999755859375 604.0875244140625 616.8187255859375 626.6187744140625
234.881256103515625 230.65625 228.625 226.556243896484375 226.8562469482421875 228.28125 230.1187591552734375 235.899993896484375 247.8249969482421875 267.25 289.931243896484375 304.537506103515625 312.26251220703125 319.28125 323.743743896484375 326.60626220703125 327 320.412506103515625 309.993743896484375 299.6875 288.36248779296875 281.61248779296875 277.85626220703125 278.899993896484375 282.95623779296875 288.85626220703125 300.46875 314.88751220703125 330.9375 356.881256103515625 382.75 410.181243896484375 440.1875 466.95001220703125 491.193756103515625 507.73748779296875 520.40625 532.73748779296875 539.07501220703125 542.40625 548.86248779296875 556.63751220703125 563.15625 572.7249755859375 581.03125
