data/historical-monthly-weather-data/wc2.1_cruts4.09_10m_prec_1956-06.asc
ncols        45
nrows        45
xllcorner    -63.500000000000
yllcorner    -7.500000000000
cellsize     0.166666666667
NODATA_value -9999
[rows 0 to 19 of 45, columns 0 to 43 of 45]
419.193756103515625 422.07501220703125 420.08123779296875 430.899993896484375 435.16876220703125 440.17498779296875 436.23126220703125 429.5 414.5625 413.79376220703125 416.162506103515625 410.71875 405.431243896484375 395.100006103515625 381.3125 369.51251220703125 354.85626220703125 340.48126220703125 326.04376220703125 316.15625 314.068756103515625 302.79376220703125 293.57501220703125 281.818756103515625 272.61248779296875 265.20001220703125 262.54998779296875 262.29376220703125 255.068756103515625 249.743743896484375 239.4875030517578125 236.318756103515625 237.899993896484375 234.962493896484375 233.2062530517578125 235.125 236.756256103515625 240.2624969482421875 238.7375030517578125 239.9499969482421875 244.6062469482421875 253.368743896484375 252.9499969482421875 255.6125030517578125
412.568756103515625 415.90625 423.84375 432.412506103515625 444.13751220703125 448.725006103515625 444.11248779296875 436.256256103515625 431.34375 429.125 426.193756103515625 416.693756103515625 399.78125 385.875 369.131256103515625 354.67498779296875 337.087493896484375 318.4375 302.51251220703125 293.26873779296875 289.04376220703125 279.32501220703125 273.056243896484375 264.993743896484375 256.5 248.59375 247.0437469482421875 244.625 239.1750030517578125 231.024993896484375 226.40625 228.7312469482421875 228.9875030517578125 229.09375 230.2062530517578125 229.6687469482421875 233.65625 236.662506103515625 236.1374969482421875 238.462493896484375 246.5187530517578125 244.3937530517578125 251.1437530517578125 253.6999969482421875
397.73126220703125 412.462493896484375 420.61248779296875 422.993743896484375 435.962493896484375 444.756256103515625 444.29376220703125 448.15625 444.13751220703125 440.100006103515625 431.33123779296875 414.14373779296875 397.899993896484375 373.98126220703125 353.806243896484375 336.83123779296875 316.524993896484375 299.631256103515625 285.475006103515625 274.82501220703125 271.58123779296875 268.475006103515625 261.618743896484375 258.1875 246.256256103515625 237.0124969482421875 239.4812469482421875 234.9375 226.4812469482421875 225.118743896484375 219.1875 218.1125030517578125 218.53125 221.193756103515625 220.350006103515625 215.806243896484375 222.256256103515625 228.943756103515625 229.587493896484375 232.9187469482421875 243.0437469482421875 244.1437530517578125 247.381256103515625 247.899993896484375
380.631256103515625 388.01251220703125 404.1875 414.875 422.65625 431 438.75 445.58123779296875 448.087493896484375 446.51873779296875 431.756256103515625 408.350006103515625 384.5625 358.51873779296875 338.40625 319.91876220703125 295.837493896484375 281.95001220703125 269.57501220703125 267.949981689453125 262.79998779296875 253.7687530517578125 249.318756103515625 247.7687530517578125 235.7375030517578125 226.9499969482421875 226.1875 219.46875 215.506256103515625 215.3874969482421875 212.4562530517578125 208.8562469482421875 209.4875030517578125 207.5187530517578125 207.431243896484375 214.149993896484375 221.3937530517578125 224.9812469482421875 225.149993896484375 228.556243896484375 236.6437530517578125 243.1437530517578125 245.568756103515625 244.8937530517578125
393.40625 396.09375 387.818756103515625 401.693756103515625 420.23748779296875 421.975006103515625 430.081268310546875 444.774993896484375 455.54998779296875 455.04998779296875 437.493743896484375 399.068756103515625 373.287506103515625 348.28125 323.03125 302.662506103515625 281.86248779296875 263.274993896484375 251.7937469482421875 248.8125 243.9375 239.78125 236.9250030517578125 233.90625 222.712493896484375 215.600006103515625 211.96875 211.4375 208.2125091552734375 204.1687469482421875 204.8312530517578125 204.4812469482421875 203.3874969482421875 203.837493896484375 207.568756103515625 209.287506103515625 215.662506103515625 222.6750030517578125 221.162506103515625 221.8625030517578125 230.3125 236.3000030517578125 240.787506103515625 244.868743896484375
387.256256103515625 397.181243896484375 391.399993896484375 378.243743896484375 401.67498779296875 420.443756103515625 423.024993896484375 431.787506103515625 447.868743896484375 449.6875 423.26873779296875 386.51251220703125 361.443756103515625 336.73748779296875 309.037506103515625 288.850006103515625 267.23126220703125 250.412506103515625 243.318756103515625 238.21875 236.587493896484375 231.5437469482421875 227.2624969482421875 219.256256103515625 213.350006103515625 207.9250030517578125 202.537506103515625 202.162506103515625 199.975006103515625 196.693756103515625 199.837493896484375 200.09375 202.2062530517578125 200.78125 199.0124969482421875 207.5500030517578125 209.475006103515625 207.975006103515625 211.75 219.9250030517578125 223.3312530517578125 231.1062469482421875 232.625 235.6875
390.600006103515625 396.04376220703125 392.287506103515625 386.806243896484375 383.662506103515625 384.51873779296875 387.07501220703125 404.787506103515625 406.23748779296875 406.78125 391.524993896484375 362.837493896484375 344.23748779296875 324.51251220703125 299.41876220703125 278.368743896484375 260.537506103515625 245.2937469482421875 233.03125 229.4375 221.6999969482421875 217.8000030517578125 212.381256103515625 208.5 207.8000030517578125 202.78125 197.0187530517578125 194.212493896484375 192.03125 196.306243896484375 194.15625 191.2624969482421875 191.3125 194.3874969482421875 198.7312469482421875 200.7624969482421875 197.375 198.9749908447265625 201.4375 210.399993896484375 213.556243896484375 218.743743896484375 223.912506103515625 227.3000030517578125
388.943756103515625 386.649993896484375 384.32501220703125 389.76251220703125 387.60626220703125 392.493743896484375 375.09375 360.125 346.524993896484375 352.89373779296875 352.03125 337.78125 325.01251220703125 307.368743896484375 290.91876220703125 271.649993896484375 250.53125 237.5437469482421875 225.5 214.993743896484375 218.8937530517578125 211.5437469482421875 204.5625 200.287506103515625 199.6999969482421875 192.8874969482421875 188.868743896484375 186.2687530517578125 184.568756103515625 184.125 189.9250030517578125 186.6437530517578125 187.4812469482421875 188.28125 186.53125 186.8562469482421875 187.0625 188.068756103515625 186.1937408447265625 189.1125030517578125 194.9499969482421875 204.2375030517578125 204.3874969482421875 203.931243896484375
382.193756103515625 383.54998779296875 376.524993896484375 377.01251220703125 378.34375 373.149993896484375 370.1875 362.45001220703125 335.600006103515625 318.16876220703125 313.20623779296875 307.149993896484375 305.82501220703125 292.774993896484375 280.23748779296875 262.193756103515625 252.243743896484375 242.6125030517578125 232.712493896484375 218.1125030517578125 206.8874969482421875 208.475006103515625 196.3000030517578125 198.0812530517578125 192.6750030517578125 187.2937469482421875 183.475006103515625 183.087493896484375 185.493743896484375 183.6999969482421875 189.2624969482421875 178.09375 171.225006103515625 169.71875 172.818756103515625 179.4562530517578125 182.6687469482421875 185.9499969482421875 184.0625 182.1750030517578125 182.6875 183.1875 191.4875030517578125 190.7624969482421875
375.92498779296875 378.26251220703125 372.350006103515625 371.806243896484375 371.23748779296875 364.037506103515625 358.78125 345.42498779296875 332.17498779296875 317.4375 302.21875 282.23748779296875 284.3125 277.9375 270.631256103515625 260.443756103515625 248.78125 247.1062469482421875 238.056243896484375 227.8562469482421875 211.8000030517578125 202.350006103515625 188.2375030517578125 186.743743896484375 180.3125 179.2937469482421875 176.84375 174.8125 173.6062469482421875 176.2937469482421875 178.318756103515625 171.100006103515625 168.6125030517578125 167.631256103515625 165.8312530517578125 169.4812469482421875 174.8312530517578125 180.274993896484375 181.0625 185.4187469482421875 188.756256103515625 188.662506103515625 182.149993896484375 173.6750030517578125
374.100006103515625 372.82501220703125 366.21875 362.524993896484375 357.73126220703125 355.274993896484375 341.95001220703125 329.57501220703125 320.98748779296875 310.36248779296875 299.318756103515625 281.274993896484375 267.67498779296875 263.631256103515625 257.931243896484375 252.4499969482421875 244.787506103515625 237.7062530517578125 234.337493896484375 232.15625 228.287506103515625 211.649993896484375 188.9812469482421875 169.1999969482421875 170.493743896484375 178.5250091552734375 177.8937530517578125 172.40625 167.256256103515625 167.149993896484375 167.65625 163.537506103515625 162.9499969482421875 162.756256103515625 162.193756103515625 161.993743896484375 166.8562469482421875 169.774993896484375 177.6937408447265625 179.943756103515625 181.84375 178.462493896484375 176.5812530517578125 162.90625
361.899993896484375 361.96875 360.70001220703125 351.743743896484375 348.100006103515625 339.59375 335.4375 326.287506103515625 316.15625 297.26251220703125 290.79376220703125 278.76251220703125 256.162506103515625 252.962493896484375 255.125 248.693756103515625 241.274993896484375 236.368743896484375 235.462493896484375 241.787506103515625 238.625 223.46875 197.943756103515625 172.3249969482421875 166.537506103515625 166.056243896484375 162.587493896484375 161.21875 160.725006103515625 158.21875 151.899993896484375 152.0187530517578125 152.71875 150.0124969482421875 152.662506103515625 157.8625030517578125 164.881256103515625 169.225006103515625 168.493743896484375 175.725006103515625 178.5437469482421875 173.8562469482421875 159.850006103515625 138.3937530517578125
356.381256103515625 353.693756103515625 349.21875 340.64373779296875 338.71875 327.306243896484375 320.71875 313 299.04376220703125 286.118743896484375 277.71875 271.306243896484375 260.087493896484375 240.84375 237.568756103515625 236.931243896484375 232.4812469482421875 231.1999969482421875 222.96875 227.1062469482421875 228.243743896484375 214.5625 194.9562530517578125 174.087493896484375 157.5 153.9875030517578125 154.5124969482421875 154.4499969482421875 155.28125 155.131256103515625 147.3562469482421875 141.5124969482421875 145.0625 140.7624969482421875 142.5500030517578125 149.587493896484375 160.6437530517578125 168.118743896484375 178.4375 180.181243896484375 174.837493896484375 167.3125 145.962493896484375 128.912506103515625
347.662506103515625 345.17498779296875 338.212493896484375 330.84375 322.92498779296875 314.824981689453125 305.131256103515625 300.318756103515625 290.29376220703125 275.39373779296875 265.84375 255.806243896484375 249.787506103515625 238.5437469482421875 220.09375 223.912506103515625 218.649993896484375 214.131256103515625 209.649993896484375 211.256256103515625 210.0749969482421875 198.1750030517578125 182.5812530517578125 170.71875 159.53125 150.7062530517578125 146.2937469482421875 143.537506103515625 143.2375030517578125 141.881256103515625 140.225006103515625 136.368743896484375 136.46875 137.3874969482421875 135.5 148.15625 163.28125 175.9375 186.8249969482421875 184.8625030517578125 164.3874969482421875 149.78125 144.3937530517578125 144.993743896484375
332.61248779296875 330.63751220703125 327.625 322.65625 314.03125 305.412506103515625 298.26873779296875 289.98126220703125 279.42498779296875 267.48748779296875 255.8687591552734375 247.962493896484375 241.3562469482421875 228.462493896484375 207.4187469482421875 208.0500030517578125 205.0187530517578125 205.100006103515625 196.40625 195.462493896484375 195.6875 186.2687530517578125 176.90625 169.3937530517578125 164.818756103515625 157.21875 152.4375 147.625 147.4375 140.350006103515625 132.556243896484375 131.399993896484375 136.743743896484375 132.3874969482421875 126.36875152587890625 131.5749969482421875 154.1062469482421875 177.15625 183.368743896484375 175.6875 165.9812469482421875 160.53125 162.024993896484375 151.9812469482421875
322.3125 316.850006103515625 314.0625 306.20623779296875 303.90625 297.006256103515625 287.875 277.59375 271.61248779296875 265.631256103515625 254 245.09375 238.649993896484375 226.78125 208.568756103515625 186.649993896484375 188.443756103515625 192.84375 185.1687469482421875 183.431243896484375 181.618743896484375 175.6687469482421875 171.2312469482421875 169.493743896484375 165.725006103515625 158.875 151.3937530517578125 147.9250030517578125 144.7312469482421875 143.5124969482421875 137.818756103515625 131.2312469482421875 124.8937530517578125 118.72499847412109375 113.88124847412109375 134.3000030517578125 145.4187469482421875 160.931243896484375 171.8125 175.306243896484375 174.8125 172.368743896484375 164.475006103515625 150.162506103515625
309.54998779296875 306.649993896484375 300.08123779296875 297.95001220703125 294.962493896484375 289.67498779296875 280.60626220703125 272.587493896484375 261.006256103515625 252.9250030517578125 247.2624969482421875 241.3937530517578125 231.462493896484375 220.5500030517578125 210.6875 190.8125 168.600006103515625 171.181243896484375 172.3000030517578125 169.350006103515625 165.368743896484375 164.212493896484375 161.350006103515625 165.912506103515625 162.5625 151.087493896484375 144.162506103515625 140.0812530517578125 141.8000030517578125 141.6750030517578125 139.631256103515625 136.34375 129.9250030517578125 128.40625 135.8874969482421875 144.162506103515625 157.5 169.024993896484375 177.443756103515625 169.4875030517578125 167.96875 162.3000030517578125 151.256256103515625 143.6125030517578125
295.618743896484375 294.412506103515625 293.8125 291.98748779296875 290.212493896484375 288.381256103515625 278.13751220703125 269.01251220703125 257.524993896484375 244.787506103515625 235.587493896484375 233.7687530517578125 222.6875 213.6374969482421875 207.181243896484375 192.618743896484375 171.3874969482421875 151.306243896484375 162.84375 155.243743896484375 151.2375030517578125 150.087493896484375 152.8125 155.6750030517578125 155.9187469482421875 144.850006103515625 135.556243896484375 137.3562469482421875 137.9375 134.806243896484375 126.69374847412109375 119.93125152587890625 135.212493896484375 138.3249969482421875 140.78125 164.337493896484375 174.5749969482421875 171.1062469482421875 171.725006103515625 166.9875030517578125 151.931243896484375 142.8874969482421875 134.7312469482421875 130.506256103515625
283.59375 286.48748779296875 286.29376220703125 286.46875 286.60626220703125 280.631256103515625 272.506256103515625 262.92498779296875 254.1687469482421875 244.399993896484375 233.0500030517578125 219.868743896484375 211.09375 205.25 195.587493896484375 184.7874908447265625 175.9562530517578125 152.75 141.78125 138.068756103515625 139.993743896484375 144.25 132.5437469482421875 139.4812469482421875 139.993743896484375 140.90625 137.15625 131.6374969482421875 134.743743896484375 131.28125 125.41249847412109375 125.0124969482421875 132.350006103515625 133.412506103515625 140.8562469482421875 157.25 160.5124969482421875 156.037506103515625 156.412506103515625 148.3000030517578125 136.368743896484375 124.25624847412109375 120.55625152587890625 119.8125
275.912506103515625 279.818756103515625 277.60626220703125 271.712493896484375 270.23126220703125 272.006256103515625 265.75 255.631256103515625 252.1125030517578125 244.274993896484375 234.399993896484375 225.9875030517578125 214.975006103515625 202.8312530517578125 190.5500030517578125 169.7624969482421875 156.03125 154.8249969482421875 143.318756103515625 141.0124969482421875 126.75 124.69374847412109375 130.375 131.5124969482421875 126.2687530517578125 121.9562530517578125 120.0187530517578125 125.3874969482421875 121.0812530517578125 116.25 115.25 126.3874969482421875 129.28125 129.024993896484375 130.8312530517578125 140.0124969482421875 145.6875 142.756256103515625 138.5749969482421875 132.15625 120.0187530517578125 107.3562469482421875 108.5749969482421875 109.80625152587890625
