data/historical-monthly-weather-data/wc2.1_cruts4.09_10m_prec_1985-06.asc
ncols        51
nrows        45
xllcorner    -63.500000000000
yllcorner    -7.500000000000
cellsize     0.166666666667
NODATA_value -9999
[rows 0 to 18 of 45, columns 0 to 43 of 51]
271.40625 269.57501220703125 267.73126220703125 274.54998779296875 277.587493896484375 283.399993896484375 283.84375 282.76251220703125 278.14373779296875 283.25 290.88751220703125 294.649993896484375 298.881256103515625 299.493743896484375 298.11248779296875 298.300018310546875 295.631256103515625 291.16876220703125 286.07501220703125 284.375 287.23748779296875 281.225006103515625 276.774993896484375 268.91876220703125 263.1875 258.899993896484375 258.087493896484375 259.51251220703125 254.1999969482421875 251.618743896484375 244.100006103515625 243.306243896484375 245.5625 242.837493896484375 240.649993896484375 238.462493896484375 235.4499969482421875 234.1999969482421875 227.193756103515625 222.78125 221.7624969482421875 225.1687469482421875 220.4499969482421875 218.462493896484375
265.84375 264.26251220703125 268.57501220703125 273.79998779296875 281.449981689453125 287.443756103515625 288.037506103515625 286.82501220703125 289.756256103515625 294.899993896484375 299.78125 301.399993896484375 297.57501220703125 295.743743896484375 291.88751220703125 289.618743896484375 284.25 276.71875 270.95001220703125 270.443756103515625 271.26251220703125 266.23748779296875 264.056243896484375 258.45623779296875 252.0625 246.0187530517578125 245.1875 243.3874969482421875 238.5437469482421875 231.15625 227.2687530517578125 230.0625 228.912506103515625 227.443756103515625 226.3312530517578125 220.4250030517578125 218.399993896484375 215.600006103515625 209.818756103515625 206.7375030517578125 208.8000030517578125 203.25 205.3000030517578125 203.881256103515625
255.71875 261.756256103515625 267.0625 269.318756103515625 278.78125 288.34375 292.5 299.95001220703125 304.181243896484375 308.76251220703125 310.15625 306.256256103515625 302.79998779296875 293.012481689453125 285.76873779296875 280.662506103515625 272.0625 265.01873779296875 259.85626220703125 257.162506103515625 258.59375 259.67498779296875 256.82501220703125 255.475006103515625 245.3937530517578125 237.631256103515625 240.0124969482421875 235.1062469482421875 226.2687530517578125 224.306243896484375 217.8125 215.850006103515625 213.3937530517578125 212.875 208.59375 198.3125 198.03125 198.0187530517578125 193.631256103515625 191.712493896484375 195.568756103515625 193.256256103515625 192.8625030517578125 190.4812469482421875
244.337493896484375 246.087493896484375 257.462493896484375 266.131256103515625 273.381256103515625 283.60626220703125 294.0625 304.475006103515625 313.78125 320.693756103515625 318.13751220703125 309.40625 299.8125 287.6875 279.67498779296875 272.42498779296875 259.543731689453125 253.9250030517578125 249.100006103515625 253.868743896484375 253.3125 248.556243896484375 247.868743896484375 248.3874969482421875 238.0187530517578125 230.4749908447265625 228.8625030517578125 220.899993896484375 215.662506103515625 213.84375 209.1999969482421875 203.6125030517578125 200.1125030517578125 193.912506103515625 189.243743896484375 188.8249969482421875 188.3874969482421875 185.181243896484375 180.5812530517578125 178.975006103515625 181.1750030517578125 183.5625 183.0625 180.28125
252.0625 251.006256103515625 247.681243896484375 259.3125 274.51873779296875 281.29998779296875 292.98126220703125 309.83123779296875 325.681243896484375 334.04998779296875 329.806243896484375 309.38751220703125 297.76873779296875 285.84375 272.818756103515625 263.07501220703125 252.1062469482421875 241.162506103515625 236.0749969482421875 238.5749969482421875 237.931243896484375 237.693756103515625 238.443756103515625 237.34375 227.618743896484375 221.556243896484375 216.375 213.9499969482421875 208.7062530517578125 202.0374908447265625 200.024993896484375 196.6125030517578125 190.4250030517578125 185.4812469482421875 183.2874908447265625 177.7624969482421875 175.9812469482421875 175.037506103515625 169.381256103515625 165.8125 168.3249969482421875 170.556243896484375 171.931243896484375 173.0500030517578125
247.318756103515625 251.118743896484375 249.631256103515625 244.09375 262.66876220703125 281.431243896484375 290.3125 303.943756103515625 324.04376220703125 334.48748779296875 323.70623779296875 304.118743896484375 292.649993896484375 280.54998779296875 264.787506103515625 254.5124969482421875 242.1062469482421875 232.256256103515625 230.8625030517578125 231.0124969482421875 233.2375030517578125 231.8937530517578125 230.943756103515625 224.4250030517578125 219.725006103515625 215.0437469482421875 207.712493896484375 205.100006103515625 200.5749969482421875 194.34375 194.3937530517578125 191.306243896484375 187.9375 181.118743896484375 173.912506103515625 174.09375 168.46875 160.6750030517578125 158.962493896484375 160.743743896484375 159.2937469482421875 162.6999969482421875 161.9812469482421875 162.40625
248.568756103515625 249.774993896484375 249.712493896484375 249.256256103515625 250.75 258.01873779296875 267.212493896484375 287.462493896484375 296.98126220703125 306.16876220703125 303.399993896484375 289.28125 282.5 274.100006103515625 259.91876220703125 248.3562469482421875 238.837493896484375 230.1374969482421875 223.5625 224.8937530517578125 220.8312530517578125 220.225006103515625 217.787506103515625 215.149993896484375 215.46875 210.8874969482421875 202.8249969482421875 197.46875 192.681243896484375 193.71875 188.337493896484375 182.037506103515625 176.931243896484375 174.3249969482421875 172.5500030517578125 167.024993896484375 157.068756103515625 151.7312469482421875 148.8625030517578125 150.9875030517578125 149.1125030517578125 150.6125030517578125 152.368743896484375 153.03125
246.787506103515625 243.34375 244.337493896484375 250.943756103515625 253.3249969482421875 264 260.28125 257.76873779296875 255.662506103515625 268.462493896484375 275.993743896484375 272.625 270.01873779296875 262.881256103515625 255.5500030517578125 245.006256103515625 231.993743896484375 225.125 218.537506103515625 212.8312530517578125 220.125 215.868743896484375 211.6062469482421875 208.243743896484375 208.40625 201.6374969482421875 195.1999969482421875 189.8937530517578125 185.4250030517578125 181.75 184.087493896484375 177.337493896484375 173.0187530517578125 168.475006103515625 161.5 154.78125 147.912506103515625 142.125 135.943756103515625 133.618743896484375 133.649993896484375 137.8937530517578125 136.256256103515625 134.399993896484375
242.3375091552734375 241.600006103515625 239.693756103515625 243.1875 247.8000030517578125 251.568756103515625 257.493743896484375 260.03125 248.3125 242.912506103515625 246.600006103515625 249.0437469482421875 255.3625030517578125 251.712493896484375 247.15625 237.162506103515625 233.9499969482421875 230.506256103515625 226.4187469482421875 217.056243896484375 209.256256103515625 214.1125030517578125 204.4375 207.1750030517578125 202.0749969482421875 196.618743896484375 190.506256103515625 187.587493896484375 187.46875 182.899993896484375 185.59375 171.6750030517578125 160.65625 154.693756103515625 152.681243896484375 151.618743896484375 147.193756103515625 143.0812530517578125 136.318756103515625 130.037506103515625 125.9812469482421875 124.0749969482421875 127.7312469482421875 125.5625
238.274993896484375 238.59375 237.4812469482421875 240.381256103515625 243.78125 245.993743896484375 249.975006103515625 248.181243896484375 246.25 242.8562469482421875 238.6374969482421875 229.53125 238.34375 239.90625 239.399993896484375 235.881256103515625 230.7624969482421875 235.0812530517578125 232.287506103515625 227.774993896484375 215.368743896484375 209.0500030517578125 197.2687530517578125 196.4250030517578125 190.0187530517578125 188.9812469482421875 184.46875 180.1062469482421875 176.6374969482421875 177.287506103515625 177.2624969482421875 167.7937469482421875 161.3625030517578125 156.212493896484375 150.0500030517578125 146.6875 144.28125 141.9000091552734375 136.65625 134.3000030517578125 131.493743896484375 128.712493896484375 122.05625152587890625 114.5437469482421875
237.2375030517578125 235.618743896484375 234.181243896484375 235.0749969482421875 235.6875 240.7312469482421875 238.774993896484375 237.2062530517578125 238.46875 238.03125 237.0187530517578125 229.4562530517578125 225.0500030517578125 228.162506103515625 228.537506103515625 228.7624969482421875 226.943756103515625 226.28125 229.181243896484375 232.9812469482421875 233.212493896484375 219.8625030517578125 199.2937469482421875 178.962493896484375 180.5187530517578125 188.943756103515625 186.5 178.7312469482421875 171.4812469482421875 169.9187469482421875 169.0812530517578125 163.28125 159.162506103515625 155.1750030517578125 150.524993896484375 143.8874969482421875 141.3874969482421875 137.131256103515625 137.1062469482421875 132.625 128.3125 122.96250152587890625 119.15625 107.96875
230.712493896484375 230.181243896484375 232.15625 229.618743896484375 230.8874969482421875 231.4562530517578125 235.3562469482421875 235.78125 235.65625 228.6999969482421875 230.8562469482421875 227.4375 214.6999969482421875 217.787506103515625 224.8874969482421875 224.337493896484375 222.818756103515625 224.3562469482421875 229.875 242.506256103515625 244.1875 233.125 210.1125030517578125 183.46875 177.3625030517578125 176.725006103515625 171.78125 168.881256103515625 166.9812469482421875 163.4812469482421875 156.1750030517578125 155.1937408447265625 153.0124969482421875 147.131256103515625 146.162506103515625 145.09375 145 142.212493896484375 134.78125 133.618743896484375 129.5187530517578125 122.8625030517578125 110.4499969482421875 93.77500152587890625
228.587493896484375 226.5 226.368743896484375 223.9812469482421875 226.287506103515625 224.475006103515625 226.212493896484375 227.118743896484375 223.7312469482421875 220.84375 221.0124969482421875 221.3000030517578125 217.1999969482421875 205.931243896484375 208.1750030517578125 212.6125030517578125 213.787506103515625 218.7062530517578125 217.125 227.4812469482421875 233.850006103515625 224.7312469482421875 208.256256103515625 186.5124969482421875 168.71875 164.837493896484375 164.600006103515625 163.6062469482421875 163.631256103515625 163.0812530517578125 154.625 147.9187469482421875 149.225006103515625 142.2312469482421875 140.9875030517578125 142.5500030517578125 146.975006103515625 147.368743896484375 148.3937530517578125 141.8625030517578125 130.631256103515625 121.5812530517578125 103.56874847412109375 89.58750152587890625
224.1687469482421875 222.3937530517578125 220.6374969482421875 219.0062408447265625 217.193756103515625 217.2062530517578125 216.3249969482421875 218.818756103515625 217.9499969482421875 213.225006103515625 212.0187530517578125 208.556243896484375 207.875 202.712493896484375 191.681243896484375 199.912506103515625 200.1999969482421875 201.850006103515625 203.618743896484375 211.306243896484375 215.3937530517578125 208.28125 196.225006103515625 184.0812530517578125 171.9812469482421875 162.34375 157.25 153.868743896484375 153.1875 151.818756103515625 150.212493896484375 145.975006103515625 144.1875 142.962493896484375 138.475006103515625 146.3562469482421875 155.462493896484375 160.9250030517578125 161.8874969482421875 151.318756103515625 127.49375152587890625 112.59375 105.6125030517578125 103.59999847412109375
214.524993896484375 213.368743896484375 214.2624969482421875 214.2624969482421875 211.9812469482421875 211.493743896484375 212.212493896484375 211.9875030517578125 210.2687530517578125 207.337493896484375 204.0124969482421875 201.8249969482421875 200.149993896484375 193.193756103515625 179.681243896484375 184.912506103515625 186.9250030517578125 192.5500030517578125 189.9875030517578125 194.8249969482421875 200.3562469482421875 196.0124969482421875 190.7937469482421875 183.65625 179.037506103515625 171.09375 165.96875 160.7624969482421875 160.6437530517578125 153.2937469482421875 145.193756103515625 144.0437469482421875 148.3562469482421875 141.7624969482421875 133.212493896484375 134.537506103515625 152.368743896484375 169.1875 167.8937530517578125 153.8562469482421875 138.9499969482421875 128.943756103515625 124.83750152587890625 112.8874969482421875
207.75 204.65625 205.743743896484375 203.837493896484375 205.8625030517578125 206.368743896484375 205.462493896484375 203.5625 204.8125 206.0625 202.4499969482421875 199.068756103515625 197.2375030517578125 190.850006103515625 179.8249969482421875 165.1125030517578125 171.1062469482421875 180.28125 178.412506103515625 182.1687469482421875 185.662506103515625 184.9375 185.25 184.787506103515625 181.462493896484375 174.7624969482421875 167.068756103515625 163.7624969482421875 160.7687530517578125 160.087493896484375 154.4562530517578125 147.475006103515625 139.125 130.8312530517578125 123.88124847412109375 142.2687530517578125 149.618743896484375 160.8000030517578125 166.787506103515625 165.2687530517578125 159.4499969482421875 148.975006103515625 134.0749969482421875 116.33124542236328125
199.2312469482421875 198.024993896484375 196.7375030517578125 198.65625 200.2375030517578125 201.756256103515625 200.78125 200.3562469482421875 197.09375 196.243743896484375 196.9250030517578125 195.6687469482421875 190.631256103515625 184.78125 180.875 168.024993896484375 152.368743896484375 159.381256103515625 165.3125 167.5124969482421875 168.7062530517578125 172.975006103515625 175.0749969482421875 181.899993896484375 179.5437469482421875 168.0500030517578125 161.350006103515625 157.7312469482421875 160.65625 161.46875 160.09375 156.993743896484375 148.631256103515625 145.681243896484375 152.53125 158.118743896484375 168.475006103515625 176.4562530517578125 182.1687469482421875 171.28125 165.78125 150.037506103515625 130.2062530517578125 116.11875152587890625
188.8937530517578125 189.0124969482421875 191.662506103515625 193.9187469482421875 196.368743896484375 200.25 198.3874969482421875 197.131256103515625 193.90625 189.3874969482421875 187.1437530517578125 188.9499969482421875 182.8562469482421875 178.412506103515625 177.212493896484375 168.868743896484375 154.1062469482421875 140.100006103515625 155.368743896484375 152.649993896484375 153.78125 158.0500030517578125 166.306243896484375 171.8125 174.0562591552734375 163.5437469482421875 154.375 157.7375030517578125 159.7312469482421875 157.1374969482421875 148.625 141.40625 158.725006103515625 161.306243896484375 162.78125 185.899993896484375 192.6437530517578125 184.274993896484375 181.256256103515625 172.84375 153.2312469482421875 135.9812469482421875 120.30625152587890625 110.2375030517578125
179.8000030517578125 182.625 185.662506103515625 189.2937469482421875 193.1125030517578125 194.0812530517578125 193.6125030517578125 191.931243896484375 190.662506103515625 188.493743896484375 184.5625 177.193756103515625 172.8562469482421875 170.881256103515625 166.6875 161.368743896484375 157.4812469482421875 140.625 134.4499969482421875 134.9187469482421875 141.8937530517578125 151.6437530517578125 144.681243896484375 155.006256103515625 158.0124969482421875 161.5187530517578125 159.0437469482421875 154.28125 159.6062469482421875 156.600006103515625 150.6125030517578125 150.9562530517578125 159.3937530517578125 159.975006103515625 167.806243896484375 183.3249969482421875 182.7062530517578125 173.1875 169.100006103515625 156.037506103515625 139.193756103515625 120.84375 111.47499847412109375 105.8562469482421875
