data/historical-monthly-weather-data/wc2.1_cruts4.09_10m_prec_2000-01.asc
ncols        51
nrows        45
xllcorner    -63.500000000000
yllcorner    -7.500000000000
cellsize     0.166666666667
NODATA_value -9999
[rows 20 to 39 of 45, columns 0 to 44 of 51]
312.8125 322.70623779296875 332.42498779296875 344.337493896484375 356.40625 368.11248779296875 380.399993896484375 389.193756103515625 393.21875 393.64373779296875 393.33123779296875 397.631256103515625 406.35626220703125 415.95623779296875 403.625 378.837493896484375 360.83123779296875 350.149993896484375 347.73748779296875 345.693756103515625 351.09375 355.29998779296875 357.95623779296875 362.01873779296875 367.10626220703125 372.5625 375.79998779296875 379.51873779296875 382.350006103515625 383.07501220703125 375.28125 362.39373779296875 347.350006103515625 332.074981689453125 318.90625 338.95001220703125 370.537506103515625 392.600006103515625 398.38751220703125 390.32501220703125 373.41876220703125 356.21875 344.100006103515625 334.931243896484375 329.09375
306.79998779296875 315.21875 325.006256103515625 338.631256103515625 353.88751220703125 366.53125 378.806243896484375 390.46875 394.993743896484375 390.36248779296875 383.212493896484375 376.20623779296875 373.975006103515625 376.21875 372.787506103515625 361.85626220703125 354.01873779296875 347.875 344.73748779296875 343.61248779296875 344.90625 348.60626220703125 353.399993896484375 358.40625 364.462493896484375 371.54998779296875 378.41876220703125 379.649993896484375 378.306243896484375 373.3125 360.556243896484375 346.92498779296875 338.54376220703125 334.78125 334.8125 353.54376220703125 385.83123779296875 412.350006103515625 418.07501220703125 405.96875 385.587493896484375 366.03125 351.42498779296875 340.037506103515625 332.256256103515625
301.056243896484375 309.45001220703125 317.28125 330.881256103515625 348.399993896484375 363.993743896484375 377.09375 390.006256103515625 397.837493896484375 387.4375 369.943756103515625 351.23126220703125 338.96875 339.037506103515625 344.79998779296875 346.20001220703125 343.9375 341.431243896484375 339.36248779296875 338.04376220703125 339.693756103515625 341.899993896484375 344.78125 349.53125 358.274993896484375 368.84375 377.243743896484375 377.662506103515625 373.431243896484375 362.86248779296875 348.212493896484375 336.20623779296875 338.3125 343.162506103515625 352.756256103515625 370.84375 403.26873779296875 440.225006103515625 442.774993896484375 419.287506103515625 394.399993896484375 373.95623779296875 355.225006103515625 342.068756103515625 333.61248779296875
294.98126220703125 300.337493896484375 307 322.16876220703125 342.73748779296875 358.21875 372.53125 385.193756103515625 390.193756103515625 376.568756103515625 355.51251220703125 334.21875 311.53125 314.806243896484375 327.493743896484375 333.837493896484375 335.29376220703125 334.725006103515625 333.79998779296875 333.274993896484375 332.831268310546875 333.5625 335.33123779296875 339.26873779296875 349.23126220703125 359.91876220703125 370.15625 369.84375 365.39373779296875 357.693756103515625 346.912506103515625 339.431243896484375 344.84375 353.78125 366.350006103515625 384.70623779296875 412.587493896484375 444.48126220703125 445.725006103515625 422.693756103515625 397.29998779296875 375.20001220703125 356.10626220703125 342.212493896484375 334.89373779296875
290.462493896484375 293.63751220703125 298.91876220703125 318.07501220703125 343.25 356.95001220703125 368.050018310546875 377.13751220703125 376.931243896484375 366.243743896484375 348.95001220703125 330.712493896484375 315.42498779296875 314.006256103515625 320.98126220703125 327.568756103515625 330.79376220703125 332.14373779296875 330.818756103515625 327.875 326.10626220703125 323.993743896484375 323.79998779296875 326.5625 335.5 347.91876220703125 356.40625 361.181243896484375 360.231231689453125 357.40625 351.912506103515625 349.63751220703125 354.868743896484375 364.65625 377.068756103515625 391.14373779296875 412.01873779296875 427.649993896484375 427.600006103515625 413.712493896484375 392.48126220703125 372 353.91876220703125 342.0625 332.17498779296875
293.693756103515625 299.462493896484375 307.162506103515625 326.0625 346.58123779296875 357.9375 365.42498779296875 369.162506103515625 366.462493896484375 357.524993896484375 345.743743896484375 333.931243896484375 323.100006103515625 318.96875 321.4375 325.9375 329.70623779296875 331.09375 329.568756103515625 325.23748779296875 322.381256103515625 316.100006103515625 312.82501220703125 312.25 321.86248779296875 336.0625 348.006256103515625 354.600006103515625 357.975006103515625 356.13751220703125 357.28125 359.14373779296875 366.42498779296875 373.837493896484375 384.587493896484375 394.587493896484375 407.306243896484375 414.71875 412.556243896484375 401.368743896484375 384.649993896484375 365.524993896484375 347.193756103515625 336.79376220703125 331.26873779296875
306.33123779296875 313.60626220703125 323.793731689453125 338.51873779296875 352.90625 360.556243896484375 365.493743896484375 365.125 361.068756103515625 355.412506103515625 347.28125 338.76251220703125 330.58123779296875 326.03125 326.337493896484375 329.51251220703125 332.29998779296875 333.08123779296875 332.21875 326.162506103515625 319.756256103515625 313.48748779296875 305.23748779296875 302.512481689453125 314.85626220703125 328.462493896484375 340.125 348.368743896484375 354.243743896484375 355.837493896484375 360.337493896484375 364.36248779296875 374.243743896484375 381.712493896484375 389.068756103515625 397.16876220703125 405.26251220703125 407.21875 401.587493896484375 392.16876220703125 376.76873779296875 357.33123779296875 340.475006103515625 331.45001220703125 335.568756103515625
323.11248779296875 330.5 340.943756103515625 352.287506103515625 362.51873779296875 365.475006103515625 366.51251220703125 364.01873779296875 360.131256103515625 354.63751220703125 348.5625 342.475006103515625 335.318756103515625 330.712493896484375 330.66876220703125 333.181243896484375 335.068756103515625 338.09375 334.881256103515625 329.98126220703125 324.693756103515625 315.868743896484375 311.743743896484375 309.82501220703125 317.20623779296875 327.09375 336.98748779296875 344.23748779296875 350.850006103515625 356.068756103515625 360.32501220703125 365.20623779296875 375.368743896484375 382.818756103515625 390.67498779296875 397.04998779296875 401.118743896484375 402.17498779296875 397.09375 386.506256103515625 373.29376220703125 355.368743896484375 337.125 330.193756103515625 348.6875
338.149993896484375 347.024993896484375 355.931243896484375 365.693756103515625 372.64373779296875 371.54376220703125 367.243743896484375 364.193756103515625 359.274993896484375 354.743743896484375 350.41876220703125 344.83123779296875 338.95623779296875 336.48748779296875 336.912506103515625 339.95001220703125 344.34375 345.15625 342.787506103515625 337.837493896484375 331.274993896484375 322.86248779296875 318.92498779296875 318.006256103515625 322 328.149993896484375 336.256256103515625 342.63751220703125 349.818756103515625 355.51873779296875 359.050018310546875 363.57501220703125 373.67498779296875 383.287506103515625 392.268768310546875 396.70001220703125 400.712493896484375 400.868743896484375 396.493743896484375 386.17498779296875 370.96875 355.037506103515625 342.76873779296875 344.556243896484375 364.868743896484375
350.76873779296875 358.712493896484375 368.181243896484375 377.73748779296875 382.04376220703125 376.337493896484375 368.79376220703125 364.375 358.975006103515625 353.75 350.962493896484375 348.037506103515625 344.337493896484375 342.78125 344.78125 347.193756103515625 349.96875 351.96875 351.631256103515625 345.45623779296875 337.85626220703125 331.41876220703125 326.256256103515625 324.09375 326.51251220703125 330.85626220703125 336.618743896484375 341.51251220703125 347.712493896484375 352.868743896484375 358 363.068756103515625 371.975006103515625 382.931243896484375 391.61248779296875 396.35626220703125 399.48748779296875 402 397.64373779296875 389.8125 379.78125 368.993743896484375 362.11248779296875 365.45001220703125 374.86248779296875
360.006256103515625 366.818756103515625 372.943756103515625 380.993743896484375 385.493743896484375 375.46875 367.868743896484375 361.91876220703125 356.66876220703125 352.899993896484375 351.67498779296875 350.462493896484375 348.83123779296875 347.45623779296875 350.431243896484375 352.73126220703125 356.068756103515625 359.15625 359.29998779296875 353.58123779296875 344.79998779296875 337.037506103515625 332.6875 329.375 329.337493896484375 333.3125 337.649993896484375 341.056243896484375 346.881256103515625 351.475006103515625 357.15625 363.08123779296875 371.399993896484375 382.024993896484375 390.850006103515625 395.837493896484375 398.91876220703125 403.375 401.899993896484375 396.36248779296875 390.79376220703125 384.100006103515625 380.45001220703125 379.993743896484375 386.41876220703125
365.037506103515625 369.412506103515625 372.60626220703125 376.25 376.568756103515625 368.925018310546875 363.98126220703125 357.34375 352.98748779296875 350.162506103515625 349.85626220703125 350.16876220703125 350.5625 351.962493896484375 355.5 357.57501220703125 358.66876220703125 360.975006103515625 359.756256103515625 355.975006103515625 347.118743896484375 339.537506103515625 335.618743896484375 331.64373779296875 332.193756103515625 334.32501220703125 336.71875 339.84375 343.368743896484375 349.8125 355.98126220703125 362.287506103515625 371.068756103515625 381.4375 390.53125 394.962493896484375 400.65625 403.4375 402.006256103515625 399.89373779296875 401.131256103515625 398.25 397.04998779296875 400.66876220703125 406.712493896484375
363.14373779296875 366.08123779296875 368.35626220703125 369.756256103515625 367.225006103515625 360.649993896484375 354.40625 348.6875 343.537506103515625 343.73748779296875 347.11248779296875 349.537506103515625 354.08123779296875 358.83123779296875 360.568756103515625 360.868743896484375 359.84375 359.412506103515625 357.243743896484375 354.26873779296875 346.756256103515625 339.962493896484375 335.537506103515625 333.61248779296875 333.23748779296875 334.975006103515625 336.34375 336.79998779296875 339.67498779296875 348.11248779296875 354.506256103515625 359.9375 369.243743896484375 380.13751220703125 388.29998779296875 394.01873779296875 399.11248779296875 402.475006103515625 400.57501220703125 404.51873779296875 407.21875 407.45623779296875 410.04376220703125 417.29376220703125 430.975006103515625
359.13751220703125 361.068756103515625 361.70623779296875 361.71875 357.162506103515625 351.10626220703125 345.274993896484375 339.04998779296875 334.75 334.212493896484375 339.40625 348.399993896484375 357.556243896484375 363.287506103515625 364.193756103515625 362.193756103515625 360.73126220703125 359.587493896484375 355.4375 351.08123779296875 344.806243896484375 339.181243896484375 335.274993896484375 333.03125 332.46875 332.96875 333.087493896484375 334.07501220703125 337.42498779296875 344.712493896484375 352.78125 359.350006103515625 367.96875 378.993743896484375 387.32501220703125 392.756256103515625 396.868743896484375 398.76251220703125 400.63751220703125 405.3125 408.42498779296875 411.693756103515625 417.524993896484375 427.10626220703125 442.256256103515625
356.73126220703125 356.45001220703125 355.79376220703125 353.23748779296875 348.787506103515625 342.975006103515625 335.58123779296875 328.78125 322.0625 322.787506103515625 332.04376220703125 345.631256103515625 361.399993896484375 370.5625 369.556243896484375 364.5 360.381256103515625 357.024993896484375 352.431243896484375 345.993743896484375 341.381256103515625 336.70001220703125 333.33123779296875 330.71875 330.23126220703125 328.98126220703125 329.774993896484375 331.23748779296875 334.08123779296875 341.04998779296875 349.756256103515625 358.38751220703125 367.40625 376.693756103515625 384.306243896484375 389.10626220703125 391.70623779296875 396.818756103515625 399.65625 402.631256103515625 406.5625 409.725006103515625 416.625 425.618743896484375 436.79998779296875
354.024993896484375 352.35626220703125 350.337493896484375 346.6875 341.6875 333.73126220703125 326.13751220703125 317.037506103515625 308.3125 307.1875 318.95001220703125 338.95623779296875 359.54376220703125 371.137481689453125 370.26251220703125 364.725006103515625 358.20001220703125 353.66876220703125 348.168731689453125 341.193756103515625 335.975006103515625 332.48126220703125 328.787506103515625 325.83123779296875 325.256256103515625 325.412506103515625 326.0625 327.83123779296875 331.193756103515625 338.14373779296875 347.631256103515625 356.04376220703125 365.725006103515625 374.83123779296875 381.63751220703125 384.26873779296875 389.51873779296875 392.64373779296875 392.693756103515625 395.20623779296875 398.90625 402.556243896484375 407.662506103515625 415.54998779296875 422.350006103515625
351.037506103515625 348.818756103515625 344.975006103515625 340.61248779296875 335.10626220703125 327.26251220703125 320.068756103515625 309.51873779296875 297.07501220703125 289 306.3125 338.306243896484375 360.01251220703125 368.568756103515625 368.33123779296875 362.962493896484375 355.625 350.03125 343.5625 335.631256103515625 330.91876220703125 325.95623779296875 322.75 320.193756103515625 320.25 321.48126220703125 322.618743896484375 325.287506103515625 328.79376220703125 336.181243896484375 345.38751220703125 353.912506103515625 363.899993896484375 372.981231689453125 379.10626220703125 381.631256103515625 384.462493896484375 385.350006103515625 385.32501220703125 385.64373779296875 386.34375 389.243743896484375 395.125 401.09375 405.068756103515625
349 346.07501220703125 341.29998779296875 337.13751220703125 332.006256103515625 325.85626220703125 318.506256103515625 309.087493896484375 298.01873779296875 287.33123779296875 320.162506103515625 352.84375 365.725006103515625 369.26873779296875 367.587493896484375 361.293731689453125 352.48126220703125 346.95623779296875 340.431243896484375 331.96875 325.943756103515625 319.712493896484375 315.73126220703125 313.76251220703125 314.368743896484375 316.71875 317.92498779296875 320.98748779296875 325.21875 333.712493896484375 342.36248779296875 349.8125 359.4375 368.774993896484375 374.38751220703125 376.23126220703125 376.243743896484375 376.57501220703125 376.10626220703125 374.774993896484375 373.29376220703125 376.48126220703125 379.756256103515625 382.46875 386.33123779296875
354.693756103515625 348.20623779296875 343.350006103515625 338.375 333.33123779296875 327.475006103515625 320.837493896484375 316.88751220703125 317.431243896484375 332.20001220703125 370.181243896484375 374.912506103515625 373.056243896484375 371.693756103515625 368.26873779296875 361.006256103515625 353.100006103515625 345.600006103515625 337.46875 328.59375 319.86248779296875 312.95623779296875 308.82501220703125 307.368743896484375 308.04998779296875 310.67498779296875 313.59375 318.006256103515625 323.73748779296875 333.26873779296875 341.32501220703125 348.01251220703125 355.462493896484375 361.48126220703125 368.70001220703125 369.431243896484375 367.712493896484375 367.274993896484375 365.01873779296875 361.21875 359.23748779296875 360.6875 362.16876220703125 365.587493896484375 369.037506103515625
362.08123779296875 354.131256103515625 347.381256103515625 340.32501220703125 336.556243896484375 332.100006103515625 327.881256103515625 328.837493896484375 335.73126220703125 351.524993896484375 370.34375 377.79998779296875 376.25 373.73126220703125 368.875 362.331268310546875 354.46875 346.42498779296875 335.493743896484375 324.631256103515625 312.443756103515625 305.149993896484375 300.787506103515625 299.59375 301.318756103515625 304.23126220703125 308.83123779296875 315.3125 321.89373779296875 330.79998779296875 338 345.837493896484375 353.42498779296875 357.90625 360.837493896484375 360.40625 357.881256103515625 355.83123779296875 352.20001220703125 347.21875 344.806243896484375 345.193756103515625 345.14373779296875 347.350006103515625 351.024993896484375
