data/historical-monthly-weather-data/wc2.1_cruts4.09_10m_prec_2014-12.asc
ncols        45
nrows        45
xllcorner    -63.500000000000
yllcorner    -7.500000000000
cellsize     0.166666666667
NODATA_value -9999
[rows 0 to 19 of 45, columns 0 to 43 of 45]
95.38124847412109375 86.77500152587890625 81.65000152587890625 78.4250030517578125 74.84375 73.3625030517578125 71.7624969482421875 69.7624969482421875 69.0437469482421875 68.6875 69.5124969482421875 70.9812469482421875 73.0625 74.4812469482421875 76.88124847412109375 79.5124969482421875 82.375 84.28749847412109375 87.05625152587890625 89.8000030517578125 92.27500152587890625 94.38124847412109375 96.5187530517578125 98.59375 100.63124847412109375 102.47499847412109375 105.0812530517578125 107.8937530517578125 110.41249847412109375 110.30625152587890625 109.1125030517578125 108.34999847412109375 106.25 103.63124847412109375 100.88124847412109375 100.02500152587890625 98.2624969482421875 96.50624847412109375 95.3125 94.53749847412109375 93.625 93.16249847412109375 92.80625152587890625 92.1062469482421875
96.81874847412109375 87.91249847412109375 83.7687530517578125 80.8125 77.9875030517578125 76.15000152587890625 74.1374969482421875 73.1062469482421875 73.30625152587890625 73.4875030517578125 74.11875152587890625 75.1999969482421875 77.09999847412109375 78.84375 81.15000152587890625 83.8000030517578125 86.75 89.8249969482421875 93.30625152587890625 97.4812469482421875 99.8125 101.75624847412109375 104.21250152587890625 106.0500030517578125 107.78749847412109375 109.3874969482421875 111.5124969482421875 113.5812530517578125 115.27500152587890625 114.2312469482421875 111.6875 109.6437530517578125 106.21250152587890625 103.1374969482421875 100.3562469482421875 97.6999969482421875 96.46250152587890625 94.56874847412109375 92.8562469482421875 91.7375030517578125 90.5812530517578125 90.06874847412109375 89.7062530517578125 88.3249969482421875
98.19374847412109375 90.21250152587890625 86.53125 83.71250152587890625 81.21250152587890625 79.4875030517578125 78.3249969482421875 78.0124969482421875 78.6687469482421875 79.1062469482421875 79.4375 80.50624847412109375 82.46250152587890625 84.25 86.75 89.1750030517578125 92.30625152587890625 95.21875 98.7687530517578125 102.47499847412109375 104.67499542236328125 106.80625152587890625 109.08124542236328125 110.27500152587890625 111.47499847412109375 113.3312530517578125 115.27500152587890625 117.0124969482421875 118.72499847412109375 116.33750152587890625 113.5 110.90625 108.05625152587890625 103.78125 100.1999969482421875 98.0437469482421875 95.71875 93.3249969482421875 92.1062469482421875 91.02500152587890625 89.77500152587890625 89.16249847412109375 88.3125 87.71875
98.72499847412109375 92.19374847412109375 89.5812530517578125 86.49375152587890625 84.46250152587890625 83.27500152587890625 82.8000030517578125 83 83.9812469482421875 85.125 85.5437469482421875 86.71875 88.21875 90.0437469482421875 92.4250030517578125 95.2624969482421875 98.3249969482421875 100.40625 103.625 107.8000030517578125 109.9375 111.61875152587890625 112.7624969482421875 113.6437530517578125 114.09999847412109375 115.77500152587890625 117.72499847412109375 118.9562530517578125 120.7687530517578125 118.63124847412109375 115.15625 111.5 108.5 104.6687469482421875 100.30625152587890625 97.53749847412109375 94.43125152587890625 91.83750152587890625 91.1750030517578125 90.09375 88.53125 87.97499847412109375 87.21875 86.83750152587890625
103.5500030517578125 95.59999847412109375 91.41249847412109375 89.21250152587890625 87.74375152587890625 87.3625030517578125 87.16249847412109375 87.71250152587890625 89.6875 91.375 91.59375 92.36875152587890625 94.25624847412109375 96.22499847412109375 98.6062469482421875 101.41249847412109375 104.2312469482421875 106.00624847412109375 109.0124969482421875 113.26874542236328125 115.11875152587890625 115.6687469482421875 116.15625 116.4875030517578125 116.4812469482421875 117.8000030517578125 118.6999969482421875 119.9375 121.5625 119.53125 116.1125030517578125 111.90000152587890625 108.19374847412109375 104.1125030517578125 99.5625 96.8125 94 91.02500152587890625 90.4187469482421875 89.34999847412109375 87.84375 87.26250457763671875 86.80625152587890625 85.80625152587890625
107.61875152587890625 100.44374847412109375 95.625 91.78749847412109375 90.8249969482421875 91.59999847412109375 92.13124847412109375 92.6437530517578125 94.4812469482421875 96.2375030517578125 96.59375 97.8937530517578125 100.40625 102.6125030517578125 105.68125152587890625 108.6374969482421875 111.6999969482421875 112.53125 115.83750152587890625 118.875 119.18125152587890625 119.5187530517578125 119.19374847412109375 118.93125152587890625 118.5625 118.8125 120.3312530517578125 121.40625 122.25624847412109375 120.11249542236328125 117.0625 113.66249847412109375 109.09375 104.63124847412109375 101.59375 99.56874847412109375 97.25 95.7375030517578125 95.6125030517578125 94.15625 91.6062469482421875 90.8625030517578125 89.59999847412109375 88.7375030517578125
112.8562469482421875 105.99375152587890625 101.3625030517578125 97.1687469482421875 94.9187469482421875 95.2375030517578125 96.11875152587890625 96.63124847412109375 97.7687530517578125 98.59375 100.5187530517578125 102.875 106.55625152587890625 109.3625030517578125 112.65625 116.18125152587890625 120.09999847412109375 122.53125 125.21875 126.0749969482421875 124.36875152587890625 123.53749847412109375 121.9562530517578125 120.68125152587890625 120.3000030517578125 119.66249847412109375 120.4499969482421875 122.28125 122.9812469482421875 120.47499847412109375 117.4875030517578125 114.21250152587890625 110.625 106.375 103.05625152587890625 101.6374969482421875 100.6875 100.0437469482421875 101.4375 99.53125 96.25 94.625 93.4250030517578125 91.88124847412109375
118.28125 111.58750152587890625 107.28749847412109375 104.09375 101.9812469482421875 101.41249847412109375 100.68125152587890625 99.41249847412109375 99.0625 100.7312469482421875 104.3562469482421875 108.63124847412109375 112.72499847412109375 116.93125152587890625 120.21250152587890625 124.0749969482421875 128.056243896484375 131.337493896484375 133.6875 131.5812530517578125 128.306243896484375 125.6062469482421875 123.0812530517578125 120.94374847412109375 120.5437469482421875 120.03125 120.27500152587890625 121.5812530517578125 123.18125152587890625 121.22499847412109375 117.56874847412109375 114.44374847412109375 111.53125 107.71875 105.25624847412109375 103.69374847412109375 103.44374847412109375 103.16249847412109375 103.8625030517578125 102.53125 100.1125030517578125 98.25624847412109375 96.81874847412109375 94.77500152587890625
124.5437469482421875 118.28749847412109375 114.4875030517578125 111.56874847412109375 109.15000152587890625 108.77500152587890625 107.8000030517578125 105.8249969482421875 103.86875152587890625 104.6687469482421875 109.5500030517578125 115.03125 120.0124969482421875 124.25624847412109375 127.03125 129.962493896484375 133.1437530517578125 136.006256103515625 137.8000030517578125 134.8249969482421875 129.6687469482421875 126.3249969482421875 123.61875152587890625 122.43125152587890625 121.24375152587890625 120.19374847412109375 120.31874847412109375 121.7062530517578125 122.8000030517578125 120.96250152587890625 118.9562530517578125 115.9187469482421875 113.375 110.80625152587890625 108.53125 107.8562469482421875 107.4250030517578125 106.96250152587890625 107.3249969482421875 106.8937530517578125 104.6999969482421875 102.8937530517578125 101.7062530517578125 99.77500152587890625
130.193756103515625 124.68125152587890625 121.46250152587890625 119.2062530517578125 116.9562530517578125 116.5812530517578125 115.8312530517578125 114.34999847412109375 114.09375 115.2312469482421875 118.71250152587890625 122.8937530517578125 128.3937530517578125 131.868743896484375 133.8874969482421875 135.3562469482421875 136.7312469482421875 137.4937591552734375 137.431243896484375 135.037506103515625 130.1374969482421875 126.34375 123.59999847412109375 122.68125152587890625 121.0124969482421875 119.5500030517578125 119.7375030517578125 120.81874847412109375 122.1687469482421875 120.97499847412109375 119.03749847412109375 116.8625030517578125 114.8562469482421875 112.65000152587890625 111.38124847412109375 112.0437469482421875 111.84375 111.5812530517578125 111.4375 111.125 109.90625 108.5625 106.5749969482421875 104.4375
136.837493896484375 131.693756103515625 128.475006103515625 125.9875030517578125 124.60625457763671875 125.125 124.8937530517578125 123.4375 123.6750030517578125 125.49375152587890625 128.662506103515625 132.7687530517578125 137.037506103515625 140.28125 140.375 140.181243896484375 139.46875 138.59375 136.8937530517578125 134.131256103515625 130.2750091552734375 126.4187469482421875 123.63124847412109375 121.1875 121.0187530517578125 119.5500030517578125 119.1875 119.27500152587890625 119.59375 119.13124847412109375 118.1125030517578125 117.24375152587890625 116.0625 114.7062530517578125 113.97499847412109375 114.75 115.3125 115.61875152587890625 116.5187530517578125 116.2937469482421875 115.41249847412109375 113.75624847412109375 112.125 110.15000152587890625
143.3625030517578125 138.1999969482421875 135.2687530517578125 133.46875 132.2062530517578125 133.1062469482421875 133.743743896484375 132.899993896484375 133.537506103515625 136.1062469482421875 139.475006103515625 142.975006103515625 144.868743896484375 146.4187469482421875 145.9375 144.3312530517578125 142.712493896484375 140.1374969482421875 137.5812530517578125 134.7687530517578125 130.1374969482421875 126.6437530517578125 124.7062530517578125 122.78125 122.125 120.5500030517578125 119.5749969482421875 118.9875030517578125 118.6125030517578125 118.57500457763671875 118.1687469482421875 118.0749969482421875 117.4375 116.9250030517578125 116.9187469482421875 118.25 119.16249847412109375 120.09375 120.96875 121.18125152587890625 120.59999847412109375 118.93125152587890625 117.0625 114.66249847412109375
149.78125 145.03125 142.5187530517578125 140.537506103515625 139.6750030517578125 140.3937530517578125 140.9562530517578125 141.243743896484375 142.631256103515625 145.9499969482421875 149.681243896484375 152.181243896484375 152.5749969482421875 151.587493896484375 150.6750030517578125 148.53125 145.993743896484375 143.21875 139.8874969482421875 135.96875 129.7312469482421875 126.6750030517578125 125.86249542236328125 124.41249847412109375 122.36875152587890625 119.875 118.9375 118.50624847412109375 118.21875 117.74375152587890625 117.74375152587890625 117.97499847412109375 117.71875 118.0500030517578125 118.80625152587890625 121.2375030517578125 123.2312469482421875 124.7312469482421875 125.81874847412109375 125.7312469482421875 125.03125 123.91249847412109375 121.2062530517578125 116.34375
155.1687469482421875 150.681243896484375 148.225006103515625 146.5812530517578125 145.5 146.3625030517578125 147.149993896484375 148.693756103515625 151.556243896484375 154.774993896484375 157.5437469482421875 158.5749969482421875 158.375 156.8000030517578125 154.4375 152.90625 149.9187469482421875 146.21875 142.3562469482421875 138.1999969482421875 132.6687469482421875 129.037506103515625 127.05625152587890625 124.7624969482421875 122.25624847412109375 119.72499847412109375 119.15000152587890625 117.81874847412109375 116.875 116.4250030517578125 116.71875 117.0812530517578125 117.75624847412109375 118.5187530517578125 120.4250030517578125 123.5812530517578125 126.71250152587890625 129.84375 132.006256103515625 133.1062469482421875 130.7312469482421875 126.46250152587890625 122.77500152587890625 119.34375
159.3562469482421875 154.8874969482421875 153.024993896484375 151.5 150.806243896484375 151.7687530517578125 153.6125030517578125 155.568756103515625 158.493743896484375 161.2937469482421875 163.8125 164.4187469482421875 163.368743896484375 161.8625030517578125 159.274993896484375 157.649993896484375 154.09375 150.087493896484375 146.037506103515625 142.7687530517578125 137.100006103515625 132.7062530517578125 129.2874908447265625 126.47499847412109375 123.96250152587890625 121.28125 120.4499969482421875 119.09999847412109375 117.5812530517578125 116.09375 115.59375 116.2937469482421875 117.40000152587890625 118.9812469482421875 121.63124847412109375 124.56874847412109375 129.15625 134.6374969482421875 139.46875 140.225006103515625 136.431243896484375 131.4812469482421875 127.40625 123.6125030517578125
162.2937469482421875 158.256256103515625 156.787506103515625 156.056243896484375 155.625 157.2375030517578125 159.3874969482421875 161.024993896484375 164.0124969482421875 167.6062469482421875 169.78125 169.662506103515625 168.431243896484375 166.5625 164.337493896484375 161.318756103515625 157.78125 154.431243896484375 150.375 146.8625030517578125 141.5 136.181243896484375 131.931243896484375 128.662506103515625 126.1999969482421875 124.24375152587890625 123.1437530517578125 121.27500152587890625 118.6999969482421875 115.8312530517578125 114.5812530517578125 114.43125152587890625 114.90625 116.7062530517578125 119.18125152587890625 123.18125152587890625 129.587493896484375 137.774993896484375 145.649993896484375 147.100006103515625 142.868743896484375 136.850006103515625 131.475006103515625 125.15000152587890625
164.568756103515625 161.0625 159.131256103515625 159.100006103515625 159.5 161.131256103515625 163.8625030517578125 166.7062530517578125 170.3249969482421875 173.4375 175.587493896484375 174.693756103515625 173.03125 170.875 168.850006103515625 165.5187530517578125 160.693756103515625 157.4812469482421875 154.4875030517578125 151 145.399993896484375 139.6687469482421875 134.850006103515625 131.243743896484375 128.962493896484375 127.66875457763671875 126.93125152587890625 124.0500030517578125 119.1687469482421875 115.03749847412109375 112.94374847412109375 112.8874969482421875 112.3562469482421875 112.02500152587890625 113.44374847412109375 118.5625 127.7375030517578125 141.037506103515625 155.9812469482421875 154.649993896484375 147.84375 140.40625 132.837493896484375 127.13124847412109375
165.15625 162 160.5187530517578125 160.9187469482421875 161.7062530517578125 164.318756103515625 167.2062530517578125 169.850006103515625 173.600006103515625 177.7062530517578125 180.587493896484375 179.743743896484375 177.506256103515625 175.3937530517578125 172.975006103515625 169.3937530517578125 164.662506103515625 159.375 158.131256103515625 155.0187530517578125 149.8000030517578125 143.6999969482421875 138.225006103515625 135.125 133.2062530517578125 132.350006103515625 132.662506103515625 127.7687530517578125 120.4499969482421875 114.18125152587890625 110.625 109.9187469482421875 110.4187469482421875 110.88124847412109375 110 110.46875 124.375 140.787506103515625 152.899993896484375 154.225006103515625 147.412506103515625 139.9875030517578125 133.7062530517578125 128.6062469482421875
164.6125030517578125 161.71875 161.100006103515625 161.8874969482421875 163.125 166.2624969482421875 169.368743896484375 173.0749969482421875 177.4187469482421875 181.9562530517578125 184.3874969482421875 183.0187530517578125 181.618743896484375 180.1750030517578125 177.256256103515625 173.2624969482421875 168.6687469482421875 163.5437469482421875 160.0124969482421875 157.7249908447265625 153.46875 148.6374969482421875 141.100006103515625 138.8000030517578125 137.8125 137.0625 136.287506103515625 131.5812530517578125 123.3249969482421875 114.84999847412109375 108.78125 110.69374847412109375 113.4250030517578125 113.65625 112.2624969482421875 114.84375 126.08750152587890625 138.5124969482421875 147.8874969482421875 149.1750030517578125 144.556243896484375 138.46875 133.274993896484375 129.3625030517578125
163.3937530517578125 161.03125 160.4375 161.6374969482421875 163.681243896484375 167.8249969482421875 171.8874969482421875 176.0812530517578125 181.1999969482421875 185.193756103515625 188.2375030517578125 188.1875 187.25 185.1125030517578125 181.125 175.7687530517578125 170.5 166.84375 163.8125 161.3312530517578125 155.475006103515625 149.0187530517578125 143.912506103515625 142.462493896484375 141.8312530517578125 141.006256103515625 139.8125 136.375 129.006256103515625 120.5187530517578125 115.75624847412109375 118.05625152587890625 120.0500030517578125 121.5500030517578125 122.9875030517578125 125.74375152587890625 133.0500030517578125 141.3562469482421875 146.75 147.2937469482421875 143.1999969482421875 136.5749969482421875 133.3562469482421875 130.78125
