data/historical-monthly-weather-data/wc2.1_cruts4.09_10m_prec_2016-12.asc
ncols        51
nrows        45
xllcorner    -63.500000000000
yllcorner    -7.500000000000
cellsize     0.166666666667
NODATA_value -9999
[rows 20 to 39 of 45, columns 0 to 44 of 51]
185.056243896484375 198.618743896484375 216.024993896484375 235.537506103515625 256.618743896484375 279.149993896484375 301.66876220703125 324.743743896484375 351.037506103515625 375.612518310546875 397.118743896484375 417.79376220703125 437.14373779296875 452.26873779296875 460.375 464.056243896484375 466.48126220703125 468.26873779296875 474.73126220703125 480.693756103515625 487.28125 493.11248779296875 497.88751220703125 496.79376220703125 497.51873779296875 494.743743896484375 478.86248779296875 451 416.818756103515625 381.13751220703125 352.125 335.756256103515625 326.837493896484375 321.65625 318.537506103515625 323.40625 333.45623779296875 343.23126220703125 341.54376220703125 330.774993896484375 313.36248779296875 293.6875 277.95623779296875 264.756256103515625 258.20001220703125
190.0437469482421875 203.2624969482421875 220.7624969482421875 241.243743896484375 262.91876220703125 287.868743896484375 314.375 341.51873779296875 369.693756103515625 395.725006103515625 417.39373779296875 437.318756103515625 455.71875 469.65625 478.45001220703125 483.368743896484375 486.881256103515625 487.787506103515625 490.20001220703125 492.524993896484375 491.274993896484375 493.881256103515625 498.912506103515625 497.13751220703125 498.26251220703125 501.54998779296875 495.024993896484375 470.23126220703125 438.42498779296875 406.818756103515625 379.431243896484375 360.225006103515625 349.056243896484375 343.693756103515625 339.368743896484375 342.837493896484375 352.493743896484375 362.71875 357.975006103515625 342.774993896484375 324.475006103515625 304.600006103515625 287.20001220703125 272.725006103515625 266.381256103515625
195.181243896484375 210.1125030517578125 226.5625 246.2375030517578125 268.712493896484375 297.556243896484375 326.993743896484375 358.287506103515625 390.543731689453125 416.63751220703125 438.13751220703125 455.649993896484375 474.225006103515625 488.42498779296875 496.625 501.600006103515625 504.368743896484375 502.39373779296875 501.95001220703125 499.33123779296875 494.04376220703125 491.70001220703125 491.53125 489.725006103515625 493 501.712493896484375 503.34375 482.92498779296875 453.89373779296875 426.662506103515625 402.42498779296875 383.118743896484375 372.76251220703125 365.125 359.506256103515625 358.41876220703125 368.524993896484375 384.86248779296875 378.21875 358.568756103515625 337.381256103515625 315.78125 297.056243896484375 281.318756103515625 274.068756103515625
199.3249969482421875 213.618743896484375 230.15625 250.912506103515625 275.475006103515625 306.70623779296875 339.78125 372.86248779296875 405.693756103515625 431.51873779296875 453.4375 471.881256103515625 489.90625 504.662506103515625 510.91876220703125 514.1312255859375 515.85626220703125 511.64373779296875 507.01251220703125 500.70623779296875 490.118743896484375 483.568756103515625 478.29998779296875 476.53125 478.91876220703125 486.131256103515625 487.92498779296875 477.337493896484375 459.92498779296875 438.256256103515625 418.67498779296875 399.83123779296875 392.73748779296875 386.25 381.20001220703125 376.17498779296875 384.375 399.993743896484375 392.837493896484375 372.493743896484375 349.631256103515625 327.13751220703125 306.28125 288.868743896484375 283.40625
205.875 219 235.2687530517578125 259.431243896484375 287.493743896484375 319.681243896484375 353.57501220703125 386.32501220703125 417.82501220703125 445.84375 469.38751220703125 487.199981689453125 504.350006103515625 518.4000244140625 524 526.3062744140625 526.29376220703125 519.59375 511.10626220703125 501.04998779296875 486.15625 473.318756103515625 464.131256103515625 459.462493896484375 462.131256103515625 470.54376220703125 473.57501220703125 469.556243896484375 459.85626220703125 445.54998779296875 430.631256103515625 414.725006103515625 411.5625 408.14373779296875 403.48126220703125 400.79376220703125 407 413.024993896484375 403.83123779296875 385.82501220703125 362.912506103515625 339.20623779296875 315.9375 298.868743896484375 290.83123779296875
217.0749969482421875 232.59375 250.1750030517578125 274.79376220703125 301.274993896484375 333.600006103515625 366.46875 398.537506103515625 429.5 456.931243896484375 480.5 499.3125 515.5687255859375 529.07501220703125 534.7125244140625 536.4625244140625 534.39373779296875 525.4000244140625 514.17498779296875 500.837493896484375 484.931243896484375 465.725006103515625 449.04376220703125 439.149993896484375 445.64373779296875 457.01251220703125 463.79998779296875 463.91876220703125 459.29376220703125 449.787506103515625 438.368743896484375 428.725006103515625 430.78125 429.412506103515625 427.82501220703125 425.181243896484375 428.33123779296875 430.625 419.64373779296875 402.46875 379.756256103515625 351.837493896484375 324.95623779296875 304.868743896484375 298.662506103515625
227.962493896484375 243.8000030517578125 265.068756103515625 290.26873779296875 316.33123779296875 346.70623779296875 376.01251220703125 404.712493896484375 431.70623779296875 458.34375 483.024993896484375 500.225006103515625 514.13751220703125 526.9124755859375 532.29376220703125 535.01251220703125 533.78125 525.17498779296875 514.20623779296875 499.306243896484375 481.42498779296875 460.28125 439.618743896484375 425.03125 434.375 446.03125 453.45001220703125 455.20623779296875 454.40625 447.88751220703125 441.006256103515625 435.66876220703125 443.931243896484375 445.90625 446.88751220703125 445.98126220703125 446.63751220703125 447.07501220703125 435.806243896484375 420.34375 398.83123779296875 367.399993896484375 335.23126220703125 313.10626220703125 314.20623779296875
240.037506103515625 256.29376220703125 280.425018310546875 306.868743896484375 332.600006103515625 360.71875 387.087493896484375 411.131256103515625 434.59375 458.03125 479.8125 495.412506103515625 510.068756103515625 522.39373779296875 527.93121337890625 530.0250244140625 530.6187744140625 522.46246337890625 513.08123779296875 499.493743896484375 482.274993896484375 462.91876220703125 447.20001220703125 435.53125 437.20001220703125 443.98748779296875 447.63751220703125 447.856231689453125 446.70001220703125 442.23748779296875 436.743743896484375 432.54376220703125 444.04376220703125 453.5625 460.14373779296875 461.16876220703125 462.993743896484375 464.23126220703125 455 442.61248779296875 423.962493896484375 390.625 348.41876220703125 324.25 337
250.375 267.1875 293.84375 322.86248779296875 348.024993896484375 371.79376220703125 393.774993896484375 414.39373779296875 434.587493896484375 454.1875 474.662506103515625 490.01251220703125 503.51251220703125 516.0562744140625 521.14373779296875 525.89373779296875 527.6312255859375 521.4437255859375 513.2562255859375 501.556243896484375 485.725006103515625 469.20623779296875 457.212493896484375 445.32501220703125 442.86248779296875 444.73748779296875 444.58123779296875 442.725006103515625 440.5 435.6875 430.29998779296875 426.462493896484375 441.118743896484375 455.556243896484375 468.20001220703125 472.79376220703125 477.568756103515625 480.125 471.76873779296875 462.899993896484375 450.48748779296875 414.5625 372.17498779296875 353.65625 366.962493896484375
255.931243896484375 271.125 297.29998779296875 325.993743896484375 350.33123779296875 367.46875 383.868743896484375 401.193756103515625 417.899993896484375 434.5 453.181243896484375 467.76251220703125 483.875 498.943756103515625 506.42498779296875 511.85626220703125 516.3375244140625 515.54998779296875 509.818756103515625 499.32501220703125 484.162506103515625 469.95623779296875 457.83123779296875 446.85626220703125 442.17498779296875 441.0625 435.85626220703125 432.693756103515625 428.556243896484375 425.61248779296875 422.431243896484375 420.756256103515625 437.993743896484375 454.943756103515625 470.568756103515625 477.15625 484.29376220703125 488.79998779296875 483.087493896484375 475.32501220703125 462.71875 438.23126220703125 407.493743896484375 392.506256103515625 394.0625
258.337493896484375 271.1875 293.4375 318.79376220703125 338.837493896484375 352.17498779296875 366.14373779296875 380.25 394.181243896484375 410.725006103515625 428.16876220703125 443.88751220703125 461.64373779296875 477.76251220703125 486.85626220703125 495.40625 504.23126220703125 504.45001220703125 503.256256103515625 494.98748779296875 480.399993896484375 467.01251220703125 456.318756103515625 444.875 437.70001220703125 433.537506103515625 426.59375 421.056243896484375 415.618743896484375 415.493743896484375 414.86248779296875 415.79998779296875 433.524993896484375 452.96875 470.231231689453125 479.806243896484375 489.85626220703125 496.9375 492.59375 484.412506103515625 476.193756103515625 461.45623779296875 442.73748779296875 426.58123779296875 423.42498779296875
257.35626220703125 266.17498779296875 282.98126220703125 299.5 312.57501220703125 327.493743896484375 341.462493896484375 353.71875 367.431243896484375 382.39373779296875 399.75 417.67498779296875 437.34375 455.087493896484375 467.64373779296875 478.649993896484375 486.39373779296875 487.66876220703125 487.64373779296875 482.462493896484375 471.07501220703125 459.462493896484375 448.79376220703125 437.21875 430.98748779296875 424.61248779296875 415.243743896484375 408.14373779296875 402.199981689453125 404.618743896484375 406.837493896484375 410.76251220703125 427.681243896484375 448.131256103515625 467.806243896484375 481.443756103515625 492.506256103515625 501.20623779296875 499.67498779296875 495.36248779296875 494.96875 490.51251220703125 483.631256103515625 476.993743896484375 479.75
245.399993896484375 250.8312530517578125 262.506256103515625 275.118743896484375 285.48748779296875 297.95623779296875 308.631256103515625 318.337493896484375 331.03125 346.375 367.100006103515625 387.068756103515625 409.943756103515625 432.524993896484375 445.625 456 463.07501220703125 466.337493896484375 464.337493896484375 460.98126220703125 452.037506103515625 443.212493896484375 434.100006103515625 422.887481689453125 416.25 410.5625 400.67498779296875 390.86248779296875 385.181243896484375 389.350006103515625 395.318756103515625 402.23126220703125 420.08123779296875 440.70623779296875 461.20623779296875 476.337493896484375 489.9375 501.73748779296875 504.34375 510.537506103515625 515.70623779296875 519.67498779296875 526.01873779296875 537.9749755859375 564.2750244140625
230.493743896484375 233.600006103515625 242.618743896484375 251.5 258.375 267.537506103515625 275.756256103515625 283.01873779296875 294.48748779296875 309.26873779296875 329.368743896484375 355.14373779296875 382.412506103515625 406.368743896484375 421.024993896484375 431.23126220703125 439.48126220703125 442.84375 440.54998779296875 438 430.79376220703125 422.875 414.493743896484375 404.71875 397.60626220703125 391.756256103515625 382.625 373.13751220703125 367.73748779296875 373.568756103515625 382.287506103515625 392.89373779296875 411.41876220703125 432.33123779296875 452.45001220703125 468.787506103515625 485.506256103515625 498.3125 509.106231689453125 522.20001220703125 534.8375244140625 546.4749755859375 562.76873779296875 587.96875 624.0875244140625
214.256256103515625 216.3249969482421875 222.9875030517578125 228.837493896484375 233.8312530517578125 239.7624969482421875 244.6999969482421875 249.5187530517578125 258.64373779296875 272.88751220703125 294.34375 323.13751220703125 355.38751220703125 383.75 398.86248779296875 409.1875 416.58123779296875 418.83123779296875 417.85626220703125 413.82501220703125 408.70623779296875 400.681243896484375 394.5 385.006256103515625 377.38751220703125 371.82501220703125 362.774993896484375 354.13751220703125 348.78125 357.21875 369.056243896484375 382.29376220703125 401.649993896484375 423.08123779296875 443.225006103515625 459.73748779296875 476.76251220703125 495.0625 511.84375 528.3687744140625 547.2562255859375 563.59375 584.8499755859375 613.45001220703125 644.6875
195.806243896484375 197.25 201.993743896484375 206.3125 209.681243896484375 214.868743896484375 218.4250030517578125 221.537506103515625 228.681243896484375 240.037506103515625 262.14373779296875 293.39373779296875 327.98126220703125 356.70623779296875 373.618743896484375 385.524993896484375 393.600006103515625 395.26873779296875 392.649993896484375 387.98126220703125 382.91876220703125 377.54376220703125 370.85626220703125 362.462493896484375 356.28125 350.662506103515625 342.881256103515625 334.91876220703125 330.14373779296875 340.75 354.899993896484375 369.15625 388.943756103515625 409.16876220703125 428.73126220703125 444.89373779296875 465.274993896484375 484.693756103515625 502.23748779296875 520.98748779296875 541.5875244140625 561.08123779296875 581.5875244140625 607.8499755859375 630.125
176.8125 178.0500030517578125 181.8125 185.2937469482421875 188.243743896484375 193.3874969482421875 197.5 199.631256103515625 203.6687469482421875 209.212493896484375 234.306243896484375 272.29376220703125 304.462493896484375 329.61248779296875 347.60626220703125 360.931243896484375 370.618743896484375 370.96875 368.29998779296875 363.243743896484375 357.79376220703125 352.068756103515625 346.018768310546875 338.65625 332.681243896484375 328.125 320.875 315.149993896484375 312.212493896484375 324.524993896484375 339.88751220703125 355.4375 374.82501220703125 395.131256103515625 413.818756103515625 432.712493896484375 453.07501220703125 472.725006103515625 489.056243896484375 507.85626220703125 528.23748779296875 547.51251220703125 567.95623779296875 592.0250244140625 607.1312255859375
157.756256103515625 159.3249969482421875 162.912506103515625 166.0124969482421875 169.3000030517578125 174.6687469482421875 180.037506103515625 183.6374969482421875 188.818756103515625 192.2687530517578125 227.6875 264.76251220703125 288.256256103515625 307.693756103515625 324.5 338.48126220703125 348.149993896484375 348.475006103515625 344.368743896484375 339.48748779296875 332.51251220703125 326.35626220703125 321.131256103515625 314.537506103515625 309.03125 305.162506103515625 300.618743896484375 296.149993896484375 294.4375 308.568756103515625 324.51251220703125 341.431243896484375 360.57501220703125 380.38751220703125 398.78125 418.04998779296875 438.08123779296875 456.89373779296875 474.03125 491.76251220703125 510.40625 528.5625 546.84375 568.1187744140625 582.1500244140625
139.3937530517578125 141.1875 145.5625 149.7687530517578125 153.787506103515625 160.2937469482421875 167.1937408447265625 174.6125030517578125 186.725006103515625 207.8312530517578125 246.78125 265.58123779296875 280.41876220703125 296.600006103515625 310.89373779296875 323.33123779296875 332.14373779296875 330.962493896484375 326.787506103515625 321.475006103515625 313.41876220703125 305.88751220703125 300.362518310546875 294.95623779296875 290.943756103515625 288.1875 285.26251220703125 283.42498779296875 283.756256103515625 297.493743896484375 313.4375 328.006256103515625 345.82501220703125 364.04998779296875 383.056243896484375 401.07501220703125 419.16876220703125 436.65625 451.70623779296875 466.993743896484375 484.32501220703125 498.83123779296875 513.57501220703125 530.0875244140625 540.58123779296875
121.81874847412109375 123.90625 128.9562530517578125 134.1125030517578125 139.3625030517578125 147.537506103515625 156.375 167.1687469482421875 182.756256103515625 204.537506103515625 232.0812530517578125 253.3562469482421875 269.51251220703125 285.79376220703125 298.875 309.256256103515625 316.524993896484375 315.725006103515625 310.681243896484375 304.743743896484375 294.118743896484375 284.868743896484375 278.40625 273.462493896484375 271.70623779296875 271.131256103515625 271.39373779296875 272.350006103515625 274.5625 287.73748779296875 301.506256103515625 316 333.100006103515625 349.818756103515625 366.556243896484375 381.8125 398.78125 414.212493896484375 427.1875 439.6875 453.21875 465.506256103515625 478.26251220703125 491.337493896484375 500.274993896484375
