data/historical-monthly-weather-data/wc2.1_cruts4.09_10m_prec_1973-04.asc
ncols        51
nrows        45
xllcorner    -63.500000000000
yllcorner    -7.500000000000
cellsize     0.166666666667
NODATA_value -9999
[rows 0 to 19 of 45, columns 0 to 44 of 51]
269.76873779296875 273.89373779296875 270.962493896484375 272.41876220703125 268.75 259.11248779296875 248.118743896484375 233.493743896484375 222.2375030517578125 214.7375030517578125 210.4375 208.0625 205.006256103515625 200.8937530517578125 199.712493896484375 199.5437469482421875 200.53125 200.1687469482421875 202.15625 204.0749969482421875 204.875 206.462493896484375 208.1999969482421875 215.912506103515625 222.8312530517578125 232.975006103515625 247.0749969482421875 264.15625 279.806243896484375 291.09375 302.48126220703125 314.256256103515625 323.57501220703125 334.875 345.399993896484375 352.65625 356.912506103515625 360.82501220703125 364.600006103515625 365.71875 366.587493896484375 366.475006103515625 362.75 361.26251220703125 358.20001220703125
280.45623779296875 285.287506103515625 290.40625 294.28125 296.45001220703125 285.350006103515625 272.20623779296875 260.95623779296875 250.068756103515625 240.8125 234.53125 229.5 224.8625030517578125 219.6437530517578125 215.899993896484375 214.912506103515625 213.4375 215.568756103515625 219 221.6062469482421875 222.681243896484375 223.8312530517578125 227.0500030517578125 233.3249969482421875 241.274993896484375 250.337493896484375 263.5 280.03125 293.662506103515625 304.899993896484375 317.975006103515625 332.21875 342.256256103515625 354.76251220703125 364.40625 370.993743896484375 377.48126220703125 381.493743896484375 383.818756103515625 382.912506103515625 381.79998779296875 381.712493896484375 377.90625 373.59375 369.181243896484375
285.243743896484375 292.868743896484375 297.368743896484375 303.91876220703125 308.181243896484375 300.381256103515625 291.024993896484375 282.850006103515625 275.98126220703125 266.774993896484375 257.82501220703125 250.350006103515625 244.59375 236.7062530517578125 232.15625 229.681243896484375 227.193756103515625 228.287506103515625 229.693756103515625 231.9375 233.7312469482421875 235.818756103515625 238.1062469482421875 245.2312469482421875 254.8000030517578125 264.8125 279.381256103515625 292.79376220703125 304.73126220703125 317.381256103515625 330.45623779296875 343.912506103515625 357.681243896484375 370.5 379.70001220703125 385.712493896484375 394.61248779296875 401.225006103515625 402.04376220703125 401.13751220703125 399.57501220703125 396.318756103515625 391.58123779296875 387.13751220703125 382.006256103515625
284.51873779296875 293.20001220703125 302.08123779296875 307.23748779296875 311.943756103515625 309.83123779296875 305.574981689453125 301.71875 299.01251220703125 293.118743896484375 282.84375 272.08123779296875 262.20001220703125 253.899993896484375 248.0124969482421875 244.6687469482421875 241.8874969482421875 240.993743896484375 240.4562530517578125 241.3625030517578125 244.118743896484375 246.3249969482421875 247.8312530517578125 256.962493896484375 267.59375 277.40625 292.83123779296875 304.774993896484375 316.475006103515625 331.118743896484375 344.506256103515625 358.25 369.806243896484375 382.84375 393.037506103515625 402.506256103515625 411.225006103515625 418.475006103515625 421.631256103515625 418.681243896484375 416.587493896484375 413.756256103515625 405.34375 397.92498779296875 393.743743896484375
297.568756103515625 301.67498779296875 302.65625 308.193756103515625 316.3125 316.943756103515625 314.73748779296875 315.67498779296875 318.118743896484375 317.306243896484375 304.63751220703125 288.40625 277.537506103515625 268.95623779296875 262.23126220703125 257.86248779296875 253.6437530517578125 251.431243896484375 249.1125030517578125 248.243743896484375 251.881256103515625 253.8249969482421875 256.20001220703125 267.787506103515625 277.51873779296875 288.36248779296875 301.8125 316.95001220703125 330.83123779296875 343.58123779296875 357.36248779296875 368 379.5625 393.79998779296875 406.087493896484375 416.037506103515625 424.23748779296875 432.806243896484375 436.899993896484375 434.54998779296875 433.91876220703125 425.60626220703125 417.21875 410.975006103515625 404.243743896484375
303.125 308.84375 310.181243896484375 308.89373779296875 315.78125 318.131256103515625 316.506256103515625 317.943756103515625 321.024993896484375 323.36248779296875 308.38751220703125 293.33123779296875 283.75 275.9375 268.60626220703125 264.337493896484375 258.23126220703125 254.881256103515625 253.3937530517578125 252.493743896484375 255.306243896484375 257.88751220703125 263.193756103515625 273.71875 284.79998779296875 296.84375 309.73748779296875 323.95001220703125 337.25 349.38751220703125 362.399993896484375 375.51251220703125 383.78125 396.768768310546875 410.881256103515625 420.225006103515625 431.725006103515625 441.3125 445.78125 447.26873779296875 442.90625 434.54998779296875 427.462493896484375 422.07501220703125 416.82501220703125
310.125 315.54998779296875 316.8125 314.33123779296875 312.618743896484375 310.393768310546875 308.59375 308.537506103515625 307.462493896484375 304.556243896484375 298.787506103515625 291.693756103515625 287.20623779296875 280.212493896484375 273.86248779296875 270.256256103515625 264.274993896484375 257.600006103515625 253.75 253.3874969482421875 258.04376220703125 262.92498779296875 268.912506103515625 277.912506103515625 289.91876220703125 302.85626220703125 316.537506103515625 328.618743896484375 341.087493896484375 353.543731689453125 367.26251220703125 379.125 388.46875 397.75 410.381256103515625 420.51251220703125 430.57501220703125 442.181243896484375 451.17498779296875 453.13751220703125 445.631256103515625 438.912506103515625 433.34375 428.45623779296875 425.493743896484375
317.92498779296875 320.837493896484375 319.75 318.88751220703125 317.20001220703125 311.79998779296875 302.38751220703125 292.78125 284.91876220703125 282.274993896484375 285.85626220703125 287.993743896484375 287.631256103515625 284.26251220703125 279.618743896484375 274.75 268.23126220703125 260.64373779296875 253.875 253.2687530517578125 260.212493896484375 267.149993896484375 273.28125 282.881256103515625 296.431243896484375 307.375 320.225006103515625 332.41876220703125 345.0625 358.08123779296875 368.806243896484375 380.118743896484375 388.76251220703125 397.537506103515625 407.868743896484375 414.568756103515625 425.28125 435.78125 442.8125 444.16876220703125 441.162506103515625 437.681243896484375 432.51873779296875 426.73748779296875 421.63751220703125
323.693756103515625 326.54376220703125 324.618743896484375 321.63751220703125 319.20001220703125 311.66876220703125 302.78125 291.306243896484375 277.506256103515625 270.274993896484375 277.59375 283.61248779296875 289.756256103515625 288.037506103515625 282.01873779296875 276.76873779296875 270.64373779296875 264.006256103515625 258.774993896484375 256.26873779296875 259.20001220703125 268.412506103515625 274.943756103515625 287.14373779296875 300.193756103515625 309.524993896484375 321.0625 333.587493896484375 345.79376220703125 357.524993896484375 369.0625 376.600006103515625 382.34375 387.100006103515625 396.1875 403.46875 414.087493896484375 421.756256103515625 429.068756103515625 431.03125 430.29376220703125 426.38751220703125 424.287506103515625 421.625 412.125
328.92498779296875 329.42498779296875 327.850006103515625 324.899993896484375 320.9375 314 306.26251220703125 295.51873779296875 287.100006103515625 283.743743896484375 286.899993896484375 289.28125 293.131256103515625 291.725006103515625 286.28125 278.89373779296875 272.0625 266.60626220703125 261.631256103515625 261.17498779296875 264.36248779296875 270.587493896484375 276.899993896484375 290.73126220703125 300.850006103515625 308.5 319.256256103515625 331.068756103515625 344.087493896484375 357.20623779296875 364.318756103515625 368.743743896484375 372.306243896484375 376.08123779296875 382.693756103515625 390.899993896484375 397.9375 405.29376220703125 412.28125 417.95623779296875 421.23126220703125 419.0625 416.412506103515625 409.48748779296875 403.1875
334.14373779296875 335.024993896484375 332.287506103515625 328.4375 322.45623779296875 316.45001220703125 309.975006103515625 301.318756103515625 297.006256103515625 295.643768310546875 298.21875 301.5625 299.618743896484375 297.131256103515625 288.725006103515625 279.556243896484375 272.32501220703125 267.931243896484375 264.63751220703125 263.73126220703125 270.82501220703125 276.34375 280.23748779296875 285.756256103515625 299.087493896484375 307.225006103515625 315.39373779296875 325.912506103515625 336.774993896484375 348.381256103515625 354.237518310546875 357.243743896484375 360.225006103515625 362.881256103515625 367.98748779296875 372.274993896484375 378.337493896484375 385.762481689453125 394.45001220703125 401.818756103515625 405.931243896484375 404.79376220703125 406.07501220703125 403.23126220703125 395.818756103515625
336.181243896484375 335.8125 332.5625 331.91876220703125 327.51251220703125 320.212493896484375 316.024993896484375 311.01251220703125 309.181243896484375 308.899993896484375 311.28125 313.92498779296875 306.71875 300.04998779296875 290.58123779296875 281.431243896484375 273.318756103515625 269.006256103515625 266.42498779296875 266.274993896484375 272.75 278.15625 282.537506103515625 290.65625 296.86248779296875 300.07501220703125 307.125 315.48748779296875 325.681243896484375 333.587493896484375 338.90625 342.33123779296875 343.506256103515625 346.006256103515625 350.17498779296875 355.212493896484375 362.36248779296875 370.300018310546875 376.431243896484375 381.662506103515625 387.76251220703125 389.11248779296875 389.98748779296875 384.0625 376.868743896484375
338.925018310546875 337.774993896484375 334.78125 332.837493896484375 330.20001220703125 327.181243896484375 322.08123779296875 317.125 315.48748779296875 317.868743896484375 320.04376220703125 321.07501220703125 313.28125 298.600006103515625 288.40625 281.006256103515625 271.89373779296875 267.61248779296875 266.193756103515625 264.84375 271.13751220703125 274.962493896484375 276.57501220703125 283.66876220703125 283.23748779296875 284.443756103515625 293.98126220703125 301.818756103515625 312.58123779296875 318.568756103515625 322.943756103515625 325.306243896484375 325.78125 327.837493896484375 330.381256103515625 337.350006103515625 344.931243896484375 352.850006103515625 360.850006103515625 366.92498779296875 367.92498779296875 372.33123779296875 371.006256103515625 366.818756103515625 364.36248779296875
340.368743896484375 338.662506103515625 334.48126220703125 331.993743896484375 331.53125 328.76873779296875 324.03125 320.4375 320.649993896484375 321.84375 321.037506103515625 316.66876220703125 309.087493896484375 297.04998779296875 283.931243896484375 277.375 268.29998779296875 262.45623779296875 261.39373779296875 258.806243896484375 263.64373779296875 265.57501220703125 267.681243896484375 270.131256103515625 271.51873779296875 273.806243896484375 281.39373779296875 289.431243896484375 298.23126220703125 303.931243896484375 307.3125 309.95623779296875 307.912506103515625 309.35626220703125 312.850006103515625 320.79998779296875 328.54376220703125 338.337493896484375 348.850006103515625 353.818756103515625 351.318756103515625 349.48748779296875 355.08123779296875 361.51251220703125 363.162506103515625
339.6875 338.193756103515625 334.837493896484375 332.912506103515625 333.13751220703125 330.381256103515625 327.212493896484375 323.743743896484375 321.943756103515625 320.79376220703125 318.743743896484375 313.38751220703125 304.306243896484375 292.75 278.787506103515625 269.118743896484375 261.487518310546875 258.818756103515625 256.993743896484375 254.5625 257.20001220703125 260.212493896484375 260.34375 262.13751220703125 263.54376220703125 266.912506103515625 273.20001220703125 281.1875 289.57501220703125 293.524993896484375 294.318756103515625 293.35626220703125 294.212493896484375 293.96875 295.91876220703125 303.04376220703125 316.368743896484375 330.6875 341.475006103515625 344.36248779296875 343.337493896484375 346.01251220703125 356.118743896484375 358.51873779296875 356.556243896484375
336.85626220703125 335.10626220703125 334.09375 333.806243896484375 333.475006103515625 331.037506103515625 327.881256103515625 324.9375 324.556243896484375 321.756256103515625 318.087493896484375 311.28125 301.98748779296875 289.024993896484375 273.475006103515625 258.350006103515625 254.337493896484375 255.149993896484375 252.318756103515625 250.350006103515625 252.6999969482421875 253.8312530517578125 253.1374969482421875 254.975006103515625 256.01873779296875 260.11248779296875 264.95001220703125 273.125 280.89373779296875 285.1875 287.88751220703125 286.21875 280.693756103515625 278.35626220703125 277.53125 291.318756103515625 305.100006103515625 320.649993896484375 333.45623779296875 342.58123779296875 345.568756103515625 350.256256103515625 354.70001220703125 353.962493896484375 349.57501220703125
332.5 332.26873779296875 332.899993896484375 333.637481689453125 333.212493896484375 331.006256103515625 330.01251220703125 327.29998779296875 324.70001220703125 321.95623779296875 317.01251220703125 309.67498779296875 299.09375 286.337493896484375 272.831268310546875 260.48748779296875 250.1999969482421875 248.8874969482421875 248.3625030517578125 247.4187469482421875 249.2312469482421875 250.7624969482421875 249.6687469482421875 248.3312530517578125 249.2937469482421875 252.1062469482421875 257.60626220703125 265.11248779296875 273.693756103515625 279.11248779296875 281.193756103515625 279.881256103515625 275.149993896484375 272.04998779296875 276.743743896484375 286.649993896484375 301.524993896484375 318.6875 337.54376220703125 345.881256103515625 351.09375 353.399993896484375 351.26251220703125 348.96875 342.63751220703125
326.70623779296875 329.13751220703125 329.95623779296875 333.274993896484375 333.425018310546875 332.506256103515625 332.375 328.375 325.07501220703125 320.46875 314 306.193756103515625 295.756256103515625 285 272.76873779296875 262.07501220703125 251.5500030517578125 242.337493896484375 244.4562530517578125 244.1374969482421875 247.306243896484375 247.6750030517578125 246.28125 244.8000030517578125 246.193756103515625 248.962493896484375 251.837493896484375 261.462493896484375 270.912506103515625 275.33123779296875 273.57501220703125 265.462493896484375 267.162506103515625 268.95623779296875 272.100006103515625 285.787506103515625 300.8125 316.90625 333.024993896484375 346.79376220703125 349.28125 349.618743896484375 347.35626220703125 343.88751220703125 338.23748779296875
319.587493896484375 324.087493896484375 327.5625 330.206268310546875 331.63751220703125 332.399993896484375 331.60626220703125 330.21875 327.024993896484375 321.40625 312.73126220703125 301.475006103515625 291.95623779296875 283.756256103515625 269.8125 259.53125 250.337493896484375 242.306243896484375 238.0437469482421875 237.7937469482421875 245.006256103515625 247.412506103515625 238.787506103515625 240.8125 244.46875 249.65625 255.4187469482421875 262.96875 272.6875 275.61248779296875 273.73748779296875 267.056243896484375 264.225006103515625 258.681243896484375 260.850006103515625 275.20001220703125 291.756256103515625 307.45623779296875 325.943756103515625 337.48126220703125 345.493743896484375 346.125 342.70001220703125 339.056243896484375 333.91876220703125
312.03125 318.774993896484375 322.337493896484375 324.04998779296875 328.375 332.51873779296875 334.17498779296875 331.125 327.568756103515625 321.60626220703125 311.41876220703125 301.818756103515625 292.125 282.60626220703125 267.73748779296875 252.8625030517578125 241.693756103515625 239.4562530517578125 234.693756103515625 233.6750030517578125 236.5625 236.65625 237 239.6125030517578125 243.5437469482421875 248.350006103515625 255.756256103515625 266.03125 273.13751220703125 273.10626220703125 268.506256103515625 267.8125 260.82501220703125 250.28125 246.34375 260.48126220703125 282.75 303.60626220703125 320.318756103515625 333.037506103515625 339.837493896484375 340.54998779296875 337.89373779296875 334.256256103515625 326.59375
