data/historical-monthly-weather-data/wc2.1_cruts4.09_10m_prec_1955-10.asc
ncols        45
nrows        45
xllcorner    -63.500000000000
yllcorner    -7.500000000000
cellsize     0.166666666667
NODATA_value -9999
[rows 19 to 37 of 45, columns 0 to 43 of 45]
101.75 104.2687530517578125 108.46250152587890625 112.9375 117.31874847412109375 121.5812530517578125 125.15625 127.6125030517578125 128.5 128.006256103515625 125.43125152587890625 120.25 114.77500152587890625 109.71875 107.1875 105.6125030517578125 102.7062530517578125 102.13124847412109375 102.41249847412109375 103.5500030517578125 103.125 104.9562530517578125 109.74375152587890625 115.49375152587890625 118.81874847412109375 118.4562530517578125 115.72499847412109375 111.13124847412109375 102.7312469482421875 93.8625030517578125 88.30625152587890625 91.3625030517578125 95.65000152587890625 99.80625152587890625 102.5812530517578125 102.1875 104.2062530517578125 108.69374847412109375 112.22499847412109375 113.94374847412109375 113.88124847412109375 110.9812469482421875 103.91249847412109375 97.0625
96.8874969482421875 100.625 106.2937469482421875 112.05625152587890625 117.5 122.16249847412109375 126.5500030517578125 129.625 130.78125 129.6687469482421875 126.77500152587890625 121 115.1062469482421875 109.0187530517578125 106.0812530517578125 103.6687469482421875 101 100.03749847412109375 101.6750030517578125 102.6999969482421875 104.13124847412109375 106.53749847412109375 109.4812469482421875 114.0500030517578125 118.05625152587890625 119.4812469482421875 117.9187469482421875 112.65625 107.1062469482421875 103.3125 101.28125 103.1062469482421875 106.875 112.25624847412109375 118.1687469482421875 116.8000030517578125 114.59375 115.375 116.0749969482421875 116.68125152587890625 116.40000152587890625 113.7624969482421875 108.53125 103.28749847412109375
92.5 97.46875 104.2062530517578125 110.9875030517578125 117.625 123.1687469482421875 128.024993896484375 131.9875030517578125 134.0500030517578125 132.5500030517578125 128.662506103515625 122.46250152587890625 116.43125152587890625 111.2937469482421875 107.7312469482421875 105.25 103.375 102.7062530517578125 103.5187530517578125 104.76874542236328125 105.03749847412109375 106.88124847412109375 110.02500152587890625 113.9499969482421875 117.00624847412109375 118.84375 119.31874847412109375 117.00624847412109375 114.7687530517578125 113.3625030517578125 112.78749847412109375 114.34999847412109375 117.47499847412109375 122.1999969482421875 125.5 125.22499847412109375 122.65000152587890625 120.8874969482421875 119.9499969482421875 119.9187469482421875 119.2062530517578125 116.8937530517578125 113.41249847412109375 108.9250030517578125
89.78125 96.03749847412109375 103.6437530517578125 111.13124847412109375 117.8125 123.6750030517578125 129.21875 134.431243896484375 138.212493896484375 135.5812530517578125 130.78125 123.90625 118.52500152587890625 114.4187469482421875 110.6875 107.81874847412109375 105.83750152587890625 105.7687530517578125 106.2624969482421875 106.96250152587890625 107.75 108.6750030517578125 110.6999969482421875 114.40625 117.24375152587890625 118.16249847412109375 120.13124847412109375 121.47499847412109375 120.96875 121.53125 123.09375 125.5812530517578125 127.6374969482421875 130.9312591552734375 132.8562469482421875 131.8937530517578125 129.1999969482421875 125.80625152587890625 124.1125030517578125 125.0187530517578125 124.7687530517578125 122.80625152587890625 119.74375152587890625 115.53749847412109375
89.5500030517578125 96.5625 105.09375 111.90000152587890625 118.1750030517578125 123.8625030517578125 128.9875030517578125 134.4187469482421875 137.8249969482421875 135.7687530517578125 130.8312530517578125 125.2937469482421875 120.7624969482421875 117.21875 114.0625 111.3125 109.625 109.4812469482421875 109.7312469482421875 110.125 111.03749847412109375 112.33750152587890625 113.33750152587890625 116.38124847412109375 118.50624847412109375 118.50624847412109375 119.4812469482421875 123.05625152587890625 126.15625 128.725006103515625 131.399993896484375 134.2375030517578125 136.34375 138.5500030517578125 140.1062469482421875 139.9875030517578125 137.681243896484375 133.9562530517578125 132.5 132.46875 132.006256103515625 129.9250030517578125 126.4499969482421875 121.7687530517578125
92.46250152587890625 98.84999847412109375 107.4187469482421875 113 118.52500152587890625 123.53749847412109375 127.9250030517578125 131.90625 134.3562469482421875 133.8625030517578125 131.193756103515625 127.09375 123.74375152587890625 120.9187469482421875 117.9250030517578125 115.66249847412109375 113.90000152587890625 113.7937469482421875 113.9375 114.35625457763671875 115.125 115.5124969482421875 116.90000152587890625 119.5187530517578125 121.79375457763671875 123.68125152587890625 125.13124847412109375 128.5 132.1687469482421875 135.3562469482421875 138.306243896484375 140.625 143.53125 145.40625 147.125 146.774993896484375 146.1062469482421875 144.7937469482421875 142.943756103515625 142.7312469482421875 141.787506103515625 138.9437408447265625 134.7312469482421875 130.649993896484375
96.5124969482421875 101.28125 107.2687530517578125 113.09999847412109375 117.8937530517578125 122.1437530517578125 125.875 129.1062469482421875 131.662506103515625 132.524993896484375 130.493743896484375 128.412506103515625 126.15000152587890625 124.1999969482421875 122.05625152587890625 119.9499969482421875 118.59999847412109375 118.2687530517578125 118.51874542236328125 118.84375 119.6437530517578125 119.9250030517578125 121.15625 124.06874847412109375 127.0500030517578125 129.8562469482421875 132.40625 135.256256103515625 138.625 141.993743896484375 143.9375 147.1437530517578125 150.493743896484375 152.3249969482421875 154.681243896484375 154.9250030517578125 155.1062469482421875 155.506256103515625 154.4562530517578125 154.125 153.193756103515625 150.056243896484375 145.162506103515625 141.024993896484375
101.09375 102.44374847412109375 106.80625152587890625 111.24375152587890625 115.11875152587890625 119.4375 123 126.21250152587890625 128.5124969482421875 129.4562530517578125 129.90625 129.5187530517578125 128.8562469482421875 128.131256103515625 126.1999969482421875 124.68125152587890625 122.9875030517578125 123.1062469482421875 123.1875 123.33750152587890625 124.31874847412109375 124.65625 125.71250152587890625 129.850006103515625 132.78125 135.962493896484375 138.537506103515625 141.381256103515625 144.881256103515625 147.743743896484375 150.5625 152.725006103515625 156.8312530517578125 159.774993896484375 162.125 163.693756103515625 165.162506103515625 166.6437530517578125 167.024993896484375 168.212493896484375 168.0749969482421875 165.7062530517578125 161.40625 157.118743896484375
105.28125 104.11875152587890625 106.74375152587890625 109.8562469482421875 112.58750152587890625 116.56874847412109375 120.47499847412109375 123.4375 125.84999847412109375 127.80625152587890625 128.9375 130.056243896484375 131.350006103515625 131.4875030517578125 130.3000030517578125 129.087493896484375 128.1062469482421875 127.66249847412109375 127.97499847412109375 128.631256103515625 129.2937469482421875 129.712493896484375 131.46875 135.1374969482421875 138.40625 142.056243896484375 145.21875 148.381256103515625 150.9250030517578125 153.399993896484375 155.462493896484375 158.03125 162.662506103515625 166.2937469482421875 170.381256103515625 172.431243896484375 174.4562530517578125 178.131256103515625 179.4812469482421875 182.524993896484375 185.649993896484375 183.337493896484375 177.806243896484375 175.03125
109.28125 106.0749969482421875 106.7937469482421875 108.72499847412109375 110.46875 113.75624847412109375 117.19374847412109375 120.5 123.4562530517578125 126.41249847412109375 128.837493896484375 131.256256103515625 133.587493896484375 134.8562469482421875 134.5124969482421875 133.618743896484375 133.1999969482421875 132.8562469482421875 132.962493896484375 133.631256103515625 134.131256103515625 134.9250030517578125 136.6750030517578125 140.306243896484375 143.78125 147.9375 151.243743896484375 154.3312530517578125 157.8312530517578125 159.5500030517578125 160.6125030517578125 163.0437469482421875 168.193756103515625 172.756256103515625 177.6437530517578125 181.037506103515625 184.118743896484375 188.0500030517578125 189.8125 193.7937469482421875 199.118743896484375 197.256256103515625 192.493743896484375 192.868743896484375
112.22499847412109375 107.58124542236328125 107.1062469482421875 107.33750152587890625 108.3937530517578125 111.00624847412109375 114.5749969482421875 118.3312530517578125 122.25 125.49375152587890625 129.1875 132.2624969482421875 135.943756103515625 138.4562530517578125 138.5812530517578125 138.743743896484375 138.1999969482421875 138.53125 138.3249969482421875 138.0124969482421875 138.899993896484375 139.837493896484375 141.1437530517578125 144.287506103515625 148.1999969482421875 153.056243896484375 156.2375030517578125 159.0500030517578125 161.818756103515625 163.78125 165.8125 168.4562530517578125 174.1374969482421875 180.15625 185.6750030517578125 189.875 193.6687469482421875 198.875 199.193756103515625 201.8937530517578125 206.9250030517578125 209.975006103515625 209.256256103515625 213.3937530517578125
114.6437530517578125 108.50624847412109375 107.1999969482421875 105.96250152587890625 106.28125 109.4875030517578125 112.9499969482421875 116.8125 120.9250030517578125 124.7375030517578125 129.475006103515625 133.9124908447265625 138.993743896484375 142.6062469482421875 142.975006103515625 143.756256103515625 144.306243896484375 144.0437469482421875 143.587493896484375 143.3625030517578125 143.6750030517578125 144.5500030517578125 145.806243896484375 148.7937469482421875 152.743743896484375 157.0812530517578125 160.256256103515625 163 165.537506103515625 167.756256103515625 170.71875 173.931243896484375 180.3874969482421875 187.6374969482421875 194.2062530517578125 198.399993896484375 203.381256103515625 209.399993896484375 208.75 206.1687469482421875 211.943756103515625 220.0500030517578125 225.5812530517578125 230.7312469482421875
116.25624847412109375 109.1062469482421875 106.49375152587890625 105.25 105.6687469482421875 107.94374847412109375 111.2624969482421875 115.19374847412109375 119.68125152587890625 124.28749847412109375 129.5124969482421875 135.306243896484375 140.9812469482421875 146.006256103515625 147.9875030517578125 149.337493896484375 149.712493896484375 148.725006103515625 148.875 148.4875030517578125 148.5187530517578125 149.037506103515625 150.1999969482421875 152.818756103515625 156.75 160.662506103515625 163.693756103515625 166.5 168.9187469482421875 172.037506103515625 175.4812469482421875 178.8874969482421875 186.3937530517578125 195.1437530517578125 202.0124969482421875 207.40625 213.412506103515625 219.912506103515625 218.118743896484375 217.3625030517578125 224.7062530517578125 235.125 242.537506103515625 250.631256103515625
118.66249847412109375 111.31874847412109375 108.3937530517578125 107.03749847412109375 106.40000152587890625 108.1374969482421875 110.6687469482421875 113.7687530517578125 118.2687530517578125 123.52500152587890625 131.1125030517578125 137.3125 144.5749969482421875 151.4499969482421875 153.837493896484375 155.100006103515625 155.2062530517578125 154.3249969482421875 153.875 153.2937469482421875 152.850006103515625 152.8874969482421875 153.2624969482421875 155.875 159.1187591552734375 162.46875 165.4875030517578125 168.037506103515625 170.806243896484375 175.6687469482421875 180.09375 184.787506103515625 191.899993896484375 201.806243896484375 211.475006103515625 219.6374969482421875 226.28125 232.0812530517578125 232.912506103515625 238.1125030517578125 246.9124908447265625 256.89373779296875 266.15625 275.181243896484375
120.2937469482421875 113.5187530517578125 110.74375152587890625 109.03125 107.25 108.4812469482421875 110.22499847412109375 112.68125152587890625 116.65625 122.4187469482421875 129.818756103515625 138.96875 148.975006103515625 155.875 159.3125 160.693756103515625 161.09375 160.256256103515625 158.725006103515625 158.28125 157.256256103515625 156.556243896484375 156.4250030517578125 157.787506103515625 160.84375 163.7375030517578125 166.287506103515625 168.931243896484375 172.3312530517578125 178.225006103515625 184.53125 191.056243896484375 200.2062530517578125 209.8937530517578125 221.600006103515625 230.912506103515625 238.3874969482421875 245.443756103515625 250.4499969482421875 258.79376220703125 267.368743896484375 278.149993896484375 290.39373779296875 301.587493896484375
122.0437469482421875 116.1062469482421875 112.75 110.78125 108.52500152587890625 109.0625 109.97499847412109375 111.88124847412109375 114.9812469482421875 120.6750030517578125 129.1125030517578125 140.15625 152.412506103515625 161.931243896484375 164.4250030517578125 166.03125 166.8625030517578125 165.681243896484375 164.0625 162.587493896484375 161.368743896484375 159.806243896484375 159.056243896484375 159.4875030517578125 161.7624969482421875 164.118743896484375 167.024993896484375 170.318756103515625 173.9812469482421875 180.7375030517578125 188.0812530517578125 196.506256103515625 206.962493896484375 218.818756103515625 230.5749969482421875 239.8562469482421875 248.375 259.03125 266.681243896484375 275.850006103515625 285.85626220703125 296.3125 309.6875 321.83123779296875
125.03749847412109375 119.61875152587890625 116.8625030517578125 114.34375 112.1374969482421875 112.30625152587890625 112.1999969482421875 112.90000152587890625 115.03125 119.43125152587890625 128.3062591552734375 140.568756103515625 154.5 164.787506103515625 168.51251220703125 170.4812469482421875 171.337493896484375 170.375 168.631256103515625 166.649993896484375 165.2062530517578125 163.5812530517578125 161.375 161.243743896484375 162.381256103515625 163.568756103515625 166.068756103515625 169.3312530517578125 173.125 181.3874969482421875 189.9187469482421875 199.4375 210.8937530517578125 224.412506103515625 235.9499969482421875 244.818756103515625 256.92498779296875 267.306243896484375 276.131256103515625 285.78125 297.16876220703125 308.287506103515625 318.1875 331
128.2687530517578125 123.5 120.9499969482421875 118.65000152587890625 116.49375152587890625 115.8312530517578125 114.93125152587890625 114.49375152587890625 115.24375152587890625 117.13124847412109375 126.7937469482421875 142.756256103515625 155.9562530517578125 165.53125 170.881256103515625 174.181243896484375 175.34375 174.4625091552734375 172.212493896484375 169.71875 167.8000030517578125 165.587493896484375 163.568756103515625 162.21875 162.024993896484375 162.5437469482421875 164.662506103515625 167.8625030517578125 172.212493896484375 181.4812469482421875 191.7062530517578125 201.631256103515625 215.399993896484375 229.8000030517578125 240.8874969482421875 252.274993896484375 264.125 276.181243896484375 285.443756103515625 294.8125 305.9375 314.556243896484375 325.506256103515625 338.73748779296875
130.9499969482421875 126.9499969482421875 124.5749969482421875 122.59999847412109375 120.77500152587890625 119.6875 119.0500030517578125 118.19374847412109375 118.75624847412109375 118.91249847412109375 132.337493896484375 148.506256103515625 159.431243896484375 168.412506103515625 173.8249969482421875 177.5749969482421875 178.993743896484375 177.8562469482421875 175.6750030517578125 172.5749969482421875 169.8562469482421875 166.524993896484375 164 161.756256103515625 161.3249969482421875 161.306243896484375 162.9250030517578125 166.09375 170.524993896484375 181.037506103515625 191.4875030517578125 203.118743896484375 217.931243896484375 232.3312530517578125 245.3874969482421875 256.0625 269.36248779296875 280.89373779296875 292.20623779296875 302.787506103515625 310.931243896484375 320.5 328.787506103515625 339.23748779296875
