data/historical-monthly-weather-data/wc2.1_cruts4.09_10m_prec_2003-03.asc
ncols        45
nrows        45
xllcorner    -63.500000000000
yllcorner    -7.500000000000
cellsize     0.166666666667
NODATA_value -9999
[rows 20 to 39 of 45, columns 0 to 44 of 45]
234.306243896484375 242.46875 251.375 260.88751220703125 271.09375 282.087493896484375 292.42498779296875 300.881256103515625 306.98126220703125 309.48748779296875 309.28125 308.91876220703125 309.024993896484375 310.649993896484375 303.17498779296875 290.39373779296875 279.181243896484375 272.287506103515625 269.13751220703125 265.875 262.3125 258.631256103515625 254.3625030517578125 253.431243896484375 253.4562530517578125 254.524993896484375 259.45623779296875 264.76873779296875 270.09375 275.756256103515625 277.07501220703125 273.76873779296875 263.32501220703125 248.84375 235.3187408447265625 258.256256103515625 290.26251220703125 311.57501220703125 325.181243896484375 333.28125 337.92498779296875 338.90625 337.73126220703125 337.23748779296875 336.26251220703125
231.9562530517578125 241.431243896484375 253.162506103515625 264.693756103515625 277.03125 290.256256103515625 302.64373779296875 313.45623779296875 319.899993896484375 319.14373779296875 313.493743896484375 308.33123779296875 304.11248779296875 302.600006103515625 298 290.91876220703125 284.556243896484375 278.537506103515625 274.17498779296875 269.774993896484375 263.70001220703125 258.51873779296875 256.337493896484375 254.506256103515625 254.4375 256.9375 264.38751220703125 269.131256103515625 273.38751220703125 277.631256103515625 277.51251220703125 273.818756103515625 265.431243896484375 256.412506103515625 253.100006103515625 269.11248779296875 294.912506103515625 315.51873779296875 328.568756103515625 334.818756103515625 337.73748779296875 338.20001220703125 337.375 336.85626220703125 336.70623779296875
233.0749969482421875 244.7624969482421875 257.14373779296875 270.356231689453125 283.6875 297.03125 309.9375 324.51251220703125 333.95623779296875 328.1875 317.09375 305.131256103515625 295.8125 293.625 293.443756103515625 290.850006103515625 286.618743896484375 281.48748779296875 276.5 271.48748779296875 264.756256103515625 257.837493896484375 253.368743896484375 251.181243896484375 253.037506103515625 257.431243896484375 265.412506103515625 271.1875 274.818756103515625 277.837493896484375 278.587493896484375 278.61248779296875 276.67498779296875 273.931243896484375 278.225006103515625 292.23126220703125 310.65625 326.08123779296875 335.10626220703125 338.712493896484375 339.36248779296875 338.73126220703125 337.76873779296875 336.23126220703125 336.537506103515625
240.962493896484375 253.662506103515625 266.287506103515625 279.462493896484375 292.524993896484375 304.61248779296875 317.92498779296875 331.58123779296875 338.774993896484375 330.20623779296875 316.024993896484375 303.412506103515625 289.8125 288.41876220703125 290.96875 290.78125 288.662506103515625 284.21875 277.60626220703125 271.193756103515625 263.14373779296875 254.774993896484375 248.7062530517578125 246.5124969482421875 247.5749969482421875 252.431243896484375 261.33123779296875 269.54376220703125 275.462493896484375 281.34375 285.943756103515625 288.76873779296875 290.26251220703125 292.35626220703125 299.29376220703125 313.475006103515625 327.9375 336.243743896484375 340.193756103515625 341.681243896484375 341.568756103515625 339.48126220703125 337.89373779296875 335.20623779296875 337.34375
254.618743896484375 267.01873779296875 277.07501220703125 289.45001220703125 302.88751220703125 313.76873779296875 323.29376220703125 332.212493896484375 334.943756103515625 329.087493896484375 319.024993896484375 306.681243896484375 297.58123779296875 294.100006103515625 293.41876220703125 293.83123779296875 291.70623779296875 287.33123779296875 280.899993896484375 272 261.20623779296875 251.0187530517578125 242.524993896484375 238.149993896484375 240.7624969482421875 249.3874969482421875 258.64373779296875 269.662506103515625 277.6875 287.66876220703125 294.524993896484375 299.70001220703125 304.162506103515625 308.38751220703125 314.65625 323.306243896484375 334.056243896484375 340.524993896484375 342.67498779296875 344.78125 344.32501220703125 341.149993896484375 337 336.149993896484375 334.256256103515625
272.181243896484375 285.306243896484375 291.587493896484375 302.125 312.07501220703125 320.162506103515625 326.881256103515625 332.28125 332.39373779296875 327.73126220703125 320.412506103515625 312.78125 306.287506103515625 301.67498779296875 299.818756103515625 299.73748779296875 296.6875 292.45001220703125 286.118743896484375 274.75 263.20623779296875 249.1374969482421875 236.2687530517578125 228.743743896484375 234.162506103515625 246.6875 260.125 271.38751220703125 281.837493896484375 294.162506103515625 304.037506103515625 312.493743896484375 318.90625 322 325.51251220703125 330.98126220703125 338.125 343.118743896484375 345.67498779296875 346.92498779296875 346.787506103515625 342.16876220703125 334.75 332.33123779296875 331.51873779296875
289.07501220703125 297.693756103515625 303.693756103515625 310.693756103515625 317.725006103515625 323.63751220703125 327.5625 330.4375 329.90625 327.649993896484375 323.725006103515625 318.54998779296875 313.8125 310.287506103515625 308.70623779296875 307.41876220703125 305.91876220703125 300.256256103515625 292.537506103515625 282.381256103515625 268.26873779296875 252.5187530517578125 235.087493896484375 225.7624969482421875 235.399993896484375 248.537506103515625 263.243743896484375 274.875 286.318756103515625 299.41876220703125 311.274993896484375 323.01251220703125 331.306243896484375 332.037506103515625 332.91876220703125 337.20623779296875 343.20623779296875 347.018768310546875 349.893768310546875 352 350.506256103515625 344.53125 335.506256103515625 330.76873779296875 337.95623779296875
307.09375 312.381256103515625 316.287506103515625 320.818756103515625 323.95001220703125 327.0625 330.79376220703125 332.03125 331.256256103515625 329.875 326.587493896484375 323.056243896484375 320.40625 318.3125 317 315.59375 314.64373779296875 311.20623779296875 303.9375 294.07501220703125 280.20623779296875 263.931243896484375 251.1750030517578125 243.8625030517578125 248.34375 258.462493896484375 271.01251220703125 282.806243896484375 293.54376220703125 304.899993896484375 316.125 326.64373779296875 334.337493896484375 335.3125 336.443756103515625 340.76873779296875 344.681243896484375 349.493743896484375 353.70623779296875 358.012481689453125 360.29376220703125 352.818756103515625 339.83123779296875 334.243743896484375 351.46875
323.76251220703125 326.649993896484375 328.34375 329.462493896484375 332.243743896484375 332.96875 333.01251220703125 333.21875 333.056243896484375 331.662506103515625 330.32501220703125 328.462493896484375 326.868743896484375 326.4375 326.79376220703125 327.181243896484375 328.28125 325.54376220703125 319.943756103515625 311.23126220703125 297.756256103515625 282.54998779296875 271.61248779296875 264.21875 266.14373779296875 271.73748779296875 281.4375 291.774993896484375 301.45001220703125 311.51251220703125 319.96875 328.087493896484375 334.83123779296875 337.26251220703125 339.32501220703125 343.475006103515625 346.41876220703125 350.975006103515625 355.818756103515625 360.01873779296875 366.57501220703125 359.09375 346.5 349.287506103515625 370.087493896484375
335.243743896484375 336.21875 335.618743896484375 334.85626220703125 335.60626220703125 333.90625 333.556243896484375 333.475006103515625 333.875 333.100006103515625 332.86248779296875 333.64373779296875 334.89373779296875 336.15625 337.66876220703125 339.287506103515625 341.21875 344.1875 340.931243896484375 329.912506103515625 315.90625 302.04998779296875 290.98748779296875 284.162506103515625 282.912506103515625 286.149993896484375 293.35626220703125 300.725006103515625 307.70001220703125 315.5625 323.006256103515625 328.975006103515625 334.856231689453125 339.9375 343.45623779296875 346.512481689453125 348.96875 353.587493896484375 354.475006103515625 357.868743896484375 364.556243896484375 366.46875 363.318756103515625 371.993743896484375 384.6875
342.90625 342.04998779296875 339.84375 338.78125 338.524993896484375 335.21875 335.149993896484375 334.48126220703125 334.837493896484375 335 336.024993896484375 337.71875 340.85626220703125 342.9375 346.1875 350.07501220703125 355.75 360.33123779296875 361.681243896484375 350.306243896484375 335.48748779296875 320.45001220703125 310.037506103515625 302.33123779296875 298.58123779296875 300.881256103515625 304.58123779296875 308.46875 313.79998779296875 319.9124755859375 326.16876220703125 332.32501220703125 338.20001220703125 343.625 348.04376220703125 349.537506103515625 351.600006103515625 356.131256103515625 355.04998779296875 351.03125 359.51251220703125 371.63751220703125 379.48126220703125 390.13751220703125 403.48748779296875
347.100006103515625 344.993743896484375 341.8125 339.774993896484375 339.17498779296875 335.73126220703125 335.556243896484375 334.04376220703125 334.5625 335.493743896484375 337.40625 340.225006103515625 343.756256103515625 348.837493896484375 354.524993896484375 360.60626220703125 364.568756103515625 369.16876220703125 370.89373779296875 364.587493896484375 350.13751220703125 337.36248779296875 325.78125 317.21875 314.625 313.92498779296875 314.3125 317.14373779296875 319.07501220703125 324.631256103515625 330.40625 335.83123779296875 340.868743896484375 346.60626220703125 351.5625 353.04998779296875 356.32501220703125 359.32501220703125 355.40625 355.024993896484375 367.51873779296875 384.774993896484375 398.11248779296875 415.79376220703125 433.412506103515625
344.856231689453125 343.41876220703125 340.29998779296875 338.29998779296875 336.600006103515625 334.90625 333.65625 331.943756103515625 331.681243896484375 334.068756103515625 339.84375 343.131256103515625 348.931243896484375 357.86248779296875 364.056243896484375 369.587493896484375 372.868743896484375 377.993743896484375 378.837493896484375 374.912506103515625 364.399993896484375 352.64373779296875 340.84375 333.51873779296875 329.243743896484375 326.54998779296875 324.962493896484375 325.443756103515625 326.943756103515625 330.70623779296875 335.125 339.61248779296875 345.83123779296875 352.25 356.881256103515625 360.931243896484375 364.568756103515625 366.6875 364.95623779296875 373.131256103515625 386.29998779296875 403.475006103515625 421.04376220703125 441.42498779296875 470.34375
341.17498779296875 340.03125 339.04376220703125 337.64373779296875 336.20623779296875 333.73748779296875 331.625 329.90625 329.35626220703125 331.774993896484375 338.13751220703125 345.96875 354.36248779296875 362.649993896484375 368.931243896484375 376.03125 381.806243896484375 386.431243896484375 386.29376220703125 383.66876220703125 376.068756103515625 365.42498779296875 355.59375 346.70001220703125 341.45623779296875 336.66876220703125 334.48748779296875 332.881256103515625 334.368743896484375 336.537506103515625 338.837493896484375 343.63751220703125 351.25 358.149993896484375 365.256256103515625 369.774993896484375 373.04998779296875 375.01873779296875 380.07501220703125 390.318756103515625 402.181243896484375 419.649993896484375 441.556243896484375 464.54376220703125 497.243743896484375
337.662506103515625 337.8125 337.881256103515625 336.631256103515625 333.8125 331.993743896484375 329.03125 327.899993896484375 325.662506103515625 326.98748779296875 335.381256103515625 347.1875 359.506256103515625 369.662506103515625 378.14373779296875 384.07501220703125 390.25 394.631256103515625 395.118743896484375 393.0625 387.04376220703125 376.76251220703125 367.006256103515625 357.28125 351.587493896484375 346.51873779296875 342.3125 340.54376220703125 339.443756103515625 341.38751220703125 344.08123779296875 348.07501220703125 355.875 364.41876220703125 371.59375 375.462493896484375 379.15625 386.5 394.5 404.46875 416.506256103515625 431.95623779296875 453.08123779296875 476.475006103515625 504.443756103515625
335.587493896484375 335.45001220703125 335.524993896484375 334.78125 332.89373779296875 330.493743896484375 328.306243896484375 324.98126220703125 320.84375 322.243743896484375 331.42498779296875 346.48748779296875 364.087493896484375 378.649993896484375 387.83123779296875 395.45623779296875 400.993743896484375 404.975006103515625 407 406.51251220703125 399.3125 388.16876220703125 376.925018310546875 367.39373779296875 360.25 353.89373779296875 349.04376220703125 346.975006103515625 345.33123779296875 345.59375 347.45623779296875 349.774993896484375 356.912506103515625 367.07501220703125 375.03125 379.118743896484375 386.225006103515625 394.14373779296875 400.8125 411.70001220703125 424.743743896484375 438.818756103515625 455.681243896484375 477.868743896484375 498.78125
332.337493896484375 333.162506103515625 334.118743896484375 333.73126220703125 333.28125 331.91876220703125 329.131256103515625 325.48748779296875 319.024993896484375 315.568756103515625 328.95001220703125 353.100006103515625 373.568756103515625 388.03125 399.056243896484375 406.274993896484375 411.35626220703125 414.943756103515625 417.89373779296875 415.39373779296875 408.09375 396.649993896484375 385.381256103515625 373.756256103515625 365.29998779296875 358.662506103515625 353.806243896484375 352.51251220703125 350.23748779296875 349.837493896484375 349.65625 350.45001220703125 359.475006103515625 370.618743896484375 378.912506103515625 385.162506103515625 393.056243896484375 401.70001220703125 408.868743896484375 416.681243896484375 427.23126220703125 439.86248779296875 455.462493896484375 474.5 491.787506103515625
330.23748779296875 332.0625 333.15625 334.056243896484375 335.59375 335.618743896484375 333.962493896484375 330.17498779296875 326.01873779296875 320.64373779296875 344.46875 371.181243896484375 387.774993896484375 401.212493896484375 410.181243896484375 417.59375 420.90625 423.48126220703125 424.506256103515625 420.587493896484375 410.662506103515625 399.493743896484375 390.13751220703125 377.75 368.9375 362.5625 357.5625 356.931243896484375 355.26873779296875 353.506256103515625 350.90625 350.07501220703125 359.725006103515625 372.100006103515625 380.556243896484375 389.212493896484375 397.61248779296875 404.493743896484375 413.01873779296875 421.631256103515625 428.45623779296875 440.493743896484375 452.03125 463.40625 477.54376220703125
329.4375 331.33123779296875 333.90625 336.225006103515625 338.91876220703125 339.368743896484375 341.024993896484375 341.28125 345.056243896484375 358.774993896484375 386.82501220703125 398.60626220703125 406.76251220703125 416.493743896484375 424.63751220703125 430.73126220703125 433.20623779296875 432.79376220703125 430.006256103515625 423.23748779296875 410.03125 398 388.131256103515625 377.118743896484375 369.11248779296875 363.82501220703125 359.78125 358.037506103515625 356.5 354.068756103515625 351.693756103515625 348.806243896484375 356.39373779296875 367.54376220703125 378.912506103515625 386.037506103515625 393.16876220703125 401.600006103515625 407.65625 413.412506103515625 419.337493896484375 430.3125 438.95623779296875 448.850006103515625 458.162506103515625
329.618743896484375 331.73126220703125 335.32501220703125 338.20001220703125 342.756256103515625 347.29998779296875 350.21875 356.8125 366 380.54998779296875 399.556243896484375 414.39373779296875 424.70001220703125 432.89373779296875 440.96875 445.600006103515625 447.09375 443.037506103515625 435.350006103515625 426.337493896484375 410.01873779296875 396.118743896484375 383.631256103515625 373.181243896484375 367.568756103515625 363.568756103515625 359.34375 358.21875 356.39373779296875 352.8125 348.36248779296875 347.618743896484375 356.79376220703125 365.431243896484375 374.79998779296875 382.5625 388.21875 395.306243896484375 401.84375 404.225006103515625 407.71875 416.67498779296875 423.693756103515625 430.662506103515625 437.5625
