data/historical-monthly-weather-data/wc2.1_cruts4.09_10m_prec_2009-06.asc
ncols        51
nrows        45
xllcorner    -63.500000000000
yllcorner    -7.500000000000
cellsize     0.166666666667
NODATA_value -9999
[rows 0 to 19 of 45, columns 0 to 43 of 51]
309.04998779296875 303.33123779296875 301.29998779296875 309.631256103515625 313.8125 321.70623779296875 323.649993896484375 323.65625 318.83123779296875 325.024993896484375 334.01251220703125 337.76251220703125 341.83123779296875 341.89373779296875 340.14373779296875 340.287506103515625 337.14373779296875 331.73126220703125 325.556243896484375 322.962493896484375 323.912506103515625 314.587493896484375 306.868743896484375 293.649993896484375 282.70001220703125 273.412506103515625 267.5 263.73748779296875 252.8125 242.75 228.056243896484375 219.9812469482421875 214.625 204.931243896484375 196.4499969482421875 190.912506103515625 185.2687530517578125 181.5437469482421875 176.3125 173.5749969482421875 173.693756103515625 178.631256103515625 177.381256103515625 178.524993896484375
304.08123779296875 298.42498779296875 302.33123779296875 307.693756103515625 315.881256103515625 322.806243896484375 323.76251220703125 322.58123779296875 325.506256103515625 330.800018310546875 335.725006103515625 336.32501220703125 330.837493896484375 327.78125 323.756256103515625 321.67498779296875 316.131256103515625 308.23126220703125 302.26873779296875 301.850006103515625 301.17498779296875 293.76873779296875 289.32501220703125 279.556243896484375 268.85626220703125 258.59375 253.4375 247.181243896484375 237.6437530517578125 224.2375030517578125 214.3125 210.743743896484375 203.306243896484375 195.568756103515625 188.6374969482421875 179.90625 174.8625030517578125 169.71875 165.1999969482421875 163.25 165.600006103515625 163.0875091552734375 166.868743896484375 168.087493896484375
297.10626220703125 299.818756103515625 304.04998779296875 305.149993896484375 314.5 324.70623779296875 328.88751220703125 336.850006103515625 341.73748779296875 347.10626220703125 348.76251220703125 343.943756103515625 339.61248779296875 328.32501220703125 320.92498779296875 316 307.04998779296875 299.462493896484375 293.9375 290.837493896484375 290.225006103515625 288.868743896484375 282.931243896484375 277.21875 261.943756103515625 249.4499969482421875 247.9499969482421875 238.9812469482421875 225.975006103515625 219.006256103515625 207.65625 200.7562408447265625 193.0500030517578125 187.0812530517578125 178.1999969482421875 166.2687530517578125 163.0749969482421875 160.6125030517578125 157.53125 156.912506103515625 161.193756103515625 161.5 163.5749969482421875 164.0124969482421875
288.8125 286.36248779296875 296.92498779296875 304.556243896484375 310.64373779296875 320.91876220703125 331.54376220703125 342.33123779296875 353.70001220703125 362.66876220703125 360.868743896484375 351.537506103515625 341.125 327.91876220703125 319.931243896484375 312.83123779296875 299.024993896484375 292.681243896484375 287.10626220703125 292.15625 288.45001220703125 279.63751220703125 275.28125 270.899993896484375 254.5625 241.743743896484375 236.4375 224.774993896484375 215.962493896484375 210.1999969482421875 201.662506103515625 192.3312530517578125 184.5500030517578125 174.337493896484375 165.931243896484375 162.8625030517578125 160 155.2624969482421875 152.4250030517578125 152.556243896484375 156.131256103515625 160.681243896484375 162.9187469482421875 163.1750030517578125
303.28125 297.14373779296875 289.9375 300.368743896484375 315.024993896484375 320.63751220703125 331.91876220703125 349.45623779296875 369.024993896484375 380.712493896484375 377.962493896484375 356.07501220703125 344.068756103515625 331.60626220703125 317.91876220703125 308.006256103515625 296.26873779296875 283.16876220703125 276.79376220703125 278.84375 274.40625 270.01873779296875 266.587493896484375 259.95001220703125 243.837493896484375 232.2437591552734375 223.524993896484375 217.9937591552734375 209.5625 199.90625 194.9562530517578125 188.600006103515625 179.118743896484375 170.818756103515625 165.3625030517578125 158.399993896484375 154.9812469482421875 152.8125 149.399993896484375 148.3249969482421875 152.7624969482421875 157.587493896484375 161.774993896484375 165.75
304.600006103515625 305.16876220703125 300.14373779296875 290.51873779296875 309.462493896484375 328.10626220703125 334.91876220703125 347.818756103515625 373.212493896484375 388.493743896484375 378.92498779296875 357.962493896484375 346.20001220703125 333.45623779296875 315.75 304.4375 290.14373779296875 277.08123779296875 273.868743896484375 272.13751220703125 270.40625 264.149993896484375 258.318756103515625 245.8249969482421875 235.443756103515625 225.5187530517578125 214.8562469482421875 209.431243896484375 202.149993896484375 193.6687469482421875 191.568756103515625 186.3874969482421875 180.975006103515625 172.3125 163.631256103515625 163.493743896484375 158.1999969482421875 151.212493896484375 152.1437530517578125 156.9187469482421875 158.506256103515625 164.9499969482421875 167.21875 170.5749969482421875
313.46875 311.806243896484375 308.73126220703125 305.26251220703125 304.01251220703125 308.20623779296875 314.29376220703125 334.23748779296875 348.100006103515625 362.806243896484375 363.118743896484375 348.51251220703125 342.318756103515625 333.82501220703125 317.131256103515625 303.381256103515625 291.66876220703125 278.625 268 266.649993896484375 257 251.256256103515625 243.4499969482421875 235.5500030517578125 230.8874969482421875 221.287506103515625 210.118743896484375 202.118743896484375 194.9000091552734375 194.4187469482421875 187.6437530517578125 180.1374969482421875 174.4375 171.3874969482421875 169.46875 165.6999969482421875 157.712493896484375 154.46875 155.068756103515625 161.21875 163.162506103515625 167.9875030517578125 173.0625 176.6687469482421875
318.54998779296875 311.92498779296875 310.45001220703125 316.04998779296875 315.787506103515625 323.193756103515625 312.600006103515625 304.912506103515625 305.131256103515625 324.48126220703125 337.493743896484375 335.850006103515625 334.79998779296875 327.75 318.65625 305.23126220703125 288.33123779296875 276.3125 264.506256103515625 253.8125 257.04998779296875 246.587493896484375 236.3625030517578125 227.837493896484375 223.318756103515625 211.681243896484375 202.493743896484375 194.837493896484375 188.2687530517578125 183.7062530517578125 185.412506103515625 178.162506103515625 174.6062469482421875 170.9625091552734375 165.1875 161.600006103515625 158.09375 155.75 153.4499969482421875 155.4812469482421875 160.087493896484375 168.412506103515625 169.5124969482421875 169.837493896484375
321.10626220703125 319.03125 314.024993896484375 315.993743896484375 318.868743896484375 317.53125 318.350006103515625 316.212493896484375 304.10626220703125 300.66876220703125 308.20623779296875 313.57501220703125 323.787506103515625 320.912506103515625 314.274993896484375 300.3125 294.568756103515625 285.65625 275.73748779296875 259.64373779296875 244.7062530517578125 244.537506103515625 228.0187530517578125 226.381256103515625 216.368743896484375 206.40625 197.868743896484375 192.993743896484375 191.21875 186.3000030517578125 189.03125 175.1062469482421875 165.5562591552734375 161.34375 161.556243896484375 164.9187469482421875 165.0625 165.65625 163.506256103515625 161.6999969482421875 162.0812530517578125 163.0187530517578125 170.881256103515625 170.649993896484375
324.006256103515625 324.368743896484375 320.64373779296875 322.04376220703125 323.57501220703125 320.03125 318.3125 310.45623779296875 309.475006103515625 307.65625 304.63751220703125 295.21875 308.850006103515625 312.59375 310.125 303.29998779296875 294.037506103515625 293.85626220703125 284.45623779296875 273.162506103515625 252.125 238.618743896484375 219.6687469482421875 214.3937530517578125 203.2937469482421875 198.3562469482421875 191.837493896484375 185.8249969482421875 181.0124969482421875 182.006256103515625 182.556243896484375 173.6687469482421875 169.631256103515625 167.131256103515625 163.8000030517578125 165.5500030517578125 168.943756103515625 172.537506103515625 173.15625 177.412506103515625 180.681243896484375 180.7312469482421875 174.756256103515625 166.7312469482421875
330.70001220703125 329.25 325.28125 324.16876220703125 322.11248779296875 322.36248779296875 312.756256103515625 305.04376220703125 307.29376220703125 308.34375 308.71875 301.056243896484375 297.48748779296875 303.162506103515625 301.125 298.23748779296875 292.33123779296875 285.14373779296875 282.10626220703125 280.037506103515625 273.25 250.868743896484375 221.537506103515625 195.03125 192.943756103515625 198.3125 194.2624969482421875 184.993743896484375 176.6062469482421875 175.806243896484375 176.03125 171.431243896484375 170.506256103515625 169.9875030517578125 169.0749969482421875 167.943756103515625 171.9875030517578125 174.125 182.2937469482421875 184.743743896484375 186.837493896484375 183.25 181.0500030517578125 166.806243896484375
329.475006103515625 329.631256103515625 330.57501220703125 324.681243896484375 323.66876220703125 318.23748779296875 316.899993896484375 311.76873779296875 311.100006103515625 302.23748779296875 305.58123779296875 302.556243896484375 287.162506103515625 292.21875 298.90625 294.79376220703125 289.04376220703125 284.337493896484375 284.13751220703125 292.26873779296875 286.337493896484375 265.65625 232.8562469482421875 199.5187530517578125 189.4250030517578125 185.625 179.4499969482421875 175.774993896484375 173.412506103515625 170.9187469482421875 164.65625 165.3312530517578125 166.6062469482421875 164.0749969482421875 167.337493896484375 172.5812530517578125 179.6750030517578125 183.943756103515625 183.0812530517578125 191.037506103515625 194.193756103515625 188.78125 173.193756103515625 149.6999969482421875
334.131256103515625 331.943756103515625 329.931243896484375 324.3125 324.96875 316.587493896484375 312.79998779296875 308.618743896484375 302.42498779296875 297.568756103515625 297.068756103515625 298.11248779296875 293.48748779296875 278.568756103515625 278.66876220703125 281.29376220703125 279.068756103515625 278.60626220703125 269.48748779296875 274.90625 274.375 255.743743896484375 230.068756103515625 202.3874969482421875 180.068756103515625 173.2624969482421875 172.5 171.3000030517578125 171.375 172.2937469482421875 165.056243896484375 159.84375 164.993743896484375 161.225006103515625 164.193756103515625 172.350006103515625 184.875 193.3125 205.100006103515625 206.9875030517578125 200.649993896484375 191.462493896484375 166.625 146.8625030517578125
334.774993896484375 333.01873779296875 328.649993896484375 324.11248779296875 318.91876220703125 313.5625 306.58123779296875 304.9375 301.068756103515625 292.375 288.92498779296875 284.118743896484375 283.399993896484375 276.11248779296875 258.225006103515625 266.03125 262.725006103515625 258.318756103515625 253.6374969482421875 256.006256103515625 252.9562530517578125 236.71875 216.125 199.306243896484375 183.4562530517578125 170.881256103515625 165.399993896484375 162.0812530517578125 161.806243896484375 162.0500030517578125 162.2687530517578125 159.881256103515625 161.78125 164.59375 163.8562469482421875 179.587493896484375 198.193756103515625 213.743743896484375 226.7375030517578125 224.1750030517578125 199.1437530517578125 180.774993896484375 173.5625 173.6687469482421875
325.20001220703125 324.131256103515625 323.82501220703125 321.850006103515625 316.037506103515625 310.225006103515625 305.86248779296875 300.5 294.45001220703125 287.037506103515625 279.649993896484375 276.01251220703125 273.48126220703125 263.350006103515625 242.225006103515625 246.0749969482421875 245.2937469482421875 246.6437530517578125 237.1437530517578125 236.6999969482421875 235.6062469482421875 222.5500030517578125 209.649993896484375 198.756256103515625 191.306243896484375 180.818756103515625 175.65625 170.774993896484375 171.475006103515625 165.4499969482421875 158.693756103515625 159.6999969482421875 168.46875 165.21875 159.524993896484375 166.787506103515625 195.75 225.725006103515625 234.743743896484375 225.9812469482421875 213.9875030517578125 204.9499969482421875 204.3125 189.53125
319.256256103515625 315 315.10626220703125 310.3125 311.131256103515625 307.10626220703125 300.70623779296875 293.08123779296875 290.306243896484375 287.618743896484375 278.731231689453125 272.95001220703125 269.787506103515625 260.11248779296875 242.2624969482421875 219.600006103515625 224.3312530517578125 231.037506103515625 223.0749969482421875 221.912506103515625 218.5875091552734375 209.8937530517578125 203.1062469482421875 199.881256103515625 194.3312530517578125 185.556243896484375 177.993743896484375 175.431243896484375 173.368743896484375 174.693756103515625 170.6999969482421875 165.3937530517578125 159.8249969482421875 154.2624969482421875 150.1374969482421875 178 193.4875030517578125 215.256256103515625 232.274993896484375 239.8125 241.0187530517578125 233.375 217.6875 194.9875030517578125
309.912506103515625 308.41876220703125 304.875 306.04376220703125 306.29998779296875 304.04998779296875 297.756256103515625 292.306243896484375 282.26251220703125 275.818756103515625 272.09375 268.806243896484375 260.91876220703125 251.631256103515625 243.399993896484375 223.181243896484375 199.556243896484375 204.1875 206.9562530517578125 204.568756103515625 198.881256103515625 196.243743896484375 191.6374969482421875 196.806243896484375 192.756256103515625 179.3312530517578125 173.09375 170.462493896484375 175.0187530517578125 178.0625 178.8625030517578125 178.006256103515625 172.6374969482421875 173.7312469482421875 186.868743896484375 199.59375 219.368743896484375 237.1687469482421875 253.087493896484375 246.1437530517578125 246.8249969482421875 232.2624969482421875 209.8312530517578125 194.0437469482421875
295.41876220703125 295.681243896484375 298.16876220703125 299.6875 301.193756103515625 302.475006103515625 294.82501220703125 288.10626220703125 277.91876220703125 266.131256103515625 258.21875 258.962493896484375 249.399993896484375 241.9187469482421875 237.4250030517578125 223.381256103515625 201.0687408447265625 179.087493896484375 194.3625030517578125 186.600006103515625 181.4562530517578125 179.4875030517578125 182.28125 186.5187530517578125 187.8937530517578125 175.881256103515625 167.09375 172.1875 175.96875 175.118743896484375 167.693756103515625 161.8312530517578125 186.1437530517578125 194.087493896484375 201.193756103515625 236.850006103515625 253.0625 249.78125 253.78125 249.875 229.0749969482421875 210.243743896484375 192.587493896484375 182.03125
282.306243896484375 286.67498779296875 289.587493896484375 293.11248779296875 296.568756103515625 293.38751220703125 287.806243896484375 280.46875 273.10626220703125 264.45623779296875 254.1125030517578125 242.0749969482421875 234.743743896484375 230.5812530517578125 222.2375030517578125 212.4187469482421875 204.5625 179.2937469482421875 168.0187530517578125 165.03125 167.537506103515625 172.625 158.84375 168.868743896484375 171.5749969482421875 175.09375 173.71875 170.125 177.6999969482421875 176.3125 171.556243896484375 174.28125 188.524993896484375 194.15625 209.1999969482421875 235.5749969482421875 242.225006103515625 237.03125 238.850006103515625 227.5812530517578125 209.524993896484375 186.975006103515625 177.1687469482421875 172.4499969482421875
273.58123779296875 278.95623779296875 279.774993896484375 277.09375 278.79998779296875 283.42498779296875 279.600006103515625 271.587493896484375 269.712493896484375 263.10626220703125 254.306243896484375 247.350006103515625 237.4375 226.1125030517578125 214.725006103515625 193.4375 179.84375 180.368743896484375 168.75 167.71875 151.3625030517578125 149.399993896484375 157.0625 161.037506103515625 157.587493896484375 155.225006103515625 156.181243896484375 167.03125 165.037506103515625 161.3562469482421875 162.7687530517578125 181.8937530517578125 190.368743896484375 194.693756103515625 201.743743896484375 218.037506103515625 228.600006103515625 225.4499969482421875 218.5749969482421875 207.943756103515625 188.03125 165.306243896484375 164.056243896484375 163.0812530517578125
