data/historical-monthly-weather-data/wc2.1_cruts4.09_10m_prec_1980-10.asc
ncols        45
nrows        45
xllcorner    -63.500000000000
yllcorner    -7.500000000000
cellsize     0.166666666667
NODATA_value -9999
[rows 0 to 19 of 45, columns 0 to 43 of 45]
231.1875 232.868743896484375 230.975006103515625 232.4375 231.993743896484375 228.9250030517578125 222.5 216.225006103515625 209.2687530517578125 204.4375 202.0749969482421875 197.4250030517578125 191.6374969482421875 183.3874969482421875 175.1437530517578125 166.9187469482421875 158.9187469482421875 150.212493896484375 142.90625 136.0437469482421875 131.6750030517578125 127.16249847412109375 123.0625 118.3000030517578125 113.9499969482421875 110.02500152587890625 105.68125152587890625 101.6374969482421875 98.0749969482421875 94.5187530517578125 91.25624847412109375 88.1437530517578125 85.59999847412109375 83.34999847412109375 81.46250152587890625 80.3125 79.1875 77.86875152587890625 76.59375 75.1687469482421875 73.65625 71.875 69.43125152587890625 66.6374969482421875
227.6062469482421875 229.318756103515625 231.4875030517578125 237.1687469482421875 242.7687530517578125 238.75 233.087493896484375 229.1875 225.056243896484375 220.4375 216.0124969482421875 208.71875 200.618743896484375 191.65625 181.9562530517578125 173.024993896484375 163.037506103515625 153.506256103515625 144.8937530517578125 137.4562530517578125 132.4187469482421875 128.28125 124.36875152587890625 120.2375030517578125 116.2687530517578125 112.03749847412109375 108.30625152587890625 104.4562530517578125 100.65625 96.59375 93.9187469482421875 91.74375152587890625 90.1125030517578125 89.02500152587890625 87.46875 86.2624969482421875 85.5749969482421875 84.40625 83.43125152587890625 82.09375 80.84375 79.30625152587890625 77.0187530517578125 74.21875
218.875 221.5625 224.243743896484375 231.225006103515625 238.0124969482421875 237.8562469482421875 237.5500030517578125 238.806243896484375 238.087493896484375 234.587493896484375 228.5749969482421875 218.7937469482421875 208.600006103515625 197.7687530517578125 186.875 176.662506103515625 166.90625 157.899993896484375 149.681243896484375 142.6125030517578125 137.5 133.9250030517578125 129.90625 124.96250152587890625 120.1750030517578125 115.7312469482421875 111.61875152587890625 107.65000152587890625 102.97499847412109375 99.58750152587890625 97.5124969482421875 95.1687469482421875 93.38124847412109375 92.19374847412109375 90.59375 88.8562469482421875 87.22499847412109375 85.68125152587890625 84.49375152587890625 82.8562469482421875 81.3562469482421875 80 78.15000152587890625 76.08750152587890625
208.03125 210.21875 215.1875 220.118743896484375 227.431243896484375 231.368743896484375 237.2062530517578125 244.34375 249.462493896484375 248.431243896484375 240.125 227.1062469482421875 214.256256103515625 202.243743896484375 191.4499969482421875 180.2624969482421875 170.0124969482421875 162.368743896484375 155.431243896484375 149.375 144.6062469482421875 140.118743896484375 135.193756103515625 129.712493896484375 123.96875 118.49375152587890625 114.03749847412109375 109.59999847412109375 105.0500030517578125 101.88124847412109375 100.06874847412109375 98.41249847412109375 95.7624969482421875 93.63124847412109375 91.21875 89.6875 87.6687469482421875 85.36875152587890625 83.9499969482421875 82.06874847412109375 79.65625 78.8000030517578125 77.56874847412109375 76.2687530517578125
206.6125030517578125 203.7062530517578125 203.03125 206.975006103515625 215.556243896484375 223.600006103515625 233.2062530517578125 244.5812530517578125 256.774993896484375 261.90625 249.556243896484375 231.4187469482421875 217.46875 205.9562530517578125 194.4625091552734375 182.837493896484375 173.0437469482421875 165.506256103515625 159.3000030517578125 154.0812530517578125 150.125 145.1687469482421875 139.90625 133.9375 127.3562469482421875 121.1687469482421875 115.7687530517578125 111.56874847412109375 107.5437469482421875 103.8937530517578125 102.09375 100.3937530517578125 97.91249847412109375 95.3249969482421875 92.8249969482421875 90.28749847412109375 87.5500030517578125 84.8125 82.69374847412109375 80.2937469482421875 77.4812469482421875 76.50624847412109375 76.0749969482421875 75.28125
204.4812469482421875 201.256256103515625 196.1125030517578125 193.600006103515625 203.2874908447265625 214.881256103515625 225.287506103515625 236.818756103515625 249.65625 259.131256103515625 244.7624969482421875 227.1687469482421875 215.537506103515625 205.056243896484375 194.631256103515625 185.375 176.087493896484375 169.5437469482421875 164.7062530517578125 160.03125 155.649993896484375 150.600006103515625 145.1875 137.6750030517578125 130.5437469482421875 123.70000457763671875 117.77500152587890625 112.66249847412109375 108.8562469482421875 105.1687469482421875 103.375 102.43125152587890625 99.43125152587890625 96.7624969482421875 94.02500152587890625 91.0500030517578125 87.59375 84.4812469482421875 82.4562530517578125 78.80625152587890625 74.19374847412109375 73.1999969482421875 72.55625152587890625 72.22499847412109375
206.7937469482421875 202.6062469482421875 196.7937469482421875 192.5749969482421875 198.03125 205.806243896484375 213.59375 220.274993896484375 225.212493896484375 226.431243896484375 223.600006103515625 216.1750030517578125 209.412506103515625 202.412506103515625 194.1999969482421875 186.868743896484375 179.493743896484375 173.5625 169.0625 165.725006103515625 161.462493896484375 156.225006103515625 150.024993896484375 142.0625 134.2937469482421875 126.71875 120.6125030517578125 114.6875 109.5812530517578125 106.49375152587890625 104.7624969482421875 103.375 100.16249847412109375 97.47499847412109375 94.77500152587890625 90.6875 86.4875030517578125 82.5625 80.78749847412109375 75.47499847412109375 69.90000152587890625 68.02500152587890625 67.4250030517578125 67.43125152587890625
210.7062530517578125 205.1437530517578125 201.1062469482421875 199.59375 200.912506103515625 204.5812530517578125 205.0124969482421875 201.6062469482421875 194.881256103515625 194.28125 200.693756103515625 202.1750030517578125 201.631256103515625 198.350006103515625 194.024993896484375 188.556243896484375 182.899993896484375 177.993743896484375 174.431243896484375 172.2624969482421875 168.006256103515625 162.1125030517578125 155.375 146.962493896484375 138.3562469482421875 129.5437469482421875 122.40625 115.40625 109.6125030517578125 105.75 104.27500152587890625 103.24375152587890625 100.15625 97.40625 94.0812530517578125 89.1374969482421875 83.3625030517578125 78.1687469482421875 74.30625152587890625 68.84999847412109375 62.97499847412109375 60.72499847412109375 59.49375152587890625 58.987499237060546875
215.1999969482421875 211.0625 208.84375 207.118743896484375 207.225006103515625 207.1750030517578125 204.1374969482421875 194.9375 179.9875030517578125 174.524993896484375 185.587493896484375 191.9562530517578125 195.225006103515625 194.412506103515625 193.2937469482421875 191.2687530517578125 188.0812530517578125 185.4250030517578125 183.59375 180.9499969482421875 175.649993896484375 169.4187469482421875 160.662506103515625 152.100006103515625 141.837493896484375 131.475006103515625 122.7312469482421875 116.21875 110.0812530517578125 105.3249969482421875 103.4187469482421875 101.8249969482421875 98.06874847412109375 94.61875152587890625 90.6750030517578125 85.69374847412109375 79.875 73.50624847412109375 68.1999969482421875 62.43125152587890625 56.375 53.424999237060546875 51.71250152587890625 50.02500152587890625
220.6374969482421875 217.149993896484375 214.962493896484375 214.462493896484375 215.0187530517578125 213.962493896484375 209.287506103515625 199.118743896484375 186.631256103515625 181.2312469482421875 184.9499969482421875 188.3000030517578125 191.712493896484375 192.4812469482421875 194.0500030517578125 195.0500030517578125 194.3937530517578125 193.8187408447265625 193.25 192.625 185.875 177.7312469482421875 167.09375 155.9812469482421875 143.3562469482421875 132.024993896484375 123.55625152587890625 115.90625 109.72499847412109375 104.7624969482421875 101.4499969482421875 99.33750152587890625 95.33750152587890625 91.7937469482421875 87.96250152587890625 82.5187530517578125 76 69.0500030517578125 63.143749237060546875 56.543750762939453125 50.15625 46.762500762939453125 43.987499237060546875 41.63124847412109375
226.162506103515625 222.912506103515625 220.6687469482421875 220.3625030517578125 221.337493896484375 223.40625 219.568756103515625 208.21875 197.0124969482421875 191.193756103515625 190.556243896484375 190.84375 191.287506103515625 192.6374969482421875 195.9562530517578125 198.5124969482421875 200.6875 201.6875 202.875 203.78125 198.318756103515625 187.5625 174.100006103515625 158.6437530517578125 145.837493896484375 134.6374969482421875 125.9812469482421875 118.0124969482421875 110.38124847412109375 104.94374847412109375 101.08750152587890625 98.125 93.86875152587890625 89.81874847412109375 85.21875 79.06874847412109375 72.16249847412109375 64.4875030517578125 58.03125 51.049999237060546875 44.375 40.65625 37.77500152587890625 34.78749847412109375
229.725006103515625 226.431243896484375 224.6999969482421875 225.3125 227.0500030517578125 229.912506103515625 228.3312530517578125 215.7062530517578125 205.2624969482421875 198.15625 194.9187469482421875 194.6687469482421875 194.4375 196.1125030517578125 200.3625030517578125 203.024993896484375 205.75 207.1125030517578125 208.850006103515625 211.5437469482421875 208.59375 196.5187530517578125 180.4375 162.84375 147.475006103515625 134.399993896484375 124.69374847412109375 117.4187469482421875 110.58750152587890625 105.28749847412109375 100.3249969482421875 96.5749969482421875 91.56874847412109375 87.0812530517578125 82.40625 75.8249969482421875 68.55625152587890625 61.09375 54.043750762939453125 46.93125152587890625 39.88124847412109375 36.049999237060546875 33.012500762939453125 30.268749237060546875
231.631256103515625 228.9562530517578125 227.4562530517578125 227.350006103515625 228.6687469482421875 229.712493896484375 225.743743896484375 217.4875030517578125 208.6374969482421875 203.006256103515625 199.368743896484375 198.4187469482421875 199.149993896484375 199.3312530517578125 203.2624969482421875 207.068756103515625 209.125 211.068756103515625 213.118743896484375 214.9499969482421875 213.8000030517578125 202.131256103515625 184.693756103515625 166.4187469482421875 145.9187469482421875 131.5625 124.91249847412109375 117.66875457763671875 111.3562469482421875 105.50624847412109375 99.8874969482421875 94.75 89.58750152587890625 84.34375 79.3562469482421875 72.90000152587890625 65.61875152587890625 58.575000762939453125 51.618747711181640625 43.65625 36.61875152587890625 33.03749847412109375 29.774999618530273438 25.631250381469726562
231.8874969482421875 229.2062530517578125 227.90625 227.3249969482421875 227.125 226.5437469482421875 222.649993896484375 217.337493896484375 211.0437469482421875 205.243743896484375 201.1875 200.71875 201.59375 203.1687469482421875 204.837493896484375 208.649993896484375 210.181243896484375 211.118743896484375 211.875 212.381256103515625 209.46875 199.006256103515625 185.4250030517578125 169.181243896484375 151.337493896484375 137.3937530517578125 128.662506103515625 120.15000152587890625 112.53749847412109375 105.08750152587890625 98.33750152587890625 92.8312530517578125 87.16249847412109375 81.78125 76.72499847412109375 70.53749847412109375 63.768749237060546875 57.3125 50.4375 42.762500762939453125 35.03749847412109375 30.4375 27.075000762939453125 23.993749618530273438
230.8249969482421875 228.6437530517578125 226.375 225.618743896484375 224.9187469482421875 223.431243896484375 221.618743896484375 217.7937469482421875 211.7312469482421875 206.6750030517578125 203.0625 202.4499969482421875 203.09375 204.6437530517578125 205.3874969482421875 208.4375 208.78125 207.600006103515625 206.350006103515625 206.3562469482421875 203.068756103515625 195.7375030517578125 186.3937530517578125 175.2687530517578125 162.3312530517578125 148.78125 136.3249969482421875 124.59999847412109375 114.30625152587890625 104.75 96.625 90.1437530517578125 84.4250030517578125 79.6374969482421875 74.69374847412109375 68.4812469482421875 62.65625 57.737499237060546875 52.200000762939453125 44.19374847412109375 35.825000762939453125 30.9375 27.537500381469726562 24.587499618530273438
227.9875030517578125 225.506256103515625 223.7312469482421875 223.0812530517578125 222.162506103515625 221.4187469482421875 219.6750030517578125 216.225006103515625 211.5749969482421875 207.4562530517578125 203.125 201.3874969482421875 202.006256103515625 203.787506103515625 205.118743896484375 206.2624969482421875 204.1125030517578125 201.625 199.5 198.243743896484375 194.743743896484375 191.100006103515625 187.131256103515625 182.5812530517578125 172.8874969482421875 159.006256103515625 144.431243896484375 129.9250030517578125 116.66249847412109375 104.4875030517578125 94.8937530517578125 87.0749969482421875 81.01874542236328125 76.3625030517578125 71.18125152587890625 64.8937530517578125 61.15000152587890625 57.3125 53.21875 45.918750762939453125 38.22499847412109375 33.112499237060546875 28.975000381469726562 25.375
222.8000030517578125 220.931243896484375 220.71875 220.9499969482421875 220.149993896484375 219.5812530517578125 218.3625030517578125 215.618743896484375 211.6750030517578125 206.71875 201.993743896484375 199.78125 198.975006103515625 199.587493896484375 199.75 199.318756103515625 195.0124969482421875 191.537506103515625 189.4875030517578125 188.618743896484375 185.8249969482421875 184.6875 185.899993896484375 187.587493896484375 182.8000030517578125 166.09375 150.056243896484375 132.6750030517578125 116.69374847412109375 103.03125 92.90625 85.5124969482421875 77.69374847412109375 71.15000152587890625 65.56874847412109375 61.69374847412109375 59.143749237060546875 58.831249237060546875 57.768749237060546875 49.40000152587890625 41.05625152587890625 35.418750762939453125 30.362499237060546875 26.524999618530273438
217.3312530517578125 216.3562469482421875 217.6999969482421875 218.71875 218.931243896484375 219.6437530517578125 219.1999969482421875 216.649993896484375 212.412506103515625 207.493743896484375 202.46875 198.1999969482421875 195.2312469482421875 192.8562469482421875 190.9875030517578125 188.412506103515625 183.7375030517578125 179.381256103515625 178.3000030517578125 177.3000030517578125 175.3937530517578125 175.5187530517578125 178.493743896484375 182.3125 179.7062530517578125 166.59375 152.649993896484375 133.899993896484375 115.68125152587890625 100.0625 88.9875030517578125 81.34999847412109375 75.6062469482421875 70.6062469482421875 63.387500762939453125 55.63124847412109375 56.46875 57.799999237060546875 55.987499237060546875 50.075000762939453125 42.28749847412109375 36.80625152587890625 31.71875 27.71875
210.25 211.4499969482421875 214.3000030517578125 216.8312530517578125 218.75 219.8562469482421875 219.8249969482421875 218.225006103515625 214.931243896484375 208.9375 201.6687469482421875 196.1062469482421875 190.3937530517578125 185.193756103515625 181.725006103515625 179.1999969482421875 174.4875030517578125 169.337493896484375 168.0749969482421875 166.6062469482421875 164.8249969482421875 167.9375 168.1125030517578125 171.475006103515625 169.7375030517578125 162.3562469482421875 149.15625 131.9499969482421875 114.9375 97.9499969482421875 84.9875030517578125 80.3125 78.6125030517578125 73.03749847412109375 66.11875152587890625 59.456249237060546875 57.674999237060546875 56.47499847412109375 53.97499847412109375 49.00624847412109375 42.5625 38.34999847412109375 33.09999847412109375 28.96875
202.118743896484375 205.568756103515625 209.6125030517578125 213.662506103515625 217.34375 220.318756103515625 221.8625030517578125 221.3062591552734375 217.4875030517578125 211.4375 202.9812469482421875 194.6999969482421875 186.618743896484375 178.8874969482421875 174.2937469482421875 171.1125030517578125 165.6875 163.193756103515625 162.0124969482421875 162.03125 158.59375 158.3937530517578125 162.0124969482421875 164.068756103515625 161.899993896484375 154.5437469482421875 143.2375030517578125 130.3000030517578125 114.0187530517578125 98.50624847412109375 87.55625152587890625 85.3625030517578125 82.93125152587890625 79.93125152587890625 75.58750152587890625 68.0812530517578125 62.21250152587890625 57.86875152587890625 53.637500762939453125 48.549999237060546875 43.106250762939453125 39.168750762939453125 34.356250762939453125 30.100000381469726562
