data/historical-monthly-weather-data/wc2.1_cruts4.09_10m_prec_1959-07.asc
ncols        51
nrows        45
xllcorner    -63.500000000000
yllcorner    -7.500000000000
cellsize     0.166666666667
NODATA_value -9999
[rows 0 to 18 of 45, columns 0 to 42 of 51]
403.818756103515625 394.6875 385.743743896484375 384.5 377.587493896484375 371.493743896484375 365.10626220703125 355.15625 351 349.48126220703125 341.375 331.1875 319.100006103515625 311.85626220703125 304.84375 294.38751220703125 283.743743896484375 269.04998779296875 257.26251220703125 249.6374969482421875 245.21875 235.006256103515625 226.931243896484375 221.181243896484375 218.368743896484375 211.9000091552734375 209.8937530517578125 208.618743896484375 205.5625 210.6374969482421875 207.662506103515625 209.9875030517578125 220.3937530517578125 226.6437530517578125 231.443756103515625 229.649993896484375 222.662506103515625 226.78125 216.5625 207.743743896484375 206.524993896484375 205.899993896484375 198.8125
387.9375 377.243743896484375 368.39373779296875 367.975006103515625 364.95001220703125 359.42498779296875 352.149993896484375 344.73748779296875 340.306243896484375 334.225006103515625 325.01251220703125 312.412506103515625 300.11248779296875 289.73748779296875 278.774993896484375 268.45623779296875 256.83123779296875 243.3937530517578125 232.8000030517578125 223.4875030517578125 213.09375 207.725006103515625 202.2687530517578125 202.181243896484375 195.9812469482421875 192.556243896484375 193.368743896484375 194.9499969482421875 192.6687469482421875 195.8874969482421875 200.149993896484375 210.4499969482421875 220.337493896484375 231.556243896484375 238.2687530517578125 232.6999969482421875 226.0749969482421875 226.443756103515625 215.3562469482421875 208.9875030517578125 209.8000030517578125 205.2375030517578125 199.8000030517578125
348.71875 346.787506103515625 344.48126220703125 338.90625 331.48126220703125 323.818756103515625 319.256256103515625 318.25 315.33123779296875 308.931243896484375 299.837493896484375 285.337493896484375 276.17498779296875 261.54376220703125 249.587493896484375 238.399993896484375 228.5 216.3312530517578125 205.4499969482421875 198.59375 189.899993896484375 186.306243896484375 183.350006103515625 183.3249969482421875 180.9250030517578125 176.6437530517578125 183.6875 185.4562530517578125 185.962493896484375 191.7062530517578125 197.2375030517578125 200.787506103515625 211.5500030517578125 225.8937530517578125 225.1875 218.4187469482421875 217.4187469482421875 220.787506103515625 209.568756103515625 204.587493896484375 204.4187469482421875 201.600006103515625 194.5124969482421875
314.050018310546875 306.98126220703125 308.868743896484375 308.67498779296875 298.63751220703125 288.881256103515625 283.38751220703125 286.64373779296875 288.287506103515625 284.3125 270.61248779296875 257.01873779296875 246.5124969482421875 237.787506103515625 223.9562530517578125 210.8125 199.6062469482421875 189.9812469482421875 182.9875030517578125 181.1437530517578125 175.0437469482421875 167.725006103515625 164.9375 167.71875 168.2062530517578125 167.0812530517578125 171.5749969482421875 171.131256103515625 176.006256103515625 187.5625 194.131256103515625 197.2687530517578125 201.493743896484375 206.78125 207.962493896484375 212.743743896484375 215.40625 210.1687469482421875 203.0437469482421875 197.5749969482421875 200.774993896484375 200.9812469482421875 194.3874969482421875
312.70001220703125 292.681243896484375 272.256256103515625 270.54376220703125 269.431243896484375 259.17498779296875 256.881256103515625 258.868743896484375 258.743743896484375 253.3000030517578125 247.006256103515625 233.006256103515625 222.9375 213.274993896484375 199.9562530517578125 188.0437469482421875 176.8000030517578125 169.7687530517578125 160.7624969482421875 158.2687530517578125 155.9875030517578125 150.006256103515625 146.975006103515625 154.6750030517578125 155.8312530517578125 155.5437469482421875 158.568756103515625 164.881256103515625 169.725006103515625 176.5749969482421875 185.3874969482421875 192.149993896484375 199.287506103515625 202.4375 203.225006103515625 200.600006103515625 202.9250030517578125 202.8249969482421875 195.0812530517578125 192.837493896484375 194.931243896484375 190.6125030517578125 189.1374969482421875
288.79376220703125 277.57501220703125 261.10626220703125 232.037506103515625 234.75 241.6750030517578125 238.4562530517578125 236.743743896484375 238.6687469482421875 232.662506103515625 224.256256103515625 213.1437530517578125 204.6999969482421875 191.306243896484375 182.3312530517578125 171.8312530517578125 159.5187530517578125 150.21875 144.53125 143.243743896484375 141.524993896484375 138.8375091552734375 139.0124969482421875 141.9375 146.65625 148.9812469482421875 152.725006103515625 158.274993896484375 161.9187469482421875 168.350006103515625 176.2312469482421875 186.6750030517578125 189.9375 195.5437469482421875 193.806243896484375 193.3312530517578125 187.381256103515625 187.600006103515625 187.4250030517578125 189.306243896484375 184.600006103515625 184.118743896484375 180.537506103515625
269.33123779296875 259.162506103515625 245.318756103515625 228.899993896484375 215.6125030517578125 207.6062469482421875 211.024993896484375 213.7687530517578125 211.350006103515625 208.431243896484375 203.59375 190.537506103515625 185.3312530517578125 175.3249969482421875 164.568756103515625 156.774993896484375 148.193756103515625 136.3874969482421875 127.3937530517578125 128.7375030517578125 127.875 126.3312530517578125 126.3625030517578125 132.725006103515625 137.5812530517578125 143.4187469482421875 150.78125 152.1125030517578125 153.806243896484375 163.9375 169.9375 173.8000030517578125 175.9875030517578125 183.0187530517578125 186.15625 182.693756103515625 176.462493896484375 174.2062530517578125 176.493743896484375 180.3937530517578125 175.868743896484375 171.993743896484375 171.087493896484375
254.9375 240.693756103515625 230.1374969482421875 219.181243896484375 209.9250030517578125 208.818756103515625 198.8937530517578125 184.0749969482421875 178.5749969482421875 177.28125 175.0187530517578125 169.506256103515625 164.6437530517578125 156.03125 149.2312469482421875 142.212493896484375 133.53125 123.78125 116.09375 111.71875 115.86875152587890625 118.0500030517578125 118.34999847412109375 124.8937530517578125 132.649993896484375 135.556243896484375 142.3000030517578125 142.75 148.3874969482421875 153.53125 163.4875030517578125 167.037506103515625 169.837493896484375 171.4187469482421875 171.443756103515625 165.662506103515625 160.806243896484375 159.2937469482421875 158.149993896484375 158.006256103515625 156.7624969482421875 156.6875 155.600006103515625
240.712493896484375 228.1125030517578125 216.556243896484375 209.6437530517578125 203.46875 197.756256103515625 190.4250030517578125 181.681243896484375 170.899993896484375 160.0124969482421875 155.1374969482421875 148.350006103515625 149.53125 142.1875 135.65625 128.8125 123.09999847412109375 117.7687530517578125 114.84375 106.53125 106.6750030517578125 112.6062469482421875 114.2687530517578125 122.8249969482421875 129.9187469482421875 129.9875030517578125 132.931243896484375 140.243743896484375 146.375 149.524993896484375 159.1687469482421875 158.056243896484375 153.3937530517578125 151.59375 152.6875 154.1374969482421875 153.53125 153.7937469482421875 150.1687469482421875 146.725006103515625 144.306243896484375 143.125 143.3125
223.837493896484375 213.837493896484375 205.743743896484375 199.649993896484375 193.9187469482421875 191.1062469482421875 183.6999969482421875 175.600006103515625 167.524993896484375 160.475006103515625 150.2937469482421875 138.4499969482421875 136.7375030517578125 131.96875 126.2687530517578125 121.03749847412109375 113.53749847412109375 112.25624847412109375 110.5812530517578125 106.61875152587890625 106.91249847412109375 106.99375152587890625 107.34999847412109375 115.9187469482421875 121.875 127.1062469482421875 129.712493896484375 135.287506103515625 138.7375030517578125 141.9812469482421875 147.6750030517578125 145.8125 143.9875030517578125 141.181243896484375 139.5437469482421875 142.0124969482421875 142.9250030517578125 143.8000030517578125 141.28125 141.875 142.274993896484375 138.96875 133.7624969482421875
212.149993896484375 203.306243896484375 194.912506103515625 190.6687469482421875 184.6999969482421875 182.0437469482421875 176.15625 164.743743896484375 154.193756103515625 147.912506103515625 142.2375030517578125 133.8625030517578125 124.3937530517578125 121.58750152587890625 114.0749969482421875 108.63124847412109375 104.99375152587890625 104.5124969482421875 103.5812530517578125 105.00624847412109375 109.4562530517578125 109.03125 105.8625030517578125 105.6062469482421875 116.78125 128.912506103515625 132.2624969482421875 134.5437469482421875 132.7375030517578125 134.818756103515625 137.337493896484375 138.8000030517578125 137.618743896484375 133.212493896484375 132.9375 133.193756103515625 134.087493896484375 131.53125 135.8125 134.96875 132.1687469482421875 128.34375 126.9812469482421875
201.875 191.787506103515625 184.7687530517578125 181.4875030517578125 177.1875 174.5437469482421875 170.193756103515625 159.631256103515625 147.3562469482421875 137.1062469482421875 130.3562469482421875 125.63124847412109375 114.4812469482421875 109.1437530517578125 106.3249969482421875 99.49375152587890625 96.21250152587890625 96.25 96.57500457763671875 100.18125152587890625 108.8312530517578125 111.15000152587890625 112.43125152587890625 110.375 114.6687469482421875 116.65625 120.02500152587890625 124.84375 125.66249847412109375 126.16249847412109375 124.4812469482421875 125.3125 125.71250152587890625 124.43125152587890625 125.84999847412109375 127.8125 126.61875152587890625 128.1125030517578125 124.75 124.5 121.34375 120.7062530517578125 114.40000152587890625
186.15625 180.037506103515625 175.53125 170.2062530517578125 164.556243896484375 162.3000030517578125 156.274993896484375 145.399993896484375 134.9499969482421875 128.556243896484375 123.3562469482421875 116.05625152587890625 109.91249847412109375 97.66249847412109375 92.03749847412109375 90.2062530517578125 87.4250030517578125 88.8562469482421875 90.15625 92.5187530517578125 99.65000152587890625 103.30625152587890625 107.65000152587890625 108.1062469482421875 106.66249847412109375 108.64374542236328125 112.7312469482421875 117.63124847412109375 119.03125 117.71875 115.2624969482421875 112.11875152587890625 114.5749969482421875 114.53749847412109375 115.36875152587890625 118.1374969482421875 121.3874969482421875 125.5812530517578125 127.90625 122.22499847412109375 114.7687530517578125 111.34999847412109375 101.9499969482421875
173.087493896484375 167.1374969482421875 163.368743896484375 157.6374969482421875 151.412506103515625 146.868743896484375 140.524993896484375 131.681243896484375 126.34375 118.65000152587890625 113.27500152587890625 107.09999847412109375 98.71250152587890625 89.6687469482421875 79.25624847412109375 79.34999847412109375 76.43125152587890625 78.9187469482421875 79.8312530517578125 83.03749847412109375 89.34375 95.5 100.8249969482421875 103.49375152587890625 102.83750152587890625 103.5124969482421875 105.19374847412109375 106.125 106.9375 105.7937469482421875 107.5124969482421875 105.9499969482421875 104.4562530517578125 104.3625030517578125 105.72499847412109375 112.21875 119.97499847412109375 128.03125 133.100006103515625 126.66249847412109375 109.25 99.5500030517578125 99.3562469482421875
163.2312469482421875 155.59375 150.274993896484375 145.6999969482421875 138.3249969482421875 132.6437530517578125 129.4875030517578125 121.25624847412109375 114.94374847412109375 108.1125030517578125 102.74375152587890625 95.625 88.96250152587890625 81.9375 69.875 67.49375152587890625 65.61875152587890625 67.5749969482421875 69.21875 73.03125 81.1999969482421875 87.7624969482421875 93.97499847412109375 99.5 102.3937530517578125 104.5 105.19374847412109375 103.9499969482421875 104.96250152587890625 104.65000152587890625 100.9187469482421875 100.4375 102.9499969482421875 101.0124969482421875 97.40625 102.2062530517578125 115.8937530517578125 130.5187530517578125 137.149993896484375 129.8937530517578125 119.33750152587890625 112.4499969482421875 118.43125152587890625
150.181243896484375 143.568756103515625 139.068756103515625 132.96875 126.8000030517578125 123.71250152587890625 116.7687530517578125 109.61875152587890625 104.3125 99.8874969482421875 93.6875 87.13124847412109375 80.9375 74.21875 64.8249969482421875 54.512500762939453125 54.52500152587890625 57.53125 59.018749237060546875 63.149997711181640625 70.80625152587890625 79.7937469482421875 88.21875 98.25 103.1062469482421875 104.8125 102.875 98.9562530517578125 99.8937530517578125 99.9187469482421875 102.33750152587890625 97.5749969482421875 94.6374969482421875 91.5749969482421875 89.53125 102.78749847412109375 114.1374969482421875 126.7624969482421875 137.068756103515625 140.4499969482421875 136.7687530517578125 130.899993896484375 126.93125152587890625
138.0500030517578125 132.2375030517578125 128.5625 123.9250030517578125 118.8625030517578125 112.5812530517578125 107.5749969482421875 101.0812530517578125 96.3312530517578125 92.1687469482421875 86.8625030517578125 79.5 72.40000152587890625 67.0500030517578125 62.456249237060546875 54.875 47.856250762939453125 48.16249847412109375 52.24375152587890625 55.862499237060546875 63.38124847412109375 73.09999847412109375 84.6687469482421875 96.91249847412109375 105.09999847412109375 100.3249969482421875 94.31874847412109375 91 93.71250152587890625 96.4875030517578125 99.22499847412109375 100.6062469482421875 97.03749847412109375 94.75624847412109375 102.59375 110.3249969482421875 124.21875 142.037506103515625 156.274993896484375 147.931243896484375 140.875 132.125 122.08750152587890625
126 122.53125 117.6062469482421875 114.1437530517578125 108.96875 101.7687530517578125 96.1437530517578125 91.02500152587890625 86.84999847412109375 81 76.6750030517578125 72.03749847412109375 65.8874969482421875 60.94374847412109375 57.924999237060546875 53.50624847412109375 47.5 41.90625 46.28125 49.03749847412109375 56.55625152587890625 66.0625 80.1374969482421875 90.9187469482421875 97.46250152587890625 92.7062530517578125 86.38124847412109375 85.1750030517578125 88.69374847412109375 89.40000152587890625 87.47499847412109375 87.8125 100.71875 105.80625152587890625 105.71875 118.50624847412109375 135.8000030517578125 147.4375 155.1125030517578125 149.6687469482421875 134.8625030517578125 125.7624969482421875 116.25
114.90625 111.8000030517578125 106.00624847412109375 101.65625 97.93125152587890625 92.25624847412109375 85.71250152587890625 81.625 78.63124847412109375 73.91249847412109375 69.875 63.987499237060546875 59.24375152587890625 55.84375 51.34999847412109375 48.71250152587890625 45.06874847412109375 41.1875 38.956249237060546875 40.549999237060546875 50.424999237060546875 64.1875 66.6875 77.4187469482421875 84.1062469482421875 86.4812469482421875 83.61875152587890625 80.9812469482421875 84.61875152587890625 86.6437530517578125 86.78125 89.1875 98.4562530517578125 101.08750152587890625 104.49375152587890625 115.125 124.4812469482421875 132.1687469482421875 139.625 132.6687469482421875 125.1374969482421875 114.93125152587890625 108.125
