data/historical-monthly-weather-data/wc2.1_cruts4.09_10m_prec_1990-12.asc
ncols        45
nrows        45
xllcorner    -63.500000000000
yllcorner    -7.500000000000
cellsize     0.166666666667
NODATA_value -9999
[rows 20 to 39 of 45, columns 0 to 44 of 45]
218.8562469482421875 220.743743896484375 221.3000030517578125 222.6999969482421875 225.006256103515625 227.8874969482421875 230.118743896484375 231.850006103515625 233.8249969482421875 234.0124969482421875 232.181243896484375 229.631256103515625 226.3937530517578125 221.2375030517578125 213.350006103515625 204.0437469482421875 195.0437469482421875 187 181.34375 175.78125 170.6062469482421875 165.306243896484375 160.8249969482421875 160.5437469482421875 161.875 162.5625 161.931243896484375 157.4812469482421875 150.71875 145.306243896484375 142.1062469482421875 143.4499969482421875 147.506256103515625 153.2312469482421875 160.131256103515625 171 185.0187530517578125 199.9812469482421875 212.2062530517578125 219.568756103515625 221.868743896484375 220.649993896484375 221.46875 222.681243896484375 223.118743896484375
215.09375 216.368743896484375 218.15625 221.587493896484375 224.96875 228.256256103515625 231.568756103515625 234.337493896484375 236.1999969482421875 236.2312469482421875 233.59375 230.225006103515625 226.25 220.4499969482421875 213.1125030517578125 204.662506103515625 196.4000091552734375 188.78125 182.306243896484375 176.2624969482421875 169.962493896484375 165.28125 162.3625030517578125 162.2624969482421875 163.9250030517578125 166.8562469482421875 169.6750030517578125 166.5812530517578125 161.0062408447265625 157.524993896484375 155.4875030517578125 156.037506103515625 158.09375 162.4250030517578125 167.4187469482421875 177.2312469482421875 190.6999969482421875 205.6437530517578125 216.46875 221.6374969482421875 224.0187530517578125 223.6750030517578125 224.1999969482421875 225.3937530517578125 226.943756103515625
212.1062469482421875 214.875 216.3125 219.774993896484375 224.1875 229.0625 232.6999969482421875 236.587493896484375 239.75 238.7312469482421875 235.256256103515625 230.306243896484375 226.274993896484375 220.631256103515625 213.306243896484375 205.181243896484375 197 189.087493896484375 182.40625 175.4812469482421875 169.337493896484375 164.5500030517578125 161.287506103515625 161.53125 164.149993896484375 169.162506103515625 175.0625 173.7937469482421875 169.4875030517578125 168.006256103515625 167.662506103515625 168.475006103515625 169.6875 171.4499969482421875 174.381256103515625 181.412506103515625 194.662506103515625 212.537506103515625 222.7624969482421875 225.912506103515625 227.162506103515625 226.6062469482421875 227.131256103515625 228.2937469482421875 230.1437530517578125
210.375 212.4250030517578125 213.625 217.524993896484375 223.0625 228.743743896484375 233.9250030517578125 237.9812469482421875 240.6750030517578125 238.943756103515625 235.34375 231.118743896484375 227.131256103515625 222.1437530517578125 214.59375 206.4187469482421875 198.4875030517578125 190.75 183.5187530517578125 176.1999969482421875 168.9375 163.462493896484375 159.1437530517578125 159.725006103515625 162.3125 167.1062469482421875 173.34375 175.8000030517578125 176.068756103515625 176.9499969482421875 178.84375 180.0124969482421875 181.274993896484375 181.818756103515625 183.443756103515625 187.8125 199.3312530517578125 216.037506103515625 226.024993896484375 229.068756103515625 229.6125030517578125 229.0812530517578125 228.693756103515625 229.306243896484375 234.1125030517578125
211.493743896484375 212.1875 212.4562530517578125 218.4562530517578125 225.7937469482421875 231.006256103515625 235.662506103515625 238.587493896484375 239.8625030517578125 238.90625 235.912506103515625 231.6750030517578125 227.71875 222.8562469482421875 215.8000030517578125 207.962493896484375 200.068756103515625 192.475006103515625 184.850006103515625 177.118743896484375 168.943756103515625 161.8562469482421875 156.71875 156.59375 159.5625 165.09375 172.0625 177.21875 180.71875 184.6999969482421875 188.875 191.46875 192.8625030517578125 192.90625 192.931243896484375 197.65625 207.4499969482421875 218.287506103515625 227.0625 231.6374969482421875 232.46875 231.7375030517578125 230.274993896484375 231.875 236.287506103515625
217.3937530517578125 220.0749969482421875 220.3249969482421875 225.3625030517578125 230.131256103515625 234.274993896484375 237.2937469482421875 239.100006103515625 239.6374969482421875 238.1062469482421875 235.068756103515625 231.7937469482421875 227.962493896484375 223.4375 217.1062469482421875 209.71875 201.712493896484375 194.1374969482421875 186.4187469482421875 178.287506103515625 170.28125 161.4250030517578125 154.149993896484375 152.4812469482421875 157.0437469482421875 163.9562530517578125 172.6437530517578125 179.7687530517578125 185.6750030517578125 191.7937469482421875 197.71875 203.2312469482421875 205.1999969482421875 204.037506103515625 203.568756103515625 207.40625 214.84375 222.993743896484375 230.8562469482421875 236.1437530517578125 237.46875 234.712493896484375 231.381256103515625 231.368743896484375 238.59375
224.556243896484375 227.96875 230.6062469482421875 234.962493896484375 238.4437408447265625 240.6687469482421875 241.087493896484375 240.881256103515625 239.587493896484375 238.1999969482421875 236.2874908447265625 233.350006103515625 229.5437469482421875 225.6687469482421875 219.8000030517578125 213.2312469482421875 205.8625030517578125 198.3625030517578125 190.618743896484375 181.8249969482421875 173.15625 163.681243896484375 155.09375 151.9562530517578125 157.9187469482421875 165.443756103515625 174.9375 183.3000030517578125 191.256256103515625 198.524993896484375 206.2937469482421875 213.4812469482421875 216.5 214.65625 213.3874969482421875 216.9562530517578125 222.181243896484375 228.493743896484375 236.0625 242.381256103515625 244.756256103515625 240.631256103515625 234.5124969482421875 233.600006103515625 246.71875
232.943756103515625 237.318756103515625 241.5187530517578125 245.712493896484375 247.943756103515625 248.1687469482421875 246.5500030517578125 243.600006103515625 240.850006103515625 238.3874969482421875 235.8125 233.337493896484375 231.09375 228.118743896484375 222.868743896484375 216.4812469482421875 210.118743896484375 202.600006103515625 195.149993896484375 186.568756103515625 178.1374969482421875 169.256256103515625 162.4562530517578125 160.65625 164.3249969482421875 170.618743896484375 179.3874969482421875 187.8249969482421875 196.2375030517578125 204.225006103515625 212.287506103515625 219.399993896484375 221.9875030517578125 221.53125 220.8000030517578125 224.037506103515625 228.7062530517578125 234.4187469482421875 242.943756103515625 251.056243896484375 255.5 251.4499969482421875 239.78125 238.1062469482421875 260.118743896484375
240.100006103515625 245.8625030517578125 251.78125 257.36248779296875 258.53125 255.412506103515625 250.899993896484375 246.100006103515625 242.056243896484375 238.225006103515625 235.7375030517578125 234.21875 232.5437469482421875 230.618743896484375 225.712493896484375 220.850006103515625 215.2312469482421875 208.2375030517578125 200.931243896484375 192.75 184.774993896484375 176.9250030517578125 171.506256103515625 169.9499969482421875 172.5812530517578125 177.556243896484375 185.537506103515625 193.8562469482421875 202.399993896484375 209.899993896484375 217.4375 223.8937530517578125 226.2375030517578125 226.1687469482421875 226.4375 230.0124969482421875 234.8937530517578125 240.125 248.65625 258.449981689453125 266.54998779296875 261.92498779296875 251.375 254.756256103515625 277.587493896484375
246.9375 253.337493896484375 261.087493896484375 268.66876220703125 271.006256103515625 263.287506103515625 255.274993896484375 248.84375 243.3874969482421875 238.5187530517578125 235.7375030517578125 234.1125030517578125 233.881256103515625 233.306243896484375 229.6437530517578125 225.2375030517578125 220.84375 215.774993896484375 209.0437469482421875 200.881256103515625 192.912506103515625 185.7687530517578125 180.1999969482421875 179.25 181.475006103515625 185.806243896484375 192.1125030517578125 200.287506103515625 208.125 215.149993896484375 222.0500030517578125 227.9562530517578125 231.2062530517578125 232.0812530517578125 233.375 236.5437469482421875 241.037506103515625 245.65625 253.6875 262.100006103515625 268.20001220703125 269.712493896484375 266.568756103515625 272.32501220703125 286.931243896484375
251.5812530517578125 258.28125 265.649993896484375 273.649993896484375 275.36248779296875 265.537506103515625 256.38751220703125 248.4812469482421875 242.0625 237.9250030517578125 235.1437530517578125 234.28125 234.975006103515625 234.993743896484375 232.2375030517578125 229.4562530517578125 227.068756103515625 222.162506103515625 216.96875 209.2624969482421875 201.25 194.193756103515625 189.09375 188.256256103515625 189.912506103515625 193.4499969482421875 199.3249969482421875 206.743743896484375 214.0124969482421875 220.818756103515625 227.024993896484375 232.381256103515625 235.6999969482421875 237.9375 239.84375 243.087493896484375 247.40625 251.6125030517578125 258.14373779296875 263.931243896484375 270.23126220703125 276.21875 279.868743896484375 284.368743896484375 295.943756103515625
254.5437469482421875 259.76873779296875 265.225006103515625 268.8125 267.787506103515625 260.887481689453125 252.9625091552734375 244.837493896484375 239.162506103515625 234.931243896484375 232.8874969482421875 233.462493896484375 235.318756103515625 236.3000030517578125 235.5437469482421875 234.1437530517578125 231.399993896484375 226.7624969482421875 221.806243896484375 215.100006103515625 208.225006103515625 201.725006103515625 196.5500030517578125 195.84375 198.2937469482421875 201.2624969482421875 206.274993896484375 213.2062530517578125 220.193756103515625 226.65625 232.2375030517578125 237.28125 239.993743896484375 242.9187469482421875 246 249.9875030517578125 253.2624969482421875 256.587493896484375 262.10626220703125 267.4375 275.61248779296875 285.975006103515625 295.73126220703125 305.61248779296875 321.79998779296875
256.20623779296875 258.51873779296875 260.48748779296875 262.21875 260.53125 254.4375 246.6437530517578125 238.850006103515625 233.475006103515625 230.40625 231.28125 232.993743896484375 236.53125 240.006256103515625 239.9812469482421875 238.78125 236.0999908447265625 232.4250030517578125 226.368743896484375 220.287506103515625 214.28125 208.8000030517578125 204.0812530517578125 203.34375 205.5625 208.850006103515625 213.625 219.21875 226.1750030517578125 231.96875 237.6812591552734375 242.6750030517578125 246.1125030517578125 249.693756103515625 253.6125030517578125 257.73748779296875 261.53125 265.29998779296875 269.9375 277.506256103515625 285.41876220703125 297.79376220703125 312.76873779296875 331.943756103515625 363.03125
256.600006103515625 256.431243896484375 256.806243896484375 256.056243896484375 252.556243896484375 246.5812530517578125 239.65625 232.3312530517578125 227.131256103515625 224.649993896484375 226.1875 231.774993896484375 237.9562530517578125 242.181243896484375 243.618743896484375 242.962493896484375 241.337493896484375 237.7624969482421875 231.375 225.4812469482421875 220.100006103515625 214.868743896484375 210.2624969482421875 209.90625 211.7312469482421875 214.8000030517578125 219.9187469482421875 225.649993896484375 232.587493896484375 237.5437469482421875 242.8125 248.2062530517578125 252.306243896484375 256.71875 260.88751220703125 265.16876220703125 269.975006103515625 273.181243896484375 278.931243896484375 286.5625 294.84375 308.23748779296875 325.61248779296875 349.46875 384.95623779296875
256.08123779296875 254.568756103515625 253.306243896484375 250.431243896484375 246.2624969482421875 239.8125 232.5187530517578125 225.243743896484375 219.1687469482421875 217.3937530517578125 221.243743896484375 229.7062530517578125 239.693756103515625 246.962493896484375 249.2062530517578125 249.056243896484375 247.274993896484375 243.100006103515625 237.287506103515625 230.381256103515625 225.9562530517578125 220.412506103515625 216.774993896484375 216.181243896484375 217.443756103515625 220.46875 225.4375 231.475006103515625 238.09375 242.881256103515625 248.024993896484375 253.3187408447265625 258.26251220703125 263.668731689453125 268.356231689453125 272.206268310546875 276.51251220703125 281.756256103515625 287.79376220703125 293.86248779296875 302.100006103515625 314.73748779296875 331.38751220703125 353.493743896484375 383.4375
256.04998779296875 253.46875 250.6125030517578125 246.743743896484375 241.4187469482421875 234.850006103515625 226.6812591552734375 218.2937469482421875 211.149993896484375 208.03125 214.21875 227.368743896484375 241.8562469482421875 251.4499969482421875 254.96875 255.4499969482421875 253.7062530517578125 249.337493896484375 242.662506103515625 235.40625 230.875 226.6374969482421875 222.431243896484375 221.7624969482421875 223.1999969482421875 225.5749969482421875 230.412506103515625 235.9375 241.962493896484375 247.193756103515625 252.875 257.993743896484375 263.725006103515625 269.07501220703125 273.9375 277.243743896484375 283.181243896484375 288.625 294.32501220703125 300.850006103515625 309.09375 321.54376220703125 335.48126220703125 353.70623779296875 374.881256103515625
255.71875 252.46875 248.8874969482421875 244.65625 239.2687530517578125 232.7687530517578125 225.15625 215.625 205.71875 197.943756103515625 208.850006103515625 231.28125 247.2624969482421875 256.70623779296875 261.03125 261.875 260.618743896484375 255.5625 248.993743896484375 241.493743896484375 236.5124969482421875 231.8249969482421875 227.681243896484375 226.8562469482421875 227.6125030517578125 229.943756103515625 234.0124969482421875 239.962493896484375 246.1999969482421875 251.756256103515625 257.381256103515625 262.64373779296875 268.66876220703125 274.79376220703125 279.66876220703125 284.443756103515625 289.993743896484375 295.17498779296875 299.76251220703125 305.962493896484375 313.54998779296875 324.024993896484375 335.787506103515625 350.36248779296875 363.61248779296875
254.6374969482421875 251.443756103515625 248.118743896484375 243.8125 239.25 233.037506103515625 226.837493896484375 218.65625 209.8125 199.899993896484375 222.78125 247.649993896484375 258.787506103515625 265.54376220703125 268.868743896484375 269.631256103515625 267.79376220703125 262.774993896484375 255.225006103515625 247.774993896484375 241.4562530517578125 236.2062530517578125 232.318756103515625 231.15625 231.375 233.318756103515625 238.100006103515625 243.693756103515625 249.625 255.7937469482421875 261.09375 266.818756103515625 273.20623779296875 279.73126220703125 284.95623779296875 289.837493896484375 294.92498779296875 299.33123779296875 304.087493896484375 309.350006103515625 315.462493896484375 323.662506103515625 332.28125 343.10626220703125 352.5625
251.943756103515625 249.0812530517578125 246.7375030517578125 243.787506103515625 239.9187469482421875 235.3937530517578125 231.287506103515625 227.850006103515625 227.2937469482421875 236.6062469482421875 264.3125 270.58123779296875 272.73748779296875 276.15625 277.899993896484375 278.08123779296875 275.975006103515625 269.63751220703125 261.65625 253.5 246.100006103515625 239.6374969482421875 235.2375030517578125 234.068756103515625 234.4562530517578125 236.2687530517578125 240.2624969482421875 245.75 251.4499969482421875 257.76873779296875 263.943756103515625 268.51873779296875 274.443756103515625 280.306243896484375 286.4375 291.01251220703125 295.368743896484375 299.443756103515625 303.20623779296875 307.29376220703125 312.96875 319.03125 325.45623779296875 333.399993896484375 340.23748779296875
250.1750030517578125 247.71875 246.1437530517578125 244.2375030517578125 241.9187469482421875 240.131256103515625 239.03125 240.462493896484375 245.131256103515625 256.64373779296875 273.756256103515625 282 284.131256103515625 286.65625 288.100006103515625 287.381256103515625 284.59375 278.25 268.975006103515625 259.756256103515625 249.850006103515625 241.631256103515625 236.212493896484375 234.3937530517578125 235.662506103515625 238.2062530517578125 242.6875 248.1062469482421875 253.3625030517578125 259.931243896484375 265.4375 271.068756103515625 276.98126220703125 282.068756103515625 286.95001220703125 290.162506103515625 294.524993896484375 297.850006103515625 300.75 303.443756103515625 307.20623779296875 312.118743896484375 317.60626220703125 323.67498779296875 329.475006103515625
