data/historical-monthly-weather-data/wc2.1_cruts4.09_10m_prec_2009-12.asc
ncols        51
nrows        45
xllcorner    -63.500000000000
yllcorner    -7.500000000000
cellsize     0.166666666667
NODATA_value -9999
[rows 20 to 39 of 45, columns 0 to 44 of 51]
211.3874969482421875 216.681243896484375 223.4562530517578125 231.693756103515625 241.0187530517578125 250.59375 259.58123779296875 267.88751220703125 274.20623779296875 278.11248779296875 279.82501220703125 281.693756103515625 282.875 281.6312255859375 277.23748779296875 270.78125 264.287506103515625 258.587493896484375 255.9187469482421875 253.225006103515625 251.3000030517578125 249.1437530517578125 247.1062469482421875 245.6312408447265625 245.6125030517578125 244.243743896484375 238.524993896484375 227.056243896484375 212.53125 199.0437469482421875 188.8625030517578125 185.03125 184.21875 185.3625030517578125 187.09375 189.2937469482421875 193.75 198.5187530517578125 200 196.725006103515625 189.568756103515625 181.743743896484375 176.2624969482421875 171.975006103515625 170.618743896484375
213.287506103515625 218.09375 226.631256103515625 237.743743896484375 248.931243896484375 259.16876220703125 269.54998779296875 279.181243896484375 285.26251220703125 288.71875 289.11248779296875 289.337493896484375 288.91876220703125 286.20001220703125 282.149993896484375 276.48748779296875 270.70623779296875 265.07501220703125 260.75 256.743743896484375 251.8562469482421875 249.181243896484375 248.256256103515625 246.556243896484375 246.71875 248.337493896484375 247.3562469482421875 237.537506103515625 224.368743896484375 213.1374969482421875 204.087493896484375 198.806243896484375 195.7687530517578125 195.618743896484375 195.5437469482421875 196.712493896484375 200.84375 205.837493896484375 205.9375 200.6437530517578125 193.524993896484375 186.1374969482421875 180.118743896484375 175.46875 174.2375030517578125
215.975006103515625 222.4749908447265625 231.274993896484375 243.193756103515625 256.35626220703125 268.518768310546875 279.32501220703125 290.318756103515625 297.806243896484375 299.70001220703125 298.568756103515625 296.11248779296875 294.86248779296875 291.587493896484375 287.193756103515625 281.693756103515625 275.67498779296875 269.131256103515625 263.912506103515625 258.01873779296875 252.100006103515625 247.962493896484375 245.318756103515625 243.7312469482421875 244.9625091552734375 249.28125 252.46875 244.975006103515625 233.2937469482421875 224.475006103515625 217.3000030517578125 212.024993896484375 208.3125 205.5187530517578125 203.5124969482421875 201.899993896484375 206.2062530517578125 214.537506103515625 213.993743896484375 206.6687469482421875 198.431243896484375 190.5437469482421875 184.2624969482421875 179.225006103515625 177.4812469482421875
220.8000030517578125 226.6875 235.7937469482421875 249 264.17498779296875 276.84375 288.756256103515625 299.181243896484375 305.60626220703125 306.024993896484375 304.09375 301.493743896484375 299.20001220703125 295.743743896484375 290.75 284.899993896484375 278.98126220703125 272.212493896484375 265.8125 258.868743896484375 250.7624969482421875 245.006256103515625 240.243743896484375 238.7624969482421875 239.6125030517578125 243.274993896484375 246.662506103515625 244.2375030517578125 238.631256103515625 232.912506103515625 228.524993896484375 223.625 220.412506103515625 216.743743896484375 213.693756103515625 209.556243896484375 212.5625 220.2624969482421875 219.46875 211.90625 202.850006103515625 194.8562469482421875 187.6687469482421875 181.943756103515625 181.462493896484375
228.8625030517578125 233.4499969482421875 242.2062530517578125 258.79998779296875 277.006256103515625 288.556243896484375 298.9375 306.993743896484375 311.024993896484375 311.868743896484375 309.96875 306.21875 302.725006103515625 298.443756103515625 293.681243896484375 288.0625 281.931243896484375 274.91876220703125 267.51873779296875 259.556243896484375 249.712493896484375 241.131256103515625 234.725006103515625 231.8937530517578125 232.9499969482421875 237.3000030517578125 241.4499969482421875 242.5500030517578125 241.087493896484375 239.462493896484375 237.912506103515625 234.7562408447265625 232.274993896484375 228.625 224.3000030517578125 221.0749969482421875 222.712493896484375 224.9187469482421875 222.931243896484375 216.725006103515625 207.78125 199.4562530517578125 191.212493896484375 186.0437469482421875 184.15625
242.6999969482421875 249.818756103515625 259.29998779296875 275.712493896484375 291.57501220703125 301.212493896484375 308.59375 314.26251220703125 316.70001220703125 316.149993896484375 313.493743896484375 309.83123779296875 305.274993896484375 300.350006103515625 296.193756103515625 290.96875 284.40625 277.125 269.20001220703125 260.33123779296875 250.375 238.8625030517578125 228.943756103515625 223.524993896484375 226.618743896484375 232.59375 238.837493896484375 242.2375030517578125 243.6750030517578125 244.7937469482421875 245.431243896484375 245.8562469482421875 244.7375030517578125 240.3562469482421875 236.149993896484375 232.4875030517578125 232.1875 232.09375 229.118743896484375 223.3937530517578125 214.662506103515625 204.2375030517578125 194.21875 187.4499969482421875 186.78125
259.837493896484375 268.40625 279.725006103515625 294.17498779296875 307.162506103515625 313.787506103515625 317.256256103515625 319.71875 319.193756103515625 318.29376220703125 316.48748779296875 312.037506103515625 306.243743896484375 301.087493896484375 297.23126220703125 292.912506103515625 287.149993896484375 280.09375 272.306243896484375 262.618743896484375 251.71875 239.28125 227.412506103515625 219.6437530517578125 224.40625 230.78125 237.65625 242.25 245.962493896484375 248.587493896484375 251.59375 254.212493896484375 255.1374969482421875 250.931243896484375 246.65625 243.318756103515625 241.1875 239.6875 236.3312530517578125 231.4187469482421875 223.25 210.6999969482421875 197.3937530517578125 189.2062530517578125 192.7624969482421875
279.36248779296875 289.806243896484375 301.73126220703125 314.23126220703125 323.9375 327.3125 327.57501220703125 325.85626220703125 322.86248779296875 320 316.63751220703125 311.600006103515625 306.618743896484375 301.51873779296875 298.15625 293.9375 289.42498779296875 282.51251220703125 275.399993896484375 266.25 255.7624969482421875 244.318756103515625 235.037506103515625 228.850006103515625 229.806243896484375 233.9375 239.212493896484375 243.3625030517578125 247.181243896484375 250.7687530517578125 254.306243896484375 257.09375 258.45623779296875 256.91876220703125 254.28125 251.34375 249.2937469482421875 247.7687530517578125 245.2750091552734375 241.837493896484375 235.1437530517578125 221.3625030517578125 202.1125030517578125 192.462493896484375 202.662506103515625
297.375 310.14373779296875 322.800018310546875 335.243743896484375 341.725006103515625 339.95623779296875 335.875 331.11248779296875 325.85626220703125 320.60626220703125 316.78125 311.96875 306.59375 301.868743896484375 298.54998779296875 296.09375 292.40625 286.40625 279.75 271.42498779296875 261.6875 251.806243896484375 244.556243896484375 238.375 237.34375 239.1437530517578125 242.75 246.1437530517578125 249.681243896484375 252.7687530517578125 255.875 258.23748779296875 260.118743896484375 259.95001220703125 259.368743896484375 257.70623779296875 256.725006103515625 255.350006103515625 252.975006103515625 251.1374969482421875 247.568756103515625 232.068756103515625 212.587493896484375 206.0187530517578125 216.149993896484375
310.48748779296875 323.462493896484375 337.28125 350.931243896484375 357.65625 349.29376220703125 340.162506103515625 332.82501220703125 325.306243896484375 318.399993896484375 313.875 308.6875 305.006256103515625 301.73126220703125 299.274993896484375 296.57501220703125 293.875 290.568756103515625 284.943756103515625 276.975006103515625 267.54376220703125 258.868743896484375 251.5625 246.0187530517578125 244.09375 244.6125030517578125 245.725006103515625 248.59375 251.0500030517578125 253.9562530517578125 256.83123779296875 258.975006103515625 261.84375 262.6875 263.29998779296875 262.09375 261.70001220703125 260.649993896484375 258.756256103515625 256.53125 251.881256103515625 241.9875030517578125 228.5812530517578125 223.53125 226.4875030517578125
320.225006103515625 332.67498779296875 344.73126220703125 357.54376220703125 362.068756103515625 350.381256103515625 339.375 329.756256103515625 320.6875 314.45623779296875 309.73126220703125 305.4375 302.899993896484375 300.16876220703125 298.0250244140625 296.48126220703125 295.61248779296875 292.556243896484375 289.23748779296875 282.162506103515625 272.96875 264.693756103515625 258.23748779296875 252.6125030517578125 249.631256103515625 248.806243896484375 249.0749969482421875 250.7624969482421875 252.3937530517578125 255.4812469482421875 258.068756103515625 260.09375 262.86248779296875 264.95001220703125 266.16876220703125 265.943756103515625 266.399993896484375 265.975006103515625 263.712493896484375 260.14373779296875 256.774993896484375 251.318756103515625 243.8249969482421875 237.4812469482421875 237.462493896484375
327.46875 337.03125 345.38751220703125 351.068756103515625 350.6875 342.306243896484375 332.5 322.20001220703125 313.850006103515625 307.274993896484375 303.243743896484375 300.756256103515625 299.60626220703125 297.89373779296875 297.387481689453125 296.66876220703125 294.51873779296875 291.806243896484375 288.931243896484375 283.375 275.931243896484375 268.66876220703125 262.243743896484375 256.737518310546875 254.618743896484375 252.837493896484375 251.8125 252.7062530517578125 253.90625 256.98748779296875 259.41876220703125 261.54998779296875 263.39373779296875 265.91876220703125 268.23748779296875 269.625 269.90625 269.54376220703125 267.67498779296875 264.962493896484375 264.618743896484375 263.73126220703125 261.806243896484375 259.943756103515625 262.837493896484375
330.23748779296875 335.193756103515625 338.32501220703125 340.89373779296875 339.03125 331.09375 320.88751220703125 310.556243896484375 302.399993896484375 297.01873779296875 296.493743896484375 295.356231689453125 296.21875 297.36248779296875 296.82501220703125 295.28125 292.34375 290.70001220703125 286.48126220703125 281.837493896484375 275.6875 269.92498779296875 264.29998779296875 259.07501220703125 256.90625 255.7312469482421875 254.399993896484375 253.6062469482421875 254.78125 257.39373779296875 260.318756103515625 262.631256103515625 264.76873779296875 267.3125 269.962493896484375 271.543731689453125 272.524993896484375 273.024993896484375 272 273.45001220703125 274.65625 277.20623779296875 281.35626220703125 288.625 303.96875
330.850006103515625 331.83123779296875 332.33123779296875 331.193756103515625 326.41876220703125 318.100006103515625 308.51873779296875 298.350006103515625 290.11248779296875 285.26251220703125 285.29998779296875 288.931243896484375 292.91876220703125 294.70001220703125 294.975006103515625 293.01873779296875 290.475006103515625 288.787506103515625 284.225006103515625 279.912506103515625 274.693756103515625 269.368743896484375 264.0625 259.73748779296875 257.431243896484375 256.29376220703125 255.4187469482421875 254.8125 255.9625091552734375 257.931243896484375 260.693756103515625 263.64373779296875 265.943756103515625 268.60626220703125 270.899993896484375 272.537506103515625 274.568756103515625 274.787506103515625 276.73748779296875 280.32501220703125 283.98748779296875 289.42498779296875 297.756256103515625 310.91876220703125 330.98126220703125
329.8125 328.42498779296875 326.318756103515625 322.01251220703125 315.943756103515625 306.568756103515625 296.04998779296875 285.54998779296875 276 271.850006103515625 274.51251220703125 281.51251220703125 289.912506103515625 295.04998779296875 295.29376220703125 292.92498779296875 289.29376220703125 286.79376220703125 282.9375 277.462493896484375 273.48126220703125 267.912506103515625 263.92498779296875 259.743743896484375 257.181243896484375 256.375 255.462493896484375 255.3312530517578125 256.20623779296875 258.25 261.149993896484375 264.13751220703125 266.76251220703125 269.7874755859375 271.98126220703125 273.131256103515625 274.67498779296875 277.20623779296875 281.087493896484375 285.07501220703125 290.60626220703125 297.42498779296875 307.17498779296875 320.98748779296875 337.899993896484375
326.662506103515625 323.881256103515625 319.6875 314.04998779296875 306.45623779296875 296.693756103515625 284.88751220703125 272.818756103515625 261.756256103515625 255.71875 260.90625 273.350006103515625 286.806243896484375 294.23748779296875 295.243743896484375 292.806243896484375 288.568756103515625 285.587493896484375 280.58123779296875 274.58123779296875 270.475006103515625 266.46875 261.931243896484375 258.26873779296875 256.537506103515625 255.537506103515625 255.131256103515625 255 255.7687530517578125 258.306243896484375 261.681243896484375 264.337493896484375 267.29376220703125 269.73126220703125 271.73126220703125 272.493743896484375 275.82501220703125 278.73748779296875 282.618743896484375 287.337493896484375 293.32501220703125 301.162506103515625 309.850006103515625 321.79376220703125 333.66876220703125
322.66876220703125 319.149993896484375 314.08123779296875 307.993743896484375 300.33123779296875 290.46875 279.1875 265.556243896484375 250.975006103515625 239.1062469482421875 249.625 272.631256103515625 287.35626220703125 294.13751220703125 295.29376220703125 292.506256103515625 288.20623779296875 284.17498779296875 279.131256103515625 272.806243896484375 268.15625 263.631256103515625 259.28125 256.0625 254.2312469482421875 253.806243896484375 253.256256103515625 254.3000030517578125 255.8874969482421875 258.6875 261.85626220703125 264.506256103515625 267.29998779296875 270.068756103515625 271.662506103515625 274.006256103515625 277.17498779296875 280.056243896484375 282.92498779296875 287.38751220703125 292.92498779296875 300.100006103515625 308.14373779296875 318.368743896484375 326.0625
317.92498779296875 314.568756103515625 309.76251220703125 303.59375 296.9375 287.23748779296875 277.48126220703125 265.337493896484375 251.850006103515625 237.243743896484375 261.21875 286.274993896484375 294.78125 298.0625 297.36248779296875 293.85626220703125 288.35626220703125 284.11248779296875 277.818756103515625 271.40625 265.274993896484375 260.131256103515625 256.131256103515625 253.149993896484375 251.368743896484375 251.15625 252.125 253.5124969482421875 255.3874969482421875 258.84375 261.57501220703125 264.5625 267.42498779296875 270.23126220703125 271.88751220703125 274.475006103515625 277.41876220703125 279.76251220703125 282.875 286.5 290.837493896484375 296.9375 303.318756103515625 311.625 318.443756103515625
312.087493896484375 308.83123779296875 305.006256103515625 300.243743896484375 294.20001220703125 286.35626220703125 278.943756103515625 272.318756103515625 268.36248779296875 275.82501220703125 304.225006103515625 306.993743896484375 304.931243896484375 304.287506103515625 301.88751220703125 297.818756103515625 292.081268310546875 285.931243896484375 278.70623779296875 271.118743896484375 263.75 257.243743896484375 252.7312469482421875 250.181243896484375 249.1062469482421875 249.306243896484375 250.3249969482421875 252.587493896484375 255.131256103515625 259.03125 262.837493896484375 264.943756103515625 267.78125 270.39373779296875 273.350006103515625 275.725006103515625 278.006256103515625 280.04376220703125 282.225006103515625 284.70001220703125 288.625 293.04998779296875 297.79376220703125 303.912506103515625 309.15625
307.51251220703125 304.48126220703125 301.25 297.45001220703125 293.006256103515625 288.21875 284.13751220703125 282.9375 284.631256103515625 293.91876220703125 309.21875 314.01873779296875 311.86248779296875 310.15625 307.587493896484375 302.774993896484375 296.45623779296875 289.837493896484375 280.70001220703125 271.568756103515625 261.48748779296875 253.1437530517578125 247.5437469482421875 244.787506103515625 245.1062469482421875 246.5625 249.024993896484375 252.2624969482421875 255.2624969482421875 259.774993896484375 263.181243896484375 266.61248779296875 269.975006103515625 272.431243896484375 274.73126220703125 275.86248779296875 278.15625 279.51251220703125 280.76251220703125 281.899993896484375 284.037506103515625 287.5625 291.681243896484375 296.34375 301.10626220703125
