data/historical-monthly-weather-data/wc2.1_cruts4.09_10m_prec_1995-01.asc
ncols        51
nrows        45
xllcorner    -63.500000000000
yllcorner    -7.500000000000
cellsize     0.166666666667
NODATA_value -9999
[rows 0 to 19 of 45, columns 0 to 44 of 51]
125.24375152587890625 126 121.50624847412109375 118.34375 114.0437469482421875 111.7624969482421875 108.03125 102.84375 98.6999969482421875 96.0625 94.5625 93.8562469482421875 92.5124969482421875 89.0437469482421875 87.6999969482421875 87.68125152587890625 87.81874847412109375 86.6125030517578125 89.3562469482421875 92.15625 95.46250152587890625 99.90000152587890625 104.4562530517578125 108.99375152587890625 114.9875030517578125 120.59375 127.56874847412109375 135.8874969482421875 144.6687469482421875 149.493743896484375 154.337493896484375 159.25 162.5124969482421875 167.1875 170.837493896484375 176.243743896484375 179.587493896484375 181.962493896484375 185.5749969482421875 188.881256103515625 191.4499969482421875 194.3249969482421875 196.1875 198.5437469482421875 201.881256103515625
131.0625 131.931243896484375 129.181243896484375 126.38124847412109375 124.1062469482421875 122.50624847412109375 119.1875 116.0187530517578125 113.4250030517578125 111.0625 108.22499847412109375 105.7937469482421875 102.7687530517578125 100.0500030517578125 97.9562530517578125 96.44374847412109375 95.28125 95.5625 98.2375030517578125 102.3249969482421875 106.9499969482421875 111.7624969482421875 117.2624969482421875 123.09999847412109375 128.2687530517578125 133.587493896484375 140.693756103515625 148.25 155.524993896484375 160.1062469482421875 163.493743896484375 166.493743896484375 169.2375030517578125 174.537506103515625 177.493743896484375 180.875 186.1875 188.71875 191.399993896484375 194.1687469482421875 197.162506103515625 199.625 200.162506103515625 201.943756103515625 204.5749969482421875
135.024993896484375 136.7062530517578125 135.350006103515625 134.350006103515625 133.9250030517578125 133.2312469482421875 131.850006103515625 130.7624969482421875 129.100006103515625 127.09375 124.0500030517578125 120.4875030517578125 116.99375152587890625 112.95624542236328125 109.9499969482421875 106.8249969482421875 104.9375 105.09999847412109375 107.06874847412109375 111.81874847412109375 117.2624969482421875 123.53125 129.3937530517578125 134.587493896484375 139.524993896484375 144.431243896484375 151.3874969482421875 158.5625 164.337493896484375 167.493743896484375 171.3874969482421875 174.7062530517578125 178.65625 180.837493896484375 185.162506103515625 188.556243896484375 193.318756103515625 197.1437530517578125 199.71875 201.649993896484375 205 206.462493896484375 206.962493896484375 207.7937469482421875 208.4250030517578125
137.3562469482421875 139.868743896484375 142.056243896484375 143.15625 145.568756103515625 143.712493896484375 144.46875 146.1374969482421875 146.71875 146.181243896484375 142.024993896484375 136.9499969482421875 132.037506103515625 127.0625 123.27500152587890625 119.15625 115.5812530517578125 114.0625 116.25 122.3874969482421875 129.84375 136.649993896484375 141.09375 146.6062469482421875 151.6374969482421875 156.46875 163.306243896484375 168.3312530517578125 173.3874969482421875 176.4812469482421875 179.556243896484375 183.806243896484375 186.993743896484375 189.287506103515625 191.962493896484375 197.0812530517578125 201.006256103515625 205.2687530517578125 208.4375 211.381256103515625 212.8312530517578125 214.649993896484375 214.71875 213.875 213.8874969482421875
144.3625030517578125 145.5187530517578125 147.71875 151.537506103515625 155.443756103515625 156.024993896484375 156.8125 160.46875 164.0124969482421875 165.4187469482421875 159.8874969482421875 153.5625 148.443756103515625 143.3562469482421875 138.631256103515625 133.368743896484375 128.1125030517578125 123.84999847412109375 127.3125 135.5187530517578125 144.443756103515625 150.7375030517578125 155.1750030517578125 159.756256103515625 164.09375 169.618743896484375 173.568756103515625 177.8562469482421875 184.287506103515625 186.618743896484375 189.25 190.4187469482421875 194.712493896484375 198.399993896484375 201.318756103515625 206.149993896484375 211.443756103515625 214.1125030517578125 217.4562530517578125 219.9187469482421875 223.0749969482421875 223.2312469482421875 223.1374969482421875 221.0124969482421875 219.962493896484375
150.8000030517578125 153.350006103515625 156.024993896484375 159.1374969482421875 163.1999969482421875 164.587493896484375 166.4375 169.506256103515625 173.5 176.3625030517578125 170.9375 166.162506103515625 161.662506103515625 157.649993896484375 152.756256103515625 149.443756103515625 144.0749969482421875 139.3937530517578125 144.6062469482421875 153.100006103515625 160.375 165.1125030517578125 169.587493896484375 172.274993896484375 176.0500030517578125 180.399993896484375 184.3312530517578125 187.8625030517578125 193.100006103515625 196.46875 198.3625030517578125 200.087493896484375 202.725006103515625 207.1687469482421875 212.8874969482421875 217.6750030517578125 222.787506103515625 226.756256103515625 230.3187408447265625 233.8249969482421875 234.6999969482421875 234.9187469482421875 233.4124908447265625 230.9499969482421875 229.25
157.4187469482421875 160.8812408447265625 164.3000030517578125 166.412506103515625 169.0500030517578125 169.068756103515625 170.625 172.8812408447265625 174.931243896484375 175.537506103515625 175.8874969482421875 175.0437469482421875 174.431243896484375 172.649993896484375 170.03125 168.5812530517578125 167.34375 168.524993896484375 173.3937530517578125 177.287506103515625 178.274993896484375 180.9812469482421875 182.0749969482421875 184.0437469482421875 187.5437469482421875 190.2687530517578125 193.71875 197.368743896484375 200.96875 204.068756103515625 207.774993896484375 209.993743896484375 212.618743896484375 216.462493896484375 221.6374969482421875 228.5812530517578125 234.274993896484375 239.693756103515625 245.306243896484375 247.0124969482421875 246.6687469482421875 245.9499969482421875 243.90625 241.100006103515625 238.5500030517578125
165.1687469482421875 167.21875 170.4187469482421875 173.399993896484375 175.6374969482421875 175.9499969482421875 175.337493896484375 172.837493896484375 171.056243896484375 174.375 180.28125 184.34375 187.524993896484375 187.6125030517578125 188 188.931243896484375 191.587493896484375 196.931243896484375 204.524993896484375 202.3562469482421875 196.8562469482421875 195.556243896484375 194.78125 196.15625 199.1875 200.6062469482421875 202.774993896484375 205.600006103515625 210.09375 213.787506103515625 216.381256103515625 219.25 222.181243896484375 226.225006103515625 231.337493896484375 238.618743896484375 245.46875 251.7375030517578125 256.524993896484375 259.64373779296875 260.35626220703125 259.29376220703125 256.875 252.96875 251.3249969482421875
172.8312530517578125 174.9812469482421875 178.3125 180.34375 183.0187530517578125 182.350006103515625 181.09375 178.59375 174.662506103515625 176.243743896484375 187.131256103515625 194.587493896484375 200.8312530517578125 202.881256103515625 204.3000030517578125 205.7687530517578125 208.568756103515625 213.993743896484375 220.118743896484375 215.9812469482421875 207.6374969482421875 205.475006103515625 203.587493896484375 206.8874969482421875 209.118743896484375 209.725006103515625 211.681243896484375 213.306243896484375 217.7687530517578125 222.556243896484375 226.6062469482421875 228.587493896484375 232.1687469482421875 235.8562469482421875 240.9187469482421875 247.8562469482421875 256.04998779296875 262.90625 267.9375 271.725006103515625 272.493743896484375 271.07501220703125 270.71875 268.61248779296875 266.212493896484375
180.4812469482421875 182.743743896484375 184.8874969482421875 187.274993896484375 190.193756103515625 190.4499969482421875 189.806243896484375 189.337493896484375 189.0749969482421875 193.5749969482421875 202.1125030517578125 209.725006103515625 215.993743896484375 218.975006103515625 220.2687530517578125 221.4000091552734375 222.087493896484375 223.568756103515625 223.8874969482421875 220.625 213.5124969482421875 211.381256103515625 210.743743896484375 215.818756103515625 216.6875 216.15625 218.006256103515625 220.1750030517578125 223.600006103515625 228.8125 233.0812530517578125 236.4375 241.1437530517578125 246.0124969482421875 251.725006103515625 258.274993896484375 265.98748779296875 273.59375 278.818756103515625 283.056243896484375 286.23126220703125 285.39373779296875 284.63751220703125 281.35626220703125 280.01251220703125
189.125 191.59375 192.75 194.631256103515625 196.818756103515625 198.368743896484375 199.5 202.475006103515625 205.4562530517578125 211.537506103515625 221.2937469482421875 228.9499969482421875 232.943756103515625 234.875 234.7375030517578125 233.943756103515625 231.8249969482421875 229.3937530517578125 225.7312469482421875 220.868743896484375 216.587493896484375 214.625 216.90625 220.462493896484375 224.0187530517578125 221.943756103515625 222.96875 225.225006103515625 228.3937530517578125 232.4875030517578125 237.493743896484375 242.600006103515625 248.712493896484375 254.7375030517578125 260.774993896484375 268.60626220703125 276.26873779296875 282.91876220703125 289.443756103515625 295.04376220703125 298.662506103515625 296.649993896484375 295.962493896484375 293.25 291.912506103515625
196.381256103515625 198.475006103515625 200.087493896484375 203.1374969482421875 206.0187530517578125 207.725006103515625 210.625 216.8625030517578125 222.256256103515625 229.1687469482421875 239.899993896484375 249.693756103515625 251.212493896484375 250.506256103515625 248.818756103515625 245.2375030517578125 241.618743896484375 234.912506103515625 229.125 221.8312530517578125 216.212493896484375 215.15625 220.193756103515625 227.743743896484375 229.712493896484375 224.568756103515625 225.6062469482421875 228.0124969482421875 232.25 238.381256103515625 244.1062469482421875 249.2937469482421875 255.943756103515625 262.38751220703125 268.98748779296875 277.181243896484375 285.23748779296875 291.806243896484375 298.32501220703125 304.70623779296875 308.568756103515625 306.04998779296875 301.46875 296.42498779296875 292.412506103515625
204.625 207 209.162506103515625 211.993743896484375 215.118743896484375 219.1875 223.368743896484375 229.5124969482421875 236.399993896484375 244.962493896484375 255.931243896484375 265.943756103515625 267.625 263.037506103515625 260.08123779296875 255.600006103515625 249.818756103515625 242.90625 235.0187530517578125 225.631256103515625 214.506256103515625 214.84375 221.9375 227.0625 224.100006103515625 220.2624969482421875 225.5500030517578125 231.399993896484375 236.618743896484375 243.9875030517578125 250.618743896484375 256.07501220703125 262.243743896484375 268.70623779296875 275.462493896484375 283.787506103515625 291.42498779296875 298.024993896484375 303.96875 310.1875 315.5625 311.537506103515625 300.5 289.85626220703125 283.631256103515625
211.2687530517578125 214.3312530517578125 216.7687530517578125 220.068756103515625 224.056243896484375 227.600006103515625 233.024993896484375 241.662506103515625 249.3937530517578125 258.587493896484375 267.46875 275.01251220703125 275.5625 273.20001220703125 268.14373779296875 264.28125 257.41876220703125 250.556243896484375 241.5812530517578125 232.4875030517578125 223.681243896484375 222.1437530517578125 223.837493896484375 226.162506103515625 222.8312530517578125 221.375 227.375 233.993743896484375 241.625 249.381256103515625 256.681243896484375 262.73126220703125 268.36248779296875 273.83123779296875 281.068756103515625 288.881256103515625 296.92498779296875 304.54998779296875 309.0625 312.98126220703125 314.57501220703125 302.056243896484375 292.037506103515625 285.899993896484375 282.76251220703125
216.1687469482421875 219.6374969482421875 223.149993896484375 227.056243896484375 232.5812530517578125 237.350006103515625 244.350006103515625 252.5437469482421875 259.962493896484375 267.743743896484375 276.431243896484375 282.10626220703125 283.475006103515625 282.037506103515625 276.73748779296875 271.91876220703125 264.89373779296875 256.568756103515625 248.4562530517578125 241.5500030517578125 234.337493896484375 229.6750030517578125 229.0749969482421875 229.1999969482421875 228.850006103515625 228.943756103515625 234.368743896484375 241.6875 249.0437469482421875 257.743743896484375 264.506256103515625 269.006256103515625 275.462493896484375 279.73126220703125 285.568756103515625 292.01251220703125 300.506256103515625 309.225006103515625 312.837493896484375 308.26251220703125 299.10626220703125 291.08123779296875 288.34375 285.60626220703125 280.20623779296875
219.837493896484375 223.431243896484375 227.8000030517578125 232.475006103515625 239.0187530517578125 244.75 252.5749969482421875 260.85626220703125 267.381256103515625 275.493743896484375 283.868743896484375 289.29376220703125 291.168731689453125 290.0625 285.625 277.524993896484375 271.16876220703125 263.287506103515625 254.8874969482421875 248.75 243.9875030517578125 239.375 236.7937469482421875 236.149993896484375 235.75 236.3312530517578125 241.1374969482421875 249.7062530517578125 258.40625 268.006256103515625 274.73126220703125 277.98748779296875 280.14373779296875 283.1875 287.068756103515625 295.60626220703125 304.32501220703125 311.40625 313.087493896484375 304.912506103515625 290.537506103515625 284.45001220703125 284.73748779296875 281.67498779296875 277.46875
221.475006103515625 225.868743896484375 230.1999969482421875 236.068756103515625 243.943756103515625 250.4250030517578125 259.068756103515625 267.54998779296875 274.274993896484375 281.51251220703125 290.28125 296.5625 298.71875 297.868743896484375 293.75 286.26873779296875 274.09375 265.9375 259.899993896484375 256.625 251.9875030517578125 248.149993896484375 244.7312469482421875 243 243.5812530517578125 243.399993896484375 247.59375 256.51251220703125 267.5625 278.67498779296875 286.63751220703125 289.0625 287.962493896484375 287.0625 292.39373779296875 300.850006103515625 307.993743896484375 316.54998779296875 322.524993896484375 310.23126220703125 295.66876220703125 287.524993896484375 282.91876220703125 279.412506103515625 275.618743896484375
222.2062530517578125 227.256256103515625 232.1125030517578125 239.1999969482421875 247.0812530517578125 254.712493896484375 263.725006103515625 272.431243896484375 278.89373779296875 286.36248779296875 293.431243896484375 301.95623779296875 305.60626220703125 305.318756103515625 300.65625 291.40625 278.649993896484375 266.818756103515625 264.850006103515625 262.837493896484375 260.33123779296875 256.462493896484375 252.5812530517578125 250.7624969482421875 250.537506103515625 251.212493896484375 253.9375 264.837493896484375 278.743743896484375 291.712493896484375 298.01873779296875 292.756256103515625 289.993743896484375 290.181243896484375 293.037506103515625 300.625 311.11248779296875 319.70001220703125 321.42498779296875 315.08123779296875 300.875 289.83123779296875 283.324981689453125 279.443756103515625 275.568756103515625
220.100006103515625 226.118743896484375 232.068756103515625 240.5687408447265625 249.7687530517578125 258 265.837493896484375 275.568756103515625 282.587493896484375 289.90625 296.57501220703125 302.98748779296875 308.875 313.0625 306.67498779296875 293.962493896484375 279.306243896484375 267.337493896484375 262.287506103515625 263.57501220703125 265.07501220703125 263.837493896484375 255.712493896484375 256.23126220703125 256.84375 259.14373779296875 265.03125 274.443756103515625 289.04998779296875 302.918731689453125 310.15625 300.39373779296875 292.931243896484375 285.86248779296875 285.41876220703125 296.193756103515625 308.88751220703125 317.07501220703125 321.35626220703125 316.068756103515625 304.399993896484375 291.92498779296875 284.11248779296875 280.41876220703125 276.193756103515625
217.2687530517578125 223.8312530517578125 230.631256103515625 238.662506103515625 249.056243896484375 259.23126220703125 268.07501220703125 276.75 283.506256103515625 290.443756103515625 296.131256103515625 302.875 312.225006103515625 321.1875 310.20623779296875 291 273.899993896484375 266.45001220703125 262.931243896484375 263.649993896484375 263.17498779296875 259.54376220703125 257.26251220703125 258.5625 261.018768310546875 265.98126220703125 272.61248779296875 282.89373779296875 293.431243896484375 302.487518310546875 306.32501220703125 298.89373779296875 288.381256103515625 276.587493896484375 272.66876220703125 285.556243896484375 305.29998779296875 320.54376220703125 325.54376220703125 321.431243896484375 309.631256103515625 294.46875 287.787506103515625 283.60626220703125 278.625
