data/historical-monthly-weather-data/wc2.1_cruts4.09_10m_prec_1971-08.asc
ncols        51
nrows        45
xllcorner    -63.500000000000
yllcorner    -7.500000000000
cellsize     0.166666666667
NODATA_value -9999
[rows 0 to 18 of 45, columns 0 to 43 of 51]
497.868743896484375 526.1187744140625 528.6624755859375 540.59375 553.2437744140625 555.73748779296875 539.85626220703125 528.7437744140625 509.75 483.875 444.66876220703125 411.625 384.13751220703125 350.212493896484375 320.212493896484375 285.11248779296875 256.82501220703125 233 210.6999969482421875 195.256256103515625 182.5812530517578125 168.6374969482421875 156.1687469482421875 147.725006103515625 138.7937469482421875 131.3000030517578125 131.4375 133.931243896484375 130.3874969482421875 131.90625 128.975006103515625 130.4187469482421875 132.462493896484375 131.7312469482421875 132.568756103515625 134.2375030517578125 134.34375 136.1437530517578125 138.4562530517578125 139.4250030517578125 141.256256103515625 145.024993896484375 145.587493896484375 145.806243896484375
478.28125 504.524993896484375 523.78125 543.48748779296875 566.32501220703125 565.53125 542.125 528.9625244140625 510.9375 483.70001220703125 447.6875 416.79376220703125 379.943756103515625 341.899993896484375 309.04376220703125 279.91876220703125 248.368743896484375 223.4562530517578125 201.6437530517578125 183.899993896484375 171.15625 157.7062530517578125 145.943756103515625 139.0437469482421875 130.225006103515625 122.03125 124.3874969482421875 125.44374847412109375 122.6999969482421875 122.8937530517578125 123.4875030517578125 124.16249847412109375 126.16249847412109375 128.443756103515625 129.0749969482421875 129.806243896484375 127.875 131.712493896484375 132.5500030517578125 133.381256103515625 138.1437530517578125 140.125 143.0812530517578125 145.024993896484375
432.693756103515625 463.16876220703125 485.287506103515625 509.84375 531.9000244140625 530.375 517.23748779296875 504.225006103515625 481.993743896484375 455.17498779296875 428.16876220703125 398.59375 362.66876220703125 322.84375 290.600006103515625 261.881256103515625 234.256256103515625 210.462493896484375 189.662506103515625 170.3937530517578125 159.5124969482421875 149.0187530517578125 137.568756103515625 131.181243896484375 120.90000152587890625 113.91249847412109375 117.1062469482421875 116.5812530517578125 114.30625152587890625 115.7937469482421875 115.2312469482421875 116.27500152587890625 118.90625 122.46875 122.46250152587890625 121 121.88124847412109375 125.72499847412109375 126.3249969482421875 129.59375 136.3249969482421875 139.6875 144.8125 146.149993896484375
389.13751220703125 410.40625 436.506256103515625 461.57501220703125 477.26873779296875 476.806243896484375 472.087493896484375 464.48126220703125 453.131256103515625 429.41876220703125 399.98126220703125 368.54998779296875 337.46875 301.381256103515625 271.125 243.212493896484375 218.881256103515625 197.96875 179.0124969482421875 165.4187469482421875 153.1875 140.6062469482421875 128.6687469482421875 122.13124847412109375 112.6687469482421875 105.2687530517578125 107.41249847412109375 105.0437469482421875 103.97499847412109375 106.0749969482421875 106.7375030517578125 106.80625152587890625 107.9187469482421875 109.9499969482421875 111.375 112.875 117.375 120.34999847412109375 120.2624969482421875 126.1125030517578125 131.75 138.6875 143.875 148.21875
384.26873779296875 392.368743896484375 391.287506103515625 405.375 425.95001220703125 425.868743896484375 421.32501220703125 425.756256103515625 422.381256103515625 402.212493896484375 371.98748779296875 340.91876220703125 312 281.881256103515625 252.5749969482421875 227.6062469482421875 203.493743896484375 183.28125 166.2062530517578125 155.0124969482421875 146.3000030517578125 131.787506103515625 120.5437469482421875 115.2062530517578125 104.375 96.1999969482421875 95.90625 96.8937530517578125 96.15000152587890625 96.09999847412109375 99.0625 98.6437530517578125 101.03749847412109375 103.9375 105.78125 106.47499847412109375 109.5124969482421875 113.3125 114.09999847412109375 118.43125152587890625 127.81874847412109375 134.8312530517578125 143.6125030517578125 148.600006103515625
367.45623779296875 372.98126220703125 366.125 355.01251220703125 370.131256103515625 385.493743896484375 385.01873779296875 382.412506103515625 381.14373779296875 363.743743896484375 332.212493896484375 305.368743896484375 282.73748779296875 258.01251220703125 232.274993896484375 211.024993896484375 188.0625 168.399993896484375 155.1125030517578125 144.837493896484375 136.2624969482421875 124.875 114.34999847412109375 104.80625152587890625 96.58750152587890625 89.50624847412109375 89.2375030517578125 89.4499969482421875 89.61875152587890625 88.68125152587890625 90.8937530517578125 92.52500152587890625 93.34999847412109375 96.34999847412109375 96.7687530517578125 100.05625152587890625 102.1374969482421875 104.0625 107.1062469482421875 113.84999847412109375 120.5625 129.0062408447265625 138.21875 147.1875
353.04998779296875 360.125 353.462493896484375 344.23748779296875 343.912506103515625 341.51251220703125 338.20001220703125 333.850006103515625 318.10626220703125 305.45623779296875 286.76873779296875 268.54998779296875 254.0687408447265625 234.3937530517578125 215.03125 196.4437408447265625 176.28125 159.4375 145.5187530517578125 137.21875 127.6687469482421875 117.59375 107.3937530517578125 98.81874847412109375 90.28749847412109375 83.90625 83.31874847412109375 82.8874969482421875 81.30625152587890625 82.5749969482421875 83.53125 83.91249847412109375 86.18125152587890625 88.63124847412109375 89.7624969482421875 92.1374969482421875 93.53749847412109375 96.2312469482421875 100.6999969482421875 107.7312469482421875 114.21250152587890625 122.34375 132.84375 144.193756103515625
341.287506103515625 342.743743896484375 341.66876220703125 335.91876220703125 336.9375 331.88751220703125 310.89373779296875 280.524993896484375 258.181243896484375 249.4562530517578125 246.9875030517578125 236.024993896484375 224.787506103515625 210.9499969482421875 196.84375 181.162506103515625 165.568756103515625 150.506256103515625 137.1999969482421875 128.15625 120.4250030517578125 111.0187530517578125 99.96875 91.3000030517578125 84.5812530517578125 77.40625 76.3000030517578125 76.3312530517578125 75.66249847412109375 74.96250152587890625 77.1750030517578125 77.34375 78.25624847412109375 81.06874847412109375 80.94374847412109375 82.96250152587890625 84.78125 86.96875 90.38124847412109375 95.80625152587890625 103.0749969482421875 111.69374847412109375 121.38124847412109375 130.975006103515625
331.375 332.46875 332.75 324.068756103515625 320.76251220703125 310.006256103515625 292.506256103515625 267.58123779296875 235.6125030517578125 216.568756103515625 212.837493896484375 205.899993896484375 202.931243896484375 191.943756103515625 180.287506103515625 167.5124969482421875 157.0500030517578125 144.2687530517578125 134.6125030517578125 122.66249847412109375 113.36875152587890625 104.78125 93.61875152587890625 87.8562469482421875 80.625 72.66249847412109375 70.41249847412109375 71.68125152587890625 71.5124969482421875 71.0500030517578125 73.09375 71.9187469482421875 71.53749847412109375 71.65625 72.3562469482421875 75.68125152587890625 78.25 80.7312469482421875 83.125 87.7687530517578125 93.31874847412109375 98.8625030517578125 105.3312530517578125 112.11875152587890625
319.006256103515625 319.787506103515625 316.79376220703125 311.82501220703125 307.443756103515625 295.75 283.79998779296875 259.568756103515625 232.006256103515625 216.5625 204.6062469482421875 191.1125030517578125 186.818756103515625 178.493743896484375 166.6374969482421875 156.912506103515625 146.65625 137.7687530517578125 128.493743896484375 118.69374847412109375 109.1999969482421875 98.31874847412109375 87.21250152587890625 81.6125030517578125 74.40625 67.1125030517578125 65.63124847412109375 66.36875152587890625 65.5749969482421875 65.15000152587890625 65.34999847412109375 64.9250030517578125 66.22499847412109375 67.4187469482421875 68.8000030517578125 71.375 72.84999847412109375 74.3874969482421875 77.5124969482421875 81.31874847412109375 85.1687469482421875 87.9499969482421875 91.30625152587890625 93.6437530517578125
312.412506103515625 311.375 303.88751220703125 297.0625 294.21875 287.59375 274.993743896484375 248.462493896484375 224.774993896484375 206.90625 196.537506103515625 184.068756103515625 174.4375 164.631256103515625 152.5500030517578125 143 135.4499969482421875 129.03125 120.6062469482421875 113.09999847412109375 106.7687530517578125 95.625 83.7624969482421875 75.6437530517578125 70.6125030517578125 64.1062469482421875 63.200000762939453125 62.93125152587890625 60.875 59.643749237060546875 60.768749237060546875 60.80625152587890625 63.081249237060546875 64.50624847412109375 64.69374847412109375 66.1374969482421875 67.19374847412109375 69.125 71.1374969482421875 73.4250030517578125 75.5437469482421875 77.4187469482421875 80.5 80.8249969482421875
301.537506103515625 301.131256103515625 293.475006103515625 288.600006103515625 286.25 279.53125 268.96875 246.193756103515625 221.7624969482421875 202.7062530517578125 190.006256103515625 177.7624969482421875 165.25 152.693756103515625 145.96875 136.6062469482421875 128.149993896484375 120.1999969482421875 113.88124847412109375 108.71250152587890625 102.5625 91.65000152587890625 80.30625152587890625 73.44374847412109375 67.21250152587890625 58.512500762939453125 57.668750762939453125 58.331249237060546875 57.25 56.78125 57.112499237060546875 58.5 59.27500152587890625 60.393749237060546875 61.71875 64.02500152587890625 65.2312469482421875 66.0437469482421875 65.6687469482421875 65.3312530517578125 66.6437530517578125 68.00624847412109375 69.3249969482421875 66.3000030517578125
288.20001220703125 284.15625 278.42498779296875 270.73748779296875 270.1875 261.75 246.6125030517578125 229.693756103515625 208 191.96875 180.0187530517578125 169.7687530517578125 156.524993896484375 141.6875 132.225006103515625 125.22499847412109375 116.63124847412109375 111.38124847412109375 105.4499969482421875 99.06874847412109375 93.78749847412109375 83.97499847412109375 73.49375152587890625 65.8125 57.606250762939453125 51.137500762939453125 52.543750762939453125 54.043750762939453125 55.356250762939453125 55.40625 55.268749237060546875 55.81874847412109375 57.65000152587890625 57.143749237060546875 58.83750152587890625 62.38124847412109375 66.16249847412109375 66.49375152587890625 66.44374847412109375 62.94374847412109375 59.0625 61.27500152587890625 61.25 57.387500762939453125
273.08123779296875 265.83123779296875 258.38751220703125 254.243743896484375 250.3937530517578125 239.7624969482421875 226.1875 213.6875 194.2937469482421875 179.881256103515625 166.84375 154.8937530517578125 144.4375 131.9187469482421875 117.33750152587890625 112.31874847412109375 105.8000030517578125 100.7312469482421875 92.75 86.4187469482421875 81.65000152587890625 72.8125 63.53125 58.174999237060546875 52.5 48.200000762939453125 49.862499237060546875 51.97499847412109375 53.575000762939453125 54.424999237060546875 55.21250152587890625 54.706249237060546875 55.96250152587890625 56.15000152587890625 59.081249237060546875 64.4250030517578125 68.7937469482421875 72.5124969482421875 73.15000152587890625 67.71250152587890625 57.38124847412109375 54.262500762939453125 56.625 60.706249237060546875
257.818756103515625 253.618743896484375 244.1687469482421875 236.84375 233.381256103515625 222.8249969482421875 209.850006103515625 196.0500030517578125 178.8874969482421875 166.118743896484375 151.806243896484375 142.3874969482421875 132.618743896484375 119.88124847412109375 105.97499847412109375 97.8312530517578125 92.125 86.43125152587890625 80.74375152587890625 76.16249847412109375 72.15625 65.21250152587890625 57.9375 55.27500152587890625 52.362499237060546875 49.981250762939453125 51.09375 52.50624847412109375 53.34375 53.950000762939453125 53.99375152587890625 54.456249237060546875 55.86875152587890625 57.40625 59.50624847412109375 65.46250152587890625 72.50624847412109375 82.1750030517578125 85.5625 78.41249847412109375 71.8249969482421875 67.63124847412109375 69.0500030517578125 68.27500152587890625
239.881256103515625 237.3312530517578125 230.28125 223.0187530517578125 216.9875030517578125 208.65625 196.837493896484375 180.818756103515625 166.1125030517578125 153.4499969482421875 140.6062469482421875 129.962493896484375 119.5124969482421875 108.34999847412109375 96.25624847412109375 84.5124969482421875 78.99375152587890625 74.625 69.9250030517578125 66.81874847412109375 63.487499237060546875 58.831249237060546875 54.49375152587890625 54.46875 53.50624847412109375 51.75624847412109375 52.88124847412109375 53.28749847412109375 53.518749237060546875 54.47499847412109375 55.418750762939453125 55.768749237060546875 56.31874847412109375 57.90000152587890625 61.02500152587890625 71.65000152587890625 81.28749847412109375 91.4375 97.84375 96.7937469482421875 93.7375030517578125 86.9375 80.69374847412109375 74.1750030517578125
227.9187469482421875 225.9562530517578125 217.618743896484375 211.225006103515625 202.4499969482421875 195.287506103515625 185.618743896484375 172.2624969482421875 156.0124969482421875 144.4812469482421875 132.625 120.41249847412109375 110.19374847412109375 99.47499847412109375 87.83750152587890625 76.9250030517578125 66.97499847412109375 62.575000762939453125 60.512500762939453125 58.88124847412109375 55.387500762939453125 53.06874847412109375 51.41249847412109375 54.575000762939453125 55.856250762939453125 54.174999237060546875 53.65625 53.88124847412109375 53.174999237060546875 53.575000762939453125 55.65625 58.16249847412109375 60.34999847412109375 62.90625 73.15625 84.21250152587890625 94.6437530517578125 108.78749847412109375 119.78749847412109375 115.02500152587890625 108.41249847412109375 96.69374847412109375 85.6062469482421875 79.09375
212.399993896484375 213.100006103515625 206.912506103515625 202.0749969482421875 194.1125030517578125 187.3625030517578125 174.962493896484375 163.0625 148.493743896484375 136.274993896484375 124.94374847412109375 113.91249847412109375 101.59999847412109375 90.2687530517578125 79.6062469482421875 69.28749847412109375 60.018749237060546875 52.66249847412109375 52.34375 50.081249237060546875 49.08750152587890625 48.575000762939453125 49.61875152587890625 53.693752288818359375 57.15625 56.8125 56.97499847412109375 56.325000762939453125 54.36875152587890625 53.65625 52.875 54.262500762939453125 64.0625 75.02500152587890625 83.72499847412109375 97.09375 110.6125030517578125 122.06874847412109375 127.22499847412109375 124.3625030517578125 111.63124847412109375 100.78125 90.34375 83.8562469482421875
197.693756103515625 199.631256103515625 195.6999969482421875 192.087493896484375 187.3000030517578125 178.7937469482421875 168.2937469482421875 156.1125030517578125 145.4250030517578125 134.4812469482421875 122.22499847412109375 107.21875 95.3874969482421875 84.7312469482421875 72.8937530517578125 64.22499847412109375 55.231250762939453125 47.424999237060546875 44.24375152587890625 43.40000152587890625 45.875 51.16249847412109375 46.262500762939453125 51.456249237060546875 55.700000762939453125 58.893749237060546875 60.15000152587890625 58.493747711181640625 57.581249237060546875 54.174999237060546875 52.387500762939453125 56.981250762939453125 68.8625030517578125 79.02500152587890625 89.90625 103.36875152587890625 112.75 118.43125152587890625 123.44374847412109375 119.06874847412109375 111.5187530517578125 101.8937530517578125 92.53125 85.34999847412109375
