data/historical-monthly-weather-data/wc2.1_cruts4.09_10m_prec_1991-10.asc
ncols        51
nrows        45
xllcorner    -63.500000000000
yllcorner    -7.500000000000
cellsize     0.166666666667
NODATA_value -9999
[rows 19 to 37 of 45, columns 0 to 43 of 51]
71.28749847412109375 73.4875030517578125 77.08750152587890625 80.96250152587890625 84.75 88.3937530517578125 91.5187530517578125 93.9375 95.88124847412109375 96.84375 95.9250030517578125 91.41249847412109375 86.55625152587890625 82.09999847412109375 80.0187530517578125 78.7062530517578125 76.47499847412109375 76.36875152587890625 76.96875 78.43125152587890625 80.125 83.8937530517578125 90.06874847412109375 96.56874847412109375 101.0437469482421875 102.3312530517578125 101.3312530517578125 98.53749847412109375 92.08750152587890625 84.50624847412109375 79.75624847412109375 82.58750152587890625 85.2937469482421875 87.6687469482421875 88.78749847412109375 87.16249847412109375 87.59999847412109375 90.15625 92.15000152587890625 92.68125152587890625 91.65000152587890625 87.59999847412109375 80.2937469482421875 73.40625
66.5625 69.7375030517578125 74.33750152587890625 78.9875030517578125 83.4562530517578125 87.3125 91.00624847412109375 93.84999847412109375 96.0187530517578125 96.5749969482421875 95.5 90.8874969482421875 86.00624847412109375 81.0749969482421875 78.66249847412109375 76.71875 74.6374969482421875 74.25624847412109375 75.83750152587890625 77.2312469482421875 80.34375 84.5437469482421875 89.16249847412109375 94.8249969482421875 99.9875030517578125 102.9375 103.0437469482421875 99.7375030517578125 95.9375 93.09375 91.6999969482421875 93.5749969482421875 95.91249847412109375 99.4499969482421875 103.375 100.8249969482421875 97.65000152587890625 97.08750152587890625 96.61875152587890625 96.1125030517578125 94.78749847412109375 90.97499847412109375 85.09999847412109375 79.33750152587890625
62.299999237060546875 66.4375 71.63124847412109375 76.90000152587890625 82.09999847412109375 86.55625152587890625 90.5500030517578125 94.02500152587890625 96.8249969482421875 97.1374969482421875 95.4499969482421875 90.875 86.25 82.30625152587890625 79.4562530517578125 77.4187469482421875 75.8874969482421875 75.75 76.78749847412109375 78.3562469482421875 80.53749847412109375 84.1875 88.9250030517578125 94.1687469482421875 98.68125152587890625 102.1062469482421875 104.0812530517578125 103.47499847412109375 102.71875 102.2312469482421875 102.3937530517578125 104.21875 106.09375 109.1374969482421875 110.91249847412109375 109.34999847412109375 105.84375 103.15625 101.2312469482421875 100.11875152587890625 98.34375 94.7312469482421875 90.15000152587890625 84.86875152587890625
59.168750762939453125 64.21250152587890625 69.94374847412109375 75.58750152587890625 80.75624847412109375 85.3937530517578125 89.84999847412109375 94.2312469482421875 98.28125 97.84375 95.59999847412109375 90.9250030517578125 87.15625 84.25624847412109375 81.2687530517578125 78.90000152587890625 77.27500152587890625 77.59999847412109375 78.41249847412109375 79.59375 82.1687469482421875 85.05625152587890625 88.83750152587890625 94.0625 98.53125 101.3000030517578125 104.59999847412109375 107.2937469482421875 108.2312469482421875 109.7062530517578125 112.0187530517578125 114.90000152587890625 115.96250152587890625 117.91249847412109375 118.5749969482421875 116.5 112.8874969482421875 108.77500152587890625 106.11875152587890625 105.6875 104.2312469482421875 100.81874847412109375 96.52500152587890625 91.30625152587890625
57.1875 62.643749237060546875 69.02500152587890625 74.34375 79.33750152587890625 84.0124969482421875 88.3562469482421875 93.03125 96.90625 96.99375152587890625 94.77500152587890625 91.46250152587890625 88.74375152587890625 86.55625152587890625 83.99375152587890625 81.59999847412109375 80.13124847412109375 80.3874969482421875 81.0187530517578125 81.9499969482421875 84.5625 87.6687469482421875 90.58750152587890625 95.375 99.38124847412109375 101.4499969482421875 103.94374847412109375 108.6374969482421875 112.88124847412109375 116.34999847412109375 119.88124847412109375 123.3125 124.56874847412109375 125.6750030517578125 126.16249847412109375 124.8125 121.55625152587890625 117.09999847412109375 114.59999847412109375 113.3249969482421875 111.63124847412109375 108.1875 103.58750152587890625 97.8625030517578125
57.125 62.09999847412109375 68.5500030517578125 73.21250152587890625 77.8874969482421875 82.28125 86.30625152587890625 90.1750030517578125 93.43125152587890625 94.6999969482421875 94.28749847412109375 92.43125152587890625 90.9875030517578125 89.68125152587890625 87.1687469482421875 85.03749847412109375 83.4375 83.68125152587890625 84.25 85.16249847412109375 87.625 89.96250152587890625 93.125 97.6750030517578125 101.9499969482421875 105.75624847412109375 108.7937469482421875 113.40625 118.27500152587890625 122.5 126.5124969482421875 129.649993896484375 131.8312530517578125 132.8000030517578125 133.59375 132.0749969482421875 130.2375030517578125 127.88124847412109375 124.9875030517578125 123.5124969482421875 121.3937530517578125 117.3249969482421875 112.15000152587890625 106.8312530517578125
57.700000762939453125 61.66249847412109375 66.6062469482421875 71.53125 75.875 79.9499969482421875 83.71250152587890625 87.2312469482421875 90.625 92.9562530517578125 93.125 93.1374969482421875 92.93125152587890625 92.59999847412109375 90.6875 88.6062469482421875 87.19374847412109375 87.25624847412109375 87.8625030517578125 88.72499847412109375 91.13124847412109375 93.2937469482421875 96.27500152587890625 101.1999969482421875 106.21875 110.96250152587890625 115.0812530517578125 119.3562469482421875 124.09999847412109375 128.662506103515625 131.943756103515625 136.149993896484375 138.9250030517578125 140.03125 141.537506103515625 140.6125030517578125 139.568756103515625 138.6999969482421875 136.4875030517578125 134.850006103515625 132.6750030517578125 128.3937530517578125 122.61875152587890625 117.11875152587890625
58.99375152587890625 61.081249237060546875 65.1437530517578125 69.375 73.30625152587890625 77.5 81.2312469482421875 84.80625152587890625 88.15000152587890625 90.6062469482421875 92.69374847412109375 94.34999847412109375 95.75 96.72499847412109375 94.96250152587890625 93.2624969482421875 91.56874847412109375 91.90625 92.3000030517578125 92.9499969482421875 95.36875152587890625 97.4187469482421875 100.13124847412109375 106.13750457763671875 111.1875 116.34375 120.625 125.08124542236328125 130.056243896484375 134.21875 138.375 141.6687469482421875 145.28125 147.587493896484375 149.2375030517578125 149.662506103515625 149.9250030517578125 150.181243896484375 149.1687469482421875 148.8125 147.21875 143.1875 137.462493896484375 131.375
60.02500152587890625 60.84375 64.05625152587890625 67.625 71 75.0625 79.1062469482421875 82.58750152587890625 86.1125030517578125 89.36875152587890625 92.1062469482421875 95.25 98.55625152587890625 100.56874847412109375 99.41249847412109375 97.9187469482421875 96.71875 96.52500152587890625 97.0187530517578125 97.96250152587890625 99.96875 101.93125152587890625 105.0749969482421875 110.71875 116.1437530517578125 121.75624847412109375 126.7062530517578125 131.600006103515625 135.881256103515625 139.7937469482421875 143.243743896484375 146.962493896484375 151.193756103515625 154.2624969482421875 157.6875 158.7312469482421875 159.6750030517578125 162.0812530517578125 161.9250030517578125 163.1750030517578125 164.3125 159.8125 152.46875 147.131256103515625
61.21250152587890625 61.049999237060546875 63.28125 66.27500152587890625 69.15000152587890625 72.84999847412109375 76.6062469482421875 80.375 84.36875152587890625 88.43125152587890625 92.2312469482421875 96.72499847412109375 101.24375152587890625 104.4812469482421875 104.03749847412109375 102.8312530517578125 102.04375457763671875 101.875 102.11875152587890625 102.9499969482421875 104.6750030517578125 106.74375152587890625 109.71250152587890625 115.375 120.99375152587890625 127.09999847412109375 132.306243896484375 137.2937469482421875 142.568756103515625 145.806243896484375 148.3562469482421875 151.9375 156.7937469482421875 160.899993896484375 165.2375030517578125 167.71875 169.8562469482421875 172.6750030517578125 172.9187469482421875 175.024993896484375 178.0749969482421875 173.59375 166.3562469482421875 163.287506103515625
63.893749237060546875 62.84999847412109375 64.26874542236328125 66.0749969482421875 68.41249847412109375 71.5812530517578125 75.34999847412109375 79.368743896484375 84.08750152587890625 88.46875 93.2687530517578125 98.43125152587890625 104.16249847412109375 108.56874847412109375 108.86875152587890625 108.8249969482421875 108.2375030517578125 108.53749847412109375 108.4499969482421875 108.4375 110.25624847412109375 112.2062530517578125 114.6687469482421875 119.78125 125.6687469482421875 132.318756103515625 137.4812469482421875 142.306243896484375 146.9375 150.306243896484375 153.6125030517578125 157.3125 162.7375030517578125 168.306243896484375 173.350006103515625 176.868743896484375 180.0124969482421875 184.337493896484375 183.368743896484375 184.4875030517578125 187.4499969482421875 187.3125 183.5437469482421875 183.712493896484375
66.7062530517578125 64.66249847412109375 65.41249847412109375 66.1437530517578125 67.8000030517578125 71.25624847412109375 74.8625030517578125 78.8937530517578125 83.8312530517578125 88.71875 94.41249847412109375 100.7375030517578125 107.6999969482421875 113.1687469482421875 114.09375 114.93125152587890625 115.59999847412109375 115.3874969482421875 115.00624847412109375 114.93125152587890625 116.0749969482421875 117.78749847412109375 119.96875 124.8312530517578125 130.6125030517578125 136.7375030517578125 141.9187469482421875 146.712493896484375 151.162506103515625 154.6437530517578125 158.65625 162.7624969482421875 168.96875 175.756256103515625 181.9250030517578125 185.774993896484375 190.381256103515625 195.8062591552734375 194.056243896484375 190.4375 194.28125 198.8874969482421875 200.71875 201.8874969482421875
69.59375 66.75 66.49375152587890625 66.96875 68.47499847412109375 71.22499847412109375 74.65000152587890625 78.63124847412109375 83.91249847412109375 89.4187469482421875 95.55625152587890625 102.99375152587890625 110.5437469482421875 117.3562469482421875 119.9499969482421875 121.74375152587890625 122.625 121.8000030517578125 121.80625152587890625 121.4812469482421875 122.1875 123.3937530517578125 125.3000030517578125 129.6687469482421875 135.306243896484375 140.9000091552734375 145.9499969482421875 150.8312530517578125 155.1750030517578125 159.3249969482421875 163.618743896484375 167.7375030517578125 174.975006103515625 183.2624969482421875 189.8312530517578125 195.1125030517578125 201 207.162506103515625 204.506256103515625 202.6875 208.1875 215.03125 218.662506103515625 222.6437530517578125
75.96875 72.61875152587890625 71.6750030517578125 71.6437530517578125 72.1062469482421875 74.28749847412109375 77.03125 80.3312530517578125 85.41249847412109375 91.2062530517578125 98.97499847412109375 106.71875 115.53749847412109375 123.88124847412109375 127.24375152587890625 129.4499969482421875 130.5 129.71875 129.149993896484375 128.6062469482421875 128.78125 129.4499969482421875 130.5437469482421875 134.6062469482421875 139.350006103515625 144.1750030517578125 149.1374969482421875 153.6875 158.243743896484375 163.756256103515625 168.7375030517578125 173.8625030517578125 180.6999969482421875 190.056243896484375 199.2375030517578125 207.2375030517578125 213.8249969482421875 219.475006103515625 219.4875030517578125 223.4875030517578125 230.6062469482421875 237.443756103515625 243.125 248.40625
82.375 78.9499969482421875 77.59999847412109375 76.8562469482421875 76.09375 77.7312469482421875 79.78749847412109375 82.46250152587890625 86.96250152587890625 92.93125152587890625 100.375 110.3562469482421875 121.34999847412109375 129.818756103515625 134.5124969482421875 137.28125 138.943756103515625 138.21875 136.6437530517578125 136.131256103515625 135.681243896484375 135.600006103515625 136.1374969482421875 138.7687530517578125 142.993743896484375 147.1437530517578125 151.5437469482421875 156.068756103515625 161.09375 167.34375 173.78125 180.3562469482421875 189.0500030517578125 198.2062530517578125 209.2937469482421875 218.4499969482421875 225.8937530517578125 232.8000030517578125 237 244.256256103515625 251.4875030517578125 259.45623779296875 268.38751220703125 276.149993896484375
88.99375152587890625 85.71875 83.4812469482421875 82.1125030517578125 80.61875152587890625 81.5749969482421875 82.84375 84.96875 88.5749969482421875 94.3249969482421875 102.46250152587890625 113.875 126.69374847412109375 137.3812408447265625 141.6875 145.118743896484375 147.5 146.4375 144.7062530517578125 143.212493896484375 142.46875 141.506256103515625 141.3562469482421875 142.8562469482421875 146.0749969482421875 149.462493896484375 154.006256103515625 159.0187530517578125 164.1374969482421875 170.912506103515625 178.0625 186.193756103515625 196.056243896484375 207.1999969482421875 218.306243896484375 227.443756103515625 235.8874969482421875 246.287506103515625 253.21875 261.506256103515625 270.381256103515625 278.45623779296875 288.95623779296875 298.15625
97.34999847412109375 94 91.9562530517578125 89.9499969482421875 88.24375152587890625 88.71250152587890625 89.0187530517578125 90.03749847412109375 92.7312469482421875 97.34999847412109375 105.8312530517578125 118.13124847412109375 132.243743896484375 143.4375 148.8874969482421875 152.7062530517578125 155.225006103515625 154.2624969482421875 152.3937530517578125 150.3562469482421875 149.274993896484375 148.125 146.506256103515625 147.2624969482421875 149.225006103515625 151.3312530517578125 155.2937469482421875 160.03125 165.024993896484375 173.024993896484375 181.03125 189.96875 200.662506103515625 213.3249969482421875 224.100006103515625 232.6125030517578125 244.243743896484375 254.181243896484375 262.20001220703125 270.943756103515625 281.181243896484375 290.3125 298.100006103515625 308.54998779296875
105.88124847412109375 102.68125152587890625 100.56874847412109375 98.52500152587890625 96.6750030517578125 96.28749847412109375 95.7375030517578125 95.6687469482421875 97.0500030517578125 99.4562530517578125 108.6374969482421875 124.0812530517578125 137.431243896484375 147.8125 154.693756103515625 159.774993896484375 162.5812530517578125 161.7062530517578125 159.2687530517578125 156.693756103515625 155.056243896484375 153.1999969482421875 151.5812530517578125 151.03125 151.59375 152.8874969482421875 156.2312469482421875 160.649993896484375 165.962493896484375 174.6687469482421875 184.068756103515625 193.1374969482421875 205.9187469482421875 219.2624969482421875 229.5187530517578125 240.149993896484375 251.28125 262.54376220703125 270.899993896484375 279.337493896484375 289.35626220703125 296.60626220703125 305.95623779296875 317.368743896484375
113.50624847412109375 110.5812530517578125 108.4250030517578125 106.53749847412109375 104.8125 103.91249847412109375 103.44374847412109375 102.90000152587890625 103.99375152587890625 104.8312530517578125 117.4875030517578125 133.1750030517578125 144.40625 154.1062469482421875 161.037506103515625 166.5124969482421875 169.506256103515625 168.375 165.975006103515625 162.7624969482421875 160.274993896484375 157.225006103515625 155 153.40625 153.556243896484375 154.193756103515625 156.7874908447265625 160.9375 166.087493896484375 175.78125 185.131256103515625 195.6875 209.306243896484375 222.5812530517578125 234.556243896484375 244.2937469482421875 256.51251220703125 267.056243896484375 277.287506103515625 286.837493896484375 294.04376220703125 302.625 309.96875 319.33123779296875
