data/historical-monthly-weather-data/wc2.1_cruts4.09_10m_prec_1992-02.asc
ncols        51
nrows        45
xllcorner    -63.500000000000
yllcorner    -7.500000000000
cellsize     0.166666666667
NODATA_value -9999
[rows 0 to 19 of 45, columns 0 to 44 of 51]
84.84375 81.9375 79.1687469482421875 77.96875 75.9187469482421875 76.2312469482421875 76.00624847412109375 74.71875 74.34375 75.4499969482421875 78.5749969482421875 82.0124969482421875 85.25 85.7312469482421875 87.7375030517578125 89.94374847412109375 92.7062530517578125 93.65625 97.09999847412109375 100.86875152587890625 104.2937469482421875 107.75 112.41249847412109375 116.34999847412109375 120.90625 126.0124969482421875 131.212493896484375 136.693756103515625 142.337493896484375 144.65625 147.1187591552734375 149.8625030517578125 151.2624969482421875 152.90625 155.068756103515625 156.943756103515625 157.287506103515625 157.306243896484375 158.600006103515625 158.6687469482421875 159.725006103515625 161.087493896484375 161.287506103515625 163.6812591552734375 163.975006103515625
88.81874847412109375 85.9187469482421875 84.34375 82.6687469482421875 81.58750152587890625 83.21875 83.83750152587890625 84.93125152587890625 86.96250152587890625 88.90000152587890625 91.4187469482421875 93.7687530517578125 95.8625030517578125 96.9250030517578125 98.36875152587890625 99.68125152587890625 101.625 103.63124847412109375 107.1999969482421875 110.84999847412109375 113.8874969482421875 117.6750030517578125 122.25 126.0625 129.881256103515625 134.9250030517578125 139.4812469482421875 144.993743896484375 149.993743896484375 151.71875 152.537506103515625 155.1374969482421875 156.2375030517578125 157.912506103515625 158.899993896484375 159.7937469482421875 159.6125030517578125 158.631256103515625 159.3125 159.024993896484375 159.443756103515625 160.212493896484375 159.84375 161.2062530517578125 160.875
95.24375152587890625 92.7687530517578125 91.6687469482421875 90.9187469482421875 90.97499847412109375 93.09375 95.6374969482421875 98.9875030517578125 103.00624847412109375 105.5812530517578125 107.2624969482421875 108.5812530517578125 109.4250030517578125 109.3625030517578125 109.72499847412109375 110.1687469482421875 110.96250152587890625 113.03749847412109375 115.96250152587890625 119.31874847412109375 122.38124847412109375 127.02500152587890625 131.03125 134.5625 139.3000030517578125 143.25 147.537506103515625 152.8937530517578125 156.6125030517578125 157.2062530517578125 158.4375 160.068756103515625 161.3125 161.6374969482421875 162.90625 162.3874969482421875 162.0749969482421875 161.6374969482421875 161.225006103515625 160.5812530517578125 160.274993896484375 160.1687469482421875 159.4562530517578125 158.899993896484375 159.0749969482421875
101.2375030517578125 99.3937530517578125 99.8249969482421875 100.3000030517578125 102.68125152587890625 105.1062469482421875 109.19374847412109375 114.6750030517578125 120.8937530517578125 125.0187530517578125 125.84999847412109375 124.93125152587890625 123.1875 121.4499969482421875 121.1687469482421875 120.84999847412109375 120.94374847412109375 121.3625030517578125 124.00624847412109375 128.4187469482421875 132.15625 136.193756103515625 139.4875030517578125 143 147 150.78125 155.399993896484375 159.8874969482421875 162.9562530517578125 163.5812530517578125 163.631256103515625 165.71875 165.7375030517578125 166.037506103515625 166.006256103515625 165.9187469482421875 165.1999969482421875 164.0625 163.931243896484375 163.0812530517578125 161.243743896484375 160.40625 159.1687469482421875 157.537506103515625 157.4250030517578125
110.02500152587890625 107.3249969482421875 107.3125 109.40000152587890625 113.33750152587890625 117.38124847412109375 122.1687469482421875 130.037506103515625 139.881256103515625 146.7937469482421875 144.28125 139.868743896484375 137.0812530517578125 134.462493896484375 132.693756103515625 131.6687469482421875 131.1999969482421875 130.162506103515625 132.8937530517578125 137.475006103515625 141.631256103515625 144.53125 147.9250030517578125 151.399993896484375 154.7062530517578125 158.4250030517578125 161.1999969482421875 164.618743896484375 169.0625 169.725006103515625 169.756256103515625 170.100006103515625 170.681243896484375 170.756256103515625 170.1750030517578125 169.712493896484375 169.243743896484375 168.1125030517578125 167.6125030517578125 165.4812469482421875 163.399993896484375 161.118743896484375 158.5187530517578125 156.243743896484375 154.8874969482421875
118.78749847412109375 117.2375030517578125 116.80625152587890625 118.21875 122.11875152587890625 127.5187530517578125 133.818756103515625 142.2624969482421875 153.5437469482421875 162.8562469482421875 157.962493896484375 152.399993896484375 149.34375 146.8625030517578125 145.0625 144.5 143.0187530517578125 141.6687469482421875 144.4375 148.8000030517578125 151.649993896484375 154.287506103515625 157.162506103515625 159.587493896484375 161.774993896484375 165.368743896484375 168.181243896484375 170.84375 174.149993896484375 174.712493896484375 174.899993896484375 175.3249969482421875 175.068756103515625 176.5812530517578125 176.7062530517578125 176.212493896484375 176.024993896484375 175.0625 174.8312530517578125 172.25 168.2624969482421875 164.9187469482421875 161.5437469482421875 158.3562469482421875 155.0749969482421875
128.537506103515625 127.48125457763671875 127.53749847412109375 128.024993896484375 131.3874969482421875 136.21875 142.337493896484375 149 157.6125030517578125 162.587493896484375 162.787506103515625 161.0625 159.399993896484375 158.03125 157.4375 157.3125 157.4499969482421875 157.78125 159.6437530517578125 161.1750030517578125 161.6125030517578125 163.4562530517578125 164.662506103515625 166.1687469482421875 169.4499969482421875 171.9499969482421875 174.4250030517578125 177.3249969482421875 178.84375 178.850006103515625 180.0437469482421875 180.6999969482421875 181.212493896484375 180.943756103515625 181.243743896484375 182.2375030517578125 182.056243896484375 181.8000030517578125 182.40625 179.2375030517578125 173.25 169.193756103515625 165.34375 161.2937469482421875 157.006256103515625
138.28125 136.9187469482421875 136.9250030517578125 138.7062530517578125 141.8312530517578125 145.274993896484375 148.9812469482421875 152.40625 156.2062530517578125 160.1687469482421875 164.806243896484375 167.8937530517578125 169.15625 168.6125030517578125 168.7937469482421875 169.7312469482421875 170.7687530517578125 172.6875 174.9375 172.8874969482421875 170.787506103515625 171.037506103515625 171.4187469482421875 172.9812469482421875 175.90625 178.037506103515625 180.131256103515625 182.03125 183.943756103515625 183.899993896484375 183.993743896484375 185.4187469482421875 185.96875 186.3625030517578125 186.46875 186.931243896484375 187.125 186.818756103515625 186.399993896484375 183.318756103515625 178.0124969482421875 174.100006103515625 169.9875030517578125 164.899993896484375 161.3249969482421875
148.024993896484375 146.8937530517578125 146.806243896484375 148.587493896484375 150.975006103515625 152.7687530517578125 155.5124969482421875 157.09375 157.96875 161.3937530517578125 168.1875 174.4812469482421875 177.84375 178.837493896484375 178.59375 179.5999908447265625 180.181243896484375 181.225006103515625 183.287506103515625 180.149993896484375 176.4812469482421875 176.0749969482421875 176.475006103515625 179.6875 182.537506103515625 184.3937530517578125 185.506256103515625 186.9250030517578125 188.9562530517578125 188.8000030517578125 189.4499969482421875 191.056243896484375 191.5187530517578125 191.5812530517578125 191.71875 192.868743896484375 193.4812469482421875 193.4499969482421875 193.4562530517578125 190.837493896484375 185.943756103515625 182.3312530517578125 178.78125 174.28125 171.7375030517578125
157.8874969482421875 156.96875 157.1750030517578125 158.25 159.7937469482421875 160.993743896484375 163.625 165.100006103515625 167.943756103515625 171.8874969482421875 178.3312530517578125 183.3874969482421875 188.087493896484375 189.149993896484375 188.649993896484375 187.618743896484375 186.537506103515625 186.1875 184.850006103515625 182.3125 179.712493896484375 179.84375 181.381256103515625 186.2312469482421875 189.1374969482421875 190.524993896484375 191.631256103515625 191.9250030517578125 194.131256103515625 194.274993896484375 194.15625 195.4499969482421875 196.2687530517578125 197.350006103515625 198.162506103515625 199.34375 200.306243896484375 199.993743896484375 199.993743896484375 198.4499969482421875 195.1437530517578125 192.2375030517578125 188.375 183.3874969482421875 182.2312469482421875
167.28125 166.4375 166.5500030517578125 167.3312530517578125 168.243743896484375 169.46875 171.8937530517578125 174.7312469482421875 178.931243896484375 183.9875030517578125 190.743743896484375 195.993743896484375 199.493743896484375 200.125 198.2062530517578125 195.4250030517578125 192.0625 189.306243896484375 186.1687469482421875 183.6125030517578125 180.975006103515625 181.5749969482421875 185.3249969482421875 189.5437469482421875 195.1999969482421875 196.28125 196.2687530517578125 197.0124969482421875 197.975006103515625 197.8000030517578125 198.4749908447265625 199.7624969482421875 200.46875 201.8312530517578125 203.9499969482421875 205.899993896484375 206.28125 206.993743896484375 207.09375 205.4000091552734375 202.7937469482421875 199.899993896484375 196.4812469482421875 191.975006103515625 190.90625
176.162506103515625 175.0124969482421875 174.6875 175.600006103515625 176.881256103515625 178.462493896484375 181.28125 185.8312530517578125 190.743743896484375 196.6062469482421875 204.068756103515625 209.662506103515625 211.1374969482421875 210.087493896484375 207.5625 203.318756103515625 199.0437469482421875 194.2937469482421875 189.2312469482421875 184.9812469482421875 181.681243896484375 183.087493896484375 189.3874969482421875 196.631256103515625 201.818756103515625 201.412506103515625 200.4250030517578125 200.631256103515625 201.631256103515625 202.3874969482421875 203.2062530517578125 203.9812469482421875 205.0124969482421875 206.2687530517578125 208.3937530517578125 211.0500030517578125 213.274993896484375 214.75 215.09375 213.8312530517578125 211.7937469482421875 208.4375 203.2062530517578125 196.912506103515625 194.681243896484375
183.037506103515625 182.1875 182.4250030517578125 183.3000030517578125 185.4875030517578125 187.993743896484375 191.96875 196.75 202.0749969482421875 209.412506103515625 217.03125 222.193756103515625 222.568756103515625 219.03125 215.4812469482421875 210.212493896484375 205.1999969482421875 200.09375 194.8625030517578125 189.149993896484375 183.3874969482421875 185.4187469482421875 192.90625 199.712493896484375 202.7687530517578125 202.4812469482421875 203.0749969482421875 203.662506103515625 204.493743896484375 205.6437530517578125 206.875 207.850006103515625 208.024993896484375 209.693756103515625 212.1999969482421875 215.0437469482421875 217.8562469482421875 221.3000030517578125 222.5 221.8125 220.912506103515625 216.3874969482421875 208.068756103515625 199.6437530517578125 195.537506103515625
188.9375 188.25 188.850006103515625 190.3125 193.2624969482421875 196.5124969482421875 201.850006103515625 207.462493896484375 213.649993896484375 220.75 227.6750030517578125 230.75 230.274993896484375 227.46875 222.2375030517578125 217.3000030517578125 211.399993896484375 206.625 201.2062530517578125 196.618743896484375 193.149993896484375 193.975006103515625 198.274993896484375 201.662506103515625 203.3937530517578125 203.40625 204.7937469482421875 205.625 207.024993896484375 207.556243896484375 209.0749969482421875 209.875 209.931243896484375 211.75 214.1875 218.0187530517578125 222.8249969482421875 227.6875 230.506256103515625 230.34375 227.743743896484375 219.618743896484375 211.375 203.78125 200.0437469482421875
193.625 192.7062530517578125 194.0500030517578125 196.975006103515625 199.8937530517578125 204.506256103515625 211.15625 217.2312469482421875 224.087493896484375 231.1750030517578125 237.056243896484375 240.0124969482421875 239.537506103515625 236.850006103515625 232.006256103515625 226.4562530517578125 221.087493896484375 216.1125030517578125 211.412506103515625 208.0812530517578125 205.1687469482421875 204.0812530517578125 205.693756103515625 206.993743896484375 207.125 207.59375 208.9250030517578125 209.368743896484375 210.3625030517578125 211.1812591552734375 211.350006103515625 211.0187530517578125 210.9375 211.6062469482421875 213.96875 217.875 224.7312469482421875 232.1875 236.6999969482421875 236.943756103515625 231.943756103515625 224.743743896484375 217.2062530517578125 208.837493896484375 204.2687530517578125
197.0124969482421875 196.131256103515625 198.28125 201.9812469482421875 206.193756103515625 211.818756103515625 219.2375030517578125 225.625 233.2687530517578125 241.462493896484375 247.7624969482421875 250.8874969482421875 250.8125 247.725006103515625 242.662506103515625 235.4875030517578125 231.25 227.53125 223.787506103515625 220.993743896484375 216.8562469482421875 214.1437530517578125 213.4812469482421875 213.899993896484375 212.243743896484375 211.0500030517578125 211.53125 212.600006103515625 214.181243896484375 214.9625091552734375 215.1125030517578125 213.125 210.0437469482421875 208.8937530517578125 209.3937530517578125 214.5187530517578125 223.3874969482421875 234.006256103515625 242.318756103515625 244.0437469482421875 239.28125 230.4562530517578125 221.3000030517578125 212.131256103515625 206.381256103515625
198.46875 198.75 201.524993896484375 206.0437469482421875 211.46875 218.100006103515625 226.225006103515625 233.9875030517578125 242.318756103515625 251.3562469482421875 259.318756103515625 263.45001220703125 264.381256103515625 261.818756103515625 256.131256103515625 248.5124969482421875 242.34375 238.024993896484375 234.556243896484375 232.40625 228.2624969482421875 224.3125 221.318756103515625 220.287506103515625 218.193756103515625 214.3937530517578125 213.4562530517578125 215.225006103515625 217.806243896484375 219.75 219.28125 215.962493896484375 209.993743896484375 204.037506103515625 203.1374969482421875 208.4375 218.4812469482421875 234.1374969482421875 249.3562469482421875 249.09375 242.149993896484375 232.631256103515625 221.931243896484375 212.243743896484375 207.3000030517578125
197.993743896484375 199.2125091552734375 203.712493896484375 209.6437530517578125 215.875 223.3874969482421875 232.4250030517578125 241.1750030517578125 250.2062530517578125 259.693756103515625 269.33123779296875 276.58123779296875 280.79376220703125 279.41876220703125 273.95001220703125 266.149993896484375 256.5625 248.431243896484375 246.46875 244.2624969482421875 240.662506103515625 234.6999969482421875 228.2937469482421875 224.774993896484375 221.5812530517578125 217.693756103515625 215.899993896484375 218.65625 222.4375 225.1750030517578125 223.9187469482421875 215.693756103515625 207.024993896484375 198.787506103515625 194.725006103515625 197.3000030517578125 210.7687530517578125 226.8562469482421875 240.7062530517578125 242.8625030517578125 236.725006103515625 228.3562469482421875 219.631256103515625 211.837493896484375 207.5625
196.65625 199.0437469482421875 204.5124969482421875 210.818756103515625 218.287506103515625 227.6875 237.037506103515625 247.3312530517578125 257.837493896484375 267.78125 279.125 288.33123779296875 296.15625 299.818756103515625 292.92498779296875 281.475006103515625 269.85626220703125 259.17498779296875 255.09375 253.8312530517578125 250.3000030517578125 243.4250030517578125 232.0749969482421875 227.318756103515625 223.774993896484375 220.875 220.7687530517578125 223.4250030517578125 227.9875030517578125 232 231.181243896484375 220.412506103515625 207.0187530517578125 193.0812530517578125 184.5124969482421875 187.881256103515625 201.443756103515625 216.337493896484375 228.131256103515625 231.21875 228.350006103515625 221.65625 215.774993896484375 210.493743896484375 207.037506103515625
195.618743896484375 198.056243896484375 204.287506103515625 211.5 220.59375 231.256256103515625 242.318756103515625 252.649993896484375 263.681243896484375 274.45623779296875 285.8125 297.04998779296875 309.48126220703125 319.787506103515625 309.962493896484375 291.881256103515625 276.412506103515625 266.98126220703125 262.48126220703125 260.850006103515625 252.96875 242.8562469482421875 234.15625 228.993743896484375 225.306243896484375 222.5812530517578125 224.212493896484375 228.2375030517578125 231.5 234.65625 232.181243896484375 223.662506103515625 206.537506103515625 187.725006103515625 174.0437469482421875 179.5 195.8125 210.756256103515625 220.3249969482421875 223.568756103515625 220.681243896484375 215.131256103515625 212.787506103515625 210.0749969482421875 207.5562591552734375
