data/historical-monthly-weather-data/wc2.1_cruts4.09_10m_prec_2005-04.asc
ncols        45
nrows        45
xllcorner    -63.500000000000
yllcorner    -7.500000000000
cellsize     0.166666666667
NODATA_value -9999
[rows 20 to 39 of 45, columns 0 to 44 of 45]
299.36248779296875 313.399993896484375 325.09375 335.85626220703125 344.725006103515625 358.274993896484375 370.743743896484375 376.943756103515625 378.29998779296875 374.36248779296875 367.274993896484375 359.26251220703125 351.88751220703125 346.64373779296875 337.524993896484375 330.70623779296875 326.64373779296875 328.6875 334.287506103515625 339.037506103515625 348.73126220703125 355.65625 358.8125 356.96875 358.537506103515625 358.34375 350.23748779296875 340.381256103515625 328.38751220703125 316.712493896484375 300.73748779296875 285.61248779296875 264.8125 242.818756103515625 224.28125 229.8312530517578125 241.3249969482421875 247.368743896484375 245.59375 238.25 227.5062408447265625 218.3249969482421875 205.850006103515625 196.443756103515625 194.8000030517578125
288.0625 298.943756103515625 311.931243896484375 328.662506103515625 341.943756103515625 353.725006103515625 366.850006103515625 376.8125 378.95623779296875 371.98748779296875 359.21875 343.75 332.381256103515625 326.42498779296875 324.33123779296875 320.712493896484375 321.40625 322.83123779296875 327.693756103515625 331.51251220703125 334.618743896484375 340.65625 348.125 348.337493896484375 351.193756103515625 357.92498779296875 365.006256103515625 354.01873779296875 339.86248779296875 326.837493896484375 309.21875 291.07501220703125 272.318756103515625 255.537506103515625 244.1999969482421875 242.15625 247.600006103515625 250.46875 245.318756103515625 235.9187469482421875 224.9250030517578125 214.78125 202.625 192.774993896484375 190.412506103515625
278.21875 294.95623779296875 309.60626220703125 325.850006103515625 339.881256103515625 352.0625 362.381256103515625 375.10626220703125 384.524993896484375 371.024993896484375 350.46875 328.95623779296875 313.90625 309.600006103515625 311.9375 314.17498779296875 314.75 315.243743896484375 317.681243896484375 319.28125 322.9375 327.54376220703125 330.993743896484375 332.943756103515625 340.818756103515625 351.662506103515625 361.39373779296875 355.15625 343.243743896484375 329.20001220703125 314.412506103515625 299.162506103515625 286.85626220703125 274.75 266.54998779296875 259.51251220703125 257.875 256.068756103515625 247.5437469482421875 234.6125030517578125 221.8000030517578125 210.25 198.40625 188.475006103515625 186.1062469482421875
270.850006103515625 287.71875 304.568756103515625 318.600006103515625 331.837493896484375 343.949981689453125 357.21875 367.75 374.118743896484375 359.89373779296875 339.11248779296875 320.556243896484375 300.125 299.78125 304.475006103515625 307 307.15625 309.850006103515625 310.54376220703125 312.212493896484375 313.381256103515625 313.725006103515625 315.29376220703125 319.39373779296875 326.556243896484375 332.037506103515625 338.256256103515625 341.48126220703125 337.118743896484375 330.98748779296875 322.23126220703125 314 304.625 293.149993896484375 284.806243896484375 275.556243896484375 269.78125 261.42498779296875 248.243743896484375 232.34375 218.15625 205.8312530517578125 194.0749969482421875 183.90625 182.7375030517578125
267.006256103515625 283.712493896484375 298.85626220703125 313.943756103515625 328.318756103515625 338.54998779296875 348.42498779296875 356.431243896484375 356.46875 349.149993896484375 333.04998779296875 315.725006103515625 304.95001220703125 298.71875 299.85626220703125 301.631256103515625 304.287506103515625 306.35626220703125 306.837493896484375 305.58123779296875 303.82501220703125 301.8125 301.862518310546875 302.962493896484375 307.568756103515625 318.381256103515625 326.912506103515625 331.568756103515625 333.46875 336.33123779296875 334.524993896484375 331.51251220703125 323.78125 311.60626220703125 299.57501220703125 285.087493896484375 274.600006103515625 261.01251220703125 246.0437469482421875 230.34375 214.9499969482421875 202.03125 191.131256103515625 180.4812469482421875 175.912506103515625
271.506256103515625 285.96875 295.068756103515625 308.375 319.89373779296875 329.09375 337.34375 342.875 339.381256103515625 332.26873779296875 323.85626220703125 314.91876220703125 306.587493896484375 302.056243896484375 300.17498779296875 302.75 304.26251220703125 305.4375 303.91876220703125 299.57501220703125 298.15625 292.64373779296875 288.1875 283.16876220703125 291.76251220703125 306.225006103515625 320.54376220703125 327.100006103515625 334.48748779296875 339.42498779296875 345.20001220703125 348.5625 342.34375 325.73748779296875 308.08123779296875 290.73126220703125 276.01873779296875 260.362518310546875 243.5437469482421875 227.2375030517578125 212 198.618743896484375 186.931243896484375 175.78125 172.493743896484375
273.46875 282.412506103515625 291.79998779296875 301.79998779296875 309.6875 318.79376220703125 324.6875 327.33123779296875 324.9375 324.58123779296875 321.774993896484375 314.774993896484375 309.04376220703125 305.67498779296875 304.57501220703125 305.78125 306.36248779296875 305.42498779296875 304.73748779296875 301.693756103515625 295.943756103515625 288.23126220703125 279.412506103515625 273.07501220703125 285.01873779296875 298.243743896484375 313.65625 322.15625 331.64373779296875 339.26251220703125 349.20623779296875 356.58123779296875 353.03125 332.899993896484375 312.17498779296875 292.056243896484375 275 257.962493896484375 239.9499969482421875 223.59375 207.5500030517578125 195.96875 184.96875 175.6062469482421875 175.65625
276.95623779296875 281.381256103515625 287.96875 294.96875 302.087493896484375 308.243743896484375 314.21875 315.006256103515625 316.068756103515625 317.71875 315.01873779296875 312.38751220703125 308.9375 308.212493896484375 308.131256103515625 307.556243896484375 308.806243896484375 310.90625 308.3125 306.48126220703125 301.40625 292.462493896484375 289.09375 283.274993896484375 288.837493896484375 299.60626220703125 310.23126220703125 318.993743896484375 327.13751220703125 335.86248779296875 343.6875 349.056243896484375 343.443756103515625 326.95623779296875 309.70623779296875 289.04998779296875 272.04376220703125 254.9499969482421875 237.3000030517578125 220.6125030517578125 205.337493896484375 194.9812469482421875 185.3249969482421875 178.181243896484375 183.0749969482421875
277.41876220703125 279.381256103515625 282.875 288.274993896484375 292.70623779296875 295.899993896484375 300.243743896484375 305.08123779296875 309.6875 310.98126220703125 312.08123779296875 311.10626220703125 308.73126220703125 309.381256103515625 312.162506103515625 315.33123779296875 317.556243896484375 316.1875 316.04376220703125 313.443756103515625 309.243743896484375 301.40625 298.82501220703125 295.39373779296875 296.70001220703125 303.79998779296875 311.79998779296875 317.78125 323.64373779296875 330.306243896484375 333.756256103515625 335.79376220703125 326.956268310546875 315.32501220703125 301.34375 283.20001220703125 267.381256103515625 251.3312530517578125 234.837493896484375 217.600006103515625 201.1187591552734375 192.1999969482421875 185.100006103515625 184.5 190.0812530517578125
274.34375 274.399993896484375 276.524993896484375 277.368743896484375 281.16876220703125 286 291.39373779296875 297.662506103515625 301.962493896484375 304.368743896484375 308.04376220703125 308.70001220703125 311.243743896484375 313.59375 316.60626220703125 319.068756103515625 321.4375 324.506256103515625 323.45001220703125 318.831268310546875 312.70623779296875 309.1875 308.743743896484375 303.20623779296875 301.131256103515625 304.95623779296875 311.01251220703125 313.3125 316.98748779296875 320.58123779296875 322.118743896484375 320.237518310546875 311.92498779296875 302.850006103515625 291.73126220703125 275.71875 261.90625 247.412506103515625 231.256256103515625 217.2687530517578125 204.212493896484375 197.5749969482421875 191.6437530517578125 191.9187469482421875 193.9499969482421875
268.26873779296875 266.3125 267.04998779296875 268.11248779296875 271.82501220703125 276.462493896484375 283.287506103515625 288.51873779296875 293.42498779296875 298.58123779296875 303.98126220703125 307.287506103515625 313.274993896484375 315.243743896484375 319.60626220703125 322.98126220703125 327.625 331.318756103515625 332.068756103515625 328.88751220703125 322.5625 317.38751220703125 315.162506103515625 306.587493896484375 301.20623779296875 306.79998779296875 307.462493896484375 309.04376220703125 310.04376220703125 309.79376220703125 310 307.20001220703125 300.524993896484375 292.024993896484375 281.212493896484375 267.556243896484375 253.09375 240.1999969482421875 228.462493896484375 216.6374969482421875 205.662506103515625 200.2062530517578125 196.8874969482421875 195.524993896484375 198.0124969482421875
259.6875 256.649993896484375 257.04376220703125 259.76873779296875 262.45623779296875 265.712493896484375 272.66876220703125 277.837493896484375 283.45001220703125 289.306243896484375 297 305.26873779296875 310.931243896484375 316.0625 320.60626220703125 325.20001220703125 327.29998779296875 331.943756103515625 332.756256103515625 334.35626220703125 329.29376220703125 324.21875 319.506256103515625 310.837493896484375 307.66876220703125 307.600006103515625 304.71875 304.76873779296875 302.36248779296875 301.5 301.024993896484375 297.59375 288.774993896484375 280.412506103515625 270.693756103515625 257.91876220703125 245.649993896484375 232.462493896484375 222.3125 212.3125 205.931243896484375 202.943756103515625 200.5749969482421875 200.0749969482421875 202.631256103515625
249.25 244.787506103515625 245.3562469482421875 246.756256103515625 249.8562469482421875 252.6687469482421875 256.587493896484375 262.40625 268.29376220703125 277.056243896484375 290.024993896484375 298.431243896484375 308.475006103515625 317.34375 321.587493896484375 324.64373779296875 328.087493896484375 333.131256103515625 332.95623779296875 333.125 331.10626220703125 326.693756103515625 321.36248779296875 313.306243896484375 309.943756103515625 305.162506103515625 301.899993896484375 298.28125 294.850006103515625 294.068756103515625 291.32501220703125 286.26873779296875 277.212493896484375 269.412506103515625 260.51251220703125 250.0812530517578125 238.600006103515625 227.375 217.693756103515625 213.4250030517578125 207.5749969482421875 205.100006103515625 204.306243896484375 205.131256103515625 208.2375030517578125
237.318756103515625 234.149993896484375 234.6999969482421875 235.1437530517578125 236.3874969482421875 240.087493896484375 243.5812530517578125 246.9812469482421875 253.4375 263.35626220703125 275.98126220703125 290.23126220703125 304.25 313.23748779296875 318.83123779296875 321.08123779296875 325.125 329.79376220703125 330.931243896484375 331.25 329.40625 326.16876220703125 321.85626220703125 311.118743896484375 307.881256103515625 302.037506103515625 295.73748779296875 290.54376220703125 286.556243896484375 283.29998779296875 279.9375 276.09375 267.28125 259.17498779296875 250.9875030517578125 241.0500030517578125 231.1999969482421875 219.212493896484375 214.975006103515625 211.837493896484375 206.875 206.225006103515625 206.75 208.5437469482421875 212.587493896484375
224.59375 223.274993896484375 224.5187530517578125 223.399993896484375 223.46875 225.7312469482421875 228.0124969482421875 231.618743896484375 237.0187530517578125 245.875 261.96875 281.03125 300.15625 314.962493896484375 319.225006103515625 321.28125 322.59375 324.131256103515625 327.806243896484375 326.318756103515625 326.66876220703125 322.13751220703125 318.48126220703125 306.54376220703125 301.375 297.443756103515625 290.618743896484375 282.95623779296875 278.337493896484375 275.725006103515625 271.125 267.15625 257.381256103515625 249.899993896484375 241.100006103515625 231.443756103515625 221.1062469482421875 215.4812469482421875 212.4812469482421875 209.6437530517578125 205.806243896484375 206.1062469482421875 207.618743896484375 209.40625 211.681243896484375
215.631256103515625 215.5749969482421875 216.0500030517578125 215.056243896484375 214.1687469482421875 214.6374969482421875 216.399993896484375 217.9875030517578125 220.4562530517578125 227.0625 241.1374969482421875 263.48748779296875 288.131256103515625 305.48748779296875 311.41876220703125 314.625 317.25 319.28125 322.118743896484375 323.618743896484375 321.53125 318.225006103515625 310.40625 300.837493896484375 293.95623779296875 289.6875 283.92498779296875 277.743743896484375 272.881256103515625 268.662506103515625 264.01873779296875 258.64373779296875 249.4812469482421875 243.0187530517578125 233.8874969482421875 223.568756103515625 218.7062530517578125 214.3125 210.9375 208.962493896484375 207.212493896484375 207.056243896484375 207.5812530517578125 209.3874969482421875 210.243743896484375
207.756256103515625 208.6750030517578125 208.337493896484375 207.693756103515625 206.3125 206.2937469482421875 207.431243896484375 206.0500030517578125 204.962493896484375 207.087493896484375 222.625 251.1687469482421875 274.29998779296875 290.29376220703125 300.068756103515625 305.587493896484375 307.462493896484375 310.350006103515625 313.818756103515625 313.04376220703125 311.443756103515625 307.212493896484375 299.850006103515625 291.9375 284.71875 280.54998779296875 276.60626220703125 271.92498779296875 266.82501220703125 261.600006103515625 257.67498779296875 252.993743896484375 244.4187469482421875 236.3125 227.375 220.5500030517578125 217.0187530517578125 214.506256103515625 213.024993896484375 209.3874969482421875 207.7937469482421875 207.149993896484375 208.1999969482421875 209.118743896484375 210.493743896484375
201.8312530517578125 201.337493896484375 200.2937469482421875 200.2375030517578125 198.9875030517578125 199.28125 199.1125030517578125 196.75 196.4437408447265625 196.4562530517578125 216.71875 244.524993896484375 264.15625 279.256256103515625 288.756256103515625 295.556243896484375 297.4375 301.100006103515625 301.16876220703125 299.087493896484375 297.068756103515625 292.20623779296875 287.774993896484375 280.88751220703125 274.375 272.28125 266.868743896484375 264.8125 261.399993896484375 256.962493896484375 250.975006103515625 246.568756103515625 240.15625 231.7624969482421875 221.725006103515625 219.25 216.756256103515625 213.6750030517578125 213.962493896484375 211.274993896484375 208.2375030517578125 207.868743896484375 206.8125 206.337493896484375 208.34375
192.3249969482421875 190.6687469482421875 190.6875 191.912506103515625 192.7062530517578125 192.65625 193.681243896484375 194.337493896484375 199.493743896484375 210.75 231.5437469482421875 247.53125 258.67498779296875 271.39373779296875 280.225006103515625 285.13751220703125 288.01873779296875 290.006256103515625 287.131256103515625 286.287506103515625 282.881256103515625 277.48126220703125 273.48126220703125 269.61248779296875 265.46875 261.875 258.76873779296875 257.556243896484375 255.193756103515625 253.037506103515625 248.9499969482421875 242.8874969482421875 237.5749969482421875 232.056243896484375 227.787506103515625 223.4562530517578125 219.556243896484375 217.587493896484375 215.6437530517578125 211.375 208.8562469482421875 208.71875 206.7375030517578125 206.9187469482421875 208.287506103515625
181.7937469482421875 181.4375 182.756256103515625 185.1125030517578125 187.0187530517578125 189.15625 190.2375030517578125 195.274993896484375 203.506256103515625 215.0500030517578125 229.6125030517578125 243.875 253.7312469482421875 264.131256103515625 271.75 276.04998779296875 278.9375 279.881256103515625 275.774993896484375 272.64373779296875 267.64373779296875 264.60626220703125 258.08123779296875 254.78125 254.625 252.9812469482421875 251.631256103515625 251.693756103515625 250.7375030517578125 249.1062469482421875 244.212493896484375 243.587493896484375 241.8312530517578125 237.712493896484375 234.6437530517578125 230.1750030517578125 225.493743896484375 222.78125 219.162506103515625 212.8312530517578125 209.1437530517578125 208.587493896484375 205.5687408447265625 205.068756103515625 207.381256103515625
