data/historical-monthly-weather-data/wc2.1_cruts4.09_10m_prec_1959-03.asc
ncols        45
nrows        45
xllcorner    -63.500000000000
yllcorner    -7.500000000000
cellsize     0.166666666667
NODATA_value -9999
[rows 0 to 19 of 45, columns 0 to 44 of 45]
203.5187530517578125 199.318756103515625 193.193756103515625 192.46875 189.524993896484375 185.274993896484375 177.6750030517578125 170.024993896484375 162.868743896484375 158.84375 158.162506103515625 159.350006103515625 160.899993896484375 160.5187530517578125 162.3249969482421875 164.243743896484375 168.25 169.537506103515625 173.149993896484375 176.350006103515625 179.693756103515625 182.037506103515625 185.4187469482421875 189.34375 195.5749969482421875 202.318756103515625 212.1999969482421875 225.943756103515625 239.5124969482421875 252.2375030517578125 269.837493896484375 285.21875 302.837493896484375 323.806243896484375 343.63751220703125 356.60626220703125 366.962493896484375 377.26873779296875 383.38751220703125 386.59375 389.92498779296875 391.73748779296875 391.23126220703125 392.125 389.912506103515625
213.53125 210.40625 210.0625 210.943756103515625 210.631256103515625 205.7062530517578125 197.59375 190.5749969482421875 185.350006103515625 181.0437469482421875 179.1374969482421875 178.600006103515625 178.443756103515625 177.4187469482421875 178 179.287506103515625 182.03125 185.53125 189.306243896484375 193.149993896484375 196.2687530517578125 198.931243896484375 202.850006103515625 207.84375 213.78125 220.78125 230.225006103515625 243.818756103515625 256.54376220703125 271.006256103515625 288.3125 307.64373779296875 324.88751220703125 348.46875 366.98126220703125 381.181243896484375 393.96875 404.487518310546875 410.056243896484375 412.212493896484375 416.01251220703125 416.91876220703125 415.5625 415.04998779296875 412.98748779296875
219.2375030517578125 217.3937530517578125 219.212493896484375 221.5 221.506256103515625 217.6750030517578125 213.5812530517578125 209.9499969482421875 206.0437469482421875 202.975006103515625 199.03125 196.6125030517578125 195.587493896484375 194.1125030517578125 194.118743896484375 195.78125 197.8125 201.1062469482421875 203.8562469482421875 206.9562530517578125 210.537506103515625 214.131256103515625 217.381256103515625 223.912506103515625 231.318756103515625 237.881256103515625 247.7937469482421875 260.868743896484375 272.431243896484375 286.212493896484375 304.381256103515625 323.41876220703125 342.23748779296875 362.6875 385.225006103515625 397.725006103515625 412.350006103515625 426.98748779296875 432.96875 437.862518310546875 442.131256103515625 441.54376220703125 438.975006103515625 436.131256103515625 435.131256103515625
222 222.118743896484375 227.431243896484375 230.212493896484375 231.34375 228.7312469482421875 227.399993896484375 227.0625 226.506256103515625 224.4875030517578125 219.662506103515625 214.837493896484375 211.431243896484375 208.9875030517578125 209.243743896484375 210.59375 213.6875 216.8125 219.149993896484375 221.149993896484375 225.7375030517578125 228.7312469482421875 230.931243896484375 238.3937530517578125 246.943756103515625 254.53125 264.524993896484375 274.975006103515625 286 300.63751220703125 316.67498779296875 337.34375 355.631256103515625 375.66876220703125 397.350006103515625 414.181243896484375 431.431243896484375 448.462493896484375 458.23748779296875 463.868743896484375 466.83123779296875 466.537506103515625 463.28125 458.1875 456.25
230.7687530517578125 229.1687469482421875 231.9562530517578125 236.524993896484375 238.850006103515625 238.056243896484375 237.524993896484375 239.6750030517578125 242.818756103515625 243.9250030517578125 237.899993896484375 230.21875 225.78125 224.3125 223.71875 225.7937469482421875 228.524993896484375 232.0437469482421875 232.725006103515625 233.1687469482421875 238.3125 240.9499969482421875 244.5625 253.53125 262.75 271.524993896484375 279.48748779296875 289.03125 302.04376220703125 314.11248779296875 331.10626220703125 348.837493896484375 369.5625 390.837493896484375 412.61248779296875 431.76873779296875 450.625 468.98126220703125 481.649993896484375 487.881256103515625 493.693756103515625 490.42498779296875 485.318756103515625 480.587493896484375 475.73126220703125
236.024993896484375 235.181243896484375 239.4187469482421875 241.2687530517578125 240.5500030517578125 240.3625030517578125 240.15625 241.65625 245.943756103515625 249.3625030517578125 241.7687530517578125 234.618743896484375 232.28125 230.8625030517578125 231.5812530517578125 234.0625 237.462493896484375 240.556243896484375 242.09375 242.2750091552734375 247.524993896484375 252.3312530517578125 257.51873779296875 266.443756103515625 276.193756103515625 286.5625 294.556243896484375 302.600006103515625 312.89373779296875 325.9375 341.037506103515625 358.73748779296875 377.037506103515625 401.5625 425.712493896484375 444.881256103515625 467.46875 487.5625 502.07501220703125 512.3375244140625 516.54998779296875 513.8187255859375 508.51251220703125 502.6875 495.67498779296875
238.881256103515625 237.6437530517578125 240.8874969482421875 240.725006103515625 237.9562530517578125 236.5625 235.6374969482421875 234.381256103515625 234.243743896484375 234.131256103515625 233.568756103515625 232.1687469482421875 232.8625030517578125 233.868743896484375 236.1875 239.350006103515625 243.243743896484375 245.318756103515625 246.4812469482421875 249.40625 255.2312469482421875 262.556243896484375 269.037506103515625 278.98748779296875 289.89373779296875 300.01251220703125 307.96875 315 322.425018310546875 333.375 350.53125 367.04376220703125 385.399993896484375 407.212493896484375 432.04998779296875 454.48126220703125 477.118743896484375 499.462493896484375 520.70001220703125 530.66876220703125 531.78125 530.01873779296875 524.96875 519.5374755859375 515.09375
238.125 236.3937530517578125 237.5124969482421875 237.40625 235.84375 233.600006103515625 229.006256103515625 222.287506103515625 216.6125030517578125 216.774993896484375 222.3249969482421875 226.9875030517578125 232.03125 236.1374969482421875 239.4499969482421875 243.4187469482421875 246.15625 247.3562469482421875 249.162506103515625 252.9499969482421875 261.63751220703125 271.11248779296875 280.131256103515625 290.59375 303.82501220703125 313.318756103515625 319.34375 325.33123779296875 330.57501220703125 340.51251220703125 354.875 373.82501220703125 390.975006103515625 412.256256103515625 436.462493896484375 459.28125 483.28125 506.556243896484375 527.5687255859375 538.26873779296875 542.3187255859375 540.98748779296875 536.6812744140625 531.36248779296875 524.9937744140625
237.4250030517578125 235.375 236.6062469482421875 236.5812530517578125 234.4499969482421875 231.568756103515625 226.118743896484375 217.65625 207.225006103515625 204.875 214.5749969482421875 223.0812530517578125 231.2375030517578125 235.9187469482421875 239.8125 243.84375 246.3874969482421875 248.006256103515625 251.693756103515625 256.193756103515625 264.28125 276.71875 287.64373779296875 303.59375 317.506256103515625 326.212493896484375 329.07501220703125 332.40625 338.26251220703125 345.943756103515625 359.5 377.100006103515625 393.79998779296875 413.399993896484375 435.20623779296875 459.068756103515625 485.57501220703125 508.71875 529.67498779296875 541.14373779296875 546.96875 546.1624755859375 543.61248779296875 538.6812744140625 528.0999755859375
236.6687469482421875 234.4499969482421875 235.024993896484375 234.837493896484375 233.475006103515625 230.9562530517578125 226.587493896484375 219.5812530517578125 212.4250030517578125 211.024993896484375 216.875 223.0500030517578125 231.068756103515625 236.7937469482421875 240.125 243.725006103515625 246.625 248.7375030517578125 252.2937469482421875 257.274993896484375 266.912506103515625 281.33123779296875 296.931243896484375 316.83123779296875 329.631256103515625 338.0625 340.100006103515625 341.53125 344.462493896484375 349.51873779296875 360.26251220703125 378.225006103515625 395.70623779296875 415.86248779296875 436.53125 459.256256103515625 484.399993896484375 508.83123779296875 530.6937255859375 545.3125 554.01251220703125 554.9375 549.58123779296875 538.73748779296875 528.84375
235.7375030517578125 233.850006103515625 233.6437530517578125 233.649993896484375 233.287506103515625 232.1875 229.131256103515625 223.399993896484375 219.4375 219.3125 222.350006103515625 227.40625 233.212493896484375 239.162506103515625 241.850006103515625 244.0812530517578125 246.1687469482421875 248.7624969482421875 251.662506103515625 256.89373779296875 269.681243896484375 286.21875 306.54376220703125 325.881256103515625 343.493743896484375 349.100006103515625 349.58123779296875 352.15625 352.95001220703125 354.681243896484375 364.78125 379.756256103515625 395.90625 415.10626220703125 435.70001220703125 457.13751220703125 480.912506103515625 505.256256103515625 528.1187744140625 546.84375 557.67498779296875 556.9437255859375 549.25 537.1812744140625 525.7249755859375
235.6125030517578125 234.2062530517578125 234.0437469482421875 234.7375030517578125 234.03125 234.537506103515625 233.5625 229.8000030517578125 227.537506103515625 227.2624969482421875 229.125 232.15625 235.6750030517578125 240.037506103515625 244.0500030517578125 246.006256103515625 246.1125030517578125 248.118743896484375 251.2437591552734375 256.13751220703125 268.125 286.868743896484375 311.25 336.85626220703125 352.868743896484375 352.649993896484375 351.83123779296875 354.350006103515625 358.625 363.71875 369.35626220703125 380.40625 394.443756103515625 411.506256103515625 429.85626220703125 453.01251220703125 477.65625 501.850006103515625 524.04998779296875 545.5 559 555.95623779296875 542.63751220703125 521.625 503.65625
235.5437469482421875 234.181243896484375 234.5437469482421875 234.6687469482421875 234.78125 236.4250030517578125 236.131256103515625 234.537506103515625 233.256256103515625 234.3249969482421875 236.96875 238.537506103515625 241.1374969482421875 242.375 245.2687530517578125 246.6750030517578125 246.1875 248.7687530517578125 252.71875 256.57501220703125 266.45001220703125 285.524993896484375 310.087493896484375 333.056243896484375 342.306243896484375 344.64373779296875 351.40625 357.774993896484375 364.618743896484375 370.5625 375.82501220703125 381.931243896484375 392.48748779296875 407.36248779296875 424.10626220703125 445.118743896484375 469.5625 494.100006103515625 518.9124755859375 543.6187744140625 561.11248779296875 555.08123779296875 529.51873779296875 503.1875 480.01251220703125
234.1624908447265625 233.5812530517578125 233.962493896484375 234.2312469482421875 235.1875 236.131256103515625 237.475006103515625 238.475006103515625 239.7687530517578125 241.5187530517578125 243.806243896484375 244.712493896484375 245.4250030517578125 246.774993896484375 246.1062469482421875 247.2312469482421875 246.4437408447265625 248.84375 252.618743896484375 257.75 270.58123779296875 288.13751220703125 308.4375 325.40625 335.243743896484375 342.90625 351.693756103515625 359.862518310546875 367.83123779296875 373.98126220703125 380.34375 385.13751220703125 390.98126220703125 401.09375 415.5 437.20001220703125 462.693756103515625 486.51873779296875 510.649993896484375 534.23126220703125 551 536.67498779296875 514.71875 494.787506103515625 474.6875
231.787506103515625 230.7312469482421875 231.662506103515625 233.5187530517578125 235.2687530517578125 236.787506103515625 239.681243896484375 242.2937469482421875 244.024993896484375 246.193756103515625 249.1062469482421875 249.412506103515625 249.412506103515625 249.5812530517578125 246.9375 247 245.774993896484375 249.1999969482421875 252.5437469482421875 257.73748779296875 272.337493896484375 289.45623779296875 307.34375 322.60626220703125 335.256256103515625 347.36248779296875 356.631256103515625 365.21875 374.40625 381.07501220703125 383.90625 386.462493896484375 391.837493896484375 395.66876220703125 405.212493896484375 429.16876220703125 456.98748779296875 481.3125 500.431243896484375 515.4375 521.13751220703125 514.5625 506.01873779296875 490.4375 474.10626220703125
227.4875030517578125 227.256256103515625 229.25 231.8249969482421875 234.53125 238.21875 241.3937530517578125 244.350006103515625 248.024993896484375 251.4812469482421875 253.7687530517578125 254.225006103515625 253.787506103515625 252.725006103515625 249.9250030517578125 247.25 245.243743896484375 248.818756103515625 252.162506103515625 258.04998779296875 272.806243896484375 289.53125 306.89373779296875 321.662506103515625 335.23748779296875 349.58123779296875 360.3125 370.818756103515625 382.399993896484375 388.712493896484375 392.45001220703125 393.23126220703125 394.362518310546875 397.20001220703125 403.85626220703125 434.79998779296875 460.01873779296875 474.368743896484375 486.73748779296875 498.01251220703125 502.9375 500.54376220703125 495.037506103515625 484.03125 469.98126220703125
223.34375 224.2375030517578125 226.1437530517578125 229.71875 233.71875 238.0749969482421875 243.100006103515625 247.056243896484375 251.100006103515625 255.2312469482421875 257.58123779296875 258.34375 257.92498779296875 255.4375 253.2687530517578125 249.056243896484375 244.118743896484375 246.2624969482421875 250.649993896484375 256.362518310546875 271.6875 289.287506103515625 307.40625 322.29376220703125 337.162506103515625 350.46875 362.431243896484375 375.23748779296875 386.98748779296875 395.506256103515625 400.35626220703125 401.48748779296875 403.54998779296875 411.087493896484375 433.16876220703125 459.64373779296875 472.39373779296875 475.95623779296875 479.95623779296875 485.48126220703125 492.92498779296875 491.26873779296875 484.181243896484375 475.08123779296875 464.868743896484375
216.881256103515625 218.818756103515625 222.3249969482421875 227.0437469482421875 231.7687530517578125 236.493743896484375 241.4499969482421875 246.4562530517578125 251.537506103515625 256.162506103515625 259.73126220703125 261.725006103515625 260.5 258.774993896484375 255.6875 250.0749969482421875 244.5812530517578125 241.225006103515625 246.9875030517578125 252.2062530517578125 269.60626220703125 287.787506103515625 305.4375 320.106231689453125 334.899993896484375 351.012481689453125 362.23126220703125 377.09375 391.899993896484375 400.96875 404.65625 399.82501220703125 404.5 419.381256103515625 449.36248779296875 487.881256103515625 485.625 477.287506103515625 474.631256103515625 479.162506103515625 481.61248779296875 479.5 474.693756103515625 466.962493896484375 457.23748779296875
209.787506103515625 212.875 216.975006103515625 222.5 228.649993896484375 234.712493896484375 240.3874969482421875 245.8874969482421875 251.225006103515625 256.524993896484375 260.706268310546875 261.0625 261.79998779296875 261.287506103515625 256.25 249.3312530517578125 242.4562530517578125 238.024993896484375 239.087493896484375 244.4375 264.256256103515625 284.98748779296875 299.26251220703125 314.649993896484375 330.899993896484375 348.45623779296875 362.13751220703125 376.024993896484375 392.300018310546875 403.75 409.412506103515625 400.412506103515625 398.431243896484375 403.13751220703125 424.23126220703125 457.524993896484375 464.13751220703125 464.181243896484375 467.587493896484375 470.125 472.931243896484375 469.693756103515625 466.28125 460.837493896484375 451.79998779296875
200.8249969482421875 205.7312469482421875 210.681243896484375 217.09375 224.3937530517578125 232.006256103515625 238.75 244.9499969482421875 250.881256103515625 256 260.0625 260.243743896484375 261.95623779296875 263.0625 255.4499969482421875 244.681243896484375 234.9562530517578125 233.6125030517578125 232.8562469482421875 236.868743896484375 254.493743896484375 273.40625 292.26873779296875 307.225006103515625 323.625 340.725006103515625 355.73126220703125 372.01251220703125 386.45001220703125 394.774993896484375 397.100006103515625 391.943756103515625 381.40625 371.693756103515625 371.037506103515625 397.54998779296875 428.256256103515625 445.39373779296875 456.32501220703125 463.112518310546875 465.48126220703125 462.5625 460.875 457.337493896484375 449.868743896484375
