data/historical-monthly-weather-data/wc2.1_cruts4.09_10m_prec_1957-08.asc
ncols        45
nrows        45
xllcorner    -63.500000000000
yllcorner    -7.500000000000
cellsize     0.166666666667
NODATA_value -9999
[rows 19 to 37 of 45, columns 0 to 42 of 45]
58.38124847412109375 58.918750762939453125 58.924999237060546875 59.40000152587890625 59.243747711181640625 59.331249237060546875 58.793750762939453125 57.9375 58.55625152587890625 58.16249847412109375 56.8125 52.625 46.512500762939453125 40.700000762939453125 36.55625152587890625 32.52500152587890625 27.868749618530273438 27.037500381469726562 27.518749237060546875 29.881250381469726562 32.69374847412109375 37.78125 46.049999237060546875 52.11875152587890625 56.5 58.581249237060546875 58.637500762939453125 56.668750762939453125 53.049999237060546875 47.53125 45.59999847412109375 51.612499237060546875 56.356250762939453125 62.137500762939453125 68.4875030517578125 72.78125 75.625 78 77.3249969482421875 73.8000030517578125 67.5124969482421875 62.6875 59.18125152587890625
51.83750152587890625 53.825000762939453125 55.106250762939453125 55.84375 55.200000762939453125 55.34999847412109375 55.56874847412109375 55.456249237060546875 56.40625 56.19374847412109375 55.53749847412109375 52.618747711181640625 46.88124847412109375 41.21875 36.47499847412109375 32.387500762939453125 28.506250381469726562 26.662500381469726562 27.825000762939453125 29.512498855590820312 34.206249237060546875 40.456249237060546875 47.52500152587890625 53.793750762939453125 59.706249237060546875 60.90000152587890625 58.06874847412109375 55.80625152587890625 53.63124847412109375 52.27500152587890625 52.487499237060546875 55.78125 57.950000762939453125 60.96250152587890625 66.4187469482421875 70.02500152587890625 73.97499847412109375 76.15000152587890625 74.6999969482421875 71.9375 66.50624847412109375 62.59375 59.5
47.487499237060546875 48.78749847412109375 50.49375152587890625 52.106250762939453125 52.53749847412109375 52.41249847412109375 53.3125 52.893749237060546875 54.293750762939453125 54.1875 54.80625152587890625 54.106250762939453125 51.80625152587890625 46.78125 41.28749847412109375 35.53749847412109375 32.49375152587890625 30.9375 31.350000381469726562 32.9375 35.668750762939453125 40.96875 47.84375 53.456249237060546875 57.81874847412109375 60.13124847412109375 61.825000762939453125 59.16249847412109375 57.61875152587890625 56.18125152587890625 55.83750152587890625 56.78125 58 60.299999237060546875 62.081249237060546875 65.5500030517578125 70.55625152587890625 74.1687469482421875 73.6125030517578125 70.5749969482421875 65.7687530517578125 61.831249237060546875 57.825000762939453125
43.549999237060546875 46.30625152587890625 48.575000762939453125 49.65625 50.56874847412109375 50.731250762939453125 50.356250762939453125 49.893749237060546875 52.049999237060546875 54.03125 56.33750152587890625 57.46875 57.643749237060546875 53.56874847412109375 46.737499237060546875 40.31874847412109375 35.768749237060546875 34.25 34.3125 35.174999237060546875 38.106250762939453125 43.08750152587890625 48.981250762939453125 51.78749847412109375 57.08750152587890625 61.268749237060546875 62.668750762939453125 62.03125 59.61875152587890625 56.924999237060546875 56.11875152587890625 57.075000762939453125 57.518749237060546875 57.59375 57.75624847412109375 58.38124847412109375 63.112499237060546875 69.8125 71.31874847412109375 68.15000152587890625 64.55625152587890625 60.206249237060546875 56.41249847412109375
40.887500762939453125 44.21875 46.90625 47.049999237060546875 47.481250762939453125 48.08750152587890625 48.80625152587890625 49.56874847412109375 50.362499237060546875 53.200000762939453125 56.293750762939453125 60.293750762939453125 62.375 58.33750152587890625 51.50624847412109375 45.012500762939453125 40.362499237060546875 38.38124847412109375 37.83750152587890625 38.65000152587890625 41.481250762939453125 45.762500762939453125 50.037502288818359375 53.6875 57.606250762939453125 60.3125 62.950000762939453125 60.96875 59.46875 57.924999237060546875 57.52500152587890625 57.66249847412109375 57.46250152587890625 55.581249237060546875 54.55625152587890625 53.86875152587890625 57.362499237060546875 63.72499847412109375 66.125 63.993747711181640625 60.93125152587890625 57.637500762939453125 54.1875
39.174999237060546875 42.28125 44.637500762939453125 45.856250762939453125 46.625 47.02500152587890625 47.418750762939453125 48.47499847412109375 50.28749847412109375 53.21250152587890625 55.78749847412109375 58.956249237060546875 61.206249237060546875 59.05625152587890625 53.668750762939453125 48.38124847412109375 44.168750762939453125 41.981250762939453125 41.125 41.71875 44.387500762939453125 47.74375152587890625 51.487499237060546875 54.643749237060546875 57.03125 60.481250762939453125 60.78749847412109375 59.46250152587890625 58.30625152587890625 57.66249847412109375 57.13124847412109375 56.856250762939453125 56.21875 55.02500152587890625 53.31874847412109375 52.362499237060546875 54.99375152587890625 57.674999237060546875 59.5625 59.1875 57.125 55.075000762939453125 52.5625
38.40625 41.27500152587890625 42.387500762939453125 44.174999237060546875 44.40625 45.049999237060546875 45.75624847412109375 47.46875 48.668750762939453125 50.768749237060546875 53.518749237060546875 56.481250762939453125 58.65000152587890625 57.30625152587890625 54.043750762939453125 49.549999237060546875 46.237499237060546875 44.637500762939453125 43.40625 44.21875 46.831249237060546875 49.418750762939453125 53.02500152587890625 54.71875 56.481250762939453125 58.825000762939453125 59.356250762939453125 58.262500762939453125 57.68125152587890625 57.606250762939453125 56.94374847412109375 56.762500762939453125 55.106250762939453125 53.34375 51.36875152587890625 51.43125152587890625 52.643749237060546875 53.27500152587890625 55.075000762939453125 54.34999847412109375 53.362499237060546875 51.99375152587890625 50.706249237060546875
37.387500762939453125 38.97499847412109375 40.44374847412109375 41.75624847412109375 42.40625 43.268749237060546875 44.793750762939453125 45.93125152587890625 46.793750762939453125 49.65000152587890625 52.65000152587890625 54.424999237060546875 56.27500152587890625 56.21875 54.174999237060546875 50.71875 48.25 46.69374847412109375 46.112499237060546875 45.956249237060546875 47.44374847412109375 50.24375152587890625 52.768749237060546875 55 56.393749237060546875 56.97499847412109375 58.09375 57.424999237060546875 56.53749847412109375 55.987499237060546875 56.168750762939453125 55.268749237060546875 53.83750152587890625 51.84999847412109375 49.262500762939453125 49.125 48.84375 49.25624847412109375 49.86875152587890625 49.36875152587890625 48.6875 48.18125152587890625 48.65625
36.850002288818359375 36.5 38.012500762939453125 39.46250152587890625 40.637500762939453125 41.3125 42.887500762939453125 44.356250762939453125 45.97499847412109375 48.43125152587890625 50.24375152587890625 52.05625152587890625 54.13124847412109375 55.41249847412109375 53.418750762939453125 51.18125152587890625 49.731250762939453125 48.46250152587890625 47.96250152587890625 47.575000762939453125 48.918750762939453125 49.97499847412109375 53 54.65625 55.375 55.168750762939453125 56.168750762939453125 56.21250152587890625 55.825000762939453125 55.456249237060546875 54.856250762939453125 53.706249237060546875 51.97499847412109375 49.200000762939453125 47.44374847412109375 46.38124847412109375 45.31874847412109375 45.137500762939453125 46.02500152587890625 46.206249237060546875 45.65625 46.15625 46.94374847412109375
35.46875 35.456249237060546875 36.293750762939453125 37.700000762939453125 38.15625 39.174999237060546875 40.34999847412109375 41.5 44.30625152587890625 46.13124847412109375 48.049999237060546875 49.956249237060546875 52.143749237060546875 54.112499237060546875 53.075000762939453125 51.49375152587890625 50.950000762939453125 50.22499847412109375 49.6875 49.5 50.3125 51.05625152587890625 53.08750152587890625 53.706249237060546875 54.5 53.768749237060546875 54.84999847412109375 54.71250152587890625 54.22499847412109375 53.78125 52.97499847412109375 52.168750762939453125 49.36875152587890625 46.09999847412109375 44.25624847412109375 43.956249237060546875 43.231250762939453125 42.893749237060546875 43.731250762939453125 43.52500152587890625 42.34375 43.237499237060546875 44.9375
36.125 36.0625 36.46875 36.68125152587890625 37.22499847412109375 38.25 39.08750152587890625 40.762500762939453125 42.831249237060546875 44.38124847412109375 46.58750152587890625 48.950000762939453125 51.168750762939453125 52.99375152587890625 52.63124847412109375 51.731250762939453125 51.049999237060546875 51.450000762939453125 52.043750762939453125 50.875 51.22499847412109375 52.49375152587890625 54.19374847412109375 54.137500762939453125 53.893749237060546875 54.075000762939453125 53.81874847412109375 53.481250762939453125 51.96875 51.112499237060546875 50.456249237060546875 49.831249237060546875 46.96250152587890625 44.13124847412109375 42.21250152587890625 41.18125152587890625 41.46250152587890625 41.325000762939453125 41.49375152587890625 42.262500762939453125 42.18125152587890625 42.643749237060546875 42.837497711181640625
37.02500152587890625 36.25624847412109375 35.731250762939453125 36.174999237060546875 37.387500762939453125 37.91249847412109375 38.762500762939453125 39.575000762939453125 41.19374847412109375 42.77500152587890625 44.56874847412109375 47.90625 51.08750152587890625 53.03749847412109375 52.15625 51.71250152587890625 52.375 52.94374847412109375 53.893749237060546875 53.375 53.200000762939453125 52.72499847412109375 53.706249237060546875 53.418750762939453125 52.78125 53.075000762939453125 51.9375 51.831249237060546875 50.924999237060546875 50 49.299999237060546875 47.94374847412109375 44.75624847412109375 42.106250762939453125 40.77500152587890625 39.44374847412109375 39.325000762939453125 39.143749237060546875 40.16249847412109375 41.637500762939453125 41.53749847412109375 40.418750762939453125 39.8125
37.96250152587890625 36.981250762939453125 36.11875152587890625 36.143749237060546875 37.24375152587890625 37.606250762939453125 38.018749237060546875 38.168750762939453125 39.88124847412109375 41.65000152587890625 43.43125152587890625 46.41249847412109375 49.03749847412109375 51.6875 51.84375 53.15000152587890625 53.63124847412109375 53.887500762939453125 54.02500152587890625 53.99375152587890625 53.950000762939453125 54.5 54.06874847412109375 52.34375 51.81874847412109375 51.612499237060546875 50.575000762939453125 50.4375 49.268749237060546875 47.856250762939453125 47.299999237060546875 45.5 42.58750152587890625 40.33750152587890625 37.83750152587890625 36.356250762939453125 36.106250762939453125 36.03749847412109375 37.143749237060546875 38.424999237060546875 38.21250152587890625 37.0625 37.02500152587890625
40 38.68125152587890625 37.887500762939453125 37.9375 37.96250152587890625 37.90625 38.52500152587890625 38.83750152587890625 39.81874847412109375 41.606250762939453125 44.081249237060546875 46.081249237060546875 48.262500762939453125 51.40625 52.03125 53.78125 54.612499237060546875 55.18125152587890625 55.02500152587890625 54.793750762939453125 54.53125 54.487499237060546875 54.21875 53.69374847412109375 52.887500762939453125 51.606250762939453125 50.537502288818359375 48.71875 47.77500152587890625 45.93125152587890625 45.075000762939453125 43.0625 40.168750762939453125 37.606250762939453125 35.262500762939453125 33.71250152587890625 33.200000762939453125 32.68125152587890625 33.299999237060546875 34.0625 33.481250762939453125 32.875 32.606250762939453125
41.893749237060546875 41.09999847412109375 40.0625 40.206249237060546875 38.66249847412109375 38.8125 39.5625 39.762500762939453125 40.27500152587890625 41.293750762939453125 42.893749237060546875 45.331249237060546875 48.168750762939453125 49.50624847412109375 51.325000762939453125 52.700000762939453125 54.668750762939453125 54.71875 54.24375152587890625 54.47499847412109375 54.53749847412109375 54.47499847412109375 54.549999237060546875 53.36875152587890625 52.924999237060546875 51.862499237060546875 50.31874847412109375 47.987499237060546875 47.27500152587890625 45.44374847412109375 43.74375152587890625 41.237499237060546875 37.77500152587890625 34.668750762939453125 32.59375 31.037500381469726562 30.268749237060546875 29.331249237060546875 29.53125 29.350000381469726562 29.299999237060546875 28.981248855590820312 28.418750762939453125
44.13124847412109375 43.075000762939453125 42.15000152587890625 41.125 40.081249237060546875 40.03125 40.356250762939453125 40.481250762939453125 40.00624847412109375 41.043750762939453125 42.243747711181640625 45.081249237060546875 47.018749237060546875 49.375 51.27500152587890625 53.375 55.3125 55.112499237060546875 54.53125 54.668750762939453125 54.862499237060546875 54.487499237060546875 53.887500762939453125 53.19374847412109375 52.262500762939453125 51.5625 49.72499847412109375 47.43125152587890625 46.63124847412109375 44.706249237060546875 41.84375 38.700000762939453125 35.331249237060546875 32.018749237060546875 29.700000762939453125 28.112499237060546875 26.706249237060546875 26.006250381469726562 26.024999618530273438 25.606250762939453125 24.975000381469726562 24.575000762939453125 24.28125
46.78125 45.981250762939453125 44.637500762939453125 43.40000152587890625 42.543750762939453125 41.72499847412109375 41.4375 40.875 40.643749237060546875 41.706249237060546875 43.58750152587890625 45.65625 48.262500762939453125 50.34999847412109375 52.418750762939453125 54.950000762939453125 56.200000762939453125 56.575000762939453125 55.25 54.96250152587890625 55.31874847412109375 56.00624847412109375 55.043750762939453125 54.36875152587890625 52.893749237060546875 51.518749237060546875 49.3125 48.262500762939453125 46.24375152587890625 43.387500762939453125 40.25624847412109375 37.02500152587890625 32.706249237060546875 29.887498855590820312 27.25 25.21875 24.387500762939453125 23.637500762939453125 23.118749618530273438 22.962499618530273438 22.325000762939453125 22.299999237060546875 21.518749237060546875
47.893749237060546875 47.174999237060546875 45.80625152587890625 45 44.268749237060546875 43.59375 43.112499237060546875 42.78749847412109375 41.987499237060546875 42.049999237060546875 45.231250762939453125 48.737499237060546875 51.34375 52.668750762939453125 55.012500762939453125 56.375 57.393749237060546875 57.137500762939453125 56.25624847412109375 55.24375152587890625 55.5625 56.200000762939453125 55.5625 55.106250762939453125 54.049999237060546875 51.731250762939453125 49.950000762939453125 48.3125 45.25 42.13124847412109375 39.08750152587890625 35.293750762939453125 31.28125 27.837499618530273438 25.15625 23.393749237060546875 22.481250762939453125 21.887500762939453125 21.225000381469726562 20.956249237060546875 20.200000762939453125 20.043750762939453125 19.268749237060546875
49.112499237060546875 48.74375152587890625 47.0625 46.97499847412109375 46.581249237060546875 45.50624847412109375 44.84999847412109375 44.19374847412109375 44.168750762939453125 44.03749847412109375 49.831249237060546875 53.549999237060546875 54.21875 55.90000152587890625 58.22499847412109375 58.956249237060546875 58.856250762939453125 57.68125152587890625 57.71875 56.481250762939453125 56.5 56.22499847412109375 55.71875 55.262500762939453125 54.36875152587890625 52.8125 51.02500152587890625 49.24375152587890625 46.44374847412109375 42.50624847412109375 38.331249237060546875 34.94374847412109375 31.131250381469726562 26.662500381469726562 23.556249618530273438 21.649999618530273438 21.243749618530273438 20.768749237060546875 20.237499237060546875 19.881250381469726562 18.418750762939453125 17.806249618530273438 17.174999237060546875
