data/historical-monthly-weather-data/wc2.1_cruts4.09_10m_prec_1979-09.asc
ncols        45
nrows        45
xllcorner    -63.500000000000
yllcorner    -7.500000000000
cellsize     0.166666666667
NODATA_value -9999
[rows 0 to 18 of 45, columns 0 to 43 of 45]
155.256256103515625 151.6875 150.587493896484375 152.4187469482421875 152.0437469482421875 150.21875 144.59375 137.774993896484375 133.78125 130.475006103515625 129.1437530517578125 129.5437469482421875 130.0500030517578125 128.975006103515625 128.9187469482421875 128.03125 128.318756103515625 125.96875 124.6437530517578125 122.2937469482421875 120.5625 116.9499969482421875 114.50624847412109375 112.8562469482421875 110.81874847412109375 110.5437469482421875 111.2062530517578125 111.77500152587890625 111.15000152587890625 112.81874847412109375 113.72499847412109375 115.80625152587890625 119.59999847412109375 121.36875152587890625 124.0625 126.8937530517578125 131.243743896484375 135.40625 138.4187469482421875 141.84375 145.7062530517578125 149.5 151.662506103515625 154.2375030517578125
145.71875 142.7375030517578125 145.3249969482421875 150.743743896484375 156.568756103515625 152.0749969482421875 145.3874969482421875 141.7312469482421875 138.21875 134.931243896484375 133.3312530517578125 132.9375 132.8625030517578125 130.818756103515625 130.1437530517578125 129.9812469482421875 128.868743896484375 127.38124847412109375 125.9499969482421875 124.27500152587890625 121.8625030517578125 120.1875 117.71875 116.9812469482421875 114.3312530517578125 113.68125152587890625 114.75624847412109375 115.47499847412109375 113.90625 115.75624847412109375 117.6374969482421875 121.09999847412109375 123.875 127.30625152587890625 130.4562530517578125 133.4812469482421875 137.9250030517578125 142.7687530517578125 145.46875 148.7062530517578125 152.743743896484375 156.6750030517578125 160.162506103515625 161.162506103515625
130.118743896484375 129.681243896484375 133.8562469482421875 141.2312469482421875 147.9562530517578125 147.6999969482421875 144.256256103515625 141.7312469482421875 140.03125 138.0749969482421875 136.96875 136.3312530517578125 136.0187530517578125 133.6125030517578125 131.8874969482421875 131.712493896484375 130.03125 128.4499969482421875 126.6999969482421875 125.16249847412109375 123.43125152587890625 121.75 120.56874847412109375 120.65000152587890625 118.96250152587890625 117.86875152587890625 120.3249969482421875 120.0187530517578125 118.63124847412109375 120.28749847412109375 121.78749847412109375 125.2375030517578125 130.2562408447265625 134.306243896484375 138.3249969482421875 141.556243896484375 146.625 152.712493896484375 156.78125 161.3937530517578125 166.5124969482421875 169.368743896484375 173.350006103515625 174.881256103515625
112.8562469482421875 113.53749847412109375 122.4250030517578125 129.3312530517578125 136.381256103515625 138.8937530517578125 139.875 142.056243896484375 142.5749969482421875 142.3937530517578125 141.25 140.375 137.943756103515625 136.2624969482421875 134.274993896484375 133.162506103515625 131.7937469482421875 129.9375 129.125 128.15625 126.875 124.4250030517578125 122.6875 123.4375 122.03125 122.00624847412109375 123.28125 121.34375 120.8000030517578125 123.3937530517578125 126.22499847412109375 128.75 133.2687530517578125 138.0749969482421875 142.193756103515625 149.368743896484375 156.850006103515625 163.7687530517578125 169.693756103515625 174.1687469482421875 178.8937530517578125 181.381256103515625 184.506256103515625 186.8312530517578125
108.2624969482421875 106.08750152587890625 109.2687530517578125 116.4375 126.3937530517578125 131.681243896484375 135.125 139.90625 143.3562469482421875 144.556243896484375 144.225006103515625 141.6999969482421875 140.1999969482421875 139.818756103515625 137.7375030517578125 135.9187469482421875 133.787506103515625 131.5625 130.28125 128.4562530517578125 128.931243896484375 125.5187530517578125 124.8874969482421875 126.0500030517578125 125.31874847412109375 125.47499847412109375 124.43125152587890625 123.58750152587890625 122.71875 124.58750152587890625 128.0124969482421875 129.962493896484375 134.28125 140.4250030517578125 146.7624969482421875 153.868743896484375 162.21875 171.850006103515625 179.4562530517578125 185.3562469482421875 190.6125030517578125 192.0437469482421875 193.412506103515625 196.712493896484375
104.52500152587890625 102.31874847412109375 103.83750152587890625 105.4499969482421875 115.27500152587890625 125.2375030517578125 131.34375 136.037506103515625 139.962493896484375 143.28125 143.21875 140.9875030517578125 140.162506103515625 140.4562530517578125 138.1437530517578125 137.337493896484375 135.5500030517578125 133.056243896484375 131.6999969482421875 130.837493896484375 129.8874969482421875 127.8562469482421875 126.9375 126.8874969482421875 127.2312469482421875 126.63124847412109375 125.0812530517578125 124.53749847412109375 123.0625 124.16249847412109375 126.9812469482421875 132.0124969482421875 136.3562469482421875 141.787506103515625 147.3125 156.662506103515625 165.806243896484375 177.5625 187.4312591552734375 193.962493896484375 194.6125030517578125 196.2312469482421875 198.006256103515625 202.587493896484375
102.4187469482421875 101.03125 102.59375 104.30625152587890625 110.1750030517578125 116.44374847412109375 124.21250152587890625 131.006256103515625 134.306243896484375 136.600006103515625 138.756256103515625 138.631256103515625 139.3125 139.6999969482421875 138.5749969482421875 138.1687469482421875 137.274993896484375 136.3249969482421875 134.5749969482421875 132.7624969482421875 131.287506103515625 129.693756103515625 127.4875030517578125 127.1125030517578125 127.9875030517578125 127.9812469482421875 126.4187469482421875 125.3562469482421875 122.8125 123.1750030517578125 126.06874847412109375 129.381256103515625 134.5437469482421875 140.8312530517578125 147 154.8625030517578125 164.818756103515625 179.2312469482421875 193.2687530517578125 196.431243896484375 196.493743896484375 196.2687530517578125 198.34375 204.350006103515625
100.8625030517578125 99.875 101.8125 105.80625152587890625 111.6999969482421875 118.5812530517578125 122.93125152587890625 124.4499969482421875 125.34375 128.850006103515625 133.8249969482421875 135.75 137.6750030517578125 138.5187530517578125 139.21875 138.006256103515625 137.618743896484375 137.9875030517578125 137.0749969482421875 133.337493896484375 132.681243896484375 130.868743896484375 128.8812408447265625 127.6125030517578125 127.77500152587890625 127.6374969482421875 125.27500152587890625 122.9875030517578125 121.30625152587890625 121.46875 123.8874969482421875 126.5625 131.3249969482421875 137.993743896484375 142.65625 149.9875030517578125 159.337493896484375 171.350006103515625 180.9812469482421875 185.631256103515625 186.21875 186.0437469482421875 188.7624969482421875 193.243743896484375
101.49375152587890625 101.59375 104.5625 108.59375 114.1437530517578125 119.7937469482421875 124.25 125.9875030517578125 124.8937530517578125 124.875 129.625 132.0437469482421875 135.818756103515625 136.6999969482421875 137.350006103515625 136.693756103515625 136.4187469482421875 137.09375 137.5625 134.1062469482421875 132.21875 131.662506103515625 128.006256103515625 128.2624969482421875 127.03125 125.47499847412109375 123.03125 121.5749969482421875 120.8937530517578125 120.2312469482421875 122.7062530517578125 121.9250030517578125 123.65000152587890625 126.3874969482421875 130.4187469482421875 138.8249969482421875 147.75 156.2937469482421875 162.375 166.4562530517578125 167.556243896484375 167.20001220703125 169.943756103515625 174.1999969482421875
101.22499847412109375 102.27500152587890625 105.75624847412109375 109.96250152587890625 116.1374969482421875 121.9499969482421875 126.41249847412109375 127.90000152587890625 127.81874847412109375 128.53125 130.625 131.2624969482421875 133.850006103515625 135.899993896484375 135.2312469482421875 135.3937530517578125 134.0187530517578125 134.75 135.5124969482421875 134.631256103515625 133.537506103515625 131.306243896484375 127.33750152587890625 126.24375152587890625 123.5437469482421875 121.8562469482421875 119.9875030517578125 118.63124847412109375 118.0187530517578125 118.0500030517578125 117.0812530517578125 114.9562530517578125 115.2687530517578125 117.81874847412109375 120.7624969482421875 127.00624847412109375 134.662506103515625 141.037506103515625 144.193756103515625 147.2375030517578125 148.2874908447265625 148.9375 147.149993896484375 149.8000030517578125
102.4562530517578125 104 107.69374847412109375 111.80625152587890625 117.5 124.3937530517578125 129.225006103515625 129.256256103515625 128.46875 129.375 131.6437530517578125 132.868743896484375 133.15625 133.412506103515625 131.9875030517578125 131.225006103515625 129.3000030517578125 130.381256103515625 131.618743896484375 132.631256103515625 134.78125 133.1875 128.6125030517578125 121.74375152587890625 120.2312469482421875 121.7624969482421875 120.1687469482421875 117.1750030517578125 114.6687469482421875 113.4562530517578125 111.8874969482421875 108.9562530517578125 108.58750152587890625 109.2062530517578125 110.8312530517578125 115.22499847412109375 120.6437530517578125 125.0437469482421875 128.6999969482421875 129.34375 128.3687591552734375 127.69374847412109375 128.59375 127.69374847412109375
103.40625 105.15625 108.99375152587890625 113.9562530517578125 119.4812469482421875 125.84375 131.34375 131.625 129.681243896484375 129.1687469482421875 131.068756103515625 132.306243896484375 130.0749969482421875 128.15625 128.1374969482421875 126.5500030517578125 125.16249847412109375 125.25624847412109375 126.9187469482421875 130.65625 135.662506103515625 134.78125 129.631256103515625 121.23125457763671875 117.97499847412109375 117.3000030517578125 114.80625152587890625 111.9875030517578125 108.5124969482421875 106.72499847412109375 104.1062469482421875 100.8625030517578125 99.8937530517578125 100.68125152587890625 102.78125 105.9499969482421875 109.375 112.53125 112.3562469482421875 110.58750152587890625 108.3000030517578125 106.49375152587890625 107.08750152587890625 105.6999969482421875
103.72499847412109375 105.56874847412109375 109.05625152587890625 113 117.6437530517578125 123.18125152587890625 127.2062530517578125 127.9812469482421875 127.84999847412109375 127.96875 128.5749969482421875 129.3874969482421875 127.53749847412109375 122.30625152587890625 120.375 120.00624847412109375 118.74375152587890625 119.71875 122.06874847412109375 125.75 132.2062530517578125 133.5749969482421875 129.1750030517578125 121.66249847412109375 114.4875030517578125 112.0812530517578125 110.5124969482421875 108.1062469482421875 104.97499847412109375 101.6687469482421875 97.0437469482421875 92.88124847412109375 91.9562530517578125 91.1125030517578125 92.13124847412109375 95.71250152587890625 100.59999847412109375 104.19374847412109375 105.1999969482421875 99.4187469482421875 93.0124969482421875 92.49375152587890625 91.34999847412109375 82.6999969482421875
103.0812530517578125 104.7062530517578125 107.24375152587890625 110.59375 114.9375 118.625 121.5749969482421875 123.6999969482421875 123.91249847412109375 124.7624969482421875 124.27500152587890625 122.3125 120.1875 115.8874969482421875 111.68125152587890625 111.86875152587890625 111.06874847412109375 111.9562530517578125 113.5749969482421875 117.40000152587890625 123.68125152587890625 125.59999847412109375 124.56874847412109375 121.1687469482421875 115.6437530517578125 111.4375 108.28125 104.52500152587890625 100.125 96.16249847412109375 92.4499969482421875 87.1062469482421875 84.78125 83.28125 84.05625152587890625 89.09999847412109375 95.80625152587890625 102.9499969482421875 105.59375 101.99375152587890625 88.72499847412109375 80.8562469482421875 79.8000030517578125 78.03125
100.97499847412109375 102.02500152587890625 104.21875 107.38124847412109375 111.36875152587890625 113 116.3937530517578125 118.03125 118.1125030517578125 119.5187530517578125 118.0437469482421875 115.3249969482421875 112.125 107.90000152587890625 102.83750152587890625 101.15000152587890625 101.0812530517578125 102.97499847412109375 104.0437469482421875 107.77500152587890625 114.6437530517578125 119.33750152587890625 121.6374969482421875 121.5500030517578125 120.21250152587890625 116.8312530517578125 111.47499847412109375 104.6125030517578125 98.08750152587890625 93.5124969482421875 86.8125 81.1062469482421875 79.3625030517578125 77.2687530517578125 75.8000030517578125 82.65000152587890625 94.5500030517578125 108.7062530517578125 116.97499847412109375 112.75624847412109375 102.4812469482421875 92.44374847412109375 88.47499847412109375 83.78125
97.7375030517578125 98.5187530517578125 101.125 103.91249847412109375 106.5 109.0625 111.33750152587890625 112.5124969482421875 113.1875 114.41249847412109375 112.65000152587890625 108.6875 104.5625 100.4187469482421875 95.7624969482421875 91.58750152587890625 91.21250152587890625 94.1750030517578125 95.5625 99.58750152587890625 106.2375030517578125 113.8937530517578125 120.77500152587890625 124.3874969482421875 124.88124847412109375 120.74375152587890625 113.19374847412109375 105.8000030517578125 98.9187469482421875 92.3312530517578125 86.90625 79.56874847412109375 75.90000152587890625 74.2687530517578125 71.3625030517578125 81.5124969482421875 98.15625 113.77500152587890625 127.5625 127.9562530517578125 122.72499847412109375 109.1750030517578125 97.0500030517578125 86.96875
93.125 94.46250152587890625 97.47499847412109375 100.31874847412109375 102.58750152587890625 105.13124847412109375 107.0500030517578125 108.59375 109 109.125 107.90000152587890625 103.3937530517578125 97.99375152587890625 93.21250152587890625 90.25 86.8937530517578125 83.25 85.25624847412109375 88.2937469482421875 91.91249847412109375 98.71875 107.83750152587890625 118.74375152587890625 126.66249847412109375 129.6374969482421875 123.1875 114.74375152587890625 106.9562530517578125 99.95624542236328125 93.61875152587890625 89.27500152587890625 85.0437469482421875 80.3125 77.3312530517578125 80.54375457763671875 89.25 103.59375 126.68125152587890625 149.806243896484375 143.162506103515625 129.9562530517578125 114.6062469482421875 98.7687530517578125 89.5749969482421875
87.78125 89.6750030517578125 92.0437469482421875 94.9812469482421875 98.19374847412109375 100.7624969482421875 102.2375030517578125 103.1875 104.125 103.61875152587890625 102.2062530517578125 97.84999847412109375 92.49375152587890625 87.80625152587890625 84.75624847412109375 82.1750030517578125 79.0500030517578125 77.03749847412109375 80.8562469482421875 83.6999969482421875 91.40625 100.1062469482421875 111.88124847412109375 121.6062469482421875 126.61875152587890625 121.8562469482421875 115.2687530517578125 107.8562469482421875 100.0625 92.375 87.00624847412109375 82.8000030517578125 86.9499969482421875 91.5124969482421875 91.52500152587890625 94.3937530517578125 111.59999847412109375 132.3125 145.1437530517578125 141.90625 125.0124969482421875 110.06874847412109375 96.99375152587890625 91.11875152587890625
82.2312469482421875 84.08750152587890625 86.4562530517578125 89.9250030517578125 93.00624847412109375 95.6999969482421875 97.1750030517578125 99.1062469482421875 99.6750030517578125 99.2375030517578125 97.63124847412109375 92.8874969482421875 87.36875152587890625 82.9875030517578125 79.52500152587890625 77.8625030517578125 75.71875 73.0187530517578125 73.3937530517578125 75.9187469482421875 85.41249847412109375 99.28125 103.34999847412109375 111.9499969482421875 118.7312469482421875 120.7624969482421875 116.71250152587890625 109.1374969482421875 103.7375030517578125 94.75 87.49375152587890625 89.25624847412109375 100.7312469482421875 106.02500152587890625 108.3937530517578125 111.9812469482421875 120.3125 129.037506103515625 133.850006103515625 128.662506103515625 115.8249969482421875 103.93125152587890625 94.375 90.1374969482421875
