data/historical-monthly-weather-data/wc2.1_cruts4.09_10m_prec_2016-09.asc
ncols        45
nrows        45
xllcorner    -63.500000000000
yllcorner    -7.500000000000
cellsize     0.166666666667
NODATA_value -9999
[rows 19 to 37 of 45, columns 0 to 42 of 45]
100.0812530517578125 100.8625030517578125 102.625 105.63124847412109375 108.90625 112.5437469482421875 114.96250152587890625 116.3249969482421875 118.5500030517578125 118.68125152587890625 117.71250152587890625 115.2624969482421875 111.53125 107.5 104.03749847412109375 101.96875 98.24375152587890625 99.3562469482421875 98.64374542236328125 102.125 102.40625 104.25 110.46875 113.9562530517578125 115.02500152587890625 112.28749847412109375 107.875 103.53749847412109375 95.0500030517578125 86.41249847412109375 81.0749969482421875 86.68125152587890625 91.1062469482421875 97.49375152587890625 100.56874847412109375 95.59999847412109375 89.75624847412109375 84.84999847412109375 79.09375 71.1125030517578125 61.41249847412109375 52.49375152587890625 48.99375152587890625
97.90625 99.94374847412109375 102.69374847412109375 105.875 109.0124969482421875 111.81874847412109375 114.84999847412109375 117.15000152587890625 120.6750030517578125 122.5187530517578125 122.09999847412109375 121.05625152587890625 117.4875030517578125 112.1374969482421875 109.24375152587890625 104.8562469482421875 101.0124969482421875 99.2937469482421875 101.44374847412109375 101.47499847412109375 104.71875 108.78125 112.4375 115.4250030517578125 117.9375 116.31874847412109375 110.9187469482421875 104.3562469482421875 98.06874847412109375 95.1437530517578125 93.3625030517578125 97.3249969482421875 102.4375 110.3125 118.9375 109.40625 95.5 86.03125 77.8312530517578125 70.15000152587890625 62.856250762939453125 56.40000152587890625 52.5625
96.61875152587890625 97.84999847412109375 100.65625 104.00624847412109375 108.1750030517578125 112.09375 115.125 118.8000030517578125 123.25 126.33750152587890625 127.3937530517578125 127.55625152587890625 126.31874847412109375 122.34999847412109375 118.59999847412109375 112.68125152587890625 108.5625 105.9187469482421875 107.16249847412109375 106.8937530517578125 106.08750152587890625 108.78749847412109375 111.75 114.0749969482421875 115.27500152587890625 115.0749969482421875 113.8937530517578125 108.6374969482421875 105.78125 104.2312469482421875 102.9250030517578125 104.36875152587890625 108.15625 113.8249969482421875 114.4250030517578125 107.22499847412109375 94.81874847412109375 85.78749847412109375 77.52500152587890625 71.03749847412109375 65.6437530517578125 61.075000762939453125 58.40000152587890625
95.6125030517578125 98.1999969482421875 100.1875 103.6687469482421875 107.65625 111.6999969482421875 115.91249847412109375 120.3562469482421875 126.8000030517578125 130.2937469482421875 134.368743896484375 136.3249969482421875 138.4187469482421875 135.9187469482421875 128.9875030517578125 122.1687469482421875 116.1750030517578125 113.6999969482421875 112.1999969482421875 111.28125 110.03125 111.22499847412109375 112.13124847412109375 112.3000030517578125 114.1875 114.27500152587890625 113.09375 112.3312530517578125 110.1125030517578125 108.1437530517578125 108.15000152587890625 109.8562469482421875 111 111.71875 108.5 99.4812469482421875 90.90625 83.30625152587890625 76.99375152587890625 73.08750152587890625 70.18125152587890625 66.4875030517578125 63.90000152587890625
95.31874847412109375 96.6750030517578125 99.19374847412109375 101.91249847412109375 105.05625152587890625 110.71875 115.96250152587890625 120.8625030517578125 127.5749969482421875 132.381256103515625 136.65625 142.0500030517578125 147.8874969482421875 145.306243896484375 136.631256103515625 128.65625 122.53749847412109375 119.43125152587890625 117.38124847412109375 115.03125 113.38124847412109375 112.7062530517578125 113.8625030517578125 114.00624847412109375 114.5437469482421875 113.2687530517578125 111.9562530517578125 111.31874847412109375 111.94374847412109375 111.05625152587890625 110.6750030517578125 112.09375 111.21250152587890625 109.78125 106.06874847412109375 96.7312469482421875 90.13124847412109375 85.25 80.31874847412109375 78.125 75.59999847412109375 72.4499969482421875 70.5812530517578125
96.06874847412109375 96.65000152587890625 98.21250152587890625 100.28749847412109375 106 111.375 116.5 121.93125152587890625 128.318756103515625 134.3249969482421875 139.6687469482421875 143.649993896484375 147.5124969482421875 146.931243896484375 140.6750030517578125 133.306243896484375 127.78125 123.5500030517578125 120.53125 118.52500152587890625 116.86875152587890625 115.2375030517578125 116.71875 116.7375030517578125 114.7062530517578125 114.63124847412109375 113.25624847412109375 112.94374847412109375 113.41249847412109375 113.3312530517578125 112.5124969482421875 112.71250152587890625 112.65000152587890625 110.55625152587890625 106.0500030517578125 98.65000152587890625 94.375 90.49375152587890625 86.0437469482421875 83.61875152587890625 81.25624847412109375 79.2062530517578125 77.69374847412109375
98.75624847412109375 100.28125 100.1750030517578125 102.8312530517578125 106.40000152587890625 111.52500152587890625 117.33750152587890625 122.8000030517578125 128.9499969482421875 135.443756103515625 139.600006103515625 143.462493896484375 146.2312469482421875 145.7375030517578125 141.556243896484375 136.0812530517578125 130.6999969482421875 127.09999847412109375 123.59999847412109375 120.96250152587890625 119.09999847412109375 117.1125030517578125 118.4875030517578125 118.49375152587890625 116.72499847412109375 115.1374969482421875 115.3874969482421875 116.25 115.93125152587890625 115.7687530517578125 114.8249969482421875 115.2687530517578125 113.2624969482421875 111.0437469482421875 108.2937469482421875 104.6875 100.3249969482421875 96.9562530517578125 94.05625152587890625 90.9499969482421875 89.2687530517578125 86.7937469482421875 85.24375152587890625
102.24375152587890625 102.2312469482421875 102.71875 105.1687469482421875 107.6875 112.7687530517578125 117.72499847412109375 122.19374847412109375 126.71250152587890625 132.6999969482421875 137.9812469482421875 141.5124969482421875 143.118743896484375 143.243743896484375 140.1374969482421875 135.71875 132.375 128.1125030517578125 125.0124969482421875 122.4187469482421875 121.0625 119.1125030517578125 119.53125 121.3874969482421875 119.1437530517578125 117.9375 118.13124847412109375 117.6687469482421875 117.46250152587890625 116.91249847412109375 115.9187469482421875 115.0500030517578125 115.43125152587890625 114.16249847412109375 111.53125 109.4375 106.9187469482421875 103.75624847412109375 101.1125030517578125 98.6062469482421875 96.0749969482421875 94.19374847412109375 93.1875
105.56874847412109375 105.1687469482421875 106.125 107.1062469482421875 109.71250152587890625 113.6999969482421875 118.31874847412109375 122.4250030517578125 125.97499847412109375 131.5749969482421875 135.993743896484375 138.725006103515625 140.162506103515625 141.4562530517578125 138.4499969482421875 134.8937530517578125 131.7062530517578125 128.243743896484375 125.43125152587890625 124.02500152587890625 122.48749542236328125 121.1374969482421875 121.44374847412109375 122.49375152587890625 122.0812530517578125 120.49375152587890625 120.0500030517578125 119.53125 119.1125030517578125 119.13124847412109375 117.1125030517578125 116.30625152587890625 117.78125 117.11875152587890625 116.0187530517578125 114.40625 114.09999847412109375 112.56874847412109375 110.03749847412109375 107.40625 104.9875030517578125 103.31874847412109375 100.0625
109.19374847412109375 107.94374847412109375 107.78749847412109375 108.27500152587890625 110.02500152587890625 113.16249847412109375 116.9875030517578125 121.2062530517578125 124.99375152587890625 129.368743896484375 133.09375 134.9875030517578125 137.756256103515625 138.131256103515625 135.5437469482421875 134.618743896484375 133.7437591552734375 127.93125152587890625 125.16249847412109375 124.2375030517578125 123.6125030517578125 123.1687469482421875 123.93125152587890625 125.0500030517578125 123.46250152587890625 122.80625152587890625 122.15625 122.1875 122.78749847412109375 121.0124969482421875 118.3249969482421875 117.25624847412109375 118.4187469482421875 119.5500030517578125 121.25624847412109375 120.1374969482421875 121.47499847412109375 121.8874969482421875 120.2375030517578125 117.41249847412109375 112.13124847412109375 108.33750152587890625 106.8249969482421875
111.7062530517578125 109.5749969482421875 107.5749969482421875 107.0437469482421875 107.69374847412109375 110.7624969482421875 114.3625030517578125 118.0625 121.375 124.78749847412109375 127.9250030517578125 131 133.5 134.6750030517578125 134.3125 132.7312469482421875 130.943756103515625 127.72499847412109375 124.33750152587890625 123.375 123.80625152587890625 124.72499847412109375 124.75 124.90000152587890625 125.03125 125.6062469482421875 124.24375152587890625 123.1687469482421875 122.19374847412109375 121.55625152587890625 120.75624847412109375 120.375 121.28749847412109375 122.8249969482421875 125.41249847412109375 125.9375 128.3249969482421875 131.2937469482421875 127.86875152587890625 127.5437469482421875 124.38124847412109375 119.4875030517578125 115.7375030517578125
111.84999847412109375 109.19374847412109375 107.78749847412109375 105.6875 105.9812469482421875 108.9875030517578125 111.21875 114.21875 117.6062469482421875 121.0749969482421875 123.8249969482421875 126.6125030517578125 131.4562530517578125 132.59375 131.931243896484375 130.6750030517578125 130.71875 128.1437530517578125 125.00624847412109375 125.02500152587890625 125.4499969482421875 127.162506103515625 127.8874969482421875 127.3125 126.71875 127.33750152587890625 125.6750030517578125 123.99375152587890625 122.8312530517578125 121.00624847412109375 121.7937469482421875 122.5 123.59999847412109375 127.3937530517578125 130.5749969482421875 130.53125 133.8625030517578125 138.5625 138.4187469482421875 138.243743896484375 135.1750030517578125 129.4375 124.72499847412109375
112.18125152587890625 107.6687469482421875 105.5 104 104.83750152587890625 106.5437469482421875 108.7375030517578125 111.40000152587890625 114.8000030517578125 117.58750152587890625 120.6062469482421875 123.28749847412109375 126.03749847412109375 129.28125 130.5749969482421875 132.03125 131.5625 129.7062530517578125 128.4812469482421875 129.625 130.5999908447265625 129.8499908447265625 130.712493896484375 129.212493896484375 130.274993896484375 128.443756103515625 125.71250152587890625 125.09375 123.61875152587890625 122.59999847412109375 123.63124847412109375 123.59375 125.8249969482421875 129.6999969482421875 132.9499969482421875 133.7437591552734375 137.375 141.149993896484375 142.2687530517578125 143.306243896484375 142.6437530517578125 137.2062530517578125 133.09375
106.6875 103.5749969482421875 101.40625 100.61875152587890625 101.33124542236328125 103.33750152587890625 105.96250152587890625 107.8125 110.7624969482421875 112.88124847412109375 118.6687469482421875 120.46875 123.9562530517578125 129.6750030517578125 131.40625 134.0749969482421875 135.024993896484375 135.556243896484375 134.90625 136.006256103515625 135.537506103515625 134.3125 132.6875 131.131256103515625 131.1875 128.5625 125.8249969482421875 124.5749969482421875 123.1875 124.33750152587890625 124.8562469482421875 125.69374847412109375 127.21875 130.9250030517578125 135.03125 136.100006103515625 138.681243896484375 140.475006103515625 142.306243896484375 145.556243896484375 146.193756103515625 142.368743896484375 139.600006103515625
99.65000152587890625 98.0749969482421875 97.5437469482421875 97.2624969482421875 97.66249847412109375 99.74375152587890625 102.6687469482421875 104.7312469482421875 106.7624969482421875 109.83750152587890625 113.66249847412109375 118.88124847412109375 122.9187469482421875 126.72499847412109375 130.8874969482421875 134.412506103515625 138.5124969482421875 140.3312530517578125 141.4187469482421875 142.59375 141.3249969482421875 138.431243896484375 135.5625 132.3562469482421875 130.2624969482421875 127.3937530517578125 124.65000152587890625 123.2312469482421875 121.56874847412109375 123.1125030517578125 125.11875152587890625 126.88750457763671875 128.8249969482421875 131.7937469482421875 135.7375030517578125 139.225006103515625 139.9812469482421875 141.118743896484375 143.899993896484375 146.0437469482421875 147.125 146.850006103515625 146.368743896484375
93.3562469482421875 92.59999847412109375 92.9250030517578125 93.83750152587890625 94.78125 96.40000152587890625 99.53749847412109375 101.7375030517578125 102.9375 106.0625 110.96875 117.46250152587890625 122.22499847412109375 126.84999847412109375 131.6999969482421875 136.8125 141.4499969482421875 143.3625030517578125 147.3249969482421875 148.350006103515625 147.100006103515625 143.087493896484375 137.6374969482421875 132.8874969482421875 128.462493896484375 126.28125 124.19374847412109375 121.84375 120.1374969482421875 121.74375152587890625 124.2687530517578125 126.0124969482421875 128.475006103515625 131.6999969482421875 134.712493896484375 136.649993896484375 138.868743896484375 142.462493896484375 144.4000091552734375 147.4562530517578125 147.006256103515625 146.4250030517578125 148.475006103515625
86.0500030517578125 85.3937530517578125 86.47499847412109375 87.72499847412109375 88.96875 91.3249969482421875 93.56874847412109375 96.84999847412109375 99.2312469482421875 102.40000152587890625 108.15625 114.49375152587890625 121.09375 127.15625 132.3312530517578125 138.1875 142.993743896484375 146.4875030517578125 150.631256103515625 153.756256103515625 150.1374969482421875 145.118743896484375 137.7375030517578125 131.506256103515625 127.24375152587890625 124.1999969482421875 121.4375 119.61875152587890625 118.3249969482421875 119.68125152587890625 122.4562530517578125 124.8562469482421875 126.4375 129.46875 132.15625 133.2937469482421875 137.662506103515625 140.3562469482421875 142.28125 144.5812530517578125 146.2937469482421875 145.556243896484375 145.774993896484375
78.71875 78.66875457763671875 79.71875 80.81874847412109375 83.0187530517578125 85.6687469482421875 88.61875152587890625 91.8312530517578125 95.4812469482421875 98.53749847412109375 105.90000152587890625 115.9375 122.8000030517578125 128.568756103515625 134.3312530517578125 139.34375 144.774993896484375 147.0187530517578125 149.875 152.0625 149.78125 142.46875 135.25 128.40625 123.9375 121.08750152587890625 118.05625152587890625 115.9562530517578125 114.99375152587890625 117.0124969482421875 119.6062469482421875 122.41875457763671875 124.8000030517578125 127.66875457763671875 130.2062530517578125 132.4499969482421875 135.868743896484375 139.381256103515625 140.256256103515625 141.462493896484375 142.7937469482421875 141.8562469482421875 143.1125030517578125
71.46875 72.11875152587890625 73.52500152587890625 74.5625 77.03749847412109375 80.4812469482421875 84.0749969482421875 88.1374969482421875 93.19374847412109375 97.25624847412109375 111.15625 120.61875152587890625 125.6999969482421875 130.3562469482421875 135.556243896484375 140.8625030517578125 143.806243896484375 145.743743896484375 146.1125030517578125 145.837493896484375 144.006256103515625 137.4812469482421875 131.118743896484375 124.40625 119.55625152587890625 116.25 114.40625 113.0500030517578125 112.34375 114.6750030517578125 115.63124847412109375 118.21875 120.94374847412109375 125.3312530517578125 128.4812469482421875 128.78125 132.024993896484375 135.1374969482421875 138.2687530517578125 140.149993896484375 139.399993896484375 141.1437530517578125 139.8249969482421875
