data/historical-monthly-weather-data/wc2.1_cruts4.09_10m_prec_1990-03.asc
ncols        45
nrows        45
xllcorner    -63.500000000000
yllcorner    -7.500000000000
cellsize     0.166666666667
NODATA_value -9999
[rows 20 to 39 of 45, columns 0 to 43 of 45]
334.756256103515625 347.649993896484375 355.306243896484375 362.38751220703125 369.693756103515625 375.91876220703125 380.412506103515625 381.98126220703125 381.03125 375.524993896484375 367.20001220703125 361.58123779296875 356.95001220703125 353.76251220703125 338.587493896484375 317.63751220703125 298.66876220703125 283.193756103515625 271.64373779296875 260.91876220703125 254.3312530517578125 248.3125 242.6999969482421875 246.0625 251.431243896484375 257.493743896484375 264.48748779296875 271.40625 277.95001220703125 282.162506103515625 281.51873779296875 275.76251220703125 260.34375 241.1062469482421875 223.1750030517578125 237.818756103515625 259.375 270.29998779296875 274.106231689453125 273.04998779296875 269.65625 266.45623779296875 262.11248779296875 258.6875
315.70623779296875 329.100006103515625 338.431243896484375 345.70623779296875 353.45001220703125 361.662506103515625 368.20001220703125 372.381256103515625 372.412506103515625 364.225006103515625 350.868743896484375 339.725006103515625 330.09375 323.16876220703125 311.58123779296875 297.42498779296875 284.14373779296875 270.64373779296875 258.912506103515625 248.09375 240.0437469482421875 233.53125 230.649993896484375 233.662506103515625 239.3125 247.243743896484375 257.96875 265.837493896484375 272.850006103515625 277.11248779296875 276.524993896484375 271.84375 259.33123779296875 246.024993896484375 238.162506103515625 246.1999969482421875 262.037506103515625 272.41876220703125 276.024993896484375 273.73748779296875 269.243743896484375 265.66876220703125 261.61248779296875 258.149993896484375
300.068756103515625 314.41876220703125 322.618743896484375 330.04998779296875 337.068756103515625 344.90625 351.806243896484375 360.181243896484375 364.1875 351.92498779296875 334.306243896484375 316.45623779296875 301.774993896484375 294.287506103515625 287.58123779296875 278.368743896484375 267.712493896484375 256.16876220703125 244.975006103515625 234.681243896484375 227.024993896484375 219.899993896484375 215.743743896484375 218.6999969482421875 226.15625 235.975006103515625 248.149993896484375 258.25 266.068756103515625 270.5 272.25 272.587493896484375 267.11248779296875 260.29998779296875 259.806243896484375 265.631256103515625 274.524993896484375 280.23748779296875 280.54376220703125 276.3125 270.20623779296875 265.79998779296875 261.625 257.33123779296875
281.95623779296875 292.243743896484375 300.95001220703125 309.587493896484375 317.70623779296875 325.475006103515625 334.375 343.256256103515625 346.256256103515625 333.25 314.79998779296875 298 280.57501220703125 274.931243896484375 271.58123779296875 265.375 257.48126220703125 247.662506103515625 236.149993896484375 225.7062530517578125 217.3000030517578125 209.287506103515625 203.9250030517578125 206.256256103515625 212.15625 221.524993896484375 234.693756103515625 247.600006103515625 258.23748779296875 266.556243896484375 273.274993896484375 277.63751220703125 276.28125 274.806243896484375 277.306243896484375 283.037506103515625 288.08123779296875 287.48126220703125 283.5 277.600006103515625 270.98748779296875 265.506256103515625 260.92498779296875 255.8249969482421875
268.306243896484375 272.537506103515625 279.118743896484375 288.61248779296875 298.993743896484375 307.256256103515625 314.162506103515625 320.287506103515625 320.36248779296875 312.225006103515625 300.131256103515625 285.36248779296875 273.73126220703125 267.11248779296875 261.443756103515625 256.45001220703125 249.3125 240.600006103515625 230.3625030517578125 218.818756103515625 208.537506103515625 199.28125 192.087493896484375 191.975006103515625 198.1999969482421875 209.774993896484375 223.2937469482421875 238.9875030517578125 252.15625 265.243743896484375 275.274993896484375 283.07501220703125 285.4375 286.76873779296875 289.28125 289.98126220703125 291.73126220703125 289.64373779296875 284.193756103515625 278.912506103515625 272.100006103515625 265.86248779296875 259.381256103515625 255.75
259.3125 259.506256103515625 263.13751220703125 272.212493896484375 280.8125 287.98126220703125 293.98748779296875 298.6875 297.86248779296875 292.625 284.86248779296875 275.881256103515625 267.84375 261.20001220703125 255.1750030517578125 250.399993896484375 243.2312469482421875 235.600006103515625 226.4875030517578125 213.9812469482421875 203.506256103515625 191.53125 181.118743896484375 178.0625 185.6437530517578125 199.4187469482421875 216.368743896484375 232.5124969482421875 248.2062530517578125 264.23126220703125 278.08123779296875 290.0625 295.03125 296.03125 296.70623779296875 294.67498779296875 293.38751220703125 290.20001220703125 285.23126220703125 279.3125 272.875 265.59375 256.693756103515625 251.962493896484375
260.493743896484375 256.54998779296875 259.368743896484375 264.5625 269.899993896484375 275.287506103515625 279.11248779296875 281.912506103515625 281.162506103515625 278.818756103515625 274.82501220703125 268.71875 262.818756103515625 257.71875 252.75 247.818756103515625 242.806243896484375 234.899993896484375 225.5812530517578125 214.8562469482421875 202.850006103515625 189.975006103515625 176.399993896484375 171.693756103515625 181.912506103515625 195.5 213.181243896484375 229.4375 245.9562530517578125 262.993743896484375 279.118743896484375 294.67498779296875 301.59375 300.66876220703125 299.20001220703125 296.618743896484375 294.818756103515625 291.10626220703125 286.59375 281.48748779296875 274.0625 265.78125 255.756256103515625 249.3312530517578125
263.61248779296875 257.59375 257.95001220703125 260.04998779296875 261.25 264.16876220703125 267.91876220703125 269.556243896484375 269.087493896484375 267.96875 265.131256103515625 260.912506103515625 257.212493896484375 253.8249969482421875 249.9562530517578125 245.8312530517578125 242.125 236.774993896484375 228.662506103515625 218.9187469482421875 207.556243896484375 194.681243896484375 184.8874969482421875 181.600006103515625 187.5124969482421875 198.3000030517578125 214.100006103515625 230.368743896484375 246.2312469482421875 262.07501220703125 278.087493896484375 292.92498779296875 299.462493896484375 298.9375 297.91876220703125 295.95623779296875 292.98748779296875 290.71875 287.5 284.256256103515625 279.85626220703125 270.443756103515625 257.46875 250.4250030517578125
265.756256103515625 258.66876220703125 256.625 255.1125030517578125 255.274993896484375 256.23126220703125 257.118743896484375 258.068756103515625 258.337493896484375 257.625 256.73748779296875 254.2062530517578125 251.6999969482421875 249.9562530517578125 248.1125030517578125 246.162506103515625 244.743743896484375 240.6374969482421875 234.4499969482421875 226.2687530517578125 215.618743896484375 203.962493896484375 195.850006103515625 192.5625 196.4375 203.6437530517578125 217.25 232.4562530517578125 247.5 262.443756103515625 276.3125 289.268768310546875 295.024993896484375 295.962493896484375 295.98748779296875 294.431243896484375 291.3125 289.431243896484375 286.9375 283.787506103515625 282.82501220703125 273.53125 260.912506103515625 260.162506103515625
270.66876220703125 262.29376220703125 257.92498779296875 254.337493896484375 252.287506103515625 250.837493896484375 250.7937469482421875 250.8874969482421875 251.1750030517578125 250.5 250.1125030517578125 249.4562530517578125 248.9875030517578125 248.40625 247.4187469482421875 246.4250030517578125 245.59375 245.5 240.96875 231.3000030517578125 220.9187469482421875 210.912506103515625 203.3937530517578125 201.6750030517578125 204.3249969482421875 210.75 223.225006103515625 236.743743896484375 250.068756103515625 262.5625 274.6875 284.95623779296875 289.73126220703125 292.899993896484375 294.25 292.41876220703125 289.63751220703125 288.48126220703125 283.15625 279.65625 279.100006103515625 277.274993896484375 272.04376220703125 275.787506103515625
273.57501220703125 263.975006103515625 257.92498779296875 253.506256103515625 250.131256103515625 246.787506103515625 246.25 245.225006103515625 244.899993896484375 244.4375 244.475006103515625 244.25 244.9187469482421875 244.7312469482421875 244.8874969482421875 245.3562469482421875 247.0124969482421875 247.712493896484375 246.1125030517578125 236.2624969482421875 226.056243896484375 216.006256103515625 209.6687469482421875 208.7687530517578125 211.068756103515625 218.0500030517578125 228.774993896484375 240.399993896484375 252.931243896484375 263.243743896484375 273.34375 282.79376220703125 287.3125 290.693756103515625 292.806243896484375 290.33123779296875 288.01251220703125 287.443756103515625 280.899993896484375 271.95623779296875 273.118743896484375 279.32501220703125 282.618743896484375 287.962493896484375
274.17498779296875 263.912506103515625 256.631256103515625 250.8937530517578125 246.649993896484375 242.5 241.100006103515625 238.756256103515625 238.024993896484375 237.600006103515625 237.78125 237.993743896484375 238.5749969482421875 240.131256103515625 241.806243896484375 243.6437530517578125 243.9250030517578125 244.25 242.59375 236.09375 226.8125 218.9812469482421875 212.6437530517578125 212.5500030517578125 217.024993896484375 223.131256103515625 232.40625 244.068756103515625 254.5625 263.91876220703125 272.89373779296875 281.056243896484375 284.63751220703125 288.09375 290.631256103515625 288.79998779296875 288.162506103515625 287.04998779296875 278.618743896484375 272.818756103515625 277.26873779296875 287.51873779296875 295.04376220703125 305.71875
273.125 263.506256103515625 255.506256103515625 248.899993896484375 242.9562530517578125 238.9375 235.568756103515625 232 230.1687469482421875 230.2687530517578125 232.493743896484375 232.087493896484375 233.1374969482421875 236.225006103515625 238 239.381256103515625 239.0749969482421875 239.100006103515625 236.2375030517578125 230.912506103515625 224.34375 217.4812469482421875 211.3874969482421875 213.0500030517578125 217.3000030517578125 222.9375 232.181243896484375 243.4562530517578125 254.975006103515625 263.9375 272.76873779296875 280.9375 285.20001220703125 288.70623779296875 290.61248779296875 291.25 291.45623779296875 290.11248779296875 283.98126220703125 285.243743896484375 290.48748779296875 300.73748779296875 311.443756103515625 324.087493896484375
271.493743896484375 262.26251220703125 255.03125 247.943756103515625 241.21875 235.4312591552734375 230.243743896484375 225.600006103515625 223.0187530517578125 222.662506103515625 224.65625 226.2312469482421875 227.743743896484375 229.274993896484375 230.875 233.15625 234.3125 233.34375 229.256256103515625 224.243743896484375 219.5 213.5 208.912506103515625 210.4250030517578125 214.84375 219.96875 230.212493896484375 241.46875 254.40625 263.38751220703125 271.79998779296875 281.256256103515625 286.34375 289.67498779296875 293.16876220703125 294.524993896484375 294.943756103515625 294 293.681243896484375 296.962493896484375 301.631256103515625 312.193756103515625 326.15625 340.75
269.943756103515625 261.79376220703125 254.53125 246.5749969482421875 237.9187469482421875 231.4187469482421875 224.5124969482421875 219.243743896484375 215 213.3937530517578125 216.100006103515625 219.2375030517578125 222.1374969482421875 223.712493896484375 226.243743896484375 227.475006103515625 228.5 226.71875 222.40625 217.337493896484375 213.6062469482421875 208.131256103515625 203.9250030517578125 205.78125 210.725006103515625 216.524993896484375 226.8125 239.350006103515625 251.78125 262.037506103515625 272.32501220703125 282.462493896484375 287.443756103515625 291.568756103515625 294.70001220703125 295.92498779296875 297.14373779296875 300.89373779296875 303.29376220703125 306.818756103515625 312 321.14373779296875 334.57501220703125 349.54376220703125
269.350006103515625 260.70623779296875 252.431243896484375 243.774993896484375 234.756256103515625 226.8562469482421875 219.53125 211.90625 205.6062469482421875 203.149993896484375 205.399993896484375 210.1125030517578125 215.787506103515625 219.4187469482421875 220.75 221.162506103515625 220.1750030517578125 217.5437469482421875 213.7062530517578125 209.306243896484375 205.7624969482421875 200.875 196.9250030517578125 199.9499969482421875 205.0437469482421875 211.0187530517578125 221.8562469482421875 235.1687469482421875 248.40625 260.21875 273.006256103515625 284.631256103515625 289.23748779296875 294.399993896484375 297.91876220703125 299.524993896484375 303.71875 308.20623779296875 309.712493896484375 314.10626220703125 320.17498779296875 328.29376220703125 338.587493896484375 352.78125
267.73748779296875 259.54998779296875 250.962493896484375 241.4375 232.34375 224.1875 215.5124969482421875 206.818756103515625 198.1750030517578125 191.8625030517578125 195.662506103515625 205.3000030517578125 212.243743896484375 215.274993896484375 215.787506103515625 213.9812469482421875 211 207.5812530517578125 203.881256103515625 198.443756103515625 195.7687530517578125 191.8874969482421875 189.0187530517578125 191.9562530517578125 197.2312469482421875 203.9187469482421875 215.587493896484375 230.1687469482421875 244.1125030517578125 258.399993896484375 273.056243896484375 286.51251220703125 292.86248779296875 298.556243896484375 302.16876220703125 305.67498779296875 310.76251220703125 316.04998779296875 318.0625 320.15625 324.443756103515625 331.5 340.85626220703125 352.806243896484375
266.59375 259.10626220703125 249.65625 240.056243896484375 231.3562469482421875 223.1125030517578125 214.2312469482421875 204.5437469482421875 196.375 187.9562530517578125 196.5 206.662506103515625 210.693756103515625 212.4375 210.118743896484375 206.5812530517578125 201.149993896484375 196.899993896484375 192.1999969482421875 186.287506103515625 183.4250030517578125 180.84375 179.9812469482421875 183.4499969482421875 189.306243896484375 196.899993896484375 209.21875 224.90625 240.34375 256.45001220703125 272.431243896484375 287.556243896484375 294.90625 301.6875 305.51251220703125 311.13751220703125 316.79376220703125 320.88751220703125 324.056243896484375 326.84375 328.399993896484375 335.01873779296875 341.337493896484375 347.67498779296875
263.85626220703125 257.28125 248.774993896484375 239.8249969482421875 231.443756103515625 222.756256103515625 215.212493896484375 207.149993896484375 202.3625030517578125 203.368743896484375 211.975006103515625 211.4812469482421875 208.90625 206.8125 202.7624969482421875 197.46875 190.9499969482421875 185.975006103515625 180.506256103515625 174.5437469482421875 172.024993896484375 170.8312530517578125 171.25 175.9875030517578125 182.743743896484375 191.399993896484375 204.7312469482421875 220.3000030517578125 236.5812530517578125 253.962493896484375 272.17498779296875 287.79376220703125 295.61248779296875 303.61248779296875 311.70001220703125 316.0625 320.381256103515625 325.412506103515625 326.600006103515625 327.20623779296875 328.14373779296875 334.1875 338.568756103515625 344.07501220703125
261.45623779296875 256.068756103515625 248.2375030517578125 239.399993896484375 231.9250030517578125 225.1875 217.5749969482421875 212.3249969482421875 209.0625 208.6437530517578125 210.15625 209.100006103515625 205.493743896484375 200.6374969482421875 195.3625030517578125 188.4812469482421875 181.0437469482421875 175.431243896484375 169.1750030517578125 163.6125030517578125 161.693756103515625 161.5187530517578125 162.3000030517578125 167.806243896484375 176.006256103515625 185.693756103515625 199.287506103515625 215.662506103515625 232.399993896484375 250.506256103515625 268.83123779296875 288.09375 299.743743896484375 308.20623779296875 316.9375 321.756256103515625 324.38751220703125 327.95623779296875 329.493743896484375 327.39373779296875 326.399993896484375 331.149993896484375 334.51873779296875 338.068756103515625
