data/historical-monthly-weather-data/wc2.1_cruts4.09_10m_prec_2011-05.asc
ncols        45
nrows        45
xllcorner    -63.500000000000
yllcorner    -7.500000000000
cellsize     0.166666666667
NODATA_value -9999
[rows 20 to 39 of 45, columns 0 to 43 of 45]
211.2937469482421875 213.9562530517578125 213.774993896484375 209.875 206.25 212.21875 215.9375 217.0749969482421875 218.84375 218.0187530517578125 217.618743896484375 215.125 208.443756103515625 201.3937530517578125 191.962493896484375 184.649993896484375 174.875 173.3874969482421875 177.46875 179.756256103515625 196.649993896484375 213.8937530517578125 230.21875 243.21875 253.96875 258.04376220703125 254.6999969482421875 257.11248779296875 259.850006103515625 260.98748779296875 265.23126220703125 273.73748779296875 277.01251220703125 283.837493896484375 297.024993896484375 315.9375 333.006256103515625 345.70623779296875 350.787506103515625 350.6875 349.91876220703125 343.14373779296875 341.712493896484375 348.34375
199.9375 195.868743896484375 198.8562469482421875 200.3625030517578125 197.431243896484375 200.9812469482421875 206.9375 211.243743896484375 214.024993896484375 214.193756103515625 213.1125030517578125 208.8874969482421875 202.5437469482421875 195.5 190.256256103515625 181.53125 181.2375030517578125 178.537506103515625 181.7687530517578125 182.9562530517578125 191.9562530517578125 207.3937530517578125 223.2312469482421875 233.1437530517578125 239.8562469482421875 249.15625 256.83123779296875 259.274993896484375 268.73126220703125 272.024993896484375 271.381256103515625 271.79376220703125 279.975006103515625 290.493743896484375 297.91876220703125 310.65625 327.256256103515625 339.33123779296875 343.618743896484375 344.26251220703125 345.63751220703125 340.618743896484375 338.76873779296875 342.149993896484375
189.2375030517578125 191.181243896484375 192.381256103515625 193.0812530517578125 189.912506103515625 192.837493896484375 192.943756103515625 198.7375030517578125 206.8625030517578125 208.412506103515625 206.2062530517578125 202.0812530517578125 199.8625030517578125 194.2375030517578125 189.287506103515625 183 179.53125 179.056243896484375 180.2375030517578125 182.2312469482421875 192.931243896484375 202.181243896484375 215.1687469482421875 224.7937469482421875 237.024993896484375 245.837493896484375 250.225006103515625 259.631256103515625 270.01873779296875 271.98126220703125 269.625 273.875 285.537506103515625 294.42498779296875 303.756256103515625 306.756256103515625 316.90625 331.318756103515625 341.693756103515625 342.212493896484375 340.818756103515625 337.54998779296875 335.056243896484375 337.07501220703125
176.3312530517578125 180.912506103515625 183.881256103515625 181.931243896484375 177.6687469482421875 179.3562469482421875 186.9375 191.743743896484375 195.6999969482421875 197.125 197.912506103515625 199.600006103515625 197.681243896484375 195.4187469482421875 189.274993896484375 183.3812408447265625 179.8249969482421875 181.0500030517578125 183.1875 186.2375030517578125 192.875 202.100006103515625 211.431243896484375 225.0812530517578125 234.756256103515625 240.0124969482421875 247.631256103515625 257.875 270.36248779296875 278.13751220703125 283.149993896484375 289.01873779296875 301.006256103515625 308.037506103515625 314.48748779296875 312.21875 325.318756103515625 334.92498779296875 340.625 342.04376220703125 339.09375 338.23748779296875 337.15625 335.243743896484375
167.9250030517578125 173.6374969482421875 174.2062530517578125 173.71875 170.1875 173.462493896484375 176.6687469482421875 182.443756103515625 186.037506103515625 189.5625 190.787506103515625 191.8937530517578125 194.2687530517578125 192.9812469482421875 187.118743896484375 183.28125 182.3125 183.118743896484375 184.024993896484375 187.09375 195.59375 202.2375030517578125 212.3937530517578125 224.4375 234.100006103515625 246.868743896484375 254.7062530517578125 266.15625 277.9375 290.556243896484375 297.15625 310.181243896484375 320.774993896484375 326.41876220703125 325.03125 325.21875 333.6875 335.337493896484375 338.76873779296875 340.17498779296875 339.23126220703125 335.899993896484375 334.70001220703125 329.256256103515625
163.0500030517578125 169.9375 165.4375 163.1687469482421875 157.181243896484375 160.368743896484375 164.100006103515625 169.8625030517578125 172.087493896484375 174.125 181.03125 185.6374969482421875 187.03125 188.037506103515625 187.21875 183.912506103515625 183.375 184.4499969482421875 185.40625 187.46875 195.6125030517578125 201.9562530517578125 211.631256103515625 221.399993896484375 235.056243896484375 247.818756103515625 262.42498779296875 274.40625 285.868743896484375 299.54376220703125 313.131256103515625 335.100006103515625 347.087493896484375 343.29376220703125 337.90625 338.67498779296875 339.056243896484375 340.59375 335.625 335.350006103515625 335.76873779296875 329.67498779296875 324.506256103515625 323.1875
151.056243896484375 151.125 150.4375 148.53125 144.787506103515625 148.8125 152.8312530517578125 156.3874969482421875 160.6062469482421875 168.4562530517578125 174.7062530517578125 178.5187530517578125 183.4562530517578125 187.1687469482421875 186.8625030517578125 185.9375 184.118743896484375 183.9375 188.5812530517578125 189.90625 195.381256103515625 202.162506103515625 211.0749969482421875 224.725006103515625 238.337493896484375 252.068756103515625 266.32501220703125 278.600006103515625 291.79376220703125 302.86248779296875 321.39373779296875 343.73748779296875 362.743743896484375 353.82501220703125 344.20623779296875 341.899993896484375 345.85626220703125 342.73126220703125 337.443756103515625 336.5625 334.76251220703125 328.84375 323.837493896484375 318.587493896484375
139.037506103515625 135.068756103515625 134.75 133.024993896484375 132.506256103515625 137.9187469482421875 143.0625 146.0812530517578125 152.2687530517578125 160.3562469482421875 166.5250091552734375 171.7937469482421875 178.5625 183.5500030517578125 185.4187469482421875 183.306243896484375 184.3125 187.9250030517578125 192.399993896484375 194.59375 199.375 203.931243896484375 214.3000030517578125 226.712493896484375 241.149993896484375 253.2687530517578125 268.037506103515625 280.33123779296875 294.51251220703125 306.42498779296875 322.09375 340.118743896484375 353.912506103515625 350.712493896484375 348.48126220703125 346.26251220703125 345.45001220703125 346.712493896484375 344.20001220703125 338.53125 333.61248779296875 330.79998779296875 326.13751220703125 322.70001220703125
125.41249847412109375 120.1687469482421875 119.61875152587890625 120.09999847412109375 121.24375152587890625 124.6999969482421875 129.243743896484375 135.818756103515625 144.9375 151.5 158.6750030517578125 166.5437469482421875 174.09375 182.5 186.537506103515625 188.3125 189.556243896484375 191.743743896484375 194.8937530517578125 197.625 202.25 205.899993896484375 213.8874969482421875 225.8000030517578125 239.5500030517578125 249.443756103515625 264.337493896484375 279.225006103515625 293.037506103515625 302.774993896484375 316.15625 327.51251220703125 337.73748779296875 340.618743896484375 346.04376220703125 345.79998779296875 347.068756103515625 345.600006103515625 343.15625 337.36248779296875 327.29376220703125 321.25 323.42498779296875 327.76873779296875
118.3000030517578125 112.3125 110.96250152587890625 110.13124847412109375 111.09375 116.52500152587890625 121.6062469482421875 129.625 137.7624969482421875 143.8125 152.243743896484375 161.40625 170.6750030517578125 180.78125 186.0187530517578125 189.4562530517578125 191.8312530517578125 197.212493896484375 199.2062530517578125 199.5625 203.662506103515625 208.431243896484375 214.712493896484375 224.368743896484375 233.993743896484375 248.0749969482421875 258.537506103515625 268.287506103515625 280.96875 291.368743896484375 303.868743896484375 312.45001220703125 322.88751220703125 331.462493896484375 339.662506103515625 339.08123779296875 347.96875 348.98748779296875 344.82501220703125 346.63751220703125 342.61248779296875 334.600006103515625 329.36248779296875 326.95623779296875
112.00624847412109375 105.4562530517578125 103.49375152587890625 103.88124847412109375 105.5187530517578125 110.5187530517578125 117.05625152587890625 123.3125 131.462493896484375 139.1750030517578125 147.756256103515625 156.5749969482421875 168.806243896484375 177.306243896484375 183.8625030517578125 190.3125 195.40625 199.0124969482421875 202.243743896484375 204.6437530517578125 205.3000030517578125 207.649993896484375 212.96875 219.3000030517578125 227.8125 242.5437469482421875 250.8312530517578125 258.01873779296875 269.631256103515625 278.45001220703125 291.26251220703125 297.45623779296875 308.162506103515625 319.42498779296875 328.462493896484375 329.03125 338.54998779296875 346.61248779296875 349.41876220703125 349.318756103515625 352.4375 343.41876220703125 336.443756103515625 328.431243896484375
104.40625 98.00624847412109375 96.9875030517578125 98.2624969482421875 100.93125152587890625 105.11875152587890625 112.72499847412109375 117.3625030517578125 125.19374847412109375 132.725006103515625 141.306243896484375 150.0187530517578125 162.09375 173.912506103515625 181.1999969482421875 189.7375030517578125 193.399993896484375 196.649993896484375 199.9875030517578125 202.9562530517578125 202.25 204.2375030517578125 207.7375030517578125 214.4562530517578125 225.5124969482421875 235.1687469482421875 242.71875 247.6437530517578125 254.493743896484375 264.63751220703125 272.0625 280.5 290.64373779296875 302.756256103515625 315.125 319.16876220703125 327.98748779296875 338.86248779296875 341.95001220703125 350.95001220703125 354.693756103515625 348.868743896484375 343.51873779296875 341.493743896484375
101.88124847412109375 97.09999847412109375 95.9187469482421875 97.33750152587890625 98.43125152587890625 102.06874847412109375 108.1437530517578125 113.03125 120.50624847412109375 128.962493896484375 139.8562469482421875 149.0749969482421875 160.75 173.6999969482421875 180.8000030517578125 187.0187530517578125 191.631256103515625 197.0812530517578125 197.8000030517578125 200.056243896484375 198.3874969482421875 200.78125 202.1374969482421875 209.256256103515625 217.631256103515625 226.212493896484375 230.881256103515625 235.8000030517578125 239.5500030517578125 247.568756103515625 256.15625 263.337493896484375 271.850006103515625 288.381256103515625 300.03125 310.431243896484375 316.15625 327.65625 331.818756103515625 344.89373779296875 348.862518310546875 349.03125 346.931243896484375 349.3125
100.41249847412109375 96.25624847412109375 96.18125152587890625 96.78125 98.1125030517578125 100.6125030517578125 104.84375 108.65000152587890625 115.30625152587890625 123.46250152587890625 133.59375 145.7937469482421875 156.8562469482421875 168.0749969482421875 177.1437530517578125 185.8562469482421875 192.03125 195.8625030517578125 194.625 194.556243896484375 195.3125 197.368743896484375 198.162506103515625 201.6374969482421875 208.368743896484375 213.681243896484375 216.6374969482421875 219.881256103515625 225.1750030517578125 232.4499969482421875 240.4499969482421875 247.337493896484375 257.587493896484375 270.081268310546875 283.98748779296875 293.70001220703125 303.743743896484375 310.506256103515625 320.256256103515625 330.36248779296875 335.13751220703125 341.587493896484375 347.568756103515625 352.537506103515625
98.6374969482421875 95.59999847412109375 95.84375 96.80625152587890625 97.86875152587890625 99.78125 101.44374847412109375 104.83750152587890625 109.28749847412109375 117.41249847412109375 128.25 140.868743896484375 154.90625 168.399993896484375 177.1374969482421875 185.0812530517578125 190.6999969482421875 193.8874969482421875 192.431243896484375 189.59375 189.931243896484375 189.756256103515625 191.443756103515625 193.1750030517578125 197.0749969482421875 200.7375030517578125 205.4812469482421875 209.0437469482421875 213.0124969482421875 220.75 226.7687530517578125 233.118743896484375 240.774993896484375 253.8249969482421875 260.29376220703125 271.98126220703125 279.45001220703125 295.76873779296875 305.112518310546875 312.79998779296875 319.01873779296875 323.01873779296875 330.54998779296875 340.48126220703125
101.4812469482421875 99.4499969482421875 98.69374847412109375 98.9187469482421875 99.08750152587890625 100.25 100.75 103.53749847412109375 107.5437469482421875 113.0437469482421875 122.2937469482421875 137.6999969482421875 154.056243896484375 166.6374969482421875 176.524993896484375 183.568756103515625 188.7687530517578125 188.75 188.743743896484375 185.21875 185.15625 184.6125030517578125 184.8249969482421875 186.024993896484375 187.475006103515625 188.912506103515625 194.96875 198.4875030517578125 199.5 206.243743896484375 213 218.943756103515625 225.587493896484375 232.5124969482421875 240.118743896484375 249.006256103515625 264.78125 273.337493896484375 282.64373779296875 295.193756103515625 300.39373779296875 309.087493896484375 314.11248779296875 323.33123779296875
105.1750030517578125 103.875 102.7375030517578125 102.5124969482421875 102.8125 102.5124969482421875 102.65625 103.0625 105.6750030517578125 107.4187469482421875 120.40000152587890625 141.6062469482421875 156.649993896484375 167.600006103515625 175.96875 182.368743896484375 185.556243896484375 184.3000030517578125 183.5187530517578125 178.6062469482421875 178.8562469482421875 178.256256103515625 176.5812530517578125 176.5500030517578125 177.125 179.4187469482421875 182.899993896484375 185.125 186.1437530517578125 193.4187469482421875 201.131256103515625 208.087493896484375 213.1999969482421875 216.3125 223.8312530517578125 235.100006103515625 246.9187469482421875 257.84375 264.756256103515625 272.875 278.256256103515625 283.21875 295.431243896484375 305.98748779296875
109.27500152587890625 107.81874847412109375 107.61875152587890625 106.80625152587890625 107.46875 107.18125152587890625 106.8562469482421875 106.06874847412109375 108.1687469482421875 109.3562469482421875 129.725006103515625 151.2624969482421875 162.4499969482421875 171.65625 177.6750030517578125 182.350006103515625 184.0749969482421875 182.837493896484375 179.2062530517578125 175.568756103515625 172.46875 171.3125 169.399993896484375 168.243743896484375 167.587493896484375 168.243743896484375 169.125 174.4875030517578125 176.6875 182.024993896484375 187.9562530517578125 194.7937469482421875 200.8625030517578125 202.15625 205.243743896484375 215.912506103515625 229.3249969482421875 238.693756103515625 249.493743896484375 254.3062591552734375 260.34375 266.337493896484375 269.71875 274.98748779296875
113.78125 112.3000030517578125 112.0749969482421875 112.09999847412109375 111.1687469482421875 111.5437469482421875 112.90000152587890625 115.1750030517578125 121.46250152587890625 134.1374969482421875 157.96875 167.09375 170.21875 176.1437530517578125 180.0749969482421875 182.912506103515625 184.2312469482421875 181.524993896484375 177.7312469482421875 172.21875 166.618743896484375 162.4812469482421875 161.149993896484375 161.0812530517578125 158.875 158.6062469482421875 161.6125030517578125 166.0500030517578125 166.462493896484375 172.850006103515625 175.962493896484375 177.5 183.912506103515625 189.100006103515625 196.5812530517578125 204.65625 213.2375030517578125 224.8937530517578125 229.087493896484375 230.7062530517578125 239.306243896484375 243.6437530517578125 244.3249969482421875 251.09375
119.9875030517578125 117.97499847412109375 118.49375152587890625 118.41249847412109375 118.46875 119.125 120.13124847412109375 126.25 135.1437530517578125 147.774993896484375 161.2062530517578125 171.3249969482421875 174.1687469482421875 177.4875030517578125 182.100006103515625 182.2624969482421875 181.3625030517578125 177.5437469482421875 172.243743896484375 167.5500030517578125 160.037506103515625 155.59375 151.149993896484375 150.5812530517578125 150.0187530517578125 150.6062469482421875 152.399993896484375 155.493743896484375 156.34375 161.3562469482421875 165.84375 170.7375030517578125 175.625 181.6875 188.337493896484375 194.1875 200.5749969482421875 210.2687530517578125 213.40625 211.09375 216.1875 219.7624969482421875 218.2687530517578125 219.868743896484375
