data/historical-monthly-weather-data/wc2.1_cruts4.09_10m_prec_1987-03.asc
ncols        51
nrows        45
xllcorner    -63.500000000000
yllcorner    -7.500000000000
cellsize     0.166666666667
NODATA_value -9999
[rows 20 to 39 of 45, columns 0 to 44 of 51]
194.78125 198.993743896484375 206.287506103515625 214.4875030517578125 223.568756103515625 235.006256103515625 246.350006103515625 256.35626220703125 265.17498779296875 271.056243896484375 274.381256103515625 276.087493896484375 278 281.36248779296875 276.70623779296875 267.131256103515625 258.943756103515625 255.34375 255.2937469482421875 255.881256103515625 261.193756103515625 267.225006103515625 272.262481689453125 278.712493896484375 286.01873779296875 293.756256103515625 300.29376220703125 306.29376220703125 311.86248779296875 314.931243896484375 312.5625 305.100006103515625 289.73748779296875 270.350006103515625 252.256256103515625 271.818756103515625 299.9375 316.29376220703125 325.08123779296875 328.287506103515625 328.40625 326.98126220703125 323.868743896484375 321.45623779296875 318.92498779296875
193.375 198.53125 208.09375 217.931243896484375 228.7312469482421875 241.899993896484375 254.8625030517578125 266.787506103515625 275.6875 278.556243896484375 276.88751220703125 274.350006103515625 272.431243896484375 272.868743896484375 270.3125 265.41876220703125 261.16876220703125 257.681243896484375 255.756256103515625 254.350006103515625 255.15625 257.337493896484375 262.40625 267.65625 274.90625 284.34375 294.54998779296875 301 306.399993896484375 308.8125 305.850006103515625 299.01251220703125 286.78125 274.068756103515625 267.443756103515625 279.75 301.462493896484375 317.375 326.04376220703125 327.9375 326.806243896484375 324.875 321.962493896484375 319.38751220703125 317.23748779296875
194.5500030517578125 201.3312530517578125 211.399993896484375 222.6374969482421875 234.2375030517578125 247.431243896484375 260.71875 275.71875 287 285.350006103515625 278.76251220703125 270.25 263.8125 263.54376220703125 264.524993896484375 263.21875 260.431243896484375 257.08123779296875 253.818756103515625 250.9812469482421875 249.3562469482421875 247.881256103515625 248.837493896484375 253.3312530517578125 262.274993896484375 273.57501220703125 284.943756103515625 293.375 299.07501220703125 301.03125 300.03125 298.162506103515625 293.600006103515625 288.14373779296875 289.88751220703125 300.04998779296875 314.212493896484375 325.056243896484375 330.149993896484375 329.881256103515625 326.98748779296875 323.96875 320.856231689453125 317.20623779296875 315.087493896484375
199.662506103515625 206.881256103515625 217.2375030517578125 228.693756103515625 240.2937469482421875 252.412506103515625 265.95001220703125 280.0625 289.35626220703125 285.26873779296875 275.98748779296875 267.006256103515625 256.86248779296875 257.32501220703125 260.381256103515625 260.89373779296875 259.64373779296875 256.40625 251.181243896484375 246.53125 242.78125 238.975006103515625 237.375 240.881256103515625 247.875 258.524993896484375 270.82501220703125 282.16876220703125 290.787506103515625 296.662506103515625 300.70623779296875 302.743743896484375 302.42498779296875 302.59375 307.5 318 328.26873779296875 332.318756103515625 332.693756103515625 330.787506103515625 327.568756103515625 323.41876220703125 319.993743896484375 315.375 314.375
209.2624969482421875 215.693756103515625 224.149993896484375 235.21875 247.3937530517578125 258.48748779296875 268.8125 278.82501220703125 284.21875 282.399993896484375 276.712493896484375 268.118743896484375 262.118743896484375 260.76873779296875 260.70623779296875 261.39373779296875 259.83123779296875 256.181243896484375 250.6687469482421875 243.3000030517578125 236.368743896484375 230.149993896484375 225.53125 225.9375 233.2437591552734375 246.399993896484375 258.96875 273.306243896484375 284.45623779296875 295.287506103515625 302.524993896484375 307.84375 311.212493896484375 314.14373779296875 318.8125 324.037506103515625 330.975006103515625 333.67498779296875 332.67498779296875 331.787506103515625 328.625 323.787506103515625 318.225006103515625 315.537506103515625 310.14373779296875
222 228.600006103515625 234.15625 243.90625 253.431243896484375 262.193756103515625 270.09375 277.068756103515625 280.131256103515625 279.21875 275.83123779296875 271.431243896484375 267.79998779296875 265.53125 264.20623779296875 264.212493896484375 261.568756103515625 257.681243896484375 251.8937530517578125 242.0500030517578125 233.899993896484375 223.6062469482421875 214.3874969482421875 211.100006103515625 219.9375 235.662506103515625 252.09375 266.681243896484375 280.4375 294.181243896484375 305.193756103515625 314.63751220703125 320.48748779296875 322.75 325.13751220703125 327.587493896484375 331.368743896484375 333.09375 332.899993896484375 331.59375 329.10626220703125 323.25 314.88751220703125 310.912506103515625 306.0625
234.1750030517578125 237.5 242.6125030517578125 249.243743896484375 256.04998779296875 262.88751220703125 268.33123779296875 273.006256103515625 275.20623779296875 276.01251220703125 275.25 272.76873779296875 270.46875 268.98126220703125 268.068756103515625 267.21875 266.14373779296875 261.26251220703125 254.556243896484375 245.96875 235.3562469482421875 223.3625030517578125 209.8000030517578125 204.274993896484375 216.1374969482421875 231.5187530517578125 248.6750030517578125 263.29998779296875 277.78125 292.53125 305.931243896484375 319.037506103515625 326.875 326.931243896484375 326.868743896484375 328.462493896484375 331.4375 332.36248779296875 332.79998779296875 332.568756103515625 329.100006103515625 322.131256103515625 312.48748779296875 306.524993896484375 309.337493896484375
247.1374969482421875 248.287506103515625 251.493743896484375 255.7375030517578125 259.068756103515625 263.462493896484375 268.600006103515625 271.756256103515625 273.443756103515625 274.631256103515625 274.10626220703125 272.70001220703125 271.931243896484375 271.506256103515625 271.01251220703125 270.337493896484375 270.01873779296875 267.412506103515625 261.5 253.4875030517578125 242.9562530517578125 230.3312530517578125 220.756256103515625 216.7312469482421875 223.337493896484375 235.212493896484375 249.96875 264.36248779296875 277.9375 291.20623779296875 304.32501220703125 316.5625 323.88751220703125 324.29376220703125 324.59375 326.54376220703125 327.84375 330.07501220703125 332.037506103515625 334.13751220703125 334.4375 326.23126220703125 313.11248779296875 306.506256103515625 318.79998779296875
259.006256103515625 258.76873779296875 259.96875 261.11248779296875 263.79376220703125 266.07501220703125 268.04998779296875 270.162506103515625 271.975006103515625 272.8125 273.59375 273.32501220703125 273.162506103515625 273.9375 275.0625 276.14373779296875 277.85626220703125 276.181243896484375 272.006256103515625 265.28125 254.9875030517578125 243.193756103515625 235.1125030517578125 230.7375030517578125 234.600006103515625 241.8874969482421875 253.774993896484375 266.65625 279.037506103515625 291.23748779296875 301.962493896484375 312.131256103515625 318.45001220703125 320.274993896484375 321.537506103515625 323.59375 324.306243896484375 326.57501220703125 329.350006103515625 331.54376220703125 335.975006103515625 327.90625 315.306243896484375 316.48126220703125 332.056243896484375
267.54998779296875 265.9375 265.08123779296875 264.42498779296875 265.13751220703125 264.98748779296875 266.087493896484375 267.399993896484375 269.20623779296875 270.037506103515625 271.28125 273.118743896484375 275.274993896484375 277.45001220703125 279.600006103515625 281.83123779296875 284.274993896484375 287.350006103515625 285.23126220703125 276.631256103515625 266.03125 255.59375 247.5625 243.9875030517578125 245.28125 250.662506103515625 260.51873779296875 270.818756103515625 280.806243896484375 290.51873779296875 299.76251220703125 307.35626220703125 312.368743896484375 316.17498779296875 318.42498779296875 319.524993896484375 319.943756103515625 322.381256103515625 321.462493896484375 322.818756103515625 327.21875 327.64373779296875 323.61248779296875 329.84375 338.024993896484375
273.15625 270.181243896484375 267.837493896484375 266.649993896484375 266.243743896484375 264.274993896484375 264.98748779296875 265.25 266.462493896484375 267.587493896484375 269.41876220703125 271.89373779296875 275.57501220703125 278.42498779296875 282.024993896484375 286.149993896484375 291.70623779296875 295.975006103515625 297.537506103515625 288.743743896484375 277.725006103515625 266.506256103515625 259.256256103515625 255.3000030517578125 254.8562469482421875 259.65625 266.65625 274.13751220703125 282.756256103515625 290.36248779296875 297.850006103515625 304.95623779296875 309.399993896484375 312.98748779296875 315.59375 315.29998779296875 315.537506103515625 317.9375 315.212493896484375 309.88751220703125 315.65625 324.90625 330.418731689453125 338.08123779296875 346.63751220703125
276.337493896484375 272.493743896484375 269.056243896484375 266.756256103515625 265.6875 263.01873779296875 263.01251220703125 262.03125 262.899993896484375 264.15625 266.256256103515625 269.5 273.42498779296875 278.587493896484375 284.131256103515625 290.04376220703125 294.193756103515625 298.28125 299.96875 295.29376220703125 284.76251220703125 275.61248779296875 267.58123779296875 263.318756103515625 264.125 266.67498779296875 271.125 277.962493896484375 283.693756103515625 290.45623779296875 297.04998779296875 302.98126220703125 306.037506103515625 309.287506103515625 311.85626220703125 311.57501220703125 312.95001220703125 314.037506103515625 308.756256103515625 306.51873779296875 315.45623779296875 328.73748779296875 338.59375 351.88751220703125 363.78125
276.58123779296875 273.04376220703125 268.993743896484375 265.96875 263.29998779296875 261.25 259.618743896484375 257.71875 257.587493896484375 259.60626220703125 264.32501220703125 267.66876220703125 273.09375 280.98126220703125 286.79376220703125 292.118743896484375 295.568756103515625 299.725006103515625 300.34375 297.34375 290.07501220703125 281.86248779296875 273.82501220703125 270.76873779296875 270.368743896484375 271.39373779296875 274.61248779296875 279.850006103515625 285.649993896484375 291.212493896484375 296.98748779296875 302.28125 305.54998779296875 308.350006103515625 309.693756103515625 311.306243896484375 312.73126220703125 312.75 309.149993896484375 313.85626220703125 322.743743896484375 335.29998779296875 348.0625 362.88751220703125 383.67498779296875
275.993743896484375 272.51251220703125 269.38751220703125 266 262.76251220703125 259.26251220703125 256.193756103515625 253.600006103515625 252.8625030517578125 254.5500030517578125 259.34375 265.86248779296875 272.931243896484375 279.98748779296875 285.681243896484375 292.09375 297.318756103515625 300.681243896484375 300.13751220703125 297.88751220703125 292.91876220703125 285.681243896484375 279.34375 275.16876220703125 274.07501220703125 273.556243896484375 276.743743896484375 280.6875 286.95623779296875 291.60626220703125 296.07501220703125 301.96875 305.54998779296875 307.662506103515625 310.13751220703125 311.70623779296875 312.48748779296875 312.100006103515625 313.78125 319.67498779296875 326.881256103515625 338.98126220703125 354.556243896484375 370.756256103515625 394.006256103515625
275.568756103515625 272.84375 269.818756103515625 265.73126220703125 260.618743896484375 256.89373779296875 252.4187469482421875 249.631256103515625 247.225006103515625 247.7375030517578125 253.662506103515625 262.837493896484375 272.5 280.59375 287.73748779296875 292.975006103515625 298.256256103515625 301.037506103515625 300.63751220703125 298.5625 294.84375 288.04376220703125 281.875 277.287506103515625 276.01251220703125 275.493743896484375 277.462493896484375 281.73748779296875 286.274993896484375 291.39373779296875 296.881256103515625 302.5625 305.48126220703125 307.90625 309.431243896484375 310.01873779296875 310.774993896484375 314.41876220703125 318.08123779296875 323.16876220703125 329.899993896484375 339.76873779296875 354.01251220703125 369.83123779296875 388.881256103515625
276.5625 273.056243896484375 269.181243896484375 264.675018310546875 259.48748779296875 254.725006103515625 250.350006103515625 245.40625 241.087493896484375 241.149993896484375 247.1437530517578125 258.17498779296875 271.17498779296875 281.943756103515625 288.84375 294.61248779296875 298.70623779296875 300.83123779296875 301.399993896484375 300.381256103515625 296.118743896484375 289.13751220703125 282.368743896484375 278.67498779296875 276.98748779296875 276.08123779296875 277.912506103515625 282.243743896484375 286.787506103515625 291.931243896484375 298.368743896484375 304 305.73126220703125 308.61248779296875 309.91876220703125 310.04998779296875 312.98126220703125 316.462493896484375 318.568756103515625 323.92498779296875 330.899993896484375 339.1875 349.537506103515625 363.85626220703125 377.36248779296875
276.60626220703125 273.26873779296875 269.29998779296875 264.212493896484375 259.36248779296875 254.850006103515625 249.506256103515625 243.837493896484375 237.34375 233.3249969482421875 241.868743896484375 258.96875 273.40625 283.40625 290.82501220703125 295.48126220703125 298.48748779296875 300.08123779296875 301.08123779296875 298.556243896484375 294.625 287.931243896484375 281.63751220703125 277.15625 275.23126220703125 274.78125 276.91876220703125 282.09375 286.5625 292.73126220703125 299.26251220703125 305.0625 307.85626220703125 310.66876220703125 311.35626220703125 312.54998779296875 315.45001220703125 318.86248779296875 320.868743896484375 323.29376220703125 327.881256103515625 334.568756103515625 343.493743896484375 354.92498779296875 365.63751220703125
277.20001220703125 274.28125 269.67498779296875 264.837493896484375 260.82501220703125 256.82501220703125 251.818756103515625 245.556243896484375 240.274993896484375 234.3562469482421875 249.8312530517578125 268.01873779296875 278.899993896484375 287.42498779296875 292.57501220703125 296.556243896484375 297.631256103515625 298.26251220703125 297.84375 294.32501220703125 288.931243896484375 282.98126220703125 278.568756103515625 274.243743896484375 272.712493896484375 273.087493896484375 275.45001220703125 281.41876220703125 286.85626220703125 293.368743896484375 299.506256103515625 305.443756103515625 308.54998779296875 311.787506103515625 312.0625 314.625 317.25 318.625 321.274993896484375 323.89373779296875 325.20001220703125 331.131256103515625 336.65625 342.100006103515625 350.568756103515625
276.600006103515625 274.375 270.89373779296875 266.98126220703125 263.61248779296875 259.54376220703125 256.64373779296875 252.9250030517578125 252.806243896484375 260.01873779296875 277.5 283.76873779296875 287.506256103515625 292.29998779296875 296.01251220703125 298.26251220703125 298.162506103515625 296.875 294.16876220703125 289.16876220703125 282.26251220703125 276.462493896484375 272.399993896484375 269.568756103515625 269.10626220703125 270.76251220703125 274.46875 280.243743896484375 286.51251220703125 293.443756103515625 300.86248779296875 306.1875 309.01251220703125 312.89373779296875 316.88751220703125 317.962493896484375 319.087493896484375 321.26873779296875 321.774993896484375 322.04998779296875 322.587493896484375 327.962493896484375 331.618743896484375 336.350006103515625 341.881256103515625
276.443756103515625 275.212493896484375 272.568756103515625 268.975006103515625 266.875 265.568756103515625 263.193756103515625 263.6875 266.743743896484375 273.66876220703125 283.63751220703125 290.96875 295.04998779296875 297.681243896484375 300.475006103515625 300.95001220703125 299.61248779296875 296.212493896484375 290.63751220703125 284.63751220703125 276.443756103515625 270.15625 264.96875 262.95623779296875 264.568756103515625 267.59375 271.78125 278.71875 285.51251220703125 292.350006103515625 298.931243896484375 307.23126220703125 313.306243896484375 316.95623779296875 320.96875 322.381256103515625 321.79998779296875 322.462493896484375 323.17498779296875 320.66876220703125 319.26873779296875 323.41876220703125 326.23126220703125 329.193756103515625 333.59375
