data/historical-monthly-weather-data/wc2.1_cruts4.09_10m_prec_1984-06.asc
ncols        51
nrows        45
xllcorner    -63.500000000000
yllcorner    -7.500000000000
cellsize     0.166666666667
NODATA_value -9999
[rows 19 to 37 of 45, columns 0 to 43 of 51]
150.9187469482421875 148.350006103515625 144.462493896484375 139.056243896484375 136.381256103515625 137.899993896484375 135.7687530517578125 131.9875030517578125 133.5437469482421875 133.1437530517578125 131.006256103515625 126.65625 120.34375 113.58750152587890625 107.69374847412109375 96.9562530517578125 90.2375030517578125 91.30625152587890625 86.31874847412109375 87.0437469482421875 81.59999847412109375 84.25 92.28749847412109375 96.16249847412109375 95.24375152587890625 94.8562469482421875 95.86875152587890625 102.8625030517578125 102.0500030517578125 100.625 102.46250152587890625 115.25 119.6062469482421875 120.9875030517578125 124.2062530517578125 134.03125 140.5187530517578125 138.5749969482421875 134.4562530517578125 127.99375152587890625 115.8874969482421875 102.4187469482421875 102.25624847412109375 102.25624847412109375
134.4875030517578125 139.03125 139.0812530517578125 134.774993896484375 127.96875 127.0437469482421875 128.087493896484375 126.84999847412109375 127.2624969482421875 125.96250152587890625 125.5812530517578125 121.40000152587890625 115.5 107.4812469482421875 100.00624847412109375 94.88124847412109375 87.86249542236328125 85.5437469482421875 87.75 86.46250152587890625 91.1875 94.80625152587890625 100.2937469482421875 106.8874969482421875 107.75624847412109375 104.2312469482421875 97.3000030517578125 98.40000152587890625 100.15000152587890625 103.81874847412109375 107.59999847412109375 115.83750152587890625 112.36875152587890625 112.46875 114.03125 122.7937469482421875 130.256256103515625 131.5124969482421875 124.875 117.96875 110.24375152587890625 100.3000030517578125 98.5437469482421875 99.4499969482421875
127.31874847412109375 124.93125152587890625 127.63124847412109375 127.4812469482421875 122.9875030517578125 120.47499847412109375 120.5187530517578125 119.31874847412109375 119.3937530517578125 120.9187469482421875 120.4499969482421875 115.0124969482421875 109.3874969482421875 105.5812530517578125 101.58750152587890625 93.61875152587890625 94.93125152587890625 91 93.53749847412109375 93.34375 93.00624847412109375 100.3312530517578125 106.11875152587890625 106.9375 105.48749542236328125 103.1875 104.125 101.18125152587890625 105.75 109.4562530517578125 109.19374847412109375 107.9562530517578125 106.9499969482421875 110.08750152587890625 109.6062469482421875 113.3874969482421875 118.8562469482421875 122.90000152587890625 119.80625152587890625 114.6687469482421875 107.3249969482421875 100.77500152587890625 98.91249847412109375 100.44374847412109375
120.875 125.52500152587890625 127.2624969482421875 125.97499847412109375 121.5625 117.69374847412109375 111.65625 109.53125 113.69374847412109375 114.7624969482421875 114.02500152587890625 112.7375030517578125 112.5812530517578125 110.83750152587890625 106.40625 100.8874969482421875 95.3874969482421875 92.90000152587890625 94.46875 97.06874847412109375 101.9375 103.9875030517578125 105.27500152587890625 107.0749969482421875 110.61875152587890625 108.47499847412109375 105.0437469482421875 104.34375 106.4187469482421875 104.43125152587890625 103.46875 104.5 102.05625152587890625 101.0437469482421875 104.71250152587890625 104.91249847412109375 106.8562469482421875 111.2624969482421875 112.9875030517578125 111.1437530517578125 105.0812530517578125 100.6687469482421875 98.34999847412109375 97.59999847412109375
111.9812469482421875 118.21875 123.7687530517578125 119.53125 113.88124847412109375 110.5124969482421875 110.36875152587890625 108.22499847412109375 107.3125 106.0625 110.0625 113.96875 112.4187469482421875 113.11875152587890625 106.2624969482421875 101.49375152587890625 97.6062469482421875 98.80625152587890625 99.72499847412109375 101.02500152587890625 104.90000152587890625 109.8249969482421875 110.06874847412109375 115.8562469482421875 114.90000152587890625 110.7937469482421875 111.5625 104.49375152587890625 101.9562530517578125 101.40625 99.8562469482421875 99.86875152587890625 98.9375 96.0749969482421875 98.1687469482421875 97.18125152587890625 100.5187530517578125 104.5812530517578125 104.8937530517578125 103.05625152587890625 99.6750030517578125 97.36875152587890625 96.02500152587890625 96.3000030517578125
102.3312530517578125 110.4562530517578125 114.2312469482421875 114.6750030517578125 110.8625030517578125 107.90000152587890625 106.4562530517578125 106.41249847412109375 105 107.1687469482421875 107.9375 109.2312469482421875 111.8312530517578125 108.9562530517578125 103.1374969482421875 99.43125152587890625 97.8562469482421875 97.5 100.1125030517578125 104.2687530517578125 108.08750152587890625 110.74375152587890625 116.6687469482421875 120.59375 115.8937530517578125 111.8937530517578125 108.43125152587890625 104.0500030517578125 100.09999847412109375 99.3000030517578125 94.50624847412109375 91.59375 90.4562530517578125 90.96250152587890625 91.52500152587890625 92.5437469482421875 94.65625 95.9375 98.3249969482421875 97.68125152587890625 95.39374542236328125 94.7687530517578125 95.06874847412109375 92.9375
96.96875 106.99375152587890625 105.3249969482421875 105.8562469482421875 102.0437469482421875 100.9187469482421875 99.36875152587890625 100.125 96.8625030517578125 96.31874847412109375 100.9187469482421875 102.9250030517578125 105.56874847412109375 104.9375 102.15625 97.00624847412109375 96.03749847412109375 98.7312469482421875 102.0500030517578125 103.3562469482421875 108.09375 112.31874847412109375 117.16249847412109375 119.28125 117.9250030517578125 112.0749969482421875 108.0437469482421875 103.4875030517578125 96.94374847412109375 94.3312530517578125 89.34999847412109375 85.9375 84.74375152587890625 84.375 84.58750152587890625 87.7937469482421875 90 89.7062530517578125 90.03125 92 90.38124847412109375 85.28749847412109375 85.24375152587890625 86.65625
87.91249847412109375 91 93.75624847412109375 94.0749969482421875 91.78749847412109375 92.0124969482421875 91.66249847412109375 88.72499847412109375 88.125 92.84375 97.90000152587890625 100.05625152587890625 101.02500152587890625 102.3125 101.2312469482421875 99.55625152587890625 97.0500030517578125 96.4562530517578125 100.59999847412109375 102.2062530517578125 104.8125 109.56874847412109375 115.6437530517578125 122 116.15625 110.7937469482421875 106.86875152587890625 100.56874847412109375 94.25 90.2375030517578125 86.9499969482421875 81.1125030517578125 79.0749969482421875 79.03749847412109375 79.6437530517578125 81.49375152587890625 85 84.91249847412109375 83.9499969482421875 86.7375030517578125 87.2624969482421875 84.15000152587890625 81.21250152587890625 80.9499969482421875
79.74375152587890625 78.9499969482421875 81.15625 80.50624847412109375 79.75624847412109375 81.96875 83.1062469482421875 82.00624847412109375 83.3625030517578125 88.28749847412109375 91.71250152587890625 95.0124969482421875 96.1999969482421875 97.09999847412109375 96.2062530517578125 95.0749969482421875 93.46875 95.3249969482421875 95.8562469482421875 99.4562530517578125 103.40625 105.71250152587890625 113.09999847412109375 115.2624969482421875 112.1875 106.59375 102.59999847412109375 96.4812469482421875 93.00624847412109375 90.18125152587890625 85.47499847412109375 81.0187530517578125 77.63124847412109375 74.375 76.58124542236328125 77.9875030517578125 81.1750030517578125 80.68125152587890625 81.3874969482421875 83.09999847412109375 83.9250030517578125 83.6062469482421875 77.1999969482421875 78.2375030517578125
70.3312530517578125 71.0500030517578125 69.8249969482421875 68.99375152587890625 70.21875 70.16249847412109375 72.56874847412109375 75.2937469482421875 78.96875 82.1125030517578125 86.19374847412109375 89.1750030517578125 92.2687530517578125 94.21250152587890625 93.65625 93.08750152587890625 93.13124847412109375 93.2062530517578125 95.71875 99.0187530517578125 100.33750152587890625 101.9562530517578125 105.43125152587890625 106.6875 105.0187530517578125 100 98.7375030517578125 95.80625152587890625 91.40625 86.27500152587890625 80.9499969482421875 77.8125 74.08750152587890625 73.2312469482421875 72.80625152587890625 73.75624847412109375 77.7937469482421875 75.90625 76.9562530517578125 77.5437469482421875 77.09999847412109375 75.44374847412109375 73.50624847412109375 76.6062469482421875
63.268749237060546875 62.4375 62.03125 61.125 61.768749237060546875 64.0124969482421875 66.2624969482421875 70.94374847412109375 73.9812469482421875 78.01250457763671875 82.05625152587890625 86.11875152587890625 89.8562469482421875 92.58750152587890625 91.40625 89.94374847412109375 89.44374847412109375 91.74375152587890625 90.65000152587890625 90.36875152587890625 94.2624969482421875 96.3312530517578125 99.24375152587890625 100.4375 97.61249542236328125 96.94374847412109375 94.65000152587890625 91.1062469482421875 87.58750152587890625 82.1125030517578125 77.5749969482421875 74 72.1062469482421875 71.58750152587890625 72.2937469482421875 71.55625152587890625 76.27500152587890625 74.5500030517578125 71.8125 75.28749847412109375 74.29375457763671875 72.375 72.65625 71.625
57.875 56.28125 55.487499237060546875 55.549999237060546875 56.41249847412109375 58.55625152587890625 62.03125 65.8562469482421875 68.9875030517578125 73.8249969482421875 78.46875 81.5500030517578125 86.78125 86.0812530517578125 86.5 88.59999847412109375 89.2062530517578125 88.4250030517578125 87.71875 88.25624847412109375 89.8000030517578125 89.94374847412109375 92.4250030517578125 94.16249847412109375 92.71250152587890625 92.56874847412109375 89.81874847412109375 87.2062530517578125 83.46250152587890625 78.8874969482421875 77.03749847412109375 73.80625152587890625 70.97499847412109375 68.84375 69.0812530517578125 68.75 71.97499847412109375 72.05625152587890625 69.71875 67.59999847412109375 68.5187530517578125 67.0812530517578125 66.9499969482421875 66.9499969482421875
52.637500762939453125 51.21250152587890625 50.106250762939453125 51.05625152587890625 53.33750152587890625 55.53749847412109375 58.325000762939453125 61.543750762939453125 65.36875152587890625 68.8312530517578125 71.8312530517578125 75.7937469482421875 78.4375 81.8562469482421875 84.1687469482421875 85.3625030517578125 83.7062530517578125 82.8562469482421875 82.8249969482421875 83.59375 84.4875030517578125 85.53749847412109375 85.40625 86.26250457763671875 87.3312530517578125 86.48125457763671875 85.2624969482421875 83.16249847412109375 79.65625 78.96875 75.7062530517578125 72.13750457763671875 70.0625 67.5749969482421875 66.91249847412109375 65.71250152587890625 66.9187469482421875 65.38124847412109375 65.1999969482421875 64.2937469482421875 65.4250030517578125 64.5812530517578125 63.575000762939453125 63.31874847412109375
49.21250152587890625 48.143749237060546875 48.206249237060546875 49.168750762939453125 49.793750762939453125 52.03125 54.768749237060546875 58.118747711181640625 60.96250152587890625 64.5 69.9375 73.05625152587890625 76.46875 81.58750152587890625 84.1875 82.81874847412109375 80.9250030517578125 81.8000030517578125 81.49375152587890625 81.43125152587890625 80.1062469482421875 79.74375152587890625 80.6437530517578125 81.63124847412109375 81.6437530517578125 81.53125 80.16249847412109375 78.125 76.4562530517578125 75.96250152587890625 73.9562530517578125 69.53125 68 67.4375 65.7687530517578125 64.3249969482421875 63.21875 61.649997711181640625 61.41249847412109375 63.09375 63.93125152587890625 62.6875 60.46875 59.44374847412109375
46.03749847412109375 45.887500762939453125 47.125 47.56874847412109375 47.72499847412109375 49.34999847412109375 52.31874847412109375 54.21250152587890625 56.737499237060546875 59.799999237060546875 65.3000030517578125 70.74375152587890625 74.8312530517578125 77.99375152587890625 79.40000152587890625 80.74375152587890625 81.21250152587890625 79.96875 77.58750152587890625 77.28125 76.8312530517578125 75.71875 77.21250152587890625 76.375 77.125 75.75624847412109375 76.11875152587890625 74.74375152587890625 74.74375152587890625 73.7375030517578125 72.7687530517578125 70.5 66.2687530517578125 64.5 64.09375 62.731250762939453125 61.043750762939453125 59.22499847412109375 59.231250762939453125 59.768749237060546875 59.043750762939453125 59.293750762939453125 58.262500762939453125 54.356250762939453125
44.174999237060546875 43.3125 45.05625152587890625 46.47499847412109375 46.606250762939453125 46.731250762939453125 48.012500762939453125 50.375 53.137500762939453125 56.168750762939453125 63.237499237060546875 69.46875 74.34999847412109375 80.5749969482421875 82.1125030517578125 81.4250030517578125 79.8625030517578125 76.3312530517578125 73.72499847412109375 70.5124969482421875 72.3125 70.2375030517578125 70.1062469482421875 69.73125457763671875 72.46250152587890625 72.41249847412109375 72.11875152587890625 70.3249969482421875 69.96875 69.0124969482421875 68.9875030517578125 68.16249847412109375 63.75624847412109375 61.793750762939453125 60.09999847412109375 59.58750152587890625 56.90625 57.887500762939453125 56.206249237060546875 56.55625152587890625 55.875 54.52500152587890625 54.112499237060546875 51.856250762939453125
43.63124847412109375 42.674999237060546875 43.65000152587890625 44.96250152587890625 45.59375 46.075000762939453125 47.106250762939453125 48.21250152587890625 50.03749847412109375 52.625 57.5 66.7937469482421875 74.0812530517578125 79.2375030517578125 81.19374847412109375 80.9875030517578125 78.6999969482421875 73.3249969482421875 69.75 65.75624847412109375 65.30625152587890625 66.3125 65.3312530517578125 64.9499969482421875 67.1062469482421875 67.0124969482421875 66.7312469482421875 65.5124969482421875 66.28125 65.18125152587890625 64.05625152587890625 63.66249847412109375 61.09999847412109375 58.49375152587890625 55.78125 55.47499847412109375 55.78125 54.206249237060546875 53.61875152587890625 54.31874847412109375 53.68125152587890625 51.75 50.893749237060546875 50.418750762939453125
41.94374847412109375 42.581249237060546875 42.393749237060546875 43.731250762939453125 45 45.46250152587890625 46.112499237060546875 47.69374847412109375 48.987499237060546875 48.8125 55.46250152587890625 66.86875152587890625 74.86875152587890625 78.1062469482421875 80 79.6125030517578125 77.91249847412109375 73.2687530517578125 68.90000152587890625 62.78749847412109375 60.97499847412109375 62.387500762939453125 61.1875 61.331249237060546875 61.34375 61.47499847412109375 62.956249237060546875 61.981250762939453125 61.143749237060546875 59.331249237060546875 60.24375152587890625 58.75624847412109375 57.38124847412109375 55.825000762939453125 53.299999237060546875 52.86875152587890625 53.206249237060546875 53.30625152587890625 51.61875152587890625 50.63124847412109375 49.84999847412109375 49.581249237060546875 47.456249237060546875 50.174999237060546875
40.09375 40.90000152587890625 41.6875 43.44374847412109375 44.231250762939453125 45.08750152587890625 46.393749237060546875 47.78125 49.737499237060546875 49.206249237060546875 59.49375152587890625 70.2312469482421875 75.2624969482421875 78.9375 78.4250030517578125 77.6750030517578125 75.58750152587890625 71.8000030517578125 68.15000152587890625 63.137500762939453125 59.91249847412109375 59.16249847412109375 57.00624847412109375 57.256252288818359375 56.71875 58 59.262500762939453125 58.25 57.331249237060546875 55.06874847412109375 54.53749847412109375 55.450000762939453125 54.731250762939453125 52.393749237060546875 50.399997711181640625 50.38124847412109375 50.299999237060546875 49.65000152587890625 51.012500762939453125 49.09375 47.606250762939453125 47.862499237060546875 45.25624847412109375 44.74375152587890625
