data/historical-monthly-weather-data/wc2.1_cruts4.09_10m_prec_2021-06.asc
ncols        45
nrows        45
xllcorner    -63.500000000000
yllcorner    -7.500000000000
cellsize     0.166666666667
NODATA_value -9999
[rows 0 to 19 of 45, columns 0 to 43 of 45]
442.79376220703125 445.149993896484375 440.07501220703125 447.975006103515625 449.03125 450.86248779296875 443.506256103515625 433.67498779296875 417.39373779296875 415.63751220703125 417.225006103515625 412.131256103515625 407.4375 397.70001220703125 384.71875 373.79998779296875 359.756256103515625 344.962493896484375 329.92498779296875 319.743743896484375 318.568756103515625 308.225006103515625 300.068756103515625 289.8125 282.1875 276.243743896484375 274.943756103515625 276.087493896484375 269.506256103515625 262.493743896484375 250 244.475006103515625 241.03125 232.600006103515625 224.631256103515625 215.287506103515625 205.0749969482421875 196.40625 182.368743896484375 170.568756103515625 161.4499969482421875 155.3874969482421875 143.600006103515625 133.96875
437.993743896484375 441.20623779296875 447.54998779296875 454.212493896484375 464.149993896484375 467.10626220703125 460.51873779296875 450.912506103515625 446.11248779296875 444.34375 441.943756103515625 433.54998779296875 417.431243896484375 404.39373779296875 387.850006103515625 373.568756103515625 355.868743896484375 336.26873779296875 319.399993896484375 309.806243896484375 306.975006103515625 298.493743896484375 293.681243896484375 287.368743896484375 280.568756103515625 274.131256103515625 273.23748779296875 271.1875 265.318756103515625 253.631256103515625 245.475006103515625 244.25 236.6999969482421875 228.443756103515625 220.375 205.6875 194.625 182.912506103515625 168.40625 156.2312469482421875 147.993743896484375 134.71875 126.56874847412109375 116.5
420.493743896484375 435.33123779296875 442.86248779296875 444.243743896484375 457.07501220703125 467.45001220703125 468.475006103515625 474.28125 472.59375 471.043731689453125 464.375 448.381256103515625 433.287506103515625 409.431243896484375 388.337493896484375 370.51251220703125 348.98748779296875 331.037506103515625 316.131256103515625 305.375 304.63751220703125 304.3125 299.76873779296875 299.14373779296875 288.662506103515625 280.618743896484375 283.725006103515625 278.037506103515625 267.08123779296875 260.86248779296875 248.912506103515625 241.8312530517578125 231.34375 222.59375 209.875 190.4562530517578125 180.7624969482421875 171.149993896484375 156.8312530517578125 144.6374969482421875 136.7312469482421875 125.46250152587890625 115.625 105.125
400.068756103515625 406.6875 423.600006103515625 434.91876220703125 443.8125 456.92498779296875 470.17498779296875 482.6875 490.568756103515625 494.04998779296875 482.67498779296875 460.07501220703125 436.61248779296875 410.037506103515625 388.01251220703125 367.45623779296875 340.5625 325.8125 312.743743896484375 312.64373779296875 310.76251220703125 304.524993896484375 303.649993896484375 306.09375 295.45001220703125 287.899993896484375 286.412506103515625 276.79998779296875 269.868743896484375 263.131256103515625 252.412506103515625 240.193756103515625 227.1999969482421875 210.8625030517578125 196.5187530517578125 186.53125 176.3312530517578125 163.375 147.9562530517578125 135.037506103515625 125.1125030517578125 117 107.15625 96.55625152587890625
410.63751220703125 411.774993896484375 404 419.806243896484375 441.3125 450.23126220703125 467.149993896484375 491.625 511.25 518.36248779296875 505.5625 465.83123779296875 439.95623779296875 414.100006103515625 385.212493896484375 361.625 337.631256103515625 317.10626220703125 305.149993896484375 303.875 302.96875 303.287506103515625 305.15625 306.287506103515625 296.493743896484375 291.04376220703125 285.037506103515625 282.40625 275.20623779296875 261.756256103515625 253.693756103515625 243.306243896484375 225.7062530517578125 209.21875 196.21875 180.6750030517578125 169.1437530517578125 158.1125030517578125 141.09375 125.86875152587890625 115.66249847412109375 107.53749847412109375 99.03125 90.78749847412109375
398.53125 406.587493896484375 402.25 390.83123779296875 418.149993896484375 446.20001220703125 458.568756103515625 478.01873779296875 504.92498779296875 516.125 494.20623779296875 456.806243896484375 432.087493896484375 406.90625 375.506256103515625 352.649993896484375 328.13751220703125 310.89373779296875 305.712493896484375 303.20623779296875 306.8125 306.26873779296875 306.431243896484375 300.45001220703125 297.131256103515625 293.41876220703125 284.356231689453125 281.51251220703125 275.15625 261.45001220703125 255.337493896484375 244.4250030517578125 229.2375030517578125 209.537506103515625 190.28125 181.524993896484375 167.1437530517578125 150.5749969482421875 137.6875 127.21875 114.27500152587890625 107.27500152587890625 97.8000030517578125 89.6062469482421875
395.84375 398.743743896484375 397.193756103515625 394.618743896484375 395.193756103515625 405 417.787506103515625 447.41876220703125 458.5625 468.76873779296875 460.26251220703125 432.51251220703125 415.8125 397.03125 369.431243896484375 346.1875 327.03125 313.04998779296875 302.725006103515625 303.54998779296875 299.34375 300.21875 298.649993896484375 297.89373779296875 301.375 297.725006103515625 287.48126220703125 280.73126220703125 273.875 269.53125 255.3000030517578125 239.462493896484375 221.53125 206.28125 192.5812530517578125 178.649993896484375 160.9875030517578125 147.931243896484375 134.6437530517578125 125.3000030517578125 112.625 104.8874969482421875 97.4562530517578125 89.8312530517578125
388.368743896484375 383.162506103515625 383.712493896484375 392.899993896484375 395.40625 410.375 402.88751220703125 397.149993896484375 391.243743896484375 407.868743896484375 415.95623779296875 405.443756103515625 395.90625 379.962493896484375 363.79998779296875 343.493743896484375 320.912506103515625 310.91876220703125 301.993743896484375 294.475006103515625 306.46875 302.662506103515625 298.875 297.149993896484375 300.5625 293.6875 285.5625 278.78125 272.20623779296875 260.70001220703125 256.65625 239.2687530517578125 221.7687530517578125 203.4812469482421875 183.5 169.375 156.149993896484375 143.774993896484375 128.318756103515625 116.19374847412109375 106.3312530517578125 101.4812469482421875 92.43125152587890625 84.05625152587890625
376.89373779296875 375.73126220703125 372.17498779296875 377 383.40625 387.70623779296875 395.20623779296875 397.350006103515625 376.76251220703125 365.84375 368.45623779296875 367.256256103515625 371.3125 361.149993896484375 351.274993896484375 334.037506103515625 327.100006103515625 322.3125 317.07501220703125 304.681243896484375 296.01873779296875 305.493743896484375 294.29998779296875 301.556243896484375 297.524993896484375 292.57501220703125 284.70001220703125 281.274993896484375 280.89373779296875 266.8125 262.04998779296875 233.6374969482421875 207.412506103515625 187.993743896484375 174.46875 167.412506103515625 157.443756103515625 147.375 132.1374969482421875 117.41249847412109375 105.1687469482421875 96.33750152587890625 91.83750152587890625 83.74375152587890625
366.243743896484375 366.5625 364.73126220703125 369.037506103515625 373.92498779296875 375.962493896484375 380.58123779296875 376.20001220703125 370.556243896484375 362.64373779296875 353.375 335.462493896484375 343.431243896484375 341.38751220703125 339.45001220703125 333.76251220703125 326.006256103515625 332.568756103515625 329.256256103515625 323.787506103515625 308.90625 302.85626220703125 288.66876220703125 290.962493896484375 285.08123779296875 286.78125 281.100006103515625 275.23126220703125 269.48748779296875 262.39373779296875 252.774993896484375 229.600006103515625 209.212493896484375 190.649993896484375 172.1374969482421875 163 155.875 148.287506103515625 135.618743896484375 125.49375152587890625 114.9875030517578125 105.2624969482421875 93.00624847412109375 81.4187469482421875
360.350006103515625 357.70623779296875 355.70623779296875 357.34375 358.3125 364.79376220703125 360.48126220703125 356.59375 355.73748779296875 352.23748779296875 347.70623779296875 332.38751220703125 321.618743896484375 322.51251220703125 323.568756103515625 325.09375 323.63751220703125 323.45623779296875 328.350006103515625 334.88751220703125 338.662506103515625 322.881256103515625 295.98748779296875 269.3125 275.337493896484375 291.76251220703125 289.068756103515625 277.66876220703125 265.725006103515625 254.5749969482421875 243.1374969482421875 224.381256103515625 207.1374969482421875 189.931243896484375 173.2062530517578125 160.806243896484375 154.0625 145.09375 138.9250030517578125 127.84999847412109375 116.9562530517578125 105.44374847412109375 95.625 81.21875
346.106231689453125 345.462493896484375 348.837493896484375 345.5 347.64373779296875 347.318756103515625 351.837493896484375 350.899993896484375 347.881256103515625 334.693756103515625 334.95001220703125 327.225006103515625 306.33123779296875 308.65625 319.5625 320.04376220703125 319.09375 322.20623779296875 331.006256103515625 350.524993896484375 356.86248779296875 344.79998779296875 314.59375 278.462493896484375 273.04376220703125 275.38751220703125 268.206268310546875 263.76251220703125 259.59375 245.46875 224.743743896484375 213.1437530517578125 199.037506103515625 180.100006103515625 168.2624969482421875 162.162506103515625 157.943756103515625 150.4875030517578125 137.4187469482421875 130.600006103515625 120.7375030517578125 108.36875152587890625 91.7062530517578125 73.3874969482421875
338.631256103515625 336.043731689453125 336.5 333.59375 337.412506103515625 333.556243896484375 334.743743896484375 334.506256103515625 326.63751220703125 319.475006103515625 317.056243896484375 316.350006103515625 309.675018310546875 293.08123779296875 297.087493896484375 304.48748779296875 307.1875 315.20623779296875 313.912506103515625 330.306243896484375 343.57501220703125 334.42498779296875 313.95001220703125 285.125 261.662506103515625 258.82501220703125 258.475006103515625 256.39373779296875 254.681243896484375 244.90625 222.368743896484375 202.943756103515625 193.931243896484375 173.9875030517578125 162.3125 159.2062530517578125 159.8000030517578125 155.625 151.84375 140.225006103515625 124.05625152587890625 109.8249969482421875 88.5124969482421875 72.5500030517578125
327.662506103515625 325.931243896484375 324.16876220703125 322.537506103515625 320.32501220703125 319.181243896484375 316.475006103515625 318.5625 314.5625 304.90625 300.868743896484375 296.29998779296875 296.10626220703125 289.493743896484375 274.54998779296875 287.15625 288.412506103515625 291.76873779296875 295.350006103515625 307.95001220703125 317.89373779296875 311.649993896484375 297.649993896484375 283.15625 268.36248779296875 256.46875 247.975006103515625 241.6125030517578125 238.4562530517578125 227.8125 215.756256103515625 200.037506103515625 187.0749969482421875 174.8625030517578125 159.4562530517578125 163.381256103515625 168.8562469482421875 169.7687530517578125 166.125 150.756256103515625 122.75624847412109375 103.6437530517578125 92.4812469482421875 86.4187469482421875
307.9375 307.381256103515625 309.443756103515625 310.15625 307.3125 305.337493896484375 304.875 303.100006103515625 299.087493896484375 293.368743896484375 287.60626220703125 285.51251220703125 284.51251220703125 275.79998779296875 257.23126220703125 265.29376220703125 268.875 277.931243896484375 275.28125 283.712493896484375 295.79998779296875 293.693756103515625 290.04998779296875 282.79998779296875 279.181243896484375 269.587493896484375 260.625 250.962493896484375 248.25 228.649993896484375 207.6687469482421875 196.71875 192.274993896484375 173.3625030517578125 153.6062469482421875 150.4875030517578125 165.943756103515625 179.0437469482421875 172.100006103515625 152.1374969482421875 132.15625 117.9562530517578125 109.6374969482421875 95.3000030517578125
292.556243896484375 289.48748779296875 291.8125 289.73126220703125 292.912506103515625 292.318756103515625 289.5 285.443756103515625 286.95623779296875 288.600006103515625 283.693756103515625 280.54376220703125 279.71875 272.193756103515625 257.087493896484375 236.462493896484375 245.5562591552734375 259.66876220703125 258 264.83123779296875 273.95001220703125 277.34375 282.068756103515625 284.53125 282.42498779296875 274.3125 260.931243896484375 253.818756103515625 246.3625030517578125 237.0875091552734375 219.725006103515625 200.9187469482421875 180.0124969482421875 159.9250030517578125 143 159.537506103515625 163.5812530517578125 170.8125 170.5437469482421875 161.8625030517578125 149.1999969482421875 135.0500030517578125 117.77500152587890625 99.05625152587890625
274.8125 274.625 273.506256103515625 276.712493896484375 279.20001220703125 279.931243896484375 276.975006103515625 275.20623779296875 271.774993896484375 272 274.368743896484375 274.6875 269.73126220703125 263.21875 258.1875 240.1374969482421875 218.131256103515625 229.0437469482421875 238.4812469482421875 243.0124969482421875 248.6999969482421875 259.462493896484375 266.86248779296875 279.91876220703125 278.65625 262.54998779296875 250.4187469482421875 242.5625 243.931243896484375 237.306243896484375 226.5187530517578125 213.131256103515625 192.03125 178.125 176.506256103515625 177.9812469482421875 185.0625 188.443756103515625 186.3249969482421875 166.6999969482421875 153.375 135.0875091552734375 114.36875152587890625 99.49375152587890625
253.131256103515625 254.65625 258.681243896484375 261.993743896484375 265.412506103515625 269.662506103515625 266.01873779296875 263.78125 262.306243896484375 259.45623779296875 259.42498779296875 264.29376220703125 257.931243896484375 253.4499969482421875 252.256256103515625 240.681243896484375 219.881256103515625 200.5124969482421875 223.037506103515625 220.243743896484375 225.662506103515625 236.287506103515625 252.8125 263.149993896484375 268.162506103515625 253.0187530517578125 236.962493896484375 239.631256103515625 239.431243896484375 228.412506103515625 208.537506103515625 190.8874969482421875 204.625 197.943756103515625 189.9562530517578125 211.431243896484375 214.149993896484375 199.4375 187.8249969482421875 170.4375 143.4499969482421875 123.21250152587890625 105.63124847412109375 93.80625152587890625
233.556243896484375 238.5437469482421875 242.725006103515625 247.493743896484375 252.4562530517578125 253.15625 251.912506103515625 249.912506103515625 252.881256103515625 255.21875 254.600006103515625 246.9499969482421875 242.993743896484375 242.056243896484375 236.5749969482421875 229.21875 223.975006103515625 200.3625030517578125 191.9499969482421875 193.4812469482421875 207.225006103515625 225.6999969482421875 219.2062530517578125 236.125 241.5 247.256256103515625 241.1875 231.3312530517578125 235.975006103515625 224.9937591552734375 209.4187469482421875 202.5625 205.256256103515625 197.0187530517578125 197.6374969482421875 210.84375 205.681243896484375 190.087493896484375 177.912506103515625 156.2687530517578125 132.368743896484375 110.375 97.78125 89.27500152587890625
218.3000030517578125 224.006256103515625 226.2375030517578125 225.693756103515625 229.03125 236.6875 237.662506103515625 235.9375 245.375 251.4187469482421875 253.993743896484375 252.118743896484375 245.9499969482421875 237.868743896484375 229.037506103515625 209.1062469482421875 197.1437530517578125 201.4187469482421875 192.118743896484375 195.5500030517578125 185.774993896484375 194.506256103515625 215.243743896484375 222.71875 218.399993896484375 215.006256103515625 212.2937469482421875 221.962493896484375 213.9187469482421875 201.4562530517578125 195.0749969482421875 208.306243896484375 205.3312530517578125 196.6999969482421875 190.943756103515625 195.7687530517578125 194.931243896484375 181.837493896484375 163.9375 143.9875030517578125 119.875 98.43125152587890625 91.2062530517578125 84.8562469482421875
