data/historical-monthly-weather-data/wc2.1_cruts4.09_10m_prec_1984-12.asc
ncols        51
nrows        45
xllcorner    -63.500000000000
yllcorner    -7.500000000000
cellsize     0.166666666667
NODATA_value -9999
[rows 0 to 19 of 45, columns 0 to 43 of 51]
179.2062530517578125 171.212493896484375 161.9250030517578125 155.100006103515625 147.1062469482421875 140.21875 132.84375 124.86875152587890625 118.43125152587890625 112.71250152587890625 109.0124969482421875 105.97499847412109375 103.83750152587890625 100.7624969482421875 99.0124969482421875 97.55625152587890625 96.53125 95.2375030517578125 95.03749847412109375 94.94374847412109375 95.6374969482421875 96.0749969482421875 96.6875 98.3874969482421875 100.1999969482421875 102.06874847412109375 105.94374847412109375 110.27500152587890625 114.53125 117.0749969482421875 118.71250152587890625 121.09375 122.90625 124.38124847412109375 125.5749969482421875 127.53125 128.1437530517578125 128.40625 127.06874847412109375 125.90000152587890625 124.28749847412109375 121.65625 118.90625 115.63124847412109375
183.0124969482421875 175.162506103515625 168.818756103515625 163.6437530517578125 157.9812469482421875 150.3312530517578125 141.8562469482421875 135.3874969482421875 129.9562530517578125 124.41249847412109375 119.7375030517578125 115.4499969482421875 112.44374847412109375 109.24375152587890625 106.8125 104.86875152587890625 103.4499969482421875 102.8249969482421875 102.74375152587890625 103.61875152587890625 104.11875152587890625 104.36875152587890625 105.3249969482421875 106.7312469482421875 108.22499847412109375 109.80625152587890625 113.2312469482421875 116.9187469482421875 120.5625 123.375 125.08750152587890625 127.5749969482421875 128.7375030517578125 130.4875030517578125 132.537506103515625 133.056243896484375 135.368743896484375 136.40625 134.712493896484375 133.3562469482421875 131.6125030517578125 128.7624969482421875 125.86875152587890625 121.4499969482421875
182.9499969482421875 176.5 171.3000030517578125 166.649993896484375 161.931243896484375 154.9562530517578125 148.6374969482421875 143.8125 139.2312469482421875 134.09375 128.837493896484375 124.375 121.25 117.8874969482421875 115.36875152587890625 112.78749847412109375 111.25624847412109375 110.34375 110.2624969482421875 110.59999847412109375 110.8937530517578125 111.3625030517578125 112.11875152587890625 112.9187469482421875 113.94374847412109375 115.83750152587890625 119.16249847412109375 122.49375152587890625 126.27500152587890625 127.97499847412109375 129.7375030517578125 132.0500030517578125 134.399993896484375 135.1750030517578125 136.7375030517578125 138.4562530517578125 139.774993896484375 140.5812530517578125 139.587493896484375 138.212493896484375 136.2312469482421875 133.056243896484375 129.2375030517578125 125.7687530517578125
180.662506103515625 176.3562469482421875 173.2249908447265625 168.149993896484375 164.506256103515625 159.193756103515625 154.756256103515625 151.3562469482421875 147.5625 143.743743896484375 138.7375030517578125 134.287506103515625 130.381256103515625 126.94374847412109375 123.96875 121.5625 119.6999969482421875 117.8000030517578125 117.41249847412109375 118.31874847412109375 118.53125 118.53749847412109375 118.09999847412109375 118.69374847412109375 119.0124969482421875 120.8312530517578125 124.1687469482421875 127.00624847412109375 130.8937530517578125 133.037506103515625 134.2937469482421875 135.5812530517578125 138.15625 139.9875030517578125 141.0687408447265625 142.40625 143.0124969482421875 143.9375 143.71875 142.1999969482421875 139.5812530517578125 136.21875 132.2687530517578125 128.975006103515625
186.2312469482421875 178.8562469482421875 172.7750091552734375 169.431243896484375 167.006256103515625 163.6999969482421875 160.28125 157.8874969482421875 156.0749969482421875 153.3312530517578125 148.068756103515625 143.0124969482421875 139.625 136.318756103515625 133.03125 130.3625030517578125 127.9812469482421875 125.78125 125.28749847412109375 126.3625030517578125 126.3249969482421875 125.08750152587890625 123.96875 124.03125 123.99375152587890625 125.5500030517578125 127.80625152587890625 130.625 134.3562469482421875 136.71875 138.181243896484375 138.931243896484375 140.875 142.71875 143.868743896484375 145.5 146.8937530517578125 147.475006103515625 147.3000030517578125 145.6125030517578125 142.8312530517578125 139.15625 135.443756103515625 131.15625
190.7624969482421875 184.40625 177.0812530517578125 170.649993896484375 169.0500030517578125 167.6687469482421875 165.287506103515625 162.6374969482421875 160.568756103515625 158.056243896484375 153.181243896484375 148.9812469482421875 146.556243896484375 143.681243896484375 141.5187530517578125 139.1875 137.2624969482421875 134.2375030517578125 134.3625030517578125 134.306243896484375 132.600006103515625 131.149993896484375 129.1374969482421875 128.649993896484375 128.2375030517578125 128.65625 131.6999969482421875 134.462493896484375 137.443756103515625 139.600006103515625 141.3625030517578125 142.90625 143.149993896484375 143.6875 146.1374969482421875 147.9375 149.068756103515625 151.0124969482421875 151.2624969482421875 148.743743896484375 144.1750030517578125 140.4375 135.693756103515625 131.931243896484375
197.1875 191.0749969482421875 184.006256103515625 176.868743896484375 172.774993896484375 170.1312408447265625 168.0187530517578125 165.037506103515625 161.881256103515625 158.0437469482421875 155.8625030517578125 153.524993896484375 152.899993896484375 150.9250030517578125 149.399993896484375 148.09375 147.5500030517578125 146.7687530517578125 146.4875030517578125 144.2062530517578125 140.2624969482421875 137.524993896484375 134.1750030517578125 132.5749969482421875 132.15625 131.693756103515625 134.037506103515625 137.78125 140.6750030517578125 142.306243896484375 143.9250030517578125 145.274993896484375 145.90625 145.7937469482421875 146.725006103515625 148.162506103515625 150.0500030517578125 152.0187530517578125 154.1687469482421875 150.78125 145.0437469482421875 140.21875 135.912506103515625 131.587493896484375
203.756256103515625 197.5187530517578125 190.912506103515625 185.5625 181.5500030517578125 176.9499969482421875 171.6125030517578125 165.3249969482421875 159.9375 157.681243896484375 158.2312469482421875 158.875 158.9375 159.006256103515625 157.8625030517578125 157.4250030517578125 157.318756103515625 157.931243896484375 157.6437530517578125 152.25 146.537506103515625 141.7375030517578125 137.3874969482421875 134.8562469482421875 134.4875030517578125 134.2312469482421875 136.0749969482421875 139.337493896484375 143.3625030517578125 145.375 145.8000030517578125 146.868743896484375 147.40625 146.756256103515625 147.681243896484375 147.681243896484375 149.193756103515625 150.3937530517578125 150.9875030517578125 148.3312530517578125 143.8937530517578125 139.118743896484375 134.868743896484375 130.368743896484375
211.693756103515625 205.84375 199.96875 194.9562530517578125 190.2687530517578125 185.850006103515625 180.03125 172.431243896484375 164.28125 160.4875030517578125 162.7312469482421875 164.899993896484375 166.03125 166.0625 165.024993896484375 164.318756103515625 163.943756103515625 164.0749969482421875 162.9875030517578125 156.46875 148.6687469482421875 143.2312469482421875 138.806243896484375 137.537506103515625 136.524993896484375 135.818756103515625 137.587493896484375 141 144.34375 145.65625 147.0749969482421875 147.1875 146.962493896484375 146.6875 146.5625 146.600006103515625 146.6750030517578125 146.475006103515625 146.1374969482421875 144.475006103515625 140.375 136.3625030517578125 133.181243896484375 129.59375
218.3000030517578125 213.368743896484375 208.3000030517578125 204.2624969482421875 199.65625 195.181243896484375 189.6125030517578125 182.78125 176.9375 173.15625 172.774993896484375 172.7062530517578125 174.243743896484375 173.162506103515625 172.0625 170.506256103515625 168.818756103515625 166.350006103515625 162.9187469482421875 156.975006103515625 149.587493896484375 143.787506103515625 139.4499969482421875 138.7062530517578125 137.375 136.443756103515625 138.306243896484375 141.381256103515625 144.899993896484375 146 146.3312530517578125 146.2687530517578125 145.5 144.34375 144.181243896484375 144.8562469482421875 144.1687469482421875 143.274993896484375 141.818756103515625 140.068756103515625 137.2375030517578125 134.4875030517578125 131.0500030517578125 127.9875030517578125
226.2062530517578125 221.524993896484375 216.256256103515625 211.618743896484375 208.3312530517578125 205.21875 200.3874969482421875 193.475006103515625 188.0187530517578125 184.787506103515625 183.475006103515625 183.0812530517578125 182.7312469482421875 181.399993896484375 178.662506103515625 176.0187530517578125 172.5500030517578125 168.1125030517578125 162.556243896484375 156.1125030517578125 150.024993896484375 144.2687530517578125 140.024993896484375 137.78125 138.4250030517578125 137.6999969482421875 138.931243896484375 140.806243896484375 142.875 143.818756103515625 144.0749969482421875 144.40625 143.4499969482421875 142.149993896484375 141.412506103515625 141.243743896484375 140.537506103515625 139.5124969482421875 138.962493896484375 137.125 134.6750030517578125 132.149993896484375 129.8000030517578125 127.5749969482421875
232.8249969482421875 227.9375 223.1062469482421875 219.537506103515625 216.3562469482421875 213.6437530517578125 210.0187530517578125 203.850006103515625 198.662506103515625 196.162506103515625 194.8874969482421875 194.3625030517578125 191.712493896484375 188.9562530517578125 185.46875 180.9187469482421875 176.21875 169.6437530517578125 163.0374908447265625 156.506256103515625 149.5437469482421875 144.1750030517578125 140.9187469482421875 139.4875030517578125 139.78125 139.1062469482421875 139.3562469482421875 140.0500030517578125 140.9187469482421875 141.475006103515625 141.4875030517578125 141.7624969482421875 140.693756103515625 139.65625 139.024993896484375 138.9250030517578125 138.131256103515625 137.318756103515625 136.53125 135.037506103515625 132.868743896484375 130.7687530517578125 128.6062469482421875 126.36875152587890625
238.8249969482421875 234.537506103515625 230.28125 226.3562469482421875 223.712493896484375 220.537506103515625 216.600006103515625 211.993743896484375 207.6875 205.899993896484375 204.9499969482421875 204.0812530517578125 200.693756103515625 195.6750030517578125 191.4562530517578125 185.8625030517578125 179.75 172.806243896484375 165.2937469482421875 157.46875 148.625 143.7312469482421875 141.7312469482421875 141.03125 140.0124969482421875 138.4375 138.350006103515625 138.8312530517578125 139.28125 138.506256103515625 138.087493896484375 137.8937530517578125 136.6125030517578125 135.875 135.46875 136.131256103515625 136.100006103515625 135.524993896484375 134.756256103515625 132.8000030517578125 130.524993896484375 129.3312530517578125 126.71250152587890625 122.3125
243.243743896484375 239.2062530517578125 234.96875 231.4562530517578125 228.337493896484375 225.2062530517578125 221.4562530517578125 218.5812530517578125 216.1750030517578125 213.9875030517578125 211.631256103515625 209.8874969482421875 207.006256103515625 202.2687530517578125 196.0437469482421875 190.881256103515625 183.881256103515625 175.774993896484375 167.556243896484375 159.4562530517578125 151.4187469482421875 145.8312530517578125 142.506256103515625 141.0124969482421875 139.6687469482421875 138.149993896484375 138.181243896484375 137.1687469482421875 136.381256103515625 134.8625030517578125 134.0187530517578125 133.1875 132.3625030517578125 131.556243896484375 131.850006103515625 132.868743896484375 133.662506103515625 134.4375 134.587493896484375 133.725006103515625 129.725006103515625 125.7312469482421875 122.5187530517578125 120
247.625 243.4187469482421875 239.818756103515625 236.162506103515625 233.2937469482421875 230.006256103515625 227.5 224.931243896484375 222.5812530517578125 219.868743896484375 217.25 215.368743896484375 211.8562469482421875 207.556243896484375 200.806243896484375 195.2062530517578125 187.3000030517578125 178.75 170.2687530517578125 163.181243896484375 155.131256103515625 148.8874969482421875 144.0625 141.9250030517578125 140.431243896484375 138.5812530517578125 137.8874969482421875 136.4375 134.587493896484375 131.5 129.368743896484375 128.5625 127.9375 127.71875 128.524993896484375 129.193756103515625 131.381256103515625 134.375 137 135.6374969482421875 130.3125 125.9812469482421875 122.7937469482421875 120.24375152587890625
250.3562469482421875 246.506256103515625 243.1687469482421875 240.3874969482421875 237.568756103515625 234.875 232.46875 229.149993896484375 226.975006103515625 225.475006103515625 222.556243896484375 220.0437469482421875 216.600006103515625 212.100006103515625 205.6125030517578125 197.9250030517578125 189.787506103515625 181.993743896484375 173.5 166.1500091552734375 158.681243896484375 151.568756103515625 145.993743896484375 143.1999969482421875 141.587493896484375 140.375 138.9375 136.5250091552734375 133.0749969482421875 128.162506103515625 124.91249847412109375 122.9375 121.46875 121.27500152587890625 121.72499847412109375 123.4187469482421875 127.3874969482421875 132.8937530517578125 138.1437530517578125 137.318756103515625 131.65625 126.69374847412109375 122.6875 118.0124969482421875
252.243743896484375 248.975006103515625 244.6062469482421875 242.5500030517578125 240.6374969482421875 237.6437530517578125 235.7687530517578125 233.8937530517578125 232.59375 230.4875030517578125 227.6374969482421875 224.350006103515625 220.6374969482421875 215.9499969482421875 209.462493896484375 201.1374969482421875 191.25 183.5812530517578125 176.3125 168.962493896484375 161.475006103515625 154.118743896484375 148.100006103515625 144.774993896484375 143.181243896484375 142.412506103515625 140.993743896484375 137.03125 130.756256103515625 124.27500152587890625 119.9562530517578125 117.88124847412109375 115.2375030517578125 112.78125 112.03749847412109375 114.93125152587890625 121.46250152587890625 131.600006103515625 143.131256103515625 139.6687469482421875 131.78125 125.93125152587890625 120.25624847412109375 116.3874969482421875
253.1875 250.4375 246.506256103515625 244.8937530517578125 243.3249969482421875 241.59375 239.662506103515625 237.2312469482421875 235.787506103515625 234.662506103515625 232.399993896484375 228.850006103515625 224.0812530517578125 219.1687469482421875 212.087493896484375 203.350006103515625 193.5437469482421875 183.3937530517578125 178.0187530517578125 171.0500030517578125 164.1999969482421875 156.837493896484375 150.2937469482421875 147.149993896484375 145.3874969482421875 144.625 143.975006103515625 137.556243896484375 128.5187530517578125 119.86875152587890625 114.1875 111.5500030517578125 109.9499969482421875 108.2624969482421875 105.34999847412109375 103.8312530517578125 114.75624847412109375 127.63750457763671875 136.725006103515625 136.125 128.75 122.9250030517578125 118.34375 114.9499969482421875
252.6687469482421875 250.28125 247.537506103515625 246.2624969482421875 245.162506103515625 244.0187530517578125 242.2375030517578125 241.0500030517578125 240 238.9499969482421875 235.6750030517578125 231.03125 226.8874969482421875 222.4812469482421875 214.662506103515625 205.4375 195.743743896484375 185.6687469482421875 177.5749969482421875 171.53125 166.0187530517578125 160.3562469482421875 151.837493896484375 149.09375 147.78125 146.5749969482421875 144.375 137.9187469482421875 127.875 117.1999969482421875 109.15000152587890625 109.2062530517578125 109.7312469482421875 107.7624969482421875 104.3000030517578125 104.7687530517578125 113.0437469482421875 122.11875152587890625 129.024993896484375 128.931243896484375 124.00624847412109375 119.2624969482421875 115.5124969482421875 113.02500152587890625
250.8562469482421875 249.2624969482421875 246.3625030517578125 245.5 245.3625030517578125 245.537506103515625 244.962493896484375 244.2312469482421875 243.8625030517578125 241.7687530517578125 238.9250030517578125 235.4875030517578125 231.5 225.837493896484375 216.693756103515625 205.8625030517578125 195.4375 186.96875 179.3562469482421875 173 166.037506103515625 158.9250030517578125 153.181243896484375 150.868743896484375 149.3249969482421875 147.493743896484375 144.5 139.1999969482421875 129.9875030517578125 119.5124969482421875 112.9499969482421875 113.3249969482421875 112.9812469482421875 112.0124969482421875 111.02500152587890625 111.5437469482421875 116.0500030517578125 121.40000152587890625 125.0812530517578125 124.78125 120.72499847412109375 115.5 113.28125 111.78125
