data/historical-monthly-weather-data/wc2.1_cruts4.09_10m_prec_1977-10.asc
ncols        51
nrows        45
xllcorner    -63.500000000000
yllcorner    -7.500000000000
cellsize     0.166666666667
NODATA_value -9999
[rows 0 to 19 of 45, columns 0 to 43 of 51]
134.3312530517578125 131.71875 129.725006103515625 130.068756103515625 129.662506103515625 129.7375030517578125 128.162506103515625 126.7624969482421875 126.0124969482421875 126.58750152587890625 128.7375030517578125 130.100006103515625 130.693756103515625 129.4875030517578125 128.274993896484375 126.8937530517578125 125.3249969482421875 122.0749969482421875 119.5749969482421875 117.09999847412109375 115.4499969482421875 113.40000152587890625 111.6875 109.9375 108.5812530517578125 107.52500152587890625 105.8874969482421875 104.49375152587890625 103.71875 103.8000030517578125 104.38124847412109375 105.13124847412109375 106.25624847412109375 107.8312530517578125 109.75624847412109375 111.27500152587890625 112.66249847412109375 113.6875 113.52500152587890625 112.93125152587890625 112.19374847412109375 110.75624847412109375 108.2375030517578125 104.9812469482421875
133.8249969482421875 131.125 131.056243896484375 133.34375 135.931243896484375 135.5187530517578125 134.4499969482421875 134.587493896484375 136.0500030517578125 137.337493896484375 138.7624969482421875 138.850006103515625 138.2687530517578125 136.899993896484375 134.806243896484375 133.037506103515625 130.09375 126.7937469482421875 123.90625 121.5625 119.5124969482421875 117.93125152587890625 116.53125 115.40625 114.41249847412109375 113.03125 111.81874847412109375 110.4375 109.28125 108.94374847412109375 110.4250030517578125 112.41249847412109375 114.53749847412109375 117.375 119.55625152587890625 120.71875 122.4812469482421875 123.4375 123.22499847412109375 122.3125 121.5187530517578125 120.1750030517578125 117.6750030517578125 114.18125152587890625
136.725006103515625 135.618743896484375 136.756256103515625 140.8874969482421875 145.087493896484375 146.0625 147.1125030517578125 149.4187469482421875 152.306243896484375 153.65625 153.3874969482421875 151.2312469482421875 148.618743896484375 145.2937469482421875 142 138.962493896484375 135.899993896484375 132.71875 129.875 127.6750030517578125 126.05625152587890625 125.5437469482421875 124.65625 123.50624847412109375 122.4812469482421875 121.5812530517578125 119.9562530517578125 118.3312530517578125 116.11875152587890625 116.6062469482421875 118.91249847412109375 120.9499969482421875 123.2937469482421875 126.6125030517578125 129.412506103515625 130.4375 131.4875030517578125 132.587493896484375 132.368743896484375 131.1687469482421875 130.0437469482421875 128.40625 125.83750152587890625 122.72499847412109375
138.774993896484375 138.5187530517578125 142.3125 146.4562530517578125 152.1374969482421875 154.868743896484375 158.8000030517578125 163.9187469482421875 169.818756103515625 171.8937530517578125 169.03125 163.6374969482421875 158.1999969482421875 153.181243896484375 149.443756103515625 145.2375030517578125 141.3562469482421875 138.837493896484375 136.625 135.0187530517578125 134.274993896484375 133.568756103515625 132.4875030517578125 131.7312469482421875 130.7375030517578125 129.5437469482421875 127.53125 125.21250152587890625 122.97499847412109375 123.75 126.52500152587890625 129.6062469482421875 131.40625 134.1812591552734375 136.5187530517578125 138.7687530517578125 140.274993896484375 141.212493896484375 141.149993896484375 139.9187469482421875 137.5437469482421875 135.975006103515625 133.5124969482421875 130.8125
147.09375 144.3562469482421875 145.1875 149.662506103515625 157.2624969482421875 162.3937530517578125 168.193756103515625 175.53125 185.7125091552734375 191.2624969482421875 184.1750030517578125 173.8249969482421875 166.4499969482421875 160.837493896484375 155.9562530517578125 150.837493896484375 146.8249969482421875 143.868743896484375 141.787506103515625 140.568756103515625 141.100006103515625 140.65625 139.9499969482421875 139.568756103515625 138.5812530517578125 137.350006103515625 134.225006103515625 132.0374908447265625 130.25 130.493743896484375 133.34375 136.5 139.037506103515625 141.837493896484375 144.931243896484375 146.6125030517578125 148.162506103515625 149.625 149.0500030517578125 147.506256103515625 144.756256103515625 142.3249969482421875 140.399993896484375 137.787506103515625
157.0437469482421875 154.850006103515625 152.2437591552734375 151.8249969482421875 160.6374969482421875 168.5812530517578125 175.056243896484375 182.556243896484375 192.8249969482421875 200.8937530517578125 190.7062530517578125 179.149993896484375 172.225006103515625 166.193756103515625 161.0124969482421875 156.743743896484375 152.225006103515625 149.6999969482421875 148.46875 147.5812530517578125 148.412506103515625 148.662506103515625 148.524993896484375 146.975006103515625 145.725006103515625 144.03125 140.243743896484375 136.84375 135.193756103515625 135.2062530517578125 137.962493896484375 142.09375 144.162506103515625 147.1687469482421875 150.3562469482421875 152.2375030517578125 153.725006103515625 155.8625030517578125 156.6999969482421875 153.943756103515625 148.7062530517578125 146.475006103515625 144.2312469482421875 142.524993896484375
171.0500030517578125 168.8625030517578125 165.412506103515625 163.256256103515625 168.837493896484375 173.8312530517578125 178.2937469482421875 181.975006103515625 185.5124969482421875 186.243743896484375 183.899993896484375 178.9562530517578125 174.6999969482421875 170.3125 165.71875 161.9000091552734375 157.975006103515625 155.5500030517578125 154.3125 154.4187469482421875 156.068756103515625 157.024993896484375 156.912506103515625 155.212493896484375 153.5500030517578125 151.1687469482421875 147.1125030517578125 142.59375 139.2312469482421875 139.868743896484375 142.5437469482421875 145.9250030517578125 147.8125 151.068756103515625 154.600006103515625 155.5187530517578125 156.787506103515625 158.7624969482421875 161.431243896484375 156.5812530517578125 150.2937469482421875 146.618743896484375 144.806243896484375 144.1687469482421875
186.65625 184.006256103515625 181.8125 181.693756103515625 183.6687469482421875 185.0187530517578125 182.96875 177.693756103515625 170.5250091552734375 168.975006103515625 173.7375030517578125 175.3000030517578125 175.3000030517578125 173.0500030517578125 170.6374969482421875 167.318756103515625 163.8937530517578125 161.931243896484375 161.2062530517578125 162.225006103515625 164.6437530517578125 165.8000030517578125 165.899993896484375 164.0812530517578125 161.6999969482421875 158.087493896484375 152.681243896484375 146.649993896484375 142.274993896484375 141.631256103515625 144.443756103515625 148.149993896484375 150.2687530517578125 153.5749969482421875 156.3249969482421875 156.475006103515625 155.7312469482421875 156.15625 155.631256103515625 151.256256103515625 145.0124969482421875 140.8000030517578125 137.9812469482421875 136.475006103515625
201.412506103515625 200.2624969482421875 199.443756103515625 198.899993896484375 199.6062469482421875 197.3249969482421875 191.8249969482421875 180.806243896484375 165.475006103515625 159.100006103515625 167.9187469482421875 173.337493896484375 176.125 175.2937469482421875 174.962493896484375 173.90625 171.9812469482421875 171.787506103515625 172.5187530517578125 173.068756103515625 174.875 176.243743896484375 174.662506103515625 172.868743896484375 168.6875 163.212493896484375 155.725006103515625 150.274993896484375 145.3562469482421875 143.368743896484375 145.431243896484375 148.1999969482421875 149.225006103515625 151.212493896484375 152.756256103515625 152.743743896484375 151.8249969482421875 149.8874969482421875 146.7062530517578125 141.9875030517578125 135.53125 130.118743896484375 126.68125152587890625 122.8625030517578125
217.3625030517578125 217.0187530517578125 216.024993896484375 216.368743896484375 217.3625030517578125 213.8249969482421875 206.3312530517578125 193.71875 179.6875 172.712493896484375 174.600006103515625 176.818756103515625 179.25 179.256256103515625 180.6374969482421875 181.587493896484375 181.287506103515625 182.837493896484375 184.662506103515625 187.149993896484375 188.0187530517578125 187.96875 184.7624969482421875 180.2624969482421875 173.306243896484375 166.5437469482421875 159.3312530517578125 152.3562469482421875 147.274993896484375 144.818756103515625 144.712493896484375 146.5625 147.0187530517578125 148.618743896484375 150.056243896484375 149.131256103515625 146.712493896484375 143.287506103515625 139.037506103515625 132.556243896484375 125.33750152587890625 119.11875152587890625 113.41249847412109375 108.22499847412109375
233.649993896484375 233.693756103515625 232.4250030517578125 232.7937469482421875 233.9875030517578125 233.4749908447265625 226.40625 211.837493896484375 198.09375 190.024993896484375 187.2937469482421875 186.1374969482421875 185.2375030517578125 185.287506103515625 187.600006103515625 189.3000030517578125 191.024993896484375 193.8562469482421875 197.256256103515625 201.2375030517578125 203.9187469482421875 201.662506103515625 195.7624969482421875 186.3562469482421875 179.068756103515625 172.4375 164.9375 157.524993896484375 150.493743896484375 147.21875 146.2312469482421875 146.681243896484375 146.631256103515625 147.2375030517578125 147.1687469482421875 144.743743896484375 141.2375030517578125 135.931243896484375 130.4187469482421875 123.0437469482421875 114.97499847412109375 108.1125030517578125 102.21875 95.4812469482421875
245.3874969482421875 245.09375 244.1437530517578125 245.368743896484375 247.3874969482421875 247.9250030517578125 243.2624969482421875 227.0187530517578125 213.5124969482421875 203.6999969482421875 198.125 196.306243896484375 194.6687469482421875 194.9375 198.0437469482421875 199.5687408447265625 201.5812530517578125 204.46875 208.1437530517578125 213.71875 218.9812469482421875 215.375 206.46875 194.256256103515625 183.493743896484375 174.100006103515625 165.2687530517578125 158.875 152.9812469482421875 149.756256103515625 146.9562530517578125 146.068756103515625 144.625 144.287506103515625 143.725006103515625 140.087493896484375 135.225006103515625 129.6125030517578125 122.5187530517578125 114.5124969482421875 105.09375 97.88750457763671875 91.6750030517578125 85.5625
255.212493896484375 255.15625 254.256256103515625 254.587493896484375 256.131256103515625 255.0124969482421875 247.975006103515625 236.368743896484375 224.162506103515625 215.5437469482421875 209.3000030517578125 206.65625 205.90625 204.618743896484375 207.306243896484375 209.837493896484375 210.9812469482421875 214.1687469482421875 217.837493896484375 222.25 229.287506103515625 225.8125 215.024993896484375 201.524993896484375 183.8937530517578125 172.306243896484375 167.5500030517578125 161.3249969482421875 156.212493896484375 152.0749969482421875 148.1374969482421875 144.9187469482421875 143.0187530517578125 141.1750030517578125 139.7937469482421875 135.818756103515625 130.3249969482421875 124.84375 117.7687530517578125 107.4812469482421875 97.7375030517578125 91.3000030517578125 84.46250152587890625 74.34999847412109375
263.26251220703125 262.71875 261.875 261.57501220703125 261.3125 258.681243896484375 251.975006103515625 243.71875 234.037506103515625 224.962493896484375 218.056243896484375 215.806243896484375 215.181243896484375 215.3125 215.53125 218.0124969482421875 218.40625 220.21875 222.2062530517578125 224.8562469482421875 229.506256103515625 226.681243896484375 219.631256103515625 207.9625091552734375 193.125 181.84375 174.537506103515625 166.7937469482421875 160.0749969482421875 153.443756103515625 147.568756103515625 143.556243896484375 140.6374969482421875 138.3000030517578125 136.462493896484375 132.5875091552734375 127.5812530517578125 122.90000152587890625 115.96250152587890625 106.4562530517578125 94.9812469482421875 85.6687469482421875 78.4499969482421875 71.3562469482421875
268.9375 268.475006103515625 266.337493896484375 265.71875 264.85626220703125 261.368743896484375 257.274993896484375 250.8000030517578125 241.3874969482421875 233.1750030517578125 226.8000030517578125 224.7312469482421875 224.1937408447265625 224.6750030517578125 223.943756103515625 225.7062530517578125 224.8312530517578125 223.96875 223.3249969482421875 224.881256103515625 228.131256103515625 227.712493896484375 224.6437530517578125 218.493743896484375 209.431243896484375 198.53125 186.5625 174.7624969482421875 164.431243896484375 154.6750030517578125 146.5437469482421875 140.850006103515625 137.662506103515625 136.15625 134.350006103515625 130.1999969482421875 126.75624847412109375 125.2624969482421875 122.0437469482421875 112.5500030517578125 99.78125 89.36875152587890625 81.71875 74.6875
272.3125 271.01873779296875 269.26873779296875 268.66876220703125 267.524993896484375 265.13751220703125 261.36248779296875 255.5 247.806243896484375 240.7312469482421875 233.681243896484375 230.6687469482421875 230.5749969482421875 231.7062530517578125 231.78125 231.53125 227.8249969482421875 225.037506103515625 222.84375 222.4562530517578125 224.3625030517578125 227.0437469482421875 229.399993896484375 230.774993896484375 225.431243896484375 213.8562469482421875 199.3312530517578125 184.006256103515625 169.625 155.8937530517578125 145.40625 137.431243896484375 133.4875030517578125 131.975006103515625 129.431243896484375 124.7937469482421875 125.1687469482421875 125.8937530517578125 126.65000152587890625 119.6999969482421875 109.5 98.09999847412109375 87.9499969482421875 78.6999969482421875
272.899993896484375 271.868743896484375 271.912506103515625 272.34375 271.274993896484375 269.350006103515625 266.45623779296875 261.618743896484375 254.84375 246.806243896484375 239.3312530517578125 236.056243896484375 234.6999969482421875 234.868743896484375 233.71875 231.774993896484375 225.506256103515625 221.100006103515625 218.4875030517578125 217.9812469482421875 219.537506103515625 223.9875030517578125 231.59375 240.2375030517578125 240.7624969482421875 225.0500030517578125 208.8312530517578125 189.65625 171.4812469482421875 155.3562469482421875 143.7687530517578125 136.256256103515625 129.318756103515625 124.2937469482421875 120.61875152587890625 120.0500030517578125 122.58750152587890625 130.9375 139.84375 131.506256103515625 120.4562530517578125 107.34375 94.125 83.94374847412109375
273.88751220703125 273.78125 275.787506103515625 277.26251220703125 277.54376220703125 277.443756103515625 275.75 271.306243896484375 263.962493896484375 255.6999969482421875 247.631256103515625 241.962493896484375 238.1125030517578125 234.8874969482421875 231.4499969482421875 227.118743896484375 220.3874969482421875 214.625 212.875 211.7375030517578125 212.725006103515625 216.818756103515625 224.8874969482421875 235.53125 238.3625030517578125 227.0437469482421875 213.837493896484375 192.9499969482421875 171.5 152.1687469482421875 138.850006103515625 130.681243896484375 127.00624847412109375 124.71250152587890625 118.0625 109.8937530517578125 119.11875152587890625 131.0812530517578125 137.7312469482421875 134.9375 125.19374847412109375 113 100.1875 89.8874969482421875
272.625 275.20623779296875 279.23126220703125 282.76873779296875 285.35626220703125 286.056243896484375 285.14373779296875 282.037506103515625 275.61248779296875 265.66876220703125 254.5187530517578125 247.225006103515625 240.037506103515625 233.350006103515625 228.0437469482421875 223.84375 217.0124969482421875 209.9499969482421875 207.7624969482421875 205.649993896484375 205.1687469482421875 211.21875 214.0812530517578125 223.350006103515625 226.6812591552734375 222.4875030517578125 210.2624969482421875 191.600006103515625 171.9124908447265625 150.1875 133.6125030517578125 129.975006103515625 133.306243896484375 130.4499969482421875 124.78749847412109375 119.25624847412109375 123.7687530517578125 130.556243896484375 134.818756103515625 133.524993896484375 126.8625030517578125 119.125 106.4562530517578125 96.21875
269.618743896484375 275.17498779296875 280.95623779296875 286.681243896484375 291.76251220703125 295.212493896484375 296.59375 294.9375 287.600006103515625 277.225006103515625 264.11248779296875 253.149993896484375 242.8000030517578125 232.756256103515625 226.03125 221.0187530517578125 213.1687469482421875 209.09375 206.71875 206.0500030517578125 202.09375 202.4812469482421875 208.287506103515625 215.274993896484375 217.5124969482421875 212.8562469482421875 203.149993896484375 190.5749969482421875 171.96875 152.256256103515625 138.6999969482421875 139.1125030517578125 141.787506103515625 144.2312469482421875 144.350006103515625 138.4562530517578125 135.6687469482421875 136.1437530517578125 135.975006103515625 133.631256103515625 129.375 123.0124969482421875 112.47499847412109375 102.40625
