data/historical-monthly-weather-data/wc2.1_cruts4.09_10m_prec_2023-11.asc
ncols        45
nrows        45
xllcorner    -63.500000000000
yllcorner    -7.500000000000
cellsize     0.166666666667
NODATA_value -9999
[rows 0 to 18 of 45, columns 0 to 43 of 45]
188.71875 189.350006103515625 184.524993896484375 183.431243896484375 181.837493896484375 180.9812469482421875 178.7874908447265625 176.600006103515625 174.6374969482421875 171.774993896484375 168.868743896484375 164.131256103515625 159.6437530517578125 152.837493896484375 147.4375 141.6125030517578125 136.274993896484375 130.118743896484375 124.55625152587890625 119.9250030517578125 116.06874847412109375 112.3625030517578125 109.34375 105.8312530517578125 103.00624847412109375 100.7937469482421875 99.88750457763671875 99.1750030517578125 98.21250152587890625 97.81874847412109375 97.91249847412109375 98.71250152587890625 99.25 100.50624847412109375 101.15625 100.1875 99.09999847412109375 97.27500152587890625 93.55625152587890625 89.625 84.8874969482421875 80.18125152587890625 74.5500030517578125 69.1687469482421875
194.056243896484375 193.056243896484375 190.600006103515625 190.3000030517578125 191.225006103515625 190.3000030517578125 187.662506103515625 187.118743896484375 185 181.318756103515625 177.568756103515625 171.2062530517578125 164.40625 157.4875030517578125 150.46875 144.806243896484375 138.15625 132.09375 126.0625 121.1062469482421875 116.8562469482421875 112.90000152587890625 109.84375 107.1750030517578125 103.52500152587890625 100.8312530517578125 99.9499969482421875 98.7687530517578125 97.8125 97.61875152587890625 98.03749847412109375 99.18125152587890625 99.24375152587890625 101.40625 102.67499542236328125 101.28749847412109375 99.6750030517578125 97.34999847412109375 92.65000152587890625 87.84999847412109375 82.78749847412109375 77.0500030517578125 71.1437530517578125 64.5812530517578125
196.5124969482421875 195.8874969482421875 193.1750030517578125 191.78125 192.8249969482421875 192.118743896484375 192.8249969482421875 192.9499969482421875 192.21875 188.9375 183.743743896484375 176.087493896484375 168.568756103515625 160.587493896484375 152.7937469482421875 145.78125 139.375 133.7312469482421875 127.53125 122.56874847412109375 118.28749847412109375 114.16249847412109375 110.875 108.13124847412109375 104.63124847412109375 101.40625 100.0812530517578125 98.88124847412109375 97.31874847412109375 96.78125 97.84375 98.6999969482421875 100.375 102.21250152587890625 103.96250152587890625 102.0437469482421875 99.9812469482421875 98.28125 93.1374969482421875 87.83750152587890625 81.8937530517578125 75.1999969482421875 68.6437530517578125 61.924999237060546875
194.1687469482421875 192.993743896484375 192.46875 190.5124969482421875 191.5812530517578125 191.9562530517578125 193.28125 196.087493896484375 197.6875 195.78125 189.5187530517578125 180.162506103515625 171.337493896484375 162.431243896484375 154.337493896484375 147.037506103515625 140.6875 134.725006103515625 129.2312469482421875 125.13124847412109375 120.875 116.33750152587890625 111.96875 108.46875 104.875 101.6374969482421875 100.0437469482421875 97.61875152587890625 96.1875 96.3249969482421875 97.15625 98.53125 99.5625 101.5625 103.28749847412109375 102.65625 101.1437530517578125 98.97499847412109375 93.53125 87.3249969482421875 79.96875 73.1999969482421875 65.66249847412109375 58.362499237060546875
196.78125 192.4499969482421875 185.625 185.1999969482421875 188.2687530517578125 190.0500030517578125 192.4250030517578125 197.024993896484375 201.4000091552734375 202.0749969482421875 193 180.787506103515625 171.21875 162.881256103515625 154.8312530517578125 147.9875030517578125 141.2937469482421875 136.212493896484375 131.0124969482421875 126.11875152587890625 122.7062530517578125 117.94374847412109375 113.38124847412109375 110.06874847412109375 105.1875 101.3625030517578125 98.09999847412109375 96.33750152587890625 95.2312469482421875 94.6125030517578125 95.3562469482421875 96.78749847412109375 98.3000030517578125 100.7312469482421875 102.97499847412109375 102.4875030517578125 101.3125 99.4562530517578125 93.9250030517578125 86.02500152587890625 78.15000152587890625 70.21875 62.34375 54.75
195.600006103515625 191.431243896484375 184.40625 177.899993896484375 181.8249969482421875 186.850006103515625 190.225006103515625 193.475006103515625 197.149993896484375 198.8937530517578125 189.149993896484375 177.493743896484375 169.125 161.399993896484375 153.725006103515625 146.90625 141.15625 136.618743896484375 132.600006103515625 127.6374969482421875 123.5812530517578125 119.2687530517578125 114.6374969482421875 110.02500152587890625 105.6875 101.11875152587890625 97.8249969482421875 95.3625030517578125 93.7062530517578125 92.71875 92.4499969482421875 94.56874847412109375 96.0500030517578125 98.96250152587890625 101.31874847412109375 101.8000030517578125 101.375 100.25624847412109375 94.9187469482421875 86.81874847412109375 76.81874847412109375 68.5749969482421875 60.31874847412109375 52.643749237060546875
196.006256103515625 193.431243896484375 186.2937469482421875 179.3937530517578125 178.818756103515625 180.287506103515625 182.7687530517578125 184.4562530517578125 183.96875 180.6062469482421875 176.6687469482421875 169.774993896484375 164.1687469482421875 158.0812530517578125 152.181243896484375 146.6437530517578125 141.4375 137.212493896484375 132.712493896484375 129.662506103515625 125.40000152587890625 120.6875 115.93125152587890625 110.71875 105.86875152587890625 101.5749969482421875 97.59375 94.27500152587890625 91.125 89.9187469482421875 89.8562469482421875 91.0625 93.11875152587890625 96.3625030517578125 99.5437469482421875 100.06874847412109375 99.8937530517578125 99.6062469482421875 95.5625 86.52500152587890625 75.43125152587890625 66.53749847412109375 58.09375 50.112499237060546875
198.5749969482421875 195.0124969482421875 188.90625 184.6875 183.09375 180.9562530517578125 176.9499969482421875 171.2062530517578125 165.1624908447265625 162.1374969482421875 163.149993896484375 161.2624969482421875 158.25 154.0749969482421875 149.8125 145.931243896484375 141.4250030517578125 137.5062408447265625 133.96875 130.6750030517578125 127.625 123.1999969482421875 117.49375152587890625 111.8874969482421875 107.2312469482421875 101.1437530517578125 96.40625 92.125 88.90000152587890625 86.75 86.1125030517578125 87.5437469482421875 89.88124847412109375 93.0625 96.4812469482421875 96.9812469482421875 97.625 96.96875 91.09375 82.0500030517578125 71.59999847412109375 62.88124847412109375 54.46250152587890625 46.418750762939453125
200.9812469482421875 198.0812530517578125 193.662506103515625 189.7062530517578125 186.8874969482421875 182.8249969482421875 176.9375 168.875 157.3625030517578125 150.8312530517578125 153.6687469482421875 154.068756103515625 153.09375 150.350006103515625 147.78125 144.8562469482421875 141.524993896484375 138.912506103515625 137.7375030517578125 134.818756103515625 130.100006103515625 125.66249847412109375 119.3249969482421875 114.5124969482421875 108.53749847412109375 101.61875152587890625 95.6750030517578125 91.09375 87.27500152587890625 83.72499847412109375 82.91249847412109375 84.4187469482421875 86.15000152587890625 88.7687530517578125 91.6062469482421875 92.7624969482421875 93.4499969482421875 92.77500152587890625 86.4562530517578125 78.2375030517578125 68.5 59.799999237060546875 51.80625152587890625 44.0625
204.0437469482421875 200.149993896484375 196.1437530517578125 192.868743896484375 190.368743896484375 186.3249969482421875 178.9812469482421875 169.5437469482421875 160.162506103515625 154.431243896484375 152.7062530517578125 150.318756103515625 149.5625 147.2312469482421875 145.431243896484375 143.787506103515625 141.78125 141.0625 140.618743896484375 139.7375030517578125 135.068756103515625 129.5437469482421875 122.25624847412109375 116.3562469482421875 109.00624847412109375 101.9499969482421875 96.1374969482421875 90.4375 85.65625 80.99375152587890625 79.5500030517578125 80.44374847412109375 82.11875152587890625 84.7937469482421875 87.56874847412109375 88.91249847412109375 89.96875 88.96875 82.81874847412109375 74.84375 65.93125152587890625 57.606250762939453125 49.36875152587890625 41.481250762939453125
207.600006103515625 203.3249969482421875 198.84375 195.587493896484375 192.90625 190.2624969482421875 183.212493896484375 172.443756103515625 163.25 156.7687530517578125 153.6062469482421875 150.068756103515625 147.3874969482421875 144.6687469482421875 142.993743896484375 141.7937469482421875 141.1875 141.96875 143.1437530517578125 144.3312530517578125 142.59375 135.868743896484375 126.5437469482421875 116.9875030517578125 109.9187469482421875 103.6687469482421875 97.52500152587890625 91.59375 85.59375 80.28125 78.1875 78.125 79.80625152587890625 82.0749969482421875 84.125 84.9499969482421875 85.52500152587890625 84.9375 79.8000030517578125 72.3000030517578125 63.668750762939453125 55.606250762939453125 47.58750152587890625 39.88124847412109375
210.493743896484375 205.6999969482421875 201.09375 198.6750030517578125 196.006256103515625 193.0500030517578125 186.8125 175.5812530517578125 166.15625 159.09375 154.125 150.306243896484375 145.5500030517578125 142.2687530517578125 140.8499908447265625 140.0374908447265625 140.1875 141.587493896484375 144.412506103515625 148.1999969482421875 148.662506103515625 142.21875 131.4812469482421875 120.0500030517578125 111.27500152587890625 104.27500152587890625 97.6750030517578125 91.77500152587890625 86.7062530517578125 81.38124847412109375 77.9499969482421875 76.4375 77.24375152587890625 78.81874847412109375 80.78125 81.3562469482421875 81.5 81.09999847412109375 76.3312530517578125 69.94374847412109375 62.61875152587890625 54.768749237060546875 46.90625 39.43125152587890625
212.8937530517578125 208.256256103515625 203.681243896484375 199.875 196.0500030517578125 191.9499969482421875 184.7375030517578125 175.037506103515625 166.3000030517578125 159.625 153.881256103515625 149.9250030517578125 145.0437469482421875 138.912506103515625 136.8874969482421875 136.5625 137.337493896484375 140.600006103515625 144.4812469482421875 148.806243896484375 151.024993896484375 145.274993896484375 134.0187530517578125 123.1875 112.6999969482421875 104.34375 98.6875 92.69374847412109375 87.59375 82.2312469482421875 78.05625152587890625 75.35625457763671875 74.9187469482421875 75.7062530517578125 77.1687469482421875 77.4499969482421875 77.43125152587890625 76.8874969482421875 73.3312530517578125 67.4812469482421875 61.512500762939453125 54.28749847412109375 46.03749847412109375 37.18125152587890625
214.7312469482421875 208.4812469482421875 203.5500030517578125 199.087493896484375 194.850006103515625 188.71875 181.368743896484375 173.068756103515625 165.9375 158.9187469482421875 152.6750030517578125 146.7624969482421875 141.6062469482421875 135.7874908447265625 131.4499969482421875 131.225006103515625 132.7687530517578125 136.2937469482421875 140.350006103515625 144.131256103515625 145.28125 140.993743896484375 132.75 123.25624847412109375 114.2062530517578125 106.40000152587890625 100.875 94.84375 88.9812469482421875 82.93125152587890625 78.21875 74.53125 73.1062469482421875 72.9187469482421875 74.1875 74.4375 74.1687469482421875 74.2312469482421875 70.66249847412109375 66.2375030517578125 60.28125 51.86875152587890625 43.512500762939453125 36.61875152587890625
214.25 207.8125 202.84375 198.2062530517578125 193.4250030517578125 186.75 179.8562469482421875 171.993743896484375 164.743743896484375 157.625 150.8625030517578125 144.568756103515625 138.40625 132.0749969482421875 125.9499969482421875 125.0124969482421875 127.1875 131.1374969482421875 135.4375 139.006256103515625 139.59375 136.7062530517578125 131.1062469482421875 124.0500030517578125 117.3312530517578125 110.7312469482421875 104.49375152587890625 97.8249969482421875 91.34999847412109375 84.34999847412109375 78.65000152587890625 74.0187530517578125 72.34999847412109375 71.8000030517578125 72.06874847412109375 71.43125152587890625 71.21250152587890625 71.40625 68.41249847412109375 63.043750762939453125 56.106250762939453125 49.518749237060546875 43.543750762939453125 38.02500152587890625
212.34375 205.806243896484375 201.5 196.712493896484375 191.881256103515625 185.5124969482421875 177.8937530517578125 170.1062469482421875 163.84375 157.681243896484375 150.3312530517578125 143.475006103515625 136.806243896484375 129.243743896484375 122.2687530517578125 118.28749847412109375 122.00624847412109375 127.4562530517578125 131.681243896484375 135 136.1999969482421875 134.6062469482421875 130.5124969482421875 125.09999847412109375 119.9250030517578125 115.25624847412109375 109.41249847412109375 102.0812530517578125 93.91249847412109375 85.6437530517578125 79.05625152587890625 74 71.7062530517578125 71.1999969482421875 70.33750152587890625 69.75624847412109375 69.4812469482421875 67.1999969482421875 63.71250152587890625 58.53125 53.1875 48.46250152587890625 43.66249847412109375 38.174999237060546875
209.9812469482421875 204.5187530517578125 199.625 194.875 190.5187530517578125 183.9812469482421875 177.131256103515625 169.3249969482421875 163.4812469482421875 157.1999969482421875 150.443756103515625 143.649993896484375 136.4375 128.9187469482421875 122.50624847412109375 118.84999847412109375 119.22499847412109375 123.6687469482421875 128.681243896484375 132.5749969482421875 134.1437530517578125 133.375 130.3937530517578125 125.52500152587890625 121.7624969482421875 119.4250030517578125 115.0812530517578125 105.99375152587890625 95.46875 86.4812469482421875 79.65000152587890625 75.22499847412109375 72.34375 71.09999847412109375 72.2937469482421875 72.2375030517578125 69.27500152587890625 66.55625152587890625 63.0625 57.1875 52.15625 48.231250762939453125 43.28125 39.09375
206.475006103515625 201.4187469482421875 197.46875 193.4187469482421875 188.837493896484375 183.78125 177.6437530517578125 170.243743896484375 164.6437530517578125 158.368743896484375 151.6750030517578125 144.962493896484375 137.056243896484375 130.3000030517578125 125.38124847412109375 121.7687530517578125 120.55625152587890625 121 126.75624847412109375 131.037506103515625 133.8937530517578125 132.7937469482421875 130.212493896484375 126.71250152587890625 124.27500152587890625 122.5124969482421875 120.4812469482421875 109.4375 96.4875030517578125 85.6750030517578125 78.25 73.74375152587890625 73.1062469482421875 74.81874847412109375 76.3937530517578125 72.61875152587890625 69.8249969482421875 66.6750030517578125 61.40000152587890625 56.950000762939453125 51.43125152587890625 47.03125 42.46250152587890625 38.325000762939453125
202.28125 198.5812530517578125 195.0187530517578125 191.5187530517578125 187.90625 183.28125 177.475006103515625 171.350006103515625 166.5 161.1999969482421875 154.225006103515625 147.149993896484375 139.368743896484375 132.912506103515625 127.61875152587890625 124.3000030517578125 122.59375 121.52500152587890625 124.4375 128.868743896484375 133.71875 135.443756103515625 129.9375 127.2062530517578125 125.4250030517578125 123.4187469482421875 119.09999847412109375 109.08750152587890625 97.00624847412109375 85.34999847412109375 76.7062530517578125 74.25 76.75 77.91249847412109375 77.6875 74.9187469482421875 70.9375 66.63124847412109375 61.856250762939453125 56.637500762939453125 50.91249847412109375 46.88124847412109375 41.75624847412109375 37.34999847412109375
