data/historical-monthly-weather-data/wc2.1_cruts4.09_10m_prec_1963-10.asc
ncols        45
nrows        45
xllcorner    -63.500000000000
yllcorner    -7.500000000000
cellsize     0.166666666667
NODATA_value -9999
[rows 0 to 19 of 45, columns 0 to 43 of 45]
489.01251220703125 498.48126220703125 485.90625 478.256256103515625 465.59375 441.48748779296875 410.45623779296875 380.61248779296875 349.98126220703125 323.475006103515625 301.649993896484375 278.899993896484375 255.274993896484375 229.506256103515625 207.225006103515625 186.006256103515625 166.068756103515625 149.03125 134.3312530517578125 120.7624969482421875 111.6999969482421875 103.1125030517578125 95.69374847412109375 91.65000152587890625 88.5749969482421875 86.40625 87.5124969482421875 89.4250030517578125 91.46875 91.75 92.1062469482421875 92.5500030517578125 93.21875 94.25624847412109375 95.4187469482421875 95.24375152587890625 94.77500152587890625 93.84375 91.40000152587890625 88.5 85.44374847412109375 81.9187469482421875 77.63124847412109375 72.9499969482421875
487.993743896484375 500.13751220703125 499.4375 503.85626220703125 506.41876220703125 480.274993896484375 450.01873779296875 423.60626220703125 395.29998779296875 366.28125 338.59375 309.618743896484375 280.625 251.8249969482421875 225.78125 201.875 178.1875 159.693756103515625 143.243743896484375 128.712493896484375 119.0749969482421875 110.8937530517578125 103.61875152587890625 99.5500030517578125 96.16249847412109375 93.13124847412109375 93.9875030517578125 95.34375 96.56874847412109375 96.6750030517578125 98.0812530517578125 99.93125152587890625 101.59375 103.88124847412109375 105.375 105.0812530517578125 105.0749969482421875 104.2312469482421875 101.8874969482421875 98.8312530517578125 95.84375 92.50624847412109375 88.3125 83.5187530517578125
461.350006103515625 474.837493896484375 475.556243896484375 483.131256103515625 488.8125 473.41876220703125 456.625 442.28125 421.14373779296875 394.681243896484375 364.9375 331.89373779296875 299.618743896484375 268.01873779296875 239.7062530517578125 213.5625 189.462493896484375 170.618743896484375 153.743743896484375 138.875 128.7375030517578125 120.6875 112.9375 107.90000152587890625 103.55625152587890625 100.09999847412109375 100.3125 101.21250152587890625 101.3249969482421875 102.28749847412109375 104.63124847412109375 106.65000152587890625 108.5437469482421875 111.21250152587890625 113.24375152587890625 112.75 112.03125 111.21875 108.8000030517578125 105.41249847412109375 102.09999847412109375 98.61875152587890625 94.4875030517578125 90.06874847412109375
428.456268310546875 439.65625 445.03125 448.14373779296875 455.20001220703125 451.375 450.15625 450.08123779296875 441.462493896484375 420.875 388.60626220703125 350.743743896484375 314.774993896484375 281.743743896484375 253.1437530517578125 225.243743896484375 199.962493896484375 181.725006103515625 165.2312469482421875 150.5437469482421875 140.1875 130.7937469482421875 121.83750152587890625 116.08750152587890625 110.7312469482421875 106.1875 105.7937469482421875 105.8937530517578125 105.84999847412109375 107.1999969482421875 110.0749969482421875 113.16249847412109375 114.5812530517578125 116.7062530517578125 118.30625152587890625 118.7624969482421875 118.28125 117.16249847412109375 114.74375152587890625 111.22499847412109375 106.8249969482421875 103.50624847412109375 99.5812530517578125 95.55625152587890625
414.98748779296875 414.76251220703125 408.51251220703125 409.70001220703125 419.48748779296875 426.393768310546875 435.368743896484375 446.08123779296875 452.350006103515625 444.29998779296875 406.962493896484375 361.675018310546875 324.70001220703125 292.95001220703125 263.26251220703125 234.59375 209.5812530517578125 190.6687469482421875 174.274993896484375 159.8625030517578125 149.912506103515625 139.6687469482421875 130.0124969482421875 123.625 117.3000030517578125 111.8874969482421875 110.3125 110.33750152587890625 110.56874847412109375 111.58750152587890625 114.7375030517578125 118.0124969482421875 120.02500152587890625 122.125 124.28749847412109375 124.13124847412109375 123.56874847412109375 122.7312469482421875 119.84999847412109375 116 111.27500152587890625 107.4499969482421875 104.08750152587890625 100.25624847412109375
397.70001220703125 395.837493896484375 381 370.024993896484375 381.875 395.181243896484375 405.25 416.03125 424.70623779296875 425.943756103515625 388.07501220703125 346.48748779296875 315.412506103515625 287.21875 260.60626220703125 236.3937530517578125 213.21875 195.8874969482421875 181.3125 167.743743896484375 157.3000030517578125 146.8000030517578125 136.7624969482421875 128.5625 121.36875152587890625 115.06874847412109375 112.96875 112.11875152587890625 112.5187530517578125 113.6437530517578125 116.93125152587890625 121.2375030517578125 122.6374969482421875 124.6125030517578125 126.5500030517578125 126.56874847412109375 125.96875 125.72499847412109375 124.2062530517578125 119.74375152587890625 113.41249847412109375 109.97499847412109375 106.6062469482421875 103.6374969482421875
388.33123779296875 383.625 367.88751220703125 354.106231689453125 357.850006103515625 363.350006103515625 368.006256103515625 370.04998779296875 367.287506103515625 357.875 342.037506103515625 319.399993896484375 298.225006103515625 277.337493896484375 255.6062469482421875 235.6374969482421875 216.243743896484375 200.2687530517578125 186.587493896484375 174.9250030517578125 164.6125030517578125 153.8000030517578125 142.837493896484375 133.8312530517578125 125.6437530517578125 118.2937469482421875 116.05625152587890625 114.4375 113.58750152587890625 115.5 119.02500152587890625 122.90000152587890625 123.9187469482421875 125.7624969482421875 127.6999969482421875 126.9187469482421875 126.18125152587890625 125.8937530517578125 126.16249847412109375 120.49375152587890625 113.81874847412109375 109.5625 106.7687530517578125 104.8000030517578125
381.625 373.41876220703125 361.1875 352.59375 348.625 346.20623779296875 337.818756103515625 323.39373779296875 304.162506103515625 294.756256103515625 295.75 288.881256103515625 279.006256103515625 265.375 250.5812530517578125 234.600006103515625 218.756256103515625 204.587493896484375 192.40625 182.399993896484375 172.162506103515625 160.631256103515625 149.0124969482421875 139.274993896484375 129.962493896484375 121.21250152587890625 118.03749847412109375 115.40625 113.91249847412109375 114.9875030517578125 118.7937469482421875 123.0500030517578125 124.0500030517578125 125.61875152587890625 126.6374969482421875 125.25624847412109375 123.0187530517578125 121.6125030517578125 119.8249969482421875 115.06874847412109375 108.9499969482421875 104.65625 101.46250152587890625 99.18125152587890625
377.024993896484375 370.63751220703125 361.63751220703125 352.693756103515625 346.51873779296875 337.79998779296875 324.0625 301.16876220703125 270.631256103515625 255.1437530517578125 263.725006103515625 264.90625 261.28125 251.9812469482421875 242.53125 232.03125 220.243743896484375 209.037506103515625 198.8874969482421875 188.431243896484375 177.337493896484375 165.7375030517578125 152.443756103515625 142.837493896484375 132.28125 122.3562469482421875 117.9187469482421875 116 114.2937469482421875 114.1875 117.1999969482421875 120.47499847412109375 120.375 120.6750030517578125 120.53749847412109375 119.09375 116.83750152587890625 113.80625152587890625 110.49375152587890625 106.11875152587890625 100.4812469482421875 95.80625152587890625 92.65000152587890625 89.1875
373.57501220703125 367.487518310546875 358.48748779296875 351.57501220703125 346.10626220703125 335.83123779296875 319.899993896484375 296.256256103515625 270.193756103515625 255.131256103515625 253.0812530517578125 250.431243896484375 247.5437469482421875 241.03125 235.9250030517578125 230.1999969482421875 222.3874969482421875 213.71875 204.975006103515625 196.6125030517578125 184.274993896484375 171.1062469482421875 156.40625 144.818756103515625 132.46875 122.05625152587890625 118.1687469482421875 115.3937530517578125 113.75 113.1437530517578125 114.18125152587890625 116.4562530517578125 115.7312469482421875 115.5625 115.1999969482421875 113.11875152587890625 109.8625030517578125 105.9562530517578125 102.3312530517578125 97.24375152587890625 91.63124847412109375 86.8562469482421875 82.47499847412109375 78.4187469482421875
369.774993896484375 363.212493896484375 354.100006103515625 347.53125 342.587493896484375 337.212493896484375 322.806243896484375 298.006256103515625 274.34375 258.881256103515625 250.774993896484375 244.350006103515625 238.068756103515625 232.8937530517578125 230.743743896484375 227.7687530517578125 224.0749969482421875 217.4437408447265625 210.568756103515625 203.78125 192.96875 177.5500030517578125 160.5625 145.524993896484375 133.5187530517578125 123.69374847412109375 119.9562530517578125 117.1750030517578125 114.2937469482421875 112.9250030517578125 113.0500030517578125 114.0124969482421875 112.7312469482421875 111.6374969482421875 110.0500030517578125 106.9250030517578125 103.0124969482421875 97.94374847412109375 93.8562469482421875 88.59999847412109375 82.84999847412109375 78.0187530517578125 73.8937530517578125 69.0187530517578125
364.287506103515625 357.5 349.1875 343.912506103515625 340.04998779296875 335.6875 324.57501220703125 298.35626220703125 276.20001220703125 259.256256103515625 247.84375 241.09375 234.475006103515625 230.1374969482421875 229.068756103515625 226.09375 223.056243896484375 217.068756103515625 211.162506103515625 206.399993896484375 198.243743896484375 181.962493896484375 163.0437469482421875 146.9875030517578125 133.5437469482421875 122.7312469482421875 118.3312530517578125 116.43125152587890625 114.4875030517578125 113.0500030517578125 111.6687469482421875 111.4250030517578125 109.0500030517578125 107.21250152587890625 105.2062530517578125 101.21875 96.3937530517578125 91.2375030517578125 86.2687530517578125 80.83750152587890625 74.40000152587890625 69.65000152587890625 65.6062469482421875 61.481250762939453125
356.100006103515625 350.149993896484375 342.21875 335.837493896484375 331.25 324.256256103515625 310.024993896484375 290.46875 271.03125 256.3125 244.6750030517578125 237.5437469482421875 232.6750030517578125 227.1687469482421875 225.5749969482421875 223.6750030517578125 219.71875 214.743743896484375 209.5749969482421875 204.399993896484375 198.274993896484375 182.8125 163.2937469482421875 147.6875 130.6750030517578125 119.47499847412109375 118.15625 116.52500152587890625 115.28125 113.05625152587890625 110.6999969482421875 108.59375 105.8312530517578125 102.84375 100.25 96.0812530517578125 90.86875152587890625 85.91249847412109375 81.125 74.33750152587890625 67.94374847412109375 64.0187530517578125 59.80625152587890625 53.05625152587890625
345.475006103515625 339.431243896484375 331.82501220703125 324.774993896484375 318.01251220703125 308.85626220703125 295.087493896484375 279.868743896484375 264.26251220703125 249.712493896484375 237.850006103515625 231.8937530517578125 227.8249969482421875 224.443756103515625 220.212493896484375 218.0812530517578125 213.493743896484375 207.975006103515625 202.162506103515625 196.318756103515625 189.15625 175.5500030517578125 160.2624969482421875 147.568756103515625 134.006256103515625 124.08750152587890625 121.34375 118.8000030517578125 116.4875030517578125 112.40000152587890625 108.5437469482421875 105.75 102.2312469482421875 98.91249847412109375 96.03125 91.9562530517578125 87.1687469482421875 82.83750152587890625 78.3625030517578125 72.3562469482421875 65 59.30625152587890625 55.03125 50.56874847412109375
335.493743896484375 330.243743896484375 321.100006103515625 313.60626220703125 305.9375 295.524993896484375 284.537506103515625 271.32501220703125 256.256256103515625 242.8937530517578125 231.712493896484375 225.5 220.993743896484375 217.40625 211.943756103515625 208.7375030517578125 202.875 195.7687530517578125 188.725006103515625 183.1624908447265625 176.899993896484375 167.443756103515625 157.1875 150.243743896484375 142.2624969482421875 133.837493896484375 128.21875 122.9562530517578125 118.125 111.83750152587890625 106.43125152587890625 102.4875030517578125 98.88124847412109375 96.25 93.4812469482421875 89.34999847412109375 85.78125 83.74375152587890625 82.0437469482421875 76.3312530517578125 68.3249969482421875 61.83750152587890625 57.16249847412109375 52.68125152587890625
323.42498779296875 317.86248779296875 309.287506103515625 301.67498779296875 293.5625 284.03125 273.11248779296875 260.39373779296875 247.3000030517578125 235.274993896484375 223.46875 215.8625030517578125 211.15625 207.5437469482421875 202.4875030517578125 197.15625 188.912506103515625 181.243743896484375 174.125 168.28125 163.087493896484375 158.1750030517578125 153.806243896484375 153.712493896484375 149.9812469482421875 142.568756103515625 135.5062408447265625 127.90625 120.28749847412109375 111.3312530517578125 104.3562469482421875 98.875 94.8562469482421875 92.33750152587890625 89.1750030517578125 84.90000152587890625 84.0749969482421875 83.6875 84.9375 81.24375152587890625 75.21875 67.93125152587890625 61.387500762939453125 55.25624847412109375
308.23126220703125 303.66876220703125 297.100006103515625 290.45001220703125 282.243743896484375 272.787506103515625 262.368743896484375 250.475006103515625 238.4250030517578125 225.7312469482421875 213.725006103515625 205.556243896484375 199.243743896484375 194.350006103515625 188.09375 181.25 171.3125 163.5 157.193756103515625 152.431243896484375 149.1374969482421875 147.681243896484375 148.8562469482421875 155.1125030517578125 156.9375 148.337493896484375 140.4250030517578125 130.2687530517578125 120.0625 109.59999847412109375 102.0124969482421875 97 90.94374847412109375 86.11875152587890625 82.34999847412109375 81.0437469482421875 81.8249969482421875 86.6437530517578125 93.59375 89.28749847412109375 82.90000152587890625 74.33750152587890625 65.53749847412109375 58.637500762939453125
292.82501220703125 290.07501220703125 285.350006103515625 279.287506103515625 271.975006103515625 263.76251220703125 253.9812469482421875 242.0812530517578125 229.8312530517578125 217.3312530517578125 205.1750030517578125 194.868743896484375 186.3562469482421875 178.524993896484375 170.568756103515625 162.087493896484375 152.306243896484375 144.1062469482421875 138.8562469482421875 134.4187469482421875 133.6125030517578125 135.1437530517578125 139.5187530517578125 148.225006103515625 152.6062469482421875 147.899993896484375 142.162506103515625 130.943756103515625 118.6062469482421875 106.21875 97.66249847412109375 92.3937530517578125 88.8000030517578125 85.96250152587890625 80.28749847412109375 74.02500152587890625 79.5187530517578125 86.9375 92.21875 91.4812469482421875 85.88124847412109375 77.86875152587890625 69.2937469482421875 62.287502288818359375
275.6875 276.42498779296875 273.3125 268.73126220703125 263 254.8937530517578125 245.1999969482421875 234.087493896484375 222.868743896484375 209.412506103515625 195.21875 183.693756103515625 172.600006103515625 162.3187408447265625 153.2312469482421875 145.1437530517578125 135.725006103515625 127.25 122 117.61875152587890625 118.6125030517578125 124.25624847412109375 128.28125 137.0625 142.53125 143.21875 138.2062530517578125 128.493743896484375 117.46250152587890625 103.75 93.21250152587890625 91.30625152587890625 92.69374847412109375 89.53125 84.56874847412109375 80.25 82.75624847412109375 86.86875152587890625 90.36875152587890625 90.36875152587890625 86.63124847412109375 81.60625457763671875 73.0812530517578125 66.0812530517578125
257.21875 261.39373779296875 259.51251220703125 256.26873779296875 252.181243896484375 245.84375 237.5124969482421875 227.2687530517578125 215.568756103515625 202.2687530517578125 187.212493896484375 173.3000030517578125 160.3125 148.118743896484375 138.4499969482421875 130.162506103515625 120.7062530517578125 114.4875030517578125 109.47499847412109375 106.41249847412109375 107.75 112.56874847412109375 120.5812530517578125 128.8249969482421875 134.287506103515625 135.3125 131.962493896484375 126.2687530517578125 116.0749969482421875 104.125 96 97.16249847412109375 98.15000152587890625 98.61875152587890625 97.59999847412109375 93.125 90.875 90.9187469482421875 91.3000030517578125 90.38124847412109375 88.0812530517578125 83.88124847412109375 76.71250152587890625 69.77500152587890625
