data/historical-monthly-weather-data/wc2.1_cruts4.09_10m_prec_1959-11.asc
ncols        51
nrows        45
xllcorner    -63.500000000000
yllcorner    -7.500000000000
cellsize     0.166666666667
NODATA_value -9999
[rows 19 to 37 of 45, columns 0 to 43 of 51]
177.787506103515625 184.6125030517578125 191.9499969482421875 200.1437530517578125 207.7687530517578125 212.5124969482421875 215.6374969482421875 217.212493896484375 216.6687469482421875 214.71875 210.756256103515625 204.9250030517578125 197.5187530517578125 189.693756103515625 183.9875030517578125 179.2687530517578125 175.006256103515625 177.40625 181.756256103515625 189.2937469482421875 200.962493896484375 209.100006103515625 215.256256103515625 217.0437469482421875 218.03125 216.2375030517578125 209.40625 199.774993896484375 182.9875030517578125 163.693756103515625 151.1125030517578125 151.931243896484375 157.46875 164.2062530517578125 169.743743896484375 175.2624969482421875 181.6437530517578125 188.3125 192.806243896484375 196.375 199.1125030517578125 200.6687469482421875 198.0124969482421875 195.868743896484375
173.6750030517578125 181.6062469482421875 190.193756103515625 198.868743896484375 206.3625030517578125 211.9499969482421875 216.8562469482421875 220.274993896484375 221.462493896484375 220.287506103515625 217.6062469482421875 213.149993896484375 206.9562530517578125 198.375 192 185.28125 179.8312530517578125 179.1437530517578125 183.0749969482421875 187.162506103515625 197.9875030517578125 207.4375 213.5 215.975006103515625 217.6875 216.381256103515625 209.25 197.3000030517578125 183.837493896484375 173.1437530517578125 164.743743896484375 163.3874969482421875 167.068756103515625 172.7375030517578125 178.693756103515625 185.975006103515625 191.3625030517578125 196.931243896484375 200.3000030517578125 203.556243896484375 205.0625 205.287506103515625 203.59375 200.5124969482421875
170.556243896484375 177.4375 186.7312469482421875 196.087493896484375 204.8562469482421875 211.024993896484375 217.3562469482421875 222.068756103515625 225.774993896484375 226.7624969482421875 225.6125030517578125 223.350006103515625 218.5500030517578125 210.118743896484375 202.149993896484375 194.212493896484375 188.75 186.037506103515625 186.381256103515625 188.96875 195.0562591552734375 202.1875 208.8249969482421875 211.274993896484375 212.4187469482421875 212.024993896484375 208.21875 199.350006103515625 190.5124969482421875 182.59375 174.4499969482421875 172.1875 175.46875 182.6437530517578125 190.375 197.4562530517578125 202.962493896484375 207.662506103515625 208.931243896484375 211.2375030517578125 211.7687530517578125 210.9375 209.1687469482421875 206.9250030517578125
167.725006103515625 175.6125030517578125 184.71875 194.337493896484375 203.6750030517578125 209.9875030517578125 216.0124969482421875 223.03125 229.0625 231.4875030517578125 233.0500030517578125 232.75 232.8312530517578125 225.493743896484375 213.556243896484375 202.943756103515625 195.6875 191.875 189.75 189.6999969482421875 194.0187530517578125 198.868743896484375 203.375 205.662506103515625 208.4875030517578125 209.7687530517578125 206.5500030517578125 201.5812530517578125 194.649993896484375 188.056243896484375 182.53125 180.412506103515625 185.4375 193.3000030517578125 200.9812469482421875 208.8125 214.631256103515625 217.181243896484375 217.1999969482421875 218.3312530517578125 219.0437469482421875 217.21875 214.8937530517578125 212.2624969482421875
165.4187469482421875 172.90625 181.881256103515625 190.4812469482421875 199.931243896484375 207.3625030517578125 214.162506103515625 221.9499969482421875 227.59375 231.399993896484375 234.462493896484375 239.068756103515625 242.75 234.7687530517578125 220.90625 209.462493896484375 201.2624969482421875 196.524993896484375 192.6687469482421875 190.1437530517578125 192.899993896484375 196.125 198.493743896484375 200.818756103515625 203.899993896484375 205.4562530517578125 206.2624969482421875 201.287506103515625 197.443756103515625 192.6437530517578125 189.8625030517578125 189.0812530517578125 194.1875 201.4812469482421875 209.7687530517578125 219.2937469482421875 225.53125 226.0437469482421875 225.8625030517578125 226.162506103515625 226.0437469482421875 224.1125030517578125 221.818756103515625 219.0124969482421875
165.6062469482421875 171.53125 179.875 188.243743896484375 198 204.568756103515625 210.806243896484375 217.9499969482421875 224.125 228.5812530517578125 232.9187469482421875 235.631256103515625 237.743743896484375 232.6687469482421875 222.337493896484375 212.306243896484375 204.3937530517578125 198.5124969482421875 194.0562591552734375 190.5187530517578125 191.3937530517578125 192.03125 194.0187530517578125 195.787506103515625 198.1750030517578125 202.225006103515625 203.2874908447265625 201.743743896484375 199.037506103515625 197.3249969482421875 195.318756103515625 195.443756103515625 200.5812530517578125 207.6437530517578125 214.743743896484375 222.725006103515625 229.2624969482421875 230.65625 231.46875 232.787506103515625 232.443756103515625 230.5500030517578125 229.7312469482421875 228.6374969482421875
168.649993896484375 173.943756103515625 179.0749969482421875 187.212493896484375 194.9187469482421875 200.5187530517578125 205.8625030517578125 212.212493896484375 217.9562530517578125 222.774993896484375 226.8562469482421875 229.4562530517578125 229.725006103515625 226.399993896484375 219.7375030517578125 212.4562530517578125 206.15625 200.3625030517578125 195.5 191.6374969482421875 190.8000030517578125 190.0500030517578125 189.65625 189.84375 193.4187469482421875 198.7624969482421875 201.756256103515625 202.431243896484375 201.850006103515625 201.4250030517578125 200.118743896484375 200.524993896484375 205.7687530517578125 211.087493896484375 217.399993896484375 224.287506103515625 229.993743896484375 233.53125 236.631256103515625 238.506256103515625 239.399993896484375 237.806243896484375 235.25 235.7062530517578125
173.6125030517578125 176.3562469482421875 180.149993896484375 185.462493896484375 190.5749969482421875 194.975006103515625 201.0187530517578125 206.3187408447265625 210.2937469482421875 215.125 220.28125 222.881256103515625 223.2312469482421875 221.350006103515625 216.7687530517578125 210.5437469482421875 205.587493896484375 200.875 196.5749969482421875 192.162506103515625 190.399993896484375 188.625 186.850006103515625 187.087493896484375 191.993743896484375 197.28125 200.381256103515625 202.024993896484375 203.34375 202.618743896484375 202.6875 203.475006103515625 209.1687469482421875 214.475006103515625 219.0437469482421875 225.131256103515625 230.412506103515625 233.818756103515625 238.7687530517578125 242.274993896484375 244.3625030517578125 242.6437530517578125 240.399993896484375 239.59375
178.912506103515625 179.1437530517578125 180.806243896484375 183.149993896484375 186.287506103515625 189.4812469482421875 194.493743896484375 199.7624969482421875 204.15625 208.787506103515625 212.6750030517578125 215.5625 216.4499969482421875 215.5625 212.931243896484375 208.4875030517578125 204.225006103515625 200.96875 197.125 193.375 191.7375030517578125 189.2937469482421875 188.9875030517578125 190.318756103515625 193.818756103515625 197.65625 200.006256103515625 202.256256103515625 203.625 203.337493896484375 202.8499908447265625 204.0749969482421875 209.7687530517578125 214.28125 219.787506103515625 225.350006103515625 230.125 234.899993896484375 239.274993896484375 245.9812469482421875 251.087493896484375 250.1437530517578125 243.8625030517578125 241.9875030517578125
183.943756103515625 181.662506103515625 180.0812530517578125 180.149993896484375 181.25 183.587493896484375 187.71875 192.5187530517578125 197.850006103515625 202.2312469482421875 206.2062530517578125 208.7375030517578125 210.568756103515625 210.381256103515625 208.7312469482421875 206.75 204.587493896484375 201.2062530517578125 198.03125 195.037506103515625 193.8000030517578125 191.7624969482421875 191.8874969482421875 194.0500030517578125 196.5812530517578125 199.1687469482421875 201.524993896484375 202.75 204.212493896484375 203.1875 202.850006103515625 203.5749969482421875 208.181243896484375 213.0124969482421875 219.1875 224.462493896484375 229.3937530517578125 233.631256103515625 238.524993896484375 244.4499969482421875 252.0437469482421875 250.3874969482421875 246.78125 249.993743896484375
187.4875030517578125 182.899993896484375 179.4250030517578125 176.125 176.1437530517578125 178.4562530517578125 182.25 186.881256103515625 191.931243896484375 195.6750030517578125 199.756256103515625 203.068756103515625 205.7062530517578125 207.243743896484375 206.662506103515625 205.65625 203.1999969482421875 201.6374969482421875 198.7937469482421875 196.4187469482421875 195.5437469482421875 195.5812530517578125 196.1750030517578125 197.1125030517578125 198.899993896484375 201.2062530517578125 202.7624969482421875 203.0687408447265625 203.4875030517578125 203.399993896484375 203.0749969482421875 203.7375030517578125 207.9499969482421875 213.225006103515625 218.65625 222.46875 226.0500030517578125 231.024993896484375 233.40625 237.7312469482421875 244.1999969482421875 250.1374969482421875 251.993743896484375 258.40625
189.59375 183.212493896484375 178.3312530517578125 173.787506103515625 171.7687530517578125 174.587493896484375 178.100006103515625 181.9812469482421875 185.8562469482421875 190.350006103515625 194.774993896484375 198.65625 202.587493896484375 203.9875030517578125 204.5999908447265625 204.6750030517578125 204.25 202.625 199.712493896484375 199.59375 199.787506103515625 200.256256103515625 201.0437469482421875 201.256256103515625 201.462493896484375 203.1374969482421875 203.3125 203.2624969482421875 202.818756103515625 202.6062469482421875 202.9499969482421875 204.2375030517578125 207.8000030517578125 213.618743896484375 217.725006103515625 220.6374969482421875 224.131256103515625 229.7937469482421875 230.6999969482421875 228.368743896484375 235.868743896484375 247.506256103515625 255.1750030517578125 262.3125
190.631256103515625 183.40625 177.625 173.2937469482421875 171.1999969482421875 171.787506103515625 174.46875 177.2937469482421875 180.875 184.96875 189.59375 194.4499969482421875 198.725006103515625 201.899993896484375 204.3625030517578125 205.681243896484375 206.037506103515625 204.993743896484375 203.8249969482421875 204.53125 205.15625 205.3125 205.5625 204.774993896484375 204.868743896484375 204.8312530517578125 203.693756103515625 202.78125 201.431243896484375 202.125 202.9375 203.9375 207.649993896484375 212.306243896484375 217.4562530517578125 220.2624969482421875 223.5124969482421875 227.3625030517578125 226.662506103515625 227.2937469482421875 237.78125 251.78125 262.587493896484375 275.57501220703125
189.3125 182.8562469482421875 177.2687530517578125 173.193756103515625 170.5500030517578125 169.756256103515625 170.9499969482421875 172.7062530517578125 175.59375 179.443756103515625 185.5 190.4562530517578125 196.243743896484375 202.3249969482421875 205.256256103515625 207.725006103515625 208.4812469482421875 209.8625030517578125 210.34375 211.431243896484375 212.037506103515625 211.2937469482421875 210.2249908447265625 208.625 207.9375 206.756256103515625 204.756256103515625 202.65625 201.443756103515625 202.03125 202.993743896484375 204.09375 207.3625030517578125 211.3249969482421875 216.84375 220.3249969482421875 224.625 227.7312469482421875 227.6374969482421875 234.5124969482421875 245.0500030517578125 258.306243896484375 272.33123779296875 289.76251220703125
187.0749969482421875 181.7687530517578125 176.59375 172.9499969482421875 169.5437469482421875 167.9250030517578125 167.1125030517578125 168 170.4875030517578125 173.881256103515625 179.5812530517578125 186.90625 194.806243896484375 201.4562530517578125 205.662506103515625 209.368743896484375 212.3249969482421875 214.84375 216.587493896484375 218.506256103515625 218.4187469482421875 217.1999969482421875 215.524993896484375 212.65625 210.725006103515625 208.1687469482421875 205.7937469482421875 202.618743896484375 200.7062530517578125 201.2624969482421875 202.46875 204.46875 207.587493896484375 211.3000030517578125 216.693756103515625 221.149993896484375 224.787506103515625 226.899993896484375 231.118743896484375 240.2312469482421875 249.931243896484375 263.318756103515625 280.712493896484375 300.943756103515625
185.806243896484375 181.318756103515625 176.5625 172.3249969482421875 168.8562469482421875 166.15625 163.899993896484375 163.625 164.3625030517578125 167.993743896484375 174.537506103515625 183.943756103515625 193.5437469482421875 202.7375030517578125 208.6687469482421875 212.212493896484375 216.524993896484375 220.056243896484375 222.649993896484375 224.899993896484375 224.9250030517578125 223.15625 220.4499969482421875 215.743743896484375 211.8312530517578125 208.9187469482421875 205.212493896484375 202.149993896484375 199.399993896484375 200.162506103515625 202.1750030517578125 204.2062530517578125 206.8937530517578125 211.2062530517578125 215.15625 218.6374969482421875 222.2125091552734375 228.9875030517578125 234.71875 242.3125 252.368743896484375 264.287506103515625 280.524993896484375 298.943756103515625
185.9250030517578125 181.693756103515625 177.3000030517578125 172.962493896484375 169.3312530517578125 166.3249969482421875 163.5187530517578125 160.9312591552734375 160.0187530517578125 161.962493896484375 169.212493896484375 180.037506103515625 192.3625030517578125 203.881256103515625 210.125 215.975006103515625 219.9375 224.3125 228.21875 231.850006103515625 231.1125030517578125 227.2062530517578125 223.21875 218.125 213.618743896484375 209.787506103515625 206.1875 203.2624969482421875 200.6687469482421875 200.318756103515625 202.6125030517578125 204.09375 206.8937530517578125 210.475006103515625 212.756256103515625 215.556243896484375 223.0500030517578125 229.5500030517578125 234.4562530517578125 242.5124969482421875 252.618743896484375 262.256256103515625 274.625 289.57501220703125
186.2937469482421875 182.725006103515625 178.912506103515625 175.0500030517578125 171.2062530517578125 167.868743896484375 163.9499969482421875 160.162506103515625 157.149993896484375 155.34375 164.03125 180.625 194.0187530517578125 204.568756103515625 211.7687530517578125 218.0625 222.875 227.3000030517578125 231.625 234.8625030517578125 233.212493896484375 228.712493896484375 224.287506103515625 218.743743896484375 213.78125 210.375 206.006256103515625 203.756256103515625 200.7624969482421875 200.8874969482421875 202.306243896484375 204.743743896484375 206.65625 209.725006103515625 211.475006103515625 215.5187530517578125 222.6125030517578125 229.600006103515625 235.149993896484375 240.5749969482421875 248.306243896484375 255.431243896484375 264.83123779296875 276.824981689453125
188.5187530517578125 184.943756103515625 181.15625 177.756256103515625 173.9499969482421875 170.5124969482421875 166.78125 162.787506103515625 159.4187469482421875 155.9187469482421875 170.006256103515625 188.037506103515625 198.443756103515625 207.375 214.225006103515625 220.4250030517578125 225.5 229.3562469482421875 232.6125030517578125 233.618743896484375 232.2062530517578125 228.4499969482421875 224.3249969482421875 218.0124969482421875 213.368743896484375 209.943756103515625 205.7624969482421875 203.6687469482421875 201.306243896484375 201.9499969482421875 201.03125 202.725006103515625 204.9499969482421875 207.625 209.587493896484375 214.8000030517578125 222.056243896484375 228.2687530517578125 234.962493896484375 240.6437530517578125 244.25 250.0625 254.8874969482421875 261.76873779296875
