data/historical-monthly-weather-data/wc2.1_cruts4.09_10m_prec_2009-05.asc
ncols        45
nrows        45
xllcorner    -63.500000000000
yllcorner    -7.500000000000
cellsize     0.166666666667
NODATA_value -9999
[rows 20 to 39 of 45, columns 0 to 43 of 45]
209.125 206.9375 202.0812530517578125 193.6437530517578125 185.59375 187.568756103515625 187.681243896484375 185.6875 185.59375 183.5749969482421875 181.7062530517578125 176.6437530517578125 168.0187530517578125 159.2375030517578125 148.318756103515625 139.306243896484375 128.7687530517578125 124.78125 124.86875152587890625 123.9562530517578125 134.693756103515625 145.9375 157.024993896484375 169.006256103515625 180 186.4187469482421875 188.8125 195.4250030517578125 202.0812530517578125 206.9812469482421875 214.2312469482421875 224.631256103515625 228.65625 235.306243896484375 247.431243896484375 265.78125 282.993743896484375 296.65625 304.23748779296875 307.33123779296875 309.475006103515625 305.10626220703125 305.23748779296875 312.79376220703125
203.4875030517578125 194.8312530517578125 193.274993896484375 189.9812469482421875 182.4187469482421875 182.3062591552734375 184.4375 185.131256103515625 185.65625 184.162506103515625 181.4562530517578125 175.225006103515625 167.1687469482421875 158.600006103515625 150.8000030517578125 140.3562469482421875 136.631256103515625 131.0187530517578125 129.84375 127.5187530517578125 132.368743896484375 141.9375 152.318756103515625 161.9562530517578125 169.8625030517578125 179.774993896484375 190.2687530517578125 197.056243896484375 209.118743896484375 216.125 219.850006103515625 223.9250030517578125 232.03125 241.681243896484375 248.9562530517578125 262.01251220703125 278.66876220703125 291.57501220703125 298.243743896484375 301.712493896484375 305.59375 302.725006103515625 302.45623779296875 307.01251220703125
198.274993896484375 195.975006103515625 192.6624908447265625 188.556243896484375 180.631256103515625 179.850006103515625 176.662506103515625 178.7312469482421875 183.8125 183.193756103515625 179.21875 173.274993896484375 168.9562530517578125 161.693756103515625 153.8562469482421875 144.975006103515625 138.443756103515625 133.8625030517578125 130.5625 128.274993896484375 133.8562469482421875 138.75 146.8000030517578125 156.087493896484375 167.725006103515625 177.1875 185.3000030517578125 197.3937530517578125 210.3125 216.5187530517578125 219.131256103515625 226.6062469482421875 237.5749969482421875 245.8249969482421875 254.6374969482421875 259.381256103515625 270.337493896484375 285.056243896484375 296.76251220703125 299.949981689453125 301.16876220703125 299.8125 298.962493896484375 302.212493896484375
191.4375 192.537506103515625 191.2687530517578125 184.475006103515625 175.2937469482421875 173.181243896484375 176.774993896484375 177.725006103515625 178.71875 177.568756103515625 175.8937530517578125 174.9250030517578125 170.806243896484375 166.243743896484375 156.9562530517578125 147.912506103515625 140.837493896484375 136.962493896484375 133.756256103515625 131.618743896484375 134.0124969482421875 138.5749969482421875 143.8874969482421875 155.993743896484375 165.9250030517578125 172.931243896484375 183.5187530517578125 196.4562530517578125 211.243743896484375 222.2375030517578125 231.1187591552734375 240.2624969482421875 251.5625 258.225006103515625 264.568756103515625 264.65625 277.91876220703125 288.29376220703125 295.83123779296875 299.67498779296875 299.431243896484375 300.1875 300.54998779296875 300.29376220703125
189.181243896484375 192.2375030517578125 188.6437530517578125 183.375 174.6999969482421875 173.8000030517578125 172.881256103515625 174.524993896484375 174.8125 175.2062530517578125 173.5187530517578125 171.912506103515625 171.493743896484375 167.6374969482421875 158.1374969482421875 150.306243896484375 144.850006103515625 140.0124969482421875 135.274993896484375 132.6125030517578125 135.96875 138.4562530517578125 144.118743896484375 155.1999969482421875 165.274993896484375 177.806243896484375 188.962493896484375 203.243743896484375 217.8937530517578125 233.068756103515625 243.6374969482421875 259.08123779296875 269.26251220703125 274.743743896484375 274.431243896484375 276.375 285.443756103515625 288.73748779296875 294.16876220703125 297.89373779296875 299.34375 297.86248779296875 298.08123779296875 294.618743896484375
190.9562530517578125 195.943756103515625 186.78125 179.75 168.375 167.1374969482421875 166.4875030517578125 167.9250030517578125 166.5625 165.225006103515625 168.556243896484375 170 168.6374969482421875 166.662506103515625 161.162506103515625 153.3625030517578125 147.8000030517578125 142.6125030517578125 137.3562469482421875 133.46875 136.243743896484375 138.212493896484375 143.243743896484375 152.875 165.875 178.5812530517578125 195.006256103515625 210.1750030517578125 224.9875030517578125 241.3375091552734375 257.931243896484375 281.26873779296875 292.649993896484375 290.08123779296875 286.268768310546875 288.462493896484375 290.41876220703125 293.375 291.431243896484375 293.568756103515625 296.07501220703125 292.07501220703125 288.712493896484375 288.84375
185.0812530517578125 183.1999969482421875 178.537506103515625 171.8625030517578125 162.837493896484375 162.1437530517578125 161.3312530517578125 160.1062469482421875 160.25 164.0812530517578125 166.3125 166.7937469482421875 168.431243896484375 168.65625 163.431243896484375 157.431243896484375 150.6687469482421875 144.274993896484375 141.631256103515625 136.9375 137.3312530517578125 139.100006103515625 143.21875 155.6062469482421875 168.774993896484375 182.412506103515625 199.0124969482421875 214.8312530517578125 231.412506103515625 245.8125 266.51873779296875 290.25 307.28125 299.931243896484375 292.162506103515625 291.631256103515625 296.600006103515625 295.493743896484375 293.162506103515625 294.643768310546875 295.10626220703125 291.07501220703125 287.67498779296875 284.10626220703125
179.4562530517578125 173.65625 169.2624969482421875 162.506256103515625 156.931243896484375 157.3937530517578125 157.3625030517578125 155.1125030517578125 156.774993896484375 160.3874969482421875 162.087493896484375 163.649993896484375 166.8000030517578125 167.9937591552734375 164.6062469482421875 157.53125 153.0500030517578125 149.587493896484375 146.600006103515625 142.25 141.568756103515625 141.1875 145.837493896484375 157.5 171.443756103515625 184.15625 201.537506103515625 217.7687530517578125 235.493743896484375 250.625 268.98126220703125 288.975006103515625 301.162506103515625 298.162506103515625 296.28125 295.787506103515625 296.600006103515625 299.23748779296875 299.225006103515625 296.412506103515625 294.01251220703125 292.524993896484375 289.26251220703125 287.08123779296875
171.0812530517578125 164.493743896484375 159.5 154.9812469482421875 151.09375 148.9562530517578125 147.9875030517578125 149.3562469482421875 153.818756103515625 155.4875030517578125 157.84375 161.6750030517578125 165.318756103515625 169.4875030517578125 168.0437469482421875 164.21875 159.7375030517578125 154.962493896484375 150.806243896484375 146.649993896484375 145.3625030517578125 143.774993896484375 146.3625030517578125 157.7312469482421875 171.3125 182.5437469482421875 200.2312469482421875 218.712493896484375 236.412506103515625 249.631256103515625 265.85626220703125 279.95001220703125 288.71875 290.493743896484375 294.787506103515625 295.85626220703125 298.4375 298.65625 298.51873779296875 295.48126220703125 288.34375 283.83123779296875 286.38751220703125 290.875
166.306243896484375 159.037506103515625 152.962493896484375 146.90625 143.0437469482421875 143.5187530517578125 143.3125 146.399993896484375 149.7062530517578125 150.7687530517578125 154.287506103515625 159.2624969482421875 164.3874969482421875 170.0500030517578125 169.9937591552734375 168.0187530517578125 164.818756103515625 162.8125 157.787506103515625 151.8125 149.8687591552734375 148.7375030517578125 149.850006103515625 159.5187530517578125 170.0625 184.2937469482421875 198.6437530517578125 213.0500030517578125 229.631256103515625 242.75 257.493743896484375 268.4375 277.3125 283.931243896484375 290.53125 291.14373779296875 300.131256103515625 302.337493896484375 300.48748779296875 303.818756103515625 301.82501220703125 295.29998779296875 291.03125 289.28125
161.7624969482421875 153.806243896484375 146.90625 142.65625 139.9375 140 141.618743896484375 142.78125 146.125 148.84375 152.462493896484375 156.9499969482421875 164.818756103515625 168.8312530517578125 170.368743896484375 171.5500030517578125 171.118743896484375 167.8125 163.975006103515625 159.618743896484375 154.8000030517578125 151.662506103515625 151.8312530517578125 158.943756103515625 168.53125 183.131256103515625 195.743743896484375 207.9187469482421875 223.412506103515625 234.506256103515625 248.7312469482421875 256.85626220703125 265.86248779296875 274.85626220703125 282.16876220703125 283.60626220703125 292.96875 301.11248779296875 305.037506103515625 306.40625 310.45001220703125 302.76873779296875 296.681243896484375 289.67498779296875
154.28125 146.5187530517578125 141.21875 138.462493896484375 137.4562530517578125 136.631256103515625 139.8249969482421875 139.131256103515625 142.181243896484375 144.725006103515625 148.3874969482421875 152.712493896484375 160.40625 167.631256103515625 170.212493896484375 173.78125 172.5124969482421875 169.274993896484375 165.881256103515625 162.2687530517578125 156.3312530517578125 152.8249969482421875 151.59375 158.7687530517578125 170.100006103515625 180.787506103515625 192.6125030517578125 202.725006103515625 213.9562530517578125 225.443756103515625 234.25 243.556243896484375 252.0187530517578125 261.78125 271.98748779296875 276.243743896484375 284.8125 295.193756103515625 299.03125 308.07501220703125 312.34375 307.1875 302.28125 300.318756103515625
149.193756103515625 143.5500030517578125 138.8874969482421875 137.4187469482421875 135.1875 134.2937469482421875 136.1875 136.412506103515625 139.28125 143.068756103515625 149.350006103515625 154.15625 161.3874969482421875 169.693756103515625 172.431243896484375 174.3312530517578125 174.3874969482421875 173.6062469482421875 168.4187469482421875 164.6875 158.3874969482421875 155.5625 152.993743896484375 160.1687469482421875 169.131256103515625 178.6687469482421875 187.6812591552734375 197.21875 205.243743896484375 214.149993896484375 223.087493896484375 230.5500030517578125 237.4812469482421875 251.09375 260.65625 270.16876220703125 275.79376220703125 286.443756103515625 290.737518310546875 302.86248779296875 306.881256103515625 306.78125 304.600006103515625 306.35626220703125
144.96875 139.9250030517578125 137.881256103515625 136.34375 135.462493896484375 133.649993896484375 133.7687530517578125 133.2312469482421875 135.5 139.243743896484375 144.9875030517578125 153.0500030517578125 159.681243896484375 166.4250030517578125 171.506256103515625 176.212493896484375 178.162506103515625 176.431243896484375 169.9437408447265625 164.7375030517578125 160.899993896484375 158.3125 155.618743896484375 159.6687469482421875 167.0437469482421875 173.6374969482421875 180.625 188.1125030517578125 196.8000030517578125 204.2937469482421875 211.9499969482421875 218.4562530517578125 226.7687530517578125 236.912506103515625 248.412506103515625 257.100006103515625 266.25 272.45001220703125 281.16876220703125 290.149993896484375 294.399993896484375 299.693756103515625 304.48748779296875 308.39373779296875
140.0187530517578125 136.412506103515625 135.618743896484375 135.5812530517578125 135.1750030517578125 133.2312469482421875 130.6374969482421875 130.21875 130.1875 134.3000030517578125 141.2312469482421875 149.9187469482421875 159.7624969482421875 168.837493896484375 173.90625 178.225006103515625 180.09375 178.2624969482421875 172.037506103515625 164.8625030517578125 161.21875 157.350006103515625 155.8000030517578125 158.2062530517578125 163 167.9187469482421875 175.8312530517578125 183.006256103515625 189.943756103515625 197.181243896484375 202.368743896484375 207.756256103515625 213.693756103515625 224.3562469482421875 229.2624969482421875 239.462493896484375 246.087493896484375 260.4375 268.412506103515625 274.82501220703125 279.9375 282.96875 289.04998779296875 297.212493896484375
139.0625 136.975006103515625 135.193756103515625 134.5749969482421875 133.506256103515625 131.568756103515625 128.4812469482421875 128.21875 128.3125 129.96875 135.7375030517578125 147.899993896484375 160.4812469482421875 168.90625 175.40625 179.15625 180.912506103515625 176.7624969482421875 172.493743896484375 165.3625030517578125 162.0187530517578125 158.4562530517578125 156.181243896484375 158.0124969482421875 160.5374908447265625 163.318756103515625 171.693756103515625 178.1125030517578125 181.712493896484375 187.524993896484375 192.875 197.443756103515625 202.34375 207.4437408447265625 213.28125 220.7312469482421875 234.337493896484375 241.5124969482421875 249.21875 259.731231689453125 263.774993896484375 270.875 274.737518310546875 282.29376220703125
139.181243896484375 138.1875 136.2312469482421875 135.34375 134.881256103515625 131.8874969482421875 129.337493896484375 126.99375152587890625 126.02500152587890625 123.88750457763671875 134.46875 153.306243896484375 164.712493896484375 171.5749969482421875 176.787506103515625 180.149993896484375 180.2937469482421875 175.5500030517578125 171.2624969482421875 163.4375 161.087493896484375 158.118743896484375 154.7375030517578125 155.3937530517578125 157 160.2687530517578125 165.8249969482421875 170.34375 173.274993896484375 179.100006103515625 184.8874969482421875 189.9812469482421875 193.3312530517578125 194.9250030517578125 200.556243896484375 209.837493896484375 219.631256103515625 228.600006103515625 234.03125 240.493743896484375 244.5749969482421875 248.381256103515625 258.54376220703125 267.29376220703125
139.875 138.7249908447265625 138.3249969482421875 136.96875 137.2937469482421875 135.118743896484375 132.756256103515625 129.6062469482421875 128.493743896484375 126.15625 145.3874969482421875 164.743743896484375 172.0500030517578125 177.2624969482421875 180.256256103515625 182.09375 181.0187530517578125 176.8562469482421875 170.443756103515625 164.306243896484375 159.4562530517578125 156.649993896484375 153.506256103515625 153.087493896484375 153.4312591552734375 155.0625 157.6437530517578125 164.493743896484375 167.9187469482421875 171.5749969482421875 175.350006103515625 180.0625 184.15625 183.975006103515625 185.5500030517578125 194.125 205.125 212.475006103515625 221.2312469482421875 224.65625 229.193756103515625 233.912506103515625 236.3937530517578125 240.524993896484375
140.256256103515625 139.1125030517578125 138.6687469482421875 138.4375 136.837493896484375 135.8874969482421875 135.975006103515625 136.9562530517578125 141.2375030517578125 152.381256103515625 175.493743896484375 181.1750030517578125 180.2312469482421875 182.4812469482421875 183.556243896484375 183.7062530517578125 182.412506103515625 177.3562469482421875 171.350006103515625 163.9875030517578125 157.2937469482421875 152.21875 150.0625 150.4812469482421875 149.1062469482421875 149.649993896484375 153.6437530517578125 159.1125030517578125 160.350006103515625 165.0500030517578125 166.3125 166.162506103515625 170.631256103515625 173.993743896484375 179.5 185.6687469482421875 192.306243896484375 201.693756103515625 204.556243896484375 205.1437530517578125 211.9812469482421875 215.3125 215.4499969482421875 220.962493896484375
142.7937469482421875 140.993743896484375 141.4875030517578125 141.131256103515625 140.7624969482421875 140.4250030517578125 140.318756103515625 146.0187530517578125 153.712493896484375 165.2375030517578125 177.2062530517578125 184.6750030517578125 184.15625 184.28125 186.28125 183.90625 180.65625 175.037506103515625 168.149993896484375 162.1062469482421875 154.056243896484375 149.125 144.375 144.15625 144.1374969482421875 145.2062530517578125 147.59375 151.2375030517578125 152.431243896484375 155.96875 158.7937469482421875 161.975006103515625 165.0124969482421875 169.118743896484375 173.837493896484375 177.931243896484375 182.5437469482421875 190.181243896484375 192.100006103515625 189.162506103515625 192.943756103515625 195.6437530517578125 193.881256103515625 194.8937530517578125
