data/historical-monthly-weather-data/wc2.1_cruts4.09_10m_prec_1993-03.asc
ncols        45
nrows        45
xllcorner    -63.500000000000
yllcorner    -7.500000000000
cellsize     0.166666666667
NODATA_value -9999
[rows 20 to 39 of 45, columns 0 to 43 of 45]
172.1062469482421875 187.5500030517578125 199.4250030517578125 211.28125 223.475006103515625 233.4562530517578125 242.4562530517578125 249.8874969482421875 255.59375 258.29376220703125 258.556243896484375 257.243743896484375 256.14373779296875 256.32501220703125 249.5187530517578125 238.4375 229.087493896484375 225.649993896484375 225.618743896484375 226.75 235.65625 245.8249969482421875 254.8000030517578125 263.6875 273.181243896484375 282.95001220703125 290.350006103515625 297.087493896484375 303.399993896484375 307.181243896484375 305.67498779296875 299.03125 284.03125 265 247.25 266.493743896484375 294.125 310.26251220703125 318.88751220703125 322.087493896484375 321.98748779296875 318.98748779296875 314.125 309.75
162.1062469482421875 178.4812469482421875 191.6062469482421875 203.96875 216.8125 227.9499969482421875 238.0437469482421875 247.0625 253.2687530517578125 253.9250030517578125 250.4812469482421875 246.125 242.3312530517578125 240.7312469482421875 236.881256103515625 231.100006103515625 226.3249969482421875 224.524993896484375 224.399993896484375 225.1875 230.662506103515625 237.71875 247.1374969482421875 255.118743896484375 264.725006103515625 276.318756103515625 287.10626220703125 293.993743896484375 299.881256103515625 302.875 300.568756103515625 294.36248779296875 282.42498779296875 269.9375 263.431243896484375 275.63751220703125 297.15625 312.95623779296875 321.48748779296875 323.318756103515625 321.993743896484375 318.63751220703125 314.162506103515625 309.75
154.618743896484375 172.3312530517578125 185.1125030517578125 197.756256103515625 210.3937530517578125 221.1312408447265625 231.225006103515625 242.7687530517578125 251.568756103515625 249.1437530517578125 242.399993896484375 233.8312530517578125 227.087493896484375 225.7624969482421875 225.9375 224.256256103515625 221.774993896484375 221.4812469482421875 221.65625 222.3874969482421875 226.1125030517578125 230.1062469482421875 235.9250030517578125 243.28125 254.6875 268.193756103515625 279.975006103515625 288.568756103515625 294.51873779296875 296.899993896484375 296.34375 294.88751220703125 290.48748779296875 285.13751220703125 286.92498779296875 297.131256103515625 311.32501220703125 322.23748779296875 327.16876220703125 326.850006103515625 323.743743896484375 319.45623779296875 314.95001220703125 309.58123779296875
150.181243896484375 167.21875 179.6125030517578125 191.8249969482421875 203.96875 214.087493896484375 225.0187530517578125 236.4250030517578125 244.306243896484375 240.962493896484375 233.2062530517578125 225.625 217.037506103515625 217.4875030517578125 220.5124969482421875 221.431243896484375 221.306243896484375 221.8937530517578125 221.03125 220.712493896484375 222.306243896484375 223.8249969482421875 226.943756103515625 233.2375030517578125 242.725006103515625 255.568756103515625 268.212493896484375 279.600006103515625 288.28125 294.35626220703125 298.649993896484375 300.931243896484375 300.725006103515625 300.962493896484375 305.90625 316.524993896484375 326.96875 331.17498779296875 331.4375 329.38751220703125 325.868743896484375 320.54998779296875 315.76873779296875 309.475006103515625
148.962493896484375 164.4812469482421875 174.7687530517578125 186.1125030517578125 198.3000030517578125 208.100006103515625 217.09375 225.931243896484375 231.4499969482421875 231.131256103515625 227.625 221.75 217.975006103515625 218.068756103515625 219.537506103515625 221.681243896484375 222.3125 223.212493896484375 222.662506103515625 220.368743896484375 218.7937469482421875 217.631256103515625 217.462493896484375 220.625 230.337493896484375 245.6437530517578125 258.506256103515625 272.806243896484375 283.912506103515625 294.818756103515625 302.16876220703125 307.58123779296875 311.024993896484375 314.024993896484375 318.774993896484375 324.243743896484375 331.412506103515625 334.318756103515625 333.131256103515625 332.01873779296875 328.48126220703125 322.51251220703125 315.693756103515625 311.243743896484375
150.243743896484375 165.1999969482421875 172.9562530517578125 182.8562469482421875 192.6437530517578125 201.1374969482421875 208.9250030517578125 216.1374969482421875 220.59375 221.931243896484375 221.337493896484375 220.125 219.5124969482421875 219.9875030517578125 221.524993896484375 224.1750030517578125 224.868743896484375 226.212493896484375 226.0124969482421875 221.837493896484375 218.8562469482421875 213.4875030517578125 208.506256103515625 207.881256103515625 218.993743896484375 236.8625030517578125 253.568756103515625 268.125 281.8125 295.54376220703125 306.537506103515625 315.96875 321.92498779296875 324.29376220703125 326.818756103515625 329.556243896484375 333.65625 335.587493896484375 335.162506103515625 333.5 330.587493896484375 323.51251220703125 313.91876220703125 308.131256103515625
154.9375 166.59375 174.1125030517578125 181.8937530517578125 189.850006103515625 197.1437530517578125 203.3625030517578125 209.068756103515625 213.1437530517578125 216.181243896484375 218.068756103515625 219.149993896484375 220.412506103515625 222.381256103515625 225.274993896484375 228.28125 231.256256103515625 232.056243896484375 231.193756103515625 228.256256103515625 222.712493896484375 215.3312530517578125 205.8000030517578125 202.7687530517578125 216.8125 234.3000030517578125 251.7937469482421875 266.381256103515625 280.837493896484375 295.51251220703125 308.79998779296875 321.868743896484375 330.024993896484375 330.381256103515625 330.649993896484375 332.65625 336.0625 337.28125 337.36248779296875 336.66876220703125 332.54998779296875 323.88751220703125 312.443756103515625 304.32501220703125
160.5749969482421875 169.7312469482421875 176.0562591552734375 182.506256103515625 188.2375030517578125 193.975006103515625 200.1750030517578125 205.006256103515625 208.90625 212.4499969482421875 214.837493896484375 217.4375 220.6437530517578125 224.2375030517578125 228.524993896484375 232.743743896484375 237.3562469482421875 240.4812469482421875 240.493743896484375 238.1875 232.4812469482421875 224.256256103515625 218.3937530517578125 216.806243896484375 225.6374969482421875 239.6062469482421875 254.725006103515625 269.14373779296875 282.681243896484375 295.787506103515625 308.70623779296875 320.83123779296875 328.67498779296875 329.631256103515625 330.5 332.98748779296875 334.8125 337.443756103515625 338.98126220703125 340.506256103515625 340.01251220703125 329.493743896484375 313.92498779296875 304.681243896484375
166.306243896484375 173.40625 178.5 183.087493896484375 188.6437530517578125 193.037506103515625 197.100006103515625 201.337493896484375 205.493743896484375 208.9562530517578125 212.5812530517578125 216.6750030517578125 221.0812530517578125 226.375 233 239.7687530517578125 247.09375 251.3874969482421875 253.2687530517578125 252.318756103515625 246.712493896484375 239.1125030517578125 234.6374969482421875 232.618743896484375 238.681243896484375 248.0124969482421875 260.20623779296875 273.07501220703125 285.412506103515625 297.381256103515625 307.78125 317.75 324.8125 327.45001220703125 329.5 332.243743896484375 333.618743896484375 336.412506103515625 338.73126220703125 340.29376220703125 343.83123779296875 332.931243896484375 317.287506103515625 315.39373779296875
176.0437469482421875 181.006256103515625 184.3499908447265625 187.4812469482421875 191.368743896484375 193.7312469482421875 196.837493896484375 200.1750030517578125 204.225006103515625 207.631256103515625 211.649993896484375 217.818756103515625 224.6374969482421875 231.6437530517578125 239.5187530517578125 247.681243896484375 256.087493896484375 264.86248779296875 268.743743896484375 266.1875 260.243743896484375 253.899993896484375 249.4499969482421875 248.006256103515625 251.2375030517578125 258.375 268.34375 278.48126220703125 288.243743896484375 297.78125 306.83123779296875 314.3125 320.20001220703125 325.056243896484375 328.29376220703125 330.36248779296875 331.725006103515625 334.98748779296875 333.67498779296875 334.54998779296875 338.212493896484375 335.91876220703125 328.756256103515625 331.82501220703125
185.1125030517578125 187.787506103515625 189.587493896484375 191.975006103515625 194.7312469482421875 195.3625030517578125 197.8000030517578125 200.006256103515625 203.506256103515625 207.0437469482421875 211.493743896484375 218.6062469482421875 227.1374969482421875 235.193756103515625 244.5812530517578125 254.6937408447265625 266.1875 276.23126220703125 283.75 281.024993896484375 274.63751220703125 267.5 263.76251220703125 261.67498779296875 262.756256103515625 269.037506103515625 275.89373779296875 282.943756103515625 291.21875 298.712493896484375 306.14373779296875 313.32501220703125 318.774993896484375 323.54376220703125 327.350006103515625 328.29376220703125 329.76873779296875 333.3125 330.29998779296875 324.381256103515625 329.725006103515625 336.625 339.20001220703125 343.73748779296875
193.3937530517578125 194.087493896484375 194.5124969482421875 195.625 197.431243896484375 197.0812530517578125 198.568756103515625 199.4250030517578125 202.4562530517578125 205.9187469482421875 210.5124969482421875 218.6437530517578125 227.912506103515625 238.431243896484375 249.7312469482421875 261.64373779296875 272.0625 282.006256103515625 289.681243896484375 290.912506103515625 284.875 279.70623779296875 275.068756103515625 272.23748779296875 274.29376220703125 277.868743896484375 281.881256103515625 288.04998779296875 293.225006103515625 299.92498779296875 306.537506103515625 312.6875 316.85626220703125 321.4375 325.36248779296875 326.587493896484375 329.54376220703125 332.006256103515625 326.48126220703125 324 332.943756103515625 344.243743896484375 351.36248779296875 361.756256103515625
203.837493896484375 203.7687530517578125 202.725006103515625 202.3249969482421875 202.0187530517578125 201.399993896484375 200.9562530517578125 200.4562530517578125 202.1062469482421875 205.6062469482421875 211.8937530517578125 220.712493896484375 232.0187530517578125 245.649993896484375 257.1875 268.399993896484375 278.024993896484375 288.17498779296875 294.96875 297.875 294.85626220703125 290.431243896484375 285.53125 283.4375 283.681243896484375 285.23748779296875 287.64373779296875 291.91876220703125 296.875 302.149993896484375 307.73126220703125 313.037506103515625 317.537506103515625 321.83123779296875 324.631256103515625 327.9375 331.04376220703125 332.524993896484375 329.118743896484375 334.38751220703125 343.787506103515625 354.875 365.65625 378.274993896484375
214.3125 213.337493896484375 211.9499969482421875 210.2562408447265625 208.5187530517578125 205.9875030517578125 203.681243896484375 201.899993896484375 202.40625 205.056243896484375 210.9499969482421875 222.9875030517578125 236.6062469482421875 250.3000030517578125 261.58123779296875 273.493743896484375 284.5625 294.09375 299.881256103515625 303.60626220703125 302.70001220703125 299.037506103515625 295.61248779296875 291.79998779296875 290.756256103515625 290.118743896484375 292.15625 294.806243896484375 299.96875 304.0625 308.024993896484375 313.756256103515625 318.70001220703125 322.4375 326.568756103515625 329.912506103515625 332.42498779296875 333.556243896484375 336.23126220703125 343.23126220703125 351.350006103515625 362.6875 377.25 392.14373779296875
224.9375 223.7312469482421875 221.5187530517578125 218.318756103515625 214.193756103515625 210.78125 206.7062530517578125 204.15625 202.774993896484375 203.90625 210.40625 224.962493896484375 241.350006103515625 256.506256103515625 269.01873779296875 279.65625 290.61248779296875 299.725006103515625 305.8125 309.774993896484375 309.912506103515625 306.36248779296875 302.78125 297.88751220703125 296.08123779296875 294.89373779296875 295.318756103515625 298 301.037506103515625 305.306243896484375 310.04376220703125 315.28125 319.59375 323.806243896484375 327.09375 329.443756103515625 331.975006103515625 337.537506103515625 342.65625 349.274993896484375 357.381256103515625 367.03125 381.024993896484375 396.381256103515625
237.600006103515625 235.21875 232.006256103515625 228.162506103515625 223.7062530517578125 219.40625 215.4250030517578125 211.0437469482421875 207.90625 208.662506103515625 215.1999969482421875 230.1374969482421875 247.9812469482421875 264.1875 276.46875 287.774993896484375 297.71875 306.412506103515625 313.66876220703125 318.79998779296875 317.756256103515625 313.274993896484375 308.32501220703125 303.70001220703125 300.82501220703125 298.66876220703125 298.54998779296875 301.006256103515625 303.67498779296875 307.287506103515625 312.28125 316.8125 319.875 324.63751220703125 327.6875 329.4375 334.13751220703125 339.412506103515625 342.92498779296875 349.9375 358.5 367.074981689453125 377.618743896484375 392.256256103515625
249.5437469482421875 246.881256103515625 243.3937530517578125 238.875 234.5500030517578125 230.568756103515625 225.8312530517578125 220.8562469482421875 215.662506103515625 212.71875 221.662506103515625 240.837493896484375 258.33123779296875 272.193756103515625 284.92498779296875 295.38751220703125 304.412506103515625 312.756256103515625 320.67498779296875 324.193756103515625 322.82501220703125 317.79376220703125 312.600006103515625 306.4375 302.66876220703125 300.412506103515625 300.3125 303.36248779296875 305.568756103515625 309.53125 313.79998779296875 317.8125 321.9375 326.662506103515625 329.125 331.83123779296875 336.3125 341.32501220703125 344.76873779296875 348.681243896484375 354.78125 362.287506103515625 372.037506103515625 384.381256103515625
261.63751220703125 259.100006103515625 254.943756103515625 250.587493896484375 247.0437469482421875 243.662506103515625 239.3562469482421875 233.899993896484375 229.7062530517578125 224.9375 240.868743896484375 260.28125 272.975006103515625 283.9375 294.318756103515625 304.11248779296875 311.09375 318.381256103515625 324.631256103515625 326.82501220703125 323.037506103515625 317.90625 314.006256103515625 307.368743896484375 303.475006103515625 301.631256103515625 301.41876220703125 305.03125 307.9375 311.54376220703125 314.631256103515625 318.068756103515625 322.35626220703125 327.53125 329.48748779296875 333.475006103515625 337.475006103515625 340.1875 344.34375 348.506256103515625 351.212493896484375 358.381256103515625 365.09375 371.662506103515625
271.274993896484375 269.45623779296875 266.837493896484375 263.85626220703125 261.41876220703125 258.39373779296875 256.537506103515625 253.868743896484375 255.03125 263.70001220703125 282.850006103515625 291.01873779296875 296.70001220703125 303.86248779296875 311.837493896484375 318.681243896484375 323.100006103515625 326.875 329.08123779296875 327.993743896484375 321.20001220703125 315.08123779296875 310.54376220703125 305.162506103515625 302.16876220703125 301.48748779296875 302.41876220703125 305.46875 308.91876220703125 312.46875 316.368743896484375 318.568756103515625 322 327.1875 332.524993896484375 334.837493896484375 337.21875 340.73748779296875 342.60626220703125 344.21875 346.074981689453125 352.65625 357.36248779296875 363.15625
281.14373779296875 280.381256103515625 279.20623779296875 277.149993896484375 276.649993896484375 276.96875 276.118743896484375 278.36248779296875 283.41876220703125 292.662506103515625 305.256256103515625 314.95623779296875 321.20001220703125 326.04376220703125 331.899993896484375 335.36248779296875 336.85626220703125 336.48126220703125 333.618743896484375 329.63751220703125 319.98748779296875 312.09375 305.23748779296875 300.48748779296875 299.618743896484375 300.23126220703125 301.399993896484375 305.41876220703125 309.08123779296875 312.068756103515625 314.537506103515625 319.306243896484375 325.449981689453125 329.725006103515625 334.45001220703125 337.01251220703125 337.60626220703125 339.51251220703125 341.587493896484375 340.21875 339.975006103515625 345.175018310546875 348.88751220703125 352.693756103515625
