data/historical-monthly-weather-data/wc2.1_cruts4.09_10m_prec_2006-08.asc
ncols        51
nrows        45
xllcorner    -63.500000000000
yllcorner    -7.500000000000
cellsize     0.166666666667
NODATA_value -9999
[rows 19 to 37 of 45, columns 0 to 43 of 51]
92.31874847412109375 89.90000152587890625 87.1875 85.27500152587890625 82.52500152587890625 80.8000030517578125 78.3562469482421875 75.53125 74.6687469482421875 72.53125 69.50624847412109375 63.987499237060546875 56.28125 48.956249237060546875 43.325000762939453125 37.90625 31.893749237060546875 30.075000762939453125 29.712499618530273438 30.987499237060546875 30.950000762939453125 32.375 36.125 38.96250152587890625 40.49375152587890625 40.456249237060546875 40.46250152587890625 39.33750152587890625 37.11875152587890625 33.924999237060546875 33.268749237060546875 38.34375 41.825000762939453125 45.93125152587890625 50.50624847412109375 53.887500762939453125 56.299999237060546875 58.387500762939453125 58.237499237060546875 55.9375 51.40000152587890625 47.53125 44.65625 42.00624847412109375
86.97499847412109375 87.03749847412109375 86.5625 85.2937469482421875 82.03749847412109375 80.49375152587890625 79.13124847412109375 77.28749847412109375 76.75624847412109375 74.63124847412109375 72.1875 67.84999847412109375 60.043750762939453125 52.375 45.72499847412109375 40.00624847412109375 34.59375 31.418750762939453125 31.75 32.299999237060546875 34.268749237060546875 36.875 39.78125 42.762500762939453125 45.268749237060546875 44.30625152587890625 42.012500762939453125 40.375 38.91249847412109375 38.581249237060546875 39.46250152587890625 42.5625 44.125 46.143749237060546875 50.049999237060546875 52.918750762939453125 56.112499237060546875 57.981250762939453125 57.08750152587890625 55.137500762939453125 51.106250762939453125 47.99375152587890625 45.43125152587890625 42.424999237060546875
84.63124847412109375 83.71875 84.3125 84.8249969482421875 83.375 81.4187469482421875 81.1374969482421875 78.7937469482421875 78.84999847412109375 76.69374847412109375 75.78125 73.91249847412109375 70.03125 62.53125 54.481250762939453125 46.24375152587890625 41.612499237060546875 38.331249237060546875 37.49375152587890625 37.737499237060546875 37.61875152587890625 39.59375 42.700000762939453125 45.168750762939453125 46.40625 46.09999847412109375 46.887500762939453125 44.66249847412109375 43.41249847412109375 42.875 43.268749237060546875 44.549999237060546875 45.3125 46.768749237060546875 47.86875152587890625 50.575000762939453125 54.5625 57.5 57.09999847412109375 54.75624847412109375 51.075000762939453125 47.90000152587890625 44.69374847412109375 42.84999847412109375
82.66249847412109375 84.6750030517578125 86.5749969482421875 86.4250030517578125 85.8937530517578125 84.36875152587890625 81.9812469482421875 79.44374847412109375 80.63124847412109375 81.36875152587890625 82.65000152587890625 82.93125152587890625 81.8937530517578125 74.9812469482421875 64.59375 55.018749237060546875 48.03125 44.40000152587890625 42.831249237060546875 42.018749237060546875 42.13124847412109375 43.950000762939453125 46.38124847412109375 46.387500762939453125 48.424999237060546875 49.44374847412109375 49.831249237060546875 48.875 46.668750762939453125 44.993747711181640625 44.88124847412109375 46.05625152587890625 46.15625 45.77500152587890625 45.53749847412109375 45.99375152587890625 49.75 55.049999237060546875 56.143749237060546875 53.55625152587890625 50.643749237060546875 47.143749237060546875 44.106250762939453125 42.106250762939453125
84.21875 88.36875152587890625 91.33750152587890625 89.3562469482421875 87.91249847412109375 86.6374969482421875 85.61875152587890625 84.53749847412109375 83.0812530517578125 84.875 86.9187469482421875 90.8249969482421875 91.71875 83.84999847412109375 72.99375152587890625 62.96875 55.5625 51 48.393749237060546875 47.325000762939453125 47.27500152587890625 48.46875 49.46250152587890625 50.33750152587890625 51.356250762939453125 51.299999237060546875 52.606250762939453125 50.31874847412109375 48.606250762939453125 47.59999847412109375 47.65000152587890625 48.00624847412109375 47.46875 45.418750762939453125 44.106250762939453125 43.40000152587890625 46.09999847412109375 51.05625152587890625 52.768749237060546875 50.88124847412109375 48.231250762939453125 45.47499847412109375 42.612499237060546875 40.387500762939453125
87.6999969482421875 92.5124969482421875 95.1437530517578125 95.13124847412109375 94.02500152587890625 91.8125 89.53125 88.3937530517578125 88.22499847412109375 89.7687530517578125 90.5124969482421875 92.46250152587890625 92.8249969482421875 86.81874847412109375 77.68125152587890625 69.1062469482421875 62.018749237060546875 56.924999237060546875 53.69374847412109375 52.19374847412109375 52.043750762939453125 52.33750152587890625 52.956249237060546875 53.50624847412109375 53.293750762939453125 54.075000762939453125 53.331249237060546875 51.387500762939453125 49.75 49.28125 48.97499847412109375 48.84375 47.8125 46.21875 44.231250762939453125 43.15625 45.018749237060546875 46.924999237060546875 48.168750762939453125 47.58750152587890625 45.66249847412109375 43.77500152587890625 41.543750762939453125 39.799999237060546875
93.2062530517578125 98.40000152587890625 98.3625030517578125 99.63124847412109375 97.1999969482421875 94.91249847412109375 92.66249847412109375 92.33750152587890625 90.50624847412109375 90.25 90.97499847412109375 91.8874969482421875 91.375 85.8125 79.52500152587890625 71.90625 65.91249847412109375 61.549999237060546875 57.643749237060546875 56.375 56.28125 55.856250762939453125 56.61875152587890625 55.831249237060546875 55.15625 55.16249847412109375 54.543750762939453125 52.637500762939453125 51.331249237060546875 51.11875152587890625 50.518749237060546875 50.25 48.237499237060546875 46.02500152587890625 43.71250152587890625 43.356250762939453125 43.96875 44.08750152587890625 45.21250152587890625 44.25 43.112499237060546875 41.66249847412109375 40.331249237060546875 39.262500762939453125
97.21875 100.1999969482421875 101.0812530517578125 101.1750030517578125 99.3874969482421875 97.13124847412109375 96.1374969482421875 94.18125152587890625 91.1687469482421875 91.84375 92.44374847412109375 90.375 88.3625030517578125 83.9187469482421875 79.27500152587890625 73.0749969482421875 68.2375030517578125 64 61.137500762939453125 58.762500762939453125 57.61875152587890625 57.84375 57.77500152587890625 57.84375 57.05625152587890625 55.55625152587890625 55.56874847412109375 54.018749237060546875 52.387500762939453125 51.5625 51.50624847412109375 50.43125152587890625 48.5 46.00624847412109375 43.03749847412109375 42.481250762939453125 41.83750152587890625 41.77500152587890625 41.84375 41.02500152587890625 40.03749847412109375 39.168750762939453125 39.06874847412109375 37.78125
102.7375030517578125 101.21875 102.19374847412109375 102.4875030517578125 101.78749847412109375 98.5625 97.27500152587890625 95.65625 93.52500152587890625 92.8937530517578125 90.84375 87.94374847412109375 85.375 82.21875 77.46875 72.96250152587890625 69.5500030517578125 65.90625 63.325000762939453125 60.856250762939453125 59.84999847412109375 58.462497711181640625 59.356250762939453125 59.049999237060546875 57.825000762939453125 55.799999237060546875 55.78749847412109375 54.918750762939453125 53.737499237060546875 52.924999237060546875 51.97499847412109375 50.46875 48.19374847412109375 44.893749237060546875 42.575000762939453125 41.200000762939453125 39.84375 39.28749847412109375 39.575000762939453125 39.25624847412109375 38.28125 38.081249237060546875 38.09375 38.356250762939453125
104.625 104.78749847412109375 103.90625 103.9562530517578125 101.21250152587890625 98.53749847412109375 96.125 93.51874542236328125 93.61875152587890625 91.4250030517578125 89.13124847412109375 85.61875152587890625 82.5437469482421875 79.83750152587890625 76.28125 72.59999847412109375 70.34999847412109375 67.61875152587890625 65.16249847412109375 63.11875152587890625 61.831249237060546875 60.40625 60.543750762939453125 59.418750762939453125 58.53125 56.174999237060546875 56.33750152587890625 55.36875152587890625 54.049999237060546875 53.0625 51.71250152587890625 50.418750762939453125 47.03749847412109375 43.25624847412109375 40.83750152587890625 40.15000152587890625 39.106250762939453125 38.40625 38.612499237060546875 37.887500762939453125 36.325000762939453125 36.362499237060546875 37 38.231250762939453125
103.8562469482421875 104.6437530517578125 103.3000030517578125 100.80625152587890625 99.0187530517578125 96.9250030517578125 94.1437530517578125 93.1999969482421875 91.72499847412109375 88.95000457763671875 87.21875 84.34375 81.09375 77.875 74.7937469482421875 71.58124542236328125 68.7312469482421875 67.55625152587890625 66.71250152587890625 63.575000762939453125 61.981250762939453125 61.49375152587890625 61.55625152587890625 60.09375 58.56874847412109375 57.5625 56.52500152587890625 55.49375152587890625 53.28125 51.84999847412109375 50.637500762939453125 49.47499847412109375 46.0625 42.71875 40.268749237060546875 38.94374847412109375 38.887500762939453125 38.387500762939453125 38.08750152587890625 38.30625152587890625 37.69374847412109375 37.28749847412109375 36.625 37.075000762939453125
102.27500152587890625 101.96875 98.90625 98.0187530517578125 98.8562469482421875 96.0187530517578125 93.80625152587890625 91.27500152587890625 88.97499847412109375 86.36875152587890625 83.96250152587890625 82.8249969482421875 80.9812469482421875 77.69374847412109375 73.34375 70.21250152587890625 68.6999969482421875 67.78125 67.4499969482421875 65.21875 63.25624847412109375 60.981250762939453125 60.518749237060546875 59.30625152587890625 57.831249237060546875 57.38124847412109375 55.625 54.981250762939453125 53.53125 52.018749237060546875 50.75624847412109375 48.856250762939453125 45.16249847412109375 42.012500762939453125 40.22499847412109375 38.643749237060546875 38.25624847412109375 37.799999237060546875 38.387500762939453125 39.40625 38.831249237060546875 36.981250762939453125 35.58750152587890625 36.33750152587890625
99.58750152587890625 99.53749847412109375 96.55625152587890625 95.3625030517578125 96.71875 94.1062469482421875 91.44374847412109375 87.9562530517578125 86.1437530517578125 84.1875 81.9875030517578125 80.2687530517578125 77.5625 75.34999847412109375 72.06874847412109375 70.8125 68.59999847412109375 67.3125 66.0625 64.59375 63.08750152587890625 62.24375152587890625 60.487499237060546875 58.03749847412109375 57.09375 56.481250762939453125 54.97499847412109375 54.450000762939453125 52.8125 50.875 49.831249237060546875 47.543750762939453125 44.15000152587890625 41.47499847412109375 38.581249237060546875 36.893749237060546875 36.46250152587890625 36.200000762939453125 37.03749847412109375 38.03749847412109375 37.481250762939453125 35.5625 34.72499847412109375 34.325000762939453125
92.6374969482421875 92.08750152587890625 90.50624847412109375 90.4875030517578125 90.1875 87.72499847412109375 86.5812530517578125 84.5124969482421875 82.1687469482421875 81.28125 81.25624847412109375 78.16249847412109375 75.13124847412109375 73.8874969482421875 70.96875 69.94374847412109375 67.91249847412109375 67.13124847412109375 65.6875 64.19374847412109375 62.606250762939453125 61.331249237060546875 59.924999237060546875 58.97499847412109375 57.84999847412109375 56.18125152587890625 54.700000762939453125 52.46875 51.174999237060546875 49.143749237060546875 48.200000762939453125 45.99375152587890625 42.77500152587890625 39.84999847412109375 37.19374847412109375 35.456249237060546875 34.799999237060546875 34.137500762939453125 34.68125152587890625 35.362499237060546875 34.58750152587890625 33.375 32.481250762939453125 31.71875
85.40000152587890625 86.25 85.1125030517578125 86.30625152587890625 83.5124969482421875 82.55625152587890625 82.61875152587890625 81.28125 79.0812530517578125 77.7062530517578125 77.0124969482421875 75.27500152587890625 73.71250152587890625 70.11875152587890625 68.7624969482421875 66.99375152587890625 66.1875 64.9187469482421875 63.356250762939453125 62.575000762939453125 61.581249237060546875 60.47499847412109375 59.637500762939453125 58.03125 57.34999847412109375 56.018749237060546875 54.106250762939453125 51.331249237060546875 50.450000762939453125 48.793750762939453125 47.393749237060546875 44.987499237060546875 41.237499237060546875 37.825000762939453125 35.549999237060546875 33.799999237060546875 32.887500762939453125 31.84375 32.125 32.02500152587890625 31.96875 31.268749237060546875 30.287500381469726562 29.262500762939453125
79.5749969482421875 80.03749847412109375 79.94374847412109375 79.53125 78.7062530517578125 78.18125152587890625 78.1374969482421875 77.5 74.41249847412109375 73.96250152587890625 73.3937530517578125 72.90625 70.49375152587890625 68.8000030517578125 67.4250030517578125 66.40000152587890625 65.4499969482421875 64.0124969482421875 62.49375152587890625 61.799999237060546875 61.125 59.825000762939453125 58.387500762939453125 57.40625 56.22499847412109375 55.34375 53.149997711181640625 50.49375152587890625 49.575000762939453125 48.15625 45.799999237060546875 43.03125 39.450000762939453125 35.88124847412109375 33.362499237060546875 31.581249237060546875 30.056249618530273438 29.318750381469726562 29.53125 29.274999618530273438 28.731250762939453125 28.162500381469726562 27.674999237060546875 26.887500762939453125
74.27500152587890625 75.02500152587890625 74.30625152587890625 73.6437530517578125 73.36875152587890625 72.08750152587890625 71.5187530517578125 70.28125 68.5124969482421875 68.7375030517578125 69.96875 69.31874847412109375 69.0625 68.0500030517578125 67.3249969482421875 67.18125152587890625 65.7312469482421875 65.125 62.831249237060546875 61.8125 61.46250152587890625 61.46250152587890625 59.768749237060546875 58.78749847412109375 57 55.293750762939453125 52.65000152587890625 51.231250762939453125 48.94374847412109375 46.731250762939453125 44.25624847412109375 41.53125 36.96875 33.981250762939453125 31.1875 28.918750762939453125 27.987499237060546875 27.21875 26.850000381469726562 26.9375 26.46875 26.450000762939453125 25.543750762939453125 25.012500762939453125
67.38124847412109375 67.9375 67.21875 67.25624847412109375 67.22499847412109375 66.6875 66.34999847412109375 66.06874847412109375 64.0812530517578125 63.3125 66.9250030517578125 69.40000152587890625 70.13124847412109375 69.03749847412109375 69.125 67.88124847412109375 66.5187530517578125 65.3249969482421875 63.69374847412109375 61.93125152587890625 61.68125152587890625 61.793750762939453125 60.549999237060546875 59.762500762939453125 58.387500762939453125 55.59999847412109375 53.293750762939453125 51.174999237060546875 47.6875 45.299999237060546875 43.09999847412109375 39.875 35.706249237060546875 32.03125 29.21875 27.25 26.25 25.631250381469726562 25.118749618530273438 25.125 24.518749237060546875 24.512500762939453125 23.668750762939453125 23.34375
61.96250152587890625 62.75 61.637500762939453125 62.53125 62.950000762939453125 62.27500152587890625 62.081249237060546875 61.72499847412109375 61.418750762939453125 60.78125 68.18125152587890625 71.63124847412109375 70.73125457763671875 71.0500030517578125 71.5437469482421875 69.96875 67.71875 65.61875152587890625 65.15625 63.25624847412109375 62.78125 61.99375152587890625 61.00624847412109375 60.168750762939453125 58.90625 56.91249847412109375 54.487499237060546875 52.09375 48.856250762939453125 45.668750762939453125 42.325000762939453125 39.61875152587890625 35.72499847412109375 30.943750381469726562 27.637500762939453125 25.481250762939453125 25.087499618530273438 24.631250381469726562 24.306249618530273438 24.231250762939453125 22.78125 22.256250381469726562 21.712499618530273438 21.318750381469726562
