data/historical-monthly-weather-data/wc2.1_cruts4.09_10m_prec_1967-05.asc
ncols        45
nrows        45
xllcorner    -63.500000000000
yllcorner    -7.500000000000
cellsize     0.166666666667
NODATA_value -9999
[rows 0 to 18 of 45, columns 0 to 43 of 45]
435.64373779296875 440.0625 442.95623779296875 453.743743896484375 460.20623779296875 461.38751220703125 456.21875 453.65625 448.712493896484375 447.1875 442.45001220703125 430.85626220703125 421.475006103515625 412.89373779296875 400.86248779296875 391.08123779296875 380.100006103515625 368.71875 360.86248779296875 356.399993896484375 354.600006103515625 352.75 354.76873779296875 351.96875 350.64373779296875 351.48126220703125 350.89373779296875 352.256256103515625 351.537506103515625 358.375 361.3125 367.125 374.59375 380.243743896484375 386.11248779296875 394.193756103515625 400.662506103515625 403.48748779296875 405.056243896484375 408.587493896484375 408.70001220703125 409.162506103515625 405.899993896484375 407.8125
426.743743896484375 429.375 438.28125 452.337493896484375 465.975006103515625 469.024993896484375 464.29998779296875 462.36248779296875 459.787506103515625 453.875 448.787506103515625 435.943756103515625 422.837493896484375 410.399993896484375 395.76873779296875 382.16876220703125 369.11248779296875 355.631256103515625 348.618743896484375 343.45623779296875 341.8125 341.618743896484375 341.40625 341.756256103515625 340.381256103515625 339.318756103515625 341.91876220703125 344.26251220703125 345.82501220703125 349.506256103515625 351.600006103515625 360.09375 364.5 372.5625 377.48748779296875 379.89373779296875 388.11248779296875 391.475006103515625 395.368743896484375 392.46875 392.006256103515625 396.943756103515625 393.912506103515625 389.806243896484375
400.056243896484375 405.881256103515625 418.54376220703125 431.568756103515625 443.01251220703125 449.85626220703125 453.5625 458.25 458.212493896484375 453.618743896484375 447.493743896484375 432.431243896484375 416.818756103515625 399.818756103515625 384.60626220703125 371.51873779296875 356.350006103515625 342.09375 334.89373779296875 330.73126220703125 329.431243896484375 331.337493896484375 331.40625 330.350006103515625 328.368743896484375 329.64373779296875 334.04376220703125 335.28125 335.100006103515625 338.306243896484375 340.63751220703125 346.36248779296875 355.08123779296875 360.79998779296875 368.225006103515625 370.01251220703125 376.256256103515625 381.056243896484375 382.48126220703125 382.20001220703125 384.91876220703125 383.100006103515625 382.84375 379.0625
367.60626220703125 370.199981689453125 389.91876220703125 402.23126220703125 414.693756103515625 423.162506103515625 431.975006103515625 443.6875 451.85626220703125 451.04376220703125 442.3125 425.587493896484375 405.431243896484375 387.51251220703125 371.53125 356.587493896484375 340.350006103515625 327.712493896484375 320.85626220703125 319.8125 323.45623779296875 323.662506103515625 321.868743896484375 321.01873779296875 318.61248779296875 317.26873779296875 322.274993896484375 321.818756103515625 321.693756103515625 327.506256103515625 330.475006103515625 335.475006103515625 342.15625 347.375 351.975006103515625 360.33123779296875 368.375 372.96875 374.78125 375.375 375.42498779296875 377.33123779296875 371.9375 366.837493896484375
358.78125 356.39373779296875 356.45623779296875 367.76873779296875 382.75 392.381256103515625 406.056243896484375 422.95623779296875 439.01873779296875 445.17498779296875 432.225006103515625 409.96875 393.07501220703125 376.48748779296875 360.01873779296875 343.274993896484375 326.087493896484375 314.850006103515625 308.60626220703125 309.78125 313.681243896484375 312.962493896484375 309.89373779296875 312.087493896484375 307.875 305.90625 305.51251220703125 308.95001220703125 310.381256103515625 314.45001220703125 319.193756103515625 322.149993896484375 327.649993896484375 336.181243896484375 342.881256103515625 348.59375 358.13751220703125 365.600006103515625 368.587493896484375 368.212493896484375 369.912506103515625 366.67498779296875 361.868743896484375 358.693756103515625
341.58123779296875 339.26873779296875 337.36248779296875 333.756256103515625 348.63751220703125 364.64373779296875 378.88751220703125 393.08123779296875 411.04376220703125 420.712493896484375 411.899993896484375 390.34375 378.45001220703125 366.087493896484375 348.89373779296875 337.024993896484375 319.881256103515625 307.975006103515625 303.48126220703125 306.225006103515625 307.443756103515625 307.48126220703125 306.806243896484375 303.056243896484375 299.79998779296875 297.46875 297.600006103515625 298.83123779296875 301.82501220703125 305.881256103515625 309.774993896484375 313.818756103515625 318.09375 324.57501220703125 329.649993896484375 336.693756103515625 343.993743896484375 350.34375 357.587493896484375 357.79376220703125 355.95623779296875 353.71875 348.04998779296875 344.45001220703125
326.850006103515625 322.25 319.60626220703125 317.08123779296875 320.70001220703125 329.64373779296875 342.26251220703125 355.475006103515625 360.60626220703125 371.39373779296875 373.493743896484375 364.381256103515625 359.068756103515625 352.15625 340.51873779296875 329.3125 319.58123779296875 311.29376220703125 305.76251220703125 308.131256103515625 305.412506103515625 302.087493896484375 296.82501220703125 295.10626220703125 292.931243896484375 292.86248779296875 291.412506103515625 291.774993896484375 291.29998779296875 295.181243896484375 299.21875 300.38751220703125 302.41876220703125 307.54376220703125 312.875 321.25 326.725006103515625 332.756256103515625 340.443756103515625 343.95001220703125 340.774993896484375 335.943756103515625 330.868743896484375 329.3125
311.462493896484375 305.21875 302.256256103515625 302.38751220703125 305.3125 313.67498779296875 315.39373779296875 310.38751220703125 306.01873779296875 319.712493896484375 336.07501220703125 338.875 342.11248779296875 339.11248779296875 332.58123779296875 326.662506103515625 319.787506103515625 315.256256103515625 310.318756103515625 307.181243896484375 305.63751220703125 298.993743896484375 292.54998779296875 286.40625 285.76251220703125 280.13751220703125 281.975006103515625 281.0625 281.056243896484375 284.375 287.243743896484375 287.48748779296875 289.881256103515625 291.381256103515625 293.006256103515625 298.993743896484375 305.712493896484375 313.38751220703125 317.85626220703125 316.975006103515625 318.206268310546875 314.41876220703125 311.36248779296875 307.20623779296875
298.8125 292.743743896484375 291.60626220703125 290.33123779296875 291.45001220703125 297.17498779296875 298.59375 295.95001220703125 285.92498779296875 286.631256103515625 303.337493896484375 315.51251220703125 326.625 327.04376220703125 323.79998779296875 322.381256103515625 319.07501220703125 317.681243896484375 316.98748779296875 308.08123779296875 298.568756103515625 294.631256103515625 283.71875 283.943756103515625 277.39373779296875 270.6875 269.193756103515625 271.824981689453125 275.425018310546875 276.3125 280.337493896484375 278.625 274.568756103515625 272.48748779296875 275.149993896484375 281.287506103515625 287.86248779296875 294.962493896484375 300.943756103515625 298.850006103515625 296.399993896484375 292.70623779296875 293.100006103515625 292.91876220703125
285.71875 281.40625 280.493743896484375 280.70623779296875 278.962493896484375 284.32501220703125 287.287506103515625 287.48126220703125 285.83123779296875 289.693756103515625 298.806243896484375 302.07501220703125 315.106231689453125 317.118743896484375 318.11248779296875 315.98126220703125 314.318756103515625 313.89373779296875 314.95623779296875 312.01873779296875 299.162506103515625 286.91876220703125 276.88751220703125 274.368743896484375 265.662506103515625 259.26873779296875 257.506256103515625 260.006256103515625 265.118743896484375 269.125 268.600006103515625 265.14373779296875 263.1875 260.98748779296875 259.64373779296875 264.1875 268.76251220703125 275.443756103515625 281.243743896484375 284.41876220703125 286.03125 285.70623779296875 279.149993896484375 273.443756103515625
273.16876220703125 270.53125 268.90625 269.60626220703125 268.15625 274.568756103515625 278.82501220703125 278.38751220703125 279.79376220703125 286.96875 296.9375 304.056243896484375 304.625 309.475006103515625 308.881256103515625 307.14373779296875 307.024993896484375 308.57501220703125 309.806243896484375 310.79376220703125 307.26873779296875 290.043731689453125 274.09375 256.756256103515625 254.8312530517578125 252.3625030517578125 250.568756103515625 252.3249969482421875 253.2375030517578125 253.84375 254.8312530517578125 253.1687469482421875 249.881256103515625 246.600006103515625 243.71875 244.9499969482421875 248.618743896484375 255.53125 263.95623779296875 269.212493896484375 272.337493896484375 270.443756103515625 269.58123779296875 260.8125
266.03125 262.54998779296875 261.79376220703125 262.537506103515625 262.8125 266.01873779296875 272.54998779296875 275.95001220703125 280.54998779296875 284.21875 293.1875 302.475006103515625 297.118743896484375 298.681243896484375 300.337493896484375 296.675018310546875 296.36248779296875 298.193756103515625 301.11248779296875 306.693756103515625 307.3125 295.943756103515625 278.53125 258.350006103515625 245.2062530517578125 236.75 233.524993896484375 235.2375030517578125 238.587493896484375 238.681243896484375 236.243743896484375 234.4499969482421875 231.443756103515625 228.25 227.943756103515625 232.006256103515625 237.337493896484375 242.3249969482421875 248.7062530517578125 254.962493896484375 260.625 259.118743896484375 253.600006103515625 237.537506103515625
260.25 255.212493896484375 253.993743896484375 255 254.8312530517578125 259.85626220703125 263.774993896484375 266.306243896484375 272.125 279.912506103515625 287.88751220703125 293.86248779296875 292.57501220703125 282.318756103515625 281.193756103515625 282.83123779296875 282.54998779296875 285.168731689453125 288.26873779296875 294.16876220703125 299.056243896484375 287.88751220703125 272.462493896484375 252.9375 228.1875 216.40625 219.818756103515625 222.556243896484375 226.6437530517578125 227.4499969482421875 223.125 217.6875 213.806243896484375 210.0812530517578125 210.693756103515625 217.306243896484375 224.068756103515625 231.943756103515625 240.712493896484375 246.725006103515625 250.2375030517578125 249.1750030517578125 236.1875 223.6875
249.0124969482421875 245.1999969482421875 245.318756103515625 245.962493896484375 247.2624969482421875 250.5437469482421875 253.40625 256.79998779296875 264.506256103515625 271.76873779296875 274.375 276.20623779296875 274.39373779296875 269.29998779296875 258.98748779296875 263.42498779296875 263.431243896484375 264.89373779296875 270.368743896484375 277.0625 279.57501220703125 272.08123779296875 260.681243896484375 245.90625 226.5187530517578125 213.4375 211.306243896484375 210.2687530517578125 212.462493896484375 210.7687530517578125 209.6999969482421875 203.443756103515625 199.475006103515625 196.1687469482421875 195.59375 204.462493896484375 214.662506103515625 225.087493896484375 235.100006103515625 238.46875 233 224.350006103515625 221.618743896484375 221.3562469482421875
237.743743896484375 236.0187530517578125 237.118743896484375 237.5500030517578125 238.193756103515625 241.649993896484375 246.75 251.4875030517578125 256.35626220703125 259.649993896484375 260.625 259.6875 254.6750030517578125 248.4250030517578125 234.712493896484375 237.09375 239.1062469482421875 244.1687469482421875 249.649993896484375 255.1750030517578125 259.399993896484375 256.975006103515625 251.84375 245.8937530517578125 235.5500030517578125 225.443756103515625 218.0187530517578125 213.681243896484375 210.875 206.4875030517578125 198.306243896484375 190.8937530517578125 189.4250030517578125 182.9937591552734375 178.4375 184.71875 202.693756103515625 217.693756103515625 224.71875 223.59375 216.631256103515625 214.8125 220.0124969482421875 219.40625
226.1062469482421875 224.6875 227.34375 229.068756103515625 229.375 234.193756103515625 239.631256103515625 243.5625 245.868743896484375 248.8249969482421875 247.818756103515625 244.2062530517578125 237.9375 232.431243896484375 221.899993896484375 210.850006103515625 215.9875030517578125 226.056243896484375 229.462493896484375 234.9375 240.6875 245.9875030517578125 248.5187530517578125 248.7624969482421875 241.7687530517578125 231.537506103515625 222.068756103515625 213.9375 208.84375 204.59375 198.9375 189.806243896484375 179.3000030517578125 169.4375 163.725006103515625 179.131256103515625 191.181243896484375 203.6999969482421875 211.743743896484375 214.337493896484375 211.1374969482421875 210.2624969482421875 212.375 208.3625030517578125
215.7312469482421875 215.4499969482421875 216.787506103515625 219.7312469482421875 222.5812530517578125 225.4812469482421875 229.2312469482421875 232.100006103515625 235.368743896484375 237.3000030517578125 236.8937530517578125 233.65625 225.931243896484375 218.5 210.9375 203.131256103515625 194.287506103515625 202.6125030517578125 209.9375 216.5500030517578125 224.3125 232.056243896484375 241.46875 248.6062469482421875 247.975006103515625 231.774993896484375 219.431243896484375 211.2937469482421875 205.506256103515625 200.774993896484375 196.0187530517578125 190.0749969482421875 180.6750030517578125 172.2312469482421875 175.2375030517578125 181.375 192.493743896484375 203.912506103515625 214.2937469482421875 210.4875030517578125 205.1437530517578125 202.6999969482421875 199.881256103515625 199.6125030517578125
202.46875 204.2062530517578125 206.8312530517578125 209.0500030517578125 211.875 216.5749969482421875 218.6437530517578125 219.9875030517578125 221.756256103515625 224.2375030517578125 224.162506103515625 222.625 212.9375 206.899993896484375 200.068756103515625 193.8000030517578125 185.943756103515625 180.006256103515625 193.5625 198.7312469482421875 207.1999969482421875 218.03125 229.8312530517578125 238.4812469482421875 240.5812530517578125 228.787506103515625 213.3125 207.3249969482421875 202.40625 194.8249969482421875 183.90625 174.9875030517578125 179.993743896484375 179.931243896484375 179.181243896484375 192.256256103515625 202.5437469482421875 206.350006103515625 210.53125 208.3562469482421875 197.8000030517578125 194.149993896484375 191.3874969482421875 191.556243896484375
189.2624969482421875 192 194.3562469482421875 198.375 202.243743896484375 205.0437469482421875 207.5187530517578125 209.6687469482421875 211.4375 214.8874969482421875 213.5812530517578125 205.931243896484375 198.09375 192.84375 186.8312530517578125 182.787506103515625 178.274993896484375 170.4187469482421875 171.037506103515625 177.3562469482421875 188.34375 203.881256103515625 206.287506103515625 217.149993896484375 220.693756103515625 219.6999969482421875 211.568756103515625 201.462493896484375 196.59375 189.1374969482421875 181.068756103515625 177.6062469482421875 180.631256103515625 180.3625030517578125 181.84375 191.125 195.2687530517578125 196.337493896484375 200.875 196.600006103515625 188.6125030517578125 183.6999969482421875 183.2312469482421875 185.3562469482421875
