data/historical-monthly-weather-data/wc2.1_cruts4.09_10m_prec_2011-12.asc
ncols        45
nrows        45
xllcorner    -63.500000000000
yllcorner    -7.500000000000
cellsize     0.166666666667
NODATA_value -9999
[rows 20 to 39 of 45, columns 0 to 44 of 45]
177.0749969482421875 174.9562530517578125 174.100006103515625 174.274993896484375 175.556243896484375 179.7375030517578125 183.875 187.90625 193.21875 197.3125 199.46875 199.5187530517578125 198.6999969482421875 196.28125 192 186.4375 181.3125 179.1437530517578125 179.368743896484375 181.25 193.7937469482421875 207.556243896484375 220.2687530517578125 228.1374969482421875 236.5625 243.149993896484375 242.21875 234.649993896484375 223.306243896484375 211.337493896484375 202.493743896484375 200.4375 202.537506103515625 206.9375 212.2937469482421875 219.368743896484375 229.5562591552734375 240.5187530517578125 248.40625 250.600006103515625 247.2312469482421875 240.381256103515625 236.068756103515625 232.0812530517578125 225.087493896484375
172.5187530517578125 169.837493896484375 170.0187530517578125 171.875 174.056243896484375 178.712493896484375 183.9250030517578125 188.96875 194.193756103515625 198.09375 199.587493896484375 199.125 197.90625 195.125 191.3249969482421875 186.462493896484375 182 180.34375 179.9187469482421875 181.1437530517578125 190.7375030517578125 203.162506103515625 216.09375 224.337493896484375 233.681243896484375 243.9187469482421875 248.118743896484375 242.7312469482421875 233.3000030517578125 224.056243896484375 216.7062530517578125 213.375 213.399993896484375 216.712493896484375 220.3000030517578125 226.475006103515625 236.46875 247.9187469482421875 254.4375 254.375 251.337493896484375 245.368743896484375 240.662506103515625 236.443756103515625 230.0124969482421875
168.625 167.15625 167.087493896484375 168.943756103515625 171.943756103515625 177.962493896484375 183.631256103515625 189.7624969482421875 196.0749969482421875 199.09375 199.881256103515625 198.337493896484375 197.3312530517578125 194.8812408447265625 191.0749969482421875 186.46875 182.0625 180.1750030517578125 179.5437469482421875 179.649993896484375 187.6687469482421875 197.9250030517578125 208.59375 217.2624969482421875 228.1062469482421875 241.4875030517578125 250.1125030517578125 247.46875 240.024993896484375 233.625 228.5250091552734375 225.493743896484375 225.181243896484375 225.943756103515625 227.65625 230.9187469482421875 241.318756103515625 256.962493896484375 263.04998779296875 260.84375 256.66876220703125 250.3874969482421875 245.556243896484375 241.1125030517578125 234.2375030517578125
166.118743896484375 164.6750030517578125 164.162506103515625 165.975006103515625 169.462493896484375 176.15625 183.225006103515625 189.618743896484375 195.625 198.125 198.9499969482421875 198.3562469482421875 197.7624969482421875 196.1875 192.256256103515625 187.568756103515625 183.3562469482421875 181.375 179.931243896484375 179.212493896484375 184.65625 192.412506103515625 200.225006103515625 208.84375 219.3125 231.975006103515625 240.9375 243.6687469482421875 242.84375 240 238.149993896484375 235.8937530517578125 236.4187469482421875 236.5124969482421875 237.399993896484375 238.2687530517578125 247.5500030517578125 262.76251220703125 268.806243896484375 266.54376220703125 261.59375 255.2375030517578125 249.2937469482421875 243.9250030517578125 238.556243896484375
165.912506103515625 164.03125 162.524993896484375 165.4375 169.8249969482421875 176.2624969482421875 183.100006103515625 188.8000030517578125 193.71875 196.96875 198.4187469482421875 198.1875 198.0187530517578125 196.931243896484375 193.431243896484375 189.0437469482421875 184.8125 182.649993896484375 180.5 178.8937530517578125 182.024993896484375 186.443756103515625 191.8000030517578125 199.01251220703125 209.46875 222.65625 232.4375 238.881256103515625 242.600006103515625 244.243743896484375 245.6999969482421875 245.631256103515625 247.21875 247.631256103515625 247.462493896484375 249.899993896484375 258.14373779296875 267.29376220703125 272.125 271.75 267.15625 260.412506103515625 253.1437530517578125 248.506256103515625 240.9562530517578125
168.6750030517578125 168.818756103515625 167.0812530517578125 168.8874969482421875 171.056243896484375 176.875 182.693756103515625 187.75 192.225006103515625 195.1062469482421875 196.662506103515625 197.6437530517578125 197.993743896484375 197.53125 194.71875 190.75 186.3562469482421875 183.9499969482421875 181.381256103515625 178.9375 180.962493896484375 182.0625 183.5749969482421875 188.3249969482421875 200.2687530517578125 214.7312469482421875 226.5749969482421875 235.53125 242.443756103515625 247.162506103515625 251.125 255.125 258.45623779296875 258.462493896484375 258.756256103515625 261.300018310546875 267.868743896484375 274.806243896484375 278.71875 279.212493896484375 275.131256103515625 265.743743896484375 256.08123779296875 249.287506103515625 243.21875
167.9875030517578125 168.243743896484375 169.087493896484375 171.375 173.556243896484375 178.5625 182.931243896484375 186.90625 190.3125 193.65625 196.524993896484375 198.3312530517578125 199.2624969482421875 199.837493896484375 197.537506103515625 194.2937469482421875 190.506256103515625 188.0124969482421875 185.28125 181.899993896484375 182.162506103515625 181.375 180.34375 182.743743896484375 195.6687469482421875 210.1062469482421875 222.556243896484375 232.7687530517578125 242.1125030517578125 248.587493896484375 255.2624969482421875 261.8125 267.66876220703125 268.23126220703125 268.86248779296875 272.193756103515625 277.09375 282.725006103515625 286.381256103515625 288.006256103515625 284.83123779296875 272.48126220703125 258.33123779296875 249.506256103515625 249.649993896484375
166.9124908447265625 167.2312469482421875 170.25 173.75 176.431243896484375 180.712493896484375 184.1374969482421875 186.618743896484375 189.3312530517578125 192.21875 194.9375 197.693756103515625 200.5500030517578125 202.399993896484375 200.6999969482421875 197.6999969482421875 194.818756103515625 192.162506103515625 189.6125030517578125 186.1750030517578125 185.618743896484375 184.4375 184.5812530517578125 188.181243896484375 197.8000030517578125 210.0437469482421875 221.131256103515625 231.0749969482421875 240.71875 248.3562469482421875 255.78125 262.78125 269.36248779296875 273.04998779296875 275.78125 279.89373779296875 285.256256103515625 291.131256103515625 295.98748779296875 299.681243896484375 298.51251220703125 284.42498779296875 262.318756103515625 251.4562530517578125 260.98748779296875
164.962493896484375 165.625 170.8125 176.6437530517578125 179.9375 182.59375 184.5437469482421875 186.1687469482421875 188.350006103515625 190.537506103515625 193.756256103515625 197.8312530517578125 201.71875 204.962493896484375 203.6875 202.125 199.9562530517578125 197.725006103515625 195.212493896484375 191.9499969482421875 190.8562469482421875 189.787506103515625 190.625 194.03125 201.875 211.9187469482421875 221.6437530517578125 231.068756103515625 240.6125030517578125 247.962493896484375 255.1875 261.98748779296875 269.28125 274.61248779296875 279.806243896484375 285.587493896484375 292.412506103515625 298.76873779296875 303.881256103515625 309.600006103515625 312.493743896484375 295.95623779296875 273.35626220703125 266.36248779296875 276.399993896484375
165.8312530517578125 166.8937530517578125 173.7312469482421875 181.381256103515625 186.0437469482421875 185.912506103515625 185.6875 186.3937530517578125 187.850006103515625 189.5812530517578125 192.868743896484375 197.21875 202.6687469482421875 207.4562530517578125 207.618743896484375 206.7624969482421875 205.975006103515625 205.5124969482421875 203.4812469482421875 200.1374969482421875 198.350006103515625 197.2375030517578125 197.2375030517578125 200.506256103515625 206.993743896484375 215.368743896484375 222.75 231.693756103515625 240.181243896484375 247.399993896484375 254.399993896484375 261.01251220703125 269.287506103515625 275.70001220703125 282.181243896484375 288.51251220703125 296.04998779296875 302.79998779296875 308.243743896484375 313.26251220703125 314.493743896484375 304.5625 289.306243896484375 283.96875 285.100006103515625
165.625 167.024993896484375 173.8625030517578125 182.1437530517578125 186.712493896484375 185.381256103515625 184.568756103515625 184.3874969482421875 185.3874969482421875 187.9875030517578125 191.5625 196.8249969482421875 203.412506103515625 209.0500030517578125 210.34375 211.2624969482421875 212.618743896484375 212.274993896484375 211.6999969482421875 208.649993896484375 206.09375 204.3625030517578125 204.118743896484375 206.556243896484375 211.3562469482421875 217.837493896484375 224.3625030517578125 232.162506103515625 239.806243896484375 247.21875 253.962493896484375 260.45001220703125 268.5625 276.181243896484375 283.28125 290.662506103515625 299.1875 306.625 311.381256103515625 314.39373779296875 316.76873779296875 311.756256103515625 303.39373779296875 296 293.6875
165.037506103515625 165.6999969482421875 171.4875030517578125 176.9812469482421875 179.8249969482421875 180.524993896484375 180.556243896484375 180.243743896484375 181.993743896484375 184.6999969482421875 189.056243896484375 195.712493896484375 203.5625 210.3312530517578125 213.7375030517578125 216.2687530517578125 217.5625 217.412506103515625 216.931243896484375 214.65625 212.5187530517578125 210.587493896484375 209.5 211.0749969482421875 215.681243896484375 220.5124969482421875 225.7062530517578125 232.662506103515625 239.7937469482421875 247.149993896484375 253.712493896484375 260.20623779296875 267.287506103515625 275.23748779296875 283.368743896484375 292.431243896484375 300.65625 308.04998779296875 312.756256103515625 316.337493896484375 321.89373779296875 321.837493896484375 319.6875 317.274993896484375 318.71875
168.5124969482421875 167.837493896484375 170.881256103515625 174.443756103515625 176.125 176.837493896484375 176.4562530517578125 175.9562530517578125 177.774993896484375 181.2375030517578125 187.8249969482421875 195.556243896484375 204.9250030517578125 214.1125030517578125 218.537506103515625 221.5625 223.193756103515625 223.8125 222.0749969482421875 220.1999969482421875 218.5625 217.3249969482421875 216.306243896484375 216.9562530517578125 220.3312530517578125 224.6125030517578125 229 233.962493896484375 240.5749969482421875 247.0124969482421875 253.5500030517578125 259.73748779296875 266.693756103515625 274.28125 282.35626220703125 291.13751220703125 299.65625 307.462493896484375 312.01873779296875 319.212493896484375 325.48748779296875 329.056243896484375 333.837493896484375 341.96875 357.78125
171.975006103515625 170.25 171.625 172.7062530517578125 172.3249969482421875 172.5187530517578125 172.1875 171.5124969482421875 173.1999969482421875 176.962493896484375 183.9187469482421875 194.850006103515625 206.600006103515625 216.618743896484375 222.662506103515625 226.493743896484375 229.368743896484375 229.962493896484375 227.6875 225.806243896484375 224.46875 223.15625 221.875 222.0500030517578125 224.024993896484375 227.1437530517578125 231.274993896484375 235.8625030517578125 241.8874969482421875 247.1374969482421875 252.943756103515625 259.20623779296875 265.806243896484375 273.100006103515625 280.33123779296875 288.587493896484375 297.65625 304.493743896484375 311.07501220703125 319.225006103515625 326.96875 333.399993896484375 342.493743896484375 356.85626220703125 377.26873779296875
175.3312530517578125 173.1999969482421875 172.90625 171.78125 170.181243896484375 169.4250030517578125 168.243743896484375 167.0500030517578125 167.756256103515625 171.7937469482421875 180.412506103515625 193.6374969482421875 208.712493896484375 221.600006103515625 228.662506103515625 233.318756103515625 236.2687530517578125 236.1437530517578125 234.1999969482421875 231.0749969482421875 230.3312530517578125 228.3625030517578125 227.662506103515625 226.7937469482421875 227.318756103515625 229.587493896484375 233.0124969482421875 237.399993896484375 242.6125030517578125 247.3125 252.6437530517578125 258.3125 264.71875 271.8125 278.412506103515625 285.475006103515625 293.28125 301.8125 309.16876220703125 316.26251220703125 324.75 332.08123779296875 342.243743896484375 356.587493896484375 372.743743896484375
182.0812530517578125 179.1750030517578125 177.493743896484375 175.2937469482421875 172.399993896484375 170.7312469482421875 168.037506103515625 165.1687469482421875 164.3937530517578125 166.7375030517578125 176.712493896484375 193.5749969482421875 212.337493896484375 227.162506103515625 235.5374908447265625 240.9187469482421875 243.993743896484375 243.3562469482421875 240.181243896484375 236.287506103515625 234.90625 233.743743896484375 232.0124969482421875 230.9187469482421875 231.5500030517578125 233.024993896484375 236.2312469482421875 240 244.40625 248.787506103515625 253.743743896484375 258.23126220703125 264.15625 269.82501220703125 275.26251220703125 280.57501220703125 288.774993896484375 296.3125 302.625 309.53125 317.51873779296875 325.568756103515625 334.118743896484375 345.92498779296875 356.28125
189.056243896484375 185.5500030517578125 183.0812530517578125 180.3000030517578125 176.9499969482421875 174.5 171.3312530517578125 166.75 163.149993896484375 161.1374969482421875 174.5187530517578125 199.037506103515625 219 233.631256103515625 242.8000030517578125 248.6750030517578125 252.256256103515625 250.5812530517578125 247.1062469482421875 242.506256103515625 240.15625 237.9562530517578125 235.8249969482421875 234.5625 234.537506103515625 235.96875 238.3937530517578125 242.5812530517578125 247.0187530517578125 250.837493896484375 254.71875 258.29998779296875 263.162506103515625 268.25 272.287506103515625 277.73126220703125 284.16876220703125 290.09375 294.381256103515625 300.07501220703125 306.743743896484375 313.631256103515625 321.181243896484375 330.787506103515625 336.725006103515625
195.868743896484375 192.274993896484375 189.681243896484375 186.537506103515625 183.40625 180.375 177.475006103515625 173.1750030517578125 169.850006103515625 165.5812530517578125 188.899993896484375 215.625 231.4187469482421875 243.5374908447265625 251.8937530517578125 257.75 260.743743896484375 258.756256103515625 253.8874969482421875 248.931243896484375 244.65625 241.3249969482421875 238.9562530517578125 237.350006103515625 236.8249969482421875 237.9562530517578125 241.149993896484375 244.9499969482421875 249.006256103515625 252.693756103515625 255.3625030517578125 258.493743896484375 262.537506103515625 266.774993896484375 269.931243896484375 274.162506103515625 278.86248779296875 282.76873779296875 286.399993896484375 290.431243896484375 295.04376220703125 300.54998779296875 306.17498779296875 313.568756103515625 318.787506103515625
204.225006103515625 200.53125 198.399993896484375 195.962493896484375 192.9875030517578125 190.6687469482421875 188.818756103515625 187.6875 190.4562530517578125 201.868743896484375 229.5749969482421875 240.306243896484375 247.693756103515625 256.1875 262.725006103515625 267.65625 270.01251220703125 266.35626220703125 260.681243896484375 254.631256103515625 248.6999969482421875 243.5437469482421875 240.2062530517578125 238.6687469482421875 238.53125 239.6999969482421875 242.399993896484375 246.4562530517578125 250.556243896484375 254.5124969482421875 258.17498779296875 260.23748779296875 263.67498779296875 267.056243896484375 270.8125 274.03125 277.212493896484375 280.04376220703125 282.337493896484375 284.837493896484375 288.725006103515625 292.59375 296.70623779296875 302.08123779296875 306.15625
213.7375030517578125 210.037506103515625 208.181243896484375 206.2624969482421875 204.1687469482421875 203.5625 203.662506103515625 206.1437530517578125 212.7312469482421875 225.5812530517578125 243.837493896484375 255.631256103515625 262.162506103515625 269.087493896484375 274.831268310546875 278.46875 279.70623779296875 275.64373779296875 268.32501220703125 260.8125 251.7937469482421875 244.3000030517578125 239.443756103515625 237.381256103515625 238.318756103515625 240.443756103515625 243.993743896484375 248.368743896484375 252.4250030517578125 256.9375 260.162506103515625 263.46875 266.89373779296875 269.5 271.943756103515625 273.243743896484375 275.67498779296875 277.149993896484375 278.225006103515625 279.149993896484375 281 284.118743896484375 287.756256103515625 291.89373779296875 296.03125
