data/historical-monthly-weather-data/wc2.1_cruts4.09_10m_prec_2011-06.asc
ncols        45
nrows        45
xllcorner    -63.500000000000
yllcorner    -7.500000000000
cellsize     0.166666666667
NODATA_value -9999
[rows 0 to 19 of 45, columns 0 to 43 of 45]
244.78125 245.0124969482421875 245.1750030517578125 253.274993896484375 257.881256103515625 264.850006103515625 266.774993896484375 267.14373779296875 263.8125 269.64373779296875 277.875 282.25 286.975006103515625 288.26873779296875 287.681243896484375 288.618743896484375 286.806243896484375 283.443756103515625 279.431243896484375 278.618743896484375 281.618743896484375 275.743743896484375 271.337493896484375 263.100006103515625 256.85626220703125 251.9749908447265625 250.125 250.350006103515625 243.46875 235.943756103515625 223.5124969482421875 217.600006103515625 214.75 207.65625 201.5187530517578125 197.618743896484375 193.399993896484375 190.9875030517578125 185.8937530517578125 183.243743896484375 183.53125 188.6062469482421875 187.118743896484375 188.056243896484375
236.9875030517578125 237.2062530517578125 242.787506103515625 249.25 257.95001220703125 264.82501220703125 266.662506103515625 266.743743896484375 270.35626220703125 275.98126220703125 281.35626220703125 283.556243896484375 280.618743896484375 279.54376220703125 276.787506103515625 275.524993896484375 271.324981689453125 265.21875 260.8125 261.268768310546875 262.149993896484375 257.23126220703125 255.131256103515625 249.78125 243.681243896484375 237.84375 236.556243896484375 234.225006103515625 228.493743896484375 217.4562530517578125 209.4499969482421875 207.756256103515625 202.943756103515625 197.931243896484375 193.59375 186.693756103515625 183.443756103515625 179.8312530517578125 175.4250030517578125 173.53125 176.118743896484375 173.25 176.975006103515625 177.8874969482421875
222.8000030517578125 229.162506103515625 234.975006103515625 238.1125030517578125 247.725006103515625 257.8125 263.125 271.381256103515625 276.399993896484375 281.725006103515625 284.087493896484375 281.556243896484375 279.39373779296875 271.32501220703125 265.79998779296875 262.20001220703125 255.25 249.5437469482421875 245.5124969482421875 243.6437530517578125 244.943756103515625 245.7624969482421875 242.9375 241.943756103515625 232.7375030517578125 225.6875 228.149993896484375 223.693756103515625 215.0124969482421875 210.212493896484375 200.850006103515625 195.850006103515625 190.78125 187.524993896484375 181.193756103515625 170.875 169.3874969482421875 168.368743896484375 164.962493896484375 163.8562469482421875 167.850006103515625 167.4375 168.837493896484375 168.5625
207.4812469482421875 209.5749969482421875 219.850006103515625 227.8125 234.8000030517578125 245.3874969482421875 256.462493896484375 267.506256103515625 277.274993896484375 284.88751220703125 284.087493896484375 277.76251220703125 270.53125 260.91876220703125 255.0749969482421875 249.881256103515625 239.2937469482421875 234.78125 230.90625 235.774993896484375 235.006256103515625 230.243743896484375 229.381256103515625 230.256256103515625 221.131256103515625 214.6750030517578125 214.024993896484375 207.443756103515625 203.037506103515625 199.4187469482421875 192.8000030517578125 185.4812469482421875 180.3000030517578125 172.7937469482421875 166.8312530517578125 165.4187469482421875 164.09375 160.506256103515625 156.8125 155.84375 158.3625030517578125 161.7624969482421875 162.806243896484375 161.9250030517578125
208.368743896484375 207.5500030517578125 204.9375 214.818756103515625 227.818756103515625 235.5625 247.787506103515625 264.412506103515625 279.95623779296875 289.068756103515625 287.318756103515625 271.399993896484375 262.962493896484375 254.125 244.193756103515625 237.09375 228.5749969482421875 219.118743896484375 214.806243896484375 217.287506103515625 216.375 215.6750030517578125 216.0749969482421875 215.5749969482421875 207.350006103515625 202.5500030517578125 199.1750030517578125 198.4187469482421875 194.649993896484375 187.4187469482421875 184.193756103515625 179.6999969482421875 172.8000030517578125 167.0437469482421875 163.899993896484375 158.3125 156.162506103515625 154.868743896484375 150.1062469482421875 147.3249969482421875 150.0625 153.181243896484375 155.6687469482421875 158.087493896484375
197.8312530517578125 200.4812469482421875 199.5187530517578125 195.3937530517578125 210.912506103515625 228.443756103515625 238.4250030517578125 252.475006103515625 271.693756103515625 282.943756103515625 276.149993896484375 261.70001220703125 253.9875030517578125 245.5124969482421875 233.537506103515625 226.181243896484375 216.556243896484375 207.8874969482421875 206.587493896484375 206.649993896484375 208.3625030517578125 206.868743896484375 205.875 200.6999969482421875 197.2687530517578125 193.9562530517578125 188.84375 188.1062469482421875 185.3125 179.087493896484375 178.381256103515625 174.787506103515625 170.9562530517578125 164.037506103515625 156.899993896484375 157.0437469482421875 152.087493896484375 145.1999969482421875 144.2062530517578125 146.4375 145.787506103515625 149.9875030517578125 150.462493896484375 152.1374969482421875
192.0749969482421875 192.1999969482421875 192.4875030517578125 192.631256103515625 194.5749969482421875 202.943756103515625 213.25 232.475006103515625 242.962493896484375 253.1999969482421875 253.5500030517578125 244.3874969482421875 241.149993896484375 236.3249969482421875 226.056243896484375 217.8125 210.912506103515625 203.0749969482421875 196.8874969482421875 197.712493896484375 193.962493896484375 193.3125 191.162506103515625 189.6374969482421875 190.837493896484375 187.8125 182.2624969482421875 179.1875 176.337493896484375 177.3000030517578125 172.131256103515625 166.131256103515625 161.21875 158.631256103515625 156.90625 152.587493896484375 144.274993896484375 140.162506103515625 138.34375 141.181243896484375 140.350006103515625 142.78125 145.506256103515625 147.28125
184.350006103515625 180.618743896484375 181.7687530517578125 187.381256103515625 190.21875 201.350006103515625 201.837493896484375 203 204.193756103515625 217.2687530517578125 226.118743896484375 226.225006103515625 226.8562469482421875 223.443756103515625 219.2375030517578125 212.006256103515625 202.162506103515625 195.8125 189.4562530517578125 184.0124969482421875 190.2624969482421875 186.6437530517578125 183.0749969482421875 181.0749969482421875 182.2312469482421875 177.431243896484375 173.4499969482421875 170.506256103515625 168.1062469482421875 165.149993896484375 167.4375 161.475006103515625 157.75 153.8000030517578125 147.7687530517578125 142.8562469482421875 137.9375 133.9562530517578125 129.25 128.149993896484375 129.28125 134.368743896484375 133.743743896484375 132.875
176.1437530517578125 174.3874969482421875 173.5437469482421875 176.931243896484375 181.4499969482421875 187.3312530517578125 195.15625 200.4187469482421875 194.34375 192.96875 198.787506103515625 203.774993896484375 211.9187469482421875 211.649993896484375 209.368743896484375 202.1437530517578125 200.4499969482421875 197.368743896484375 193.5812530517578125 185.3562469482421875 178.90625 183.306243896484375 175.3562469482421875 178.625 175.243743896484375 171.5749969482421875 167.8000030517578125 166.90625 168.350006103515625 164.6374969482421875 167.2937469482421875 154.9875030517578125 145.3625030517578125 140.3125 139.0124969482421875 139.6999969482421875 137.475006103515625 135.4875030517578125 130.7312469482421875 126.3000030517578125 123.875 123.0187530517578125 127.59999847412109375 126.34999847412109375
168.693756103515625 167.6687469482421875 167.5812530517578125 170.6062469482421875 174.2937469482421875 179.006256103515625 185.318756103515625 187.287506103515625 189.100006103515625 189.59375 189.3687591552734375 185.2312469482421875 195.5437469482421875 199.6999969482421875 200.287506103515625 198.0124969482421875 194.287506103515625 198.125 195.90625 192.256256103515625 182.2312469482421875 177.40625 167.9499969482421875 168.09375 163.5625 163.631256103515625 161.1374969482421875 158.8125 157.0875091552734375 158.037506103515625 158.225006103515625 150 144.6999969482421875 140.5749969482421875 135.75 134.600006103515625 134.6062469482421875 134.65625 131.881256103515625 131.818756103515625 131.21875 129.6062469482421875 123.91875457763671875 117.21875
163.8562469482421875 161.537506103515625 161.28125 162.975006103515625 164.743743896484375 171.4375 173.350006103515625 175.443756103515625 179.75 182.7624969482421875 185.256256103515625 182.6062469482421875 182.34375 187.6999969482421875 188.6062469482421875 189.0187530517578125 187.75 187.71875 190.6437530517578125 194.3812408447265625 195.3874969482421875 184.993743896484375 168.4375 152.1062469482421875 154.306243896484375 162.443756103515625 161.65625 156.212493896484375 151.09375 150.0437469482421875 149.475006103515625 144.5687408447265625 141.4812469482421875 138.537506103515625 135.2062530517578125 131.3874969482421875 131.568756103515625 130.162506103515625 132.818756103515625 131.21875 129.5749969482421875 125.46250152587890625 122.66249847412109375 112.03125
157.306243896484375 155.84375 157.96875 157.306243896484375 159.493743896484375 162.8312530517578125 168.787506103515625 172.2375030517578125 175.59375 173.7312469482421875 178.568756103515625 178.5187530517578125 170.868743896484375 175.475006103515625 181.8125 181.71875 180.9499969482421875 183.056243896484375 188.5187530517578125 199.8937530517578125 202.5812530517578125 194.6687469482421875 176.587493896484375 155.100006103515625 150.7937469482421875 151.1437530517578125 147.975006103515625 146.53125 145.875 143.09375 136.84375 136.181243896484375 134.756256103515625 130.0812530517578125 130.006256103515625 131.1125030517578125 133.4562530517578125 133.4562530517578125 129.443756103515625 131.5124969482421875 130.443756103515625 125.1687469482421875 113.59375 97.2624969482421875
154.2062530517578125 151.8000030517578125 152.5 151.962493896484375 154.8249969482421875 156.3249969482421875 160.4812469482421875 164.0437469482421875 164.9250030517578125 166.1374969482421875 169.306243896484375 171.3249969482421875 169.681243896484375 162.1750030517578125 164.681243896484375 168.756256103515625 170.350006103515625 175.4937591552734375 175.5 185.243743896484375 192.118743896484375 186.306243896484375 174.1312408447265625 156.92498779296875 142.774993896484375 140.3187408447265625 140.9562530517578125 140.9375 141.756256103515625 141.506256103515625 134.3000030517578125 128.6374969482421875 130.2062530517578125 124.5187530517578125 124.11875152587890625 127.3874969482421875 133.59375 136.5 140.9875030517578125 138.5187530517578125 130.9875030517578125 123.40000152587890625 106.15000152587890625 92.6374969482421875
149.475006103515625 147.4562530517578125 147.1125030517578125 147.0812530517578125 147.118743896484375 149.6875 151.774993896484375 156.2937469482421875 158.9562530517578125 158.7624969482421875 160.7312469482421875 159.1374969482421875 159.3125 156.0500030517578125 148.28125 155.4187469482421875 156.4812469482421875 159.21875 162.162506103515625 169.875 175.181243896484375 171.399993896484375 163.243743896484375 154.118743896484375 144.8625030517578125 137.5625 133.8937530517578125 131.631256103515625 131.6125030517578125 130.618743896484375 129.350006103515625 125.8562469482421875 124.6687469482421875 124.00624847412109375 120.66249847412109375 129.34375 139.587493896484375 147.125 151.9562530517578125 146.212493896484375 126.6687469482421875 113.40625 107.6374969482421875 106.61875152587890625
140.8312530517578125 139.568756103515625 141.0812530517578125 142.243743896484375 142.0625 144.1875 147.287506103515625 149.75 151.524993896484375 152.375 152.4812469482421875 151.3562469482421875 150.318756103515625 145.399993896484375 135.943756103515625 140.6750030517578125 143.0999908447265625 149.0124969482421875 148.712493896484375 154.2687530517578125 161.0187530517578125 159.9187469482421875 157.8249969482421875 153.068756103515625 150.1437530517578125 144.368743896484375 140.568756103515625 136.649993896484375 137.0124969482421875 130.931243896484375 124.13124847412109375 123.31874847412109375 127.3125 121.98749542236328125 115.1125030517578125 117.68125152587890625 135.162506103515625 152.375 154.3562469482421875 144.618743896484375 133.6125030517578125 126.3312530517578125 124.6125030517578125 114.55625152587890625
134.1437530517578125 131.9499969482421875 133.7375030517578125 133.75 136.4375 139.1875 141.056243896484375 142.2062530517578125 145.78125 149.368743896484375 149.024993896484375 146.6999969482421875 145.131256103515625 140.3874969482421875 132.993743896484375 122.8874969482421875 128.28125 136.8312530517578125 137.1750030517578125 141.9562530517578125 147.3562469482421875 149.5749969482421875 152.399993896484375 153.2375030517578125 151.537506103515625 146.868743896484375 140.806243896484375 138.3499908447265625 136.149993896484375 135.75 131.118743896484375 125.38124847412109375 118.53125 111.71875 106.1437530517578125 123.1687469482421875 131.068756103515625 142.6125030517578125 149.9875030517578125 150.8125 147.868743896484375 141.5124969482421875 130.8000030517578125 116.1999969482421875
126.2937469482421875 125.64374542236328125 126.0124969482421875 128.5625 131.0500030517578125 134.34375 136.0749969482421875 138.1374969482421875 138.337493896484375 140.162506103515625 142.65625 141.556243896484375 137.40625 132.868743896484375 130.787506103515625 122.3125 111.7687530517578125 118.6062469482421875 124.7624969482421875 128.3562469482421875 132.1875 138.662506103515625 143.2312469482421875 150.15625 149.2624969482421875 140.649993896484375 135.306243896484375 132.462493896484375 135.100006103515625 135.9875030517578125 135.0187530517578125 132.600006103515625 125.75624847412109375 123.4875030517578125 129.649993896484375 135.5749969482421875 145.875 154.306243896484375 160.5812530517578125 152.193756103515625 149 138.7624969482421875 124.3562469482421875 114.1374969482421875
116.34999847412109375 116.80625152587890625 119.69374847412109375 122.46875 125.4875030517578125 130.1750030517578125 131.1687469482421875 132.556243896484375 132.8625030517578125 132.21875 132.6750030517578125 133.806243896484375 129.037506103515625 125.6125030517578125 125.4562530517578125 120.3312530517578125 110.61875152587890625 101.99375152587890625 114.74375152587890625 114.5124969482421875 118.52500152587890625 125.31874847412109375 135.193756103515625 141.087493896484375 144 136.25 128.806243896484375 131.725006103515625 133.5187530517578125 131.5812530517578125 124.69374847412109375 118.8625030517578125 133.568756103515625 135.8937530517578125 137.399993896484375 158.2312469482421875 165.5500030517578125 159.90625 158.712493896484375 152.725006103515625 136.9875030517578125 124.59999847412109375 113.3249969482421875 106.4187469482421875
107.3625030517578125 109.68125152587890625 112.78749847412109375 116.43125152587890625 120.2687530517578125 122.86875152587890625 124.58750152587890625 125.61249542236328125 127.30625152587890625 128.431243896484375 127.8625030517578125 122.7062530517578125 119.3249969482421875 117.7937469482421875 115.52500152587890625 112.53749847412109375 110.625 100.0812530517578125 97.02500152587890625 98.9562530517578125 107.59999847412109375 118.79375457763671875 116.8625030517578125 126.6062469482421875 130.087493896484375 133.9499969482421875 132.0500030517578125 128.125 132.587493896484375 130.40625 125.7312469482421875 126.3000030517578125 133.4250030517578125 133.962493896484375 140.7062530517578125 154.962493896484375 155.9187469482421875 149.274993896484375 147.3562469482421875 137.5437469482421875 124.27500152587890625 110.0437469482421875 103.6437530517578125 100.3125
100.40625 103.34375 105.7312469482421875 106.99375152587890625 110.09999847412109375 115.58750152587890625 117.875 118.4375 122.6875 124.8937530517578125 125.3249969482421875 123.0625 118.69374847412109375 113.7624969482421875 109.91249847412109375 100.84999847412109375 95.6875 98.9250030517578125 95.53125 98.5437469482421875 95.33750152587890625 101.71250152587890625 114.4250030517578125 119.4562530517578125 118.08750152587890625 117.2375030517578125 117.08750152587890625 123.88124847412109375 121.18125152587890625 117.52500152587890625 117.6750030517578125 130.1750030517578125 133.024993896484375 132.506256103515625 133.8125 141.368743896484375 144.9499969482421875 139.868743896484375 133.1374969482421875 124.4187469482421875 110.6687469482421875 96.6437530517578125 95.44374847412109375 94.36875152587890625
