data/historical-monthly-weather-data/wc2.1_cruts4.09_10m_prec_1963-12.asc
ncols        51
nrows        45
xllcorner    -63.500000000000
yllcorner    -7.500000000000
cellsize     0.166666666667
NODATA_value -9999
[rows 20 to 39 of 45, columns 0 to 44 of 51]
338.162506103515625 340.70001220703125 338.193756103515625 336.35626220703125 335.60626220703125 334.75 332.506256103515625 329.29998779296875 325.868743896484375 319.787506103515625 311.48748779296875 305.67498779296875 299.54998779296875 290.787506103515625 277.89373779296875 263.20001220703125 249.0500030517578125 236.506256103515625 227.125 219.09375 218.587493896484375 218.9562530517578125 220.375 228.118743896484375 238.256256103515625 247.162506103515625 251.9375 250.087493896484375 243.337493896484375 234.0187530517578125 227.568756103515625 228.693756103515625 235.4562530517578125 245.118743896484375 256.04998779296875 269.88751220703125 287.881256103515625 307.087493896484375 321.8125 329.087493896484375 328.59375 321.381256103515625 317.13751220703125 313.524993896484375 307.5625
328.306243896484375 329.88751220703125 329.01873779296875 329.95001220703125 330.462493896484375 330.16876220703125 329.57501220703125 327.91876220703125 324.681243896484375 318.79998779296875 309.76873779296875 302.46875 294.85626220703125 284.92498779296875 273.01873779296875 259.774993896484375 246.9812469482421875 235.381256103515625 225.368743896484375 217.056243896484375 215.125 216.149993896484375 219.59375 228.0749969482421875 239.2937469482421875 252.100006103515625 262.54998779296875 263.29376220703125 258.837493896484375 252.5124969482421875 247.75 247.59375 252.368743896484375 261.11248779296875 270.29376220703125 283.068756103515625 300.90625 320.725006103515625 333.32501220703125 337.131256103515625 336.600006103515625 330.4375 325.625 321.71875 316.59375
319.32501220703125 323.16876220703125 321.568756103515625 322.21875 324.01251220703125 326.01873779296875 325.993743896484375 326.03125 324.92498779296875 318.08123779296875 308.287506103515625 298.568756103515625 290.412506103515625 280.350006103515625 268.75 256.350006103515625 244.0625 232.524993896484375 222.6062469482421875 213.556243896484375 211.7062530517578125 212.399993896484375 215.2312469482421875 224.493743896484375 237.4375 253.725006103515625 269.15625 273.09375 271.01873779296875 267.84375 265.67498779296875 266.01251220703125 270.725006103515625 276.875 284.08123779296875 293.212493896484375 311.59375 336.925018310546875 348.61248779296875 349.07501220703125 346.51873779296875 339.76251220703125 334.693756103515625 330.399993896484375 324.806243896484375
310.462493896484375 313.03125 311.20623779296875 312.693756103515625 316.243743896484375 319.806243896484375 322.41876220703125 323.14373779296875 321.756256103515625 314.39373779296875 304.818756103515625 295.89373779296875 287.556243896484375 278.16876220703125 266.8125 254.8687591552734375 243.368743896484375 232.306243896484375 221.9562530517578125 212.5500030517578125 208.84375 207.9812469482421875 208.818756103515625 218.462493896484375 231.3562469482421875 247.2624969482421875 263.07501220703125 272.82501220703125 278.162506103515625 278.98748779296875 280.568756103515625 281.86248779296875 288.14373779296875 294.04376220703125 300.743743896484375 307.14373779296875 324.462493896484375 349.600006103515625 361.068756103515625 361.068756103515625 357.07501220703125 349.76873779296875 342.743743896484375 336.9375 333.806243896484375
305.399993896484375 305.681243896484375 302.787506103515625 307.38751220703125 313.59375 316.9375 319.3125 319.125 316.26873779296875 310.39373779296875 302.01251220703125 292.931243896484375 284.399993896484375 275.15625 264.850006103515625 253.931243896484375 242.96875 232.3000030517578125 221.693756103515625 211.875 206.5187530517578125 202.96875 202.118743896484375 210.662506103515625 223.931243896484375 240.7312469482421875 257.48748779296875 271.33123779296875 281.837493896484375 287.806243896484375 293.20001220703125 297.149993896484375 305.337493896484375 312.256256103515625 318.20001220703125 327.04998779296875 343.462493896484375 360.90625 370.58123779296875 372.79376220703125 368.85626220703125 360.51251220703125 351.15625 346 340.33123779296875
307.16876220703125 310.08123779296875 307.26873779296875 310.5625 313.34375 315.631256103515625 316.337493896484375 315.23126220703125 311.806243896484375 305.57501220703125 297.51251220703125 289.54376220703125 281.006256103515625 272.08123779296875 263.131256103515625 253.3000030517578125 242.6750030517578125 232.28125 221.7312469482421875 211.5187530517578125 205.78125 199.399993896484375 195.2312469482421875 201.556243896484375 216.75 235.306243896484375 254.4250030517578125 271.20001220703125 285.48126220703125 295.01251220703125 303.38751220703125 312.35626220703125 323.46875 330.70001220703125 338.024993896484375 347.45001220703125 362.08123779296875 376.881256103515625 385.118743896484375 388.20001220703125 384.5625 372.01873779296875 358.806243896484375 350.287506103515625 347.0625
312.368743896484375 316.41876220703125 317.26873779296875 320.024993896484375 321.399993896484375 321.20623779296875 318.54998779296875 314.91876220703125 309.28125 303.431243896484375 296.96875 289.15625 280.375 272.08123779296875 263.931243896484375 255.38751220703125 245.787506103515625 235.5625 225 213.90625 206.5749969482421875 198.556243896484375 192.056243896484375 196.2375030517578125 212.899993896484375 231.8249969482421875 251.8249969482421875 270.25 287.600006103515625 299.26873779296875 310.96875 323.350006103515625 339.256256103515625 349.04376220703125 358.38751220703125 369.59375 382.54376220703125 395.98748779296875 403.70001220703125 408.04376220703125 405.243743896484375 388.100006103515625 368.11248779296875 356.381256103515625 361.662506103515625
319.212493896484375 324.75 328.212493896484375 331.21875 331.4375 328.618743896484375 323.23748779296875 316.10626220703125 308.73126220703125 301.6875 294.46875 287.03125 279.90625 272.506256103515625 265.3125 257.26251220703125 249.1062469482421875 238.875 228.65625 217.681243896484375 209.756256103515625 201.587493896484375 196.556243896484375 202.462493896484375 216.0749969482421875 233.0812530517578125 251.899993896484375 270.29998779296875 288.25 301.412506103515625 314.037506103515625 327.26251220703125 345.743743896484375 361.462493896484375 375.32501220703125 388.29376220703125 402.475006103515625 416.76873779296875 426.01251220703125 432.95623779296875 432.66876220703125 412.537506103515625 380.60626220703125 365.59375 384.125
324.431243896484375 332.03125 338.23748779296875 343.600006103515625 342.899993896484375 335.725006103515625 326.649993896484375 317.212493896484375 308.274993896484375 299.61248779296875 292.600006103515625 286.13751220703125 279.443756103515625 273.09375 266.431243896484375 260.350006103515625 253.193756103515625 243.631256103515625 233.587493896484375 222.9499969482421875 214.6875 206.8312530517578125 202.712493896484375 208.931243896484375 221.162506103515625 236.274993896484375 253.9187469482421875 272.04376220703125 290.17498779296875 303.181243896484375 315.76873779296875 329.08123779296875 350.181243896484375 369.899993896484375 388.762481689453125 404.91876220703125 421.89373779296875 437.48748779296875 447.04376220703125 456.806243896484375 462.20623779296875 438.03125 404.70623779296875 395.100006103515625 414.33123779296875
331.618743896484375 340.243743896484375 349.118743896484375 357.33123779296875 358.375 345.14373779296875 331.524993896484375 319.98748779296875 309.125 299.087493896484375 291.60626220703125 284.82501220703125 279.693756103515625 274.681243896484375 269.0625 263.08123779296875 257.04376220703125 249.725006103515625 240.4562530517578125 229.837493896484375 220.8499908447265625 212.993743896484375 207.9812469482421875 214.475006103515625 225.681243896484375 239.399993896484375 254.6125030517578125 272.306243896484375 289.475006103515625 303.35626220703125 316.84375 331.1875 355.10626220703125 377.912506103515625 400.274993896484375 418.912506103515625 438.743743896484375 456.568756103515625 467.375 476.662506103515625 480.037506103515625 465.38751220703125 442.45623779296875 435.193756103515625 441.306243896484375
336.20001220703125 345.46875 353.96875 362.95001220703125 363.32501220703125 347.399993896484375 332.368743896484375 319.006256103515625 306.83123779296875 297.600006103515625 290.03125 284.01251220703125 279.787506103515625 275.25 270.17498779296875 265.53125 261.350006103515625 254.2312469482421875 246.868743896484375 236.78125 226.975006103515625 218.4250030517578125 213.162506103515625 219.181243896484375 229.0187530517578125 241.0500030517578125 255.4937591552734375 272.07501220703125 288.48126220703125 303.79376220703125 318.33123779296875 333.95001220703125 359.212493896484375 385.32501220703125 410.26873779296875 432.399993896484375 455.712493896484375 476.46875 487.15625 494.087493896484375 499.85626220703125 492.787506103515625 480.21875 469.649993896484375 470.58123779296875
338.08123779296875 345.54998779296875 351.73748779296875 355.118743896484375 352.181243896484375 340.337493896484375 327.08123779296875 313.57501220703125 302.33123779296875 292.962493896484375 286.25 281.85626220703125 278.868743896484375 275.20623779296875 271.9375 268.350006103515625 263.29998779296875 256.5625 249.5625 240.6125030517578125 231.412506103515625 222.6999969482421875 216.6062469482421875 222.03125 232.0124969482421875 242.5812530517578125 255.7750091552734375 271.475006103515625 287.556243896484375 304.09375 319.875 337.01873779296875 362.53125 390.70001220703125 418.931243896484375 445.54998779296875 470.53125 493.1875 504.90625 513.70001220703125 525.48748779296875 526.73748779296875 524.3499755859375 522.1312255859375 529.64373779296875
335.66876220703125 339.45001220703125 341.34375 342.67498779296875 339.36248779296875 328.943756103515625 316.21875 303.506256103515625 292.931243896484375 285.1875 282.20001220703125 279.21875 278.162506103515625 277.29376220703125 274.32501220703125 270.350006103515625 264.875 259.26251220703125 251.181243896484375 243.037506103515625 234.7375030517578125 227.0124969482421875 221.1999969482421875 225.568756103515625 234.1062469482421875 243.9812469482421875 256.318756103515625 269.78125 285.53125 302.5625 320.225006103515625 338.912506103515625 365.943756103515625 395.368743896484375 425.381256103515625 453.774993896484375 481.41876220703125 507.037506103515625 520.6937255859375 537.78125 553.04998779296875 561.7125244140625 572.1624755859375 588.9375 621.9312744140625
331.13751220703125 331.850006103515625 332.08123779296875 330.662506103515625 325.431243896484375 315.59375 304.431243896484375 292.70001220703125 282.600006103515625 275.83123779296875 273.82501220703125 275.556243896484375 277.61248779296875 277.462493896484375 275.631256103515625 271.65625 266.89373779296875 261.40625 253.1125030517578125 245.3562469482421875 237.75 230.28125 224.3937530517578125 228.0812530517578125 234.8874969482421875 243.3000030517578125 255.3312530517578125 268.350006103515625 283.649993896484375 301.01873779296875 319.79376220703125 340.57501220703125 368.92498779296875 399.693756103515625 430.35626220703125 460.14373779296875 491.0625 517.3499755859375 537.0875244140625 558.64373779296875 579.20623779296875 594.58123779296875 614.4312744140625 644.3125 687.23126220703125
325.125 324.337493896484375 322.806243896484375 319.09375 313.462493896484375 303.46875 292.225006103515625 280.95001220703125 270.100006103515625 264.493743896484375 265.48748779296875 270.712493896484375 277.212493896484375 280.4375 278.95623779296875 274.98126220703125 269.58123779296875 263.493743896484375 255.9812469482421875 247.28125 240.725006103515625 233.006256103515625 228.006256103515625 230.34375 235.243743896484375 242.4250030517578125 253.53125 266.243743896484375 280.71875 299.10626220703125 319.287506103515625 341.32501220703125 371.04998779296875 403.274993896484375 434.78125 464.67498779296875 495.600006103515625 527.0625 550.76873779296875 573.3062744140625 598.04998779296875 617.07501220703125 641.0250244140625 673.28125 709.86248779296875
318.100006103515625 316.01251220703125 312.649993896484375 307.85626220703125 301.01251220703125 291.34375 279.568756103515625 267.45001220703125 255.806243896484375 249 253.1062469482421875 264.11248779296875 275.962493896484375 281.9375 281.649993896484375 278.08123779296875 272.54376220703125 266.381256103515625 258.13751220703125 249.2624969482421875 242.90625 236.8562469482421875 231.412506103515625 232.8937530517578125 237.087493896484375 242.587493896484375 252.6999969482421875 263.95001220703125 277.006256103515625 296.375 317.831268310546875 340.04998779296875 370.09375 401.225006103515625 431.899993896484375 459.443756103515625 491.556243896484375 522.04376220703125 545.4375 569.3687744140625 595.1312255859375 617.66876220703125 641.0062255859375 670.875 697.20001220703125
310.45623779296875 307.625 303.506256103515625 298.4312744140625 291.75 282.64373779296875 272.0625 259.10626220703125 244.6750030517578125 232.8249969482421875 242.7312469482421875 264.54376220703125 278.162506103515625 284.056243896484375 284.45001220703125 281.07501220703125 275.91876220703125 269.131256103515625 261.243743896484375 252.34375 245.8625030517578125 239.681243896484375 234.506256103515625 235.087493896484375 237.6999969482421875 242.2312469482421875 250.587493896484375 261.3125 273.837493896484375 293.837493896484375 315.725006103515625 338.42498779296875 367.899993896484375 398.98748779296875 428.368743896484375 456.443756103515625 485.91876220703125 514.16876220703125 535.28125 558.5374755859375 583.42498779296875 606 629.76251220703125 657.61248779296875 675.65625
302.774993896484375 299.993743896484375 296.21875 291.149993896484375 285.587493896484375 277.162506103515625 268.65625 257.70001220703125 244.90625 230.931243896484375 254.493743896484375 278.82501220703125 286.9375 289.943756103515625 289.09375 285.5 279.59375 273.04376220703125 264.318756103515625 255.71875 248.1999969482421875 241.8000030517578125 237.0812530517578125 236.625 237.837493896484375 241.1687469482421875 249.34375 258.73126220703125 270.100006103515625 290.850006103515625 312.493743896484375 335.76251220703125 364.5625 394.79376220703125 423.23126220703125 449.506256103515625 476.16876220703125 501.256256103515625 522.3062744140625 543.7125244140625 566.1187744140625 587.66876220703125 609.3687744140625 634.3687744140625 650.8812255859375
297.725006103515625 294.84375 291.725006103515625 287.76873779296875 282.600006103515625 275.83123779296875 269.462493896484375 263.79376220703125 260.431243896484375 268.131256103515625 296.193756103515625 299.162506103515625 297.39373779296875 296.993743896484375 294.84375 291.037506103515625 285.306243896484375 277.51873779296875 268.462493896484375 259.274993896484375 250.975006103515625 243.681243896484375 238.6875 237.899993896484375 238.868743896484375 241.6062469482421875 248.3937530517578125 257.068756103515625 267.41876220703125 286.82501220703125 307.86248779296875 327.993743896484375 353.65625 380.256256103515625 407.41876220703125 431.256256103515625 454.84375 477.59375 496.16876220703125 514.76251220703125 535.60626220703125 553.0062255859375 570.6187744140625 590.20623779296875 602.45001220703125
294.51873779296875 291.568756103515625 288.73748779296875 285.40625 281.48748779296875 277.4375 274.056243896484375 273.475006103515625 275.662506103515625 285.23748779296875 300.693756103515625 306.01251220703125 304.568756103515625 303.54376220703125 301.600006103515625 297.42498779296875 291.506256103515625 283.868743896484375 273.568756103515625 263.443756103515625 252.9499969482421875 244.21875 238.443756103515625 236.75 238.2624969482421875 241.350006103515625 248.09375 256.137481689453125 265.256256103515625 283.193756103515625 301.48126220703125 320.787506103515625 343.67498779296875 366.41876220703125 389.100006103515625 409.056243896484375 430.70001220703125 450.537506103515625 466.75 482.287506103515625 498.931243896484375 513.70001220703125 528.9312744140625 544.4749755859375 554.7249755859375
