data/historical-monthly-weather-data/wc2.1_cruts4.09_10m_prec_1980-02.asc
ncols        51
nrows        45
xllcorner    -63.500000000000
yllcorner    -7.500000000000
cellsize     0.166666666667
NODATA_value -9999
[rows 20 to 39 of 45, columns 0 to 43 of 51]
59.84999847412109375 60.61875152587890625 63.137500762939453125 66.1437530517578125 70.15625 75.36875152587890625 81.24375152587890625 87.72499847412109375 96.3937530517578125 105.3874969482421875 113.33750152587890625 116.2312469482421875 118.50624847412109375 120.36875152587890625 115.88124847412109375 108.3562469482421875 102.3125 99.59375 99.78749847412109375 100.3625030517578125 102.1374969482421875 103.65000152587890625 104.84999847412109375 107.4250030517578125 110.4187469482421875 114.06874847412109375 120.1875 126.71250152587890625 134.100006103515625 142.912506103515625 148.8000030517578125 149.9375 139.556243896484375 125.86875152587890625 113.81874847412109375 122.3937530517578125 138.5124969482421875 152.03125 161.5500030517578125 167.1875 169.2624969482421875 169.2624969482421875 169.4250030517578125 169.28125
57.924999237060546875 59.30625152587890625 62.1875 65.8937530517578125 69.9375 75.21875 80.9875030517578125 87.3562469482421875 95.5437469482421875 103.25 109.6062469482421875 111.66875457763671875 113.15000152587890625 113.94374847412109375 112.05625152587890625 107.625 103.28125 101.3625030517578125 100.875 101.09999847412109375 101.43125152587890625 102.25 104.02500152587890625 106.81874847412109375 110.40000152587890625 115.0187530517578125 122.15625 129.5187530517578125 138.0749969482421875 148.524993896484375 157.118743896484375 159.625 150.350006103515625 139.5812530517578125 132.431243896484375 137.9875030517578125 149.7312469482421875 159.7062530517578125 165.962493896484375 169.3312530517578125 170.850006103515625 171.0500030517578125 170.78125 170.0812530517578125
56.99375152587890625 59.018749237060546875 61.91249847412109375 65.75 69.84375 75.2937469482421875 80.56874847412109375 86.8562469482421875 94.78125 100.8249969482421875 105.2062530517578125 106.2375030517578125 106.8312530517578125 108.2062530517578125 108.30625152587890625 106.2687530517578125 103.34375 102.1999969482421875 101.40000152587890625 100.71250152587890625 100.7375030517578125 100.8562469482421875 101.90625 104.91875457763671875 109.4499969482421875 115.1687469482421875 122.96875 131.3874969482421875 141.337493896484375 153.7375030517578125 165.243743896484375 172.243743896484375 164.125 156.100006103515625 153.6624908447265625 159.087493896484375 166.03125 171.0124969482421875 173.162506103515625 172.8125 172.53125 172.28125 171.6125030517578125 170.774993896484375
57.700000762939453125 59.924999237060546875 62.793750762939453125 66.0625 70 75.28125 80.71875 86.36875152587890625 93.7312469482421875 98.8000030517578125 102.55625152587890625 103.5749969482421875 103.0625 106 107.3000030517578125 106.2937469482421875 104.33750152587890625 103.71250152587890625 102.7062530517578125 101.4562530517578125 100.7624969482421875 100.25624847412109375 100.65000152587890625 103.9499969482421875 109.02500152587890625 114.72499847412109375 123.86875152587890625 133.7687530517578125 144.4375 158.131256103515625 171.3375091552734375 180.274993896484375 175.2624969482421875 170.381256103515625 170.493743896484375 176.318756103515625 180.0124969482421875 179.25 177.65625 175.287506103515625 173.78125 172.5187530517578125 171.693756103515625 171.287506103515625
59.643749237060546875 61.65625 64.1687469482421875 67.2375030517578125 71.08750152587890625 75.65000152587890625 80.6374969482421875 85.6999969482421875 91.80625152587890625 97.03749847412109375 101.02500152587890625 103.16249847412109375 105.08750152587890625 108.02500152587890625 108.34375 107.74375152587890625 106.59999847412109375 105.8000030517578125 104.4875030517578125 102.7312469482421875 101.55625152587890625 100.0500030517578125 99.3874969482421875 102.4187469482421875 107.5500030517578125 115.28125 124.83750152587890625 135.975006103515625 147.3312530517578125 161.09375 174.193756103515625 183.8000030517578125 182.3312530517578125 180.118743896484375 180.5812530517578125 182.65625 183.6437530517578125 181.2624969482421875 178.5812530517578125 175.7312469482421875 173.6437530517578125 172.0749969482421875 171.443756103515625 172.068756103515625
63.05625152587890625 64.94374847412109375 66.69374847412109375 69.2375030517578125 72.47499847412109375 76.6374969482421875 80.77500152587890625 85.18125152587890625 90.6999969482421875 95.77500152587890625 100.03125 103.5625 107.2624969482421875 110.34999847412109375 110.68125152587890625 109.9250030517578125 108.9875030517578125 108.125 106.96250152587890625 104.96875 103.0625 100.43125152587890625 98.46250152587890625 100.52500152587890625 107.1062469482421875 115.97499847412109375 127.40000152587890625 138.5749969482421875 150.5749969482421875 163.6500091552734375 176.3312530517578125 186.5812530517578125 186.681243896484375 185.7312469482421875 185.8125 185.5 184.337493896484375 181.5500030517578125 177.774993896484375 174.875 172.6687469482421875 171.243743896484375 170.3000030517578125 171.212493896484375
66.24375152587890625 67.5437469482421875 68.94374847412109375 71.3312530517578125 73.9375 77.46250152587890625 81.375 85.0124969482421875 89.65625 94.2937469482421875 98.4187469482421875 101.8125 105.41249847412109375 108.61875152587890625 109.53125 110.125 110.1687469482421875 110.4875030517578125 110.1750030517578125 108.90000152587890625 106.9562530517578125 104.33750152587890625 101.4875030517578125 102.8000030517578125 110.88124847412109375 120.43125152587890625 132.125 143.8625030517578125 155.5625 168.1062469482421875 180.587493896484375 189.8312530517578125 189.78125 189.7062530517578125 188.024993896484375 187.1125030517578125 185.4812469482421875 182.100006103515625 178.787506103515625 175.5500030517578125 172.8937530517578125 171.068756103515625 169.8249969482421875 170.368743896484375
69.55625152587890625 69.9812469482421875 71.34375 73.2375030517578125 75.33750152587890625 78.28749847412109375 82.02500152587890625 85.75 89.5124969482421875 93.44374847412109375 96.7624969482421875 99.6687469482421875 102.63124847412109375 105.49375152587890625 107.6687469482421875 109.72499847412109375 111.09999847412109375 113.31874847412109375 114.25 114.40625 113.28125 111.13124847412109375 110.0437469482421875 112.24375152587890625 118.4812469482421875 127.3562469482421875 138.774993896484375 150.568756103515625 162.068756103515625 174.087493896484375 185.78125 195.131256103515625 195.3249969482421875 192.7375030517578125 189.84375 188.59375 185.9250030517578125 183.243743896484375 179.5437469482421875 175.7750091552734375 172.8562469482421875 171.306243896484375 169.9812469482421875 171.09375
73.3562469482421875 73.1999969482421875 74.02500152587890625 75.53125 77.3000030517578125 79.84375 83.13124847412109375 86.36875152587890625 89.50624847412109375 92.66249847412109375 95.31874847412109375 97.65000152587890625 99.97499847412109375 102.93125152587890625 106.33750152587890625 110.03125 113.24375152587890625 116.38124847412109375 119.22499847412109375 120.44374847412109375 120.34999847412109375 119.0500030517578125 119.5187530517578125 122.6750030517578125 127.8625030517578125 135.5500030517578125 146.912506103515625 158.556243896484375 170.662506103515625 181.868743896484375 192.0437469482421875 201.1125030517578125 199.6125030517578125 196.03125 192.693756103515625 190.3000030517578125 188.1875 185.556243896484375 182.506256103515625 177.837493896484375 173.162506103515625 171.09375 171.3625030517578125 174.431243896484375
82.0625 80.43125152587890625 80.30625152587890625 80.66249847412109375 81.65625 83.1062469482421875 84.90625 86.90000152587890625 89.0187530517578125 91.5124969482421875 93.8249969482421875 96.6875 99.55625152587890625 103.03125 106.9875030517578125 110.5625 114.43125152587890625 118.66249847412109375 121.84999847412109375 123.11875152587890625 123.63124847412109375 124.0124969482421875 125.8000030517578125 130.4187469482421875 136.649993896484375 145.100006103515625 156.618743896484375 168.3937530517578125 180.4375 189.931243896484375 199.350006103515625 207.2312469482421875 205.0437469482421875 201.6875 197.9562530517578125 196.006256103515625 193.3937530517578125 191.306243896484375 187.368743896484375 182.6999969482421875 180.181243896484375 179.5625 179.8312530517578125 183.65625
91.18125152587890625 88.2937469482421875 86.6875 86.08750152587890625 85.7937469482421875 86.1374969482421875 86.61875152587890625 87.4187469482421875 88.74375152587890625 90.375 92.7312469482421875 96.25 100.0124969482421875 103.53125 107.3874969482421875 111.5124969482421875 115.7062530517578125 120.2375030517578125 123.9812469482421875 125.27500152587890625 126.59999847412109375 127.84999847412109375 130.524993896484375 136.9562530517578125 144.899993896484375 154.756256103515625 166.6374969482421875 179.056243896484375 191.15625 199.1125030517578125 206.806243896484375 213.431243896484375 212.087493896484375 209.1374969482421875 205.850006103515625 202.774993896484375 200.4250030517578125 198.8562469482421875 194.6687469482421875 189.5187530517578125 187.78125 189.193756103515625 190.46875 192.375
100.5749969482421875 96.53125 93.93125152587890625 92.28749847412109375 90.6875 89.5437469482421875 88.7937469482421875 87.97499847412109375 88.4562530517578125 89.74375152587890625 91.5187530517578125 95.5437469482421875 100.00624847412109375 104.31874847412109375 108.34375 112.8125 116.21250152587890625 120.21875 123.65000152587890625 125.81874847412109375 128.381256103515625 131.087493896484375 134.3812408447265625 142.725006103515625 152.625 163.5500030517578125 175.84375 188.84375 201.350006103515625 208.90625 215.40625 220.6437530517578125 219.5124969482421875 216.75 214.0187530517578125 211.149993896484375 209.0124969482421875 206.868743896484375 202.3625030517578125 199.475006103515625 199.649993896484375 201.5124969482421875 203.0187530517578125 205.65625
117.125 112.1750030517578125 108.06874847412109375 104.39374542236328125 100.6437530517578125 97.58750152587890625 94.56874847412109375 92.0437469482421875 91.61875152587890625 92.00624847412109375 93.47499847412109375 97.4812469482421875 102.5 107.2624969482421875 111.28749847412109375 114.9250030517578125 117.90000152587890625 121.83750152587890625 124.49375152587890625 126.80625152587890625 130.131256103515625 132.9812469482421875 136.625 145.056243896484375 155.21875 166.34375 179.381256103515625 193.84375 207.443756103515625 215.5124969482421875 223.381256103515625 229.2937469482421875 228.443756103515625 226.9875030517578125 225.4875030517578125 223.7375030517578125 221.6750030517578125 218.7249908447265625 214.6875 214.5812530517578125 215.1999969482421875 217.53125 220.556243896484375 224.9000091552734375
135 128.8000030517578125 122.77500152587890625 117.30625152587890625 111.4562530517578125 105.9875030517578125 100.93125152587890625 96.59999847412109375 94.4812469482421875 93.90625 94.75 99.46250152587890625 105.31874847412109375 110.2312469482421875 114.1062469482421875 117.3625030517578125 119.97499847412109375 123.28125 125.71875 127.96250152587890625 131.0500030517578125 133.8000030517578125 137.7312469482421875 146.09375 156.25 167.3625030517578125 181.618743896484375 196.975006103515625 212.1437530517578125 222.1437530517578125 231.4875030517578125 238.9562530517578125 239.756256103515625 238.8625030517578125 237.3125 236.3937530517578125 234.475006103515625 232 229.4375 229.568756103515625 229.96875 233.3312530517578125 238.9875030517578125 245.087493896484375
152.712493896484375 145.943756103515625 138.2062530517578125 130.256256103515625 122.77500152587890625 115.4562530517578125 108.0500030517578125 101.65000152587890625 98.02500152587890625 96.27500152587890625 97.03125 102.8562469482421875 109.56874847412109375 114.6687469482421875 117.76250457763671875 120.1875 121.78749847412109375 124.43125152587890625 126.99375152587890625 128.806243896484375 132.212493896484375 134.631256103515625 138.274993896484375 146.25 156.506256103515625 167.287506103515625 183 199.9812469482421875 216.5124969482421875 228.399993896484375 238.875 249.118743896484375 250.7624969482421875 251.087493896484375 250.274993896484375 248.8312530517578125 246.6687469482421875 246.5812530517578125 245.162506103515625 243.850006103515625 244.3874969482421875 247.4375 253.3000030517578125 260.162506103515625
171.4187469482421875 164.4250030517578125 155.725006103515625 146.556243896484375 137.8625030517578125 130.1062469482421875 121.88124847412109375 114.34999847412109375 109.38124847412109375 106.77500152587890625 107.84999847412109375 113.56874847412109375 119.8000030517578125 123.59375 124.5625 124.59999847412109375 124.4812469482421875 126.69374847412109375 128.475006103515625 130.6437530517578125 133.7312469482421875 136.59375 139.787506103515625 147.9250030517578125 157.337493896484375 167.943756103515625 184.03125 202.3125 219.5749969482421875 233.056243896484375 246.443756103515625 258.89373779296875 262.33123779296875 263.88751220703125 263.04998779296875 261.131256103515625 261.306243896484375 259.993743896484375 257.95001220703125 257.65625 258.98748779296875 261.10626220703125 265.274993896484375 272.17498779296875
191.037506103515625 183.681243896484375 173.7375030517578125 164.6875 155.024993896484375 146.5187530517578125 137.65625 129.0500030517578125 122.2375030517578125 116.3125 119.45624542236328125 127.34375 131.506256103515625 132.2624969482421875 131.3249969482421875 128.8937530517578125 126.625 128.399993896484375 130.618743896484375 132.3125 135.0187530517578125 137.53125 140.725006103515625 148.568756103515625 157.493743896484375 168.15625 184.587493896484375 202.9499969482421875 221.5 237.149993896484375 253.037506103515625 267.70001220703125 273.23748779296875 276 276.84375 276.5625 275.20001220703125 273.65625 271.63751220703125 270.443756103515625 270.28125 272.48748779296875 276.256256103515625 281.931243896484375
210.3562469482421875 202.850006103515625 192.6062469482421875 182.787506103515625 173.1125030517578125 164.09375 155.1374969482421875 146.412506103515625 139.693756103515625 132.0500030517578125 140.3000030517578125 147.7312469482421875 146.837493896484375 143.1875 139.381256103515625 134.274993896484375 129.0812530517578125 130.3937530517578125 131.8625030517578125 132.9187469482421875 135.53125 137.6875 141.0749969482421875 148.6125030517578125 157.5625 168.1750030517578125 184.649993896484375 203.5812530517578125 222.8625030517578125 241.3000030517578125 258.48748779296875 275.5625 282.431243896484375 287.068756103515625 288.82501220703125 289.256256103515625 288 286.649993896484375 284.33123779296875 282.037506103515625 280.39373779296875 282.175018310546875 284.225006103515625 288.04376220703125
228.2062530517578125 220.037506103515625 210.0625 201.618743896484375 192.3625030517578125 184.318756103515625 177.1687469482421875 170.6687469482421875 167.1687469482421875 169.850006103515625 180.5187530517578125 176.6999969482421875 169.4812469482421875 162.34375 155.087493896484375 146.0749969482421875 137.899993896484375 136.556243896484375 135.475006103515625 134.6875 136.3562469482421875 138.3874969482421875 142.25 149.5749969482421875 158.568756103515625 169.818756103515625 186.131256103515625 204.7687530517578125 224.2375030517578125 243.0812530517578125 262.256256103515625 279.587493896484375 286.79998779296875 292.29998779296875 297.41876220703125 297.73126220703125 295.79376220703125 295.068756103515625 291.850006103515625 287.412506103515625 285.51873779296875 285.84375 287.39373779296875 290.100006103515625
246.287506103515625 237.787506103515625 228.756256103515625 220.4187469482421875 212.3249969482421875 205.8874969482421875 199.912506103515625 196.568756103515625 195.6750030517578125 199.3562469482421875 203.4499969482421875 199.59375 192.1750030517578125 182.8937530517578125 171.931243896484375 159.7624969482421875 148.15625 143.881256103515625 139.868743896484375 136.9812469482421875 137.087493896484375 138.75 142.1687469482421875 149.6062469482421875 159.6687469482421875 171.1125030517578125 187.46875 205.881256103515625 225.4375 244.6125030517578125 263.600006103515625 283.21875 293.41876220703125 299.537506103515625 303.9375 304.5 302.23748779296875 300.125 297.01873779296875 291.5 288.48748779296875 288.431243896484375 288.89373779296875 289.556243896484375
