data/historical-monthly-weather-data/wc2.1_cruts4.09_10m_prec_1954-06.asc
ncols        51
nrows        45
xllcorner    -63.500000000000
yllcorner    -7.500000000000
cellsize     0.166666666667
NODATA_value -9999
[rows 19 to 37 of 45, columns 0 to 42 of 51]
164.006256103515625 162.287506103515625 158.9250030517578125 153.818756103515625 151.6374969482421875 153.537506103515625 151.287506103515625 147.1125030517578125 148.3312530517578125 147.28125 144.4562530517578125 139.806243896484375 133.118743896484375 125.86875152587890625 119.34375 107.46250152587890625 100.00624847412109375 101.4187469482421875 96.1437530517578125 97.4812469482421875 93.4875030517578125 99.0124969482421875 110.6062469482421875 114.65625 112.5187530517578125 110.8874969482421875 109.74375152587890625 115.06874847412109375 111.4812469482421875 107.21875 106.46875 116.7937469482421875 118.6750030517578125 117.49375152587890625 118.16249847412109375 125.5749969482421875 129.7624969482421875 126.34375 122.25624847412109375 116.2937469482421875 105.3562469482421875 94.03125 94.91249847412109375
147.5062408447265625 153.5812530517578125 154.556243896484375 150.693756103515625 143.868743896484375 143.0500030517578125 144.3249969482421875 142.9499969482421875 142.850006103515625 140.78125 139.837493896484375 135.2375030517578125 128.806243896484375 119.9812469482421875 111.6374969482421875 105.90625 98.0625 95.6062469482421875 98.19374847412109375 97.11249542236328125 104.28749847412109375 110.59375 118.7624969482421875 125.40625 124.7312469482421875 118.875 108.49375152587890625 107.0749969482421875 106.33750152587890625 107.59375 108.83750152587890625 114.47499847412109375 108.71875 106.53125 105.86875152587890625 112.4562530517578125 117.80625152587890625 117.66249847412109375 111.6437530517578125 105.5437469482421875 98.8000030517578125 90.5124969482421875 89.6062469482421875
141.037506103515625 139.4187469482421875 143.3625030517578125 144.1687469482421875 139.9375 137.2375030517578125 137.375 135.96875 135.475006103515625 136.587493896484375 135.5 129.287506103515625 122.96250152587890625 118.68125152587890625 114.1875 105.19374847412109375 106.6750030517578125 102.24375152587890625 105.0812530517578125 105.06874847412109375 106.0437469482421875 116.0625 123.96250152587890625 123.2624969482421875 119.4875030517578125 114.7687530517578125 113.05625152587890625 107.13124847412109375 109.125 110.3874969482421875 107.59999847412109375 103.96875 100.8937530517578125 101.71250152587890625 99.2937469482421875 101.52500152587890625 105.3125 107.9499969482421875 105.2624969482421875 100.9499969482421875 94.72499847412109375 89.33750152587890625 88.16249847412109375
135.25 141.5625 144.5437469482421875 144.149993896484375 140.0437469482421875 135.743743896484375 128.743743896484375 126.2375030517578125 130.4250030517578125 130.9812469482421875 129.5500030517578125 127.8625030517578125 127.5187530517578125 125.4250030517578125 120.33750152587890625 114.06874847412109375 107.80625152587890625 104.86875152587890625 106.4875030517578125 109.41249847412109375 115.8125 119.19374847412109375 121.24375152587890625 121.1875 122.5625 117.56874847412109375 111.0187530517578125 107.44374847412109375 106.77500152587890625 102.4375 99.30625152587890625 98.125 93.91249847412109375 91.06874847412109375 92.5500030517578125 91.75624847412109375 92.6687469482421875 95.81874847412109375 97.49375152587890625 96.25 91.3312530517578125 87.75 85.9875030517578125
126.7062530517578125 134.71875 142.212493896484375 138.5500030517578125 133.056243896484375 129.131256103515625 128.774993896484375 126.03749847412109375 124.3125 122.1374969482421875 126.0500030517578125 130.0625 127.90000152587890625 128.3312530517578125 120.47499847412109375 115.0187530517578125 110.5 111.58750152587890625 112.2687530517578125 113.52500152587890625 118.34375 124.4875030517578125 124.875 128.725006103515625 124.5437469482421875 117.08750152587890625 114.9250030517578125 104.88124847412109375 99.65000152587890625 97.09999847412109375 93.71250152587890625 91.83750152587890625 89.09999847412109375 84.6437530517578125 84.72499847412109375 83.00624847412109375 85.1062469482421875 87.9562530517578125 88.6125030517578125 87.58750152587890625 85.24375152587890625 83.7937469482421875 83.1374969482421875
117.08750152587890625 127.2312469482421875 132.8249969482421875 134.71875 131.4250030517578125 127.7375030517578125 125.6875 125.1999969482421875 122.78749847412109375 124.4875030517578125 124.6125030517578125 125.43125152587890625 127.74375152587890625 123.88124847412109375 117.125 112.8249969482421875 110.91249847412109375 110.0749969482421875 112.50624847412109375 116.7375030517578125 121 124.0625 130.3249969482421875 131.4812469482421875 122.88124847412109375 115.3937530517578125 108.9187469482421875 101.78125 95.4250030517578125 92.8312530517578125 86.77500152587890625 82.5500030517578125 79.74375152587890625 78.34999847412109375 77.1374969482421875 77.13124847412109375 78.18125152587890625 78.71250152587890625 81.2312469482421875 81.4187469482421875 80.24375152587890625 80.55625152587890625 81.61875152587890625
112.41249847412109375 124.80625152587890625 124.11875152587890625 126.1750030517578125 122.8249969482421875 121.15000152587890625 118.7375030517578125 119.0437469482421875 114.34999847412109375 112.8312530517578125 117.3874969482421875 118.8125 120.96250152587890625 119.4562530517578125 116.09999847412109375 110.15000152587890625 108.8874969482421875 111.33750152587890625 114.4187469482421875 115.2624969482421875 120.09999847412109375 124.375 128.8874969482421875 127.69374847412109375 122.38124847412109375 112.7687530517578125 105.86875152587890625 98.74375152587890625 90.15000152587890625 86.18125152587890625 80.3312530517578125 75.9375 73.1687469482421875 71.02500152587890625 69.49375152587890625 71.28749847412109375 72.3625030517578125 71.59375 72.56874847412109375 75.03125 74.6125030517578125 71.43125152587890625 72.45624542236328125
104.1999969482421875 108.65000152587890625 112.81874847412109375 114.11875152587890625 112.11875152587890625 111.8562469482421875 110.6875 106.41249847412109375 104.7624969482421875 109.38124847412109375 114.3312530517578125 115.6999969482421875 115.68125152587890625 116.15625 114.6750030517578125 112.6374969482421875 109.58750152587890625 108.27500152587890625 112.25624847412109375 113.3249969482421875 115.5124969482421875 119.99375152587890625 125.46250152587890625 128.6125030517578125 118.53125 109.46250152587890625 102.78125 94.16249847412109375 86.0187530517578125 80.96875 76.86875152587890625 70.50624847412109375 66.9250030517578125 64.91249847412109375 63.52500152587890625 64.0437469482421875 65.94374847412109375 65.25624847412109375 65.2624969482421875 68.38124847412109375 69.8249969482421875 68.625 67.52500152587890625
96.9187469482421875 96.875 100.0187530517578125 99.59375 98.8562469482421875 100.91249847412109375 101.40625 99.21875 99.7937469482421875 104.56874847412109375 107.46875 109.99375152587890625 110.00624847412109375 109.86875152587890625 108.54375457763671875 107.08750152587890625 105.0437469482421875 106.5 106.375 109.625 113.0124969482421875 114.52500152587890625 121.1062469482421875 119.75624847412109375 112.625 103.5187530517578125 96.94374847412109375 88.74375152587890625 83.375 79.58750152587890625 74.375 69.34999847412109375 64.40000152587890625 59.549999237060546875 59.206249237060546875 59.174999237060546875 60.612499237060546875 59.52500152587890625 60.799999237060546875 63.143749237060546875 64.88124847412109375 66.21250152587890625 62.66249847412109375
87.74375152587890625 89.69374847412109375 88.21875 87.03749847412109375 88.3249969482421875 87.41249847412109375 89.4562530517578125 91.81874847412109375 95.125 97.69374847412109375 101.2937469482421875 103.28125 105.3562469482421875 106.24375152587890625 105.2375030517578125 104.3625030517578125 104.11875152587890625 103.5625 105.63124847412109375 108.5 108.7687530517578125 109.3249969482421875 111.52500152587890625 109.34375 103.8937530517578125 95.52500152587890625 91.78749847412109375 86.71875 80.65000152587890625 74.93125152587890625 69.38124847412109375 65.56874847412109375 60.25 57.11875152587890625 54.5 53.956249237060546875 55.768749237060546875 53.55625152587890625 55.05625152587890625 56.46875 57.25 57.643749237060546875 57.856250762939453125
80.4875030517578125 80.21250152587890625 79.5187530517578125 78.0437469482421875 78.4187469482421875 80.34999847412109375 82.11875152587890625 86.84375 89.30625152587890625 92.88124847412109375 96.30625152587890625 99.5187530517578125 102.2687530517578125 103.9812469482421875 102.16249847412109375 100.15625 99.2062530517578125 101.1374969482421875 99.31874847412109375 98.31874847412109375 101.4375 102.5437469482421875 104.18125152587890625 102.15625 95.8249969482421875 91.9375 87.34999847412109375 81.88750457763671875 76.6875 70.61875152587890625 65.57500457763671875 61.3125 57.393749237060546875 54.362499237060546875 52.331249237060546875 50.27500152587890625 52.106250762939453125 49.75624847412109375 48.356250762939453125 51.44374847412109375 51.59375 51.71875 53.44374847412109375
75.0187530517578125 73.4875030517578125 72.11875152587890625 71.7312469482421875 72.27500152587890625 73.9812469482421875 77.25 80.8249969482421875 83.38124847412109375 87.8562469482421875 91.97499847412109375 94.0187530517578125 98.44374847412109375 96.25624847412109375 96.1437530517578125 97.9812469482421875 98.13124847412109375 96.7062530517578125 95.3625030517578125 95.3312530517578125 95.94374847412109375 95.06874847412109375 96.375 95.16249847412109375 90.46875 87.2624969482421875 82.41249847412109375 77.9562530517578125 72.68125152587890625 67.25 64.30625152587890625 60.125 55.268749237060546875 50.88124847412109375 48.34999847412109375 46.337497711181640625 46.731250762939453125 45.28125 43.93125152587890625 42.956249237060546875 44.02500152587890625 44.262500762939453125 45.44374847412109375
69.41249847412109375 67.88124847412109375 65.9250030517578125 66.59999847412109375 68.9187469482421875 70.59999847412109375 72.94374847412109375 75.75624847412109375 79.09999847412109375 81.88124847412109375 84.0437469482421875 87.15625 88.6750030517578125 91.15000152587890625 93 93.7062530517578125 91.34375 89.8874969482421875 89.34375 89.6374969482421875 89.66249847412109375 89.8125 88.5 86.6687469482421875 84.78125 81.2062530517578125 77.94374847412109375 74.05625152587890625 69.0812530517578125 66.81874847412109375 62.456249237060546875 57.799999237060546875 53.393749237060546875 48.59999847412109375 45.268749237060546875 42.456249237060546875 41.25624847412109375 38.612499237060546875 38.28749847412109375 37.793750762939453125 38.637500762939453125 39.06874847412109375 39.487499237060546875
65.1062469482421875 63.918750762939453125 63.59999847412109375 64.3562469482421875 64.5749969482421875 66.4250030517578125 68.7375030517578125 71.78125 73.84375 76.6875 81.66249847412109375 83.7062530517578125 86.0625 90.34999847412109375 92.3625030517578125 90.125 87.4250030517578125 87.8625030517578125 87.09375 86.5500030517578125 84.40000152587890625 83.26250457763671875 83.2312469482421875 81.99375152587890625 79.50624847412109375 77.0124969482421875 73.7375030517578125 69.9812469482421875 66.6374969482421875 64.2624969482421875 60.625 55.018749237060546875 50.875 47.3125 43.11875152587890625 39.96250152587890625 37.206249237060546875 34.41249847412109375 33.737499237060546875 34.293750762939453125 34.512500762939453125 34.387500762939453125 33.793750762939453125
60.9375 60.887500762939453125 62.174999237060546875 62.356250762939453125 62.075000762939453125 63.19374847412109375 65.9187469482421875 67.18125152587890625 68.8562469482421875 71.0749969482421875 76.05625152587890625 80.75 83.8000030517578125 85.86875152587890625 86.4562530517578125 87.1062469482421875 86.8249969482421875 85.06874847412109375 82.1437530517578125 81.4375 80.3937530517578125 78.65625 79.43125152587890625 76.72499847412109375 75.4187469482421875 72.09999847412109375 70.55625152587890625 67.4562530517578125 65.5812530517578125 62.46250152587890625 59.33750152587890625 55.09375 48.71250152587890625 44.206249237060546875 40.737499237060546875 37.50624847412109375 34.293750762939453125 31.262500762939453125 30.34375 29.881250381469726562 28.918750762939453125 29.162500381469726562 28.868749618530273438
58.38124847412109375 57.3125 59.34999847412109375 60.91249847412109375 60.66249847412109375 59.90625 60.58750152587890625 62.543750762939453125 64.49375152587890625 66.6437530517578125 73.4562530517578125 79.00624847412109375 82.8625030517578125 88.1687469482421875 88.75624847412109375 87.0625 84.5500030517578125 80.41249847412109375 77.375 73.6687469482421875 75.15000152587890625 72.5812530517578125 71.8625030517578125 70.0187530517578125 71.1687469482421875 69.46875 67.4250030517578125 64.03125 61.887500762939453125 58.63124847412109375 56.081249237060546875 52.762500762939453125 46.149997711181640625 41.456249237060546875 37.143749237060546875 34.43125152587890625 30.668750762939453125 29.037500381469726562 26.987499237060546875 26.125 24.868749618530273438 24.049999237060546875 23.787500381469726562
56.875 55.71250152587890625 56.75624847412109375 58.19374847412109375 58.643749237060546875 58.487499237060546875 58.9375 59.393749237060546875 60.33750152587890625 62.09999847412109375 66.4812469482421875 75.5500030517578125 82.125 86.1687469482421875 87.125 85.8000030517578125 82.4875030517578125 76.5187530517578125 72.52500152587890625 68.1125030517578125 67.34375 68.09999847412109375 66.68125152587890625 65.2624969482421875 66.28749847412109375 65.0124969482421875 63.237499237060546875 60.61875152587890625 59.674999237060546875 56.15000152587890625 52.46250152587890625 49.331249237060546875 44.137500762939453125 39.0625 34.231250762939453125 31.799999237060546875 29.8125 26.950000762939453125 25.381250381469726562 24.5625 23.21875 21.9375 21.212499618530273438
53.825000762939453125 54.77500152587890625 54.33750152587890625 55.793750762939453125 57.081249237060546875 56.981250762939453125 57.05625152587890625 58.231250762939453125 58.61875152587890625 57.25624847412109375 63.77500152587890625 75.2375030517578125 82.49375152587890625 84.46250152587890625 85.1999969482421875 83.6374969482421875 80.8874969482421875 75.7312469482421875 71 64.5 62.40625 63.66249847412109375 62.168750762939453125 61.65000152587890625 60.94374847412109375 60.299999237060546875 60.53749847412109375 58.325000762939453125 56.112499237060546875 51.88124847412109375 49.78749847412109375 45.6875 41.481250762939453125 37.237499237060546875 32.606250762939453125 30.206249237060546875 28.337499618530273438 26.431249618530273438 24.293750762939453125 22.65625 21.212499618530273438 20.443750381469726562 18.993749618530273438
50.918750762939453125 52.043750762939453125 52.84999847412109375 54.831249237060546875 55.487499237060546875 55.918750762939453125 56.862499237060546875 57.799999237060546875 59.05625152587890625 57.299999237060546875 67.94374847412109375 78.5437469482421875 82.4250030517578125 84.8000030517578125 82.9375 80.9250030517578125 77.74375152587890625 73.56874847412109375 69.65625 64.36875152587890625 60.918750762939453125 59.99375152587890625 57.65000152587890625 57.53125 56.643749237060546875 57.456249237060546875 57.71250152587890625 55.700000762939453125 53.56874847412109375 48.90000152587890625 45.5625 43.418750762939453125 39.84999847412109375 35.168750762939453125 31.03125 29 27.037500381469726562 24.84375 24.174999237060546875 22.056249618530273438 20.237499237060546875 19.524999618530273438 17.774999618530273438
