data/historical-monthly-weather-data/wc2.1_cruts4.09_10m_prec_2017-11.asc
ncols        45
nrows        45
xllcorner    -63.500000000000
yllcorner    -7.500000000000
cellsize     0.166666666667
NODATA_value -9999
[rows 19 to 37 of 45, columns 0 to 43 of 45]
138.6125030517578125 141.2062530517578125 145.4375 150.5437469482421875 155.4812469482421875 160 163.587493896484375 166 166.537506103515625 165.899993896484375 163.837493896484375 161.0124969482421875 156.90625 152.506256103515625 150.587493896484375 149.412506103515625 148.4375 152.8562469482421875 158.96875 167.100006103515625 173.75 176.462493896484375 177.4250030517578125 174.131256103515625 170.1750030517578125 164.1999969482421875 154.693756103515625 143.493743896484375 127.8312530517578125 111.7937469482421875 100.90000152587890625 98.9499969482421875 99.00624847412109375 99.4812469482421875 98.69374847412109375 95.25624847412109375 91.6374969482421875 87.7937469482421875 82.05625152587890625 75.75 69.375 64.33750152587890625 58.387500762939453125 53.28749847412109375
141.3562469482421875 145.649993896484375 150.7937469482421875 156.006256103515625 160.5500030517578125 165.037506103515625 169.306243896484375 172.4562530517578125 174.4187469482421875 174.600006103515625 173.6875 172.1687469482421875 169.2624969482421875 164.368743896484375 161.806243896484375 158.8562469482421875 156.7312469482421875 158.1374969482421875 163.5500030517578125 168.3000030517578125 173.9250030517578125 177.412506103515625 177.9375 174.7062530517578125 170.818756103515625 164.806243896484375 154.9499969482421875 142.0124969482421875 128.6875 118.74375152587890625 110.78749847412109375 107.4187469482421875 105.80625152587890625 105.125 104.06874847412109375 101.1687469482421875 96.56874847412109375 91.7937469482421875 85.18125152587890625 78.40625 71.28749847412109375 65.625 59.78125 54.293750762939453125
144.681243896484375 149.0124969482421875 154.681243896484375 160.2624969482421875 165.5 169.8125 174.443756103515625 177.9875030517578125 182.1687469482421875 184.3874969482421875 185.024993896484375 185.625 184.131256103515625 179.5 175.475006103515625 171.28125 168.9562530517578125 168.131256103515625 169.850006103515625 172.787506103515625 173.9499969482421875 175.2312469482421875 176 172.4250030517578125 167.725006103515625 162.087493896484375 154.6812591552734375 143.931243896484375 133.7687530517578125 125.90625 118.2624969482421875 114.375 112.05625152587890625 111.72499847412109375 111.15000152587890625 107.58750152587890625 102.5812530517578125 96.91249847412109375 88.93125152587890625 81.40000152587890625 73.6437530517578125 67.41249847412109375 61.325000762939453125 55.88124847412109375
147.8625030517578125 153.9562530517578125 159.443756103515625 165.006256103515625 170.4187469482421875 174.34375 178.1437530517578125 183.118743896484375 189.443756103515625 193.193756103515625 196.4187469482421875 198.9812469482421875 202.037506103515625 198.5187530517578125 190.806243896484375 183.931243896484375 179.649993896484375 177.2624969482421875 176.193756103515625 176.181243896484375 175.475006103515625 174.587493896484375 173.375 169.3625030517578125 165.6999969482421875 161.125 154.0812530517578125 146.1125030517578125 137.25 130.5 124.8625030517578125 121.13124847412109375 119.4187469482421875 118.8937530517578125 117.69374847412109375 114.0124969482421875 108.6687469482421875 101.5 92.5812530517578125 84.25624847412109375 76.28125 69.46250152587890625 62.987499237060546875 57.237499237060546875
150.2062530517578125 156.743743896484375 161.818756103515625 166.0187530517578125 171.162506103515625 176.3562469482421875 181.2624969482421875 187.34375 193.6687469482421875 198.8562469482421875 203.5749969482421875 210.53125 216.850006103515625 212.618743896484375 202.375 193.96875 188.1374969482421875 184.212493896484375 180.8562469482421875 178.0124969482421875 176.006256103515625 173.9187469482421875 171.087493896484375 167.1125030517578125 163.6750030517578125 159.3000030517578125 155.350006103515625 147.318756103515625 140.625 135.1875 131.53125 128.681243896484375 126.4187469482421875 124.8874969482421875 123.38124847412109375 120.125 114.4499969482421875 105.875 96.55625152587890625 87.625 79.1750030517578125 72.0812530517578125 65.40000152587890625 59.4375
154.5625 160.5 164.6750030517578125 168.1062469482421875 173.100006103515625 178.03125 183.0749969482421875 189.2062530517578125 196.3249969482421875 202.306243896484375 208.3625030517578125 213.6750030517578125 218.5812530517578125 216.631256103515625 208.6750030517578125 200.681243896484375 194.3375091552734375 188.5187530517578125 183.8937530517578125 179.6062469482421875 176.0187530517578125 171.9499969482421875 169.0625 164.71875 160.78125 158.4499969482421875 154.7375030517578125 149.243743896484375 143.318756103515625 140.181243896484375 137.125 134.8874969482421875 132.1062469482421875 129.7375030517578125 126.90625 122.41249847412109375 116.66249847412109375 108.28125 99.24375152587890625 90.61875152587890625 81.9375 74.65000152587890625 68.19374847412109375 62.506252288818359375
161.2687530517578125 167.2937469482421875 168.21875 171.0625 174.03125 178.5124969482421875 183.368743896484375 189.350006103515625 196.318756103515625 202.787506103515625 208.71875 213.837493896484375 216.850006103515625 216.212493896484375 210.8562469482421875 204.5749969482421875 198.9562530517578125 192.556243896484375 186.8937530517578125 181.774993896484375 176.875 171.818756103515625 167.1437530517578125 161.5500030517578125 158.7312469482421875 157.506256103515625 155.350006103515625 151.53125 147.15625 144.9562530517578125 142.4499969482421875 140.381256103515625 137.0749969482421875 132.9499969482421875 129.056243896484375 123.65000152587890625 117.28749847412109375 109.7937469482421875 101.7375030517578125 93.2312469482421875 84.8937530517578125 77.5625 70.38124847412109375 64.9875030517578125
167.0124969482421875 170.4187469482421875 170.850006103515625 172.087493896484375 173.618743896484375 177.412506103515625 183.149993896484375 188.4250030517578125 193.6437530517578125 199.868743896484375 206.53125 211.193756103515625 213.8125 213.9875030517578125 210 204.125 199.3249969482421875 193.78125 188.53125 182.8562469482421875 177.568756103515625 172.118743896484375 166.649993896484375 161.368743896484375 159.8874969482421875 158.8312530517578125 156.8874969482421875 153.868743896484375 150.912506103515625 148.34375 146.65625 144.625 140.899993896484375 136 130.3874969482421875 124.3312530517578125 117.6062469482421875 109.9562530517578125 102.71875 94.86875152587890625 86.94374847412109375 79.71250152587890625 72.8625030517578125 67.3125
172.649993896484375 173.256256103515625 172.681243896484375 172.3562469482421875 173.1999969482421875 176.162506103515625 181.181243896484375 186.59375 191.9812469482421875 197.743743896484375 202.8874969482421875 207.337493896484375 209.912506103515625 210.4875030517578125 207.806243896484375 203.131256103515625 198.537506103515625 194.337493896484375 189.524993896484375 184.556243896484375 179.8625030517578125 174.3312530517578125 170.6125030517578125 166.4812469482421875 163.9499969482421875 161.868743896484375 159.399993896484375 156.9437408447265625 154.0187530517578125 151.5749969482421875 149.2687530517578125 147.2687530517578125 142.875 136.756256103515625 131.1125030517578125 124.59375 117.53749847412109375 110.4812469482421875 102.99375152587890625 96.43125152587890625 89.58750152587890625 82.80625152587890625 74.94374847412109375 69.33750152587890625
177.931243896484375 175.7937469482421875 173.0437469482421875 171.712493896484375 171.6374969482421875 174.056243896484375 178.4187469482421875 183.4812469482421875 189.5500030517578125 194.8000030517578125 199.725006103515625 203.375 206.4250030517578125 207.2249908447265625 205.0625 202.350006103515625 199.462493896484375 195.056243896484375 190.868743896484375 186.662506103515625 182.850006103515625 178.225006103515625 175.34375 172.1374969482421875 168.943756103515625 165.9812469482421875 163.618743896484375 160.3937530517578125 157.5500030517578125 154.3249969482421875 151.837493896484375 149.125 143.375 136.8937530517578125 131.162506103515625 124.33750152587890625 117.30625152587890625 109.97499847412109375 102.8625030517578125 96.15625 90.40000152587890625 83.7937469482421875 77.1687469482421875 73.36875152587890625
181.3937530517578125 176.868743896484375 172.725006103515625 168.65625 167.993743896484375 170.3874969482421875 174.274993896484375 179.0749969482421875 184.681243896484375 189.09375 193.90625 198.1750030517578125 201.8249969482421875 204.212493896484375 203.2062530517578125 201.618743896484375 198.5124969482421875 195.9250030517578125 192.0187530517578125 188.4812469482421875 185.4499969482421875 183.212493896484375 181.193756103515625 177.306243896484375 173.9187469482421875 171.1125030517578125 168.243743896484375 164.399993896484375 160.787506103515625 157.618743896484375 154.431243896484375 151.0437469482421875 144.6437530517578125 138.162506103515625 131.7687530517578125 124.0812530517578125 116.3625030517578125 109.5500030517578125 101.74375152587890625 94.9187469482421875 89.3874969482421875 86.1875 81.9499969482421875 79.6750030517578125
183.375 176.993743896484375 171.818756103515625 166.993743896484375 164.6999969482421875 167.4499969482421875 170.962493896484375 174.8874969482421875 179.1687469482421875 184.1125030517578125 189.068756103515625 193.774993896484375 198.618743896484375 200.7937469482421875 201.1750030517578125 200.875 199.96875 197.3312530517578125 193.337493896484375 192.037506103515625 190.462493896484375 189.0749969482421875 187.681243896484375 183.6374969482421875 179.3125 176.4375 172.568756103515625 168.5749969482421875 164.28125 160.3000030517578125 156.8000030517578125 153.131256103515625 146 139.6437530517578125 132.21875 124.0124969482421875 116.30625152587890625 109.8874969482421875 101.81874847412109375 92.80625152587890625 88.36875152587890625 88.0812530517578125 86.6374969482421875 85.2312469482421875
184.068756103515625 176.78125 171.131256103515625 166.899993896484375 164.837493896484375 165.4187469482421875 168.0749969482421875 170.8625030517578125 174.693756103515625 179.0749969482421875 184.0437469482421875 189.587493896484375 194.6750030517578125 198.568756103515625 200.975006103515625 202.100006103515625 202.162506103515625 200.1062469482421875 197.818756103515625 197.350006103515625 196.5500030517578125 195.318756103515625 193.84375 189.4250030517578125 185.5625 181.681243896484375 176.8937530517578125 172.3562469482421875 167.375 163.40625 159.431243896484375 154.84375 147.53125 140.243743896484375 133.350006103515625 125.03749847412109375 117.19374847412109375 109.99375152587890625 101.6875 94.4375 91.7375030517578125 93.0812530517578125 93.4812469482421875 94.72499847412109375
181.056243896484375 174.774993896484375 169.662506103515625 166.037506103515625 163.8000030517578125 163.34375 164.7937469482421875 166.787506103515625 169.8000030517578125 173.7937469482421875 179.9875030517578125 185.625 192.15625 198.9250030517578125 201.96875 204.4375 205.0812530517578125 205.4375 204.743743896484375 204.6875 204.0124969482421875 202.0749969482421875 199.600006103515625 195.0437469482421875 191.131256103515625 186.818756103515625 181.6750030517578125 176.46875 171.818756103515625 167.2937469482421875 162.8562469482421875 157.8312530517578125 150.1875 142.462493896484375 135.837493896484375 128.068756103515625 120.8874969482421875 113.4562530517578125 106.25 102.5749969482421875 100.7312469482421875 102.4250030517578125 104.59375 108.0437469482421875
176.9562530517578125 172.056243896484375 167.71875 164.881256103515625 162.2312469482421875 161.306243896484375 161.1437530517578125 162.524993896484375 165.09375 168.46875 174.1374969482421875 182.0625 190.6875 198.037506103515625 202.493743896484375 206.4250030517578125 209.4187469482421875 210.90625 211.506256103515625 212.2312469482421875 211.068756103515625 208.787506103515625 205.9375 200.837493896484375 196.5124969482421875 191.625 186.568756103515625 180.8000030517578125 175.837493896484375 170.8312530517578125 166.0437469482421875 161.2624969482421875 153.462493896484375 145.625 139.0187530517578125 131.9562530517578125 124.4812469482421875 116.7937469482421875 112.6437530517578125 111.15000152587890625 109.99375152587890625 112.4562530517578125 116.69374847412109375 122.00624847412109375
173.6687469482421875 169.837493896484375 166.2062530517578125 163.149993896484375 160.75 159.1125030517578125 157.84375 158.350006103515625 159.2062530517578125 162.75 169.212493896484375 179.1062469482421875 189.3874969482421875 199.25 205.6062469482421875 209.5625 214.100006103515625 216.662506103515625 218.1062469482421875 219.21875 218.274993896484375 215.600006103515625 211.9812469482421875 205.8249969482421875 200.3562469482421875 195.8000030517578125 190.0124969482421875 184.756256103515625 179.350006103515625 174.1312408447265625 169.5500030517578125 164.431243896484375 156.368743896484375 149.1062469482421875 141.7312469482421875 134.337493896484375 127.18125152587890625 122.36875152587890625 119.9812469482421875 118.91249847412109375 119.09375 121.6750030517578125 126.2687530517578125 131.787506103515625
171.0749969482421875 167.6125030517578125 164.475006103515625 161.4187469482421875 159.0124969482421875 157.337493896484375 155.787506103515625 154.399993896484375 154.1374969482421875 156.5437469482421875 164.1374969482421875 175.399993896484375 188.2312469482421875 200.337493896484375 207.149993896484375 213.59375 217.962493896484375 221.493743896484375 224.2937469482421875 226.850006103515625 225.2937469482421875 220.649993896484375 215.9250030517578125 209.8312530517578125 204.256256103515625 199.287506103515625 193.9562530517578125 189.21875 184.2687530517578125 178.068756103515625 173.7624969482421875 168.28125 160.943756103515625 153.7687530517578125 145.899993896484375 138.9499969482421875 135.0437469482421875 130.8312530517578125 128.5 128.1999969482421875 129.037506103515625 131.162506103515625 134.7375030517578125 139.649993896484375
168.59375 165.881256103515625 163.381256103515625 160.837493896484375 158.34375 156.618743896484375 154.3249969482421875 152.0500030517578125 150.3625030517578125 149.756256103515625 159.243743896484375 176.100006103515625 189.868743896484375 200.9499969482421875 208.8625030517578125 215.9562530517578125 221.375 225.087493896484375 228.4250030517578125 230.712493896484375 228.3625030517578125 223.2624969482421875 218.28125 212.118743896484375 206.5625 202.412506103515625 196.756256103515625 193.068756103515625 188.056243896484375 182.4375 177.4499969482421875 173.0124969482421875 165.618743896484375 158.8625030517578125 151.3625030517578125 146.1750030517578125 143.068756103515625 140.1062469482421875 138.587493896484375 137.256256103515625 137.375 138.818756103515625 141.631256103515625 145.9812469482421875
167.84375 165.2375030517578125 162.8312530517578125 160.7937469482421875 158.462493896484375 156.875 155.006256103515625 152.8312530517578125 151.350006103515625 149.693756103515625 164.8562469482421875 183.1999969482421875 194.0500030517578125 203.53125 211.318756103515625 218.5187530517578125 224.412506103515625 227.693756103515625 230.149993896484375 230.368743896484375 228.4187469482421875 224.1875 219.6437530517578125 213.131256103515625 208.28125 204.5 199.4000091552734375 196.2062530517578125 192.1374969482421875 187.1875 180.3125 175.5437469482421875 169.28125 163.1374969482421875 156.65625 153.3562469482421875 151.462493896484375 149 148.6999969482421875 147.943756103515625 146.125 147.3312530517578125 148.2062530517578125 150.5124969482421875
