data/historical-monthly-weather-data/wc2.1_cruts4.09_10m_prec_2001-05.asc
ncols        51
nrows        45
xllcorner    -63.500000000000
yllcorner    -7.500000000000
cellsize     0.166666666667
NODATA_value -9999
[rows 20 to 39 of 45, columns 0 to 43 of 51]
203.5500030517578125 209.8312530517578125 214.006256103515625 214.75 215.5749969482421875 224.6875 231.28125 234.8874969482421875 237.3000030517578125 236.568756103515625 236.40625 234.5 228.100006103515625 221.2312469482421875 211.568756103515625 204.1687469482421875 193.8249969482421875 191.837493896484375 195.8937530517578125 197.306243896484375 210.681243896484375 223.46875 234.274993896484375 237.087493896484375 236.806243896484375 230.6125030517578125 218.5812530517578125 212.0437469482421875 206.3937530517578125 201.556243896484375 199.4875030517578125 200.037506103515625 193.475006103515625 189.0124969482421875 188.6875 191.46875 192.618743896484375 191.149993896484375 186.712493896484375 179.931243896484375 173.625 167.7062530517578125 165 166.568756103515625
197.274993896484375 197.09375 204.693756103515625 211.274993896484375 213.087493896484375 219.618743896484375 228.4875030517578125 235.318756103515625 238.5812530517578125 238.625 237.34375 233.162506103515625 226.649993896484375 219.350006103515625 214.024993896484375 204.7062530517578125 204.75 200.850006103515625 203.462493896484375 203.0625 207.0625 217.2312469482421875 226.787506103515625 225.443756103515625 220.4375 218.306243896484375 215.78125 209.15625 208.65625 205.78125 200.431243896484375 195.399993896484375 192.337493896484375 190.212493896484375 186.0437469482421875 185.21875 186.40625 184.96875 180.6875 174.881256103515625 170.131256103515625 165.149993896484375 162.2375030517578125 162.212493896484375
191.4499969482421875 197.5437469482421875 203.850006103515625 210.1937408447265625 212.087493896484375 217.8125 219.8125 228.09375 237.1875 238.40625 235.412506103515625 230.8625030517578125 228.568756103515625 222.381256103515625 217.09375 210.287506103515625 206.412506103515625 204.5 204.28125 204.274993896484375 209.3937530517578125 212.28125 218.212493896484375 215.6062469482421875 214.743743896484375 211.3312530517578125 205.912506103515625 205.006256103515625 205.1437530517578125 201.725006103515625 195.681243896484375 193.84375 193.131256103515625 189.6875 186.5749969482421875 179.9875030517578125 177.7375030517578125 177.9499969482421875 177.375 171.975006103515625 166.2624969482421875 162.21875 159.037506103515625 158.318756103515625
183.6062469482421875 192.2624969482421875 201.0812530517578125 205.2687530517578125 206.493743896484375 210.181243896484375 220.006256103515625 226.3937530517578125 230.1750030517578125 230.71875 230.662506103515625 232.037506103515625 229.2687530517578125 226.212493896484375 219.1999969482421875 212.5187530517578125 208.28125 207.9562530517578125 208.4375 209.225006103515625 209.524993896484375 212.09375 213.962493896484375 214.412506103515625 210.3562469482421875 203.2624969482421875 200.6374969482421875 200.4250030517578125 202.225006103515625 203.443756103515625 203.0749969482421875 202.506256103515625 201.40625 196.2062530517578125 190.7624969482421875 180.625 179.556243896484375 176.8125 173.875 169.212493896484375 162.9875030517578125 160.256256103515625 157.850006103515625 155.318756103515625
180.149993896484375 189.943756103515625 196.818756103515625 203.6062469482421875 206.368743896484375 211.2624969482421875 215.0124969482421875 221.681243896484375 224.5187530517578125 227.0749969482421875 226.912506103515625 226.8125 228.25 225.5625 218.4562530517578125 213.875 212.368743896484375 211.149993896484375 209.868743896484375 210.350006103515625 212.46875 212.0500030517578125 214.443756103515625 212.4562530517578125 207.524993896484375 206.125 203.350006103515625 203.8125 204.881256103515625 209.818756103515625 210.850006103515625 215.3312530517578125 212.5437469482421875 205.693756103515625 194.8625030517578125 185.5062408447265625 181.28125 173.90625 169.96875 165.53125 160.53125 156.7687530517578125 154.4250030517578125 150.3937530517578125
181.024993896484375 192.181243896484375 193.8125 199.0812530517578125 199.037506103515625 203.1062469482421875 206.556243896484375 212.4250030517578125 213.037506103515625 213.3249969482421875 219.568756103515625 222.850006103515625 222.3125 221.5812530517578125 220.024993896484375 215.7937469482421875 214.475006103515625 213.28125 211.7375030517578125 210.806243896484375 212.4250030517578125 211.5812530517578125 213.243743896484375 208.431243896484375 206.3625030517578125 204.274993896484375 206.787506103515625 207.3874969482421875 208.0124969482421875 213.806243896484375 219.9812469482421875 230.600006103515625 227.7687530517578125 213.899993896484375 199.96875 190.318756103515625 181.056243896484375 173.3312530517578125 165.318756103515625 160.337493896484375 156.2062530517578125 151.34375 147.350006103515625 145.3000030517578125
177.600006103515625 181.6999969482421875 186.337493896484375 189.931243896484375 190.4187469482421875 194.6374969482421875 197.7312469482421875 200.09375 202.6125030517578125 209.587493896484375 214.4250030517578125 215.868743896484375 218.6437530517578125 220.274993896484375 219.006256103515625 217.3249969482421875 214.3874969482421875 211.75 214.443756103515625 212.7375030517578125 211.662506103515625 211.631256103515625 212.693756103515625 211.350006103515625 208.8937530517578125 207.1687469482421875 209.1062469482421875 209.6875 211.3562469482421875 215.193756103515625 224.7937469482421875 235.375 235.71875 217.15625 199.631256103515625 187.975006103515625 180.493743896484375 170.287506103515625 162.2624969482421875 157.1062469482421875 152.0812530517578125 147.350006103515625 143.462493896484375 139.631256103515625
174.875 174.912506103515625 178.03125 179.1687469482421875 181.149993896484375 186.287506103515625 190.2062530517578125 191.2062530517578125 195.7062530517578125 202.4499969482421875 206.6062469482421875 208.9499969482421875 213.0500030517578125 215.4250030517578125 216.412506103515625 213.15625 213.337493896484375 215.131256103515625 217.65625 217.006256103515625 215.4375 213.2937469482421875 216.0749969482421875 213.21875 211.1750030517578125 207.8874969482421875 210.037506103515625 210.4562530517578125 212.649993896484375 217.03125 224.4875030517578125 231.875 227.75 211.806243896484375 197.806243896484375 186.0749969482421875 176 168 161.40625 154.1437530517578125 147.8312530517578125 144.5 140.743743896484375 137.649993896484375
169.443756103515625 168.243743896484375 168.975006103515625 170.337493896484375 172.118743896484375 173.743743896484375 176.3312530517578125 181.568756103515625 189.475006103515625 193.7937469482421875 198.71875 203.53125 207.7937469482421875 213.5 216.725006103515625 217.75 217.962493896484375 218.1437530517578125 219.2312469482421875 219.3000030517578125 217.9375 215.212493896484375 215.850006103515625 212.6062469482421875 209.9562530517578125 204.806243896484375 207.087493896484375 209.475006103515625 211.2937469482421875 213.9562530517578125 219.6374969482421875 222.21875 215.131256103515625 202.40625 192.2687530517578125 181.556243896484375 172.524993896484375 163.225006103515625 156.806243896484375 149.649993896484375 141.243743896484375 136.556243896484375 135.712493896484375 135.868743896484375
166.931243896484375 164.0124969482421875 162.2624969482421875 160.381256103515625 160.681243896484375 164.693756103515625 167.8125 174.7062530517578125 181.024993896484375 184.493743896484375 190.7375030517578125 196.96875 203.09375 210.5187530517578125 214.712493896484375 217.1875 218.3312530517578125 222.193756103515625 222.0625 219.7125091552734375 218.587493896484375 217.8249969482421875 217.4812469482421875 212.65625 207 205.943756103515625 204.8562469482421875 203.53125 204.725006103515625 206.8125 210.649993896484375 210.2624969482421875 203.03125 193.618743896484375 184.7624969482421875 173.8125 168.462493896484375 160.1374969482421875 152.837493896484375 148.8874969482421875 142.962493896484375 137.368743896484375 133.306243896484375 130.5
164.53125 159.7312469482421875 155.8687591552734375 154.625 154.9562530517578125 158.068756103515625 162.943756103515625 167.225006103515625 173.3937530517578125 178.7375030517578125 184.943756103515625 190.6437530517578125 200.162506103515625 205.506256103515625 210.7687530517578125 216.25 220.0437469482421875 221.9187469482421875 223.3562469482421875 223.4499969482421875 219.3937530517578125 217.0187530517578125 216.524993896484375 209.40625 203.6687469482421875 204.0124969482421875 201.40625 198.350006103515625 198.868743896484375 198.774993896484375 201.556243896484375 198.40625 191.225006103515625 183.381256103515625 174.943756103515625 164.6500091552734375 159.556243896484375 154.412506103515625 150.056243896484375 145.131256103515625 141.9375 135.875 131.056243896484375 125.9875030517578125
159.0625 153.306243896484375 149.912506103515625 149.118743896484375 150.243743896484375 151.90625 158.162506103515625 160 165.587493896484375 170.524993896484375 176.618743896484375 182.1374969482421875 191.4250030517578125 200.524993896484375 206.2375030517578125 213.6125030517578125 215.475006103515625 217.037506103515625 218.75 219.7624969482421875 215.162506103515625 213.350006103515625 211.9375 206.34375 203.90625 200.693756103515625 197.8249969482421875 193.2375030517578125 190.34375 190.256256103515625 188.118743896484375 185.600006103515625 178.125 170.975006103515625 164.399993896484375 156.024993896484375 150.5625 146.59375 142.34375 140.9875030517578125 137.962493896484375 133.0812530517578125 128.806243896484375 125.875
155.931243896484375 151.4375 147.8937530517578125 147.6999969482421875 146.712493896484375 147.756256103515625 151.931243896484375 154.243743896484375 159.2312469482421875 165.243743896484375 174.024993896484375 179.9812469482421875 188.5812530517578125 198.743743896484375 203.818756103515625 208.15625 210.774993896484375 214.850006103515625 213.8937530517578125 214.399993896484375 209.5749969482421875 208.943756103515625 206.274993896484375 203.0187530517578125 200.006256103515625 197.5124969482421875 192.725006103515625 188.506256103515625 183.375 180.6875 178.193756103515625 173.8312530517578125 165.3625030517578125 160.9375 154.024993896484375 148.7937469482421875 141.818756103515625 138.0500030517578125 134.318756103515625 134.6125030517578125 131.5812530517578125 128.8562469482421875 125.6062469482421875 124.0749969482421875
153.5500030517578125 148.84375 147.3125 146.337493896484375 146.118743896484375 145.649993896484375 147.3312530517578125 148.3000030517578125 152.1687469482421875 157.693756103515625 165.4250030517578125 174.962493896484375 182.743743896484375 190.7937469482421875 197.7937469482421875 204.5124969482421875 208.556243896484375 210.96875 208.087493896484375 206.381256103515625 204.806243896484375 204.568756103515625 202.162506103515625 197.225006103515625 194.8000030517578125 191.100006103515625 185.5 180.3625030517578125 176.75 172.5124969482421875 168.475006103515625 163.0187530517578125 155.65625 149.09375 143.5749969482421875 138.1374969482421875 133.1999969482421875 127.46875 126.0625 125.25624847412109375 122.6062469482421875 122.0437469482421875 121.4875030517578125 120.625
150.03125 146.1687469482421875 145.3874969482421875 145.3874969482421875 145.1687469482421875 144.0124969482421875 142.256256103515625 142.850006103515625 143.806243896484375 149.337493896484375 157.9562530517578125 167.9812469482421875 179.2062530517578125 189.6374969482421875 195.899993896484375 201.3937530517578125 204.587493896484375 206.40625 203.5 199.118743896484375 197.743743896484375 195.8249969482421875 195.181243896484375 190.40625 187.28125 183.8562469482421875 180.5124969482421875 176.131256103515625 171.6062469482421875 166.8125 160.3125 153.7062530517578125 144.868743896484375 138.993743896484375 130.0062408447265625 125.95000457763671875 120.3125 118.80625152587890625 117.40000152587890625 115.7312469482421875 113.68125152587890625 112.1687469482421875 112.0437469482421875 112.71875
149.850006103515625 147.5124969482421875 145.475006103515625 144.6750030517578125 143.462493896484375 141.818756103515625 139 139.243743896484375 139.9499969482421875 142.3562469482421875 149.2624969482421875 162.7624969482421875 176.693756103515625 186.024993896484375 193.2687530517578125 197.5187530517578125 200.0124969482421875 198.5812530517578125 197.4250030517578125 192.6437530517578125 191.21875 189.318756103515625 187.743743896484375 184.2375030517578125 180.625 176.8625030517578125 175.9187469482421875 172.4375 166.1750030517578125 160.1062469482421875 153.524993896484375 146.1750030517578125 137.1750030517578125 128.40625 120.81874847412109375 116.25624847412109375 115.0187530517578125 110.86875152587890625 109.5812530517578125 109.8249969482421875 107.40625 107.4875030517578125 106.41249847412109375 106.8625030517578125
150.5999908447265625 149.475006103515625 147.131256103515625 145.90625 145.15625 141.9187469482421875 139.181243896484375 136.6999969482421875 135.899993896484375 133.8874969482421875 145.568756103515625 165.931243896484375 178.162506103515625 185.493743896484375 190.787506103515625 194.0625 194.256256103515625 191.681243896484375 189.96875 183.9812469482421875 183.2375030517578125 181.625 178.6374969482421875 175.568756103515625 172.9250030517578125 171.587493896484375 169.493743896484375 165.962493896484375 160.4875030517578125 154.5 148.0187530517578125 140.962493896484375 131.318756103515625 120.875 113.8874969482421875 111.0625 108.72499847412109375 106.1062469482421875 104 102.6062469482421875 100.34375 99.1374969482421875 100.6062469482421875 101.5
151.53125 150.2624969482421875 149.5187530517578125 147.6999969482421875 147.6687469482421875 144.943756103515625 142.024993896484375 138.3249969482421875 137.100006103515625 134.6125030517578125 155.1374969482421875 175.5749969482421875 183.118743896484375 188.3625030517578125 190.8562469482421875 192.0749969482421875 190.631256103515625 188.2062530517578125 183.725006103515625 179.25 175.375 173.475006103515625 170.725006103515625 167.943756103515625 165.568756103515625 164.118743896484375 160.6812591552734375 161.1374969482421875 157.4499969482421875 149.649993896484375 141.618743896484375 134.46875 125.9875030517578125 115.09375 106.4187469482421875 104.15000152587890625 103.25624847412109375 100.5500030517578125 100.16249847412109375 97.5437469482421875 95.56874847412109375 94.78125 93.22499847412109375 92.53125
149.337493896484375 148.3000030517578125 147.743743896484375 147.337493896484375 145.4875030517578125 144.181243896484375 143.9875030517578125 144.725006103515625 149.149993896484375 160.8312530517578125 185.1062469482421875 190.8000030517578125 189.462493896484375 191.443756103515625 191.850006103515625 191.306243896484375 189.53125 185.681243896484375 181.056243896484375 174.774993896484375 168.5812530517578125 163.9250030517578125 162.068756103515625 161.0124969482421875 157.7937469482421875 156.162506103515625 155.681243896484375 156.2312469482421875 151.899993896484375 146.524993896484375 137.7624969482421875 128.2062530517578125 121.69374847412109375 114.53749847412109375 109.30625152587890625 106.09375 103.3625030517578125 102.1875 99.11875152587890625 95.30625152587890625 94.56874847412109375 93.4562530517578125 91.16249847412109375 91.3625030517578125
149.1125030517578125 147.6437530517578125 148.3000030517578125 148.037506103515625 147.7062530517578125 147.2687530517578125 147.03125 152.8562469482421875 160.78125 172.65625 184.9562530517578125 192.350006103515625 191.412506103515625 191.087493896484375 192.4812469482421875 189.318756103515625 185.5500030517578125 180.5749969482421875 174.462493896484375 169.09375 161.1875 156.4375 151.712493896484375 150.649993896484375 149.59375 149.381256103515625 148.6125030517578125 148.7687530517578125 145.8249969482421875 141.068756103515625 135.1875 129.65625 123.375 117.91249847412109375 113.18125152587890625 109.11875152587890625 105.5187530517578125 103.82500457763671875 100.3562469482421875 94.71875 92.7937469482421875 91.64374542236328125 88.6999969482421875 87.2624969482421875
