data/historical-monthly-weather-data/wc2.1_cruts4.09_10m_prec_2022-01.asc
ncols        45
nrows        45
xllcorner    -63.500000000000
yllcorner    -7.500000000000
cellsize     0.166666666667
NODATA_value -9999
[rows 0 to 19 of 45, columns 0 to 44 of 45]
159.5124969482421875 160.71875 154.34375 149.5999908447265625 143.350006103515625 139.193756103515625 133.15625 125.34999847412109375 118.6750030517578125 113.88124847412109375 110.3874969482421875 107.75 104.40000152587890625 98.73749542236328125 95.5437469482421875 93.83750152587890625 92.3874969482421875 89.86875152587890625 91.4875030517578125 93.13124847412109375 95.6750030517578125 99.30625152587890625 103.1062469482421875 107.21250152587890625 112.7937469482421875 118.09375 125.2687530517578125 133.90625 143.1999969482421875 149.662506103515625 156.3937530517578125 163.21875 167.868743896484375 173.9375 178.725006103515625 183.75 186.287506103515625 187.6999969482421875 189.537506103515625 190.8874969482421875 191.506256103515625 192.475006103515625 192.443756103515625 192.90625 194.3249969482421875
169.0812530517578125 170.1687469482421875 165.8874969482421875 161.40625 157.5625 154.1062469482421875 148.40625 142.881256103515625 137.850006103515625 133.068756103515625 127.7312469482421875 122.8312530517578125 117.3125 112.22499847412109375 107.9562530517578125 104.41249847412109375 101.33750152587890625 100.1374969482421875 101.5 104.3312530517578125 108.21875 112.30625152587890625 117.11875152587890625 122.6062469482421875 127.50624847412109375 132.6374969482421875 140.15625 148.3000030517578125 156.350006103515625 162.681243896484375 168.024993896484375 172.9375 176.725006103515625 183.100006103515625 186.7624969482421875 189.25 193.4875030517578125 194.631256103515625 195.2375030517578125 195.8312530517578125 196.587493896484375 197.0124969482421875 195.5187530517578125 195.2624969482421875 195.8812408447265625
176.5187530517578125 178.34375 175.024993896484375 172.0187530517578125 169.818756103515625 167.350006103515625 164 160.975006103515625 156.962493896484375 152.5124969482421875 146.787506103515625 140.4499969482421875 134.1999969482421875 127.4812469482421875 122.00624847412109375 116.5437469482421875 112.55625152587890625 111.1687469482421875 111.7687530517578125 115.28125 120.03125 125.6125030517578125 130.806243896484375 135.71875 140.4250030517578125 145.2125091552734375 152.693756103515625 160.5437469482421875 167.1750030517578125 171.8625030517578125 177.5625 182.5812530517578125 187.34375 190.1125030517578125 194.8937530517578125 197.1750030517578125 200.506256103515625 202.7687530517578125 203.350006103515625 203.1812591552734375 204.431243896484375 203.931243896484375 202.524993896484375 201.412506103515625 200.056243896484375
182.0500030517578125 184.568756103515625 184.8874969482421875 183.5500030517578125 184.0187530517578125 179.9250030517578125 179.21875 179.5625 178.2062530517578125 175.40625 168.306243896484375 160.0124969482421875 152.024993896484375 144.1062469482421875 137.618743896484375 130.8625030517578125 124.90000152587890625 121.7375030517578125 122.5749969482421875 127.58750152587890625 134.431243896484375 140.600006103515625 144.337493896484375 149.631256103515625 154.506256103515625 159.2312469482421875 166.6999969482421875 172.40625 178.2937469482421875 182.7375030517578125 187.318756103515625 193.0500030517578125 196.6750030517578125 199.2312469482421875 201.912506103515625 205.681243896484375 207.9375 210.493743896484375 211.806243896484375 212.850006103515625 212.3937530517578125 212.3874969482421875 210.6687469482421875 208.0749969482421875 206.09375
193.71875 193.975006103515625 193.3125 194.3937530517578125 195.8625030517578125 194.662506103515625 193.9250030517578125 196.662506103515625 198.8874969482421875 198.375 189.556243896484375 179.6750030517578125 171.3562469482421875 163.193756103515625 155.4499969482421875 147.256256103515625 139.368743896484375 133.212493896484375 135.4562530517578125 142.7062530517578125 151.1062469482421875 156.78125 160.506256103515625 164.868743896484375 169.0625 174.587493896484375 179.09375 184.118743896484375 191.4562530517578125 194.875 198.725006103515625 200.9499969482421875 205.3562469482421875 208.9499969482421875 211.5 214.7312469482421875 218.118743896484375 218.806243896484375 220.493743896484375 221.337493896484375 222.84375 221.3874969482421875 219.6999969482421875 216.03125 213
202.65625 204.1125030517578125 203.6750030517578125 203.5 204.837493896484375 204.3312530517578125 204.662506103515625 206.4250030517578125 209.118743896484375 210.3125 201.6437530517578125 193.625 185.993743896484375 179.0187530517578125 171.131256103515625 165.087493896484375 157.024993896484375 150.4562530517578125 154.6750030517578125 162.350006103515625 169.037506103515625 173.100006103515625 176.868743896484375 179.2624969482421875 182.84375 187.09375 191.5625 195.7624969482421875 201.8000030517578125 206.225006103515625 209.1999969482421875 211.7937469482421875 214 217.837493896484375 222.806243896484375 225.7062530517578125 228.71875 230.6374969482421875 232.96875 235.381256103515625 235.15625 234.3125 231.75 228.181243896484375 224.649993896484375
211.4812469482421875 213.4187469482421875 213.662506103515625 211.962493896484375 211.28125 208.8249969482421875 208.5500030517578125 209.09375 209.399993896484375 207.993743896484375 206.256256103515625 202.899993896484375 199.787506103515625 195.4187469482421875 190.0812530517578125 186.1437530517578125 182.6062469482421875 182.462493896484375 186.368743896484375 189.1875 189.25 191.149993896484375 191.375 192.9562530517578125 196.1999969482421875 198.75 202.6437530517578125 206.912506103515625 211.181243896484375 215.193756103515625 219.96875 222.9250030517578125 224.5625 227.15625 230.975006103515625 235.8812408447265625 239.2937469482421875 242.6062469482421875 247.568756103515625 248.78125 247.9562530517578125 246.806243896484375 244.350006103515625 240.9812469482421875 236.8125
221.6062469482421875 220.9499969482421875 220.6437530517578125 219.912506103515625 218.5437469482421875 216.1999969482421875 212.9499969482421875 207.5749969482421875 203.4187469482421875 205.3312530517578125 210.1750030517578125 212.568756103515625 213.8562469482421875 211.568756103515625 209.7375030517578125 208.53125 209.318756103515625 213.78125 220.7375030517578125 217.1750030517578125 210.2624969482421875 207.868743896484375 206.1374969482421875 207.0625 209.787506103515625 210.899993896484375 213.4375 216.806243896484375 221.9812469482421875 226.5500030517578125 229.993743896484375 233.4875030517578125 234.8312530517578125 237.024993896484375 240.149993896484375 245.1750030517578125 249.568756103515625 253.6750030517578125 258.28125 261.5625 262.45623779296875 261.65625 259.51873779296875 255.6062469482421875 252.5749969482421875
230.3937530517578125 229.462493896484375 229.3312530517578125 227.493743896484375 226.6999969482421875 222.962493896484375 218.8062591552734375 213.25 206.493743896484375 206.3249969482421875 216.881256103515625 223.1062469482421875 227.7624969482421875 227.618743896484375 227.2312469482421875 226.9187469482421875 228.162506103515625 232.618743896484375 237.8937530517578125 232.1062469482421875 222.1687469482421875 218.881256103515625 215.9812469482421875 218.9812469482421875 220.90625 221.2312469482421875 223.806243896484375 226.1687469482421875 231.53125 237.25 242.2249908447265625 244.59375 246.0625 247.162506103515625 249.6374969482421875 253.962493896484375 259.45623779296875 263.943756103515625 269.25 273.71875 275.225006103515625 274.79998779296875 275.5 274.125 270.649993896484375
238.837493896484375 237.6750030517578125 236.0812530517578125 234.84375 234.506256103515625 231.75 228.100006103515625 224.818756103515625 222.21875 225.306243896484375 232.881256103515625 239.056243896484375 243.5187530517578125 244.368743896484375 244.162506103515625 243.9250030517578125 243.1999969482421875 243.368743896484375 242.1999969482421875 237.306243896484375 228.6437530517578125 225.4812469482421875 223.9562530517578125 228.90625 229.462493896484375 228.693756103515625 231.431243896484375 234.6999969482421875 239.274993896484375 245.4562530517578125 250.6062469482421875 254.274993896484375 256.306243896484375 257.95001220703125 260.4375 263.993743896484375 268.712493896484375 273.78125 279.649993896484375 285.087493896484375 289.556243896484375 290.51251220703125 291.649993896484375 289.774993896484375 287.82501220703125
248.34375 247.118743896484375 244.318756103515625 242.5749969482421875 241.443756103515625 240.1437530517578125 238.46875 239.006256103515625 240.0625 244.71875 253.4499969482421875 259.506256103515625 261.23748779296875 260.82501220703125 259.41876220703125 257.506256103515625 254.100006103515625 249.9187469482421875 244.368743896484375 237.6875 232.125 229.162506103515625 230.7937469482421875 234.225006103515625 237.7624969482421875 235.493743896484375 237.6750030517578125 241.3937530517578125 246.03125 250.9812469482421875 256.84375 262.23126220703125 265.162506103515625 267.34375 269.524993896484375 274.09375 278.46875 282.40625 289.9375 297.17498779296875 302.600006103515625 303.162506103515625 305.14373779296875 304.649993896484375 303.14373779296875
255.4187469482421875 253.725006103515625 251.587493896484375 251.3937530517578125 251.0625 249.837493896484375 250.149993896484375 254.3937530517578125 258.056243896484375 263.443756103515625 273.087493896484375 281.76251220703125 281.056243896484375 278.01251220703125 274.868743896484375 269.774993896484375 264.625 255.71875 247.837493896484375 238.4499969482421875 231.5 229.5500030517578125 234.1062469482421875 242.0124969482421875 244.056243896484375 238.84375 241.4812469482421875 245.8562469482421875 252.0437469482421875 259.1875 265.737518310546875 271.037506103515625 274.131256103515625 276.21875 278.54998779296875 283.34375 288.04998779296875 291.82501220703125 299.318756103515625 307.36248779296875 313.068756103515625 313.631256103515625 312.20623779296875 309.76873779296875 305.806243896484375
263.524993896484375 262.25 260.84375 260.375 260.36248779296875 261.875 263.556243896484375 267.506256103515625 272.6875 279.756256103515625 289.506256103515625 298.82501220703125 298.8125 291.931243896484375 287.28125 281.03125 273.33123779296875 264.131256103515625 253.899993896484375 242.2312469482421875 229.3874969482421875 228.9187469482421875 235.743743896484375 241.287506103515625 238.368743896484375 234.787506103515625 242.40625 250.993743896484375 258.725006103515625 267.212493896484375 274.61248779296875 280.0625 282.16876220703125 283.85626220703125 285.931243896484375 290.774993896484375 295.024993896484375 298.806243896484375 305.61248779296875 313.368743896484375 320.57501220703125 320.04376220703125 312.412506103515625 304.53125 298.54998779296875
269.5 269.10626220703125 268.125 268.23126220703125 269.26251220703125 270.056243896484375 273.07501220703125 279.78125 285.818756103515625 293.4375 300.725006103515625 307.712493896484375 307.037506103515625 303.131256103515625 296.04998779296875 290.318756103515625 281.29998779296875 272.04998779296875 260.54376220703125 249.1999969482421875 238.8312530517578125 236.375 237.4812469482421875 240.318756103515625 237.256256103515625 236.4875030517578125 245.34375 255.2624969482421875 266.087493896484375 274.962493896484375 283.01873779296875 288.95623779296875 290.087493896484375 290.20623779296875 292.42498779296875 296.774993896484375 301.57501220703125 306.412506103515625 311.64373779296875 316.850006103515625 320.08123779296875 311.056243896484375 304.67498779296875 301.693756103515625 299.21875
273.82501220703125 273.75 273.899993896484375 274.600006103515625 277.32501220703125 279.41876220703125 284.100006103515625 290.16876220703125 295.95623779296875 302.162506103515625 309.46875 314.57501220703125 315.04376220703125 312.337493896484375 304.850006103515625 297.88751220703125 288.537506103515625 277.618743896484375 267.03125 257.98748779296875 249.431243896484375 243.7312469482421875 242.5437469482421875 243.368743896484375 243.9562530517578125 245.212493896484375 253.806243896484375 264.84375 275.662506103515625 285.63751220703125 293.068756103515625 297.225006103515625 298.92498779296875 297.412506103515625 297.9375 301.475006103515625 307.51251220703125 314.100006103515625 317.95001220703125 313.850006103515625 305.41876220703125 300.381256103515625 301.0625 301.29376220703125 296.54998779296875
276.556243896484375 276.45001220703125 277.5 278.96875 282.70001220703125 285.79998779296875 291.3125 297.337493896484375 302.368743896484375 309.29376220703125 316.568756103515625 321.51873779296875 322.712493896484375 320.493743896484375 313.82501220703125 303.10626220703125 294.32501220703125 283.88751220703125 272.931243896484375 264.64373779296875 258.79998779296875 253.28125 250.181243896484375 250.625 251.5625 253.787506103515625 262.068756103515625 274.76251220703125 287.36248779296875 298.399993896484375 305.79376220703125 308.524993896484375 305.15625 301.98126220703125 300.337493896484375 306.78125 313.92498779296875 319.556243896484375 320.899993896484375 312.33123779296875 297.82501220703125 294.13751220703125 297.381256103515625 296.837493896484375 293.4375
276.837493896484375 277.41876220703125 278.287506103515625 281.01251220703125 286.13751220703125 290 296.318756103515625 302.54376220703125 308.07501220703125 314.36248779296875 322.40625 328.48748779296875 330.118743896484375 328.26251220703125 321.818756103515625 311.58123779296875 296.39373779296875 285.59375 277.131256103515625 271.91876220703125 266.35626220703125 261.787506103515625 257.962493896484375 257.681243896484375 260.118743896484375 261.98748779296875 269.875 283.287506103515625 298.725006103515625 311.51251220703125 320.318756103515625 322.056243896484375 314.8125 307.14373779296875 306.91876220703125 313.98126220703125 320.28125 328.11248779296875 333.40625 319.868743896484375 304.5 298.125 295.743743896484375 294.287506103515625 291.318756103515625
276.45623779296875 277.35626220703125 278.493743896484375 282.318756103515625 287.11248779296875 292.337493896484375 299.13751220703125 305.649993896484375 311.25 318.16876220703125 324.662506103515625 333.17498779296875 336.337493896484375 335 327.868743896484375 315.681243896484375 299.84375 285.118743896484375 281.024993896484375 277.11248779296875 274.01251220703125 269.70001220703125 265.66876220703125 265.59375 267.493743896484375 270.51251220703125 276.91876220703125 292.58123779296875 311.3125 326.287506103515625 333.34375 326.64373779296875 318.043731689453125 312.07501220703125 309.73748779296875 316.32501220703125 326.556243896484375 334.75 335.662506103515625 328.162506103515625 312.84375 302.75 297.5625 294.95623779296875 291.399993896484375
272.65625 274.21875 276.318756103515625 281.462493896484375 287.4375 293.40625 298.962493896484375 306.787506103515625 313.33123779296875 320.48126220703125 326.875 332.98126220703125 338.475006103515625 341.90625 332.806243896484375 316.86248779296875 298.993743896484375 284.17498779296875 276.84375 276.475006103515625 277.831268310546875 276.568756103515625 268.39373779296875 271.01873779296875 274.08123779296875 279.11248779296875 289.04376220703125 303.131256103515625 322.70623779296875 338.82501220703125 347.0625 335.53125 322.256256103515625 309.068756103515625 303.9375 314.29998779296875 327.23748779296875 335.350006103515625 339.056243896484375 332.65625 319.78125 307.34375 299.9375 296.75 292.25
267.90625 269.625 272.399993896484375 276.662506103515625 283.73126220703125 291.993743896484375 298.86248779296875 305.712493896484375 312.318756103515625 319.399993896484375 325.01873779296875 331.431243896484375 340.5625 349.03125 334.962493896484375 312.068756103515625 291.681243896484375 281.743743896484375 276.09375 275.17498779296875 274.693756103515625 271.193756103515625 269.368743896484375 273.09375 278.29998779296875 286.35626220703125 297.15625 312.23748779296875 327.318756103515625 338.193756103515625 342.76873779296875 334.087493896484375 318.14373779296875 300.600006103515625 292.53125 305.58123779296875 326.431243896484375 342.42498779296875 347 341.78125 328.58123779296875 312.41876220703125 305.381256103515625 300.881256103515625 295.037506103515625
