data/historical-monthly-weather-data/wc2.1_cruts4.09_10m_prec_2018-07.asc
ncols        51
nrows        45
xllcorner    -63.500000000000
yllcorner    -7.500000000000
cellsize     0.166666666667
NODATA_value -9999
[rows 19 to 37 of 45, columns 0 to 43 of 51]
142.993743896484375 145.243743896484375 142.8000030517578125 139.993743896484375 136.131256103515625 135.4187469482421875 127.99375152587890625 123.5187530517578125 118.8125 110.9250030517578125 104.30625152587890625 100.8125 94.43125152587890625 88.1125030517578125 78.97499847412109375 69.38124847412109375 62.78125 64.88124847412109375 58.50624847412109375 54.456249237060546875 49.674999237060546875 51.11875152587890625 55.518749237060546875 62.481250762939453125 67.8874969482421875 69.80625152587890625 75.5625 85.21250152587890625 91.60625457763671875 95.4562530517578125 105.43125152587890625 122.88124847412109375 129.6437530517578125 135.462493896484375 143.631256103515625 157.28125 167.1500091552734375 173.21875 175.524993896484375 169.993743896484375 156.53125 143.787506103515625 139.3625030517578125 132.0749969482421875
125.0625 134.3125 137.6437530517578125 132.4562530517578125 126.77500152587890625 125.96875 121.09999847412109375 117.46875 111.8562469482421875 105.5812530517578125 98.06874847412109375 94.4875030517578125 89.55625152587890625 82.59999847412109375 74.15000152587890625 66.3625030517578125 61.112499237060546875 58.65000152587890625 57.49375152587890625 52.012500762939453125 53.174999237060546875 54.88124847412109375 58.137500762939453125 66.46250152587890625 72.2687530517578125 73.74375152587890625 75.28125 83.9250030517578125 93.59375 100.09999847412109375 112.65000152587890625 125.8125 127.6999969482421875 135.024993896484375 143.899993896484375 155.162506103515625 165.09375 167.6624908447265625 165.3562469482421875 158.9312591552734375 150.412506103515625 143.506256103515625 136 129.9187469482421875
117.1750030517578125 118.34375 123.4499969482421875 123.2062530517578125 120.84999847412109375 115.46250152587890625 111.7937469482421875 108.54375457763671875 104.4812469482421875 98.80625152587890625 93.53125 87.1750030517578125 81.46250152587890625 78.52500152587890625 73.5749969482421875 66.15000152587890625 62.825000762939453125 59.21250152587890625 56.987499237060546875 54.18125152587890625 52.90000152587890625 54.78125 58.543750762939453125 63.918750762939453125 67.97499847412109375 71.09375 79.44374847412109375 84.83750152587890625 97.5500030517578125 108.13124847412109375 116.33750152587890625 124.0500030517578125 127.2687530517578125 132.5124969482421875 137.65625 150.0625 159.131256103515625 162.412506103515625 160.462493896484375 155.6125030517578125 148.8125 143.1125030517578125 137.03125 130.4499969482421875
109.4562530517578125 115.5625 117.86875152587890625 116.1687469482421875 113.2375030517578125 109.6999969482421875 101.06874847412109375 97.9875030517578125 95.7312469482421875 94.46250152587890625 90.5749969482421875 84.43125152587890625 80.68125152587890625 76.33750152587890625 73.00624847412109375 68.50624847412109375 62.575000762939453125 57.862499237060546875 55.068752288818359375 53.94374847412109375 56.15000152587890625 56.512500762939453125 58.53749847412109375 63.75 70.2937469482421875 72.6999969482421875 77.96875 86.93125152587890625 96.1062469482421875 103.8874969482421875 111.5749969482421875 120.625 123.16249847412109375 125.3000030517578125 132.4187469482421875 139.100006103515625 149.6125030517578125 151.399993896484375 153.5812530517578125 152.4875030517578125 147.71875 139.537506103515625 134.1937408447265625 127.59375
99.1875 107.5812530517578125 112.78749847412109375 110.5625 107.5812530517578125 102.0437469482421875 98.9562530517578125 94.02500152587890625 89.0812530517578125 84.875 82.25624847412109375 81.99375152587890625 78.49375152587890625 75.5625 70.5437469482421875 66.4187469482421875 60.56874847412109375 58.53125 55.793750762939453125 56.03749847412109375 56.41249847412109375 58.893749237060546875 60.69374847412109375 67.9187469482421875 73.80625152587890625 75.6437530517578125 82.5812530517578125 86.4562530517578125 93.18125152587890625 99.5187530517578125 106.7624969482421875 113.8937530517578125 114.71250152587890625 115.40625 125.43125152587890625 128.837493896484375 139.78125 146.6687469482421875 148.8125 147.162506103515625 144.4375 137.15625 132.600006103515625 125.33750152587890625
92.47499847412109375 101.3125 107.86875152587890625 107.03125 104.84375 97.7687530517578125 93.73749542236328125 89.15000152587890625 84.46250152587890625 82.16249847412109375 79.66249847412109375 75.15000152587890625 74.88124847412109375 71.65625 66.8874969482421875 61.86875152587890625 58.33750152587890625 57.53125 56.487499237060546875 56.25624847412109375 57.987499237060546875 59.825000762939453125 64.46875 70.11875152587890625 73.6750030517578125 79.5187530517578125 81.6437530517578125 84.9812469482421875 89.08750152587890625 94.375 96.50624847412109375 99.75624847412109375 104.6750030517578125 107.44374847412109375 112.72499847412109375 120.2375030517578125 131.7062530517578125 137.287506103515625 141.350006103515625 142.2062530517578125 138.381256103515625 134.149993896484375 130.475006103515625 122.84375
91.3312530517578125 99.3125 100.36875152587890625 101.21250152587890625 98.96875 93.2312469482421875 88.7687530517578125 83.91249847412109375 78.61875152587890625 73.44374847412109375 74.44374847412109375 71.96250152587890625 68.3937530517578125 66.1687469482421875 62.950000762939453125 59.543750762939453125 56.16249847412109375 55.793750762939453125 55.93125152587890625 55.575000762939453125 59.15625 61.768749237060546875 66.2937469482421875 72.1062469482421875 75.1687469482421875 78.09999847412109375 81.25 82.6750030517578125 83.84999847412109375 85.5 86.6062469482421875 87.6875 90.74375152587890625 96.0187530517578125 105 113.2062530517578125 123.33750152587890625 131.837493896484375 135.475006103515625 136.681243896484375 137.3249969482421875 130.5062408447265625 125.55625152587890625 117.84375
86.4187469482421875 90.4499969482421875 93.6999969482421875 94.88124847412109375 92.55625152587890625 88.34999847412109375 84.7624969482421875 79.71875 73.4250030517578125 72.65000152587890625 72.3312530517578125 70.13124847412109375 67.34375 63.856250762939453125 60.52500152587890625 59.02500152587890625 56.19374847412109375 54.84375 55.50624847412109375 56.174999237060546875 57.99375152587890625 60.90000152587890625 66.0749969482421875 73.36875152587890625 74.6875 74.65625 76.875 78.8125 79.9562530517578125 78.0187530517578125 79.3312530517578125 77.0749969482421875 79.46875 89.375 97.15000152587890625 107.4250030517578125 114.1374969482421875 122.7375030517578125 127.9187469482421875 131.443756103515625 135.0625 130.25 123.6687469482421875 115.3249969482421875
82.15625 82.7687530517578125 85.22499847412109375 87.78125 85.9499969482421875 82.7062530517578125 79.49375152587890625 74.8562469482421875 71.25624847412109375 69.7312469482421875 68.3625030517578125 65.6437530517578125 63.69374847412109375 61.25 58.15000152587890625 56.25 54.524997711181640625 53.9375 53.03749847412109375 54.28749847412109375 57.612499237060546875 59.668750762939453125 61.918750762939453125 68.27500152587890625 71.31874847412109375 71.6999969482421875 73.43125152587890625 74.94374847412109375 75.6875 75.375 74.71250152587890625 74.3625030517578125 77.1999969482421875 82.8000030517578125 91.16249847412109375 100.3874969482421875 106.94374847412109375 115.9499969482421875 122.375 129.34375 132.8000030517578125 132.556243896484375 123.22499847412109375 116.2062530517578125
76.9187469482421875 77.44374847412109375 80.3249969482421875 78.8312530517578125 78.5812530517578125 74.75624847412109375 71.5749969482421875 69.4250030517578125 66.47499847412109375 65.88124847412109375 64.2937469482421875 62.09999847412109375 60.8125 59.56874847412109375 57.08750152587890625 55.1875 54.34999847412109375 52.30625152587890625 52.15625 53.15625 55.34375 57.043750762939453125 59.65000152587890625 63.924999237060546875 66.9499969482421875 68.0749969482421875 69.61875152587890625 70.9562530517578125 73.59999847412109375 73.27500152587890625 71.625 71.56874847412109375 73.9562530517578125 78.4562530517578125 86.00624847412109375 94.5124969482421875 101.46875 110.02500152587890625 116.05625152587890625 119.8249969482421875 126.61875152587890625 123.0749969482421875 117.7375030517578125 111.5124969482421875
70.71875 73.125 74.59999847412109375 73.65000152587890625 71.96875 69.71250152587890625 66.6125030517578125 66.24375152587890625 65.03125 63.52500152587890625 62.299999237060546875 61.68125152587890625 60.424999237060546875 58.299999237060546875 56.15625 54.456249237060546875 52.68125152587890625 51.831249237060546875 50.793750762939453125 50.88124847412109375 53.21875 54.362499237060546875 56.549999237060546875 59.0625 62.02500152587890625 63.75 64.8000030517578125 66.4875030517578125 69.0124969482421875 68.6750030517578125 68.21250152587890625 67.875 70.06874847412109375 74.7062530517578125 80.4812469482421875 87.27500152587890625 96.71875 102.74375152587890625 105.3000030517578125 109.5124969482421875 116.56874847412109375 114.875 110.22499847412109375 103.5187530517578125
66.125 67.8125 66.53749847412109375 68.19374847412109375 68.22499847412109375 67.06874847412109375 64.46250152587890625 63.174999237060546875 62.456249237060546875 61.700000762939453125 61.325000762939453125 60.15625 60.53125 57.25624847412109375 54.68125152587890625 53.46875 53.09999847412109375 50.47499847412109375 48.33750152587890625 49.43125152587890625 51.59999847412109375 52.41249847412109375 53.456249237060546875 54.581249237060546875 56.33750152587890625 59.69374847412109375 60.8125 61.3125 62.168750762939453125 63.40000152587890625 63.8125 64.95000457763671875 67.83750152587890625 72.59375 77.4875030517578125 82.11875152587890625 89.09375 97.06874847412109375 97.25 97.28749847412109375 101.88124847412109375 103.65625 100.38124847412109375 93.8874969482421875
61.27500152587890625 60.15625 59.331249237060546875 59.96250152587890625 61.56874847412109375 61.862499237060546875 61.50624847412109375 60.331249237060546875 60.450000762939453125 59.137500762939453125 59.3125 59.71875 58.68125152587890625 57.88124847412109375 55.668750762939453125 53.924999237060546875 52.46875 49.81874847412109375 47.106250762939453125 48.09999847412109375 48.66249847412109375 49.50624847412109375 49.612499237060546875 50.375 52.88124847412109375 54.393749237060546875 55.71250152587890625 57.31874847412109375 56.950000762939453125 58.606250762939453125 60.61875152587890625 61.981250762939453125 64.3312530517578125 68.75 74.03125 77.4250030517578125 84.09999847412109375 86.4812469482421875 87.0500030517578125 89.84375 93.3562469482421875 92.46875 89.5625 87.40000152587890625
54.00624847412109375 52.637500762939453125 51.50624847412109375 52 53.862499237060546875 54.84999847412109375 56.06874847412109375 56.49375152587890625 55.53749847412109375 56.6875 58.3125 57.5 57.55625152587890625 58.06874847412109375 56.43125152587890625 53.549999237060546875 50.831249237060546875 50.00624847412109375 48.356250762939453125 48.543750762939453125 48.200000762939453125 47.47499847412109375 46.5 47.581249237060546875 49.981250762939453125 50.71875 52.575000762939453125 52.950000762939453125 53.88124847412109375 54.80625152587890625 56.518749237060546875 57.674999237060546875 59.11875152587890625 63.27500152587890625 69.05625152587890625 73.71875 75.9499969482421875 77.83750152587890625 78.86875152587890625 83.3312530517578125 86.15000152587890625 86.16249847412109375 81.19374847412109375 80.22499847412109375
46.950000762939453125 46.09375 46.231250762939453125 47.012500762939453125 47.86875152587890625 48.09999847412109375 49.762500762939453125 49.981250762939453125 51.61875152587890625 51.956249237060546875 54.00624847412109375 55.387500762939453125 56.78749847412109375 56.643749237060546875 55.15000152587890625 52.09999847412109375 50.28749847412109375 49.06874847412109375 47.487499237060546875 47.09999847412109375 47.08750152587890625 45.143749237060546875 44.918750762939453125 45.806247711181640625 46.331249237060546875 46.549999237060546875 47.99375152587890625 49.375 50.08750152587890625 51.4375 53.0625 53.887500762939453125 55.262500762939453125 59.65625 64.3562469482421875 67.21875 67.84375 70 72.96250152587890625 75.6374969482421875 78.6999969482421875 79.8937530517578125 78.88124847412109375 76.4812469482421875
40.924999237060546875 39.24375152587890625 40.706249237060546875 41.41249847412109375 42.90625 43.768749237060546875 44.700000762939453125 45.47499847412109375 45.5 46.549999237060546875 49.53125 52.94374847412109375 56.81874847412109375 57.981250762939453125 55 52.16249847412109375 49.918750762939453125 48.15000152587890625 47.33750152587890625 45.90000152587890625 45.512500762939453125 44.731250762939453125 43.5625 43.768749237060546875 43.72499847412109375 43.3125 44.53125 45.668750762939453125 46.19374847412109375 45.418750762939453125 47.112499237060546875 49.75624847412109375 51.987499237060546875 55.4375 58.137500762939453125 60.375 62.21875 65.46875 66.9375 67.90000152587890625 69.58750152587890625 69.40625 71.9250030517578125 71.11875152587890625
34.21875 33.68125152587890625 35.43125152587890625 35.53749847412109375 36.674999237060546875 37.38124847412109375 38.50624847412109375 39.268749237060546875 39.69374847412109375 40.5625 43.862499237060546875 48.63124847412109375 54.44374847412109375 54.831249237060546875 53.66249847412109375 51.44374847412109375 49.75624847412109375 47.5625 45.674999237060546875 44.52500152587890625 42.268749237060546875 42.52500152587890625 40.90000152587890625 40.43125152587890625 39.44374847412109375 40.206249237060546875 41.137500762939453125 42.03125 42.24375152587890625 41.887500762939453125 43.31874847412109375 46.137500762939453125 47.875 51.03749847412109375 53.52500152587890625 54.362499237060546875 56.47499847412109375 58.549999237060546875 61.19374847412109375 62.200000762939453125 61.96250152587890625 62.69374847412109375 62.1875 62.31874847412109375
27.875 28.299999237060546875 29.524999618530273438 29.606250762939453125 30.625 32.05625152587890625 33.15625 33.88124847412109375 34.331249237060546875 34.387500762939453125 38.543750762939453125 44.418750762939453125 49.4375 50.856250762939453125 51.03749847412109375 49.856250762939453125 48.13124847412109375 45.518749237060546875 43.55625152587890625 42.575000762939453125 40.1875 38.94374847412109375 37.71875 37.700000762939453125 36.55625152587890625 36.61875152587890625 37.387500762939453125 37.69374847412109375 37.887500762939453125 38.862499237060546875 39.924999237060546875 41.481250762939453125 42.825000762939453125 45.549999237060546875 47.700000762939453125 47.80625152587890625 49.21875 52.731250762939453125 55.59375 55.625 54.78749847412109375 55.418750762939453125 54.90625 56.53125
21.950000762939453125 22.875 23.481250762939453125 24.568750381469726562 25.612499237060546875 26.993749618530273438 28.225000381469726562 29.118749618530273438 30.1875 30.337499618530273438 37 42.5 45.69374847412109375 47.72499847412109375 48.71875 48.13124847412109375 45.456249237060546875 44.375 41.80625152587890625 40.543750762939453125 38.88124847412109375 37.143749237060546875 35.200000762939453125 35.02500152587890625 34.424999237060546875 34.0625 34.21250152587890625 34.412502288818359375 34.575000762939453125 34.99375152587890625 34.549999237060546875 36.487499237060546875 37.668750762939453125 40.231250762939453125 41.03749847412109375 40.731250762939453125 43.66249847412109375 46.168750762939453125 48.481250762939453125 49.02500152587890625 48.65000152587890625 50.56874847412109375 49.91249847412109375 47.424999237060546875
