data/historical-monthly-weather-data/wc2.1_cruts4.09_10m_prec_1969-12.asc
ncols        45
nrows        45
xllcorner    -63.500000000000
yllcorner    -7.500000000000
cellsize     0.166666666667
NODATA_value -9999
[rows 0 to 19 of 45, columns 0 to 43 of 45]
212.3249969482421875 212.5500030517578125 203.4250030517578125 196.0500030517578125 186.7937469482421875 176.962493896484375 166.3000030517578125 154.9375 145.40625 136.8312530517578125 130.75 125.3874969482421875 121.1062469482421875 115.71875 111.8625030517578125 108.3312530517578125 105.3125 102.24375152587890625 100.40000152587890625 98.75624847412109375 98.49375152587890625 98.02500152587890625 97.68125152587890625 98.1750030517578125 98.78125 99.34375 101.99375152587890625 105.0625 107.6374969482421875 106.34999847412109375 103.71875 101.56874847412109375 98.80625152587890625 95.6062469482421875 92.2062530517578125 90.0812530517578125 87.02500152587890625 83.8312530517578125 80.5749969482421875 77.58750152587890625 74.40625 70.94374847412109375 67.5 64
215.2312469482421875 216.2687530517578125 211.787506103515625 207.524993896484375 202.087493896484375 191.493743896484375 179.537506103515625 170.15625 161.8312530517578125 153.4375 146.068756103515625 139.056243896484375 133.625 127.9562530517578125 123.08750152587890625 118.76874542236328125 115.03749847412109375 112.34999847412109375 110.2937469482421875 109.3562469482421875 108.8125 108.15000152587890625 108.125 108.30625152587890625 108.47499847412109375 108.66249847412109375 110.55625152587890625 112.6125030517578125 114.30625152587890625 113.33750152587890625 110.8874969482421875 108.96875 105.7687530517578125 102.91249847412109375 100.28749847412109375 97.25 95.53125 93.00624847412109375 89.81874847412109375 87.06874847412109375 84.09999847412109375 80.53125 77.0124969482421875 72.7937469482421875
211.3312530517578125 213.6374969482421875 211.3312530517578125 208.5749969482421875 205.212493896484375 196.25 187.7375030517578125 181.03125 174.149993896484375 166.53125 158.725006103515625 151.600006103515625 146.087493896484375 140.243743896484375 135.1062469482421875 129.850006103515625 125.88124847412109375 122.88124847412109375 120.84375 119.3249969482421875 118.4187469482421875 117.7687530517578125 117.30625152587890625 116.3249969482421875 115.4499969482421875 115.40625 116.8312530517578125 118.2375030517578125 119.72499847412109375 117.53125 114.9812469482421875 112.6687469482421875 109.84375 105.53125 101.84375 99.02500152587890625 95.9562530517578125 92.66249847412109375 89.7937469482421875 87 83.88124847412109375 80.63750457763671875 77.125 73.96875
204.40625 208.6687469482421875 209.46875 207.087493896484375 205.881256103515625 199.9250030517578125 194.6437530517578125 190.5 185.100006103515625 179.5500030517578125 172.431243896484375 165.475006103515625 159.1374969482421875 153.2624969482421875 147.399993896484375 142.1750030517578125 137.65625 133.6374969482421875 131.3874969482421875 130.618743896484375 129.431243896484375 128.024993896484375 125.9875030517578125 124.125 121.80625152587890625 121.0124969482421875 122.08750152587890625 122.65000152587890625 123.9187469482421875 121.9187469482421875 118.6750030517578125 115.1750030517578125 111.8000030517578125 107.44374847412109375 102.44374847412109375 98.53749847412109375 94.13124847412109375 90.15625 87.56874847412109375 84.5187530517578125 81.0187530517578125 78.31874847412109375 75.5 73.1062469482421875
206.431243896484375 206.8000030517578125 204.6875 205.1125030517578125 206.1687469482421875 203.587493896484375 200.431243896484375 198.381256103515625 195.9812469482421875 192.256256103515625 185.25 177.71875 172.149993896484375 166.59375 160.256256103515625 154.5625 149.3625030517578125 145.162506103515625 143 142.6062469482421875 140.875 137.787506103515625 134.6187591552734375 131.5500030517578125 128.0625 126.3125 125.8937530517578125 126.1374969482421875 126.96250152587890625 125.00624847412109375 121.8249969482421875 117.65000152587890625 113.1750030517578125 108.11875152587890625 102.4562530517578125 97.96875 93.2687530517578125 88.3249969482421875 85.43125152587890625 82.1437530517578125 78.5187530517578125 76.2687530517578125 74.28125 71.8874969482421875
208.1374969482421875 209.212493896484375 205.806243896484375 202.693756103515625 204.84375 205.0812530517578125 203.75 201.8812408447265625 199.600006103515625 196.5625 190.4375 184.2624969482421875 180.1374969482421875 175.350006103515625 170.71875 165.7937469482421875 161.475006103515625 156.6875 155.693756103515625 154.3000030517578125 150.243743896484375 146.28125 141.5437469482421875 137.1687469482421875 132.6875 129.1750030517578125 129.3000030517578125 129.28125 129.256256103515625 127.40000152587890625 124.8125 121.71875 116.2624969482421875 110.6875 106.41249847412109375 101.97499847412109375 96.91249847412109375 92.56874847412109375 89.4812469482421875 85.1750030517578125 80.09999847412109375 77.5749969482421875 74.8312530517578125 72.5812530517578125
211.818756103515625 212.7375030517578125 209.6875 205.90625 205.1812591552734375 204.34375 203.78125 201.9812469482421875 198.75 194.493743896484375 192.09375 188.5124969482421875 186.9187469482421875 183.53125 180.1750030517578125 176.9499969482421875 174.75 173.1125030517578125 172.1999969482421875 168.631256103515625 161.3625030517578125 155.1999969482421875 148.2062530517578125 141.975006103515625 136.8312530517578125 131.7750091552734375 131.03125 131.7937469482421875 131.600006103515625 129.59375 127.3874969482421875 124.6437530517578125 120.19374847412109375 114.8000030517578125 110.0812530517578125 105.46250152587890625 100.94374847412109375 96.5437469482421875 94.15000152587890625 88.72499847412109375 82.40625 78.8874969482421875 76.0187530517578125 73.11875152587890625
215.493743896484375 215.787506103515625 213.306243896484375 211.6875 211.25 208.524993896484375 204.649993896484375 199.318756103515625 193.7937469482421875 191.837493896484375 193.162506103515625 193.537506103515625 193.0437469482421875 192.493743896484375 190.1125030517578125 188.5500030517578125 187.475006103515625 188.100006103515625 187.7375030517578125 180.8312530517578125 170.868743896484375 161.6125030517578125 152.7624969482421875 144.9375 139.21875 133.84375 132.3874969482421875 132.618743896484375 133.462493896484375 132.2624969482421875 129.568756103515625 127.21250152587890625 123.5 118.46875 114.49375152587890625 109.0500030517578125 104.375 99.53749847412109375 95.8000030517578125 90.27500152587890625 84.2062530517578125 80.21875 76.9875030517578125 73.6374969482421875
221.125 221.462493896484375 219.8249969482421875 218.7062530517578125 217.625 215.4187469482421875 211.306243896484375 204.818756103515625 196.2062530517578125 192.556243896484375 196.0187530517578125 198.381256103515625 199.3249969482421875 198.96875 197.568756103515625 196.568756103515625 196.037506103515625 196.21875 195 186.756256103515625 173.912506103515625 163.506256103515625 154.1875 147.431243896484375 140.743743896484375 134.712493896484375 133.337493896484375 133.9250030517578125 134.40625 133.3625030517578125 132.4250030517578125 130.131256103515625 126.77500152587890625 123.11875152587890625 119.30625152587890625 114.4812469482421875 109.34999847412109375 104.05625152587890625 99.4812469482421875 94.1875 87.77500152587890625 83.625 80.3562469482421875 77
225.28125 226.1187591552734375 225.3125 225.3125 224.4375 222.475006103515625 219.0187530517578125 213.7624969482421875 208.162506103515625 204.712493896484375 205.131256103515625 204.96875 206.46875 205.0749969482421875 204.53125 203.631256103515625 202.443756103515625 199.6750030517578125 195.5749969482421875 187.9250030517578125 175.256256103515625 164.0749969482421875 154.493743896484375 148.118743896484375 140.931243896484375 134.5437469482421875 133.5187530517578125 134.0500030517578125 135.087493896484375 134.7062530517578125 133.743743896484375 132.2937469482421875 129.5187530517578125 126.25 123.5187530517578125 119.9375 114.83750152587890625 109.5187530517578125 103.90000152587890625 98.15000152587890625 92.0812530517578125 88.0500030517578125 83.96875 80.31874847412109375
230.631256103515625 231.2687530517578125 230.1875 229.587493896484375 230.193756103515625 230.03125 227.725006103515625 222.78125 217.837493896484375 215.1875 214.6437530517578125 214.2687530517578125 213.8000030517578125 212.4187469482421875 210.8874969482421875 209.71875 207.3125 202.243743896484375 195.5749969482421875 187.2687530517578125 175.8687591552734375 164.40625 154.649993896484375 146.524993896484375 141.3000030517578125 135.056243896484375 133.7062530517578125 133.4812469482421875 133.6437530517578125 133.993743896484375 133.9187469482421875 133.806243896484375 131.90625 129.5625 127.3937530517578125 123.8125 119.3874969482421875 114.4812469482421875 109.28125 103 96.65000152587890625 92.15000152587890625 88.1687469482421875 84.5
235.0500030517578125 235.243743896484375 234.649993896484375 235.1999969482421875 235.993743896484375 236.28125 235.368743896484375 231.381256103515625 226.8000030517578125 225.056243896484375 224.5812530517578125 224.6062469482421875 222.068756103515625 219.6374969482421875 217.5 214.3125 210.618743896484375 203.0500030517578125 195.162506103515625 186.743743896484375 174.318756103515625 163.256256103515625 154.5437469482421875 147.5 142.1687469482421875 136.306243896484375 134.65625 134.0187530517578125 133.78125 134.53125 134.96875 135.568756103515625 134.21875 132.774993896484375 131.3937530517578125 128.5187530517578125 124.63124847412109375 120.3937530517578125 114.53125 107.8312530517578125 101.1125030517578125 96.44374847412109375 92.2375030517578125 88.2062530517578125
238.806243896484375 239.3874969482421875 239.3937530517578125 239.600006103515625 240.96875 240.6999969482421875 239.4187469482421875 237.149993896484375 233.5749969482421875 232.6062469482421875 232.5999908447265625 232.837493896484375 230.21875 225.8562469482421875 223.0812530517578125 218.7624969482421875 213.506256103515625 205.5437469482421875 196.59375 186.6875 172.03125 161.5124969482421875 154.1999969482421875 148.256256103515625 141.912506103515625 135.6125030517578125 134.4187469482421875 134.3625030517578125 134.5187530517578125 134.6687469482421875 135.381256103515625 136.212493896484375 135.274993896484375 134.6999969482421875 134.1750030517578125 132.693756103515625 130.1374969482421875 126.5625 120.19374847412109375 112.4499969482421875 104.94374847412109375 100.6437530517578125 95.6999969482421875 89.80625152587890625
240.8312530517578125 241.4375 241.431243896484375 242.0625 242.90625 242.600006103515625 241.4499969482421875 241.006256103515625 239.537506103515625 238.087493896484375 236.537506103515625 236.381256103515625 235.056243896484375 231.65625 226.7312469482421875 222.9875030517578125 216.78125 207.5 197.8000030517578125 187.65625 173.881256103515625 162.53125 153.7375030517578125 147.3562469482421875 141.193756103515625 135.524993896484375 135.193756103515625 134.4812469482421875 134.1437530517578125 134.243743896484375 135.125 135.9187469482421875 135.9812469482421875 135.912506103515625 136.725006103515625 136.25 135.149993896484375 133.443756103515625 127.7687530517578125 120.5812530517578125 111.1062469482421875 103.84999847412109375 97.83750152587890625 92.8125
242.7687530517578125 243.381256103515625 244.0749969482421875 244.618743896484375 245.78125 245.193756103515625 245.2937469482421875 245.0812530517578125 243.649993896484375 241.5500030517578125 239.7312469482421875 239.5124969482421875 237.618743896484375 234.8562469482421875 229.3562469482421875 225.118743896484375 217.881256103515625 208.274993896484375 198.493743896484375 189.6875 176.09375 164.0749969482421875 153.9000091552734375 147.7312469482421875 142.524993896484375 137.5437469482421875 137.21875 136.712493896484375 135.931243896484375 134.75 134.6437530517578125 135.756256103515625 136.337493896484375 137.2937469482421875 139.0625 138.8562469482421875 139.96875 141.506256103515625 140.3249969482421875 134.649993896484375 124.9812469482421875 115.11875152587890625 106.4812469482421875 99.22499847412109375
242.9875030517578125 244.1687469482421875 245.2062530517578125 246.6750030517578125 247.8937530517578125 247.8625030517578125 247.90625 246.7624969482421875 245.462493896484375 244.649993896484375 242.475006103515625 241.59375 239.818756103515625 236.8937530517578125 231.6875 225.0437469482421875 217.59375 209.087493896484375 199.4812469482421875 190.6062469482421875 177.84375 165.0124969482421875 154.274993896484375 148.524993896484375 144.381256103515625 141.1750030517578125 140.868743896484375 140.0124969482421875 138.1437530517578125 135.287506103515625 134.21875 134.2937469482421875 134.212493896484375 135.46875 137.2312469482421875 138.837493896484375 142.681243896484375 148.0812530517578125 152.4375 149.875 141.162506103515625 127.9812469482421875 115.46250152587890625 103.8625030517578125
242.2624969482421875 244.25 244.2937469482421875 246.506256103515625 248.693756103515625 248.1999969482421875 248.65625 248.881256103515625 248.4875030517578125 246.975006103515625 244.837493896484375 243.0812530517578125 241.03125 237.899993896484375 232.6750030517578125 225.306243896484375 215.90625 207.712493896484375 199.787506103515625 191.1374969482421875 178.625 165.84375 155.006256103515625 149.84375 146.931243896484375 145.3312530517578125 145.806243896484375 143.9562530517578125 139.556243896484375 135.181243896484375 133.006256103515625 133.131256103515625 131.9187469482421875 130.806243896484375 131.5 135.006256103515625 142.625 154.537506103515625 168.625 165.100006103515625 154.868743896484375 138.4250030517578125 121.80625152587890625 109.00624847412109375
240.0749969482421875 242.9499969482421875 243.618743896484375 246.4499969482421875 249.0625 249.8000030517578125 250.09375 249.662506103515625 249.0124969482421875 248.493743896484375 246.9187469482421875 244.681243896484375 241.2687530517578125 237.681243896484375 231.712493896484375 223.8625030517578125 214.5749969482421875 203.84375 198.2624969482421875 190.3312530517578125 179.399993896484375 167.4187469482421875 156.96875 153.1875 151.40625 150.9937591552734375 152.90625 148.881256103515625 141.693756103515625 134.725006103515625 130.7687530517578125 130.0625 130.225006103515625 130.225006103515625 128.4812469482421875 126.875 140.2062530517578125 155.875 166.693756103515625 165.6875 155.2624969482421875 140.1437530517578125 126.09999847412109375 114.84375
236.381256103515625 240.006256103515625 242.006256103515625 245.287506103515625 248.53125 249.8000030517578125 250.0749969482421875 250.8562469482421875 250.53125 250.03125 247.306243896484375 243.6437530517578125 240.6062469482421875 237.2937469482421875 230.4187469482421875 222.024993896484375 212.90625 202.524993896484375 194.1750030517578125 187.59375 179.0437469482421875 169.9250030517578125 158.399993896484375 156.34375 156.318756103515625 156.693756103515625 157.5749969482421875 153.868743896484375 145.712493896484375 136.0437469482421875 129.0187530517578125 131.375 134.3249969482421875 134.256256103515625 132.03125 132.9250030517578125 143.4000091552734375 154.681243896484375 161.9812469482421875 160.21875 151.837493896484375 139.8625030517578125 128.881256103515625 120.1687469482421875
231.4187469482421875 236.1062469482421875 238.09375 241.912506103515625 246.1750030517578125 248.649993896484375 250.03125 251.1374969482421875 251.46875 249.8312530517578125 247.4812469482421875 244.8937530517578125 241.7375030517578125 236.8874969482421875 228.556243896484375 218.431243896484375 208.587493896484375 200.243743896484375 192.712493896484375 186.1687469482421875 177 167.4250030517578125 159.912506103515625 159.5812530517578125 160.649993896484375 161.506256103515625 162.125 160.0500030517578125 152.943756103515625 143.1812591552734375 137.649993896484375 140.462493896484375 142.7062530517578125 144.3312530517578125 145.587493896484375 146.631256103515625 152.5124969482421875 159.1750030517578125 161.587493896484375 158.4562530517578125 150.3562469482421875 139.3625030517578125 132.037506103515625 125.9250030517578125
