data/historical-monthly-weather-data/wc2.1_cruts4.09_10m_prec_1958-07.asc
ncols        45
nrows        45
xllcorner    -63.500000000000
yllcorner    -7.500000000000
cellsize     0.166666666667
NODATA_value -9999
[rows 0 to 18 of 45, columns 0 to 42 of 45]
176.5500030517578125 166.087493896484375 157.5749969482421875 152.6687469482421875 145.9812469482421875 141.4250030517578125 137.149993896484375 132.03125 131.5437469482421875 132.4499969482421875 131.4375 132.912506103515625 134.068756103515625 137.6750030517578125 144.4250030517578125 150.0500030517578125 155.318756103515625 156.7624969482421875 159.1750030517578125 163.212493896484375 164.7937469482421875 161.5812530517578125 159.5625 158.337493896484375 158.9812469482421875 156.962493896484375 158.5812530517578125 160.7375030517578125 160.225006103515625 158.662506103515625 150.125 145.4562530517578125 144.600006103515625 140.6687469482421875 136.7062530517578125 132.71875 126.5437469482421875 127.25 123.0749969482421875 120.1125030517578125 121.6437530517578125 124.3125 123.1687469482421875
171.631256103515625 161.34375 153.350006103515625 149.2687530517578125 144.5187530517578125 140.600006103515625 136.337493896484375 132.493743896484375 132 131.2687530517578125 129.8312530517578125 130.125 130.9187469482421875 132.8562469482421875 136.8937530517578125 141.5625 145.587493896484375 149.2624969482421875 154.493743896484375 159.2375030517578125 156.493743896484375 156.287506103515625 155.5625 157.006256103515625 153.28125 151.693756103515625 153.1062469482421875 155.0437469482421875 152.568756103515625 146.5812530517578125 140.475006103515625 138.6687469482421875 136.1687469482421875 134.556243896484375 131.0187530517578125 125.19374847412109375 119.625 118.3625030517578125 114.09999847412109375 112.71250152587890625 115.36875152587890625 115.6999969482421875 115.6875
159.53125 154.09375 149.931243896484375 144.618743896484375 138.850006103515625 134.46875 131.725006103515625 130.7687530517578125 130.9812469482421875 130.0812530517578125 128.462493896484375 127.25624847412109375 128.681243896484375 127.77500152587890625 130.243743896484375 133.193756103515625 136.681243896484375 138.8312530517578125 141.4875030517578125 145.7624969482421875 142.962493896484375 143 143.1374969482421875 143.59375 141.8625030517578125 138.5749969482421875 143.8000030517578125 144.8125 143.587493896484375 138.8562469482421875 133.068756103515625 126.46250152587890625 124.90000152587890625 125.3874969482421875 118.2937469482421875 112.2062530517578125 109.84999847412109375 110.1875 105.8249969482421875 104.99375152587890625 106.7624969482421875 107.90625 106.875
149.212493896484375 142.34375 141.3000030517578125 139.5 133.4562530517578125 128.600006103515625 125.7687530517578125 127.13124847412109375 129.5 129.600006103515625 125.6437530517578125 123.875 123.75624847412109375 124.7937469482421875 125.13124847412109375 125.7062530517578125 126.84999847412109375 127.88750457763671875 130.350006103515625 135.787506103515625 133.6687469482421875 129.8000030517578125 129.087493896484375 130.8312530517578125 130.53125 128.9187469482421875 131.350006103515625 129.931243896484375 131.4187469482421875 130.7687530517578125 125.60625457763671875 118.6999969482421875 113.74375152587890625 109.81874847412109375 104.5812530517578125 104.6687469482421875 104.2624969482421875 100.46875 97.9875030517578125 96.6374969482421875 99.69374847412109375 102.27500152587890625 101.5
154.34375 141.78125 131.0812530517578125 129.631256103515625 128.6374969482421875 123.78125 122.8000030517578125 124.11875152587890625 125.8249969482421875 125.16249847412109375 124.40000152587890625 121.5437469482421875 120.7937469482421875 120.3874969482421875 119.72499847412109375 119.6687469482421875 119.28125 119.75 118.3312530517578125 121.03749847412109375 120.6687469482421875 116.8312530517578125 115 119.7937469482421875 119.24375152587890625 117.6062469482421875 118.24375152587890625 121.31874847412109375 122.2624969482421875 118.34375 114.91249847412109375 110.50624847412109375 107.6875 103.11875152587890625 98.18125152587890625 94.86875152587890625 94.4250030517578125 93.1875 90.3125 90.2624969482421875 92.41249847412109375 92.50624847412109375 94.125
148.743743896484375 140.868743896484375 132.006256103515625 117.03125 118.13124847412109375 121.8562469482421875 120.52500152587890625 120.09999847412109375 122.90000152587890625 121.80625152587890625 119.69374847412109375 117.71875 117.2687530517578125 113.9375 114.3937530517578125 113.7624969482421875 111.1374969482421875 108.3625030517578125 107.78125 110 109.1125030517578125 107.0124969482421875 106.86875152587890625 107.21250152587890625 108.6750030517578125 108.375 109.1875 111.3562469482421875 111.33750152587890625 108.18125152587890625 105.2937469482421875 104.0749969482421875 100.21875 97.9187469482421875 92.5437469482421875 90.5749969482421875 86.52500152587890625 85.6374969482421875 85.96875 87.49375152587890625 86.13124847412109375 87.65625 87.8312530517578125
145.100006103515625 138.125 130.4499969482421875 121.59375 114.5 110.46875 112.59999847412109375 114.6374969482421875 115.08750152587890625 115.4812469482421875 115.0187530517578125 111.25 112.1125030517578125 110.00624847412109375 107.9499969482421875 107.6687469482421875 106.19374847412109375 100.3125 95.9499969482421875 98.9499969482421875 97.9375 96.00624847412109375 95.0625 97.31874847412109375 98.25624847412109375 99.91249847412109375 102.9250030517578125 101.9187469482421875 100.6125030517578125 100.84375 97.8937530517578125 94.0437469482421875 90.8562469482421875 90.3625030517578125 88.28125 85.2312469482421875 81.3000030517578125 79.44374847412109375 80.6437530517578125 82.75 81.1125030517578125 80.6437530517578125 81.69374847412109375
143.7062530517578125 134.8125 128.8125 122.6999969482421875 117.59375 117.43125152587890625 112.34999847412109375 104.5812530517578125 103.0187530517578125 104.05625152587890625 104.75 104.75 105.21250152587890625 103.18125152587890625 102.3562469482421875 101.19374847412109375 98.2687530517578125 92.6750030517578125 88.22499847412109375 85.875 88.0187530517578125 88.2687530517578125 86.9187469482421875 88.74375152587890625 91.18125152587890625 90.3312530517578125 92.68125152587890625 91.06874847412109375 92.38124847412109375 90.5 90.8874969482421875 87.8874969482421875 85.9562530517578125 83.65625 80.90000152587890625 77.11875152587890625 74.09999847412109375 72.75 72.16249847412109375 72.09999847412109375 71.6687469482421875 72.5124969482421875 73.0625
141.274993896484375 133.34375 126.66249847412109375 122.8312530517578125 119.4375 116.59999847412109375 112.8000030517578125 108.34999847412109375 103.5 98.59999847412109375 97.375 95.9250030517578125 99.7937469482421875 97.8249969482421875 95.7375030517578125 93.21875 91.1750030517578125 88.30625152587890625 87.02500152587890625 81.2375030517578125 79.78125 82.3249969482421875 81.46250152587890625 84.40625 86.11875152587890625 83.3625030517578125 83.3000030517578125 86.18125152587890625 87.94374847412109375 85.8312530517578125 87.03749847412109375 82.58750152587890625 77.625 74.41249847412109375 72.8625030517578125 72.78125 71.91249847412109375 71.5187530517578125 69.59375 67.8312530517578125 66.6374969482421875 66.59999847412109375 67.33750152587890625
136.8000030517578125 130.4937591552734375 125.8125 122.4250030517578125 119.27500152587890625 118.1437530517578125 114.1687469482421875 109.88124847412109375 106.40625 103.63124847412109375 98.8249969482421875 93.58750152587890625 95.16249847412109375 94.34375 91.5500030517578125 88.84999847412109375 84.3625030517578125 84.02500152587890625 83.33750152587890625 80.50624847412109375 78.6125030517578125 76.2937469482421875 74.2312469482421875 77 77.81874847412109375 78.38124847412109375 78.2312469482421875 80.0749969482421875 80.47499847412109375 79.49375152587890625 79.6437530517578125 75.9187469482421875 73.08750152587890625 69.94374847412109375 67.61875152587890625 68.25624847412109375 68.3312530517578125 68.34375 66.8125 66.71250152587890625 66.61875152587890625 65.27500152587890625 63.112499237060546875
135.1687469482421875 129.587493896484375 124.66249847412109375 122.4562530517578125 119.1687469482421875 118.1125030517578125 114.9812469482421875 108.3312530517578125 102.86875152587890625 100.30625152587890625 98.13124847412109375 94.65625 90.22499847412109375 90.1687469482421875 84.97499847412109375 81.03125 78.4499969482421875 78.28749847412109375 77.80625152587890625 78.68125152587890625 79.25624847412109375 76.00624847412109375 71.03125 67.875 72.02500152587890625 76.61875152587890625 76.9499969482421875 76.90000152587890625 74.4812469482421875 73.74375152587890625 73.1687469482421875 72.11875152587890625 70.1875 66.75 65.52500152587890625 65.31874847412109375 65.55625152587890625 64.0625 65.6374969482421875 64.6875 62.862499237060546875 60.9375 60.24375152587890625
133.506256103515625 126.96250152587890625 122.81874847412109375 121.27500152587890625 119.0812530517578125 118.21250152587890625 116.1750030517578125 109.94374847412109375 103.05625152587890625 97.47499847412109375 94.21875 92.4187469482421875 85.65625 82.90000152587890625 81.02500152587890625 75.91249847412109375 73.44374847412109375 73.375 73.50624847412109375 75.65625 78.84375 76.9562530517578125 74.44374847412109375 69.8249969482421875 69.38750457763671875 67.96875 68.5437469482421875 70.16249847412109375 69.5187530517578125 68.59375 66.4499969482421875 65.75624847412109375 65.03749847412109375 63.481250762939453125 63.375 64.21875 63.5625 64.1750030517578125 61.862499237060546875 61.043750762939453125 58.90000152587890625 58.21250152587890625 54.875
127.8125 123.6875 121.25624847412109375 118.27500152587890625 115.1374969482421875 114.65625 111.5 104.9187469482421875 98.9812469482421875 95.875 93.46875 88.78125 84.7937469482421875 75.9499969482421875 71.78125 70.5437469482421875 68.43125152587890625 69.1999969482421875 69.75 70.6437530517578125 72.4187469482421875 71.2312469482421875 70.5437469482421875 67.4812469482421875 63.575000762939453125 62.1875 63.356250762939453125 65.1687469482421875 65.10625457763671875 63.762500762939453125 61.850002288818359375 59.59375 60.28125 59.61875152587890625 59.512500762939453125 60.9375 62.700000762939453125 64.8312530517578125 65.22499847412109375 61.44374847412109375 56.9375 54.65625 49.52500152587890625
123.2687530517578125 119.1125030517578125 117.1437530517578125 113.84999847412109375 110.2375030517578125 108.19374847412109375 104.80625152587890625 99.53125 97.09375 92.7624969482421875 89.90000152587890625 85.27500152587890625 78.71250152587890625 71.61875152587890625 63.50624847412109375 63.83750152587890625 61.61875152587890625 63.03749847412109375 63.02500152587890625 64.3562469482421875 65.34375 65.69374847412109375 65.4812469482421875 63.83750152587890625 60.450000762939453125 58.375 58.325000762939453125 58.11875152587890625 57.96875 57.1875 58.049999237060546875 57.106250762939453125 55.96250152587890625 55.512500762939453125 55.893749237060546875 59.46250152587890625 63.793750762939453125 68.1437530517578125 69.80625152587890625 65.3249969482421875 55.44374847412109375 49.74375152587890625 48.9375
119.3874969482421875 113.90625 110.84999847412109375 108.43125152587890625 103.9812469482421875 101.1125030517578125 100.2062530517578125 95.31874847412109375 91.85625457763671875 87.8874969482421875 84.78749847412109375 79.15625 73.72499847412109375 68.05625152587890625 58.34375 56.69374847412109375 55.38124847412109375 56.356250762939453125 56.91249847412109375 58.69374847412109375 60.862499237060546875 61.168750762939453125 61.262500762939453125 61.512500762939453125 60.30625152587890625 59.02500152587890625 58.518749237060546875 57.200000762939453125 57.25624847412109375 57.19374847412109375 55.362499237060546875 55.21875 56.31874847412109375 54.90625 52.65000152587890625 55.375 63.00624847412109375 71.03125 73.5124969482421875 68.4375 61.8125 57.21250152587890625 59.22499847412109375
112.69374847412109375 107.875 105.4499969482421875 101.90625 98.375 97.56874847412109375 93.7062530517578125 89.53749847412109375 86.69374847412109375 84.44374847412109375 80.38124847412109375 75.1062469482421875 69.96250152587890625 64.38124847412109375 56.71875 48.13124847412109375 48.424999237060546875 50.450000762939453125 50.84375 52.9375 54.61875152587890625 56.481250762939453125 57.81874847412109375 61.00624847412109375 60.99375152587890625 59.456249237060546875 57.575000762939453125 54.875 55.012500762939453125 55.34375 57.125 54.825000762939453125 52.91249847412109375 50.90625 49.49375152587890625 56.950000762939453125 63.4375 70.5 75.08750152587890625 75.58750152587890625 72.34375 67.86875152587890625 64.49375152587890625
106.3000030517578125 101.9875030517578125 100.21875 97.83750152587890625 95.1687469482421875 91.86875152587890625 89.5749969482421875 85.9187469482421875 83.3000030517578125 81.0625 77.58750152587890625 71.46875 65.41249847412109375 60.981250762939453125 57.46250152587890625 51.15000152587890625 45.03125 44.53749847412109375 47.43125152587890625 49.118747711181640625 50.49375152587890625 52.6875 55.93125152587890625 60.5625 62.606250762939453125 57.325000762939453125 53.200000762939453125 50.956249237060546875 52.21875 54.293750762939453125 56.47499847412109375 57.831249237060546875 55.55625152587890625 53.924999237060546875 58.075000762939453125 62.512500762939453125 70.59375 80.68125152587890625 87.46875 81.40000152587890625 76.11875152587890625 69.80625152587890625 63.09375
99.4875030517578125 96.8000030517578125 94.0500030517578125 92.6437530517578125 89.90625 85.8000030517578125 82.93125152587890625 80.3562469482421875 78.11875152587890625 74.1999969482421875 71.3937530517578125 67.75624847412109375 62.5625 58.512500762939453125 56.443752288818359375 53.00624847412109375 47.68125152587890625 41.53125 45.09375 46.30625152587890625 47.450000762939453125 49.1875 53.96875 57.88124847412109375 59.21250152587890625 54.049999237060546875 49.8125 48.825000762939453125 50.66249847412109375 51.66249847412109375 51.262500762939453125 52.03749847412109375 59.362499237060546875 61.78125 61.237499237060546875 68.49375152587890625 78.33750152587890625 84.75624847412109375 87.8000030517578125 83.2937469482421875 73.75624847412109375 67.52500152587890625 61.25624847412109375
93.09999847412109375 90.53749847412109375 87.03749847412109375 84.9375 83.3937530517578125 80.49375152587890625 76.75624847412109375 75.0187530517578125 73.75 70.65625 68.02500152587890625 63.21875 59.387500762939453125 56.887500762939453125 53.22499847412109375 51.487499237060546875 48.43125152587890625 44.02500152587890625 41.200000762939453125 41.543750762939453125 44.66249847412109375 49.793750762939453125 45.88124847412109375 50.356250762939453125 52.22499847412109375 51.61875152587890625 49.450000762939453125 47.643749237060546875 49.674999237060546875 51.549999237060546875 52.46875 54.59999847412109375 59.78125 60.66249847412109375 62.00624847412109375 67.83750152587890625 72.88124847412109375 76.80625152587890625 79.83750152587890625 74.55625152587890625 69.18125152587890625 62.625 58.143749237060546875
