data/historical-monthly-weather-data/wc2.1_cruts4.09_10m_prec_1963-09.asc
ncols        51
nrows        45
xllcorner    -63.500000000000
yllcorner    -7.500000000000
cellsize     0.166666666667
NODATA_value -9999
[rows 0 to 18 of 45, columns 0 to 43 of 51]
349.64373779296875 357.51873779296875 355.38751220703125 357.506256103515625 353.64373779296875 341.29376220703125 319.82501220703125 295.89373779296875 275.91876220703125 257.449981689453125 243.037506103515625 231.0124969482421875 218.9875030517578125 204.4812469482421875 192 178.587493896484375 167.5749969482421875 155.84375 146.1750030517578125 135.9812469482421875 128.899993896484375 120.375 113.27500152587890625 106.83750152587890625 100.2312469482421875 95.80625152587890625 94.08750152587890625 92.6687469482421875 89.63124847412109375 84.4875030517578125 78.34375 73.2624969482421875 69.96875 65.5500030517578125 61.856250762939453125 59.518749237060546875 58.012500762939453125 56.4375 55.174999237060546875 54.174999237060546875 53.3125 52.36875152587890625 50.831249237060546875 49.66249847412109375
335.912506103515625 343.59375 350.25 361.26873779296875 372.212493896484375 353.037506103515625 328.443756103515625 310.731231689453125 290.40625 270.600006103515625 254.4250030517578125 239.993743896484375 226.1062469482421875 209.256256103515625 195.3937530517578125 182.6374969482421875 169.1687469482421875 157.625 146.875 136.6374969482421875 128.53125 121.85625457763671875 114.46250152587890625 108.08750152587890625 100.19374847412109375 94.75 93.05625152587890625 91.44374847412109375 87.4499969482421875 82.36875152587890625 76.8312530517578125 72.5437469482421875 68.8000030517578125 65.55625152587890625 62.30625152587890625 60.21875 58.924999237060546875 57.875 56.875 56.25624847412109375 55.84375 55.125 54.1875 52.637500762939453125
305.774993896484375 316.868743896484375 324.60626220703125 337.33123779296875 347.54998779296875 337.850006103515625 320.46875 305.100006103515625 288.850006103515625 271.96875 256.95001220703125 242.2687530517578125 228.25 211.2062530517578125 195.993743896484375 183.5 169.600006103515625 158.28125 147.4875030517578125 137.5187530517578125 128.7937469482421875 120.6687469482421875 113.06874847412109375 105.65000152587890625 96.9499969482421875 89.7937469482421875 88.6750030517578125 86.131256103515625 82.2937469482421875 76.9187469482421875 71.03749847412109375 66.5500030517578125 63.606250762939453125 60.22499847412109375 56.97499847412109375 54.56874847412109375 53.043750762939453125 51.96250152587890625 51.36875152587890625 51.106250762939453125 51.02500152587890625 50.487499237060546875 50.331249237060546875 49.581249237060546875
270.46875 281.568756103515625 298.006256103515625 306.51251220703125 314.556243896484375 310.787506103515625 303.412506103515625 298.13751220703125 286.89373779296875 273.912506103515625 259.193756103515625 244.5 227.443756103515625 212.1062469482421875 196.9187469482421875 183.493743896484375 170.443756103515625 159.34375 150.162506103515625 140.912506103515625 131.0812530517578125 120.40000152587890625 110.63750457763671875 101.9250030517578125 91.7624969482421875 83.96875 81.6687469482421875 78.03125 74.78125 69.97499847412109375 64.78125 59.69374847412109375 56.11875152587890625 52.65625 49.03749847412109375 47.63124847412109375 46.33750152587890625 44.96250152587890625 44.66249847412109375 44.19374847412109375 43.91249847412109375 43.924999237060546875 44.25 44.40625
264.60626220703125 266.78125 266.88751220703125 273.693756103515625 286.26251220703125 288.34375 286.131256103515625 286.11248779296875 281.21875 271.41876220703125 258.681243896484375 241.6687469482421875 226.8125 214.131256103515625 199.2062530517578125 185.131256103515625 171.4499969482421875 160.375 151.0812530517578125 141.037506103515625 131.5625 118.3125 108 97.96250152587890625 86.81874847412109375 77.9375 73.93125152587890625 71.0625 67.71875 62.575000762939453125 57.75624847412109375 52.47499847412109375 48.61875152587890625 45.38124847412109375 42.206249237060546875 40.31874847412109375 38.78125 37.625 37.46250152587890625 37.143749237060546875 36.91249847412109375 37.262500762939453125 37.793750762939453125 38.66249847412109375
258.15625 257.96875 253.087493896484375 246.25 258.131256103515625 269.70623779296875 272.07501220703125 270.84375 266.943756103515625 261.399993896484375 249.600006103515625 233.8874969482421875 220.943756103515625 209.993743896484375 195.65625 183.899993896484375 171.4875030517578125 160.1125030517578125 150.7312469482421875 141.5187530517578125 128.875 115.375 103.49375152587890625 91.8312530517578125 81.0749969482421875 71.4250030517578125 67.25624847412109375 64.6875 61.225002288818359375 56.168750762939453125 51.55625152587890625 47.893749237060546875 44.043750762939453125 40.53125 37.112499237060546875 35.49375152587890625 33.799999237060546875 32.68125152587890625 32.53125 32.012500762939453125 30.762500762939453125 31.056249618530273438 31.625 32.612499237060546875
255.4187469482421875 254.931243896484375 249.131256103515625 241.90625 244.1062469482421875 246.662506103515625 251.493743896484375 253.524993896484375 248.6062469482421875 241.71875 234.4875030517578125 223.2687530517578125 213.4812469482421875 203.506256103515625 191.931243896484375 181.712493896484375 171.2624969482421875 161.7687530517578125 151.7624969482421875 141.131256103515625 126.34999847412109375 111.75 97.59375 85.375 74.7624969482421875 65.33750152587890625 61.31874847412109375 58.643749237060546875 54.96250152587890625 50.13124847412109375 46.0625 42.1875 38.84999847412109375 35.71875 32.575000762939453125 30.450000762939453125 28.706249237060546875 27.700000762939453125 27.799999237060546875 26.493749618530273438 25.068750381469726562 24.96875 25.418750762939453125 26.387500762939453125
253.6374969482421875 251.818756103515625 246 243.40625 244.712493896484375 246.881256103515625 243.2375030517578125 234.0437469482421875 225.1999969482421875 221.125 219.225006103515625 212.1750030517578125 205.056243896484375 196.556243896484375 188.5812530517578125 178.350006103515625 169.3937530517578125 161.4250030517578125 152.125 139.056243896484375 123.65000152587890625 107.49375152587890625 92.4812469482421875 79.43125152587890625 68.3312530517578125 58.84999847412109375 54.71250152587890625 51.737499237060546875 48.75624847412109375 44.4375 40.768749237060546875 37.21250152587890625 33.99375152587890625 31.162500381469726562 27.887500762939453125 25.662500381469726562 23.768749237060546875 22.28125 21.556249618530273438 20.381250381469726562 19.012500762939453125 18.831249237060546875 19.168750762939453125 19.768749237060546875
254.2375030517578125 253.243743896484375 249.475006103515625 246.53125 246.6687469482421875 245.6125030517578125 241.5437469482421875 232.40625 219.75 209.59375 207.4875030517578125 201.568756103515625 197.6125030517578125 189.625 182.6437530517578125 174.318756103515625 166.34375 158.09375 149.4250030517578125 135.850006103515625 118.28749847412109375 102.44374847412109375 85.84999847412109375 74.1062469482421875 62.706249237060546875 53.049999237060546875 49.262500762939453125 46.96875 44.75624847412109375 40.88124847412109375 37.950000762939453125 34.06874847412109375 30.493749618530273438 27.225000381469726562 24.325000762939453125 22.556249618530273438 20.799999237060546875 19.056249618530273438 17.850000381469726562 16.575000762939453125 15.256250381469726562 14.912500381469726562 15.03125 15.362500190734863281
252.0124969482421875 251.4562530517578125 248.6687469482421875 246.0625 247.287506103515625 246.0437469482421875 241.537506103515625 231.59375 220.412506103515625 211.15625 204.40625 195.818756103515625 190.2375030517578125 184.256256103515625 176.568756103515625 170.443756103515625 161.993743896484375 153.068756103515625 143.875 132.1062469482421875 114.4250030517578125 96.4875030517578125 79.59375 67.6062469482421875 56.143749237060546875 47.15000152587890625 44.018749237060546875 42.09375 40.268749237060546875 37.44374847412109375 34.237499237060546875 30.78125 27.350000381469726562 24.456249237060546875 21.793750762939453125 19.918750762939453125 18.237499237060546875 16.443750381469726562 14.9375 13.59375 12.256250381469726562 11.875 11.46875 11.5
252.9875030517578125 251.7687530517578125 249.15625 246.1875 246.1875 246.6875 242.40625 229.5187530517578125 216.9375 207.868743896484375 201.225006103515625 193.6750030517578125 185.0625 177.100006103515625 169.412506103515625 163.1374969482421875 154.8625030517578125 145.881256103515625 136.5437469482421875 126.0812530517578125 110.5500030517578125 92.40000152587890625 74.81874847412109375 60.28749847412109375 50.293750762939453125 43.125 40.40625 38.206249237060546875 36.11875152587890625 33.63124847412109375 31.024999618530273438 28.049999237060546875 24.881250381469726562 21.987499237060546875 19.431249618530273438 17.5625 15.868749618530273438 14.100000381469726562 12.731249809265136719 11.199999809265136719 9.7624998092651367188 9.1937503814697265625 8.90625 8.5874996185302734375
250.399993896484375 249.0812530517578125 246.6437530517578125 245.587493896484375 245.118743896484375 244.381256103515625 241.28125 228.875 214.3625030517578125 203.0187530517578125 196.03125 189.5812530517578125 178.6687469482421875 168.8937530517578125 163.2062530517578125 155.9124908447265625 148.3125 137.9562530517578125 128.875 120.7687530517578125 107.03125 88.74375152587890625 70.63124847412109375 56.22499847412109375 46.25624847412109375 39.06874847412109375 36.450000762939453125 34.606250762939453125 32.53749847412109375 30.475000381469726562 28.1875 25.674999237060546875 22.793750762939453125 20.331249237060546875 18.262500762939453125 16.5 14.875 13.300000190734863281 11.606249809265136719 9.9125003814697265625 8.4624996185302734375 7.7750000953674316406 7.4000000953674316406 7.0062499046325683594
245.756256103515625 244.193756103515625 241.0625 238.006256103515625 235.9375 233.9562530517578125 228.5749969482421875 217.6999969482421875 206.65625 196.6750030517578125 188.1062469482421875 182.318756103515625 173.4187469482421875 160.4250030517578125 152.3937530517578125 146.625 139.1437530517578125 129.71875 121.2937469482421875 113.0625 100.25 83.45624542236328125 65.8249969482421875 52.793750762939453125 42.21250152587890625 35.21875 33.22499847412109375 31.774999618530273438 30.100000381469726562 28.075000762939453125 25.768749237060546875 23.506250381469726562 21.043750762939453125 18.600000381469726562 16.681249618530273438 15.375 14.300000190734863281 13.03125 11.475000381469726562 9.3812503814697265625 7.5999999046325683594 6.9812498092651367188 6.4499998092651367188 5.5187501907348632812
239.3312530517578125 236.787506103515625 231.806243896484375 227.7937469482421875 225.431243896484375 220.375 213.6624908447265625 205.8125 195.899993896484375 187.4562530517578125 177.8874969482421875 169.4875030517578125 161.649993896484375 151.0812530517578125 140.375 135.399993896484375 128.568756103515625 119.28125 110.40625 102.625 90.1999969482421875 74.40000152587890625 59.3125 49.19374847412109375 40.08750152587890625 33.15000152587890625 30.943750381469726562 29.331249237060546875 27.5625 25.793750762939453125 24.143749237060546875 21.987499237060546875 19.46875 17.193750381469726562 15.524999618530273438 14.756250381469726562 14.206250190734863281 13.600000381469726562 12.193750381469726562 10.181249618530273438 7.6437501907348632812 6.375 5.7937498092651367188 5.28125
232.537506103515625 228.243743896484375 222.3625030517578125 217.9187469482421875 214.90625 206.3000030517578125 200.868743896484375 192.6437530517578125 183.3125 176.475006103515625 166.1875 157.5 148.8562469482421875 139.056243896484375 127.59375 120.53125 114.9499969482421875 107.625 99.0500030517578125 92.03749847412109375 80.91249847412109375 67.6437530517578125 54.90625 47.106250762939453125 40.237499237060546875 34 31.293750762939453125 28.875 26.643749237060546875 24.981250762939453125 22.806249618530273438 20.743749618530273438 18.581251144409179688 16.318750381469726562 14.40625 14.193750381469726562 14.637499809265136719 15.118749618530273438 14.393750190734863281 12.193750381469726562 9.7124996185302734375 7.9437499046325683594 6.9000000953674316406 6
223.712493896484375 218.46875 213.3312530517578125 208.0124969482421875 202.337493896484375 195.7687530517578125 188.6687469482421875 180.181243896484375 172.4875030517578125 166.0812530517578125 156.1062469482421875 146.212493896484375 136.931243896484375 127.74375152587890625 117.0500030517578125 107.2937469482421875 101.71250152587890625 96.3874969482421875 89.0500030517578125 83.06874847412109375 72.58750152587890625 61.78749847412109375 51.65000152587890625 46.0625 40.549999237060546875 34.58750152587890625 31.399999618530273438 28.912500381469726562 26.65625 24.65625 23.024999618530273438 20.700000762939453125 18.149999618530273438 16.100000381469726562 14 14.493749618530273438 15.856249809265136719 16.631250381469726562 16.743749618530273438 15 12.824999809265136719 10.268750190734863281 8.15625 6.625
212.2687530517578125 207.9250030517578125 203.631256103515625 198.399993896484375 192.1062469482421875 185.7687530517578125 178.350006103515625 170.756256103515625 163.212493896484375 155.743743896484375 147.118743896484375 137 126.4875030517578125 116.90625 108.5500030517578125 99.94374847412109375 90.9562530517578125 85.44374847412109375 80.5187530517578125 74.9562530517578125 65.34375 56.112499237060546875 48.28749847412109375 45.03125 40.981250762939453125 34.887500762939453125 31.5625 29.03125 26.825000762939453125 25.087499618530273438 23.931249618530273438 22.549999237060546875 19.65625 17.21875 16.28125 16.4375 17.387500762939453125 19.362499237060546875 20.799999237060546875 18.012500762939453125 14.75 11.625 8.8999996185302734375 7.2249999046325683594
201.8562469482421875 198.3625030517578125 192.587493896484375 187.537506103515625 182.993743896484375 176.943756103515625 169.024993896484375 160.850006103515625 154.3000030517578125 146.09375 137.443756103515625 127.6437530517578125 117.34375 108.0500030517578125 99.9187469482421875 92.53749847412109375 84.53125 75.7624969482421875 72.61875152587890625 67.40625 59.487499237060546875 51.08750152587890625 44.643749237060546875 42.793750762939453125 40.08750152587890625 34.9375 32.21875 29.774999618530273438 27.350000381469726562 25.362499237060546875 24.049999237060546875 22.768749237060546875 22.075000762939453125 21.149999618530273438 19.193750381469726562 18.006250381469726562 19.325000762939453125 20.793750762939453125 20.6875 18.325000762939453125 14.568750381469726562 11.612500190734863281 9.21875 7.8937501907348632812
191.3249969482421875 187.3874969482421875 181.5625 177.59375 172.7624969482421875 167.2624969482421875 159.712493896484375 153.3000030517578125 146.2687530517578125 138.256256103515625 129.462493896484375 119.2375030517578125 108.8000030517578125 100.03125 91.7312469482421875 85.71875 79.125 70.4562530517578125 64.9375 60.44374847412109375 54.6875 50.03125 40.6875 39.231250762939453125 37.78125 35.231250762939453125 33.27500152587890625 30.737499237060546875 28.962499618530273438 26.725000381469726562 25 25.493749618530273438 26.568750381469726562 25.431249618530273438 23.575000762939453125 22.075000762939453125 21.450000762939453125 20.787500381469726562 19.5 16.924999237060546875 13.756250381469726562 11.331250190734863281 9.4562501907348632812 8.3812503814697265625
