data/historical-monthly-weather-data/wc2.1_cruts4.09_10m_prec_1965-11.asc
ncols        51
nrows        45
xllcorner    -63.500000000000
yllcorner    -7.500000000000
cellsize     0.166666666667
NODATA_value -9999
[rows 19 to 37 of 45, columns 0 to 43 of 51]
273.087493896484375 271.8125 265.96875 260.29376220703125 254.274993896484375 247.59375 239.3625030517578125 229.9375 221.34375 211.8937530517578125 200.78125 188.662506103515625 175.625 162.600006103515625 150.899993896484375 140.3312530517578125 130.225006103515625 123.50624847412109375 117.71250152587890625 111.9812469482421875 98.77500152587890625 82.0124969482421875 66.8625030517578125 62.625 60.1875 57.84375 58.612499237060546875 59.05625152587890625 57.137500762939453125 54.75624847412109375 54.05625152587890625 57.36875152587890625 59.262500762939453125 61.03125 62.424999237060546875 64.5437469482421875 67.09999847412109375 69.6750030517578125 71.08750152587890625 72.0749969482421875 72.7062530517578125 72.53125 70.80625152587890625 69.46875
264.175018310546875 264.774993896484375 260.462493896484375 255 248.412506103515625 242.9250030517578125 236.943756103515625 229.6125030517578125 222.912506103515625 214.3625030517578125 204.5500030517578125 193.78125 181.8937530517578125 168.2312469482421875 155.868743896484375 143.631256103515625 132.5812530517578125 123.59375 117.5500030517578125 110.0437469482421875 98.11875152587890625 83.90625 70.21875 66.2312469482421875 63.83750152587890625 61.450000762939453125 62.137500762939453125 61.856250762939453125 60.887500762939453125 61.56874847412109375 62.825000762939453125 65.8625030517578125 66.91249847412109375 68.0625 69.41249847412109375 71.875 73.72499847412109375 75.5500030517578125 76.16249847412109375 76.6374969482421875 76.49375152587890625 75.9562530517578125 74.72499847412109375 73.19374847412109375
256.6875 255.9375 252.4562530517578125 247.59375 242.256256103515625 237.649993896484375 233.493743896484375 227.7375030517578125 223.7687530517578125 217.443756103515625 209.162506103515625 200.5 189.868743896484375 176.3249969482421875 162.5124969482421875 149.15625 137.9499969482421875 127.2375030517578125 118.58750152587890625 110.34375 97.71875 84.7375030517578125 73.2312469482421875 69.2375030517578125 66.375 63.987499237060546875 65.6062469482421875 66.25 66.8312530517578125 68.9187469482421875 70.80625152587890625 74.03125 74.7624969482421875 76.2687530517578125 78.0625 80.08750152587890625 81.5437469482421875 82.59999847412109375 81.94374847412109375 81.65000152587890625 80.76874542236328125 79.84999847412109375 78.6687469482421875 77.4812469482421875
249.5187530517578125 250.40625 246.412506103515625 241.506256103515625 236.524993896484375 232.350006103515625 228.21875 225.15625 223.6125030517578125 218.8562469482421875 213.2624969482421875 206.431243896484375 200.1062469482421875 187.4250030517578125 170.162506103515625 154.59375 141.9187469482421875 130.2312469482421875 119.84375 110.2687530517578125 98.41249847412109375 86.38124847412109375 75.8000030517578125 71.83124542236328125 69.3125 67.2375030517578125 69.04999542236328125 71 72.33750152587890625 75.3125 78.7312469482421875 82.5187530517578125 83.8312530517578125 85.38750457763671875 86.88124847412109375 88.7624969482421875 89.8249969482421875 89.4499969482421875 87.75624847412109375 86.5124969482421875 85.28749847412109375 83.9375 82.55625152587890625 81.2375030517578125
242.100006103515625 242.6374969482421875 238.712493896484375 232.8562469482421875 228.34375 226.15625 223.618743896484375 222.03125 220.375 217.1062469482421875 213.0749969482421875 210.931243896484375 207.8562469482421875 194.7312469482421875 175.71875 159.3249969482421875 145.8312530517578125 133.6062469482421875 122.27500152587890625 111.56874847412109375 100.03125 88.5625 78.28125 74.625 72.40625 70.5749969482421875 73.8937530517578125 75.90000152587890625 78.47499847412109375 82.2624969482421875 87.0812530517578125 91.72499847412109375 92.96250152587890625 94.15000152587890625 95.69374847412109375 97.63124847412109375 98.0124969482421875 95.8874969482421875 93.46875 91.2937469482421875 89.1687469482421875 87.4187469482421875 85.71875 84.1374969482421875
238.1750030517578125 236.5812530517578125 232.09375 226.1687469482421875 222.3625030517578125 219.962493896484375 217.6750030517578125 216.2624969482421875 215.4375 213.024993896484375 210.431243896484375 206.993743896484375 203.0812530517578125 192.8125 176.7624969482421875 161.4375 148.181243896484375 135.381256103515625 123.9875030517578125 113.1062469482421875 101.6437530517578125 90.125 80.75 77.2624969482421875 75.05625152587890625 74.3937530517578125 77.97499847412109375 81.3937530517578125 84.50624847412109375 89.72499847412109375 95.0500030517578125 100.33750152587890625 101.5124969482421875 102.46875 103.2624969482421875 103.71250152587890625 103.3312530517578125 100.68125152587890625 97.96875 95.59375 92.8000030517578125 90.6125030517578125 89.0437469482421875 87.8937530517578125
238.25 235.8125 227.350006103515625 221.5749969482421875 215.881256103515625 213.1374969482421875 210.774993896484375 209.337493896484375 208.4375 206.625 204.09375 201.0187530517578125 196.037506103515625 187.75 174.912506103515625 161.7937469482421875 149.774993896484375 137.318756103515625 125.9375 115.2312469482421875 103.84375 92.68125152587890625 83.2312469482421875 79.44374847412109375 78.0437469482421875 78.21875 82.7687530517578125 87.2937469482421875 91.55625152587890625 97.46875 103.2375030517578125 108.7937469482421875 109.875 109.7624969482421875 109.9375 109.13124847412109375 107.56874847412109375 105.0437469482421875 102.71250152587890625 99.9250030517578125 97.0500030517578125 94.49375152587890625 91.8125 90.93125152587890625
241.125 235.7624969482421875 227.1374969482421875 219.743743896484375 212.8000030517578125 209.149993896484375 207.681243896484375 205.3874969482421875 202.7937469482421875 201.0437469482421875 199.59375 196.837493896484375 192.2687530517578125 185.5 174.493743896484375 162.274993896484375 151.350006103515625 139.6875 128.6750030517578125 117.7375030517578125 106.5749969482421875 95.74375152587890625 86.3625030517578125 83.15000152587890625 82.8562469482421875 83.56874847412109375 88.61875152587890625 93.9812469482421875 99.4250030517578125 104.9812469482421875 111.19374847412109375 116.66249847412109375 117.4875030517578125 116.8312530517578125 115.59375 114.3125 112.47499847412109375 109.7624969482421875 107.90625 105.41875457763671875 102.59999847412109375 99.4499969482421875 96.34999847412109375 94.5
244.3312530517578125 236.193756103515625 226.756256103515625 217.868743896484375 210.5500030517578125 205.850006103515625 203.399993896484375 201.1999969482421875 199.0187530517578125 197.0625 194.46875 192.2624969482421875 188.4875030517578125 182.8249969482421875 173.6437530517578125 162.9562530517578125 152.6062469482421875 142.024993896484375 131.28125 120.81874847412109375 110.4375 99.9499969482421875 91.90000152587890625 89.6999969482421875 89.3562469482421875 90.02500152587890625 95.25624847412109375 101.3937530517578125 107.2375030517578125 112.72499847412109375 118.2312469482421875 123.5124969482421875 123.7687530517578125 122.03749847412109375 120.77500152587890625 119.2375030517578125 117.22499847412109375 115.1999969482421875 112.77500152587890625 111.36875152587890625 109.43125152587890625 106.01250457763671875 100.63124847412109375 97.81874847412109375
247.5124969482421875 236.9375 225.2687530517578125 215.6750030517578125 207.78125 202.431243896484375 199.125 196.5187530517578125 195.274993896484375 193.0500030517578125 190.587493896484375 188.25 185.537506103515625 180.693756103515625 172.5187530517578125 164.0124969482421875 155.350006103515625 144.649993896484375 134.34375 124.4187469482421875 114.96875 105.34999847412109375 98.11875152587890625 96.9187469482421875 96.72499847412109375 97.3874969482421875 103.18125152587890625 109.30625152587890625 115.5812530517578125 120.27500152587890625 125.34375 129.806243896484375 128.90625 126.86875152587890625 125.65000152587890625 124.0187530517578125 122.2312469482421875 120.0124969482421875 117.65000152587890625 115.6750030517578125 114.63124847412109375 110.4562530517578125 105.6750030517578125 104.46875
252.2062530517578125 240.2375030517578125 227.6125030517578125 215.2624969482421875 207.3625030517578125 202.006256103515625 198.1750030517578125 195.2687530517578125 193.6687469482421875 190.7062530517578125 188.2624969482421875 186.4812469482421875 184.3125 180.8562469482421875 173.881256103515625 166.5124969482421875 157.881256103515625 148.6374969482421875 138.5187530517578125 129.0437469482421875 120.2937469482421875 112.3000030517578125 105.75624847412109375 104.71250152587890625 105 106.36875152587890625 112.16249847412109375 118.09375 123.91249847412109375 128.399993896484375 132.5500030517578125 136.2062530517578125 135.1999969482421875 133.8125 132.5500030517578125 130.5 128.431243896484375 127.09375 123.71250152587890625 121.3000030517578125 120.11875152587890625 119.63124847412109375 117.3312530517578125 117.63124847412109375
255.5749969482421875 243.0437469482421875 229.9562530517578125 217.381256103515625 208.0625 203.1999969482421875 198.837493896484375 194.9250030517578125 191.96875 189.6750030517578125 187.3874969482421875 185.962493896484375 184.7312469482421875 180.9375 175.368743896484375 169.2937469482421875 162.5500030517578125 153.25 143.0749969482421875 135.162506103515625 127.50624847412109375 120.1875 114.1750030517578125 113.6125030517578125 113.9875030517578125 115.9375 121.3312530517578125 127.3125 132.6875 136.1750030517578125 139.6999969482421875 142.875 141.774993896484375 141.2312469482421875 139.6437530517578125 137.5500030517578125 135.912506103515625 135.5187530517578125 131.5749969482421875 125.84999847412109375 125.81874847412109375 128.743743896484375 129.6125030517578125 130.524993896484375
257.54998779296875 245.5812530517578125 232.7062530517578125 221.5749969482421875 213.1374969482421875 205.5437469482421875 200.1062469482421875 194.931243896484375 191.5124969482421875 188.65625 186.431243896484375 185.681243896484375 184.5 182.09375 178.506256103515625 173.8125 168.0437469482421875 159.212493896484375 150.2312469482421875 142.899993896484375 135.881256103515625 128.78125 122.92499542236328125 122.6750030517578125 123.97499847412109375 125.80625152587890625 130.78125 136.4499969482421875 141.2375030517578125 144.46875 147.28125 149.40625 148.7375030517578125 147.9875030517578125 147.6687469482421875 145.975006103515625 144.712493896484375 143.756256103515625 139.1374969482421875 135.4375 137.681243896484375 142.6062469482421875 145.6750030517578125 150.15625
256.5 246.40625 234.9187469482421875 225.3000030517578125 217.243743896484375 208.7687530517578125 202.3874969482421875 196.7687530517578125 192.337493896484375 188.8874969482421875 187.7624969482421875 186.649993896484375 186.3937530517578125 186.2062530517578125 183.34375 180.0500030517578125 174.9250030517578125 168.21875 160.4875030517578125 153.4562530517578125 146.65625 139.181243896484375 132.756256103515625 132.662506103515625 134.1437530517578125 135.8874969482421875 140.6374969482421875 145.78125 150.8625030517578125 153.5500030517578125 155.8937530517578125 157.712493896484375 157.399993896484375 157.03125 157.84375 157.21875 157.2312469482421875 156.350006103515625 152.806243896484375 153.8937530517578125 157.368743896484375 163.2312469482421875 169.493743896484375 177.9499969482421875
254.2375030517578125 246.318756103515625 236.5749969482421875 228.6999969482421875 220.756256103515625 212.1437530517578125 204.3249969482421875 198.493743896484375 193.399993896484375 189.0812530517578125 187.25 188.09375 189.368743896484375 189.28125 187.9250030517578125 186.2062530517578125 183.350006103515625 177.7375030517578125 171.1125030517578125 164.787506103515625 157.743743896484375 150.162506103515625 143.631256103515625 143.2624969482421875 144.6374969482421875 146.056243896484375 150.899993896484375 155.524993896484375 160.25 162.4875030517578125 164.4812469482421875 166.6437530517578125 166.993743896484375 167.381256103515625 169.100006103515625 169.8937530517578125 170.0124969482421875 169.037506103515625 169.556243896484375 173.568756103515625 177.962493896484375 185.4625091552734375 195.71875 207.9499969482421875
252.9499969482421875 246.75 238.6125030517578125 231.0124969482421875 223.993743896484375 214.9812469482421875 206.225006103515625 199.8249969482421875 192.59375 188.3937530517578125 187.3625030517578125 190.0749969482421875 192.631256103515625 194.5812530517578125 195.1062469482421875 193.6062469482421875 192.3000030517578125 187.8000030517578125 182.087493896484375 176.1999969482421875 169.59375 161.8874969482421875 154.9562530517578125 153.8562469482421875 154.381256103515625 156.0437469482421875 160.100006103515625 164.943756103515625 169.0625 171.0812530517578125 173.3312530517578125 175.3000030517578125 176.100006103515625 178.0187530517578125 179.568756103515625 180.28125 181 184.4187469482421875 187.287506103515625 191.65625 197.9499969482421875 206.056243896484375 217.4875030517578125 230.6062469482421875
251.7312469482421875 246.1125030517578125 238.875 231.537506103515625 224.8000030517578125 216.2937469482421875 207.8000030517578125 199.524993896484375 191.181243896484375 186.0437469482421875 186.8312530517578125 191.3125 196.71875 200.9187469482421875 201.65625 202.1999969482421875 200.5124969482421875 197.368743896484375 193.3874969482421875 189.25 182.681243896484375 173.9499969482421875 166.537506103515625 164.931243896484375 164.7312469482421875 165.399993896484375 169 173.46875 177.3625030517578125 178.649993896484375 181.53125 183.5437469482421875 185.524993896484375 187.975006103515625 189.15625 189.931243896484375 194.65625 198.537506103515625 201.5124969482421875 207.225006103515625 214.756256103515625 222.5124969482421875 232.6750030517578125 245.118743896484375
250.53125 246.006256103515625 239.8562469482421875 233.431243896484375 226.756256103515625 218.756256103515625 209.850006103515625 200.9375 191.0187530517578125 182.537506103515625 186.149993896484375 197.3562469482421875 203.899993896484375 207.0625 208.625 209.443756103515625 208.475006103515625 206.0812530517578125 203.256256103515625 199.631256103515625 193.149993896484375 184.6875 177.506256103515625 175.15625 174.1125030517578125 174.6437530517578125 176.9375 181.34375 184.337493896484375 186.4562530517578125 189.125 192.6437530517578125 194.943756103515625 198.2375030517578125 200.024993896484375 202.59375 207.78125 212.90625 217.25 221.5437469482421875 228.056243896484375 235.0749969482421875 244.3249969482421875 256.14373779296875
252.71875 248.193756103515625 242.1687469482421875 236.537506103515625 230.1437530517578125 222.712493896484375 214.7937469482421875 206.287506103515625 196.631256103515625 186.8249969482421875 197.5437469482421875 210.5625 213.756256103515625 215.1437530517578125 216.25 216.84375 216.0812530517578125 213.899993896484375 211.0500030517578125 206.34375 201.0625 194.0812530517578125 187.75 184.350006103515625 183.0187530517578125 183.037506103515625 184.6875 188.4562530517578125 191.4187469482421875 194.3562469482421875 195.256256103515625 198.631256103515625 202.28125 206.34375 209.3874969482421875 213.912506103515625 220.118743896484375 225.3937530517578125 231.662506103515625 237.037506103515625 240.568756103515625 247.5124969482421875 253.7062530517578125 262.162506103515625
