data/historical-monthly-weather-data/wc2.1_cruts4.09_10m_prec_1977-07.asc
ncols        51
nrows        45
xllcorner    -63.500000000000
yllcorner    -7.500000000000
cellsize     0.166666666667
NODATA_value -9999
[rows 19 to 37 of 45, columns 0 to 42 of 51]
121.40625 119.6687469482421875 114.08750152587890625 108.21875 101.80625152587890625 98.8625030517578125 91.2687530517578125 86.19374847412109375 82.63124847412109375 77.15625 72.40625 68.97499847412109375 63.46875 58.112499237060546875 51.15000152587890625 44.06874847412109375 39.08750152587890625 39.88124847412109375 35.518749237060546875 32.674999237060546875 29.924999237060546875 31.018749237060546875 33.72499847412109375 36.72499847412109375 38.5 38.27500152587890625 39.78749847412109375 43.206249237060546875 45.06874847412109375 46.606250762939453125 51.28749847412109375 59.581249237060546875 62.90625 65.77500152587890625 69.88124847412109375 77.2375030517578125 82.91249847412109375 86.8874969482421875 89.77500152587890625 88.69374847412109375 83.1750030517578125 77.34999847412109375 75.8249969482421875
108.19374847412109375 112.9562530517578125 111.9250030517578125 103.78749847412109375 95.68125152587890625 92.6687469482421875 86.9499969482421875 82.4250030517578125 78.375 74.11875152587890625 68.8874969482421875 65.78749847412109375 61.69374847412109375 56.21875 49.65625 43.637500762939453125 39.40625 37.16249847412109375 35.77500152587890625 31.799999237060546875 32.31874847412109375 33.237499237060546875 34.862499237060546875 38.237499237060546875 39.84375 39.081249237060546875 38.387500762939453125 41.331249237060546875 44.918750762939453125 47.924999237060546875 54.03749847412109375 60.387500762939453125 61.012500762939453125 64.15000152587890625 68.13124847412109375 73.9875030517578125 79.40000152587890625 81.41249847412109375 81.90625 80.38124847412109375 77.53749847412109375 75.03749847412109375 72.05625152587890625
103.3312530517578125 101.7062530517578125 102.22499847412109375 97.8562469482421875 92.0437469482421875 85.61875152587890625 80.8000030517578125 76.65625 73.80625152587890625 70.09999847412109375 66.6125030517578125 61.94374847412109375 57.674999237060546875 55.268749237060546875 51.03749847412109375 45.125 42.049999237060546875 38.74375152587890625 36.38124847412109375 33.737499237060546875 32.41249847412109375 33.043750762939453125 34.59375 35.950000762939453125 36.424999237060546875 36.450000762939453125 39.33750152587890625 40.77500152587890625 45.825000762939453125 50.96875 55.21250152587890625 59.08750152587890625 60.00624847412109375 61.72499847412109375 63.512500762939453125 69.5749969482421875 74.28125 76.4562530517578125 77.0812530517578125 76.34375 74.4812469482421875 72.7937469482421875 70.7624969482421875
98.3125 101.4499969482421875 99.38124847412109375 93.5437469482421875 87.03749847412109375 82.0187530517578125 73.6687469482421875 69.7937469482421875 68.33750152587890625 67.8874969482421875 65.53749847412109375 61.331249237060546875 58.84375 55.75624847412109375 52.625 48.53749847412109375 43.46875 39.09375 36.03749847412109375 34.18125152587890625 34.61875152587890625 33.94374847412109375 34.081249237060546875 35.081249237060546875 36.63124847412109375 36.137500762939453125 37.581249237060546875 40.84375 44.325000762939453125 48.30625152587890625 52.487499237060546875 57.106250762939453125 57.424999237060546875 57.31874847412109375 59.59999847412109375 62.75624847412109375 67.8125 69.1062469482421875 71.5187530517578125 72.5500030517578125 71.7624969482421875 69.0187530517578125 67.53749847412109375
90.15000152587890625 95.93125152587890625 96.3562469482421875 89.8249969482421875 83.1750030517578125 77.03125 73.18125152587890625 68.3000030517578125 65.0187530517578125 62.50624847412109375 61.168750762939453125 61.512500762939453125 59.46250152587890625 57.625 52.981250762939453125 48.84999847412109375 43.46250152587890625 40.53749847412109375 37.112499237060546875 35.74375152587890625 34.75 35.03749847412109375 34.78125 36.731250762939453125 37.78125 36.950000762939453125 39.299999237060546875 40.34999847412109375 42.91249847412109375 46.356250762939453125 50.40625 54.1875 53.3125 52.149997711181640625 55.325000762939453125 56.625 61.43125152587890625 64.63124847412109375 66.9187469482421875 67.68125152587890625 67.86875152587890625 65.8249969482421875 64.9812469482421875
84.9875030517578125 91.72499847412109375 93.33750152587890625 87.71875 81.5 74.5437469482421875 70.4562530517578125 66.2312469482421875 63.19374847412109375 62.174999237060546875 61.012500762939453125 58.393749237060546875 59.0625 57.143749237060546875 52.362499237060546875 47.237499237060546875 43.25624847412109375 40.81874847412109375 38.125 36.05625152587890625 35.643749237060546875 35.28749847412109375 36.375 37.299999237060546875 37.100002288818359375 38.231250762939453125 38.49375152587890625 39.53125 41.08750152587890625 44.13124847412109375 45.856250762939453125 47.768749237060546875 48.5625 48.03749847412109375 48.78125 51.518749237060546875 56.112499237060546875 58.40625 61.375 63.19374847412109375 62.918750762939453125 62.5 62.27500152587890625
84.7062530517578125 91.11875152587890625 87.8937530517578125 83.7687530517578125 77.6125030517578125 72.0124969482421875 67.9875030517578125 63.86875152587890625 60.41249847412109375 57.1875 58.80625152587890625 57.91249847412109375 56.137500762939453125 55.11875152587890625 51.331249237060546875 47.143749237060546875 42.94374847412109375 40.512500762939453125 38.331249237060546875 35.86875152587890625 36.34375 36.174999237060546875 36.918750762939453125 37.856250762939453125 37.362499237060546875 37.11875152587890625 38.075000762939453125 38.46250152587890625 38.856250762939453125 40.25624847412109375 41.481250762939453125 42.3125 42.09999847412109375 42.47499847412109375 44.5625 47.299999237060546875 50.97499847412109375 54.15000152587890625 56.799999237060546875 58.68125152587890625 60.362499237060546875 58.96875 58.31874847412109375
79.81874847412109375 82.8000030517578125 82.53125 79.8312530517578125 74.52500152587890625 70.2624969482421875 66.91249847412109375 62.59375 58.143749237060546875 58.22499847412109375 58.706249237060546875 58.012500762939453125 56.887500762939453125 54.75624847412109375 50.71250152587890625 47.86875152587890625 43.9375 40.65625 38.8125 36.924999237060546875 36.125 35.96250152587890625 36.9375 38.74375152587890625 37.44374847412109375 35.887500762939453125 36.612499237060546875 37.40000152587890625 37.91249847412109375 37.53125 38.762500762939453125 37.831249237060546875 37.012500762939453125 39.21250152587890625 40.36875152587890625 43.68125152587890625 45.65625 48.5625 51.625 54.28749847412109375 57.11875152587890625 56.6875 55.450000762939453125
75.3874969482421875 75.3874969482421875 75.4562530517578125 75.15625 71.3125 67.8937530517578125 64.84999847412109375 60.75624847412109375 58.22499847412109375 57.5 56.97499847412109375 55.737499237060546875 55.21250152587890625 53.90625 49.84999847412109375 46.58750152587890625 43.46250152587890625 40.78125 37.83750152587890625 36.40625 36.46875 35.61875152587890625 34.84999847412109375 36.375 36.200000762939453125 35.012500762939453125 35.66249847412109375 36.387500762939453125 36.81874847412109375 37.137500762939453125 37.299999237060546875 37.143749237060546875 36.137500762939453125 36.00624847412109375 37.09375 39.71250152587890625 41.41249847412109375 44.24375152587890625 47.53749847412109375 51.40625 54.03125 55.56874847412109375 53.299999237060546875
70.2624969482421875 70.36875152587890625 71.6437530517578125 68.78125 67.15000152587890625 63.325000762939453125 60.237499237060546875 58.11875152587890625 55.918750762939453125 55.77500152587890625 54.90000152587890625 53.99375152587890625 53.94374847412109375 53.575000762939453125 50 46.66249847412109375 44.18125152587890625 40.34999847412109375 37.981250762939453125 36.40625 35.668750762939453125 34.56874847412109375 33.956249237060546875 34.53749847412109375 34.575000762939453125 33.924999237060546875 34.612499237060546875 35.36875152587890625 36.81874847412109375 37.018749237060546875 36.518749237060546875 36.36875152587890625 34.83750152587890625 33.893749237060546875 34.362499237060546875 36.481250762939453125 38.125 40.53125 43.456249237060546875 45.862499237060546875 49.575000762939453125 49.700000762939453125 49.09375
65.33750152587890625 67.53749847412109375 67.8312530517578125 65.7624969482421875 63.125 60.5 57.28125 56.5 55.543750762939453125 54.44374847412109375 53.6875 54.02500152587890625 53.893749237060546875 52.668750762939453125 49.674999237060546875 46.8125 43.83750152587890625 41.106250762939453125 38.174999237060546875 36.125 35.612499237060546875 34.27500152587890625 33.575000762939453125 33.387500762939453125 33.61875152587890625 33.418750762939453125 33.86875152587890625 34.856250762939453125 36.21875 35.94374847412109375 35.58750152587890625 34.924999237060546875 33.237499237060546875 32.362499237060546875 32.075000762939453125 33.36875152587890625 35.737499237060546875 36.96875 38.27500152587890625 40.46250152587890625 43.81874847412109375 44.43125152587890625 43.956249237060546875
62.02500152587890625 63.84999847412109375 61.825000762939453125 62.30625152587890625 61.331249237060546875 59.52500152587890625 56.481250762939453125 54.706249237060546875 54 53.375 53.174999237060546875 52.9375 54.09999847412109375 51.825000762939453125 48.737499237060546875 46.674999237060546875 45.21875 41.15000152587890625 37.481250762939453125 36.337497711181640625 35.88124847412109375 34.40000152587890625 33.125 32.331249237060546875 32.09375 32.97499847412109375 33.50624847412109375 33.81874847412109375 34.25 34.41249847412109375 34.075000762939453125 33.8125 32.38124847412109375 31.568750381469726562 30.912500381469726562 31.162500381469726562 32.4375 34.15625 34.34999847412109375 34.700000762939453125 36.768749237060546875 38.38124847412109375 38.200000762939453125
58.71875 58.106250762939453125 56.59999847412109375 56.3125 56.918750762939453125 56.24375152587890625 54.987499237060546875 53.11875152587890625 52.981250762939453125 51.731250762939453125 51.84375 52.81874847412109375 52.65000152587890625 52.487499237060546875 49.987499237060546875 47.77500152587890625 45.674999237060546875 41.668750762939453125 37.625 36.58750152587890625 35.13124847412109375 33.825000762939453125 32.106250762939453125 31.299999237060546875 31.725000381469726562 31.700000762939453125 32.36875152587890625 33.34375 33.018749237060546875 33.043750762939453125 33.174999237060546875 32.700000762939453125 31.043750762939453125 30.087499618530273438 29.618749618530273438 29.299999237060546875 30.306249618530273438 29.893749237060546875 30.012500762939453125 31.037500381469726562 32.44374847412109375 32.81874847412109375 32.575000762939453125
55.19374847412109375 54.012500762939453125 52.018749237060546875 51.543750762939453125 52.34375 51.99375152587890625 51.80625152587890625 51.012500762939453125 49.77500152587890625 50.606250762939453125 51.90000152587890625 51.58750152587890625 52.125 52.96250152587890625 51.237499237060546875 48.30625152587890625 45.331249237060546875 43.06874847412109375 39.96250152587890625 38.40000152587890625 36.450000762939453125 34.33750152587890625 32.11875152587890625 31.712499618530273438 32.28125 31.924999237060546875 32.887500762939453125 33.043750762939453125 33.356250762939453125 32.575000762939453125 32.137500762939453125 31.206249237060546875 29.206249237060546875 28.356250762939453125 28.268749237060546875 28.431249618530273438 27.774999618530273438 27.174999237060546875 27.168750762939453125 28.493749618530273438 29.337499618530273438 29.762500762939453125 28.556249618530273438
51.762500762939453125 50.71875 49.84375 49.487499237060546875 49.15000152587890625 47.706249237060546875 47.58750152587890625 46.30625152587890625 47.33750152587890625 47.362499237060546875 48.99375152587890625 50.424999237060546875 51.924999237060546875 52.012500762939453125 50.637500762939453125 47.78749847412109375 45.90000152587890625 43.40625 40.487499237060546875 38.66249847412109375 37.25 34.375 32.9375 32.637500762939453125 32.137500762939453125 31.543750762939453125 32.25624847412109375 33.018749237060546875 33.112499237060546875 32.24375152587890625 31.393749237060546875 29.96875 28 27.431249618530273438 27.012498855590820312 26.5 25.274999618530273438 24.774999618530273438 25.243749618530273438 25.712499618530273438 26.350000381469726562 26.918750762939453125 26.837499618530273438
49.09375 46.706249237060546875 47.137500762939453125 46.56874847412109375 46.799999237060546875 45.643749237060546875 44.52500152587890625 43.481250762939453125 42.9375 43.5 45.893749237060546875 48.97499847412109375 52.549999237060546875 53.65000152587890625 51.043750762939453125 48.637500762939453125 46.512500762939453125 43.674999237060546875 41.53749847412109375 38.950000762939453125 37.450000762939453125 35.731250762939453125 33.768749237060546875 33.112499237060546875 32.362499237060546875 31.4375 32.03125 32.612499237060546875 32.512500762939453125 30.006250381469726562 29.006250381469726562 28.493749618530273438 27.09375 26.231250762939453125 25.100000381469726562 24.424999237060546875 23.706249237060546875 23.606250762939453125 23.362501144409179688 23.056249618530273438 23.068750381469726562 22.962499618530273438 23.837499618530273438
45.862499237060546875 44.55625152587890625 45.40625 44.03749847412109375 43.90000152587890625 42.575000762939453125 41.768749237060546875 40.706249237060546875 40.049999237060546875 39.93125152587890625 42.231250762939453125 46.393749237060546875 51.581249237060546875 51.643749237060546875 50.674999237060546875 48.78749847412109375 47.200000762939453125 44.09375 41.174999237060546875 39.02500152587890625 36.15625 35.549999237060546875 33.418750762939453125 32.487499237060546875 31.193750381469726562 31.393751144409179688 31.774999618530273438 32.16249847412109375 31.799999237060546875 29.393749237060546875 28.118749618530273438 27.681249618530273438 26.143749237060546875 25.34375 24.28125 23.112499237060546875 22.568750381469726562 22.112499237060546875 22.299999237060546875 21.975000381469726562 21.256250381469726562 21.306249618530273438 21.024999618530273438
42.325000762939453125 42.1875 42.46250152587890625 40.99375152587890625 40.78125 40.450000762939453125 39.65000152587890625 38.549999237060546875 37.34999847412109375 35.831249237060546875 38.674999237060546875 43.768749237060546875 48.03749847412109375 48.799999237060546875 49.043750762939453125 48.075000762939453125 46.418750762939453125 43.0625 40.262500762939453125 38.43125152587890625 35.65000152587890625 33.924999237060546875 32.331249237060546875 31.981250762939453125 30.756250381469726562 30.556249618530273438 30.881250381469726562 30.831249237060546875 30.399999618530273438 28.924999237060546875 27.325000762939453125 26.100000381469726562 24.5625 23.799999237060546875 22.818750381469726562 21.412500381469726562 20.725000381469726562 20.975000381469726562 21.262500762939453125 20.556249618530273438 19.581249237060546875 19.512500762939453125 19.106250762939453125
38.31874847412109375 38.96250152587890625 38.28125 38.34999847412109375 38.21875 37.91249847412109375 37.41249847412109375 36.46875 35.52500152587890625 33.59999847412109375 38.84999847412109375 43.4375 45.65000152587890625 46.77500152587890625 47.668750762939453125 47.162502288818359375 44.481250762939453125 42.74375152587890625 39.49375152587890625 37.612499237060546875 35.55625152587890625 33.59375 31.450000762939453125 31.181249618530273438 30.59375 30.149999618530273438 29.993749618530273438 29.856250762939453125 29.424999237060546875 27.549999237060546875 24.912500381469726562 24.075000762939453125 22.731250762939453125 22.168750762939453125 20.768749237060546875 19.306249618530273438 19.46875 19.424999237060546875 19.568750381469726562 19.068750381469726562 18.25 18.59375 18.018749237060546875
