data/historical-monthly-weather-data/wc2.1_cruts4.09_10m_prec_2006-08.asc
ncols        51
nrows        45
xllcorner    -63.500000000000
yllcorner    -7.500000000000
cellsize     0.166666666667
NODATA_value -9999
[rows 0 to 18 of 45, columns 0 to 43 of 51]
80.9875030517578125 77.80625152587890625 77.27500152587890625 79.1999969482421875 81.86875152587890625 86.8125 89.65625 93.6062469482421875 98.00624847412109375 101.3937530517578125 101.9187469482421875 105.1125030517578125 109.6875 112.22499847412109375 116.7687530517578125 118.74375152587890625 122.08750152587890625 124.3874969482421875 126.16249847412109375 130.5500030517578125 130.8625030517578125 128.9375 127.25 125.75624847412109375 123.0187530517578125 120.6062469482421875 121.41249847412109375 123.7375030517578125 120 117.90625 111.56874847412109375 109.27500152587890625 107.81874847412109375 104.21875 102.24375152587890625 102.2312469482421875 101.3000030517578125 101.75624847412109375 103.3562469482421875 104.0812530517578125 105.53125 108.8125 109.7937469482421875 110.58750152587890625
78.30625152587890625 74.22499847412109375 74.77500152587890625 76.24375152587890625 78.7624969482421875 82.27500152587890625 83.25624847412109375 86.09375 90.1999969482421875 93.00624847412109375 94.1875 97.9875030517578125 100.22499847412109375 101.59375 105.1750030517578125 109.4562530517578125 111.78125 115.2937469482421875 119.35625457763671875 123.91249847412109375 123.86875152587890625 121.6437530517578125 119.875 119.2375030517578125 116.24375152587890625 112.80625152587890625 115.40625 116.18125152587890625 112.9187469482421875 109.28125 105.63124847412109375 102.38124847412109375 100.9562530517578125 99.99375152587890625 98.02500152587890625 97.5625 95.34375 97.53749847412109375 98.1437530517578125 98.8562469482421875 102.55625152587890625 104.5 107.2312469482421875 109.28749847412109375
77.625 75.40625 76.05625152587890625 77.55625152587890625 79.08750152587890625 80.8312530517578125 81.50624847412109375 82.6062469482421875 84.5437469482421875 85.99375152587890625 87.65625 90.6750030517578125 92.1374969482421875 92.06874847412109375 95.15625 98.7375030517578125 101.6750030517578125 104.15000152587890625 106.9375 108.77500152587890625 109.5 109.27500152587890625 107.8000030517578125 108.30625152587890625 104.9250030517578125 103.3562469482421875 107.0437469482421875 106.6875 104.1687469482421875 101.7375030517578125 97.19374847412109375 94.30625152587890625 93.3874969482421875 93.3625030517578125 90.86875152587890625 88.6750030517578125 88.40000152587890625 90.4187469482421875 90.8000030517578125 93.21250152587890625 98.1875 101.11875152587890625 105.40000152587890625 107.00624847412109375
77.3625030517578125 74.84999847412109375 76.1750030517578125 77.5500030517578125 77.5124969482421875 77.7687530517578125 77.8312530517578125 77.91249847412109375 80.1374969482421875 80.65625 80.3562469482421875 81.66249847412109375 82.9875030517578125 82.74375152587890625 85.56874847412109375 88.59375 91.75 93.47499847412109375 95.08750152587890625 98.3874969482421875 97.9875030517578125 96.34999847412109375 94.68125152587890625 95.81874847412109375 94.1687469482421875 93.1125030517578125 96.2624969482421875 94.6125030517578125 93.5500030517578125 91.9187469482421875 88.6125030517578125 85.11875152587890625 83.0625 81.8937530517578125 80.53749847412109375 80.3625030517578125 82.49375152587890625 83.68125152587890625 83.53125 87.6062469482421875 91.61875152587890625 96.96250152587890625 101.24375152587890625 104.97499847412109375
84.1125030517578125 79.7062530517578125 75.86875152587890625 75.1437530517578125 75.7375030517578125 74.75 73.3125 73.9250030517578125 76.13124847412109375 75.8937530517578125 74.03125 74.21875 74.81874847412109375 75.0124969482421875 77.22499847412109375 80.3249969482421875 82.3937530517578125 82.46875 82.8625030517578125 85.5 86.7937469482421875 83.99375152587890625 82.9375 85.59999847412109375 83.7624969482421875 82.80625152587890625 84.13124847412109375 85.7937469482421875 85.31874847412109375 82.0500030517578125 80.91249847412109375 77.24375152587890625 76.21250152587890625 75.6750030517578125 74.59375 73.71875 74.6125030517578125 76.18125152587890625 76.53749847412109375 79.4375 85.8000030517578125 91.03749847412109375 97.59375 101.6875
88.27500152587890625 83.8937530517578125 78.80625152587890625 73.19374847412109375 73.21250152587890625 74.9562530517578125 73.86875152587890625 72.6875 74.50624847412109375 73.69374847412109375 70.28749847412109375 70.0187530517578125 70.78125 70.97499847412109375 72.2375030517578125 74.5500030517578125 75.03125 73.21875 73.3312530517578125 74.61875152587890625 75.90000152587890625 75.34999847412109375 75.125 75.03749847412109375 75.4250030517578125 75.5124969482421875 76.8562469482421875 77.86875152587890625 78.25 74.65625 73.3937530517578125 71.78749847412109375 69.71875 69.36875152587890625 67.375 68.0625 68.0625 68.1062469482421875 69.75624847412109375 73.9187469482421875 78.1437530517578125 84.0437469482421875 90.59375 97.06874847412109375
92.7624969482421875 89.3000030517578125 84.1875 78.77500152587890625 75.7062530517578125 73.77500152587890625 71.8562469482421875 70.08750152587890625 68.15000152587890625 67.25 65.40625 65.75 67.3000030517578125 67.50624847412109375 68.6999969482421875 69.91249847412109375 69.53125 67.0437469482421875 65.0437469482421875 65.63124847412109375 66.4187469482421875 67.0187530517578125 67.375 68.25 68.55625152587890625 69.3874969482421875 70.4499969482421875 70.84375 69.73749542236328125 68.49375152587890625 66.68125152587890625 64.5187530517578125 63.78749847412109375 63.1875 61.8125 61.65625 60.950000762939453125 61.28125 63.58750152587890625 67.63124847412109375 71.41249847412109375 76.8125 83.8562469482421875 91.5187530517578125
97.53125 93.1062469482421875 89.40000152587890625 84.6875 81.9250030517578125 79.22499847412109375 73.02500152587890625 64.99375152587890625 60.637500762939453125 59.799999237060546875 60.918750762939453125 61.96875 63.325000762939453125 63.96250152587890625 64.8312530517578125 65.0124969482421875 64.4499969482421875 61.13124847412109375 57.912502288818359375 56.78749847412109375 58.5 59.71875 59.887500762939453125 60.78749847412109375 62.47499847412109375 62.712497711181640625 63.28125 63.96250152587890625 63.649997711181640625 61.16249847412109375 60.78125 58.837497711181640625 57.293750762939453125 57.16249847412109375 55.012500762939453125 54.512500762939453125 53.96250152587890625 53.84999847412109375 55.33750152587890625 58.15000152587890625 62.143749237060546875 67.6125030517578125 73.80625152587890625 80.03749847412109375
101.44374847412109375 97.13124847412109375 93.96250152587890625 88.50624847412109375 84.76250457763671875 80.59375 74.94374847412109375 67.75 60.58750152587890625 56.887500762939453125 57.44374847412109375 58.924999237060546875 62.075000762939453125 62.706249237060546875 62.075000762939453125 60.78125 60.043750762939453125 57.200000762939453125 55.331249237060546875 52.862499237060546875 53.81874847412109375 55.40000152587890625 55.456249237060546875 58.00624847412109375 59.081249237060546875 58.4375 57.69374847412109375 59.09999847412109375 58.956249237060546875 56.81874847412109375 56.512500762939453125 53.74375152587890625 51.41249847412109375 49.56874847412109375 48.21875 48.706249237060546875 48.75 48.84375 49.65000152587890625 51.86875152587890625 54.706249237060546875 58.112499237060546875 62.15625 66.44374847412109375
104.21250152587890625 100.125 96.1875 91.8937530517578125 87.9812469482421875 83.4250030517578125 79.0437469482421875 71.5812530517578125 65.06874847412109375 62.125 60.38124847412109375 59.6875 62.200000762939453125 63.03125 60.168750762939453125 57.643749237060546875 54.97499847412109375 53.34375 51.65625 50.143749237060546875 51.00624847412109375 51.46875 51.375 53.61875152587890625 54.293750762939453125 53.65000152587890625 53.16249847412109375 53.768749237060546875 52.893749237060546875 50.96875 49.44374847412109375 47.52500152587890625 46.625 45.65000152587890625 44.862499237060546875 44.9375 44.38124847412109375 44.018749237060546875 45.168750762939453125 46.80625152587890625 48.55625152587890625 50.22499847412109375 52.325000762939453125 53.84999847412109375
108.7312469482421875 104.28749847412109375 99.00624847412109375 94.24375152587890625 90.9875030517578125 87.8562469482421875 83.125 74.55625152587890625 68.71250152587890625 64.8312530517578125 63.46875 62.59999847412109375 62.887500762939453125 62.424999237060546875 57.674999237060546875 53.31874847412109375 50.043750762939453125 49.043750762939453125 47.668750762939453125 47.0625 49.356250762939453125 49.77500152587890625 49.331249237060546875 49.6875 51.393749237060546875 51 50.58750152587890625 50.081249237060546875 47.987499237060546875 45.59999847412109375 44.96250152587890625 43.55625152587890625 43.450000762939453125 42.72499847412109375 41.237499237060546875 40.700000762939453125 39.987499237060546875 39.94374847412109375 40.424999237060546875 41.16249847412109375 41.875 42.96875 44.8125 45.11875152587890625
111.21250152587890625 106.9562530517578125 101.65000152587890625 97.5500030517578125 94.5749969482421875 91.66249847412109375 87.75 80.21875 73.93125152587890625 69.53749847412109375 67.24375152587890625 65.125 62.78749847412109375 59.90000152587890625 56.856250762939453125 52.40625 48.65000152587890625 46.93125152587890625 46.21875 46.46875 48.66249847412109375 49.075000762939453125 48.706249237060546875 49.22499847412109375 49.418750762939453125 46.50624847412109375 45.737499237060546875 45.58750152587890625 44.03749847412109375 42.36875152587890625 41.31874847412109375 41 39.950000762939453125 39.11875152587890625 38.46250152587890625 38.5625 38.012500762939453125 37.40000152587890625 36.56874847412109375 35.875 36.174999237060546875 36.94374847412109375 37.77500152587890625 36.21250152587890625
112.53125 106.90625 102.34999847412109375 97.34999847412109375 95.18125152587890625 91.9812469482421875 86.7062530517578125 81.1062469482421875 75.4812469482421875 71.97499847412109375 69.71875 66.7687530517578125 62.38124847412109375 57.13124847412109375 52.9375 49.55625152587890625 45.84375 45.03125 44.27500152587890625 43.762500762939453125 46.049999237060546875 46.549999237060546875 46.237499237060546875 45.262500762939453125 42.887500762939453125 40.637500762939453125 41.25624847412109375 41.487499237060546875 41.53125 40.33750152587890625 39.049999237060546875 38.262500762939453125 38 36.18125152587890625 35.856250762939453125 36.737499237060546875 37.78749847412109375 36.893749237060546875 36.25624847412109375 33.862499237060546875 31.412500381469726562 32.61875152587890625 32.68125152587890625 30.706249237060546875
112.5749969482421875 105.6999969482421875 100.5625 97 93.84999847412109375 90.06874847412109375 85.46250152587890625 81.5187530517578125 76.4187469482421875 73.33750152587890625 70.25 65.25 60.49375152587890625 54.90000152587890625 48.52500152587890625 46.125 43.31874847412109375 42.43125152587890625 40.581249237060546875 39.768749237060546875 41.68125152587890625 41.97499847412109375 41.575000762939453125 41.11875152587890625 39.59375 38.268749237060546875 38.6875 39.112499237060546875 39.206249237060546875 38.66249847412109375 38.081249237060546875 36.65000152587890625 36.05625152587890625 34.75624847412109375 35.174999237060546875 37.11875152587890625 38.43125152587890625 39.40625 39.09375 35.66249847412109375 29.84375 28.268749237060546875 29.568750381469726562 31.8125
110.3937530517578125 104.8249969482421875 99.0812530517578125 94.50624847412109375 91.83750152587890625 88.28749847412109375 84.06874847412109375 79.69374847412109375 75.0500030517578125 72.25624847412109375 68.21875 63.81874847412109375 58.90000152587890625 52.78125 46.612499237060546875 43.043750762939453125 40.706249237060546875 39.331249237060546875 38.137500762939453125 37.768749237060546875 39.31874847412109375 39.71875 39.581249237060546875 39.99375152587890625 39.65625 39.168750762939453125 38.956249237060546875 38.72499847412109375 38.15625 37.47499847412109375 36.49375152587890625 35.768749237060546875 35.30625152587890625 34.83750152587890625 34.72499847412109375 37 39.77500152587890625 43.86875152587890625 44.78749847412109375 40.30625152587890625 36.424999237060546875 34.387500762939453125 35.33750152587890625 35.15000152587890625
106.4250030517578125 101.7062530517578125 97.13124847412109375 92.83750152587890625 89.3937530517578125 86.96875 83.3874969482421875 78.1062469482421875 74.06874847412109375 70.93125152587890625 67.09375 61.8125 56.28125 50.59375 45.143749237060546875 39.956249237060546875 37.762500762939453125 36.75624847412109375 35.725002288818359375 35.75 36.9375 37.83750152587890625 38.80625152587890625 40.299999237060546875 40.61875152587890625 39.981250762939453125 39.58750152587890625 38.47499847412109375 37.44374847412109375 37.03125 36.69374847412109375 35.96875 34.893749237060546875 34.4375 34.924999237060546875 39.71875 43.80625152587890625 47.96250152587890625 50.15625 48.581249237060546875 46.28749847412109375 43.19374847412109375 40.4375 37.512500762939453125
104.6374969482421875 100.25 95.27500152587890625 91.5500030517578125 87.13124847412109375 85.3562469482421875 82.81874847412109375 78.68125152587890625 73.6125030517578125 70.65625 66.96875 60.63124847412109375 54.93125152587890625 49.25 43.90625 38.99375152587890625 34.549999237060546875 33.25624847412109375 33.33750152587890625 33.856250762939453125 34.3125 35.91249847412109375 37.96875 41.09999847412109375 42.387500762939453125 41.18125152587890625 39.393749237060546875 38.106250762939453125 36.362499237060546875 35.65625 36.15000152587890625 36.831249237060546875 36.71875 36.71250152587890625 41.043750762939453125 45.83750152587890625 50.09999847412109375 56.081249237060546875 60.21875 56.5 52.325000762939453125 47.00624847412109375 42.08750152587890625 39.3125
100.2937469482421875 97.11875152587890625 93.15625 90.21250152587890625 86.2062530517578125 84.69374847412109375 80.88124847412109375 77.3000030517578125 72.90000152587890625 69.50624847412109375 65.96875 60.34999847412109375 53.668750762939453125 47.68125152587890625 42.700000762939453125 37.899997711181640625 33.56874847412109375 30.4375 31.418748855590820312 31.362501144409179688 32.52500152587890625 34.30625152587890625 37.262500762939453125 40.46250152587890625 42.825000762939453125 42.137500762939453125 40.799999237060546875 38.91249847412109375 36.375 35.05625152587890625 33.799999237060546875 33.893749237060546875 38.40000152587890625 43.09375 46.200000762939453125 51.94374847412109375 57.56874847412109375 61.924999237060546875 63.125 60.47499847412109375 53.43125152587890625 48.50624847412109375 43.86875152587890625 41.08750152587890625
95.90625 93.28749847412109375 90.43125152587890625 88.15000152587890625 85.61875152587890625 83.28749847412109375 80.31874847412109375 76.53749847412109375 74.0187530517578125 71.28125 67.28749847412109375 59.625 53.34999847412109375 47.75624847412109375 41.88124847412109375 37.793750762939453125 33.375 29.693750381469726562 28.84375 29.506250381469726562 32.387500762939453125 37.46875 35.168750762939453125 38.706249237060546875 41.15000152587890625 42.59999847412109375 42.03125 39.52500152587890625 37.700000762939453125 34.75624847412109375 33.00624847412109375 35.143749237060546875 40.737499237060546875 44.72499847412109375 48.799999237060546875 54.418750762939453125 57.71875 59.112499237060546875 60.49375152587890625 57.418750762939453125 53.08750152587890625 48.643749237060546875 44.424999237060546875 41.24375152587890625
