data/historical-monthly-weather-data/wc2.1_cruts4.09_10m_prec_2014-02.asc
ncols        51
nrows        45
xllcorner    -63.500000000000
yllcorner    -7.500000000000
cellsize     0.166666666667
NODATA_value -9999
[rows 20 to 39 of 45, columns 0 to 44 of 51]
248.368743896484375 250.9375 254.962493896484375 259.54998779296875 266.88751220703125 274.39373779296875 282.693756103515625 291.01251220703125 299.0625 305.943756103515625 311.600006103515625 319.90625 329.51251220703125 337.756256103515625 325.5625 304.46875 286.625 273.368743896484375 267.662506103515625 263.39373779296875 264.006256103515625 264.274993896484375 263.96875 267.9375 273.14373779296875 279.443756103515625 288.337493896484375 297.600006103515625 307.899993896484375 316.443756103515625 317.818756103515625 312.07501220703125 297.13751220703125 276.23748779296875 256.868743896484375 281.17498779296875 323.09375 359.79376220703125 387.15625 405.48748779296875 414.918731689453125 416.98126220703125 419.087493896484375 419.86248779296875 416.09375
238.787506103515625 243.118743896484375 248.2375030517578125 255.181243896484375 262.350006103515625 270.931243896484375 279.90625 288.88751220703125 297 301.649993896484375 303.862518310546875 306.6187744140625 309.881256103515625 311.368743896484375 306.67498779296875 295.225006103515625 283.13751220703125 273.087493896484375 266.350006103515625 261.899993896484375 259.350006103515625 258.399993896484375 259.912506103515625 264.11248779296875 270.368743896484375 278.631256103515625 289.399993896484375 300.037506103515625 312.13751220703125 322.4375 327.493743896484375 323.149993896484375 311.83123779296875 299.03125 292.48748779296875 311.100006103515625 343.73126220703125 373.006256103515625 393.48748779296875 407.25 416.1875 419.16876220703125 420.5 420.21875 417.45623779296875
232.681243896484375 238.756256103515625 243.6062469482421875 250.8312530517578125 258.056243896484375 268.068756103515625 276.274993896484375 286.024993896484375 294.76873779296875 295.89373779296875 293.556243896484375 290.59375 287.850006103515625 287.90625 288.662506103515625 284.38751220703125 276.98748779296875 270.006256103515625 263.35626220703125 257.38751220703125 254.5749969482421875 252.337493896484375 252.368743896484375 256.850006103515625 264.98126220703125 275.41876220703125 287.243743896484375 299.649993896484375 314.14373779296875 326.931243896484375 336.13751220703125 339.34375 331.743743896484375 326.65625 332.21875 352.17498779296875 375.524993896484375 394.70001220703125 406.681243896484375 412.631256103515625 418.100006103515625 420.381256103515625 421.04376220703125 420.79376220703125 419.04998779296875
228.8125 234.3249969482421875 239.6125030517578125 245.5124969482421875 253.024993896484375 263.21875 272.756256103515625 281.29376220703125 288.868743896484375 287.96875 284.29376220703125 279.3125 271.32501220703125 273.57501220703125 277.225006103515625 275.92498779296875 271.537506103515625 267.04376220703125 261.01251220703125 254.625 250.243743896484375 246.5500030517578125 245.006256103515625 249.6750030517578125 258.51251220703125 268.13751220703125 282.29998779296875 297.162506103515625 312.29376220703125 326.899993896484375 338.662506103515625 345.09375 344.649993896484375 347.36248779296875 359.86248779296875 383.36248779296875 402.45623779296875 411.443756103515625 416.03125 418.118743896484375 421.475006103515625 421.60626220703125 422.16876220703125 423.0625 424.306243896484375
229.0749969482421875 232.40625 236.8625030517578125 243.024993896484375 251.1875 259.45623779296875 268.26251220703125 275.67498779296875 280.01873779296875 280.28125 277.66876220703125 273.84375 270.225006103515625 270.443756103515625 271.41876220703125 271.36248779296875 269.412506103515625 265.46875 259.79998779296875 253.100006103515625 247.7312469482421875 241.681243896484375 237.5625 241.09375 249.368743896484375 262.96875 277.23126220703125 293.931243896484375 309.600006103515625 323.66876220703125 334.66876220703125 342.024993896484375 348.95001220703125 357.837493896484375 372.16876220703125 390.20001220703125 406.23126220703125 414.243743896484375 417.399993896484375 419.23126220703125 421.912506103515625 421.587493896484375 422.875 426.46875 427.28125
235.068756103515625 236.7375030517578125 238.8625030517578125 243.8625030517578125 250.65625 258.100006103515625 264.618743896484375 270.64373779296875 273.993743896484375 274.79376220703125 273.45001220703125 272.01873779296875 271.32501220703125 270.5 271.08123779296875 270.412506103515625 268.899993896484375 265.193756103515625 260.506256103515625 253.693756103515625 246.53125 237.6750030517578125 230.3874969482421875 231.274993896484375 242.2687530517578125 257.64373779296875 275.131256103515625 290.98748779296875 307.07501220703125 319.25 329.149993896484375 337.600006103515625 348.07501220703125 360.23748779296875 374.78125 389.88751220703125 403.5625 412.850006103515625 414.38751220703125 416.806243896484375 419.86248779296875 420.23126220703125 421.03125 425.41876220703125 430.75
243.15625 243.0749969482421875 243.899993896484375 248.1999969482421875 252.6374969482421875 257.57501220703125 263.07501220703125 266.70623779296875 269.85626220703125 272.056243896484375 272.86248779296875 272.92498779296875 273.70001220703125 274.25 274.243743896484375 274.318756103515625 272.587493896484375 269.087493896484375 263.837493896484375 256.45001220703125 247.8874969482421875 238.125 227.9812469482421875 226.8249969482421875 240.4562530517578125 256.34375 273.20623779296875 289.03125 303.57501220703125 315.131256103515625 325.3125 332.912506103515625 345.23748779296875 361.45623779296875 374.89373779296875 389.368743896484375 402.36248779296875 410.59375 413.61248779296875 415.65625 418.0625 417.95623779296875 418.556243896484375 422.61248779296875 433.03125
251.875 249.4562530517578125 250 252.337493896484375 254.743743896484375 257.3125 261.75 265.768768310546875 268.67498779296875 271.73126220703125 272.993743896484375 274.212493896484375 275.6875 276.96875 277.75 278.4375 276.89373779296875 274.75 269.21875 262.38751220703125 254.1437530517578125 244.2687530517578125 237.037506103515625 237.21875 246.03125 259.524993896484375 274.556243896484375 289.256256103515625 302.506256103515625 313.48126220703125 323.03125 331.818756103515625 346.95623779296875 361.29376220703125 374.837493896484375 388.975006103515625 399.79998779296875 409.60626220703125 412.01873779296875 413.14373779296875 415.268768310546875 416.350006103515625 417.29998779296875 423.337493896484375 438.11248779296875
259.16876220703125 255.9875030517578125 254.962493896484375 255.96875 257.40625 258.712493896484375 261.806243896484375 264.73748779296875 268.23748779296875 271.83123779296875 273.86248779296875 275.70001220703125 277.46875 280.53125 282.33123779296875 284.399993896484375 284.57501220703125 281.662506103515625 277.78125 270.881256103515625 263.20001220703125 253.6999969482421875 248.5 249.6062469482421875 255.0437469482421875 264.79998779296875 278.28125 291.3125 304.587493896484375 314.743743896484375 322.618743896484375 332.149993896484375 346.51251220703125 361.33123779296875 376.15625 388.45001220703125 400.46875 410.42498779296875 414.725006103515625 414.20001220703125 412.51251220703125 412.787506103515625 418.08123779296875 429.51251220703125 447.600006103515625
266.681243896484375 261.975006103515625 260.087493896484375 259.4375 260.556243896484375 261.48126220703125 263.21875 265.48126220703125 268.306243896484375 272.337493896484375 275.399993896484375 278.787506103515625 281.837493896484375 285.96875 288.943756103515625 290.337493896484375 291.85626220703125 291.649993896484375 288.537506103515625 281.32501220703125 272.86248779296875 264.73126220703125 259.90625 260.318756103515625 264.006256103515625 271.64373779296875 282.756256103515625 293.600006103515625 305.04376220703125 314.39373779296875 323.868743896484375 334.01873779296875 347.91876220703125 363.58123779296875 377.96875 391.4375 402.67498779296875 414.16876220703125 416.84375 416.78125 420.625 424.57501220703125 429.912506103515625 443.23748779296875 454.03125
271.931243896484375 266.89373779296875 263.193756103515625 262.04376220703125 261.70001220703125 262.84375 264.26873779296875 266.475006103515625 269.375 273.03125 278.212493896484375 283.20001220703125 288.118743896484375 291.75 294.45623779296875 297.35626220703125 299.88751220703125 300.975006103515625 299.806243896484375 292.556243896484375 283.537506103515625 274.76251220703125 269.20623779296875 269.03125 271.743743896484375 278.01251220703125 286.962493896484375 296.42498779296875 306.17498779296875 315.42498779296875 325.20623779296875 336.1875 352.07501220703125 368.59375 384.024993896484375 395.756256103515625 408.01251220703125 420.993743896484375 423.61248779296875 423.07501220703125 429.118743896484375 437.83123779296875 445.600006103515625 454.36248779296875 465.29376220703125
273.350006103515625 268.59375 265.04998779296875 263.70623779296875 262.443756103515625 262.899993896484375 264.58123779296875 265.71875 268.67498779296875 273.712493896484375 279.318756103515625 285.79998779296875 292.26873779296875 297.78125 300.98126220703125 304.975006103515625 305.556243896484375 306.037506103515625 304.774993896484375 299.787506103515625 291.587493896484375 283.76251220703125 277.20623779296875 276.91876220703125 279.506256103515625 284.11248779296875 291.13751220703125 299.13751220703125 307.774993896484375 318.125 328.45001220703125 339.399993896484375 356.09375 373.024993896484375 389.60626220703125 402.26251220703125 415.42498779296875 427.625 430.181243896484375 435.04998779296875 445.79376220703125 455.65625 463.993743896484375 474.5 488.118743896484375
273.01873779296875 269.3125 266.618743896484375 264.806243896484375 262.756256103515625 262.912506103515625 263.34375 264.63751220703125 268.350006103515625 274.09375 281.88751220703125 289.29998779296875 298.149993896484375 305.587493896484375 309.193756103515625 311.20001220703125 311.13751220703125 311.899993896484375 309.20001220703125 304.98748779296875 298.556243896484375 290.95623779296875 284.818756103515625 283.912506103515625 286.14373779296875 290.056243896484375 296.0625 304.050018310546875 312.125 321.32501220703125 331.75 342.01251220703125 358.662506103515625 377.493743896484375 395.943756103515625 411.10626220703125 424.993743896484375 436.09375 439.962493896484375 451 462.868743896484375 473.618743896484375 485.23748779296875 499.40625 522.45623779296875
273.087493896484375 269.399993896484375 266.79998779296875 265.42498779296875 263.125 262.15625 262.225006103515625 263.462493896484375 265.837493896484375 271.96875 281.04376220703125 291.82501220703125 303.88751220703125 312.59375 316.318756103515625 317.774993896484375 317.149993896484375 316.79376220703125 313.98126220703125 309.993743896484375 303.42498779296875 295.993743896484375 290.725006103515625 289.48748779296875 291.443756103515625 294.787506103515625 300.5625 307.631256103515625 315.82501220703125 325.3125 335.287506103515625 345.48126220703125 364.08123779296875 383.568756103515625 401.774993896484375 418.78125 433.5 446.03125 453.10626220703125 464.631256103515625 476.0625 488.86248779296875 505.92498779296875 523.60626220703125 548.9437255859375
272.787506103515625 270.28125 267.90625 265.287506103515625 263.45623779296875 262.149993896484375 260.649993896484375 260.568756103515625 261.875 267.443756103515625 278.89373779296875 294.475006103515625 310.524993896484375 321.36248779296875 324.10626220703125 324.556243896484375 322.368743896484375 320.75 318.625 313.975006103515625 308.54376220703125 300.70001220703125 295.04998779296875 292.962493896484375 294.98748779296875 297.29376220703125 303.568756103515625 311.087493896484375 319.1812744140625 328.699981689453125 337.443756103515625 349.006256103515625 368.28125 389.306243896484375 408.40625 424.912506103515625 439.625 456.98126220703125 466.39373779296875 475.162506103515625 486.83123779296875 498.875 515.96875 534.8062744140625 556.8125
273.04376220703125 271.48748779296875 269.14373779296875 266.10626220703125 263.649993896484375 262.58123779296875 260.38751220703125 258.712493896484375 258.337493896484375 262.98126220703125 276.32501220703125 295.26251220703125 314.83123779296875 327.912506103515625 330.63751220703125 330.537506103515625 328.8125 326.375 322 318.006256103515625 312.006256103515625 305.306243896484375 298.756256103515625 296.9375 297.100006103515625 298.881256103515625 305.149993896484375 314.03125 322.04376220703125 330.14373779296875 338.818756103515625 349.618743896484375 370.13751220703125 392.068756103515625 410.4375 425.67498779296875 443.993743896484375 458.850006103515625 467.28125 478.04998779296875 491.23748779296875 501.29998779296875 514.6500244140625 532.8499755859375 548.98748779296875
274.60626220703125 273.46875 270.618743896484375 269.29998779296875 266.618743896484375 264.95623779296875 262.256256103515625 259.29376220703125 256.443756103515625 254.8125 273.1875 300.41876220703125 319.82501220703125 331.36248779296875 335.431243896484375 335.26873779296875 333.537506103515625 330.45001220703125 326.787506103515625 321.350006103515625 314.51251220703125 307.14373779296875 300.73748779296875 298.35626220703125 297.57501220703125 299.306243896484375 305.818756103515625 314.431243896484375 323.4375 330.762481689453125 338.493743896484375 348.32501220703125 370.243743896484375 392.85626220703125 412.76873779296875 430.15625 445.5 459.5625 468.15625 477.368743896484375 487.79998779296875 497.875 510.181243896484375 525.4937744140625 538.21875
276.375 275.837493896484375 273.67498779296875 272.21875 270.63751220703125 268.78125 266.606231689453125 264.26873779296875 263.20001220703125 259.806243896484375 288.8125 317.743743896484375 330.51251220703125 337.41876220703125 340.57501220703125 340.10626220703125 336.568756103515625 333.399993896484375 328.149993896484375 321.45001220703125 314.61248779296875 306.65625 300.868743896484375 297.993743896484375 297.256256103515625 298.73126220703125 305.100006103515625 314.33123779296875 323.587493896484375 331.337493896484375 336.98748779296875 346.368743896484375 368.26251220703125 391.95623779296875 411.912506103515625 429.53125 444.45623779296875 458.3125 466.5 473.993743896484375 481.76251220703125 491.006256103515625 500.04376220703125 511.57501220703125 522.36871337890625
279.95623779296875 278.76251220703125 276.51251220703125 276.381256103515625 274.86248779296875 274.274993896484375 274.83123779296875 276.306243896484375 281.78125 298.431243896484375 331.412506103515625 340.056243896484375 342.96875 346.225006103515625 347.71875 344.962493896484375 341.11248779296875 335.931243896484375 328.53125 320.85626220703125 312.23126220703125 303.931243896484375 299.09375 295.743743896484375 294.975006103515625 297.462493896484375 303.493743896484375 312.03125 321.181243896484375 328.462493896484375 335.625 343.856231689453125 362.899993896484375 383.943756103515625 405.04376220703125 421.037506103515625 433.9375 447.787506103515625 454.243743896484375 458.04376220703125 465.0625 471.61248779296875 479.54998779296875 488.78125 497.25
284 282.649993896484375 280.96875 280.125 279.39373779296875 280.625 282.537506103515625 288.3125 298.181243896484375 316.09375 336.45623779296875 346.84375 352.20001220703125 354.725006103515625 354.45623779296875 351.625 346.71875 339.57501220703125 329.90625 321.056243896484375 309.23748779296875 300.087493896484375 294.26251220703125 291.20623779296875 292.375 294.98126220703125 301.100006103515625 309.149993896484375 318.056243896484375 325.23748779296875 331.537506103515625 341.51873779296875 360.625 378.48126220703125 394.818756103515625 409.556243896484375 420.850006103515625 431.618743896484375 437.84375 439.8125 444.71875 450.48126220703125 456.431243896484375 462.037506103515625 469.462493896484375
