data/historical-monthly-weather-data/wc2.1_cruts4.09_10m_prec_1991-04.asc
ncols        45
nrows        45
xllcorner    -63.500000000000
yllcorner    -7.500000000000
cellsize     0.166666666667
NODATA_value -9999
[rows 0 to 19 of 45, columns 0 to 44 of 45]
259.42498779296875 260.981231689453125 261.26873779296875 266.75 267.73748779296875 264.868743896484375 260.875 252.6687469482421875 247.5749969482421875 246.4562530517578125 248.6687469482421875 251.0437469482421875 252.2687530517578125 251.725006103515625 251.818756103515625 252.712493896484375 254.8125 253.75 255.431243896484375 257.256256103515625 259.006256103515625 262.006256103515625 264.243743896484375 268.32501220703125 270.28125 275.23126220703125 280.13751220703125 287.193756103515625 292.875 297.67498779296875 302.931243896484375 308.32501220703125 311.306243896484375 315.975006103515625 320.225006103515625 324.45001220703125 326.34375 328.34375 332.70623779296875 335.13751220703125 337.462493896484375 339.36248779296875 338.068756103515625 338.78125 337.899993896484375
266.256256103515625 267.618743896484375 274.625 281.493743896484375 287.34375 283.26251220703125 277.46875 273.39373779296875 269.89373779296875 268.0625 269.143768310546875 269.36248779296875 269.618743896484375 268.65625 266.61248779296875 267.462493896484375 267.118743896484375 267.743743896484375 269.399993896484375 270.39373779296875 271.70001220703125 273.51251220703125 277.04376220703125 279.537506103515625 283.125 287.14373779296875 291.649993896484375 298.787506103515625 302.806243896484375 306.556243896484375 312.306243896484375 318.962493896484375 322.15625 327.600006103515625 330.662506103515625 334.04998779296875 337.787506103515625 339.75 343.10626220703125 344.04376220703125 344.912506103515625 347.0625 345.850006103515625 344.14373779296875 342.006256103515625
267.537506103515625 271.48748779296875 277.9375 287.38751220703125 295.29998779296875 294.41876220703125 292.350006103515625 291.506256103515625 292.58123779296875 291.274993896484375 289.78125 287.76251220703125 287.256256103515625 283.70001220703125 281.20001220703125 280.71875 279.725006103515625 280.29998779296875 280.82501220703125 282.5 284.587493896484375 287.181243896484375 289.15625 291.600006103515625 295.85626220703125 299.86248779296875 305.631256103515625 309.243743896484375 311.399993896484375 316.024993896484375 321.068756103515625 326.29376220703125 332.26251220703125 337.131256103515625 339.0625 341.26873779296875 346.45001220703125 350.07501220703125 351.91876220703125 352.83123779296875 353.29998779296875 353.01251220703125 351.54376220703125 350.21875 347.63751220703125
263.64373779296875 268.693756103515625 279.412506103515625 287.75 296.287506103515625 300.59375 303.34375 306.70001220703125 312.149993896484375 314.537506103515625 311.9375 306.76251220703125 302.07501220703125 298.493743896484375 294.912506103515625 293.787506103515625 293.07501220703125 293 293.13751220703125 294.89373779296875 298.131256103515625 300.60626220703125 301.162506103515625 304.60626220703125 308.58123779296875 310.98748779296875 317.26873779296875 319.13751220703125 320.79376220703125 326.85626220703125 331.61248779296875 336.46875 339.524993896484375 343.774993896484375 345.756256103515625 350.225006103515625 354.45001220703125 357.89373779296875 361.48748779296875 360.46875 360.399993896484375 361.03125 356.943756103515625 353.537506103515625 352.0625
272.225006103515625 273.23126220703125 276.962493896484375 285.962493896484375 297.84375 304.6875 309.29376220703125 317.287506103515625 327.95001220703125 335.76251220703125 330.79376220703125 320.068756103515625 314.681243896484375 311.225006103515625 307.125 305.21875 303.39373779296875 303.46875 303.35626220703125 304.59375 308.85626220703125 310.568756103515625 311.631256103515625 316.756256103515625 318.21875 320.58123779296875 324.41876220703125 329.51873779296875 333.149993896484375 336.78125 341.33123779296875 342.6875 345.118743896484375 349.76873779296875 352.91876220703125 357.01873779296875 360.01251220703125 363.806243896484375 367.73126220703125 366.931243896484375 367.88751220703125 364.17498779296875 360.65625 358.71875 355.193756103515625
272.712493896484375 275.881256103515625 280.649993896484375 284.0625 295.443756103515625 304.743743896484375 310.837493896484375 320.206268310546875 331.65625 342.83123779296875 335.38751220703125 325.837493896484375 321.75 319.118743896484375 314.662506103515625 313.337493896484375 309.73748779296875 309.42498779296875 311.368743896484375 313.41876220703125 315.90625 317.381256103515625 321.056243896484375 324.39373779296875 327.03125 330.29998779296875 333.274993896484375 337.20001220703125 340.068756103515625 342.743743896484375 346.256256103515625 349.725006103515625 349.287506103515625 353.125 358.037506103515625 361.08123779296875 366.17498779296875 370.037506103515625 373.0625 374.14373779296875 370.79998779296875 366.618743896484375 363.881256103515625 362.412506103515625 360.14373779296875
274.20001220703125 277.88751220703125 283.38751220703125 286.51251220703125 290.681243896484375 296.54376220703125 303.36248779296875 312.01251220703125 319.11248779296875 324.35626220703125 326.368743896484375 325.20001220703125 326.537506103515625 324.70001220703125 321.725006103515625 321.63751220703125 318.71875 315.212493896484375 315.181243896484375 318.57501220703125 322.493743896484375 325.63751220703125 329.09375 330.23748779296875 333.71875 337.78125 341.45001220703125 342.95623779296875 344.8125 347.57501220703125 351.506256103515625 353.60626220703125 354.54998779296875 355.48126220703125 359.46875 362.712493896484375 365.931243896484375 370.76251220703125 376.181243896484375 376.181243896484375 368.881256103515625 365.45001220703125 363.5 362 361.600006103515625
276.381256103515625 278.787506103515625 282.96875 288.28125 293.274993896484375 297.131256103515625 297.46875 297.17498779296875 296.9375 301.899993896484375 313.51873779296875 322.162506103515625 327.875 330.0625 329.568756103515625 328.53125 325.54376220703125 321.693756103515625 318.850006103515625 322.54376220703125 328.53125 333.10626220703125 335.681243896484375 337.162506103515625 342.1875 343.71875 346.337493896484375 347.837493896484375 349.79376220703125 352.91876220703125 353.79998779296875 355.38751220703125 356.09375 357.09375 359.4375 359.28125 362.5625 365.82501220703125 368.34375 366.48126220703125 361.66876220703125 360.17498779296875 357.9375 355.149993896484375 352.79998779296875
277.774993896484375 281.568756103515625 285.631256103515625 289.5 294.243743896484375 296.51873779296875 297.76251220703125 295.931243896484375 289.60626220703125 289.649993896484375 305.21875 318.09375 331.21875 335.57501220703125 334.45001220703125 334.09375 332.58123779296875 330.118743896484375 329.34375 330.67498779296875 330.881256103515625 337.625 339.993743896484375 344.17498779296875 348.181243896484375 347.48748779296875 348.48748779296875 350.306243896484375 351.79998779296875 354.07501220703125 356.243743896484375 354.762481689453125 353.34375 351.28125 353.131256103515625 353.5 356.631256103515625 357.29376220703125 359.100006103515625 356.59375 352.524993896484375 349.5625 348.75 347.54998779296875 341.26873779296875
278.78125 282.15625 287.056243896484375 291.34375 295.0625 298.306243896484375 301.018768310546875 300.32501220703125 299.96875 304.54376220703125 316.118743896484375 325.243743896484375 336.03125 341.056243896484375 341.756256103515625 340.14373779296875 338.881256103515625 338.0625 337.568756103515625 341.537506103515625 341.375 343.54376220703125 344.931243896484375 350.568756103515625 350.681243896484375 347.756256103515625 347.86248779296875 348.92498779296875 351.368743896484375 355.631256103515625 354.125 350.29998779296875 347.46875 345.13751220703125 345.34375 346.61248779296875 346.65625 347 347.625 347.23126220703125 345.381256103515625 342.73748779296875 340.35626220703125 334.67498779296875 330.70001220703125
279.98748779296875 285.20623779296875 289.70001220703125 293.556243896484375 295.837493896484375 300.225006103515625 304.54998779296875 306.32501220703125 310.5625 317.725006103515625 329.11248779296875 339.756256103515625 344.300018310546875 348.475006103515625 346.756256103515625 344.14373779296875 343.4375 344.024993896484375 345.70623779296875 349 353.29376220703125 353.79998779296875 351.4375 346.45001220703125 350.23126220703125 347.643768310546875 344.89373779296875 344.70623779296875 345.15625 348.587493896484375 346.60626220703125 342.20623779296875 339.46875 336.6875 336.087493896484375 334 333.350006103515625 333.78125 335.1875 335.33123779296875 333.29998779296875 330.524993896484375 330.29376220703125 327.037506103515625 321.899993896484375
280.118743896484375 285.48748779296875 289.787506103515625 296.681243896484375 300.61248779296875 303.9375 310.600006103515625 316.20001220703125 323.13751220703125 331.61248779296875 343.08123779296875 353.462493896484375 352.60626220703125 352.45623779296875 349.83123779296875 347.60626220703125 346.068756103515625 346.66876220703125 349.087493896484375 353.23748779296875 356.762481689453125 357.1875 355.381256103515625 353.431243896484375 348.51251220703125 340.3125 336.625 334.493743896484375 334.712493896484375 335.162506103515625 333.42498779296875 330.10626220703125 326.193756103515625 323.8125 322.86248779296875 321.899993896484375 322.649993896484375 323.837493896484375 322.76873779296875 320.76251220703125 320 318.493743896484375 317.10626220703125 310.625 305.431243896484375
281.118743896484375 286.90625 291.76251220703125 297.693756103515625 303.35626220703125 310.756256103515625 316.631256103515625 322.38751220703125 329.506256103515625 340.76251220703125 352.0625 361.181243896484375 360.225006103515625 351.212493896484375 347.875 347.881256103515625 345.1875 345.600006103515625 349.3125 351.71875 355.162506103515625 353.78125 348.756256103515625 345.743743896484375 333.23126220703125 323.20623779296875 322.91876220703125 320.756256103515625 322.087493896484375 321.318756103515625 319.381256103515625 315.756256103515625 311.643768310546875 309.368743896484375 307.41876220703125 308.725006103515625 310.35626220703125 311.92498779296875 312.318756103515625 310.73748779296875 305.368743896484375 305.712493896484375 301.8125 296.118743896484375 294.54998779296875
281.09375 287.462493896484375 291.54376220703125 297.08123779296875 304.8125 312.462493896484375 318.681243896484375 325.75 334.662506103515625 344.57501220703125 352.493743896484375 355.82501220703125 355.39373779296875 349.6875 342.91876220703125 343.95001220703125 341.26873779296875 339.475006103515625 343.350006103515625 343.868743896484375 345.67498779296875 342.212493896484375 338.20001220703125 329.9375 320.006256103515625 311.71875 309.75 308.337493896484375 308.118743896484375 307.725006103515625 305.45001220703125 302.70001220703125 296.63751220703125 294.162506103515625 293.51873779296875 296.181243896484375 298.375 301.95623779296875 304.29376220703125 301.40625 292.78125 287.5 288.79998779296875 291.25 292.84375
280.006256103515625 286.962493896484375 291.868743896484375 297.98748779296875 306.45001220703125 314.11248779296875 321.875 329.106231689453125 335.84375 343.04376220703125 349.35626220703125 351.46875 349.162506103515625 343.88751220703125 335.943756103515625 332.91876220703125 331.787506103515625 333.90625 336.66876220703125 337.368743896484375 336.506256103515625 334.818756103515625 328.67498779296875 320.125 310.837493896484375 304.274993896484375 301.318756103515625 300.3125 300.149993896484375 298.20001220703125 293.60626220703125 287.524993896484375 284.412506103515625 280.45623779296875 278.45001220703125 280.524993896484375 287.96875 295.57501220703125 297.493743896484375 292.07501220703125 284.17498779296875 282.993743896484375 288.475006103515625 288.100006103515625 286.96875
277.256256103515625 284.26873779296875 291.23126220703125 298.850006103515625 306.881256103515625 314.86248779296875 322.60626220703125 330.34375 338.368743896484375 343.625 347.98748779296875 348.318756103515625 345.649993896484375 338.618743896484375 328.5625 318.618743896484375 321.65625 328.10626220703125 329.493743896484375 330.774993896484375 329.787506103515625 325.962493896484375 319.149993896484375 311.212493896484375 302.04998779296875 296.875 292.806243896484375 292.48748779296875 292.11248779296875 290.6875 288.100006103515625 281.45001220703125 272.125 266.231231689453125 261.73126220703125 270.10626220703125 278.01251220703125 286.662506103515625 289.65625 288.787506103515625 283.537506103515625 284.46875 285.98126220703125 283.71875 280.868743896484375
273.193756103515625 281.70623779296875 290.131256103515625 298.6875 306.6875 314.85626220703125 324.70001220703125 332.693756103515625 338.287506103515625 343.431243896484375 346.20001220703125 345.78125 341.5 334.537506103515625 326.79376220703125 320.10626220703125 315.274993896484375 318.9375 323.256256103515625 325.868743896484375 324.45001220703125 321.46875 314.45623779296875 303.118743896484375 294.35626220703125 288.20623779296875 285.32501220703125 284.73126220703125 285.5625 285.42498779296875 282.318756103515625 276.04376220703125 267.475006103515625 260.725006103515625 261.399993896484375 266.024993896484375 274.79376220703125 284.70623779296875 292.318756103515625 289.96875 285.95001220703125 285.32501220703125 282.056243896484375 279.04376220703125 274.868743896484375
267.61248779296875 278.33123779296875 286.962493896484375 297.88751220703125 306.5 315.875 326.568756103515625 333.274993896484375 338.15625 341.306243896484375 342.306243896484375 341.068756103515625 336.61248779296875 331.649993896484375 325.20001220703125 320.399993896484375 315.118743896484375 308.91876220703125 316.78125 320.48126220703125 321.350006103515625 317.443756103515625 310.587493896484375 299.512481689453125 291.668731689453125 285.768768310546875 280.087493896484375 281.86248779296875 283.70001220703125 282.4375 275.34375 262.287506103515625 259.79998779296875 257.60626220703125 256.5 264.29376220703125 272.73748779296875 281.337493896484375 287.10626220703125 290.09375 284.38751220703125 282.21875 278.8125 274.806243896484375 271.306243896484375
260.9375 273.287506103515625 284.20001220703125 294.57501220703125 304.412506103515625 315.287506103515625 325.274993896484375 334.57501220703125 339.587493896484375 341.71875 340.337493896484375 335.006256103515625 331.181243896484375 328.79376220703125 320.100006103515625 315.51251220703125 311.66876220703125 307.193756103515625 307.08123779296875 311.087493896484375 317.83123779296875 317.087493896484375 301.618743896484375 295.381256103515625 290.649993896484375 287.831268310546875 285.26251220703125 284.631256103515625 286.60626220703125 283.57501220703125 276.16876220703125 264.287506103515625 257.056243896484375 247.506256103515625 245.3000030517578125 253.4250030517578125 262.9375 271.006256103515625 279.712493896484375 281.82501220703125 281.5625 279.60626220703125 275.100006103515625 270.875 267.881256103515625
253.9562530517578125 268.03125 278.98126220703125 288.524993896484375 301.01251220703125 314.931243896484375 327.23126220703125 334.868743896484375 339.53125 341.29376220703125 338.274993896484375 334.493743896484375 330.243743896484375 326.11248779296875 316.09375 305.681243896484375 299.118743896484375 302.01251220703125 301.556243896484375 304.85626220703125 306.54376220703125 303.493743896484375 300.056243896484375 294.90625 290.82501220703125 287.743743896484375 286.98126220703125 289.20001220703125 288.193756103515625 281.89373779296875 271.5 265.431243896484375 253.8125 239.193756103515625 231.0749969482421875 238.868743896484375 253.368743896484375 265.79998779296875 273.631256103515625 277.59375 277.04998779296875 275.181243896484375 271.181243896484375 266.881256103515625 261.95001220703125
