data/historical-monthly-weather-data/wc2.1_cruts4.09_10m_prec_2007-02.asc
ncols        51
nrows        45
xllcorner    -63.500000000000
yllcorner    -7.500000000000
cellsize     0.166666666667
NODATA_value -9999
[rows 0 to 19 of 45, columns 0 to 44 of 51]
52.33750152587890625 51.6875 49.83750152587890625 48.768749237060546875 47.15625 46.83750152587890625 46.15625 44.90000152587890625 44.612499237060546875 45.31874847412109375 47.387500762939453125 50.606250762939453125 53.868747711181640625 55.549999237060546875 59.22499847412109375 63.125 67.36875152587890625 69.90625 74.25624847412109375 78.63124847412109375 81.6750030517578125 84.5437469482421875 88.59375 93.40625 98.99375152587890625 105.4562530517578125 113.8125 123.0187530517578125 132.587493896484375 138.6062469482421875 144.90625 151.71875 157.193756103515625 163.125 169.71875 174.9250030517578125 178.40625 181.306243896484375 184 184.9812469482421875 187.0124969482421875 188.5812530517578125 188.6437530517578125 191.368743896484375 192.2312469482421875
53.58750152587890625 53.393749237060546875 52.643749237060546875 51.59999847412109375 50.86875152587890625 51.331249237060546875 51.06874847412109375 51.18125152587890625 52.231250762939453125 53.28125 54.86875152587890625 57.481250762939453125 60.068752288818359375 62.206249237060546875 65.69374847412109375 69.19374847412109375 73.1374969482421875 77.90000152587890625 83.8937530517578125 89.61875152587890625 92.94374847412109375 96.5749969482421875 100.9875030517578125 105.8249969482421875 110.8937530517578125 117.3625030517578125 125.02500152587890625 134.024993896484375 142.6999969482421875 147.8062591552734375 152.1125030517578125 158.4812469482421875 163.962493896484375 170.4187469482421875 176.256256103515625 181.3312530517578125 185.15625 187.818756103515625 190.15625 191.0124969482421875 192.53125 193.443756103515625 192.837493896484375 194.4499969482421875 194.96875
56.262500762939453125 56.53749847412109375 56.387500762939453125 56.28125 56.549999237060546875 57.4375 58.47499847412109375 60.043750762939453125 62.3125 63.78125 64.875 66.9875030517578125 68.94374847412109375 70.49375152587890625 73.5187530517578125 76.6062469482421875 79.86875152587890625 84.4499969482421875 89.6437530517578125 94.8874969482421875 98.2375030517578125 102.6062469482421875 106.71250152587890625 111.8125 118.27500152587890625 124.375 132.087493896484375 141.225006103515625 148.912506103515625 152.8937530517578125 157.53125 162.868743896484375 168.818756103515625 174.2062530517578125 180.84375 185.3125 190.087493896484375 194.537506103515625 196.6374969482421875 198.037506103515625 199.600006103515625 199.662506103515625 198.6750030517578125 198.0124969482421875 198.9187469482421875
58.59375 59.38124847412109375 60.53125 61.53125 63.59375 64.86875152587890625 67.0124969482421875 70.0187530517578125 73.7312469482421875 76.16249847412109375 76.8312530517578125 77.7312469482421875 78.18125152587890625 78.7937469482421875 81.5749969482421875 84.36875152587890625 87.21250152587890625 89.8937530517578125 94.1437530517578125 99.5187530517578125 103.2937469482421875 107.13750457763671875 110.7624969482421875 116.50624847412109375 123.09375 129.774993896484375 138.1999969482421875 146.8937530517578125 154.2687530517578125 158.3249969482421875 161.7312469482421875 167.5812530517578125 172.5749969482421875 178.306243896484375 184.0500030517578125 190.0124969482421875 195.6125030517578125 200.493743896484375 204.193756103515625 206.5812530517578125 207.3125 206.693756103515625 205.1125030517578125 203.056243896484375 203.193756103515625
62.5625 63.02500152587890625 64.2312469482421875 66.5749969482421875 69.9375 72.3937530517578125 75.13124847412109375 79.75624847412109375 85.7937469482421875 90.05625152587890625 88.7624969482421875 87.6125030517578125 87.53749847412109375 87.69374847412109375 89.6750030517578125 92.11875152587890625 94.5812530517578125 95.4562530517578125 98.8625030517578125 103.5812530517578125 107.58750152587890625 110.6125030517578125 114.43125152587890625 120.83750152587890625 127.6374969482421875 135 142.2062530517578125 150.21875 159.149993896484375 163.2624969482421875 166.681243896484375 170.7937469482421875 176.6750030517578125 182.556243896484375 188.1812591552734375 194.90625 202.0500030517578125 208.350006103515625 212.9875030517578125 215.1750030517578125 216.8000030517578125 214.5437469482421875 211.256256103515625 208.399993896484375 206.46875
67.2687530517578125 68.4187469482421875 69.46250152587890625 71.5 74.875 78.19374847412109375 81.8562469482421875 86.8625030517578125 93.88124847412109375 99.72499847412109375 97.1125030517578125 95.4812469482421875 95.46875 95.86875152587890625 97.72499847412109375 100.34999847412109375 101.90000152587890625 101.81874847412109375 104.40625 108.24375152587890625 111.5500030517578125 114.8000030517578125 118.6875 124.74375152587890625 131.100006103515625 138.78125 146.2624969482421875 153.8625030517578125 161.9499969482421875 166.1374969482421875 169.90625 174.287506103515625 179.4562530517578125 187.0500030517578125 193.7624969482421875 201.2624969482421875 209.6687469482421875 217.21875 223.899993896484375 227.306243896484375 228.0124969482421875 224.993743896484375 221.1999969482421875 217.4499969482421875 212.5124969482421875
72.65000152587890625 74.125 75.47499847412109375 76.96875 80.03749847412109375 82.99375152587890625 86.5437469482421875 90.4875030517578125 95.94374847412109375 99.25 99.91249847412109375 100.8249969482421875 101.91249847412109375 103.21250152587890625 105.6062469482421875 108.3000030517578125 110.68125152587890625 110.9187469482421875 111.84375 112.8125 114.81874847412109375 118.09999847412109375 121.30625152587890625 127.1125030517578125 134.7312469482421875 141.8937530517578125 149.3312530517578125 157.3312530517578125 163.9875030517578125 167.868743896484375 172.818756103515625 177.65625 183.837493896484375 189.712493896484375 196.8125 206.662506103515625 215.9562530517578125 225.3937530517578125 234.962493896484375 239.5437469482421875 239.287506103515625 236.162506103515625 232.34375 227.806243896484375 220.9875030517578125
78.1062469482421875 79.34999847412109375 80.69374847412109375 82.96250152587890625 85.90000152587890625 88.00624847412109375 90.13124847412109375 92.11249542236328125 94.7624969482421875 97.5749969482421875 101.0500030517578125 105.11875152587890625 108.2624969482421875 110.2062530517578125 112.6875 115.6062469482421875 118.11875152587890625 118.5124969482421875 118.6374969482421875 116.40000152587890625 117.1374969482421875 119.9499969482421875 123.22499847412109375 129.4562530517578125 137.1875 144.431243896484375 151.7937469482421875 159.087493896484375 166.287506103515625 170.375 174.524993896484375 180.287506103515625 186.6687469482421875 193.40625 200.506256103515625 210.4187469482421875 220.875 231.181243896484375 241.1312408447265625 247.6999969482421875 250.1062469482421875 248.118743896484375 244.6875 239.2687530517578125 232.9375
83.99375152587890625 85.1999969482421875 86.40625 88.6125030517578125 91.0625 92.3125 93.9375 94.9499969482421875 95.96875 98.6125030517578125 103.5812530517578125 109.7937469482421875 114.49375152587890625 117.40000152587890625 118.2375030517578125 119.6687469482421875 120.58750152587890625 120.25 120.3249969482421875 117.5625 117.83750152587890625 120.7687530517578125 124.5437469482421875 132.28125 140.21875 147.5500030517578125 154.306243896484375 161.399993896484375 168.9187469482421875 173.1437530517578125 178.0124969482421875 184.1687469482421875 190.556243896484375 197.024993896484375 204.212493896484375 215.1687469482421875 226.40625 237.46875 249.162506103515625 257.75 262.1875 261.962493896484375 260.65625 257.125 252.193756103515625
90.05625152587890625 91.1750030517578125 92.4562530517578125 94.16249847412109375 96.0500030517578125 97.02500152587890625 98.74375152587890625 99.8562469482421875 102.25 105.40625 110.375 116.0124969482421875 121.77500152587890625 124.72499847412109375 123.7937469482421875 122.03749847412109375 120.30625152587890625 119.09999847412109375 117.2937469482421875 115.3562469482421875 116.86249542236328125 120.6999969482421875 125.74375152587890625 134.899993896484375 143.15625 150.381256103515625 157.3874969482421875 163.787506103515625 171.6374969482421875 176.399993896484375 180.787506103515625 186.84375 193.631256103515625 201.1374969482421875 209.118743896484375 220.3625030517578125 232.2624969482421875 243.306243896484375 256.11248779296875 267.45001220703125 275.5 277.806243896484375 277.60626220703125 274.587493896484375 271.73748779296875
96.0187530517578125 96.93125152587890625 98.05625152587890625 99.47499847412109375 100.9187469482421875 102.03125 103.78125 105.875 109.30625152587890625 113.3625030517578125 118.75 124.58750152587890625 129.625 132.068756103515625 128.662506103515625 124.03749847412109375 119.43125152587890625 116.81874847412109375 114.30625152587890625 112.75 114.75624847412109375 119.34999847412109375 126.3562469482421875 135.2312469482421875 145.6687469482421875 152.9250030517578125 159.25 166.225006103515625 173.2062530517578125 177.912506103515625 183.25 189.431243896484375 196.1750030517578125 204 213.350006103515625 225.568756103515625 236.9812469482421875 249.53125 263.54998779296875 276 286.39373779296875 290.29998779296875 292.256256103515625 291.29998779296875 288.61248779296875
102.5625 102.99375152587890625 103.71875 105.1687469482421875 106.78125 108.2312469482421875 110.43125152587890625 113.75624847412109375 117.875 122.71250152587890625 128.649993896484375 133.493743896484375 135.75 135.84375 131.743743896484375 126.0749969482421875 120.8312530517578125 117.33750152587890625 114.03749847412109375 111.8125 113.72499847412109375 119.16249847412109375 128.193756103515625 139.318756103515625 149.5749969482421875 155.868743896484375 161.631256103515625 168.337493896484375 175.506256103515625 181.2312469482421875 186.868743896484375 192.7312469482421875 199.787506103515625 207.4812469482421875 216.743743896484375 229.4812469482421875 242.7624969482421875 256.15625 271.28125 285.32501220703125 297.70623779296875 302.16876220703125 302.712493896484375 300.09375 296.024993896484375
108.15625 108.4562530517578125 109.38124847412109375 110.69374847412109375 112.7937469482421875 114.9812469482421875 118.0625 121.7624969482421875 126.4187469482421875 132.5 138.5812530517578125 141.59375 141.318756103515625 138.256256103515625 133.4250030517578125 127.33750152587890625 121.86875152587890625 118.53749847412109375 115.49375152587890625 112.78125 113.5749969482421875 119.7375030517578125 129.818756103515625 140.681243896484375 149.40625 155.8125 162.899993896484375 170.0500030517578125 177.274993896484375 183.493743896484375 189.662506103515625 195.8249969482421875 202.0187530517578125 210 219.537506103515625 232.1750030517578125 245.725006103515625 261.193756103515625 278.04998779296875 293.8125 308.837493896484375 312.850006103515625 310.024993896484375 305.17498779296875 298.631256103515625
112.96875 113.06874847412109375 114.125 115.71875 118.2312469482421875 121.00624847412109375 125.1374969482421875 129.556243896484375 135 141.212493896484375 146.8874969482421875 147.0437469482421875 144.40625 140.2687530517578125 134.3625030517578125 128.693756103515625 122.9375 120.1875 117.40625 115.72499847412109375 118.41249847412109375 124.3562469482421875 132.774993896484375 141.399993896484375 149.125 155.7312469482421875 163.537506103515625 170.9875030517578125 178.787506103515625 184.6062469482421875 191.15625 197.2624969482421875 203.274993896484375 211.3125 220.6125030517578125 233.993743896484375 249.399993896484375 266.274993896484375 285.70001220703125 303 316.631256103515625 316.524993896484375 314.73126220703125 312.01251220703125 306.45001220703125
115.61875152587890625 115.61875152587890625 117.15625 119.6750030517578125 122.21875 126 131.09375 135.9375 141.7312469482421875 147.8125 152.587493896484375 151.8625030517578125 148.3125 143.493743896484375 137.8937530517578125 132.037506103515625 126.8125 124.1875 122.08750152587890625 121.4562530517578125 125.09999847412109375 130.537506103515625 137.8312530517578125 145.193756103515625 151.8937530517578125 158.9499969482421875 166.8125 174.0187530517578125 181.5500030517578125 187.8125 193.337493896484375 198.5124969482421875 204.4375 211.3249969482421875 220.475006103515625 233.787506103515625 251.318756103515625 271.0625 292.4375 310.118743896484375 320.23126220703125 321.681243896484375 321.337493896484375 317.92498779296875 311.70001220703125
117.27500152587890625 117.3249969482421875 119.41249847412109375 122.46250152587890625 125.88124847412109375 130.4187469482421875 136.131256103515625 141.3249969482421875 147.475006103515625 154.068756103515625 158.8562469482421875 157.4812469482421875 153.337493896484375 147.59375 141.943756103515625 135.3625030517578125 130.993743896484375 129.337493896484375 128.037506103515625 128.0187530517578125 131.625 136.78125 143.212493896484375 150.2312469482421875 155.8125 161.743743896484375 169 176.7312469482421875 184.850006103515625 191.2687530517578125 196.993743896484375 200.756256103515625 203.837493896484375 208.850006103515625 215.9875030517578125 230.34375 249.850006103515625 273.037506103515625 298.712493896484375 317.95001220703125 328.131256103515625 327.4375 325.018768310546875 320.806243896484375 313.34375
117.49375152587890625 118.30625152587890625 120.78749847412109375 124.375 128.5749969482421875 133.8000030517578125 140.0812530517578125 146.1687469482421875 152.649993896484375 159.6374969482421875 165.243743896484375 163.8562469482421875 159.5812530517578125 153.506256103515625 147.537506103515625 140.8937530517578125 135.6062469482421875 133.78125 132.8249969482421875 133.4187469482421875 137.6875 142.806243896484375 148.399993896484375 154.7312469482421875 160.21875 164.412506103515625 170.6125030517578125 178.975006103515625 187.9875030517578125 195.6750030517578125 201.087493896484375 203.78125 204.15625 204.375 209.899993896484375 224.1125030517578125 244.662506103515625 273.375 306.993743896484375 323.3125 330.149993896484375 328.381256103515625 323.67498779296875 318.712493896484375 313.006256103515625
115.0124969482421875 116.43125152587890625 119.8312530517578125 124.1437530517578125 128.6999969482421875 134.1875 140.693756103515625 147.131256103515625 154.1687469482421875 161.625 168.475006103515625 169.131256103515625 166.9562530517578125 161.6750030517578125 155.806243896484375 149.037506103515625 141.7624969482421875 137.59375 137.2062530517578125 137.587493896484375 142.693756103515625 147.287506103515625 151.40625 156.6875 162.0187530517578125 166.6750030517578125 172.5187530517578125 181.931243896484375 192.28125 201.0124969482421875 205.9875030517578125 204.337493896484375 202.118743896484375 200 202.1750030517578125 213.3937530517578125 237.6062469482421875 266.743743896484375 297.568756103515625 315.631256103515625 322.26251220703125 320.912506103515625 317.92498779296875 314.912506103515625 310.54998779296875
111.8312530517578125 113.96250152587890625 117.8125 122.16249847412109375 127.2312469482421875 133.53125 139.8125 146.8874969482421875 154.9187469482421875 162.8937530517578125 171.0625 173.1750030517578125 173.443756103515625 171.337493896484375 164.618743896484375 155.743743896484375 147.3125 141.4499969482421875 139.4875030517578125 140.118743896484375 145.693756103515625 150.34375 151.962493896484375 157.0749969482421875 162.7624969482421875 168.8000030517578125 176.318756103515625 186.0500030517578125 197.40625 207.65625 213.40625 209.6750030517578125 203.03125 195.21875 192.6062469482421875 204.5187530517578125 228.7937469482421875 256.35626220703125 283.45623779296875 301.15625 310.662506103515625 310.26251220703125 310.037506103515625 309.66876220703125 306.806243896484375
108.96875 111.15625 115.31874847412109375 120.0500030517578125 125.86875152587890625 132.53125 139.431243896484375 146.181243896484375 154.6125030517578125 163.256256103515625 171.618743896484375 175.318756103515625 178.649993896484375 180.6687469482421875 172.287506103515625 159.71875 149.1687469482421875 143.6875 141.1750030517578125 141.2937469482421875 144.5625 147.53125 151.1374969482421875 156.5749969482421875 162.850006103515625 169.59375 178.875 190.0812530517578125 200.7375030517578125 210.5187530517578125 215.0500030517578125 213.625 203.443756103515625 190.6750030517578125 182.5812530517578125 196.5437469482421875 223.8874969482421875 251.4812469482421875 274.931243896484375 291.631256103515625 299.931243896484375 299.98748779296875 303.64373779296875 306.125 304.875
