data/historical-monthly-weather-data/wc2.1_cruts4.09_10m_prec_2003-09.asc
ncols        45
nrows        45
xllcorner    -63.500000000000
yllcorner    -7.500000000000
cellsize     0.166666666667
NODATA_value -9999
[rows 0 to 18 of 45, columns 0 to 43 of 45]
150.8125 148.4562530517578125 150.399993896484375 155.6062469482421875 158.818756103515625 161.6687469482421875 160.4499969482421875 157.3125 155.7375030517578125 154.6062469482421875 155.431243896484375 156.59375 157.587493896484375 156.46875 155.2062530517578125 152.774993896484375 151.818756103515625 147.899993896484375 145.2624969482421875 141.537506103515625 138.90625 134.1999969482421875 130.556243896484375 126.1999969482421875 121.27500152587890625 118.28125 115.5124969482421875 112.5812530517578125 108.4499969482421875 105.8562469482421875 102.59375 100.6062469482421875 101.09375 99.96875 99.78749847412109375 100.4812469482421875 102.46875 104.21875 104.77500152587890625 105.6062469482421875 106.6374969482421875 107.11875152587890625 106.34999847412109375 105.96875
140.806243896484375 137.7375030517578125 141.7312469482421875 148.84375 156.78125 156.2062530517578125 153.4187469482421875 153.381256103515625 152.25 151.068756103515625 151.4562530517578125 151.693756103515625 152.006256103515625 149.931243896484375 148.4875030517578125 147.475006103515625 145.28125 142.0187530517578125 138.774993896484375 135.3937530517578125 131.7687530517578125 129.037506103515625 125.3000030517578125 121.93125152587890625 116.52500152587890625 113.28749847412109375 111.6437530517578125 109.65625 105.41249847412109375 103.31874847412109375 101.15000152587890625 100.59999847412109375 100.63124847412109375 101.4187469482421875 102.0124969482421875 103.03125 105.19374847412109375 107.58750152587890625 108.09999847412109375 108.96250152587890625 110.2687530517578125 110.97499847412109375 111.21875 109.86875152587890625
127.93125152587890625 127.0749969482421875 131.2312469482421875 138.618743896484375 145.65625 147.493743896484375 146.306243896484375 145.8937530517578125 145.8937530517578125 145.443756103515625 145.774993896484375 145.618743896484375 145.6875 143.3937530517578125 141.28125 140.712493896484375 138.462493896484375 135.6624908447265625 132.65625 129.8562469482421875 126.55625152587890625 123.3562469482421875 120.4812469482421875 117.49375152587890625 112.75624847412109375 108.90000152587890625 108.8874969482421875 106.52500152587890625 103.0500030517578125 100.99375152587890625 98.72499847412109375 98.25 99.94374847412109375 101.02500152587890625 102.11875152587890625 102.9875030517578125 105.25 108.21250152587890625 109.65000152587890625 111.4499969482421875 113.5124969482421875 113.78749847412109375 114.75 114.13124847412109375
113.5187530517578125 113.68125152587890625 121.31874847412109375 126.78125 132.506256103515625 135.0500030517578125 136.368743896484375 138.8937530517578125 140.1187591552734375 140.681243896484375 140.274993896484375 139.8312530517578125 137.806243896484375 136.40625 134.5124969482421875 133.5 132.1125030517578125 129.7624969482421875 128.3625030517578125 126.6374969482421875 123.41249847412109375 118.9499969482421875 115.06874847412109375 112.28125 107.53125 104.4187469482421875 103.72499847412109375 100.59375 98.4375 97.4250030517578125 96.40000152587890625 95.34999847412109375 96.46250152587890625 97.8562469482421875 98.77500152587890625 102.1374969482421875 105.65000152587890625 108.7624969482421875 111.375 113.02500152587890625 114.8249969482421875 115.2312469482421875 116.0625 116.34999847412109375
111.47499847412109375 108.58750152587890625 109.58750152587890625 114.1875 121.47499847412109375 125.15000152587890625 127.1374969482421875 130.5187530517578125 133.53125 134.5812530517578125 134.28125 132.181243896484375 131.1062469482421875 131.0625 129.556243896484375 128.25 126.5749969482421875 124.40000152587890625 123.0625 120.86875152587890625 118.94374847412109375 113.2375030517578125 110.00624847412109375 107.24375152587890625 102.90625 99.8562469482421875 97.6999969482421875 96.0500030517578125 94.16249847412109375 92.8562469482421875 92.5124969482421875 91.1999969482421875 92.06874847412109375 94.22499847412109375 96.46250152587890625 99.38124847412109375 103.08750152587890625 107.56874847412109375 111.1062469482421875 113.625 115.78125 115.8874969482421875 116.00624847412109375 117.21250152587890625
109.6687469482421875 106.5187530517578125 105.71875 104.77500152587890625 111.94374847412109375 119.65000152587890625 123.6125030517578125 126.27500152587890625 129.1062469482421875 131.475006103515625 130.8312530517578125 128.6999969482421875 127.9562530517578125 128.243743896484375 126.31874847412109375 125.8312530517578125 124.3249969482421875 121.50624847412109375 119.69374847412109375 118.0124969482421875 114.38124847412109375 109.7062530517578125 106.05625152587890625 102.50624847412109375 99.36875152587890625 96.0187530517578125 93.80625152587890625 92.6750030517578125 90.6125030517578125 88.9499969482421875 88.3249969482421875 89.31874847412109375 90.0812530517578125 91.59999847412109375 93.1437530517578125 97.11875152587890625 100.8625030517578125 106.2062530517578125 110.8937530517578125 113.65000152587890625 113.0500030517578125 113.31874847412109375 113.7312469482421875 115.7062530517578125
109.53749847412109375 106.9875030517578125 106.1374969482421875 105.27500152587890625 108.60625457763671875 112.47499847412109375 117.6687469482421875 121.90625 123.6062469482421875 124.50624847412109375 125.36875152587890625 124.7687530517578125 124.99375152587890625 125 123.90000152587890625 123.5124969482421875 122.52500152587890625 120.6062469482421875 117.8562469482421875 114.78749847412109375 110.4375 105.96250152587890625 101.19374847412109375 97.7375030517578125 95.3937530517578125 92.8562469482421875 90.90625 89.6437530517578125 87.0625 85.1062469482421875 84.71875 84.68125152587890625 85.97499847412109375 87.9250030517578125 89.7687530517578125 92.5124969482421875 96.375 102.8249969482421875 109.6875 110.4499969482421875 109.5437469482421875 108.81874847412109375 109.43125152587890625 112.1437530517578125
109.90625 107.53749847412109375 106.99375152587890625 108.44374847412109375 111.7312469482421875 115.80625152587890625 117.3312530517578125 116.19374847412109375 115.2624969482421875 116.83750152587890625 119.7937469482421875 120.6999969482421875 121.69374847412109375 121.7937469482421875 122.03125 120.61875152587890625 119.77500152587890625 118.4499969482421875 115.875 110.7687530517578125 106.8312530517578125 102.0625 97.41249847412109375 93.65625 91.125 88.84375 86.6062469482421875 84.7062530517578125 83.00624847412109375 81.1687469482421875 80.68125152587890625 80.3937530517578125 81.40625 83.58750152587890625 84.4812469482421875 86.7062530517578125 89.99375152587890625 94.8249969482421875 99.0625 100.68125152587890625 100.19374847412109375 99.5437469482421875 100.5124969482421875 102.44374847412109375
111.83750152587890625 110.41249847412109375 110.9562530517578125 112.4250030517578125 115.40625 118.15625 119.625 118.59999847412109375 115.6687469482421875 113.91249847412109375 116.61875152587890625 117.8625030517578125 120.4187469482421875 120.40625 120.1125030517578125 118.6875 117.4375 116 114.2624969482421875 109.09999847412109375 103.9375 99.9375 93.97499847412109375 91.4187469482421875 88.0812530517578125 84.96875 82.8312530517578125 81.59375 80.71250152587890625 78.7624969482421875 78.75624847412109375 76.65000152587890625 75.91249847412109375 75.80625152587890625 76.4562530517578125 79.33750152587890625 82.41249847412109375 85.30625152587890625 87.53749847412109375 88.75624847412109375 88.4812469482421875 87.8312530517578125 88.84999847412109375 90.71875
112.66249847412109375 112.0749969482421875 113.21250152587890625 114.9187469482421875 118.58750152587890625 121.4499969482421875 122.8562469482421875 121.5 119.375 118.16249847412109375 118.375 117.9499969482421875 119.40625 120.29375457763671875 118.3562469482421875 117.08750152587890625 114.38124847412109375 112.6875 110.91249847412109375 107.58750152587890625 102.8125 97.31874847412109375 91.09375 87.68125152587890625 83.5 80.4875030517578125 78.8249969482421875 77.75624847412109375 77.03125 75.99375152587890625 74.2624969482421875 71.78125 70.3249969482421875 70.2312469482421875 70.3312530517578125 72.0625 74.4562530517578125 76.2312469482421875 76.8249969482421875 77.4499969482421875 77.1374969482421875 77.05625152587890625 75.78749847412109375 76.86875152587890625
115.125 114.83750152587890625 116.24375152587890625 117.91249847412109375 121.15000152587890625 125.06874847412109375 126.75 123.90000152587890625 121.0124969482421875 119.90625 120.21250152587890625 120.2062530517578125 119.49375152587890625 118.65000152587890625 115.59999847412109375 113.1062469482421875 109.52500152587890625 107.86875152587890625 106.2624969482421875 104.28125 101.7687530517578125 96.5437469482421875 89.8000030517578125 82.53749847412109375 79.33750152587890625 78.5625 77.19374847412109375 75.1437530517578125 73.34375 71.90625 70.2312469482421875 67.63124847412109375 65.91249847412109375 64.77500152587890625 64.2312469482421875 65.00624847412109375 66.30625152587890625 67.11875152587890625 67.96250152587890625 67.31874847412109375 65.97499847412109375 65.2624969482421875 65.4250030517578125 64.7624969482421875
116.6750030517578125 116.6125030517578125 118.16249847412109375 120.80625152587890625 123.90625 127.375 129.8249969482421875 127.2062530517578125 123.2375030517578125 120.81874847412109375 120.78125 120.5625 117.27500152587890625 114.2687530517578125 112.40000152587890625 109.1125030517578125 105.9562530517578125 103.31874847412109375 101.9375 101.9562530517578125 101.34375 96.375 89.09375 80.93125152587890625 76.7312469482421875 74.6687469482421875 72.81874847412109375 71.00624847412109375 68.72499847412109375 67.2375030517578125 65.2062530517578125 62.674999237060546875 60.8125 59.987499237060546875 59.90625 60.15625 60.612499237060546875 60.94374847412109375 59.75624847412109375 57.84999847412109375 55.86875152587890625 54.606250762939453125 54.66249847412109375 53.78749847412109375
117.4562530517578125 117.46875 118.71250152587890625 120.3562469482421875 122.61875152587890625 125.4499969482421875 126.63124847412109375 124.71250152587890625 122.55625152587890625 120.8249969482421875 119.6125030517578125 118.76250457763671875 115.5437469482421875 109.31874847412109375 105.75 103.6062469482421875 100.5812530517578125 98.6125030517578125 97.6687469482421875 97.5437469482421875 97.8562469482421875 94.3562469482421875 87.52500152587890625 80.1125030517578125 73.52500152587890625 70.5 69.3562469482421875 67.90625 65.96875 63.762500762939453125 60.71875 57.831249237060546875 56.21875 54.59999847412109375 54.106250762939453125 54.875 56.325000762939453125 57.075000762939453125 56.512500762939453125 52.4375 48.28125 47.71250152587890625 46.893749237060546875 42.34375
117.4375 117.1437530517578125 117.44374847412109375 118.53125 120.56874847412109375 121.72499847412109375 122.0500030517578125 121.66249847412109375 119.91249847412109375 118.90000152587890625 116.68125152587890625 113.08750152587890625 109.41249847412109375 103.86875152587890625 98.33750152587890625 96.75 94.21250152587890625 92.15625 90.6374969482421875 90.65000152587890625 90.81874847412109375 87.7312469482421875 83.25624847412109375 78.78749847412109375 73.41249847412109375 69.36875152587890625 67.34375 65.11875152587890625 62.512500762939453125 60.09999847412109375 57.83750152587890625 54.424999237060546875 52.06874847412109375 50.21875 49.74375152587890625 51.5625 54.24375152587890625 57.08750152587890625 57.38124847412109375 54.34999847412109375 46.487499237060546875 42.03749847412109375 41.25 40.237499237060546875
117.34375 116.18125152587890625 115.96875 116.78749847412109375 118.5124969482421875 117.59375 118.5437469482421875 117.7312469482421875 115.68125152587890625 115.0124969482421875 111.66249847412109375 107.34375 102.6875 97.2312469482421875 91.0625 87.96250152587890625 86.2312469482421875 85.2062530517578125 83.4187469482421875 83.4812469482421875 84.125 83.00624847412109375 80.7375030517578125 78.59375 76.05625152587890625 72.59999847412109375 69.2687530517578125 65.17499542236328125 61.28749847412109375 58.625 54.59999847412109375 51.043750762939453125 49.168750762939453125 47.03749847412109375 45.325000762939453125 48.41249847412109375 54.262500762939453125 61.231250762939453125 64.78749847412109375 61.487499237060546875 55.075000762939453125 49.112499237060546875 46.46875 43.69374847412109375
116.1437530517578125 114.4499969482421875 114.5749969482421875 114.8874969482421875 115.08750152587890625 115.25 115.1437530517578125 113.94374847412109375 112.2624969482421875 111.1875 107.3249969482421875 101.81874847412109375 96.38124847412109375 91.0437469482421875 85.3125 80.1750030517578125 78.31874847412109375 78.40000152587890625 77.0625 77.5187530517578125 78.00624847412109375 78.9562530517578125 79.6750030517578125 80.08750152587890625 78.84999847412109375 75.0187530517578125 70.3625030517578125 66.00624847412109375 61.93125152587890625 58.11875152587890625 55.00624847412109375 50.50624847412109375 47.456249237060546875 45.643749237060546875 43.137500762939453125 48.34375 57.15625 65.15000152587890625 72.15000152587890625 71.56874847412109375 67.8562469482421875 59.387500762939453125 51.875 45.90625
113.46875 112.2062530517578125 112.7375030517578125 113.0625 112.8312530517578125 113.02500152587890625 112.6062469482421875 111.78749847412109375 109.59375 107.1374969482421875 103.55625152587890625 97.53125 90.93125152587890625 85.0500030517578125 80.9375 76.61875152587890625 72 71.4875030517578125 71.68125152587890625 71.99375152587890625 72.61875152587890625 74.59375 77.94374847412109375 81.2624969482421875 81.7375030517578125 76.5812530517578125 71.4375 66.8562469482421875 62.768749237060546875 59.21250152587890625 56.90000152587890625 54.44374847412109375 50.68125152587890625 48.018749237060546875 49.22499847412109375 53.587497711181640625 61.15625 73.68125152587890625 86.375 81.9250030517578125 73.6687469482421875 63.649997711181640625 53.66249847412109375 47.856250762939453125
111.6062469482421875 110.7062530517578125 110.3562469482421875 110.69374847412109375 111.41249847412109375 111.5437469482421875 110.46875 108.86875152587890625 106.7312469482421875 103.13124847412109375 98.9562530517578125 93.0500030517578125 86.5124969482421875 80.7624969482421875 76.6437530517578125 73.0749969482421875 69.00624847412109375 65.3249969482421875 66.51250457763671875 66.49375152587890625 67.8562469482421875 69.53125 73.49375152587890625 78.1875 80.18125152587890625 76.2312469482421875 72.28749847412109375 67.9562530517578125 63.375 59 56.06874847412109375 53.63124847412109375 55.575000762939453125 57.575000762939453125 56.6875 57.4375 66.75624847412109375 77.94374847412109375 84.5625 81.8937530517578125 71.375 61.66249847412109375 53.28125 49.3125
109.46250152587890625 108.21250152587890625 107.7624969482421875 108.68125152587890625 109.1437530517578125 109.28749847412109375 108.09999847412109375 107.31874847412109375 104.28749847412109375 100.18125152587890625 95.36875152587890625 89.0625 82.3937530517578125 76.96875 72.55625152587890625 69.90625 66.7687530517578125 62.68125152587890625 61.30625152587890625 61.293750762939453125 64.03125 69.38124847412109375 68.0124969482421875 72.22499847412109375 75.59375 76.1062469482421875 73.78125 69.3562469482421875 66.30625152587890625 61.16249847412109375 57.049999237060546875 58.56874847412109375 65.22499847412109375 67.5749969482421875 68.02500152587890625 69.03749847412109375 72.91249847412109375 76.93125152587890625 78.71250152587890625 74.6999969482421875 66.41249847412109375 58.625 52.362499237060546875 49.40000152587890625
