data/historical-monthly-weather-data/wc2.1_cruts4.09_10m_prec_1974-03.asc
ncols        45
nrows        45
xllcorner    -63.500000000000
yllcorner    -7.500000000000
cellsize     0.166666666667
NODATA_value -9999
[rows 0 to 18 of 45, columns 0 to 43 of 45]
132.2687530517578125 131.1812591552734375 132.4375 137.9375 142.212493896484375 147.1687469482421875 149.5124969482421875 151.287506103515625 152.475006103515625 156.21875 162.9250030517578125 169.806243896484375 176.875 181.59375 186.5812530517578125 191.46875 198.625 201.6437530517578125 207.3312530517578125 212.5625 218.1437530517578125 222.5749969482421875 227.524993896484375 228.318756103515625 230.9562530517578125 233.1750030517578125 233.5437469482421875 236.743743896484375 238.8312530517578125 238.3249969482421875 241.5437469482421875 242.2687530517578125 245.1687469482421875 250.193756103515625 254.587493896484375 259.712493896484375 263.79376220703125 268.32501220703125 273.693756103515625 277.693756103515625 281.95001220703125 285.787506103515625 288.087493896484375 291.350006103515625
134.3312530517578125 132.7624969482421875 136.6125030517578125 141.96875 147.0500030517578125 151.2937469482421875 153.337493896484375 155.8625030517578125 159.600006103515625 163.975006103515625 170.1875 175.943756103515625 181.8125 186.53125 191.1750030517578125 196.3312530517578125 202.7624969482421875 207.5 212.1875 217.037506103515625 221.4499969482421875 225.4375 230.3000030517578125 232.868743896484375 235.84375 239.1437530517578125 240.40625 244.8125 247.256256103515625 247.53125 249.350006103515625 252.5749969482421875 255.96875 264.0625 268.57501220703125 275.01251220703125 281.10626220703125 286.037506103515625 291.125 294.45001220703125 299.14373779296875 302.39373779296875 304.162506103515625 306.53125
136.9499969482421875 136.2937469482421875 140.756256103515625 146.09375 150.3937530517578125 154.03125 157.6999969482421875 161.6875 166.03125 171.118743896484375 175.193756103515625 179.3562469482421875 184.5437469482421875 189.087493896484375 193.818756103515625 200.024993896484375 206.306243896484375 211.5812530517578125 215.8937530517578125 220.5124969482421875 225.0437469482421875 229.506256103515625 233.087493896484375 236.84375 240.875 243.4812469482421875 246.3125 251.4812469482421875 254.1875 254.806243896484375 258.23126220703125 262.131256103515625 267.462493896484375 273.868743896484375 282.006256103515625 286.91876220703125 293.90625 301.287506103515625 306.04376220703125 310.587493896484375 314.98126220703125 317.07501220703125 317.943756103515625 318.64373779296875
138.2937469482421875 139.15625 145.068756103515625 149.7937469482421875 153.787506103515625 156.4875030517578125 160.28125 164.96875 170.90625 176.0124969482421875 178.743743896484375 181.0187530517578125 184.287506103515625 188.087493896484375 193.65625 200.15625 208.1062469482421875 214.212493896484375 219.25 223.725006103515625 228.975006103515625 232.318756103515625 234.368743896484375 238.4375 242.96875 246.2687530517578125 250.4562530517578125 254.6374969482421875 258.506256103515625 261.3125 264.256256103515625 270.818756103515625 276.524993896484375 283.368743896484375 291.506256103515625 299.1875 307.5 315.91876220703125 322.512481689453125 326.73748779296875 329.375 331.51873779296875 331.90625 331
143.5749969482421875 143.6437530517578125 147.2312469482421875 152.193756103515625 155.875 158.1125030517578125 160.6062469482421875 165.2375030517578125 172.600006103515625 178.9375 180.100006103515625 180.2624969482421875 182.7937469482421875 187.5749969482421875 192.8874969482421875 200.524993896484375 208.6187591552734375 215.850006103515625 220.2687530517578125 224.068756103515625 229.53125 232.125 235.181243896484375 240.243743896484375 244.993743896484375 249.2750091552734375 252.8874969482421875 257.88751220703125 265.118743896484375 267.068756103515625 272.20623779296875 277.743743896484375 286.23126220703125 294.76251220703125 303.618743896484375 312.65625 321.61248779296875 330.368743896484375 338.149993896484375 341.881256103515625 345.70001220703125 345.556243896484375 344.51251220703125 343.85626220703125
147.9250030517578125 148.568756103515625 153.0187530517578125 156.100006103515625 157.6374969482421875 160.0687408447265625 162.556243896484375 166.475006103515625 173.8937530517578125 181.1062469482421875 180.381256103515625 180.3874969482421875 184.056243896484375 188.3562469482421875 194.368743896484375 201.943756103515625 210.1125030517578125 216.3249969482421875 220.9250030517578125 223.9250030517578125 229.1687469482421875 233.618743896484375 238.0187530517578125 243.431243896484375 249.162506103515625 255.4499969482421875 259.787506103515625 264.15625 269.79376220703125 273.65625 278.337493896484375 284.96875 292.443756103515625 304.350006103515625 315.78125 324.98126220703125 336.662506103515625 346.65625 355.10626220703125 360.962493896484375 362.90625 362.587493896484375 360.88751220703125 359.01251220703125
151.068756103515625 151.5625 155.3562469482421875 157.1125030517578125 157.243743896484375 158.8874969482421875 160.8874969482421875 162.787506103515625 166.274993896484375 169.9499969482421875 173.381256103515625 176.931243896484375 182.149993896484375 187.681243896484375 194.34375 201.8249969482421875 209.7062530517578125 214.09375 217.3625030517578125 221.9562530517578125 227.4812469482421875 234.006256103515625 239.524993896484375 246.4499969482421875 253.881256103515625 260.66876220703125 265.64373779296875 269.79998779296875 273.681243896484375 276.837493896484375 284.399993896484375 291.20623779296875 299.64373779296875 310.431243896484375 323.29376220703125 335.21875 347.149993896484375 358.868743896484375 371.568756103515625 376.462493896484375 375.46875 375.1875 372.993743896484375 370.89373779296875
152.100006103515625 152.2312469482421875 154.662506103515625 156.368743896484375 157.212493896484375 158.28125 157.7687530517578125 155.6999969482421875 154.5124969482421875 157.4812469482421875 164.524993896484375 171.850006103515625 179.71875 186.9875030517578125 193.693756103515625 201.0625 207.15625 209.9187469482421875 212.8874969482421875 217.399993896484375 225.087493896484375 233.306243896484375 240.9562530517578125 248.8562469482421875 258.931243896484375 265.79376220703125 269.712493896484375 273.618743896484375 276.318756103515625 279.71875 286.125 296.03125 304.42498779296875 315.76251220703125 329.068756103515625 341.67498779296875 354.881256103515625 367.48748779296875 379.60626220703125 384.350006103515625 384.8125 384.162506103515625 381.86248779296875 379.28125
153.4250030517578125 153.1687469482421875 155.6125030517578125 157.34375 157.787506103515625 158.4499969482421875 157.3312530517578125 153.993743896484375 149.3125 150.337493896484375 160.368743896484375 170.46875 180.6437530517578125 188.15625 194.3249969482421875 200.59375 205.4812469482421875 208.34375 212.787506103515625 217.756256103515625 224.6999969482421875 235.1062469482421875 244.087493896484375 256.5 266.98126220703125 273.068756103515625 274.21875 275.756256103515625 278.98748779296875 281.118743896484375 287.51251220703125 296.98126220703125 305.600006103515625 316.21875 328.32501220703125 342.306243896484375 357.993743896484375 371.09375 383.274993896484375 388.631256103515625 390.287506103515625 389.54998779296875 387.975006103515625 385.193756103515625
154.787506103515625 154.2062530517578125 156.1875 157.7687530517578125 158.693756103515625 159.618743896484375 159.274993896484375 157 154.774993896484375 156.6750030517578125 164.056243896484375 172.5124969482421875 182.6750030517578125 190.8937530517578125 195.5749969482421875 200.2312469482421875 204.2937469482421875 207.443756103515625 211.8000030517578125 217.1374969482421875 225.1125030517578125 236.899993896484375 249.524993896484375 264.88751220703125 274.125 279.71875 279.962493896484375 279.71875 280.412506103515625 280.96875 285.73126220703125 296.04376220703125 305.818756103515625 317.375 329.162506103515625 342.89373779296875 358.25 372.92498779296875 386.03125 393.79998779296875 397.556243896484375 397.600006103515625 393.506256103515625 386.024993896484375
156.21875 155.587493896484375 156.975006103515625 158.662506103515625 160.256256103515625 162.181243896484375 162.850006103515625 161.5187530517578125 161.756256103515625 164.7937469482421875 170.287506103515625 177.899993896484375 186.3125 194.568756103515625 197.7687530517578125 200.2062530517578125 202.6374969482421875 206.0749969482421875 209.875 215.399993896484375 225.8125 239.056243896484375 255.28125 269.83123779296875 282.743743896484375 285.743743896484375 284.462493896484375 284.9375 283.76873779296875 282.162506103515625 286.975006103515625 295.493743896484375 304.693756103515625 315.98748779296875 328.225006103515625 341.537506103515625 356.537506103515625 371.71875 385.79376220703125 396.712493896484375 402.056243896484375 400.51251220703125 394.243743896484375 385.42498779296875
158.6374969482421875 158.087493896484375 159.5187530517578125 161.662506103515625 163.03125 166.118743896484375 168.306243896484375 168.475006103515625 170.09375 173.181243896484375 177.8312530517578125 183.131256103515625 188.8000030517578125 194.9187469482421875 199.0749969482421875 201.2624969482421875 202.0437469482421875 204.9812469482421875 208.931243896484375 214.125 223.7687530517578125 238.756256103515625 258.225006103515625 277.61248779296875 288.806243896484375 286.73748779296875 284.100006103515625 284.212493896484375 285.662506103515625 287.04376220703125 288.756256103515625 294.58123779296875 302.274993896484375 312.07501220703125 322.76873779296875 337.54998779296875 353.34375 368.631256103515625 382.39373779296875 395.475006103515625 402.86248779296875 399.42498779296875 388.850006103515625 373.381256103515625
161.225006103515625 160.4875030517578125 162.2062530517578125 163.9875030517578125 165.943756103515625 169.912506103515625 172.6437530517578125 174.443756103515625 176.90625 181.162506103515625 186.4375 189.625 193.4562530517578125 196.0749969482421875 199.3312530517578125 201.2375030517578125 201.681243896484375 205.087493896484375 209.681243896484375 213.943756103515625 221.7687530517578125 237.0124969482421875 256.54998779296875 273.42498779296875 278.787506103515625 278.537506103515625 281.76251220703125 284.649993896484375 287.912506103515625 290.256256103515625 292.037506103515625 294.399993896484375 299.51251220703125 307.71875 317.26873779296875 330.57501220703125 346.34375 362.01251220703125 377.850006103515625 393.48126220703125 403.88751220703125 398.118743896484375 378.53125 359.11248779296875
162.71875 162.3312530517578125 164.068756103515625 165.96875 168.5187530517578125 172.0500030517578125 176.0625 179.881256103515625 184.3874969482421875 189.287506103515625 194.25 196.006256103515625 197.2312469482421875 199.024993896484375 199.381256103515625 201.2312469482421875 201.5749969482421875 204.8125 209.2312469482421875 214.493743896484375 224.756256103515625 238.6437530517578125 254.5187530517578125 266.1875 271.76873779296875 275.537506103515625 280.09375 284.149993896484375 288.04376220703125 290.85626220703125 293.86248779296875 295.51873779296875 297.125 301.774993896484375 309.681243896484375 323.54376220703125 340.20623779296875 355.431243896484375 370.818756103515625 385.662506103515625 395.57501220703125 383.837493896484375 366.85626220703125 351.98126220703125
162.09375 161.5187530517578125 163.7937469482421875 167 170.306243896484375 174.3874969482421875 179.6687469482421875 184.818756103515625 189.5749969482421875 194.7312469482421875 200.037506103515625 200.8562469482421875 201.03125 201.4375 200.2562408447265625 201.34375 201.462493896484375 205.4875030517578125 209.4875030517578125 214.756256103515625 226.3249969482421875 239.712493896484375 253.46875 263.443756103515625 270.975006103515625 278.03125 282.73748779296875 286.850006103515625 291.556243896484375 294.89373779296875 295.368743896484375 295.493743896484375 296.681243896484375 296.5625 300.793731689453125 316.26251220703125 334.462493896484375 349.83123779296875 360.850006103515625 368.681243896484375 370.181243896484375 364.71875 358.21875 347.20001220703125
159.90625 160.100006103515625 163.3000030517578125 167.225006103515625 171.40625 177.2312469482421875 182.875 188.3874969482421875 194.5437469482421875 200.5749969482421875 205.21875 205.818756103515625 205.2375030517578125 204.3249969482421875 203.0437469482421875 202.0500030517578125 201.5437469482421875 205.6750030517578125 209.6374969482421875 215.412506103515625 226.943756103515625 239.84375 252.993743896484375 262.274993896484375 270.23748779296875 278.787506103515625 284.431243896484375 289.868743896484375 296.23748779296875 299.412506103515625 300.774993896484375 299.67498779296875 297.587493896484375 296.58123779296875 298.5625 318.96875 335.04376220703125 342.881256103515625 348.25 352.61248779296875 353 351.28125 347.875 340.95623779296875
157.681243896484375 158.818756103515625 162.15625 166.9375 172.28125 178.712493896484375 185.868743896484375 192.2937469482421875 198.662506103515625 205.100006103515625 209.6999969482421875 210.225006103515625 209.34375 207.006256103515625 206.2937469482421875 204.125 201.318756103515625 204.256256103515625 209 214.5437469482421875 226.306243896484375 239.6062469482421875 253.0625 262.181243896484375 270.95623779296875 278.4375 284.875 291.91876220703125 298.287506103515625 303.318756103515625 305.73748779296875 305.056243896484375 303.506256103515625 305.84375 318.931243896484375 335.693756103515625 342.381256103515625 342.15625 340.9375 340.64373779296875 342.39373779296875 341.743743896484375 337.975006103515625 333
153.037506103515625 154.9499969482421875 159.462493896484375 165.2062530517578125 171.118743896484375 177.806243896484375 184.8562469482421875 192.0625 199.368743896484375 206.368743896484375 212.118743896484375 213.8874969482421875 212.556243896484375 211.0437469482421875 209.6437530517578125 206.3937530517578125 203.162506103515625 201.59375 207.618743896484375 212.6999969482421875 225.03125 237.5437469482421875 249.537506103515625 258.587493896484375 267.59375 277.57501220703125 283.48126220703125 292.14373779296875 300.89373779296875 306.618743896484375 308.41876220703125 303.412506103515625 303.63751220703125 311.125 329.66876220703125 354.76873779296875 350.212493896484375 341.28125 335.70001220703125 335.23126220703125 333.899993896484375 332.71875 330.212493896484375 325.96875
147.7937469482421875 150.5500030517578125 155.537506103515625 161.8937530517578125 168.90625 176.5124969482421875 184.037506103515625 191.556243896484375 199.2312469482421875 207.006256103515625 213.506256103515625 214.243743896484375 214.850006103515625 214.6125030517578125 211.725006103515625 207.40625 203.0500030517578125 200.6374969482421875 202.8125 207.90625 221.0749969482421875 234.3000030517578125 242.3874969482421875 252.1875 262.743743896484375 274.23126220703125 282.193756103515625 290.131256103515625 300.11248779296875 307.88751220703125 311.506256103515625 303.600006103515625 298.61248779296875 298.287506103515625 310.13751220703125 331.29998779296875 333.04376220703125 330.125 329.475006103515625 328.28125 327.725006103515625 325.443756103515625 323.45623779296875 320.399993896484375
