data/historical-monthly-weather-data/wc2.1_cruts4.09_10m_prec_1983-02.asc
ncols        45
nrows        45
xllcorner    -63.500000000000
yllcorner    -7.500000000000
cellsize     0.166666666667
NODATA_value -9999
[rows 0 to 18 of 45, columns 0 to 43 of 45]
67.125 61.1875 60.58750152587890625 61.94374847412109375 62.768749237060546875 66.91249847412109375 70.7687530517578125 73.34999847412109375 75.7687530517578125 79.5187530517578125 85.2375030517578125 90.13124847412109375 94.5812530517578125 95.83750152587890625 97.90000152587890625 100.0437469482421875 102.77500152587890625 102.96875 105.90625 109.17499542236328125 112.1750030517578125 115.18125152587890625 119.34999847412109375 121.90000152587890625 124.84375 128.181243896484375 130.881256103515625 133.5812530517578125 136.056243896484375 134.149993896484375 131.943756103515625 129.8125 127.3249969482421875 125.0124969482421875 123.25624847412109375 123.1437530517578125 122.15625 121 121.77500152587890625 121.77500152587890625 122.50624847412109375 123.24375152587890625 123.0437469482421875 124.78749847412109375
68.8312530517578125 61.71875 60.768749237060546875 60.549999237060546875 61.075000762939453125 65.7062530517578125 69.86875152587890625 74.375 79.1437530517578125 83.7375030517578125 88.7687530517578125 92.5749969482421875 95.9187469482421875 98.11875152587890625 100.1374969482421875 101.9812469482421875 104.3125 106.1374969482421875 109.46875 112.83750152587890625 115.4187469482421875 118.68125152587890625 122.6374969482421875 125.3249969482421875 127.8625030517578125 131.46875 134.1750030517578125 137.556243896484375 140.100006103515625 138.0875091552734375 134.7624969482421875 133.0812530517578125 131.881256103515625 131.3562469482421875 130.412506103515625 131.0812530517578125 131.149993896484375 130.6437530517578125 131.90625 132.431243896484375 133.4187469482421875 133.850006103515625 133.21875 134.28125
73.8125 66.625 64.53125 63.38124847412109375 63.21250152587890625 66.9499969482421875 71.5124969482421875 76.8249969482421875 82.71875 87.5500030517578125 91.55625152587890625 94.69374847412109375 97.24375152587890625 98.86875152587890625 100.65000152587890625 102.3625030517578125 104.21875 106.52500152587890625 109.5 112.7375030517578125 115 118.63750457763671875 121.625 123.86875152587890625 127.15000152587890625 129.6999969482421875 132.875 137.006256103515625 139.2687530517578125 136.631256103515625 133.9375 131.681243896484375 130.868743896484375 129.53125 129.181243896484375 129.412506103515625 130.15625 130.9187469482421875 132.006256103515625 132.993743896484375 134.125 134.625 134.4812469482421875 134.631256103515625
78.74375152587890625 71.78125 69.16249847412109375 67.0124969482421875 66.53749847412109375 69.0124969482421875 73.1125030517578125 78.34999847412109375 84.90000152587890625 90.1875 93.18125152587890625 95 96 96.88124847412109375 99.03749847412109375 101.0437469482421875 103.06874847412109375 104.30625152587890625 107.3000030517578125 111.59375 114.03125 116.47499847412109375 118.2937469482421875 120.3249969482421875 122.75 125.1437530517578125 129.4875030517578125 133.9562530517578125 136.75 134.537506103515625 131.181243896484375 129.53125 127.81874847412109375 126.4812469482421875 125.25624847412109375 126.375 127.5500030517578125 128.4812469482421875 130.5749969482421875 132.1750030517578125 132.875 133.756256103515625 134.149993896484375 134.1999969482421875
85.59999847412109375 77.6750030517578125 73.1875 70.34375 69.03125 70.90000152587890625 73.75 78.6687469482421875 86.2375030517578125 92.33750152587890625 92.75 92.6875 93.59999847412109375 94.50624847412109375 96.5187530517578125 98.88124847412109375 101.2375030517578125 101.68125152587890625 104.80625152587890625 109.09375 111.375 112.33750152587890625 113.71250152587890625 115.5749969482421875 117.3625030517578125 119.75624847412109375 123.63124847412109375 128.4187469482421875 133.475006103515625 131.6999969482421875 128.6750030517578125 125.96875 124.7937469482421875 123.3874969482421875 121.90625 123.43125152587890625 125.5124969482421875 127.28125 129.8874969482421875 131.3000030517578125 132.6687469482421875 133.2937469482421875 133.5 133.78125
90.7624969482421875 83.46250152587890625 78.3125 74.65000152587890625 72.91249847412109375 75 78.0749969482421875 82.59375 90.25 97.15625 95.77500152587890625 95.13124847412109375 96.00624847412109375 97.13124847412109375 99.1687469482421875 101.9562530517578125 103.52500152587890625 103.0625 105.24375152587890625 108.41249847412109375 109.44374847412109375 110.08750152587890625 111.02500152587890625 112.4250030517578125 113.81874847412109375 116.5749969482421875 121.0187530517578125 125.81874847412109375 130.5500030517578125 129.0812530517578125 126.5437469482421875 124.27500152587890625 122.8874969482421875 122.9499969482421875 122.4812469482421875 124.7062530517578125 127.78749847412109375 130.493743896484375 133.9875030517578125 135.743743896484375 136.1999969482421875 136.2062530517578125 135.943756103515625 135.5812530517578125
96.25624847412109375 89.06874847412109375 84.1125030517578125 79.6875 77.44374847412109375 78.7937469482421875 81.27500152587890625 84.21875 89.69374847412109375 93.34999847412109375 94.52500152587890625 96.0187530517578125 97.6875 99.46250152587890625 102.0749969482421875 104.9499969482421875 107.34999847412109375 106.9562530517578125 107.09999847412109375 107.05625152587890625 106.2687530517578125 106.4250030517578125 106.3312530517578125 107.65000152587890625 110.3249969482421875 112.8562469482421875 117.58750152587890625 123.09999847412109375 126.9875030517578125 125.55625152587890625 124.16249847412109375 122.5 122.16249847412109375 121.53749847412109375 121.78749847412109375 125.8000030517578125 129.75 133.837493896484375 138.649993896484375 140.6125030517578125 140.0625 139.6374969482421875 139.056243896484375 137.993743896484375
101.58750152587890625 94 88.94374847412109375 85.2375030517578125 82.6750030517578125 82.8125 83.49375152587890625 84.16249847412109375 86.36875152587890625 88.9250030517578125 92.1437530517578125 96.1875 99.4375 101.58750152587890625 104.16249847412109375 107.1437530517578125 109.5500030517578125 108.8874969482421875 107.78749847412109375 104.2687530517578125 101.90000152587890625 101.16249847412109375 100.75624847412109375 102.6062469482421875 105.53749847412109375 108.3937530517578125 113.38124847412109375 118.7062530517578125 123.3874969482421875 122.4375 120.77500152587890625 120.15000152587890625 120.40625 120.8000030517578125 121.5812530517578125 126.00624847412109375 131.056243896484375 135.931243896484375 140.600006103515625 143.274993896484375 143.875 143.681243896484375 142.931243896484375 141.056243896484375
106.7624969482421875 99.3000030517578125 94.1687469482421875 90.49375152587890625 87.47499847412109375 86.5500030517578125 86.5187530517578125 86.0437469482421875 86.74375152587890625 89.0625 93.5812530517578125 99.56874847412109375 104.25624847412109375 107.28125 108.03749847412109375 109.28749847412109375 109.8562469482421875 108.2312469482421875 106.7937469482421875 102.5625 99.40000152587890625 98.31874847412109375 97.94374847412109375 100.72499847412109375 103.6125030517578125 106.33750152587890625 110.83750152587890625 115.9499969482421875 120.875 120.49375152587890625 119.94374847412109375 120.15000152587890625 120.8562469482421875 121.55625152587890625 122.90625 128.381256103515625 134.3249969482421875 140.0437469482421875 145.6374969482421875 149.2937469482421875 150.7937469482421875 151.024993896484375 150.837493896484375 149.5187530517578125
111.90625 104.5625 99.6750030517578125 95.59999847412109375 92.16249847412109375 90.78125 90.5625 89.97499847412109375 91.88124847412109375 94.72499847412109375 99.2624969482421875 104.84999847412109375 110.625 113.7062530517578125 112.43125152587890625 110.2937469482421875 108.02500152587890625 105.3874969482421875 102.11875152587890625 98.40625 95.96250152587890625 95.18125152587890625 95.41249847412109375 98.93125152587890625 101.74375152587890625 104.13124847412109375 108.6875 113.18125152587890625 118.3249969482421875 118.84375 118.66249847412109375 119.52500152587890625 121.0124969482421875 122.875 125.18125152587890625 131.274993896484375 138.09375 144.2312469482421875 150.4250030517578125 155.53125 158.899993896484375 159.868743896484375 159.5812530517578125 157.9187469482421875
116.75624847412109375 109.49375152587890625 104.63124847412109375 100.44374847412109375 96.71250152587890625 95.2687530517578125 94.83750152587890625 94.9375 97.78749847412109375 101.4812469482421875 106.4187469482421875 112.2375030517578125 117.375 120.0124969482421875 116.09375 110.91249847412109375 105.625 101.52500152587890625 97.47499847412109375 93.96875 91.625 91.1062469482421875 92.36875152587890625 95.40000152587890625 99.4499969482421875 101.625 105.6125030517578125 110.42499542236328125 114.95000457763671875 116.0812530517578125 117.2687530517578125 118.9499969482421875 120.9187469482421875 123.44374847412109375 127.0812530517578125 134.2312469482421875 141.225006103515625 148.662506103515625 155.5124969482421875 161.1312408447265625 165.631256103515625 166.8125 166.975006103515625 165.806243896484375
122.36875152587890625 115.00624847412109375 109.83750152587890625 105.7312469482421875 102.19374847412109375 100.99375152587890625 100.84375 101.9499969482421875 105.4499969482421875 109.91249847412109375 115.375 119.91249847412109375 122.1687469482421875 122.2937469482421875 117.65625 111.4875030517578125 105.6125030517578125 100.6687469482421875 95.84375 91.71875 89.06874847412109375 88.875 91.30625152587890625 95.69374847412109375 99.3937530517578125 100.77500152587890625 104.34999847412109375 108.9499969482421875 113.625 115.94374847412109375 117.97499847412109375 120.05625152587890625 122.46875 125.16249847412109375 128.993743896484375 136.7062530517578125 145.0437469482421875 153.21875 160.712493896484375 167.21875 172.71875 173.65625 172.375 169.7312469482421875
126.7937469482421875 119.78749847412109375 114.99375152587890625 110.84999847412109375 107.83750152587890625 107.2312469482421875 107.78749847412109375 109.1374969482421875 113.19374847412109375 118.83750152587890625 124.44374847412109375 126.86875152587890625 126.2937469482421875 123.10625457763671875 117.8125 111.3125 105.2937469482421875 100.43125152587890625 95.75 91.13124847412109375 87.3312530517578125 87.36875152587890625 90.21250152587890625 94.22499847412109375 96.7687530517578125 98.1750030517578125 102.5749969482421875 107.40000152587890625 112.1374969482421875 115.34999847412109375 118.34999847412109375 121.21875 123.375 126.43125152587890625 130.662506103515625 138.493743896484375 147.2312469482421875 156.818756103515625 165.34375 172.837493896484375 179.743743896484375 179.868743896484375 176.068756103515625 171.6374969482421875
130.412506103515625 123.69374847412109375 119.1999969482421875 115.4375 112.8874969482421875 112.78749847412109375 114.21250152587890625 116.15625 120.9499969482421875 126.7624969482421875 131.975006103515625 131.40625 128.15625 123.5625 117.3000030517578125 111.2624969482421875 105.05625152587890625 100.59999847412109375 96.1125030517578125 92.2062530517578125 89.49375152587890625 88.88124847412109375 90.08750152587890625 92.40625 94.2624969482421875 95.75624847412109375 100.5437469482421875 105.53749847412109375 110.6687469482421875 114.1750030517578125 118.05625152587890625 121.47499847412109375 123.7687530517578125 127.03125 131.2937469482421875 139.7375030517578125 149.7624969482421875 160.3562469482421875 170.350006103515625 178.65625 184.625 181.9375 178.28125 174.662506103515625
132.5187530517578125 125.7062530517578125 121.75 118.9250030517578125 116.3874969482421875 117.1687469482421875 119.4875030517578125 121.75624847412109375 126.80625152587890625 132.493743896484375 136.8312530517578125 135.1875 130.84375 125.43125152587890625 119.4375 113.3249969482421875 107.58750152587890625 103.27500152587890625 99.3562469482421875 96.21250152587890625 93.78125 92.2624969482421875 92.22499847412109375 93.71875 94.96875 96.80625152587890625 101.5812530517578125 106.3874969482421875 111.35625457763671875 115.53125 119.24375152587890625 122.4875030517578125 124.7312469482421875 127.28749847412109375 131.4375 139.693756103515625 150.78125 162.875 173.7312469482421875 181.931243896484375 185.618743896484375 184.125 181.625 177.875
133.5812530517578125 126.91249847412109375 123.53125 121.21250152587890625 119.52500152587890625 121.00624847412109375 123.88124847412109375 126.44374847412109375 131.7687530517578125 137.8312530517578125 142.068756103515625 139.662506103515625 134.5437469482421875 128.068756103515625 122.0812530517578125 115.38124847412109375 110.46875 106.9812469482421875 103.71875 100.9875030517578125 98.00624847412109375 95.7687530517578125 94.7062530517578125 95.96250152587890625 96.58750152587890625 97.8125 102.19374847412109375 107.25624847412109375 112.59999847412109375 117.23749542236328125 121.5124969482421875 124.25 124.75 126.13124847412109375 129.0187530517578125 137.662506103515625 149.681243896484375 163.5625 176.6125030517578125 185.381256103515625 188.8625030517578125 186.5187530517578125 183.3125 179.5
133.149993896484375 127.34375 124.38124847412109375 122.6062469482421875 121.6437530517578125 123.78125 127.1062469482421875 130.5124969482421875 136.0812530517578125 142.462493896484375 147.3562469482421875 144.7062530517578125 139.2312469482421875 132.3000030517578125 126.0437469482421875 119.34999847412109375 113.6875 110.15000152587890625 107.19374847412109375 104.9375 102.0437469482421875 99.28749847412109375 97.28125 98.0812530517578125 98.7062530517578125 98.9375 102.6437530517578125 108.03125 113.9562530517578125 119.72499847412109375 124.2062530517578125 126.65000152587890625 125.44374847412109375 123.80625152587890625 125.6437530517578125 134.0124969482421875 146.3562469482421875 163.243743896484375 180.743743896484375 187.53125 188.9499969482421875 186.399993896484375 182.381256103515625 178.556243896484375
130.2312469482421875 124.8937530517578125 122.76874542236328125 121.53749847412109375 120.7312469482421875 123.0812530517578125 126.65000152587890625 130.306243896484375 136.4250030517578125 143.2624969482421875 149.368743896484375 148.5437469482421875 144.943756103515625 138.693756103515625 132.5500030517578125 125.74375152587890625 118.46875 113.1437530517578125 110.9187469482421875 108.65000152587890625 106.43125152587890625 103.27500152587890625 100.2312469482421875 100.21875 100.6374969482421875 101.03749847412109375 104.4812469482421875 110.49375152587890625 117.21875 123.92499542236328125 128.5 128.4375 125.3625030517578125 122.03125 121.6125030517578125 127.7937469482421875 141.912506103515625 158.681243896484375 174.7624969482421875 182.9375 184.600006103515625 182.75 180.1437530517578125 177.8000030517578125
126.5625 121.84999847412109375 120.03749847412109375 118.7312469482421875 118.2687530517578125 121.3125 124.63124847412109375 128.837493896484375 135.9250030517578125 143.337493896484375 150.681243896484375 151.2312469482421875 149.8187408447265625 146.381256103515625 139.493743896484375 130.9250030517578125 122.71250152587890625 116.2312469482421875 113.00624847412109375 111.22499847412109375 109.5500030517578125 106.58750152587890625 101.90000152587890625 101.65625 102.15625 103.28749847412109375 107.71250152587890625 113.8562469482421875 121.2312469482421875 129.1999969482421875 134.59375 133.368743896484375 127.20624542236328125 120.03749847412109375 116.4250030517578125 122.68125152587890625 136.4375 151.9187469482421875 166.1062469482421875 174.506256103515625 178.3000030517578125 177.4250030517578125 176.850006103515625 176.3562469482421875
