data/historical-monthly-weather-data/wc2.1_cruts4.09_10m_prec_1965-10.asc
ncols        45
nrows        45
xllcorner    -63.500000000000
yllcorner    -7.500000000000
cellsize     0.166666666667
NODATA_value -9999
[rows 0 to 18 of 45, columns 0 to 43 of 45]
324.28125 332.087493896484375 326.98126220703125 325.4375 320.5 307.76251220703125 290.09375 273.125 255.84375 241.53125 230.506256103515625 218.399993896484375 205.4187469482421875 190.3562469482421875 177.1062469482421875 164.337493896484375 152.21875 140.912506103515625 131.25 122.25624847412109375 116.2312469482421875 110.28749847412109375 105.1062469482421875 101.44374847412109375 98.4250030517578125 96.1687469482421875 95.9562530517578125 96.3937530517578125 97.2624969482421875 98.19374847412109375 99.49375152587890625 100.9562530517578125 102.93125152587890625 105.3562469482421875 108.1999969482421875 110.75 113.24375152587890625 115.52500152587890625 117.09999847412109375 118.3874969482421875 119.59375 120.3000030517578125 119.8937530517578125 118.55625152587890625
317.931243896484375 328.193756103515625 331.625 338.84375 344.89373779296875 331.10626220703125 314.3125 300.16876220703125 285.34375 270.01873779296875 255.4499969482421875 239.337493896484375 222.8562469482421875 206.0749969482421875 190.3312530517578125 175.912506103515625 161.068756103515625 148.8125 137.8937530517578125 128.3312530517578125 121.6875 116.09375 110.99375152587890625 107.0812530517578125 103.5187530517578125 100.1875 99.91249847412109375 100.0124969482421875 100.16249847412109375 100.43125152587890625 102.22499847412109375 104.5625 107.19374847412109375 110.56874847412109375 113.4562530517578125 115.91249847412109375 119.1125030517578125 121.65625 123.5625 124.84999847412109375 126.34375 127.2375030517578125 126.93125152587890625 125.4187469482421875
296.51873779296875 308.16876220703125 314.037506103515625 325.056243896484375 334.78125 328.48126220703125 320.931243896484375 315.243743896484375 305.524993896484375 292.006256103515625 275.868743896484375 256.662506103515625 237.631256103515625 218.5749969482421875 201.09375 184.943756103515625 169.84375 157.53125 146.475006103515625 136.78125 129.6999969482421875 124.25624847412109375 118.6750030517578125 113.5124969482421875 108.66249847412109375 104.6125030517578125 103.34375 102.61875152587890625 101.3000030517578125 101.80625152587890625 103.81874847412109375 105.6875 108.3562469482421875 112.0124969482421875 115.3937530517578125 118.28749847412109375 121.4812469482421875 124.88124847412109375 127.31874847412109375 128.931243896484375 130.6374969482421875 131.493743896484375 131.350006103515625 130.5124969482421875
271.60626220703125 282.1875 292.568756103515625 302.32501220703125 314.537506103515625 316.25 319.412506103515625 323.70001220703125 322.743743896484375 313.287506103515625 294.95001220703125 271.89373779296875 249.78125 229.381256103515625 211.65625 194.037506103515625 178.0124969482421875 166.4499969482421875 155.993743896484375 146.693756103515625 139.4812469482421875 132.71875 125.875 119.7062530517578125 113.53749847412109375 108.0437469482421875 105.74375152587890625 103.80625152587890625 101.8874969482421875 102.1062469482421875 103.90625 106.08750152587890625 108.13124847412109375 111.15000152587890625 114.11875152587890625 118.55625152587890625 122.83750152587890625 126.78749847412109375 129.931243896484375 132.1374969482421875 133.243743896484375 134.4499969482421875 134.6750030517578125 134.5
259.78125 263.59375 267.64373779296875 277.381256103515625 292.618743896484375 301.89373779296875 312.17498779296875 324.08123779296875 333.693756103515625 333.20001220703125 310.60626220703125 281.51873779296875 258.26251220703125 238.5625 219.8562469482421875 201.4875030517578125 185.6750030517578125 173.6437530517578125 163.399993896484375 154.4499969482421875 147.600006103515625 139.962493896484375 132.375 125.28749847412109375 117.8625030517578125 111.19374847412109375 107.34375 104.9250030517578125 102.81874847412109375 102.0812530517578125 103.3625030517578125 105.0749969482421875 107.5124969482421875 110.40625 113.88124847412109375 118.27500152587890625 123.11875152587890625 128.1624908447265625 131.3625030517578125 133.84375 135.1999969482421875 135.8000030517578125 136.743743896484375 136.84375
249.125 252.618743896484375 251.2125091552734375 252.631256103515625 269.212493896484375 283.35626220703125 294.92498779296875 307.35626220703125 318.58123779296875 324.63751220703125 300.850006103515625 273.6875 254.256256103515625 236.6875 219.850006103515625 204.681243896484375 189.881256103515625 179.006256103515625 170.1999969482421875 161.8312530517578125 154.28125 146.1875 138.056243896484375 129.0749969482421875 120.6750030517578125 113.03749847412109375 108.38124847412109375 104.7937469482421875 102.53749847412109375 101.22499847412109375 101.94374847412109375 103.83750152587890625 105.75624847412109375 108.63124847412109375 112.03125 116.7624969482421875 121.84375 127.72499847412109375 132.412506103515625 134.21875 133.6687469482421875 134.5437469482421875 135.2687530517578125 136.3000030517578125
244.0562591552734375 246.618743896484375 244.7375030517578125 244.1937408447265625 255.1750030517578125 264.212493896484375 272.368743896484375 278.73748779296875 280.931243896484375 278.006256103515625 270.118743896484375 256.73126220703125 244.287506103515625 231.84375 218.318756103515625 206.024993896484375 193.899993896484375 183.8625030517578125 175.6062469482421875 168.6875 160.975006103515625 152.350006103515625 143.09375 133.2312469482421875 123.81874847412109375 115.0812530517578125 109.99375152587890625 105.4250030517578125 101.6750030517578125 100.4562530517578125 100.625 101.52500152587890625 103.1374969482421875 106 109.46875 113.59375 118.65625 124.55625152587890625 130.837493896484375 131.149993896484375 130.006256103515625 129.6687469482421875 130.7375030517578125 132.662506103515625
240.8937530517578125 242.1062469482421875 242.71875 245.881256103515625 251.681243896484375 255.556243896484375 254.5749969482421875 248.631256103515625 237.443756103515625 233.6062469482421875 238.1062469482421875 236.462493896484375 232.399993896484375 225.1875 216.806243896484375 207.2624969482421875 197.59375 188.868743896484375 181.693756103515625 176.0812530517578125 168.1062469482421875 158.5187530517578125 148.3874969482421875 137.6937408447265625 127.09999847412109375 116.90625 110.69374847412109375 104.9562530517578125 100.39374542236328125 98.03125 97.96875 98.8000030517578125 100.4499969482421875 103.1875 106.0187530517578125 109.5749969482421875 113.2062530517578125 117.8937530517578125 121.53125 122.21875 121.11875152587890625 120.2312469482421875 120.25624847412109375 121.19374847412109375
240.412506103515625 243.368743896484375 246.1125030517578125 248.9812469482421875 253.21875 252.7312469482421875 247.881256103515625 235.3874969482421875 214.8874969482421875 205.7687530517578125 216.0749969482421875 220.5812530517578125 221.337493896484375 217.34375 213.0625 207.7937469482421875 201.256256103515625 194.9875030517578125 189.59375 183.4375 174.2687530517578125 164.212493896484375 152.03125 141.225006103515625 129.1687469482421875 117.65000152587890625 110.22499847412109375 105.1999969482421875 100.5749969482421875 97.7687530517578125 97.72499847412109375 98.375 99.4375 101.4375 103.49375152587890625 106.66249847412109375 109.77500152587890625 112.28749847412109375 113.4499969482421875 113.38124847412109375 111.6999969482421875 109.41249847412109375 108.4812469482421875 107.00624847412109375
241.0500030517578125 244.75 247.3937530517578125 251.5187530517578125 256.20623779296875 254.818756103515625 248.506256103515625 235.4375 218.318756103515625 209.431243896484375 211.149993896484375 212.337493896484375 213.506256103515625 211.587493896484375 210.6687469482421875 209.131256103515625 205.6999969482421875 201.631256103515625 197.5187530517578125 193.2624969482421875 182.5124969482421875 170.4499969482421875 156.4250030517578125 143.368743896484375 129.274993896484375 117.09999847412109375 110.2687530517578125 104.5625 100.18125152587890625 97.6999969482421875 96.8125 97.4187469482421875 98.3125 100.1750030517578125 102.27500152587890625 104.49375152587890625 106.1374969482421875 107.08750152587890625 106.97499847412109375 105.09999847412109375 102.3000030517578125 98.96875 95.7624969482421875 92.7312469482421875
241.618743896484375 245.5625 248.0187530517578125 252.1875 257.14373779296875 259.73748779296875 254.8874969482421875 241.037506103515625 225.743743896484375 216.5124969482421875 213.28125 211.1687469482421875 209.1687469482421875 208.1875 209.5 210.0187530517578125 209.96875 207.600006103515625 205.1687469482421875 202.34375 192.7062530517578125 177.962493896484375 161.212493896484375 144.3125 130.318756103515625 118.4812469482421875 111.83750152587890625 106.1999969482421875 100.93125152587890625 98.46875 97.5749969482421875 97.7937469482421875 98.55625152587890625 99.90625 101.0625 102.03125 102.53125 101.68125152587890625 100.22499847412109375 97.1687469482421875 93.2624969482421875 89.0812530517578125 85.3874969482421875 80.7687530517578125
241.1687469482421875 244.96875 247.875 252.931243896484375 258.681243896484375 262.23126220703125 260.14373779296875 245.125 230.96875 220.462493896484375 214.431243896484375 211.818756103515625 209.3562469482421875 208.850006103515625 211.1999969482421875 211.78125 212.3562469482421875 210.399993896484375 208.6062469482421875 207.5625 200.2312469482421875 184.1624908447265625 165.03125 146.6687469482421875 130.8874969482421875 117.90625 110.93125152587890625 106.46875 102.41249847412109375 100.49375152587890625 98.8937530517578125 98.6750030517578125 98.75624847412109375 99.72499847412109375 100.7312469482421875 100.83750152587890625 100.27500152587890625 99.03749847412109375 95.9562530517578125 91.9812469482421875 86.49375152587890625 81.6062469482421875 77.2624969482421875 72.84375
239.0437469482421875 243.3249969482421875 246.3499908447265625 250.4375 255.5437469482421875 257.04376220703125 252.375 242.631256103515625 230.5124969482421875 221.8125 215.4875030517578125 212.3625030517578125 211.1062469482421875 209.287506103515625 211.2312469482421875 212.9875030517578125 212.8000030517578125 211.53125 210.149993896484375 208.3312530517578125 202.7062530517578125 187.024993896484375 166.8312530517578125 148.412506103515625 128.712493896484375 115.1687469482421875 111.49375152587890625 107.6750030517578125 104.63124847412109375 102.5812530517578125 100.6875 99.3249969482421875 99.3625030517578125 99.4812469482421875 100.11875152587890625 99.9812469482421875 98.8874969482421875 97.6374969482421875 94.2624969482421875 88.0187530517578125 81.84999847412109375 77.2312469482421875 72.0124969482421875 63.88124847412109375
235.1999969482421875 239.25 242.3312530517578125 245.7375030517578125 248.96875 248.6687469482421875 244.1999969482421875 237.90625 228.84375 220.162506103515625 213.5124969482421875 211.1437530517578125 210.3125 210.149993896484375 209.7312469482421875 211.40625 210.662506103515625 208.5625 206.087493896484375 203.1750030517578125 196.037506103515625 181.743743896484375 165.3312530517578125 149.475006103515625 132.7687530517578125 120.19374847412109375 115.40000152587890625 111.0749969482421875 107.4375 104.1687469482421875 101.375 99.8562469482421875 99.375 99.31874847412109375 99.8000030517578125 99.7312469482421875 98.9187469482421875 98.21250152587890625 94.74375152587890625 88.88124847412109375 80.9562530517578125 73.53749847412109375 67.69374847412109375 61.875
230.5749969482421875 235.1999969482421875 237.181243896484375 240.28125 242.818756103515625 241.4187469482421875 239.1687469482421875 234.4562530517578125 225.75 217.931243896484375 211.818756103515625 209.2624969482421875 208.0749969482421875 207.818756103515625 206.3625030517578125 207.1750030517578125 205.212493896484375 201.2312469482421875 197.100006103515625 194.056243896484375 187.056243896484375 176.181243896484375 164.15625 153.90625 142.600006103515625 131.28125 123.9375 117.3000030517578125 111.53749847412109375 106.38124847412109375 102.2624969482421875 99.7375030517578125 99.1062469482421875 99.6875 100.16249847412109375 99.7937469482421875 100.13124847412109375 101.90000152587890625 101.6062469482421875 95.86875152587890625 86.8125 78.1875 71.66249847412109375 65.69374847412109375
224.25 228.6999969482421875 231.0625 234.0812530517578125 236.3000030517578125 235.5625 233.28125 228.931243896484375 221.787506103515625 215.03125 208.21875 204.412506103515625 203.118743896484375 202.975006103515625 202.0124969482421875 200.84375 196.46875 191.53125 186.90625 183.0500030517578125 176.368743896484375 169.4250030517578125 162.756256103515625 159.4375 152.243743896484375 141.75 133.25 124.6125030517578125 116.4250030517578125 108.75624847412109375 103.1374969482421875 99.09375 97.90000152587890625 98.4375 98.3125 97.3937530517578125 100.56874847412109375 104.125 107.36875152587890625 103.9250030517578125 97.1687469482421875 87.375 78.34999847412109375 70.18125152587890625
215.65625 220.787506103515625 224.618743896484375 228.412506103515625 230.59375 229.8874969482421875 228.03125 224.337493896484375 217.993743896484375 210.4562530517578125 203.306243896484375 198.96875 196.212493896484375 194.806243896484375 192.6999969482421875 190 183.65625 178.125 173.9562530517578125 170.8249969482421875 165.40625 161.3125 159.8125 163.0812530517578125 161.5437469482421875 149.71875 140.631256103515625 129.7312469482421875 119.15625 109.93125152587890625 103.65000152587890625 100.0500030517578125 96.56874847412109375 94.40000152587890625 93.27500152587890625 95.28749847412109375 100.0749969482421875 109.9375 120.40000152587890625 116.02500152587890625 108.61875152587890625 97.0500030517578125 85.09999847412109375 75.94374847412109375
206.3625030517578125 212.8625030517578125 218.243743896484375 222.756256103515625 225.8937530517578125 226.2687530517578125 224.931243896484375 221.2312469482421875 214.6374969482421875 207.212493896484375 199.8312530517578125 193.431243896484375 188.462493896484375 184.15625 180.1062469482421875 175.4937591552734375 169.0437469482421875 162.9375 159.875 156.9375 153.3000030517578125 151.4250030517578125 152.5437469482421875 158.806243896484375 160.350006103515625 152.8000030517578125 146.118743896484375 134.1437530517578125 121.34999847412109375 109.75624847412109375 102.11875152587890625 97.9499969482421875 96.78749847412109375 96.53125 92.8937530517578125 88.6125030517578125 98.625 111.40000152587890625 119.78125 120.0500030517578125 113.71875 103.2312469482421875 91.84999847412109375 82.75
195.7125091552734375 204.7375030517578125 211.5625 217.524993896484375 222.3062591552734375 222.8000030517578125 221.556243896484375 218.587493896484375 212.9250030517578125 204.524993896484375 195.0437469482421875 187.3874969482421875 179.774993896484375 172.78125 167.381256103515625 162.931243896484375 156.59375 150.056243896484375 147 143.9375 141.3874969482421875 143.149993896484375 142.9875030517578125 149.806243896484375 153.1374969482421875 151.618743896484375 145.8874969482421875 135.493743896484375 123.9187469482421875 110.44374847412109375 100.2687530517578125 99.4562530517578125 103.55625152587890625 102.80625152587890625 99.86875152587890625 97.6750030517578125 103.84999847412109375 112.21250152587890625 118.30625152587890625 119.65000152587890625 115.90625 109.8249969482421875 98.9187469482421875 90.1687469482421875
