data/historical-monthly-weather-data/wc2.1_cruts4.09_10m_prec_1990-01.asc
ncols        51
nrows        45
xllcorner    -63.500000000000
yllcorner    -7.500000000000
cellsize     0.166666666667
NODATA_value -9999
[rows 0 to 19 of 45, columns 0 to 44 of 51]
147.850006103515625 142.4562530517578125 140.84375 142.2062530517578125 142.4187469482421875 148.25 152.5500030517578125 154 154.475006103515625 156.71875 160.162506103515625 161.193756103515625 160.5187530517578125 155.537506103515625 150.9375 148.1750030517578125 145.71875 140.875 142.4875030517578125 144.287506103515625 148.662506103515625 154.9812469482421875 161.068756103515625 164.4375 169.274993896484375 172.3625030517578125 172.1374969482421875 172.024993896484375 171.8249969482421875 168.5625 165.1687469482421875 161.693756103515625 158.4187469482421875 156.5124969482421875 153.631256103515625 154.2624969482421875 153.274993896484375 151.46875 151.1750030517578125 150.662506103515625 149.6875 149.9250030517578125 149.5500030517578125 149.8562469482421875 152.787506103515625
155.181243896484375 146.524993896484375 143.7624969482421875 142.462493896484375 142.5 148.118743896484375 152.4312591552734375 156.475006103515625 159.7375030517578125 162.9875030517578125 164.8312530517578125 163.4937591552734375 160.59375 157.625 152.931243896484375 148.78125 144.75 140.774993896484375 139.875 141.1875 145.931243896484375 151.2687530517578125 157.2062530517578125 161.71875 164.8312530517578125 167.3000030517578125 168.600006103515625 169.3125 169.21875 166.743743896484375 162.743743896484375 158.399993896484375 156 156.037506103515625 153.818756103515625 152.3937530517578125 152.5500030517578125 150.3249969482421875 148.6750030517578125 147.125 145.90625 145.568756103515625 144.0437469482421875 143.743743896484375 145.8562469482421875
164.5625 155.28125 150.193756103515625 146.837493896484375 145.1999969482421875 149.5749969482421875 154.2687530517578125 159.193756103515625 163.03125 166.243743896484375 167.556243896484375 165.181243896484375 162.306243896484375 158.212493896484375 153.1999969482421875 147.743743896484375 143.7062530517578125 140.568756103515625 139.46875 142.100006103515625 147.3625030517578125 153.850006103515625 159.4187469482421875 162.2937469482421875 164.2624969482421875 165.7062530517578125 167.6374969482421875 169.100006103515625 168.7375030517578125 166.006256103515625 163.7937469482421875 160.9187469482421875 159.850006103515625 157.2375030517578125 156.193756103515625 153.962493896484375 152.6062469482421875 150.462493896484375 147.943756103515625 145.03125 143.381256103515625 142.131256103515625 140.537506103515625 139.4875030517578125 140.3249969482421875
173.1875 163.5749969482421875 158.181243896484375 152.399993896484375 149.3000030517578125 149.75 154.2062530517578125 159.8249969482421875 164.962493896484375 169.0437469482421875 168.5812530517578125 165 161.1999969482421875 156.8625030517578125 152.0625 146.6062469482421875 141.5812530517578125 138 138.6687469482421875 143.993743896484375 151.1750030517578125 157.5625 160.756256103515625 163.1062469482421875 164.287506103515625 164.9499969482421875 167.5812530517578125 168.0749969482421875 168.3874969482421875 166.993743896484375 165.4250030517578125 164.6999969482421875 163.0187530517578125 160.4250030517578125 157.78125 155.9375 152.806243896484375 149.899993896484375 146.9375 143.9562530517578125 140.28125 139.1125030517578125 137.1999969482421875 135.0749969482421875 135.712493896484375
187.399993896484375 174.475006103515625 164.75 157.2062530517578125 151.256256103515625 151.34375 153.2062530517578125 158.181243896484375 164.8562469482421875 169.78125 167.4187469482421875 163.256256103515625 160.0500030517578125 156.524993896484375 151.8937530517578125 146.381256103515625 140.8249969482421875 135.868743896484375 139.2874908447265625 147.71875 155.931243896484375 161.0124969482421875 163.5812530517578125 164.15625 163.837493896484375 164.6875 165.443756103515625 166.6687469482421875 169.75 168.943756103515625 168.3125 166.0812530517578125 165.4250030517578125 163.84375 161.1125030517578125 157.9812469482421875 154.6875 149.475006103515625 145.7687530517578125 141.6687469482421875 138.399993896484375 135.993743896484375 133.931243896484375 131.1125030517578125 131.3249969482421875
195.381256103515625 182.6750030517578125 172.15625 162.5500030517578125 155.5749969482421875 155.537506103515625 157.524993896484375 160.9812469482421875 167.225006103515625 172.78125 170.100006103515625 167.4375 164.8562469482421875 162.4875030517578125 158.0687408447265625 155.0812530517578125 149.8249969482421875 144.756256103515625 149.8937530517578125 158.2624969482421875 164.2312469482421875 167.318756103515625 169.7375030517578125 168.78125 168.4250030517578125 168.693756103515625 170.181243896484375 171.4875030517578125 174.193756103515625 174.5 173.2624969482421875 171.5124969482421875 168.881256103515625 167.2624969482421875 166.056243896484375 161.912506103515625 157.53125 152.337493896484375 147.9812469482421875 143.7687530517578125 138.4875030517578125 135.9562530517578125 132.993743896484375 130.006256103515625 130.037506103515625
202.556243896484375 189.399993896484375 178.912506103515625 167.600006103515625 158.65625 156.743743896484375 157.8562469482421875 159.8937530517578125 163.4562530517578125 166.0187530517578125 168.256256103515625 169.0187530517578125 169.9499969482421875 169.6125030517578125 167.6999969482421875 166.8000030517578125 165.962493896484375 166.7624969482421875 171.0625 174.243743896484375 173.600006103515625 174.4187469482421875 173.506256103515625 172.587493896484375 172.8625030517578125 172.5437469482421875 174.3562469482421875 176.5812530517578125 178.4812469482421875 178.5124969482421875 178.7312469482421875 177.1999969482421875 173.8125 170.912506103515625 168.506256103515625 165.1125030517578125 160.212493896484375 155.1125030517578125 151.2624969482421875 145.1875 138.568756103515625 135.3562469482421875 132.0812530517578125 128.912506103515625 128.6750030517578125
210.6437530517578125 194.350006103515625 182.9875030517578125 172.131256103515625 162.337493896484375 160.1374969482421875 158.6062469482421875 155.725006103515625 155.1374969482421875 159.4375 166.1437530517578125 171.03125 175.1125030517578125 176.287506103515625 177.34375 178.8562469482421875 181.8625030517578125 186.368743896484375 192.78125 189.8562469482421875 182.96875 179.850006103515625 177.243743896484375 176.524993896484375 177.225006103515625 176.662506103515625 178.0812530517578125 180.3000030517578125 183.625 184.131256103515625 183.2312469482421875 182.024993896484375 178.2062530517578125 174.7312469482421875 171.5062408447265625 167.5500030517578125 162.600006103515625 157.2624969482421875 152.15625 146.1999969482421875 139.6125030517578125 136.03125 132.4562530517578125 128.6687469482421875 129.087493896484375
216.3625030517578125 199.6750030517578125 188.493743896484375 176.837493896484375 167.5124969482421875 163.9812469482421875 161.431243896484375 158.131256103515625 155.649993896484375 158.40625 169.5812530517578125 177.712493896484375 184.8125 187.993743896484375 189.962493896484375 191.84375 194.881256103515625 199.3874969482421875 204.412506103515625 199.71875 190.181243896484375 186.193756103515625 182.4812469482421875 183.46875 183.443756103515625 182.162506103515625 183.350006103515625 184.5 187.712493896484375 188.8874969482421875 188.9499969482421875 186.725006103515625 182.962493896484375 178.6875 174.975006103515625 170.412506103515625 166.1125030517578125 160.8125 155.3625030517578125 149.2624969482421875 142.25 138.1999969482421875 135.399993896484375 132.3249969482421875 132.412506103515625
221.337493896484375 204.4812469482421875 192.28125 181.34375 172.506256103515625 169.375 166.84375 164.9499969482421875 165.875 171.4562530517578125 180.7312469482421875 189.2624969482421875 196.725006103515625 201.100006103515625 202.8249969482421875 204.2312469482421875 205.125 206.087493896484375 205.84375 202.125 193.6999969482421875 189.693756103515625 187.0124969482421875 189.40625 188.037506103515625 185.6374969482421875 186.5500030517578125 187.9562530517578125 190.0625 191.368743896484375 191.381256103515625 190.0437469482421875 186.7375030517578125 182.9187469482421875 179.256256103515625 174.1750030517578125 169.3249969482421875 164.306243896484375 158.5 152.1875 145.96875 141.8625030517578125 138.5437469482421875 134.631256103515625 135.2312469482421875
227.193756103515625 210.3249969482421875 197.3125 186.1999969482421875 176.9250030517578125 174.537506103515625 173.03125 173.6437530517578125 177.537506103515625 184.756256103515625 195.318756103515625 204.1875 209.881256103515625 213.524993896484375 213.8625030517578125 213.368743896484375 211.6125030517578125 209.0812530517578125 205.368743896484375 200.40625 194.618743896484375 190.7312469482421875 190.5749969482421875 191.5 192.337493896484375 188.4937591552734375 188.5124969482421875 189.7687530517578125 191.4250030517578125 191.587493896484375 192.0187530517578125 191.912506103515625 189.3625030517578125 186.0749969482421875 182.2937469482421875 177.912506103515625 172.881256103515625 167.131256103515625 161.6750030517578125 155.600006103515625 149.15625 144.15625 140.568756103515625 136.693756103515625 137.243743896484375
231.7062530517578125 214.8937530517578125 202.5812530517578125 192.7312469482421875 184.006256103515625 181.4250030517578125 181.0437469482421875 184.09375 190.1374969482421875 198.212493896484375 209.6875 220.1374969482421875 223.3000030517578125 224.3125 223.3249969482421875 220.462493896484375 217.475006103515625 211.368743896484375 206.0437469482421875 199.118743896484375 192.3625030517578125 189.5 191.8249969482421875 196.1999969482421875 195.6125030517578125 189.118743896484375 188.8000030517578125 189.7687530517578125 191.9250030517578125 193.6374969482421875 194.568756103515625 194.4499969482421875 192.2062530517578125 189.1062469482421875 185.6687469482421875 181.625 177.006256103515625 171.3249969482421875 165.5500030517578125 159.524993896484375 152.806243896484375 147.3874969482421875 141.75 136.6875 135.8000030517578125
237.1875 221.25 209.587493896484375 199.5500030517578125 191.0124969482421875 190.131256103515625 190.431243896484375 192.9875030517578125 200.350006103515625 209.943756103515625 221.6437530517578125 231.7687530517578125 234.5187530517578125 231.71875 229.7249908447265625 226.2687530517578125 221.600006103515625 215.649993896484375 208.774993896484375 200.318756103515625 188.9562530517578125 187.4812469482421875 191.78125 194.056243896484375 189.3312530517578125 183.9875030517578125 186.850006103515625 190.2687530517578125 192.806243896484375 195.412506103515625 196.9812469482421875 197.0437469482421875 194.381256103515625 191.2687530517578125 188 184.256256103515625 179.6374969482421875 174.212493896484375 167.899993896484375 161.53125 155.3249969482421875 149.03125 140.287506103515625 132.5749969482421875 130.4562530517578125
240.774993896484375 226.1687469482421875 214.9875030517578125 205.443756103515625 197.6875 196.0124969482421875 196.975006103515625 201.25 209.3312530517578125 219.5187530517578125 229.3625030517578125 236.774993896484375 237.9499969482421875 236.631256103515625 232.9499969482421875 230.287506103515625 224.931243896484375 219.3625030517578125 211.875 204.037506103515625 194.9875030517578125 192.0812530517578125 191.818756103515625 191.7375030517578125 186.743743896484375 183.40625 186.4875030517578125 190.087493896484375 194.1750030517578125 196.9499969482421875 199.0437469482421875 199.5187530517578125 196.4375 192.600006103515625 189.6999969482421875 185.90625 181.899993896484375 177.3000030517578125 170.1062469482421875 162.40625 154.28125 143.868743896484375 135.6125030517578125 129.931243896484375 128.962493896484375
243.725006103515625 229.4250030517578125 219.1875 210.0437469482421875 203.431243896484375 202.600006103515625 204.6437530517578125 208.2937469482421875 215.9375 224.7624969482421875 234.21875 239.53125 240.9187469482421875 240.0124969482421875 236.1875 232.850006103515625 227.5625 221.0812530517578125 214.7375030517578125 209.162506103515625 201.943756103515625 196.6937408447265625 194.8312530517578125 192.881256103515625 190.3874969482421875 188.225006103515625 190.462493896484375 194.193756103515625 197.6750030517578125 201.125 202.7937469482421875 202.125 199.6062469482421875 194.90625 191.1062469482421875 186.6750030517578125 183.2375030517578125 179.6437530517578125 172.4562530517578125 160.912506103515625 148.125 139.7624969482421875 134.649993896484375 130.162506103515625 127.78125
245.4250030517578125 231.0437469482421875 221.587493896484375 213.0437469482421875 207.1999969482421875 206.993743896484375 209.537506103515625 213 219.7125091552734375 228.6062469482421875 237.524993896484375 242.100006103515625 243.4124908447265625 242.381256103515625 239.3562469482421875 233.381256103515625 228.875 223.149993896484375 216.9562530517578125 212.412506103515625 207.78125 203.0437469482421875 199.8937530517578125 197.256256103515625 194.6750030517578125 192.8312530517578125 194.1999969482421875 198.4875030517578125 202.6374969482421875 206.712493896484375 208.350006103515625 206.774993896484375 201.100006103515625 195.5625 190.556243896484375 187.78125 184.7937469482421875 180.59375 173.024993896484375 160.318756103515625 145.5749969482421875 137.943756103515625 133.9499969482421875 128.912506103515625 126.6875
244.8937530517578125 231.100006103515625 221.5500030517578125 214.056243896484375 209.21875 209.493743896484375 212.506256103515625 215.975006103515625 222.65625 230.631256103515625 239.6062469482421875 244.4499969482421875 245.506256103515625 244.2937469482421875 241.6125030517578125 236.3249969482421875 227.15625 221.5625 217.6999969482421875 215.9499969482421875 211.975006103515625 208.443756103515625 205.03125 201.524993896484375 199.662506103515625 197.1125030517578125 197.6374969482421875 201.7687530517578125 207.350006103515625 212.5437469482421875 215.125 212.9562530517578125 204.8562469482421875 196.59375 192.5812530517578125 189.9375 186.1999969482421875 183.1750030517578125 178.475006103515625 164.056243896484375 149.556243896484375 140.662506103515625 133.9562530517578125 128.4375 125.97499847412109375
243.725006103515625 229.587493896484375 219.9812469482421875 213.0812530517578125 207.7375030517578125 208.78125 211.962493896484375 215.4875030517578125 222.068756103515625 230.3562469482421875 238.0124969482421875 244.5437469482421875 246.725006103515625 245.899993896484375 242.7937469482421875 236.1437530517578125 226.631256103515625 218.2312469482421875 217.8874969482421875 217.3937530517578125 215.96875 213.306243896484375 210.256256103515625 206.6437530517578125 203.993743896484375 201.993743896484375 201.006256103515625 206.34375 213.78125 220.4187469482421875 221.943756103515625 214.306243896484375 205.024993896484375 197.5 191.837493896484375 188.7062530517578125 187.0500030517578125 184.03125 177.243743896484375 166.3125 152.1687469482421875 142.006256103515625 134.5749969482421875 129.0124969482421875 126.2937469482421875
239.5187530517578125 225.40625 216.3312530517578125 210.1750030517578125 205.3937530517578125 206.806243896484375 208.9250030517578125 213.162506103515625 220.287506103515625 228.618743896484375 236.1062469482421875 240.899993896484375 244.8249969482421875 247.5562591552734375 243.056243896484375 233.6999969482421875 222.8000030517578125 214.4875030517578125 211.743743896484375 214.1437530517578125 216.8125 217.2624969482421875 211.5187530517578125 209.8249969482421875 207.743743896484375 206.899993896484375 208.0812530517578125 211.8125 219.4499969482421875 226.881256103515625 229.318756103515625 218.618743896484375 205.9375 193.475006103515625 185.78125 184.850006103515625 184.65625 181.524993896484375 176.443756103515625 166.34375 153.7312469482421875 143.0749969482421875 135.3000030517578125 130.0500030517578125 126.91249847412109375
234.4187469482421875 220 211.25 204.274993896484375 200.056243896484375 202.943756103515625 205.818756103515625 209.2312469482421875 216.2937469482421875 224.443756103515625 231.2937469482421875 236.3625030517578125 243.006256103515625 249.443756103515625 241.40625 227.0749969482421875 214.399993896484375 209.868743896484375 208.5187530517578125 210.6062469482421875 212.3874969482421875 211.71875 211.4812469482421875 210.475006103515625 209.774993896484375 210.875 212.3562469482421875 216.4250030517578125 220.662506103515625 224.6999969482421875 225.024993896484375 216.4375 201.78125 186.2937469482421875 176.6437530517578125 177.3625030517578125 181.65625 182.71875 178.149993896484375 168.8249969482421875 156.243743896484375 144.4187469482421875 137.399993896484375 132.03125 128.2937469482421875
