data/historical-monthly-weather-data/wc2.1_cruts4.09_10m_prec_1992-07.asc
ncols        51
nrows        45
xllcorner    -63.500000000000
yllcorner    -7.500000000000
cellsize     0.166666666667
NODATA_value -9999
[rows 0 to 18 of 45, columns 0 to 43 of 51]
380.337493896484375 369.943756103515625 355.92498779296875 348.649993896484375 336.40625 324.850006103515625 313.20623779296875 299.1875 292.51873779296875 288.41876220703125 279.33123779296875 271.17498779296875 261.95001220703125 256.86248779296875 253.681243896484375 247.8187408447265625 241.6687469482421875 231.2062530517578125 222.975006103515625 218.149993896484375 215.4250030517578125 207.40625 201.068756103515625 195.806243896484375 192.9187469482421875 186.8562469482421875 184.6875 183.1750030517578125 179.4499969482421875 178.5812530517578125 170.4875030517578125 166.6875 167.056243896484375 163.8874969482421875 160.3125 154.787506103515625 146.431243896484375 145.993743896484375 139.5124969482421875 134.3874969482421875 134.2937469482421875 135.1875 131.912506103515625 130.5124969482421875
370.10626220703125 360.53125 348.681243896484375 344.34375 337.524993896484375 327.48748779296875 315.90625 304.8125 298.54376220703125 291.212493896484375 281.65625 271.46875 261.90625 254.15625 246.7687530517578125 240.100006103515625 232.337493896484375 223.181243896484375 216.5625 210.8562469482421875 202.600006103515625 198.9250030517578125 194.681243896484375 193.3312530517578125 185.78125 180.881256103515625 179.100006103515625 177.90625 172.53125 167.8000030517578125 163.568756103515625 164.125 162.65625 161.975006103515625 158.5749969482421875 150.1374969482421875 141.7375030517578125 138.506256103515625 131.6374969482421875 128.181243896484375 129.256256103515625 127.53125 125.3625030517578125 121.7687530517578125
343.3125 344.1875 342.787506103515625 337.756256103515625 330.23126220703125 318.725006103515625 309.931243896484375 304.91876220703125 299.98126220703125 292.056243896484375 281.837493896484375 268.61248779296875 260.64373779296875 247.649993896484375 238.037506103515625 229.212493896484375 221.662506103515625 212.6437530517578125 204.912506103515625 200.868743896484375 193.2937469482421875 190.600006103515625 187.9875030517578125 185.212493896484375 179.6437530517578125 172.1750030517578125 174.787506103515625 172.21875 167.899993896484375 164.4812469482421875 160.568756103515625 155.212493896484375 154.46875 156.024993896484375 147.7062530517578125 138.462493896484375 133.5124969482421875 131.881256103515625 124.7062530517578125 121.7937469482421875 121.8937530517578125 121.15625 117.9875030517578125 115.8562469482421875
320.306243896484375 317.587493896484375 324.70623779296875 329.912506103515625 323.443756103515625 310.23748779296875 300.51251220703125 300.32501220703125 299.98126220703125 294.01873779296875 278.26251220703125 264.09375 253.3000030517578125 244.587493896484375 231.431243896484375 218.962493896484375 208.6875 200.975006103515625 196.125 196.5437469482421875 190.6374969482421875 183.068756103515625 179.743743896484375 178.524993896484375 174.274993896484375 168.306243896484375 167.118743896484375 161.0812530517578125 159.725006103515625 160.9499969482421875 157.4562530517578125 151.4187469482421875 145.9375 141.4812469482421875 134.962493896484375 133.0437469482421875 130.1687469482421875 123.1374969482421875 118.1125030517578125 114.5625 116.1875 117.19374847412109375 114.3937530517578125 111.8249969482421875
331.45001220703125 316.881256103515625 303.40625 310.725006103515625 317.70623779296875 303.96875 297.95001220703125 297.17498779296875 295.04376220703125 287.068756103515625 278.26251220703125 261.681243896484375 249.743743896484375 238.3874969482421875 223.9250030517578125 211.100006103515625 199.2312469482421875 193.2624969482421875 185.162506103515625 184.21875 181.6125030517578125 174.431243896484375 169.8937530517578125 172.9875030517578125 167.962493896484375 161.443756103515625 157.618743896484375 157.03125 154.625 151.5124969482421875 149.868743896484375 146.618743896484375 143.537506103515625 137.743743896484375 131.1062469482421875 124.4812469482421875 121.34375 117.31874847412109375 111.63124847412109375 109.55625152587890625 110.1687469482421875 108.43125152587890625 108.50624847412109375 107.78749847412109375
324.774993896484375 321.149993896484375 311.86248779296875 286.462493896484375 298.08123779296875 305.537506103515625 298.38751220703125 293.037506103515625 293.13751220703125 283.48748779296875 271.100006103515625 256.14373779296875 244.631256103515625 227.40625 216.462493896484375 203.96875 189.587493896484375 180.587493896484375 176.1750030517578125 176.5625 173.337493896484375 168.399993896484375 166.1999969482421875 162.6750030517578125 160.537506103515625 155.78125 152.1999969482421875 150.5062408447265625 146.818756103515625 144.1374969482421875 142.568756103515625 142.993743896484375 138.28125 135.40625 127.96875 123.02500152587890625 115.10625457763671875 111.49375152587890625 109.75 109.50624847412109375 105.7062530517578125 105.75624847412109375 104.25624847412109375 102.1999969482421875
322.912506103515625 321.98126220703125 315.14373779296875 304.318756103515625 295.306243896484375 282.943756103515625 284.46875 285.243743896484375 279.350006103515625 272.85626220703125 263.868743896484375 244.725006103515625 235.850006103515625 221.1687469482421875 206.71875 196.243743896484375 185.2312469482421875 172.837493896484375 164.100006103515625 167.9562530517578125 164.4187469482421875 159.3312530517578125 155.568756103515625 155.212493896484375 152.337493896484375 150.4875030517578125 150.1999969482421875 144.0749969482421875 138.6187591552734375 139.975006103515625 137.6875 133.931243896484375 129.868743896484375 129.493743896484375 126.53125 120.05625152587890625 112.1374969482421875 107.21250152587890625 106.53125 107 102.6999969482421875 100.3562469482421875 99.9812469482421875 97.6750030517578125
325.681243896484375 320.9375 317.837493896484375 313.42498779296875 309.368743896484375 306.67498779296875 289.431243896484375 265.09375 254.1875 249.318756103515625 243.1875 232.649993896484375 223.100006103515625 208.8125 198.40625 187.9562530517578125 175.875 165.4562530517578125 158.087493896484375 154.087493896484375 156.100006103515625 154.4499969482421875 149.6437530517578125 148.6999969482421875 148.350006103515625 142.59375 141.625 134.7312469482421875 133.068756103515625 130.9749908447265625 132.90625 129.787506103515625 127.40000152587890625 124.3000030517578125 120.2375030517578125 112.65000152587890625 106.0500030517578125 101.90000152587890625 98.7624969482421875 96.4187469482421875 93.66249847412109375 93.15625 92.25624847412109375 89.5500030517578125
325.662506103515625 323 317.4375 317.899993896484375 317.73126220703125 308.01251220703125 294.118743896484375 278.08123779296875 258.1875 238.2937469482421875 227.5124969482421875 213.850006103515625 211.899993896484375 198.274993896484375 188.5625 178.850006103515625 171.006256103515625 165.306243896484375 163.149993896484375 152.25 147.4250030517578125 149.6374969482421875 145.381256103515625 146.5124969482421875 145.193756103515625 136.3937530517578125 132.068756103515625 132.318756103515625 131.5187530517578125 128.75 131.587493896484375 125.75624847412109375 118.65000152587890625 114.18125152587890625 111.90000152587890625 109.8562469482421875 106.3249969482421875 103.4812469482421875 98.2937469482421875 93.44374847412109375 89.6062469482421875 87.9812469482421875 87.4375 83.8625030517578125
320.649993896484375 321.412506103515625 319.868743896484375 320.64373779296875 320.35626220703125 315.23126220703125 300.88751220703125 285.225006103515625 267.9375 252.3125 232.068756103515625 209.3249969482421875 202.1125030517578125 191.3125 183.3312530517578125 176.625 166.5437469482421875 165.4187469482421875 163.681243896484375 157.443756103515625 151.15625 143.84375 136.993743896484375 138.243743896484375 135.84375 132.8625030517578125 128.6437530517578125 127.6875 125.06874847412109375 123.6374969482421875 124.4812469482421875 119.25 115.3000030517578125 110.8312530517578125 107.28125 106.43125152587890625 104.3625030517578125 102.1750030517578125 97.3562469482421875 94.69374847412109375 92.16249847412109375 88.6687469482421875 84.25624847412109375 78.6687469482421875
321.32501220703125 323.67498779296875 320.756256103515625 323.73748779296875 322.375 317.493743896484375 305.53125 283.681243896484375 260.912506103515625 245.4562530517578125 231.162506103515625 212.399993896484375 192.287506103515625 183.975006103515625 173.5437469482421875 166.993743896484375 162.8874969482421875 161.881256103515625 159.899993896484375 160.34375 158.3249969482421875 148.4499969482421875 135.4875030517578125 125.875 129.881256103515625 134.34375 131.037506103515625 127.24375152587890625 120.24375152587890625 118.86875152587890625 118.1875 116.7687530517578125 114.18125152587890625 109.1125030517578125 107.34999847412109375 105.22499847412109375 103.4562530517578125 98.90625 98.625 94.50624847412109375 89.3937530517578125 85.0187530517578125 82.6062469482421875 75.00624847412109375
317.5 316.76251220703125 315.23126220703125 319.262481689453125 320.306243896484375 315.912506103515625 306.96875 286.29376220703125 259.54376220703125 236.493743896484375 220.2062530517578125 208.6875 187 175.649993896484375 172.3000030517578125 162.899993896484375 158.7624969482421875 157.475006103515625 156.193756103515625 158.8125 161.600006103515625 153.5500030517578125 144.556243896484375 132.0187530517578125 127.7375030517578125 121.77500152587890625 119.5812530517578125 119.25 115.53749847412109375 113.58750152587890625 110.06874847412109375 108.9812469482421875 108.3000030517578125 106.2937469482421875 106.41249847412109375 106.1062469482421875 103 101.83750152587890625 95.3562469482421875 91.23749542236328125 85.5 82.9375 76.875 68.46875
303.412506103515625 307.568756103515625 309.625 309.337493896484375 307.29376220703125 303.975006103515625 292.33123779296875 271.024993896484375 246.962493896484375 230.118743896484375 216.337493896484375 201.8937530517578125 190.024993896484375 168.0749969482421875 159.375 157.7624969482421875 153.7687530517578125 153.8125 152.899993896484375 152.3874969482421875 151.9187469482421875 144.8874969482421875 139.0812530517578125 129.6875 119.09999847412109375 113.63124847412109375 113.05625152587890625 113.66249847412109375 111.2687530517578125 108.4187469482421875 104.9375 100.9812469482421875 102.65000152587890625 102.16249847412109375 102.3000030517578125 103.21250152587890625 104.2937469482421875 105.7062530517578125 103.08750152587890625 93.9250030517578125 84.2624969482421875 79.40000152587890625 70.8000030517578125 64.74375152587890625
292.600006103515625 295.59375 298.04998779296875 296.212493896484375 292.26873779296875 284.931243896484375 272.90625 255.3125 240.40625 220.7874908447265625 206.631256103515625 195.524993896484375 180.9875030517578125 165.2062530517578125 147.125 148.5437469482421875 143.6999969482421875 144.9499969482421875 142.4375 142.6437530517578125 140.25 136.181243896484375 131.0500030517578125 124.59999847412109375 115.22499847412109375 108.68125152587890625 106.38124847412109375 103.91249847412109375 101.77500152587890625 99.78125 100.8249969482421875 98.8874969482421875 97.3874969482421875 97.2375030517578125 98.3125 103.18125152587890625 108.875 114.09999847412109375 113.1999969482421875 102.36875152587890625 84.0625 73.9875030517578125 71.55625152587890625 74.3625030517578125
285.943756103515625 284.54376220703125 283.36248779296875 282.96875 275.9375 266.25 260.637481689453125 244.1125030517578125 227.587493896484375 209.868743896484375 196.2375030517578125 184.212493896484375 173.712493896484375 162.118743896484375 139.568756103515625 136.024993896484375 132.8937530517578125 133.118743896484375 131.881256103515625 132.9875030517578125 132.962493896484375 128.368743896484375 123.53749847412109375 121.0749969482421875 116.09999847412109375 111.16249847412109375 108.28125 104.0749969482421875 102.58750152587890625 101.66249847412109375 97.75624847412109375 97 99.5 97.7375030517578125 94.18125152587890625 97.90625 109.8000030517578125 121.80625152587890625 123.1437530517578125 111.77500152587890625 98.3874969482421875 88.8562469482421875 89.66249847412109375 84.4875030517578125
272.8125 271.587493896484375 271.20623779296875 267 261.6875 257.162506103515625 243.6999969482421875 229.1875 215.21875 202.7624969482421875 187.8249969482421875 177.65625 168.756256103515625 158.100006103515625 139.8125 118.8000030517578125 119.3312530517578125 122.1875 120.56874847412109375 122.5187530517578125 121.3937530517578125 119.93125152587890625 117.41249847412109375 120.9375 118.46250152587890625 113.1875 107.96875 101.49375152587890625 100.44374847412109375 100.125 102.41249847412109375 97.63124847412109375 94.8125 91.96250152587890625 90.02500152587890625 102.55625152587890625 112.88124847412109375 123.90000152587890625 130.0749969482421875 129.0124969482421875 121.3562469482421875 110.375 101.30625152587890625 90.375
260.568756103515625 259.443756103515625 260.01873779296875 258.23748779296875 254.625 243.337493896484375 233.9375 220.7062530517578125 208.006256103515625 196.337493896484375 183.412506103515625 171.96875 161.53125 154.1125030517578125 145.7375030517578125 129.75 113.88124847412109375 110.53749847412109375 115.15000152587890625 116.19374847412109375 114.1374969482421875 113.19374847412109375 114.375 120.9499969482421875 122.6687469482421875 110.21250152587890625 101.09999847412109375 95.7624969482421875 97.0812530517578125 99.8125 102.7062530517578125 104.27500152587890625 100.8562469482421875 98.84375 107.22499847412109375 114.5749969482421875 128.0625 145.037506103515625 156.225006103515625 144.5187530517578125 133.712493896484375 118.25 102.5500030517578125 92.90000152587890625
250.1687469482421875 252.4875030517578125 250.3625030517578125 251.100006103515625 247.274993896484375 234.0187530517578125 223.3249969482421875 213.09375 201.100006103515625 184.8312530517578125 173.243743896484375 167.1062469482421875 158.024993896484375 150.9875030517578125 146.193756103515625 137.256256103515625 123.2062530517578125 105.44374847412109375 112.09999847412109375 112.2062530517578125 109.40000152587890625 107.11875152587890625 111.18125152587890625 116.4250030517578125 116.90000152587890625 104.8312530517578125 95.52500152587890625 92.6750030517578125 95.1750030517578125 95.80625152587890625 93.77500152587890625 94.21875 108.3562469482421875 114.0749969482421875 114.1437530517578125 126.9187469482421875 143.90625 154.399993896484375 158.7062530517578125 149.40625 130.8312530517578125 115.9375 101.5124969482421875 92.3249969482421875
240.5625 242.649993896484375 238.318756103515625 237.1125030517578125 236.649993896484375 226.899993896484375 214.068756103515625 206.337493896484375 196.4812469482421875 181.649993896484375 169.90625 160 153.412506103515625 149.6374969482421875 140.4749908447265625 135.962493896484375 127.7375030517578125 114.27500152587890625 104.91249847412109375 103.22499847412109375 104.8874969482421875 110.1437530517578125 95.24375152587890625 102 103.91249847412109375 100.90625 95.65000152587890625 91.3562469482421875 94.27500152587890625 96.31874847412109375 96.4499969482421875 99.1125030517578125 109.5812530517578125 112.69374847412109375 116.52500152587890625 126.94374847412109375 135.443756103515625 141.625 145.6875 134.5124969482421875 123.125 108.58750152587890625 97.9812469482421875 89.97499847412109375
