data/historical-monthly-weather-data/wc2.1_cruts4.09_10m_prec_1981-09.asc
ncols        45
nrows        45
xllcorner    -63.500000000000
yllcorner    -7.500000000000
cellsize     0.166666666667
NODATA_value -9999
[rows 0 to 18 of 45, columns 0 to 43 of 45]
194.2062530517578125 194.84375 197.3937530517578125 203.568756103515625 207.118743896484375 210.0437469482421875 207.7062530517578125 203.1875 201.9312591552734375 201.3937530517578125 203.3562469482421875 205.46875 207.3249969482421875 206.1437530517578125 203.537506103515625 199.15625 196.5749969482421875 189.149993896484375 183.274993896484375 176.4875030517578125 173.3312530517578125 167.8874969482421875 163.506256103515625 156.4812469482421875 148.600006103515625 142.9250030517578125 136.125 129.0562591552734375 121.28125 118.7624969482421875 115.97499847412109375 114.47499847412109375 114.6062469482421875 112.71250152587890625 111.8125 111.4562530517578125 112.44374847412109375 113.09999847412109375 112.43125152587890625 112.00624847412109375 111.78749847412109375 111 108.9875030517578125 107.375
183.193756103515625 182.8562469482421875 188.8312530517578125 198.5124969482421875 209.318756103515625 208.8249969482421875 205.3562469482421875 205.84375 206.2937469482421875 206.868743896484375 209.375 210.9187469482421875 212.462493896484375 210.3000030517578125 207.212493896484375 204.431243896484375 199.7687530517578125 191.9187469482421875 183.9375 176.475006103515625 171.9562530517578125 169.118743896484375 164.6125030517578125 159.0687408447265625 150.681243896484375 144.7937469482421875 138.8874969482421875 132.287506103515625 123.6687469482421875 120.99375152587890625 118.7687530517578125 118.2062530517578125 116.8937530517578125 116.16249847412109375 115.11875152587890625 114.06874847412109375 114.1437530517578125 114.4812469482421875 113.3000030517578125 112.5437469482421875 112.3125 111.65625 110.6062469482421875 108
167.693756103515625 169.8874969482421875 177.71875 189.8562469482421875 201.71875 206.462493896484375 206.9250030517578125 208.5500030517578125 211.4812469482421875 213.8562469482421875 217.037506103515625 218.1437530517578125 219.3000030517578125 216.53125 211.6750030517578125 208.875 203.493743896484375 196.7624969482421875 189.7687530517578125 183.681243896484375 179.8874969482421875 176.6687469482421875 173.4562530517578125 167.7062530517578125 159.181243896484375 151.556243896484375 146.7375030517578125 138.399993896484375 129.5187530517578125 126.09999847412109375 123.0500030517578125 121.94374847412109375 121.66249847412109375 120.34375 118.80625152587890625 116.2312469482421875 115.0437469482421875 114.61249542236328125 113.47499847412109375 112.7937469482421875 112.49375152587890625 111.13124847412109375 110.58750152587890625 108.5437469482421875
149.850006103515625 152.96875 167.0812530517578125 178.6750030517578125 190.9562530517578125 198.774993896484375 204.84375 212.725006103515625 218.59375 223.40625 226.1999969482421875 226.7937469482421875 224.40625 222.618743896484375 217.193756103515625 212.774993896484375 208.024993896484375 202.712493896484375 199.125 195.493743896484375 192.1999969482421875 187.3125 182.618743896484375 176.28125 166.4375 158.818756103515625 151.8562469482421875 141.1125030517578125 132.725006103515625 129.962493896484375 127.81874847412109375 125.28125 123.4875030517578125 121.59375 118.91249847412109375 117.8937530517578125 116.66249847412109375 114.97499847412109375 113.97499847412109375 112.1750030517578125 110.6875 109.1750030517578125 108.3125 106.97499847412109375
148.287506103515625 147.100006103515625 153.34375 165.274993896484375 181.600006103515625 192.9875030517578125 202.056243896484375 213.3312530517578125 223.306243896484375 229.899993896484375 233.618743896484375 231.274993896484375 230.1875 230.368743896484375 224.7062530517578125 219.0437469482421875 213.28125 209.131256103515625 206.8249969482421875 203.443756103515625 202.5 195.368743896484375 191.5812530517578125 184.3562469482421875 173.8874969482421875 165.1875 154.7312469482421875 144.943756103515625 135.837493896484375 131.8874969482421875 130.037506103515625 126.5187530517578125 123.55625152587890625 121.84375 119.86875152587890625 117.15000152587890625 114.81874847412109375 113.2687530517578125 112.2375030517578125 110.31874847412109375 108.2375030517578125 106.21250152587890625 104.5500030517578125 103.8937530517578125
147.306243896484375 145.6062469482421875 149.350006103515625 153.1062469482421875 169.2062530517578125 187.6687469482421875 201.024993896484375 212.4187469482421875 222.8625030517578125 232.443756103515625 236.1374969482421875 233.743743896484375 233.2312469482421875 234.1374969482421875 228.412506103515625 224.8937530517578125 220.287506103515625 217.149993896484375 216.350006103515625 215.649993896484375 211.006256103515625 204.2312469482421875 198.4875030517578125 188.5187530517578125 178.881256103515625 168.600006103515625 157.40625 147.943756103515625 138.0437469482421875 132.9375 130.1125030517578125 129.212493896484375 125.34375 122.03749847412109375 118.36875152587890625 115.78125 112.24375152587890625 110.31874847412109375 109.3125 106.5187530517578125 101.05625152587890625 99.0625 97.63124847412109375 97.63124847412109375
148.662506103515625 147.649993896484375 151.162506103515625 154.90625 165.2312469482421875 178.506256103515625 194.7687530517578125 209.75 218.850006103515625 226.337493896484375 233.2062530517578125 233.693756103515625 235.09375 235.75 232.412506103515625 230.1374969482421875 227.6750030517578125 228.5812530517578125 228.662506103515625 227.3937530517578125 220.1687469482421875 212.1125030517578125 202.587493896484375 191.4562530517578125 182.118743896484375 172.2312469482421875 160.9375 150.818756103515625 139.6687469482421875 133.4499969482421875 130.381256103515625 127.4187469482421875 123.68125152587890625 120.41249847412109375 116.43125152587890625 111.36875152587890625 106.97499847412109375 105.1750030517578125 105.25624847412109375 99.68125152587890625 93.28749847412109375 90.3874969482421875 89.1437530517578125 89.71250152587890625
150.7312469482421875 149.837493896484375 153.6999969482421875 160.7437591552734375 171.1374969482421875 185.84375 197.287506103515625 203.9499969482421875 208.725006103515625 217.712493896484375 228.850006103515625 232.2687530517578125 235.2375030517578125 236.3249969482421875 236.8187408447265625 233.9875030517578125 233.2062530517578125 237.587493896484375 240.399993896484375 236.4812469482421875 228.931243896484375 218.5437469482421875 207.7624969482421875 194.568756103515625 183.806243896484375 173.475006103515625 161.1999969482421875 149.71875 139.6875 133.024993896484375 129.256256103515625 125.41249847412109375 120.8312530517578125 117.39374542236328125 111.66249847412109375 105.36875152587890625 99.6875 95.59375 92.7062530517578125 87.5625 81.2937469482421875 78.5749969482421875 77.71875 77.69374847412109375
154.6750030517578125 155.21875 160.7375030517578125 167.9812469482421875 178.0812530517578125 190.8937530517578125 202.350006103515625 209.2687530517578125 210.412506103515625 213.1374969482421875 223.5124969482421875 227.40625 233.193756103515625 234.3312530517578125 236.8125 237.3312530517578125 238.7312469482421875 243.399993896484375 247.8937530517578125 243.506256103515625 232.274993896484375 222.6374969482421875 207.9812469482421875 196.912506103515625 184.0500030517578125 171.725006103515625 159.5187530517578125 149.256256103515625 140.506256103515625 132.899993896484375 129.149993896484375 121.75624847412109375 114.4250030517578125 107.8937530517578125 102.11875152587890625 96.97499847412109375 91.33750152587890625 85.4875030517578125 80.66249847412109375 75.25624847412109375 69.3125 66.5625 65.6750030517578125 65.5437469482421875
157.068756103515625 158.9875030517578125 165.462493896484375 173.1750030517578125 184.4187469482421875 197.412506103515625 208.6999969482421875 214.9250030517578125 217.493743896484375 221.2062530517578125 226.806243896484375 227.2375030517578125 230.6437530517578125 233.8125 236.350006103515625 240.96875 242.53125 246.693756103515625 250.6437530517578125 249.7312469482421875 238.3874969482421875 224.40625 208.225006103515625 195.0187530517578125 180.056243896484375 167.868743896484375 156.6437530517578125 146.7937469482421875 138.34375 131.625 124.28749847412109375 115.7312469482421875 107.34999847412109375 101.03749847412109375 94.80625152587890625 88.53125 82.5812530517578125 76.05625152587890625 69.8562469482421875 64.13124847412109375 58.36875152587890625 56.11875152587890625 53.581249237060546875 52.91249847412109375
161.681243896484375 164.21875 171.2062530517578125 179.0187530517578125 189.6875 204.350006103515625 216 219.431243896484375 220.493743896484375 224.212493896484375 229.8625030517578125 231.2624969482421875 230.600006103515625 230.9499969482421875 234.131256103515625 239.2687530517578125 241.46875 245.568756103515625 249.3125 250.8249969482421875 244.037506103515625 229.725006103515625 211.462493896484375 188.9812469482421875 176.1437530517578125 168.625 157.881256103515625 145.9812469482421875 135.3874969482421875 127.4812469482421875 119.69374847412109375 110.4499969482421875 101.7312469482421875 94.11875152587890625 87.25624847412109375 80.2687530517578125 73.63124847412109375 66.72499847412109375 61.09375 54.58750152587890625 48.387500762939453125 45.8125 44.381252288818359375 42.56874847412109375
164.0437469482421875 167.0687408447265625 174.3937530517578125 183.725006103515625 194.2687530517578125 207.818756103515625 220.3125 223.850006103515625 222.524993896484375 223.3937530517578125 228.28125 231.4250030517578125 228.399993896484375 226.5749969482421875 232.4250030517578125 235.962493896484375 238.9187469482421875 240.2062530517578125 243.78125 249.556243896484375 247.1750030517578125 233.243743896484375 213.2937469482421875 188.40625 173.037506103515625 162.712493896484375 151.087493896484375 139.7687530517578125 128.399993896484375 120.21875 111.66249847412109375 102.53125 93.96875 87.1999969482421875 81.47499847412109375 74.46250152587890625 67.5124969482421875 60.825000762939453125 53.75 46.668750762939453125 40.53125 37.75 36.362499237060546875 34.58750152587890625
165.162506103515625 168.4437408447265625 175.350006103515625 183.1750030517578125 192.337493896484375 204.21875 213.806243896484375 217.7375030517578125 219.0124969482421875 220.556243896484375 223.068756103515625 227.506256103515625 227.4124908447265625 221.443756103515625 223.5749969482421875 228.7937469482421875 231.350006103515625 233.40625 237.368743896484375 242.2062530517578125 242.068756103515625 231.6437530517578125 212.524993896484375 189.1125030517578125 168.0749969482421875 155.6062469482421875 145.5625 135.0812530517578125 124.3562469482421875 114.69374847412109375 104.25624847412109375 94.61875152587890625 86.8249969482421875 79.3312530517578125 73.5749969482421875 67.96875 62.96875 57.262500762939453125 50.924999237060546875 42.25 34.75624847412109375 32.58750152587890625 30.75 26.706249237060546875
164.8937530517578125 167.90625 173.3937530517578125 180.34375 189.024993896484375 197.475006103515625 204.818756103515625 210.59375 212.0625 214.4499969482421875 215.037506103515625 216.350006103515625 217.600006103515625 214.6999969482421875 212.2312469482421875 217.8937530517578125 220.743743896484375 221.806243896484375 223.5749969482421875 228.0625 227.618743896484375 218.225006103515625 204.868743896484375 188.2937469482421875 169.7937469482421875 154.8125 142.712493896484375 130.6875 118.6875 108.5749969482421875 99.4499969482421875 88.88124847412109375 80.25624847412109375 72.86875152587890625 67.5437469482421875 63.88124847412109375 60.793750762939453125 57.487499237060546875 51.75 43.625 33.19374847412109375 28.387500762939453125 26.643749237060546875 24.90625
163.068756103515625 165.024993896484375 169.881256103515625 176.399993896484375 184.4499969482421875 189.1812591552734375 196.9875030517578125 201.625 202.9250030517578125 206.3249969482421875 205.368743896484375 205.9875030517578125 205.9812469482421875 203.587493896484375 198.912506103515625 200.28125 203.962493896484375 206.78125 207.212493896484375 211.350006103515625 212.100006103515625 207.631256103515625 199.7624969482421875 188.5625 176.2687530517578125 162.131256103515625 146.7937469482421875 130.631256103515625 116.15000152587890625 105.49375152587890625 93.2624969482421875 82.6125030517578125 75.09375 67.6374969482421875 61.02500152587890625 59.52500152587890625 60.40625 61.38124847412109375 58.05625152587890625 48.831249237060546875 38.84999847412109375 32.72499847412109375 29.631250381469726562 26.674999237060546875
159.4875030517578125 160.90625 166.2687530517578125 172.0437469482421875 177.6875 183.6999969482421875 189.3312530517578125 192.9875030517578125 195.381256103515625 198.65625 197.34375 196.162506103515625 194.8937530517578125 192.875 188.4250030517578125 184.287506103515625 186.7687530517578125 191.6125030517578125 192.556243896484375 197.2062530517578125 197.59375 198.381256103515625 197.9499969482421875 192.568756103515625 182.8249969482421875 167.3249969482421875 148.850006103515625 131.931243896484375 116.96250152587890625 103.97499847412109375 93.1875 80.9187469482421875 71.7375030517578125 64.96875 57.50624847412109375 58.893749237060546875 63.206249237060546875 64.9375 64.08750152587890625 56.206249237060546875 47.143749237060546875 39.05625152587890625 32.637500762939453125 27.674999237060546875
153.7937469482421875 155.9562530517578125 161.9187469482421875 167.774993896484375 172.7375030517578125 178.5625 183.4187469482421875 187.5187530517578125 189.5124969482421875 190.912506103515625 190.662506103515625 188.7937469482421875 185.350006103515625 182.149993896484375 180.556243896484375 177.6125030517578125 172.9562530517578125 175.837493896484375 180.1125030517578125 184.0187530517578125 184.743743896484375 188.225006103515625 194.368743896484375 195.8125 189.5500030517578125 170.5500030517578125 150.681243896484375 133.1687469482421875 117.99375152587890625 105.22499847412109375 95.52500152587890625 86.25624847412109375 75.75624847412109375 67.6125030517578125 64.8874969482421875 64.6999969482421875 67.0625 72.8562469482421875 76.00624847412109375 63.65625 50.5625 41.31874847412109375 33.34375 28.449998855590820312
148.037506103515625 150.9562530517578125 155.9375 162.09375 168.837493896484375 174.993743896484375 179.25 182.5500030517578125 185.149993896484375 185.03125 184.006256103515625 181.6750030517578125 177.5625 173.8874969482421875 171.75 170.024993896484375 166.274993896484375 161.1687469482421875 167.6750030517578125 170.524993896484375 173.162506103515625 175.975006103515625 183.7312469482421875 188.375 185.4250030517578125 168.8125 151.3312530517578125 134.131256103515625 117.80625152587890625 103.4875030517578125 92.6687469482421875 83.53125 81.5437469482421875 79.5749969482421875 73.4375 68.03125 71.7375030517578125 75.5749969482421875 73.25 62.893749237060546875 48.58750152587890625 39.612499237060546875 32.59375 28.75
141.9875030517578125 144.5625 149.6875 156.962493896484375 163.6875 170.34375 174.931243896484375 180.125 181.756256103515625 181.287506103515625 179.412506103515625 175.568756103515625 170.287506103515625 166.493743896484375 163.131256103515625 163.0749969482421875 161.243743896484375 155.006256103515625 154.9250030517578125 157.662506103515625 163.868743896484375 176.0812530517578125 170.3937530517578125 173.8937530517578125 174.1374969482421875 167.475006103515625 153.21875 135.5124969482421875 121.80625152587890625 105.7624969482421875 92.7937469482421875 89.50624847412109375 93.9250030517578125 91.65000152587890625 86.3937530517578125 80.15000152587890625 76.72499847412109375 73.0187530517578125 67.00624847412109375 56.66249847412109375 44.88124847412109375 37.231250762939453125 31.53125 28.212499618530273438
