data/historical-monthly-weather-data/wc2.1_cruts4.09_10m_prec_1967-12.asc
ncols        51
nrows        45
xllcorner    -63.500000000000
yllcorner    -7.500000000000
cellsize     0.166666666667
NODATA_value -9999
[rows 0 to 19 of 45, columns 0 to 43 of 51]
96.75624847412109375 90.77500152587890625 86.0625 82.94374847412109375 79.2687530517578125 76.8625030517578125 74.2312469482421875 71.25 69.49375152587890625 68.16249847412109375 68.05625152587890625 68.75624847412109375 70.09375 70.8562469482421875 72.8562469482421875 75.1125030517578125 77.6374969482421875 79.45624542236328125 82.1437530517578125 84.74375152587890625 86.97499847412109375 88.80625152587890625 90.80625152587890625 93.7687530517578125 96.84375 99.9375 104.63124847412109375 109.7624969482421875 114.83124542236328125 118.09999847412109375 120.4812469482421875 123.66249847412109375 126.59375 129.274993896484375 131.7375030517578125 135.431243896484375 137.84375 139.931243896484375 140.34375 140.96875 141.068756103515625 140.0124969482421875 138.8125 136.806243896484375
96.99375152587890625 91 87.78125 85.49375152587890625 83.05625152587890625 80.3312530517578125 77.19374847412109375 75.1687469482421875 74.1999969482421875 73.1875 72.69374847412109375 72.8937530517578125 73.9499969482421875 74.90625 76.72499847412109375 78.94374847412109375 81.5187530517578125 84.55625152587890625 88.0749969482421875 92.18125152587890625 94.3937530517578125 96.1687469482421875 98.59375 101.5187530517578125 104.5500030517578125 107.6062469482421875 112.1125030517578125 116.8249969482421875 121.52500152587890625 125.38124847412109375 128.1750030517578125 131.868743896484375 134.537506103515625 137.9499969482421875 141.78125 144.350006103515625 148.96875 152.2312469482421875 152.1999969482421875 152.537506103515625 152.381256103515625 150.850006103515625 149.193756103515625 145.556243896484375
94.96875 89.58750152587890625 87.1750030517578125 85.3937530517578125 83.6437530517578125 81.4375 79.6374969482421875 78.6374969482421875 78.3125 77.6999969482421875 77.03749847412109375 77.33750152587890625 78.5 79.5437469482421875 81.6062469482421875 83.6437530517578125 86.3625030517578125 89.1374969482421875 92.53749847412109375 96.11875152587890625 98.3312530517578125 100.4875030517578125 103.0187530517578125 105.90000152587890625 109.08750152587890625 113.05625152587890625 117.7937469482421875 122.4875030517578125 127.61875152587890625 130.693756103515625 133.84375 137.6875 142.2937469482421875 145.4187469482421875 149.5187530517578125 154.1374969482421875 158.4875030517578125 162.1875 163.25 163.7437591552734375 163.375 161.0625 157.818756103515625 154.8937530517578125
91.77500152587890625 87.3312530517578125 86.16249847412109375 84.47499847412109375 83.55625152587890625 82.41249847412109375 81.7312469482421875 81.6999969482421875 81.9187469482421875 82.21250152587890625 81.8874969482421875 82.3874969482421875 83.2687530517578125 84.47499847412109375 86.46250152587890625 88.90625 91.59999847412109375 93.375 96.22499847412109375 100.05625152587890625 102.34999847412109375 104.36875152587890625 106.15000152587890625 109.5 112.7375030517578125 117.31874847412109375 122.46875 127.0124969482421875 132.625 136.462493896484375 139.4250030517578125 142.625 148.212493896484375 153.34375 157.78125 162.9187469482421875 167.3562469482421875 172.09375 174.3937530517578125 174.962493896484375 173.931243896484375 170.8874969482421875 166.899993896484375 163.6437530517578125
92.40000152587890625 86.2687530517578125 83.90000152587890625 83.3562469482421875 83.3000030517578125 83.38124847412109375 83.4499969482421875 84.11875152587890625 85.5749969482421875 86.6374969482421875 86.3312530517578125 86.6750030517578125 88.06874847412109375 89.55625152587890625 91.6125030517578125 94.125 96.5812530517578125 97.88124847412109375 100.28749847412109375 103.9562530517578125 106.25624847412109375 107.5187530517578125 109.0625 112.63124847412109375 116.28125 121.3249969482421875 125.78749847412109375 130.65625 136.443756103515625 140.8249969482421875 144.350006103515625 147.3937530517578125 153.125 159.149993896484375 164.6062469482421875 171.0500030517578125 177.3874969482421875 182.662506103515625 185.443756103515625 186.0500030517578125 184.943756103515625 180.9875030517578125 176.6750030517578125 171.5187530517578125
91.7062530517578125 86.3625030517578125 83.7312469482421875 81.97499847412109375 82.6062469482421875 83.94374847412109375 84.91249847412109375 85.77500152587890625 87.31874847412109375 88.6875 88.8249969482421875 89.90000152587890625 92.118743896484375 94.125 96.93125152587890625 99.6750030517578125 102.4499969482421875 102.7687530517578125 105.2937469482421875 107.7375030517578125 109.1437530517578125 110.8249969482421875 112.2312469482421875 115.84375 119.72499847412109375 124.1999969482421875 129.6374969482421875 134.59375 139.7937469482421875 144.2062530517578125 148.3249969482421875 152.5500030517578125 157.1999969482421875 162.625 170.4187469482421875 177.9875030517578125 185.0500030517578125 193.024993896484375 196.899993896484375 196.837493896484375 193.587493896484375 189.318756103515625 183.28125 178.537506103515625
91.5812530517578125 86.6875 84.55625152587890625 82.8562469482421875 82.6062469482421875 83.6875 85.13124847412109375 86.1750030517578125 87.3312530517578125 88.1437530517578125 89.97499847412109375 92.34375 95.9187469482421875 98.71250152587890625 101.90625 105.2937469482421875 108.9375 110.5625 112.3000030517578125 112.7687530517578125 112.9875030517578125 114.34375 115.30625152587890625 118.5124969482421875 122.94374847412109375 127.05625152587890625 131.993743896484375 138.037506103515625 143.287506103515625 147.412506103515625 151.631256103515625 156.0124969482421875 161.868743896484375 167.381256103515625 174.34375 182.443756103515625 191.4562530517578125 200.4812469482421875 207.46875 206.6125030517578125 201.9875030517578125 195.9812469482421875 190.3000030517578125 184.4375
91.4499969482421875 86.8874969482421875 85.31874847412109375 84.78125 84.9250030517578125 85.4812469482421875 85.75 85.44374847412109375 85.6062469482421875 87.3937530517578125 90.96250152587890625 95.31874847412109375 99.59375 103.9187469482421875 107.1750030517578125 110.9187469482421875 114.65000152587890625 116.93125152587890625 118.2624969482421875 116.09375 115.625 116.06874847412109375 116.88124847412109375 119.80625152587890625 124.7375030517578125 129.506256103515625 134.100006103515625 139.75 146.274993896484375 151.068756103515625 154.350006103515625 158.7624969482421875 165.2375030517578125 170.962493896484375 178.7687530517578125 186.037506103515625 195.5437469482421875 204.443756103515625 209.881256103515625 210.287506103515625 207.537506103515625 201.381256103515625 195.46875 189.0625
92.88124847412109375 88.91249847412109375 87.8874969482421875 87.6875 87.69374847412109375 88.625 88.9499969482421875 88.3249969482421875 87.3625030517578125 88.63124847412109375 93.43125152587890625 99.0437469482421875 104.3249969482421875 108.88124847412109375 111.4187469482421875 113.97499847412109375 116.6999969482421875 118.83750152587890625 120 117.5 116.09375 116.68125152587890625 118.03125 122.28125 126.81874847412109375 131.3562469482421875 135.9375 141.8562469482421875 147.7937469482421875 152.181243896484375 156.8312530517578125 160.59375 166.600006103515625 173.149993896484375 180.149993896484375 187.9375 196.0187530517578125 203.475006103515625 207.875 209.90625 207.756256103515625 202.625 198.1687469482421875 192.912506103515625
93.75 90.6687469482421875 90.16249847412109375 90.5124969482421875 90.7375030517578125 91.91249847412109375 92.6750030517578125 92.75624847412109375 93.5 95.3125 99.11875152587890625 103.90000152587890625 109.88124847412109375 113.96250152587890625 115.46250152587890625 116.2687530517578125 117.03749847412109375 117.6750030517578125 117.6875 116.2375030517578125 115.78125 116.71250152587890625 118.66249847412109375 123.5625 127.93125152587890625 132.337493896484375 137.1062469482421875 142.71875 148.943756103515625 153.4187469482421875 157.256256103515625 161.162506103515625 166.84375 172.662506103515625 179.912506103515625 188.850006103515625 196.306243896484375 203.1062469482421875 206.2249908447265625 208.318756103515625 208.181243896484375 204.84375 199.9250030517578125 195.3000030517578125
95.34375 92.83750152587890625 92.41249847412109375 92.625 93.55625152587890625 95.63124847412109375 97.0625 97.47499847412109375 98.91249847412109375 101.53749847412109375 105.3249969482421875 110.2312469482421875 115.36875152587890625 119.3562469482421875 118.84999847412109375 117.7687530517578125 116.4562530517578125 116.08750152587890625 115.1875 113.96875 115.1374969482421875 116.75 119.3562469482421875 123.0812530517578125 129.28125 133.96875 138.1999969482421875 142.681243896484375 147.537506103515625 152.09375 156.1374969482421875 160.725006103515625 166.4250030517578125 172.2687530517578125 179.037506103515625 187.1437530517578125 194.7687530517578125 201.6062469482421875 206.2687530517578125 208.475006103515625 209.0625 206.0500030517578125 202.712493896484375 199.318756103515625
98.41249847412109375 95.99375152587890625 95.81874847412109375 96.50624847412109375 97.56874847412109375 100.0124969482421875 102.21875 103.2687530517578125 105.2375030517578125 108.68125152587890625 112.7375030517578125 116.6750030517578125 119.28125 121.3625030517578125 120.30625152587890625 118.11875152587890625 116.125 114.83750152587890625 113.7624969482421875 113.0187530517578125 114.21875 116.8249969482421875 120.91249847412109375 125.375 131.287506103515625 136.0187530517578125 139.40625 142.84375 146.568756103515625 150.875 154.7874908447265625 159.40625 164.943756103515625 171.0437469482421875 177.912506103515625 185.9562530517578125 193.2750091552734375 200.2937469482421875 204.7375030517578125 207.59375 208.7687530517578125 206.40625 203.4250030517578125 199.9875030517578125
101.6125030517578125 99.5749969482421875 99.66249847412109375 100.2375030517578125 101.5625 103.94374847412109375 106.18125152587890625 108.1875 110.9499969482421875 115.19374847412109375 119.61875152587890625 122.05625152587890625 122.6687469482421875 122.0625 120.65000152587890625 118.1437530517578125 115.65625 114.72499847412109375 113.5812530517578125 112.5187530517578125 113.03125 116.72499847412109375 122.5 127.6875 132.3000030517578125 136.037506103515625 139.243743896484375 142.6062469482421875 146.056243896484375 149.0124969482421875 152.556243896484375 156.681243896484375 161.8249969482421875 168.131256103515625 175.1374969482421875 183.9250030517578125 192.037506103515625 199.21875 203.774993896484375 206.1062469482421875 207.149993896484375 206.306243896484375 202.600006103515625 195.6750030517578125
103.94374847412109375 102.18125152587890625 102.3312530517578125 103.09999847412109375 104.27500152587890625 106.8125 109.2687530517578125 112.3249969482421875 116.36875152587890625 120.69374847412109375 124.38124847412109375 124.9499969482421875 124.2687530517578125 122.4875030517578125 119.99375152587890625 118.1374969482421875 115.5187530517578125 114.3874969482421875 113.38124847412109375 112.71250152587890625 114.63124847412109375 118.68125152587890625 124.0812530517578125 128.6125030517578125 132.8125 136.5187530517578125 139.9375 141.912506103515625 144.1624908447265625 146.443756103515625 149.5124969482421875 152.9250030517578125 158.443756103515625 164.443756103515625 172.149993896484375 181.1437530517578125 190.1875 199.125 205.3000030517578125 209.53125 208.100006103515625 202.712493896484375 198.006256103515625 194.100006103515625
104.78749847412109375 103.3000030517578125 103.9812469482421875 104.93125152587890625 106.5 109.1750030517578125 112.5124969482421875 115.9187469482421875 119.93125152587890625 123.8249969482421875 127.15000152587890625 126.86875152587890625 124.96250152587890625 122.75624847412109375 120.08750152587890625 118.24375152587890625 115.3625030517578125 114.3312530517578125 113.55625152587890625 114.03125 116.83750152587890625 121.27500152587890625 126.21875 130.306243896484375 134.4499969482421875 137.8937530517578125 140.712493896484375 142.381256103515625 143.618743896484375 144.149993896484375 145.712493896484375 149.0187530517578125 154.524993896484375 161.0749969482421875 169.21875 177.5 188.243743896484375 200.368743896484375 210.6687469482421875 214.6687469482421875 211.431243896484375 205.3562469482421875 200.4250030517578125 196.2375030517578125
104.65000152587890625 103.7062530517578125 104.78749847412109375 106.4250030517578125 108.28125 111.49375152587890625 115.15000152587890625 118.375 122.2687530517578125 126.58124542236328125 129.4187469482421875 128.087493896484375 125.4812469482421875 122.5500030517578125 120.18125152587890625 117.38124847412109375 114.63124847412109375 114.44374847412109375 114.00624847412109375 114.72499847412109375 118.84999847412109375 123.53749847412109375 128.625 132.381256103515625 136.493743896484375 140.65625 142.8937530517578125 143.6999969482421875 143.375 141.84375 142.037506103515625 143.84375 148.024993896484375 154.256256103515625 161.5187530517578125 170.837493896484375 183.75 199.443756103515625 214.2062530517578125 219.5625 216.1374969482421875 208.837493896484375 202.212493896484375 194.3000030517578125
103.78749847412109375 103.4562530517578125 104.38124847412109375 106.59375 109.08750152587890625 112.3874969482421875 116.4562530517578125 120.55625152587890625 124.78125 128.600006103515625 131.256256103515625 128.881256103515625 125.4562530517578125 121.8937530517578125 119.6875 116.75624847412109375 113.2375030517578125 113.3874969482421875 114.0187530517578125 115.125 120.125 125.58750152587890625 131.149993896484375 134.662506103515625 138.9187469482421875 143.693756103515625 146.162506103515625 145.537506103515625 142.2375030517578125 138.881256103515625 137.7062530517578125 139.1999969482421875 141.6999969482421875 144.662506103515625 149.90625 160.274993896484375 176.462493896484375 198.875 223.774993896484375 225.462493896484375 218.7375030517578125 209.712493896484375 200.118743896484375 193.381256103515625
100.40000152587890625 100.65000152587890625 101.9250030517578125 104.41249847412109375 107.15000152587890625 110.96250152587890625 114.9187469482421875 118.71875 123.16249847412109375 127.88124847412109375 131.2312469482421875 128.90625 125.0749969482421875 121.53749847412109375 119.05625152587890625 115.9562530517578125 112.52500152587890625 111.0812530517578125 112.7687530517578125 114.1374969482421875 120.5187530517578125 127.0124969482421875 133.0749969482421875 137.2062530517578125 141.71875 146.868743896484375 150.443756103515625 147.493743896484375 141.3312530517578125 135.337493896484375 132.2687530517578125 132.774993896484375 136.274993896484375 140.037506103515625 142.1374969482421875 146.09375 168.2062530517578125 194.506256103515625 215.243743896484375 220.975006103515625 214.6999969482421875 206.0187530517578125 198.6374969482421875 193.0124969482421875
96.05625152587890625 96.7937469482421875 98.65000152587890625 101.3312530517578125 104.3249969482421875 108.21875 112.08750152587890625 116.40625 121.44374847412109375 126.66249847412109375 129.931243896484375 127.33750152587890625 124.21250152587890625 121.25624847412109375 118.4250030517578125 115.06874847412109375 111.7375030517578125 110.21250152587890625 110 111.86875152587890625 120.0437469482421875 128.90625 134.306243896484375 139.28125 144.6374969482421875 149.78125 152.087493896484375 149.3312530517578125 142.193756103515625 133.6374969482421875 127.5437469482421875 131 137.100006103515625 140.5124969482421875 141.9499969482421875 148.693756103515625 167.149993896484375 187.7062530517578125 204.5187530517578125 210.3562469482421875 207.5187530517578125 201.056243896484375 195.5437469482421875 191.806243896484375
91.40625 92.7375030517578125 94.61875152587890625 97.53749847412109375 100.9250030517578125 105.1875 109.40000152587890625 113.8312530517578125 119.5 124.59999847412109375 128.506256103515625 127.02500152587890625 124.375 121.1125030517578125 117.625 113.3937530517578125 109.6125030517578125 108.875 108.80625152587890625 110.46250152587890625 118.24375152587890625 126.71250152587890625 135.068756103515625 140.9812469482421875 146.649993896484375 151.6125030517578125 153.4499969482421875 152.1687469482421875 146.100006103515625 137.618743896484375 133.0999908447265625 136.931243896484375 142.149993896484375 147.1875 152.274993896484375 159.537506103515625 172.9187469482421875 187.993743896484375 199.493743896484375 204.5124969482421875 202.75 195.7937469482421875 193.381256103515625 191.725006103515625
