data/historical-monthly-weather-data/wc2.1_cruts4.09_10m_prec_1988-09.asc
ncols        51
nrows        45
xllcorner    -63.500000000000
yllcorner    -7.500000000000
cellsize     0.166666666667
NODATA_value -9999
[rows 0 to 18 of 45, columns 0 to 42 of 51]
91.8937530517578125 84.71250152587890625 84.09999847412109375 85.9375 87.11875152587890625 90.6999969482421875 92.3562469482421875 92.9812469482421875 95.8562469482421875 99.0812530517578125 103.5749969482421875 109.1062469482421875 114.6687469482421875 118.6437530517578125 122.6437530517578125 125.59375 129.4375 129.4812469482421875 130.287506103515625 129.850006103515625 129.475006103515625 126.9499969482421875 125.2375030517578125 122.21250152587890625 118.5 116.5 114.25 111.7624969482421875 108.03749847412109375 105.9562530517578125 103.13124847412109375 101.5 101.5749969482421875 99.8937530517578125 99.02500152587890625 98.41249847412109375 98.9375 99.2312469482421875 98.56874847412109375 98.1687469482421875 98.03749847412109375 97.7624969482421875 96.4187469482421875
87.8249969482421875 80.18125152587890625 80.2687530517578125 82.65625 85.96250152587890625 87.78749847412109375 88.7687530517578125 91.5187530517578125 95.1875 98.97499847412109375 103.7375030517578125 109.03125 114.46875 117.9562530517578125 121.71250152587890625 125.69374847412109375 128.4499969482421875 129.3562469482421875 129.9875030517578125 130.1750030517578125 128.8874969482421875 128.225006103515625 126.30625152587890625 123.99375152587890625 119.40000152587890625 116.8249969482421875 115.0749969482421875 112.8312530517578125 108.31874847412109375 106.3625030517578125 104.40000152587890625 103.8874969482421875 102.94374847412109375 102.5625 101.86875152587890625 100.94374847412109375 100.9875030517578125 101.2937469482421875 100.3249969482421875 99.7687530517578125 99.7062530517578125 99.53749847412109375 99.03125
86.03749847412109375 80.7687530517578125 81.8625030517578125 85.36875152587890625 89.03125 91.94374847412109375 93.3249969482421875 95.41249847412109375 99.4250030517578125 103.3312530517578125 107.7687530517578125 112.34999847412109375 117.13124847412109375 119.8625030517578125 122.52500152587890625 126.40625 128.5437469482421875 129.506256103515625 130.03125 130.493743896484375 129.5812530517578125 128.53125 127.55625152587890625 125.4562530517578125 121.28749847412109375 117.8000030517578125 117.1750030517578125 113.80625152587890625 109.4250030517578125 107.02500152587890625 104.50624847412109375 103.6875 104.11875152587890625 103.71250152587890625 103.1437530517578125 101.54375457763671875 101.15000152587890625 101.40625 100.90625 100.83750152587890625 101.08750152587890625 100.4499969482421875 100.52500152587890625
82.8874969482421875 79.3874969482421875 83.96250152587890625 87.46875 91.3562469482421875 94.55625152587890625 97.15000152587890625 100.90625 105.38124847412109375 109.6062469482421875 113.0812530517578125 116.8312530517578125 119.1687469482421875 121.93125152587890625 124.11875152587890625 126.96875 129.28125 130.21875 131.9187469482421875 133.1687469482421875 132.40625 130.1062469482421875 128.118743896484375 126.06874847412109375 121.5812530517578125 118.61875152587890625 116.6437530517578125 111.71875 108.0437469482421875 106.3125 104.6437530517578125 102.8249969482421875 102.38124847412109375 102.0500030517578125 101.0187530517578125 101.4499969482421875 101.7312469482421875 101.6125030517578125 101.7375030517578125 101.125 100.74375152587890625 100.11875152587890625 100.0500030517578125
88.1125030517578125 83.0437469482421875 83.6875 87.5 93.625 97.7062530517578125 100.6687469482421875 105.00624847412109375 110.6125030517578125 114.8937530517578125 118 119.6125030517578125 122.0187530517578125 125.3249969482421875 127.1875 129.15625 130.5812530517578125 131.243743896484375 132.6875 133.100006103515625 133.78125 130.087493896484375 128.787506103515625 126.56874847412109375 122.21250152587890625 118.9499969482421875 114.6687469482421875 110.74375152587890625 106.75 104.2375030517578125 102.94374847412109375 100.46875 99.53125 99.80625152587890625 99.90625 99.5187530517578125 99.53749847412109375 100.2937469482421875 100.875 100.625 100.1875 99.2062530517578125 98.4812469482421875
93.83750152587890625 89.0124969482421875 88.24375152587890625 87.69374847412109375 94.0749969482421875 101.8125 106.6437530517578125 110.5500030517578125 115.80625152587890625 120.90625 123.24375152587890625 124.125 126.20000457763671875 129.225006103515625 130.100006103515625 132.318756103515625 133.4562530517578125 133.5124969482421875 134.6437530517578125 135.774993896484375 134.3125 131.3937530517578125 129.2312469482421875 125.5500030517578125 122.0812530517578125 117.99375152587890625 113.25 109.59999847412109375 105.1125030517578125 101.9875030517578125 100.22499847412109375 100.1687469482421875 99.0124969482421875 98.53125 97.84999847412109375 98.3874969482421875 98.31874847412109375 99.6687469482421875 100.93125152587890625 100.43125152587890625 97.21875 96.25 95.6437530517578125
101.2312469482421875 97.30625152587890625 96.3249969482421875 95.59375 98.81874847412109375 103.5500030517578125 109.77500152587890625 115.34999847412109375 119.3625030517578125 122.7062530517578125 126.0187530517578125 127.72499847412109375 130.1875 132.399993896484375 133.4875030517578125 135.318756103515625 136.600006103515625 137.8625030517578125 138.2687530517578125 138.0500030517578125 135.368743896484375 132.21875 128.181243896484375 124.02500152587890625 120.9812469482421875 117.3874969482421875 112.65625 108.55625152587890625 103.21250152587890625 99.55625152587890625 97.9375 96.58750152587890625 95.9812469482421875 96.0187530517578125 95.6374969482421875 94.84999847412109375 94.875 97.24375152587890625 100.1687469482421875 97.53749847412109375 93.75624847412109375 91.81874847412109375 91.27500152587890625
109.15625 105.71250152587890625 104.8937530517578125 106.0812530517578125 109.3000030517578125 114.5749969482421875 117.6125030517578125 118.0437469482421875 119.0500030517578125 122.71875 127.91249847412109375 130.6062469482421875 133.3687591552734375 135.15625 137.274993896484375 137.537506103515625 138.625 140.8000030517578125 141.712493896484375 139.068756103515625 136.524993896484375 132.443756103515625 128.1125030517578125 122.9250030517578125 119.15625 115.41249847412109375 110.0187530517578125 104.96250152587890625 100.46875 96.80625152587890625 94.9250030517578125 93.2312469482421875 92.375 92.6374969482421875 91.25624847412109375 90 89.5 90.3937530517578125 90.86875152587890625 88.91249847412109375 85.41249847412109375 83.5187530517578125 83.24375152587890625
117.31874847412109375 115.0124969482421875 115.2062530517578125 116.4562530517578125 119.44374847412109375 123.4250030517578125 126.2624969482421875 126.5437469482421875 125.125 124.9812469482421875 129.600006103515625 132.243743896484375 136.28125 137.556243896484375 139.256256103515625 139.7687530517578125 140.6125030517578125 142.493743896484375 144.1374969482421875 141.0749969482421875 136.4375 132.943756103515625 126.36875152587890625 122.53125 117.43125152587890625 112.36875152587890625 107.05625152587890625 102.8249969482421875 99.28125 95.3625030517578125 93.9562530517578125 90.02500152587890625 87.19374847412109375 85.05625152587890625 83.59999847412109375 83.3312530517578125 82.9187469482421875 82.2375030517578125 81.00624847412109375 78.8874969482421875 75.7375030517578125 73.78749847412109375 73.4875030517578125
124.3625030517578125 123.125 123.9875030517578125 125.5124969482421875 129.306243896484375 133.2937469482421875 135.8937530517578125 135.4562530517578125 134.568756103515625 134.7437591552734375 136.3874969482421875 136.65625 139.03125 141.006256103515625 141.100006103515625 142.1875 141.587493896484375 142.8562469482421875 144.09375 142.9812469482421875 138.3562469482421875 132.350006103515625 124.9187469482421875 119.74375152587890625 113.28125 108.25 103.53749847412109375 99.53125 96.24375152587890625 93.31874847412109375 89.74375152587890625 85.2937469482421875 81.71250152587890625 79.7312469482421875 77.80625152587890625 76.56874847412109375 75.7937469482421875 74.3625030517578125 71.7687530517578125 69.34375 66.3562469482421875 64.8874969482421875 62.66249847412109375
133.1999969482421875 132.475006103515625 133.662506103515625 135.181243896484375 138.5749969482421875 143.7062530517578125 146.3937530517578125 143.881256103515625 141.7312469482421875 141.6999969482421875 143.1750030517578125 143.6437530517578125 143.09375 142.756256103515625 141.7624969482421875 141.631256103515625 140.1125030517578125 141.09375 142.1125030517578125 142.318756103515625 140.28125 134.149993896484375 125.52500152587890625 114.71250152587890625 109.4875030517578125 107.3249969482421875 102.9562530517578125 97.63124847412109375 92.93125152587890625 89.4812469482421875 85.90000152587890625 81.25 77.44374847412109375 74.34999847412109375 71.86875152587890625 69.84375 68.28125 66.2062530517578125 64.1125030517578125 60.71875 57.03749847412109375 55.09999847412109375 54.125
139.225006103515625 138.6999969482421875 140.131256103515625 142.806243896484375 146.1437530517578125 150.7937469482421875 154.3562469482421875 151.96875 148.1875 146.28125 147.225006103515625 147.818756103515625 144.6374969482421875 142 142.34375 141.100006103515625 139.837493896484375 139.056243896484375 139.84375 142.306243896484375 142.493743896484375 136.256256103515625 126.44374847412109375 113.99375152587890625 107.06874847412109375 102.99375152587890625 98.0437469482421875 93.0749969482421875 87.8312530517578125 84.30625152587890625 80.3125 75.78749847412109375 71.9250030517578125 69.3312530517578125 67.5625 65.2687530517578125 63.0625 60.80625152587890625 56.97499847412109375 52.637500762939453125 48.643749237060546875 46.362499237060546875 45.38124847412109375
144.0500030517578125 143.59375 144.649993896484375 146.1999969482421875 148.625 152.5437469482421875 154.5749969482421875 152.8562469482421875 150.9250030517578125 149.5500030517578125 148.8874969482421875 149.274993896484375 146.7375030517578125 140.431243896484375 138.431243896484375 138.3249969482421875 136.90625 136.4499969482421875 137.3125 139.087493896484375 140.21875 135.6750030517578125 125.97499847412109375 114.2687530517578125 103.6875 98.1125030517578125 94.1374969482421875 89.72499847412109375 84.9499969482421875 80.5124969482421875 75.25 70.3562469482421875 66.90000152587890625 63.543750762939453125 61.4375 60.018749237060546875 59.21875 57.625 54.44374847412109375 48.15625 42.362499237060546875 40.75624847412109375 39.125
147.5812530517578125 146.7312469482421875 146.6374969482421875 147.568756103515625 149.818756103515625 151.6374969482421875 152.587493896484375 152.6374969482421875 151.0124969482421875 150.34375 148.306243896484375 145.712493896484375 143.087493896484375 137.9250030517578125 133.0124969482421875 133.3625030517578125 132.2312469482421875 131.100006103515625 130.625 132.09375 132.631256103515625 128.243743896484375 121.5625 113.7062530517578125 104.5437469482421875 97.30625152587890625 92.0749969482421875 86.68125152587890625 81.03125 76.34999847412109375 72.08750152587890625 66.5187530517578125 62.31874847412109375 58.793750762939453125 56.862499237060546875 56.856250762939453125 57.581249237060546875 58.231250762939453125 55.81874847412109375 50.375 41.137500762939453125 36.168750762939453125 34.606250762939453125
149.006256103515625 147.024993896484375 146.4250030517578125 147.1374969482421875 149.087493896484375 148.412506103515625 150.1750030517578125 149.78125 148.162506103515625 148.3249969482421875 145.2062530517578125 142 138.375 133.4375 127.27500152587890625 125.22499847412109375 124.86875152587890625 124.78749847412109375 123.41249847412109375 124.5625 125.3125 123.25624847412109375 119.31874847412109375 114.4375 108.96875 102.1999969482421875 95.02500152587890625 87.02500152587890625 79.7312469482421875 74.7062530517578125 68.21250152587890625 62.487499237060546875 58.9375 55.212497711181640625 51.987499237060546875 53.575000762939453125 57.86875152587890625 62.88124847412109375 63.575000762939453125 57.59375 49.36875152587890625 42.74375152587890625 39.34375
148.6125030517578125 145.943756103515625 145.8937530517578125 146.1125030517578125 146.2624969482421875 147.006256103515625 147.5124969482421875 146.725006103515625 146.024993896484375 146.181243896484375 142.818756103515625 138.2687530517578125 133.787506103515625 129.087493896484375 123.21250152587890625 117.8562469482421875 116.99375152587890625 118.18125152587890625 117.0500030517578125 118.43125152587890625 118.5187530517578125 119.06874847412109375 119.09375 117.59999847412109375 113.55625152587890625 105.88124847412109375 96.7624969482421875 88.3562469482421875 80.8000030517578125 74.19374847412109375 68.8125 61.90625 57 53.66249847412109375 49.59999847412109375 53.68125152587890625 61.237499237060546875 67.28125 71.34999847412109375 67.75 61.59375 52.268749237060546875 44.34375
146.1437530517578125 144.0187530517578125 144.6125030517578125 144.96875 144.71875 145.625 145.850006103515625 145.6999969482421875 144.7937469482421875 143.625 141.0749969482421875 136.03125 129.9875030517578125 124.52500152587890625 120.67499542236328125 116.19374847412109375 110.8937530517578125 110.8625030517578125 111.8000030517578125 112.65625 112.53749847412109375 114.25 117.8312530517578125 120.2937469482421875 118.3249969482421875 108.3937530517578125 98.47499847412109375 89.72499847412109375 82.09999847412109375 75.75 71.25624847412109375 66.7624969482421875 60.918750762939453125 56.55625152587890625 56.69374847412109375 59.706249237060546875 65.77500152587890625 76.44374847412109375 85.96875 78.2312469482421875 67.6125030517578125 56.612499237060546875 46.28749847412109375
143.7937469482421875 142.0812530517578125 141.712493896484375 142.3312530517578125 143.568756103515625 144.850006103515625 144.693756103515625 144 143.71875 141.556243896484375 138.5500030517578125 133.475006103515625 127.28749847412109375 121.75624847412109375 117.65625 114.08750152587890625 109.40625 104.28749847412109375 106.75 106.97499847412109375 107.5124969482421875 108.21250152587890625 112.25624847412109375 116.53125 116.56874847412109375 108.06874847412109375 99.7375030517578125 91.28125 82.9250030517578125 75.4562530517578125 70.13124847412109375 65.6687469482421875 66.66249847412109375 67.71250152587890625 65.24375152587890625 63.90625 71.69374847412109375 80.77500152587890625 84.1875 78.3125 65.68125152587890625 55.09999847412109375 46.237499237060546875
140.9187469482421875 138.7062530517578125 138.3937530517578125 140 141.193756103515625 142.9499969482421875 143.149993896484375 144.037506103515625 143.118743896484375 140.8125 137.318756103515625 131.462493896484375 124.72499847412109375 119.38124847412109375 114.5500030517578125 112.2375030517578125 108.91249847412109375 102.9499969482421875 101.2375030517578125 101.4375 103.7312469482421875 109.75 104.93125152587890625 108.3625030517578125 110.2937469482421875 108.0437469482421875 101.90625 93.21875 86.78749847412109375 78.1687469482421875 71.2687530517578125 71.5500030517578125 78.08124542236328125 79.34375 78.1750030517578125 76.6999969482421875 78.16249847412109375 79.59375 78.3125 71.46875 61.1875 52.543750762939453125 45.731250762939453125
