data/historical-monthly-weather-data/wc2.1_cruts4.09_10m_prec_1995-09.asc
ncols        51
nrows        45
xllcorner    -63.500000000000
yllcorner    -7.500000000000
cellsize     0.166666666667
NODATA_value -9999
[rows 19 to 37 of 45, columns 0 to 43 of 51]
109.08750152587890625 108.5749969482421875 107.71875 107.9562530517578125 108.53125 109.83750152587890625 109.99375152587890625 109.1750030517578125 109.18125152587890625 107.3312530517578125 104.38124847412109375 99.21875 93.0812530517578125 87.0187530517578125 81.6062469482421875 77.55625152587890625 72.50624847412109375 71.0749969482421875 68.46875 68.6750030517578125 66.02500152587890625 64.22499847412109375 65.15625 65.4499969482421875 64.46250152587890625 61.46875 58.137500762939453125 55.018749237060546875 49.91249847412109375 45.46250152587890625 42.893749237060546875 45.94374847412109375 47.41249847412109375 49.575000762939453125 49.875 45.799999237060546875 41.40000152587890625 37.731250762939453125 34.293750762939453125 30.131250381469726562 25.481250762939453125 21.881250381469726562 20.587499618530273438 20.206249237060546875
102.8000030517578125 103.33750152587890625 103.8937530517578125 104.74375152587890625 105.5500030517578125 106.31874847412109375 107.3000030517578125 107.53125 108.52500152587890625 107.9499969482421875 105.30625152587890625 101.3125 95.3312530517578125 88.2937469482421875 83.4375 77.7312469482421875 72.7312469482421875 69.55625152587890625 69.1875 67.30625152587890625 66.9375 66.875 66.5187530517578125 66.47499847412109375 66.16249847412109375 63.668750762939453125 59.75 55.40000152587890625 51.418750762939453125 50.08750152587890625 49.49375152587890625 51.74375152587890625 53.237499237060546875 55.737499237060546875 58.293750762939453125 51.731250762939453125 43.41249847412109375 37.643749237060546875 33.24375152587890625 29.256250381469726562 25.6875 23.087499618530273438 21.643749237060546875 20.981250762939453125
98 97.4562530517578125 98.40625 99.83750152587890625 102.0124969482421875 104.03749847412109375 105.18125152587890625 106.78125 108.2937469482421875 108.4875030517578125 106.83750152587890625 103.78749847412109375 99.68125152587890625 93.7062530517578125 88.1875 81.43125152587890625 76.28125 72.6750030517578125 71.8249969482421875 69.9499969482421875 67.3312530517578125 66.80625152587890625 66.4375 65.96250152587890625 64.84375 63.02500152587890625 61.34375 57.643749237060546875 55.4375 54.94374847412109375 54.731250762939453125 55.71250152587890625 56.21250152587890625 57.200000762939453125 55.512500762939453125 50.112499237060546875 42.575000762939453125 37.049999237060546875 32.625 29.193750381469726562 26.393749237060546875 24.549999237060546875 23.537500381469726562 22.762500762939453125
93.96250152587890625 94.5124969482421875 94.9375 96.8000030517578125 99.09999847412109375 101.3249969482421875 103.6374969482421875 105.91249847412109375 108.8874969482421875 109.0812530517578125 109.66249847412109375 107.9499969482421875 106.3125 101.40000152587890625 93.5625 86.21250152587890625 79.88124847412109375 76.55625152587890625 74.08750152587890625 72.0124969482421875 69.4250030517578125 68.34375 67.03749847412109375 65.24375152587890625 64.4562530517578125 62.700000762939453125 61 59.66249847412109375 57.762500762939453125 57.15000152587890625 57.75 58.96250152587890625 57.762500762939453125 55.918750762939453125 52.168750762939453125 45.987499237060546875 40.318752288818359375 35.47499847412109375 31.9375 29.5625 27.737499237060546875 26.21875 25.231250762939453125 24.424999237060546875
91.84375 91.18125152587890625 92.34999847412109375 93.72499847412109375 95.40000152587890625 98.81874847412109375 101.68125152587890625 104.00624847412109375 106.94374847412109375 108.0124969482421875 108.59375 109.6437530517578125 110.9250030517578125 106.06874847412109375 97.25 89.34999847412109375 83.1687469482421875 79.74375152587890625 77.24375152587890625 74.4875030517578125 71.8625030517578125 69.78749847412109375 68.81874847412109375 66.9499969482421875 65.2624969482421875 62.6875 60.93125152587890625 59.68125152587890625 59.325000762939453125 59.325000762939453125 59.825000762939453125 60.893749237060546875 58.325000762939453125 55.09375 50.862499237060546875 44.34375 39.418750762939453125 35.58750152587890625 32.59999847412109375 30.881250381469726562 29.174999237060546875 27.918750762939453125 27.274999618530273438 26.631250381469726562
90.96875 89.59999847412109375 90.03125 91.0500030517578125 95.15000152587890625 97.94374847412109375 100.2624969482421875 102.63124847412109375 105 106.84999847412109375 108.1125030517578125 108.16249847412109375 108.1875 105.0500030517578125 98.38124847412109375 91.25 85.75 81.97499847412109375 79.16249847412109375 76.99375152587890625 74.5124969482421875 71.9875030517578125 71.34999847412109375 69.31874847412109375 66.0500030517578125 64.05625152587890625 62.268749237060546875 61.200000762939453125 60.77500152587890625 61.28125 61.606250762939453125 62.049999237060546875 59.606250762939453125 55.668750762939453125 50.75 44.84999847412109375 40.68125152587890625 37.00624847412109375 34.143749237060546875 32.27500152587890625 30.59375 29.8125 29.387500762939453125 29.53125
92.0500030517578125 91.5812530517578125 90.5812530517578125 92.21875 94.44374847412109375 96.6875 99.22499847412109375 101.2687530517578125 103.24375152587890625 105.34375 105.5812530517578125 105.77500152587890625 105.21875 102.4375 97.59999847412109375 92.13124847412109375 87.0124969482421875 83.97499847412109375 81.18125152587890625 78.88124847412109375 76.4812469482421875 73.9187469482421875 73.34375 71.25624847412109375 68.0187530517578125 65.0749969482421875 64.18125152587890625 63.793750762939453125 62.94374847412109375 63.46875 63.78125 64.34999847412109375 60.47499847412109375 56.09375 51.668750762939453125 47.19374847412109375 42.59999847412109375 38.81874847412109375 36.46250152587890625 34.25 32.75624847412109375 31.887500762939453125 31.524999618530273438 32.018749237060546875
94.74375152587890625 93.0437469482421875 92.36875152587890625 93.5124969482421875 94.53125 96.58750152587890625 98.27500152587890625 99.43125152587890625 100.25624847412109375 102.1437530517578125 103.46250152587890625 103.8249969482421875 102.83750152587890625 100.9187469482421875 97.08750152587890625 92.53125 88.9187469482421875 85.5124969482421875 82.97499847412109375 80.7624969482421875 78.8125 76.4375 75.4375 74.52500152587890625 70.9499969482421875 68.2312469482421875 67.3125 66.18125152587890625 65.3937530517578125 65.6374969482421875 65.83124542236328125 65.47499847412109375 62.299999237060546875 57.74375152587890625 52.737499237060546875 48.63124847412109375 44.549999237060546875 40.59375 38.22499847412109375 36.1875 34.293750762939453125 33.731250762939453125 33.6875 33.68125152587890625
97.40000152587890625 95.6062469482421875 95.0500030517578125 94.50624847412109375 95.24375152587890625 96.25624847412109375 97.59999847412109375 98.4375 98.65625 100.4499969482421875 101.36875152587890625 101.5500030517578125 100.8874969482421875 100.19374847412109375 96.6875 92.90625 89.5500030517578125 86.66249847412109375 84.31874847412109375 82.875 80.97499847412109375 79.1437530517578125 78.25 76.90000152587890625 74.43125152587890625 71.4375 70.18125152587890625 69.02500152587890625 68.1062469482421875 68.55625152587890625 68.02500152587890625 67.53749847412109375 64.28749847412109375 59.25624847412109375 54.31874847412109375 50.081249237060546875 46.625 42.981250762939453125 40.53125 38.33750152587890625 36.450000762939453125 36.081249237060546875 35.356250762939453125 35.68125152587890625
100.41249847412109375 98.1437530517578125 96.3312530517578125 95.03749847412109375 94.7687530517578125 95.0124969482421875 95.6875 96.65625 97.2624969482421875 98.3312530517578125 98.94374847412109375 98.8874969482421875 99.5749969482421875 98.59375 95.5812530517578125 93.8125 92.1687469482421875 87.625 85.3000030517578125 84.1875 83.0625 82.0437469482421875 81.6062469482421875 80.33750152587890625 77.1750030517578125 74.7687530517578125 73.3874969482421875 72.5749969482421875 72.24375152587890625 71.4812469482421875 70.3125 69.3874969482421875 65.3562469482421875 60.56874847412109375 56.30625152587890625 51.90000152587890625 48.731250762939453125 45.456249237060546875 43.174999237060546875 40.75624847412109375 37.78749847412109375 36.793750762939453125 36.78749847412109375 37.487499237060546875
103.01874542236328125 100.27500152587890625 96.90000152587890625 94.80625152587890625 93.71875 94.05625152587890625 94.7375030517578125 95.49375152587890625 95.9499969482421875 96.46875 96.90625 97.81874847412109375 98.44374847412109375 98.1062469482421875 96.74375152587890625 94.53749847412109375 92.27500152587890625 89.46875 86.59999847412109375 85.46875 85.21250152587890625 85.2937469482421875 84.5812530517578125 82.8937530517578125 81 79.53125 77.6999969482421875 76.2375030517578125 74.8874969482421875 74.18125152587890625 73.4812469482421875 72.3125 67.6374969482421875 62.65000152587890625 58.362499237060546875 54.206249237060546875 50.93125152587890625 48.09375 44.8125 42.950000762939453125 40.43125152587890625 39.03125 38.27500152587890625 38.6875
103.58750152587890625 100.69374847412109375 98.03749847412109375 94.66249847412109375 93.40625 93.93125152587890625 93.6750030517578125 94.0749969482421875 94.7937469482421875 95.59375 95.8937530517578125 96.7062530517578125 99.1750030517578125 98.8312530517578125 97.26874542236328125 95.31874847412109375 94.375 91.93125152587890625 89.1374969482421875 88.63124847412109375 88.56874847412109375 89.40000152587890625 89.3874969482421875 87.40000152587890625 85.2062530517578125 83.9562530517578125 81.94374847412109375 80.0749969482421875 78.52500152587890625 76.3874969482421875 75.90625 74.65625 69.65625 65.4875030517578125 61.012500762939453125 56.043750762939453125 52.625 49.90000152587890625 47.356250762939453125 45.15625 42.325000762939453125 40.61875152587890625 39.50624847412109375 39.34999847412109375
104.7937469482421875 100.4375 97.21875 94.49375152587890625 93.84999847412109375 93.36875152587890625 93.24375152587890625 93.55625152587890625 94.52500152587890625 94.9562530517578125 95.65625 96.47499847412109375 97.3874969482421875 98.6999969482421875 98.6374969482421875 98.7375030517578125 97.43125152587890625 95.40000152587890625 93.90625 94.1750030517578125 94.66249847412109375 93.93125152587890625 94.2375030517578125 91.7687530517578125 90.9562530517578125 88.2062530517578125 85.5187530517578125 84.3625030517578125 82.49375152587890625 80.1437530517578125 78.9875030517578125 76.53125 71.80625152587890625 67.30625152587890625 62.518749237060546875 57.456249237060546875 53.674999237060546875 50.15000152587890625 47.72499847412109375 45.58750152587890625 43.22499847412109375 41.49375152587890625 40.481250762939453125 39.887500762939453125
103.2624969482421875 99.91249847412109375 96.4375 94.1750030517578125 93.2937469482421875 93.0437469482421875 93.3125 92.94374847412109375 93.7687530517578125 93.96875 97.1687469482421875 97.25 98.71875 101.9499969482421875 102.2937469482421875 103.41249847412109375 103.1999969482421875 102.90625 101.75624847412109375 101.97499847412109375 101.47499847412109375 100.49375152587890625 99.0437469482421875 96.78125 95.5625 92.5 89.8312530517578125 88.2937469482421875 86.43125152587890625 84.80625152587890625 82.46875 79.7687530517578125 74.25 69.40000152587890625 64.7624969482421875 59.43125152587890625 54.875 50.31874847412109375 47.91249847412109375 46.22499847412109375 43.96875 42.418750762939453125 41.50624847412109375 40.625
100.6374969482421875 98.41249847412109375 96.19374847412109375 94.16249847412109375 92.77500152587890625 92.56874847412109375 93.0749969482421875 92.8937530517578125 93.1687469482421875 94.41249847412109375 96.3000030517578125 99.1875 101.0187530517578125 102.71250152587890625 105.125 107.0749969482421875 109.43125152587890625 110.1125030517578125 110.2312469482421875 110.50624847412109375 109.4250030517578125 107.1875 104.8874969482421875 101.5812530517578125 99.09375 96.0625 93.44374847412109375 91.88124847412109375 89.7312469482421875 87.6687469482421875 85.49375152587890625 82.6374969482421875 77.0124969482421875 71.4875030517578125 66.52500152587890625 61.97499847412109375 56.262500762939453125 51.16249847412109375 48.78125 46.50624847412109375 44.16249847412109375 43.28749847412109375 42.68125152587890625 41.78749847412109375
98.8000030517578125 97.0749969482421875 95.5 94.40625 93.375 92.59375 93.28125 93.18125152587890625 92.8312530517578125 94.3125 97.31874847412109375 101.3625030517578125 103.78125 106.16249847412109375 109.24375152587890625 112.63124847412109375 115.56874847412109375 116.3249969482421875 118.74375152587890625 118.8874969482421875 117.88124847412109375 114.74375152587890625 110.3562469482421875 106.06874847412109375 101.9812469482421875 99.75624847412109375 97.69374847412109375 95.46250152587890625 93.2375030517578125 90.5124969482421875 87.9250030517578125 84.31874847412109375 78.8000030517578125 73.28749847412109375 67.72499847412109375 62.24375152587890625 57.043750762939453125 52.637500762939453125 49.75 47.549999237060546875 44.49375152587890625 43.200000762939453125 42.956249237060546875 41.862499237060546875
97.2375030517578125 95.3625030517578125 94.55625152587890625 93.83750152587890625 93.05625152587890625 92.90625 92.56874847412109375 93.3562469482421875 93.59999847412109375 94.6750030517578125 98.1125030517578125 102.2624969482421875 106.6062469482421875 110.4375 113.84999847412109375 117.8937530517578125 120.9875030517578125 123.1374969482421875 125.8562469482421875 127.7624969482421875 124.74375152587890625 120.6374969482421875 114.5187530517578125 109.125 105.3000030517578125 102.50624847412109375 99.9875030517578125 98.25624847412109375 96.34375 92.99375152587890625 90.11875152587890625 86.58750152587890625 80.5124969482421875 75.0500030517578125 69.50624847412109375 63.9375 59.9375 55.43125152587890625 52.5 50.012500762939453125 47.53125 45.83750152587890625 44.700000762939453125 43.65000152587890625
95.69374847412109375 94.28749847412109375 93.46875 92.6062469482421875 92.91249847412109375 92.9250030517578125 93.21875 93.7312469482421875 94.58750152587890625 94.8874969482421875 99.4499969482421875 107.30625152587890625 112.2312469482421875 116.09375 120.05625152587890625 123.28125 126.91249847412109375 128.1062469482421875 129.868743896484375 131.131256103515625 129.1062469482421875 122.84999847412109375 116.6437530517578125 110.75 106.88124847412109375 104.40625 101.71250152587890625 99.80625152587890625 98.18125152587890625 95.02500152587890625 91.61875152587890625 88.05625152587890625 82.6125030517578125 77.25 71.8249969482421875 67.03749847412109375 62.924999237060546875 59.043750762939453125 55.6875 52.737499237060546875 50.043750762939453125 47.981250762939453125 46.83750152587890625 45.793750762939453125
93.75624847412109375 93.1125030517578125 92.7312469482421875 91.84375 92.5500030517578125 93.40625 94.27500152587890625 95.5625 97.2937469482421875 97.9875030517578125 108.52500152587890625 116.00624847412109375 119.4375 122.43125152587890625 125.81874847412109375 129.256256103515625 130.587493896484375 131.5437469482421875 131.2312469482421875 130.3874969482421875 128.6812591552734375 122.8562469482421875 117.2062530517578125 111.4250030517578125 107.28749847412109375 104.53125 102.91249847412109375 101.6687469482421875 100.2937469482421875 97.13124847412109375 92.15000152587890625 88.3000030517578125 83.41249847412109375 79.375 74.58750152587890625 69.03749847412109375 65.2624969482421875 61.56874847412109375 59.174999237060546875 56.456249237060546875 52.90000152587890625 51.481250762939453125 49.137500762939453125 47.47499847412109375
