data/historical-monthly-weather-data/wc2.1_cruts4.09_10m_prec_1986-02.asc
ncols        51
nrows        45
xllcorner    -63.500000000000
yllcorner    -7.500000000000
cellsize     0.166666666667
NODATA_value -9999
[rows 20 to 39 of 45, columns 0 to 43 of 51]
183.100006103515625 191.4375 200.7375030517578125 210.837493896484375 223.2562408447265625 234.056243896484375 245.462493896484375 257.068756103515625 267.57501220703125 277.09375 285.493743896484375 295.54376220703125 306.818756103515625 317.056243896484375 308.787506103515625 291.95623779296875 277.79376220703125 267.306243896484375 264.006256103515625 261.04998779296875 256.925018310546875 251.556243896484375 245.193756103515625 239.975006103515625 235.381256103515625 231.931243896484375 231.475006103515625 231.3249969482421875 232.2062530517578125 233.943756103515625 230.774993896484375 222.0124969482421875 203.6437530517578125 181.9250030517578125 162.625 171.0500030517578125 189.118743896484375 202.806243896484375 210.725006103515625 213.2624969482421875 211.631256103515625 210.2624969482421875 209.587493896484375 208.8249969482421875
175.3874969482421875 185.0999908447265625 195.2937469482421875 207.306243896484375 219.6875 231.125 242.8312530517578125 254.712493896484375 265.14373779296875 272.493743896484375 277.662506103515625 282.63751220703125 288.0625 291.96875 290.51873779296875 282.649993896484375 273.881256103515625 266.524993896484375 262.20001220703125 259.162506103515625 252.7375030517578125 247.125 243.28125 237.881256103515625 233.7375030517578125 231.4187469482421875 232.225006103515625 232.8312530517578125 234.8312530517578125 238.131256103515625 237.962493896484375 230.3125 213.806243896484375 196.6374969482421875 184.537506103515625 188.475006103515625 200.181243896484375 209.0625 212.9499969482421875 213.0124969482421875 211.1187591552734375 209.993743896484375 208.7062530517578125 207.2624969482421875
170.431243896484375 181.493743896484375 191.537506103515625 203.8249969482421875 216.2312469482421875 228.6374969482421875 239.337493896484375 251.587493896484375 262.45001220703125 266.54998779296875 267.45001220703125 267.23748779296875 267.11248779296875 269.65625 273.08123779296875 271.82501220703125 267.42498779296875 262.98126220703125 258.725006103515625 254.306243896484375 248.3937530517578125 242.4499969482421875 237.9250030517578125 232.6750030517578125 229.899993896484375 229.125 230.5812530517578125 232.431243896484375 236.037506103515625 241.4187469482421875 244.568756103515625 242.431243896484375 227.649993896484375 214.5562591552734375 209.0124969482421875 212.493743896484375 217.506256103515625 219.7624969482421875 218.65625 214.431243896484375 210.7062530517578125 209.09375 207.34375 205.7375030517578125
167.912506103515625 178.524993896484375 188.537506103515625 199.3625030517578125 211.5749969482421875 223.806243896484375 235.368743896484375 246.2375030517578125 256.056243896484375 258.33123779296875 258.08123779296875 256.131256103515625 251.287506103515625 255.90625 261.91876220703125 263.32501220703125 261.71875 259.681243896484375 256.01873779296875 251.2624969482421875 244.3874969482421875 237.6750030517578125 232.243743896484375 227.568756103515625 225.78125 224.6687469482421875 228.0500030517578125 231.712493896484375 235.7312469482421875 242.5625 247.6875 247.8249969482421875 237.3312530517578125 228.524993896484375 226.25 230.3562469482421875 231.306243896484375 226.53125 220.993743896484375 214.649993896484375 209.78125 207.212493896484375 205.5124969482421875 204.681243896484375
168.6125030517578125 177.556243896484375 186.5812530517578125 197.181243896484375 209.4875030517578125 219.8125 230.4375 240.056243896484375 246.96875 250.34375 251.09375 250.375 249.7624969482421875 252.6437530517578125 256.10626220703125 258.57501220703125 259.212493896484375 257.70623779296875 254.431243896484375 249.443756103515625 242.131256103515625 233.681243896484375 226.3562469482421875 221.118743896484375 219.3312530517578125 222.0812530517578125 225.5749969482421875 230.662506103515625 235.03125 241.5187530517578125 246.193756103515625 247.0187530517578125 241.25 235.899993896484375 233.943756103515625 233.537506103515625 231.5500030517578125 225.337493896484375 218.899993896484375 212.375 207.1875 204.59375 203.4375 204.087493896484375
173.725006103515625 181.4812469482421875 188.4375 197.6999969482421875 208.4187469482421875 217.7937469482421875 226.212493896484375 234.381256103515625 240.399993896484375 244.256256103515625 246.1875 247.8249969482421875 250.100006103515625 252.1999969482421875 255.306243896484375 257.15625 258.212493896484375 256.96875 254.6875 249.693756103515625 241.125 230.506256103515625 220.662506103515625 213.462493896484375 214.681243896484375 219.4187469482421875 225.649993896484375 229.993743896484375 234.631256103515625 239.774993896484375 243.6999969482421875 245.306243896484375 241.600006103515625 237.8625030517578125 235.3312530517578125 232.21875 227.993743896484375 221.743743896484375 214.431243896484375 208.28125 203.3562469482421875 201.318756103515625 200.1687469482421875 201.475006103515625
181.806243896484375 187.7937469482421875 193.0812530517578125 201.0437469482421875 209.09375 216.131256103515625 223.524993896484375 229.412506103515625 235.131256103515625 240.100006103515625 243.868743896484375 246.9187469482421875 250.65625 254.1437530517578125 256.931243896484375 259.73748779296875 260.818756103515625 259.95623779296875 257.256256103515625 251.899993896484375 242.5124969482421875 231.556243896484375 219.5124969482421875 210.9250030517578125 215.193756103515625 220.9187469482421875 226.875 231.368743896484375 234.96875 239.524993896484375 243.475006103515625 244.149993896484375 240.6374969482421875 238.337493896484375 233.8625030517578125 229.618743896484375 224.3562469482421875 217.068756103515625 210.5812530517578125 204.375 199.306243896484375 197.618743896484375 197 198.65625
190.7687530517578125 194.4250030517578125 198.681243896484375 204.243743896484375 209.78125 214.625 220.943756103515625 227.0500030517578125 232.4250030517578125 237.993743896484375 242.100006103515625 246.225006103515625 250.6374969482421875 254.931243896484375 258.725006103515625 262.399993896484375 263.96875 264.556243896484375 261.75 257.181243896484375 248.662506103515625 238.162506103515625 229.3937530517578125 222.3000030517578125 222.443756103515625 226.4499969482421875 230.9875030517578125 234.725006103515625 237.368743896484375 241.3249969482421875 244.556243896484375 245.6750030517578125 242.818756103515625 237.787506103515625 232.1062469482421875 226.9499969482421875 219.881256103515625 213.03125 206.3125 199.8000030517578125 194.818756103515625 194.274993896484375 194.53125 197.631256103515625
198.837493896484375 201.1687469482421875 203.4250030517578125 207.0625 211.006256103515625 214.5500030517578125 219.600006103515625 224.587493896484375 230.337493896484375 236.2375030517578125 240.90625 245.6437530517578125 250.4375 256.462493896484375 261.4375 266.73126220703125 270.21875 270.26251220703125 269.26873779296875 264.83123779296875 257.443756103515625 247.90625 241.600006103515625 235.6125030517578125 232.875 233.875 237.2312469482421875 239.7062530517578125 242.4875030517578125 245.4812469482421875 247.03125 248.1687469482421875 243.53125 237.4937591552734375 231.3937530517578125 224.3937530517578125 217.40625 210.1374969482421875 204.3125 197.0437469482421875 190.3874969482421875 190.0187530517578125 192.881256103515625 198.9562530517578125
206.9250030517578125 207.1437530517578125 208.15625 209.9375 213.125 216.0500030517578125 219.6125030517578125 223.7312469482421875 228.6125030517578125 234.625 239.96875 246.21875 252.3625030517578125 259.60626220703125 265.912506103515625 270.818756103515625 275.806243896484375 278.53125 278.350006103515625 273.78125 266.149993896484375 258.51873779296875 253.1062469482421875 246.899993896484375 243.0187530517578125 242.6687469482421875 244.5437469482421875 245.78125 247.568756103515625 249.068756103515625 250.8125 251.381256103515625 245.5625 239.337493896484375 232.25 224.9812469482421875 216.631256103515625 209.3249969482421875 202.3937530517578125 195.1374969482421875 190.8687591552734375 192.40625 195.5124969482421875 202.6374969482421875
213.34375 212.2312469482421875 211.2624969482421875 212.193756103515625 213.7312469482421875 216.4437408447265625 219.399993896484375 223.0812530517578125 227.7312469482421875 233.1437530517578125 240.0749969482421875 247.881256103515625 255.9562530517578125 262.98126220703125 269.28125 275.837493896484375 282.006256103515625 286.01873779296875 287.712493896484375 283.287506103515625 275.662506103515625 268.018768310546875 262.431243896484375 256.28125 252.09375 251.1374969482421875 251.78125 252.587493896484375 253.4812469482421875 253.9562530517578125 254.712493896484375 254.725006103515625 249.53125 243.118743896484375 235.8937530517578125 226.524993896484375 217.6687469482421875 210.193756103515625 202.8000030517578125 195.03125 191.4562530517578125 195.25 199.6687469482421875 204.8249969482421875
216.7937469482421875 214.8625030517578125 213.4562530517578125 213.7062530517578125 214.024993896484375 215.8000030517578125 218.5749969482421875 221 225.3874969482421875 231.6687469482421875 238.7312469482421875 247.9812469482421875 257.662506103515625 266.649993896484375 273.587493896484375 281.350006103515625 285.868743896484375 289.318756103515625 290.9375 288.76873779296875 282.46875 276.26873779296875 270.256256103515625 264.65625 260.993743896484375 259.21875 258.78125 258.962493896484375 259.39373779296875 259.98126220703125 260.118743896484375 259.131256103515625 253.6875 246.84375 239.5625 229.6687469482421875 220.212493896484375 211.412506103515625 203.600006103515625 198.006256103515625 196.21875 200.5 205.2687530517578125 211.2624969482421875
218.8125 217 215.71875 215.056243896484375 214.2062530517578125 215.306243896484375 216.625 218.78125 223.5187530517578125 230.1374969482421875 238.850006103515625 249.1875 261.34375 272.45001220703125 279.743743896484375 285.587493896484375 289.41876220703125 292.98126220703125 293.10626220703125 291.59375 287.118743896484375 281.32501220703125 275.993743896484375 270.51251220703125 267.28125 265.506256103515625 264.35626220703125 264.756256103515625 264.943756103515625 264.931243896484375 265.63751220703125 264.431243896484375 258.493743896484375 252.3874969482421875 245.71875 236.375 226.375 216.243743896484375 209.0124969482421875 206.2687530517578125 204.8562469482421875 208.931243896484375 214.4250030517578125 221.368743896484375
221.0749969482421875 218.681243896484375 216.9187469482421875 216.0749969482421875 214.5124969482421875 214.225006103515625 214.8312530517578125 216.5187530517578125 219.899993896484375 226.556243896484375 236.131256103515625 249.6125030517578125 264.98126220703125 277.618743896484375 284.9375 290.11248779296875 293.274993896484375 295.625 295.45623779296875 294.08123779296875 289.587493896484375 284.03125 279.725006103515625 274.67498779296875 272.006256103515625 270.399993896484375 269.26251220703125 268.95001220703125 269.48126220703125 270.350006103515625 271.375 270.618743896484375 265.70623779296875 259.39373779296875 251.943756103515625 242.837493896484375 232.3937530517578125 222.2624969482421875 216.568756103515625 214.149993896484375 212.493743896484375 216.7312469482421875 223.7375030517578125 231.399993896484375
223.0749969482421875 221.024993896484375 218.8874969482421875 216.4812469482421875 214.7937469482421875 213.8312530517578125 212.756256103515625 212.9875030517578125 215.225006103515625 221.15625 232.462493896484375 250.1062469482421875 269.14373779296875 283.912506103515625 290.350006103515625 294.48748779296875 296.087493896484375 297.131256103515625 297.51251220703125 295.39373779296875 292 286.162506103515625 281.67498779296875 276.65625 274.925018310546875 273.13751220703125 272.71875 273.03125 273.73748779296875 275.40625 276.29998779296875 277.34375 272.493743896484375 266.71875 259.29998779296875 249.1750030517578125 238.087493896484375 229.875 225.34375 221.712493896484375 220.149993896484375 223.318756103515625 229.462493896484375 236.774993896484375
225.7062530517578125 223.881256103515625 221.1875 217.875 215.1687469482421875 214.131256103515625 212.243743896484375 210.9812469482421875 211.65625 216.600006103515625 229.1750030517578125 248.881256103515625 270.09375 286.10626220703125 292.5625 296.381256103515625 298.57501220703125 298.85626220703125 297.118743896484375 295.587493896484375 291.64373779296875 286.931243896484375 281.75 277.98748779296875 275.63751220703125 274.337493896484375 274.42498779296875 276.33123779296875 277.506256103515625 279.45001220703125 281.92498779296875 283.79376220703125 280.10626220703125 274.98126220703125 267.14373779296875 256.837493896484375 248.4499969482421875 239.4812469482421875 234.6062469482421875 232.0749969482421875 231.318756103515625 233.024993896484375 236.8625030517578125 243.3249969482421875
229.4375 227.4375 223.71875 221.256256103515625 217.84375 216.0500030517578125 213.5749969482421875 211.056243896484375 209.537506103515625 209.1687469482421875 225.5749969482421875 251.34375 271.40625 285.20001220703125 292.82501220703125 296.83123779296875 299.20001220703125 298.931243896484375 297.787506103515625 294.92498779296875 290.225006103515625 284.881256103515625 280.024993896484375 276.774993896484375 274.649993896484375 274.34375 275.1875 277.36248779296875 280.037506103515625 282.95001220703125 286.4375 289.15625 286.96875 282.51251220703125 275.96875 267.73748779296875 258.42498779296875 249.78125 245.1875 242.0749969482421875 240.056243896484375 241.2624969482421875 243.962493896484375 248.53125
233.21875 231.25 227.587493896484375 224.4875030517578125 221.5 219.337493896484375 217.087493896484375 214.868743896484375 214.6687469482421875 212.6999969482421875 237.587493896484375 264.037506103515625 277.693756103515625 286.756256103515625 293.556243896484375 297.431243896484375 298.3125 297.912506103515625 295.337493896484375 291.32501220703125 286.64373779296875 280.774993896484375 276.63751220703125 273.89373779296875 272.91876220703125 273.399993896484375 274.82501220703125 278.131256103515625 281.806243896484375 286.618743896484375 290 293.912506103515625 292.48126220703125 289.48126220703125 283.5 276.48126220703125 267.912506103515625 260.04376220703125 255.4250030517578125 251.524993896484375 248.3000030517578125 248.568756103515625 249.1687469482421875 251.431243896484375
237.681243896484375 235.162506103515625 231.306243896484375 229.212493896484375 226.149993896484375 224.881256103515625 224.693756103515625 225.4250030517578125 230.381256103515625 244.6750030517578125 272.681243896484375 282.04376220703125 286.95623779296875 292.34375 297.225006103515625 298.600006103515625 298.806243896484375 296.54376220703125 292.03125 287.13751220703125 280.912506103515625 274.881256103515625 271.774993896484375 269.33123779296875 269.14373779296875 271.431243896484375 273.96875 278.20623779296875 283.20001220703125 288.29376220703125 293.556243896484375 297.368743896484375 296.256256103515625 294.17498779296875 291.64373779296875 285.07501220703125 276.57501220703125 269.86248779296875 264.5 258.66876220703125 255.212493896484375 254.225006103515625 254.399993896484375 255.6999969482421875
242.431243896484375 239.850006103515625 236.4562530517578125 233.693756103515625 231.225006103515625 231.2937469482421875 232.087493896484375 236.1750030517578125 244.537506103515625 259.67498779296875 277.04376220703125 287.35626220703125 293.73126220703125 297.943756103515625 300.693756103515625 301.4375 300.20001220703125 296.149993896484375 289.65625 283.73748779296875 274.8125 268.100006103515625 264.287506103515625 262.79998779296875 265.07501220703125 268.337493896484375 272.48748779296875 277.975006103515625 284.287506103515625 289.83123779296875 294.73126220703125 300.881256103515625 302.89373779296875 301.45001220703125 298.412506103515625 292.75 284.61248779296875 277.23126220703125 272.037506103515625 265.17498779296875 260.6875 259.475006103515625 258.79998779296875 258.42498779296875
