data/historical-monthly-weather-data/wc2.1_cruts4.09_10m_prec_2023-09.asc
ncols        51
nrows        45
xllcorner    -63.500000000000
yllcorner    -7.500000000000
cellsize     0.166666666667
NODATA_value -9999
[rows 0 to 18 of 45, columns 0 to 43 of 51]
194.8562469482421875 194.1999969482421875 190.8000030517578125 190.1062469482421875 186.3937530517578125 179.4375 167.90625 155.3125 145.9187469482421875 137.46875 131.337493896484375 127.53749847412109375 123.91249847412109375 118.8312530517578125 114.7624969482421875 110.05625152587890625 106.7062530517578125 102.6437530517578125 99.73125457763671875 96.3125 94.875 92.1687469482421875 90.375 89.05625152587890625 87.43125152587890625 87.2687530517578125 88.47499847412109375 89.6750030517578125 89.68125152587890625 90.4187469482421875 90.34999847412109375 91.16249847412109375 92.8000030517578125 92.7624969482421875 93.0437469482421875 91.0625 89.65625 87.7937469482421875 83.90000152587890625 79.99375152587890625 76.1875 71.8562469482421875 66.69374847412109375 61.93125152587890625
186.4187469482421875 186.287506103515625 188.5187530517578125 193.5124969482421875 198.6687469482421875 189.1750030517578125 176.9499969482421875 168.5749969482421875 159.774993896484375 151.3625030517578125 145.0124969482421875 140.431243896484375 136.243743896484375 130.068756103515625 124.91249847412109375 120.2312469482421875 114.9562530517578125 110.59375 106.5500030517578125 102.6875 99.8000030517578125 97.80625152587890625 95.16249847412109375 93.71250152587890625 90.7687530517578125 89.5812530517578125 90.59999847412109375 91.46875 90.30625152587890625 90.61875152587890625 90.78125 92.1374969482421875 92.6999969482421875 93.7062530517578125 93.9812469482421875 91.2624969482421875 88.90625 86.4812469482421875 81.6999969482421875 77 72.59999847412109375 67.78125 62.6875 56.86875152587890625
170.3874969482421875 172.993743896484375 176.7687530517578125 183.756256103515625 189.4562530517578125 184.725006103515625 175.8249969482421875 168.15625 160.9187469482421875 153.4250030517578125 147.0625 141.6125030517578125 136.625 129.693756103515625 123.47499847412109375 118.84375 113.1750030517578125 108.875 104.75 101.06874847412109375 98.25624847412109375 95.7062530517578125 93.5437469482421875 92.0187530517578125 89.19374847412109375 87.1437530517578125 88.9375 88.90625 87.8562469482421875 87.8000030517578125 87.4875030517578125 88.5187530517578125 90.36875152587890625 91.4562530517578125 91.96875 88.65625 85.86875152587890625 83.31874847412109375 78.5625 73.78125 69.125 63.66249847412109375 58.643749237060546875 52.950000762939453125
151.5749969482421875 155.0625 164.537506103515625 170.21875 175.59375 173.6062469482421875 169.4562530517578125 166.6062469482421875 161.1999969482421875 154.943756103515625 147.8125 141.4250030517578125 133.71875 126.98125457763671875 120.6437530517578125 115.3249969482421875 110.1374969482421875 105.96250152587890625 102.9562530517578125 99.9187469482421875 97.03125 93.3937530517578125 90.3249969482421875 88.68125152587890625 85.53749847412109375 83.77500152587890625 84.52500152587890625 83.34375 82.86875152587890625 83.3562469482421875 83.80625152587890625 84.05625152587890625 85.25624847412109375 86.49375152587890625 86.7062530517578125 85.24375152587890625 83.06874847412109375 80.1437530517578125 75.50624847412109375 69.91249847412109375 64.40000152587890625 58.77500152587890625 53.487499237060546875 48.075000762939453125
149.2062530517578125 148.3125 149.4375 154.9250030517578125 163.524993896484375 164.443756103515625 162.5500030517578125 162.0187530517578125 159.318756103515625 153.931243896484375 147.0187530517578125 138.399993896484375 131.1125030517578125 125.1750030517578125 118.84375 113.03749847412109375 107.36875152587890625 103.21250152587890625 100.1062469482421875 96.58750152587890625 94.59999847412109375 89.83750152587890625 87.125 85.21875 82.09375 80.0500030517578125 79.1875 78.7312469482421875 78.0625 77.9812469482421875 78.71250152587890625 78.4875030517578125 79.31874847412109375 81.15000152587890625 82.40625 80.36875152587890625 78.1062469482421875 75.88124847412109375 71.3312530517578125 65.65000152587890625 59.74375152587890625 53.799999237060546875 48.06874847412109375 42.950000762939453125
146.7687530517578125 145.125 143.493743896484375 141.149993896484375 149.3000030517578125 155.475006103515625 155.9812469482421875 154.4875030517578125 151.912506103515625 148.4812469482421875 141.6374969482421875 133.350006103515625 126.71875 121.3937530517578125 115.0124969482421875 110.25 105.03125 100.66249847412109375 97.47499847412109375 94.5625 90.9812469482421875 86.7375030517578125 83.3874969482421875 80.4562530517578125 77.91249847412109375 75.30625152587890625 74.1437530517578125 73.90000152587890625 72.90000152587890625 72.43125152587890625 72.8000030517578125 74.4187469482421875 75.1999969482421875 76.50624847412109375 77.2687530517578125 76.2937469482421875 74.30625152587890625 72.86875152587890625 68.7624969482421875 62.856250762939453125 55.331249237060546875 49.58750152587890625 44.09999847412109375 39.387500762939453125
146.493743896484375 145.2687530517578125 143.056243896484375 140.318756103515625 142.78125 143.6125030517578125 145.3937530517578125 145.556243896484375 142.068756103515625 137.506256103515625 132.8937530517578125 126.7937469482421875 121.65000152587890625 116.5500030517578125 111.34999847412109375 107.0500030517578125 102.65625 99.41249847412109375 95.8312530517578125 92.1062469482421875 87.66249847412109375 83.25624847412109375 78.7062530517578125 75.47499847412109375 73.1687469482421875 70.875 69.7624969482421875 69.2312469482421875 67.7312469482421875 66.9375 67.43125152587890625 68.08750152587890625 69.33750152587890625 71.09375 72.19374847412109375 70.56874847412109375 69.1062469482421875 68.7687530517578125 65.88124847412109375 58.71875 51.075000762939453125 45.112499237060546875 39.950000762939453125 35.706249237060546875
146.84375 145.443756103515625 143.1500091552734375 142.9375 144.743743896484375 145.149993896484375 141.756256103515625 135.181243896484375 129.1437530517578125 125.88750457763671875 123.96875 119.9499969482421875 116.03125 111.4375 107.93125152587890625 103.21875 99.36875152587890625 96.9812469482421875 93.90625 88.7687530517578125 84.4250030517578125 79.49375152587890625 74.78749847412109375 70.99375152587890625 68.25 65.88124847412109375 64.40625 63.28749847412109375 62.362499237060546875 61.61875152587890625 61.924999237060546875 62.30625152587890625 63.424999237060546875 65.375 65.81874847412109375 64.25624847412109375 62.83750152587890625 61.88124847412109375 57.75624847412109375 51.53125 44.59375 39.168750762939453125 34.65000152587890625 30.600000381469726562
148.6437530517578125 148.1687469482421875 146.9250030517578125 146.306243896484375 147.193756103515625 145.243743896484375 141.125 134.1374969482421875 125.7062530517578125 118.83750152587890625 116.68125152587890625 113.15625 110.8562469482421875 106.4187469482421875 103.1750030517578125 99.2312469482421875 95.74375152587890625 93.41249847412109375 91.06874847412109375 85.96875 80.6125030517578125 76.18125152587890625 70.4562530517578125 67.5749969482421875 64.25 61.30625152587890625 59.887500762939453125 59.237499237060546875 58.875 57.956249237060546875 58.487499237060546875 57.4375 57.262500762939453125 57.52500152587890625 57.918750762939453125 57.375 56.424999237060546875 54.84999847412109375 50.19374847412109375 44.5625 38.53749847412109375 33.74375152587890625 29.837499618530273438 26.368749618530273438
148.8562469482421875 149.131256103515625 148.28125 147.6062469482421875 148.8625030517578125 146.28125 141.350006103515625 133.375 125.59999847412109375 119.09375 114.1875 109.0500030517578125 105.7312469482421875 102.2624969482421875 98.36875152587890625 95.40625 91.45624542236328125 89.0187530517578125 86.66249847412109375 83.06874847412109375 77.9562530517578125 72.375 66.49375152587890625 63.081249237060546875 59.237499237060546875 56.43125152587890625 55.36875152587890625 54.825000762939453125 54.549999237060546875 54.200000762939453125 53.34999847412109375 51.950000762939453125 51.3125 51.668750762939453125 51.793750762939453125 50.90000152587890625 50.06874847412109375 48.356250762939453125 43.450000762939453125 38.27500152587890625 33 29.037500381469726562 24.931249618530273438 21.875
151.0749969482421875 151.4250030517578125 150.4875030517578125 149.306243896484375 149.506256103515625 147.5187530517578125 142.131256103515625 131.9562530517578125 123.19374847412109375 116.6687469482421875 111.68125152587890625 107.0187530517578125 101.88124847412109375 97.21250152587890625 93.11875152587890625 89.86875152587890625 85.86875152587890625 83.59999847412109375 81.4250030517578125 78.90000152587890625 75.46875 70.0812530517578125 63.862499237060546875 57.799999237060546875 54.77500152587890625 53.56874847412109375 52.6875 51.46875 50.41249847412109375 49.69374847412109375 48.793750762939453125 47.293750762939453125 46.549999237060546875 46.21875 45.99375152587890625 44.825000762939453125 43.743747711181640625 41.950000762939453125 37.88124847412109375 32.78125 27.78125 24.193750381469726562 21.174999237060546875 18.087499618530273438
151.5187530517578125 151.9375 150.8562469482421875 150.475006103515625 150.0749969482421875 147.006256103515625 142.0187530517578125 131.818756103515625 121.8312530517578125 113.99375152587890625 108.71875 104.44374847412109375 97.8625030517578125 92.03125 89.1687469482421875 85.53125 82.04375457763671875 79.08750152587890625 77.13124847412109375 76.15625 74.1062469482421875 68.88124847412109375 62.3125 55.71250152587890625 52.018749237060546875 49.987499237060546875 48.768749237060546875 47.637500762939453125 46.200000762939453125 45.375 44.174999237060546875 42.66249847412109375 41.862499237060546875 41.77500152587890625 41.918750762939453125 40.581249237060546875 39.075000762939453125 37.27500152587890625 32.75624847412109375 27.90625 23.543750762939453125 20.293750762939453125 17.743749618530273438 15.143750190734863281
150.806243896484375 151.162506103515625 149.350006103515625 147.368743896484375 145.649993896484375 141.649993896484375 135.1437530517578125 125.6875 117.6687469482421875 110.5187530517578125 104.33750152587890625 100.25 94.5187530517578125 86.8125 82.8249969482421875 80.21875 76.9812469482421875 74.61875152587890625 73.0625 72 70.6374969482421875 66.5187530517578125 60.28749847412109375 54.28125 49.06874847412109375 46.424999237060546875 45.58750152587890625 44.668750762939453125 43.40000152587890625 42.03749847412109375 40.11875152587890625 38.36875152587890625 37.75 37.15000152587890625 37.018749237060546875 36.15625 35.46875 34.08750152587890625 30.456249237060546875 25.125 20.40625 17.831249237060546875 15.350000381469726562 12.056249618530273438
148.9250030517578125 148.75 145.4875030517578125 142.5625 140.34375 134.318756103515625 126.94374847412109375 119.18125152587890625 111.77500152587890625 105.5500030517578125 98.77500152587890625 93.09375 87.8249969482421875 81.3562469482421875 76.06874847412109375 74.0437469482421875 71.30625152587890625 68.96875 67.05625152587890625 66.15625 64.75624847412109375 61.03749847412109375 56.52500152587890625 52.59375 48.231250762939453125 44.9375 43.487499237060546875 42.03125 40.293750762939453125 38.768749237060546875 37.33750152587890625 35.21875 34.16249847412109375 33.418750762939453125 33.3125 33.19374847412109375 33.299999237060546875 33.1875 30.28125 25.725000381469726562 19.59375 15.737500190734863281 13.587499618530273438 11.574999809265136719
146.2624969482421875 144.9875030517578125 140.9812469482421875 137.618743896484375 134.8625030517578125 126.6999969482421875 120.19374847412109375 112.3125 105.28125 99.9812469482421875 92.83750152587890625 87.0749969482421875 81.5124969482421875 75.53749847412109375 69.93125152587890625 66.8625030517578125 64.86875152587890625 63.375 61.38124847412109375 60.612499237060546875 59.66249847412109375 57.356250762939453125 54.4375 52.049999237060546875 49.543750762939453125 46.59999847412109375 44.268749237060546875 41.543750762939453125 38.97499847412109375 37.293750762939453125 34.762500762939453125 32.581249237060546875 31.806249618530273438 30.868749618530273438 29.912500381469726562 30.4375 32.168750762939453125 34.03749847412109375 32.731250762939453125 27.918750762939453125 22.399999618530273438 18 15.28125 12.8125
142.1875 140.274993896484375 136.625 132.5437469482421875 127.99375152587890625 121.1687469482421875 113.78749847412109375 105.83750152587890625 99.7937469482421875 94.75624847412109375 87.8125 81.53125 75.7312469482421875 70.21875 65.1062469482421875 60.59999847412109375 58.575000762939453125 58.043750762939453125 56.44374847412109375 56.06874847412109375 55.06874847412109375 54.27500152587890625 53.40000152587890625 52.6875 50.97499847412109375 47.768749237060546875 44.53125 41.59999847412109375 38.887500762939453125 36.518749237060546875 34.606250762939453125 31.856248855590820312 30.337499618530273438 29.606250762939453125 28.0625 29.631250381469726562 32.643749237060546875 34.46875 34.65625 31.012500762939453125 26.424999237060546875 21.231250762939453125 17 13.731249809265136719
136.381256103515625 135.006256103515625 131.7624969482421875 127.61875152587890625 122.56874847412109375 115.97499847412109375 108.4875030517578125 101.1999969482421875 95.25 89.6062469482421875 83.47499847412109375 77.15625 70.7687530517578125 65.15000152587890625 61.362499237060546875 57.5625 53.5625 52.65625 52.268749237060546875 51.875 51.03125 51.03125 51.96250152587890625 53.15000152587890625 52.512500762939453125 48.399997711181640625 44.825000762939453125 41.731250762939453125 39 36.8125 35.418750762939453125 33.981250762939453125 32.018749237060546875 30.756250381469726562 31.537500381469726562 32.075000762939453125 33.6875 37.15000152587890625 39.53749847412109375 33.924999237060546875 27.549999237060546875 22.206249237060546875 17.487501144409179688 14.512499809265136719
131.1999969482421875 130.3312530517578125 126.05625152587890625 121.94374847412109375 117.96875 111.73125457763671875 104.18125152587890625 96.6999969482421875 91.43125152587890625 85.4250030517578125 79.3312530517578125 73.25624847412109375 67.02500152587890625 61.606250762939453125 57.90000152587890625 54.71875 51.21250152587890625 48.03125 48.456249237060546875 47.875 47.668750762939453125 47.55625152587890625 48.981250762939453125 51.075000762939453125 51.40000152587890625 48.043750762939453125 45.1875 42.21250152587890625 39.15000152587890625 36.49375152587890625 34.768749237060546875 33.362499237060546875 34.799999237060546875 36.27500152587890625 35.5625 33.487499237060546875 35.668750762939453125 38.043750762939453125 37.49375152587890625 32.856250762939453125 25.893749237060546875 20.850000381469726562 16.837499618530273438 14.518750190734863281
125.8312530517578125 124.63124847412109375 120.2624969482421875 116.78125 112.6062469482421875 106.94374847412109375 99.8312530517578125 93.61875152587890625 88.15000152587890625 82.3000030517578125 76.15000152587890625 69.875 63.61875152587890625 58.50624847412109375 54.625 52.21250152587890625 49.44374847412109375 46.00624847412109375 44.59999847412109375 44.125 44.96250152587890625 47.481250762939453125 45.33750152587890625 47.143749237060546875 48.387500762939453125 47.856250762939453125 45.981250762939453125 42.924999237060546875 40.799999237060546875 37.71875 35.299999237060546875 36.362499237060546875 40.46250152587890625 41.88124847412109375 41.662502288818359375 39.21875 37.862499237060546875 36.418750762939453125 33.862499237060546875 29.087499618530273438 23.356250762939453125 19.193750381469726562 15.975000381469726562 14.074999809265136719
