data/historical-monthly-weather-data/wc2.1_cruts4.09_10m_prec_1983-07.asc
ncols        51
nrows        45
xllcorner    -63.500000000000
yllcorner    -7.500000000000
cellsize     0.166666666667
NODATA_value -9999
[rows 0 to 18 of 45, columns 0 to 42 of 51]
132.037506103515625 121.84375 114.61875152587890625 110.3125 105.11875152587890625 103.8000030517578125 102.93125152587890625 101.6999969482421875 106.28125 112.34375 116.8937530517578125 124.125 131.118743896484375 140.1437530517578125 151.3562469482421875 161.21875 170.3249969482421875 173.162506103515625 176.71875 182.2062530517578125 186.087493896484375 184.7062530517578125 184.1687469482421875 182.3125 182.21875 178.5562591552734375 175.71875 173.0187530517578125 167.431243896484375 159.368743896484375 144.375 133.587493896484375 126.7375030517578125 117.34999847412109375 108.34999847412109375 100.8249969482421875 92.1437530517578125 88.7937469482421875 83.4187469482421875 79.25624847412109375 78.05625152587890625 77.59375 74.8000030517578125
128.0812530517578125 118.3000030517578125 111.8625030517578125 108.50624847412109375 105.18125152587890625 105.2624969482421875 105.41249847412109375 106.2062530517578125 112.125 118.1875 123.5625 130.381256103515625 137.4499969482421875 145.318756103515625 153.5625 162.1750030517578125 169.600006103515625 174.118743896484375 179.943756103515625 185.556243896484375 184.287506103515625 186.25 187.162506103515625 188.2375030517578125 182.8000030517578125 179.350006103515625 175.8312530517578125 172.40625 164.399993896484375 153.618743896484375 142.9875030517578125 136.6687469482421875 128.881256103515625 121.72499847412109375 113 103.75 95.22499847412109375 90.53749847412109375 85.24375152587890625 82.46250152587890625 82.5749969482421875 80.80625152587890625 78.75
120.09375 114.58750152587890625 113.13124847412109375 111.2624969482421875 109.28125 110.24375152587890625 112.6875 116.9375 124.08750152587890625 130.4812469482421875 135.806243896484375 140.6687469482421875 148.056243896484375 152.1999969482421875 157.8874969482421875 163.6687469482421875 169.818756103515625 172.90625 176.337493896484375 182.1750030517578125 181.0187530517578125 183.6750030517578125 185.9250030517578125 185.4875030517578125 181.8000030517578125 175.5 175.9499969482421875 170.6437530517578125 163.131256103515625 153.5625 143.243743896484375 131.9187469482421875 124.5187530517578125 118.8312530517578125 106.1687469482421875 95.69374847412109375 88.8000030517578125 84.5 78.78125 76.11875152587890625 75.4375 74.74375152587890625 72.61875152587890625
113.47499847412109375 107.5437469482421875 110.61875152587890625 114.03125 114.0812530517578125 115.75 119.13124847412109375 126.625 136.375 144.0749969482421875 146.84375 150.318756103515625 155.3312530517578125 161.2375030517578125 163.2937469482421875 165.1062469482421875 167.65625 170.0500030517578125 174.256256103515625 182.8125 182.899993896484375 180.75 182.15625 183.287506103515625 180.850006103515625 175.943756103515625 172.225006103515625 163.0124969482421875 158.1437530517578125 153.037506103515625 142.96875 130.868743896484375 119.21250152587890625 108.6062469482421875 97.06874847412109375 90.9875030517578125 84.6062469482421875 75.99375152587890625 71.30625152587890625 67.94374847412109375 67.84375 68.66249847412109375 67.41249847412109375
118.66249847412109375 108.86875152587890625 106.1437530517578125 111.7312469482421875 117.96250152587890625 120.55625152587890625 126.6875 135.350006103515625 144.9562530517578125 151.8625030517578125 158.274993896484375 159.78125 163.4375 166.8000030517578125 166.7062530517578125 166.9250030517578125 166.9375 169.3874969482421875 169.3562469482421875 175.399993896484375 178.2312469482421875 176.131256103515625 176.087493896484375 181.6687469482421875 178.318756103515625 172.65625 165.9312591552734375 161.975006103515625 155.818756103515625 146.587493896484375 138.53125 128.975006103515625 119.02500152587890625 106.88124847412109375 94.78125 84.66249847412109375 77.375 69.99375152587890625 64.5437469482421875 61.731250762939453125 60.6875 60.206249237060546875 61.081249237060546875
116.375 110.65000152587890625 109.6750030517578125 103.7375030517578125 111.84375 123.46250152587890625 130.306243896484375 138.09375 149.2375030517578125 155.6687469482421875 160.1750030517578125 162.21875 165.7062530517578125 164.462493896484375 166.1374969482421875 165.7937469482421875 162.881256103515625 162.0625 164.7937469482421875 171.71875 173.524993896484375 173.243743896484375 175.256256103515625 173.5500030517578125 172.931243896484375 168.78125 162.15625 156.962493896484375 149.46875 141.381256103515625 134.1437530517578125 128.568756103515625 117.5437469482421875 108.03125 95.33750152587890625 85.71875 74.5124969482421875 66.8249969482421875 63.012500762939453125 60.46875 56.34375 56.581249237060546875 56.33750152587890625
115.59999847412109375 111.03749847412109375 111 110.43125152587890625 111.16249847412109375 115.61875152587890625 126.66249847412109375 137.9250030517578125 146.28125 154.3625030517578125 160.806243896484375 159.681243896484375 164.4562530517578125 164.493743896484375 162.774993896484375 163.318756103515625 162.618743896484375 158.431243896484375 156.7375030517578125 166.6750030517578125 167.712493896484375 166.743743896484375 166.71875 168.0124969482421875 166.193756103515625 164.899993896484375 161.6875 151.7062530517578125 142.4250030517578125 139.056243896484375 131.868743896484375 123.1875 113.3125 106.4499969482421875 97.4562530517578125 86.0749969482421875 74.125 64.99375152587890625 61.112499237060546875 58.25 53.19374847412109375 51.793750762939453125 51.88124847412109375
116.59999847412109375 110.8937530517578125 112.2375030517578125 114.08750152587890625 117.01250457763671875 126.6437530517578125 130.993743896484375 130.9812469482421875 136.243743896484375 144.631256103515625 152.149993896484375 155.7687530517578125 159.4812469482421875 159.0749969482421875 159.693756103515625 159.5812530517578125 157.2312469482421875 154.4375 153.75 155.6812591552734375 161.9812469482421875 164.28125 162.8125 163.1687469482421875 163.84375 157.975006103515625 153.975006103515625 143.125 137.875 131.6374969482421875 129.2687530517578125 121.78125 113.7687530517578125 104.96250152587890625 95.41249847412109375 82.91249847412109375 71.5437469482421875 62.5625 56.77500152587890625 51.887500762939453125 47.27500152587890625 46.512500762939453125 46.03749847412109375
116.91249847412109375 112.4250030517578125 113.13124847412109375 116.96250152587890625 121.53749847412109375 128.375 134.068756103515625 138.1500091552734375 139.15625 139.1062469482421875 143.287506103515625 144.1999969482421875 152.5625 152.1437530517578125 152.5500030517578125 152.2375030517578125 152.931243896484375 154.6999969482421875 159.556243896484375 155.118743896484375 154.506256103515625 160.9499969482421875 160.131256103515625 162.5749969482421875 161.8874969482421875 152.318756103515625 144.53125 141.28125 136.8000030517578125 129.96875 128.65625 118.7375030517578125 106.90625 97.59999847412109375 90.21250152587890625 82.3125 73.2062530517578125 64.9875030517578125 57.52500152587890625 50.84375 45.325000762939453125 43.643749237060546875 42.96250152587890625
115.4812469482421875 112.7624969482421875 115.13124847412109375 119.31874847412109375 124.0437469482421875 132.5500030517578125 137.899993896484375 142.0812530517578125 144.8125 147.6999969482421875 146.662506103515625 141.556243896484375 146.162506103515625 147.46875 148.6750030517578125 150.2624969482421875 148.5687408447265625 154.84375 160.662506103515625 161.568756103515625 159.806243896484375 156.350006103515625 152.6437530517578125 155.0374908447265625 152.8625030517578125 149.5187530517578125 141.6437530517578125 136.9499969482421875 130.4812469482421875 125.1687469482421875 122.11875152587890625 113.0187530517578125 104.5437469482421875 95.6687469482421875 87.6437530517578125 81.03749847412109375 73.2687530517578125 65.6875 58.125 52.25624847412109375 46.94374847412109375 43.94374847412109375 40.950000762939453125
116.3125 114.6374969482421875 116.7624969482421875 121.96250152587890625 126.4499969482421875 134.850006103515625 140.931243896484375 141.7687530517578125 141.443756103515625 144.131256103515625 146.587493896484375 144.0625 139.3937530517578125 142.006256103515625 140.712493896484375 141.75 144.78125 151.3562469482421875 157.274993896484375 165.431243896484375 168.6062469482421875 162.881256103515625 152.6750030517578125 142.600006103515625 147.412506103515625 152.2375030517578125 145.0749969482421875 136.975006103515625 125.74375152587890625 120.6125030517578125 116.19374847412109375 111.0124969482421875 104.0749969482421875 94.96250152587890625 88.69374847412109375 81.28125 73.9375 64.93125152587890625 59.956249237060546875 52.84999847412109375 45.862499237060546875 42.075000762939453125 39.762500762939453125
117.0124969482421875 114.59375 117.25624847412109375 122.9187469482421875 128.306243896484375 136.46875 143.399993896484375 144.350006103515625 141.6062469482421875 139.53125 139.9749908447265625 141.118743896484375 134.149993896484375 133.5625 137.6125030517578125 136.4499969482421875 139.4562530517578125 145.837493896484375 152.5187530517578125 163.131256103515625 172.100006103515625 169.34375 164.462493896484375 150.868743896484375 145.9250030517578125 138.600006103515625 132.6750030517578125 128.375 120.55625152587890625 114.98125457763671875 107.99375152587890625 103.36875152587890625 98.6125030517578125 92.5124969482421875 88.05625152587890625 82.31874847412109375 74.15625 67.61875152587890625 58.625 51.47499847412109375 44.1875 41.11875152587890625 36.862499237060546875
114.02500152587890625 113.7687530517578125 117.8125 121.8125 125.84375 133.649993896484375 138.399993896484375 137.943756103515625 135.71875 136.475006103515625 137.850006103515625 135.993743896484375 134.7624969482421875 125.4562530517578125 125.2375030517578125 130.1999969482421875 133.368743896484375 140.90625 148.037506103515625 155.5749969482421875 161.6374969482421875 160.475006103515625 159.712493896484375 149.399993896484375 136.875 129.818756103515625 125.61875152587890625 122.24375152587890625 115.75624847412109375 109.39374542236328125 102.63124847412109375 95.5124969482421875 93.24375152587890625 88.78749847412109375 84.65625 80.22499847412109375 75.5187530517578125 70.79999542236328125 63.956249237060546875 53.5 43.8125 39.456249237060546875 33.831249237060546875
111.7937469482421875 111.5124969482421875 115.72499847412109375 119.03125 122.09999847412109375 127.375 130.837493896484375 131.1687469482421875 132.9812469482421875 131.4749908447265625 131.8625030517578125 131.087493896484375 126.9375 121.25624847412109375 113.66249847412109375 120.83750152587890625 123.0749969482421875 131.3249969482421875 136.6437530517578125 144.618743896484375 148.9187469482421875 151.34375 151.7312469482421875 144.59375 133.125 124.53125 118.3312530517578125 111.6374969482421875 105.53125 100.30625152587890625 98.28125 93.22499847412109375 88.21875 84.34375 81.31874847412109375 80.30625152587890625 79.1875 77.0187530517578125 70.7312469482421875 58.66249847412109375 43.924999237060546875 36.762500762939453125 34.03125
109.4187469482421875 107.9812469482421875 110.91249847412109375 114.86875152587890625 116.5812530517578125 120.24375152587890625 126.0437469482421875 126.27500152587890625 126.36249542236328125 125.0187530517578125 124.8249969482421875 122.6062469482421875 120.4499969482421875 117.2312469482421875 106.15000152587890625 109.0812530517578125 112.22499847412109375 119.0124969482421875 124.8874969482421875 133.287506103515625 140.1125030517578125 142.3249969482421875 143.3625030517578125 140.725006103515625 134.1437530517578125 127.19374847412109375 120.1374969482421875 111.34375 105.8125 101.66249847412109375 94.72499847412109375 90.8937530517578125 89.61875152587890625 84.3312530517578125 77.5 75.8874969482421875 79.59999847412109375 82.11875152587890625 76.65000152587890625 63.53125 50.818752288818359375 43.69374847412109375 42.262500762939453125
104.30625152587890625 103.4375 106.8000030517578125 109.27500152587890625 111.6750030517578125 117.1687469482421875 118.78749847412109375 119.34375 119.8874969482421875 120.6999969482421875 118.9875030517578125 117.3312530517578125 115.7375030517578125 112.6999969482421875 104.81874847412109375 93.8562469482421875 99.4375 107.7312469482421875 112.6750030517578125 121.2624969482421875 126.84999847412109375 132.5437469482421875 136.4250030517578125 140.6750030517578125 136.75 129.212493896484375 119.34999847412109375 108.11875152587890625 103.0625 99.5124969482421875 98.6374969482421875 90.90625 84.84999847412109375 78.8562469482421875 73.61875152587890625 79.09375 81.55625152587890625 83.27500152587890625 80.4187469482421875 72.58750152587890625 61.875 53.68125152587890625 47.31874847412109375
99.27500152587890625 98.8874969482421875 102.7375030517578125 106.27500152587890625 109.4187469482421875 111.5812530517578125 114.6687469482421875 115.4375 116.03125 116.6875 115.63124847412109375 112.7062530517578125 109.5749969482421875 108.40000152587890625 107.7937469482421875 101.0625 93.50624847412109375 96.1750030517578125 106.11875152587890625 113.4875030517578125 118.1875 124.5812530517578125 132.962493896484375 140.7062530517578125 141.46875 125.5187530517578125 111.40625 101.53125 99.0187530517578125 98.63124847412109375 98.28125 96.46250152587890625 89.6875 84.1875 87.1062469482421875 87.84999847412109375 92.0500030517578125 97.08750152587890625 95.97499847412109375 80.61875152587890625 67.4499969482421875 56.981250762939453125 47.53749847412109375
93.38124847412109375 94.68125152587890625 97.6125030517578125 102.2375030517578125 105.36875152587890625 106.43125152587890625 108.58750152587890625 110.52500152587890625 111.2375030517578125 108.96250152587890625 108.33750152587890625 108.5500030517578125 106.16249847412109375 105.13124847412109375 106.8937530517578125 105.5437469482421875 99.63124847412109375 90.16249847412109375 101.53125 107.5625 111.65625 116.8625030517578125 128.850006103515625 135.068756103515625 134.3687591552734375 118.96875 104.78749847412109375 97.7624969482421875 96.50624847412109375 94.06874847412109375 89.1437530517578125 86.52500152587890625 95.5187530517578125 96.34999847412109375 91.8874969482421875 96.2687530517578125 102.2687530517578125 102.09999847412109375 96.5625 82.90000152587890625 65.94374847412109375 55.793750762939453125 46.9375
87.8000030517578125 89.3125 91.4875030517578125 95.28749847412109375 99.75624847412109375 102.13124847412109375 103.0187530517578125 105.94374847412109375 107.625 106.09375 105.3312530517578125 103.0124969482421875 102.13124847412109375 103.1437530517578125 101.56874847412109375 103.24375152587890625 101.8312530517578125 96.09999847412109375 93.2687530517578125 97.03749847412109375 105.5812530517578125 118.7375030517578125 109.9375 117.9250030517578125 119.00624847412109375 114.0187530517578125 104.43125152587890625 95.84375 95.00624847412109375 93.9187469482421875 91.06874847412109375 90.3562469482421875 95.8874969482421875 94.3562469482421875 92.88124847412109375 95.2687530517578125 94.99375152587890625 92.30625152587890625 87.75624847412109375 74.24375152587890625 62.13124847412109375 52.25624847412109375 45.25624847412109375
