data/historical-monthly-weather-data/wc2.1_cruts4.09_10m_prec_2016-04.asc
ncols        45
nrows        45
xllcorner    -63.500000000000
yllcorner    -7.500000000000
cellsize     0.166666666667
NODATA_value -9999
[rows 20 to 39 of 45, columns 0 to 44 of 45]
200.274993896484375 206.875 213.993743896484375 220.84375 226.5124969482421875 235.46875 243.7375030517578125 247.9499969482421875 249.1062469482421875 246.7937469482421875 242.6687469482421875 239.4812469482421875 236.8625030517578125 235.8937530517578125 233.8249969482421875 233.399993896484375 234.725006103515625 240.4812469482421875 248.9187469482421875 256.4375 265.83123779296875 272.84375 277.09375 278.21875 282.149993896484375 285.318756103515625 285.54998779296875 284.92498779296875 282.35626220703125 279.712493896484375 272.975006103515625 266.42498779296875 252.743743896484375 237.0187530517578125 224.1750030517578125 236.0749969482421875 255.0625 269.587493896484375 277.60626220703125 280.106231689453125 278.493743896484375 277.1875 271.212493896484375 267.431243896484375 264.0625
204.1125030517578125 210.1437530517578125 218.6125030517578125 229.912506103515625 238.5187530517578125 244.84375 251.787506103515625 256.787506103515625 258.58123779296875 254.462493896484375 246.631256103515625 238.493743896484375 233.2312469482421875 231.7937469482421875 234.087493896484375 235.3312530517578125 239.59375 243.84375 250.59375 256.225006103515625 259.162506103515625 264.024993896484375 270.287506103515625 272.95001220703125 278.068756103515625 286.9375 299.774993896484375 298.587493896484375 294.59375 290.962493896484375 282.88751220703125 273.61248779296875 261.837493896484375 251.2375030517578125 245.806243896484375 250.65625 264 275.54998779296875 279.987518310546875 280.04998779296875 278.006256103515625 275.01251220703125 268.9375 264.087493896484375 260.243743896484375
208.2624969482421875 220.0500030517578125 230.1875 241.3937530517578125 250.5437469482421875 255.9250030517578125 259.35626220703125 264.987518310546875 272.056243896484375 263.45623779296875 250.056243896484375 237.443756103515625 229.4875030517578125 229.2312469482421875 234.2687530517578125 239.2937469482421875 242.837493896484375 245.274993896484375 248.993743896484375 251.681243896484375 253.78125 256.256256103515625 258.350006103515625 262.28125 271.48748779296875 283.82501220703125 298.95623779296875 301.84375 299.9124755859375 295.41876220703125 289.88751220703125 283.399993896484375 277.918731689453125 272.125 270.243743896484375 270.774993896484375 277.431243896484375 284.51873779296875 285.40625 281.34375 276.881256103515625 271.60626220703125 265.274993896484375 259.837493896484375 256.412506103515625
212.9250030517578125 226.03125 237.5124969482421875 246.3562469482421875 254.3000030517578125 260.07501220703125 266.3125 270.881256103515625 276.0625 266.64373779296875 252.5437469482421875 241.3625030517578125 228.6750030517578125 231 236.875 240.9812469482421875 243.0437469482421875 245.774993896484375 246.712493896484375 248.1875 247.8874969482421875 246.6999969482421875 247.100006103515625 252.743743896484375 261.51251220703125 269.63751220703125 281.64373779296875 292.26873779296875 296.75 299.21875 299.306243896484375 299.63751220703125 297.381256103515625 292.662506103515625 291.212493896484375 290.225006103515625 293.287506103515625 293.868743896484375 289.662506103515625 282.04998779296875 275.73126220703125 268.625 261.524993896484375 254.9250030517578125 253.193756103515625
220.100006103515625 234.287506103515625 243.9562530517578125 252.7687530517578125 260.818756103515625 265.743743896484375 270.318756103515625 273.84375 274.48126220703125 270.006256103515625 258.85626220703125 247.837493896484375 241.962493896484375 239.28125 241.318756103515625 243.662506103515625 246.462493896484375 247.3000030517578125 246.6437530517578125 244.524993896484375 241.5625 238.381256103515625 237.4562530517578125 240.806243896484375 247.6062469482421875 260.08123779296875 273.975006103515625 285.774993896484375 295.67498779296875 306.2874755859375 312.975006103515625 318.631256103515625 318.48126220703125 313.618743896484375 308.975006103515625 303.23126220703125 301.85626220703125 296.962493896484375 290.681243896484375 283.23126220703125 275.11248779296875 266.45001220703125 259.57501220703125 251.5437469482421875 245.068756103515625
234.100006103515625 247.381256103515625 251.5437469482421875 258.212493896484375 263.399993896484375 268.056243896484375 272.149993896484375 274.431243896484375 272.25 267.5625 262 256.993743896484375 252.524993896484375 250.756256103515625 249.212493896484375 251.056243896484375 251.756256103515625 250.587493896484375 246.9937591552734375 241.2687530517578125 238.3000030517578125 232.225006103515625 227.625 226.125 236.1437530517578125 251.6999969482421875 270.4375 283.925018310546875 298.79376220703125 311.41876220703125 325.36248779296875 337.48126220703125 339.34375 330.60626220703125 320.625 312.39373779296875 306.868743896484375 299.962493896484375 291.48126220703125 283.087493896484375 274.875 264.756256103515625 255.84375 246.256256103515625 241.556243896484375
243.65625 252.337493896484375 257.118743896484375 261.51873779296875 264.149993896484375 269.212493896484375 271.756256103515625 271.88751220703125 270.006256103515625 270.125 268.381256103515625 264 260.774993896484375 259.149993896484375 257.29376220703125 257.056243896484375 256.125 252.75 249.475006103515625 244.462493896484375 237.899993896484375 230.0124969482421875 221.9562530517578125 219.40625 232.193756103515625 246.837493896484375 266.600006103515625 281.868743896484375 298.762481689453125 313.82501220703125 331.649993896484375 347.76251220703125 352.787506103515625 340.96875 328.29376220703125 317.57501220703125 309.912506103515625 301.73748779296875 291.524993896484375 282.64373779296875 272.837493896484375 264.01251220703125 254.8562469482421875 246.806243896484375 246.868743896484375
254.53125 259.131256103515625 261.89373779296875 264.29376220703125 266.912506103515625 269.787506103515625 272.693756103515625 271.36248779296875 271.712493896484375 272.83123779296875 270.337493896484375 268.712493896484375 266.493743896484375 266.193756103515625 264.26251220703125 261.58123779296875 260.381256103515625 259.20001220703125 254.100006103515625 249.8562469482421875 243.7624969482421875 234.8000030517578125 231.0187530517578125 229.0187530517578125 236.90625 249.75 265.725006103515625 281.4375 297.287506103515625 313.193756103515625 328.899993896484375 342.89373779296875 346.03125 338.04998779296875 329.23126220703125 318.193756103515625 310.931243896484375 302.91876220703125 292.84375 283.125 273.78125 265.462493896484375 257.006256103515625 251.1875 258.125
262.54376220703125 264.743743896484375 265.07501220703125 266.61248779296875 267.36248779296875 267.8125 269.412506103515625 271.61248779296875 274.60626220703125 274.73126220703125 274.875 273.837493896484375 271.70623779296875 271.86248779296875 271.587493896484375 271.28125 270.13751220703125 265.73126220703125 262.39373779296875 257.287506103515625 251.774993896484375 243.600006103515625 240.3937530517578125 240.4812469482421875 245.118743896484375 255.181243896484375 269.199981689453125 282.71875 296.66876220703125 310.58123779296875 321.85626220703125 332.26873779296875 332.162506103515625 329.17498779296875 323.85626220703125 315.70623779296875 309.96875 303.368743896484375 294.25 283.350006103515625 271.756256103515625 264.29998779296875 258.26873779296875 260.725006103515625 268.71875
264.412506103515625 264.36248779296875 263.85626220703125 261.76251220703125 262.475006103515625 264.13751220703125 266.28125 269.368743896484375 271.67498779296875 272.462493896484375 274.51251220703125 274.65625 276.618743896484375 278.087493896484375 278.125 277.381256103515625 276.51251220703125 275.78125 271.506256103515625 264.568756103515625 257.3125 252.4875030517578125 250.912506103515625 249.399993896484375 251.3937530517578125 258.881256103515625 271.274993896484375 281.475006103515625 293.256256103515625 304.0625 313.11248779296875 319.287506103515625 319.71875 319.5 317.350006103515625 311.399993896484375 307.9375 303.01251220703125 293.5625 286 278.26873779296875 273.16876220703125 267.975006103515625 271.024993896484375 274.024993896484375
262.912506103515625 260.40625 259.056243896484375 257.82501220703125 258.98126220703125 260.04998779296875 263 264.649993896484375 267.1875 270.15625 273.46875 275.79998779296875 280.725006103515625 281.756256103515625 283.306243896484375 283.73126220703125 285.13751220703125 284.868743896484375 282.01251220703125 276.068756103515625 268.45623779296875 262.0625 258.931243896484375 254.9187469482421875 254.2312469482421875 263.32501220703125 271.037506103515625 280.412506103515625 289.537506103515625 296.399993896484375 303.774993896484375 308.67498779296875 310.818756103515625 311.375 309.73748779296875 306.23748779296875 301.756256103515625 298.5 293.73126220703125 288.07501220703125 282.350006103515625 278.0625 275.73126220703125 275.787506103515625 279.375
257.90625 253.9875030517578125 252.8937530517578125 253.9812469482421875 254.7624969482421875 254.368743896484375 257.256256103515625 258.63751220703125 261.53125 264.787506103515625 269.86248779296875 276.537506103515625 281 284.79998779296875 286.881256103515625 288.78125 288.287506103515625 288.931243896484375 286.087493896484375 284.131256103515625 277.381256103515625 270.899993896484375 265.556243896484375 261.46875 262.725006103515625 267.0625 271.556243896484375 279.368743896484375 285.068756103515625 291.03125 297.4375 301.33123779296875 301.36248779296875 302.17498779296875 301.774993896484375 299 296.79376220703125 292.743743896484375 289.024993896484375 284.73748779296875 284.25 282.649993896484375 280.9375 281.600006103515625 285.25
245.0749969482421875 240.3312530517578125 240.524993896484375 241.53125 243.9562530517578125 244.725006103515625 246.3562469482421875 249.681243896484375 252.4250030517578125 257.67498779296875 266.98126220703125 273.5625 281.818756103515625 288.912506103515625 291.125 292.15625 293.26873779296875 294.399993896484375 290.725006103515625 287.59375 283.381256103515625 277.375 271.46875 267.649993896484375 268.53125 268.5625 272.431243896484375 276.524993896484375 280.806243896484375 286.506256103515625 290.29376220703125 292.15625 291.76251220703125 293.03125 293.29998779296875 292.462493896484375 290.431243896484375 287.975006103515625 283.51873779296875 285.46875 284.568756103515625 283.462493896484375 283.837493896484375 286.306243896484375 290.693756103515625
229.875 227.100006103515625 228.462493896484375 229.8000030517578125 231.71875 235.149993896484375 238.1999969482421875 240.71875 243.556243896484375 249.1999969482421875 257.600006103515625 269.381256103515625 281.143768310546875 288.23126220703125 292.131256103515625 292.95623779296875 295.125 296.09375 293.649993896484375 290.66876220703125 286.67498779296875 281.65625 276.51873779296875 270.087493896484375 270.8125 269.60626220703125 270.3125 272.493743896484375 275.73126220703125 278.64373779296875 281.36248779296875 284.037506103515625 283.70623779296875 284.493743896484375 285.274993896484375 284.243743896484375 283.26251220703125 278.806243896484375 280.056243896484375 282.09375 281.13751220703125 282.35626220703125 284.600006103515625 288.40625 294.09375
213.46875 213.1687469482421875 216.2062530517578125 217.1062469482421875 219.0187530517578125 222.625 226.118743896484375 230.2062530517578125 231.96875 236.431243896484375 248.0124969482421875 264.21875 280.67498779296875 293.10626220703125 296.13751220703125 297.26251220703125 297.36248779296875 295.693756103515625 295.681243896484375 291.193756103515625 289.193756103515625 283.056243896484375 278.48126220703125 270.587493896484375 269.243743896484375 269.350006103515625 269.13751220703125 268.45001220703125 270.51251220703125 273.65625 274.756256103515625 276.95001220703125 275.306243896484375 276.54376220703125 276.3125 274.65625 272.03125 274.51873779296875 276.17498779296875 277.368743896484375 276.83123779296875 279.1875 282.78125 286.556243896484375 289.806243896484375
197.5187530517578125 198.787506103515625 201.4250030517578125 202.8187408447265625 204.243743896484375 206.943756103515625 210.818756103515625 213.9875030517578125 215.131256103515625 219.8125 231.712493896484375 251.5812530517578125 273.475006103515625 288.381256103515625 293.15625 295.48126220703125 296.92498779296875 296.037506103515625 295.600006103515625 294.068756103515625 290.131256103515625 285.274993896484375 277.04376220703125 270.681243896484375 267.225006103515625 266.462493896484375 266.40625 266.29998779296875 267.375 268.53125 269.212493896484375 269.48748779296875 267.806243896484375 269.40625 267.881256103515625 264.04998779296875 266.475006103515625 269.087493896484375 269.57501220703125 271.306243896484375 273.01251220703125 274.79376220703125 277.118743896484375 280.98126220703125 282.28125
182.3125 184.774993896484375 186.9187469482421875 188.875 190.1374969482421875 193.1374969482421875 197.1312408447265625 198.4562530517578125 198.5625 201.537506103515625 217.274993896484375 243.806243896484375 264.48748779296875 278.26251220703125 286.8125 291.38751220703125 292.225006103515625 292.51251220703125 293.04376220703125 289.79998779296875 286.568756103515625 281.13751220703125 273.375 267.943756103515625 263.506256103515625 262.20001220703125 263 263.462493896484375 263.48748779296875 263.21875 264.274993896484375 264.875 263.15625 262.16876220703125 259.92498779296875 258.79998779296875 261.32501220703125 264.79376220703125 267.11248779296875 266.32501220703125 267.90625 269.04376220703125 272.162506103515625 274.92498779296875 276.912506103515625
169.5500030517578125 170.975006103515625 172.662506103515625 175.2687530517578125 176.899993896484375 180.712493896484375 184.1437530517578125 185.34375 188.2624969482421875 191.3249969482421875 213.7062530517578125 240.212493896484375 257.91876220703125 271.20623779296875 279.774993896484375 285.818756103515625 286.88751220703125 288.287506103515625 286.056243896484375 281.943756103515625 278.631256103515625 272.88751220703125 267.95001220703125 262.89373779296875 258.475006103515625 258.51251220703125 257.07501220703125 259.13751220703125 259.993743896484375 260.07501220703125 258.65625 259.08123779296875 258.931243896484375 256.83123779296875 252.46875 255.1374969482421875 257.58123779296875 259.162506103515625 263.125 263.17498779296875 262.61248779296875 264.131256103515625 264.625 265.59375 268.39373779296875
156.850006103515625 156.7937469482421875 159.037506103515625 162.381256103515625 165.5187530517578125 168.7375030517578125 173 176.881256103515625 185.1875 199.350006103515625 222.4812469482421875 238.881256103515625 250.2312469482421875 263.11248779296875 272.23748779296875 277.5625 280.625 280.98748779296875 276.381256103515625 273.88751220703125 269.64373779296875 263.6875 259.306243896484375 256.67498779296875 254.006256103515625 252.0500030517578125 251.899993896484375 253.8249969482421875 254.725006103515625 256.48748779296875 256.42498779296875 254.4875030517578125 254.3625030517578125 254.2375030517578125 255.274993896484375 255.125 255.2937469482421875 257.524993896484375 258.53125 256.46875 256.399993896484375 258.087493896484375 257.32501220703125 259.056243896484375 260.975006103515625
143.84375 144.306243896484375 147.212493896484375 151.09375 154.78125 159.5812530517578125 163.537506103515625 171 182.0124969482421875 196.256256103515625 213.399993896484375 229.8312530517578125 242.1687469482421875 254.943756103515625 264.256256103515625 270.193756103515625 274.350006103515625 274.26251220703125 268.875 264.61248779296875 259.15625 255.7624969482421875 249.15625 246.6437530517578125 247.375 246.787506103515625 247.4375 249.649993896484375 251.0500030517578125 252.6875 251.1875 254.1875 256.8125 257.0625 258.368743896484375 257.5 256.306243896484375 257.1875 256.03125 251.524993896484375 249.875 250.9499969482421875 248.8562469482421875 249.618743896484375 252.6437530517578125
