data/historical-monthly-weather-data/wc2.1_cruts4.09_10m_prec_2007-08.asc
ncols        45
nrows        45
xllcorner    -63.500000000000
yllcorner    -7.500000000000
cellsize     0.166666666667
NODATA_value -9999
[rows 20 to 39 of 45, columns 0 to 42 of 45]
129.056243896484375 138.2687530517578125 147 154.6312408447265625 158.09375 161.3937530517578125 164.5124969482421875 166.0124969482421875 167.0124969482421875 164 160.7375030517578125 156.3874969482421875 143.7937469482421875 130.399993896484375 118.58750152587890625 108.1687469482421875 97.44374847412109375 91.5 95.49375152587890625 100.2375030517578125 108.7375030517578125 119.6374969482421875 131.693756103515625 142.443756103515625 151.34375 147.9562530517578125 135.90625 125.77500152587890625 116.2062530517578125 108.49375152587890625 104.16249847412109375 106.02500152587890625 107.5749969482421875 110.75 117.47499847412109375 117.19374847412109375 116.25 111.86875152587890625 101.31874847412109375 89.58750152587890625 76.09999847412109375 67.7687530517578125 61.24375152587890625
124.1750030517578125 131.4562530517578125 141.4875030517578125 151.8312530517578125 158.462493896484375 160.7375030517578125 165.756256103515625 166.0500030517578125 168.556243896484375 165.850006103515625 166.1750030517578125 166.899993896484375 163.25 150.65625 136.5812530517578125 120.80625152587890625 113.09375 107.68125152587890625 108.81874847412109375 112.9187469482421875 114.80625152587890625 123.1125030517578125 135.0625 143.662506103515625 148.1437530517578125 146.9562530517578125 145.3000030517578125 133.6750030517578125 124.8874969482421875 116.25 109.97499847412109375 106.78125 106.55625152587890625 108.55625152587890625 108.9875030517578125 108.9250030517578125 110.2062530517578125 108.5 99.6687469482421875 87.94374847412109375 75.55625152587890625 67.36875152587890625 60.03749847412109375
119.8937530517578125 131.28125 143.25 152.375 160.6374969482421875 163.59375 164.25 164.03125 169.1062469482421875 172.962493896484375 178.306243896484375 183.3874969482421875 185.975006103515625 175.0625 156.7062530517578125 138.975006103515625 126.1999969482421875 120.59999847412109375 120.11875152587890625 121.4812469482421875 123.94374847412109375 131.40625 140.6999969482421875 141.2375030517578125 147.725006103515625 150.5875091552734375 147.806243896484375 140.4000091552734375 129.125 117.2624969482421875 109.6875 106.06874847412109375 104.53749847412109375 102.69374847412109375 100.49375152587890625 96.3312530517578125 98.03125 101.6750030517578125 96.40625 85.03749847412109375 74.47499847412109375 65.97499847412109375 58.97499847412109375
120.13124847412109375 133.837493896484375 147.0124969482421875 152.6875 158.8249969482421875 162.3312530517578125 165.787506103515625 168.8249969482421875 168.9375 175.3874969482421875 182.743743896484375 195.4375 202.193756103515625 189.7062530517578125 171.5437469482421875 154.068756103515625 141.3874969482421875 134.1437530517578125 131.5 132.587493896484375 134.6875 140.149993896484375 144.9499969482421875 147.475006103515625 149.9562530517578125 148.8312530517578125 148.53125 137.568756103515625 127.90000152587890625 118.1687469482421875 110.9562530517578125 105.53749847412109375 102.96875 97.91249847412109375 94.0187530517578125 88.40000152587890625 88.93125152587890625 92.9187469482421875 89.53125 80.0437469482421875 70.43125152587890625 63.24375152587890625 56.66249847412109375
123.05625152587890625 136.90625 148.9187469482421875 157.493743896484375 164.1062469482421875 166.100006103515625 167.462493896484375 170.6875 173.8562469482421875 180.225006103515625 185.28125 193.493743896484375 198.681243896484375 190.5500030517578125 177.037506103515625 163.9250030517578125 153.056243896484375 145.21875 141.506256103515625 141.818756103515625 143.743743896484375 146.618743896484375 150.131256103515625 151.0250091552734375 149.1999969482421875 149.7062530517578125 143.40625 133.6062469482421875 124.4250030517578125 116.31874847412109375 108.6687469482421875 102.41249847412109375 99.25 95.75624847412109375 91.00624847412109375 85.38124847412109375 85.09375 84.3000030517578125 80.81874847412109375 74.18125152587890625 66.18125152587890625 60.481250762939453125 54.862499237060546875
129.1125030517578125 142.9187469482421875 150.3562469482421875 160.3125 164.2937469482421875 166.162506103515625 167.6875 172.5562591552734375 172.9875030517578125 176.2375030517578125 181.5187530517578125 187.40625 190.493743896484375 183.3249969482421875 176.3312530517578125 165.881256103515625 158.125 152.537506103515625 147.4812469482421875 148.6125030517578125 150.7062530517578125 151.600006103515625 155.2687530517578125 151.818756103515625 148.09375 145.75 139.725006103515625 130.118743896484375 121.8625030517578125 114.71875 106.68125152587890625 100.4562530517578125 95.8249969482421875 91.68125152587890625 86.84999847412109375 83.41249847412109375 81.33750152587890625 77.9812469482421875 74.875 68.25 61.924999237060546875 57.08750152587890625 52.862499237060546875
134.8249969482421875 144.7062530517578125 152.412506103515625 159.21875 163.0500030517578125 164.5437469482421875 168.068756103515625 169.7687530517578125 168.6374969482421875 174.2687530517578125 179.9499969482421875 180.75 181.6687469482421875 177.6125030517578125 173.8249969482421875 166.2624969482421875 161.024993896484375 155.243743896484375 152.2312469482421875 149.975006103515625 148.837493896484375 150.9812469482421875 151.8874969482421875 150.256256103515625 145.7937469482421875 139.193756103515625 134.506256103515625 125.74375152587890625 116.75 108.93125152587890625 102.8625030517578125 95.74375152587890625 92.0749969482421875 88.2375030517578125 82.9250030517578125 79.4812469482421875 75.3937530517578125 72.09375 67.7312469482421875 61.887500762939453125 56.40000152587890625 52.77500152587890625 50.581249237060546875
142.850006103515625 145.693756103515625 152.243743896484375 157.975006103515625 162.21875 161.787506103515625 164.375 166.4250030517578125 167.506256103515625 171.368743896484375 172.743743896484375 172.7687530517578125 173.506256103515625 172.8937530517578125 168.5 164.149993896484375 161.681243896484375 156.5812530517578125 153.587493896484375 150.381256103515625 149.21875 146.6999969482421875 149.5124969482421875 146.5625 140.6999969482421875 132.6687469482421875 127.63750457763671875 120.3312530517578125 112.33750152587890625 105.2312469482421875 98.0500030517578125 90.9250030517578125 87.4375 82.90625 79.6374969482421875 74.91249847412109375 69.875 66.0187530517578125 62.418750762939453125 57.83750152587890625 52.74375152587890625 50.393749237060546875 48.625
145.774993896484375 150.256256103515625 152.9812469482421875 157.100006103515625 157.0500030517578125 156.9875030517578125 157.34375 157.4187469482421875 162.662506103515625 164.131256103515625 165.5500030517578125 165.162506103515625 165.600006103515625 166.524993896484375 164.3000030517578125 161.375 161.193756103515625 157.600006103515625 154.212493896484375 151.506256103515625 149.1374969482421875 146.1875 146.600006103515625 141.1750030517578125 135.84375 126.86875152587890625 121.9812469482421875 114.27500152587890625 106.1437530517578125 99.39374542236328125 92.375 86.36875152587890625 81.59999847412109375 76.8125 73.9250030517578125 70.78125 66.49375152587890625 62.606250762939453125 59.21250152587890625 54.36875152587890625 48.862499237060546875 47.16249847412109375 46.543750762939453125
144.2062530517578125 148.7312469482421875 150.0812530517578125 149.649993896484375 150.2624969482421875 150.787506103515625 150.2312469482421875 152.7375030517578125 155.125 155.4562530517578125 157.6999969482421875 158.7062530517578125 159.0500030517578125 159.181243896484375 158.243743896484375 156.6374969482421875 155.3249969482421875 155.3874969482421875 155.787506103515625 150.4875030517578125 147.0500030517578125 145.9187469482421875 145.556243896484375 138.1999969482421875 130.2062530517578125 123.34999847412109375 115.3937530517578125 107.34375 97.5500030517578125 91.16249847412109375 85.63124847412109375 80.84375 76.2375030517578125 72.28749847412109375 69.39374542236328125 65.40625 63.037502288818359375 59.77500152587890625 55.950000762939453125 52.825000762939453125 48.924999237060546875 47.043750762939453125 45.11875152587890625
141.443756103515625 143.537506103515625 141.725006103515625 142.962493896484375 146.84375 146 146.149993896484375 145.8562469482421875 146.65625 147.03125 147.84375 151.975006103515625 155.1750030517578125 155.4312591552734375 152.2687530517578125 151.2375030517578125 153.2062530517578125 154.0124969482421875 155.7375030517578125 152.7312469482421875 148.0500030517578125 142.3000030517578125 140.1437530517578125 132.3312530517578125 123.44374847412109375 116.8000030517578125 107.1374969482421875 99.7375030517578125 91.4812469482421875 85.96250152587890625 81.36875152587890625 76.27500152587890625 71.2937469482421875 67.66249847412109375 65.77500152587890625 61.637500762939453125 58.96250152587890625 55.987499237060546875 53.83750152587890625 52.106250762939453125 48.55625152587890625 45.262500762939453125 42.86875152587890625
136.881256103515625 138.587493896484375 136.318756103515625 136.59375 140.625 139.9375 139.1750030517578125 137.162506103515625 138.4562530517578125 139.6437530517578125 140.5749969482421875 143.6374969482421875 145.21875 147.5812530517578125 146.8000030517578125 149.962493896484375 150.756256103515625 150.8125 150.5187530517578125 149.243743896484375 145.3000030517578125 142.556243896484375 137.0124969482421875 125.69374847412109375 117.25 109.6687469482421875 100.41249847412109375 93.16249847412109375 84.78125 79.3249969482421875 75.8625030517578125 70.8937530517578125 66.46875 63.46875 59.799999237060546875 55.75624847412109375 53.25 50.84375 49.481250762939453125 48.16249847412109375 45.137500762939453125 42.237499237060546875 40.893749237060546875
125.27500152587890625 125.9250030517578125 125.40000152587890625 127.06874847412109375 128.4812469482421875 127.71875 128.9812469482421875 128.881256103515625 128.84375 131.087493896484375 135.15625 136.037506103515625 137.28125 141.6062469482421875 141.412506103515625 144.7375030517578125 145.59375 146.524993896484375 145.537506103515625 143.96875 139.90625 136.118743896484375 131.4562530517578125 123.9499969482421875 115.59375 106.36875152587890625 97.2312469482421875 87.00624847412109375 79.22499847412109375 73.5749969482421875 70.09375 65.15625 60.887500762939453125 57.36875152587890625 53.93125152587890625 50.137500762939453125 47.59375 44.956249237060546875 43.887500762939453125 42.9375 40.387500762939453125 38.606250762939453125 37.387500762939453125
113.2624969482421875 115.5187530517578125 115.49375152587890625 118.6687469482421875 116.4562530517578125 117.6750030517578125 120.46875 121.21875 120.9187469482421875 121.86875152587890625 124.22499847412109375 127.41249847412109375 131.4375 131.556243896484375 133.9812469482421875 135.3312530517578125 138.34375 137.8562469482421875 136.274993896484375 136.056243896484375 133.2062530517578125 129.850006103515625 126.5437469482421875 118.4250030517578125 111.8000030517578125 103.84999847412109375 94 82.9250030517578125 75.7062530517578125 70.40000152587890625 65.93125152587890625 60.59375 55.46875 51.15000152587890625 48.137500762939453125 44.643749237060546875 42.02500152587890625 39.237499237060546875 38.4375 37.237499237060546875 36.237499237060546875 35.231250762939453125 34.012500762939453125
103.27500152587890625 104.84999847412109375 106.09999847412109375 106.9812469482421875 107.40625 109.0437469482421875 111.4499969482421875 112.96875 110.9499969482421875 112.7937469482421875 114.8937530517578125 119.9499969482421875 122.4250030517578125 125.875 128.0187530517578125 130.5749969482421875 132.90625 131.8312530517578125 130.1437530517578125 129.84375 127.7062530517578125 124.0124969482421875 119.59999847412109375 113.47499847412109375 106.65000152587890625 100.1875 90.09375 79.38124847412109375 72.15000152587890625 66.96875 61.075000762939453125 55.13124847412109375 50.21875 45.637500762939453125 42.25 39.02500152587890625 35.893749237060546875 33.799999237060546875 33.4375 32.66249847412109375 31.612499237060546875 30.893749237060546875 30.34375
94.02500152587890625 96.0124969482421875 96.53749847412109375 97.1374969482421875 98.3000030517578125 98.5437469482421875 99.8125 100.00624847412109375 99.56874847412109375 102.02500152587890625 106.3000030517578125 110.0625 114.94374847412109375 118.5500030517578125 121.6374969482421875 125.69374847412109375 126.9875030517578125 127.38124847412109375 124.13124847412109375 122.96875 121.52500152587890625 120.5124969482421875 115.8000030517578125 110.2687530517578125 102.9499969482421875 95.7937469482421875 85.7062530517578125 77.63124847412109375 68.9250030517578125 62.66249847412109375 56.65625 50.84375 44.75624847412109375 40.91249847412109375 37.206249237060546875 33.768749237060546875 31.793750762939453125 30.043750762939453125 29.299999237060546875 29.162500381469726562 28.399999618530273438 28.350000381469726562 27.368749618530273438
82.96875 84.7937469482421875 85.38124847412109375 86.88124847412109375 88.3312530517578125 89.2375030517578125 90.4250030517578125 91.6374969482421875 90.6374969482421875 91.30625152587890625 98.61875152587890625 106.08750152587890625 111.5124969482421875 114.0437469482421875 118.40000152587890625 120.59375 122.09999847412109375 121.25624847412109375 119.15000152587890625 116.53749847412109375 115.30625152587890625 114.4812469482421875 110.8874969482421875 106.25624847412109375 100.33750152587890625 91.97499847412109375 83.25 74.7687530517578125 64.99375152587890625 58.66249847412109375 53.02500152587890625 46.6875 41.16249847412109375 36.55625152587890625 32.91249847412109375 30.174999237060546875 28.475000381469726562 27.25 26.543750762939453125 26.450000762939453125 25.712499618530273438 25.693750381469726562 24.774999618530273438
74.125 76.28125 76.40625 79.02500152587890625 81.0187530517578125 81.4875030517578125 82.52500152587890625 83.3625030517578125 84.49375152587890625 85.1374969482421875 97.3874969482421875 105.4499969482421875 107.46875 111.4375 116.375 118.1125030517578125 118.05625152587890625 115.5749969482421875 115.5 112.6374969482421875 111.0437469482421875 108.66249847412109375 105.6687469482421875 101.46250152587890625 96.375 90 81.6875 73.4250030517578125 64.4875030517578125 57.1875 50.21875 44.55625152587890625 39.41249847412109375 33.643749237060546875 29.575000762939453125 26.918750762939453125 26.112499237060546875 25.3125 24.9375 24.868749618530273438 23.375 22.831249237060546875 22.268749237060546875
67.7624969482421875 68.6999969482421875 69.86875152587890625 71.2937469482421875 73.81874847412109375 74.7062530517578125 76.2062530517578125 77.4499969482421875 80.75 88.74375152587890625 101.3562469482421875 102.9499969482421875 102.11875152587890625 105.3562469482421875 108.5187530517578125 111.00624847412109375 113.56874847412109375 112.80625152587890625 109.6750030517578125 110.47499847412109375 107.4875030517578125 103.88124847412109375 101.38124847412109375 96.59999847412109375 91.8562469482421875 85.78125 78.6374969482421875 71.91249847412109375 63.981250762939453125 56.38124847412109375 49.53125 43.856250762939453125 38.75 32.65000152587890625 28.700000762939453125 27.193750381469726562 25.899999618530273438 24.993749618530273438 24.787500381469726562 23.681249618530273438 22.487499237060546875 21.868749618530273438 21.149999618530273438
61.40000152587890625 62.78749847412109375 63.549999237060546875 64.82500457763671875 66.2375030517578125 67.71250152587890625 68.3874969482421875 70.6875 75.3125 82.84999847412109375 89.84999847412109375 94.9187469482421875 97.1374969482421875 99.22499847412109375 103.0625 107.16875457763671875 108.46875 107.1750030517578125 104.77500152587890625 106.9499969482421875 105.28125 99.8625030517578125 97.1999969482421875 92.43125152587890625 87.8937530517578125 82.3625030517578125 75.9812469482421875 69.58750152587890625 61.78749847412109375 55.606250762939453125 49.450000762939453125 44.612499237060546875 39.18125152587890625 33.700000762939453125 30.375 28.356250762939453125 26.287500381469726562 25.443750381469726562 24.8125 23.037500381469726562 21.662500381469726562 21.143749237060546875 20.456249237060546875
