data/historical-monthly-weather-data/wc2.1_cruts4.09_10m_prec_2002-03.asc
ncols        45
nrows        45
xllcorner    -63.500000000000
yllcorner    -7.500000000000
cellsize     0.166666666667
NODATA_value -9999
[rows 20 to 39 of 45, columns 0 to 44 of 45]
312.850006103515625 325.45001220703125 336.056243896484375 346.82501220703125 358.01873779296875 367.58123779296875 375.587493896484375 380.625 381.51873779296875 377.60626220703125 370.774993896484375 366.26251220703125 362.693756103515625 360.631256103515625 346.5625 326.51873779296875 308.42498779296875 293.837493896484375 283.32501220703125 273.10626220703125 264.375 255.7562408447265625 247.1062469482421875 244.837493896484375 244.0187530517578125 244.2624969482421875 248.8125 253.806243896484375 258.78125 263.618743896484375 264.26873779296875 260.318756103515625 248.537506103515625 232.96875 218.600006103515625 238.225006103515625 265.98126220703125 283.79998779296875 295 301.287506103515625 304.54998779296875 305.25 304.125 303.537506103515625 302.243743896484375
306.1875 319.931243896484375 333.756256103515625 346.618743896484375 360.04998779296875 372.287506103515625 382.6875 390.59375 392.04998779296875 384.48126220703125 371.45623779296875 360.787506103515625 351.693756103515625 345.5625 334.84375 321.350006103515625 308.618743896484375 295.09375 283.36248779296875 272.125 261.256256103515625 251.6374969482421875 245.4375 242.3312530517578125 241.3562469482421875 242.943756103515625 250.006256103515625 254.6999969482421875 258.85626220703125 262.73748779296875 262.381256103515625 258.46875 248.806243896484375 238.506256103515625 233.6437530517578125 246.8000030517578125 268.76251220703125 285.9375 296.79376220703125 301.600006103515625 303.51251220703125 303.79376220703125 303.01873779296875 302.42498779296875 301.71875
303.67498779296875 319.57501220703125 333.78125 348.475006103515625 362.76251220703125 375 385.975006103515625 398.45623779296875 403.756256103515625 390.51251220703125 371.40625 352.53125 337.243743896484375 330.056243896484375 324.33123779296875 315.875 305.53125 293.125 280.91876220703125 269.29376220703125 258.1875 247.3937530517578125 239.4250030517578125 236.0124969482421875 236.774993896484375 240.037506103515625 247.71875 253.537506103515625 257.337493896484375 260.381256103515625 261.26873779296875 261.20623779296875 257.693756103515625 253.2375030517578125 255.3562469482421875 266.506256103515625 281.64373779296875 294.03125 301.399993896484375 304.01251220703125 304.03125 303.375 302.524993896484375 301.03125 300.618743896484375
306.75 322.20001220703125 337.01251220703125 352.337493896484375 367.006256103515625 378.01251220703125 389.756256103515625 401.399993896484375 404.23748779296875 388.14373779296875 365.912506103515625 346.337493896484375 326.131256103515625 319.79376220703125 317.14373779296875 311.350006103515625 303.381256103515625 292.07501220703125 278.60626220703125 266 253.875 241.9812469482421875 232.743743896484375 229.2624969482421875 229.1062469482421875 232.6750030517578125 241.225006103515625 249.4250030517578125 255.493743896484375 261.493743896484375 266.29998779296875 269.16876220703125 268.90625 268.899993896484375 273.368743896484375 284.48748779296875 295.818756103515625 301.67498779296875 304.493743896484375 305.28125 304.70623779296875 302.79376220703125 301.399993896484375 298.90625 299.95623779296875
316.537506103515625 329.70001220703125 341.743743896484375 356.92498779296875 372.962493896484375 382.83123779296875 390.36248779296875 396.70623779296875 394.58123779296875 382.21875 365.199981689453125 345.95001220703125 330.725006103515625 321.84375 315.59375 310.431243896484375 302.53125 291.649993896484375 278.76251220703125 264.09375 249.5812530517578125 236.225006103515625 224.962493896484375 219.399993896484375 220.5437469482421875 227.350006103515625 236.28125 247.1437530517578125 255.2937469482421875 265.306243896484375 272.524993896484375 277.837493896484375 280.36248779296875 282.3125 286.087493896484375 292.050018310546875 299.875 303.98748779296875 305.23126220703125 306.61248779296875 305.806243896484375 302.96875 299.32501220703125 298.48126220703125 295.79376220703125
331.693756103515625 344.212493896484375 351.96875 365.48748779296875 377.850006103515625 384.70001220703125 389.20623779296875 391.774993896484375 386.962493896484375 376.443756103515625 362.92498779296875 348.993743896484375 336.51251220703125 326.17498779296875 318.524993896484375 312.743743896484375 303.824981689453125 293.368743896484375 280.95623779296875 264.23126220703125 249.243743896484375 232.4499969482421875 217.375 208.90625 212.5124969482421875 222.71875 235.431243896484375 246.5500030517578125 257.01873779296875 269.399993896484375 279.631256103515625 288.243743896484375 292.524993896484375 293.33123779296875 294.51251220703125 297.51251220703125 301.949981689453125 304.6875 306.33123779296875 306.993743896484375 306.493743896484375 302.45623779296875 295.943756103515625 293.681243896484375 291.837493896484375
351.60626220703125 358.649993896484375 365.181243896484375 373.33123779296875 381.09375 385.20001220703125 386.375 386.0625 380.875 373.53125 364.20623779296875 353.01251220703125 342.33123779296875 332.993743896484375 325.34375 317.98126220703125 310.40625 298.625 285.04376220703125 269.6875 252.3874969482421875 234.193756103515625 215.068756103515625 205.0124969482421875 212.431243896484375 223.1500091552734375 237 248.493743896484375 259.912506103515625 273.04998779296875 285.17498779296875 296.818756103515625 302.5 300.76873779296875 299.256256103515625 301.07501220703125 304.475006103515625 306.118743896484375 308.056243896484375 309.475006103515625 307.79376220703125 302.42498779296875 294.41876220703125 290.056243896484375 295.1875
373.82501220703125 377.125 379.943756103515625 383.693756103515625 385.506256103515625 385.98126220703125 386.912506103515625 384.70001220703125 379.54376220703125 373.51873779296875 365.225006103515625 355.83123779296875 347.3125 339.368743896484375 331.693756103515625 323.86248779296875 316.556243896484375 307.04998779296875 294 279.03125 262.04998779296875 243.412506103515625 228.618743896484375 220.368743896484375 223.0437469482421875 230.9875030517578125 242.943756103515625 254.587493896484375 265.41876220703125 277.024993896484375 288.587493896484375 299.10626220703125 303.92498779296875 302.037506103515625 300.368743896484375 302.20001220703125 303.712493896484375 306.243743896484375 309.318756103515625 312.662506103515625 314.25 307.46875 295.943756103515625 290.681243896484375 304.48748779296875
394.100006103515625 394.743743896484375 393.806243896484375 392.09375 392.337493896484375 389.82501220703125 386.41876220703125 383.125 378.899993896484375 373.1875 367.32501220703125 359.6875 352.14373779296875 345.70623779296875 339.462493896484375 333.09375 327.5 318.649993896484375 307.23748779296875 293.34375 276.73748779296875 259.10626220703125 245.9375 237.600006103515625 237.975006103515625 241.8874969482421875 251.3562469482421875 261.806243896484375 271.73126220703125 282.13751220703125 291.17498779296875 299.41876220703125 303 302.087493896484375 300.96875 302.537506103515625 303.20623779296875 305.443756103515625 309.037506103515625 312.243743896484375 317.462493896484375 310.5625 299.25 301.14373779296875 317.8125
406.243743896484375 404.36248779296875 400.21875 395.84375 393.28125 388.181243896484375 384.67498779296875 381.337493896484375 378 373.1875 368.693756103515625 363.600006103515625 358.66876220703125 353.54998779296875 348.08123779296875 342.5625 337.356231689453125 333.90625 324.5625 308.362518310546875 291.26873779296875 274.931243896484375 261.725006103515625 254.28125 252.193756103515625 254.3874969482421875 261.96875 270.04376220703125 277.76251220703125 285.774993896484375 293.36248779296875 299.118743896484375 301.61248779296875 302.76873779296875 302.65625 303.09375 303.1875 305.34375 305.287506103515625 307.5625 312.649993896484375 313.618743896484375 310.25 316.88751220703125 326.33123779296875
413.34375 408.98748779296875 402.631256103515625 397.631256103515625 393.73126220703125 387.04998779296875 384.25 380.63751220703125 377.4375 373.86248779296875 370.86248779296875 366.368743896484375 362.95623779296875 358.1875 354.162506103515625 350.51873779296875 348.61248779296875 346.48126220703125 341.29998779296875 324.625 306.86248779296875 289.493743896484375 276.96875 269.243743896484375 265.4375 267.287506103515625 272.068756103515625 277.39373779296875 283.86248779296875 289.837493896484375 295.73126220703125 301.0625 303.17498779296875 304.368743896484375 304.76251220703125 303.675018310546875 303.26873779296875 305.16876220703125 303.20623779296875 298.90625 305.243743896484375 314.618743896484375 320.32501220703125 328.256256103515625 337.95001220703125
415.48748779296875 409.493743896484375 401.84375 395.59375 391.23126220703125 384.73748779296875 382.225006103515625 378.04998779296875 375.28125 372.8125 370.9375 367.23748779296875 363.712493896484375 361.568756103515625 359.712493896484375 357.98126220703125 354.068756103515625 351.806243896484375 346.943756103515625 334.91876220703125 317.67498779296875 302.475006103515625 289.056243896484375 281.0625 278.806243896484375 278.475006103515625 280.681243896484375 285.368743896484375 289.01251220703125 294.11248779296875 299.08123779296875 303.306243896484375 304.306243896484375 305.4375 306.01873779296875 304.725006103515625 305.181243896484375 305.568756103515625 300.95623779296875 299.506256103515625 308.9375 322.243743896484375 332.162506103515625 345.587493896484375 358.46875
405.64373779296875 400.587493896484375 393.6875 388.162506103515625 383.21875 379.212493896484375 375.91876220703125 371.95001220703125 368.86248779296875 368.537506103515625 371.26251220703125 367.337493896484375 365.212493896484375 366.100006103515625 364.806243896484375 362.712493896484375 358.34375 356.51873779296875 350.725006103515625 340.931243896484375 327.46875 313.375 299.98748779296875 293.399993896484375 289.9375 288.131256103515625 288.84375 291.649993896484375 295.13751220703125 298.881256103515625 302.912506103515625 306.45001220703125 308.131256103515625 309.375 309.193756103515625 309.70001220703125 310.100006103515625 309.3125 306.256256103515625 311.631256103515625 321.14373779296875 333.98126220703125 347.01251220703125 362.20001220703125 384.0625
393.42498779296875 389.006256103515625 385.318756103515625 381.34375 377.443756103515625 373.07501220703125 369.25 365.787506103515625 362.931243896484375 363.26873779296875 366.98126220703125 367.1875 366.693756103515625 365.993743896484375 364.9375 364.75 363.0625 360.71875 353.962493896484375 345.375 334.73126220703125 321.899993896484375 310.475006103515625 302.774993896484375 298.73748779296875 295.35626220703125 295.76873779296875 296.943756103515625 300.66876220703125 303.32501220703125 305.86248779296875 309.975006103515625 312.493743896484375 313.60626220703125 315.068756103515625 315.524993896484375 315.1875 313.88751220703125 316.068756103515625 322.725006103515625 330.662506103515625 343.35626220703125 359.524993896484375 376.4375 400.993743896484375
381.274993896484375 378.58123779296875 376.76251220703125 373.70001220703125 368.975006103515625 365.79376220703125 361.462493896484375 359.03125 354.850006103515625 354.45001220703125 360.712493896484375 364.70001220703125 367.64373779296875 368.21875 369.41876220703125 368.29376220703125 367.20001220703125 364.556243896484375 358.306243896484375 350.26251220703125 341.29376220703125 329.09375 317.993743896484375 309.92498779296875 305.8125 302.45623779296875 301.29998779296875 302.506256103515625 304.10626220703125 307.01873779296875 310.38751220703125 314.131256103515625 316.41876220703125 318.493743896484375 319.493743896484375 318.98748779296875 318.54998779296875 321.331268310546875 325.54998779296875 331.493743896484375 339.14373779296875 349.806243896484375 364.96875 381.806243896484375 402.29998779296875
369.34375 366.78125 365.14373779296875 362.806243896484375 359.306243896484375 355.45623779296875 351.899993896484375 347.11248779296875 340.962493896484375 340.63751220703125 347.787506103515625 356.556243896484375 366.51251220703125 372.975006103515625 374.743743896484375 374.88751220703125 372.875 369.693756103515625 364.756256103515625 358.11248779296875 348.625 336.32501220703125 324.568756103515625 317.21875 312.39373779296875 308.381256103515625 306.693756103515625 307.631256103515625 308.837493896484375 310.96875 314.46875 317.431243896484375 318.88751220703125 321.993743896484375 323.25 322.48126220703125 324.51251220703125 327.300018310546875 330.056243896484375 336.45001220703125 344.556243896484375 353.868743896484375 365.39373779296875 381.11248779296875 396.10626220703125
355.931243896484375 354.875 354.350006103515625 352.48748779296875 350.54998779296875 347.71875 343.431243896484375 338.225006103515625 329.76251220703125 324.399993896484375 335.88751220703125 355.368743896484375 370.081268310546875 378.16876220703125 381.556243896484375 380.868743896484375 378.100006103515625 374.431243896484375 370.193756103515625 361.806243896484375 352.899993896484375 341.056243896484375 329.91876220703125 321.368743896484375 315.98126220703125 312.16876220703125 310.51251220703125 312.068756103515625 312.743743896484375 315.09375 317.725006103515625 320.100006103515625 323.01873779296875 326.5625 327.73126220703125 328.34375 330.54998779296875 333.493743896484375 336.32501220703125 339.850006103515625 345.618743896484375 353.61248779296875 363.96875 377.04998779296875 389.33123779296875
343.975006103515625 344.39373779296875 344.056243896484375 343.51873779296875 343.6875 342.149993896484375 338.90625 333.506256103515625 327.443756103515625 320.162506103515625 341.76873779296875 364.76873779296875 377.17498779296875 385.82501220703125 387.26873779296875 386.57501220703125 382.11248779296875 377.58123779296875 371.79998779296875 362.462493896484375 351.975006103515625 341.14373779296875 332.337493896484375 323.662506103515625 318.4375 315.29376220703125 313.537506103515625 315.67498779296875 317.01873779296875 318.88751220703125 320.131256103515625 321.84375 325.28125 329.71875 330.79376220703125 333.131256103515625 335.33123779296875 336.40625 340.087493896484375 343.95623779296875 346.462493896484375 353.82501220703125 360.850006103515625 367.806243896484375 377.850006103515625
334.506256103515625 334.993743896484375 335.82501220703125 336.34375 337.23748779296875 335.76251220703125 335.48748779296875 333.818756103515625 335.287506103515625 346.287506103515625 370.84375 378.806243896484375 383.10626220703125 388.4375 390.08123779296875 389.381256103515625 385.5 379.61248779296875 371.83123779296875 361.39373779296875 349.162506103515625 338.5625 330.162506103515625 322.962493896484375 318.63751220703125 316.66876220703125 316.006256103515625 317.4375 319.21875 320.787506103515625 322.587493896484375 322.82501220703125 325.33123779296875 329.79998779296875 334.33123779296875 335.39373779296875 336.45623779296875 338.774993896484375 340.318756103515625 341.79376220703125 343.537506103515625 350.26251220703125 355.16876220703125 361.20623779296875 367.850006103515625
326.212493896484375 326.875 328.256256103515625 328.818756103515625 331.006256103515625 333.08123779296875 333.556243896484375 337.5 343.587493896484375 354.58123779296875 369.5 380.100006103515625 386.381256103515625 390.5 393.306243896484375 392.875 389.73748779296875 382.23126220703125 371.756256103515625 360.881256103515625 347.087493896484375 335.881256103515625 326.10626220703125 319.60626220703125 317.45001220703125 316.793731689453125 316.25 318.58123779296875 320.45001220703125 321.20001220703125 321.287506103515625 323.881256103515625 329.04376220703125 332.48126220703125 336.368743896484375 338.09375 337.83123779296875 338.993743896484375 340.899993896484375 339.51251220703125 339.25 344.556243896484375 348.399993896484375 352.35626220703125 357.475006103515625
