data/historical-monthly-weather-data/wc2.1_cruts4.09_10m_prec_1970-05.asc
ncols        45
nrows        45
xllcorner    -63.500000000000
yllcorner    -7.500000000000
cellsize     0.166666666667
NODATA_value -9999
[rows 0 to 19 of 45, columns 0 to 43 of 45]
314.51873779296875 318.60626220703125 321.59375 330.33123779296875 336.20001220703125 339.8125 338.975006103515625 340.20623779296875 340.64373779296875 343.850006103515625 344.756256103515625 341.16876220703125 339.39373779296875 338.26251220703125 334.899993896484375 333.45623779296875 330.6875 326.57501220703125 325.306243896484375 326.64373779296875 328.04376220703125 328.98126220703125 333.412506103515625 332.5 332.818756103515625 335.11248779296875 335.36248779296875 337.381256103515625 336.787506103515625 339.60626220703125 338.087493896484375 339.256256103515625 342.125 343.3125 344.8125 349.274993896484375 352.443756103515625 352.53125 352.587493896484375 354.568756103515625 353.568756103515625 353.03125 349.306243896484375 350.243743896484375
309.45623779296875 311.66876220703125 318.20623779296875 328.45623779296875 338.6875 343.087493896484375 342.09375 343.356231689453125 345.462493896484375 345.287506103515625 345.875 341.5 336.90625 332.79998779296875 327.51873779296875 323.006256103515625 318.681243896484375 313.631256103515625 314.162506103515625 315.774993896484375 317.28125 319.537506103515625 321.65625 323.193756103515625 322.90625 322.83123779296875 325.67498779296875 328.21875 329.399993896484375 329.04998779296875 326.58123779296875 330.024993896484375 330.04998779296875 333.368743896484375 334.024993896484375 333.70623779296875 338.67498779296875 339.587493896484375 342.131256103515625 339.01251220703125 337.962493896484375 341.524993896484375 338.16876220703125 334.13751220703125
300.149993896484375 305.29376220703125 314.743743896484375 324.21875 332.631256103515625 338.04998779296875 341.21875 345.443756103515625 348.04376220703125 347.506256103515625 346 338.993743896484375 331.556243896484375 322.98126220703125 316.91876220703125 312.587493896484375 306.149993896484375 299.806243896484375 299.41876220703125 301.193756103515625 302.5 306.287506103515625 308.274993896484375 308.25 307.20623779296875 309.1875 313.61248779296875 315.024993896484375 314.48748779296875 313.40625 310.837493896484375 311.42498779296875 314.899993896484375 315.693756103515625 318.17498779296875 317.25 320.399993896484375 322.506256103515625 323.09375 322.48748779296875 324.443756103515625 322.837493896484375 322.59375 319.506256103515625
287.068756103515625 290.42498779296875 305.76251220703125 315.056243896484375 324.256256103515625 329.07501220703125 333.90625 341.318756103515625 348.493743896484375 349.17498779296875 344.01873779296875 334.550018310546875 322.42498779296875 312.125 305.068756103515625 298.84375 291.068756103515625 285.21875 284.125 287.756256103515625 292.993743896484375 294.71875 294.556243896484375 294.57501220703125 293.0625 292.462493896484375 297.41876220703125 297.25 296.76251220703125 297.743743896484375 295.46875 294.962493896484375 296.16876220703125 296.13751220703125 295.79376220703125 300.3125 304.806243896484375 306.64373779296875 307.70001220703125 307.975006103515625 307.9375 310.131256103515625 306.41876220703125 302.962493896484375
292.287506103515625 292.42498779296875 292.38751220703125 301.181243896484375 312.59375 316.787506103515625 323.57501220703125 333.20623779296875 344.96875 349.431243896484375 339.26251220703125 324.11248779296875 313.368743896484375 303.10626220703125 295.100006103515625 286.91876220703125 277.756256103515625 272.15625 270.618743896484375 275.20001220703125 280.10626220703125 280.587493896484375 278.868743896484375 281.4375 278.13751220703125 276.881256103515625 276.850006103515625 280.243743896484375 281.15625 280.350006103515625 279.38751220703125 276.806243896484375 276.66876220703125 279.04376220703125 280.149993896484375 282.274993896484375 287.8125 291.84375 293.92498779296875 293.568756103515625 295.068756103515625 293.66876220703125 291.131256103515625 289.95623779296875
293.287506103515625 293.98126220703125 292.087493896484375 288.193756103515625 299.73748779296875 308.787506103515625 315.51251220703125 322.287506103515625 334.6875 340.65625 332.09375 315.73748779296875 307.524993896484375 299.23126220703125 288.975006103515625 283.28125 272.649993896484375 265.118743896484375 263.693756103515625 268.368743896484375 270.506256103515625 271.42498779296875 271.67498779296875 268.806243896484375 266.287506103515625 264.57501220703125 264.95623779296875 266.3125 268.537506103515625 267.8125 266.162506103515625 264.59375 263.39373779296875 264.01873779296875 263.70001220703125 266.756256103515625 270.29376220703125 273.318756103515625 278.556243896484375 278.568756103515625 277.1875 276.618743896484375 273.506256103515625 272.04376220703125
296.85626220703125 295.90625 293.01873779296875 289.625 291.21875 293.850006103515625 298.912506103515625 304.58123779296875 305.48126220703125 311.46875 310.53125 302.725006103515625 298.462493896484375 293.14373779296875 285.71875 278.806243896484375 272.837493896484375 266.9375 263.193756103515625 266.21875 264.63751220703125 262.45623779296875 258.54998779296875 257.35626220703125 255.7062530517578125 255.899993896484375 254.806243896484375 255.28125 254.4250030517578125 253.6374969482421875 252.3000030517578125 248.4562530517578125 245.5437469482421875 245.0812530517578125 244.9812469482421875 248.9562530517578125 250.9499969482421875 253.5749969482421875 258.91876220703125 261.287506103515625 258.79376220703125 256.181243896484375 253.537506103515625 253.662506103515625
299.17498779296875 297.04376220703125 293.462493896484375 292.149993896484375 292.78125 294.48126220703125 289.256256103515625 278.3125 270.08123779296875 278.0625 288.5625 289.550018310546875 291.28125 287.92498779296875 283.04376220703125 278.875 273.712493896484375 269.587493896484375 264.962493896484375 261.98126220703125 261 255.787506103515625 250.6999969482421875 245.5749969482421875 245.118743896484375 240.4375 242.0749969482421875 241.3937530517578125 240.912506103515625 239.850006103515625 237.6999969482421875 233.3312530517578125 230.8000030517578125 227.53125 224.6062469482421875 226.6687469482421875 229.5187530517578125 233.21875 235.9250030517578125 234.850006103515625 235.587493896484375 233.6875 232.5 230.59375
300.89373779296875 298.524993896484375 296.443756103515625 293.443756103515625 292.17498779296875 291.399993896484375 285.73126220703125 276.649993896484375 262.625 258.881256103515625 269.76251220703125 278.34375 286.26873779296875 284.875 281.08123779296875 279.024993896484375 275.28125 272.79376220703125 270.818756103515625 262.01251220703125 253.5749969482421875 249.975006103515625 240.493743896484375 240.5500030517578125 234.9187469482421875 229.118743896484375 227.818756103515625 229.993743896484375 232.524993896484375 229.84375 229.181243896484375 223.7687530517578125 216.399993896484375 210.6437530517578125 208.8000030517578125 210.9562530517578125 213.6374969482421875 216.850006103515625 220.399993896484375 218.2624969482421875 216.068756103515625 214.006256103515625 215.1187591552734375 215.9499969482421875
301.48748779296875 300.475006103515625 298.33123779296875 296.59375 292.149993896484375 291.087493896484375 286.881256103515625 280.212493896484375 273.23748779296875 271.806243896484375 275.48748779296875 275.506256103515625 284.63751220703125 283.75 282.037506103515625 277.60626220703125 273.668731689453125 271.01251220703125 269.693756103515625 265.0625 253 241.6687469482421875 232.3312530517578125 229.818756103515625 222.1875 216.524993896484375 214.8562469482421875 216.7937469482421875 220.5124969482421875 220.931243896484375 217.1374969482421875 210.943756103515625 205.6125030517578125 200.056243896484375 195.381256103515625 196.375 197.5437469482421875 200.350006103515625 203.5437469482421875 204.9875030517578125 205.493743896484375 205.6437530517578125 201.46875 198.09375
301.774993896484375 302.162506103515625 298.943756103515625 297.537506103515625 293.10626220703125 293.23748779296875 290.375 282.88751220703125 278.38751220703125 279.75 283.89373779296875 286.79998779296875 283.706268310546875 284.625 280.04376220703125 274.40625 270.35626220703125 268.5 266.42498779296875 264.28125 259.243743896484375 242.881256103515625 227.881256103515625 212.7687530517578125 210.6374969482421875 208.0500030517578125 206.256256103515625 207.40625 207.5812530517578125 205.6999969482421875 203.8000030517578125 199.6437530517578125 193.631256103515625 187.53125 181.96875 180.568756103515625 181.100006103515625 184.0562591552734375 188.962493896484375 191.6687469482421875 193.006256103515625 191.787506103515625 191.4812469482421875 185.787506103515625
303.587493896484375 302.29998779296875 299.89373779296875 298.46875 295.90625 293.087493896484375 293.225006103515625 290.0625 288.693756103515625 286.42498779296875 289.64373779296875 294.48126220703125 285.337493896484375 282.75 279.868743896484375 271.98126220703125 267.3125 264.95623779296875 263.54376220703125 264.41876220703125 261.618743896484375 248.7375030517578125 231.243743896484375 213.274993896484375 201.4625091552734375 193.649993896484375 190.53125 191.537506103515625 193.65625 191.8125 187.725006103515625 184.056243896484375 178.693756103515625 173.1062469482421875 169.8562469482421875 170.8125 172.774993896484375 174.524993896484375 177.881256103515625 181.212493896484375 184.2375030517578125 183.0749969482421875 179.2312469482421875 168.149993896484375
306.212493896484375 302.29376220703125 299.20001220703125 298.087493896484375 295.07501220703125 294.88751220703125 292.83123779296875 289.3125 289.462493896484375 291.556243896484375 293.91876220703125 295.35626220703125 289.76873779296875 275.42498779296875 269.70623779296875 266.662506103515625 261.787506103515625 259.431243896484375 257.40625 257.787506103515625 257.399993896484375 243.287506103515625 226.21875 208.225006103515625 186.537506103515625 175.743743896484375 177.899993896484375 179.618743896484375 182.2624969482421875 181.399993896484375 176.3249969482421875 170.2687530517578125 164.6374969482421875 159.03125 156.8625030517578125 159.96875 163.256256103515625 167.306243896484375 172.3312530517578125 175.3937530517578125 176.8000030517578125 175.7062530517578125 166.3625030517578125 157.631256103515625
302.125 298.89373779296875 297.21875 295.649993896484375 294.412506103515625 292.818756103515625 290.318756103515625 288.337493896484375 290.82501220703125 292.631256103515625 289.54376220703125 286.875 280.693756103515625 271.20001220703125 256.243743896484375 255.9875030517578125 251.28125 247.3125 246.9187469482421875 247.3874969482421875 243.84375 231.5437469482421875 216.693756103515625 202.087493896484375 184.368743896484375 172.162506103515625 169.71875 168.287506103515625 169.368743896484375 166.899993896484375 164.84375 158.5749969482421875 153.212493896484375 148.243743896484375 145.4875030517578125 150.5187530517578125 156.5124969482421875 162.5749969482421875 168.4250030517578125 169.493743896484375 164.4250030517578125 157.8562469482421875 155.587493896484375 155.3000030517578125
296.90625 295.443756103515625 294.82501220703125 292.912506103515625 290.881256103515625 289.98748779296875 290.60626220703125 290.67498779296875 290.48126220703125 288.45001220703125 284.100006103515625 279.225006103515625 270.287506103515625 260.08123779296875 241.5812530517578125 239.712493896484375 237.3125 236.743743896484375 236.1750030517578125 235.256256103515625 231.9187469482421875 222.368743896484375 211.1875 202.993743896484375 191.8562469482421875 181.3312530517578125 174.462493896484375 170.3249969482421875 167.350006103515625 162.96875 155.6062469482421875 148.725006103515625 145.462493896484375 138.2937469482421875 132.7312469482421875 135.9812469482421875 147.7937469482421875 157.243743896484375 160.78125 158.475006103515625 152.243743896484375 150.568756103515625 153.9875030517578125 153.5749969482421875
290.67498779296875 288.881256103515625 290.106231689453125 289.76251220703125 287.287506103515625 288.51873779296875 290.08123779296875 289.6875 287.068756103515625 285.21875 279.1875 272.087493896484375 262.45001220703125 253.537506103515625 238.225006103515625 222.5187530517578125 223.693756103515625 228.2937469482421875 225.5437469482421875 224.34375 221.1437530517578125 216.837493896484375 210.556243896484375 206.5124969482421875 197.2624969482421875 185.881256103515625 177.1750030517578125 169.899993896484375 165.1125030517578125 161.037506103515625 155.90625 147.875 137.725006103515625 128.068756103515625 121.81874847412109375 131.875 139.4187469482421875 147.087493896484375 151.256256103515625 151.412506103515625 147.65625 146.7937469482421875 148.193756103515625 145.5500030517578125
286.100006103515625 285.0625 284.53125 285.725006103515625 286.51873779296875 285.793731689453125 285.8125 284.67498779296875 283.73126220703125 281.14373779296875 276.23748779296875 270.162506103515625 259.38751220703125 248.774993896484375 236.600006103515625 224.181243896484375 210.568756103515625 213.5625 214.9875030517578125 214.818756103515625 212.2687530517578125 208.6750030517578125 206.818756103515625 207.649993896484375 202.774993896484375 185.787506103515625 174.631256103515625 167.3249969482421875 161.9562530517578125 157.6999969482421875 153.506256103515625 148.15625 138.881256103515625 130.256256103515625 130.4375 133.568756103515625 140.368743896484375 147.15625 152.8249969482421875 148.2312469482421875 142.8625030517578125 140.9875030517578125 139.100006103515625 139.1687469482421875
279.51251220703125 280.631256103515625 281.84375 282.23126220703125 283.1875 285.368743896484375 283.79998779296875 281.1875 278.42498779296875 276.443756103515625 271.818756103515625 268.243743896484375 255.2312469482421875 246.4562530517578125 235.1750030517578125 224.5124969482421875 211.9187469482421875 199.7937469482421875 208.8312530517578125 207.568756103515625 204.024993896484375 201.2375030517578125 199.5437469482421875 200.96875 197.7062530517578125 183.7062530517578125 169.90625 164.2375030517578125 159.5625 153.2375030517578125 144.3937530517578125 136.931243896484375 138.78125 136.4124908447265625 133.587493896484375 141.631256103515625 147.568756103515625 148.65625 149.912506103515625 146.6374969482421875 137.7624969482421875 135.037506103515625 133.1750030517578125 133.506256103515625
272.76251220703125 274.8125 275.70623779296875 278.881256103515625 281.53125 281.73748779296875 281.306243896484375 280.125 277.26873779296875 276.368743896484375 270.01251220703125 259.056243896484375 248.46875 240.84375 230.6062469482421875 222.743743896484375 214.1687469482421875 199.787506103515625 195.25 195.8874969482421875 193.375 193.493743896484375 181.6999969482421875 184.681243896484375 182.350006103515625 176.8000030517578125 168.787506103515625 159.78125 155.100006103515625 149.0625 142.649993896484375 139.5749969482421875 139.8000030517578125 137.118743896484375 135.7937469482421875 140.875 142.1374969482421875 141.149993896484375 142.837493896484375 138.318756103515625 131.443756103515625 127.84375 127.53125 129.1750030517578125
264.89373779296875 268.07501220703125 270.48126220703125 271.6875 275.48126220703125 280.64373779296875 281.837493896484375 280.375 277.38751220703125 273.16876220703125 269.287506103515625 263.118743896484375 256.26251220703125 244.53125 232.15625 215.90625 202.431243896484375 199.631256103515625 194.037506103515625 191.9250030517578125 182.8375091552734375 178.4562530517578125 177.0124969482421875 174.4437408447265625 169.125 160.8874969482421875 156.4562530517578125 153.6999969482421875 146.65625 139.943756103515625 137.568756103515625 142.1875 139.6687469482421875 135.399993896484375 135.181243896484375 137.5500030517578125 137.693756103515625 136.46875 134.8312530517578125 131.693756103515625 124.4499969482421875 120.8249969482421875 122.34999847412109375 124
