data/historical-monthly-weather-data/wc2.1_cruts4.09_10m_prec_2016-07.asc
ncols        51
nrows        45
xllcorner    -63.500000000000
yllcorner    -7.500000000000
cellsize     0.166666666667
NODATA_value -9999
[rows 0 to 18 of 45, columns 0 to 42 of 51]
130.6687469482421875 115.1750030517578125 110.8312530517578125 110.46875 109.3874969482421875 113.94374847412109375 119.0812530517578125 123.1374969482421875 131.681243896484375 141.649993896484375 149.193756103515625 157.1750030517578125 164.318756103515625 173.818756103515625 184.037506103515625 192.318756103515625 199.8499908447265625 200.84375 202.881256103515625 207.318756103515625 210.818756103515625 208.475006103515625 207.274993896484375 205.149993896484375 205.15625 201.1437530517578125 198.2062530517578125 195.46875 190.3312530517578125 187.975006103515625 178.03125 172.71875 172.225006103515625 168.15625 163.75 157.5812530517578125 148.5812530517578125 147.5437469482421875 139.756256103515625 133.2687530517578125 131.71875 130.756256103515625 125.6875
124.6437530517578125 108.2312469482421875 102.59999847412109375 101.02500152587890625 99.93125152587890625 104.86875152587890625 110.19374847412109375 115.625 124.99375152587890625 134.1999969482421875 142.1687469482421875 149.556243896484375 156.9375 165.0124969482421875 172.5 180.225006103515625 186.5187530517578125 189.0500030517578125 193.024993896484375 196.9875030517578125 194.8000030517578125 196.2062530517578125 196.756256103515625 198.9562530517578125 194.4875030517578125 192.1437530517578125 190.375 188.8125 182.6999969482421875 176.6125030517578125 171.024993896484375 170.475006103515625 168.149993896484375 166.7062530517578125 162.5 153.212493896484375 143.993743896484375 139.9437408447265625 131.5500030517578125 126.49375152587890625 125.86249542236328125 122.1750030517578125 118.0625
116.0187530517578125 103.6687469482421875 100.46250152587890625 97.78749847412109375 95.69374847412109375 99.875 105.84999847412109375 113.38124847412109375 123.0625 131.8625030517578125 139.375 144.9375 152.9499969482421875 157.462493896484375 162.9812469482421875 168.537506103515625 174.3562469482421875 176.21875 178.381256103515625 183.131256103515625 181.7937469482421875 184.443756103515625 187.0124969482421875 188.649993896484375 187.1687469482421875 183.037506103515625 186.6062469482421875 184.162506103515625 179.6437530517578125 174.9562530517578125 169.59375 162.787506103515625 160.9875030517578125 161.5625 152.0187530517578125 141.8125 136.09375 133.6062469482421875 124.72499847412109375 120.0500030517578125 118.28125 115.6062469482421875 110.6062469482421875
109.03749847412109375 96.6687469482421875 95.625 95.3249969482421875 92.9375 96.28125 101.7062530517578125 110.6750030517578125 121.75 131.037506103515625 135.649993896484375 140.3125 146.25 152.881256103515625 155.6437530517578125 158.1062469482421875 161.056243896484375 163.0812530517578125 166.756256103515625 174.6875 175.306243896484375 173.8625030517578125 176.1687469482421875 180.21875 181.100006103515625 179.475006103515625 179.5812530517578125 173.9375 173.0124969482421875 173.3125 168.2062530517578125 160.4875030517578125 153.431243896484375 147.4875030517578125 139.5187530517578125 136.8125 133.1750030517578125 125.1374969482421875 118.3000030517578125 112.8249969482421875 112.43125152587890625 111.46250152587890625 106.84999847412109375
113.59375 97.50624847412109375 90.00624847412109375 89.96250152587890625 91.125 94.06874847412109375 100.5187530517578125 109.1062469482421875 119.05625152587890625 126.8937530517578125 134.3312530517578125 137.5 142.4187469482421875 146.993743896484375 148.4250030517578125 150.03125 151.212493896484375 153.8249969482421875 154.037506103515625 159.912506103515625 163.631256103515625 162.9187469482421875 164.4250030517578125 173.3874969482421875 174.28125 172.8125 170.568756103515625 171.21875 169.568756103515625 165.09375 161.9375 157.037506103515625 152.181243896484375 144.4812469482421875 136.0812530517578125 128.4562530517578125 124.58750152587890625 119.58750152587890625 111.9812469482421875 107.8937530517578125 106.4375 102.90625 101.1374969482421875
111.9250030517578125 100.21250152587890625 94.53125 85.3625030517578125 88.46250152587890625 97.68125152587890625 103.7062530517578125 110.59999847412109375 121.0437469482421875 127.81874847412109375 133.006256103515625 136.287506103515625 140.75 141.1062469482421875 143.84375 144.756256103515625 143.193756103515625 142.631256103515625 145.056243896484375 151.4375 154.787506103515625 156.524993896484375 160.65625 163.4499969482421875 167.600006103515625 168.306243896484375 166.4875030517578125 166.0500030517578125 163.0437469482421875 158.8562469482421875 155.537506103515625 154.34375 147.4375 142.431243896484375 132.90625 127.06874847412109375 118.34375 113.90625 110.4499969482421875 108.28125 102.6437530517578125 100.97499847412109375 97.84375
111.83750152587890625 101.91249847412109375 97.6875 93.49375152587890625 90.99375152587890625 93.74375152587890625 102.2062530517578125 111.0187530517578125 118.4812469482421875 125.90000152587890625 132.037506103515625 132.3000030517578125 137.4250030517578125 138.537506103515625 138.0437469482421875 139.4499969482421875 139.524993896484375 135.7687530517578125 134 142.59375 145.8312530517578125 147.65625 150.5625 156.6062469482421875 160.1750030517578125 164.212493896484375 166.100006103515625 160.8937530517578125 155.875 156.006256103515625 151.6374969482421875 145.662506103515625 139.15625 136.5500030517578125 131.4187469482421875 124.03749847412109375 115.41249847412109375 109.78749847412109375 107.5437469482421875 106.3000030517578125 100.33750152587890625 96.50624847412109375 94.63124847412109375
113.4812469482421875 103.0749969482421875 100.6999969482421875 99.11875152587890625 98.7062530517578125 105.05625152587890625 107.2375030517578125 106.1437530517578125 110.49375152587890625 117.5749969482421875 124.0187530517578125 127.7624969482421875 131.6500091552734375 132.0749969482421875 133.193756103515625 133.631256103515625 132.0500030517578125 129.2687530517578125 128.162506103515625 129.75 137.8000030517578125 142.993743896484375 145.1999969482421875 150.8249969482421875 157.21875 157.2062530517578125 158.368743896484375 152.225006103515625 151.4499969482421875 147.524993896484375 147.65625 142.118743896484375 137.131256103515625 131.3249969482421875 124.84999847412109375 116.3874969482421875 109.22499847412109375 104.47499847412109375 100.0124969482421875 96.1999969482421875 92.03125 90.21875 88.06874847412109375
114.8625030517578125 106.1062469482421875 103.46250152587890625 103.93125152587890625 105.1750030517578125 109.0187530517578125 112.09375 114.06874847412109375 114.6875 114.625 118.09375 119.3562469482421875 126.8874969482421875 127.03125 127.34375 126.96875 127.40000152587890625 128.5187530517578125 132.149993896484375 128.5749969482421875 130.9812469482421875 139.868743896484375 142.850006103515625 150.568756103515625 155.7937469482421875 152.212493896484375 149.3312530517578125 150.975006103515625 150.9187469482421875 145.96875 146.8625030517578125 138.09375 127.8562469482421875 120.5500030517578125 115.9250030517578125 113.1999969482421875 109.1999969482421875 105.81874847412109375 99.4812469482421875 93.43125152587890625 88.43125152587890625 85.72499847412109375 84.08124542236328125
114.5 108 107.21875 108.25 109.8312530517578125 115.1125030517578125 117.75624847412109375 119.6687469482421875 121.46250152587890625 123.5812530517578125 122.53749847412109375 118.6125030517578125 122.84999847412109375 124.1687469482421875 124.5437469482421875 125.1062469482421875 123.05625152587890625 128 132.6125030517578125 133.65625 135.3874969482421875 136.0124969482421875 136.4499969482421875 144.006256103515625 147.7312469482421875 150.162506103515625 147.100006103515625 147.056243896484375 144.6374969482421875 140.975006103515625 139.475006103515625 131.1875 124.2687530517578125 116.86875152587890625 110.83750152587890625 109.31874847412109375 106.8000030517578125 104.125 98.3937530517578125 94.79999542236328125 91.3249969482421875 86.90000152587890625 81.5749969482421875
116.36875152587890625 111.34375 110.55625152587890625 112.8125 114.3625030517578125 119.5437469482421875 122.7312469482421875 121.65625 120.6437530517578125 122.4250030517578125 124.1125030517578125 122.1125030517578125 118.30625152587890625 120.5187530517578125 118.28749847412109375 117.93125152587890625 119.3874969482421875 124.6687469482421875 129.5374908447265625 136.774993896484375 142.943756103515625 141.8874969482421875 136.8249969482421875 132.943756103515625 143.056243896484375 153.6437530517578125 151.3562469482421875 147.756256103515625 140.006256103515625 136.256256103515625 132.8874969482421875 128.693756103515625 123.1062469482421875 114.9375 110.61875152587890625 107.7312469482421875 105.5 100.40625 99.52500152587890625 94.71250152587890625 88.91249847412109375 83.7375030517578125 80.49375152587890625
118.0812530517578125 112.7687530517578125 112.71875 115.59375 118.1374969482421875 123.18125152587890625 127.1125030517578125 126.03125 122.78125 120.3874969482421875 120.2687530517578125 120.91249847412109375 114.6999969482421875 113.77500152587890625 116.0812530517578125 113.88124847412109375 115.3874969482421875 120.68125152587890625 126.40000152587890625 135.837493896484375 146.8249969482421875 148.368743896484375 148.1125030517578125 141.225006103515625 142.2687530517578125 140.506256103515625 139.0437469482421875 139.09375 134.8000030517578125 130.3625030517578125 123.8625030517578125 120.09375 116.6875 111.8125 109.3874969482421875 108.25624847412109375 104.4875030517578125 102.7687530517578125 95.8562469482421875 91.3562469482421875 85.21875 81.9499969482421875 75.21250152587890625
116.01250457763671875 113.3562469482421875 114.8562469482421875 116.3249969482421875 117.7624969482421875 122.6437530517578125 124.71875 122.43125152587890625 119.5812530517578125 119.5812530517578125 120.1750030517578125 117.7687530517578125 115.96875 107.22499847412109375 105.96250152587890625 109.0812530517578125 110.875 117.28749847412109375 123.5812530517578125 130.600006103515625 138.8937530517578125 141.4499969482421875 144.5812530517578125 140.506256103515625 134.056243896484375 132.2375030517578125 132.2687530517578125 133.0187530517578125 129.9812469482421875 124.52500152587890625 118.1062469482421875 111.29375457763671875 110.50624847412109375 107.3000030517578125 104.9499969482421875 104.8874969482421875 105.25624847412109375 105.96875 103.2062530517578125 93.9499969482421875 84.1437530517578125 78.65625 69.4875030517578125
114.94374847412109375 112.68125152587890625 114.55625152587890625 115.52500152587890625 116.19374847412109375 118.8312530517578125 119.8874969482421875 118.3249969482421875 118.9875030517578125 116.8937530517578125 116.49375152587890625 114.68125152587890625 109.9499969482421875 104.03749847412109375 96.55625152587890625 101.71875 102.84999847412109375 110.02500152587890625 114.9375 122.4375 128.962493896484375 134.256256103515625 138.09375 136.662506103515625 130.96875 127.40625 125.08750152587890625 121.97499847412109375 118.96250152587890625 114.6125030517578125 113.4812469482421875 108.96875 104.7624969482421875 101.9562530517578125 100.61875152587890625 104.49375152587890625 109.31874847412109375 113.6999969482421875 112.71875 101.97499847412109375 83.7375030517578125 73.2062530517578125 70.25
115.69374847412109375 112.2624969482421875 112.84375 114.36875152587890625 113.6750030517578125 114.75624847412109375 117.90000152587890625 116.0812530517578125 114.86875152587890625 112.5437469482421875 111.3625030517578125 108.2062530517578125 105.1999969482421875 101.36875152587890625 90.96875 92.63124847412109375 94.71875 100.75624847412109375 106.1999969482421875 114.1374969482421875 122.58750152587890625 127.3874969482421875 131.5124969482421875 133.8000030517578125 132.5500030517578125 130.524993896484375 127.2937469482421875 121.91249847412109375 119.52500152587890625 116.44374847412109375 109.8000030517578125 106.7062530517578125 106.8625030517578125 102.30625152587890625 96.1687469482421875 98.8312530517578125 109.8000030517578125 120.69374847412109375 121.11875152587890625 109.1062469482421875 95.3625030517578125 85.9562530517578125 86.65625
113.54999542236328125 110.74375152587890625 111.72499847412109375 111.66249847412109375 111.54999542236328125 114.3625030517578125 113.44374847412109375 111.75624847412109375 110.63124847412109375 109.9562530517578125 107.08750152587890625 104.4375 101.91249847412109375 98.2624969482421875 90.61875152587890625 80.50624847412109375 84.77500152587890625 92.2062530517578125 96.91249847412109375 105.0625 112.1374969482421875 119.75624847412109375 126.15625 134.6062469482421875 135.71875 132.96875 126.76250457763671875 118.59375 116.58750152587890625 114.28749847412109375 114.7375030517578125 107.2375030517578125 101.65000152587890625 96.0749969482421875 91.72499847412109375 103.2312469482421875 112.49375152587890625 122.06874847412109375 126.2062530517578125 123.1062469482421875 114.11875152587890625 104.09375 96.21250152587890625
111.3562469482421875 109.0812530517578125 110.5437469482421875 111.47499847412109375 112 111.34375 111.7312469482421875 110.0625 108.6999969482421875 107.5625 105.03125 101.20000457763671875 97.3562469482421875 95.3874969482421875 94.09999847412109375 87.63124847412109375 80.6437530517578125 83.25624847412109375 92.34999847412109375 99.4499969482421875 105.5749969482421875 113.6062469482421875 123.91249847412109375 135.4187469482421875 140.90625 129.431243896484375 118.50624847412109375 111.5187530517578125 112.19374847412109375 113.53125 114.7624969482421875 114.30625152587890625 107.95624542236328125 103.0812530517578125 109.0500030517578125 115.0625 127.22499847412109375 142.28125 149.9499969482421875 135.3562469482421875 122.65000152587890625 109.19374847412109375 95.83750152587890625
109.25 108.75624847412109375 109.0124969482421875 110.9562530517578125 111.18125152587890625 109.0437469482421875 108.15625 107.3125 105.8000030517578125 101.71250152587890625 99.43125152587890625 98.6125030517578125 95.61875152587890625 93.86875152587890625 94.78125 93 87.3625030517578125 79.24375152587890625 89.52500152587890625 95.34999847412109375 100.72499847412109375 107.43125152587890625 120.83750152587890625 130.4875030517578125 134.0124969482421875 122.5625 111.375 107.30625152587890625 109.3249969482421875 108.41249847412109375 104.3562469482421875 102.99375152587890625 115.75 118.97499847412109375 116.25624847412109375 127.68125152587890625 143.21875 151.7375030517578125 152.625 140.3249969482421875 120.28749847412109375 106.8000030517578125 94.0812530517578125
107.1750030517578125 106.86875152587890625 106.05625152587890625 106.9812469482421875 108.53125 107.4187469482421875 104.8562469482421875 104.6750030517578125 103.90000152587890625 100.25624847412109375 97.7062530517578125 94.6999969482421875 93.21875 93.52500152587890625 91.5124969482421875 92.49375152587890625 90.83750152587890625 85.7687530517578125 83.34375 87 96.18125152587890625 109.9375 103.75624847412109375 114.34999847412109375 118.81874847412109375 117.34999847412109375 110.8249969482421875 105.08750152587890625 107.56874847412109375 108.3562469482421875 106.88124847412109375 108.0187530517578125 116.9375 117.5749969482421875 118.9375 128.0187530517578125 135.087493896484375 139.5500030517578125 140.7062530517578125 127.08750152587890625 113.99375152587890625 100.09375 90.1999969482421875
