data/historical-monthly-weather-data/wc2.1_cruts4.09_10m_prec_2012-02.asc
ncols        51
nrows        45
xllcorner    -63.500000000000
yllcorner    -7.500000000000
cellsize     0.166666666667
NODATA_value -9999
[rows 0 to 19 of 45, columns 0 to 44 of 51]
277.962493896484375 275.64373779296875 266.725006103515625 261.92498779296875 253.4875030517578125 248.212493896484375 240.3000030517578125 228.6687469482421875 216.337493896484375 208.0500030517578125 204.6750030517578125 199.056243896484375 192.21875 179.1374969482421875 168.4375 158.274993896484375 149.556243896484375 139.2062530517578125 133.0749969482421875 127.9875030517578125 125.9875030517578125 124.4562530517578125 124.52500152587890625 126.05625152587890625 128.493743896484375 131.850006103515625 138.100006103515625 145.2375030517578125 153.2687530517578125 161.6437530517578125 171.2062530517578125 181.693756103515625 191.6999969482421875 202.625 214.475006103515625 224.1125030517578125 231.556243896484375 238.087493896484375 242.9250030517578125 245.3000030517578125 248.806243896484375 250.225006103515625 249.3937530517578125 251.837493896484375 250.40625
291.181243896484375 290.23748779296875 286.63751220703125 281.46875 277.29998779296875 276 270.131256103515625 264.993743896484375 257.806243896484375 249.4562530517578125 242.1437530517578125 231.34375 219.681243896484375 205.90625 192.0749969482421875 178.537506103515625 166.8125 156.243743896484375 148.375 141.524993896484375 139 138.0812530517578125 138.212493896484375 139.618743896484375 141.306243896484375 144.65625 150.337493896484375 157.5812530517578125 165.181243896484375 174.2687530517578125 183.568756103515625 195.649993896484375 206.899993896484375 219.65625 231.712493896484375 241.8312530517578125 250.243743896484375 256.95001220703125 261.54998779296875 263.79998779296875 266.743743896484375 267.21875 265.29998779296875 266.193756103515625 264.193756103515625
300.024993896484375 300.318756103515625 297.975006103515625 295.65625 294.98748779296875 295.600006103515625 296.40625 298.443756103515625 296.54998779296875 289.225006103515625 278.78125 264.29376220703125 248.712493896484375 231.59375 214.2937469482421875 197.9250030517578125 183.350006103515625 172.84375 164.125 156.9875030517578125 154.4187469482421875 154.4812469482421875 153.875 154.618743896484375 156.975006103515625 158.8249969482421875 164.1062469482421875 171.162506103515625 177.381256103515625 185.787506103515625 196.3312530517578125 208.056243896484375 220.6062469482421875 232.6999969482421875 246.4812469482421875 255.9812469482421875 265.774993896484375 274.931243896484375 278.70623779296875 281.212493896484375 283.67498779296875 282.556243896484375 279.71875 277.193756103515625 276.100006103515625
304.41876220703125 306.14373779296875 307.95623779296875 308.70623779296875 314.6875 316.79998779296875 322.92498779296875 331.65625 335.837493896484375 332.33123779296875 319.33123779296875 298.73126220703125 276.73126220703125 255.6125030517578125 236.03125 217.256256103515625 200.7687530517578125 188.149993896484375 179.78125 174.649993896484375 172.96875 172.162506103515625 170.556243896484375 170.868743896484375 171.90625 173.118743896484375 178.625 184.6062469482421875 189.9875030517578125 198.943756103515625 208.6437530517578125 221.693756103515625 233.6999969482421875 246.9187469482421875 260.131256103515625 271.82501220703125 282.70623779296875 292.318756103515625 297.76873779296875 300.9375 301.45623779296875 298.818756103515625 294.625 289.78125 288.08123779296875
315.625 314.318756103515625 314.193756103515625 319.03125 328.75 336.04376220703125 344.662506103515625 360.39373779296875 374.29998779296875 378.01251220703125 356.681243896484375 327.649993896484375 303.38751220703125 280.38751220703125 257.131256103515625 236.412506103515625 218.5500030517578125 204.3874969482421875 197.0625 192.993743896484375 191.931243896484375 189.5749969482421875 187.9375 187.7624969482421875 187.4562530517578125 188.09375 191.2937469482421875 195.868743896484375 202.8499908447265625 212.274993896484375 222.53125 233.962493896484375 247.6999969482421875 261.76251220703125 275.287506103515625 288 301.01251220703125 312.381256103515625 318.399993896484375 320.287506103515625 321.21875 315.60626220703125 308.4375 302.04376220703125 297.881256103515625
323.96875 325.475006103515625 324.118743896484375 326.943756103515625 336.118743896484375 346.32501220703125 358.03125 374.037506103515625 390.98126220703125 400.57501220703125 374.287506103515625 343.6875 319.60626220703125 297.61248779296875 275.4375 256.38751220703125 237.568756103515625 224.0437469482421875 217.912506103515625 214.462493896484375 211.225006103515625 207.912506103515625 205.087493896484375 203.162506103515625 201.0749969482421875 201.318756103515625 204.6687469482421875 208.568756103515625 214.381256103515625 223.71875 234.1687469482421875 245.725006103515625 258.17498779296875 274.375 289.09375 302.087493896484375 315.975006103515625 328.11248779296875 336 338.381256103515625 336.78125 329.631256103515625 321.368743896484375 313.600006103515625 305.79376220703125
333.25 335.568756103515625 335.631256103515625 336 343.318756103515625 350.90625 360.91876220703125 371.07501220703125 381.243743896484375 381.04376220703125 368.756256103515625 348.65625 328.91876220703125 310.318756103515625 292.131256103515625 275.412506103515625 260.51251220703125 251.056243896484375 244.818756103515625 238.212493896484375 231.0374908447265625 225.9812469482421875 220.318756103515625 216.806243896484375 215.818756103515625 214.431243896484375 217.5437469482421875 221.993743896484375 225.78125 234.3312530517578125 245.96875 257.649993896484375 271.087493896484375 284.23126220703125 298.837493896484375 314.256256103515625 328.212493896484375 341.90625 352.681243896484375 355.381256103515625 351.14373779296875 343.381256103515625 334.85626220703125 325.837493896484375 316.13751220703125
341.412506103515625 342.35626220703125 342.399993896484375 346.11248779296875 352.506256103515625 355.725006103515625 358.649993896484375 360.212493896484375 359.38751220703125 358.0625 357.10626220703125 349.01873779296875 336.48748779296875 320.725006103515625 306.17498779296875 293.32501220703125 281.71875 276.34375 272.20623779296875 261.33123779296875 249.8874969482421875 241.96875 234.600006103515625 230.8625030517578125 229.125 227.087493896484375 229.993743896484375 233.4375 237.993743896484375 246.2624969482421875 256.13751220703125 268.537506103515625 281.625 295.38751220703125 309.23748779296875 323.556243896484375 337.975006103515625 351.57501220703125 361.493743896484375 365.756256103515625 364.212493896484375 357.631256103515625 349.350006103515625 338.975006103515625 330.806243896484375
350.70623779296875 352.08123779296875 351.75 355.23748779296875 359.5 358.524993896484375 358.912506103515625 355.962493896484375 348.57501220703125 346.03125 349.79998779296875 348.649993896484375 340.712493896484375 328.618743896484375 316.54998779296875 307.21875 297.693756103515625 291.14373779296875 286.537506103515625 273.82501220703125 259.881256103515625 250.8874969482421875 243.5187530517578125 242.2062530517578125 240.625 238.506256103515625 240.537506103515625 243.8625030517578125 248.881256103515625 256.412506103515625 266.1875 277.98748779296875 290.193756103515625 302.631256103515625 315.6875 330.462493896484375 344.881256103515625 358.38751220703125 369.681243896484375 375.712493896484375 376.024993896484375 371.537506103515625 365.931243896484375 357.98748779296875 352.162506103515625
359.51873779296875 361.268768310546875 361.48748779296875 363.0625 365.08123779296875 362.600006103515625 362.587493896484375 359.399993896484375 355.90625 353.9375 356.15625 352.337493896484375 346.91876220703125 335.556243896484375 326.70623779296875 317.837493896484375 308.912506103515625 300.212493896484375 289.90625 277.899993896484375 265.625 257.45623779296875 251.6999969482421875 252.993743896484375 251.9250030517578125 249.5749969482421875 252.1062469482421875 254.493743896484375 260.087493896484375 267.212493896484375 274.899993896484375 285.15625 297.006256103515625 310.08123779296875 323.256256103515625 337.318756103515625 351.524993896484375 363.787506103515625 375.46875 384.306243896484375 388.73748779296875 387.28125 382.76251220703125 375.29376220703125 372.631256103515625
366.375 368.14373779296875 368.04998779296875 368.693756103515625 369.09375 366.51251220703125 365.899993896484375 365.462493896484375 364.318756103515625 363.875 365.89373779296875 362.462493896484375 355.068756103515625 343.837493896484375 335.868743896484375 327.774993896484375 318.162506103515625 305.743743896484375 292.412506103515625 280.212493896484375 268.037506103515625 260.67498779296875 258.21875 259.14373779296875 262.32501220703125 260.11248779296875 261.70001220703125 265.14373779296875 269.42498779296875 275.23748779296875 282.86248779296875 291.90625 302.649993896484375 315.20001220703125 329.431243896484375 343.86248779296875 356.149993896484375 369.48126220703125 381.712493896484375 390.943756103515625 397.60626220703125 397.850006103515625 395.931243896484375 391.01251220703125 388.76251220703125
372.162506103515625 373.662506103515625 372.506256103515625 373.287506103515625 374.21875 371.875 371.42498779296875 373.70001220703125 373.100006103515625 373.34375 376.149993896484375 375.51251220703125 367.4375 355.92498779296875 347.46875 337.0625 326.08123779296875 310.662506103515625 294.506256103515625 279.962493896484375 266.899993896484375 260.78125 261.92498779296875 267.875 271.412506103515625 268.118743896484375 268.818756103515625 271.899993896484375 276.443756103515625 282.725006103515625 289.54376220703125 296.856231689453125 307.23748779296875 318.818756103515625 332.131256103515625 346.70001220703125 361.118743896484375 374.95623779296875 387.89373779296875 398.4375 406.962493896484375 407.537506103515625 403.41876220703125 396.07501220703125 391.524993896484375
373.21875 375.743743896484375 375.699981689453125 376.20623779296875 378.681243896484375 377.61248779296875 378.625 380.412506103515625 379.79376220703125 381.82501220703125 384.381256103515625 385.875 379.54998779296875 367.01873779296875 356.875 344.375 331.899993896484375 316.087493896484375 299.92498779296875 283.399993896484375 266.79376220703125 261.524993896484375 264.35626220703125 270.618743896484375 272.45001220703125 270.4375 273.65625 277.600006103515625 282.087493896484375 288.04376220703125 294.39373779296875 300.95001220703125 309.256256103515625 320.5 333.48126220703125 347.34375 361.631256103515625 377.818756103515625 392.381256103515625 404.4375 415.70001220703125 415.3125 406.54998779296875 396.131256103515625 387.86248779296875
372.493743896484375 375.556243896484375 376.13751220703125 377.51873779296875 381.13751220703125 380.787506103515625 383.506256103515625 385.962493896484375 386.125 386.9375 387.90625 388.63751220703125 384.46875 376.29998779296875 363.399993896484375 351.01251220703125 336.8125 321.79376220703125 305.662506103515625 291.08123779296875 277.8125 270.70001220703125 269.10626220703125 271.6875 272.9375 272.412506103515625 277.09375 281.631256103515625 286.96875 291.23126220703125 296.899993896484375 302.16876220703125 309.45001220703125 320.100006103515625 332.024993896484375 346.431243896484375 362.91876220703125 380.524993896484375 397.818756103515625 411.087493896484375 419.73748779296875 413.71875 406.35626220703125 398.66876220703125 391.20001220703125
373.131256103515625 375.493743896484375 376.837493896484375 380.337493896484375 382.962493896484375 384.306243896484375 388.40625 390.63751220703125 391.65625 392.162506103515625 391.29998779296875 392.54998779296875 389.40625 382.32501220703125 369.818756103515625 356.037506103515625 342.431243896484375 327.5625 313.100006103515625 300.90625 289.32501220703125 280.33123779296875 275.89373779296875 276.618743896484375 276.73748779296875 277.71875 282.462493896484375 286.462493896484375 291.11248779296875 295.16876220703125 298.26251220703125 301.23126220703125 307.868743896484375 316.33123779296875 327.568756103515625 341.600006103515625 360.79998779296875 382.01873779296875 401.412506103515625 414.600006103515625 418.256256103515625 414.787506103515625 409.850006103515625 401.67498779296875 392.756256103515625
371.82501220703125 373.82501220703125 375.962493896484375 380.01251220703125 384.21875 386.412506103515625 390.66876220703125 392.493743896484375 394.649993896484375 396.868743896484375 396.6875 398.625 396.70001220703125 389.45623779296875 376.3125 359.61248779296875 347.443756103515625 335 322.5 311.64373779296875 299.40625 289.287506103515625 282.837493896484375 283.42498779296875 282.20623779296875 281.868743896484375 285.51251220703125 290.225006103515625 295.59375 299.037506103515625 301.493743896484375 301.46875 303.431243896484375 308.76873779296875 316.693756103515625 332.006256103515625 353.76873779296875 379.462493896484375 404.162506103515625 418.91876220703125 422.381256103515625 416.743743896484375 409.83123779296875 401.068756103515625 390.024993896484375
366.993743896484375 370.762481689453125 373.28125 377.975006103515625 383.475006103515625 386.506256103515625 390.98126220703125 394.16876220703125 397.193756103515625 400.60626220703125 402.899993896484375 406.58123779296875 406.5 400.4375 385.89373779296875 368.11248779296875 352.71875 339.76251220703125 328.125 318.693756103515625 307.875 297.60626220703125 289.475006103515625 289.28125 288.54376220703125 285.70623779296875 287.46875 293.03125 299.556243896484375 304.056243896484375 305.03125 302.64373779296875 300.243743896484375 298.23126220703125 303.57501220703125 318.57501220703125 341.550018310546875 374.537506103515625 409.57501220703125 420.225006103515625 419.431243896484375 412.95001220703125 403.79998779296875 394.54998779296875 385.15625
359.64373779296875 364.868743896484375 369.98748779296875 376.61248779296875 382.89373779296875 386.868743896484375 392.21875 396.350006103515625 399.76251220703125 403.07501220703125 407.09375 414.21875 417.881256103515625 412.556243896484375 397.73748779296875 379.28125 358.64373779296875 339.95001220703125 329.85626220703125 320.20001220703125 312.943756103515625 303.34375 293.78125 291.63751220703125 290.53125 288.418731689453125 289.006256103515625 295.63751220703125 303.537506103515625 308.70001220703125 308.125 298.625 292.412506103515625 287.08123779296875 287.625 298.337493896484375 326.29998779296875 359.6875 391.850006103515625 406.01873779296875 406.16876220703125 400.76873779296875 394.118743896484375 387.58123779296875 379.48748779296875
350.98126220703125 358.07501220703125 364.45001220703125 371.118743896484375 378.98126220703125 385.70623779296875 391.01873779296875 397.100006103515625 401.98126220703125 405.118743896484375 410.61248779296875 419.04376220703125 426.26873779296875 426.837493896484375 409.29998779296875 385.381256103515625 361.787506103515625 339.318756103515625 325.787506103515625 317.28125 313.16876220703125 306.10626220703125 293.649993896484375 291.3125 290.725006103515625 290.79998779296875 293.5 299.79998779296875 308.45001220703125 314.90625 314.51873779296875 301.375 288.79376220703125 275.568756103515625 269.431243896484375 281.20623779296875 309.01251220703125 340.21875 368.462493896484375 383.64373779296875 388.756256103515625 385.0625 382.20001220703125 379.15625 372.524993896484375
342.475006103515625 349.306243896484375 356.54376220703125 364.193756103515625 374.10626220703125 382.46875 390.100006103515625 395.64373779296875 400.725006103515625 404.42498779296875 409.15625 418.95001220703125 430.943756103515625 439.149993896484375 417.131256103515625 384.337493896484375 355.875 335.056243896484375 320.756256103515625 311.79376220703125 305.149993896484375 297.399993896484375 291.29998779296875 289.6875 289.86248779296875 290.95001220703125 295.91876220703125 303.78125 310.41876220703125 315.243743896484375 312.23748779296875 301.88751220703125 284.45623779296875 264.61248779296875 251.162506103515625 265.787506103515625 297.537506103515625 328.625 352.92498779296875 367.98126220703125 372.73748779296875 370.0625 372.33123779296875 372.943756103515625 368.01873779296875
