data/historical-monthly-weather-data/wc2.1_cruts4.09_10m_prec_1987-09.asc
ncols        51
nrows        45
xllcorner    -63.500000000000
yllcorner    -7.500000000000
cellsize     0.166666666667
NODATA_value -9999
[rows 0 to 18 of 45, columns 0 to 42 of 51]
145.243743896484375 142.475006103515625 142.34375 145 145.7624969482421875 146.0812530517578125 142.8312530517578125 138.131256103515625 135.59375 133.6437530517578125 133.5 134.587493896484375 135.65625 135 134.9499969482421875 133.9499969482421875 134.212493896484375 131.71875 130.2937469482421875 127.7937469482421875 125.8000030517578125 121.81874847412109375 118.8562469482421875 115.5437469482421875 111.7312469482421875 109.7375030517578125 108.5 107.18125152587890625 104.59375 103.0812530517578125 100.80625152587890625 99.69374847412109375 100.40000152587890625 99.375 99.0500030517578125 98.0187530517578125 97.9250030517578125 97.53125 95.81874847412109375 94.2624969482421875 93.00624847412109375 92.05625152587890625 90.1750030517578125
138.4562530517578125 135.0437469482421875 137.1687469482421875 141.9562530517578125 147.4187469482421875 144.662506103515625 139.9875030517578125 138.068756103515625 135.868743896484375 133.7937469482421875 133.2624969482421875 133.475006103515625 133.90625 132.306243896484375 131.899993896484375 131.8937530517578125 130.899993896484375 129.3000030517578125 127.6999969482421875 125.8312530517578125 122.9499969482421875 120.78125 117.65625 115.09375 110.58750152587890625 108.15000152587890625 107.55625152587890625 106.65000152587890625 103.49375152587890625 102.18125152587890625 100.74375152587890625 100.75 100.55625152587890625 100.94374847412109375 100.86875152587890625 99.5124969482421875 98.94374847412109375 98.53749847412109375 96.49375152587890625 94.75624847412109375 93.56874847412109375 92.6875 91.5625
129.59375 128.256256103515625 130.568756103515625 135.71875 140.3937530517578125 140.274993896484375 137.399993896484375 135.40625 134.337493896484375 133 132.475006103515625 132.225006103515625 132.25 130.2624969482421875 128.9499969482421875 129.1750030517578125 127.84375 126.30625152587890625 124.58750152587890625 122.9375 120.2687530517578125 117.625 115.30625152587890625 113.0437469482421875 109.0749969482421875 105.96250152587890625 106.6750030517578125 105.0749969482421875 102.375 100.80625152587890625 99 98.81874847412109375 99.8562469482421875 100.1062469482421875 100.1062469482421875 98.30625152587890625 97.53749847412109375 97.34375 96.05625152587890625 95.07500457763671875 94.4499969482421875 93.1999969482421875 92.65000152587890625
118.6999969482421875 118.3125 124.2624969482421875 127.55625152587890625 131.0625 132.1062469482421875 132.0812530517578125 133.2687530517578125 133.556243896484375 133.306243896484375 132.1875 131.4812469482421875 129.3562469482421875 127.9375 126.58750152587890625 126.1062469482421875 125.2937469482421875 123.71875 123.0749969482421875 122.03749847412109375 119.36249542236328125 115.4375 112.09999847412109375 109.96875 105.94374847412109375 103.4499969482421875 103.2375030517578125 100.56874847412109375 98.83750152587890625 98.0625 97.2375030517578125 96.1999969482421875 96.3000030517578125 96.49375152587890625 95.93125152587890625 96.28749847412109375 96.4375 96.1374969482421875 95.7937469482421875 94.68125152587890625 93.78125 92.6687469482421875 92.0437469482421875
120.21250152587890625 116.46875 115.5187530517578125 117.99375152587890625 123.28749847412109375 125.86875152587890625 126.94374847412109375 129.40625 131.6999969482421875 132.0812530517578125 131.15625 128.693756103515625 127.25 126.94374847412109375 125.66249847412109375 124.6687469482421875 123.28125 121.44374847412109375 120.4375 118.58750152587890625 117.08750152587890625 111.86875152587890625 109.09375 106.9499969482421875 103.22499847412109375 100.69374847412109375 98.74375152587890625 97.27500152587890625 95.5124969482421875 94.19374847412109375 93.8312530517578125 92.3125 91.84375 92.46875 92.90000152587890625 92.6999969482421875 92.8625030517578125 93.65625 94.1062469482421875 93.69374847412109375 93.06874847412109375 91.75624847412109375 90.6062469482421875
121.4187469482421875 117.02500152587890625 113.9187469482421875 110.4812469482421875 115.6750030517578125 122.47499847412109375 125.56874847412109375 127.3125 129.506256103515625 131.3000030517578125 130.100006103515625 127.56874847412109375 126.4562530517578125 126.43125152587890625 124.6125030517578125 124.25624847412109375 122.91249847412109375 120.3249969482421875 118.74375152587890625 117.33750152587890625 114.0812530517578125 109.7937469482421875 106.50624847412109375 103.36875152587890625 100.63124847412109375 97.59999847412109375 95.46250152587890625 94.36875152587890625 92.2937469482421875 90.53749847412109375 89.8312530517578125 90.5812530517578125 89.97499847412109375 89.94374847412109375 89.69374847412109375 90.625 91.00624847412109375 92.71875 94.1374969482421875 93.90625 91.0500030517578125 89.84375 88.94374847412109375
124.4250030517578125 120.3249969482421875 116.80625152587890625 113.13124847412109375 114.1437530517578125 116.97499847412109375 121.2937469482421875 124.6374969482421875 125.78749847412109375 126.1437530517578125 126.53749847412109375 125.5749969482421875 125.47499847412109375 125.21250152587890625 124.0625 123.6999969482421875 122.75 121 118.4562530517578125 115.6374969482421875 111.5625 107.38124847412109375 102.84375 99.56874847412109375 97.4375 95.0124969482421875 93.0187530517578125 91.6687469482421875 89.00624847412109375 86.86875152587890625 86.36875152587890625 86.02500152587890625 85.9812469482421875 86.4499969482421875 86.5812530517578125 86.53749847412109375 87.30625152587890625 90.2687530517578125 93.59375 91.7062530517578125 88.61875152587890625 86.6374969482421875 85.90000152587890625
127.95624542236328125 123.65625 120.1750030517578125 118.68125152587890625 119.38124847412109375 122.28749847412109375 122.71250152587890625 120.4375 118.9187469482421875 120.05625152587890625 122.65625 123.25 123.9499969482421875 123.80625152587890625 123.91249847412109375 122.43125152587890625 121.5124969482421875 120.3312530517578125 117.94374847412109375 112.96250152587890625 109.25624847412109375 104.65000152587890625 100.1374969482421875 96.3312530517578125 93.80625152587890625 91.50624847412109375 89.09375 87.00624847412109375 85.1437530517578125 83.1125030517578125 82.47499847412109375 81.8874969482421875 81.65625 82.3874969482421875 81.6875 81.4499969482421875 81.9875030517578125 83.81874847412109375 85.09375 84.09999847412109375 81.5 79.6999969482421875 79.3249969482421875
132.181243896484375 128.681243896484375 126.25624847412109375 124.7062530517578125 124.96875 126.3312530517578125 126.5124969482421875 124.1437530517578125 120.46875 118.125 120.4250030517578125 121.34375 123.5749969482421875 123.2375030517578125 122.7937469482421875 121.2375030517578125 119.9187469482421875 118.6062469482421875 116.9875030517578125 111.8874969482421875 106.80625152587890625 102.9375 96.99375152587890625 94.40000152587890625 91.0124969482421875 87.78125 85.52500152587890625 84.1687469482421875 83.18125152587890625 81.0812530517578125 81.00624847412109375 78.6125030517578125 76.7624969482421875 75.46875 74.77500152587890625 75.4875030517578125 76.16249847412109375 76.6062469482421875 76.3625030517578125 75.25624847412109375 73.0500030517578125 71.28749847412109375 71.0124969482421875
134.993743896484375 132.193756103515625 130.4375 129.118743896484375 130.1062469482421875 131.40625 131.2937469482421875 128.3625030517578125 125.38124847412109375 123.5500030517578125 123.1999969482421875 122.24375152587890625 123.27500152587890625 123.78125 121.65625 120.2687530517578125 117.4499969482421875 115.78749847412109375 114.08750152587890625 110.81874847412109375 106.05625152587890625 100.55625152587890625 94.2624969482421875 90.8000030517578125 86.49375152587890625 83.3874969482421875 81.66249847412109375 80.5124969482421875 79.77500152587890625 78.6875 76.8874969482421875 74.1687469482421875 71.75624847412109375 70.65625 69.6687469482421875 69.52500152587890625 69.8937530517578125 69.6062469482421875 68.13124847412109375 66.72499847412109375 64.6687469482421875 63.450000762939453125 61.41249847412109375
139.6999969482421875 136.975006103515625 135.431243896484375 134.056243896484375 134.537506103515625 136.84375 136.8125 132.03125 128.162506103515625 126.3562469482421875 126.03749847412109375 125.46250152587890625 124.1374969482421875 122.77500152587890625 119.5 116.84375 113.11875152587890625 111.44374847412109375 109.86875152587890625 107.875 105.375 100.0749969482421875 93.1750030517578125 85.68125152587890625 82.40625 81.61875152587890625 80.25 78.1750030517578125 76.34375 74.93125152587890625 73.2375030517578125 70.4562530517578125 67.9375 65.93125152587890625 64.4562530517578125 63.637500762939453125 63.231250762939453125 62.362499237060546875 61.28749847412109375 58.93125152587890625 56.174999237060546875 54.53749847412109375 53.74375152587890625
142.3562469482421875 139.7062530517578125 138.381256103515625 138.1374969482421875 138.4875030517578125 140.25 140.9875030517578125 136.443756103515625 131.2937469482421875 128.024993896484375 127.34999847412109375 126.5812530517578125 122.6875 119.15000152587890625 117.09999847412109375 113.5749969482421875 110.2062530517578125 107.4250030517578125 105.9499969482421875 105.93125152587890625 105.33750152587890625 100.1999969482421875 92.66249847412109375 84.2312469482421875 79.90000152587890625 77.7937469482421875 76.0749969482421875 74.34999847412109375 72.11875152587890625 70.6999969482421875 68.69374847412109375 66.02500152587890625 63.450000762939453125 61.90000152587890625 61.0625 59.950000762939453125 58.924999237060546875 57.799999237060546875 54.981250762939453125 51.56874847412109375 48.362499237060546875 46.38124847412109375 45.643749237060546875
143.8562469482421875 141.2375030517578125 139.5749969482421875 138.2687530517578125 137.806243896484375 138.912506103515625 138.3249969482421875 134.5187530517578125 131.3000030517578125 128.712493896484375 126.75624847412109375 125.46250152587890625 121.7624969482421875 114.9187469482421875 111.0437469482421875 108.6687469482421875 105.40625 103.2062530517578125 102.09375 101.8249969482421875 102.09375 98.4187469482421875 91.21250152587890625 83.56874847412109375 76.75 73.6750030517578125 72.7687530517578125 71.5625 69.81874847412109375 67.6875 64.63124847412109375 61.65625 59.43125152587890625 57.143749237060546875 56.02500152587890625 55.637500762939453125 55.84999847412109375 55.28749847412109375 53.02500152587890625 47.625 42.50624847412109375 41.1875 39.80625152587890625
144.131256103515625 141.118743896484375 138.4187469482421875 136.6062469482421875 136.03125 135.3249969482421875 133.881256103515625 131.7937469482421875 129.0500030517578125 127.28749847412109375 124.3000030517578125 120.2312469482421875 116.15000152587890625 110.08750152587890625 104.09999847412109375 102.28749847412109375 99.4812469482421875 97.08750152587890625 95.3125 95.09999847412109375 95.1374969482421875 91.7937469482421875 87.00624847412109375 82.40000152587890625 76.84999847412109375 72.7312469482421875 71.0187530517578125 69.125 66.72499847412109375 64.4250030517578125 62.231250762939453125 58.668750762939453125 55.77500152587890625 53.3125 52.28749847412109375 53.19374847412109375 54.84999847412109375 56.47499847412109375 54.97499847412109375 50.418750762939453125 41.8125 37.03749847412109375 35.6875
142.8562469482421875 138.8625030517578125 135.743743896484375 133.78125 132.9812469482421875 130.131256103515625 129.493743896484375 127.1374969482421875 124.4499969482421875 123.43125152587890625 119.5812530517578125 114.90000152587890625 109.88124847412109375 103.96250152587890625 97.24375152587890625 93.80625152587890625 91.79375457763671875 90.46875 88.3125 88.15000152587890625 88.59999847412109375 87.19374847412109375 84.6437530517578125 82.53749847412109375 80.03125 76.59999847412109375 73.63124847412109375 69.8125 66.1062469482421875 63.53125 59.4375 55.700000762939453125 53.34999847412109375 50.674999237060546875 48.43125152587890625 50.850002288818359375 55.99375152587890625 62.03125 64.11875152587890625 59.418750762939453125 52.00624847412109375 45.15000152587890625 41.59375
140 135.5124969482421875 132.975006103515625 130.600006103515625 128.256256103515625 126.7687530517578125 125.09999847412109375 122.5124969482421875 120.63124847412109375 119.6125030517578125 115.56874847412109375 109.74375152587890625 103.94374847412109375 98.24375152587890625 91.93125152587890625 86.25624847412109375 84.0812530517578125 83.8937530517578125 82.1875 82.375 82.59999847412109375 83.28125 83.83750152587890625 84.4499969482421875 83.4187469482421875 79.68125152587890625 75.40000152587890625 71.34375 67.50624847412109375 63.68125152587890625 60.5625 55.768749237060546875 52.174999237060546875 49.88124847412109375 46.825000762939453125 51.69374847412109375 60.168750762939453125 67.5437469482421875 73.72499847412109375 72.09375 67.2624969482421875 57.012500762939453125 48.049999237060546875
135.274993896484375 131.4499969482421875 129.53125 127.3312530517578125 124.68125152587890625 123.36875152587890625 121.55625152587890625 119.5625 117.55625152587890625 115.46875 112.1125030517578125 105.84375 98.8562469482421875 92.6062469482421875 87.99375152587890625 83.1374969482421875 77.9562530517578125 77.1062469482421875 77.02500152587890625 77.02500152587890625 77.3249969482421875 79.0437469482421875 82.2937469482421875 86.09375 86.97499847412109375 81.91249847412109375 77.1750030517578125 72.96875 69.1437530517578125 65.61875152587890625 63.34375 60.856250762939453125 56.456249237060546875 53.25 54.28125 58.3125 65.61875152587890625 78.0500030517578125 90.75624847412109375 85.4562530517578125 76.02500152587890625 63.362499237060546875 51.268749237060546875
130.53125 127.21250152587890625 124.4187469482421875 122.4250030517578125 120.9812469482421875 119.875 117.68125152587890625 115.21875 113.84999847412109375 111.1374969482421875 107.6437530517578125 101.6125030517578125 94.74375152587890625 88.66249847412109375 84.0437469482421875 79.9875030517578125 75.38124847412109375 71.07500457763671875 72.06874847412109375 71.7375030517578125 72.7624969482421875 74.1062469482421875 78.0124969482421875 83.34375 85.96875 82.22499847412109375 78.83750152587890625 74.94374847412109375 70.58750152587890625 66.1062469482421875 63.09999847412109375 60.65625 62.706249237060546875 64.74375152587890625 63.46250152587890625 63.50624847412109375 72.7937469482421875 83.90625 90.09999847412109375 86.4250030517578125 74.4187469482421875 62.299999237060546875 51.94374847412109375
125.4875030517578125 121.81874847412109375 119.0500030517578125 117.84375 116.3000030517578125 115.53749847412109375 113.53749847412109375 112.28749847412109375 110.55625152587890625 107.91249847412109375 104.25 97.875 90.875 85.1750030517578125 80.20624542236328125 77.1687469482421875 73.59375 68.8125 67 66.69374847412109375 69.1875 74.43125152587890625 72.5749969482421875 77.46875 81.61875152587890625 82.78749847412109375 81.2375030517578125 77.28749847412109375 74.69374847412109375 69.27500152587890625 64.9499969482421875 66.9562530517578125 74.4812469482421875 77.0500030517578125 77.31874847412109375 77.5 80.7312469482421875 84.09375 84.84375 79.4499969482421875 69.6062469482421875 59.88124847412109375 52.00624847412109375
