data/historical-monthly-weather-data/wc2.1_cruts4.09_10m_prec_1957-04.asc
ncols        45
nrows        45
xllcorner    -63.500000000000
yllcorner    -7.500000000000
cellsize     0.166666666667
NODATA_value -9999
[rows 0 to 19 of 45, columns 0 to 44 of 45]
304.024993896484375 313.20001220703125 315.274993896484375 322.71875 324.493743896484375 320.23748779296875 314.38751220703125 303.368743896484375 295.125 291.53125 291.725006103515625 291.225006103515625 289.225006103515625 285.08123779296875 281.131256103515625 277.975006103515625 276.225006103515625 271.54998779296875 269.92498779296875 268.66876220703125 268.91876220703125 270.743743896484375 271.881256103515625 275.75 277.649993896484375 282.587493896484375 287.67498779296875 295.01873779296875 301.23126220703125 308.29998779296875 316.25 324.493743896484375 330.631256103515625 338.76251220703125 346.13751220703125 351.181243896484375 353.32501220703125 355.3125 358.274993896484375 358.82501220703125 359.225006103515625 359.256256103515625 355.850006103515625 354.73126220703125 352.63751220703125
313.34375 321.95623779296875 332 340.993743896484375 348.53125 342.61248779296875 334.33123779296875 328 321.28125 316.40625 314.84375 311.39373779296875 307.837493896484375 302.850006103515625 296.1875 292.71875 287.95623779296875 284.26873779296875 281.662506103515625 278.725006103515625 278.462493896484375 279.04376220703125 281.59375 284.26873779296875 288.25 292.712493896484375 297.92498779296875 305.85626220703125 310.95623779296875 317.875 327.28125 337.8125 344.756256103515625 354.23126220703125 360.78125 364.899993896484375 368.92498779296875 370.73748779296875 372.462493896484375 371.29998779296875 370.024993896484375 370.16876220703125 366.76251220703125 362.98126220703125 359.59375
315.04376220703125 326.21875 334.65625 345.787506103515625 354.868743896484375 352.45001220703125 348.54376220703125 345.912506103515625 344.475006103515625 340.09375 335.381256103515625 329.225006103515625 324.75 316.756256103515625 309.48126220703125 304.41876220703125 298.875 295.375 291.84375 289.899993896484375 290.73748779296875 292.4375 293.693756103515625 296.48126220703125 301.33123779296875 305.993743896484375 312.70623779296875 317.29998779296875 320.78125 328.89373779296875 337.962493896484375 347.29998779296875 357.181243896484375 366.024993896484375 371.274993896484375 374.15625 379.85626220703125 383.60626220703125 383.90625 382.912506103515625 381.41876220703125 379 375.3125 371.92498779296875 368.162506103515625
310.443756103515625 322.25 334.756256103515625 343.350006103515625 352.01873779296875 355.5625 357.181243896484375 359.368743896484375 362.943756103515625 362.787506103515625 356.725006103515625 347 337.79998779296875 329.86248779296875 321.34375 315.46875 310.25 306.48126220703125 303.08123779296875 301.712493896484375 304.10626220703125 306.056243896484375 306.21875 310.20623779296875 314.85626220703125 318.01251220703125 325.5 328.53125 331.725006103515625 341.61248779296875 350.64373779296875 359.8125 366.475006103515625 374.42498779296875 379.63751220703125 385.0625 389.837493896484375 393.51873779296875 396.04376220703125 393.26873779296875 391.475006103515625 390.087493896484375 383.60626220703125 378.037506103515625 375.506256103515625
320.556243896484375 326.92498779296875 330.056243896484375 338.256256103515625 349.868743896484375 356.006256103515625 359.57501220703125 366.90625 376.431243896484375 382.412506103515625 373.71875 357.850006103515625 348.006256103515625 340.3125 331.26873779296875 324.600006103515625 318.274993896484375 315.20623779296875 312.13751220703125 310.79376220703125 314.631256103515625 316.21875 317.256256103515625 323.09375 325.34375 328.60626220703125 333.79376220703125 340.381256103515625 345.84375 353.41876220703125 362.42498779296875 368.03125 373.850006103515625 381.993743896484375 388.274993896484375 393.39373779296875 396.899993896484375 401.15625 404.38751220703125 402.23126220703125 401.881256103515625 395.89373779296875 390.056243896484375 386.131256103515625 381.48126220703125
321.1875 328.64373779296875 332.07501220703125 332.875 343.037506103515625 351.48748779296875 356.274993896484375 364.67498779296875 375.006256103515625 384.774993896484375 373.51873779296875 359.287506103515625 351.13751220703125 344.618743896484375 335.66876220703125 330.100006103515625 322.45623779296875 319.662506103515625 319.443756103515625 319.58123779296875 321.90625 323.537506103515625 327.45001220703125 331.6875 335.34375 339.73126220703125 344.23748779296875 349.818756103515625 354.63751220703125 361.087493896484375 368.806243896484375 376.399993896484375 378.75 385.587493896484375 393.399993896484375 397.3125 403.212493896484375 407.625 410.34375 410.774993896484375 406.212493896484375 400.024993896484375 395.33123779296875 392.15625 389.01873779296875
323.01251220703125 329.418731689453125 332.787506103515625 332.48748779296875 333.53125 337.48748779296875 342.649993896484375 349.818756103515625 355.225006103515625 358.54376220703125 358.10626220703125 353.475006103515625 351.537506103515625 346.149993896484375 339.381256103515625 335.681243896484375 329.34375 324.024993896484375 322.51873779296875 324.73126220703125 328.82501220703125 332.35626220703125 336.29998779296875 338.506256103515625 343.25 348.681243896484375 354.07501220703125 357.350006103515625 361.274993896484375 367.58123779296875 375.443756103515625 381.28125 384.649993896484375 387.85626220703125 394.212493896484375 398.32501220703125 402.1875 407.756256103515625 413.61248779296875 413.42498779296875 405.07501220703125 400.09375 396.600006103515625 393.73126220703125 392.73126220703125
325.54998779296875 328.743743896484375 329.70623779296875 331.243743896484375 332.54376220703125 333.6875 331.11248779296875 327.95623779296875 325.42498779296875 328.67498779296875 338.95623779296875 345.25 348.20001220703125 347.41876220703125 343.881256103515625 339.818756103515625 334.056243896484375 329.10626220703125 325.443756103515625 328.63751220703125 335.143768310546875 340.368743896484375 343.66876220703125 346.45623779296875 352.98126220703125 356.037506103515625 360.537506103515625 363.993743896484375 368.09375 374.568756103515625 378.875 383.78125 386.45001220703125 389.26251220703125 393.399993896484375 393.756256103515625 397.70001220703125 401.631256103515625 404.73748779296875 403.037506103515625 397.912506103515625 395.48748779296875 392.0625 388.11248779296875 385.15625
326.66876220703125 329.506256103515625 329.79998779296875 329.375 330.11248779296875 329.100006103515625 327.16876220703125 322.04998779296875 312.943756103515625 310.91876220703125 325.412506103515625 336.350006103515625 347.26873779296875 348.962493896484375 345.631256103515625 343.193756103515625 339.79998779296875 336.70623779296875 335.54376220703125 336.70001220703125 337.5625 345.287506103515625 348.649993896484375 354.350006103515625 360.01251220703125 360.912506103515625 363.850006103515625 367.71875 371.38751220703125 376.631256103515625 381.88751220703125 383.07501220703125 383.118743896484375 382.25 385.51873779296875 386.368743896484375 390.125 391.225006103515625 393.76251220703125 391.66876220703125 387.70001220703125 384.087493896484375 382.67498779296875 380.868743896484375 373.806243896484375
327.243743896484375 327.524993896484375 328.331268310546875 328.193756103515625 327.568756103515625 327.25 326.537506103515625 322.36248779296875 319.63751220703125 322.381256103515625 332.38751220703125 339.318756103515625 347.806243896484375 350.443756103515625 349.837493896484375 347.09375 344.875 343.84375 343.318756103515625 347.46875 348.274993896484375 351.60626220703125 354.21875 361.618743896484375 363.412506103515625 362.11248779296875 364.20623779296875 367.34375 372.04376220703125 379.01251220703125 379.89373779296875 378.125 376.29998779296875 374.85626220703125 376.01873779296875 377.79376220703125 378.13751220703125 378.84375 380.350006103515625 380.78125 379.54376220703125 376.6875 373.96875 367.649993896484375 363.33123779296875
327.912506103515625 328.41876220703125 328.243743896484375 327.42498779296875 325.01251220703125 325.59375 326.225006103515625 324.36248779296875 326.40625 331.71875 341.3125 349.837493896484375 351.96875 354 351.75 348.912506103515625 348.01873779296875 348.86248779296875 350.88751220703125 354.64373779296875 360.337493896484375 362.29998779296875 361.35626220703125 357.993743896484375 363.70623779296875 362.88751220703125 362.037506103515625 363.91876220703125 366.462493896484375 372.162506103515625 372.10626220703125 369.21875 367.20623779296875 364.98748779296875 365.01251220703125 363.07501220703125 362.60626220703125 363.41876220703125 365.931243896484375 367.181243896484375 365.95001220703125 363.3125 363.38751220703125 360.087493896484375 354.625
326.712493896484375 326.14373779296875 325.5625 328.0625 327.318756103515625 326.34375 329.03125 330.84375 335.51251220703125 341.96875 351.443756103515625 360.08123779296875 357.225006103515625 355.375 352.46875 350.20001220703125 348.693756103515625 349.837493896484375 352.92498779296875 357.89373779296875 363.068756103515625 365.28125 365.256256103515625 365.26873779296875 362.181243896484375 355.70001220703125 353.90625 353.712493896484375 355.975006103515625 358.15625 357.9375 355.89373779296875 352.42498779296875 350.48748779296875 350.04998779296875 349.225006103515625 350.20001220703125 351.83123779296875 351.649993896484375 350.63751220703125 350.89373779296875 349.931243896484375 349.08123779296875 342.537506103515625 337.07501220703125
326.36248779296875 325.212493896484375 325.04998779296875 326.35626220703125 327.40625 330.443756103515625 331.875 333.399993896484375 338.01873779296875 347.14373779296875 356.306243896484375 364.087493896484375 361.84375 351.712493896484375 348.243743896484375 348.26873779296875 345.70623779296875 346.95001220703125 351.631256103515625 355.13751220703125 360.54376220703125 361.23126220703125 358.225006103515625 357.318756103515625 346.53125 338.1875 339.912506103515625 339.6875 343.0625 343.631256103515625 342.837493896484375 340.118743896484375 336.33123779296875 334.368743896484375 332.73748779296875 334.3125 336.193756103515625 338.10626220703125 339.58123779296875 339.07501220703125 334.375 335.73748779296875 332.39373779296875 326.9437255859375 325.587493896484375
324.75 323.29376220703125 322.100006103515625 322.95623779296875 326.131256103515625 329.087493896484375 330.462493896484375 333.01873779296875 339.32501220703125 346.868743896484375 352.5625 355.006256103515625 353.92498779296875 347.71875 340.96875 342.04998779296875 339.60626220703125 338.90625 344.006256103515625 345.931243896484375 349.931243896484375 348.78125 347.04998779296875 340.88751220703125 332.931243896484375 326.48126220703125 326.443756103515625 326.9375 328.625 329.29998779296875 327.83123779296875 325.78125 319.76251220703125 317.51873779296875 317.21875 320.225006103515625 322.66876220703125 326.76251220703125 330.431243896484375 328.59375 320.45001220703125 315.787506103515625 318.32501220703125 322.01873779296875 324.225006103515625
321.318756103515625 320.32501220703125 320 321.48126220703125 325.375 328.125 330.837493896484375 333.306243896484375 337.29376220703125 342.07501220703125 346.149993896484375 347.506256103515625 344.787506103515625 339.17498779296875 331.318756103515625 328.38751220703125 327.493743896484375 330.806243896484375 334.931243896484375 337.20001220703125 338.92498779296875 339.962493896484375 336.443756103515625 330.243743896484375 323.14373779296875 318.73748779296875 317.64373779296875 318.51873779296875 320.15625 319.068756103515625 314.98126220703125 309.23748779296875 306.399993896484375 302.60626220703125 300.899993896484375 303.35626220703125 311.60626220703125 320.25 323.875 319.756256103515625 312.70001220703125 312.225006103515625 318.98126220703125 319.181243896484375 318.23748779296875
315.91876220703125 314.96875 316.931243896484375 320.01251220703125 323.381256103515625 326.25 328.75 331.51873779296875 336.756256103515625 339.556243896484375 341.693756103515625 341.381256103515625 338.38751220703125 331.181243896484375 321.318756103515625 311.60626220703125 314.787506103515625 322.42498779296875 325.318756103515625 328.318756103515625 330.32501220703125 329.625 325.79998779296875 320.51251220703125 313.806243896484375 310.975006103515625 308.712493896484375 310.23748779296875 311.57501220703125 310.962493896484375 308.9375 302.493743896484375 293.03125 287.212493896484375 282.82501220703125 292.26251220703125 301.162506103515625 311.131256103515625 316.399993896484375 317.73126220703125 313.98748779296875 315.48748779296875 317.318756103515625 314.993743896484375 311.931243896484375
309.03125 309.73126220703125 313.306243896484375 317.40625 320.712493896484375 323.60626220703125 328.0625 330.899993896484375 333.66876220703125 336.35626220703125 336.95001220703125 335.95001220703125 331.462493896484375 324.399993896484375 316.83123779296875 310.337493896484375 305.806243896484375 310.78125 316.59375 321.087493896484375 323.04376220703125 323.67498779296875 320.125 311.60626220703125 305.506256103515625 301.85626220703125 300.787506103515625 301.962493896484375 304.556243896484375 305.21875 302.54376220703125 296.475006103515625 287.85626220703125 281.21875 282.51873779296875 288.024993896484375 298.024993896484375 309.58123779296875 320.28125 320.443756103515625 318.412506103515625 317.85626220703125 313.98748779296875 310.41876220703125 305.73126220703125
300.20001220703125 303.45001220703125 307.33123779296875 314.006256103515625 317.98748779296875 322.181243896484375 327.506256103515625 329.100006103515625 331.14373779296875 331.83123779296875 330.693756103515625 328.756256103515625 323.962493896484375 318.73126220703125 312.399993896484375 307.67498779296875 302.71875 298.04998779296875 307.13751220703125 312.587493896484375 317.40625 317.82501220703125 315.04376220703125 307.0625 302.14373779296875 298.962493896484375 294.95001220703125 298.64373779296875 302.287506103515625 301.75 294.76873779296875 281.412506103515625 279.5 277.899993896484375 277.475006103515625 286.568756103515625 296.45623779296875 306.774993896484375 315.26251220703125 320.98748779296875 316.82501220703125 314.5625 310.57501220703125 305.993743896484375 301.962493896484375
290.212493896484375 295.368743896484375 301.79376220703125 307.943756103515625 313.287506103515625 319.125 323.837493896484375 328.100006103515625 330.212493896484375 329.89373779296875 326.412506103515625 320.381256103515625 316.04376220703125 313.149993896484375 304.662506103515625 300.10626220703125 296.462493896484375 293.34375 294.5625 300.20001220703125 311.28125 315.568756103515625 304.806243896484375 302.024993896484375 300.506256103515625 300.712493896484375 300.068756103515625 301.243743896484375 305.068756103515625 302.618743896484375 295.350006103515625 283.28125 276.42498779296875 267.056243896484375 265.568756103515625 275.256256103515625 286.5 296.350006103515625 307.73748779296875 312.08123779296875 313.537506103515625 311.618743896484375 306.5625 301.818756103515625 298.287506103515625
279.90625 287.0625 293.618743896484375 298.98748779296875 307.131256103515625 316.193756103515625 323.375 326.04998779296875 327.837493896484375 327.14373779296875 322.08123779296875 317.4375 312.51251220703125 307.84375 298.087493896484375 288.037506103515625 281.806243896484375 285.568756103515625 286.350006103515625 291.225006103515625 297.774993896484375 300.26873779296875 302.01873779296875 300.625 299.98748779296875 300.149993896484375 301.443756103515625 305.681243896484375 306.39373779296875 300.48126220703125 290.01251220703125 284.1875 272.76251220703125 258.11248779296875 250.368743896484375 259.84375 276.70623779296875 291.506256103515625 301.631256103515625 307.631256103515625 308.493743896484375 306.6875 302.35626220703125 297.600006103515625 291.850006103515625
