data/historical-monthly-weather-data/wc2.1_cruts4.09_10m_prec_2007-02.asc
ncols        51
nrows        45
xllcorner    -63.500000000000
yllcorner    -7.500000000000
cellsize     0.166666666667
NODATA_value -9999
[rows 20 to 39 of 45, columns 0 to 44 of 51]
106.22499847412109375 109.40625 114.1062469482421875 119.36875152587890625 126.0500030517578125 132.475006103515625 139.4375 146.7312469482421875 154.84375 162.7375030517578125 169.462493896484375 173.2687530517578125 176.90625 179.78125 172.1374969482421875 159.931243896484375 149.725006103515625 143.131256103515625 140.625 139.1750030517578125 142.1437530517578125 145.181243896484375 148.056243896484375 154.662506103515625 162.1687469482421875 170.3937530517578125 180.6687469482421875 191.3562469482421875 202.8625030517578125 213.649993896484375 219.6374969482421875 219.7687530517578125 208.9250030517578125 193.3249969482421875 179.1750030517578125 196.681243896484375 226.899993896484375 253.6437530517578125 274.51251220703125 289.17498779296875 297.431243896484375 299.83123779296875 302.131256103515625 303.649993896484375 302.806243896484375
103.21250152587890625 107.1999969482421875 112.5437469482421875 119.1374969482421875 125.94374847412109375 132.6875 139.693756103515625 147.006256103515625 154.7375030517578125 160.96875 165.506256103515625 167.0500030517578125 168.256256103515625 168.4187469482421875 164.524993896484375 156.9812469482421875 149.3312530517578125 143.8249969482421875 140.21875 138.1062469482421875 138.6750030517578125 140.28125 143.600006103515625 150.537506103515625 158.993743896484375 168.7375030517578125 180.65625 192.725006103515625 206.006256103515625 218.774993896484375 228.1687469482421875 230.0124969482421875 221.59375 211.4187469482421875 205.975006103515625 219.493743896484375 243.1687469482421875 264.60626220703125 280.34375 291.431243896484375 299.01873779296875 301.837493896484375 303.40625 303.95623779296875 303.568756103515625
101.84999847412109375 106.6875 112.09375 119.0124969482421875 126.0187530517578125 133.256256103515625 139.5500030517578125 146.9187469482421875 154.587493896484375 158.5124969482421875 160.2375030517578125 159.2937469482421875 158.0812530517578125 158.181243896484375 157.118743896484375 153.0625 147.5187530517578125 143.0625 138.962493896484375 135.506256103515625 135.28125 135.556243896484375 137.5 144.712493896484375 154.475006103515625 165.78125 178.75 192.40625 207.787506103515625 222.9812469482421875 236.1062469482421875 244.0812530517578125 238.212493896484375 233.2624969482421875 236.1750030517578125 250.5187530517578125 267.48748779296875 281.59375 291.01873779296875 296.225006103515625 301 303.125 304.01873779296875 304.41876220703125 304.59375
102.6875 107.5124969482421875 113.0500030517578125 119.19374847412109375 126.1875 133.1875 139.756256103515625 146.0812530517578125 152.8874969482421875 155.381256103515625 156.131256103515625 154.462493896484375 150.837493896484375 152.5500030517578125 152.9812469482421875 150.318756103515625 146.09375 142.537506103515625 138.3125 134.193756103515625 132.818756103515625 132.0187530517578125 132.850006103515625 140.0812530517578125 150.2062530517578125 161.024993896484375 175.725006103515625 191.375 207.649993896484375 224.5124969482421875 239.931243896484375 250.6624908447265625 249.96875 250.5437469482421875 258.29376220703125 274.756256103515625 288.17498779296875 294.475006103515625 298.375 300.58123779296875 303.66876220703125 304.243743896484375 305.10626220703125 306.32501220703125 308.65625
105.6374969482421875 109.72499847412109375 114.7624969482421875 120.88124847412109375 128 133.6875 139.46875 144.78125 149.5812530517578125 152.4375 153.5437469482421875 152.84375 152.0625 152.9875030517578125 151.8249969482421875 149.6062469482421875 146.4499969482421875 142.756256103515625 138.25 133.600006103515625 131.4187469482421875 129.149993896484375 128.3874969482421875 134.868743896484375 144.524993896484375 157.662506103515625 172.7375030517578125 189.962493896484375 207.03125 223.9187469482421875 239.1437530517578125 250.868743896484375 255.587493896484375 260.64373779296875 269.693756103515625 281.70623779296875 292.28125 297.29998779296875 299.91876220703125 301.73748779296875 304.16876220703125 304.4375 305.875 309.09375 311.131256103515625
111.44374847412109375 115 118.78125 124.1374969482421875 130.306243896484375 135.2624969482421875 139.4875030517578125 143.6875 147.6374969482421875 150.4375 151.96875 152.8000030517578125 153.9250030517578125 154.5124969482421875 153.024993896484375 150.3312530517578125 147.25 143.443756103515625 139.2249908447265625 134.243743896484375 130.9562530517578125 127.0437469482421875 124.3937530517578125 129.287506103515625 140.368743896484375 154.506256103515625 171.868743896484375 188.96875 206.71875 222.631256103515625 237.3125 250.0625 257.412506103515625 264.837493896484375 273.975006103515625 283.381256103515625 291.743743896484375 297.13751220703125 298.375 300.443756103515625 302.975006103515625 303.756256103515625 304.850006103515625 308.6875 314.006256103515625
118.97499847412109375 121.4875030517578125 124.0749969482421875 128.412506103515625 132.7687530517578125 136.256256103515625 139.9187469482421875 142.6875 145.90625 148.71875 150.712493896484375 151.625 152.8625030517578125 153.649993896484375 152.256256103515625 150.5625 148 145.149993896484375 141.46875 136.9375 133.1687469482421875 128.912506103515625 124.84375 128.46875 140.962493896484375 155.431243896484375 172.6875 190.131256103515625 207.193756103515625 222.618743896484375 237.431243896484375 249.3625030517578125 257.57501220703125 267.42498779296875 275.256256103515625 284.193756103515625 292.087493896484375 296.774993896484375 298.95623779296875 300.618743896484375 302.60626220703125 302.91876220703125 303.774993896484375 307.256256103515625 316.0625
127.1999969482421875 128.256256103515625 129.9875030517578125 132.556243896484375 135.118743896484375 137.243743896484375 140.337493896484375 143.243743896484375 145.625 148.1437530517578125 149.5625 150.25 150.9375 151.4250030517578125 150.993743896484375 150.368743896484375 148.6875 147.600006103515625 144.8125 141.4875030517578125 138.2624969482421875 134.181243896484375 131.931243896484375 136.3937530517578125 146.193756103515625 159.350006103515625 175.881256103515625 193.006256103515625 209.493743896484375 224.4875030517578125 238.71875 251.34375 261.068756103515625 268.868743896484375 276.193756103515625 284.92498779296875 291.412506103515625 297.33123779296875 298.975006103515625 299.868743896484375 301.537506103515625 302.631256103515625 303.65625 308.42498779296875 320.17498779296875
135.0500030517578125 135.225006103515625 135.412506103515625 136.4749908447265625 137.7937469482421875 139.0749969482421875 141.3625030517578125 143.5124969482421875 145.59375 147.631256103515625 148.7062530517578125 148.9375 149.006256103515625 149.7937469482421875 150.3249969482421875 151.0625 150.9875030517578125 150.3937530517578125 149.4375 146.881256103515625 144.412506103515625 140.881256103515625 140.087493896484375 145.375 153.5187530517578125 164.725006103515625 180.8000030517578125 197.34375 214.2937469482421875 228.6374969482421875 241.412506103515625 254.2937469482421875 262.912506103515625 270.524993896484375 278.32501220703125 285.76251220703125 293.23748779296875 299.40625 302.318756103515625 301.881256103515625 300.625 301.006256103515625 305.068756103515625 313.70623779296875 327.66876220703125
143 141.46875 140.5749969482421875 140.2312469482421875 140.8312530517578125 141.3874969482421875 142.3937530517578125 143.625 144.7937469482421875 146.5187530517578125 147.662506103515625 148.5187530517578125 149.100006103515625 150.3249969482421875 151.412506103515625 151.712493896484375 152.287506103515625 153.03125 152.4562530517578125 149.8125 147.5187530517578125 145.431243896484375 145.600006103515625 151.881256103515625 160.4749908447265625 171.787506103515625 187.3312530517578125 203.3249969482421875 219.649993896484375 232.618743896484375 245.5187530517578125 257.899993896484375 266.068756103515625 274.368743896484375 281.9375 290.381256103515625 297.443756103515625 304.806243896484375 306.32501220703125 305.95001220703125 308.493743896484375 311.375 315.3125 325.20623779296875 333.6875
149.9187469482421875 147.1374969482421875 144.6437530517578125 143.506256103515625 142.818756103515625 142.881256103515625 143.0812530517578125 143.6875 144.3562469482421875 145.3625030517578125 147.1437530517578125 148.7624969482421875 150.287506103515625 151.1875 151.9499969482421875 152.850006103515625 153.725006103515625 154.881256103515625 155.0500030517578125 152.350006103515625 150.431243896484375 148.774993896484375 149.368743896484375 156.96875 166.6999969482421875 178.774993896484375 194.0187530517578125 210.024993896484375 225.8625030517578125 237.8625030517578125 249.7375030517578125 261.64373779296875 271.3125 280.42498779296875 288.92498779296875 296.193756103515625 304.14373779296875 312.6875 313.91876220703125 312.88751220703125 316.79998779296875 323.006256103515625 328.54998779296875 334.949981689453125 343.40625
155.1062469482421875 151.412506103515625 148.3562469482421875 146.53125 144.743743896484375 143.8000030517578125 143.493743896484375 142.8562469482421875 143.0812530517578125 144.3562469482421875 145.912506103515625 148.1750030517578125 150.40625 152.149993896484375 153 154.2687530517578125 153.962493896484375 154.5437469482421875 154.40625 152.756256103515625 151.8562469482421875 151.34375 152.162506103515625 161.1875 172.40625 184.9250030517578125 200.0187530517578125 216 231.8312530517578125 244.0124969482421875 255.375 266.431243896484375 276.70001220703125 286.287506103515625 295.818756103515625 303.899993896484375 312.631256103515625 320.693756103515625 321.58123779296875 324.287506103515625 331.41876220703125 338.29998779296875 344.131256103515625 351.618743896484375 362
160.850006103515625 156.899993896484375 153.4375 150.4812469482421875 147.368743896484375 145.399993896484375 143.537506103515625 142.212493896484375 142.5625 143.9875030517578125 146.443756103515625 148.84375 151.9562530517578125 154.3562469482421875 155.274993896484375 155.4875030517578125 154.787506103515625 155.2937469482421875 154.21875 152.8000030517578125 152.7937469482421875 152.4375 153.5437469482421875 162.4562530517578125 173.743743896484375 186.1999969482421875 201.756256103515625 219.056243896484375 235.7312469482421875 248.03125 260.506256103515625 271.943756103515625 282.46875 293.6875 304.84375 314.9375 324.318756103515625 331.54376220703125 333.11248779296875 340.04376220703125 347.70623779296875 355.131256103515625 363.256256103515625 373.399993896484375 390.88751220703125
167.03125 162.306243896484375 157.962493896484375 154.3249969482421875 150.162506103515625 146.649993896484375 143.71875 141.5812530517578125 140.96875 142.443756103515625 145.3625030517578125 149.1687469482421875 153.5124969482421875 156.1437530517578125 157.037506103515625 156.90625 155.8874969482421875 155.65625 154.3000030517578125 152.84375 152.649993896484375 152.2624969482421875 153.71875 162.431243896484375 173.5 185.774993896484375 202.3874969482421875 220.3625030517578125 238.4250030517578125 252.28125 265.76251220703125 278.368743896484375 290.800018310546875 302.73126220703125 313.82501220703125 325.45623779296875 335.54376220703125 343.881256103515625 347.51251220703125 354.5 361.524993896484375 370.32501220703125 382.45623779296875 395.162506103515625 414.48748779296875
173.0124969482421875 168.2062530517578125 163.0625 157.725006103515625 152.912506103515625 148.40625 143.818756103515625 140.243743896484375 138.8312530517578125 139.8625030517578125 143.8312530517578125 149.7687530517578125 155.7062530517578125 158.9875030517578125 159.21875 158.443756103515625 156.5124969482421875 155.475006103515625 154.337493896484375 152.381256103515625 152.6437530517578125 151.993743896484375 153.1875 161.337493896484375 172.34375 184.056243896484375 201.993743896484375 221.4875030517578125 240.6999969482421875 256.024993896484375 270.04998779296875 285.17498779296875 298.46875 311.82501220703125 323.82501220703125 335.09375 345.212493896484375 357.306243896484375 362.45623779296875 366.962493896484375 373.875 381.943756103515625 394.04376220703125 407.568756103515625 424.5
179.5812530517578125 174.53125 168.350006103515625 161.6999969482421875 155.59375 150.8249969482421875 145.53125 140.84375 138.25 138.53125 143.243743896484375 150.725006103515625 158.212493896484375 162.2687530517578125 161.75 159.912506103515625 157.5124969482421875 156 153.787506103515625 152.1999969482421875 152.40625 152.568756103515625 153.493743896484375 161.6750030517578125 171.53125 182.90625 201.1437530517578125 221.96875 241.7624969482421875 257.98748779296875 274.1875 290.774993896484375 305.71875 320.131256103515625 331.78125 342.01873779296875 354.9375 364.96875 369.125 375.01873779296875 382.931243896484375 389.431243896484375 398.63751220703125 411.71875 424.3125
187.056243896484375 181.431243896484375 173.8125 167.1374969482421875 159.912506103515625 154.4375 148.600006103515625 142.9499969482421875 138.7062530517578125 135.3937530517578125 142.53125 154.1374969482421875 161.3000030517578125 164.2687530517578125 163.600006103515625 160.806243896484375 157.618743896484375 155.75 153.9187469482421875 151.75 151.78125 151.875 153.0812530517578125 160.818756103515625 169.993743896484375 181.212493896484375 199.75 220.568756103515625 241.568756103515625 259.225006103515625 277.09375 295.11248779296875 311.875 327.23748779296875 340.45623779296875 352.381256103515625 362.8125 372.08123779296875 376.20001220703125 380.662506103515625 386.274993896484375 392.76251220703125 401.11248779296875 412.006256103515625 422.07501220703125
194.2312469482421875 188.337493896484375 180.212493896484375 172.4875030517578125 165.024993896484375 159.0749969482421875 153.2937469482421875 147.65625 144.0124969482421875 139.350006103515625 151.78125 163.9375 167.3874969482421875 167.618743896484375 165.6875 161.9187469482421875 157.1437530517578125 155.162506103515625 152.631256103515625 149.975006103515625 150.28125 150.3625030517578125 152.0812530517578125 159.381256103515625 168.381256103515625 179.337493896484375 197.787506103515625 219.0749969482421875 240.618743896484375 260.46875 278.86248779296875 298.58123779296875 316.125 332.95001220703125 346.649993896484375 358.774993896484375 368.774993896484375 377.79998779296875 381.38751220703125 384.32501220703125 387.71875 393.4375 399.21875 407.131256103515625 415.725006103515625
199.9875030517578125 194.193756103515625 185.9250030517578125 178.868743896484375 171.274993896484375 165.787506103515625 161.274993896484375 157.4499969482421875 156.912506103515625 162.493743896484375 176.431243896484375 177.2312469482421875 174.912506103515625 172.662506103515625 169.3312530517578125 163.912506103515625 158.53125 155.568756103515625 152.09375 149.0749969482421875 149 149.4562530517578125 152.037506103515625 158.993743896484375 167.850006103515625 179.274993896484375 197.118743896484375 217.625 238.975006103515625 259.131256103515625 279.600006103515625 299.34375 315.875 332.01873779296875 348.037506103515625 358.96875 367.1875 376.16876220703125 378.375 378.32501220703125 381.193756103515625 384.79376220703125 389.725006103515625 395.89373779296875 402.66876220703125
205.693756103515625 200.5 192.693756103515625 185.131256103515625 177.9562530517578125 173.306243896484375 169.274993896484375 167.618743896484375 169.0625 174.850006103515625 181.53125 182.649993896484375 180.912506103515625 177.625 172.875 166.9187469482421875 160.59375 156.71875 152.2062530517578125 148.7437591552734375 147.6750030517578125 148.1999969482421875 150.6999969482421875 157.6875 167.4812469482421875 178.850006103515625 196.28125 216.024993896484375 236.9812469482421875 257.537506103515625 277.89373779296875 299.92498779296875 318.17498779296875 333.256256103515625 346.712493896484375 356.79376220703125 363.600006103515625 369.931243896484375 372.01873779296875 370.5 371.6875 374.71875 378.087493896484375 381.375 387.350006103515625
