data/historical-monthly-weather-data/wc2.1_cruts4.09_10m_prec_1962-06.asc
ncols        51
nrows        45
xllcorner    -63.500000000000
yllcorner    -7.500000000000
cellsize     0.166666666667
NODATA_value -9999
[rows 0 to 18 of 45, columns 0 to 43 of 51]
326.11248779296875 326.431243896484375 326.03125 336.04376220703125 341.16876220703125 347.912506103515625 347.79376220703125 345.4375 336.899993896484375 339.881256103515625 345.58123779296875 345.20001220703125 345.037506103515625 340.63751220703125 333.524993896484375 328.17498779296875 320.006256103515625 311.337493896484375 302.306243896484375 297.118743896484375 297.649993896484375 289.149993896484375 282.506256103515625 273.287506103515625 266.381256103515625 261.1875 260.84375 262.95623779296875 258.40625 257.962493896484375 252.4250030517578125 253.9187469482421875 259.212493896484375 259.318756103515625 259.8125 259.54998779296875 258.21875 258.649993896484375 251.9187469482421875 247.90625 247.693756103515625 252.7125091552734375 248.693756103515625 247.6437530517578125
316.61248779296875 317 323.95001220703125 331.962493896484375 342.631256103515625 349.20623779296875 348.875 345.98748779296875 345.95001220703125 348.1875 349.868743896484375 346.45623779296875 336.725006103515625 329.42498779296875 319.89373779296875 312.225006103515625 301.54998779296875 289.431243896484375 279.506256103515625 275.306243896484375 273.774993896484375 266.65625 262.787506103515625 257.462493896484375 251.65625 246.34375 247.21875 247.256256103515625 244.4562530517578125 240.3000030517578125 239.806243896484375 246.3937530517578125 249.21875 251.6374969482421875 254.1750030517578125 249.53125 249.0124969482421875 247.34375 241.068756103515625 237.6687469482421875 240.21875 234.3937530517578125 237.337493896484375 236.212493896484375
294.912506103515625 302.98748779296875 309.306243896484375 311.96875 322.96875 333.83123779296875 338.318756103515625 346.23748779296875 348.23748779296875 350.256256103515625 348.48748779296875 339.71875 331.462493896484375 316.51251220703125 304.28125 294.524993896484375 281.4375 270.42498779296875 261.568756103515625 255.5437469482421875 254.9812469482421875 254.3000030517578125 250.1750030517578125 249.96875 241.53125 235.4562530517578125 240.5437469482421875 238.5124969482421875 232.618743896484375 235.15625 233.006256103515625 235.493743896484375 237.6062469482421875 241.818756103515625 241.3125 231.6374969482421875 233.1687469482421875 234.787506103515625 229.5812530517578125 227.03125 231.3000030517578125 228.3125 227.6062469482421875 224.5124969482421875
271.3125 273.243743896484375 284.443756103515625 292.26251220703125 298.837493896484375 310.39373779296875 322.5625 334.318756103515625 342.649993896484375 347.91876220703125 342.82501220703125 330.199981689453125 316.73126220703125 300.76873779296875 288.850006103515625 277.89373779296875 261.475006103515625 252.600006103515625 244.712493896484375 246.4250030517578125 244.2062530517578125 238.225006103515625 236.600006103515625 238.806243896484375 230.962493896484375 225.899993896484375 227.8499908447265625 223.6125030517578125 222.287506103515625 225.84375 226.5749969482421875 226.006256103515625 227.568756103515625 225.84375 225.3125 227.3249969482421875 228.96875 226.8625030517578125 220.9875030517578125 218.431243896484375 220.4562530517578125 222.256256103515625 220.506256103515625 216.09375
268.73126220703125 266.337493896484375 260.068756103515625 269.45623779296875 282.70001220703125 290.73126220703125 304.48126220703125 323.23748779296875 338.91876220703125 346.381256103515625 340.71875 317.58123779296875 303.53125 289.287506103515625 273.399993896484375 261 247.53125 234.0625 226.462493896484375 226.375 224.5 223.21875 223.3312530517578125 224.556243896484375 218.024993896484375 215.0625 214.1875 216.21875 215.59375 214.78125 218.9375 221.462493896484375 220.3625030517578125 220.4499969482421875 223.287506103515625 219.3562469482421875 219.59375 220.4375 212.9499969482421875 207.6999969482421875 209.9562530517578125 211.09375 210.96875 210.631256103515625
249.6875 251.3000030517578125 247.1687469482421875 239.1062469482421875 255.2750091552734375 274.95001220703125 285.693756103515625 301.100006103515625 321.29998779296875 331.65625 320.850006103515625 300.53125 288.25 275.3125 258.13751220703125 246.4124908447265625 232.631256103515625 220.743743896484375 216.9375 214.8937530517578125 216.287506103515625 214.662506103515625 213.84375 210.506256103515625 209.2312469482421875 208.056243896484375 205.318756103515625 207.375 207.59375 206.8312530517578125 212.8312530517578125 215.2375030517578125 216.4250030517578125 213.375 209.34375 212.25 207.7375030517578125 200.162506103515625 198.193756103515625 200.2687530517578125 198.118743896484375 201.0749969482421875 198.725006103515625 197.90625
236.568756103515625 234.5625 232.100006103515625 229.4562530517578125 229.193756103515625 237.806243896484375 248.8312530517578125 270.006256103515625 280.212493896484375 289.962493896484375 288.23748779296875 275.131256103515625 268.837493896484375 260.85626220703125 246.587493896484375 234.7687530517578125 224.756256103515625 214.3625030517578125 205.96875 205.25 201.5 201.21875 199.6437530517578125 200.3562469482421875 204.21875 203.587493896484375 200.350006103515625 199.818756103515625 199.8000030517578125 206.2062530517578125 205.806243896484375 203.9937591552734375 201.9562530517578125 202.506256103515625 203.875 199.7375030517578125 190.024993896484375 185.568756103515625 182.7937469482421875 185.943756103515625 183.975006103515625 185.087493896484375 186.3000030517578125 186.193756103515625
221.181243896484375 214.2687530517578125 212.96875 216.9375 217.84375 229.412506103515625 228.975006103515625 229.40625 229.556243896484375 242.931243896484375 251.4187469482421875 249.618743896484375 248.350006103515625 242.7312469482421875 235.962493896484375 226.100006103515625 213.6875 205.475006103515625 197.4250030517578125 190.6875 197.78125 194.84375 192.25 192.662506103515625 196.712493896484375 194.287506103515625 192.7062530517578125 192.1999969482421875 192.475006103515625 193.256256103515625 200.475006103515625 197.53125 195.337493896484375 192.5500030517578125 186.837493896484375 181.056243896484375 174.9499969482421875 170.006256103515625 163.8000030517578125 162.09375 163.0500030517578125 168.0187530517578125 165.6062469482421875 162.9812469482421875
206.056243896484375 201.46875 198.149993896484375 199.6875 202.681243896484375 208.274993896484375 216.212493896484375 221.3000030517578125 213.65625 211.2624969482421875 216.7312469482421875 220.8249969482421875 228.225006103515625 226.5500030517578125 222.5187530517578125 213.3312530517578125 210.1437530517578125 205.7624969482421875 200.7687530517578125 191.556243896484375 185.943756103515625 191.818756103515625 184.9749908447265625 191.2062530517578125 190.4749908447265625 189.3562469482421875 187.850006103515625 189.506256103515625 193.931243896484375 192.8937530517578125 199.412506103515625 187.6750030517578125 177.125 171.7312469482421875 170.7375030517578125 171.068756103515625 167.649993896484375 164.5500030517578125 158.412506103515625 152.7062530517578125 149.40625 147.5437469482421875 152.193756103515625 149.8312530517578125
192.149993896484375 188.4562530517578125 186.2249908447265625 187.5437469482421875 189.756256103515625 194.162506103515625 200.4375 202.024993896484375 203.34375 203.274993896484375 202.431243896484375 197.1125030517578125 207.131256103515625 210.556243896484375 210.15625 206.774993896484375 201.962493896484375 205.193756103515625 202.1999969482421875 198.09375 189.2937469482421875 186.0625 177.9499969482421875 180.975006103515625 178.9812469482421875 181.96875 181.6875 181.5 181.962493896484375 185.225006103515625 187.587493896484375 179.649993896484375 173.287506103515625 168.0437469482421875 161.8000030517578125 159.149993896484375 157.649993896484375 156.318756103515625 152.524993896484375 152.037506103515625 150.9437408447265625 148.84375 142.0437469482421875 134.0749969482421875
181.6062469482421875 176.5625 174.368743896484375 174.4187469482421875 174.725006103515625 181.25 182.9187469482421875 184.78125 188.9562530517578125 191.7624969482421875 194.03125 190.712493896484375 189.881256103515625 194.9375 195.2937469482421875 195.181243896484375 193.381256103515625 193.006256103515625 195.7062530517578125 199.5812530517578125 202.774993896484375 194.337493896484375 179.1750030517578125 164.5562591552734375 169.8625030517578125 181.8625030517578125 183.3937530517578125 179.524993896484375 175.725006103515625 175.7312469482421875 176.149993896484375 171.125 166.4812469482421875 161.756256103515625 156.462493896484375 150.024993896484375 148.0625 144.493743896484375 146.7624969482421875 144.5437469482421875 142.375 138.0749969482421875 135.3249969482421875 123.8562469482421875
170.40625 166.618743896484375 167.1374969482421875 164.8562469482421875 165.75 168.681243896484375 174.5 177.7375030517578125 180.962493896484375 178.8874969482421875 183.6437530517578125 183.225006103515625 175.0437469482421875 179.46875 185.5187530517578125 185.0124969482421875 183.8874969482421875 186.0625 191.7312469482421875 203.78125 209.3125 204.149993896484375 187.96875 168.006256103515625 166.399993896484375 169.6374969482421875 168.024993896484375 168.25 169.1687469482421875 166.4812469482421875 159.53125 158.875 155.850006103515625 148.899993896484375 147.1062469482421875 146.1062469482421875 146.25 144 138.9375 140.631256103515625 139.100006103515625 133.993743896484375 122.1999969482421875 105.08750152587890625
163.274993896484375 158.8312530517578125 158.03125 156.037506103515625 157.693756103515625 158.7312469482421875 162.5749969482421875 165.881256103515625 166.65625 167.7687530517578125 170.881256103515625 172.774993896484375 170.943756103515625 163.1999969482421875 165.475006103515625 169.2375030517578125 170.631256103515625 176.2062530517578125 176.725006103515625 187.412506103515625 197.537506103515625 194.9375 185.3874969482421875 170.15625 157.756256103515625 157.743743896484375 160.0625 161.524993896484375 163.7312469482421875 163.368743896484375 154.756256103515625 147.756256103515625 147.96875 139.75 137.412506103515625 138.65625 142.8249969482421875 143.493743896484375 147.28125 144.1062469482421875 135.8937530517578125 128.8000030517578125 111.59375 98.0187530517578125
154.743743896484375 150.9812469482421875 149.274993896484375 147.962493896484375 146.881256103515625 148.9250030517578125 150.6437530517578125 154.8000030517578125 157.412506103515625 157.212493896484375 159.1687469482421875 157.537506103515625 157.6687469482421875 154.381256103515625 146.5 153.318756103515625 154.306243896484375 157.6875 161.4375 170.3312530517578125 179.0625 178.8312530517578125 173.7312469482421875 167.1875 160.125 154.7375030517578125 151.912506103515625 150.4187469482421875 151.2624969482421875 149.5625 147.2687530517578125 142.318756103515625 139.1687469482421875 136.4812469482421875 130.806243896484375 137.631256103515625 145.712493896484375 150.837493896484375 154.8125 148.28125 128.056243896484375 115.56874847412109375 110.6875 110.56874847412109375
143.037506103515625 140.3125 140.5812530517578125 140.5437469482421875 139.3249969482421875 140.8937530517578125 143.5187530517578125 145.5625 147.2687530517578125 148.1125030517578125 148.2062530517578125 146.9812469482421875 145.8125 140.837493896484375 131.5124969482421875 135.9187469482421875 138.1999969482421875 144.774993896484375 145.46875 152.2937469482421875 162.8000030517578125 165.78125 167.443756103515625 165.5 165.34375 161.625 158.4625091552734375 154.8625030517578125 155.8625030517578125 148.1125030517578125 139.40625 137.306243896484375 139.8562469482421875 132.0500030517578125 122.66249847412109375 123.1999969482421875 138.8937530517578125 153.90625 154.975006103515625 144.625 133.287506103515625 126.9499969482421875 126.3937530517578125 117.11875152587890625
133.662506103515625 130.2687530517578125 130.868743896484375 129.787506103515625 131.412506103515625 133.5625 134.9187469482421875 135.6437530517578125 139.037506103515625 142.5124969482421875 142.1437530517578125 139.59375 137.7624969482421875 132.9375 125.7312469482421875 116.05625152587890625 121.15625 130.1875 131.625 137.756256103515625 147.1687469482421875 153.9375 161.125 165.1062469482421875 166.100006103515625 163.462493896484375 157.5437469482421875 155.3249969482421875 153.162506103515625 151.6374969482421875 145.15625 137.462493896484375 128.1750030517578125 118.96875 111.21250152587890625 126.8937530517578125 132.6875 142.006256103515625 148.625 148.975006103515625 145.7687530517578125 140.4875030517578125 130.975006103515625 117.1750030517578125
123.33750152587890625 121.63124847412109375 120.9499969482421875 122.3874969482421875 123.83750152587890625 126.38124847412109375 127.5437469482421875 129.100006103515625 129.2687530517578125 131.03125 133.34375 131.84375 127.46250152587890625 122.80625152587890625 120.66249847412109375 112.65625 102.99375152587890625 110.3249969482421875 117.1875 122.19374847412109375 130.2624969482421875 141.5625 150.8125 161.006256103515625 162.693756103515625 155.5437469482421875 150.1374969482421875 147.2062530517578125 150.162506103515625 149.8874969482421875 147.318756103515625 143.118743896484375 133.8000030517578125 129.34375 133.618743896484375 137.53125 145.5187530517578125 151.59375 157.068756103515625 148.493743896484375 145.1687469482421875 136.0749969482421875 122.86875152587890625 113.4812469482421875
110.9499969482421875 110.47499847412109375 112.1999969482421875 113.7937469482421875 115.6750030517578125 119.40000152587890625 119.8312530517578125 120.6750030517578125 121.0500030517578125 120.5812530517578125 121.06874847412109375 121.5749969482421875 116.69374847412109375 113.08124542236328125 112.69374847412109375 107.90625 99.15625 92.27500152587890625 104.83750152587890625 106.09375 114.5124969482421875 126.28125 141.193756103515625 149.9875030517578125 155.3937530517578125 148.943756103515625 141.118743896484375 144.318756103515625 146.100006103515625 142.7312469482421875 133.881256103515625 126.21875 139.850006103515625 140.256256103515625 139.6374969482421875 158.431243896484375 163.3249969482421875 155.5625 153.756256103515625 147.587493896484375 132.1750030517578125 120.78749847412109375 110.50624847412109375 104.21250152587890625
99.71875 101.1125030517578125 103.03749847412109375 105.34375 107.8937530517578125 109.61875152587890625 110.6374969482421875 111.0812530517578125 112.78125 114.03125 113.6750030517578125 108.5625 104.96875 103.0812530517578125 100.84999847412109375 98.0437469482421875 96.28125 87.7937469482421875 85.90625 88.94374847412109375 101.78125 117.875 120.97499847412109375 133.3249969482421875 138.868743896484375 144.662506103515625 142.6374969482421875 138.2312469482421875 142.71875 139.125 132.7624969482421875 131.931243896484375 137.5625 136.1999969482421875 140.993743896484375 153.256256103515625 152.118743896484375 143.850006103515625 141.443756103515625 131.712493896484375 118.8000030517578125 105.46875 99.7062530517578125 96.7062530517578125
