data/historical-monthly-weather-data/wc2.1_cruts4.09_10m_prec_1958-06.asc
ncols        45
nrows        45
xllcorner    -63.500000000000
yllcorner    -7.500000000000
cellsize     0.166666666667
NODATA_value -9999
[rows 19 to 37 of 45, columns 0 to 42 of 45]
180.256256103515625 181.068756103515625 178.3874969482421875 173.462493896484375 171.5437469482421875 172.4875030517578125 168.475006103515625 162.225006103515625 161.1999969482421875 157.6125030517578125 152.274993896484375 145.65625 137.0812530517578125 128.0187530517578125 119.38124847412109375 105.61875152587890625 96.4250030517578125 95.1875 87.6750030517578125 85.6750030517578125 75.6750030517578125 72.875 74.6125030517578125 74.71250152587890625 71.3249969482421875 68.59999847412109375 68.03125 71.81874847412109375 70.15000152587890625 68.53749847412109375 69.19374847412109375 76.83750152587890625 76.55625152587890625 73.83750152587890625 72.27500152587890625 75.0124969482421875 75.7312469482421875 71.99375152587890625 68.1875 63.481250762939453125 56.34375 49.55625152587890625 49.38124847412109375
164.2624969482421875 173.681243896484375 175.850006103515625 172.225006103515625 164.8937530517578125 162.681243896484375 162.5187530517578125 159.287506103515625 156.837493896484375 152.193756103515625 148.931243896484375 142.2937469482421875 133.975006103515625 123.2624969482421875 112.8312530517578125 105.24375152587890625 95.6062469482421875 90.6374969482421875 90.3625030517578125 86.08750152587890625 85.46250152587890625 83.0124969482421875 82.02500152587890625 83.46250152587890625 80.5187530517578125 74.69374847412109375 68.30625152587890625 67.9187469482421875 68.05625152587890625 70.1750030517578125 72.4187469482421875 77.28125 71.97499847412109375 68.6750030517578125 66.3312530517578125 68.7062530517578125 70.1750030517578125 68.3000030517578125 63.28125 58.41249847412109375 53.43125152587890625 48.22499847412109375 47.09999847412109375
159.212493896484375 159.9499969482421875 165.4499969482421875 167.087493896484375 162.5625 158.056243896484375 156.4812469482421875 153.087493896484375 150.287506103515625 149.1999969482421875 145.8125 137.431243896484375 129.125 123.06874847412109375 116.5187530517578125 105.5812530517578125 105.05625152587890625 97.8249969482421875 97.40625 93.81874847412109375 88.0124969482421875 88.78749847412109375 87.8625030517578125 84.02500152587890625 78.72499847412109375 73.34375 72.38124847412109375 69.125 71.11875152587890625 73.4812469482421875 73.3249969482421875 72.1125030517578125 68.625 67.3312530517578125 63.862499237060546875 63.53749847412109375 64.15000152587890625 63.931247711181640625 60.71875 56.700000762939453125 51.862499237060546875 48.13124847412109375 46.8125
154.8125 164.6687469482421875 169.149993896484375 169.431243896484375 165.024993896484375 158.368743896484375 148.40625 143.681243896484375 146.225006103515625 144.59375 140.8625030517578125 137.2687530517578125 135.1999969482421875 131.25 123.9375 115.55625152587890625 107.1875 101.15000152587890625 99.3874969482421875 98.3562469482421875 97.2937469482421875 93.0437469482421875 88.1374969482421875 84.625 82.46250152587890625 76.49375152587890625 72.36875152587890625 70.6374969482421875 70.94374847412109375 69.7312469482421875 69.3874969482421875 69.9499969482421875 65.6750030517578125 61.924999237060546875 61.125 58.875 57.72499847412109375 57.862499237060546875 57.19374847412109375 54.825000762939453125 50.58750152587890625 47.77500152587890625 46.09999847412109375
147.024993896484375 158.475006103515625 168.5124969482421875 165.2375030517578125 159.3625030517578125 152.9499969482421875 150.4875030517578125 145.21875 140.975006103515625 136.2624969482421875 138.40625 140.8249969482421875 136.568756103515625 135.1062469482421875 124.7624969482421875 117.08750152587890625 110.34999847412109375 108.0749969482421875 105.25 102.5625 100.43125152587890625 98.71875 92.75624847412109375 91.9187469482421875 85.7624969482421875 77.96875 76.72499847412109375 70.63124847412109375 67.9375 67.8249969482421875 67.2062530517578125 67.21250152587890625 64.02500152587890625 59.21250152587890625 57.53749847412109375 54.581249237060546875 54.0625 53.9375 52.59375 50.331249237060546875 47.49375152587890625 45.84375 44.75624847412109375
137.7062530517578125 151.28125 159.3312530517578125 163.0437469482421875 160.037506103515625 153.7062530517578125 148.931243896484375 146.037506103515625 140.84375 140.3937530517578125 138.1437530517578125 136.9250030517578125 137.318756103515625 131.1437530517578125 121.86875152587890625 115.34375 111.1687469482421875 107.02500152587890625 105.8874969482421875 105.93125152587890625 103.7312469482421875 99.9250030517578125 98.80625152587890625 96.02500152587890625 86.60625457763671875 78.66875457763671875 74.50624847412109375 70.3562469482421875 66.77500152587890625 66.56874847412109375 63.90000152587890625 62.018749237060546875 58.86875152587890625 56.375 53.91249847412109375 52.00624847412109375 50.674999237060546875 48.97499847412109375 48.768749237060546875 47.168750762939453125 44.956249237060546875 44.237499237060546875 44.09375
134.4875030517578125 150.5437469482421875 151.149993896484375 155.225006103515625 152.2312469482421875 148.1687469482421875 142.75 140.65625 132.7437591552734375 128.631256103515625 131.431243896484375 130.774993896484375 130.9124908447265625 127.125 121.3562469482421875 113.0625 109.50624847412109375 108.6437530517578125 108.1062469482421875 105.09375 103.9562530517578125 101.69374847412109375 99.74375152587890625 95.3562469482421875 88.28125 78.84999847412109375 74.3312530517578125 70.09375 64.8625030517578125 63.518749237060546875 60.75 58.575000762939453125 55.47499847412109375 52.543750762939453125 49.96875 49.25624847412109375 47.887500762939453125 45.287502288818359375 44.11875152587890625 43.88124847412109375 42.08750152587890625 39.46250152587890625 39.28749847412109375
129.3249969482421875 136.181243896484375 142.193756103515625 144.46875 142.162506103515625 139.5812530517578125 135.493743896484375 127.74375152587890625 123.28125 126.15625 129.287506103515625 128.3249969482421875 125.875 123.9875030517578125 120.1875 115.86875152587890625 110.4499969482421875 105.93125152587890625 106.40000152587890625 103.7937469482421875 100.8000030517578125 99.4250030517578125 98.86875152587890625 98.1374969482421875 87.71250152587890625 78.7624969482421875 74.3874969482421875 69.03749847412109375 63.96250152587890625 61.581249237060546875 59.80625152587890625 55.825000762939453125 52.03749847412109375 49.13124847412109375 46.643749237060546875 45.225002288818359375 44.58750152587890625 42.168750762939453125 40.424999237060546875 40.681247711181640625 40 38.393749237060546875 37.012500762939453125
125.2624969482421875 126.8249969482421875 130.881256103515625 129.975006103515625 128.3937530517578125 128.5500030517578125 126.4499969482421875 121.05625152587890625 119.1062469482421875 122.05625152587890625 122.7312469482421875 122.875 120.28749847412109375 117.6125030517578125 113.99375152587890625 110.36875152587890625 106.03125 104.44374847412109375 101.1374969482421875 100.8125 99.44374847412109375 96.08750152587890625 97.09999847412109375 93.3249969482421875 85.4375 76.6687469482421875 72.36875152587890625 67.1999969482421875 64.1062469482421875 62.418750762939453125 59.5625 56.356250762939453125 51.34375 46.143749237060546875 44.38124847412109375 42.69374847412109375 41.9375 39.34999847412109375 38.50624847412109375 38.3125 37.793750762939453125 37.56874847412109375 34.74375152587890625
117.78125 122.1750030517578125 119.4875030517578125 116.8000030517578125 117.2375030517578125 113.55625152587890625 113.4812469482421875 113.78125 115.0625 115.375 116.7624969482421875 116.2312469482421875 115.7375030517578125 114.03749847412109375 110.78125 107.7687530517578125 105.3312530517578125 101.7937469482421875 100.75624847412109375 100.2312469482421875 96.50624847412109375 92.8874969482421875 90.9499969482421875 87.0187530517578125 80.81874847412109375 72.84375 70.69374847412109375 67.80625152587890625 64.0812530517578125 60.59999847412109375 57.09999847412109375 54.65000152587890625 49.22499847412109375 45.33750152587890625 41.799999237060546875 39.893749237060546875 39.59375 36.375 35.75 35.06874847412109375 34.08750152587890625 33.33750152587890625 32.606250762939453125
109.43125152587890625 110.63124847412109375 108.93125152587890625 105.8249969482421875 105.0749969482421875 105.3562469482421875 105.2062530517578125 108.7062530517578125 109.0500030517578125 110.6062469482421875 111.84999847412109375 112.6750030517578125 112.8625030517578125 111.96875 107.80625152587890625 103.6437530517578125 100.50624847412109375 99.6687469482421875 95.08750152587890625 91.27500152587890625 90.7624969482421875 88.21250152587890625 86.38124847412109375 83.08750152587890625 76.59999847412109375 72.4562530517578125 69.6062469482421875 66.28749847412109375 63.08750152587890625 58.86875152587890625 55.40625 52.268749237060546875 48.037502288818359375 44.31874847412109375 41.375 38.46250152587890625 38.44374847412109375 35.243747711181640625 32.78749847412109375 33.36875152587890625 32.056247711181640625 31.168750762939453125 31.375
102.91249847412109375 102.16249847412109375 99.5500030517578125 97.96875 97.5124969482421875 97.75 99.8125 102.1062469482421875 102.66249847412109375 105.44374847412109375 107.5812530517578125 107.05625152587890625 109.13124847412109375 103.9812469482421875 101.72499847412109375 101.5812530517578125 99.625 95.56874847412109375 91.63124847412109375 88.97499847412109375 86.5437469482421875 82.78125 81.1875 79.0437469482421875 74.2687530517578125 71.0187530517578125 67.8874969482421875 65.2687530517578125 61.825000762939453125 57.75624847412109375 55.71250152587890625 52.387500762939453125 47.375 42.625 39.456249237060546875 36.77500152587890625 35.96250152587890625 33.63124847412109375 31.306249618530273438 29.299999237060546875 28.787500381469726562 28.081249237060546875 28.056249618530273438
95.58750152587890625 94.6062469482421875 91.2312469482421875 91.1999969482421875 93.28749847412109375 93.6875 94.8000030517578125 96.34375 98.06874847412109375 98.8874969482421875 98.86875152587890625 99.71875 98.6875 98.7687530517578125 98.63124847412109375 97.34375 92.90000152587890625 89.0749969482421875 86.18125152587890625 84.0749969482421875 81.55625152587890625 79.11875152587890625 75.7375030517578125 73.46250152587890625 71.4187469482421875 68.1125030517578125 66.24375152587890625 63.981250762939453125 60.637500762939453125 59.018749237060546875 55.47499847412109375 51.49375152587890625 46.924999237060546875 41.91249847412109375 38.206249237060546875 35.03749847412109375 33.22499847412109375 30.193750381469726562 28.831249237060546875 27.318750381469726562 26.831249237060546875 26.318750381469726562 25.875
87.0187530517578125 86.3625030517578125 85.61875152587890625 86.09999847412109375 85.75624847412109375 86.78125 88.2937469482421875 90.5437469482421875 91.03125 92.31874847412109375 96.00624847412109375 95.78125 95.8625030517578125 98.0625 98.09999847412109375 93.74375152587890625 88.97499847412109375 87.2687530517578125 84.3312530517578125 81.6437530517578125 77.40625 74.2062530517578125 72.31874847412109375 70.84375 68.56874847412109375 66.4250030517578125 64.49375152587890625 62.25 60.206249237060546875 58.36875152587890625 55.268749237060546875 50.262500762939453125 46.03749847412109375 42.25624847412109375 37.91249847412109375 34.55625152587890625 31.568750381469726562 28.587499618530273438 27.181249618530273438 26.743749618530273438 26.024999618530273438 25.243749618530273438 24.193750381469726562
78.5124969482421875 79.22499847412109375 80.93125152587890625 81.0625 80.49375152587890625 80.96875 83.3874969482421875 83.8249969482421875 84.1875 85.16875457763671875 89.21875 92.3625030517578125 93.40625 93.33750152587890625 91.9562530517578125 90.6875 88.5 84.6687469482421875 79.84375 77.2375030517578125 74.3562469482421875 70.9187469482421875 70.03749847412109375 67.52500152587890625 66.49375152587890625 63.77500152587890625 63.33750152587890625 61.612499237060546875 60.84999847412109375 58.22499847412109375 55.46875 51.65000152587890625 45.418750762939453125 40.86875152587890625 37.34999847412109375 34.049999237060546875 30.743749618530273438 27.606250762939453125 26.287500381469726562 25.34375 23.956249237060546875 23.643749237060546875 22.950000762939453125
72.3312530517578125 71.6374969482421875 74.52500152587890625 76.7375030517578125 76.56874847412109375 75.06874847412109375 75.27500152587890625 76.9375 78.0437469482421875 79.25624847412109375 85.8125 90.11875152587890625 92.2624969482421875 95.86875152587890625 94.46875 90.6999969482421875 86.2312469482421875 80.21875 75.4812469482421875 70.2687530517578125 70.0812530517578125 66.1875 64.2937469482421875 62.74375152587890625 64.0437469482421875 62.918750762939453125 62.00624847412109375 59.887500762939453125 58.799999237060546875 55.981250762939453125 53.69374847412109375 50.637500762939453125 44.28125 39.6875 35.518749237060546875 32.77500152587890625 29.018749237060546875 27.28125 25.181249618530273438 24.149999618530273438 22.743749618530273438 21.706249237060546875 21.149999618530273438
67.0625 66.2624969482421875 67.88124847412109375 69.9499969482421875 70.7687530517578125 70.3312530517578125 70.5625 70.7375030517578125 70.9812469482421875 72.1125030517578125 76.1437530517578125 84.81874847412109375 90.3312530517578125 92.96875 92.18125152587890625 89.0625 84.03749847412109375 76.4250030517578125 71.05625152587890625 65.4187469482421875 63.481250762939453125 62.99375152587890625 60.72499847412109375 59.581249237060546875 60.81874847412109375 60.03125 59.21875 57.637500762939453125 57.581249237060546875 54.47499847412109375 51.16249847412109375 48.34375 43.424999237060546875 38.56874847412109375 33.924999237060546875 31.53125 29.5625 26.706249237060546875 25.106250762939453125 24.25 22.850000381469726562 21.462499618530273438 20.65625
60.27500152587890625 61.84375 61.737499237060546875 63.80625152587890625 65.6437530517578125 65.5437469482421875 65.65000152587890625 66.9187469482421875 66.84375 64.71250152587890625 71.3937530517578125 82.9250030517578125 89.52500152587890625 90.2312469482421875 89.55625152587890625 86.46250152587890625 82.2624969482421875 75.75 69.80625152587890625 62.38124847412109375 59.4375 59.74375152587890625 57.63124847412109375 57.299999237060546875 56.94374847412109375 56.700000762939453125 57.625 56.27500152587890625 54.8125 51.05625152587890625 49.33750152587890625 45.625 41.768749237060546875 37.81874847412109375 33.4375 31.112499237060546875 29.331249237060546875 27.493749618530273438 25.350000381469726562 23.712499618530273438 22.28125 21.53125 20.081249237060546875
54.16249847412109375 55.799999237060546875 57.09999847412109375 59.631252288818359375 60.78125 61.518749237060546875 62.80625152587890625 64.03749847412109375 65.1875 62.96250152587890625 74.24375152587890625 84.9250030517578125 88.15000152587890625 89.65625 86.53125 83.2687530517578125 78.9562530517578125 73.66249847412109375 68.7375030517578125 62.674999237060546875 58.606250762939453125 57.075000762939453125 54.375 54.424999237060546875 53.81874847412109375 54.924999237060546875 55.75 54.41249847412109375 52.9375 48.71875 45.8125 44.09999847412109375 40.90625 36.543750762939453125 32.700000762939453125 30.799999237060546875 28.96875 26.862499237060546875 26.350000381469726562 24.21875 22.424999237060546875 21.856250762939453125 20.118749618530273438
