data/historical-monthly-weather-data/wc2.1_cruts4.09_10m_prec_1960-03.asc
ncols        45
nrows        45
xllcorner    -63.500000000000
yllcorner    -7.500000000000
cellsize     0.166666666667
NODATA_value -9999
[rows 20 to 39 of 45, columns 0 to 44 of 45]
208.493743896484375 209.912506103515625 214.3812408447265625 219.5999908447265625 225.71875 235.399993896484375 245.068756103515625 253.40625 260.98126220703125 265.71875 267.86248779296875 268.13751220703125 268.54376220703125 270.225006103515625 263.818756103515625 252.756256103515625 243.024993896484375 236.7062530517578125 233.618743896484375 230.556243896484375 228.0749969482421875 225.631256103515625 223.693756103515625 231.1374969482421875 240.7062530517578125 251.443756103515625 265.53125 280.13751220703125 294.38751220703125 305.368743896484375 310.91876220703125 310.868743896484375 301.100006103515625 286.23748779296875 271.83123779296875 296.73126220703125 331.287506103515625 353.03125 363.98748779296875 368.36248779296875 368.912506103515625 365.725006103515625 360.28125 355.75 351.42498779296875
210.318756103515625 212.84375 219.556243896484375 226.2937469482421875 233.9812469482421875 245.5187530517578125 256.96875 267.29998779296875 274.92498779296875 276.57501220703125 273.70623779296875 269.868743896484375 266.65625 265.649993896484375 261.274993896484375 254.631256103515625 248.46875 241.8562469482421875 236.5812530517578125 231.462493896484375 225.756256103515625 220.943756103515625 219.9562530517578125 226.756256103515625 236.5437469482421875 249.0500030517578125 266.556243896484375 281.76873779296875 296.01873779296875 306.3125 310.96875 311.23126220703125 304.399993896484375 296.399993896484375 294.26251220703125 311.26873779296875 338.806243896484375 359.84375 370.40625 372.92498779296875 371.818756103515625 368.618743896484375 364.125 360.068756103515625 356.59375
214.8000030517578125 219.1687469482421875 226.3125 234.337493896484375 242.693756103515625 254.3625030517578125 266.26873779296875 279.818756103515625 289.818756103515625 286.78125 278.83123779296875 269.037506103515625 261.412506103515625 259.850006103515625 258.912506103515625 255.6687469482421875 250.8000030517578125 243.9375 237.0812530517578125 230.4499969482421875 223.3125 216.1999969482421875 212.524993896484375 218.9875030517578125 230.5749969482421875 245.0187530517578125 263.78125 280.92498779296875 295.524993896484375 305.181243896484375 311.57501220703125 316.78125 318.04998779296875 318.024993896484375 325.4375 340.193756103515625 359.33123779296875 374.493743896484375 380.600006103515625 380.20623779296875 376.70623779296875 372.662506103515625 368.45001220703125 363.618743896484375 360.618743896484375
223.506256103515625 228.381256103515625 235.8874969482421875 244.100006103515625 252.431243896484375 263.01873779296875 275.243743896484375 287.89373779296875 295.73748779296875 289.9375 278.98126220703125 268.51873779296875 257.018768310546875 256.09375 257.04376220703125 255.3125 251.681243896484375 244.6125030517578125 235.59375 227.125 218.681243896484375 210.2624969482421875 205.149993896484375 211.3125 221.8000030517578125 236.25 255.8812408447265625 275.725006103515625 293.125 306.45623779296875 317.79376220703125 327.03125 333.368743896484375 340.13751220703125 351.850006103515625 367.443756103515625 382.524993896484375 389.98126220703125 390.037506103515625 386.949981689453125 382.23748779296875 376.006256103515625 370.54998779296875 364.006256103515625 363.03125
237.256256103515625 241.243743896484375 246.6062469482421875 254.4187469482421875 263.381256103515625 272.88751220703125 281.73748779296875 290.193756103515625 293.89373779296875 290.14373779296875 282.537506103515625 272.23748779296875 264.6875 261.75 259.32501220703125 257.48748779296875 253.21875 245.5 235.868743896484375 224.712493896484375 213.912506103515625 204.068756103515625 196.943756103515625 200.975006103515625 212.2937469482421875 229.649993896484375 249.59375 272.39373779296875 292.36248779296875 310.63751220703125 325.16876220703125 337.868743896484375 348.83123779296875 359.45001220703125 371.662506103515625 381.54376220703125 393.03125 398.943756103515625 396.649993896484375 393.88751220703125 388.350006103515625 380.23748779296875 371.21875 366.125 360.774993896484375
254.774993896484375 258.9375 260.993743896484375 267.399993896484375 273.506256103515625 280.475006103515625 286.712493896484375 291.881256103515625 292.95623779296875 289.89373779296875 284.38751220703125 278.162506103515625 272.83123779296875 268.774993896484375 264.774993896484375 261.975006103515625 256.29998779296875 248 237.8249969482421875 224.118743896484375 212.649993896484375 199.6687469482421875 189.056243896484375 190.225006103515625 203.40625 223.7624969482421875 247.5812530517578125 270.85626220703125 293.63751220703125 314.9375 333.399993896484375 350.681243896484375 365.1875 375.931243896484375 386.29376220703125 393.287506103515625 401.306243896484375 406.131256103515625 404.125 400.006256103515625 394.412506103515625 383.899993896484375 370.475006103515625 363.024993896484375 358.806243896484375
272.29998779296875 273.36248779296875 275.20001220703125 278.32501220703125 281.6875 286.1875 289.26873779296875 291.5 291.28125 289.65625 286.48748779296875 282.0625 277.98126220703125 274.587493896484375 270.71875 266.712493896484375 262.29998779296875 252.662506103515625 241.1999969482421875 228.381256103515625 214.712493896484375 200.25 185.9187469482421875 185.4562530517578125 201.912506103515625 222.53125 247.4875030517578125 271.17498779296875 295.131256103515625 317.54376220703125 338.57501220703125 360.16876220703125 378.39373779296875 388.193756103515625 397.087493896484375 403.931243896484375 411.79998779296875 416.193756103515625 414.5 411.087493896484375 403.48126220703125 390.193756103515625 373.66876220703125 362.53125 366.42498779296875
291.125 290.45001220703125 290.33123779296875 291 290.60626220703125 291.931243896484375 294.07501220703125 294.0625 292.89373779296875 291.23748779296875 287.96875 284.524993896484375 281.91876220703125 279.48126220703125 275.774993896484375 271.64373779296875 267.681243896484375 259.84375 248.712493896484375 236.024993896484375 222.2937469482421875 207.225006103515625 196.46875 198.0124969482421875 210.493743896484375 228.5749969482421875 251.8312530517578125 275.899993896484375 299.431243896484375 320.33123779296875 341.04998779296875 361.818756103515625 380.84375 392.51873779296875 403.29376220703125 411.48126220703125 418.07501220703125 424.774993896484375 424.618743896484375 423.5625 419.881256103515625 403.40625 380.899993896484375 367.524993896484375 381.66876220703125
308.79376220703125 307.26873779296875 305.068756103515625 302.350006103515625 301.36248779296875 299.806243896484375 297.818756103515625 296.07501220703125 294.65625 292.26873779296875 289.98126220703125 287.61248779296875 285.57501220703125 284.243743896484375 281.95623779296875 279.412506103515625 277.13751220703125 269.787506103515625 259.887481689453125 247.9562530517578125 234.243743896484375 219.712493896484375 210.21875 212.1687469482421875 222.96875 237.4812469482421875 258.568756103515625 281.67498779296875 304.45001220703125 324.368743896484375 342.537506103515625 361.15625 380.350006103515625 395.20623779296875 408.524993896484375 417.850006103515625 424.618743896484375 432.131256103515625 432.931243896484375 431.76251220703125 432.943756103515625 415.32501220703125 391.899993896484375 386.649993896484375 403.943756103515625
321.75 319.243743896484375 314.943756103515625 310.45623779296875 307.4375 302.70623779296875 299.268768310546875 296.193756103515625 294.4375 291.725006103515625 289.662506103515625 289.32501220703125 289.53125 289.51873779296875 288.475006103515625 287.306243896484375 286 283.318756103515625 275.193756103515625 261.274993896484375 246.774993896484375 232.912506103515625 223.056243896484375 225.96875 234.65625 247.6062469482421875 266.975006103515625 287.67498779296875 308.162506103515625 326.1875 343.65625 360.34375 379.318756103515625 397.98748779296875 414.04998779296875 423.86248779296875 431.912506103515625 441.368743896484375 438.524993896484375 437.54998779296875 440.056243896484375 433.89373779296875 421.318756103515625 422.774993896484375 430.8125
331.11248779296875 327.693756103515625 321.92498779296875 317.15625 313.09375 305.85626220703125 301.524993896484375 296.83123779296875 294.15625 291.46875 289.712493896484375 289.868743896484375 291.506256103515625 292.056243896484375 292.818756103515625 293.9375 296.087493896484375 294.70001220703125 290.1875 275.850006103515625 260.32501220703125 245.131256103515625 235.4875030517578125 238.162506103515625 245.318756103515625 257.881256103515625 274.65625 292.54998779296875 311.743743896484375 328.40625 345.024993896484375 362.3125 382 401.85626220703125 419.912506103515625 429.66876220703125 439.256256103515625 450.51251220703125 446.51873779296875 437.568756103515625 443.70001220703125 450.76251220703125 451.73748779296875 455.89373779296875 464.45001220703125
337.381256103515625 333.48126220703125 326.83123779296875 321.10626220703125 316.57501220703125 308.25 302.818756103515625 296.39373779296875 293.01873779296875 290.181243896484375 288.4375 289.23748779296875 290.931243896484375 293.84375 296.91876220703125 300.243743896484375 301.256256103515625 299.92498779296875 295.73748779296875 285.368743896484375 269.8125 256.03125 245.225006103515625 247.5124969482421875 255.9250030517578125 266.29998779296875 280.625 297.931243896484375 314.17498779296875 330.837493896484375 347.493743896484375 364.59375 384.01251220703125 404.89373779296875 424.393768310546875 435.875 448.83123779296875 460.01251220703125 453.712493896484375 450.63751220703125 463.20001220703125 477.681243896484375 486.068756103515625 499.387481689453125 512.79376220703125
338.53125 335.125 328.337493896484375 322.412506103515625 316.618743896484375 309.537506103515625 302.681243896484375 295.625 290.78125 288.350006103515625 289.08123779296875 289.76251220703125 292.818756103515625 298.443756103515625 301.96875 304.92498779296875 305.46875 304.48126220703125 299.48126220703125 290.931243896484375 278.475006103515625 265.443756103515625 254.462493896484375 257.39373779296875 264.20001220703125 272.693756103515625 285.631256103515625 301.131256103515625 317.41876220703125 333.600006103515625 350.3125 367.725006103515625 388.98126220703125 410.98748779296875 430.568756103515625 446.350006103515625 461.13751220703125 472.57501220703125 470.96875 480.78125 496.318756103515625 512.8499755859375 528.7437744140625 547.5250244140625 575.57501220703125
338.42498779296875 335.07501220703125 330.09375 324.45623779296875 318.64373779296875 310.45623779296875 302.5 295.09375 289.20623779296875 285.993743896484375 286.431243896484375 290.350006103515625 294.975006103515625 299.53125 303.100006103515625 307.45001220703125 310.09375 308.58123779296875 302.712493896484375 295.125 284.993743896484375 272.899993896484375 263.35626220703125 264.70001220703125 270.225006103515625 276.61248779296875 289.274993896484375 303.16876220703125 319.89373779296875 335.875 352 371.1875 394.506256103515625 417.38751220703125 440.3125 457.84375 473.462493896484375 486.08123779296875 495.25 509.975006103515625 526.1875 545.54376220703125 569.67498779296875 594.40625 628.7249755859375
338.237518310546875 335.88751220703125 331.61248779296875 325.82501220703125 318.381256103515625 310.524993896484375 301.51873779296875 294.35626220703125 286.337493896484375 281.51251220703125 283.01873779296875 289.618743896484375 296.88751220703125 302.35626220703125 307.59375 310.86248779296875 313.78125 312 306.568756103515625 299.462493896484375 290.70001220703125 279.11248779296875 269.73748779296875 269.95001220703125 274.537506103515625 280.225006103515625 291.23126220703125 305.11248779296875 319.712493896484375 336.98748779296875 355.26873779296875 375.274993896484375 399.26873779296875 424.28125 447.587493896484375 465.212493896484375 482.337493896484375 503.056243896484375 517.98126220703125 534.48748779296875 553.125 572.2437744140625 598.01251220703125 626.01873779296875 656.17498779296875
338.087493896484375 335.037506103515625 330.181243896484375 324.337493896484375 317.35626220703125 308.90625 300.662506103515625 291.58123779296875 281.86248779296875 277.087493896484375 279.181243896484375 287.681243896484375 298.199981689453125 306.131256103515625 310.90625 314.54998779296875 316.100006103515625 314.13751220703125 310.256256103515625 304.79376220703125 296.04376220703125 284.78125 275.037506103515625 274.90625 277.725006103515625 281.725006103515625 291.57501220703125 304.5625 318.375 336.256256103515625 356.4375 377.181243896484375 400.65625 427.28125 451.212493896484375 468.79998779296875 489.875 511.14373779296875 524.9625244140625 543.4749755859375 564.3687744140625 583.40625 605.5687255859375 634.26873779296875 657.9625244140625
336.51251220703125 333.96875 329.40625 323.337493896484375 317.20001220703125 309.712493896484375 300.98748779296875 291.649993896484375 279.95623779296875 271.068756103515625 276.712493896484375 291.85626220703125 303.5 310.0625 315.131256103515625 317.337493896484375 317.600006103515625 315.54376220703125 312.78125 306.36248779296875 298.59375 288.23126220703125 279.274993896484375 277.07501220703125 278.16876220703125 281.212493896484375 290.20623779296875 302.95001220703125 315.79998779296875 335.3125 356.38751220703125 378.125 403.868743896484375 431.35626220703125 455.39373779296875 475.087493896484375 496.60626220703125 518.45623779296875 533.3687744140625 548.38751220703125 566.67498779296875 585.46875 607.86248779296875 634.48126220703125 656.1937255859375
336.256256103515625 334.35626220703125 329.36248779296875 323.899993896484375 319.16876220703125 312.82501220703125 305.04376220703125 295.53125 285.67498779296875 274.993743896484375 289.100006103515625 305.21875 312.36248779296875 316.8125 319.10626220703125 320.318756103515625 318.29376220703125 315.73748779296875 312.0625 305.23126220703125 296.681243896484375 287.66876220703125 280.943756103515625 277.67498779296875 277.774993896484375 280.3125 288.3125 300.712493896484375 313.649993896484375 333.8125 354.85626220703125 377.125 403.600006103515625 432.118743896484375 455.96875 477.98748779296875 499.53125 518.625 535.65625 552.1937255859375 566.2125244140625 585.57501220703125 604.1500244140625 622.23126220703125 642.0250244140625
338.61248779296875 336.57501220703125 332.58123779296875 327.95623779296875 323.75 317.17498779296875 311.837493896484375 305.274993896484375 301.5625 306.225006103515625 322.51251220703125 324.787506103515625 323.881256103515625 324.274993896484375 324.625 323.60626220703125 320.068756103515625 315.75 309.98126220703125 301.96875 292.4375 284.26251220703125 278.3125 275.837493896484375 276.118743896484375 279.0625 287.006256103515625 297.66876220703125 309.98126220703125 329.14373779296875 350.212493896484375 370.1875 393.82501220703125 420.39373779296875 447.193756103515625 466.587493896484375 485.70001220703125 505.9375 519.73748779296875 532.60626220703125 545.4375 563.2874755859375 577.875 593.90625 607.0999755859375
342.15625 340.21875 336.76873779296875 332.13751220703125 329.13751220703125 325.70001220703125 320.712493896484375 319.006256103515625 318.95623779296875 323.17498779296875 330.681243896484375 334.368743896484375 334.149993896484375 332.256256103515625 331.318756103515625 327.9375 322.756256103515625 316.32501220703125 307.83123779296875 299.125 288.83123779296875 280.73126220703125 274.068756103515625 271.774993896484375 273.4375 276.9375 283.943756103515625 294.26251220703125 305.493743896484375 322.79376220703125 341.04998779296875 362.48126220703125 387.225006103515625 410.475006103515625 434.41876220703125 453.787506103515625 470.225006103515625 487.975006103515625 502.212493896484375 510.79376220703125 520.45001220703125 535.29376220703125 547.46875 559.25 568.8187255859375
