data/historical-monthly-weather-data/wc2.1_cruts4.09_10m_prec_1987-07.asc
ncols        51
nrows        45
xllcorner    -63.500000000000
yllcorner    -7.500000000000
cellsize     0.166666666667
NODATA_value -9999
[rows 0 to 18 of 45, columns 0 to 42 of 51]
392.056243896484375 378.774993896484375 362.962493896484375 354.274993896484375 340.550018310546875 327.41876220703125 314.212493896484375 298.5 288.95623779296875 281.76251220703125 269.6875 258.600006103515625 246.537506103515625 238.631256103515625 233.537506103515625 226.1999969482421875 218.8249969482421875 208.8937530517578125 201.243743896484375 196.524993896484375 192.806243896484375 184.2687530517578125 177.65625 174.024993896484375 172.8249969482421875 169.09375 171.181243896484375 174.1125030517578125 174.78125 177.899993896484375 173.5812530517578125 173.556243896484375 178.8562469482421875 180.5187530517578125 181.1437530517578125 176.7062530517578125 168.4812469482421875 168.8937530517578125 159.743743896484375 151.850006103515625 149.6750030517578125 148.899993896484375 143.59375
383.475006103515625 369.59375 354.850006103515625 348.024993896484375 338.82501220703125 326.8125 313.36248779296875 300.20001220703125 290.350006103515625 279.21875 266.01251220703125 252.600006103515625 239.912506103515625 229.2312469482421875 220.3562469482421875 212.3562469482421875 203.7312469482421875 195.6875 190.162506103515625 185.225006103515625 176.8249969482421875 172.2375030517578125 167.59375 167.6687469482421875 162.6687469482421875 160.2687530517578125 162.993743896484375 166.5749969482421875 166.056243896484375 165.693756103515625 165.618743896484375 170.4812469482421875 174.34375 179.21875 180.6062469482421875 173.0187530517578125 164.8625030517578125 162.162506103515625 152.4875030517578125 146.4250030517578125 145.556243896484375 141.912506103515625 137.8562469482421875
352.26251220703125 347.46875 339.73748779296875 328.39373779296875 315.431243896484375 302.42498779296875 292.54376220703125 285.98748779296875 278.125 267.256256103515625 254.4562530517578125 239.2687530517578125 228.9875030517578125 214.5812530517578125 204.4812469482421875 195.318756103515625 187.4562530517578125 179.21875 172.243743896484375 168.21875 160.524993896484375 156.774993896484375 153.600006103515625 153.03125 150.5437469482421875 146.78125 153.9187469482421875 156.90625 158.0749969482421875 159.3125 159.8249969482421875 158.850006103515625 163.21875 170.25 165.962493896484375 157.6437530517578125 153.712493896484375 153.1125030517578125 143.5812530517578125 138.5749969482421875 136.993743896484375 134.587493896484375 129.4875030517578125
324.631256103515625 314.90625 312.15625 306.806243896484375 291.712493896484375 277.64373779296875 267.90625 266.48748779296875 263.57501220703125 255.46875 238.9812469482421875 224.350006103515625 212.743743896484375 203.0812530517578125 190.881256103515625 179.524993896484375 169.975006103515625 162.4499969482421875 157.2624969482421875 156.225006103515625 149.8937530517578125 142.2937469482421875 138.625 139.7937469482421875 139.149993896484375 137.443756103515625 141.90625 142.475006103515625 146.774993896484375 152.6062469482421875 153.7624969482421875 152.3000030517578125 151.5124969482421875 151.6437530517578125 148.9375 149.0437469482421875 147.7375030517578125 141.2375030517578125 134.681243896484375 129.46875 130.068756103515625 129.65625 125
330.743743896484375 307.54376220703125 282.256256103515625 276.0625 270.54998779296875 256.63751220703125 250.7937469482421875 249.1687469482421875 245.40625 236.587493896484375 227.181243896484375 211.837493896484375 200.412506103515625 189.693756103515625 177.3249969482421875 166.4562530517578125 156.25 149.7624969482421875 141.53125 138.84375 135.1437530517578125 128.087493896484375 123.6750030517578125 128.462493896484375 127.84375 126.34375 129.131256103515625 134.7937469482421875 138.662506103515625 140.5374908447265625 143.4562530517578125 144.7874908447265625 146.118743896484375 144.6062469482421875 141.649993896484375 136.6750030517578125 135.162506103515625 132.2375030517578125 125.49375152587890625 122.47499847412109375 122.3562469482421875 119.09999847412109375 117.7375030517578125
312.287506103515625 298.243743896484375 276.78125 242.087493896484375 240.787506103515625 244.21875 237.3125 231.943756103515625 230.4812469482421875 221.375 210.212493896484375 197.587493896484375 187.7312469482421875 173.6374969482421875 164.806243896484375 154.8562469482421875 143.25 134.125 128.21875 126.03125 122.3312530517578125 117.6687469482421875 115.49375152587890625 115.84375 117.7062530517578125 117.9375 121.02500152587890625 125.83124542236328125 128.618743896484375 130.625 133.306243896484375 137.850006103515625 136.71875 137.212493896484375 132.7687530517578125 129.4812469482421875 122.7312469482421875 120.3312530517578125 118.5812530517578125 118.22499847412109375 113.9187469482421875 113.0625 110.41249847412109375
298.09375 285.037506103515625 266.08123779296875 244.28125 226.15625 214.037506103515625 213.774993896484375 212.8125 207.368743896484375 201.556243896484375 194.03125 179.65625 172.9749908447265625 161.9875030517578125 151.2312469482421875 143.40625 134.806243896484375 122.9250030517578125 113.58750152587890625 113.30625152587890625 109.9812469482421875 105.9499969482421875 103.3249969482421875 106.0812530517578125 107.6687469482421875 110.30625152587890625 116.00624847412109375 117.38124847412109375 118.56874847412109375 123.84999847412109375 125.6374969482421875 125.77500152587890625 124.3312530517578125 126.21250152587890625 125.40000152587890625 120.40625 113.7937469482421875 110.0437469482421875 109.9499969482421875 110.96875 106.90000152587890625 104 103
288.818756103515625 271.068756103515625 255.5625 239.3937530517578125 225.1875 219.899993896484375 205.475006103515625 186.5 178.2375030517578125 174.381256103515625 169.712493896484375 162.6687469482421875 156.443756103515625 146.78125 139.4187469482421875 131.96875 122.94374847412109375 112.4812469482421875 103.90000152587890625 98.20000457763671875 98.9375 97.74375152587890625 95.05625152587890625 97.6062469482421875 101.13124847412109375 101.22499847412109375 106.28125 106.90625 111.1062469482421875 113.0437469482421875 118.15625 118.5625 117.86875152587890625 116.2375030517578125 113.66249847412109375 107.49375152587890625 102.15000152587890625 99.15000152587890625 97.09375 95.78125 93.91249847412109375 93.34999847412109375 92.2937469482421875
277.587493896484375 261.48126220703125 244.850006103515625 233.256256103515625 222.4250030517578125 212.0500030517578125 200.100006103515625 187.037506103515625 173.1999969482421875 159.6999969482421875 152.4562530517578125 144.125 143.6999969482421875 135.09375 127.6687469482421875 120.06874847412109375 113.4562530517578125 106.71250152587890625 102.05625152587890625 92.55625152587890625 89.53749847412109375 91.25624847412109375 89.4250030517578125 93.46875 96.4187469482421875 94.5124969482421875 96.8000030517578125 102.5749969482421875 107.2312469482421875 108.15000152587890625 113.5187530517578125 111.0812530517578125 105.56874847412109375 102.08750152587890625 100.59375 99.46250152587890625 97.05625152587890625 95.31874847412109375 91.7937469482421875 88.5625 86.09999847412109375 84.91249847412109375 84.63124847412109375
262.66876220703125 249.462493896484375 236.837493896484375 226.28125 216.056243896484375 208.7624969482421875 196.4562530517578125 183.8249969482421875 172.431243896484375 162.443756103515625 149.662506103515625 136.125 132.756256103515625 126.5437469482421875 119.5749969482421875 113.125 104.56874847412109375 101.18125152587890625 97.33750152587890625 91.2624969482421875 88.0187530517578125 84.59999847412109375 81.75 85.78125 87.96250152587890625 89.96250152587890625 92.1062469482421875 96.6687469482421875 99.50624847412109375 100.9875030517578125 103.99375152587890625 101.56874847412109375 98.41249847412109375 94.5187530517578125 91.5124969482421875 91.2937469482421875 90.06874847412109375 88.8937530517578125 86.16249847412109375 85.4499969482421875 84.69374847412109375 82.2624969482421875 78.80625152587890625
253.375 241.375 228.46875 220.1875 209.8249969482421875 202.618743896484375 191.8312530517578125 175.4875030517578125 161.3000030517578125 152.0187530517578125 143.6125030517578125 133.287506103515625 122.1437530517578125 117.75 108.7937469482421875 101.93125152587890625 96.71875 93.80625152587890625 90.36875152587890625 88.6750030517578125 88.40625 84.22499847412109375 78.4187469482421875 76.03749847412109375 82.09375 88.93125152587890625 91.69374847412109375 94.03749847412109375 93.30625152587890625 94.38124847412109375 95.5625 95.875 93.4562530517578125 88.7375030517578125 86.8312530517578125 85.3625030517578125 84.3312530517578125 81.1875 82.6999969482421875 81.15625 78.56874847412109375 75.84999847412109375 74.6999969482421875
243.8249969482421875 230.274993896484375 219.056243896484375 212.056243896484375 203.725006103515625 196.787506103515625 187.8562469482421875 172.4187469482421875 156.306243896484375 142.875 133.412506103515625 126.8000030517578125 113.8874969482421875 106.97499847412109375 102.53749847412109375 94.2687530517578125 89.31874847412109375 86.74375152587890625 84.28125 84.2687530517578125 87.09999847412109375 84.56874847412109375 81.68125152587890625 78.00624847412109375 79.19374847412109375 79.2375030517578125 82.08750152587890625 86.2375030517578125 87.5 87.71875 86.3125 86.52500152587890625 85.4499969482421875 83.06874847412109375 82.49375152587890625 82.3125 80.0812530517578125 79.6062469482421875 76.40000152587890625 75.1999969482421875 72.40625 71.6062469482421875 67.5625
227.2624969482421875 218.4250030517578125 210.350006103515625 201.0625 191.318756103515625 185.2062530517578125 174.743743896484375 159.2687530517578125 145.1999969482421875 135.850006103515625 128.0812530517578125 118.77500152587890625 110.86875152587890625 97.03749847412109375 89.8312530517578125 86.44374847412109375 81.9562530517578125 80.58750152587890625 78.84375 77.68125152587890625 79.06874847412109375 77.5124969482421875 76.78125 75.09375 72.5124969482421875 72.74375152587890625 76.15000152587890625 80.41249847412109375 82.2062530517578125 81.4375 79.7687530517578125 77.47499847412109375 78.05625152587890625 76.75 75.9875030517578125 76.5625 77.3625030517578125 78.71250152587890625 78.91249847412109375 74.3000030517578125 68.81874847412109375 66.3874969482421875 60.52500152587890625
213.712493896484375 205 197.9562530517578125 188.350006103515625 178.118743896484375 169.7312469482421875 159.287506103515625 146.3125 137.9187469482421875 127.24375152587890625 119.34999847412109375 111.24375152587890625 101.0812530517578125 90.4250030517578125 78.4812469482421875 77.03749847412109375 72.47499847412109375 72.15000152587890625 70.06874847412109375 69.6999969482421875 70.41249847412109375 70.6999969482421875 70.65000152587890625 70.71250152587890625 68.9250030517578125 68.42499542236328125 70.30625152587890625 71.90625 73.3000030517578125 72.8562469482421875 74.3125 73.34375 71.40625 70.2687530517578125 70.06874847412109375 73.27500152587890625 77.13124847412109375 81.03125 82.9187469482421875 77.6687469482421875 66.0749969482421875 59.8125 59.393749237060546875
204.024993896484375 193.024993896484375 184.131256103515625 176.037506103515625 164.556243896484375 155.0562591552734375 148.587493896484375 136.4812469482421875 127.1687469482421875 117.5625 109.8625030517578125 100.9187469482421875 92.6875 84.15625 70.5 66.71875 63.34999847412109375 62.71875 61.581249237060546875 61.887500762939453125 64.1374969482421875 64.6875 65.27500152587890625 67.46875 68.28125 68.88124847412109375 70.15625 70.33750152587890625 71.9499969482421875 72.25 70.1062469482421875 70.02500152587890625 70.96250152587890625 68.6437530517578125 65.21250152587890625 67.52500152587890625 75.50624847412109375 83.8937530517578125 87.125 81.625 74.18125152587890625 69.1125030517578125 72.0124969482421875
190.149993896484375 180.1999969482421875 172.40625 162.537506103515625 152.6374969482421875 146.381256103515625 135.681243896484375 125.00624847412109375 117.01250457763671875 110.22499847412109375 101.7312469482421875 93.58750152587890625 85.96875 77.8562469482421875 66.8125 55.03125 53.69374847412109375 54.40625 53.331249237060546875 54.200000762939453125 56.174999237060546875 58.63124847412109375 60.793750762939453125 66.2375030517578125 68.5187530517578125 68.99375152587890625 68.55625152587890625 66.9812469482421875 68.56874847412109375 69.25 71.53125 68.61875152587890625 65.84999847412109375 62.893749237060546875 60.65000152587890625 68.78125 75.4812469482421875 82.90000152587890625 89.0749969482421875 90.75 87.7937469482421875 82.6374969482421875 78.68125152587890625
177.274993896484375 168.15625 161.431243896484375 153.4187469482421875 144.912506103515625 135.024993896484375 126.78125 117 109.7062530517578125 103.35625457763671875 95.91249847412109375 86.97499847412109375 78.5187530517578125 71.9562530517578125 65.875 56.75 48.293750762939453125 46.46250152587890625 48.125 48.693752288818359375 50.575000762939453125 53.606250762939453125 57.981250762939453125 65.0187530517578125 69.69374847412109375 66.00624847412109375 62.88124847412109375 61.69374847412109375 64.47499847412109375 67.1875 69.84999847412109375 71.4499969482421875 68.28125 65.84375 70.36875152587890625 74.8562469482421875 83.46250152587890625 94.53125 103.84375 98.25624847412109375 93.2062530517578125 85.5124969482421875 77.15000152587890625
165.162506103515625 158.743743896484375 150.443756103515625 143.975006103515625 135.399993896484375 124.5187530517578125 115.6875 107.6437530517578125 101.06874847412109375 92.72499847412109375 86.40625 80.52500152587890625 73.11875152587890625 67.03125 62.700000762939453125 56.831249237060546875 49.3125 41.65625 43.90000152587890625 43.96875 45.875 48.78125 54.94374847412109375 61.143749237060546875 64.8937530517578125 61.34375 57.97499847412109375 58.143749237060546875 61.50624847412109375 62.887500762939453125 62.38124847412109375 63.28125 71.94374847412109375 74.6374969482421875 73.6437530517578125 81.71250152587890625 92.6437530517578125 99.6374969482421875 104.3874969482421875 100.4375 90.03125 82.3249969482421875 74.4875030517578125
154.0625 147.850006103515625 138.3937530517578125 130.962493896484375 124.2937469482421875 115.4187469482421875 105.61875152587890625 98.9375 93.75 86.5749969482421875 80.55625152587890625 73.28749847412109375 67.4375 63.106250762939453125 57.18125152587890625 53.28749847412109375 48.25624847412109375 42.38124847412109375 38.331249237060546875 37.643749237060546875 41.625 47.987499237060546875 45.84375 52.28749847412109375 56.30625152587890625 57.612499237060546875 56.55625152587890625 55.75624847412109375 59.237499237060546875 61.668750762939453125 62.77500152587890625 65.3312530517578125 71.53125 72.53125 74.0437469482421875 80.7062530517578125 86.28749847412109375 90.68125152587890625 95.08750152587890625 89.71875 83.96875 75.88124847412109375 70.2062530517578125
