data/historical-monthly-weather-data/wc2.1_cruts4.09_10m_prec_1970-11.asc
ncols        45
nrows        45
xllcorner    -63.500000000000
yllcorner    -7.500000000000
cellsize     0.166666666667
NODATA_value -9999
[rows 20 to 39 of 45, columns 0 to 43 of 45]
233.6125030517578125 238.931243896484375 241.5187530517578125 243.475006103515625 244.2937469482421875 245.368743896484375 245.9499969482421875 244.9375 242.71875 238.100006103515625 232.0437469482421875 224.931243896484375 216.274993896484375 205.1999969482421875 196.118743896484375 186.8249969482421875 179.09375 176.7687530517578125 179.100006103515625 182.506256103515625 197.9812469482421875 213.0625 224.631256103515625 232.0812530517578125 238.649993896484375 241.59375 237.225006103515625 226.9562530517578125 214.399993896484375 203.912506103515625 195.8125 196.5124969482421875 206.2375030517578125 219.024993896484375 232.774993896484375 250.837493896484375 267.037506103515625 283.70623779296875 297.6875 311.556243896484375 322.35626220703125 329.08123779296875 332.274993896484375 332.712493896484375
228.1875 232.306243896484375 235.9187469482421875 238.787506103515625 241.15625 243.149993896484375 245.631256103515625 246.306243896484375 246.9375 244.693756103515625 240.2937469482421875 235.4375 228.0749969482421875 217.024993896484375 206.2624969482421875 195.662506103515625 187.8625030517578125 183.3312530517578125 181.943756103515625 183.6437530517578125 193.8625030517578125 205.881256103515625 217.399993896484375 224.8125 230.756256103515625 234.7624969482421875 234.28125 227.8125 220.84375 213.649993896484375 205.8937530517578125 205.537506103515625 214.90625 229.649993896484375 245.818756103515625 264.006256103515625 280.70623779296875 296.54376220703125 307.943756103515625 320.85626220703125 330.506256103515625 335.92498779296875 339.29998779296875 341.462493896484375
223.056243896484375 228.743743896484375 232.1750030517578125 235.3874969482421875 238.475006103515625 240.8937530517578125 243.2687530517578125 246.787506103515625 250.03125 249.4562530517578125 247.96875 245.037506103515625 242.6437530517578125 232.600006103515625 217.65625 204.3312530517578125 194.649993896484375 188.837493896484375 184.837493896484375 183.7375030517578125 191.5812530517578125 200.631256103515625 209.350006103515625 216.53125 224.28125 230.1999969482421875 230.587493896484375 228.7312469482421875 224.21875 218.5687408447265625 213.875 213.6687469482421875 225.212493896484375 240.943756103515625 257.193756103515625 276.66876220703125 294.212493896484375 307.40625 317.54998779296875 329.118743896484375 339.462493896484375 343.64373779296875 346.431243896484375 348.33123779296875
218.131256103515625 223.46875 227.125 229.5437469482421875 233.193756103515625 237.2312469482421875 240.8312530517578125 245.462493896484375 248.3625030517578125 249.287506103515625 249.412506103515625 251.631256103515625 252.850006103515625 241.962493896484375 224.993743896484375 210.774993896484375 200.0812530517578125 193.09375 187.1374969482421875 183.3125 188.962493896484375 195.681243896484375 201.6062469482421875 208.6687469482421875 216.6125030517578125 222.8125 227.8312530517578125 226.2687530517578125 225.5437469482421875 222.1062469482421875 220.6999969482421875 222.1374969482421875 233.850006103515625 248.8562469482421875 265.868743896484375 288 306.54998779296875 317.412506103515625 327.83123779296875 338.693756103515625 348.212493896484375 352.45001220703125 355.556243896484375 357.45001220703125
216.412506103515625 219.8625030517578125 223.1062469482421875 225.6687469482421875 230.118743896484375 233.4812469482421875 236.756256103515625 240.993743896484375 244.5812530517578125 246.2624969482421875 247.7937469482421875 247.9375 247.5437469482421875 239.625 226.2937469482421875 213.524993896484375 203.100006103515625 194.6999969482421875 187.8874969482421875 182.78125 185.912506103515625 189.3312530517578125 194.2624969482421875 200.587493896484375 207.743743896484375 216.568756103515625 221.975006103515625 224.4875030517578125 225.306243896484375 225.5625 225.131256103515625 227.725006103515625 239.4499969482421875 254.03125 269.493743896484375 289.818756103515625 309.01873779296875 321.33123779296875 333.54376220703125 346.36248779296875 355.91876220703125 360.51873779296875 366.118743896484375 371.13751220703125
218.4187469482421875 221.131256103515625 220.7375030517578125 223.462493896484375 225.975006103515625 228.5437469482421875 231.125 234.7312469482421875 237.962493896484375 240.1125030517578125 241.4250030517578125 241.475006103515625 239.118743896484375 233.056243896484375 223.568756103515625 213.625 204.787506103515625 196.243743896484375 188.75 183.0187530517578125 183.8312530517578125 185.15625 187.100006103515625 191.6875 199.931243896484375 210.03125 217.662506103515625 222.8562469482421875 226.350006103515625 228.1875 228.662506103515625 231.681243896484375 243.4562530517578125 255.8625030517578125 270.20001220703125 289.212493896484375 307.35626220703125 322.67498779296875 338.475006103515625 352.493743896484375 364.287506103515625 369.63751220703125 372.8125 380.57501220703125
223.162506103515625 222.850006103515625 221.5187530517578125 221.6999969482421875 221.975006103515625 223.306243896484375 226.712493896484375 229.21875 230.46875 232.6062469482421875 235.0500030517578125 235.0437469482421875 232.6999969482421875 228.056243896484375 220.7312469482421875 211.881256103515625 204.40625 196.8000030517578125 189.693756103515625 183.1750030517578125 182.2312469482421875 181.6687469482421875 181.5187530517578125 185.975006103515625 195.4499969482421875 205.381256103515625 213.287506103515625 219.75 225.5812530517578125 227.287506103515625 229.556243896484375 233.2312469482421875 245.712493896484375 258.287506103515625 270.59375 288.256256103515625 305.431243896484375 320.193756103515625 338.60626220703125 355.118743896484375 368.98748779296875 374.787506103515625 379.193756103515625 385.506256103515625
228.337493896484375 225.037506103515625 221.9375 219.493743896484375 218.287506103515625 218.318756103515625 220.568756103515625 223.0500030517578125 224.712493896484375 226.6125030517578125 227.649993896484375 227.868743896484375 225.9812469482421875 222.2937469482421875 217.0187530517578125 210.0437469482421875 203.28125 196.9875030517578125 190.1875 184.087493896484375 182.350006103515625 180.2375030517578125 180.6999969482421875 186.1125030517578125 194.15625 202.5812530517578125 209.8625030517578125 217.162506103515625 223.2687530517578125 225.712493896484375 227.6374969482421875 232.037506103515625 244.693756103515625 256.48126220703125 269.95001220703125 286.54376220703125 302.556243896484375 318.73126220703125 336.28125 357.493743896484375 376.118743896484375 383.943756103515625 382.84375 388.087493896484375
232.6875 226.649993896484375 220.4562530517578125 216.25 213.5187530517578125 212.71875 214.056243896484375 216.087493896484375 218.7937469482421875 220.350006103515625 221.493743896484375 221.2312469482421875 220.2624969482421875 217.25 213 208.5500030517578125 203.8874969482421875 197.3625030517578125 191.1062469482421875 185.4812469482421875 183.25 180.59375 180.649993896484375 186.725006103515625 193.75 200.8625030517578125 208.350006103515625 214.774993896484375 221.225006103515625 223.149993896484375 225.524993896484375 229.587493896484375 241.131256103515625 253.412506103515625 267.6875 283.399993896484375 299.04376220703125 314 332.0625 351.962493896484375 374.13751220703125 381.34375 384.96875 398.76251220703125
233.006256103515625 225.25 217.8625030517578125 210.65625 207.5812530517578125 207.3125 208.6875 210.9499969482421875 213.462493896484375 214.34375 215.600006103515625 216.0812530517578125 215.8125 214.475006103515625 211.287506103515625 207.8000030517578125 202.806243896484375 198.131256103515625 192.2312469482421875 187.0812530517578125 184.556243896484375 183.087493896484375 182.9499969482421875 187.4562530517578125 193.4562530517578125 200.0187530517578125 206.71875 212.3125 217.743743896484375 221.0625 223.868743896484375 228.2437591552734375 239.399993896484375 252.2375030517578125 265.587493896484375 278.92498779296875 292.125 307.368743896484375 321.037506103515625 337.57501220703125 356.962493896484375 374.837493896484375 386.506256103515625 404.987518310546875
231.0500030517578125 222.462493896484375 214.5 206.9250030517578125 202.375 203.212493896484375 204.774993896484375 206.625 207.875 209.6750030517578125 211.3000030517578125 212.287506103515625 213.25 211.59375 209.600006103515625 207.1999969482421875 204.1999969482421875 199.46875 193.506256103515625 190.4499969482421875 188.3000030517578125 186.5437469482421875 185.875 189.2937469482421875 193.3625030517578125 199 204.318756103515625 209.600006103515625 214.2687530517578125 217.8499908447265625 221.8312530517578125 227.256256103515625 237.8125 251.274993896484375 262.95623779296875 274.618743896484375 287.056243896484375 302.51873779296875 313.193756103515625 319.318756103515625 338.943756103515625 364.10626220703125 383.756256103515625 402.73126220703125
227.256256103515625 218.90625 211.03125 204.7312469482421875 201.0187530517578125 199.774993896484375 200.8937530517578125 201.96875 203.09375 204.5625 206.5500030517578125 208.524993896484375 209.787506103515625 209.912506103515625 209.7937469482421875 208.587493896484375 206.3312530517578125 202.181243896484375 197.9562530517578125 195.625 193.25 190.506256103515625 188.71875 190.693756103515625 194.212493896484375 197.8249969482421875 201.8499908447265625 206.2687530517578125 210.0187530517578125 214.9499969482421875 219.8625030517578125 225.3312530517578125 236.0749969482421875 248.21875 261.04998779296875 272.056243896484375 283.631256103515625 296.056243896484375 303.5625 312.649993896484375 335.368743896484375 362.95001220703125 386.39373779296875 413.48748779296875
217.7062530517578125 211.037506103515625 204.4187469482421875 199.4187469482421875 195.96875 193.837493896484375 193.875 194.443756103515625 195.4812469482421875 197.4562530517578125 201.6999969482421875 204.1875 207.3937530517578125 210.8000030517578125 211.162506103515625 211.0437469482421875 209.1374969482421875 207.4499969482421875 204.8562469482421875 202.8874969482421875 200.462493896484375 196.818756103515625 193.6750030517578125 194.3937530517578125 196.587493896484375 198.5437469482421875 201.3625030517578125 204.2624969482421875 207.875 212.806243896484375 217.96875 223.6687469482421875 233.868743896484375 245.1125030517578125 258.26873779296875 269.79998779296875 282.42498779296875 293.45001220703125 300.34375 316.41876220703125 337.600006103515625 362.5625 389.09375 421.131256103515625
206.7624969482421875 202 196.8625030517578125 193.34375 189.881256103515625 187.5812530517578125 186.0749969482421875 186.3562469482421875 187.756256103515625 190.0625 194.681243896484375 200.1750030517578125 206.0124969482421875 210.3625030517578125 212.024993896484375 213.131256103515625 213.3562469482421875 212.837493896484375 211.5437469482421875 210.4250030517578125 207.431243896484375 203.4187469482421875 199.693756103515625 198.59375 198.9812469482421875 199 201.006256103515625 202.4187469482421875 205.006256103515625 209.90625 215.4562530517578125 222.125 232.087493896484375 242.962493896484375 255.868743896484375 268.34375 279.86248779296875 289.193756103515625 300.068756103515625 317.25 335.48748779296875 358.73126220703125 387.868743896484375 421.743743896484375
197.0749969482421875 193.6999969482421875 189.9000091552734375 186.568756103515625 183.8625030517578125 181.15625 178.7375030517578125 178.40625 178.662506103515625 181.993743896484375 188.225006103515625 196.412506103515625 204.4875030517578125 211.868743896484375 215.3937530517578125 216.306243896484375 217.90625 218.4812469482421875 218.1125030517578125 217.381256103515625 214.600006103515625 210.1687469482421875 205.506256103515625 202.15625 200.0124969482421875 199.068756103515625 199.306243896484375 200.3562469482421875 201.681243896484375 206.8125 213.1999969482421875 219.931243896484375 229.2624969482421875 240.631256103515625 251.649993896484375 262.5625 273.587493896484375 288.243743896484375 299.462493896484375 312.868743896484375 329.57501220703125 348.837493896484375 374.13751220703125 403.01873779296875
189.09375 186.0812530517578125 182.9875030517578125 179.875 177.375 174.9812469482421875 172.631256103515625 170.46875 169.5500030517578125 171.587493896484375 179.068756103515625 189.375 200.962493896484375 211.5124969482421875 215.850006103515625 219.662506103515625 221.399993896484375 223.131256103515625 224.2624969482421875 225.09375 221.8937530517578125 215.7062530517578125 210.068756103515625 206.1374969482421875 203.1437530517578125 201.0437469482421875 200.787506103515625 201.3937530517578125 202.368743896484375 206.0124969482421875 212.3874969482421875 218.212493896484375 227.1875 237.21875 245.75 255.024993896484375 269.92498779296875 283.399993896484375 292.89373779296875 306.11248779296875 321.98748779296875 337.0625 355.725006103515625 378.15625
181.4187469482421875 179.131256103515625 176.8249969482421875 174.443756103515625 172.0187530517578125 169.899993896484375 167.125 164.3312530517578125 161.837493896484375 160.475006103515625 169.850006103515625 186.6687469482421875 200.0500030517578125 210.3312530517578125 216.3125 221.1875 224.3937530517578125 226.5 228.318756103515625 229.0749969482421875 225.368743896484375 218.993743896484375 213.21875 208.6875 205.03125 203.0500030517578125 201.46875 202.1437530517578125 202.0812530517578125 205.8000030517578125 210.90625 217.337493896484375 224.774993896484375 233.65625 240.975006103515625 250.78125 264.162506103515625 277.26873779296875 286.993743896484375 296.32501220703125 308.53125 319.212493896484375 332.71875 349.58123779296875
175.475006103515625 173.243743896484375 171.212493896484375 169.53125 167.462493896484375 165.881256103515625 163.962493896484375 161.568756103515625 159.34375 156.8562469482421875 172.037506103515625 190.8125 201.787506103515625 211.1125030517578125 217.3874969482421875 222.8499908447265625 226.943756103515625 228.8249969482421875 229.9875030517578125 228.90625 225.868743896484375 220.6687469482421875 215.443756103515625 210.006256103515625 206.412506103515625 204.1437530517578125 202.1437530517578125 202.2937469482421875 202.28125 206.1374969482421875 208.4499969482421875 213.618743896484375 220.7624969482421875 228.524993896484375 235.40625 245.5625 258.068756103515625 269.274993896484375 279.76251220703125 288.868743896484375 295.399993896484375 303.4375 310.149993896484375 319.23126220703125
167.8312530517578125 166.375 165.6687469482421875 164.712493896484375 163.3125 162.712493896484375 162.3874969482421875 162.09375 164.493743896484375 172.587493896484375 190.2624969482421875 198.4499969482421875 205.350006103515625 213.3874969482421875 218.90625 223.8937530517578125 228.21875 229.881256103515625 229.8062591552734375 229.0812530517578125 225.46875 220.318756103515625 216.149993896484375 211.6125030517578125 207.1687469482421875 205.0187530517578125 203.318756103515625 203.193756103515625 203.537506103515625 206.600006103515625 209.5187530517578125 213.662506103515625 219.75 226.40625 235.743743896484375 245.7687530517578125 255.287506103515625 266.818756103515625 275.193756103515625 279.07501220703125 283.5625 290.23126220703125 292.818756103515625 299.54998779296875
159.7375030517578125 159.443756103515625 159.5812530517578125 159.399993896484375 159.787506103515625 161.006256103515625 162 164.6125030517578125 170.1875 179.1437530517578125 190.975006103515625 200.287506103515625 207.40625 214.943756103515625 220.5124969482421875 225.1750030517578125 230.118743896484375 231.100006103515625 230.631256103515625 229.774993896484375 225.337493896484375 220.399993896484375 215.631256103515625 211.0437469482421875 208.0124969482421875 205.4499969482421875 203.931243896484375 204.2062530517578125 204.5187530517578125 206.818756103515625 209.15625 215.65625 223.181243896484375 229.53125 238.412506103515625 246.34375 253.618743896484375 261.85626220703125 269.15625 270.03125 272.506256103515625 276.818756103515625 278.193756103515625 280.45001220703125
