data/historical-monthly-weather-data/wc2.1_cruts4.09_10m_prec_1972-04.asc
ncols        51
nrows        45
xllcorner    -63.500000000000
yllcorner    -7.500000000000
cellsize     0.166666666667
NODATA_value -9999
[rows 0 to 19 of 45, columns 0 to 44 of 51]
177.2937469482421875 173.875 170.75 171.149993896484375 168.7312469482421875 164.806243896484375 160.3625030517578125 153.774993896484375 150.8625030517578125 150.649993896484375 152.8937530517578125 157.649993896484375 162.1062469482421875 165.78125 171.912506103515625 178.9375 186.7624969482421875 191.6812591552734375 198.5812530517578125 205.2687530517578125 209.7624969482421875 214.931243896484375 219.8937530517578125 228.3312530517578125 235.4562530517578125 245.5124969482421875 257.056243896484375 271.09375 283.725006103515625 293.131256103515625 302.70001220703125 312.5625 319.76251220703125 328.818756103515625 337.54376220703125 346.212493896484375 352.46875 358.912506103515625 367.89373779296875 374.774993896484375 381.493743896484375 387.149993896484375 389.037506103515625 393.149993896484375 394.625
182.693756103515625 179.4875030517578125 181.34375 183.162506103515625 184.3874969482421875 180.212493896484375 175.162506103515625 171.53125 169.993743896484375 169.7687530517578125 171.774993896484375 175.5437469482421875 179.725006103515625 183.3562469482421875 187.975006103515625 194.850006103515625 201.056243896484375 208.9499969482421875 217.8312530517578125 225.6500091552734375 230.40625 235 241.2249908447265625 246.975006103515625 253.8125 261.4375 271.08123779296875 283.662506103515625 293.17498779296875 300.48126220703125 309.5 319.475006103515625 325.568756103515625 333.912506103515625 340.15625 348.01251220703125 356.59375 363.39373779296875 371.506256103515625 377.037506103515625 382.38751220703125 388.318756103515625 390.368743896484375 391.6875 391.693756103515625
183.4250030517578125 181.975006103515625 184.4375 189.2687530517578125 193.1374969482421875 192.34375 190.9499969482421875 190.587493896484375 192.75 193.59375 194.6125030517578125 197.100006103515625 200.9187469482421875 202.78125 206.84375 212.53125 217.8874969482421875 225.0500030517578125 232.2624969482421875 240.0437469482421875 245.462493896484375 250.9562530517578125 255.9499969482421875 261.41876220703125 268.64373779296875 275.83123779296875 285.34375 293.10626220703125 299.26251220703125 305.85626220703125 312.59375 319.66876220703125 328.04998779296875 335.58123779296875 340.600006103515625 348.243743896484375 359.54998779296875 369.36248779296875 376.9375 383.5 389.412506103515625 393 395.01873779296875 396.98126220703125 396.524993896484375
180.4812469482421875 179.7375030517578125 186.243743896484375 191.7375030517578125 197.524993896484375 201.693756103515625 205.0124969482421875 208.9375 215.068756103515625 219.287506103515625 220.2312469482421875 220.6750030517578125 221.5 223.2624969482421875 226.15625 231.0625 236.1687469482421875 241.649993896484375 247.256256103515625 253.975006103515625 260.375 265.86248779296875 269.725006103515625 276.08123779296875 282.98748779296875 288.48748779296875 297.14373779296875 301.625 305.662506103515625 311.9375 316.618743896484375 321.743743896484375 326.993743896484375 333.78125 339.056243896484375 350.181243896484375 361.899993896484375 372.96875 383.631256103515625 389.375 395.8125 400.837493896484375 400.26873779296875 400.17498779296875 400.96875
185.9499969482421875 182.3562469482421875 185.21875 192.399993896484375 201.806243896484375 209.1374969482421875 215.1999969482421875 223.78125 234.7062530517578125 243.7624969482421875 243.6999969482421875 240.0500030517578125 240.3000030517578125 242.0437469482421875 244.1374969482421875 248.056243896484375 251.78125 256.23126220703125 260.368743896484375 265.54376220703125 272.75 277.67498779296875 282.006256103515625 289.79376220703125 294.28125 299.40625 304.399993896484375 310.34375 314.61248779296875 316.95001220703125 319.73748779296875 320.037506103515625 324.54998779296875 331.75 338.350006103515625 350.23126220703125 362.037506103515625 374.818756103515625 386.962493896484375 394.087493896484375 402.70623779296875 403.34375 403.65625 405.38751220703125 403.837493896484375
185.4187469482421875 183.412506103515625 187.131256103515625 190.743743896484375 200.006256103515625 209.631256103515625 217.4562530517578125 227.712493896484375 239.931243896484375 252.15625 250.8312530517578125 248.274993896484375 249.743743896484375 252.3125 254 258.13751220703125 260.16876220703125 263.91876220703125 269.48748779296875 275.08123779296875 280.600006103515625 285.206268310546875 291.75 297.399993896484375 302.368743896484375 307.70623779296875 311.068756103515625 315.024993896484375 317.725006103515625 318.40625 319.506256103515625 321.225006103515625 323.5625 330.64373779296875 339.59375 351.225006103515625 366 379.693756103515625 391.38751220703125 400.993743896484375 405.32501220703125 405.42498779296875 406.537506103515625 408.712493896484375 408.3125
185.4499969482421875 183.9875030517578125 188.21875 191.6125030517578125 196.0812530517578125 203.7687530517578125 212.537506103515625 222.787506103515625 232.3000030517578125 240.649993896484375 246.6875 250.6687469482421875 256.631256103515625 260.0625 262.756256103515625 267.75 270.14373779296875 271.006256103515625 274.631256103515625 281.212493896484375 287.837493896484375 293.806243896484375 299.943756103515625 302.98748779296875 308.0625 313.41876220703125 316.631256103515625 317.556243896484375 318.556243896484375 318.725006103515625 319.66876220703125 319.774993896484375 323.98126220703125 329.16876220703125 337.98126220703125 350.46875 364.068756103515625 379.35626220703125 393.850006103515625 402.51873779296875 402.79376220703125 403.600006103515625 405.412506103515625 407.381256103515625 408.71875
186.09375 183.931243896484375 187.274993896484375 192.1374969482421875 197.1750030517578125 203.9250030517578125 208.6374969482421875 212.84375 217.274993896484375 225.6125030517578125 239.131256103515625 250.8249969482421875 260.4375 267.29376220703125 271.79998779296875 275.78125 277.86248779296875 278.28125 279.318756103515625 286.04376220703125 294.38751220703125 301.51251220703125 306.693756103515625 309.475006103515625 315.274993896484375 317.625 319.181243896484375 319.412506103515625 319.806243896484375 319.975006103515625 317.8125 317.25 321.875 327.85626220703125 335.875 345.64373779296875 359.712493896484375 373.818756103515625 385.274993896484375 391.92498779296875 394.76251220703125 397.506256103515625 398.76251220703125 399.006256103515625 397.725006103515625
186.9875030517578125 185.8125 189.0749969482421875 192.90625 197.7249908447265625 203.287506103515625 208.4875030517578125 211.5187530517578125 211.618743896484375 216.34375 232.84375 247.837493896484375 263.41876220703125 272.09375 275.649993896484375 279.662506103515625 282.625 284.51251220703125 287.83123779296875 292.875 296.125 305.20001220703125 310.118743896484375 315.09375 319.65625 319.681243896484375 319.65625 320.10626220703125 320.149993896484375 320.443756103515625 320.5 318.17498779296875 321.48126220703125 325.17498779296875 333.100006103515625 343.16876220703125 356.84375 367.9375 378.118743896484375 383.412506103515625 386.45623779296875 387.006256103515625 389.26873779296875 390.806243896484375 384.73748779296875
187.7937469482421875 186.381256103515625 190.15625 194.21875 198.2624969482421875 204.2937469482421875 210.318756103515625 214.0124969482421875 218.6437530517578125 227.0437469482421875 240.837493896484375 253.1875 267.14373779296875 276.475006103515625 281.01251220703125 283.399993896484375 286.15625 289.83123779296875 293.95001220703125 301.78125 304.868743896484375 309.875 313.931243896484375 320.01873779296875 320.743743896484375 318.45623779296875 317.662506103515625 317.45623779296875 318.58123779296875 321.774993896484375 319.8125 316.568756103515625 319.10626220703125 322.943756103515625 329.631256103515625 340.28125 350.431243896484375 360.64373779296875 368.912506103515625 375.78125 380.556243896484375 380.868743896484375 380.837493896484375 376.787506103515625 372.993743896484375
188.943756103515625 188.774993896484375 192.2062530517578125 195.9375 198.943756103515625 205.5812530517578125 212.5 217.818756103515625 225.943756103515625 236.5124969482421875 250.4875030517578125 264.231231689453125 273.431243896484375 282.11248779296875 284.26251220703125 285.35626220703125 288.1875 293.45623779296875 299.95623779296875 307.65625 314.899993896484375 318.537506103515625 319.29998779296875 315.48126220703125 319.26251220703125 317.100006103515625 313.743743896484375 312.53125 312.10626220703125 315.618743896484375 314.45001220703125 311.75 314.82501220703125 318.53125 324.6875 331.65625 340.51873779296875 350.26873779296875 358.681243896484375 365.443756103515625 369.356231689453125 368.899993896484375 370.725006103515625 368.868743896484375 363.48126220703125
190.6374969482421875 190.337493896484375 193.618743896484375 199.337493896484375 203.40625 209.068756103515625 217.40625 225.243743896484375 235.493743896484375 247.243743896484375 261.381256103515625 274.36248779296875 278.574981689453125 283.149993896484375 284.725006103515625 286.39373779296875 288.79998779296875 294.431243896484375 301.912506103515625 310.71875 317.57501220703125 321.537506103515625 323.10626220703125 321.91876220703125 317.59375 310.212493896484375 306.29998779296875 303.73748779296875 303.556243896484375 305.20001220703125 305.11248779296875 304.1875 306.28125 310.381256103515625 316.162506103515625 323.90625 333.837493896484375 344.024993896484375 349.318756103515625 353.26251220703125 358.04376220703125 358.39373779296875 358.33123779296875 352.318756103515625 346.787506103515625
193.15625 192.875 196.4562530517578125 201.4875030517578125 206.6999969482421875 214.9562530517578125 222.5 230.243743896484375 240.649993896484375 254.587493896484375 268.568756103515625 279.743743896484375 282.931243896484375 279.66876220703125 280.881256103515625 284.71875 286.524993896484375 292.26251220703125 301.09375 308.66876220703125 315.837493896484375 318.51251220703125 317.41876220703125 315.15625 303.73748779296875 294.537506103515625 294.10626220703125 291.9375 293.26251220703125 294.51873779296875 295.024993896484375 294.431243896484375 296.38751220703125 300.493743896484375 305.193756103515625 314.850006103515625 325.29998779296875 335.524993896484375 342.01251220703125 346.01251220703125 345.131256103515625 347.04376220703125 343.58123779296875 337.912506103515625 336.5
194.693756103515625 194.6062469482421875 197.631256103515625 202.4250030517578125 209.0187530517578125 217.21875 224.7312469482421875 233.2062530517578125 244.899993896484375 257.850006103515625 269.14373779296875 274.98126220703125 277.57501220703125 276.125 274.76873779296875 279.71875 281.86248779296875 285.9375 295.04998779296875 301.15625 307.087493896484375 308.13751220703125 308.15625 301.01873779296875 291.875 284.225006103515625 282.58123779296875 281.48748779296875 281.82501220703125 284.01873779296875 284.85626220703125 285.59375 285.60626220703125 289.40625 295.23748779296875 305.912506103515625 316.587493896484375 328.631256103515625 336.931243896484375 339.09375 334.08123779296875 329.14373779296875 331.13751220703125 334.412506103515625 336.693756103515625
193.71875 194.162506103515625 197.9562530517578125 203.368743896484375 210.649993896484375 218.9187469482421875 227.506256103515625 236.0625 245.96875 256.649993896484375 266.42498779296875 270.85626220703125 271.524993896484375 270.037506103515625 267.82501220703125 269.631256103515625 273.10626220703125 280.475006103515625 288.70623779296875 295.024993896484375 298.756256103515625 301.524993896484375 299.75 292.681243896484375 284.40625 278.67498779296875 276.506256103515625 276.162506103515625 276.92498779296875 277.9375 276.73126220703125 274.431243896484375 276.962493896484375 278.96875 283.0625 292.54998779296875 308.193756103515625 324.15625 331.84375 330.987518310546875 326.587493896484375 326.21875 332.95001220703125 332.95623779296875 332.39373779296875
191.287506103515625 192.0124969482421875 197.431243896484375 204.1062469482421875 211.318756103515625 219.850006103515625 228.5 237.399993896484375 248.006256103515625 256.96875 264.92498779296875 267.66876220703125 267.668731689453125 264.5625 260.75 257.07501220703125 263.975006103515625 274.91876220703125 281.993743896484375 288.850006103515625 292.600006103515625 293.587493896484375 291.337493896484375 285.193756103515625 277.412506103515625 273.306243896484375 270.462493896484375 271.11248779296875 271.98126220703125 273.675018310546875 274.51251220703125 271.70623779296875 267.96875 267.662506103515625 268.774993896484375 284.28125 299.91876220703125 316.59375 325.318756103515625 329.462493896484375 328.03125 330.11248779296875 332.20001220703125 330.037506103515625 327.756256103515625
187.743743896484375 189.6374969482421875 196.2624969482421875 203.875 211.2937469482421875 220 230.15625 239.243743896484375 247.931243896484375 256.54998779296875 263.07501220703125 264.92498779296875 263.42498779296875 260.100006103515625 258.23748779296875 257.337493896484375 257.91876220703125 266.568756103515625 276.087493896484375 284.149993896484375 287.681243896484375 289.59375 287.368743896484375 278.462493896484375 271.443756103515625 266.8125 265.40625 266.10626220703125 268.48126220703125 271.51251220703125 271.9375 269.524993896484375 266.26251220703125 264.90625 271.118743896484375 282.41876220703125 298.73748779296875 316.568756103515625 330.45001220703125 332.912506103515625 332.9375 333.212493896484375 329.79376220703125 326.837493896484375 323.256256103515625
181.7687530517578125 185 191.9562530517578125 201.381256103515625 209.46875 219.125 229.9562530517578125 238.256256103515625 246.59375 253.8937530517578125 259.20001220703125 260.5 258.90625 257.20001220703125 256.32501220703125 256.90625 257.16876220703125 257.600006103515625 270 278.90625 284.73748779296875 286.118743896484375 284.34375 276.23126220703125 270.649993896484375 266.818756103515625 263.10626220703125 266.412506103515625 269.993743896484375 271.931243896484375 268.368743896484375 259.04376220703125 261.443756103515625 264.318756103515625 268.42498779296875 282.787506103515625 298.4375 314.48748779296875 326.100006103515625 334.48748779296875 332.431243896484375 331.34375 328.350006103515625 324.693756103515625 322.09375
174.9375 179.03125 187.65625 196.9250030517578125 206.068756103515625 216.8312530517578125 227.243743896484375 237.5187530517578125 246.149993896484375 252.9875030517578125 256.743743896484375 255.0437469482421875 254.0625 254.431243896484375 251.75 252.431243896484375 253.7312469482421875 255.556243896484375 261.118743896484375 270.1875 281.375 285.912506103515625 276.63751220703125 273.556243896484375 271.506256103515625 271.131256103515625 270.743743896484375 272.149993896484375 276.20623779296875 276.41876220703125 272.399993896484375 264.01873779296875 261.39373779296875 256.399993896484375 258.95623779296875 273.193756103515625 289.524993896484375 304.506256103515625 319.125 326.225006103515625 330.29376220703125 330.024993896484375 326.32501220703125 322.912506103515625 321.100006103515625
168.1999969482421875 173.181243896484375 181.943756103515625 190.875 201.9875030517578125 214.90625 227.024993896484375 236.2375030517578125 244.806243896484375 251.5625 254.2687530517578125 253.931243896484375 252.75 251.9250030517578125 248.118743896484375 244.03125 242.993743896484375 250.7312469482421875 255.931243896484375 264.34375 271.20623779296875 273.85626220703125 275.75 274.29376220703125 273.5 273.506256103515625 275.21875 279.70623779296875 281.212493896484375 278.13751220703125 270.962493896484375 268.14373779296875 260.76873779296875 250.131256103515625 246.006256103515625 259.35626220703125 280.649993896484375 300.10626220703125 313.46875 322.48126220703125 326.08123779296875 326.36248779296875 323.8125 320.85626220703125 316.90625
