data/historical-monthly-weather-data/wc2.1_cruts4.09_10m_prec_1996-03.asc
ncols        51
nrows        45
xllcorner    -63.500000000000
yllcorner    -7.500000000000
cellsize     0.166666666667
NODATA_value -9999
[rows 20 to 39 of 45, columns 0 to 44 of 51]
322.712493896484375 336.23126220703125 350.068756103515625 364.63751220703125 379.95623779296875 394.39373779296875 407.568756103515625 417.662506103515625 422.506256103515625 421.98748779296875 418.4375 418.537506103515625 419.962493896484375 423.3125 413.368743896484375 396.037506103515625 380.46875 368.693756103515625 361.756256103515625 354.618743896484375 346.693756103515625 338.51251220703125 329.61248779296875 325.20001220703125 321.993743896484375 319.73126220703125 320.375 321.03125 321.4375 321.256256103515625 315.9375 305.756256103515625 289.08123779296875 268.725006103515625 249.774993896484375 267.88751220703125 294.181243896484375 308.725006103515625 315.40625 316.61248779296875 315.09375 313.67498779296875 310.899993896484375 309.21875 309.91876220703125
317.649993896484375 332.45001220703125 349.8125 366.86248779296875 384.837493896484375 402.21875 418.0625 431.35626220703125 436.84375 432.20001220703125 421.431243896484375 414.11248779296875 408.57501220703125 406.57501220703125 400.149993896484375 390.34375 381.13751220703125 370.368743896484375 361.556243896484375 352.76251220703125 341.5 331.4375 325.23748779296875 319.493743896484375 315.931243896484375 315.212493896484375 319.23126220703125 319.58123779296875 319.024993896484375 317.60626220703125 311.056243896484375 300.90625 286.90625 272.787506103515625 264.79376220703125 275.493743896484375 295.274993896484375 309.20623779296875 315.75 315.66876220703125 312.993743896484375 311.131256103515625 308.625 306.86248779296875 308.15625
316.91876220703125 334.056243896484375 352.006256103515625 371.17498779296875 390.274993896484375 407.725006103515625 424.193756103515625 442.568756103515625 452.32501220703125 441.21875 423.38751220703125 406.17498779296875 392.88751220703125 389.07501220703125 388.15625 384.08123779296875 377.51873779296875 367.806243896484375 358.0625 348.375 336.39373779296875 324.256256103515625 315.25 308.931243896484375 307.475006103515625 308.818756103515625 313.66876220703125 315.556243896484375 314.662506103515625 312.181243896484375 307.068756103515625 301.368743896484375 294.537506103515625 287.181243896484375 287.037506103515625 295.29998779296875 307.38751220703125 316.09375 319.07501220703125 316.90625 312.53125 309.6875 307.04998779296875 304.3125 305.85626220703125
322.381256103515625 339.42498779296875 357.79998779296875 377.318756103515625 396.48126220703125 412.36248779296875 429.506256103515625 446.73748779296875 453.693756103515625 439.26251220703125 417.70001220703125 399.318756103515625 379.90625 376.70001220703125 379.04998779296875 377.90625 373.98126220703125 365.34375 353.76873779296875 342.556243896484375 329.118743896484375 315.4375 304.631256103515625 298.068756103515625 295.28125 296.837493896484375 302.756256103515625 307.58123779296875 309.40625 310.493743896484375 309.993743896484375 307.618743896484375 304.568756103515625 302.29376220703125 304.756256103515625 312.90625 320.806243896484375 322.53125 320.837493896484375 316.96875 312.14373779296875 308.100006103515625 304.9375 301.274993896484375 304.46875
335.03125 350.006256103515625 365.181243896484375 384.162506103515625 404.375 418.82501220703125 431.03125 442.14373779296875 443.39373779296875 432.993743896484375 417.26251220703125 398.95623779296875 385.07501220703125 378.64373779296875 376.51873779296875 375.912506103515625 371.84375 363.54376220703125 352.475006103515625 338.443756103515625 321.86248779296875 306.25 292.737518310546875 283.375 282.10626220703125 287.693756103515625 293.95623779296875 301.91876220703125 306.15625 312.006256103515625 314.225006103515625 314.556243896484375 314.67498779296875 314.59375 316.29998779296875 318.868743896484375 323.14373779296875 323.274993896484375 320.068756103515625 317.056243896484375 312.16876220703125 307.29376220703125 301.95623779296875 300.037506103515625 299.631256103515625
353.193756103515625 367.79376220703125 378.181243896484375 395.006256103515625 410.881256103515625 421.756256103515625 430.381256103515625 436.98126220703125 435.10626220703125 426.725006103515625 414.875 402.5 391.63751220703125 383.368743896484375 379.42498779296875 377.899993896484375 372.42498779296875 364.40625 353.681243896484375 336.850006103515625 319.66876220703125 299.631256103515625 281.10626220703125 268.006256103515625 269.787506103515625 279.475006103515625 290.32501220703125 298.41876220703125 305.20001220703125 313.76251220703125 319.368743896484375 323.306243896484375 325.375 324.08123779296875 322.975006103515625 322.4375 323.274993896484375 322.14373779296875 319.587493896484375 316.037506103515625 311.681243896484375 305.712493896484375 297.64373779296875 294.45623779296875 294.962493896484375
374.600006103515625 383.318756103515625 392.287506103515625 403.23748779296875 414.037506103515625 421.65625 426.36248779296875 429.493743896484375 427.25 422.587493896484375 415.681243896484375 406.76873779296875 398.399993896484375 391.63751220703125 387.556243896484375 383.881256103515625 379.79998779296875 369.67498779296875 356.962493896484375 341.45623779296875 321.243743896484375 299.381256103515625 275.693756103515625 260.568756103515625 267.100006103515625 277.21875 289.181243896484375 297.381256103515625 305.04376220703125 314.524993896484375 322.39373779296875 329.83123779296875 333.54376220703125 329.61248779296875 325.63751220703125 323.76873779296875 323.32501220703125 321.006256103515625 318.91876220703125 316.368743896484375 311.068756103515625 304.23748779296875 295.17498779296875 290.243743896484375 297.61248779296875
398.17498779296875 402.73748779296875 407.725006103515625 413.90625 418.149993896484375 421.649993896484375 425.806243896484375 426.67498779296875 424.556243896484375 421.54998779296875 416.037506103515625 409.618743896484375 404.23748779296875 399.5 395.20001220703125 390.73126220703125 386.70001220703125 378.806243896484375 366.23126220703125 350.75 330.899993896484375 308.506256103515625 290.34375 277.393768310546875 277.712493896484375 284.068756103515625 293.26251220703125 301.23748779296875 307.85626220703125 315.59375 323.006256103515625 329.33123779296875 332.23126220703125 328.3125 324.375 322.399993896484375 319.84375 318.35626220703125 317.65625 317.274993896484375 315.53125 307.787506103515625 295.743743896484375 290.350006103515625 306.23748779296875
419.8125 421.36248779296875 422.23126220703125 422.48748779296875 424.9375 424.962493896484375 424.149993896484375 423.568756103515625 422.59375 420.04998779296875 417.493743896484375 413.46875 409.67498779296875 407.10626220703125 404.41876220703125 401.537506103515625 399.431243896484375 391.899993896484375 380.912506103515625 366.443756103515625 346.975006103515625 325.868743896484375 309.75 296.4375 293.46875 294.5 300.181243896484375 306.29376220703125 311.48748779296875 317.931243896484375 322.65625 326.712493896484375 328.42498779296875 325.71875 322.443756103515625 320.100006103515625 316.506256103515625 314.64373779296875 314.649993896484375 314.34375 316.493743896484375 309.15625 297.881256103515625 300.01251220703125 318.568756103515625
433.57501220703125 432.20001220703125 429.318756103515625 426.35626220703125 425.45623779296875 422.33123779296875 421.0625 420.11248779296875 419.931243896484375 418.243743896484375 417.118743896484375 416.21875 415.75 415.087493896484375 413.649993896484375 412.193756103515625 410.92498779296875 410.131256103515625 401.875 384.67498779296875 364.45001220703125 344.787506103515625 328.34375 315.34375 308.40625 306.45001220703125 309.25 312.04998779296875 314.318756103515625 318.368743896484375 321.98126220703125 323.774993896484375 324.131256103515625 323.412506103515625 320.993743896484375 317.25 312.8125 310.66876220703125 307.1875 306.193756103515625 308.45001220703125 309.29376220703125 306.32501220703125 313.41876220703125 324.524993896484375
442.131256103515625 437.850006103515625 432.243743896484375 428.193756103515625 425.41876220703125 420.256256103515625 419.41876220703125 417.83123779296875 417.600006103515625 417.125 417.51251220703125 417.493743896484375 419.006256103515625 419.037506103515625 419.70001220703125 420.92498779296875 424.100006103515625 425.193756103515625 422.318756103515625 404.712493896484375 383.45001220703125 362.28125 346.38751220703125 332.04998779296875 322 318.61248779296875 317.5 316.600006103515625 317.125 319.256256103515625 321.524993896484375 323.3125 323.087493896484375 322.087493896484375 319.88751220703125 314.287506103515625 309.15625 306.537506103515625 301.34375 294.125 297.837493896484375 307.193756103515625 313.443756103515625 322.068756103515625 333.162506103515625
445.75 439.41876220703125 432.037506103515625 426.21875 422.57501220703125 417.26873779296875 416.350006103515625 413.79998779296875 413.756256103515625 414.23748779296875 415.662506103515625 416.681243896484375 418.28125 421.587493896484375 425.131256103515625 428.962493896484375 430.03125 431.13751220703125 428.73748779296875 417.0625 396.20623779296875 377.54998779296875 360.23748779296875 344.76873779296875 335.6875 328.875 324.17498779296875 322.08123779296875 319.10626220703125 320.556243896484375 322.256256103515625 323.162506103515625 321.537506103515625 320.162506103515625 317.89373779296875 311.868743896484375 307.36248779296875 303.08123779296875 295.493743896484375 291.350006103515625 298.212493896484375 311.5625 322.15625 336.26873779296875 350.225006103515625
438.431243896484375 432.931243896484375 425.92498779296875 420.475006103515625 415.71875 412.681243896484375 410.45001220703125 407.64373779296875 406.51873779296875 408.618743896484375 414.506256103515625 415.412506103515625 418.89373779296875 426.006256103515625 430.08123779296875 433.3125 433.625 435.13751220703125 431.475006103515625 422.45623779296875 406.318756103515625 389.04998779296875 371.8125 358.17498779296875 347.79376220703125 339.243743896484375 332.38751220703125 327.6875 324.08123779296875 323.693756103515625 323.98126220703125 323.806243896484375 322.5625 320.98748779296875 317.618743896484375 313.33123779296875 308.600006103515625 303.09375 297.381256103515625 300.1875 307.33123779296875 320.03125 333.40625 348.98748779296875 371.38751220703125
428.881256103515625 423.818756103515625 419.899993896484375 415.64373779296875 411.65625 407.73748779296875 404.475006103515625 401.66876220703125 400.068756103515625 402.037506103515625 408.33123779296875 413.931243896484375 419.556243896484375 425.07501220703125 429.1875 434.36248779296875 437.64373779296875 438.29376220703125 433.28125 425.625 413.01873779296875 397.318756103515625 382.587493896484375 367.96875 357.225006103515625 347.0625 339.506256103515625 332.46875 328.681243896484375 326.61248779296875 324.818756103515625 324.79376220703125 324.07501220703125 322.037506103515625 320.04998779296875 315.51873779296875 309.95001220703125 303.875 303.600006103515625 307.96875 313.83123779296875 326.17498779296875 342.21875 359.07501220703125 383.712493896484375
419.33123779296875 416.01251220703125 413.82501220703125 410.26873779296875 405.024993896484375 401.912506103515625 397.625 395.506256103515625 391.725006103515625 392.15625 400.57501220703125 410.23748779296875 419.774993896484375 426.73748779296875 433.23748779296875 436.95001220703125 440.618743896484375 440.681243896484375 436.13751220703125 429 418.431243896484375 403.537506103515625 389.306243896484375 374.631256103515625 364.225006103515625 354.462493896484375 344.8125 337.48126220703125 331.01251220703125 328.76873779296875 327.39373779296875 326.51251220703125 325.212493896484375 323.82501220703125 321.100006103515625 315.54376220703125 309.868743896484375 307.73126220703125 309.6875 313.712493896484375 319.506256103515625 329.681243896484375 344.443756103515625 360.84375 381.21875
409.875 407.125 405.48126220703125 403.0625 399.35626220703125 395.26873779296875 391.51251220703125 386.40625 379.95001220703125 380.01873779296875 388.91876220703125 402.57501220703125 418.431243896484375 430.58123779296875 437 441.625 443.631256103515625 442.806243896484375 439.681243896484375 434.10626220703125 422.8125 407.71875 392.6875 379.412506103515625 368.6875 358.618743896484375 348.725006103515625 341.38751220703125 334.66876220703125 331.33123779296875 329.73748779296875 327.681243896484375 325.3125 324.774993896484375 322.225006103515625 316.818756103515625 313.975006103515625 312.25 313.056243896484375 317.681243896484375 324.087493896484375 332.73126220703125 343.631256103515625 358.54998779296875 373.256256103515625
398.743743896484375 398.143768310546875 398.193756103515625 396.73126220703125 395.11248779296875 391.91876220703125 387.024993896484375 381.100006103515625 371.60626220703125 365.600006103515625 378.84375 403.125 422.568756103515625 434.76251220703125 442.274993896484375 445.3125 445.774993896484375 444.149993896484375 441.693756103515625 433.881256103515625 423.14373779296875 408.524993896484375 394.274993896484375 380.10626220703125 369.32501220703125 360.056243896484375 350.66876220703125 344.4375 337.45623779296875 334.125 331.23126220703125 328.212493896484375 327.1624755859375 326.899993896484375 324.15625 320.556243896484375 318.431243896484375 317.32501220703125 318.40625 320.524993896484375 324.85626220703125 331.943756103515625 341.375 353.40625 365.09375
389.38751220703125 390.756256103515625 391.431243896484375 391.91876220703125 392.98126220703125 391.09375 387.087493896484375 380.625 373.39373779296875 364.76251220703125 389.175018310546875 416.14373779296875 431.274993896484375 442.39373779296875 446.75 448.98126220703125 446.71875 443.743743896484375 439.17498779296875 429.98748779296875 417.26251220703125 403.76873779296875 392.287506103515625 378.5625 368.54998779296875 360.631256103515625 351.65625 346.556243896484375 340.65625 336.618743896484375 332.03125 328.04376220703125 327.375 327.89373779296875 325.068756103515625 323.59375 321.975006103515625 319.5625 321.662506103515625 324.306243896484375 325.67498779296875 331.95001220703125 337.912506103515625 343.868743896484375 353.068756103515625
383.95001220703125 384.587493896484375 386.774993896484375 388.806243896484375 391.056243896484375 389.41876220703125 389 386.92498779296875 388.087493896484375 400.212493896484375 427.98748779296875 436.96875 441.756256103515625 447.931243896484375 450.89373779296875 451.368743896484375 448.162506103515625 442.618743896484375 434.875 423.681243896484375 408.712493896484375 395.45623779296875 384.45623779296875 372.91876220703125 364.46875 358.368743896484375 351.462493896484375 346.40625 341.76251220703125 337.681243896484375 333.818756103515625 328.493743896484375 327.125 327.90625 328.699981689453125 326.368743896484375 324.04376220703125 323.193756103515625 323.375 323.78125 324.45623779296875 330.13751220703125 334.13751220703125 339.26873779296875 345.3125
380.068756103515625 379.86248779296875 382.88751220703125 385.3125 389.45001220703125 392.243743896484375 392.98126220703125 397.693756103515625 404.118743896484375 416.16876220703125 432.725006103515625 443.912506103515625 449.962493896484375 453.556243896484375 456.068756103515625 454.899993896484375 450.75 442.287506103515625 430.53125 418.087493896484375 401.193756103515625 387.16876220703125 374.57501220703125 364.32501220703125 358.818756103515625 354.66876220703125 348.76251220703125 345.618743896484375 341.84375 337.243743896484375 331.92498779296875 329.26873779296875 330.818756103515625 330.831268310546875 331.243743896484375 329.9375 326.73126220703125 325.131256103515625 325.70001220703125 323.375 322.1875 326.57501220703125 329.63751220703125 332.86248779296875 337.556243896484375
