data/historical-monthly-weather-data/wc2.1_cruts4.09_10m_prec_1972-02.asc
ncols        45
nrows        45
xllcorner    -63.500000000000
yllcorner    -7.500000000000
cellsize     0.166666666667
NODATA_value -9999
[rows 0 to 19 of 45, columns 0 to 44 of 45]
143.8562469482421875 138.868743896484375 133.6437530517578125 130.975006103515625 126.7937469482421875 125.90000152587890625 123.96250152587890625 120.1999969482421875 117.0437469482421875 116.15625 118.19374847412109375 119.7375030517578125 120.77500152587890625 117.8249969482421875 116.4499969482421875 115.30625152587890625 114.93125152587890625 111.96250152587890625 112.0437469482421875 112.7312469482421875 114.5187530517578125 116.4875030517578125 119.8937530517578125 123.4187469482421875 127.71875 132.725006103515625 138.7937469482421875 145.40625 152.725006103515625 159.6999969482421875 167.6750030517578125 176.2687530517578125 183.443756103515625 191.212493896484375 199.8000030517578125 206.868743896484375 211.931243896484375 216.256256103515625 219.912506103515625 221.462493896484375 224.09375 225.3625030517578125 224.6437530517578125 226.993743896484375 226.524993896484375
151.806243896484375 147.0749969482421875 143.96875 140.587493896484375 138.087493896484375 139.3312530517578125 138.7062530517578125 138.693756103515625 139.068756103515625 139.0812530517578125 139.8249969482421875 139.34375 138.350006103515625 135.868743896484375 133.1875 130.4499969482421875 128.6125030517578125 126.63124847412109375 126.53749847412109375 126.91249847412109375 128.5500030517578125 131.34375 134.9562530517578125 137.8874969482421875 140.806243896484375 145.162506103515625 150.1437530517578125 156.306243896484375 162.53125 168.78125 174.837493896484375 183.25 189.962493896484375 197.6875 204.6999969482421875 210.756256103515625 215.3874969482421875 218.649993896484375 221.5625 222.6999969482421875 224.493743896484375 224.8625030517578125 223.3125 224.25 223.2375030517578125
163.53125 159.7937469482421875 157.3000030517578125 155.256256103515625 154.475006103515625 156.537506103515625 159.1750030517578125 162.850006103515625 166.28125 167.1062469482421875 166.2687530517578125 163.8125 160.6125030517578125 156.1125030517578125 151.40625 146.943756103515625 143.2687530517578125 141.568756103515625 141.0187530517578125 141.375 143.243743896484375 147.212493896484375 150.3625030517578125 152.5500030517578125 155.943756103515625 158.53125 162.40625 167.6125030517578125 171.5625 176.024993896484375 182.03125 188.806243896484375 195.506256103515625 201.443756103515625 208.712493896484375 213.0812530517578125 217.6750030517578125 221.90625 223.4562530517578125 224.21875 225.15625 224.21875 222.100006103515625 220.28125 219.868743896484375
174.524993896484375 172.125 172.037506103515625 171.725006103515625 174.600006103515625 177.2312469482421875 182.5187530517578125 189.774993896484375 196.756256103515625 199.868743896484375 197.493743896484375 191.181243896484375 183.693756103515625 176.3874969482421875 170.2062530517578125 164.1687469482421875 159.162506103515625 155.756256103515625 155.443756103515625 157.625 160.5437469482421875 164.024993896484375 166.443756103515625 168.131256103515625 170.118743896484375 171.875 175.1750030517578125 178.350006103515625 180.556243896484375 184.3312530517578125 188.3187408447265625 194.962493896484375 200.024993896484375 205.7312469482421875 211.274993896484375 216.25 220.5625 224.0437469482421875 226.1437530517578125 226.78125 225.681243896484375 223.681243896484375 220.7687530517578125 217.337493896484375 216.318756103515625
190.475006103515625 186.8125 185.65625 187.774993896484375 192.9875030517578125 198.3625030517578125 204.8874969482421875 216.1750030517578125 229.100006103515625 236.662506103515625 228.743743896484375 216.587493896484375 207.1875 198.212493896484375 189.368743896484375 181.868743896484375 175.8125 171.0124969482421875 171.524993896484375 174.6125030517578125 178.318756103515625 180.600006103515625 183.193756103515625 184.3125 184.837493896484375 185.8000030517578125 185.975006103515625 186.875 189.5812530517578125 192.5625 195.71875 199.5812530517578125 204.90625 210.09375 214.649993896484375 219.181243896484375 223.837493896484375 227.399993896484375 229.100006103515625 228.1062469482421875 226.818756103515625 222.7687530517578125 217.9375 213.631256103515625 210.7624969482421875
207.056243896484375 205.0812530517578125 202.787506103515625 203.318756103515625 208.125 215.5437469482421875 224.337493896484375 236.368743896484375 251.506256103515625 262.79376220703125 250.8562469482421875 236.631256103515625 226.475006103515625 217.4375 208.59375 201.7624969482421875 194.4562530517578125 189.9812469482421875 191.4812469482421875 195.087493896484375 196.8937530517578125 198.40625 199.9187469482421875 199.1750030517578125 197.7937469482421875 198.1062469482421875 197.75 197.212493896484375 198.006256103515625 199.8874969482421875 202.149993896484375 204.9875030517578125 208.34375 214.287506103515625 218.7624969482421875 222.25 226.212493896484375 229.0187530517578125 230.84375 229.21875 225.3312530517578125 220.1437530517578125 214.59375 209.3874969482421875 204.256256103515625
225.618743896484375 224.056243896484375 222.131256103515625 220.6125030517578125 224.0500030517578125 230.1750030517578125 238.4250030517578125 247.1999969482421875 257.95001220703125 262.3125 258.625 250.34375 242.1374969482421875 234.59375 227.787506103515625 221.84375 217.024993896484375 215.818756103515625 217.1875 217.9499969482421875 216.1437530517578125 216.024993896484375 214.8000030517578125 212.3562469482421875 211.8125 210.243743896484375 208.993743896484375 208.1750030517578125 206.28125 206.4250030517578125 208.6125030517578125 210.4562530517578125 213.6437530517578125 216.287506103515625 219.681243896484375 223.6750030517578125 226.28125 228.7624969482421875 231.212493896484375 228.693756103515625 222.243743896484375 216.537506103515625 210.8562469482421875 204.9375 198.9250030517578125
244.1437530517578125 241.5 239.09375 239.3499908447265625 241.9562530517578125 245.4250030517578125 249.306243896484375 252.4812469482421875 255.350006103515625 258.26251220703125 261.76873779296875 261.04998779296875 257.149993896484375 250.71875 245.600006103515625 241.7687530517578125 238.8125 240.8312530517578125 243.931243896484375 240.618743896484375 234.8000030517578125 231.90625 228.9499969482421875 226.024993896484375 224.524993896484375 221.975006103515625 219.787506103515625 217.287506103515625 215.2937469482421875 214.3125 214.0124969482421875 215.5 217.5812530517578125 219.8312530517578125 221.743743896484375 223.65625 225.243743896484375 226.274993896484375 226.8249969482421875 224.131256103515625 218.4875030517578125 213.2937469482421875 207.681243896484375 200.96875 196.2687530517578125
261.5625 258.912506103515625 256.131256103515625 256.268768310546875 257.45001220703125 257.86248779296875 259.850006103515625 259.693756103515625 257.568756103515625 259.368743896484375 266.162506103515625 270.193756103515625 269.256256103515625 265.01873779296875 260.95001220703125 259.056243896484375 257.024993896484375 257.787506103515625 260.412506103515625 255.1750030517578125 246.600006103515625 242.225006103515625 238.8000030517578125 237.84375 236.0437469482421875 232.9562530517578125 229.4250030517578125 226.3125 224.375 222.875 222.818756103515625 224.0437469482421875 225.2937469482421875 226.3562469482421875 227.381256103515625 228.7624969482421875 229.318756103515625 229.162506103515625 229.087493896484375 225.912506103515625 219.9812469482421875 215.1750030517578125 210.381256103515625 204.587493896484375 201.4812469482421875
279.01873779296875 276.33123779296875 273.91876220703125 272.756256103515625 272.38751220703125 271.506256103515625 272.975006103515625 272.34375 273.04376220703125 275.287506103515625 281.01873779296875 282.70001220703125 283.35626220703125 279.14373779296875 276.71875 274.15625 271.600006103515625 270.14373779296875 267.32501220703125 262.36248779296875 254.743743896484375 250.625 248.256256103515625 249.381256103515625 247.5187530517578125 243.6750030517578125 240.1125030517578125 235.6062469482421875 233.8562469482421875 232.431243896484375 231.149993896484375 231.6875 232.662506103515625 234.131256103515625 235.056243896484375 235.0500030517578125 234.4875030517578125 232.3874969482421875 231 227.8562469482421875 222.743743896484375 218.625 213.5500030517578125 207.306243896484375 206.1999969482421875
295.3125 292.368743896484375 289.73126220703125 287.96875 286.42498779296875 285.274993896484375 286.087493896484375 287.375 289.89373779296875 293.45001220703125 299.20623779296875 300.975006103515625 299.618743896484375 294.912506103515625 292.25 289.28125 285.100006103515625 279.84375 273.787506103515625 268.162506103515625 259.975006103515625 256.006256103515625 256.33123779296875 256.53125 258.274993896484375 253.9562530517578125 248.993743896484375 245.0625 241.806243896484375 239.7125091552734375 239.0500030517578125 239.2125091552734375 239.40625 240.475006103515625 242.125 241.71875 239.03125 236.693756103515625 234.1374969482421875 229.5749969482421875 224.1687469482421875 219.8874969482421875 215.28125 209.693756103515625 208.931243896484375
308.625 305.26873779296875 301.806243896484375 300.256256103515625 299.287506103515625 298.443756103515625 299.600006103515625 303.287506103515625 306.493743896484375 310.850006103515625 317.5625 321.51251220703125 319.149993896484375 313.70623779296875 310.46875 305.29998779296875 299.67498779296875 290.912506103515625 281.39373779296875 272.725006103515625 262.943756103515625 259.600006103515625 262.993743896484375 267.39373779296875 268.57501220703125 262.287506103515625 256.131256103515625 251.625 248.4562530517578125 247.3562469482421875 246.6687469482421875 246.0437469482421875 246.46875 247.2937469482421875 248.8000030517578125 248.931243896484375 248.09375 246.274993896484375 243.34375 238.5124969482421875 233.056243896484375 227.8312530517578125 220.912506103515625 213.09375 211.006256103515625
317.975006103515625 315.35626220703125 312.875 311.225006103515625 311.70001220703125 312.131256103515625 314.82501220703125 318.48748779296875 321.931243896484375 328.11248779296875 334.90625 340.41876220703125 339.01873779296875 332.04376220703125 327.256256103515625 320.17498779296875 313.024993896484375 303.07501220703125 292.64373779296875 281.1875 267.193756103515625 264.14373779296875 268.712493896484375 272.5625 271.10626220703125 265.193756103515625 261.212493896484375 257.33123779296875 254.0625 253.3000030517578125 252.931243896484375 252.375 251.693756103515625 252.9499969482421875 254.8874969482421875 255.181243896484375 254.96875 255.28125 252.7687530517578125 247.9250030517578125 243.037506103515625 236.125 225.46875 215.0187530517578125 210.693756103515625
325.88751220703125 323.61248779296875 321.774993896484375 321.100006103515625 322.756256103515625 324.08123779296875 328.59375 333.243743896484375 337.662506103515625 343.11248779296875 348.79998779296875 353.34375 353.29998779296875 349.662506103515625 342.26251220703125 335.29376220703125 326.368743896484375 316.375 305.04998779296875 294.662506103515625 283.1875 277.57501220703125 276.95001220703125 276.143768310546875 273.131256103515625 267.837493896484375 265.04376220703125 261.64373779296875 259.17498779296875 257.48748779296875 257.25 256.337493896484375 255.462493896484375 256.85626220703125 258.66876220703125 260.100006103515625 262.20001220703125 264.01251220703125 262.8125 257.899993896484375 250.5437469482421875 239.28125 228.368743896484375 218.53125 214.431243896484375
333.5 330.506256103515625 329.61248779296875 331.100006103515625 332.318756103515625 335.54998779296875 341.824981689453125 346.837493896484375 352.45001220703125 358.087493896484375 362.54376220703125 368.13751220703125 369.462493896484375 367.181243896484375 360.36248779296875 352.225006103515625 343.887481689453125 333.350006103515625 322.881256103515625 314.04376220703125 302.443756103515625 292.975006103515625 287.66876220703125 283.85626220703125 278.681243896484375 274.03125 271.274993896484375 267.45623779296875 264.54998779296875 262.98126220703125 260.837493896484375 258.306243896484375 257.212493896484375 257.1875 258.868743896484375 260.475006103515625 265.04998779296875 269.89373779296875 270.25 265.368743896484375 254.9187469482421875 244.5749969482421875 234.3312530517578125 223.556243896484375 218.431243896484375
339.243743896484375 335.818756103515625 335.95623779296875 338.375 341.45623779296875 345.95623779296875 353.03125 358.287506103515625 365.35626220703125 373.03125 378.61248779296875 385.58123779296875 388.73748779296875 386.837493896484375 379.681243896484375 368.79998779296875 362.056243896484375 353.287506103515625 344.100006103515625 335.78125 321.3125 308.36248779296875 298.818756103515625 293.618743896484375 286.037506103515625 279.16876220703125 275.42498779296875 272.51251220703125 270.4375 268.5625 266.11248779296875 261.274993896484375 256.4375 254.181243896484375 253.631256103515625 256.818756103515625 263.91876220703125 272.537506103515625 276.943756103515625 273.28125 262.756256103515625 250.524993896484375 238.493743896484375 226.7687530517578125 220.2624969482421875
341.899993896484375 339.98748779296875 340.881256103515625 344.36248779296875 349.125 355.01251220703125 362.95001220703125 370.10626220703125 378.46875 387.75 396.212493896484375 405.71875 411.51873779296875 411.381256103515625 403.20001220703125 391.443756103515625 381.45623779296875 371.61248779296875 362.743743896484375 355.1875 339.95001220703125 324.28125 310.57501220703125 303.131256103515625 294.756256103515625 284.350006103515625 278.774993896484375 276.850006103515625 276.09375 275.35626220703125 271.818756103515625 265.04998779296875 256.625 248.5 246.2624969482421875 249.756256103515625 258.42498779296875 273.024993896484375 285.13751220703125 278.88751220703125 265.70623779296875 252.7062530517578125 238.9562530517578125 226.662506103515625 220.881256103515625
342.57501220703125 341.82501220703125 345.568756103515625 351.42498779296875 357.568756103515625 365.037506103515625 374.649993896484375 383.506256103515625 392.725006103515625 402.399993896484375 413.10626220703125 427.04998779296875 437.662506103515625 439.10626220703125 431.212493896484375 419.118743896484375 403.73748779296875 388.01251220703125 381.60626220703125 374.131256103515625 360.34375 342.35626220703125 324.23748779296875 312.51873779296875 301.76873779296875 290.35626220703125 283.29376220703125 282.350006103515625 282.787506103515625 282.587493896484375 277.5 264.26251220703125 252.493743896484375 241.618743896484375 235.6125030517578125 235.943756103515625 248.712493896484375 263.899993896484375 274.78125 271.712493896484375 259.78125 248.087493896484375 236.4875030517578125 226.25 221.087493896484375
341.899993896484375 342.73748779296875 348.149993896484375 354.725006103515625 363.01873779296875 373.91876220703125 384.33123779296875 395.95001220703125 407.181243896484375 417.131256103515625 430.006256103515625 446.412506103515625 462.01873779296875 470.83123779296875 460.600006103515625 442.743743896484375 424.21875 404.63751220703125 395.068756103515625 389.412506103515625 376.73126220703125 358.51251220703125 333.89373779296875 319.70623779296875 307.412506103515625 296.399993896484375 291.04376220703125 289.631256103515625 290.631256103515625 291.462493896484375 286.32501220703125 269.48748779296875 251.9187469482421875 234.1875 222.75 224.09375 237.037506103515625 250.912506103515625 259.92498779296875 258.506256103515625 250.65625 240.899993896484375 232.4250030517578125 224.868743896484375 220.4499969482421875
341.32501220703125 341.78125 348.58123779296875 356.837493896484375 367.95623779296875 381.23748779296875 394.79998779296875 406.70001220703125 418.58123779296875 429.51251220703125 442.07501220703125 460.956268310546875 482.95623779296875 501.506256103515625 486.556243896484375 458.28125 433.756256103515625 416.375 406.443756103515625 400.556243896484375 382.54998779296875 360.881256103515625 341.243743896484375 325.76251220703125 312.337493896484375 300.6875 297.181243896484375 297.100006103515625 295.962493896484375 295.125 287.35626220703125 272.79998779296875 250.6687469482421875 227.09375 209.568756103515625 213.537506103515625 229.75 243.712493896484375 250.5124969482421875 249.725006103515625 242.2937469482421875 233.868743896484375 229.287506103515625 224.4812469482421875 220.96875
