data/historical-monthly-weather-data/wc2.1_cruts4.09_10m_prec_1994-04.asc
ncols        45
nrows        45
xllcorner    -63.500000000000
yllcorner    -7.500000000000
cellsize     0.166666666667
NODATA_value -9999
[rows 0 to 19 of 45, columns 0 to 44 of 45]
184.3937530517578125 188.5999908447265625 189.4562530517578125 193.662506103515625 194.59375 192.7375030517578125 190.03125 184.3937530517578125 181.6750030517578125 181.96875 184.90625 189.131256103515625 192.6750030517578125 195.056243896484375 199.056243896484375 203.868743896484375 209.6750030517578125 212.6999969482421875 218.0124969482421875 223.1875 226.774993896484375 231.1875 235.118743896484375 241.375 245.931243896484375 253.3249969482421875 261.274993896484375 271.443756103515625 280.149993896484375 286.0625 292.10626220703125 298.3125 301.962493896484375 307.29376220703125 312.193756103515625 316.84375 319.21875 321.64373779296875 326.07501220703125 328.53125 330.899993896484375 333.01873779296875 331.98126220703125 333.15625 333.962493896484375
189.5187530517578125 193.6999969482421875 199.475006103515625 204.743743896484375 209.25 206.3125 202.0437469482421875 199.1875 197.5 197.1125030517578125 199.087493896484375 201.65625 204.462493896484375 206.537506103515625 208.9375 213.787506103515625 217.787506103515625 223.28125 229.7687530517578125 235.350006103515625 238.8000030517578125 242.3249969482421875 247.524993896484375 252.53125 258.693756103515625 265.39373779296875 272.88751220703125 282.98748779296875 289.92498779296875 294.193756103515625 299.993743896484375 306.71875 310.506256103515625 316.556243896484375 320.32501220703125 324.45001220703125 328.98126220703125 331.681243896484375 335.23748779296875 336.368743896484375 337.42498779296875 339.8125 338.91876220703125 337.837493896484375 338.125
194.962493896484375 201.475006103515625 207.287506103515625 214.9375 221.2624969482421875 219.8249969482421875 217.3625030517578125 215.9375 216.8937530517578125 216.2687530517578125 215.725006103515625 216.162506103515625 217.9375 217.625 219.568756103515625 223.2937469482421875 226.6062469482421875 231.587493896484375 236.5749969482421875 242.25 246.381256103515625 250.681243896484375 254.6624908447265625 260.024993896484375 267.32501220703125 274.493743896484375 283.399993896484375 290.45623779296875 295.76873779296875 300.712493896484375 305.625 310.79998779296875 317.21875 322.725006103515625 325.475006103515625 329 335.54376220703125 340.556243896484375 343.36248779296875 345.16876220703125 346.54376220703125 346.774993896484375 345.787506103515625 345.337493896484375 346.068756103515625
197.431243896484375 205.193756103515625 214.743743896484375 222.1062469482421875 229.243743896484375 230.8937530517578125 230.9250030517578125 231.587493896484375 234.993743896484375 236.306243896484375 234.09375 231.556243896484375 229.5812530517578125 228.6999969482421875 229.6437530517578125 232.725006103515625 236.0625 239.6999969482421875 243.462493896484375 248.399993896484375 253.4812469482421875 257.73748779296875 260.618743896484375 267.38751220703125 274.975006103515625 281.274993896484375 290.993743896484375 296.712493896484375 301.850006103515625 308.068756103515625 312.5625 317.274993896484375 320.912506103515625 325.787506103515625 328.75 335.01873779296875 341.337493896484375 346.90625 352.274993896484375 353.08123779296875 354.70001220703125 356.125 352.76251220703125 350.54376220703125 353.287506103515625
209.931243896484375 215.100006103515625 219.625 227.84375 237.9499969482421875 240.71875 241.118743896484375 244.3000030517578125 250.868743896484375 255.40625 250.5 243.037506103515625 239.850006103515625 238.462493896484375 238.6875 240.912506103515625 242.975006103515625 245.8312530517578125 248.40625 252.0437469482421875 257.875 261.625 265.100006103515625 273.79998779296875 279.725006103515625 286.48126220703125 294.23748779296875 303.20623779296875 310.41876220703125 314.350006103515625 318.5625 319.931243896484375 323.01873779296875 328.34375 332.53125 339.100006103515625 344.962493896484375 351.649993896484375 358.243743896484375 360.20001220703125 363.6875 361.10626220703125 358.475006103515625 358.006256103515625 359.60626220703125
219.5187530517578125 226.462493896484375 231.4562530517578125 234.78125 244.131256103515625 248.3125 249.1374969482421875 252.6875 259.23126220703125 265.625 257.943756103515625 250.568756103515625 247.712493896484375 246.2687530517578125 245.3000030517578125 247.0124969482421875 246.7437591552734375 248.2312469482421875 251.399993896484375 254.8000030517578125 259.350006103515625 263.26251220703125 269.29376220703125 276.681243896484375 283.85626220703125 291.625 298.6875 306.649993896484375 313.225006103515625 316.475006103515625 319.98748779296875 323.59375 324.45001220703125 329.40625 335.743743896484375 342.04998779296875 350.73126220703125 358.350006103515625 365.13751220703125 370.07501220703125 370.29376220703125 367.61248779296875 366.01873779296875 366.33123779296875 369.75
230.725006103515625 238.1062469482421875 243.2312469482421875 245.6437530517578125 248.412506103515625 249.149993896484375 249.993743896484375 252.46875 254.9812469482421875 256.162506103515625 255.0812530517578125 253.493743896484375 254.181243896484375 252.6437530517578125 251.756256103515625 253.3562469482421875 252.5625 250.431243896484375 250.90625 254.4250030517578125 260.34375 266.01873779296875 272.274993896484375 278.01251220703125 286.0625 294.64373779296875 302.337493896484375 308.125 313.806243896484375 317.412506103515625 321.61248779296875 324.34375 326.9375 329.712493896484375 335.681243896484375 342.912506103515625 350.618743896484375 360.03125 370.243743896484375 375.225006103515625 372.48126220703125 370.89373779296875 370.350006103515625 370.962493896484375 376.725006103515625
242.693756103515625 248.7375030517578125 252.162506103515625 255.8562469482421875 258.67498779296875 257 251.75 246.3000030517578125 242.3562469482421875 242.943756103515625 249.068756103515625 254.6187591552734375 258.13751220703125 259.0625 259 258.67498779296875 256.6875 253.274993896484375 250.5187530517578125 253.399993896484375 261.08123779296875 268.287506103515625 274.162506103515625 280.350006103515625 289.806243896484375 296.350006103515625 303.125 308.899993896484375 314.693756103515625 318.96875 320.76873779296875 323.38751220703125 326.21875 329.5625 334.51251220703125 339.225006103515625 347.6875 356.32501220703125 364.587493896484375 368.600006103515625 369.106231689453125 369.90625 369.36248779296875 368.90625 372.850006103515625
252.9250030517578125 259.13751220703125 261.837493896484375 263.71875 265.83123779296875 262.399993896484375 257.59375 250.475006103515625 241.2062530517578125 237.5500030517578125 246.84375 255.5 264.58123779296875 266.618743896484375 264.71875 263.48126220703125 261.375 258.57501220703125 257.14373779296875 257.918731689453125 260.943756103515625 269.8125 275.45001220703125 283.818756103515625 292.399993896484375 297.056243896484375 302.431243896484375 308.45001220703125 313.90625 317.89373779296875 321.431243896484375 321.83123779296875 323.16876220703125 324.08123779296875 328.943756103515625 334.51251220703125 343.20001220703125 349.71875 357.76873779296875 361.631256103515625 363.38751220703125 363.04376220703125 364.36248779296875 365.868743896484375 365.381256103515625
262.83123779296875 267.28125 270.15625 271.91876220703125 272.63751220703125 269.73126220703125 265.899993896484375 259.38751220703125 254.7062530517578125 254.4812469482421875 260.212493896484375 265.51873779296875 272.36248779296875 274.41876220703125 272.53125 268.76251220703125 265.5 263.618743896484375 262.20623779296875 264.79376220703125 267.493743896484375 272.63751220703125 277.41876220703125 286.931243896484375 292.225006103515625 294.899993896484375 299.46875 304.76873779296875 311.100006103515625 317.36248779296875 318.212493896484375 317.09375 317.54376220703125 318.556243896484375 322.20623779296875 328.918731689453125 334.92498779296875 341.39373779296875 348.662506103515625 355.037506103515625 359.48748779296875 359.88751220703125 359.95001220703125 356.975006103515625 358.5687255859375
272.75 277.59375 279.42498779296875 280.318756103515625 279.212493896484375 277.087493896484375 274.40625 269.73748779296875 268.693756103515625 270.34375 275.67498779296875 281.806243896484375 283.087493896484375 283.85626220703125 278.70623779296875 272.76251220703125 268.681243896484375 267.568756103515625 267.618743896484375 269.45001220703125 275.5 279.21875 280.89373779296875 281.6875 289.806243896484375 292.64373779296875 294.73126220703125 298.91876220703125 303.475006103515625 309.443756103515625 310.4375 309.26873779296875 310.10626220703125 310.993743896484375 314.212493896484375 317.931243896484375 323.36248779296875 330.08123779296875 338.350006103515625 345.587493896484375 350.149993896484375 350.67498779296875 353.399993896484375 353.212493896484375 353.181243896484375
279.35626220703125 282.95001220703125 284.20001220703125 287.76873779296875 287.98748779296875 284.82501220703125 284.337493896484375 283.056243896484375 284.33123779296875 287.01251220703125 292.3125 297.725006103515625 293.787506103515625 290.34375 284.15625 278.20623779296875 273.193756103515625 271.818756103515625 272.181243896484375 274.38751220703125 279.3125 282.41876220703125 284.01251220703125 286.962493896484375 287.65625 285.524993896484375 286.806243896484375 289.318756103515625 293.73126220703125 297.337493896484375 298.84375 298.975006103515625 298.837493896484375 300.149993896484375 303.037506103515625 307.681243896484375 314.33123779296875 321.66876220703125 327.51873779296875 332.631256103515625 338.524993896484375 340.587493896484375 342.28125 338.63751220703125 337.774993896484375
286.5 289.11248779296875 290.506256103515625 292.881256103515625 294.59375 295.399993896484375 294.268768310546875 293.1875 294.66876220703125 299.912506103515625 305.037506103515625 308.78125 304.01251220703125 292.51251220703125 285.59375 281.431243896484375 275.412506103515625 273.65625 274.756256103515625 275.28125 279.568756103515625 280.58123779296875 278.975006103515625 280.57501220703125 274.60626220703125 270.45623779296875 274.493743896484375 276.95001220703125 282.337493896484375 285.09375 286.693756103515625 286.75 286.475006103515625 287.85626220703125 289.787506103515625 296.368743896484375 303.63751220703125 311.181243896484375 318.506256103515625 324.087493896484375 325.181243896484375 329.35626220703125 328.462493896484375 325.65625 328.10626220703125
292.36248779296875 294.26251220703125 294.51873779296875 296.350006103515625 299.95001220703125 301.13751220703125 300.48126220703125 300.787506103515625 304.01251220703125 308.193756103515625 310.45001220703125 308.806243896484375 303.943756103515625 294.712493896484375 284.85626220703125 281.556243896484375 275.524993896484375 271.774993896484375 272.83123779296875 271.5625 273.89373779296875 272.493743896484375 270.975006103515625 267.806243896484375 263.443756103515625 260.318756103515625 262.850006103515625 265.90625 269.95001220703125 273.20623779296875 274.712493896484375 275.75 273.67498779296875 274.84375 277.95623779296875 285.64373779296875 293.287506103515625 302.66876220703125 312.024993896484375 316.3125 313.943756103515625 312.087493896484375 316.875 323 328.443756103515625
295.125 297.15625 298.17498779296875 300.587493896484375 304.95001220703125 306.29998779296875 307.26251220703125 307.893768310546875 309.29998779296875 311.287506103515625 312.375 309.875 303.587493896484375 294.82501220703125 284.068756103515625 277.60626220703125 273.024993896484375 272.3125 272.274993896484375 270.875 270.162506103515625 269.118743896484375 264.875 260.9375 256.600006103515625 254.5437469482421875 256.181243896484375 259.5625 263.64373779296875 265.66876220703125 265.212493896484375 263.29376220703125 263.899993896484375 263.60626220703125 265.36248779296875 272.29998779296875 284.912506103515625 298.256256103515625 307.443756103515625 309.306243896484375 307.787506103515625 310.01251220703125 318.975006103515625 321.54376220703125 323.33123779296875
295.78125 297.57501220703125 300.70001220703125 304.6875 308.681243896484375 310.493743896484375 311.66876220703125 312.95623779296875 315.79998779296875 316.23126220703125 315.787506103515625 312 305.600006103515625 295.54998779296875 283.0625 270.912506103515625 270.04376220703125 272.837493896484375 271.51251220703125 270.28125 268.537506103515625 264.693756103515625 258.899993896484375 254.90625 250.2375030517578125 248.9375 249.5437469482421875 253.5 257.356231689453125 259.98126220703125 261.51873779296875 259.16876220703125 254.006256103515625 251.8312530517578125 251.0812530517578125 263.96875 276.95001220703125 291.3125 301.83123779296875 308.76251220703125 310.35626220703125 314.51251220703125 318.625 318.568756103515625 317.73748779296875
294.95623779296875 298.087493896484375 302.787506103515625 307.84375 311.88751220703125 314.09375 317.53125 319.225006103515625 320.01251220703125 320.506256103515625 318.83123779296875 314.649993896484375 307.09375 297.243743896484375 286.86248779296875 277.587493896484375 270.100006103515625 270.51873779296875 271.54998779296875 271.20623779296875 268.087493896484375 263.76873779296875 256.76251220703125 249.4875030517578125 244.743743896484375 242.287506103515625 243.84375 247.5124969482421875 252.4875030517578125 256.375 257.537506103515625 255.681243896484375 251.1750030517578125 248.256256103515625 252.5062408447265625 261.787506103515625 275.681243896484375 291.46875 307.07501220703125 312.79376220703125 315.95001220703125 318.100006103515625 316.5 315.125 312.193756103515625
292.475006103515625 298.068756103515625 303.17498779296875 310.899993896484375 315.75 319.431243896484375 323.993743896484375 324.6875 324.837493896484375 323.506256103515625 320.256256103515625 315.681243896484375 308.306243896484375 300.556243896484375 291.475006103515625 283.95623779296875 276.21875 268.212493896484375 272.462493896484375 272.9375 270.375 263.681243896484375 255.375 247.8562469482421875 243.625 241.2062530517578125 240.4250030517578125 246.2937469482421875 252.274993896484375 255.28125 252.8874969482421875 244.6937408447265625 245.881256103515625 247.243743896484375 249.837493896484375 262.368743896484375 276.131256103515625 290.66876220703125 303.88751220703125 314.70001220703125 315.475006103515625 315.86248779296875 314.131256103515625 311.631256103515625 309.068756103515625
288.60626220703125 296.20001220703125 303.98748779296875 311.36248779296875 317.75 323.29998779296875 327.481231689453125 330.98126220703125 331.3125 328.98126220703125 323.506256103515625 315.40625 308.98126220703125 303.962493896484375 292.95001220703125 285.84375 279.524993896484375 273.056243896484375 270.524993896484375 271.26251220703125 272.337493896484375 266.712493896484375 249.693756103515625 245.7624969482421875 243.9375 243.96875 246.056243896484375 250.068756103515625 256.412506103515625 258 255.4187469482421875 248.40625 245.15625 239.46875 240.9562530517578125 253.8249969482421875 268.70001220703125 282.649993896484375 298.262481689453125 307.274993896484375 313.28125 313.95001220703125 311.08123779296875 308.34375 306.037506103515625
284.375 294.149993896484375 302.26251220703125 309.024993896484375 318.46875 327.58123779296875 334.45001220703125 336.493743896484375 336.5 333.806243896484375 326.681243896484375 320.26873779296875 313.681243896484375 307.243743896484375 295.118743896484375 282.743743896484375 274.125 274.350006103515625 271.506256103515625 271.51251220703125 267.17498779296875 258.243743896484375 250.15625 246.774993896484375 245.28125 244.9375 248.712493896484375 255.4812469482421875 259.412506103515625 258.17498779296875 252.881256103515625 251.3499908447265625 243.9562530517578125 233.306243896484375 228.899993896484375 241.34375 261.28125 279.75 293.85626220703125 304.149993896484375 309.212493896484375 309.92498779296875 307.71875 304.9375 300.10626220703125
