data/historical-monthly-weather-data/wc2.1_cruts4.09_10m_prec_1996-04.asc
ncols        51
nrows        45
xllcorner    -63.500000000000
yllcorner    -7.500000000000
cellsize     0.166666666667
NODATA_value -9999
[rows 20 to 39 of 45, columns 0 to 44 of 51]
225.875 235.2062530517578125 246.2062530517578125 257.225006103515625 267.28125 283.100006103515625 298.75 309.61248779296875 316.76251220703125 319.443756103515625 318.95623779296875 315.600006103515625 312.287506103515625 310.875 306.54376220703125 304.1875 304.32501220703125 310.774993896484375 320.76873779296875 330.431243896484375 347.83123779296875 363.10626220703125 374.25 378.76251220703125 386.71875 393.125 392.306243896484375 389.787506103515625 384.5 378.243743896484375 366.39373779296875 355.743743896484375 340.23748779296875 322.42498779296875 308.13751220703125 328.26873779296875 358.774993896484375 383.5 399.01251220703125 406.73126220703125 408.48126220703125 410.34375 405.225006103515625 402.82501220703125 398.48748779296875
218.181243896484375 225.2312469482421875 237.493743896484375 253.4375 267.306243896484375 281.92498779296875 298.28125 312.33123779296875 319.912506103515625 319.649993896484375 313.850006103515625 303.90625 297.006256103515625 294.88751220703125 296.60626220703125 296.88751220703125 301.23126220703125 306.975006103515625 316.100006103515625 324.63751220703125 334.587493896484375 347.824981689453125 362.537506103515625 369.79998779296875 380.03125 394.875 411.337493896484375 407.86248779296875 400.337493896484375 392 377.587493896484375 362.71875 350.100006103515625 339.631256103515625 335.96875 346.625 369.387481689453125 390.037506103515625 400.63751220703125 405.0625 406.38751220703125 405.90625 400.681243896484375 396.8125 392.16876220703125
211.6750030517578125 223.2937469482421875 237.1374969482421875 253.162506103515625 267.95001220703125 283.07501220703125 297.21875 313.65625 327.16876220703125 320.962493896484375 308.04376220703125 292.662506103515625 282.45001220703125 281.712493896484375 287.193756103515625 292.63751220703125 296.618743896484375 301.318756103515625 307.95623779296875 314 323.60626220703125 334.41876220703125 344.225006103515625 353.67498779296875 369.92498779296875 389.95001220703125 409.51251220703125 411.4375 406.506256103515625 396.337493896484375 384.625 372.89373779296875 368.912506103515625 365.5 367.21875 372.381256103515625 386.15625 400.78125 406.625 405.41876220703125 403.443756103515625 399.631256103515625 394.068756103515625 389.375 385.806243896484375
207.6687469482421875 219.993743896484375 235.6875 250.0124969482421875 264.21875 279.01251220703125 295.337493896484375 309.600006103515625 320.20623779296875 313.01873779296875 299.45623779296875 286.587493896484375 271.48748779296875 274.32501220703125 281.743743896484375 287.15625 290.51251220703125 297 301.681243896484375 307.51873779296875 314.23126220703125 320.23126220703125 327.643768310546875 339.32501220703125 354.899993896484375 369.04998779296875 384.11248779296875 396.399993896484375 399.89373779296875 398.73126220703125 394.006256103515625 390.83123779296875 391.537506103515625 390.11248779296875 393.01873779296875 396.85626220703125 406.35626220703125 412.462493896484375 411.318756103515625 405.162506103515625 400.53125 394 387.15625 380.712493896484375 380.07501220703125
206.46875 219.337493896484375 233.8312530517578125 249.03125 264.11248779296875 277.14373779296875 290.274993896484375 302.01251220703125 306.86248779296875 305.243743896484375 295.462493896484375 283.63751220703125 277.274993896484375 274.787506103515625 278.76873779296875 283.243743896484375 288.70001220703125 294.375 298.618743896484375 301.29998779296875 304.76251220703125 307.975006103515625 313.462493896484375 321.893768310546875 334.60626220703125 354.48748779296875 371.850006103515625 385.431243896484375 395.931243896484375 405.181243896484375 408.662506103515625 411.912506103515625 415.79376220703125 414.79998779296875 414.04998779296875 412.20623779296875 416.29376220703125 415.350006103515625 411.48748779296875 405.61248779296875 398.51251220703125 389.57501220703125 382.975006103515625 374.29998779296875 366.96875
211.350006103515625 223.0250091552734375 232.96875 246.774993896484375 259.537506103515625 271.4375 282.899993896484375 292.149993896484375 293.61248779296875 291.73748779296875 288.462493896484375 284.11248779296875 280.07501220703125 279.256256103515625 280.274993896484375 285.33123779296875 289.48126220703125 294.162506103515625 296.274993896484375 295.70623779296875 299.16876220703125 298.5625 299.04998779296875 300.850006103515625 317.64373779296875 341.41876220703125 365.006256103515625 380.524993896484375 397.26251220703125 408.756256103515625 421.16876220703125 432.306243896484375 439.287506103515625 433.90625 426.774993896484375 422.26873779296875 421.287506103515625 418.04376220703125 411.256256103515625 404.16876220703125 396.975006103515625 385.84375 376.149993896484375 365.13751220703125 360.8125
211.6687469482421875 218.9312591552734375 229.162506103515625 240.493743896484375 250.4187469482421875 262.274993896484375 271.79376220703125 278.58123779296875 280.931243896484375 284.943756103515625 286.6875 284.274993896484375 282.79376220703125 283.21875 284.92498779296875 288.63751220703125 291.86248779296875 294.475006103515625 297.36248779296875 298.03125 297.07501220703125 294.04998779296875 289.850006103515625 289.90625 309.962493896484375 332.01251220703125 356.41876220703125 373.756256103515625 392.64373779296875 407.25 424.675018310546875 441 452.912506103515625 444.73748779296875 434.98126220703125 427.42498779296875 423.63751220703125 418.6875 409.5625 401.875 392.462493896484375 383.40625 373.51873779296875 364.975006103515625 367.76873779296875
212.631256103515625 216.162506103515625 224.3625030517578125 233.462493896484375 242.9250030517578125 252.5124969482421875 262.162506103515625 267.48126220703125 272.84375 278.66876220703125 280.556243896484375 282.25 283.04376220703125 286.068756103515625 288.712493896484375 290.662506103515625 294.45001220703125 300.01873779296875 301.11248779296875 302.993743896484375 302.712493896484375 298.431243896484375 299.818756103515625 300.475006103515625 313.66876220703125 332.850006103515625 351.60626220703125 368.88751220703125 385.85626220703125 401.600006103515625 416.4375 430.33123779296875 440.57501220703125 438.26873779296875 434.39373779296875 426.51251220703125 423.212493896484375 418.462493896484375 409.60626220703125 400.83123779296875 392.212493896484375 384.149993896484375 375.53125 370.506256103515625 383.51251220703125
212.28125 213.631256103515625 219.4187469482421875 227.28125 234.5749969482421875 241.6437530517578125 249.8312530517578125 258.431243896484375 266.84375 272.399993896484375 277.73748779296875 281.087493896484375 283.09375 287.60626220703125 292.912506103515625 298.381256103515625 303.118743896484375 305.412506103515625 308.9375 310.14373779296875 310.70623779296875 307.568756103515625 309.787506103515625 312.98126220703125 321.568756103515625 336.668731689453125 352.21875 366 379.96875 393.29998779296875 402.89373779296875 412.76251220703125 419.443756103515625 424.10626220703125 425.33123779296875 421.225006103515625 419.881256103515625 416.95623779296875 409.5625 399.212493896484375 387.46875 380.787506103515625 375.868743896484375 383.1875 397.78125
215.962493896484375 214.9562530517578125 218.71875 221.943756103515625 227.6437530517578125 234.9187469482421875 242.78125 251.5187530517578125 259.39373779296875 265.76873779296875 273.26251220703125 278.306243896484375 285.068756103515625 291.456268310546875 297.23126220703125 302.25 307.337493896484375 313.943756103515625 316.60626220703125 315.76251220703125 314.274993896484375 315.3125 319.631256103515625 320.368743896484375 325.03125 336.11248779296875 349.068756103515625 358.15625 369.100006103515625 379.381256103515625 387.41876220703125 393.1875 400.506256103515625 408.45001220703125 413.681243896484375 412.243743896484375 413.73748779296875 413.01251220703125 405.087493896484375 399.493743896484375 393.3125 390.03125 386.41876220703125 394.54998779296875 401.693756103515625
218.475006103515625 214.8874969482421875 216.34375 218.5437469482421875 222.9875030517578125 228.7687530517578125 236.493743896484375 243.149993896484375 251.21875 259.76251220703125 268.70623779296875 276.29376220703125 286.51873779296875 292.875 300.162506103515625 306.33123779296875 313.806243896484375 321.0625 325.443756103515625 326.056243896484375 324.23126220703125 323.46875 325.774993896484375 322.95623779296875 323.631256103515625 336.11248779296875 342.618743896484375 350.3125 357.76251220703125 364.212493896484375 371.51251220703125 376.89373779296875 386.23126220703125 394.89373779296875 400.51873779296875 402.04998779296875 401.925018310546875 403.212493896484375 401.662506103515625 398.67498779296875 395.29998779296875 393.16876220703125 393.587493896484375 397.3125 405.16876220703125
220.256256103515625 214.8625030517578125 214.850006103515625 217.1875 219.568756103515625 222.943756103515625 229.46875 234.8874969482421875 242.943756103515625 251.65625 262.162506103515625 274.16876220703125 284.16876220703125 293.568756103515625 301.26251220703125 308.837493896484375 314.131256103515625 322.20623779296875 326.59375 331.806243896484375 331.0625 330.1875 329.6875 326.34375 328.95623779296875 334.774993896484375 336.899993896484375 342.381256103515625 345.53125 351.86248779296875 359.21875 364.568756103515625 371.21875 379.90625 386.774993896484375 389.01251220703125 391.649993896484375 391.65625 391.35626220703125 390.13751220703125 393.899993896484375 395.40625 396.59375 401.04376220703125 408.837493896484375
228.4812469482421875 221.381256103515625 220.1999969482421875 220.024993896484375 221.4250030517578125 223.056243896484375 225.756256103515625 230.368743896484375 236.75 245.962493896484375 259.225006103515625 270.243743896484375 283.131256103515625 295.09375 302.600006103515625 308.98748779296875 315.787506103515625 324.15625 327.45001220703125 331.09375 332.993743896484375 332.4375 330.931243896484375 327.51873779296875 329.08123779296875 329.04998779296875 330.274993896484375 331.125 332.712493896484375 339.668731689453125 345.006256103515625 348.85626220703125 354.806243896484375 363.59375 370.98126220703125 375.5625 378.274993896484375 380.274993896484375 378.63751220703125 385.5 388.350006103515625 390.26251220703125 394.125 400.78125 409.28125
236.0437469482421875 229.712493896484375 227.306243896484375 224.8625030517578125 223.28125 224.4562530517578125 225.53125 226.6750030517578125 231.462493896484375 239.5437469482421875 250.4562530517578125 265.40625 280.712493896484375 291.67498779296875 300.493743896484375 306.32501220703125 313.85626220703125 321.76873779296875 326.149993896484375 329.71875 331.41876220703125 331.61248779296875 330.681243896484375 323.65625 324.462493896484375 322.46875 319.85626220703125 318.48748779296875 319.01251220703125 323.606231689453125 328.75 334.475006103515625 340.29998779296875 348.09375 355.756256103515625 359.88751220703125 363.875 363.15625 368.681243896484375 375.09375 377.51251220703125 382.25 388.29376220703125 396.431243896484375 406.368743896484375
241.6875 237.0187530517578125 234.287506103515625 229.1062469482421875 225.243743896484375 223.899993896484375 222.681243896484375 222.818756103515625 224.787506103515625 230.006256103515625 242.4375 260.51251220703125 279.274993896484375 294.45623779296875 301.850006103515625 307.54376220703125 312.443756103515625 317.11248779296875 323.774993896484375 325.3125 328.725006103515625 327.1875 326.4375 317.337493896484375 315.162506103515625 314.32501220703125 310.65625 306.125 305.51873779296875 311.21875 315.475006103515625 321.4375 325.51873779296875 333.443756103515625 339.45623779296875 342.662506103515625 344.412506103515625 352.431243896484375 358.131256103515625 363.024993896484375 365.60626220703125 371.475006103515625 378.98126220703125 386.63751220703125 392.787506103515625
248.9250030517578125 245.943756103515625 242.3312530517578125 236.993743896484375 231.774993896484375 227.7937469482421875 225.2687530517578125 222.59375 220.7937469482421875 223.1999969482421875 233.181243896484375 253.1875 275.587493896484375 291.287506103515625 298.6875 303.95001220703125 308.693756103515625 313.36248779296875 318.868743896484375 323.037506103515625 323.587493896484375 322.79376220703125 317.306243896484375 309.79998779296875 304.975006103515625 302.899993896484375 299.774993896484375 296.318756103515625 295.01251220703125 298.95623779296875 303.225006103515625 307.38751220703125 311.068756103515625 318.881256103515625 322.875 323.243743896484375 331.087493896484375 339.050018310546875 343.15625 348.662506103515625 354.04376220703125 358.79998779296875 364.125 371.375 374.3125
256.462493896484375 255.0437469482421875 250.53125 245.493743896484375 239.4812469482421875 234.2312469482421875 230.2375030517578125 223.631256103515625 217.3562469482421875 214.6875 225.962493896484375 251.225006103515625 270.64373779296875 283.17498779296875 292.537506103515625 298.256256103515625 300.662506103515625 305.61248779296875 311.375 312.88751220703125 313.40625 311.17498779296875 305.625 298.975006103515625 292.931243896484375 290.125 288.350006103515625 285.9375 283.9375 286.737518310546875 291.85626220703125 296.66876220703125 300.01873779296875 304.350006103515625 307.087493896484375 310.5625 318.34375 327.20001220703125 333.51873779296875 335.83123779296875 340.975006103515625 344.493743896484375 350.443756103515625 355.756256103515625 359.037506103515625
266.662506103515625 263.63751220703125 258.03125 253.506256103515625 247.306243896484375 241.6125030517578125 235.2937469482421875 226.618743896484375 220.318756103515625 214.568756103515625 230.6999969482421875 254.4187469482421875 268.92498779296875 278.875 286.368743896484375 291.693756103515625 292.556243896484375 297.649993896484375 299.587493896484375 299.337493896484375 298.88751220703125 295.51873779296875 292.412506103515625 286.07501220703125 279.98748779296875 278.57501220703125 274.78125 274.58123779296875 273.89373779296875 277.42498779296875 280.149993896484375 284.96875 289.73748779296875 292.40625 292.3125 300.024993896484375 307.5 313.850006103515625 322.131256103515625 325.462493896484375 327.82501220703125 331.53125 333.743743896484375 336.399993896484375 340.193756103515625
276.73748779296875 270.61248779296875 265.09375 261.03125 256.1875 248.7312469482421875 242.662506103515625 236.21875 234.881256103515625 240.3625030517578125 256.07501220703125 266.524993896484375 271.462493896484375 278.28125 283.868743896484375 285.89373779296875 286.381256103515625 288.73748779296875 286.70623779296875 286.712493896484375 284.32501220703125 279.943756103515625 276.8125 273.26251220703125 269.337493896484375 266.118743896484375 264.368743896484375 264.725006103515625 264.649993896484375 269.64373779296875 273.399993896484375 275.243743896484375 279.54998779296875 283.95623779296875 289.65625 293.86248779296875 298.36248779296875 305.17498779296875 309.649993896484375 310.29376220703125 313.0625 316.875 317.443756103515625 320.899993896484375 323.48126220703125
285.79998779296875 279.76873779296875 274.45623779296875 270.51873779296875 265.71875 259.70001220703125 252.212493896484375 250.0187530517578125 250.993743896484375 255.5500030517578125 263.337493896484375 271.39373779296875 274.412506103515625 278.17498779296875 281.36248779296875 281.443756103515625 280.625 280.84375 276.48126220703125 273.225006103515625 268.693756103515625 266.23126220703125 260.1875 256.993743896484375 256.9375 255.5 255.2687530517578125 256.60626220703125 257.61248779296875 262.04998779296875 263.743743896484375 270.29376220703125 277.162506103515625 281.625 287.26251220703125 290.368743896484375 293.10626220703125 298.04998779296875 299.79998779296875 297.431243896484375 298.212493896484375 301.131256103515625 300.0625 302.256256103515625 306.10626220703125
