data/historical-monthly-weather-data/wc2.1_cruts4.09_10m_prec_1972-04.asc
ncols        51
nrows        45
xllcorner    -63.500000000000
yllcorner    -7.500000000000
cellsize     0.166666666667
NODATA_value -9999
[rows 20 to 39 of 45, columns 0 to 44 of 51]
162.181243896484375 168.3312530517578125 178.46875 189.2312469482421875 199.34375 213.412506103515625 227.4187469482421875 237.899993896484375 245.725006103515625 250.131256103515625 251.6125030517578125 248.5 245.131256103515625 243.3312530517578125 239.537506103515625 237.3625030517578125 237.1125030517578125 241.7375030517578125 249.1125030517578125 255.631256103515625 264.537506103515625 271.162506103515625 275.23748779296875 277.59375 283.006256103515625 287.61248779296875 288.818756103515625 289.125 287.51251220703125 286.38751220703125 281.131256103515625 276.10626220703125 264.39373779296875 250.4187469482421875 239.3312530517578125 255.71875 280.443756103515625 300.649993896484375 313.100006103515625 319.36248779296875 320.92498779296875 322.45001220703125 318.462493896484375 316.693756103515625 313.943756103515625
157.818756103515625 161.4812469482421875 172.2312469482421875 186.4499969482421875 199.243743896484375 212.2312469482421875 226.5500030517578125 239.28125 247.306243896484375 249.2937469482421875 246.5500030517578125 238.7375030517578125 233.09375 231.125 232.056243896484375 231.8312530517578125 234.7937469482421875 238.899993896484375 245.649993896484375 251.4375 255.4437408447265625 261.45623779296875 269.03125 273.850006103515625 281.306243896484375 292.506256103515625 306.79998779296875 306.59375 303.556243896484375 301.17498779296875 294.1875 286.04998779296875 276.125 267.350006103515625 264.100006103515625 272.806243896484375 291.212493896484375 307.91876220703125 316.23748779296875 319.600006103515625 320.54998779296875 320.431243896484375 316.618743896484375 313.9375 311.07501220703125
154.556243896484375 160.75 172.368743896484375 186.3937530517578125 199.6437530517578125 212.8312530517578125 225.318756103515625 239.6875 252.1374969482421875 249.412506103515625 241.0625 229.462493896484375 221.681243896484375 221.21875 225.0687408447265625 228.7937469482421875 231.4187469482421875 234.725006103515625 239.6125030517578125 243.618743896484375 248.09375 253.1374969482421875 257.837493896484375 264.70001220703125 277.087493896484375 292.5625 309.48748779296875 313.54376220703125 312.587493896484375 309 304.318756103515625 298.756256103515625 295.274993896484375 291.57501220703125 292.131256103515625 296.100006103515625 307.03125 318.556243896484375 322.774993896484375 321.33123779296875 319.40625 316.76251220703125 312.875 309.71875 307.912506103515625
154.9562530517578125 161.3312530517578125 173.4562530517578125 185.256256103515625 197.1062469482421875 209.7937469482421875 223.7375030517578125 236.3125 246.46875 242.899993896484375 234.1062469482421875 224.90625 213.725006103515625 216.443756103515625 221.787506103515625 225.3562469482421875 227.375 232.1687469482421875 235.625 239.662506103515625 242.5 244.587493896484375 248.15625 257.149993896484375 269.5 281.024993896484375 294.75 306.76251220703125 312.34375 315.71875 316.59375 317.92498779296875 317.92498779296875 315.48748779296875 316.59375 318.806243896484375 325.64373779296875 329.70001220703125 327.912506103515625 322.125 317.70623779296875 312.662506103515625 307.48126220703125 302.82501220703125 303.975006103515625
157.7375030517578125 164.212493896484375 174.5500030517578125 185.881256103515625 197.306243896484375 208.3937530517578125 219.837493896484375 230.337493896484375 236 236.6687469482421875 230.837493896484375 222.8874969482421875 219.0500030517578125 217.962493896484375 220.5187530517578125 223.212493896484375 226.78125 231.024993896484375 234.2312469482421875 235.9562530517578125 236.868743896484375 237.431243896484375 240.118743896484375 247.0749969482421875 257.681243896484375 274.037506103515625 289.806243896484375 302.98748779296875 314.20001220703125 325.89373779296875 333.4375 340.13751220703125 342.493743896484375 340.03125 337.774993896484375 334.59375 336.21875 333.86248779296875 329.375 323.38751220703125 316.600006103515625 309.33123779296875 304.03125 297.475006103515625 293.875
164.9562530517578125 170.024993896484375 176.068756103515625 185.3562469482421875 194.125 204.09375 214.1437530517578125 222.618743896484375 225.618743896484375 226.056243896484375 225.306243896484375 223.65625 222.118743896484375 222.756256103515625 222.8874969482421875 225.931243896484375 228.381256103515625 231.8874969482421875 233.462493896484375 232.7874908447265625 234.2375030517578125 232.3937530517578125 231.774993896484375 233.9499969482421875 248.1374969482421875 268.03125 288.95623779296875 303.943756103515625 320.375 334.01873779296875 348.98748779296875 362.412506103515625 367.056243896484375 360.51873779296875 352.54998779296875 346.35626220703125 343.0625 338.07501220703125 330.76873779296875 323.34375 316.100006103515625 306.79376220703125 298.774993896484375 290.162506103515625 289.42498779296875
166.6875 167.6875 173.6062469482421875 180.743743896484375 187.125 197.0625 205.600006103515625 212.193756103515625 215.9187469482421875 220.9812469482421875 224.28125 224.6687469482421875 225.7312469482421875 227.84375 228.5437469482421875 230.431243896484375 232.087493896484375 233.9250030517578125 236.1062469482421875 236.399993896484375 234.8312530517578125 231.5812530517578125 227.7312469482421875 228.806243896484375 245.9437408447265625 264.98748779296875 287.03125 303.88751220703125 322.45001220703125 338.60626220703125 357.662506103515625 375.337493896484375 383.756256103515625 374.26873779296875 363.54998779296875 354.46875 348.58123779296875 341.931243896484375 332.35626220703125 324.100006103515625 314.76251220703125 306.806243896484375 298.399993896484375 291.53125 296.287506103515625
168.725006103515625 165.9875030517578125 170.0749969482421875 175.3874969482421875 181.274993896484375 189.5124969482421875 198.162506103515625 203.6437530517578125 209.787506103515625 216.337493896484375 219.9250030517578125 224.0187530517578125 227.5 232.1875 233.65625 234.1062469482421875 236.193756103515625 240.3125 240.9875030517578125 242.3000030517578125 241.662506103515625 237.8562469482421875 238.850006103515625 240.725006103515625 252.8874969482421875 270.15625 288.13751220703125 305.431243896484375 322.837493896484375 339.875 356.54376220703125 371.881256103515625 378.537506103515625 373.524993896484375 367.274993896484375 357.63751220703125 351.993743896484375 345.306243896484375 335.57501220703125 326.056243896484375 317.01873779296875 309.61248779296875 301.993743896484375 297.712493896484375 310.38751220703125
169.5 164.3249969482421875 166.350006103515625 170.587493896484375 174.7687530517578125 181.149993896484375 188.7375030517578125 196.7687530517578125 205.350006103515625 211.8125 218.2687530517578125 224.1750030517578125 229.131256103515625 235.493743896484375 239.2375030517578125 242.568756103515625 245.412506103515625 246.8625030517578125 249.431243896484375 250.15625 250.6437530517578125 248.193756103515625 250.2687530517578125 254.5187530517578125 263.45623779296875 277.89373779296875 293.76251220703125 308.625 323.92498779296875 338.76873779296875 350.649993896484375 362.131256103515625 365.48126220703125 366.1875 364.024993896484375 357.4375 353.34375 348.024993896484375 339.193756103515625 328.0625 316.162506103515625 309.67498779296875 304.899993896484375 310.36248779296875 324.125
171.962493896484375 164.693756103515625 165.162506103515625 165.943756103515625 169 175.7937469482421875 183.4812469482421875 191.931243896484375 200.306243896484375 207.6374969482421875 216 223.4562530517578125 232.475006103515625 240.6437530517578125 245.2687530517578125 248.7624969482421875 252.306243896484375 257.25 258.98748779296875 257.98748779296875 256.95623779296875 258.068756103515625 262.10626220703125 264.712493896484375 270.806243896484375 282.4375 296.48126220703125 307.662506103515625 320.59375 332.475006103515625 342.46875 349.84375 354.118743896484375 358.21875 359.90625 355.912506103515625 354.51251220703125 351.225006103515625 341.88751220703125 334.587493896484375 327.13751220703125 323.46875 319.725006103515625 326.100006103515625 333.743743896484375
173.225006103515625 163.818756103515625 162.5875091552734375 162.6750030517578125 164.90625 170.899993896484375 178.818756103515625 186.037506103515625 194.78125 204.037506103515625 213.774993896484375 223.431243896484375 235.4375 243.8499908447265625 250.306243896484375 255.3562469482421875 261.45001220703125 266.881256103515625 269.9375 269.98126220703125 268.8125 268.587493896484375 271.20623779296875 271.181243896484375 274.306243896484375 287.58123779296875 296.46875 306.6875 316.712493896484375 324.774993896484375 333.524993896484375 340.04998779296875 346.587493896484375 351.89373779296875 354.48748779296875 353.45623779296875 350.975006103515625 349.71875 345.868743896484375 340.76251220703125 335.65625 333.006256103515625 332.774993896484375 335.64373779296875 343.918731689453125
173.6875 162.881256103515625 160.6750030517578125 160.975006103515625 161.806243896484375 166.28125 173.6062469482421875 180.1437530517578125 189.1437530517578125 198.725006103515625 209.975006103515625 223.3937530517578125 235.412506103515625 246.625 254.0187530517578125 260.899993896484375 265.693756103515625 271.912506103515625 274.83123779296875 278.631256103515625 278.4375 278.306243896484375 278.71875 278.51251220703125 283.63751220703125 291.649993896484375 296.962493896484375 305.45001220703125 311.756256103515625 319.350006103515625 327.61248779296875 333.662506103515625 338.20623779296875 344.149993896484375 348.443756103515625 348.4375 348.78125 346.756256103515625 344.131256103515625 340.70623779296875 341.86248779296875 342.5 343.0625 346.73126220703125 355
177.8000030517578125 166.2937469482421875 163.649993896484375 162.475006103515625 162.943756103515625 166.2624969482421875 170.78125 176.8312530517578125 184.8874969482421875 195.3312530517578125 209.25 222.256256103515625 237.0812530517578125 250.9187469482421875 258.83123779296875 265.45001220703125 272.15625 278.70001220703125 280.61248779296875 283.01251220703125 284.943756103515625 284.91876220703125 284.38751220703125 284.056243896484375 288.34375 291.3125 296.04376220703125 300.63751220703125 305.65625 313.71875 319.993743896484375 324.59375 329.13751220703125 335.98126220703125 341.51873779296875 344.20001220703125 345.13751220703125 345.41876220703125 342.193756103515625 346.5625 347.524993896484375 348.743743896484375 351.92498779296875 357.76873779296875 366.70623779296875
181.2937469482421875 171.024993896484375 167.9499969482421875 165.53125 164.181243896484375 167.2375030517578125 170.556243896484375 174.0749969482421875 181.287506103515625 191.2937469482421875 203.8125 220.40625 237.6687469482421875 251.1437530517578125 260.89373779296875 267.76251220703125 275.76873779296875 282.006256103515625 284.79998779296875 287.068756103515625 288.6875 289.13751220703125 288.931243896484375 285.36248779296875 288.962493896484375 290.15625 291.600006103515625 294.32501220703125 298.51873779296875 304.287506103515625 310.243743896484375 316.53125 321.60626220703125 328.32501220703125 334.85626220703125 337.725006103515625 340.41876220703125 338.681243896484375 342.73126220703125 347.54376220703125 348.725006103515625 352.8125 358.25 365.78125 376.056243896484375
183.756256103515625 175.4250030517578125 172.5437469482421875 168.5 165.8000030517578125 167.0187530517578125 168.65625 171.443756103515625 176.725006103515625 184.8125 198.8874969482421875 218.4187469482421875 239.0625 256.73126220703125 266 273.51251220703125 279.868743896484375 283.33123779296875 288.13751220703125 288.5625 291.59375 290.34375 290.15625 284.5 285.3125 287.46875 287.98748779296875 287.84375 291.01873779296875 297.79376220703125 302.79998779296875 309.33123779296875 313.35626220703125 320.95001220703125 326.59375 329.125 330.20001220703125 337.287506103515625 342.17498779296875 346.274993896484375 348.26251220703125 353.787506103515625 360.943756103515625 368.375 375.17498779296875
189.65625 183.3312530517578125 180.125 176.212493896484375 172.6999969482421875 171.9000091552734375 172.412506103515625 172.9499969482421875 175.1875 180.8937530517578125 192.975006103515625 214.337493896484375 238.3874969482421875 256.993743896484375 267.08123779296875 275.01251220703125 281.98126220703125 285.618743896484375 289.524993896484375 292.32501220703125 292.65625 291.95623779296875 287.26873779296875 282.506256103515625 280.42498779296875 280.98748779296875 281.662506103515625 282.15625 284.443756103515625 289.78125 295.118743896484375 300.23748779296875 304.5 312.725006103515625 317.08123779296875 317.20623779296875 324.587493896484375 332.100006103515625 335.86248779296875 341.024993896484375 346.13751220703125 351.037506103515625 356.5625 364.087493896484375 367.98748779296875
196.100006103515625 191.6687469482421875 188.1125030517578125 184.649993896484375 180.71875 178.875 178.1750030517578125 175.5625 174.068756103515625 175.5124969482421875 188.600006103515625 214.587493896484375 236.506256103515625 252.7375030517578125 265.32501220703125 274.493743896484375 280.03125 284.20001220703125 288.48126220703125 288.9375 289.16876220703125 287.01873779296875 282.006256103515625 277.46875 273.64373779296875 273.024993896484375 274.51873779296875 275.649993896484375 276.92498779296875 281.40625 287.91876220703125 294.14373779296875 298.66876220703125 304.11248779296875 307.818756103515625 311.35626220703125 319.07501220703125 327.868743896484375 334.26873779296875 336.64373779296875 341.899993896484375 346.037506103515625 352.662506103515625 358.725006103515625 363.16876220703125
203.8937530517578125 199.024993896484375 194.993743896484375 192.225006103515625 188.40625 186.2624969482421875 183.8000030517578125 179.5437469482421875 178 176.931243896484375 194.256256103515625 219.3562469482421875 237.375 251.712493896484375 263.26873779296875 272.79376220703125 277.48126220703125 282.04998779296875 282.95623779296875 281.899993896484375 281.20001220703125 277.850006103515625 274.95001220703125 270.149993896484375 265.75 265.931243896484375 265.04998779296875 267.850006103515625 270.056243896484375 275.45001220703125 279.85626220703125 286.35626220703125 292.8125 297.10626220703125 298.412506103515625 306.60626220703125 314.42498779296875 321.11248779296875 329.837493896484375 333.556243896484375 336.368743896484375 340.993743896484375 344.1875 347.868743896484375 352.98748779296875
207.4875030517578125 201.4562530517578125 198.399993896484375 196.8000030517578125 194.806243896484375 191.9562530517578125 190.3000030517578125 188.412506103515625 191.462493896484375 200.375 218.28125 232.556243896484375 242.3562469482421875 253.9124908447265625 263.71875 270.149993896484375 274.475006103515625 276.9375 274.587493896484375 274.212493896484375 271.743743896484375 267.375 264.381256103515625 261.86248779296875 259.11248779296875 257.17498779296875 257.57501220703125 260.181243896484375 262.337493896484375 268.95623779296875 274.26873779296875 277.625 283.51873779296875 289.51251220703125 296.681243896484375 301.58123779296875 306.67498779296875 314.13751220703125 319.225006103515625 320.36248779296875 323.725006103515625 328.38751220703125 329.76873779296875 334.131256103515625 337.649993896484375
209.743743896484375 205 203.0437469482421875 202.4499969482421875 201.350006103515625 200.375 198.34375 200.568756103515625 206.274993896484375 215.25 227.2312469482421875 239.5812530517578125 247.7062530517578125 256.48748779296875 263.962493896484375 268.381256103515625 271.412506103515625 272.33123779296875 268.26873779296875 265.23126220703125 260.76873779296875 258.23748779296875 252.350006103515625 249.84375 250.4875030517578125 249.899993896484375 251.087493896484375 253.943756103515625 256.48126220703125 262.28125 265.33123779296875 273.26251220703125 281.54376220703125 287.475006103515625 294.475006103515625 298.556243896484375 302.131256103515625 307.98126220703125 310.4375 308.60626220703125 310.01873779296875 313.63751220703125 313.11248779296875 315.962493896484375 320.39373779296875
