data/historical-monthly-weather-data/wc2.1_cruts4.09_10m_prec_1965-05.asc
ncols        51
nrows        45
xllcorner    -63.500000000000
yllcorner    -7.500000000000
cellsize     0.166666666667
NODATA_value -9999
[rows 0 to 18 of 45, columns 0 to 43 of 51]
593.29998779296875 611.01873779296875 610.73126220703125 618.5625 619.5875244140625 608.9124755859375 589.2125244140625 573.13751220703125 554.5875244140625 540.34375 522.54998779296875 498.45001220703125 477.42498779296875 457.66876220703125 435.78125 416.75 396.756256103515625 377.975006103515625 363.162506103515625 352.25 346.51251220703125 341.09375 339.88751220703125 337.07501220703125 336.181243896484375 337.61248779296875 339.32501220703125 343.274993896484375 344.61248779296875 349.649993896484375 350.23126220703125 353.431243896484375 357.243743896484375 359.131256103515625 361.018768310546875 363.98748779296875 365.243743896484375 363.087493896484375 359.993743896484375 358.631256103515625 354.318756103515625 350.837493896484375 344.26873779296875 342.337493896484375
587.95001220703125 604.70623779296875 615.4375 630.8187255859375 644.4437255859375 637.71875 619.5 605.1812744140625 589.60626220703125 569.8187255859375 551.4625244140625 525.11248779296875 499.037506103515625 474.20001220703125 448.0625 423.5625 400.29376220703125 378.800018310546875 364.64373779296875 352.91876220703125 347.98126220703125 345.01251220703125 342.38751220703125 342.806243896484375 341.85626220703125 341.29376220703125 344.662506103515625 347.84375 350.006256103515625 352.875 353.912506103515625 361.01873779296875 362.03125 366.25 367.20623779296875 364.524993896484375 367.193756103515625 365.29376220703125 364.29376220703125 357.17498779296875 352.4375 353.243743896484375 347.01251220703125 340.25
556.01251220703125 576.4937744140625 594.15625 610.10626220703125 622.86248779296875 624.04998779296875 619.84375 616.71875 605.95001220703125 588.9749755859375 570.2249755859375 540.9437255859375 511.443756103515625 480.85626220703125 453.125 428.35626220703125 401.943756103515625 379.35626220703125 365.162506103515625 354.837493896484375 350.96875 351.03125 349.475006103515625 348.75 347.41876220703125 349.431243896484375 354.037506103515625 355.193756103515625 354.76251220703125 357.76873779296875 359.731231689453125 364.83123779296875 369.899993896484375 371.3125 374.0625 369.318756103515625 368.681243896484375 366.70623779296875 362.71875 357.3125 354.89373779296875 349.63751220703125 346.01251220703125 339.568756103515625
515.39373779296875 529.98748779296875 559.15625 576.01873779296875 592.3812255859375 598.67498779296875 604.5687255859375 613.98126220703125 616.29998779296875 605.90625 584.76873779296875 553.0062255859375 517.38751220703125 485.256256103515625 455.693756103515625 427.818756103515625 399.4375 378.45001220703125 364.73748779296875 358.274993896484375 360.65625 359.75 356.881256103515625 356.818756103515625 355.306243896484375 354.71875 359.54998779296875 358.037506103515625 357.04998779296875 363.381256103515625 366.712493896484375 371.61248779296875 374.20001220703125 374.412506103515625 373.5625 374.09375 373.662506103515625 369.875 365.32501220703125 359.92498779296875 354.350006103515625 352.51873779296875 344.225006103515625 336.625
507.76251220703125 514.61248779296875 516.625 533.625 555.4124755859375 565.86248779296875 581.36248779296875 600.84375 616.3499755859375 617.13751220703125 591.26873779296875 551.80621337890625 520.04998779296875 489.20623779296875 458.193756103515625 427.36248779296875 397.149993896484375 377.79376220703125 365.08123779296875 361.75 365.3125 364.162506103515625 360.475006103515625 364.3125 360.89373779296875 359.73126220703125 357.912506103515625 360.162506103515625 360.33123779296875 365.375 371.51873779296875 374.712493896484375 375.71875 379.17498779296875 379.90625 376.256256103515625 376.024993896484375 373.75 369.5 362.35626220703125 357.662506103515625 350.95623779296875 343.225006103515625 337.431243896484375
489.04376220703125 494.787506103515625 493.58123779296875 488.63751220703125 510.324981689453125 530.4000244140625 547.23126220703125 563.4437255859375 582.75 589.6187744140625 570.29998779296875 532.14996337890625 507.537506103515625 482.681243896484375 451.337493896484375 427.36248779296875 397.881256103515625 379.068756103515625 370.068756103515625 370.287506103515625 371.25 371.21875 370.462493896484375 366.806243896484375 363.88751220703125 361.76873779296875 360.35626220703125 359.9375 362.056243896484375 368.21875 374.6875 380.33123779296875 380.13751220703125 381.40625 380.306243896484375 377.57501220703125 374.181243896484375 370.11248779296875 369.8125 362.64373779296875 353.993743896484375 348.17498779296875 339.57501220703125 333.40625
473.9375 475.100006103515625 472.256256103515625 468.381256103515625 473.15625 483.01873779296875 497.66876220703125 512.78125 514.8375244140625 524.5875244140625 521.64373779296875 501.45001220703125 486.46875 469.493743896484375 446.35626220703125 424.125 404.943756103515625 392.17498779296875 383.693756103515625 385.318756103515625 381.806243896484375 377.756256103515625 371.318756103515625 369.51873779296875 367.193756103515625 367.23126220703125 363.756256103515625 362.193756103515625 360.23748779296875 367.462493896484375 375.524993896484375 378.912506103515625 376.375 376.42498779296875 375.9375 374.493743896484375 368.64373779296875 363.76873779296875 363.6875 359.54998779296875 349.03125 340.568756103515625 332.506256103515625 328.40625
457.524993896484375 455.0625 451.118743896484375 450.76251220703125 454.15625 463.08123779296875 461.806243896484375 450.681243896484375 439.95001220703125 454.975006103515625 473.206268310546875 470.368743896484375 467.73126220703125 456.61248779296875 441.306243896484375 427.08123779296875 412.59375 406.125 399.962493896484375 396.100006103515625 394.41876220703125 386.17498779296875 378.17498779296875 370.193756103515625 369.25 361.63751220703125 362.20623779296875 359.01873779296875 357.743743896484375 365.10626220703125 372.756256103515625 375.8125 374.17498779296875 370.07501220703125 365.287506103515625 361.149993896484375 356.8125 353.73126220703125 350.17498779296875 341.23748779296875 335.306243896484375 327.912506103515625 321.98748779296875 315.318756103515625
442.89373779296875 439.631256103515625 438.118743896484375 435.462493896484375 436.006256103515625 441 439.212493896484375 431.443756103515625 412.368743896484375 408.8125 427.712493896484375 438.131256103515625 446.35626220703125 440.17498779296875 431.45623779296875 425.60626220703125 417.818756103515625 415.712493896484375 415.01251220703125 403.643768310546875 391.70623779296875 387.118743896484375 373.306243896484375 373.73748779296875 365.21875 356.193756103515625 352.443756103515625 353.806243896484375 357.01873779296875 360.16876220703125 368.012481689453125 367.35626220703125 357.5 349.243743896484375 346.40625 343.524993896484375 340.131256103515625 337.51873779296875 336.375 326.725006103515625 317.443756103515625 310.524993896484375 308.568756103515625 306.34375
427.243743896484375 425.54376220703125 424.100006103515625 423.54376220703125 419.662506103515625 424.07501220703125 424.48126220703125 420.662506103515625 413.29376220703125 413.774993896484375 421.381256103515625 419.08123779296875 429.70001220703125 425.85626220703125 425.09375 420.95623779296875 417.63751220703125 416.86248779296875 418.26251220703125 414.4375 398.04376220703125 382.524993896484375 369.868743896484375 366.9375 355.681243896484375 347.20001220703125 343.09375 344.381256103515625 349.443756103515625 355.25 355.443756103515625 351.024993896484375 344.04376220703125 336.04998779296875 328.59375 324.91876220703125 320.4375 318.57501220703125 318.162506103515625 315.100006103515625 310.818756103515625 307.83123779296875 298.79376220703125 291.024993896484375
411.818756103515625 411.699981689453125 408.96875 409.037506103515625 405.45001220703125 411.337493896484375 413.54998779296875 408.662506103515625 405.368743896484375 410.23126220703125 418.600006103515625 421.475006103515625 414.9375 415.34375 414.48126220703125 413.11248779296875 413.756256103515625 415.693756103515625 417.043731689453125 418.243743896484375 414.337493896484375 392.03125 371.381256103515625 348.51873779296875 346.568756103515625 343.506256103515625 339.29998779296875 339.57501220703125 338.85626220703125 338.85626220703125 339.556243896484375 336.16876220703125 327.58123779296875 318.51251220703125 309.556243896484375 302.818756103515625 298.46875 298.100006103515625 301.556243896484375 301.53125 299.54998779296875 295.26251220703125 292.693756103515625 281.8125
401.41876220703125 399.462493896484375 397.98748779296875 398.14373779296875 397.181243896484375 398.21875 403.79376220703125 404.48126220703125 405.475006103515625 404.850006103515625 411.756256103515625 419.54376220703125 407.162506103515625 405.04998779296875 407.53125 403.51251220703125 403.818756103515625 405.912506103515625 409.28125 416.4375 418 403.42498779296875 380.524993896484375 353.73126220703125 336.46875 325.181243896484375 318.84375 318.89373779296875 321.181243896484375 319.5 314.48126220703125 309.98126220703125 301.73748779296875 292.91876220703125 287.38751220703125 284.693756103515625 282.787506103515625 280.556243896484375 282.125 283.71875 285.04998779296875 281.75 274.6875 256.4375
392.506256103515625 387.76251220703125 385.506256103515625 386.149993896484375 384.54998779296875 388.318756103515625 389.98748779296875 389.368743896484375 391.95001220703125 396.91876220703125 402.506256103515625 407.975006103515625 403.881256103515625 387.806243896484375 386.443756103515625 389.243743896484375 389.243743896484375 392.118743896484375 395.475006103515625 402.837493896484375 410.056243896484375 395.4375 374.98126220703125 348.899993896484375 315.51873779296875 299.60626220703125 302.25 303.48748779296875 306.48126220703125 304.868743896484375 296.350006103515625 286.243743896484375 276.787506103515625 267.36248779296875 263.125 263.962493896484375 264.21875 265.681243896484375 270.25 271.899993896484375 271.25 268.975006103515625 254.443756103515625 240.556243896484375
375.649993896484375 372.26251220703125 371.98748779296875 372.024993896484375 372.6875 373.82501220703125 373.962493896484375 374.60626220703125 379.743743896484375 383.881256103515625 382.118743896484375 384.01251220703125 381.67498779296875 374.71875 360.53125 366.86248779296875 366.868743896484375 367.881256103515625 374.29998779296875 382.587493896484375 386.35626220703125 376.5 361.25 341.54998779296875 315.39373779296875 297.475006103515625 292.225006103515625 288.118743896484375 288.29998779296875 282.618743896484375 277.65625 265.83123779296875 256.25 247.4875030517578125 241.8874969482421875 245.8937530517578125 250.5 255.09375 261.274993896484375 260.256256103515625 250.2687530517578125 240.368743896484375 237.350006103515625 236.975006103515625
360.33123779296875 359.5625 360.46875 359.96875 359.39373779296875 360.70001220703125 364.0625 366.59375 367.96875 366.92498779296875 363.41876220703125 362.58123779296875 356.875 349.206268310546875 329.975006103515625 333.1875 335.76251220703125 341.693756103515625 347.9375 354.412506103515625 360.306243896484375 357.13751220703125 350.20623779296875 342.287506103515625 328.25 314.0625 301.13751220703125 292.193756103515625 285.26251220703125 275.493743896484375 260.73126220703125 247.1750030517578125 241.037506103515625 228.681243896484375 218.5749969482421875 220.087493896484375 234.493743896484375 244.7312469482421875 247.681243896484375 241.90625 230.600006103515625 228.1750030517578125 233.787506103515625 233.1437530517578125
344.587493896484375 343.75 346.76873779296875 347.943756103515625 346.618743896484375 349.86248779296875 353.57501220703125 354.86248779296875 353.01873779296875 352.03125 346.38751220703125 342.649993896484375 336.006256103515625 330.006256103515625 315.037506103515625 299.056243896484375 305.850006103515625 318.681243896484375 321.899993896484375 328.162506103515625 335.899993896484375 343.21875 346.618743896484375 346.787506103515625 336.881256103515625 322.04376220703125 305.993743896484375 291.556243896484375 281.318756103515625 271.29376220703125 259.46875 243.350006103515625 225.8874969482421875 209.6437530517578125 198.568756103515625 211.46875 219.3249969482421875 227.181243896484375 231.4562530517578125 229.8874969482421875 222.6437530517578125 221.3312530517578125 223.7312469482421875 219.5625
331.10626220703125 331.506256103515625 332.29376220703125 335.125 337.42498779296875 337.73126220703125 338.89373779296875 338.67498779296875 338.625 336.556243896484375 332.25 329.681243896484375 321.662506103515625 313.48126220703125 302.54376220703125 290.86248779296875 277.568756103515625 287.881256103515625 296.54998779296875 304.3125 314.59375 324.98126220703125 337.65625 346.92498779296875 345.28125 321.64373779296875 301.36248779296875 286.774993896484375 275.381256103515625 264.412506103515625 253.399993896484375 241.1687469482421875 225.225006103515625 210.875 210.375 212.1437530517578125 218.899993896484375 225.568756103515625 232.337493896484375 223.8000030517578125 214.3562469482421875 211.4250030517578125 208.693756103515625 208.4499969482421875
315.41876220703125 318.631256103515625 321.38751220703125 323.149993896484375 325.51873779296875 328.85626220703125 327.82501220703125 325.537506103515625 323.13751220703125 321.64373779296875 317.48748779296875 317.024993896484375 305.800018310546875 299.28125 289.256256103515625 279.712493896484375 267.756256103515625 257.66876220703125 275.29998779296875 280.98748779296875 291.78125 306.01251220703125 321.412506103515625 332.08123779296875 333.51873779296875 315.381256103515625 290.64373779296875 278.82501220703125 268.45001220703125 253.6937408447265625 234.837493896484375 219.100006103515625 221.5187530517578125 217.7062530517578125 212.7375030517578125 222.587493896484375 228.3625030517578125 226.600006103515625 226.693756103515625 220.1875 205.46875 200.899993896484375 197.7687530517578125 197.5437469482421875
299.95001220703125 304.5 306.85626220703125 311.59375 315.712493896484375 316.506256103515625 316.45623779296875 315.625 312.90625 312.431243896484375 306.07501220703125 296.32501220703125 287.14373779296875 281.287506103515625 272.368743896484375 265.98748779296875 258.83123779296875 245.90625 245.09375 252.462493896484375 266.399993896484375 286.693756103515625 288.431243896484375 301.556243896484375 304.33123779296875 300.59375 285.73126220703125 268.225006103515625 257.787506103515625 243.287506103515625 228.1875 219.3000030517578125 219.399993896484375 215.5187530517578125 213.4250030517578125 219.0625 218.212493896484375 213.9812469482421875 214.8625030517578125 206.5437469482421875 194.8625030517578125 188.587493896484375 187.2687530517578125 188.556243896484375
