data/historical-monthly-weather-data/wc2.1_cruts4.09_10m_prec_2024-10.asc
ncols        45
nrows        45
xllcorner    -63.500000000000
yllcorner    -7.500000000000
cellsize     0.166666666667
NODATA_value -9999
[rows 0 to 18 of 45, columns 0 to 43 of 45]
176.8125 178.7624969482421875 175.03125 173.431243896484375 170.1875 163.9375 155.1999969482421875 146.9375 139.2062530517578125 133.1374969482421875 128.9562530517578125 124.9375 120.4375 114.63124847412109375 109.90000152587890625 105.34375 100.9812469482421875 96.7624969482421875 93.46250152587890625 90.30625152587890625 88.3937530517578125 86.27500152587890625 84.65625 83.94374847412109375 83.6437530517578125 83.81874847412109375 84.88124847412109375 86.3562469482421875 88.15000152587890625 89.5625 91.18125152587890625 92.91249847412109375 94.625 96.6750030517578125 98.72499847412109375 98.25624847412109375 97.2687530517578125 95.78125 92.6125030517578125 88.9375 85.05625152587890625 80.50624847412109375 75.1374969482421875 69.38124847412109375
173.2687530517578125 176.368743896484375 177.381256103515625 180.6999969482421875 183.600006103515625 177.256256103515625 169.5187530517578125 163.2937469482421875 157.375 151.274993896484375 145.6374969482421875 139.7062530517578125 133.5124969482421875 126.93125152587890625 120.7062530517578125 115.09999847412109375 108.96875 104.3125 100.3562469482421875 96.9812469482421875 94.3125 92.08750152587890625 90.1999969482421875 89.2312469482421875 88.5187530517578125 87.7624969482421875 88.7937469482421875 89.96250152587890625 91.1062469482421875 91.68125152587890625 93.59375 95.94374847412109375 98.2062530517578125 101.05625152587890625 103 101.71875 100.4499969482421875 98.2375030517578125 94.3312530517578125 89.65625 84.9499969482421875 79.71875 73.68125152587890625 67.1875
161.9499969482421875 166.8874969482421875 169.850006103515625 175.8125 181.131256103515625 178.274993896484375 174.8125 172.5 168.7937469482421875 163.1437530517578125 156.0812530517578125 148.037506103515625 140.0187530517578125 131.837493896484375 124.6437530517578125 118.0625 111.9375 107.1750030517578125 103.03749847412109375 99.52500152587890625 96.7312469482421875 94.88124847412109375 92.8937530517578125 91.50624847412109375 90.34999847412109375 89.61875152587890625 90.1999969482421875 91.1062469482421875 91.27500152587890625 92.2624969482421875 94.5 96.5500030517578125 98.89374542236328125 102.0625 104.47499847412109375 103.22499847412109375 101.5187530517578125 99.5187530517578125 95.3874969482421875 90.25 85.03749847412109375 79.34375 73.0625 66.6125030517578125
148.743743896484375 154.34375 160.4375 166.337493896484375 173.5 174.3000030517578125 175.8000030517578125 178.037506103515625 178.306243896484375 174.0437469482421875 165.006256103515625 154.2312469482421875 143.9499969482421875 134.5749969482421875 127.3625030517578125 120.1125030517578125 113.5437469482421875 109.1437530517578125 105.2687530517578125 101.94374847412109375 99.3312530517578125 96.8625030517578125 94.3249969482421875 92.86875152587890625 91.3625030517578125 90.1125030517578125 90.33750152587890625 90.6374969482421875 90.75 91.71875 93.94374847412109375 96.44374847412109375 98.33750152587890625 100.99375152587890625 103.03749847412109375 102.94374847412109375 101.81874847412109375 99.88124847412109375 95.72499847412109375 90.3562469482421875 84.15625 78.3874969482421875 72.0437469482421875 65.65625
142.5437469482421875 145.625 148.850006103515625 155.2624969482421875 164.5749969482421875 169 173.649993896484375 179.3125 184.5500030517578125 184.3562469482421875 172.1687469482421875 157.4562530517578125 146.0124969482421875 136.65625 128.881256103515625 121.3125 114.8937530517578125 110.0124969482421875 106.03125 102.75624847412109375 100.66249847412109375 97.93125152587890625 95.25624847412109375 93.72499847412109375 91.90625 90.3562469482421875 89.75624847412109375 90.09375 90.4499969482421875 90.8125 92.7687530517578125 95.0187530517578125 97.3625030517578125 100.03125 102.6062469482421875 102.31874847412109375 101.4875030517578125 100.1687469482421875 95.5437469482421875 89.80625152587890625 83.25 76.8937530517578125 70.75624847412109375 64.34375
136.243743896484375 140.3125 141.0124969482421875 143.15625 153.587493896484375 160.774993896484375 166.0625 171.8625030517578125 177.6062469482421875 180.5500030517578125 167.1062469482421875 153.0187530517578125 143.318756103515625 134.7687530517578125 127.59999847412109375 121.4375 115.1999969482421875 110.5437469482421875 106.97499847412109375 103.69374847412109375 101.4499969482421875 98.90625 96.34375 93.8312530517578125 91.7312469482421875 89.7937469482421875 88.7375030517578125 88.25624847412109375 88.65000152587890625 88.78749847412109375 90.5187530517578125 93.25 95.3874969482421875 98.27500152587890625 101.1062469482421875 101.59999847412109375 101.49375152587890625 101.3562469482421875 97.84999847412109375 91.5187530517578125 83.6687469482421875 77.625 71.5437469482421875 65.7624969482421875
132.84375 137.662506103515625 138.6125030517578125 140.0500030517578125 147.693756103515625 152.0500030517578125 155.40625 157.756256103515625 158.125 155.6875 150.6999969482421875 143.8125 137.65625 131.6062469482421875 125.75624847412109375 120.6875 115.52500152587890625 110.83750152587890625 107.03749847412109375 104.2687530517578125 102.25 99.8312530517578125 96.99375152587890625 94.2687530517578125 91.78125 89.34375 88.16249847412109375 87.00624847412109375 86.30625152587890625 86.78749847412109375 88.3312530517578125 90.46875 92.58750152587890625 95.78125 99.0437469482421875 99.61875152587890625 100.22499847412109375 100.7937469482421875 98.75 91.4562530517578125 83.34999847412109375 76.86875152587890625 71.3562469482421875 66.40625
130.4812469482421875 135.875 138.7937469482421875 142.7937469482421875 147.8562469482421875 149.181243896484375 147.212493896484375 142.4875030517578125 135.0124969482421875 131.8000030517578125 133.46875 132.806243896484375 131.006256103515625 127.5187530517578125 124.03125 119.9187469482421875 115.6125030517578125 111.2312469482421875 107.66249847412109375 105.28749847412109375 103.4499969482421875 100.86875152587890625 97.91249847412109375 95.0187530517578125 92.01874542236328125 88.8249969482421875 86.90000152587890625 84.93125152587890625 83.6374969482421875 83.34999847412109375 84.90000152587890625 87.1374969482421875 89.53125 92.8249969482421875 95.8000030517578125 96.5500030517578125 96.66249847412109375 97.0124969482421875 93.52500152587890625 87.05625152587890625 79.5124969482421875 73.2624969482421875 67.78749847412109375 62.987499237060546875
129.681243896484375 137.4250030517578125 141.9499969482421875 146 150.3312530517578125 149.0625 144.787506103515625 136.181243896484375 123.2624969482421875 117 121.9250030517578125 124.6062469482421875 125.36875152587890625 123.47499847412109375 121.5 118.97499847412109375 115.71875 112.7687530517578125 110.36875152587890625 107.7937469482421875 105.53749847412109375 103 99.0187530517578125 96.18125152587890625 92.2687530517578125 88.15625 85.2624969482421875 83.78749847412109375 82.375 81.5749969482421875 82.93125152587890625 84.84375 86.64374542236328125 89.21250152587890625 91.49375152587890625 92.5 92.9375 92.30625152587890625 87.78125 81.8000030517578125 74.84999847412109375 68.5187530517578125 63.28749847412109375 58.049999237060546875
129.5124969482421875 139.1374969482421875 143.9625091552734375 148.9375 153.71875 151.837493896484375 146.600006103515625 137.5124969482421875 126.33750152587890625 120.05625152587890625 120.0124969482421875 120.75624847412109375 121.65000152587890625 120.7062530517578125 119.8125 118.46875 116.2312469482421875 114.6125030517578125 113.1062469482421875 111.8937530517578125 109.0187530517578125 105.59999847412109375 100.78749847412109375 96.5500030517578125 91.25 86.63124847412109375 84.1062469482421875 82.0187530517578125 80.7062530517578125 79.99375152587890625 80.40000152587890625 82.00624847412109375 83.5437469482421875 85.91875457763671875 88.1999969482421875 88.9499969482421875 88.81874847412109375 87.6374969482421875 83.0437469482421875 76.66249847412109375 69.8937530517578125 63.63124847412109375 57.77500152587890625 52.450000762939453125
129.443756103515625 140.681243896484375 145.71875 150.8625030517578125 155.943756103515625 156.4250030517578125 151.9375 142.21875 131.8937530517578125 125.25 122.2687530517578125 120.9499969482421875 119.8874969482421875 119.22499847412109375 118.8625030517578125 117.88124847412109375 116.8562469482421875 116.21875 115.84375 115.6374969482421875 113.75 109.09375 102.90000152587890625 96.2062530517578125 90.99375152587890625 86.59999847412109375 84.21250152587890625 82.13124847412109375 80.00624847412109375 79.1437530517578125 79.3625030517578125 80.4499969482421875 81.77500152587890625 83.59375 85.0625 85.15000152587890625 84.63124847412109375 82.59375 77.78125 71.46250152587890625 64.78749847412109375 58.606250762939453125 53.09375 47.43125152587890625
129.9562530517578125 142.0124969482421875 147.287506103515625 152.8000030517578125 158.2312469482421875 159.443756103515625 156.743743896484375 146.3562469482421875 136.6374969482421875 129.1875 124.5 122.3874969482421875 120.4499969482421875 119.52500152587890625 119.6687469482421875 118.72499847412109375 118.03749847412109375 117.71250152587890625 117.75624847412109375 118.6750030517578125 118.3312530517578125 113.13124847412109375 105.6062469482421875 97.8125 91.1374969482421875 85.65625 82.90625 81.625 80.36875152587890625 79.7624969482421875 79.24375152587890625 79.7687530517578125 80.31874847412109375 81.53749847412109375 82.6437530517578125 81.9499969482421875 80.5437469482421875 78.3249969482421875 73.09375 67.0625 60.1875 54.143749237060546875 48.75 43.72499847412109375
129.8312530517578125 142.90625 148.1374969482421875 152.8249969482421875 157.7062530517578125 157.8562469482421875 153.7687530517578125 146.693756103515625 138.1999969482421875 131.8312530517578125 126.90000152587890625 123.84999847412109375 121.86875152587890625 119.58750152587890625 119.5625 119.41249847412109375 118.44374847412109375 118.5500030517578125 118.8937530517578125 119.41249847412109375 120.21250152587890625 115.375 107.25 99.16249847412109375 89.44374847412109375 83.2687530517578125 82.80625152587890625 81.90625 81.34375 80.49375152587890625 79.5749969482421875 79.02500152587890625 79.28125 79.5749969482421875 80.125 79.125 77.2312469482421875 75.0625 70.3312530517578125 63.5 56.90000152587890625 51.50624847412109375 45.97499847412109375 39.043750762939453125
128.9187469482421875 142.506256103515625 147.600006103515625 151.5812530517578125 155.0625 154.274993896484375 150.568756103515625 145.75 139.1374969482421875 132.78125 127.59999847412109375 124.3625030517578125 121.9812469482421875 120.11875152587890625 118.78125 118.7624969482421875 117.625 117.2937469482421875 117.0500030517578125 116.96250152587890625 116.80625152587890625 112.7312469482421875 106.90000152587890625 100.1687469482421875 92.2062530517578125 86.49375152587890625 85.18125152587890625 83.875 82.75624847412109375 80.8562469482421875 79.13124847412109375 78.28749847412109375 77.93125152587890625 77.8874969482421875 78.06874847412109375 76.96875 75.1999969482421875 73.3874969482421875 69.1125030517578125 63.125 55.83750152587890625 49.02500152587890625 43.543750762939453125 38.393749237060546875
128.587493896484375 142.53125 146.618743896484375 150.024993896484375 152.8000030517578125 151.431243896484375 149.2687530517578125 145.556243896484375 139.1125030517578125 133.21875 128.3000030517578125 124.80625152587890625 122.06874847412109375 120.06874847412109375 118.2624969482421875 117.9187469482421875 116.22499847412109375 114.8312530517578125 113.5812530517578125 113.3125 112.96875 110.66249847412109375 107.3562469482421875 103.9187469482421875 99.33750152587890625 94.31874847412109375 91.08750152587890625 88.00624847412109375 85.25624847412109375 81.9187469482421875 79.1437530517578125 77.50624847412109375 76.88124847412109375 77.125 77.11875152587890625 75.43125152587890625 74.1125030517578125 73.75 71.38124847412109375 65.1999969482421875 57.1875 50.41249847412109375 45.30625152587890625 40.706249237060546875
127.4562530517578125 141.1125030517578125 145.0749969482421875 148.03125 150.2624969482421875 149.4375 147.4499969482421875 144.0749969482421875 138.5625 133.256256103515625 127.8249969482421875 123.5437469482421875 120.7062530517578125 118.75624847412109375 117.41249847412109375 116.1125030517578125 113.1687469482421875 111.15625 109.5 108.6437530517578125 108.18125152587890625 107.9375 107.78125 108.55625152587890625 106.4250030517578125 101.7062530517578125 97.55625152587890625 92.9812469482421875 88.30625152587890625 83.0749969482421875 79.22499847412109375 76.4250030517578125 75.24375152587890625 75.2937469482421875 74.6437530517578125 72.2062530517578125 72.5812530517578125 73.0124969482421875 72.55625152587890625 67.53125 60.887500762939453125 54.31874847412109375 48.5625 43.325000762939453125
125.18125152587890625 138.912506103515625 143.368743896484375 146.4250030517578125 148.3000030517578125 147.59375 146.0124969482421875 143.1999969482421875 138.1437530517578125 132.287506103515625 126.5812530517578125 121.9499969482421875 118.2624969482421875 115.63124847412109375 113.7687530517578125 111.7062530517578125 107.7375030517578125 105.28125 103.7687530517578125 103.16249847412109375 103.0812530517578125 104.2312469482421875 107.08750152587890625 111.93125152587890625 113.25624847412109375 107.2312469482421875 102.56874847412109375 96.22499847412109375 89.72499847412109375 83.36875152587890625 79.03749847412109375 76.59999847412109375 73.56874847412109375 71.40000152587890625 69.88124847412109375 69.4187469482421875 70.6125030517578125 74.9812469482421875 78.7375030517578125 72.63124847412109375 65.41249847412109375 58.55625152587890625 51.799999237060546875 46.581249237060546875
123.6875 137.493743896484375 142.368743896484375 145.306243896484375 147.3125 147.2375030517578125 146 143.1437530517578125 137.912506103515625 132.131256103515625 126.30625152587890625 120.58750152587890625 115.75624847412109375 111.59375 108.6750030517578125 105.58750152587890625 101.53749847412109375 98.5812530517578125 97.56874847412109375 96.88124847412109375 97.25 99.0812530517578125 102.9499969482421875 109.3000030517578125 112.3125 108.90625 105.88124847412109375 98.77500152587890625 90.625 82.6125030517578125 77.38124847412109375 74.54375457763671875 73.1437530517578125 72.31874847412109375 68.81874847412109375 63.831249237060546875 68.8249969482421875 75.21250152587890625 77.7687530517578125 74.8125 68.2937469482421875 61.75 55.00624847412109375 49.625
121.3625030517578125 135.9499969482421875 141.1750030517578125 144.5187530517578125 147.100006103515625 147.006256103515625 145.8125 143.399993896484375 138.7937469482421875 132.375 125.21875 118.91249847412109375 112.69374847412109375 107.1062469482421875 103.4187469482421875 100.47499847412109375 96.5124969482421875 93.09375 91.9375 90.96875 91.38124847412109375 94.86875152587890625 97.13124847412109375 103.33750152587890625 107.08750152587890625 107.50624847412109375 105.05625152587890625 99.0500030517578125 91.8249969482421875 82.5437469482421875 75.50624847412109375 75.28749847412109375 77.71875 76.3562469482421875 73.1999969482421875 69.65000152587890625 71.84375 75.21250152587890625 76.56874847412109375 74.6125030517578125 69.8249969482421875 65.34999847412109375 58.34999847412109375 52.78125
