data/historical-monthly-weather-data/wc2.1_cruts4.09_10m_prec_1993-09.asc
ncols        51
nrows        45
xllcorner    -63.500000000000
yllcorner    -7.500000000000
cellsize     0.166666666667
NODATA_value -9999
[rows 0 to 18 of 45, columns 0 to 43 of 51]
137.306243896484375 132.818756103515625 131.2375030517578125 132.3125 131.4250030517578125 128.837493896484375 122.97499847412109375 116.1437530517578125 111.59375 107.68125152587890625 105.5 105.2687530517578125 105.2375030517578125 104.06874847412109375 104.5812530517578125 104.55625152587890625 105.7062530517578125 105.96875 107.2062530517578125 107.2687530517578125 106.5500030517578125 103.93125152587890625 102.2624969482421875 101.0187530517578125 99.3625030517578125 99.41249847412109375 101.09999847412109375 102.8249969482421875 103.2312469482421875 104.8125 105.5437469482421875 107.4375 111.40625 113.5187530517578125 116.3937530517578125 118.4499969482421875 121.74375152587890625 124.5749969482421875 124.61875152587890625 124.7062530517578125 125.03749847412109375 124.41249847412109375 122.3000030517578125 120.75
130.6687469482421875 126.58750152587890625 127.93125152587890625 131.8125 135.8937530517578125 130.15625 122.5500030517578125 117.625 112.78125 108.21875 105.19374847412109375 103.99375152587890625 103.1750030517578125 101.0437469482421875 101.1374969482421875 101.78125 101.8312530517578125 102.68125152587890625 103.6687469482421875 104.0625 102.06874847412109375 100.4250030517578125 98.25 98.3312530517578125 96.90000152587890625 97.21250152587890625 99.85625457763671875 102.25624847412109375 102.3625030517578125 104.2375030517578125 105.94374847412109375 109.2062530517578125 112.74375152587890625 117.05625152587890625 120.90000152587890625 123.47499847412109375 127.18125152587890625 130.9187469482421875 130.8562469482421875 130.962493896484375 131.5625 131.100006103515625 130.0625 127.25
122.34375 120.9812469482421875 123.15000152587890625 127.96875 131.8937530517578125 128.506256103515625 122.19374847412109375 116.8562469482421875 112.61875152587890625 108.28749847412109375 104.90625 103.0625 101.6687469482421875 99.0187530517578125 98.40000152587890625 99.1437530517578125 98.8249969482421875 99.0812530517578125 99.2375030517578125 99.22499847412109375 97.4187469482421875 95.46250152587890625 94.1062469482421875 94.86875152587890625 94.36875152587890625 94.50624847412109375 98.5 100.3874969482421875 101.0437469482421875 102.72499847412109375 104.03125 107.13124847412109375 112.3125 116.80625152587890625 121.11875152587890625 123.72499847412109375 127.80625152587890625 132.462493896484375 133.712493896484375 135.0812530517578125 136.693756103515625 135.6875 135.4250030517578125 133.368743896484375
112.1374969482421875 112.2937469482421875 118.4375 122.09999847412109375 125.4250030517578125 123.16249847412109375 119.30625152587890625 116.5500030517578125 113.1374969482421875 109.3249969482421875 105.09375 102.6062469482421875 99.3000030517578125 96.88124847412109375 96.15625 96.3937530517578125 96.375 95.8249969482421875 96 95.83750152587890625 94.1062469482421875 91.34999847412109375 89.41249847412109375 90.6687469482421875 90.4875030517578125 91.5187530517578125 94.7687530517578125 95.6875 97.30625152587890625 99.71250152587890625 102.0500030517578125 104.2375030517578125 108.5124969482421875 113.0749969482421875 116.9812469482421875 122.7375030517578125 128.5625 133.693756103515625 136.5187530517578125 137.90625 139.3562469482421875 138.493743896484375 138.0625 137
113.99375152587890625 111.52500152587890625 111.5187530517578125 114.81874847412109375 120.3562469482421875 119.5625 116.59999847412109375 114.78749847412109375 112.8312530517578125 109.25 104.81874847412109375 100.66249847412109375 97.6374969482421875 95.8125 95.0812530517578125 94.8249969482421875 94.1687469482421875 92.71250152587890625 91.78749847412109375 90.3125 89.63124847412109375 86.15000152587890625 84.9375 86.52500152587890625 86.97499847412109375 88.2687530517578125 90.05625152587890625 92.11875152587890625 93.7062530517578125 95.5437469482421875 98.25 99.8562469482421875 103.5124969482421875 108.65625 113.84375 119.21250152587890625 125.45000457763671875 132.443756103515625 136.649993896484375 139.28125 141.3125 140.1125030517578125 138.818756103515625 138.8625030517578125
117.2937469482421875 114.8937530517578125 112.91249847412109375 110.46250152587890625 116.0500030517578125 119.2624969482421875 117.84375 114.99375152587890625 112.69374847412109375 110.02500152587890625 105.0625 100.6437530517578125 97.65000152587890625 95.80625152587890625 94.15000152587890625 93.84999847412109375 92.6875 89.875 87.7375030517578125 85.99375152587890625 84.40625 82.21875 81.08750152587890625 82.15625 83.6437530517578125 84.65625 86.28125 88.7062530517578125 89.97499847412109375 91.21250152587890625 93.38124847412109375 97.16249847412109375 100.40625 104.46250152587890625 108.4875030517578125 114.94374847412109375 121.1437530517578125 129.1374969482421875 134.931243896484375 138.15625 137.1437530517578125 136.3562469482421875 135.618743896484375 136.7687530517578125
122.7624969482421875 121.3249969482421875 119.03125 116.34375 117.78749847412109375 116.8249969482421875 116.34999847412109375 114.66249847412109375 111.2375030517578125 107.1875 103.33750152587890625 99.99375152587890625 97.61875152587890625 95.3562469482421875 93.6437530517578125 92.7062530517578125 91.21250152587890625 88.2375030517578125 84.5812530517578125 81.2062530517578125 79.5187530517578125 78.0500030517578125 76.52500152587890625 77.72499847412109375 79.8312530517578125 81.46875 83.28749847412109375 85.47499847412109375 86.1374969482421875 86.8312530517578125 88.99375152587890625 91.3937530517578125 94.81874847412109375 98.96875 102.94374847412109375 107.7937469482421875 113.96875 123.15625 131.756256103515625 132.881256103515625 131.837493896484375 130.1062469482421875 129.8562469482421875 132.068756103515625
128.8562469482421875 127.84999847412109375 125.6687469482421875 125.21875 126.34999847412109375 125.0625 120.24375152587890625 112.875 106.94374847412109375 103.5 101.4250030517578125 99.19374847412109375 97.3312530517578125 94.9250030517578125 93.52500152587890625 91.06874847412109375 88.9187469482421875 85.6125030517578125 81.3249969482421875 75.9499969482421875 74.9875030517578125 73.8249969482421875 72.83750152587890625 73.83750152587890625 75.75624847412109375 77.56874847412109375 79 80.44374847412109375 81.77500152587890625 82.375 84.15000152587890625 86.02500152587890625 88.80625152587890625 92.7937469482421875 95.36875152587890625 99.40000152587890625 104.71875 111.7687530517578125 117.40000152587890625 119.78125 119.4875030517578125 118.18125152587890625 118.6062469482421875 120.13124847412109375
135.875 135.8874969482421875 134.631256103515625 133.8937530517578125 134.3874969482421875 131.475006103515625 126.41249847412109375 118.875 110.6999969482421875 104.03125 101.6875 99.58750152587890625 98.84375 95.99375152587890625 93.21875 89.6374969482421875 86.2062530517578125 82.53749847412109375 78.6437530517578125 73.1687469482421875 71.58750152587890625 71.21875 69.47499847412109375 71.46250152587890625 72.75 73.81874847412109375 75.1999969482421875 77.11875152587890625 79.1125030517578125 79.3125 81.28749847412109375 80.9812469482421875 81.59375 82.74375152587890625 84.71250152587890625 89.25 94.0625 98.6374969482421875 101.94374847412109375 104 104.15625 103.05625152587890625 103.83750152587890625 105.5187530517578125
141.600006103515625 142.4250030517578125 141.6125030517578125 140.8562469482421875 141.9187469482421875 138.96875 133.681243896484375 125.55625152587890625 117.74375152587890625 111.18125152587890625 106.3000030517578125 102.4562530517578125 100.53125 98.09999847412109375 92.9562530517578125 88.375 82.88124847412109375 78.8125 74.84375 70.625 69.50624847412109375 68.3312530517578125 66.5437469482421875 67.9250030517578125 68.49375152587890625 69.5500030517578125 71.1999969482421875 73.09375 75.09375 75.90625 75.8125 74.78749847412109375 74.38124847412109375 75.3125 76.44374847412109375 79.46875 83.3249969482421875 86.4187469482421875 87.8625030517578125 89.27500152587890625 89.5 89.3249969482421875 87.6687469482421875 88.65000152587890625
149.306243896484375 150.306243896484375 149.5 148.375 148.65625 146.8874969482421875 141.78125 131.818756103515625 122.88124847412109375 116.1125030517578125 111.06874847412109375 107.28125 103.1374969482421875 98.91249847412109375 92.00624847412109375 85.5124969482421875 78.59375 74.40625 70.5500030517578125 67.2062530517578125 67.75 66.93125152587890625 64.94374847412109375 63.424999237060546875 64.6875 67.5625 69.34375 70.27500152587890625 71.03749847412109375 71.2312469482421875 70.90625 69.50624847412109375 68.6062469482421875 68.24375152587890625 68.49375152587890625 70.3000030517578125 72.7062530517578125 74.5812530517578125 76.3312530517578125 76.375 75.4812469482421875 74.74375152587890625 74.94374847412109375 74.0437469482421875
153.993743896484375 154.8874969482421875 154.1374969482421875 154.068756103515625 154.09375 151.9562530517578125 147.9562530517578125 138.3874969482421875 128.193756103515625 120.1125030517578125 114.7375030517578125 110.41249847412109375 103.6437530517578125 97.1875 91.08750152587890625 83.80625152587890625 77.02500152587890625 72.125 68.38124847412109375 66.3000030517578125 67.8625030517578125 67.01874542236328125 64.44374847412109375 62.11875152587890625 62.40625 63.99375152587890625 65.1687469482421875 66.0124969482421875 66.1062469482421875 65.98125457763671875 65.13124847412109375 63.58750152587890625 62.418750762939453125 62.19374847412109375 62.80625152587890625 63.9375 65.2312469482421875 66.44374847412109375 65.9812469482421875 64.6374969482421875 63.06874847412109375 61.84999847412109375 62.012500762939453125 61.02500152587890625
157.3625030517578125 157.962493896484375 156.649993896484375 155.2062530517578125 154.21875 151.774993896484375 146.850006103515625 138.493743896484375 130.4562530517578125 123.1687469482421875 116.7312469482421875 111.5749969482421875 104.5 94.90625 87.33750152587890625 81.05625152587890625 74.41249847412109375 69.9499969482421875 66.5124969482421875 64.28749847412109375 66.15625 65.9812469482421875 63.43125152587890625 61.481250762939453125 59.71875 60.262500762939453125 61.762500762939453125 62.768749237060546875 63 61.99375152587890625 59.950000762939453125 57.950000762939453125 56.887500762939453125 55.75 55.78125 57.28125 59.55625152587890625 61.08750152587890625 61.33750152587890625 57.72499847412109375 53.80625152587890625 53.424999237060546875 52.72499847412109375 47.68125152587890625
159.40625 159.1999969482421875 156.5124969482421875 154.3625030517578125 153.149993896484375 149.0625 143.6999969482421875 137.6125030517578125 130.306243896484375 124.0812530517578125 116.8249969482421875 108.9499969482421875 101.28125 92.13124847412109375 82.9187469482421875 77.21875 71.06874847412109375 66.5749969482421875 62.8125 60.674999237060546875 62.112499237060546875 61.8125 60.56874847412109375 60.53749847412109375 59.543750762939453125 59.08750152587890625 59.69374847412109375 59.81874847412109375 59.21250152587890625 57.90625 56.512500762939453125 53.831249237060546875 51.981250762939453125 50.53125 50.481250762939453125 52.94374847412109375 56.34999847412109375 60.018749237060546875 61.28125 59 51.168750762939453125 46.612499237060546875 45.962497711181640625 44.950000762939453125
159.600006103515625 157.96875 154.65625 152.2375030517578125 150.693756103515625 144.462493896484375 140.3000030517578125 134.212493896484375 127.28125 122.08750152587890625 114.2687530517578125 105.94374847412109375 97.6062469482421875 88.70000457763671875 79.08750152587890625 72.3937530517578125 67.18125152587890625 63.58750152587890625 59.612499237060546875 57.543750762939453125 58.90625 59.50624847412109375 59.418750762939453125 60.737499237060546875 61.71875 61.59999847412109375 61.02500152587890625 59.393749237060546875 57.549999237060546875 55.93125152587890625 52.80625152587890625 49.96250152587890625 48.549999237060546875 46.80625152587890625 45.49375152587890625 49.18125152587890625 55.774997711181640625 63.706249237060546875 68.58750152587890625 66.21875 60.21875 54.081249237060546875 51.50624847412109375 48.52500152587890625
157.96875 155.431243896484375 152.6437530517578125 149.625 146.3000030517578125 141.7687530517578125 136.75 130.65625 124.84999847412109375 119.9375 112.15625 102.93125152587890625 94.05625152587890625 85.50624847412109375 76.44374847412109375 68.19374847412109375 63.13124847412109375 60.481250762939453125 56.90000152587890625 55.13124847412109375 56.02500152587890625 57.68125152587890625 59.40625 62.3125 64.0124969482421875 63.38124847412109375 61.59999847412109375 59.6875 57.625 54.90625 52.65625 48.918750762939453125 46.38124847412109375 44.96875 42.84999847412109375 48.63124847412109375 58.200000762939453125 67.1875 75.7687530517578125 76.53749847412109375 73.71250152587890625 65 57.15625 50.737499237060546875
154.25 152.1062469482421875 149.931243896484375 147.037506103515625 143.287506103515625 139.125 134.0749969482421875 128.837493896484375 123.09999847412109375 117.3312530517578125 110.46250152587890625 100.9375 91.1062469482421875 82.2312469482421875 74.7687530517578125 67.34375 60.08750152587890625 57.043750762939453125 54.737499237060546875 52.83750152587890625 53.487499237060546875 55.50624847412109375 58.80625152587890625 63.575000762939453125 66.36875152587890625 64.3874969482421875 62.112499237060546875 59.96875 57.84999847412109375 55.424999237060546875 53.924999237060546875 52.19374847412109375 49.049999237060546875 46.875 48.4375 53.424999237060546875 61.762500762939453125 75.3937530517578125 90.0625 87.0187530517578125 79.5625 69.3125 58.825000762939453125 52.668750762939453125
150.9562530517578125 149.2312469482421875 145.899993896484375 143.1374969482421875 140.693756103515625 136.7937469482421875 131.350006103515625 125.625 120.6687469482421875 114.34999847412109375 107.4562530517578125 98.3874969482421875 88.8937530517578125 80.3562469482421875 73.1125030517578125 66.53749847412109375 59.84999847412109375 54.18125152587890625 52.74375152587890625 50.61875152587890625 51.34375 52.606250762939453125 55.86875152587890625 61.22499847412109375 64.8000030517578125 63.487499237060546875 62.19374847412109375 60.293750762939453125 57.77500152587890625 54.66249847412109375 52.668750762939453125 51.02500152587890625 53.393749237060546875 55.81874847412109375 55.456249237060546875 56.981250762939453125 67.15000152587890625 79.4812469482421875 87.88124847412109375 86.6437530517578125 76.75624847412109375 66.8312530517578125 58.125 53.97499847412109375
147.2375030517578125 144.975006103515625 141.556243896484375 139.6374969482421875 137 133.462493896484375 128.2687530517578125 123.8874969482421875 118.58750152587890625 112.40000152587890625 105.3937530517578125 96.1999969482421875 86.7937469482421875 78.84375 71.4250030517578125 65.875 60.15625 54.049999237060546875 50.5 48.418750762939453125 49.768749237060546875 53.362499237060546875 52.043750762939453125 56.543750762939453125 60.768749237060546875 62.768749237060546875 62.80625152587890625 60.893749237060546875 59.799999237060546875 56.09375 53.137500762939453125 55.31874847412109375 62.25 65.11875152587890625 66.21250152587890625 68.2062530517578125 73.1062469482421875 78.3000030517578125 81.53749847412109375 78.7624969482421875 71.1062469482421875 63.25624847412109375 56.84999847412109375 53.799999237060546875
