data/historical-monthly-weather-data/wc2.1_cruts4.09_10m_prec_2018-11.asc
ncols        45
nrows        45
xllcorner    -63.500000000000
yllcorner    -7.500000000000
cellsize     0.166666666667
NODATA_value -9999
[rows 0 to 18 of 45, columns 0 to 43 of 45]
249.443756103515625 243.149993896484375 233.412506103515625 229.0187530517578125 224.03125 219.6875 213.649993896484375 207.7062530517578125 202.256256103515625 195.7624969482421875 189.337493896484375 181.4812469482421875 174.024993896484375 164.212493896484375 156.568756103515625 148.662506103515625 141.3812408447265625 133.7624969482421875 126.83750152587890625 120.97499847412109375 116 111.21250152587890625 107.2375030517578125 103.15000152587890625 99.8125 97.22499847412109375 96.6875 96.46250152587890625 95.96250152587890625 96.08750152587890625 96.6750030517578125 98 99.3874969482421875 101.53749847412109375 103.69374847412109375 107.9250030517578125 112.8125 117.4187469482421875 122.02500152587890625 126.81874847412109375 130.5437469482421875 134.9250030517578125 137.6687469482421875 140.1374969482421875
258.056243896484375 250.399993896484375 244.181243896484375 241.337493896484375 239.9499969482421875 235.725006103515625 229.306243896484375 225.4812469482421875 219.743743896484375 212.162506103515625 204.6125030517578125 194.6687469482421875 184.443756103515625 174.2375030517578125 164.506256103515625 156.412506103515625 147.4250030517578125 139.8312530517578125 132.40625 126.1374969482421875 120.68125152587890625 115.5812530517578125 111.4562530517578125 107.90625 103.375 100.00624847412109375 99.13124847412109375 98.09375 97.28125 97.33750152587890625 98.0124969482421875 99.46250152587890625 100.49375152587890625 103.72499847412109375 106.90625 112.3312530517578125 118.59999847412109375 124.71875 130.125 135.8562469482421875 141.274993896484375 145.6999969482421875 149.59375 151.056243896484375
260.70001220703125 253.818756103515625 247.71875 243.868743896484375 243.0999908447265625 239.8000030517578125 238.181243896484375 235.787506103515625 232.1062469482421875 225.3000030517578125 216.3249969482421875 204.90625 193.837493896484375 182.4375 171.6687469482421875 161.9562530517578125 153.0500030517578125 145.59375 137.693756103515625 131.1750030517578125 125.34999847412109375 119.7312469482421875 115.0437469482421875 111.03749847412109375 106.28749847412109375 102.0500030517578125 100.4812469482421875 99.19374847412109375 97.56874847412109375 97.2062530517578125 98.4875030517578125 99.7375030517578125 102.9250030517578125 106.5437469482421875 110.97499847412109375 116.97499847412109375 124.08124542236328125 132.5124969482421875 139.493743896484375 146.9375 153.4187469482421875 157.443756103515625 161.2375030517578125 163.46875
256.61248779296875 249.4187469482421875 246.5500030517578125 242.399993896484375 242.131256103515625 240.993743896484375 240.9812469482421875 242.693756103515625 242.4250030517578125 237.8125 227.899993896484375 214.524993896484375 201.96875 189.4875030517578125 178.212493896484375 168.024993896484375 159.024993896484375 150.8937530517578125 143.4187469482421875 137.4812469482421875 131.28125 124.80625152587890625 118.59375 113.3937530517578125 108.1750030517578125 103.5437469482421875 101.4875030517578125 98.74375152587890625 97.06874847412109375 97.375 98.41249847412109375 100.30625152587890625 103.4812469482421875 108.0187530517578125 113.2687530517578125 121.7937469482421875 130.8625030517578125 140.306243896484375 149.1875 157.96875 164.556243896484375 169.962493896484375 172.5999908447265625 174.375
258.90625 247.9875030517578125 237.4250030517578125 235.631256103515625 238.3562469482421875 239.7249908447265625 241.868743896484375 246.6687469482421875 250.556243896484375 249.59375 236.649993896484375 219.9375 206.5437469482421875 194.8249969482421875 183.524993896484375 173.712493896484375 164.225006103515625 156.75 149.25 142.1125030517578125 136.4375 129.287506103515625 122.46250152587890625 117.06874847412109375 110.09375 104.5437469482421875 100.52500152587890625 98.21875 96.71875 96.28125 97.3125 99.40625 103.6999969482421875 109.43125152587890625 116.0749969482421875 125.75 136.412506103515625 147.78125 159.0500030517578125 167.743743896484375 176.100006103515625 180.306243896484375 183.3937530517578125 185.318756103515625
255.625 245.725006103515625 234.975006103515625 225.462493896484375 229.2687530517578125 235.09375 238.9499969482421875 242.5124969482421875 246.024993896484375 246.9812469482421875 233.662506103515625 217.943756103515625 206.3249969482421875 195.568756103515625 184.837493896484375 175.212493896484375 166.912506103515625 160 153.756256103515625 146.3937530517578125 139.649993896484375 132.681243896484375 125.4375 118.3125 111.6125030517578125 105.0187530517578125 100.8249969482421875 97.68125152587890625 95.59375 95.1875 95.68125152587890625 99 103.71875 110.46875 117.6750030517578125 128.46875 140.03125 152.6062469482421875 165.8000030517578125 176.28125 182.131256103515625 186.6374969482421875 189.649993896484375 192.15625
254.274993896484375 247.2312469482421875 236.381256103515625 226.2375030517578125 224.2937469482421875 225.931243896484375 229.03125 231.068756103515625 229.875 225.0812530517578125 219.4812469482421875 210.03125 202.181243896484375 193.712493896484375 185.34375 177.4562530517578125 169.9187469482421875 163.337493896484375 156.4562530517578125 151.1999969482421875 143.90625 136.1125030517578125 128.350006103515625 120.27500152587890625 112.7312469482421875 106.15000152587890625 101.1125030517578125 96.99375152587890625 93.3312530517578125 93.1999969482421875 94.4562530517578125 97.36875152587890625 103.1062469482421875 110.6875 119.24375152587890625 129.8125 141.2375030517578125 154.8000030517578125 171.493743896484375 181.993743896484375 187.131256103515625 190.943756103515625 194.100006103515625 196.1999969482421875
255.6125030517578125 248.1999969482421875 238.693756103515625 231.8000030517578125 228.4499969482421875 225.8937530517578125 221.2312469482421875 214.3625030517578125 206.6687469482421875 202.7312469482421875 203.7937469482421875 200.9499969482421875 196.649993896484375 190.8874969482421875 184.6999969482421875 178.9812469482421875 172.4250030517578125 166.15625 160.3312530517578125 154.6875 148.4562530517578125 140.625 131.4562530517578125 122.6374969482421875 115.03125 106.3249969482421875 100.375 95.1999969482421875 91.49375152587890625 90.83750152587890625 92.03749847412109375 95.74375152587890625 102.15625 110.0187530517578125 119.1374969482421875 129.25 141.212493896484375 153.6437530517578125 167.556243896484375 178.4312591552734375 185.375 189.6999969482421875 192.899993896484375 194.6750030517578125
256.70623779296875 251.149993896484375 243.806243896484375 237.2062530517578125 232.28125 227.5812530517578125 220.90625 211.4250030517578125 197.087493896484375 188.9250030517578125 192.46875 192.59375 190.993743896484375 187.125 183.162506103515625 178.7312469482421875 173.7062530517578125 168.8249969482421875 165.625 160.1687469482421875 151.774993896484375 143.743743896484375 133.693756103515625 125.6437530517578125 116.53125 106.91249847412109375 99.875 94.56874847412109375 90.46875 88.86875152587890625 90.46250152587890625 94.8312530517578125 100.59375 107.80625152587890625 116.1374969482421875 126.34375 137.3312530517578125 148.5812530517578125 160.8125 172.350006103515625 180.0812530517578125 183.9875030517578125 188.287506103515625 190.631256103515625
258.556243896484375 252.7687530517578125 246.1062469482421875 240.25 235.71875 231.3625030517578125 223.181243896484375 212.274993896484375 200.78125 193.7062530517578125 191.6750030517578125 188.4375 187.21875 183.9562530517578125 181.0437469482421875 178.287506103515625 174.962493896484375 172.1750030517578125 169.6125030517578125 166.3000030517578125 157.7687530517578125 148.225006103515625 136.9562530517578125 127.6437530517578125 117.02500152587890625 107.25624847412109375 100.5625 94.34999847412109375 89.49375152587890625 87.2375030517578125 88.71250152587890625 92.875 98.625 105.84375 113.97499847412109375 123.63124847412109375 134.1875 143.8312530517578125 155.3874969482421875 166.4499969482421875 175.306243896484375 179.912506103515625 183.131256103515625 184.274993896484375
260.931243896484375 255.6687469482421875 248.524993896484375 242.662506103515625 237.912506103515625 235.5625 228.1125030517578125 215.8625030517578125 204.743743896484375 196.90625 193.1687469482421875 188.59375 185.056243896484375 181.40625 178.725006103515625 176.6062469482421875 175.0187530517578125 173.899993896484375 173.0124969482421875 171.9250030517578125 166.6062469482421875 155.443756103515625 141.65625 128.225006103515625 117.94374847412109375 109.0812530517578125 102.3249969482421875 96.0749969482421875 90.22499847412109375 87.80625152587890625 89.09999847412109375 92.7062530517578125 98.53749847412109375 105.23125457763671875 112.3000030517578125 120.6062469482421875 129.5812530517578125 138.8125 151.1374969482421875 162.1875 170.743743896484375 175.78125 179.46875 181.068756103515625
262.368743896484375 257.20623779296875 250.0749969482421875 245.3125 240.6687469482421875 238.1374969482421875 231.96875 219.412506103515625 208.149993896484375 199.681243896484375 193.806243896484375 188.993743896484375 182.975006103515625 178.6687469482421875 176.1999969482421875 174.381256103515625 173.5500030517578125 173.0812530517578125 174.03125 175.837493896484375 172.943756103515625 161.9250030517578125 146.4375 131.1687469482421875 119.2312469482421875 109.8125 103 97.21250152587890625 92.68125152587890625 90.50624847412109375 90.59999847412109375 92.7062530517578125 97.38124847412109375 103.0749969482421875 109.8562469482421875 117.6875 125.8125 134.993743896484375 146.3000030517578125 157.4250030517578125 167.006256103515625 171.8000030517578125 175.475006103515625 177.399993896484375
263.037506103515625 258.82501220703125 251.931243896484375 245.556243896484375 239.59375 235.8937530517578125 228.712493896484375 218.256256103515625 208.0124969482421875 200.1374969482421875 193.350006103515625 188.53125 182.46875 174.7375030517578125 171.3249969482421875 169.8874969482421875 169.65625 171.3312530517578125 173.399993896484375 175.75 174.75 164.46875 148.4375 134.068756103515625 120.5500030517578125 110.0124969482421875 104.625 99.19374847412109375 95.0500030517578125 93.06874847412109375 92.5 93.33750152587890625 96.38124847412109375 100.88124847412109375 106.83750152587890625 114.13124847412109375 121.9812469482421875 130.587493896484375 142.3125 152.2624969482421875 162.75 168.5 170.100006103515625 164.850006103515625
262.931243896484375 257.368743896484375 250.2937469482421875 243.2375030517578125 236.912506103515625 230.8874969482421875 223.7624969482421875 215.243743896484375 207.1374969482421875 198.96875 191.693756103515625 184.5 178.193756103515625 170.912506103515625 164.443756103515625 162.9562530517578125 163.506256103515625 165.3937530517578125 167.618743896484375 169.2624969482421875 167.1125030517578125 158.6437530517578125 146.1687469482421875 133.6125030517578125 122.0187530517578125 112.38124847412109375 107.6374969482421875 102.6125030517578125 98.05625152587890625 95.5 94.4562530517578125 94.21875 95.83750152587890625 98.90625 104.4499969482421875 111.78749847412109375 119.33750152587890625 129.006256103515625 139.3937530517578125 150.524993896484375 159.068756103515625 159.7687530517578125 158.9875030517578125 159.8312530517578125
259.756256103515625 254.131256103515625 247.2375030517578125 240.256256103515625 233.5187530517578125 227.024993896484375 220.631256103515625 212.8312530517578125 204.7375030517578125 196.618743896484375 188.818756103515625 181.131256103515625 173.493743896484375 165.5 156.6750030517578125 154.225006103515625 155.381256103515625 157.7375030517578125 160.193756103515625 161.5749969482421875 158.9875030517578125 152.3874969482421875 143.162506103515625 133.993743896484375 125.53749847412109375 117.7312469482421875 112.6062469482421875 107.2375030517578125 102.24375152587890625 98.5437469482421875 96.16249847412109375 94.5749969482421875 95.74375152587890625 98.1125030517578125 102.2062530517578125 109.0812530517578125 117.8937530517578125 128.993743896484375 140.212493896484375 148.4875030517578125 152.756256103515625 155.3125 158.8312530517578125 161.899993896484375
254.837493896484375 249.162506103515625 243.3000030517578125 236.412506103515625 229.912506103515625 223.943756103515625 216.837493896484375 209.34375 202.6687469482421875 195.899993896484375 187.506256103515625 179.024993896484375 170.681243896484375 161.037506103515625 151.1062469482421875 144.75 147.7062530517578125 151.7937469482421875 154.087493896484375 155.125 153.431243896484375 148.5625 141.318756103515625 134.6374969482421875 128.5875091552734375 123.4875030517578125 119.18125152587890625 113.41249847412109375 106.7624969482421875 101.41249847412109375 97.78125 95.4187469482421875 95.59999847412109375 97.8874969482421875 100.34999847412109375 108.4375 118.5749969482421875 126.74375152587890625 136.4875030517578125 143.8874969482421875 150.725006103515625 155.40625 159.037506103515625 158.506256103515625
249.1875 244.90625 238.618743896484375 232.0812530517578125 226.3874969482421875 220.4499969482421875 214.431243896484375 207.087493896484375 201.118743896484375 194.3874969482421875 186.8625030517578125 178.3874969482421875 169.274993896484375 159.5812530517578125 150.21875 144.1374969482421875 142.881256103515625 145.712493896484375 148.850006103515625 150.537506103515625 149.443756103515625 145.712493896484375 140 134.65625 130.875 128.90625 126.71875 119.34375 110.1875 103.78125 99.59375 97.84999847412109375 97.15625 98.3937530517578125 103.9499969482421875 114.1437530517578125 121.78749847412109375 130.90625 141.006256103515625 146.693756103515625 153.818756103515625 158.4375 158.3937530517578125 159.7624969482421875
241.5812530517578125 237.8125 232.96875 227.600006103515625 221.962493896484375 217.993743896484375 213.0812530517578125 206.4250030517578125 200.818756103515625 194.1999969482421875 186.787506103515625 178.3562469482421875 168.25 159.4312591552734375 151.806243896484375 145.7624969482421875 142.462493896484375 140.5749969482421875 144.631256103515625 146.806243896484375 147.4375 143.7375030517578125 138.8562469482421875 135.681243896484375 134.006256103515625 133.3249969482421875 134 124.63124847412109375 112.75624847412109375 103.8125 98.44374847412109375 96.2687530517578125 98.7687530517578125 104.4187469482421875 111.09375 116.47499847412109375 125.13750457763671875 134.274993896484375 141.037506103515625 150.568756103515625 156.899993896484375 160.28125 161.524993896484375 162.8375091552734375
233.087493896484375 230.962493896484375 226.8562469482421875 222.493743896484375 218.3312530517578125 215.0500030517578125 210.7062530517578125 205.818756103515625 201.21875 195.8249969482421875 188.1437530517578125 179.131256103515625 169.1125030517578125 160.537506103515625 152.4499969482421875 146.6374969482421875 142.681243896484375 139.0812530517578125 139.899993896484375 142.368743896484375 145.5 145.21875 137.6875 135.96875 135.7375030517578125 135.4187469482421875 133.774993896484375 125.6374969482421875 114.6999969482421875 104.3625030517578125 97.0437469482421875 97.21250152587890625 104.27500152587890625 109.74375152587890625 114.38124847412109375 121.99375152587890625 129.412506103515625 137.0625 145.681243896484375 154.118743896484375 160.600006103515625 166.1437530517578125 166.337493896484375 166.8249969482421875
