data/historical-monthly-weather-data/wc2.1_cruts4.09_10m_prec_1977-05.asc
ncols        45
nrows        45
xllcorner    -63.500000000000
yllcorner    -7.500000000000
cellsize     0.166666666667
NODATA_value -9999
[rows 20 to 39 of 45, columns 0 to 43 of 45]
266.63751220703125 274.16876220703125 277.48748779296875 275.993743896484375 274.5 282.90625 287.881256103515625 288.9375 288.162506103515625 283.568756103515625 280.08123779296875 276.618743896484375 268.225006103515625 259.212493896484375 246.600006103515625 236.65625 223.274993896484375 218.743743896484375 220.975006103515625 220.006256103515625 231.1062469482421875 241.087493896484375 250.1062469482421875 258.51251220703125 264.987518310546875 264.943756103515625 259.42498779296875 260.21875 261.350006103515625 260.66876220703125 263.056243896484375 269.28125 268.11248779296875 270.09375 277.71875 288.256256103515625 296.350006103515625 300.193756103515625 297.068756103515625 289.67498779296875 282.3125 271.943756103515625 266.25 267.143768310546875
259.125 258.118743896484375 265.85626220703125 271.82501220703125 271.4375 276.649993896484375 284.54998779296875 289.73126220703125 290.13751220703125 286.60626220703125 281.868743896484375 275.375 266.475006103515625 256.70623779296875 249.2312469482421875 237.149993896484375 235.806243896484375 228.9812469482421875 229.443756103515625 226.46875 227.9499969482421875 236.0749969482421875 244.7062530517578125 249.28125 250.931243896484375 255.881256103515625 261.48126220703125 262.193756103515625 270.024993896484375 271.61248779296875 269.26873779296875 267.67498779296875 271.587493896484375 277.33123779296875 279.75 284.82501220703125 292.85626220703125 296.506256103515625 293.006256103515625 286.53125 281.20623779296875 272.51873779296875 266.76873779296875 265.45623779296875
252.131256103515625 259.32501220703125 265.193756103515625 270.6875 270.287506103515625 274.506256103515625 273.95623779296875 281.087493896484375 288.85626220703125 286.912506103515625 280.225006103515625 272.95623779296875 268.63751220703125 259.875 252.46875 243.412506103515625 237.625 233.056243896484375 230.28125 227.84375 231.274993896484375 232.3125 237.9187469482421875 241.6750030517578125 248.600006103515625 252.493743896484375 254.6437530517578125 262.36248779296875 271.068756103515625 271.462493896484375 267.643768310546875 270.037506103515625 277.57501220703125 282.01251220703125 286.462493896484375 282.70623779296875 285.181243896484375 291.3125 293.38751220703125 286.96875 279.543731689453125 272.443756103515625 266.41876220703125 264.20623779296875
242.1999969482421875 252.662506103515625 261.79998779296875 264.45623779296875 263.125 264.943756103515625 274.35626220703125 279.274993896484375 280.64373779296875 278.01873779296875 274.89373779296875 274.29998779296875 269.024993896484375 263.600006103515625 254.2062530517578125 245.412506103515625 239.2937469482421875 236.5749969482421875 234.65625 233.212493896484375 231.8125 233.1062469482421875 234.850006103515625 242.6875 246.568756103515625 246.568756103515625 251.9250030517578125 260.45623779296875 271.243743896484375 277.54376220703125 281.13751220703125 285.212493896484375 293.29998779296875 296.1875 298.149993896484375 289.462493896484375 294.725006103515625 296.6875 294.58123779296875 288.84375 279.95623779296875 274.54998779296875 269.3125 263.681243896484375
238.006256103515625 249.899993896484375 256.443756103515625 262.375 262.9375 266.375 268.306243896484375 273.76251220703125 274.0625 273.962493896484375 270.712493896484375 268.037506103515625 267.318756103515625 261.993743896484375 252.5749969482421875 246.2937469482421875 243.381256103515625 239.774993896484375 235.9562530517578125 234.318756103515625 235.4499969482421875 233.9375 236.84375 242.618743896484375 246.1687469482421875 253.649993896484375 259.07501220703125 268.70001220703125 278.66876220703125 289.881256103515625 295.11248779296875 306.39373779296875 313.274993896484375 315.09375 309.78125 303.33123779296875 304.40625 299.26873779296875 295.068756103515625 289.23748779296875 281.86248779296875 274.03125 268.350006103515625 259.60626220703125
239.625 253.25 252.850006103515625 256.787506103515625 253.7874908447265625 256.29376220703125 258.0625 262.712493896484375 260.41876220703125 257.70001220703125 262.212493896484375 263.225006103515625 259.837493896484375 256.5 253.556243896484375 247.743743896484375 245.15625 241.65625 237.6374969482421875 234.59375 235.6125030517578125 234.125 236.712493896484375 239.899993896484375 247.40625 254.625 266.86248779296875 276.90625 286.443756103515625 298.774993896484375 311.04998779296875 331.21875 339.71875 332.58123779296875 323.681243896484375 317.78125 311.431243896484375 306.274993896484375 294.524993896484375 287.118743896484375 280.75 270.34375 261.07501220703125 255.28125
236.037506103515625 240.556243896484375 244.274993896484375 246.2375030517578125 244.0749969482421875 246.7624969482421875 248 248.256256103515625 248.2687530517578125 253.600006103515625 256.243743896484375 254.7375030517578125 254.787506103515625 253.806243896484375 251.2062530517578125 248.3874969482421875 244 238.943756103515625 239.78125 235.9375 234.125 233.65625 235.7624969482421875 243.243743896484375 250.756256103515625 258.912506103515625 270.756256103515625 281.01251220703125 292.23126220703125 301.943756103515625 319.16876220703125 339.756256103515625 355.51251220703125 343.73748779296875 331.10626220703125 322.743743896484375 320.15625 311.08123779296875 298.899993896484375 290.774993896484375 282.26873779296875 271.14373779296875 261.181243896484375 251.524993896484375
233.4875030517578125 232.8562469482421875 234.75 233.65625 233.631256103515625 237.4562530517578125 239.6437530517578125 238.0625 240.412506103515625 245.3625030517578125 247.0500030517578125 246.25 247.4562530517578125 247.0187530517578125 246.993743896484375 242.4499969482421875 241.662506103515625 241.6999969482421875 242.3874969482421875 239.7937469482421875 237.4875030517578125 234.756256103515625 238.868743896484375 245.0625 253.462493896484375 260.07501220703125 272.39373779296875 282.60626220703125 294.787506103515625 305.375 319.75 336.162506103515625 347.23126220703125 341.54376220703125 336.51873779296875 328.79998779296875 322.274993896484375 317.63751220703125 307.756256103515625 295.13751220703125 283.65625 274.26251220703125 263.61248779296875 254.5
227.3562469482421875 225.318756103515625 224.1750030517578125 223.600006103515625 223.4375 222.712493896484375 223.1374969482421875 226.8249969482421875 233.3000030517578125 235.2375030517578125 237.7375030517578125 239.5437469482421875 240.618743896484375 243.681243896484375 246.131256103515625 246.431243896484375 245.6687469482421875 243.931243896484375 243.068756103515625 241.3312530517578125 239.28125 235.9499969482421875 237.7312469482421875 243.6437530517578125 251.568756103515625 256.050018310546875 268.53125 281.38751220703125 293.162506103515625 301.60626220703125 313.70623779296875 323.64373779296875 331.67498779296875 332.45001220703125 335.35626220703125 330.13751220703125 326.20623779296875 319.59375 309.743743896484375 296.975006103515625 280.975006103515625 268.337493896484375 262.631256103515625 259.068756103515625
225.287506103515625 221.1062469482421875 216.806243896484375 212.100006103515625 210.2062530517578125 212.412506103515625 213.3249969482421875 218.899993896484375 223.306243896484375 224.0625 228.0437469482421875 231.443756103515625 234.537506103515625 239.399993896484375 242.5749969482421875 244.1687469482421875 244.1374969482421875 246.5437469482421875 244.4499969482421875 240.1125030517578125 238.0625 236.618743896484375 237.03125 241 245.125 254.4187469482421875 262.5 270.256256103515625 280.98748779296875 290.07501220703125 301.318756103515625 308.524993896484375 317.03125 323.618743896484375 329.54376220703125 324.943756103515625 329.243743896484375 325.774993896484375 315.04376220703125 309.63751220703125 299.17498779296875 284.662506103515625 272.712493896484375 263.78125
223.368743896484375 216.7937469482421875 209.756256103515625 206.03125 204.2937469482421875 205.15625 208.0625 210.1062469482421875 214.181243896484375 217.131256103515625 220.9187469482421875 223.587493896484375 230.524993896484375 232.84375 236.899993896484375 241.4250030517578125 244.024993896484375 244.287506103515625 244.03125 242.431243896484375 236.9437408447265625 233.40625 233.3125 234.40625 238.0187530517578125 248.5124969482421875 254.537506103515625 259.774993896484375 269.5625 277.068756103515625 288.618743896484375 293.48126220703125 302.4375 311.88751220703125 318.931243896484375 316.4375 322.399993896484375 326.59375 323.15625 316.787506103515625 313.26873779296875 297.90625 284.5625 270.975006103515625
216.9812469482421875 209.1999969482421875 203.0187530517578125 200.0500030517578125 199.5 198.337493896484375 202.912506103515625 201.662506103515625 204.8937530517578125 207.2375030517578125 210.806243896484375 213.212493896484375 219.837493896484375 226.318756103515625 230.5437469482421875 236.787506103515625 236.943756103515625 236.943756103515625 237.149993896484375 236.6437530517578125 230.350006103515625 227.1374969482421875 225.756256103515625 227.975006103515625 234.9187469482421875 240.725006103515625 246.1687469482421875 249.225006103515625 254.350006103515625 263.20001220703125 269.39373779296875 276.5625 285.10626220703125 295.568756103515625 306.17498779296875 307.881256103515625 314.125 321.931243896484375 319.806243896484375 322.787506103515625 320.67498779296875 308.475006103515625 296.70623779296875 288.243743896484375
212.443756103515625 206.4875030517578125 200.3625030517578125 198.5437469482421875 195.493743896484375 193.725006103515625 195.850006103515625 195.3625030517578125 197.6750030517578125 201.0437469482421875 207.537506103515625 210.149993896484375 215.681243896484375 223.006256103515625 226.15625 228.693756103515625 229.40625 232.21875 229.649993896484375 228.7062530517578125 222.131256103515625 220.087493896484375 217.1125030517578125 220.725006103515625 225.7687530517578125 231.243743896484375 233.9812469482421875 237.1999969482421875 239.350006103515625 246.125 253.5 259.45623779296875 266.462493896484375 281.29376220703125 291.274993896484375 299.58123779296875 303.350006103515625 312.375 312.693756103515625 321.08123779296875 320.662506103515625 315.068756103515625 307.274993896484375 303.53125
208.693756103515625 202.506256103515625 199.46875 196.9499969482421875 195.25 191.6999969482421875 190.787506103515625 188.78125 189.568756103515625 192.118743896484375 197.1062469482421875 203.756256103515625 208.100006103515625 212.8125 217.774993896484375 222.618743896484375 224.600006103515625 225.662506103515625 221.21875 218.0437469482421875 214.8937530517578125 213.15625 210.243743896484375 210.912506103515625 215.1687469482421875 218.0812530517578125 219.3562469482421875 221.0749969482421875 224.9375 231.0124969482421875 237.8249969482421875 243.5437469482421875 252.2687530517578125 263.20001220703125 275.45623779296875 283.443756103515625 291.76873779296875 296.818756103515625 303.88751220703125 311.125 313.01873779296875 314.70001220703125 315.600006103515625 315.350006103515625
203.181243896484375 198.193756103515625 196.4250030517578125 195.537506103515625 194.0749969482421875 189.8874969482421875 184.7062530517578125 182.462493896484375 179.537506103515625 182.024993896484375 187.993743896484375 195.100006103515625 203.225006103515625 210.287506103515625 214.09375 217.25 218.0625 218.5500030517578125 214.2312469482421875 208.381256103515625 205.4875030517578125 202 200.7375030517578125 200.40625 202.568756103515625 204.5187530517578125 207.8562469482421875 210.056243896484375 212.725006103515625 219.3000030517578125 224.193756103515625 229.40625 235.6374969482421875 247.15625 252.2437591552734375 262.493743896484375 268.712493896484375 283.375 291.318756103515625 297.600006103515625 302.20623779296875 303.068756103515625 306.88751220703125 312.61248779296875
200.399993896484375 197.625 194.2624969482421875 192.40625 189.818756103515625 185.274993896484375 179.087493896484375 176.743743896484375 173.837493896484375 172.881256103515625 177.1374969482421875 188.4499969482421875 199.587493896484375 205.3000030517578125 209.818756103515625 211.21875 210.9562530517578125 208.149993896484375 205.8937530517578125 199.8562469482421875 197.162506103515625 193.96875 191.787506103515625 191.568756103515625 191.7375030517578125 191.9562530517578125 196.8937530517578125 199.25 199.1750030517578125 204.7937469482421875 210.4812469482421875 215.337493896484375 220.6750030517578125 226.2937469482421875 232.631256103515625 240.3874969482421875 254.774993896484375 262.20001220703125 270.431243896484375 281.787506103515625 285.89373779296875 292.243743896484375 294.868743896484375 301.256256103515625
198.71875 197.662506103515625 194.024993896484375 191.6875 189.818756103515625 183.5124969482421875 177.71875 172.2062530517578125 167.8187408447265625 161.881256103515625 172.21875 191.493743896484375 200.524993896484375 203.8000030517578125 205.806243896484375 205.75 202.787506103515625 198.931243896484375 196.28125 189.274993896484375 187.5500030517578125 184.9562530517578125 181.4187469482421875 180.443756103515625 180.25 181.7375030517578125 184.34375 185.6437530517578125 185.7624969482421875 191.993743896484375 198.6687469482421875 204.556243896484375 208.4875030517578125 210.46875 216.8312530517578125 226.9875030517578125 237.71875 247.5749969482421875 253.712493896484375 261.03125 265.649993896484375 269.38751220703125 279.912506103515625 288.71875
198.149993896484375 196.899993896484375 195.350006103515625 192.2312469482421875 191.28125 185.756256103515625 179.912506103515625 172.993743896484375 168.287506103515625 161.943756103515625 182.712493896484375 201.8249969482421875 205.21875 205.962493896484375 204.5812530517578125 202.0124969482421875 197.125 193.5187530517578125 188.1875 182.90625 178.243743896484375 175.65625 172.46875 170.7624969482421875 169.7062530517578125 169.9250030517578125 170.131256103515625 174.8125 176.2624969482421875 180.6437530517578125 185.5812530517578125 191.431243896484375 196.375 196.693756103515625 198.868743896484375 208.600006103515625 220.9875030517578125 229.462493896484375 239.506256103515625 243.818756103515625 249.3000030517578125 254.7687530517578125 257.71875 262.462493896484375
197.7312469482421875 196.131256103515625 194.2312469482421875 192.3625030517578125 188.4812469482421875 184.350006103515625 181.53125 179.712493896484375 181.493743896484375 191.5500030517578125 215.7687530517578125 217.243743896484375 210.6374969482421875 207.9187469482421875 204.4250030517578125 200.125 195 189.8937530517578125 184.399993896484375 177.3000030517578125 170.5124969482421875 165.368743896484375 163.1999969482421875 162.806243896484375 160.3249969482421875 159.7937469482421875 162.2937469482421875 166.256256103515625 166.100006103515625 171.625 173.912506103515625 174.6437530517578125 180.1062469482421875 184.368743896484375 190.912506103515625 198.1875 205.993743896484375 216.774993896484375 220.493743896484375 221.7624969482421875 229.756256103515625 233.743743896484375 234.25 240.6062469482421875
200.4875030517578125 197.618743896484375 196.625 194.243743896484375 191.662506103515625 188.0437469482421875 184.6062469482421875 188.5124969482421875 193.943756103515625 203.5625 213.15625 216.787506103515625 210.975006103515625 206.09375 203.875 197.0749969482421875 190.1125030517578125 183.84375 176.78125 170.59375 162.3000030517578125 157.287506103515625 152.368743896484375 151.6062469482421875 150.9375 151.3625030517578125 152.837493896484375 155.568756103515625 156 160.3125 164.09375 168.256256103515625 172.3562469482421875 177.5812530517578125 183.4187469482421875 188.618743896484375 194.3625030517578125 203.2937469482421875 206.006256103515625 203.4875030517578125 208.118743896484375 211.40625 209.8499908447265625 211.2375030517578125
