data/historical-monthly-weather-data/wc2.1_cruts4.09_10m_prec_2005-05.asc
ncols        51
nrows        45
xllcorner    -63.500000000000
yllcorner    -7.500000000000
cellsize     0.166666666667
NODATA_value -9999
[rows 0 to 19 of 45, columns 0 to 43 of 51]
510.88751220703125 520.5875244140625 520.78125 528.90625 531.58123779296875 526.20623779296875 513.29376220703125 503.506256103515625 491.54376220703125 483.375 471.98126220703125 454.443756103515625 439.54998779296875 425.6875 409.35626220703125 395.58123779296875 380.725006103515625 366.368743896484375 355.681243896484375 348.493743896484375 344.79998779296875 341.162506103515625 341.46875 338.293731689453125 336.774993896484375 337.431243896484375 337.649993896484375 339.9375 339.693756103515625 343.54998779296875 343.118743896484375 345.40625 349.36248779296875 351.550018310546875 354.04998779296875 359.28125 363.13751220703125 363.787506103515625 364.193756103515625 366.51251220703125 365.806243896484375 365.975006103515625 362.837493896484375 364.556243896484375
506.806243896484375 515.23748779296875 523.70623779296875 537.01873779296875 549.2125244140625 546.3125 533.96875 524.96875 515.29998779296875 501.98126220703125 489.837493896484375 470.412506103515625 451.07501220703125 432.70001220703125 412.943756103515625 394.51251220703125 377.037506103515625 360.431243896484375 350.64373779296875 342.875 339.618743896484375 337.90625 336.29376220703125 335.89373779296875 333.86248779296875 332.193756103515625 334.34375 336.33123779296875 337.306243896484375 339.068756103515625 339.08123779296875 345.14373779296875 346.893768310546875 352 354.243743896484375 354.681243896484375 360.64373779296875 362.193756103515625 364.975006103515625 361.631256103515625 360.568756103515625 364.82501220703125 361.774993896484375 357.96875
486.70001220703125 499.57501220703125 514.04998779296875 527.61871337890625 538.58746337890625 540.17498779296875 537.23748779296875 535.41876220703125 528.1187744140625 515.5999755859375 501.57501220703125 478.743743896484375 455.67498779296875 431.537506103515625 410.431243896484375 391.90625 371.600006103515625 353.95001220703125 343.912506103515625 337.14373779296875 334.23126220703125 334.681243896484375 333.33123779296875 331.11248779296875 328.03125 328.20001220703125 331.48748779296875 331.64373779296875 330.36248779296875 332.318756103515625 333.356231689453125 337.60626220703125 343.837493896484375 347.006256103515625 351.85626220703125 351.943756103515625 356.381256103515625 359.600006103515625 360.850006103515625 360.67498779296875 363.33123779296875 361.84375 361.83123779296875 358.587493896484375
459.462493896484375 468.743743896484375 493.631256103515625 508.11248779296875 521.8812255859375 525.4749755859375 528.4124755859375 534.68121337890625 536.6500244140625 527.85626220703125 509.943756103515625 483.98748779296875 454.6875 428.54376220703125 405.79998779296875 384.59375 362.57501220703125 346.29998779296875 336.475006103515625 332.95001220703125 335.131256103515625 333.84375 330.48748779296875 328.125 324.149993896484375 321.25 324.631256103515625 322.4375 320.76873779296875 325.85626220703125 328.29998779296875 332.51251220703125 337.068756103515625 339.943756103515625 342.318756103515625 348.975006103515625 355.38751220703125 358.712493896484375 361.118743896484375 362.63751220703125 363.61248779296875 366.3125 361.881256103515625 357.70623779296875
461.66876220703125 465.33123779296875 466.28125 480.95001220703125 499.48748779296875 504.631256103515625 513.53125 526.11248779296875 537.53125 536.4937744140625 512.5999755859375 478.868743896484375 452.100006103515625 426.375 402.23748779296875 378.32501220703125 354.631256103515625 339.59375 330.33123779296875 329.13751220703125 331.64373779296875 329.399993896484375 324.59375 325.087493896484375 318.78125 314.78125 312.16876220703125 313.39373779296875 312.881256103515625 316.95001220703125 321.993743896484375 324.98126220703125 328.9375 335.57501220703125 340.481231689453125 344.824981689453125 353.04376220703125 359.5625 363.98748779296875 365.475006103515625 368.962493896484375 367.23126220703125 363.850006103515625 361.89373779296875
456.493743896484375 460.600006103515625 458.693756103515625 453.38751220703125 472.100006103515625 485.412506103515625 494.668731689453125 503.39373779296875 517.0250244140625 519.79376220703125 499.850006103515625 465.681243896484375 443.743743896484375 421.943756103515625 396.212493896484375 377.131256103515625 352.912506103515625 337.14373779296875 329.9375 330.64373779296875 330.17498779296875 328.443756103515625 325.850006103515625 319.53125 313.66876220703125 308.774993896484375 306.45001220703125 305.274993896484375 306.36248779296875 311.681243896484375 317.34375 323.037506103515625 327.850006103515625 334.743743896484375 340.037506103515625 346.524993896484375 353.100006103515625 359.212493896484375 369.274993896484375 372.662506103515625 373.712493896484375 373.57501220703125 369.631256103515625 367.54998779296875
455.100006103515625 456.29376220703125 452.91876220703125 448.506256103515625 451.587493896484375 454.962493896484375 461.79998779296875 469.08123779296875 466.23748779296875 470.54998779296875 463.76251220703125 443.90625 429.087493896484375 412.82501220703125 392.818756103515625 373.868743896484375 357.36248779296875 345.5625 337.381256103515625 337.92498779296875 332.91876220703125 327.225006103515625 319.34375 314.67498779296875 309.356231689453125 306.28125 302.125 299.90625 297.54376220703125 304.006256103515625 311.399993896484375 315.79376220703125 320.58123779296875 328.58123779296875 336.48126220703125 345.29376220703125 350.587493896484375 357.100006103515625 369.125 377.337493896484375 378.006256103515625 375.5 372.431243896484375 372.88751220703125
452.03125 451.087493896484375 446.681243896484375 445.53125 447.17498779296875 449.13751220703125 440.32501220703125 422.54998779296875 407.087493896484375 415.649993896484375 427.20623779296875 421.6875 416.681243896484375 404.350006103515625 389.78125 376.431243896484375 362.71875 355.04998779296875 347.506256103515625 341.931243896484375 337.875 328.13751220703125 318.537506103515625 308.58123779296875 304.42498779296875 295.04998779296875 294.26873779296875 290.79376220703125 289.10626220703125 296.243743896484375 303.91876220703125 308.90625 316.21875 322.53125 328.443756103515625 335.649993896484375 343.09375 352.274993896484375 362.0625 366.506256103515625 373.068756103515625 372.07501220703125 371.587493896484375 369.1875
448.86248779296875 447.54998779296875 445.39373779296875 441.662506103515625 440.3125 438.475006103515625 429.10626220703125 414.306243896484375 390.42498779296875 381.600006103515625 393.875 399.943756103515625 404.212493896484375 395.443756103515625 385.29376220703125 377.85626220703125 368.60626220703125 363.60626220703125 359.70001220703125 346.54998779296875 332.84375 325.412506103515625 310.25 307.01251220703125 296.42498779296875 285.91876220703125 282.34375 283.34375 286.26251220703125 292.11248779296875 302.368743896484375 306.524993896484375 307.91876220703125 311.41876220703125 319.774993896484375 328.600006103515625 337.32501220703125 347.443756103515625 360.28125 364.162506103515625 367.17498779296875 366.8125 371.16876220703125 374.162506103515625
444.225006103515625 444.86248779296875 442.587493896484375 440.70623779296875 434.587493896484375 432.26873779296875 425.100006103515625 413.975006103515625 400.556243896484375 394.95623779296875 396.34375 390.1875 396.1875 388.75 384.32501220703125 376.91876220703125 370.20001220703125 365.29376220703125 362.15625 354.46875 336.0625 318.53125 303.712493896484375 297.393768310546875 284.462493896484375 274.443756103515625 271.368743896484375 273.13751220703125 278.63751220703125 288.91876220703125 295.45001220703125 298.71875 303.412506103515625 307.78125 312.518768310546875 320.868743896484375 328.787506103515625 339.9375 353.84375 365.212493896484375 374.33123779296875 378.993743896484375 374.98126220703125 371.118743896484375
439.13751220703125 441.79376220703125 437.9375 436.46875 430.375 429.75 424.506256103515625 412.17498779296875 402.318756103515625 400.57501220703125 402.381256103515625 400.443756103515625 389.75 385.58123779296875 379.743743896484375 373.45001220703125 369.006256103515625 365.48748779296875 361.318756103515625 356.9375 347.98748779296875 323.818756103515625 301.600006103515625 278.98126220703125 273.493743896484375 267.774993896484375 265.524993896484375 267.46875 269.5 277.04998779296875 286.100006103515625 292.20001220703125 296.10626220703125 299.837493896484375 303.475006103515625 308.95001220703125 317.11248779296875 330.01251220703125 348.412506103515625 363.493743896484375 375.537506103515625 378.681243896484375 382.850006103515625 374.681243896484375
436.068756103515625 436.51251220703125 433.82501220703125 432.32501220703125 428.91876220703125 423.73126220703125 422.600006103515625 416.35626220703125 410.743743896484375 403.524993896484375 403.931243896484375 406.524993896484375 389.83123779296875 382.931243896484375 379.8125 370.60626220703125 365.39373779296875 361.23126220703125 357.993743896484375 357.787506103515625 352.14373779296875 332.899993896484375 307.5625 281.649993896484375 264.01873779296875 252.256256103515625 249.84375 253.3249969482421875 259.375 266.67498779296875 271.89373779296875 277.743743896484375 281.41876220703125 284.693756103515625 291.17498779296875 301.118743896484375 312.45623779296875 323.975006103515625 340.15625 356.943756103515625 372.975006103515625 377.15625 374.96875 355.82501220703125
434.131256103515625 431.04376220703125 427.36248779296875 426.274993896484375 422.181243896484375 420.54998779296875 416.01251220703125 409.01873779296875 405.3125 403.943756103515625 403.20001220703125 403.33123779296875 394.23126220703125 373.61248779296875 366.65625 363.67498779296875 357.90625 353.78125 349.774993896484375 348.98748779296875 346.975006103515625 326.381256103515625 302.01873779296875 276.61248779296875 246.5187530517578125 231.6062469482421875 237.6062469482421875 243.7375030517578125 252.024993896484375 260.42498779296875 263.443756103515625 264.743743896484375 266.71875 268.54998779296875 275.725006103515625 289.6875 303.91876220703125 320.350006103515625 340.40625 357.243743896484375 370.537506103515625 375.70001220703125 362.34375 348.16876220703125
423.15625 421.14373779296875 419.48126220703125 417.662506103515625 416.04998779296875 412.16876220703125 406.6875 401.6875 401.04998779296875 399.0625 391.0625 387.649993896484375 380.13751220703125 368.125 348.64373779296875 349.100006103515625 343.274993896484375 336.95623779296875 335.26251220703125 334.725006103515625 328.85626220703125 311.225006103515625 290.26873779296875 270.037506103515625 245.84375 229.7312469482421875 231 234.337493896484375 241.6750030517578125 247.2062530517578125 253.8249969482421875 253.7687530517578125 255.056243896484375 256.79376220703125 262.037506103515625 279.743743896484375 299.73748779296875 320.875 343.42498779296875 356.868743896484375 356.70001220703125 350.193756103515625 352.399993896484375 357.34375
413.01873779296875 413.350006103515625 412.9375 410.41876220703125 407.412506103515625 404.225006103515625 402.78125 400.29376220703125 396.0625 389.100006103515625 379.76251220703125 374.131256103515625 363.73126220703125 351.399993896484375 326.98748779296875 324.90625 321.91876220703125 320.212493896484375 318.243743896484375 315.931243896484375 311.08123779296875 298.01251220703125 282.899993896484375 272.54376220703125 258.387481689453125 245.6999969482421875 242.287506103515625 243.1062469482421875 245.725006103515625 247.9875030517578125 245.537506103515625 243.350006103515625 247.212493896484375 244.225006103515625 243.568756103515625 258.23126220703125 290.125 319.04998779296875 338.337493896484375 345.73126220703125 343.36248779296875 346.5625 360.61248779296875 364.118743896484375
401.962493896484375 401.625 403.54998779296875 402.931243896484375 399.07501220703125 398.462493896484375 397.975006103515625 394.59375 387.3125 380.9375 369.712493896484375 361.64373779296875 350.83123779296875 340.67498779296875 320.4375 299.431243896484375 301.006256103515625 306.149993896484375 301.287506103515625 298.649993896484375 294.712493896484375 289.54376220703125 281.92498779296875 278.600006103515625 268.337493896484375 255.8249969482421875 251.0812530517578125 248.524993896484375 249.28125 251.524993896484375 251.850006103515625 247.09375 238.6437530517578125 230.399993896484375 227.649993896484375 255.78125 280.33123779296875 306.79998779296875 328.568756103515625 342.60626220703125 346.75 350.506256103515625 358.375 355.037506103515625
393.48126220703125 394.056243896484375 393.306243896484375 394.600006103515625 394.98748779296875 391.45001220703125 388.568756103515625 383.993743896484375 379.14373779296875 372.01251220703125 362.618743896484375 356.287506103515625 344.393768310546875 332.274993896484375 316.131256103515625 299.39373779296875 280.931243896484375 283.88751220703125 284.524993896484375 283.318756103515625 280.9375 277.524993896484375 276.83123779296875 281.46875 278.66876220703125 259.70623779296875 252.412506103515625 250.5749969482421875 251.100006103515625 252.4499969482421875 253.493743896484375 252.412506103515625 245.1125030517578125 238.5749969482421875 248.125 264.350006103515625 289 315.256256103515625 342.193756103515625 347.037506103515625 348.131256103515625 348.3125 346.79376220703125 348.82501220703125
383.681243896484375 387.181243896484375 388.76251220703125 388.90625 389.51873779296875 389.912506103515625 384.86248779296875 378.256256103515625 370.79998779296875 364.29998779296875 355.056243896484375 351.51251220703125 336.318756103515625 326.274993896484375 311.243743896484375 296.78125 279.66876220703125 262.39373779296875 272.787506103515625 270.08123779296875 267.412506103515625 266.41876220703125 267.23748779296875 273.84375 274.48126220703125 260.587493896484375 249.78125 250.6437530517578125 252.337493896484375 249.53125 241.712493896484375 235.881256103515625 248.1062469482421875 253.4187469482421875 258.26251220703125 285.5625 310.04376220703125 325.381256103515625 342.493743896484375 349.40625 341.04376220703125 339.256256103515625 338.068756103515625 341.118743896484375
373.912506103515625 378.649993896484375 379.806243896484375 383.75 386.681243896484375 384.40625 380.9375 376.306243896484375 368.412506103515625 363.01251220703125 351.16876220703125 337.45623779296875 324.86248779296875 315.868743896484375 302.162506103515625 291.35626220703125 279.5 259.20001220703125 251.568756103515625 251.29998779296875 250.9812469482421875 254.8874969482421875 243.493743896484375 253.037506103515625 255.7375030517578125 254.475006103515625 252.193756103515625 248.1750030517578125 249.8874969482421875 246.568756103515625 241.75 242.8000030517578125 252.743743896484375 258.26251220703125 266.79998779296875 289.100006103515625 304.556243896484375 315.568756103515625 332.362518310546875 334.59375 329.381256103515625 325.59375 328.962493896484375 336
362.375 368.64373779296875 371.818756103515625 373.006256103515625 377.46875 382.037506103515625 380.79998779296875 375.78125 367.51873779296875 357.54376220703125 348.70001220703125 340.725006103515625 332.45623779296875 317.70623779296875 301.149993896484375 279.48126220703125 261.318756103515625 256 246.943756103515625 243.1062469482421875 235.0437469482421875 234 237.1750030517578125 240.0625 239.412506103515625 234.7312469482421875 237.368743896484375 242.681243896484375 240.306243896484375 234.7937469482421875 235.6437530517578125 249.2937469482421875 254.881256103515625 258.131256103515625 269.4375 286.95623779296875 300.587493896484375 311.193756103515625 319.23126220703125 323.20001220703125 315.618743896484375 311.9375 320.568756103515625 328.212493896484375
