data/historical-monthly-weather-data/wc2.1_cruts4.09_10m_prec_1957-03.asc
ncols        45
nrows        45
xllcorner    -63.500000000000
yllcorner    -7.500000000000
cellsize     0.166666666667
NODATA_value -9999
[rows 20 to 39 of 45, columns 0 to 44 of 45]
144.5124969482421875 147.087493896484375 153.0625 159.9499969482421875 167.6125030517578125 177.631256103515625 187.756256103515625 197.1062469482421875 206.5437469482421875 213.912506103515625 218.8874969482421875 220.368743896484375 221.6062469482421875 224.0749969482421875 220.6687469482421875 213.3874969482421875 207.3312530517578125 205.71875 207.0437469482421875 208.9499969482421875 215.3312530517578125 222.412506103515625 228.4625091552734375 234.681243896484375 241.475006103515625 248.71875 255.399993896484375 261.787506103515625 267.91876220703125 272.524993896484375 272.537506103515625 267.66876220703125 253.8312530517578125 236.1750030517578125 219.7687530517578125 236.2624969482421875 260.10626220703125 273.63751220703125 280.225006103515625 281.9375 281.068756103515625 279.350006103515625 276.23126220703125 274.04376220703125 273.431243896484375
140.8312530517578125 143.587493896484375 150.8249969482421875 158.4812469482421875 167.0187530517578125 178.149993896484375 189.3937530517578125 200.131256103515625 209.631256103515625 214.7375030517578125 216 214.6687469482421875 213.493743896484375 214.162506103515625 212.556243896484375 209.1062469482421875 206.318756103515625 205.287506103515625 205.59375 206.3874969482421875 209.7062530517578125 214.1750030517578125 220.8249969482421875 226.5124969482421875 233.6750030517578125 242.743743896484375 252.681243896484375 259.46875 265.51873779296875 269.73126220703125 269.350006103515625 265.087493896484375 253.75 241.6687469482421875 235.0187530517578125 245.024993896484375 263.149993896484375 276.08123779296875 282.381256103515625 282.762481689453125 280.662506103515625 278.54376220703125 275.73748779296875 273.493743896484375 273.306243896484375
139.1687469482421875 142.53125 149.6750030517578125 157.90625 166.600006103515625 177.6062469482421875 188.9875030517578125 201.9375 213.21875 215.09375 212.8625030517578125 207.5625 203.568756103515625 204.25 205.46875 204.868743896484375 203.350006103515625 202.806243896484375 202.5124969482421875 202.618743896484375 204.443756103515625 206.3937530517578125 210.0625 215.4562530517578125 224.4812469482421875 235.537506103515625 246.600006103515625 255.1374969482421875 261.493743896484375 265.41876220703125 266.86248779296875 267.056243896484375 262.34375 256.45001220703125 256.95623779296875 264.787506103515625 276.04376220703125 284.287506103515625 287.21875 285.524993896484375 281.693756103515625 278.681243896484375 275.76873779296875 272.649993896484375 272.64373779296875
140.5437469482421875 143.3562469482421875 150.149993896484375 157.975006103515625 166.1687469482421875 176.4875030517578125 188.2624969482421875 200.7624969482421875 210.7937469482421875 211.1999969482421875 207.375 202.65625 196.712493896484375 198.6687469482421875 201.649993896484375 202.4812469482421875 202.2624969482421875 202 200.34375 199.1875 199.3625030517578125 199.4562530517578125 201.118743896484375 206.006256103515625 213.7937469482421875 224.693756103515625 236.6875 247.818756103515625 256.76873779296875 264.131256103515625 270.08123779296875 273.774993896484375 272.79376220703125 271.8125 274.98748779296875 282.75 290.16876220703125 292.01873779296875 290.54376220703125 287.09375 282.70001220703125 278.51251220703125 275.07501220703125 271.04376220703125 272.35626220703125
145.068756103515625 146.4375 151.318756103515625 158.318756103515625 166.3874969482421875 176.125 185.8874969482421875 195.743743896484375 203.162506103515625 205.4812469482421875 204.8000030517578125 201.318756103515625 199.5187530517578125 200.8937530517578125 201.59375 202.6437530517578125 202.1875 201.7937469482421875 200.068756103515625 196.8874969482421875 194.5187530517578125 192.649993896484375 191.7624969482421875 194.34375 202.7375030517578125 216.2375030517578125 228.5812530517578125 242.462493896484375 253.712493896484375 265.524993896484375 274.350006103515625 281.03125 283.337493896484375 284.75 287.631256103515625 290.318756103515625 294.35626220703125 294.58123779296875 291.568756103515625 288.712493896484375 284.056243896484375 278.98126220703125 273.506256103515625 270.975006103515625 268.899993896484375
151.6125030517578125 152.15625 154.556243896484375 160.149993896484375 166.0124969482421875 174.318756103515625 182.6875 190.7062530517578125 196.6875 199.9562530517578125 201.375 201.9499969482421875 202.9875030517578125 204.5124969482421875 204.412506103515625 204.96875 203.7375030517578125 203.2687530517578125 201.5 196.375 193.0749969482421875 187.8249969482421875 183.0500030517578125 182.6687469482421875 192.71875 208.8312530517578125 224.756256103515625 239.0187530517578125 252.712493896484375 267.193756103515625 279.462493896484375 289.95623779296875 294.48126220703125 295.225006103515625 295.91876220703125 295.756256103515625 296.57501220703125 295.58123779296875 292.98126220703125 289.412506103515625 285.07501220703125 278.875 270.756256103515625 266.95001220703125 265.625
157.65625 154.899993896484375 156.78125 160.212493896484375 164.2437591552734375 171.443756103515625 178.375 185.0625 190.84375 195.78125 199.693756103515625 202.837493896484375 206.162506103515625 209.4375 209.850006103515625 209.743743896484375 209.7312469482421875 208.28125 205.4875030517578125 201.181243896484375 195.774993896484375 188.9812469482421875 180.4250030517578125 178.2062530517578125 191.131256103515625 207.2375030517578125 224.0437469482421875 238.537506103515625 253.1312408447265625 268.51873779296875 282.931243896484375 296.76873779296875 303.024993896484375 301.600006103515625 299.9375 298.92498779296875 299 297.212493896484375 294.95623779296875 292.15625 286.73126220703125 279.35626220703125 269.90625 264.181243896484375 269.07501220703125
164.0124969482421875 158.6687469482421875 159.1437530517578125 161.03125 162.8312530517578125 168.662506103515625 175.631256103515625 181.5625 187.443756103515625 193.125 197.818756103515625 203.024993896484375 208.787506103515625 214.068756103515625 215.03125 215.068756103515625 215.6437530517578125 215.7375030517578125 213.287506103515625 209.15625 203.7687530517578125 196.4375 191.3312530517578125 190.6750030517578125 199.306243896484375 212.618743896484375 227.5812530517578125 242.162506103515625 256.15625 270.20623779296875 284.274993896484375 297.212493896484375 302.912506103515625 301.70001220703125 300.28125 299.58123779296875 298.162506103515625 297.568756103515625 296.537506103515625 295.58123779296875 293.256256103515625 284.5625 271.850006103515625 265.35626220703125 277.98126220703125
170.0812530517578125 162.6999969482421875 161.71875 161.6125030517578125 163.037506103515625 167.725006103515625 172.850006103515625 178.28125 184.6437530517578125 190.506256103515625 196.6999969482421875 203.837493896484375 211.306243896484375 218.681243896484375 221.1687469482421875 222.8249969482421875 225.1437530517578125 225.7624969482421875 224.5124969482421875 221.2062530517578125 215.96875 209.350006103515625 205.6062469482421875 204.8625030517578125 211.3937530517578125 220.899993896484375 233.5187530517578125 246.96875 260.068756103515625 273.07501220703125 284.818756103515625 295.70001220703125 300.48126220703125 300.568756103515625 300 299.45001220703125 297.556243896484375 297.03125 296.63751220703125 295.65625 296.82501220703125 288.100006103515625 275.649993896484375 275.6875 290.824981689453125
177.556243896484375 168.59375 166.006256103515625 164.5500030517578125 164.5187530517578125 167.40625 171.6999969482421875 176.350006103515625 182.8687591552734375 189.0124969482421875 195.787506103515625 204.912506103515625 214.743743896484375 223.8562469482421875 228.131256103515625 231.6875 235.5124969482421875 240.125 240.4250030517578125 235.4187469482421875 229.6750030517578125 223.9625091552734375 220.0812530517578125 219.881256103515625 223.9562530517578125 231.6062469482421875 242.40625 253.5749969482421875 264.45623779296875 275.03125 285.23126220703125 293.5625 297.35626220703125 299.681243896484375 300.368743896484375 299.20623779296875 297.28125 297.1875 293.631256103515625 292.118743896484375 293.51251220703125 292.412506103515625 287.54376220703125 292.14373779296875 300.61248779296875
183.8312530517578125 173.40625 169.53125 167.4375 166.412506103515625 167.818756103515625 171.506256103515625 175.2312469482421875 181.4812469482421875 188.006256103515625 195.443756103515625 205.3874969482421875 216.818756103515625 226.975006103515625 233.5 239.78125 247.2375030517578125 253.0625 256.48748779296875 251.0812530517578125 244.662506103515625 237.9499969482421875 234.506256103515625 233.6687469482421875 235.84375 242.7937469482421875 250.9562530517578125 259.45623779296875 269.03125 277.493743896484375 285.875 293.61248779296875 297.1875 299.693756103515625 301.087493896484375 298.92498779296875 297.125 297.29376220703125 292.23748779296875 284.818756103515625 287.787506103515625 294.95001220703125 298.818756103515625 304.91876220703125 313.587493896484375
189.431243896484375 177.96875 173.068756103515625 169.962493896484375 168.243743896484375 168.8312530517578125 171.6687469482421875 174.225006103515625 180.212493896484375 186.8625030517578125 194.568756103515625 205.350006103515625 217.212493896484375 229.681243896484375 238.8625030517578125 247.8562469482421875 255.193756103515625 261.006256103515625 264.475006103515625 262.475006103515625 256.0625 250.84375 246.3625030517578125 244.8312530517578125 247.9187469482421875 252.46875 258.16876220703125 266.03125 272.837493896484375 280.306243896484375 287.59375 294.087493896484375 296.662506103515625 299.237518310546875 301 299.162506103515625 298.712493896484375 297.98126220703125 290.76251220703125 286.412506103515625 292.65625 303.91876220703125 312.087493896484375 323.60626220703125 335.23748779296875
198.2375030517578125 187.40625 181.78125 177.8125 174.649993896484375 175.0625 176.256256103515625 177.5749969482421875 182.03125 188.3874969482421875 197.256256103515625 207.8625030517578125 220.756256103515625 235.568756103515625 245.9562530517578125 255.6062469482421875 263.368743896484375 269.34375 271.76873779296875 270.993743896484375 267.087493896484375 262.26873779296875 257.35626220703125 256.59375 258.225006103515625 261.10626220703125 265.54376220703125 271.868743896484375 278.625 284.51251220703125 290.493743896484375 295.96875 299.193756103515625 301.931243896484375 303.04376220703125 303.45001220703125 303.462493896484375 302.09375 296.98748779296875 299.82501220703125 306.73126220703125 317.881256103515625 329.36248779296875 342.88751220703125 363.16876220703125
207.274993896484375 197.0124969482421875 191.7624969482421875 187.162506103515625 183.1687469482421875 182 181.568756103515625 181.6875 184.774993896484375 189.931243896484375 198.006256103515625 210.71875 224.743743896484375 238.8562469482421875 250.056243896484375 261.774993896484375 272.125 277.46875 278.70623779296875 278.412506103515625 276.162506103515625 271.79998779296875 268.04998779296875 265.85626220703125 266.48748779296875 267.58123779296875 271.89373779296875 276.89373779296875 284.006256103515625 288.53125 292.649993896484375 298.306243896484375 302.29998779296875 304.95623779296875 307.76873779296875 308.556243896484375 308.375 307.024993896484375 307.71875 312.45623779296875 318.54376220703125 329.95001220703125 344.79998779296875 360.337493896484375 383.48126220703125
216.6999969482421875 207.600006103515625 202.256256103515625 196.8249969482421875 191.1374969482421875 189.1687469482421875 187.068756103515625 186.399993896484375 187.3249969482421875 190.649993896484375 198.8312530517578125 213.193756103515625 229.0625 243.9375 257.20001220703125 268.86248779296875 280.149993896484375 285.024993896484375 286.25 285.912506103515625 284.443756103515625 279.96875 275.943756103515625 272.899993896484375 273 273.76873779296875 276.756256103515625 281.98126220703125 287.25 291.75 296.368743896484375 301.399993896484375 305.16876220703125 308.75 311.225006103515625 311.51873779296875 311.75 314.90625 318.20623779296875 322.96875 329.375 339.225006103515625 353.5 369.39373779296875 388.943756103515625
229.3000030517578125 220.5124969482421875 214.8625030517578125 209.306243896484375 203.618743896484375 200.256256103515625 197.506256103515625 194.475006103515625 193.1875 195.59375 203.337493896484375 218.306243896484375 235.975006103515625 252.2312469482421875 265.181243896484375 277.34375 287.4375 291.662506103515625 293.64373779296875 294.16876220703125 291.63751220703125 286.4375 281.20623779296875 278.475006103515625 277.618743896484375 277.51873779296875 280.1875 285.41876220703125 290.60626220703125 294.756256103515625 299.931243896484375 304.625 307.662506103515625 312.3125 315.131256103515625 315.5 318.506256103515625 322.08123779296875 324.29376220703125 329.84375 337.09375 345.91876220703125 356.931243896484375 372.08123779296875 386.63751220703125
241.412506103515625 233.8000030517578125 228.5 222.787506103515625 217.475006103515625 213.7312469482421875 209.46875 205.09375 201.274993896484375 199.65625 209.2062530517578125 228.625 246.600006103515625 261.125 274.3125 285.23126220703125 294.07501220703125 297.61248779296875 299.95001220703125 298.71875 295.993743896484375 290.475006103515625 285.17498779296875 281.006256103515625 279.324981689453125 279.181243896484375 282.03125 288.01873779296875 292.98126220703125 297.84375 302.725006103515625 307.318756103515625 311.95001220703125 317.09375 319.912506103515625 321.95623779296875 325.524993896484375 329.61248779296875 332.21875 335.26873779296875 340.524993896484375 348.318756103515625 358.462493896484375 371.287506103515625 383.51873779296875
253.3937530517578125 247.1437530517578125 241.7624969482421875 236.6062469482421875 232.2937469482421875 228.5 223.912506103515625 218.431243896484375 214.9875030517578125 211.118743896484375 226.8562469482421875 246.787506103515625 260.64373779296875 272.83123779296875 283.443756103515625 293.34375 299.818756103515625 302.212493896484375 302.92498779296875 300.45001220703125 295.725006103515625 290.3125 286.36248779296875 281.787506103515625 279.96875 280.193756103515625 283.07501220703125 289.756256103515625 295.587493896484375 300.524993896484375 304.71875 309.20623779296875 314.475006103515625 320.568756103515625 323.412506103515625 327.41876220703125 331.29998779296875 333.856231689453125 337.5625 341.23748779296875 343.58123779296875 350.96875 358.01251220703125 365.024993896484375 375.23748779296875
261.337493896484375 256.15625 252.350006103515625 248.5749969482421875 245.34375 241.806243896484375 239.40625 236.375 237.556243896484375 245.850006103515625 264.09375 272.79376220703125 279.318756103515625 287.15625 295.03125 301.71875 305.59375 305.51251220703125 303.462493896484375 298.987518310546875 292.162506103515625 286.4375 282.399993896484375 279.04376220703125 278.068756103515625 279.368743896484375 283.181243896484375 289.20623779296875 295.506256103515625 300.91876220703125 306.57501220703125 310.537506103515625 315.20001220703125 321.53125 327.91876220703125 330.63751220703125 333.32501220703125 337.07501220703125 338.71875 340.11248779296875 341.76251220703125 348.493743896484375 353.475006103515625 359.568756103515625 366.375
269.23126220703125 265.28125 262.868743896484375 259.993743896484375 258.59375 258.13751220703125 256.66876220703125 258.100006103515625 262.54376220703125 270.943756103515625 282.48126220703125 291.70623779296875 297.8125 302.54998779296875 307.975006103515625 311.14373779296875 312.100006103515625 309.17498779296875 303.693756103515625 297.71875 289.04998779296875 282.318756103515625 276.681243896484375 273.95623779296875 274.943756103515625 277.40625 281.26873779296875 288 294.40625 299.85626220703125 304.86248779296875 311.975006103515625 319.537506103515625 325.09375 331.07501220703125 334.368743896484375 335.600006103515625 338.0625 340.11248779296875 338.681243896484375 338.368743896484375 343.693756103515625 347.556243896484375 351.556243896484375 356.756256103515625
