data/historical-monthly-weather-data/wc2.1_cruts4.09_10m_prec_1971-07.asc
ncols        45
nrows        45
xllcorner    -63.500000000000
yllcorner    -7.500000000000
cellsize     0.166666666667
NODATA_value -9999
[rows 20 to 39 of 45, columns 0 to 42 of 45]
170.006256103515625 183.2437591552734375 187.15625 179.1750030517578125 170.4499969482421875 167.256256103515625 158.568756103515625 151.631256103515625 142.8125 133.34375 122.6687469482421875 118.43125152587890625 112.7687530517578125 104.4375 93.65625 83.69374847412109375 76.75 72.40625 69.50624847412109375 60.97499847412109375 57.43125152587890625 53.55625152587890625 50.72499847412109375 52.56874847412109375 52.237499237060546875 49.15000152587890625 47.481250762939453125 50.53749847412109375 54.356250762939453125 57.55625152587890625 64.44374847412109375 71.7687530517578125 73.4562530517578125 78.4562530517578125 84.52500152587890625 92.6374969482421875 100.19374847412109375 103.40000152587890625 104.1125030517578125 102.15000152587890625 98.55625152587890625 95.58750152587890625 92.0124969482421875
165.274993896484375 167.787506103515625 173.962493896484375 172.274993896484375 167.462493896484375 157.868743896484375 150.600006103515625 144.068756103515625 137.59375 129.149993896484375 121.53749847412109375 113.75624847412109375 106.97499847412109375 103.6687469482421875 97.21250152587890625 87.4375 82.81874847412109375 76.34375 71.4812469482421875 65.4499969482421875 58.637500762939453125 54.71250152587890625 52.21875 51.143749237060546875 49.143749237060546875 46.90000152587890625 49.625 50.74375152587890625 56.34999847412109375 61.981250762939453125 66.43125152587890625 70.6437530517578125 72.6125030517578125 75.7687530517578125 79.0124969482421875 87.22499847412109375 93.6875 96.94374847412109375 97.83750152587890625 96.9187469482421875 94.61875152587890625 92.81874847412109375 90.61875152587890625
160.100006103515625 170.1374969482421875 172.162506103515625 167.9250030517578125 161.818756103515625 154.556243896484375 140.2312469482421875 134.006256103515625 130.212493896484375 127.9875030517578125 122.3625030517578125 114.7687530517578125 110.5812530517578125 105.3874969482421875 101 94.8312530517578125 86.3625030517578125 77.71875 71.46250152587890625 67.0124969482421875 63.71250152587890625 57.700000762939453125 53.22499847412109375 51.50624847412109375 50.825000762939453125 47.575000762939453125 48.362499237060546875 51.768749237060546875 55.362499237060546875 59.44374847412109375 63.700000762939453125 68.6750030517578125 69.75624847412109375 70.6062469482421875 74.34999847412109375 78.7375030517578125 85.53125 87.5124969482421875 90.6687469482421875 92.0437469482421875 91.1374969482421875 88.09375 86.66249847412109375
149.71875 163.1999969482421875 169.681243896484375 164.4250030517578125 158.1687469482421875 148.21875 141.881256103515625 133.1999969482421875 125.77500152587890625 119.49375152587890625 115.7062530517578125 115.96250152587890625 111.7624969482421875 108.25 100.96250152587890625 94.8125 85.88124847412109375 80.24375152587890625 73.40625 70.06874847412109375 64.3562469482421875 60.41249847412109375 55.52500152587890625 55.13124847412109375 53.47499847412109375 49.5625 51.40000152587890625 51.78749847412109375 54.13124847412109375 57.481250762939453125 61.543750762939453125 65.4250030517578125 64.96875 64.3562469482421875 69.0749969482421875 71.15625 77.58750152587890625 81.97499847412109375 84.9187469482421875 85.90625 86.1875 83.86875152587890625 83.13124847412109375
143.9375 158.2624969482421875 167 163.78125 158.59375 146.4375 138.993743896484375 131 123.83750152587890625 120.4187469482421875 116.7687530517578125 110.6437530517578125 110.83750152587890625 106.4812469482421875 98.9250030517578125 90.93125152587890625 84.75624847412109375 80.24375152587890625 75.05625152587890625 70.5437469482421875 66.2375030517578125 61.581249237060546875 59.231250762939453125 57.137500762939453125 53.53749847412109375 52.200000762939453125 51.06874847412109375 51.31874847412109375 52.293750762939453125 55.09999847412109375 56.25624847412109375 57.88124847412109375 59.34375 59.362499237060546875 60.956249237060546875 64.8312530517578125 71.0124969482421875 74.2624969482421875 78.0124969482421875 80.24375152587890625 79.83750152587890625 79.44374847412109375 79.33750152587890625
146.8874969482421875 160.0749969482421875 160.2375030517578125 159.649993896484375 154.3312530517578125 144.2624969482421875 136.3312530517578125 128 119.8249969482421875 112.0124969482421875 113.6125030517578125 110.09999847412109375 104.9499969482421875 101.66249847412109375 95.8874969482421875 89.7375030517578125 83.25624847412109375 78.8937530517578125 74.8125 69.7687530517578125 67.6437530517578125 63.674999237060546875 61.09999847412109375 58.96875 54.80625152587890625 51.46250152587890625 51.18125152587890625 50.41249847412109375 49.8125 50.53749847412109375 51.112499237060546875 51.43125152587890625 51.518749237060546875 52.59999847412109375 55.78749847412109375 59.65000152587890625 64.68125152587890625 69.0437469482421875 72.33750152587890625 74.6062469482421875 76.63124847412109375 74.84999847412109375 74.05625152587890625
144.568756103515625 151.818756103515625 155.8125 155.90625 150.287506103515625 142.21875 135.256256103515625 126.15000152587890625 115.7624969482421875 114.1999969482421875 113.3249969482421875 109.4375 104.66249847412109375 98.6687469482421875 92.3249969482421875 88.6999969482421875 82.72499847412109375 76.8937530517578125 73.6125030517578125 69.8625030517578125 65.8125 62.456249237060546875 60.762500762939453125 60.1875 54.931247711181640625 49.84999847412109375 49.237499237060546875 48.99375152587890625 48.53749847412109375 47.043750762939453125 47.6875 45.924999237060546875 45.387500762939453125 48.762500762939453125 50.90625 55.450000762939453125 58.299999237060546875 62.293750762939453125 66.0812530517578125 69.3000030517578125 72.75624847412109375 72.21250152587890625 70.6437530517578125
143.068756103515625 144.837493896484375 147.774993896484375 150.4187469482421875 145.5500030517578125 138.65625 131.931243896484375 122.96250152587890625 116.1374969482421875 112.83750152587890625 109.71250152587890625 104.15625 99.8562469482421875 94.7312469482421875 88.34375 83.84999847412109375 79.33750152587890625 74.7687530517578125 69.50624847412109375 66.75 64.8249969482421875 60.831249237060546875 56.825000762939453125 56.168750762939453125 52.918750762939453125 48.575000762939453125 47.86875152587890625 47.56874847412109375 47.012500762939453125 46.44374847412109375 45.799999237060546875 45.05625152587890625 44.40000152587890625 45.03125 47.143749237060546875 50.825000762939453125 53.25624847412109375 57.09375 61.1875 65.91249847412109375 69.0812530517578125 71.08750152587890625 68.1999969482421875
139.0500030517578125 140.8937530517578125 144.8625030517578125 140.462493896484375 138.3312530517578125 130.0437469482421875 123.0437469482421875 117.84375 111.5749969482421875 109.2624969482421875 105.25624847412109375 99.8125 95.84375 91.94374847412109375 86.22499847412109375 81.4812469482421875 78.09375 71.5749969482421875 67.49375152587890625 64.59999847412109375 61.65625 57.799999237060546875 54.606250762939453125 52.793750762939453125 50.15625 46.862499237060546875 46.28125 46.03749847412109375 46.80625152587890625 46.15000152587890625 44.75 44.049999237060546875 42.84375 42.581249237060546875 44.018749237060546875 47.03125 49.393749237060546875 52.700000762939453125 56.28749847412109375 59.15625 63.668750762939453125 63.88124847412109375 63.193752288818359375
130.90625 136.462493896484375 137.712493896484375 134.03125 129.087493896484375 123.1750030517578125 115.8937530517578125 113.36875152587890625 109.55625152587890625 105.2375030517578125 101.33750152587890625 98.1374969482421875 93.86875152587890625 88.375 83.1437530517578125 78.65625 73.96875 69.40625 64.46875 60.81874847412109375 58.55625152587890625 54.69374847412109375 51.731250762939453125 49.24375152587890625 47.387500762939453125 45.143749237060546875 44.44374847412109375 44.612499237060546875 45.40625 44.424999237060546875 43.450000762939453125 42.30625152587890625 40.956249237060546875 40.78749847412109375 41.299999237060546875 43.293750762939453125 46.637500762939453125 48.450000762939453125 50.0625 52.72499847412109375 56.956249237060546875 57.862499237060546875 57.368747711181640625
125.125 129.4562530517578125 125.3874969482421875 126.3125 124.21875 119.8937530517578125 113.03125 108.55625152587890625 105.1437530517578125 101.65625 98.74375152587890625 94.43125152587890625 92.40000152587890625 85.03125 79.1750030517578125 75.5187530517578125 72.84375 66.1374969482421875 60.15625 58.049999237060546875 56.11875152587890625 52.38124847412109375 48.86875152587890625 45.950000762939453125 43.924999237060546875 43.518749237060546875 43.09999847412109375 42.55625152587890625 42.33750152587890625 42.143749237060546875 41.43125152587890625 40.981250762939453125 40.012500762939453125 39.90625 39.956249237060546875 40.706249237060546875 42.65625 45.19374847412109375 45.393749237060546875 45.75624847412109375 48.418750762939453125 50.69374847412109375 50.65625
118.73125457763671875 117.65000152587890625 114.22499847412109375 113.18125152587890625 113.875 111.8125 108.5437469482421875 103.91249847412109375 101.56874847412109375 96.88124847412109375 94.53125 92.4250030517578125 88.08750152587890625 84.19374847412109375 78.8562469482421875 74.38124847412109375 70.2312469482421875 63.8125 57.4375 55.52500152587890625 52.28125 49.137500762939453125 45.387500762939453125 42.88124847412109375 42.100002288818359375 40.84375 40.78749847412109375 41.19374847412109375 40.168750762939453125 40.05625152587890625 40.15625 39.612499237060546875 38.393749237060546875 38.15000152587890625 38.456249237060546875 38.456249237060546875 40.16249847412109375 39.9375 40.06874847412109375 41.450000762939453125 43.325000762939453125 44.0625 43.96250152587890625
108.3625030517578125 106.125 101.88124847412109375 100.5812530517578125 101.6999969482421875 100.34375 99.16249847412109375 96.68125152587890625 92.4812469482421875 91.84999847412109375 91.80625152587890625 87.5625 84.63124847412109375 82.35625457763671875 77.8000030517578125 71.77500152587890625 66.03125 62.237499237060546875 57.424999237060546875 54.78749847412109375 50.99375152587890625 46.875 42.71250152587890625 41.15625 40.950000762939453125 39.61875152587890625 40.11875152587890625 39.706249237060546875 39.625 38.8125 38.5 37.66249847412109375 36.049999237060546875 35.918750762939453125 36.731250762939453125 37.44374847412109375 36.987499237060546875 36.56874847412109375 36.75 38.674999237060546875 39.97499847412109375 40.793750762939453125 39.331249237060546875
98.08750152587890625 96.1750030517578125 94.28749847412109375 93.44374847412109375 92.49375152587890625 89.09999847412109375 88.13750457763671875 84.86875152587890625 85.08750152587890625 83.2312469482421875 83.9187469482421875 82.96875 81.7687530517578125 78.40000152587890625 74.01874542236328125 67.8249969482421875 63.30625152587890625 59.3125 54.96250152587890625 51.97499847412109375 49.08750152587890625 44.28749847412109375 41.43125152587890625 40.3125 39.08750152587890625 37.78125 38.137500762939453125 38.612499237060546875 38.41249847412109375 37.75 37.1875 36.00624847412109375 34.481250762939453125 34.700000762939453125 35.125 35.012500762939453125 33.84375 33.643749237060546875 34.58750152587890625 35.481250762939453125 36.66249847412109375 37.6875 37.825000762939453125
89.52500152587890625 85.1687469482421875 85.96875 84.8937530517578125 85.1125030517578125 82.40000152587890625 79.6437530517578125 76.97499847412109375 74.53125 73.8937530517578125 76.05625152587890625 77.99375152587890625 80.1875 78.34375 71.8874969482421875 65.9875030517578125 61.00624847412109375 56.637500762939453125 53.4375 49.61875152587890625 46.799999237060546875 43.65625 40.36875152587890625 39.143749237060546875 37.893749237060546875 36.481250762939453125 36.825000762939453125 37.206249237060546875 36.887500762939453125 34.549999237060546875 33.99375152587890625 34.0625 33.25 33.125 32.612499237060546875 32.30625152587890625 31.868749618530273438 32.237499237060546875 32.356250762939453125 32.3125 32.69374847412109375 32.825000762939453125 34.325000762939453125
79.22499847412109375 77.13124847412109375 78.6062469482421875 76.25 75.91249847412109375 73.06874847412109375 71.02500152587890625 68.53125 66.1374969482421875 64.5625 66.6437530517578125 70.50624847412109375 75.2375030517578125 72.28749847412109375 68.2375030517578125 63.137500762939453125 58.90625 54.34375 50.31874847412109375 47.22499847412109375 43 41.44374847412109375 38.22499847412109375 36.856250762939453125 35.1875 35.16249847412109375 35.393749237060546875 35.65000152587890625 35.174999237060546875 33.106250762939453125 32.393749237060546875 32.65625 31.725000381469726562 31.6875 31.287500381469726562 30.362499237060546875 30.237499237060546875 30.181249618530273438 30.881250381469726562 30.837499618530273438 30.287500381469726562 30.649999618530273438 30.512500762939453125
69.02500152587890625 69.03749847412109375 69.53749847412109375 67.15625 66.75 65.75624847412109375 63.924999237060546875 61.5625 58.5 54.99375152587890625 57.956249237060546875 63.33750152587890625 66.91249847412109375 65.38124847412109375 63.125 59.41249847412109375 55.25 50.61875152587890625 46.90625 44.34375 40.50624847412109375 37.918750762939453125 35.5625 34.981250762939453125 33.53125 33.18125152587890625 33.43125152587890625 33.262500762939453125 32.831249237060546875 31.924999237060546875 30.950000762939453125 30.362499237060546875 29.4375 29.431249618530273438 29.100000381469726562 27.943750381469726562 27.631250381469726562 28.556249618530273438 29.450000762939453125 28.893749237060546875 27.962499618530273438 28.1875 27.875
59.15000152587890625 60.40625 59.424999237060546875 59.55625152587890625 59.3125 58.44374847412109375 57.21875 55.237499237060546875 52.83750152587890625 48.96875 55.299999237060546875 59.86875152587890625 60.768749237060546875 60.03125 58.77500152587890625 55.825000762939453125 50.71250152587890625 48.09375 44.06874847412109375 41.549999237060546875 38.831249237060546875 36.18125152587890625 33.481250762939453125 33.08750152587890625 32.387500762939453125 31.887500762939453125 31.681249618530273438 31.493749618530273438 31.112499237060546875 29.831249237060546875 27.737499237060546875 27.637500762939453125 26.887500762939453125 27.081249237060546875 26.1875 24.931249618530273438 25.762500762939453125 26.293750762939453125 26.962499618530273438 26.71875 26.012500762939453125 26.8125 26.274999618530273438
53.30625152587890625 52.825000762939453125 51.30625152587890625 52.56874847412109375 52.393749237060546875 51.362499237060546875 49.043750762939453125 49.8125 50.09375 52.02500152587890625 57.55625152587890625 57.25 56.106250762939453125 55.96875 54.77500152587890625 51.075000762939453125 47.13124847412109375 44.412502288818359375 40.481250762939453125 38.34375 36.05625152587890625 33.581249237060546875 32.03749847412109375 31.543750762939453125 30.274999618530273438 29.712499618530273438 29.774999618530273438 29.09375 28.837499618530273438 28.137500762939453125 26.537500381469726562 25.243749618530273438 24.5625 24.674999237060546875 24.287500381469726562 23.75 24.506250381469726562 25.3125 25.375 24.006250381469726562 24.356250762939453125 25.543750762939453125 24.087499618530273438
48.424999237060546875 48.15625 46.15000152587890625 47.4375 46.52500152587890625 46.44374847412109375 45.28125 45.625 46.59999847412109375 48.125 50.78749847412109375 51.6875 50.96250152587890625 49.875 49.34375 47.768749237060546875 43.68125152587890625 41.90000152587890625 38.637500762939453125 35.74375152587890625 32.56874847412109375 30.987499237060546875 29.462499618530273438 28.96875 28.006250381469726562 27.387500762939453125 27.049999237060546875 26.649999618530273438 25.950000762939453125 25.850000381469726562 25.28125 24.143749237060546875 23.331249237060546875 23.131250381469726562 23.59375 22.893749237060546875 22.712499618530273438 23.256250381469726562 24.318750381469726562 23.506250381469726562 23.600000381469726562 24.168750762939453125 22.918750762939453125
