data/historical-monthly-weather-data/wc2.1_cruts4.09_10m_prec_1971-04.asc
ncols        51
nrows        45
xllcorner    -63.500000000000
yllcorner    -7.500000000000
cellsize     0.166666666667
NODATA_value -9999
[rows 20 to 39 of 45, columns 0 to 44 of 51]
255.8312530517578125 272.0625 287.61248779296875 302.84375 316.462493896484375 333.443756103515625 349.5 359.618743896484375 363.82501220703125 362.70623779296875 358.350006103515625 352.375 346.83123779296875 343.38751220703125 336.20001220703125 331.23748779296875 328.95623779296875 332.818756103515625 340.350006103515625 347.306243896484375 361.29376220703125 372.83123779296875 380.29376220703125 381.76873779296875 386.8125 390.38751220703125 387.4375 382.91876220703125 375.681243896484375 367.45001220703125 353.875 341.34375 323.29998779296875 303.26251220703125 286.88751220703125 302.399993896484375 327.056243896484375 346.056243896484375 357.23126220703125 361.40625 360.36248779296875 359.931243896484375 353.475006103515625 349.54376220703125 344.54998779296875
249.2687530517578125 262.90625 279.881256103515625 300.91876220703125 318.98748779296875 334.350006103515625 350.98126220703125 364.57501220703125 369.32501220703125 364.89373779296875 354.5625 340.975006103515625 331.21875 326.818756103515625 326.399993896484375 324.381256103515625 326.70001220703125 329.618743896484375 336.01251220703125 341.618743896484375 347.82501220703125 357.29376220703125 368.337493896484375 372.04998779296875 378.73748779296875 390.04376220703125 403.868743896484375 398.23126220703125 388.70001220703125 378.568756103515625 362.6875 346.32501220703125 331.149993896484375 318.125 311.66876220703125 318.41876220703125 336.03125 351.51251220703125 358.35626220703125 359.70001220703125 358.35626220703125 355.66876220703125 348.912506103515625 343.475006103515625 337.774993896484375
243.90625 262.88751220703125 281.850006103515625 303.04998779296875 322.34375 338.07501220703125 351.850006103515625 368.01251220703125 379.65625 368.38751220703125 349.856231689453125 329.881256103515625 316.162506103515625 313.17498779296875 316.96875 320.70623779296875 322.67498779296875 324.3125 327.881256103515625 330.731231689453125 336.59375 343.631256103515625 349.60626220703125 355.125 367.29376220703125 383.162506103515625 399.78125 399.306243896484375 392.20623779296875 380.512481689453125 367.475006103515625 354.28125 347.399993896484375 340.975006103515625 339.4375 341.08123779296875 350.51873779296875 360.631256103515625 363.3125 359.73748779296875 355.5625 349.86248779296875 342.712493896484375 336.41876220703125 331.20001220703125
241.0812530517578125 260.14373779296875 281.70001220703125 301.5625 320.6875 335.95623779296875 352.03125 365.381256103515625 373.587493896484375 361.037506103515625 341.6875 324.15625 304.57501220703125 305.306243896484375 311.243743896484375 314.95623779296875 316.243743896484375 319.78125 321.193756103515625 323.76251220703125 326.600006103515625 328.681243896484375 332.23126220703125 339.79998779296875 350.987518310546875 360.818756103515625 373.01873779296875 382.63751220703125 383.712493896484375 380.868743896484375 374.743743896484375 369.83123779296875 367.274993896484375 362.618743896484375 362.01873779296875 362.306243896484375 367.725006103515625 370.125 366.725006103515625 359.006256103515625 352.76873779296875 345.04376220703125 337.16876220703125 329.57501220703125 326.181243896484375
241.431243896484375 260.34375 280.962493896484375 302.61248779296875 323.48748779296875 336.462493896484375 348.5 358.60626220703125 360.006256103515625 353.82501220703125 338.64373779296875 321.868743896484375 311.681243896484375 306.09375 308.125 310.818756103515625 314.368743896484375 316.95001220703125 317.818756103515625 317.01873779296875 316.45001220703125 315.681243896484375 317.287506103515625 321.412506103515625 329.600006103515625 344.84375 359.225006103515625 370.01251220703125 377.86248779296875 385.125 386.91876220703125 388.20623779296875 388.57501220703125 384.15625 380.08123779296875 375.068756103515625 375.51251220703125 371.618743896484375 366.01251220703125 358.850006103515625 350.693756103515625 341.34375 334.13751220703125 324.899993896484375 315.03125
249.850006103515625 266.8125 282.26873779296875 302.6875 321.07501220703125 332.48126220703125 342.20001220703125 349.118743896484375 346.45001220703125 339.95001220703125 332.087493896484375 323.45001220703125 315.399993896484375 311.243743896484375 309.89373779296875 313.17498779296875 315.26251220703125 316.63751220703125 315.149993896484375 310.868743896484375 310.3125 305.587493896484375 302.13751220703125 299.53125 311.65625 330.53125 350.831268310546875 363.431243896484375 377.14373779296875 386.600006103515625 397.01251220703125 405.806243896484375 408.899993896484375 400.287506103515625 390.225006103515625 382.78125 378.649993896484375 372.76873779296875 364.79376220703125 356.82501220703125 348.881256103515625 338.03125 328.54998779296875 317.54376220703125 309.712493896484375
258.58123779296875 270.78125 285.45623779296875 301.306243896484375 314.66876220703125 325.462493896484375 332.368743896484375 335.881256103515625 333.931243896484375 333.993743896484375 331.5 324.46875 318.70001220703125 315.381256103515625 314.67498779296875 316.381256103515625 317.381256103515625 316.475006103515625 315.774993896484375 312.73126220703125 307.48126220703125 300.28125 292.068756103515625 287.79376220703125 303.118743896484375 320.287506103515625 341.34375 355.65625 371.36248779296875 383.79998779296875 398.91876220703125 412.524993896484375 419.79998779296875 408.16876220703125 395.38751220703125 385.125 378.48126220703125 371.118743896484375 361.3125 353.037506103515625 343.381256103515625 334.54998779296875 325.11248779296875 316.45001220703125 315.11248779296875
269.518768310546875 277.83123779296875 288.412506103515625 299.57501220703125 310.51251220703125 317.76251220703125 324.33123779296875 325.556243896484375 326.787506103515625 328.625 325.875 322.95001220703125 319.13751220703125 318.21875 318.38751220703125 318.100006103515625 319.662506103515625 321.850006103515625 319.16876220703125 317.318756103515625 312.625 303.95623779296875 301.26251220703125 297.41876220703125 305.78125 320.037506103515625 335.57501220703125 349.8125 363.662506103515625 377.1875 389.881256103515625 401.16876220703125 406.57501220703125 400.03125 392.350006103515625 381.79998779296875 375.64373779296875 368.53125 359.16876220703125 350.17498779296875 341.425018310546875 333.625 325.4375 320.04376220703125 327.92498779296875
277.75 283.8125 289.899993896484375 297.743743896484375 304.33123779296875 307.90625 312.39373779296875 317.375 321.98126220703125 323.100006103515625 324.006256103515625 322.412506103515625 319.368743896484375 319.556243896484375 322.53125 325.975006103515625 328.41876220703125 327 326.806243896484375 324.13751220703125 320.162506103515625 312.48748779296875 310.4375 308.931243896484375 312.618743896484375 322.73748779296875 335.149993896484375 346 357 368.162506103515625 375.912506103515625 383.412506103515625 385.29376220703125 384.899993896484375 381.625 374.493743896484375 370.09375 364.649993896484375 356.70001220703125 346.53125 335.26251220703125 328.79998779296875 323.993743896484375 329.368743896484375 338.993743896484375
281.806243896484375 284.90625 288.40625 290.318756103515625 295.04376220703125 299.63751220703125 304.600006103515625 310.493743896484375 314.462493896484375 316.51251220703125 319.83123779296875 319.86248779296875 321.79998779296875 323.649993896484375 326.73126220703125 329.34375 331.850006103515625 335.024993896484375 333.90625 329.149993896484375 323.0625 319.662506103515625 319.712493896484375 315.806243896484375 315.70001220703125 322.024993896484375 331.962493896484375 338.36248779296875 346.46875 354.48126220703125 360.399993896484375 363.743743896484375 365.931243896484375 368.287506103515625 368.337493896484375 363.38751220703125 361.225006103515625 357.46875 349.03125 342.912506103515625 336.41876220703125 332.88751220703125 329.1875 335.243743896484375 338.787506103515625
282.70623779296875 282.412506103515625 283.29998779296875 284.306243896484375 287.92498779296875 291.568756103515625 297.375 301.54998779296875 305.881256103515625 310.54998779296875 315.443756103515625 318.125 323.631256103515625 325.024993896484375 329.38751220703125 332.8125 337.59375 341.375 342.14373779296875 338.875 332.475006103515625 327.23748779296875 325.26873779296875 317.949981689453125 314.14373779296875 321.98126220703125 325.76873779296875 330.881256103515625 335.681243896484375 339.743743896484375 344.58123779296875 347.181243896484375 350.9375 353.66876220703125 353.787506103515625 351.193756103515625 347.368743896484375 345.10626220703125 342.024993896484375 338.037506103515625 333.831268310546875 331.26873779296875 330.96875 333.225006103515625 337.70001220703125
280.83123779296875 278.10626220703125 277.625 279.38751220703125 280.98126220703125 282.51873779296875 287.875 291.4375 296.162506103515625 301.21875 308.20001220703125 315.91876220703125 320.95001220703125 325.51251220703125 329.931243896484375 334.5 336.537506103515625 341.3125 342.16876220703125 343.84375 338.600006103515625 333.36248779296875 328.649993896484375 321 319.23748779296875 320.83123779296875 320.462493896484375 323.45001220703125 324.20623779296875 327.79376220703125 332.26251220703125 334.39373779296875 335.42498779296875 337.875 338.875 336.649993896484375 334.96875 331.381256103515625 329.21875 326.568756103515625 328.243743896484375 328.63751220703125 328.912506103515625 331.71875 336.41876220703125
276.20623779296875 271.256256103515625 270.54376220703125 270.568756103515625 272.318756103515625 273.04376220703125 274.899993896484375 278.818756103515625 283.09375 290.381256103515625 302.068756103515625 309.42498779296875 318.443756103515625 326.35626220703125 330.274993896484375 333.14373779296875 336.42498779296875 341.57501220703125 341.45001220703125 341.662506103515625 339.53125 334.943756103515625 329.58123779296875 322.35626220703125 320.08123779296875 316.48748779296875 315.287506103515625 313.88751220703125 313.037506103515625 316.6875 318.649993896484375 318.85626220703125 318.881256103515625 321.149993896484375 322.26251220703125 321.76251220703125 319.86248779296875 317.662506103515625 314.137481689453125 317.899993896484375 318.46875 318.962493896484375 321.16876220703125 325.54376220703125 330.98126220703125
269.587493896484375 265.48748779296875 264.506256103515625 263.28125 262.79376220703125 264.28125 265.412506103515625 266.45001220703125 270.524993896484375 278.20001220703125 288.73748779296875 301.587493896484375 314.14373779296875 321.63751220703125 326.743743896484375 328.631256103515625 332.399993896484375 337.181243896484375 338.375 338.75 336.82501220703125 333.42498779296875 329.068756103515625 318.881256103515625 316.475006103515625 311.48748779296875 306.681243896484375 303.125 301.20001220703125 302.087493896484375 303.287506103515625 304.64373779296875 304.25 305.29998779296875 306.33123779296875 305.17498779296875 304.04376220703125 299.350006103515625 301.41876220703125 304.443756103515625 304.36248779296875 306.868743896484375 310.51873779296875 315.831268310546875 322.53125
261.38751220703125 258.993743896484375 258.625 255.4250030517578125 253.4812469482421875 253.1750030517578125 252.8000030517578125 253.8312530517578125 256.11248779296875 261.993743896484375 275.625 292.95001220703125 310.23126220703125 323.14373779296875 326.600006103515625 328.068756103515625 328.86248779296875 330.38751220703125 334.20001220703125 332.725006103515625 333.024993896484375 328.3125 324.600006103515625 312.975006103515625 308.318756103515625 305.024993896484375 299.26873779296875 292.6875 289.649993896484375 291.0625 290.850006103515625 291.881256103515625 289.631256103515625 290.524993896484375 289.88751220703125 287.73748779296875 284.587493896484375 286.85626220703125 288.787506103515625 290.26251220703125 290.024993896484375 293.131256103515625 297.63751220703125 302.28125 306.125
255.375 254.556243896484375 253.3249969482421875 250.287506103515625 247.212493896484375 244.84375 243.875 242.6062469482421875 241.649993896484375 245.118743896484375 256.65625 277.118743896484375 299.64373779296875 314.506256103515625 319.03125 320.95623779296875 322.475006103515625 324.4375 327.399993896484375 328.96875 326.79376220703125 323.35626220703125 315.412506103515625 306.03125 299.48748779296875 295.64373779296875 290.662506103515625 285.318756103515625 281.71875 281.04376220703125 280.318756103515625 279.225006103515625 276.493743896484375 277.1875 274.76251220703125 270.3125 272.33123779296875 274.587493896484375 275.037506103515625 276.818756103515625 278.57501220703125 280.54998779296875 283.068756103515625 287.14373779296875 288.412506103515625
250.125 250.6437530517578125 248.53125 245.931243896484375 242.3125 239.3625030517578125 237.625 233.03125 228.087493896484375 226.78125 240.0500030517578125 266.899993896484375 287.36248779296875 300.20623779296875 307.95623779296875 311.51251220703125 311.61248779296875 314.350006103515625 317.943756103515625 317.20623779296875 315.524993896484375 311.193756103515625 303.71875 295.899993896484375 288.82501220703125 284.912506103515625 281.53125 277.462493896484375 273.33123779296875 271.15625 270.70623779296875 269.79376220703125 266.58123779296875 264.14373779296875 260.587493896484375 258.868743896484375 260.943756103515625 263.95001220703125 266.037506103515625 265.0625 266.42498779296875 267.225006103515625 269.96875 272.29998779296875 273.73748779296875
247.743743896484375 246.600006103515625 243.5812530517578125 241.6125030517578125 238.0625 235.3249969482421875 231.9812469482421875 226.0812530517578125 221.9499969482421875 218.1875 236.65625 262.40625 278.70001220703125 290.087493896484375 296.9375 301.181243896484375 300.70623779296875 304.11248779296875 304.193756103515625 302.118743896484375 300.03125 295.0625 290.58123779296875 283.6875 277.20001220703125 275.23126220703125 270.14373779296875 268.48748779296875 265.787506103515625 264.024993896484375 260.98748779296875 259.79998779296875 257.83123779296875 253.931243896484375 248.006256103515625 249.9562530517578125 251.850006103515625 252.90625 256.38751220703125 256.0625 255.118743896484375 255.875 255.568756103515625 255.7375030517578125 257.51873779296875
244.899993896484375 241.4250030517578125 238.931243896484375 237.806243896484375 236.024993896484375 232.15625 229.5500030517578125 226.493743896484375 227.9812469482421875 236.1374969482421875 254.556243896484375 267.23126220703125 274.337493896484375 283.149993896484375 289.04376220703125 291.0625 291.34375 292.73126220703125 289.54998779296875 288.462493896484375 284.95001220703125 279.493743896484375 275.42498779296875 271.57501220703125 267.45001220703125 263.89373779296875 261.087493896484375 260.20623779296875 258.4375 258.60626220703125 257.087493896484375 253.693756103515625 251.9499969482421875 250.2312469482421875 249.756256103515625 248.84375 248.368743896484375 249.912506103515625 250.3625030517578125 247.899993896484375 247.2687530517578125 248.2687530517578125 246.850006103515625 247.8249969482421875 249.0187530517578125
241.25 238.431243896484375 236.65625 236.0749969482421875 234.7937469482421875 232.7624969482421875 229.412506103515625 230.7937469482421875 235.118743896484375 242.962493896484375 253.9499969482421875 264.649993896484375 270.399993896484375 276.774993896484375 281.26251220703125 282.399993896484375 282.45001220703125 282.45001220703125 277.693756103515625 274.03125 268.92498779296875 265.86248779296875 259.29998779296875 255.96875 255.8249969482421875 254.21875 253.125 253.475006103515625 253.0625 253.350006103515625 250.5812530517578125 252.274993896484375 253.5749969482421875 252.475006103515625 252.5124969482421875 250.78125 248.806243896484375 248.850006103515625 247.1062469482421875 242.1062469482421875 239.931243896484375 240.431243896484375 237.899993896484375 238.1437530517578125 240.6875
