data/historical-monthly-weather-data/wc2.1_cruts4.09_10m_prec_1968-12.asc
ncols        51
nrows        45
xllcorner    -63.500000000000
yllcorner    -7.500000000000
cellsize     0.166666666667
NODATA_value -9999
[rows 20 to 39 of 45, columns 0 to 43 of 51]
152.28125 155.412506103515625 159.337493896484375 164.2624969482421875 169.993743896484375 176.5625 182.837493896484375 188.84375 194.8125 199.34375 201.9250030517578125 202.350006103515625 201.8874969482421875 199.774993896484375 195.7062530517578125 190.3249969482421875 185.1374969482421875 181.7687530517578125 180.6875 180.181243896484375 183.7687530517578125 187.6875 191.743743896484375 196.818756103515625 203.1999969482421875 208.40625 209.506256103515625 205.15625 197.3937530517578125 189.65625 184.5625 185.3874969482421875 189.475006103515625 195.6374969482421875 202.6062469482421875 210.600006103515625 221.4812469482421875 232.9562530517578125 239.9812469482421875 241.243743896484375 237.087493896484375 229.068756103515625 223.4875030517578125 218.743743896484375
150.056243896484375 152.875 157.912506103515625 164.649993896484375 171.5187530517578125 178.462493896484375 185.618743896484375 192.493743896484375 198.2687530517578125 202.506256103515625 204.274993896484375 204.087493896484375 203.1437530517578125 200.5437469482421875 196.8874969482421875 192.0749969482421875 187.4749908447265625 184.443756103515625 182.493743896484375 181.318756103515625 182.9812469482421875 186.6687469482421875 191.774993896484375 197.475006103515625 204.912506103515625 213.53125 219.2624969482421875 216.8125 210.6999969482421875 205.256256103515625 201.4562530517578125 201.1437530517578125 203.3125 208.506256103515625 213.818756103515625 220.875 231.556243896484375 243.4499969482421875 248.850006103515625 247.5437469482421875 243.3625030517578125 236.0749969482421875 230.037506103515625 225.0625
148.4250030517578125 152.381256103515625 157.46875 164.5500030517578125 172.5625 180.756256103515625 188.1875 195.9499969482421875 202.725006103515625 205.899993896484375 206.787506103515625 205.368743896484375 204.524993896484375 202.1687469482421875 198.3625030517578125 193.71875 189.0500030517578125 185.631256103515625 183.3562469482421875 181.100006103515625 182.125 184.806243896484375 188.75 195.193756103515625 204.2624969482421875 215.9875030517578125 225.806243896484375 225.8312530517578125 221.443756103515625 218.4499969482421875 216.631256103515625 216.5812530517578125 218.4250030517578125 221.181243896484375 224.6750030517578125 228.78125 239.8125 255.806243896484375 260.45001220703125 256.64373779296875 250.975006103515625 243.2375030517578125 237.006256103515625 231.725006103515625
148.0124969482421875 151.5812530517578125 156.71875 164.443756103515625 173.5812530517578125 182.256256103515625 190.6687469482421875 198.350006103515625 204.5749969482421875 207.0437469482421875 207.725006103515625 207.03125 206.337493896484375 204.662506103515625 200.568756103515625 195.712493896484375 191.131256103515625 187.681243896484375 184.649993896484375 181.7312469482421875 181.0812530517578125 182.399993896484375 184.59375 191.462493896484375 200.6374969482421875 212.1750030517578125 222.3562469482421875 227.1875 228.7375030517578125 228.787506103515625 229.8000030517578125 230.28125 233.037506103515625 235.2312469482421875 237.9875030517578125 239.625 249.5749969482421875 265.212493896484375 269.587493896484375 265.34375 258.556243896484375 250.493743896484375 242.931243896484375 236.65625
149.6875 152.399993896484375 157.15625 166.837493896484375 177.712493896484375 185.8812408447265625 193.587493896484375 200.0437469482421875 204.943756103515625 207.9499969482421875 209.056243896484375 208.4562530517578125 207.90625 206.4499969482421875 202.662506103515625 197.96875 193.274993896484375 189.6875 186.0500030517578125 182.443756103515625 180.4187469482421875 179.4250030517578125 180.1999969482421875 186.225006103515625 195.8874969482421875 208.3625030517578125 219.375 227.6125030517578125 233.337493896484375 237.350006103515625 241.274993896484375 243.6875 247.5625 250.1875 251.9499969482421875 255.131256103515625 264.024993896484375 273.493743896484375 276.4375 273.76251220703125 266.975006103515625 258.23126220703125 249.100006103515625 243.3937530517578125
154.756256103515625 159.068756103515625 164.1999969482421875 173.5625 182.8312530517578125 190.024993896484375 196.1875 201.4562530517578125 205.6062469482421875 208.0187530517578125 208.993743896484375 209.3625030517578125 209.0500030517578125 207.9875030517578125 204.756256103515625 200.368743896484375 195.3937530517578125 191.649993896484375 187.6875 183.4375 181.149993896484375 177.8125 175.7312469482421875 179.8625030517578125 191.3937530517578125 205.537506103515625 218.6437530517578125 229.3125 238.056243896484375 244.850006103515625 250.993743896484375 257.21875 262.96875 265.287506103515625 267.625 270.86248779296875 278.043731689453125 285.23748779296875 286.98126220703125 284.89373779296875 278.274993896484375 266.5625 254.774993896484375 246.7375030517578125
160.818756103515625 165.59375 172.2624969482421875 180.875 188.84375 194.625 198.806243896484375 202.5187530517578125 205.25 207.868743896484375 209.9875030517578125 210.850006103515625 210.787506103515625 210.5 207.6687469482421875 203.975006103515625 199.568756103515625 195.8625030517578125 191.8312530517578125 186.837493896484375 183.537506103515625 179.162506103515625 175.306243896484375 177.5500030517578125 190.4812469482421875 205.068756103515625 218.993743896484375 231.0500030517578125 242.306243896484375 250.6875 259.350006103515625 268.050018310546875 276.60626220703125 279.76251220703125 282.662506103515625 287.006256103515625 292.76873779296875 298.850006103515625 300.33123779296875 299.35626220703125 293.462493896484375 278.443756103515625 261.818756103515625 251.5124969482421875
167.7937469482421875 173.243743896484375 180.681243896484375 188.75 195.3937530517578125 199.7375030517578125 202.46875 204.1062469482421875 205.7937469482421875 207.649993896484375 209.306243896484375 210.818756103515625 212.4187469482421875 213.1437530517578125 210.850006103515625 207.287506103515625 203.7937469482421875 200.0124969482421875 196.2937469482421875 191.475006103515625 188.1437530517578125 184.1687469482421875 182.100006103515625 185.8874969482421875 196.056243896484375 208.9812469482421875 221.8125 233.806243896484375 245.524993896484375 254.962493896484375 264.193756103515625 273.212493896484375 282.73126220703125 289.375 294.743743896484375 300.26251220703125 306.875 313.600006103515625 316.412506103515625 317.537506103515625 313.600006103515625 296.412506103515625 271.181243896484375 258.48126220703125
174.1875 180.4562530517578125 188.774993896484375 197.3562469482421875 202.7312469482421875 204.556243896484375 205.181243896484375 205.4499969482421875 206.21875 207.0124969482421875 208.8937530517578125 211.5187530517578125 213.8625030517578125 215.7624969482421875 213.7937469482421875 211.649993896484375 208.84375 205.600006103515625 202.006256103515625 197.5749969482421875 194.462493896484375 191.3312530517578125 190.6374969482421875 194.6999969482421875 203.5500030517578125 214.7687530517578125 226.5 238.1687469482421875 249.962493896484375 259.024993896484375 267.931243896484375 276.618743896484375 287.1875 295.881256103515625 304.193756103515625 311.91876220703125 320.556243896484375 328.181243896484375 331.46875 334.912506103515625 335.33123779296875 315.25 289.024993896484375 280.100006103515625
181.743743896484375 187.8125 196.8249969482421875 206.256256103515625 211.8937530517578125 209.9812469482421875 207.7062530517578125 206.5749969482421875 206.274993896484375 206.3625030517578125 208.125 210.850006103515625 214.7687530517578125 218.149993896484375 217.524993896484375 215.975006103515625 214.4812469482421875 213.100006103515625 210.056243896484375 205.600006103515625 202.225006103515625 199.556243896484375 198.443756103515625 202.868743896484375 210.868743896484375 220.899993896484375 230.4499969482421875 241.787506103515625 252.6687469482421875 261.92498779296875 270.96875 279.86248779296875 292.21875 302.818756103515625 313.29376220703125 322.274993896484375 332.399993896484375 341.1875 345.693756103515625 349.23748779296875 348.631256103515625 336.024993896484375 317.73748779296875 310.90625
188.024993896484375 193.5500030517578125 201.5 210.3937530517578125 214.7624969482421875 210.9250030517578125 207.5625 205.068756103515625 204.037506103515625 204.8625030517578125 206.743743896484375 210.375 215.3625030517578125 219.556243896484375 219.96875 220.118743896484375 220.7375030517578125 219.462493896484375 217.9375 213.875 210.1374969482421875 207.256256103515625 206.34375 210.4375 217.306243896484375 225.943756103515625 234.8000030517578125 245.1125030517578125 255.2937469482421875 265.15625 274.35626220703125 283.662506103515625 296.61248779296875 309.40625 321.41876220703125 332.34375 344.350006103515625 354.70001220703125 359.412506103515625 361.73748779296875 363.412506103515625 357.03125 346.91876220703125 338.25
193.6687469482421875 197.287506103515625 202.975006103515625 207.6125030517578125 208.9375 206.975006103515625 204.25 201.274993896484375 200.837493896484375 201.587493896484375 204.1374969482421875 209.149993896484375 215.375 220.618743896484375 223.087493896484375 224.7624969482421875 225.181243896484375 224.100006103515625 222.71875 219.53125 216.587493896484375 213.912506103515625 212.53125 216.2624969482421875 223.475006103515625 230.8937530517578125 238.6062469482421875 248.1999969482421875 258.056243896484375 268.375 277.899993896484375 287.79998779296875 300.51251220703125 314.60626220703125 328.75 342.45623779296875 354.95623779296875 366.125 371.912506103515625 375.993743896484375 382.506256103515625 382.91876220703125 380.956268310546875 378.95623779296875
201.3312530517578125 202.4187469482421875 204.712493896484375 207.068756103515625 207.0124969482421875 204.881256103515625 201.4250030517578125 197.993743896484375 197.243743896484375 198.4499969482421875 203.0812530517578125 208.9812469482421875 216.600006103515625 224.1437530517578125 227.46875 229.506256103515625 230.1062469482421875 229.8625030517578125 227.25 224.53125 222.1125030517578125 220.1374969482421875 218.8625030517578125 221.8125 227.943756103515625 235.0187530517578125 242.212493896484375 250.0500030517578125 259.8125 270.14373779296875 280.806243896484375 291.51251220703125 305.412506103515625 320.48748779296875 335.962493896484375 350.600006103515625 364.66876220703125 377.587493896484375 384.60626220703125 394.625 403.618743896484375 409.96875 417.98748779296875 430.48126220703125
208.568756103515625 207.3874969482421875 207.693756103515625 207.2624969482421875 204.8562469482421875 201.943756103515625 198.399993896484375 194.5625 193.3249969482421875 194.443756103515625 199.1437530517578125 208.25 218.1437530517578125 226.274993896484375 231.1125030517578125 233.8000030517578125 235.5812530517578125 235.3249969482421875 232.2062530517578125 229.53125 227.381256103515625 225.28125 223.6875 226.25 231.0625 237.087493896484375 244.3625030517578125 252.1875 261.84375 272 283.07501220703125 295.1875 310.118743896484375 326.35626220703125 342.36248779296875 357.712493896484375 373.806243896484375 386.86248779296875 398.10626220703125 411.181243896484375 423.912506103515625 435.67498779296875 451.25 474.100006103515625
215.1687469482421875 212.618743896484375 210.899993896484375 207.9812469482421875 204.2375030517578125 200.131256103515625 195.462493896484375 190.899993896484375 188.2687530517578125 189.443756103515625 195.65625 207.03125 220.193756103515625 231.0687408447265625 236.725006103515625 240.100006103515625 241.75 240.78125 238.100006103515625 234.2062530517578125 232.625 229.837493896484375 228.8000030517578125 230.3125 233.6374969482421875 238.8249969482421875 245.65625 253.600006103515625 262.787506103515625 273.5 285.375 298.14373779296875 314.28125 331.806243896484375 348.568756103515625 363.76873779296875 379.60626220703125 396.3125 410.3125 423.875 439.556243896484375 454.40625 473.537506103515625 498.787506103515625
222.881256103515625 219.375 216.1374969482421875 212.087493896484375 207.0187530517578125 202.0625 195.8937530517578125 189.625 185.3125 184.59375 192.3125 207.4250030517578125 224.243743896484375 236.78125 243.4562530517578125 247.193756103515625 248.7062530517578125 247.256256103515625 243.399993896484375 238.7937469482421875 236.725006103515625 234.837493896484375 232.7687530517578125 233.5812530517578125 236.4250030517578125 240.274993896484375 246.6999969482421875 253.850006103515625 262.25 273.818756103515625 286.75 299.712493896484375 316.5625 333.649993896484375 350.26251220703125 364.29998779296875 381.837493896484375 398.42498779296875 412.337493896484375 426.993743896484375 443.399993896484375 460.306243896484375 478.318756103515625 501.243743896484375
230.381256103515625 226.2937469482421875 222.2624969482421875 217.6999969482421875 212.287506103515625 206.7062530517578125 200.21875 192.1750030517578125 184.681243896484375 179.1187591552734375 190.649993896484375 213.7937469482421875 231.5500030517578125 243.4562530517578125 250.6125030517578125 254.4499969482421875 256.181243896484375 253.6999969482421875 249.631256103515625 244.443756103515625 241.5 238.7312469482421875 236.2937469482421875 236.306243896484375 237.8312530517578125 241.0124969482421875 246.3312530517578125 253.6500091552734375 262.08123779296875 274.32501220703125 287.631256103515625 301.068756103515625 317.912506103515625 335.568756103515625 351.712493896484375 367.04998779296875 383.475006103515625 399.162506103515625 411.51251220703125 425.76873779296875 441.556243896484375 457.73126220703125 475.10626220703125 495.743743896484375
236.7624969482421875 232.7312469482421875 228.787506103515625 224.037506103515625 219.1062469482421875 213.1437530517578125 207.287506103515625 199.787506103515625 192.556243896484375 184.4375 206.787506103515625 232.006256103515625 244.8562469482421875 253.7624969482421875 259.63751220703125 263.11248779296875 263.9375 261.20001220703125 255.7687530517578125 250.2937469482421875 245.5500030517578125 241.7624969482421875 239.131256103515625 238.256256103515625 238.649993896484375 240.9250030517578125 246.6750030517578125 253.3625030517578125 261.287506103515625 274.35626220703125 287.5 301.625 318.493743896484375 336.08123779296875 352.10626220703125 366.962493896484375 382.087493896484375 396.14373779296875 408.66876220703125 421.65625 435.587493896484375 450.306243896484375 465.337493896484375 483.118743896484375
239.5 235.7937469482421875 232.837493896484375 229.368743896484375 225.1062469482421875 220.600006103515625 216.5500030517578125 213.243743896484375 213.399993896484375 222.96875 250.0500030517578125 257.725006103515625 261.65625 266.850006103515625 270.693756103515625 273.04376220703125 273.037506103515625 268.5 262.21875 255.600006103515625 249.3249969482421875 243.84375 240.306243896484375 239.2312469482421875 239.6500091552734375 241.618743896484375 246.4562530517578125 252.943756103515625 260.41876220703125 272.95001220703125 286.26873779296875 298.318756103515625 313.568756103515625 329.20001220703125 345.256256103515625 358.931243896484375 372.36248779296875 385.26873779296875 396.16876220703125 407.25 420.256256103515625 431.86248779296875 443.83123779296875 457.51873779296875
242.7062530517578125 239.443756103515625 237.3125 234.90625 232.1875 230.274993896484375 229.0625 230.381256103515625 235.3000030517578125 246.881256103515625 263.975006103515625 273.118743896484375 276.45001220703125 280.181243896484375 283.11248779296875 283.931243896484375 282.63751220703125 277.60626220703125 269.5625 261.4375 252.1437530517578125 244.46875 239.4875030517578125 237.649993896484375 238.875 241.462493896484375 246.725006103515625 253.068756103515625 259.88751220703125 271.868743896484375 283.51251220703125 295.712493896484375 309.73126220703125 323.256256103515625 336.649993896484375 347.88751220703125 360.53125 371.787506103515625 381.149993896484375 390.11248779296875 400.118743896484375 409.868743896484375 420.13751220703125 430.85626220703125
