data/historical-monthly-weather-data/wc2.1_cruts4.09_10m_prec_1966-06.asc
ncols        45
nrows        45
xllcorner    -63.500000000000
yllcorner    -7.500000000000
cellsize     0.166666666667
NODATA_value -9999
[rows 0 to 18 of 45, columns 0 to 42 of 45]
438.29998779296875 444.01873779296875 441.087493896484375 450.96875 453.84375 456.45623779296875 449.662506103515625 440.131256103515625 423.024993896484375 420.45623779296875 421.1875 414.61248779296875 408.337493896484375 397.04376220703125 382.712493896484375 370.48126220703125 355.3125 340.149993896484375 324.86248779296875 314.287506103515625 312.08123779296875 300.837493896484375 291.76251220703125 280.693756103515625 272.175018310546875 265.57501220703125 264.537506103515625 266.09375 261.01251220703125 260.57501220703125 255.037506103515625 256.48748779296875 261.07501220703125 260.3125 260 258.993743896484375 256.98126220703125 256.79376220703125 249.837493896484375 245.6374969482421875 245.1999969482421875 249.837493896484375 245.4812469482421875
429.09375 435.60626220703125 444.15625 452.89373779296875 464.79376220703125 468.431243896484375 462.32501220703125 452.931243896484375 447.0625 444.07501220703125 440.350006103515625 430.181243896484375 412.375 397.70623779296875 380.04376220703125 364.725006103515625 346.225006103515625 326.54376220703125 309.67498779296875 299.774993896484375 295.67498779296875 286.08123779296875 279.899993896484375 271.61248779296875 262.79376220703125 254.7312469482421875 253.6875 251.8874969482421875 247.318756103515625 242 240.5500030517578125 246.0625 247.0625 247.568756103515625 248.337493896484375 242.912506103515625 241.6750030517578125 239.399993896484375 233.350006103515625 230.1687469482421875 232.7687530517578125 227.1125030517578125 229.9375
400.78125 417.412506103515625 426.11248779296875 428.875 442.6875 454.087493896484375 456.399993896484375 463.125 461.11248779296875 458.993743896484375 451.787506103515625 435.100006103515625 419.23748779296875 395.0625 373.712493896484375 355.58123779296875 333.962493896484375 315.96875 300.92498779296875 289.662506103515625 286.70623779296875 283.98126220703125 277.17498779296875 273.100006103515625 259.96875 249.6437530517578125 251.6687469482421875 246.3249969482421875 237.21875 237.618743896484375 233.46875 233.96875 233.5374908447265625 235.100006103515625 232.287506103515625 221.65625 221.9499969482421875 222.475006103515625 217.46875 215.1437530517578125 219.318756103515625 216.743743896484375 216.337493896484375
369.412506103515625 376.943756103515625 393.33123779296875 404.41876220703125 413.524993896484375 427.9375 442.90625 456.962493896484375 464.975006103515625 468.556243896484375 457.993743896484375 436.306243896484375 413.725006103515625 388.13751220703125 366.76873779296875 346.756256103515625 320.75 305.8125 292.475006103515625 290.95623779296875 286.068756103515625 276.98748779296875 272.662506103515625 270.29998779296875 256.306243896484375 245.7687530517578125 243.274993896484375 234.318756103515625 228.7062530517578125 229.1999969482421875 227.056243896484375 223.65625 222.0437469482421875 217.306243896484375 213.962493896484375 214.0749969482421875 213.9499969482421875 210.5437469482421875 204.875 202.475006103515625 204.399993896484375 206.587493896484375 205.5187530517578125
366.649993896484375 367.91876220703125 360.943756103515625 375.20001220703125 394.743743896484375 405.98126220703125 425.03125 450.78125 470.506256103515625 478.431243896484375 467.90625 431.8125 408.381256103515625 384.83123779296875 357.875 335.79998779296875 313.20001220703125 292.98126220703125 280.67498779296875 277.850006103515625 273.23126220703125 269.449981689453125 266.868743896484375 262.537506103515625 248.787506103515625 239.5 232.9375 229.631256103515625 223.7062530517578125 218.9187469482421875 219.5500030517578125 218.5187530517578125 213.78125 210.2687530517578125 209.6125030517578125 203.6374969482421875 201.6999969482421875 200.5625 193.3312530517578125 188.3625030517578125 190.306243896484375 191.9375 192.5812530517578125
341.36248779296875 347.462493896484375 343.375 333.34375 357 384.993743896484375 400.381256103515625 422.07501220703125 448.89373779296875 461.625 444.587493896484375 412.70623779296875 391.975006103515625 370.537506103515625 342.5625 322.212493896484375 300.006256103515625 282.875 276.587493896484375 272.36248779296875 271.212493896484375 266.04998779296875 261.462493896484375 250.9187469482421875 242.6374969482421875 234.7062530517578125 225.7312469482421875 222.21875 217 212.0625 214.318756103515625 212.9499969482421875 210.3625030517578125 203.712493896484375 196.412506103515625 196.28125 189.375 180.068756103515625 177.3312530517578125 178.3937530517578125 175.875 178.899993896484375 177.399993896484375
324.13751220703125 324.65625 322.65625 319.975006103515625 320.61248779296875 333.274993896484375 349.337493896484375 379.493743896484375 393 405.618743896484375 401.89373779296875 380.462493896484375 368.39373779296875 354.131256103515625 330.899993896484375 311.25 294.79998779296875 280.681243896484375 269.631256103515625 268.14373779296875 259.725006103515625 255.4187469482421875 249.0625 242.8937530517578125 240.1062469482421875 232.1750030517578125 222.3874969482421875 215.875 210.287506103515625 212.681243896484375 208.28125 202.6125030517578125 196.9375 193.850006103515625 191.506256103515625 184.306243896484375 172.1374969482421875 165.1687469482421875 161.149993896484375 162.600006103515625 159.71875 160.8562469482421875 162.3249969482421875
303.67498779296875 296.818756103515625 296.212493896484375 302.59375 304.756256103515625 321.8125 322.006256103515625 323.212493896484375 323.068756103515625 341.38751220703125 352.45001220703125 347.20001220703125 342.54376220703125 331.993743896484375 319.875 303.78125 285.01873779296875 274.61248779296875 264.850006103515625 256.024993896484375 261.287506103515625 252.625 244.1062469482421875 237.0812530517578125 234.149993896484375 223.756256103515625 215.71875 209.2624969482421875 203.90625 200.506256103515625 203.9375 197.024993896484375 191.2375030517578125 184.90625 175.8937530517578125 166.8249969482421875 157.625 149.75 142.306243896484375 139.037506103515625 138.28125 142.475006103515625 140.6374969482421875
282.95001220703125 278.931243896484375 275.399993896484375 278.381256103515625 283.399993896484375 291.993743896484375 303.881256103515625 311.58123779296875 300.38751220703125 296.46875 303.28125 306.524993896484375 314.01251220703125 309.21875 302.65625 289.35626220703125 284.462493896484375 279.14373779296875 273.131256103515625 260.58123779296875 248.274993896484375 250.8125 236.399993896484375 236.600006103515625 227.881256103515625 219.100006103515625 211.337493896484375 207.3937530517578125 206.6125030517578125 201.34375 204.1687469482421875 188.46875 174.5625 166.0500030517578125 161.75 158.3625030517578125 151.3625030517578125 144.8625030517578125 136.9375 129.7312469482421875 124.9375 123.00624847412109375 126.8000030517578125
263.76251220703125 260.67498779296875 258.587493896484375 261.26873779296875 265.15625 271.95623779296875 281.38751220703125 284.04376220703125 285.318756103515625 284.51873779296875 282.40625 272.59375 283.743743896484375 286.287506103515625 286.45623779296875 282.993743896484375 277.412506103515625 282.287506103515625 278.51873779296875 272.35626220703125 254.993743896484375 244.774993896484375 228.412506103515625 224.8249969482421875 214.9375 211.3562469482421875 205.3125 199.625 194.90625 194.524993896484375 193.34375 181.681243896484375 172.0625 163.7375030517578125 154.443756103515625 148.2062530517578125 142.868743896484375 137.725006103515625 131.3937530517578125 128.0749969482421875 124.5124969482421875 122.05625152587890625 116.03749847412109375
249.0437469482421875 243.8000030517578125 241.7375030517578125 242.6437530517578125 243.8312530517578125 253.53125 256.36248779296875 259.25 264.42498779296875 267.53125 269.625 262.743743896484375 259.17498779296875 264.34375 267.01251220703125 269.54376220703125 269.35626220703125 269.024993896484375 272.681243896484375 277.056243896484375 275.15625 257.050018310546875 230.8249969482421875 205.09375 204.6062469482421875 211.9250030517578125 208.024993896484375 198.34375 189.1875 185.625 182.7062530517578125 174.2312469482421875 166.5187530517578125 158.787506103515625 150.4875030517578125 140.600006103515625 134.787506103515625 127.5749969482421875 126.1062469482421875 120.8312530517578125 115.9499969482421875 111.40000152587890625 108.5
232.462493896484375 228.850006103515625 230.537506103515625 228.21875 230.2312469482421875 234.7312469482421875 243.1750030517578125 247.881256103515625 251.5500030517578125 247.65625 253.2937469482421875 251.712493896484375 239.5187530517578125 245.0749969482421875 255.662506103515625 257.699981689453125 258.34375 261.25 268.618743896484375 284.01251220703125 284.631256103515625 270.162506103515625 241.975006103515625 209.4562530517578125 200.5812530517578125 198 190.993743896484375 186.381256103515625 182.6999969482421875 176.493743896484375 166.1437530517578125 162.4250030517578125 156.662506103515625 146.993743896484375 142.3249969482421875 137.7937469482421875 134.0500030517578125 128 119.91249847412109375 117.7312469482421875 113.15000152587890625 107.68125152587890625 97.34375
221.3125 216.806243896484375 216.681243896484375 214.7937469482421875 217.837493896484375 219.568756103515625 225.100006103515625 229.725006103515625 229.7937469482421875 230.287506103515625 233.71875 236.6750030517578125 234.7312469482421875 224.8562469482421875 230.1374969482421875 237.774993896484375 241.649993896484375 248.962493896484375 248.75 261.96875 268.95001220703125 257.881256103515625 238.28125 211.931243896484375 190.225006103515625 184.318756103515625 182.2687530517578125 179.318756103515625 177.274993896484375 173.756256103515625 161.7624969482421875 151.7312469482421875 149.4375 138.693756103515625 133.774993896484375 131.6687469482421875 131.8937530517578125 128.5437469482421875 127.88750457763671875 121.11875152587890625 110.61875152587890625 103.34375 88.50624847412109375
208.493743896484375 204.868743896484375 203.5 202.556243896484375 201.7937469482421875 204.774993896484375 207.2062530517578125 212.837493896484375 215.3687591552734375 213.962493896484375 215.912506103515625 215.25 217.2937469482421875 214.5625 205.600006103515625 217.2375030517578125 220.212493896484375 224.212493896484375 228.3000030517578125 238.8125 244.068756103515625 236.40625 222.8937530517578125 208.006256103515625 193.118743896484375 181.0124969482421875 173.287506103515625 167.34375 164.2437591552734375 159.556243896484375 154.475006103515625 146.71875 141.149993896484375 136.1437530517578125 128.0187530517578125 131.4812469482421875 135.46875 136.068756103515625 135.100006103515625 124.9375 104.22499847412109375 92.46875 87.33750152587890625
192.4499969482421875 190.0749969482421875 191.256256103515625 191.9187469482421875 190.84375 193.037506103515625 196.537506103515625 199.1750030517578125 200.5812530517578125 200.78125 200.431243896484375 200.78125 201.506256103515625 196.8000030517578125 185.524993896484375 193.4812469482421875 198.056243896484375 206.5437469482421875 206.28125 213.9250030517578125 221.8249969482421875 218.6374969482421875 214.131256103515625 205.4187469482421875 199.212493896484375 189.1374969482421875 180.975006103515625 172.6062469482421875 169.5625 158.337493896484375 146.5 141.743743896484375 142.0749969482421875 131.875 120.21250152587890625 117.78749847412109375 129.21875 138.8937530517578125 134.975006103515625 121.1374969482421875 107.50624847412109375 100.68125152587890625 98.99375152587890625
179.712493896484375 176.287506103515625 177.7937469482421875 176.881256103515625 179.5749969482421875 182.350006103515625 184 184.7312469482421875 188.625 192.5437469482421875 191.756256103515625 190.7062530517578125 190.912506103515625 186.6999969482421875 178.25 165.899993896484375 174.2687530517578125 186.3187408447265625 187.131256103515625 193.837493896484375 200.4187469482421875 202.506256103515625 205.2624969482421875 204.381256103515625 199.899993896484375 191.3937530517578125 180.125 173.375 166.943756103515625 162.3687591552734375 152.774993896484375 142.100006103515625 130.3249969482421875 118.8937530517578125 109.00624847412109375 121.34999847412109375 123.4499969482421875 128.100006103515625 128.9499969482421875 123.84375 116.2312469482421875 110.3312530517578125 101.8000030517578125
165.8312530517578125 164.587493896484375 164.193756103515625 166.6062469482421875 168.9499969482421875 172.1999969482421875 173.4812469482421875 175.243743896484375 174.881256103515625 176.6374969482421875 179.587493896484375 180.193756103515625 177.1687469482421875 173.3562469482421875 171.8937530517578125 161.7624969482421875 148.71875 158.399993896484375 167.087493896484375 172.3312530517578125 177.3312530517578125 185.787506103515625 191.4812469482421875 198.875 195.6750030517578125 182.212493896484375 171.868743896484375 164.5812530517578125 163.993743896484375 160.774993896484375 155.243743896484375 148.068756103515625 136.1437530517578125 129.2937469482421875 130.96875 131.462493896484375 135.25 136.506256103515625 135.75 122.5749969482421875 114.56874847412109375 105.90000152587890625 94.77500152587890625
150.0124969482421875 150.2937469482421875 153.2062530517578125 155.8625030517578125 158.8312530517578125 163.8125 164.1687469482421875 165.037506103515625 164.8000030517578125 163.3937530517578125 163.7375030517578125 166.7375030517578125 162.618743896484375 159.943756103515625 160.868743896484375 155.25 143.475006103515625 132.881256103515625 150.03125 150.243743896484375 156.15625 165.7687530517578125 179.212493896484375 185.368743896484375 187.1374969482421875 174.850006103515625 161.8687591552734375 161.625 159.78125 153.225006103515625 141.118743896484375 130.493743896484375 142.024993896484375 139.868743896484375 136.3625030517578125 150.6437530517578125 150.850006103515625 139.0625 132.0187530517578125 121.33750152587890625 104.06874847412109375 93.7062530517578125 84.8562469482421875
135.7687530517578125 138.5187530517578125 141.725006103515625 145.4375 149.40625 151.7624969482421875 153.037506103515625 153.4499969482421875 154.875 155.587493896484375 154.5812530517578125 149.4812469482421875 146.681243896484375 146.0500030517578125 144.21875 141.3125 139.6062469482421875 126.84375 123.4875030517578125 126.5749969482421875 139.087493896484375 155.056243896484375 153.6062469482421875 164.9250030517578125 167.524993896484375 170.181243896484375 163.9875030517578125 155.1062469482421875 156.306243896484375 149.462493896484375 139.9250030517578125 136.25 139.4187469482421875 135.3937530517578125 137.0749969482421875 144.90625 139.431243896484375 127.40625 120.63124847412109375 107.84375 93.4812469482421875 81.65000152587890625 76.25624847412109375
