data/historical-monthly-weather-data/wc2.1_cruts4.09_10m_prec_1972-09.asc
ncols        51
nrows        45
xllcorner    -63.500000000000
yllcorner    -7.500000000000
cellsize     0.166666666667
NODATA_value -9999
[rows 19 to 37 of 45, columns 0 to 43 of 51]
170.087493896484375 173.912506103515625 174.587493896484375 176.649993896484375 178.7062530517578125 179.0500030517578125 176.9875030517578125 173.125 169.09375 161.9875030517578125 153.875 145.118743896484375 135.399993896484375 125.74375152587890625 116.36875152587890625 108.97499847412109375 100.25 96.1374969482421875 90.3874969482421875 88.24375152587890625 81.16249847412109375 74.84375 72.31874847412109375 73.58750152587890625 74.2624969482421875 72.81874847412109375 72.3000030517578125 72.00624847412109375 68.65625 65.34999847412109375 64.2312469482421875 72.02500152587890625 80.1437530517578125 90.84999847412109375 98.9812469482421875 98.3937530517578125 96.3625030517578125 94.91249847412109375 92.0187530517578125 86.02500152587890625 77.0500030517578125 67.5749969482421875 64.58750152587890625 64.15625
163.2624969482421875 168.5749969482421875 171.412506103515625 174.28125 176.662506103515625 175.993743896484375 175.225006103515625 172.962493896484375 170.53125 165.46875 157.7312469482421875 150.243743896484375 140.3125 128.8312530517578125 120.19374847412109375 110.40000152587890625 101.74375152587890625 95.0625 92.21875 87.21250152587890625 83.1875 79.1437530517578125 75.3249969482421875 76.3937530517578125 78.0625 77.3625030517578125 76.28749847412109375 74.49375152587890625 72.6875 73.6687469482421875 75.53749847412109375 82.31874847412109375 91.24375152587890625 103.49375152587890625 117.2062530517578125 112.40000152587890625 102.1374969482421875 95.65000152587890625 90.02500152587890625 84.34375 78.4499969482421875 72.4187469482421875 69.33750152587890625 68.46875
158.46875 161.8562469482421875 165.1374969482421875 168.8625030517578125 173.412506103515625 174.8000030517578125 174.15625 174.0437469482421875 172.59375 168.774993896484375 162.506256103515625 156.006256103515625 148.3000030517578125 137.9375 128.1999969482421875 116.8125 107.8312530517578125 100.24375152587890625 96.4562530517578125 91.24375152587890625 84.5187530517578125 80.27500152587890625 76.77500152587890625 77.53749847412109375 78.3125 78.5187530517578125 80.34375 79.5500030517578125 80.4187469482421875 82.5749969482421875 84.96250152587890625 89.8312530517578125 97.5124969482421875 107.44374847412109375 112.86875152587890625 110.00624847412109375 101.00624847412109375 94.8249969482421875 89.09999847412109375 84.90625 81.4812469482421875 78.2375030517578125 77.09375 76.3937530517578125
154.5625 159.568756103515625 161.943756103515625 166.3562469482421875 171.0625 172.7687530517578125 174.006256103515625 174.9499969482421875 175.8937530517578125 172.1750030517578125 169.2375030517578125 164.287506103515625 159.743743896484375 150.40625 137.0625 124.7312469482421875 113.90625 106.41249847412109375 100.09999847412109375 94.43125152587890625 87.8874969482421875 83.1999969482421875 78.91249847412109375 78.28125 79.55625152587890625 79.94374847412109375 81.8125 84.34375 85.77500152587890625 87.625 91.08750152587890625 96.1999969482421875 101.2687530517578125 106.15625 107.1999969482421875 101.9499969482421875 96.55625152587890625 91.66249847412109375 88.03125 86.875 86.625 84.875 84.3249969482421875 83.9187469482421875
153.368743896484375 155.631256103515625 159.4375 163.4187469482421875 167.381256103515625 171.1125030517578125 173.149993896484375 173.9812469482421875 174.90625 172.524993896484375 169.46875 168.181243896484375 167.375 157.431243896484375 142.524993896484375 129.3249969482421875 118.6687469482421875 110.84375 104.2687530517578125 97.59999847412109375 91.1062469482421875 85.375 81.68125152587890625 81.1875 81.65000152587890625 81.18125152587890625 83.03125 85.7062530517578125 89.44374847412109375 92.0749969482421875 95.18125152587890625 99.96875 102.88124847412109375 105.2312469482421875 105.2687530517578125 99.43125152587890625 95.90000152587890625 93.8312530517578125 91.7062530517578125 92.5812530517578125 92.90625 91.94374847412109375 92.46250152587890625 92.74375152587890625
154.1125030517578125 154.3562469482421875 157.1750030517578125 160.9562530517578125 169.681243896484375 172.2062530517578125 173.125 173.8625030517578125 173.8249969482421875 172.6374969482421875 170.5437469482421875 167.118743896484375 163.725006103515625 155.899993896484375 144.068756103515625 131.975006103515625 122.25 113.7937469482421875 106.7062530517578125 100.65000152587890625 94.46875 88.34375 85.27500152587890625 84.86875152587890625 83.6062469482421875 84.15625 86.0500030517578125 89.1437530517578125 92.875 96.1062469482421875 98.78749847412109375 102.3625030517578125 105.6750030517578125 106.96875 105.7937469482421875 101.78749847412109375 100.6437530517578125 99.71250152587890625 98.18125152587890625 98.8125 99.41249847412109375 99.875 100.96875 103.9375
158.881256103515625 160.087493896484375 160.53125 165.6687469482421875 171.256256103515625 172.7062530517578125 173.774993896484375 173.743743896484375 172.962493896484375 172.131256103515625 168.2375030517578125 164.4875030517578125 159.631256103515625 151.850006103515625 142.693756103515625 133.006256103515625 123.78125 116.28125 109.1125030517578125 102.8125 96.86875152587890625 90.8249969482421875 88.03749847412109375 87.84375 86.9187469482421875 86.4812469482421875 89.7375030517578125 93.97499847412109375 97.23125457763671875 100.4187469482421875 102.90625 106.625 107.7937469482421875 108.5500030517578125 108.7687530517578125 108.53749847412109375 107.3625030517578125 107.0749969482421875 107.3625030517578125 107.3562469482421875 108.8625030517578125 108.9187469482421875 110.00624847412109375 114.02500152587890625
170.8000030517578125 170.0625 169.9562530517578125 173.068756103515625 175.3125 175.8625030517578125 175.03125 173.0374908447265625 170.006256103515625 168.5812530517578125 166.100006103515625 161.8937530517578125 155.712493896484375 148.5812530517578125 140.8312530517578125 132.5124969482421875 125.45624542236328125 117.4250030517578125 110.58750152587890625 104.41249847412109375 99.0500030517578125 93.24375152587890625 89.96250152587890625 91.40000152587890625 90.33750152587890625 90.46250152587890625 93.9375 97.3312530517578125 100.8937530517578125 103.71875 106.0749969482421875 108.5437469482421875 111.8625030517578125 113.4812469482421875 113.7062530517578125 115.00624847412109375 115.84375 115.81874847412109375 116.4562530517578125 117.21250152587890625 117.7312469482421875 118.5 120.3125 122.21875
183.7375030517578125 183.149993896484375 182 180.3937530517578125 180.7624969482421875 178.75 176.806243896484375 173.787506103515625 169.306243896484375 167.3937530517578125 163.8562469482421875 158.712493896484375 152.3249969482421875 146.4187469482421875 139.0500030517578125 131.8312530517578125 125.13124847412109375 117.8874969482421875 111.3874969482421875 106.19374847412109375 100.83750152587890625 95.6875 92.5 93.61875152587890625 94.2312469482421875 94.2937469482421875 97.56874847412109375 101.15625 104.75624847412109375 108.0625 109.4375 111.90000152587890625 116.2687530517578125 118.43125152587890625 120.21250152587890625 122 125.2624969482421875 127.1437530517578125 127.98125457763671875 128.65625 129.4375 130.4812469482421875 129.350006103515625 132.006256103515625
197.274993896484375 195.9937591552734375 191.09375 186.5749969482421875 183.7375030517578125 179.712493896484375 176.118743896484375 172.9562530517578125 168.78125 165.306243896484375 160.9499969482421875 154.875 149.9000091552734375 143 136.2375030517578125 131.8125 127.4375 117.99375152587890625 111.52500152587890625 106.83750152587890625 102.4250030517578125 98.1875 95.5187530517578125 96.96875 96.94374847412109375 98.02500152587890625 101.38124847412109375 105.71875 110.50624847412109375 112.21875 112.875 115.03749847412109375 119.125 123.125 127.7937469482421875 130.1687469482421875 135.3000030517578125 139.443756103515625 141.443756103515625 142.006256103515625 139.274993896484375 137.5625 138.556243896484375 142.1374969482421875
207.412506103515625 204.725006103515625 196.100006103515625 189.375 184.412506103515625 180.212493896484375 176.2937469482421875 172.412506103515625 167.618743896484375 162.899993896484375 157.8812408447265625 153.0749969482421875 147.649993896484375 141.3312530517578125 136.5 131.0437469482421875 125.4875030517578125 118.4562530517578125 111.4375 106.7624969482421875 103.30625152587890625 100.2687530517578125 97.1125030517578125 98.11875152587890625 99.78125 102.1875 105.15625 108.7375030517578125 112.24375152587890625 115.0437469482421875 117.56874847412109375 120.49375152587890625 124.6750030517578125 129.4812469482421875 135.5187530517578125 139.806243896484375 146.375 153.6687469482421875 153.5812530517578125 157.225006103515625 157.162506103515625 153.9875030517578125 152.0812530517578125 154.712493896484375
213.149993896484375 209.4875030517578125 201.8000030517578125 192.068756103515625 186.368743896484375 182.15625 176.0625 171.243743896484375 166.59375 161.993743896484375 156.443756103515625 151.149993896484375 148.149993896484375 141.4499969482421875 135.8125 130.21875 126.03749847412109375 119.5812530517578125 112.7687530517578125 108.9250030517578125 105.5124969482421875 103.09375 100.5437469482421875 101.30625152587890625 102.7687530517578125 105.5500030517578125 108.46875 111.65625 115.125 116.88124847412109375 120.99375152587890625 125.1062469482421875 129.881256103515625 137.5749969482421875 144.725006103515625 148.600006103515625 156.4562530517578125 166.0500030517578125 169.9187469482421875 173.787506103515625 173.8312530517578125 169.5124969482421875 166.225006103515625 166.6125030517578125
219.3000030517578125 212.006256103515625 202.7375030517578125 194.0625 189.368743896484375 182.881256103515625 176.7937469482421875 171.46875 166.931243896484375 161.3625030517578125 156.118743896484375 150.46875 144.84375 140.21875 136.2312469482421875 132.8562469482421875 127.6875 121.78749847412109375 116.6875 113.75 110.75 106.2624969482421875 103.875 104.2062530517578125 107.34999847412109375 108.4499969482421875 110.6062469482421875 114.875 118.18125152587890625 120.8249969482421875 125.2937469482421875 128.7937469482421875 135.162506103515625 143.4812469482421875 151.1687469482421875 156.193756103515625 164.600006103515625 173.256256103515625 178.537506103515625 183.7687530517578125 186.71875 182.568756103515625 179.8874969482421875 178.6062469482421875
214.1125030517578125 208.6437530517578125 199.4375 192.3249969482421875 187.71875 182.037506103515625 177.0124969482421875 170.7062530517578125 165.6437530517578125 159.3249969482421875 157.8874969482421875 150.6437530517578125 145.46875 143.100006103515625 138.9875030517578125 136.274993896484375 131.943756103515625 128.212493896484375 123.53749847412109375 120.4812469482421875 116.1875 111.3000030517578125 106.9375 107.33750152587890625 109.8000030517578125 110.28749847412109375 112.53125 116.2687530517578125 119.77500152587890625 124.8249969482421875 129.1062469482421875 133.837493896484375 140.0437469482421875 148.8125 158.15625 163.8000030517578125 171.306243896484375 177.743743896484375 183.649993896484375 191.3562469482421875 195.6437530517578125 193.368743896484375 192.350006103515625 190.84375
205.649993896484375 202.3625030517578125 196.4812469482421875 190.631256103515625 185.725006103515625 180.5437469482421875 176.3874969482421875 170.7624969482421875 164.4375 159.618743896484375 155.6437530517578125 152.4812469482421875 147.3874969482421875 142.381256103515625 140.443756103515625 138.0812530517578125 136.337493896484375 133.7312469482421875 130.6125030517578125 127.59999847412109375 122.55625152587890625 116.24375152587890625 110.90625 110.00624847412109375 110.75624847412109375 111.0500030517578125 113.2937469482421875 116.9375 120.15000152587890625 125.86875152587890625 131.9812469482421875 138.068756103515625 145.350006103515625 153.9375 163.6999969482421875 172.6750030517578125 178.287506103515625 184.125 190.9375 196.8125 201.2687530517578125 203.53125 205.524993896484375 205.381256103515625
198.475006103515625 195.9812469482421875 192.0187530517578125 188.78125 185.1875 179.375 175.9499969482421875 170.8000030517578125 163.2062530517578125 158.568756103515625 156.181243896484375 154.40625 149.75 145.1750030517578125 143.381256103515625 142.0500030517578125 140.243743896484375 137.6999969482421875 137.337493896484375 134.1750030517578125 129.181243896484375 121.9562530517578125 114.46875 112.2937469482421875 111.0437469482421875 111.90625 114.68125152587890625 117.4250030517578125 120.63124847412109375 126.65625 133.6125030517578125 140.0124969482421875 148.368743896484375 157.868743896484375 167.024993896484375 174.318756103515625 181.899993896484375 191.0812530517578125 196.5250091552734375 203.2687530517578125 205.1687469482421875 206.78125 212.100006103515625 212.4562530517578125
188.2375030517578125 185.6750030517578125 183.53125 181.3000030517578125 178.5812530517578125 174.524993896484375 169.868743896484375 166.9250030517578125 160.8125 155.8937530517578125 154.524993896484375 152.881256103515625 150.931243896484375 148.1374969482421875 146.125 144.881256103515625 142.6687469482421875 141.8125 141.868743896484375 140.881256103515625 134.1062469482421875 126.3312530517578125 117.4250030517578125 113.66249847412109375 112.11875152587890625 111.8562469482421875 113.56874847412109375 116.3562469482421875 119.625 125.6999969482421875 133.3312530517578125 140.850006103515625 148.524993896484375 158.1374969482421875 167.149993896484375 173.243743896484375 183.4875030517578125 191.3312530517578125 196.7062530517578125 202.443756103515625 207.3562469482421875 208.59375 211.15625 213.193756103515625
177.756256103515625 176.28125 174.34375 172.037506103515625 171.587493896484375 168.493743896484375 165.556243896484375 162.7062530517578125 158.2624969482421875 152.600006103515625 153.3562469482421875 157.149993896484375 155.6999969482421875 152.5500030517578125 150.5437469482421875 147.5625 145.3562469482421875 143.4499969482421875 142.6687469482421875 141.25 136.212493896484375 126.8562469482421875 118.40625 113.6750030517578125 111.4562530517578125 110.90000152587890625 111.8000030517578125 113.7375030517578125 116.8937530517578125 123.96250152587890625 131.806243896484375 140.125 149.0437469482421875 158.7312469482421875 167.7687530517578125 175.1687469482421875 183.9499969482421875 192.7312469482421875 196.743743896484375 200.96875 205.318756103515625 206.15625 210.0749969482421875 213.493743896484375
167.9812469482421875 167.9250030517578125 166.774993896484375 164.5 164.7937469482421875 163.5625 162.0749969482421875 160.912506103515625 158.2375030517578125 153.4562530517578125 163.337493896484375 166.0124969482421875 162.0437469482421875 157.412506103515625 154.0625 150.7062530517578125 145.40625 143.4375 140.662506103515625 137.381256103515625 133.3874969482421875 125.2624969482421875 117.8937530517578125 112.8249969482421875 109.7624969482421875 108.30625152587890625 109.74375152587890625 111.8125 114.78125 122.31874847412109375 128.6374969482421875 136.850006103515625 146.2375030517578125 157.899993896484375 167.78125 172.443756103515625 180.743743896484375 188.7312469482421875 195.899993896484375 201.149993896484375 202.5437469482421875 207.162506103515625 207.131256103515625 208.7687530517578125
