data/historical-monthly-weather-data/wc2.1_cruts4.09_10m_prec_2017-08.asc
ncols        51
nrows        45
xllcorner    -63.500000000000
yllcorner    -7.500000000000
cellsize     0.166666666667
NODATA_value -9999
[rows 19 to 37 of 45, columns 0 to 42 of 51]
74.8937530517578125 74.9812469482421875 74.625 74.88124847412109375 74.21250152587890625 73.1999969482421875 71.3312530517578125 68.6750030517578125 65.21250152587890625 60.30625152587890625 55.08750152587890625 49.612499237060546875 42.831249237060546875 36.606250762939453125 32.231250762939453125 28.149999618530273438 23.65625 22.318750381469726562 22.106250762939453125 23.149999618530273438 23.587499618530273438 25.231250762939453125 29.181249618530273438 34.74375152587890625 40.09375 44.24375152587890625 48.34999847412109375 50.875 51.40625 49.00624847412109375 49.768749237060546875 59.206249237060546875 66.31874847412109375 74.77500152587890625 83.94374847412109375 88.7937469482421875 91.5124969482421875 93.4812469482421875 91.0500030517578125 85.28749847412109375 76.5812530517578125 69.77500152587890625 64.66249847412109375
72.28125 74.6687469482421875 75.59999847412109375 75.6687469482421875 73.8000030517578125 72.375 71 68.8125 65.6999969482421875 60.987499237060546875 56.331249237060546875 51.674999237060546875 44.77500152587890625 38.28125 33.22499847412109375 28.981250762939453125 25 22.762500762939453125 23.075000762939453125 23.625 25.575000762939453125 28.1875 31.53125 37.53749847412109375 44.375 48.15625 50.106250762939453125 52.424999237060546875 54.393749237060546875 56.231250762939453125 59.49375152587890625 66.1999969482421875 70.66249847412109375 76.1687469482421875 84.66249847412109375 89.0625 93.5437469482421875 95.5437469482421875 91.97499847412109375 86.77500152587890625 78.65625 72.5437469482421875 67.55625152587890625
71.8562469482421875 73.7062530517578125 74.9250030517578125 75.75624847412109375 74.71875 72.43125152587890625 71.46250152587890625 68.4562530517578125 66.00624847412109375 61.55625152587890625 58.3125 55.4375 51.293750762939453125 44.8125 38.793750762939453125 32.80625152587890625 29.431249618530273438 27.231250762939453125 26.774999618530273438 27.118749618530273438 27.59375 29.725000381469726562 33.22499847412109375 39.043750762939453125 44.862499237060546875 49.625 55.66249847412109375 57.956249237060546875 60.956249237060546875 62.74375152587890625 65.5187530517578125 69.59375 73.19374847412109375 78.1374969482421875 82.28125 86.8625030517578125 93.16249847412109375 97.43125152587890625 94.81874847412109375 88.93125152587890625 81.09999847412109375 74.59999847412109375 68.2375030517578125
70.9562530517578125 75.4187469482421875 77.27500152587890625 76.84375 76.0187530517578125 73.6374969482421875 70.4499969482421875 67.0124969482421875 65.77500152587890625 63.9375 62.53125 61.168750762939453125 58.96875 52.78125 45.18125152587890625 38.31874847412109375 33.387500762939453125 31.006250381469726562 30.09375 29.793750762939453125 30.475000381469726562 32.512500762939453125 35.549999237060546875 39.50624847412109375 46.21250152587890625 52.65000152587890625 58.71875 63.25624847412109375 65.55625152587890625 65.9375 68.0625 72.15000152587890625 75.00624847412109375 77.31874847412109375 79.50624847412109375 80.6125030517578125 87.0812530517578125 95.9812469482421875 96.11875152587890625 89.7687530517578125 83.125 75.68125152587890625 69.22499847412109375
69.36875152587890625 74.1437530517578125 76.50624847412109375 74.40625 72.6437530517578125 70.6999969482421875 68.86875152587890625 66.875 64.0812530517578125 63.643749237060546875 63.424999237060546875 65.15625 64.74375152587890625 58.325000762939453125 50.581249237060546875 43.5625 38.393749237060546875 35.456249237060546875 33.90000152587890625 33.44374847412109375 34.112499237060546875 35.743747711181640625 37.768749237060546875 42.512500762939453125 48.25 53.5 60.74375152587890625 63.90625 67.1062469482421875 68.7312469482421875 71.3312530517578125 74.4562530517578125 76.96250152587890625 77.1062469482421875 78.1125030517578125 77.8125 83.2312469482421875 92.47499847412109375 93.99375152587890625 88.86875152587890625 82.55625152587890625 75.9499969482421875 69.3874969482421875
68.8562469482421875 72.52500152587890625 74.1437530517578125 73.56874847412109375 72.13124847412109375 69.625 67.0500030517578125 65.3000030517578125 64.09999847412109375 64.0749969482421875 63.52500152587890625 64.43125152587890625 64.2687530517578125 59.793750762939453125 53.44374847412109375 47.55625152587890625 42.737499237060546875 39.481250762939453125 37.53749847412109375 36.856250762939453125 37.5 38.581249237060546875 40.375 44.81874847412109375 49.356250762939453125 55.24375152587890625 60.28749847412109375 63.9375 67.40625 69.94374847412109375 72.2624969482421875 74.8625030517578125 77.22499847412109375 78.84999847412109375 79.3874969482421875 79.06874847412109375 83.8312530517578125 88.375 89.40625 86.66249847412109375 81.5124969482421875 76.09375 70.1875
70.06874847412109375 72.6437530517578125 71.8937530517578125 72.1125030517578125 69.65625 67.27500152587890625 64.9250030517578125 63.96250152587890625 62.15625 61.47499847412109375 61.512500762939453125 62.21250152587890625 62.018749237060546875 58.40625 54.25624847412109375 49.18125152587890625 45.262500762939453125 42.59999847412109375 40.24375152587890625 39.793750762939453125 40.5625 41.1875 43.112499237060546875 46.43125152587890625 50.40625 55.28749847412109375 60.418750762939453125 64.1750030517578125 68.11875152587890625 71.2687530517578125 73.36875152587890625 76.1125030517578125 77.5625 78.875 79.46250152587890625 81.21250152587890625 84.375 86.2312469482421875 87.2937469482421875 83.96250152587890625 80.2624969482421875 75.38124847412109375 70.7375030517578125
70.90000152587890625 71.5812530517578125 71.2062530517578125 70.31874847412109375 68.1437530517578125 65.78125 64.33750152587890625 62.268749237060546875 59.918750762939453125 60.03125 60.200000762939453125 59.19374847412109375 58.28125 55.768749237060546875 53.06874847412109375 49.3125 46.46875 44.13124847412109375 42.71875 41.68125152587890625 41.737499237060546875 42.875 44.16249847412109375 47.987499237060546875 51.58750152587890625 54.74375152587890625 60.21875 64.1437530517578125 67.50624847412109375 69.9562530517578125 73.0124969482421875 74.80625152587890625 77.2375030517578125 79.0625 79.42499542236328125 81.5 82.9187469482421875 85.00624847412109375 84.36875152587890625 81.4499969482421875 78.16249847412109375 74.3249969482421875 71.8937530517578125
72.86875152587890625 70.2937469482421875 69.75624847412109375 68.74375152587890625 67.05625152587890625 64.09999847412109375 62.418750762939453125 60.61875152587890625 58.99375152587890625 58.424999237060546875 57.06874847412109375 55.68125152587890625 54.643749237060546875 53.21875 50.8125 48.52500152587890625 46.956249237060546875 45.28125 44.318752288818359375 43.387500762939453125 43.625 43.575000762939453125 45.59375 48.90000152587890625 51.80625152587890625 54.06874847412109375 59.168750762939453125 63.5625 67.27500152587890625 69.8562469482421875 71.81874847412109375 73.3125 75.9499969482421875 77.3312530517578125 79.78749847412109375 80.90625 81.5187530517578125 83.13124847412109375 83.1999969482421875 81.49375152587890625 78.30625152587890625 75.7687530517578125 73.5437469482421875
72.4875030517578125 71.00624847412109375 68.97499847412109375 67.5625 64.4375 61.799999237060546875 59.4375 57.05625152587890625 56.9375 55.52500152587890625 54.137500762939453125 52.58750152587890625 51.40625 50.456249237060546875 49.05625152587890625 47.59375 47.0625 46.206249237060546875 45.53749847412109375 45.112499237060546875 45.200000762939453125 45.168750762939453125 46.65000152587890625 49.0625 51.96250152587890625 53.612499237060546875 58.56874847412109375 62.487499237060546875 65.8125 68.1750030517578125 69.8000030517578125 71.7624969482421875 73.375 74.5187530517578125 77.46250152587890625 80.47499847412109375 82.31874847412109375 84.1999969482421875 84.4250030517578125 82.0500030517578125 77.72499847412109375 75.7375030517578125 74.83750152587890625
71.72499847412109375 70.49375152587890625 68 64.8000030517578125 62.168750762939453125 59.90625 57.325000762939453125 55.956249237060546875 54.86875152587890625 53.125 52.08750152587890625 50.99375152587890625 49.731250762939453125 48.53125 47.50624847412109375 46.38124847412109375 45.46875 45.65000152587890625 46.049999237060546875 44.84375 44.793750762939453125 45.50624847412109375 46.96875 49.08750152587890625 51.33750152587890625 54.125 57.53125 60.956249237060546875 62.8125 64.71875 66.7062530517578125 69.0625 70.81874847412109375 72.90000152587890625 76.0437469482421875 78.5124969482421875 83.1750030517578125 86.4187469482421875 85.9875030517578125 86.11875152587890625 84.15625 81.3249969482421875 77.75624847412109375
70.66249847412109375 68.50624847412109375 64.78749847412109375 62.52500152587890625 61.46875 58.71875 56.456249237060546875 54.125 52.575000762939453125 50.924999237060546875 49.487499237060546875 49.43125152587890625 49.0625 47.856250762939453125 46.05625152587890625 45 44.950000762939453125 45.237499237060546875 45.90625 45.31874847412109375 45.06874847412109375 44.575000762939453125 45.69374847412109375 47.91249847412109375 50.081249237060546875 53.174999237060546875 55.47499847412109375 58.84375 61.19374847412109375 63.174999237060546875 65.31874847412109375 66.91249847412109375 68.38124847412109375 70.90625 75.4499969482421875 78.1437530517578125 82.96875 87.0812530517578125 89.34375 91.80625152587890625 90.34999847412109375 84.33124542236328125 79.2937469482421875
68.93125152587890625 66.8000030517578125 62.981250762939453125 60.46875 59.66249847412109375 57.049999237060546875 54.512500762939453125 51.649997711181640625 50.362499237060546875 49.08750152587890625 47.78749847412109375 47.38124847412109375 46.50624847412109375 45.950000762939453125 44.825000762939453125 44.9375 44.44374847412109375 44.418750762939453125 44.356250762939453125 44.22499847412109375 44.31874847412109375 44.93125152587890625 45.106250762939453125 46.28749847412109375 48.762500762939453125 51.518749237060546875 53.72499847412109375 56.856250762939453125 58.71250152587890625 60.21250152587890625 62.674999237060546875 63.88124847412109375 65.8000030517578125 69.09999847412109375 71.71250152587890625 74.5749969482421875 79.8000030517578125 84.9812469482421875 88.3312530517578125 91.34999847412109375 90.3874969482421875 84.4375 80.8249969482421875
64.86875152587890625 62.28125 59.41249847412109375 57.69374847412109375 55.881252288818359375 53.33750152587890625 51.72499847412109375 49.700000762939453125 48.03749847412109375 47.325000762939453125 47.22499847412109375 46.06874847412109375 45.03125 45.075000762939453125 44.09375 44.28749847412109375 43.81874847412109375 43.99375152587890625 43.700000762939453125 43.40000152587890625 43.3125 43.44374847412109375 43.72499847412109375 45.918750762939453125 48.125 49.84375 52.137500762939453125 53.53749847412109375 55.674999237060546875 56.831249237060546875 59.168750762939453125 60.15625 62.0625 64.6687469482421875 67.40625 70.22499847412109375 75.0187530517578125 79.38124847412109375 82.5437469482421875 85.43125152587890625 84.47499847412109375 80.78749847412109375 77.63124847412109375
60.612499237060546875 58.893749237060546875 56.33750152587890625 55.43125152587890625 52.09375 50.481250762939453125 49.606250762939453125 47.96250152587890625 46.31874847412109375 45.25624847412109375 44.71875 44.34999847412109375 44.21875 42.86875152587890625 42.75 42.356250762939453125 42.575000762939453125 42.293750762939453125 41.77500152587890625 41.825000762939453125 41.94374847412109375 42.03749847412109375 42.53749847412109375 44.043750762939453125 46.424999237060546875 48.299999237060546875 50.231250762939453125 51.243747711181640625 53.825000762939453125 55.237499237060546875 56.737499237060546875 57.31874847412109375 58.231250762939453125 59.75 62.6875 65.41249847412109375 69.63124847412109375 73.09999847412109375 76.03749847412109375 77.43125152587890625 78.7937469482421875 76.9375 74.09999847412109375
57.331249237060546875 55.28749847412109375 53.44374847412109375 51.53125 49.50624847412109375 48.16249847412109375 47.19374847412109375 45.97499847412109375 43.75 43.174999237060546875 42.674999237060546875 43.00624847412109375 42.34999847412109375 42.11875152587890625 41.91249847412109375 41.90625 41.924999237060546875 41.4375 40.83750152587890625 40.818752288818359375 41.03749847412109375 40.84375 40.799999237060546875 42.518749237060546875 44.28749847412109375 46.356250762939453125 48.0625 49.24375152587890625 51.831249237060546875 53.28125 53.5 53.375 54.18125152587890625 55.075000762939453125 57.21875 59.612499237060546875 62.231250762939453125 66.1374969482421875 69.09999847412109375 70.5124969482421875 71.0124969482421875 69.9187469482421875 68.81874847412109375
54.53125 52.793750762939453125 50.581249237060546875 48.56874847412109375 46.96875 45.1875 43.981250762939453125 42.4375 40.981250762939453125 40.831249237060546875 41.31874847412109375 41.36875152587890625 41.72499847412109375 41.66249847412109375 41.700000762939453125 42.09375 41.65625 41.637500762939453125 40.55625152587890625 40.262500762939453125 40.65000152587890625 41.30625152587890625 41.043750762939453125 42.50624847412109375 43.53749847412109375 44.71250152587890625 46.02500152587890625 48.36875152587890625 49.65000152587890625 50.15000152587890625 50.09999847412109375 49.856250762939453125 49 50.206249237060546875 51.268749237060546875 52.18125152587890625 55.387500762939453125 58.643749237060546875 60.200000762939453125 62.34375 63.018749237060546875 63.66249847412109375 61.875
50.481250762939453125 48.77500152587890625 46.700000762939453125 45.268749237060546875 43.90000152587890625 42.65000152587890625 41.63124847412109375 40.737499237060546875 39.125 38.325000762939453125 40.268749237060546875 41.924999237060546875 42.66249847412109375 42.25 42.625 42.200000762939453125 41.69374847412109375 41.262500762939453125 40.56874847412109375 39.799999237060546875 40.231250762939453125 40.950000762939453125 40.918750762939453125 42.25624847412109375 43.31874847412109375 43.418750762939453125 45.02500152587890625 46.793750762939453125 46.918750762939453125 47.15000152587890625 47.268749237060546875 46.3125 45.668750762939453125 45.487499237060546875 46.02500152587890625 46.981250762939453125 49.49375152587890625 52.56874847412109375 53.643749237060546875 55.50624847412109375 55.881252288818359375 56.71250152587890625 55.49375152587890625
47.34375 46.049999237060546875 43.78749847412109375 43.043750762939453125 42.049999237060546875 40.706249237060546875 39.799999237060546875 38.875 38.28749847412109375 37.56874847412109375 41.80625152587890625 43.86875152587890625 43.293750762939453125 43.543750762939453125 43.99375152587890625 43.24375152587890625 42.03125 41.012500762939453125 41.02500152587890625 40.168750762939453125 40.450000762939453125 40.56874847412109375 40.674999237060546875 41.71875 42.612499237060546875 43.11875152587890625 44.59375 46.168750762939453125 46.625 46.06874847412109375 44.99375152587890625 44.59999847412109375 44.106250762939453125 42.237499237060546875 41.65625 41.91249847412109375 44.97499847412109375 47.924999237060546875 49.299999237060546875 50.90625 49.46250152587890625 49.331249237060546875 48.981250762939453125
