data/historical-monthly-weather-data/wc2.1_cruts4.09_10m_prec_1960-09.asc
ncols        45
nrows        45
xllcorner    -63.500000000000
yllcorner    -7.500000000000
cellsize     0.166666666667
NODATA_value -9999
[rows 20 to 39 of 45, columns 0 to 43 of 45]
100.80625152587890625 103.7312469482421875 106.0187530517578125 108.5 110.78125 112.0437469482421875 113.3562469482421875 113.84375 114.80625152587890625 114.0625 111.13124847412109375 107.0500030517578125 100.88124847412109375 93.5749969482421875 88.5812530517578125 82.6750030517578125 77.5500030517578125 74.5437469482421875 74.5812530517578125 73.22499847412109375 75.08750152587890625 77.6374969482421875 80.09375 83.09999847412109375 85.99375152587890625 85.9499969482421875 83.3000030517578125 79.6999969482421875 76.21875 75.55625152587890625 75.7937469482421875 80.78749847412109375 86.97499847412109375 95.84375 105.53749847412109375 98.18125152587890625 86.53749847412109375 78.78749847412109375 72.4499969482421875 66.4375 60.543750762939453125 54.950000762939453125 51.799999237060546875 50.362499237060546875
94.84999847412109375 96.6750030517578125 99.2624969482421875 102.2624969482421875 105.91249847412109375 108.46250152587890625 109.90625 111.8312530517578125 113.38124847412109375 113.47499847412109375 111.72499847412109375 108.65625 104.5 98.38124847412109375 92.7937469482421875 85.84999847412109375 80.66249847412109375 77.3249969482421875 76.94374847412109375 75.6875 75.08750152587890625 77.13124847412109375 79.4875030517578125 82.2687530517578125 84.40625 85.5749969482421875 86.15000152587890625 83.59375 82.8625030517578125 83.375 84.09375 87.125 92.0812530517578125 98.7937469482421875 101.16249847412109375 95.83750152587890625 85.5625 78.22499847412109375 71.875 67.03125 63.02500152587890625 59.456249237060546875 57.58750152587890625 56.112499237060546875
89.69374847412109375 92.52500152587890625 94.59375 97.99375152587890625 101.75 104.46875 107.11875152587890625 109.7062530517578125 112.81874847412109375 113.0124969482421875 113.65625 112 110.47499847412109375 105.5124969482421875 97.58750152587890625 90.15000152587890625 83.7937469482421875 80.875 78.88124847412109375 77.5 77.00624847412109375 78.375 79.68125152587890625 81.1374969482421875 84.00624847412109375 85.5500030517578125 86.16249847412109375 87.125 86.94374847412109375 87.16249847412109375 88.9875030517578125 92.2624969482421875 94.78125 96.96250152587890625 95.61875152587890625 88.59375 81.74375152587890625 75.7062530517578125 71.1437530517578125 68.74375152587890625 67.1875 64.61875152587890625 63.043750762939453125 61.65625
86.19374847412109375 87.58750152587890625 90.44374847412109375 93.49375152587890625 96.6875 100.6687469482421875 103.9187469482421875 106.59999847412109375 109.74375152587890625 110.9562530517578125 111.66249847412109375 112.90625 114.43125152587890625 109.59375 100.8000030517578125 92.91249847412109375 86.8312530517578125 83.8874969482421875 81.8937530517578125 79.88124847412109375 79.3000030517578125 79.52500152587890625 81.1687469482421875 82.78749847412109375 84.78749847412109375 85.4375 86.0437469482421875 87.1437530517578125 89.28125 90.34375 91.9187469482421875 94.93125152587890625 95.5187530517578125 95.5124969482421875 93.4499969482421875 86.0749969482421875 81.0187530517578125 77.4250030517578125 74.13124847412109375 73.375 72.2375030517578125 70.2937469482421875 69.5500030517578125 68.5625
83.86875152587890625 84.34375 86.56874847412109375 89.40000152587890625 95.1687469482421875 98.5500030517578125 101.2937469482421875 104.0749969482421875 106.71875 108.8249969482421875 110.31874847412109375 110.59999847412109375 110.8125 107.83750152587890625 101.36875152587890625 94.3937530517578125 89.125 85.875 83.65000152587890625 82.27500152587890625 81.8249969482421875 81.5187530517578125 83.5124969482421875 85.1875 85.46250152587890625 87.18125152587890625 87.81874847412109375 89.2937469482421875 91.375 93.125 94.34375 96.3000030517578125 97.34999847412109375 96.4875030517578125 93.4375 87.7937469482421875 84.8249969482421875 82.1875 79.39374542236328125 78.43125152587890625 77.5 76.7062530517578125 76.44374847412109375 77.44374847412109375
83.5187530517578125 84.65625 85.65000152587890625 89.21250152587890625 93.1999969482421875 96.1062469482421875 99.09375 101.58750152587890625 103.9375 106.3625030517578125 106.9499969482421875 107.3874969482421875 107.05625152587890625 104.53125 100.0124969482421875 94.84375 90.0500030517578125 87.6374969482421875 85.4875030517578125 84.00624847412109375 83.56874847412109375 83.13124847412109375 85.1687469482421875 86.9812469482421875 87.58750152587890625 88.2687530517578125 90.28125 92.7937469482421875 94.40000152587890625 96.1125030517578125 97.2312469482421875 99.3874969482421875 98.5187530517578125 97.27500152587890625 95.5437469482421875 93.2375030517578125 90.22499847412109375 88.1125030517578125 86.7687530517578125 85.2687530517578125 85.03749847412109375 83.96250152587890625 83.71875 85.5
85.72499847412109375 85.625 86.7062530517578125 89.56874847412109375 92.18125152587890625 94.88124847412109375 97.1125030517578125 98.78125 100.06874847412109375 102.375 104.13124847412109375 104.83750152587890625 104.18125152587890625 102.58750152587890625 99.1875 95.0187530517578125 91.83750152587890625 89.0437469482421875 87.16249847412109375 85.75 85.7062530517578125 85.30625152587890625 86.71250152587890625 89.9562530517578125 90.3125 91.3937530517578125 93.4562530517578125 95.03125 96.8125 98.2375030517578125 99.2687530517578125 100.24375152587890625 101.3125 100.71875 98.94374847412109375 97.97499847412109375 96.6437530517578125 94.7687530517578125 93.69374847412109375 92.7937469482421875 91.7624969482421875 91.1687469482421875 91.4250030517578125 91.52500152587890625
88.0749969482421875 87.78125 88.74375152587890625 89.6999969482421875 91.7687530517578125 93.4875030517578125 95.4187469482421875 96.8562469482421875 97.63124847412109375 99.94374847412109375 101.3937530517578125 102 101.78749847412109375 101.53125 98.5 95.1875 92.30625152587890625 90.05625152587890625 88.38124847412109375 87.75 87.58750152587890625 87.6125030517578125 88.99375152587890625 91.72499847412109375 93.53749847412109375 94.3874969482421875 96.09999847412109375 97.7312469482421875 99.4499969482421875 101.3249969482421875 101.4375 102.44374847412109375 104.30625152587890625 104.11875152587890625 103.59999847412109375 103.0437469482421875 103.7375030517578125 103.375 102.44374847412109375 101.47499847412109375 100.59999847412109375 100.125 98.03749847412109375 98.6374969482421875
90.7624969482421875 89.93125152587890625 89.4499969482421875 89.4187469482421875 90.28125 91.25624847412109375 92.625 94.25624847412109375 95.47499847412109375 97.15625 98.3874969482421875 98.8625030517578125 100.0812530517578125 99.59375 97.125 95.8937530517578125 94.81874847412109375 90.88124847412109375 89.19374847412109375 88.90000152587890625 89.38124847412109375 90.0812530517578125 91.8125 94.7062530517578125 95.65000152587890625 97.31874847412109375 98.96250152587890625 101.1875 103.84999847412109375 104.21250152587890625 103.6999969482421875 104.3937530517578125 105.8874969482421875 107.15000152587890625 109.02500152587890625 108.93125152587890625 111.15625 112.5812530517578125 112.5625 111.4375 107.8249969482421875 105.1687469482421875 104.61875152587890625 105.875
93.34999847412109375 91.8249969482421875 89.6875 88.6875 88.5812530517578125 89.68125152587890625 91.1062469482421875 92.5749969482421875 93.71250152587890625 94.9187469482421875 95.97499847412109375 97.4875030517578125 98.6437530517578125 98.86875152587890625 98.03749847412109375 96.3937530517578125 94.68125152587890625 92.5187530517578125 90.27500152587890625 89.8874969482421875 91.1125030517578125 92.77500152587890625 93.9499969482421875 96.1125030517578125 98.3937530517578125 101.06874847412109375 102.19374847412109375 103.5749969482421875 104.9250030517578125 106.13124847412109375 107.13124847412109375 108.3312530517578125 109.61875152587890625 111.30625152587890625 114.0749969482421875 115.49375152587890625 118.7312469482421875 122.5625 120.8249969482421875 122.0625 120.47499847412109375 116.6374969482421875 113.84375 114.31874847412109375
94.16249847412109375 92.16249847412109375 90.47499847412109375 88.09999847412109375 87.6687469482421875 88.9499969482421875 89.5500030517578125 90.71875 92.1687469482421875 93.6875 94.69374847412109375 96.09999847412109375 99.11875152587890625 99.33750152587890625 98.3249969482421875 96.90625 96.5500030517578125 94.7624969482421875 92.59999847412109375 92.90000152587890625 94.06874847412109375 96.3125 98 99.625 101.375 104.11875152587890625 105.0187530517578125 105.90625 107.125 107.15625 109.3937530517578125 111.4499969482421875 112.96875 116.8312530517578125 120.21250152587890625 121.125 125.2687530517578125 130.7687530517578125 132.0812530517578125 133.4499969482421875 131.899993896484375 127.15000152587890625 123.27500152587890625 122.1062469482421875
95.52500152587890625 91.90000152587890625 89.46250152587890625 87.50624847412109375 87.47499847412109375 87.86875152587890625 88.6062469482421875 89.7312469482421875 91.46875 92.7062530517578125 94.15000152587890625 95.5749969482421875 97.0625 98.96250152587890625 99.47499847412109375 100.125 99.38124847412109375 98.03125 97.2312469482421875 98.30625152587890625 99.90000152587890625 100.2624969482421875 102.0500030517578125 102.9250030517578125 105.9875030517578125 106.72499847412109375 106.78125 108.59999847412109375 109.5437469482421875 110.1437530517578125 112.44374847412109375 113.6875 116.31874847412109375 120.3874969482421875 123.93125152587890625 125.63124847412109375 130.0812530517578125 134.71875 137.1374969482421875 139.5437469482421875 140.1875 135.600006103515625 132.1875 129.8125
94.4250030517578125 91.52500152587890625 88.7375030517578125 87.0500030517578125 86.69374847412109375 87.21250152587890625 88.2375030517578125 88.66249847412109375 90.28749847412109375 91.2937469482421875 95.21875 95.9812469482421875 98.1062469482421875 101.9812469482421875 102.91249847412109375 104.5625 104.93125152587890625 105.38124847412109375 104.97499847412109375 106.00624847412109375 106.4375 106.3625030517578125 106.11875152587890625 106.78749847412109375 108.90000152587890625 108.78125 108.78749847412109375 110.06874847412109375 111.08750152587890625 113.53125 115.24375152587890625 117.16249847412109375 119.2687530517578125 123.34999847412109375 127.88124847412109375 129.8249969482421875 133.2937469482421875 136 138.875 143.09375 144.7687530517578125 141.7062530517578125 139.59375 137.162506103515625
92.25 90.27500152587890625 88.52500152587890625 86.9499969482421875 86.01250457763671875 86.4375 87.5812530517578125 88.11875152587890625 89.2062530517578125 91.2624969482421875 93.9562530517578125 97.53125 100.09999847412109375 102.5124969482421875 105.46875 107.9499969482421875 110.90625 112.3562469482421875 113.28125 114.3874969482421875 114.09999847412109375 112.5625 111.1875 110.27500152587890625 110.3937530517578125 109.8312530517578125 109.7624969482421875 110.8874969482421875 111.5812530517578125 114.2624969482421875 117.21250152587890625 119.90625 122.53125 126.0625 130.59375 134.90625 136.6062469482421875 138.65625 142.118743896484375 145 146.787506103515625 147.162506103515625 147.34375 146
90.91249847412109375 89.25 87.9375 87.1374969482421875 86.3937530517578125 86.21250152587890625 87.4375 87.96250152587890625 88.47499847412109375 90.77500152587890625 94.53749847412109375 99.3125 102.53749847412109375 105.6875 109.3125 113.2312469482421875 116.75 118.28749847412109375 121.5749969482421875 122.5437469482421875 122.15625 119.56874847412109375 115.84999847412109375 113.34999847412109375 111.19374847412109375 110.9812469482421875 111.40000152587890625 111.65625 112.25624847412109375 114.8625030517578125 118.16249847412109375 120.7375030517578125 123.9562530517578125 127.93125152587890625 131.662506103515625 134.443756103515625 137.53125 141.899993896484375 144.3249969482421875 147.787506103515625 147.7687530517578125 147.7624969482421875 150.4375 149.5749969482421875
89.9499969482421875 88.125 87.4812469482421875 86.95624542236328125 86.4187469482421875 86.71875 86.88124847412109375 88.15625 89.125 90.9499969482421875 95.0625 99.94374847412109375 105.0437469482421875 109.65625 113.625 118.19374847412109375 121.875 124.78749847412109375 128.318756103515625 131.03125 128.53125 124.84999847412109375 119.19374847412109375 115.08750152587890625 112.68125152587890625 111.3937530517578125 110.96250152587890625 111.4499969482421875 112.21250152587890625 114.53749847412109375 118.03125 121.2375030517578125 123.6437530517578125 127.52500152587890625 131.0187530517578125 132.875 137.962493896484375 141.3249969482421875 143.6062469482421875 146.28125 148.375 148.087493896484375 148.78125 149.15625
89.03125 87.6437530517578125 86.9499969482421875 86.22499847412109375 86.65000152587890625 87.0187530517578125 87.66249847412109375 88.56874847412109375 90.0625 91.05625152587890625 96.1687469482421875 104.59999847412109375 110.3000030517578125 114.9375 119.4875030517578125 123.3125 127.53749847412109375 129.381256103515625 131.850006103515625 133.787506103515625 132.243743896484375 126.3249969482421875 120.4875030517578125 115.36875152587890625 112.3874969482421875 110.9187469482421875 109.90625 109.8312530517578125 110.6750030517578125 113.58750152587890625 116.88124847412109375 120.4375 123.71250152587890625 127.5124969482421875 130.912506103515625 133.75 137.743743896484375 141.8125 143 144.4562530517578125 146.100006103515625 145.5 147.162506103515625 148.5
87.65000152587890625 86.96250152587890625 86.66249847412109375 85.90625 86.65000152587890625 87.7312469482421875 88.86875152587890625 90.4250030517578125 92.6875 93.9562530517578125 104.78749847412109375 112.8625030517578125 117.125 120.94374847412109375 124.9187469482421875 128.9562530517578125 130.875 132.4499969482421875 132.6875 132.399993896484375 131.0625 125.53749847412109375 120.1437530517578125 114.7062530517578125 110.9812469482421875 108.7312469482421875 108.52500152587890625 108.84375 109.68125152587890625 112.78749847412109375 114.46875 117.74375152587890625 121.3937530517578125 126.7375030517578125 130.78125 131.537506103515625 135.193756103515625 138.725006103515625 142.181243896484375 144.3000030517578125 143.7375030517578125 145.818756103515625 144.6999969482421875 144.8249969482421875
85.65000152587890625 85.0124969482421875 85.0437469482421875 85.36875152587890625 85.75 87.27500152587890625 89.75 92.77500152587890625 97.375 105.52500152587890625 118.13124847412109375 121.6062469482421875 122.69374847412109375 126.53125 129.4875030517578125 132.2937469482421875 133.7937469482421875 133.662506103515625 131.693756103515625 130.212493896484375 127.3000030517578125 122.08750152587890625 117.40625 112.4875030517578125 108.77500152587890625 106.05625152587890625 105.7312469482421875 106.77500152587890625 108.1062469482421875 111.40000152587890625 114.21250152587890625 116.4187469482421875 119.59999847412109375 122.21250152587890625 125.88124847412109375 127.71250152587890625 131.1187591552734375 134.1687469482421875 137.649993896484375 137.78125 138.056243896484375 140.193756103515625 139.125 139.100006103515625
82.21250152587890625 81.8312530517578125 82.7312469482421875 83.5187530517578125 84.75 87.3625030517578125 89.7312469482421875 94.28749847412109375 100.5500030517578125 109.84999847412109375 118.4812469482421875 123.41249847412109375 126.84999847412109375 130.5 133.9187469482421875 135.2375030517578125 136.125 134.2312469482421875 132.056243896484375 128.2624969482421875 123.3937530517578125 118.15000152587890625 112.5749969482421875 108.125 105.21250152587890625 103.0500030517578125 102.78125 104.56874847412109375 105.49375152587890625 109.31874847412109375 110.2375030517578125 113.2687530517578125 117.41249847412109375 119.69374847412109375 122.5625 124.88124847412109375 126.83124542236328125 130.40625 132.837493896484375 130.6374969482421875 131.4562530517578125 134.193756103515625 133.3000030517578125 132.03125
