data/historical-monthly-weather-data/wc2.1_cruts4.09_10m_prec_1998-04.asc
ncols        45
nrows        45
xllcorner    -63.500000000000
yllcorner    -7.500000000000
cellsize     0.166666666667
NODATA_value -9999
[rows 20 to 39 of 45, columns 0 to 44 of 45]
229.412506103515625 244.2624969482421875 258.48748779296875 272.443756103515625 285.006256103515625 300.875 315.962493896484375 325.831268310546875 330.90625 331.175018310546875 328.350006103515625 323.162506103515625 318.20623779296875 315.20623779296875 309.024993896484375 304.90625 303.149993896484375 306.618743896484375 313.40625 318.76873779296875 325.287506103515625 328.631256103515625 328.587493896484375 324.806243896484375 324.225006103515625 322.51873779296875 316.493743896484375 309.38751220703125 300.4375 292.65625 280.95001220703125 269.556243896484375 250.75 230.4250030517578125 213.337493896484375 219.162506103515625 230.756256103515625 237.3874969482421875 237.556243896484375 232.5812530517578125 224.6750030517578125 220.2624969482421875 212.7624969482421875 207.3874969482421875 204.6750030517578125
220.71875 233.1999969482421875 248.59375 267.61248779296875 284.08123779296875 298.4375 314.03125 327.01873779296875 332.60626220703125 329.98126220703125 321.88751220703125 310.04998779296875 301.54998779296875 297.90625 297.98748779296875 296.631256103515625 299.162506103515625 302.11248779296875 308.212493896484375 312.818756103515625 313.462493896484375 316.306243896484375 320.59375 319.01251220703125 319.95623779296875 324.79376220703125 332.5 324.206268310546875 313.16876220703125 303.98748779296875 290.54376220703125 276.14373779296875 259.15625 243.6437530517578125 233.3625030517578125 232.1875 238.3249969482421875 242.1999969482421875 239.2937469482421875 232.4562530517578125 224.318756103515625 218.506256103515625 210.8125 204.537506103515625 201.181243896484375
213.1750030517578125 230.28125 247.3000030517578125 266.36248779296875 283.79376220703125 298.475006103515625 311.51873779296875 326.79376220703125 338.59375 330.037506103515625 314.774993896484375 297.51873779296875 285.75 283.625 287.600006103515625 291.5 293.793731689453125 295.90625 299.78125 302.337493896484375 303.8125 305.70001220703125 306.65625 307.006256103515625 312.868743896484375 321.71875 331.83123779296875 327.712493896484375 318.537506103515625 308.162506103515625 297.13751220703125 285.28125 274.337493896484375 263.26251220703125 255.9812469482421875 250.28125 249.875 249.524993896484375 243.5187530517578125 233.318756103515625 223.3562469482421875 215.681243896484375 207.725006103515625 200.8937530517578125 197.681243896484375
207.568756103515625 224.600006103515625 243.743743896484375 261.45623779296875 278.65625 293.037506103515625 308.306243896484375 321.29998779296875 330.256256103515625 320.86248779296875 305.20001220703125 290.618743896484375 274.006256103515625 275.568756103515625 281.600006103515625 285.57501220703125 287.39373779296875 291.59375 293.899993896484375 296.66876220703125 296.23126220703125 294.618743896484375 294.3125 296.8125 302.23126220703125 306.32501220703125 312.993743896484375 317.337493896484375 314.875 311.64373779296875 306.14373779296875 300.868743896484375 292.850006103515625 282.543731689453125 275.29998779296875 267.568756103515625 263.29998779296875 256.6875 246.15625 232.975006103515625 221.537506103515625 212.5500030517578125 204.100006103515625 196.506256103515625 194.649993896484375
204.681243896484375 221.412506103515625 239.6125030517578125 258.725006103515625 277.32501220703125 289.90625 301.875 312.29376220703125 315.45001220703125 311.95623779296875 300.36248779296875 286.95001220703125 279.25 275.493743896484375 278.17498779296875 281.318756103515625 285.337493896484375 289.024993896484375 291.256256103515625 291.35626220703125 288.61248779296875 285.23126220703125 283.931243896484375 283.818756103515625 287.006256103515625 296.15625 304.85626220703125 310.29376220703125 313.42498779296875 318.5 319.45001220703125 319.11248779296875 312.899993896484375 302.125 291.524993896484375 278.818756103515625 270.01873779296875 258.274993896484375 245.9187469482421875 232.868743896484375 220.068756103515625 209.9375 201.837493896484375 193.2687530517578125 187.8625030517578125
208.4250030517578125 223.368743896484375 237.1062469482421875 255.0999908447265625 271.5625 282.98126220703125 293.20001220703125 301.087493896484375 300.931243896484375 297.412506103515625 292.57501220703125 286.84375 281.524993896484375 279.48748779296875 279.256256103515625 283.04998779296875 285.912506103515625 288.850006103515625 289.26251220703125 286.58123779296875 284.568756103515625 278.368743896484375 273.20001220703125 267.443756103515625 274.51873779296875 287.256256103515625 301.256256103515625 308.32501220703125 316.40625 323.3125 331.381256103515625 337.118743896484375 332.568756103515625 317.725006103515625 301.818756103515625 286.33123779296875 273.40625 259.625 245.375 231.6374969482421875 218.837493896484375 207.6875 198.1437530517578125 188.537506103515625 184.587493896484375
211.6750030517578125 222.25 235.506256103515625 249.9499969482421875 262.493743896484375 273.66876220703125 281.787506103515625 287.09375 287.881256103515625 290.40625 290.66876220703125 286.92498779296875 284.1875 283.40625 283.931243896484375 286.399993896484375 288.381256103515625 289.412506103515625 290.70001220703125 289.368743896484375 283.743743896484375 276.006256103515625 267.162506103515625 260.21875 270.54998779296875 282.225006103515625 297.225006103515625 305.943756103515625 315.850006103515625 325.131256103515625 337.03125 346.524993896484375 344.631256103515625 326.368743896484375 307.475006103515625 289.42498779296875 274.318756103515625 259.243743896484375 243.631256103515625 229.631256103515625 215.7312469482421875 205.84375 196.34375 188.1187591552734375 187.837493896484375
216.443756103515625 223.3874969482421875 233.568756103515625 244.46875 255.368743896484375 263.931243896484375 272.08123779296875 275.76251220703125 279.63751220703125 284.01251220703125 284.41876220703125 284.86248779296875 284.45623779296875 286.318756103515625 287.756256103515625 288.54998779296875 291.15625 295.11248779296875 294.712493896484375 294.70001220703125 290.3125 281.962493896484375 278.8125 272.368743896484375 276.662506103515625 286.056243896484375 296.443756103515625 305.26873779296875 313.743743896484375 323.86248779296875 333.506256103515625 340.83123779296875 336.875 322.14373779296875 306.66876220703125 288.16876220703125 273.274993896484375 258.256256103515625 242.84375 228.287506103515625 214.9187469482421875 205.662506103515625 196.931243896484375 190.5625 195.5
219.6062469482421875 224.318756103515625 231.068756103515625 239.5437469482421875 247.1374969482421875 252.8937530517578125 259.54376220703125 266.60626220703125 273.64373779296875 277.712493896484375 281.64373779296875 283.756256103515625 284.568756103515625 287.90625 292.08123779296875 296.38751220703125 299.91876220703125 300.71875 302.725006103515625 302.17498779296875 299.193756103515625 292.53125 290.631256103515625 286.506256103515625 286.70001220703125 292.64373779296875 300.39373779296875 306.41876220703125 312.524993896484375 320.45623779296875 325.600006103515625 329.40625 322.25 312.256256103515625 299.975006103515625 284.04998779296875 270.45001220703125 256.556243896484375 242.0812530517578125 226.7062530517578125 211.7562408447265625 203.431243896484375 196.818756103515625 196.912506103515625 202.618743896484375
223.96875 225.8937530517578125 230.2312469482421875 233.568756103515625 239.3312530517578125 245.618743896484375 252.34375 259.95001220703125 266.5 271.51251220703125 277.681243896484375 281.443756103515625 286.95623779296875 292.10626220703125 296.693756103515625 300.54998779296875 304.399993896484375 309.45623779296875 310.587493896484375 308.14373779296875 303.70623779296875 301.65625 302.274993896484375 296.26873779296875 293.350006103515625 296.274993896484375 302.068756103515625 304.318756103515625 308.0625 312.79376220703125 315.774993896484375 315.48126220703125 308.787506103515625 301.337493896484375 291.90625 278.01251220703125 266.350006103515625 253.850006103515625 239.28125 226.806243896484375 215.0187530517578125 208.8000030517578125 203.118743896484375 203.9187469482421875 205.818756103515625
226.618743896484375 225.375 227.1374969482421875 229.318756103515625 233.7312469482421875 238.8874969482421875 245.9250030517578125 251.8125 258.67498779296875 266.01251220703125 273.67498779296875 279.9375 288.850006103515625 293.86248779296875 299.962493896484375 304.95001220703125 311.17498779296875 316.806243896484375 319.65625 318.66876220703125 314.45623779296875 311.256256103515625 310.57501220703125 301.73126220703125 295.76873779296875 300.625 301.03125 302.36248779296875 303.274993896484375 303.98748779296875 305.375 303.89373779296875 298.787506103515625 291.943756103515625 282.868743896484375 271.193756103515625 258.67498779296875 247.649993896484375 237.1374969482421875 226.40625 216.3312530517578125 211.0749969482421875 207.90625 206.71875 209.056243896484375
227.8000030517578125 224.21875 224.375 226.693756103515625 228.9875030517578125 232.006256103515625 238.274993896484375 243.3000030517578125 250.3874969482421875 258.01251220703125 267.462493896484375 278.23126220703125 286.868743896484375 294.931243896484375 301.412506103515625 307.774993896484375 311.82501220703125 318.35626220703125 321.20001220703125 324.800018310546875 322.1875 319.506256103515625 316.693756103515625 307.975006103515625 304.412506103515625 303.881256103515625 300.60626220703125 300.25 297.618743896484375 297.48126220703125 297.95001220703125 295.57501220703125 288.35626220703125 281.63751220703125 273.600006103515625 262.65625 252.1750030517578125 240.59375 231.2687530517578125 221.9250030517578125 216.225006103515625 213.3125 210.899993896484375 210.40625 212.8000030517578125
231.3312530517578125 225.7312469482421875 225.0437469482421875 225.193756103515625 226.943756103515625 228.681243896484375 231.462493896484375 236.1374969482421875 242.149993896484375 250.962493896484375 263.818756103515625 273.962493896484375 285.89373779296875 296.806243896484375 303.149993896484375 308.34375 313.868743896484375 320.73748779296875 322.54376220703125 324.67498779296875 324.9375 322.82501220703125 319.40625 311.48126220703125 307.931243896484375 302.943756103515625 299.34375 295.3125 291.631256103515625 291.39373779296875 289.42498779296875 285.225006103515625 277.59375 271.3125 263.943756103515625 254.9375 244.8249969482421875 234.850006103515625 225.649993896484375 221.96875 216.5437469482421875 214.0812530517578125 213.287506103515625 214.1437530517578125 217.0437469482421875
233.71875 228.662506103515625 227.118743896484375 225.475006103515625 224.618743896484375 226.368743896484375 227.943756103515625 229.5625 234.631256103515625 242.9812469482421875 254.1062469482421875 268.6875 283.4375 293.712493896484375 301.41876220703125 306.08123779296875 312.38751220703125 318.86248779296875 321.76873779296875 323.931243896484375 324.21875 323.08123779296875 320.568756103515625 310.162506103515625 306.98748779296875 301.181243896484375 294.568756103515625 289.006256103515625 284.75 281.943756103515625 279.10626220703125 275.92498779296875 268.381256103515625 261.63751220703125 254.756256103515625 245.8312530517578125 236.90625 225.7062530517578125 221.850006103515625 219.024993896484375 214.2624969482421875 213.681243896484375 214.2312469482421875 216.056243896484375 219.931243896484375
234.443756103515625 230.7937469482421875 229.2375030517578125 225.256256103515625 222.5187530517578125 222.1437530517578125 221.84375 222.875 225.631256103515625 231.6875 244.899993896484375 263.04376220703125 281.71875 296.65625 303.056243896484375 307.63751220703125 311.39373779296875 314.71875 319.98748779296875 320.21875 322.46875 319.84375 317.837493896484375 306.38751220703125 301.5 297.78125 290.693756103515625 282.649993896484375 277.75 275.40625 271.1875 267.712493896484375 259 252.7312469482421875 245.0437469482421875 235.96875 226.15625 221.068756103515625 218.2312469482421875 215.4562530517578125 211.662506103515625 212 213.5749969482421875 215.350006103515625 217.381256103515625
237.125 234.993743896484375 232.5812530517578125 228.568756103515625 224.631256103515625 221.9250030517578125 220.59375 219.1125030517578125 218.462493896484375 221.931243896484375 232.90625 253.3937530517578125 276.20623779296875 292.256256103515625 299.21875 303.86248779296875 307.943756103515625 311.443756103515625 315.743743896484375 318.693756103515625 318.23126220703125 316.537506103515625 310.10626220703125 300.90625 294.26251220703125 290.131256103515625 284.14373779296875 277.70623779296875 272.649993896484375 268.625 264.243743896484375 259.193756103515625 250.8249969482421875 245.2375030517578125 236.9375 226.975006103515625 222.5124969482421875 218.4812469482421875 215.1750030517578125 213.256256103515625 211.5625 211.431243896484375 211.962493896484375 213.743743896484375 214.3625030517578125
240.287506103515625 239.5187530517578125 236.28125 232.568756103515625 227.96875 224.2687530517578125 221.774993896484375 216.7312469482421875 211.931243896484375 210.618743896484375 222.962493896484375 248.962493896484375 269.29998779296875 282.76873779296875 292.23748779296875 297.92498779296875 300.20001220703125 304.20001220703125 308.88751220703125 309.39373779296875 309.0625 306.125 299.83123779296875 292.16876220703125 285.01873779296875 280.91876220703125 276.83123779296875 271.98748779296875 266.774993896484375 261.662506103515625 257.90625 253.4499969482421875 245.399993896484375 237.8625030517578125 229.4187469482421875 222.837493896484375 219.5124969482421875 217.1875 215.806243896484375 212.212493896484375 210.6875 210.024993896484375 211.068756103515625 211.9499969482421875 213.118743896484375
245.8625030517578125 243.5500030517578125 239.34375 236.2062530517578125 231.5187530517578125 227.625 223.162506103515625 216.412506103515625 211.881256103515625 207.8249969482421875 225.0187530517578125 249.7624969482421875 265.67498779296875 277.09375 285.225006103515625 291.0625 292.274993896484375 296.63751220703125 297.706268310546875 296.63751220703125 295.54998779296875 291.64373779296875 288.01251220703125 281.225006103515625 274.681243896484375 272.58123779296875 267.09375 264.95623779296875 261.48126220703125 257.11248779296875 251.181243896484375 246.899993896484375 240.774993896484375 232.6875 222.90625 220.53125 218.09375 215.087493896484375 215.462493896484375 212.818756103515625 209.84375 209.443756103515625 208.368743896484375 207.8312530517578125 209.6687469482421875
250.15625 245.34375 241.537506103515625 239.087493896484375 235.9875030517578125 230.774993896484375 226.8625030517578125 222.587493896484375 223.1750030517578125 230.3249969482421875 247.46875 259.53125 266.287506103515625 274.82501220703125 281.412506103515625 284.38751220703125 285.61248779296875 287.662506103515625 285.15625 284.6875 281.90625 277.162506103515625 273.681243896484375 269.86248779296875 265.725006103515625 262.08123779296875 258.943756103515625 257.681243896484375 255.2687530517578125 253.1437530517578125 249.131256103515625 243.125 237.96875 232.6437530517578125 228.524993896484375 224.2375030517578125 220.375 218.431243896484375 216.5437469482421875 212.306243896484375 209.818756103515625 209.681243896484375 207.6750030517578125 207.806243896484375 209.0749969482421875
253.431243896484375 249.100006103515625 245.8000030517578125 243.8125 241.0500030517578125 237.5187530517578125 232.6374969482421875 232.6437530517578125 235.818756103515625 242.4875030517578125 252.2937469482421875 262.20623779296875 267.287506103515625 273.0625 277.600006103515625 279 279.337493896484375 279.61248779296875 275.193756103515625 271.84375 267.131256103515625 264.443756103515625 258.20623779296875 254.943756103515625 254.7937469482421875 253.1374969482421875 251.756256103515625 251.774993896484375 250.7687530517578125 249.1437530517578125 244.287506103515625 243.6687469482421875 242.037506103515625 238.006256103515625 235.024993896484375 230.5625 225.9187469482421875 223.212493896484375 219.6062469482421875 213.28125 209.6125030517578125 209.0687408447265625 206.0187530517578125 205.493743896484375 207.743743896484375
