data/historical-monthly-weather-data/wc2.1_cruts4.09_10m_prec_2018-09.asc
ncols        51
nrows        45
xllcorner    -63.500000000000
yllcorner    -7.500000000000
cellsize     0.166666666667
NODATA_value -9999
[rows 19 to 37 of 45, columns 0 to 43 of 51]
113.3874969482421875 113.58750152587890625 113.5500030517578125 114.6999969482421875 116.0437469482421875 117.6437530517578125 117.8562469482421875 116.94374847412109375 116.34375 113.66249847412109375 110.00624847412109375 105.00624847412109375 99.06874847412109375 93.15000152587890625 87.9375 84.16249847412109375 79.2375030517578125 78.43125152587890625 76.2624969482421875 77.4499969482421875 76.5437469482421875 76.84375 80.44374847412109375 82.5812530517578125 83.05625152587890625 80.8000030517578125 77.53749847412109375 74.3249969482421875 68.2312469482421875 62.21250152587890625 58.59999847412109375 62.862499237060546875 66.08750152587890625 70.7375030517578125 72.65625 66.84999847412109375 60.375 54.81874847412109375 49.075000762939453125 42.28125 34.924999237060546875 28.8125 25.956249237060546875 24.456251144409179688
108.0625 109.50624847412109375 110.8000030517578125 112.38124847412109375 113.81874847412109375 114.52500152587890625 115.375 115.38124847412109375 115.8937530517578125 114.6999969482421875 111.4499969482421875 107.6750030517578125 101.84999847412109375 94.83750152587890625 90.24375152587890625 84.6437530517578125 79.80625152587890625 76.96875 77.2375030517578125 75.9875030517578125 77.58124542236328125 79.78125 81.7062530517578125 83.50624847412109375 85.06874847412109375 83.65000152587890625 79.68125152587890625 74.90625 70.3874969482421875 68.5812530517578125 67.625 70.7687530517578125 74.2937469482421875 79.6999969482421875 85.2687530517578125 76.00624847412109375 63.887500762939453125 55.356250762939453125 48.149997711181640625 41.606250762939453125 35.674999237060546875 30.893749237060546875 27.787500381469726562 25.950000762939453125
104.08750152587890625 104.52500152587890625 106.0749969482421875 108.0812530517578125 110.78749847412109375 112.625 113.41249847412109375 114.6687469482421875 115.875 115.65625 113.6125030517578125 110.8125 106.94374847412109375 101.05625152587890625 95.7687530517578125 89.06874847412109375 84.0749969482421875 80.71875 80.4250030517578125 79.13750457763671875 77.97499847412109375 79.44374847412109375 81.13124847412109375 82.52500152587890625 83.11875152587890625 82.7375030517578125 81.8249969482421875 77.9875030517578125 75.96250152587890625 75.24375152587890625 74.71875 76.1125030517578125 78.4562530517578125 81.94374847412109375 81.4875030517578125 74.03125 63.16249847412109375 55.05625152587890625 47.856250762939453125 42.09999847412109375 37.24375152587890625 33.46875 30.875 28.837499618530273438
100.7062530517578125 102.4875030517578125 103.34375 105.61875152587890625 108.27500152587890625 110.1875 112.03125 113.8625030517578125 116.75 116.71250152587890625 117.16875457763671875 115.7624969482421875 114.56874847412109375 109.8000030517578125 102.0187530517578125 94.69374847412109375 88.375 85.3125 83.16249847412109375 81.5812530517578125 80.3125 80.9187469482421875 81.32500457763671875 81.21875 82.33750152587890625 82.18125152587890625 81.2687530517578125 80.71875 79.1687469482421875 78.25 78.7937469482421875 80.44374847412109375 80.56874847412109375 80.1875 76.80625152587890625 68.31874847412109375 60.34375 53.362499237060546875 47.49375152587890625 43.299999237060546875 39.856250762939453125 36.47499847412109375 33.84999847412109375 31.668750762939453125
98.86875152587890625 99.3625030517578125 100.8125 102.34999847412109375 104.125 107.44374847412109375 110.0749969482421875 112.125 115.1374969482421875 116.18125152587890625 116.7312469482421875 118.28749847412109375 120.15625 115.3625030517578125 106.46250152587890625 98.46250152587890625 92.2687530517578125 88.96875 86.65625 84.2062530517578125 82.7624969482421875 82.08750152587890625 82.7312469482421875 82.63124847412109375 82.7687530517578125 81.66249847412109375 80.7375030517578125 80.3125 80.90000152587890625 80.81874847412109375 81.2312469482421875 82.71875 81.125 78.90000152587890625 74.9562530517578125 66.375 59.856250762939453125 54.731250762939453125 49.75 46.56874847412109375 43.293750762939453125 40.08750152587890625 37.71250152587890625 35.549999237060546875
98.2687530517578125 98.00624847412109375 98.4562530517578125 99.34375 103.61875152587890625 106.40625 108.6750030517578125 111.0187530517578125 113.56874847412109375 115.5625 116.9875030517578125 117.3937530517578125 117.8000030517578125 114.8000030517578125 108.11875152587890625 100.88124847412109375 95.3562469482421875 91.5124969482421875 88.71875 86.7624969482421875 85.36875152587890625 84.0500030517578125 85.0187530517578125 84.80625152587890625 83.125 82.9187469482421875 81.9812469482421875 81.8937530517578125 82.4375 83.04375457763671875 83.2375030517578125 83.8937530517578125 82.625 79.6062469482421875 74.83750152587890625 67.66249847412109375 62.74375152587890625 58.25624847412109375 53.53749847412109375 50.16249847412109375 46.96250152587890625 44.25624847412109375 41.90625 40.56874847412109375
99.71875 100.4499969482421875 99.19374847412109375 100.58750152587890625 102.6750030517578125 105.00624847412109375 107.6999969482421875 109.86875152587890625 112.1437530517578125 114.5437469482421875 114.9375 115.40625 115.08750152587890625 112.38124847412109375 107.59999847412109375 102.0812530517578125 96.8874969482421875 93.77500152587890625 90.86875152587890625 88.64374542236328125 87.1875 85.6437530517578125 86.55625152587890625 86.375 84.91249847412109375 83.59999847412109375 83.9187469482421875 84.75624847412109375 84.80625152587890625 85.46250152587890625 85.6687469482421875 86.5500030517578125 83.56874847412109375 80.15625 76.41249847412109375 71.8125 66.8125 62.58750152587890625 58.80625152587890625 54.97499847412109375 52.06874847412109375 48.96875 46.44374847412109375 45.31874847412109375
102.5812530517578125 101.86875152587890625 101.02500152587890625 102.01874542236328125 102.86875152587890625 105.09375 106.97499847412109375 108.25624847412109375 109.28125 111.4499969482421875 113.03125 113.52500152587890625 112.5625 110.63124847412109375 106.8625030517578125 102.3312530517578125 98.75 95.1750030517578125 92.51874542236328125 90.34375 89.2624969482421875 87.7624969482421875 88.0124969482421875 89.2375030517578125 87.4375 86.46875 86.8125 86.7312469482421875 86.9250030517578125 87.3000030517578125 87.41249847412109375 87.2687530517578125 85.8125 82.8125 78.875 75.28749847412109375 71.46875 67.3312530517578125 63.63124847412109375 60.049999237060546875 56.52500152587890625 53.731250762939453125 51.481250762939453125 49.44374847412109375
105.34999847412109375 104.3937530517578125 103.8000030517578125 103.1062469482421875 103.8312530517578125 104.99375152587890625 106.53125 107.5500030517578125 107.90000152587890625 109.96875 111.06874847412109375 111.2312469482421875 110.46250152587890625 109.71250152587890625 106.1999969482421875 102.4375 99.09375 96.08124542236328125 93.649993896484375 92.28749847412109375 91.0625 90.01874542236328125 90.1875 90.8874969482421875 90.4875030517578125 89.27500152587890625 89.22499847412109375 89.18125152587890625 89.27500152587890625 90.03749847412109375 89.3125 89.11875152587890625 88.22499847412109375 85.36875152587890625 82.28749847412109375 78.96250152587890625 76.58750152587890625 73.43125152587890625 69.69374847412109375 65.8874969482421875 62.31874847412109375 59.600002288818359375 56.043750762939453125 54.31874847412109375
108.5812530517578125 106.91249847412109375 105.09375 103.72499847412109375 103.4875030517578125 103.8625030517578125 104.72499847412109375 105.8937530517578125 106.66249847412109375 107.9187469482421875 108.66249847412109375 108.4375 108.9812469482421875 107.7624969482421875 104.71875 103.09375 101.5812530517578125 96.75624847412109375 94.31874847412109375 93.29375457763671875 92.7687530517578125 92.43125152587890625 92.9375 93.7375030517578125 92.50624847412109375 92.03749847412109375 91.9187469482421875 92.3625030517578125 93.28749847412109375 92.625 91.27500152587890625 90.7624969482421875 89.40625 87.59999847412109375 86.28749847412109375 83.21875 81.90000152587890625 79.9250030517578125 76.65625 72.61875152587890625 67.21875 63.24375152587890625 60.69374847412109375 59.40000152587890625
111.9812469482421875 109.52500152587890625 105.94374847412109375 103.6750030517578125 102.51874542236328125 102.9187469482421875 103.6875 104.5124969482421875 105.03749847412109375 105.6437530517578125 106.0749969482421875 106.90000152587890625 107.31874847412109375 106.77500152587890625 105.4250030517578125 103.27500152587890625 101.0437469482421875 98.1125030517578125 95.13124847412109375 94.0437469482421875 94.3125 95.0124969482421875 95.02500152587890625 95.1687469482421875 95.30625152587890625 95.8249969482421875 95.21875 94.8937530517578125 94.61875152587890625 94.50624847412109375 94.28125 93.96250152587890625 92.24375152587890625 90.59375 89.78125 87.8000030517578125 87.15000152587890625 86.7937469482421875 82.2937469482421875 79.78749847412109375 75.59375 70.9250030517578125 67.09999847412109375 65.47499847412109375
113.30625152587890625 110.34375 107.47499847412109375 103.7687530517578125 102.3874969482421875 102.8562469482421875 102.47499847412109375 102.78749847412109375 103.5437469482421875 104.375 104.61875152587890625 105.2375030517578125 107.625 107.00624847412109375 105.4187469482421875 103.45624542236328125 102.6125030517578125 100.1062469482421875 97.225006103515625 96.8625030517578125 97.1687469482421875 98.4875030517578125 99.05625152587890625 98.69374847412109375 98.33750152587890625 98.9812469482421875 98.18125152587890625 97.44374847412109375 97.02500152587890625 95.6374969482421875 96.2687530517578125 96.43125152587890625 94.6750030517578125 94.61875152587890625 94.09999847412109375 91.63124847412109375 91.5749969482421875 92.3562469482421875 89.93125152587890625 87.4875030517578125 83.3249969482421875 78.15000152587890625 73.78125 71.28125
115.1875 110.3625030517578125 106.78125 103.7937469482421875 103.03125 102.31874847412109375 101.97499847412109375 102.1125030517578125 103.03125 103.3625030517578125 103.9499969482421875 104.52500152587890625 105.1875 106.3249969482421875 106.29999542236328125 106.46250152587890625 105.15625 103.1374969482421875 101.68125152587890625 102.16249847412109375 102.88750457763671875 102.31874847412109375 103.06874847412109375 102.03125 103.03125 101.81874847412109375 100.22499847412109375 100.3937530517578125 99.6999969482421875 98.58750152587890625 98.9812469482421875 98.18125152587890625 97.18125152587890625 97.0812530517578125 96.53749847412109375 94.6062469482421875 94.7375030517578125 94.90625 93.41249847412109375 91.84375 89.21875 84.2937469482421875 80.34999847412109375 77.21875
113.4187469482421875 109.6875 105.8937530517578125 103.4499969482421875 102.49375152587890625 102.1125030517578125 102.25 101.6750030517578125 102.2375030517578125 102.0625 105.15625 104.84375 106.02500152587890625 109.1437530517578125 109.4499969482421875 110.61875152587890625 110.40625 110.25624847412109375 109.1999969482421875 109.6374969482421875 109.2312469482421875 108.29999542236328125 107.05625152587890625 106 106.28749847412109375 104.44374847412109375 102.8562469482421875 102.5187530517578125 101.90000152587890625 102.16249847412109375 101.71875 101.22499847412109375 99.5625 99.3000030517578125 99.34375 97.5437469482421875 96.91249847412109375 95.71875 94.91875457763671875 95.0500030517578125 93.5 89.6687469482421875 86.6062469482421875 83.5124969482421875
110.22499847412109375 107.86875152587890625 105.53125 103.4250030517578125 101.99375152587890625 101.71250152587890625 102.2062530517578125 101.875 101.6062469482421875 102.33750152587890625 103.7624969482421875 106.3874969482421875 107.8874969482421875 109.28749847412109375 111.6687469482421875 113.58750152587890625 116.02500152587890625 116.8937530517578125 117.24375152587890625 117.72499847412109375 116.6437530517578125 114.31874847412109375 112.0625 109.6437530517578125 108.21250152587890625 106.15000152587890625 104.5749969482421875 104.125 103.18125152587890625 103.4375 103.78125 103.6750030517578125 102.24375152587890625 101.3625030517578125 101.2624969482421875 101.1750030517578125 99.1374969482421875 97.5187530517578125 97.55625152587890625 97.24375152587890625 96.25624847412109375 94.78749847412109375 93.2687530517578125 90.9187469482421875
107.88124847412109375 106.11875152587890625 104.5500030517578125 103.5187530517578125 102.5187530517578125 101.71875 102.4812469482421875 102.2937469482421875 101.1875 102 104.4375 108.19374847412109375 110.22499847412109375 112.2624969482421875 115.2312469482421875 118.53125 121.40625 122.375 125.15625 125.5124969482421875 124.4375 121.1437530517578125 116.59375 112.8874969482421875 109.46250152587890625 108.00624847412109375 106.9499969482421875 105.71875 104.7062530517578125 104.63124847412109375 105.02500152587890625 104.53125 103.4812469482421875 102.83750152587890625 102.0437469482421875 100.80625152587890625 99.84375 99.9375 99.58750152587890625 100.125 98.3312530517578125 96.80625152587890625 97.0625 95.125
104.8625030517578125 103.0500030517578125 102.3625030517578125 101.7624969482421875 101.1125030517578125 101.00624847412109375 100.71875 101.5812530517578125 101.3312530517578125 101.90625 105.03749847412109375 108.8000030517578125 112.7375030517578125 116.15000152587890625 119.28749847412109375 123.1062469482421875 125.9875030517578125 128.375 131.40625 133.600006103515625 130.4499969482421875 126.1374969482421875 119.80625152587890625 114.7375030517578125 111.3874969482421875 109.11875152587890625 107.41249847412109375 106.5625 105.81874847412109375 105.3125 105.71250152587890625 105.6062469482421875 103.8625030517578125 103.19374847412109375 102.3000030517578125 100.5437469482421875 101.28749847412109375 100.84375 100.5500030517578125 100.63124847412109375 100.3625030517578125 98.8312530517578125 98.00624847412109375 97.03749847412109375
101.78125 100.56874847412109375 99.91249847412109375 99.18125152587890625 99.6875 99.83750152587890625 100.25624847412109375 100.88124847412109375 101.58750152587890625 101.6687469482421875 106.21875 113.8249969482421875 118.19374847412109375 121.4375 124.96875 127.74375152587890625 131.03125 132.337493896484375 134.350006103515625 135.8125 133.725006103515625 127.24375152587890625 120.8874969482421875 115.11875152587890625 111.50624847412109375 109.375 107.3000030517578125 106.0812530517578125 105.5500030517578125 105.4875030517578125 105.53749847412109375 105.6750030517578125 104.6999969482421875 104.0187530517578125 103.125 102.30625152587890625 102.40625 102.68125152587890625 101.66249847412109375 100.99375152587890625 100.5 98.91249847412109375 98.93125152587890625 98.8000030517578125
98.5437469482421875 98.1875 97.9875030517578125 97.24375152587890625 98.1687469482421875 99.21250152587890625 100.25 101.7312469482421875 103.59375 104.31874847412109375 115.4250030517578125 122.5124969482421875 125.15000152587890625 127.3249969482421875 130.09375 132.931243896484375 133.6999969482421875 134.756256103515625 134.5500030517578125 133.8249969482421875 132.087493896484375 126.13124847412109375 120.34999847412109375 114.55625152587890625 110.50624847412109375 107.8562469482421875 106.78125 106.13124847412109375 105.72499847412109375 105.8125 104.27500152587890625 104.1374969482421875 103.61875152587890625 104.41249847412109375 104.1687469482421875 101.90000152587890625 102.03125 102.1374969482421875 102.8249969482421875 102.6875 100.6999969482421875 101.0749969482421875 99.33750152587890625 98.56874847412109375
