data/historical-monthly-weather-data/wc2.1_cruts4.09_10m_prec_2010-04.asc
ncols        51
nrows        45
xllcorner    -63.500000000000
yllcorner    -7.500000000000
cellsize     0.166666666667
NODATA_value -9999
[rows 0 to 19 of 45, columns 0 to 44 of 51]
404.54376220703125 416.274993896484375 420.78125 432.86248779296875 437.20623779296875 432.28125 424.962493896484375 410.38751220703125 397.96875 391.57501220703125 389.943756103515625 385.462493896484375 378.59375 368.662506103515625 357.38751220703125 346.79376220703125 338.09375 326.587493896484375 318.868743896484375 311.943756103515625 309.056243896484375 308.368743896484375 306.912506103515625 308.98748779296875 308.875 312.0625 315.225006103515625 320.693756103515625 325.51873779296875 335.46875 347.14373779296875 359.75 372.743743896484375 388.649993896484375 404.087493896484375 417.850006103515625 428.537506103515625 438.76251220703125 447.6875 453.25 458.21875 459.82501220703125 456.53125 455.587493896484375 449.806243896484375
415.381256103515625 426.54998779296875 441.70623779296875 455.95623779296875 468.04998779296875 460.368743896484375 449.26873779296875 440.51251220703125 429.587493896484375 420.899993896484375 416.32501220703125 407.399993896484375 398.01873779296875 386.61248779296875 371.73126220703125 360.6875 347.95623779296875 336.056243896484375 325.306243896484375 314.725006103515625 310.806243896484375 308.412506103515625 308.306243896484375 309.4375 312.15625 315.39373779296875 319.88751220703125 327.36248779296875 332.54376220703125 344.506256103515625 360.16876220703125 377.71875 393.79998779296875 413.475006103515625 430.23126220703125 445.256256103515625 460.67498779296875 472.98126220703125 481.462493896484375 485.64373779296875 489.1875 491.162506103515625 487.88751220703125 483.42498779296875 475.931243896484375
416.125 430.79376220703125 443.82501220703125 460.787506103515625 474.71875 470.6875 464.20623779296875 459.243743896484375 454.431243896484375 445.51873779296875 435.962493896484375 423.087493896484375 412.131256103515625 396.693756103515625 381.09375 368.11248779296875 354.600006103515625 343.45001220703125 332.25 323.39373779296875 320.837493896484375 319.806243896484375 318.412506103515625 319.875 323.743743896484375 327.475006103515625 334.34375 339.100006103515625 343.443756103515625 357.79998779296875 374.25 391.70623779296875 412.65625 433.256256103515625 450.21875 465.850006103515625 485.681243896484375 502.79998779296875 511.5 517.85626220703125 522.83123779296875 521.82501220703125 518.2750244140625 514.4000244140625 505.59375
408.506256103515625 424.16876220703125 442.431243896484375 455.931243896484375 469.037506103515625 471.693756103515625 471.15625 471.125 471.8125 467.368743896484375 455.15625 437.34375 420.21875 404.65625 387.662506103515625 373.86248779296875 360.993743896484375 350.5 340.57501220703125 333.318756103515625 332.85626220703125 332.287506103515625 329.91876220703125 332.84375 336.6875 339.106231689453125 347.493743896484375 351.368743896484375 356.26251220703125 373.48748779296875 390.91876220703125 409.29376220703125 428.006256103515625 449.118743896484375 467.631256103515625 488.631256103515625 509.649993896484375 529.1187744140625 543.1187744140625 549.26251220703125 555.8062744140625 556.7750244140625 549.33123779296875 542.34375 534.45623779296875
420.45001220703125 429.26873779296875 435.13751220703125 448.006256103515625 464.712493896484375 469.61248779296875 470.26873779296875 475.60626220703125 482.79376220703125 485.100006103515625 468.662506103515625 442.90625 424.806243896484375 409.462493896484375 392 377.45001220703125 363.60626220703125 354.943756103515625 346.537506103515625 340.36248779296875 341.806243896484375 341.100006103515625 339.9375 345.131256103515625 346.649993896484375 349.493743896484375 356.14373779296875 364.64373779296875 372.818756103515625 388.48748779296875 406.85626220703125 422.131256103515625 441.23748779296875 464.09375 485.51873779296875 508.26251220703125 529.98126220703125 552.5687255859375 569.9312744140625 579.17498779296875 589.85626220703125 584.5875244140625 578.25 573.66876220703125 561.88751220703125
421.725006103515625 432.89373779296875 439.36248779296875 442.45623779296875 457.23748779296875 464.524993896484375 465.975006103515625 471.84375 479.243743896484375 485.493743896484375 465.118743896484375 441.0625 424.712493896484375 410.48748779296875 393.274993896484375 380.118743896484375 365 357.13751220703125 352.42498779296875 348.36248779296875 348.51251220703125 348.17498779296875 350.506256103515625 354.5 358.11248779296875 362.774993896484375 369.29376220703125 377.29376220703125 385.368743896484375 400.162506103515625 417.39373779296875 435.40625 451.45001220703125 473.85626220703125 498.443756103515625 521.20623779296875 547.7437744140625 572.42498779296875 591.4749755859375 606.9437255859375 613.54376220703125 608.78125 604.73748779296875 601.78125 591.625
424.86248779296875 435.76251220703125 442.412506103515625 444.08123779296875 446.66876220703125 447.48748779296875 448.806243896484375 452.48748779296875 453.068756103515625 450.67498779296875 443.5 431.04998779296875 421.90625 408.756256103515625 394.20623779296875 383.337493896484375 369.881256103515625 359.600006103515625 353.91876220703125 352.57501220703125 355.01251220703125 357.11248779296875 359.82501220703125 362.306243896484375 367.743743896484375 374.21875 382.256256103515625 388.337493896484375 395.92498779296875 410.818756103515625 428.443756103515625 444.712493896484375 462.912506103515625 482.006256103515625 505.90625 530.17498779296875 555.3499755859375 583.1937255859375 609.08123779296875 625.98126220703125 628.7750244140625 626.6500244140625 625.13751220703125 623.20623779296875 615.85626220703125
429.08123779296875 436.743743896484375 440.337493896484375 444.506256103515625 447.35626220703125 443.850006103515625 434.42498779296875 424.28125 414.412506103515625 411.78125 417.712493896484375 418.475006103515625 414.975006103515625 406.95001220703125 396.375 385.32501220703125 372.806243896484375 363.29376220703125 355.60626220703125 355.681243896484375 361.04998779296875 365.287506103515625 367.73126220703125 371.40625 379.42498779296875 383.962493896484375 391.649993896484375 398.475006103515625 406.8125 422.162506103515625 435.912506103515625 451.375 469.54998779296875 489.04376220703125 511.08123779296875 531.38751220703125 557.6875 584.32501220703125 607.9375 624.1937255859375 633.3187255859375 636.04376220703125 635.3687744140625 632.2437744140625 621.41876220703125
431.85626220703125 439.725006103515625 442.20001220703125 443.399993896484375 445.1875 438.787506103515625 430.23126220703125 417.524993896484375 399.08123779296875 389.66876220703125 400.8125 407.118743896484375 412.95623779296875 407.70001220703125 397.943756103515625 389.51251220703125 380.23748779296875 372.54376220703125 367.21875 364.79376220703125 364.15625 371.1875 373.83123779296875 380.993743896484375 388.45001220703125 391.07501220703125 397.60626220703125 405.48126220703125 413.84375 428.14373779296875 443.306243896484375 454.6875 469.975006103515625 485.162506103515625 506.20001220703125 527.11248779296875 553.07501220703125 575.59375 598.98748779296875 615.1937255859375 626.75 628.60626220703125 632.34375 633.70623779296875 616.0625
434.04998779296875 439.08123779296875 441.96875 443.149993896484375 442.725006103515625 437.274993896484375 430.475006103515625 419 408.36248779296875 404.5 409.506256103515625 410.537506103515625 413.03125 408.67498779296875 402.78125 394.806243896484375 387.53125 381.82501220703125 376.71875 377.125 376.39373779296875 378.79998779296875 380.73748779296875 390.03125 393.662506103515625 394.225006103515625 400.350006103515625 407.9375 417.98126220703125 434.5625 444.912506103515625 452.98748779296875 466.11248779296875 480.537506103515625 498.850006103515625 520.73126220703125 541.5374755859375 563.1312255859375 585.1812744140625 605.70001220703125 622.11248779296875 626.3187255859375 629.08123779296875 623.7750244140625 610.65625
436.14373779296875 442 443.34375 443.212493896484375 440.01873779296875 435.85626220703125 430.90625 422.475006103515625 417.64373779296875 416.537506103515625 420.556243896484375 423.118743896484375 417.70623779296875 412.57501220703125 405.3125 397.91876220703125 392.76873779296875 388.850006103515625 386.087493896484375 385.65625 390.15625 391.0625 389.23126220703125 387.212493896484375 395.399993896484375 396.868743896484375 400.26251220703125 406.98126220703125 415.100006103515625 430.381256103515625 439.6875 446.399993896484375 459.162506103515625 472.46875 489.118743896484375 505.38751220703125 524.29376220703125 545.39373779296875 568.91876220703125 590.8125 607.51251220703125 612.88751220703125 621.3375244140625 621.95001220703125 606.85626220703125
434.39373779296875 438.89373779296875 439.493743896484375 443.58123779296875 442.51251220703125 436.337493896484375 434.274993896484375 430.699981689453125 428.993743896484375 429.03125 432.70001220703125 436.0625 425.649993896484375 416.79376220703125 408.631256103515625 401.61248779296875 395.45623779296875 391.61248779296875 389.75 390.36248779296875 393.89373779296875 394.66876220703125 393.524993896484375 395.54376220703125 394.71875 390.443756103515625 393.475006103515625 398.60626220703125 406.98748779296875 418.10626220703125 426.949981689453125 434.34375 444.625 457.58123779296875 472.79998779296875 489.556243896484375 509.493743896484375 530.8187255859375 549.8125 567.66876220703125 586.375 595.0250244140625 602.39373779296875 597.79998779296875 583.10626220703125
433.524993896484375 437.243743896484375 438.23126220703125 440.53125 441.73126220703125 441.07501220703125 437.431243896484375 433.59375 431.76251220703125 435.01251220703125 438.256256103515625 441.662506103515625 433.21875 415.556243896484375 406.568756103515625 401.83123779296875 394.04998779296875 390.087493896484375 389.818756103515625 388.54998779296875 391.962493896484375 390.600006103515625 385.881256103515625 387.26251220703125 378.443756103515625 372.556243896484375 380.056243896484375 385.725006103515625 395.92498779296875 404.98126220703125 412.82501220703125 418.993743896484375 428.09375 440.15625 452.875 471.78125 491.806243896484375 512.5374755859375 533.5625 551.79376220703125 561.91876220703125 574.70623779296875 578.1812744140625 575.8062744140625 568.64373779296875
431.20623779296875 434.48748779296875 433.862518310546875 435.34375 439.25 438.59375 435.087493896484375 432.70623779296875 433.03125 434.26251220703125 433.40625 431.45001220703125 425.76251220703125 413.85626220703125 400.837493896484375 397.03125 389.087493896484375 382.725006103515625 382.82501220703125 379.662506103515625 381.15625 377.4375 373.82501220703125 369.818756103515625 364.443756103515625 361.04376220703125 367.087493896484375 374.11248779296875 382.79376220703125 391.756256103515625 398.45001220703125 405.03125 410.537506103515625 421.41876220703125 435.087493896484375 454.9375 474.76251220703125 497.83123779296875 521.89373779296875 537.71875 541.71875 544.2562255859375 557.9937744140625 571.9312744140625 571.3062744140625
427.774993896484375 431.36248779296875 431.681243896484375 433.73748779296875 438.34375 437.34375 435.54376220703125 433.03125 430.61248779296875 428.73748779296875 426.32501220703125 423.73748779296875 416.756256103515625 406.1875 391.806243896484375 383.20001220703125 376.98126220703125 375.162506103515625 374.09375 371.25 369.91876220703125 368.20623779296875 362.4375 358.86248779296875 354.96875 354.287506103515625 359.568756103515625 367.45623779296875 376.41876220703125 383.087493896484375 386.1875 387.756256103515625 396.65625 404.83123779296875 415.90625 434.193756103515625 461.756256103515625 491.21875 515.32501220703125 527.4375 532.9937744140625 541.98126220703125 562.3499755859375 569.5999755859375 563.8062744140625
421.91876220703125 425.20001220703125 428.3125 432.29376220703125 435.95623779296875 435.01251220703125 432.837493896484375 430.70623779296875 430.181243896484375 426.1875 421.79376220703125 417.75 411.037506103515625 399.024993896484375 382.181243896484375 365.54998779296875 364.100006103515625 367.20623779296875 364.70001220703125 362.58123779296875 361.25 357.34375 351.037506103515625 348.881256103515625 345.9375 347.51873779296875 351.82501220703125 360.8125 369.70623779296875 376.725006103515625 382.07501220703125 382.4375 382.431243896484375 387.29998779296875 393.993743896484375 421.48126220703125 449.493743896484375 480.600006103515625 507.287506103515625 528.48126220703125 539.7874755859375 551.48126220703125 562.4625244140625 564.4375 555.29998779296875
414.28125 419.493743896484375 424.556243896484375 429.681243896484375 433.037506103515625 432.087493896484375 432.412506103515625 430.29376220703125 426.868743896484375 422.993743896484375 417.04376220703125 412.65625 404.61248779296875 393.14373779296875 379 366.01251220703125 355.45001220703125 355.48748779296875 356.29998779296875 355.75 354.087493896484375 351.243743896484375 345.024993896484375 339.787506103515625 338.03125 339.131256103515625 345.14373779296875 354.056243896484375 364.6875 373.08123779296875 377.33123779296875 377.86248779296875 378.63751220703125 382.20623779296875 396.60626220703125 418.48126220703125 448.11248779296875 481.67498779296875 517.4000244140625 537.07501220703125 551.51873779296875 559.08123779296875 559.2562255859375 558.4124755859375 546.73126220703125
405.46875 414.256256103515625 419.6875 428.225006103515625 432.443756103515625 433.181243896484375 434.66876220703125 430.868743896484375 426.28125 419.693756103515625 411.399993896484375 405.818756103515625 397.36248779296875 388.09375 375.45623779296875 364.63751220703125 353.60626220703125 342.537506103515625 347.17498779296875 347.699981689453125 348.931243896484375 345.537506103515625 339.975006103515625 335.73126220703125 335.73126220703125 337.79376220703125 340.756256103515625 352.962493896484375 365.149993896484375 371.818756103515625 370.34375 361.04998779296875 370.256256103515625 380.42498779296875 392.4375 419.78125 449.5625 481.41876220703125 512.6812744140625 540.45001220703125 550.34375 554.6624755859375 554.5062255859375 551.7125244140625 541.7874755859375
395.225006103515625 406.79998779296875 415.725006103515625 423.506256103515625 429.54376220703125 432.53125 433.225006103515625 432.881256103515625 428.125 419.881256103515625 408.375 397.51873779296875 389.48748779296875 383.01251220703125 367.82501220703125 357.375 348.006256103515625 338.76251220703125 334.475006103515625 335.318756103515625 343.23748779296875 343.79998779296875 329.36248779296875 331.10626220703125 335.33123779296875 341.712493896484375 349.04998779296875 358.84375 371.70001220703125 375.89373779296875 373.681243896484375 365.79998779296875 368.587493896484375 368.13751220703125 378.41876220703125 406.45001220703125 438.23126220703125 469.16876220703125 503.66876220703125 527.54998779296875 545.7750244140625 550.5250244140625 548.39373779296875 545.3375244140625 536.8375244140625
384.256256103515625 398.79998779296875 407.931243896484375 414.600006103515625 424.48748779296875 431.931243896484375 435.868743896484375 433.34375 427.95623779296875 419.006256103515625 405.23748779296875 395.899993896484375 386.962493896484375 378.100006103515625 361.48748779296875 344.568756103515625 332.375 331.26873779296875 326.51251220703125 326.51251220703125 329.306243896484375 327.774993896484375 326.875 330.48748779296875 336.1875 342.962493896484375 352.98748779296875 366.899993896484375 376.42498779296875 376.068756103515625 369.40625 369.15625 365.95001220703125 358.149993896484375 359.21875 386.506256103515625 426.53125 465.037506103515625 496.51873779296875 521.9124755859375 537.9437255859375 542.76251220703125 541.8375244140625 538.90625 526.9437255859375
