data/historical-monthly-weather-data/wc2.1_cruts4.09_10m_prec_2014-04.asc
ncols        51
nrows        45
xllcorner    -63.500000000000
yllcorner    -7.500000000000
cellsize     0.166666666667
NODATA_value -9999
[rows 20 to 39 of 45, columns 0 to 43 of 51]
236.28125 240.506256103515625 244.537506103515625 247.9187469482421875 250.131256103515625 258.431243896484375 266.38751220703125 270.131256103515625 272.42498779296875 271.25 267.274993896484375 259.79376220703125 252.399993896484375 246.6500091552734375 238.1125030517578125 231.318756103515625 226.493743896484375 225.7687530517578125 227.4562530517578125 228.1125030517578125 229.4250030517578125 228.431243896484375 225.7375030517578125 224.4187469482421875 225.975006103515625 227.1750030517578125 227.631256103515625 227.649993896484375 226.2687530517578125 225.693756103515625 221.931243896484375 217.7312469482421875 204.7624969482421875 189.931243896484375 177.787506103515625 186.431243896484375 200.7687530517578125 211.5437469482421875 217.462493896484375 219.087493896484375 217.587493896484375 216.8000030517578125 212.46875 209.975006103515625
230.9875030517578125 232.912506103515625 238.024993896484375 245.9375 251.3562469482421875 258.45623779296875 266.962493896484375 273.39373779296875 275.96875 272.181243896484375 263.73126220703125 251.2375030517578125 241.5187530517578125 235.7312469482421875 232.15625 227.443756103515625 225.7937469482421875 224.2937469482421875 225.118743896484375 224.8874969482421875 222.03125 220.8000030517578125 221.15625 221.2312469482421875 223.7312469482421875 229.4499969482421875 240.03125 239.662506103515625 237.212493896484375 236.1750030517578125 231.6374969482421875 225.462493896484375 213.9250030517578125 202.975006103515625 196.506256103515625 199.40625 209.193756103515625 217.493743896484375 220.381256103515625 219.8937530517578125 217.8125 215.53125 210.8874969482421875 207.3625030517578125
226.881256103515625 233.631256103515625 239.993743896484375 247.462493896484375 253.3312530517578125 260.725006103515625 267.181243896484375 275.67498779296875 283.287506103515625 274.23126220703125 259.66876220703125 243.0812530517578125 231.118743896484375 226.9562530517578125 226.53125 225.875 223.899993896484375 221.443756103515625 220.2937469482421875 218.3249969482421875 216.100006103515625 214.256256103515625 212.375 213.681243896484375 219.506256103515625 228.024993896484375 240.5187530517578125 243.4499969482421875 242.7312469482421875 241.2687530517578125 239.100006103515625 235.443756103515625 228.912506103515625 221.625 217.78125 216.962493896484375 221.1875 225.774993896484375 225.6374969482421875 221.65625 217.46875 213.193756103515625 208.2062530517578125 204.03125
225.8249969482421875 233.5437469482421875 241.53125 246.881256103515625 251.8125 259.04998779296875 267.60626220703125 274.29376220703125 279.32501220703125 269.243743896484375 254.0437469482421875 239.7624969482421875 224.0187530517578125 223.03125 224.1187591552734375 223.2937469482421875 220.743743896484375 219.5625 216.9375 214.8562469482421875 211.287506103515625 207.0500030517578125 204.3937530517578125 207.2937469482421875 212.899993896484375 218.1374969482421875 228.2062530517578125 237.4812469482421875 242.006256103515625 246.287506103515625 248.875 250.9875030517578125 247.0124969482421875 240.40625 236.649993896484375 234.0437469482421875 234.8125 233.6437530517578125 229.25 222.2937469482421875 216.5 210.8000030517578125 205.212493896484375 200.162506103515625
227.8937530517578125 236.3874969482421875 242.787506103515625 248.524993896484375 253.868743896484375 259.45001220703125 265.318756103515625 269.931243896484375 269.88751220703125 264.48126220703125 252.381256103515625 239.100006103515625 230.78125 225.5374908447265625 223.6687469482421875 221.912506103515625 220.7937469482421875 218.8874969482421875 215.875 211.6062469482421875 206.3625030517578125 200.96875 197.71875 198.881256103515625 203.0124969482421875 211.9499969482421875 223.662506103515625 234 243.0562591552734375 254.1437530517578125 262.35626220703125 269.08123779296875 266.76251220703125 259.79998779296875 253.1687469482421875 246.0437469482421875 242.5437469482421875 236.462493896484375 230.193756103515625 223.193756103515625 215.8625030517578125 208.96875 203.631256103515625 197.493743896484375
236.806243896484375 244.09375 245.28125 249.287506103515625 252.09375 256.71875 261.193756103515625 263.73126220703125 260.59375 254.881256103515625 248.2624969482421875 241.5 235.2375030517578125 231.4375 226.8874969482421875 225.350006103515625 222.9812469482421875 220.15625 215.462493896484375 208.868743896484375 204.15625 196.7375030517578125 190.837493896484375 188.125 195.087493896484375 206.7375030517578125 222.537506103515625 234.399993896484375 247.6875 260.587493896484375 274.993743896484375 287.337493896484375 286.54376220703125 276.0625 264.73126220703125 254.9375 247.475006103515625 239.212493896484375 230.9875030517578125 223.1062469482421875 215.59375 207.568756103515625 200.681243896484375 193.350006103515625
240.9375 244.006256103515625 246.056243896484375 248.162506103515625 248.774993896484375 253.2937469482421875 255.7375030517578125 255.78125 253.125 252.256256103515625 249.6125030517578125 244.4499969482421875 240.350006103515625 237.5749969482421875 233.3937530517578125 230.537506103515625 227.25 222.6750030517578125 218.4375 212.600006103515625 205.037506103515625 196.381256103515625 187.774993896484375 184.318756103515625 193.8249969482421875 205 221.8937530517578125 235.4375 250.600006103515625 265.462493896484375 283.131256103515625 298.756256103515625 300.0625 286.274993896484375 272.068756103515625 259.95623779296875 250.568756103515625 241.1125030517578125 231.443756103515625 223.100006103515625 214.2624969482421875 207.2375030517578125 200.1062469482421875 193.9499969482421875
246.125 245.618743896484375 246.0812530517578125 246.600006103515625 247.431243896484375 249.5437469482421875 251.806243896484375 250.149993896484375 249.818756103515625 250.1750030517578125 247.3125 245.6687469482421875 243.5437469482421875 242.962493896484375 239.381256103515625 234.90625 231.8937530517578125 229.3937530517578125 223.537506103515625 218.443756103515625 211.4562530517578125 202.0437469482421875 197.2375030517578125 194.3625030517578125 199.899993896484375 209.806243896484375 223.7937469482421875 237.9187469482421875 252.412506103515625 267.95001220703125 283.649993896484375 297.25 296.38751220703125 285.256256103515625 273.681243896484375 261.13751220703125 251.9812469482421875 242.5749969482421875 232.90625 223.8562469482421875 215.337493896484375 208.6750030517578125 202.0500030517578125 197.618743896484375
249.0124969482421875 246.8125 245.3000030517578125 245.318756103515625 244.6750030517578125 244.212493896484375 244.912506103515625 246.1750030517578125 248.4187469482421875 248.149993896484375 248.03125 247.7687530517578125 246.65625 247.3125 245.8874969482421875 244.131256103515625 241.649993896484375 236.34375 232.056243896484375 226.21875 219.9250030517578125 211.34375 207.2062530517578125 206.2062530517578125 209.125 216.9187469482421875 229.4875030517578125 241.9875030517578125 255.0187530517578125 268.725006103515625 280.36248779296875 290.57501220703125 286.54376220703125 279.243743896484375 270.193756103515625 259.912506103515625 251.9187469482421875 243.556243896484375 234.59375 224.5187530517578125 214.149993896484375 208.118743896484375 203.368743896484375 205.3937530517578125
250.8125 247.34375 245.03125 241.524993896484375 240.6999969482421875 241.162506103515625 242.15625 244.09375 245.8125 246.25 247.993743896484375 248.993743896484375 251.774993896484375 253.881256103515625 253.0500030517578125 251.243743896484375 249.3249969482421875 247.3249969482421875 242.15625 234.625 226.881256103515625 221.350006103515625 218.774993896484375 216.5812530517578125 217.493743896484375 223.3562469482421875 234.7624969482421875 244.568756103515625 255.837493896484375 266.368743896484375 275.4375 281.3125 277.76251220703125 272.899993896484375 266.5625 258.03125 251.818756103515625 244.7062530517578125 235.3125 227.743743896484375 220.2687530517578125 215.9812469482421875 211.8125 214.243743896484375
250.225006103515625 245.3312530517578125 242.162506103515625 239.225006103515625 238.59375 238.3562469482421875 239.931243896484375 240.4499969482421875 242.46875 244.96875 247.9562530517578125 250.993743896484375 256.59375 258.375 259.26251220703125 258.881256103515625 259.287506103515625 257.70001220703125 253.712493896484375 247.0437469482421875 239.056243896484375 232.2312469482421875 228.4250030517578125 224.243743896484375 223.0749969482421875 230.6437530517578125 238.181243896484375 247.4250030517578125 256.39373779296875 262.90625 269.83123779296875 273.9375 271.931243896484375 267.88751220703125 262.0625 255.5437469482421875 248.4187469482421875 242.587493896484375 236.8249969482421875 230.631256103515625 224.5749969482421875 220.8375091552734375 218.8312530517578125 218.8312530517578125
247.6875 242.1687469482421875 239.0187530517578125 237.943756103515625 236.649993896484375 234.7687530517578125 236.024993896484375 236.037506103515625 238.375 241.2062530517578125 245.8562469482421875 252.8625030517578125 258.04998779296875 262.45001220703125 264.118743896484375 265.443756103515625 264.431243896484375 263.70623779296875 259.6875 256.54998779296875 249.462493896484375 242.6687469482421875 237.03125 233.0124969482421875 233.8125 237.4875030517578125 242.287506103515625 250.256256103515625 256.212493896484375 261.38751220703125 266.78125 269.45623779296875 265.600006103515625 261.9375 257.29998779296875 251.3874969482421875 246.1062469482421875 239.5749969482421875 234.5500030517578125 229.318756103515625 227.3625030517578125 225.649993896484375 224.03125 224.40625
245.568756103515625 238.975006103515625 236.3562469482421875 234.443756103515625 233.912506103515625 231.850006103515625 230.6374969482421875 231.3312530517578125 233.2312469482421875 237.7624969482421875 246.100006103515625 252.681243896484375 260.95001220703125 268.04998779296875 270.125 271.03125 271.850006103515625 271.618743896484375 266.82501220703125 262.61248779296875 257.86248779296875 251.568756103515625 245.475006103515625 241.84375 242.537506103515625 242.618743896484375 246.975006103515625 251.6875 256.368743896484375 260.881256103515625 263.38751220703125 263.75 259.649993896484375 256.61248779296875 252.787506103515625 248.5812530517578125 243.431243896484375 238.2125091552734375 232.524993896484375 232.3000030517578125 229.90625 228.5 228.4812469482421875 230.1999969482421875
242.09375 236.962493896484375 234.725006103515625 232.2687530517578125 230.381256103515625 229.4562530517578125 228.1374969482421875 226.8125 228.4812469482421875 233.212493896484375 240.5749969482421875 251.524993896484375 262.60626220703125 269.306243896484375 273.23126220703125 274.318756103515625 276.45001220703125 276.1875 272.524993896484375 268.48126220703125 263.96875 258.60626220703125 253.2937469482421875 247.4499969482421875 248.25 247.3874969482421875 248.9499969482421875 251.975006103515625 255.693756103515625 257.225006103515625 258.26251220703125 258.912506103515625 254.993743896484375 251.78125 248.618743896484375 244.274993896484375 240.1062469482421875 233.21875 232.2375030517578125 232.0437469482421875 229.568756103515625 229.9562530517578125 231.34375 234.087493896484375
237.2687530517578125 234.318756103515625 233.1437530517578125 229.4250030517578125 226.71875 224.7062530517578125 222.59375 221.662506103515625 221.78125 225.006256103515625 235.03125 249.7624969482421875 264.76251220703125 276.0625 279.39373779296875 281.024993896484375 281.462493896484375 278.787506103515625 277.4375 272.006256103515625 269.443756103515625 263.118743896484375 258.35626220703125 251.287506103515625 250.381256103515625 250.931243896484375 251.65625 252.024993896484375 254.618743896484375 256.01873779296875 255.1062469482421875 254.9250030517578125 249.975006103515625 247.399993896484375 243.524993896484375 238.774993896484375 233.2687530517578125 232.3312530517578125 231.681243896484375 230.774993896484375 228.618743896484375 229.8562469482421875 232.3000030517578125 234.9499969482421875
235.21875 233.850006103515625 232.0812530517578125 228.6687469482421875 225.1687469482421875 221.7687530517578125 219.556243896484375 217.100006103515625 214.725006103515625 216.2687530517578125 225.037506103515625 242.787506103515625 262.51873779296875 275.587493896484375 280.1875 282.63751220703125 284.087493896484375 282.193756103515625 280.57501220703125 278.024993896484375 273.66876220703125 268.54998779296875 260.399993896484375 254.725006103515625 251.881256103515625 251.6062469482421875 252.443756103515625 253.3000030517578125 254.8937530517578125 254.256256103515625 252.787506103515625 250.743743896484375 245.962493896484375 243.9875030517578125 239.287506103515625 232.8249969482421875 231.9562530517578125 231.34375 229.787506103515625 229.40625 229.162506103515625 229.875 231.1875 233.8874969482421875
233.9250030517578125 233.8249969482421875 231.3937530517578125 228.493743896484375 224.618743896484375 221.0812530517578125 218.65625 213.5625 207.9375 205.65625 216.649993896484375 240.4812469482421875 258.618743896484375 270.04998779296875 277.86248779296875 282.04376220703125 282.51873779296875 281.85626220703125 281.32501220703125 277.25 273.64373779296875 268.006256103515625 260.29376220703125 255.431243896484375 251.6125030517578125 250.8312530517578125 252.40625 253.71875 254.2375030517578125 252.1374969482421875 250.899993896484375 249.118743896484375 244.4812469482421875 240.4187469482421875 235.3312530517578125 231.493743896484375 230.962493896484375 231.337493896484375 231.443756103515625 228.9812469482421875 228.681243896484375 228.7937469482421875 230.693756103515625 232.399993896484375
235.28125 233.6374969482421875 230.399993896484375 228.21875 224.53125 221.5374908447265625 217.993743896484375 212.0124969482421875 207.3937530517578125 203.15625 219.6125030517578125 242.975006103515625 257.556243896484375 267.743743896484375 275.018768310546875 280.04998779296875 280.212493896484375 280.681243896484375 277.59375 272.787506103515625 269.193756103515625 263.26873779296875 258.26873779296875 253.712493896484375 249.8874969482421875 250.368743896484375 249.6999969482421875 252.46875 253.681243896484375 251.868743896484375 248.1750030517578125 246.2312469482421875 243.2687530517578125 238.4375 231.6374969482421875 231.462493896484375 231.087493896484375 230 231.681243896484375 229.993743896484375 227.899993896484375 228.274993896484375 227.8874969482421875 228.0124969482421875
236.4499969482421875 232.5 229.7125091552734375 228.2687530517578125 226.1750030517578125 222.149993896484375 219.34375 216.0749969482421875 217.006256103515625 224.2375030517578125 241.1875 252.7624969482421875 259.068756103515625 267.13751220703125 273.399993896484375 276.11248779296875 276.787506103515625 276.024993896484375 270.61248779296875 267.35626220703125 262.899993896484375 256.86248779296875 252.4375 250.1374969482421875 247.899993896484375 246.3249969482421875 246.681243896484375 249.0812530517578125 250.15625 250.1687469482421875 248.087493896484375 244.100006103515625 241.4812469482421875 238.787506103515625 237.225006103515625 234.6999969482421875 232.493743896484375 232.2312469482421875 231.3874969482421875 227.943756103515625 226.3125 226.931243896484375 225.4562530517578125 226.2624969482421875
236.8625030517578125 233.4499969482421875 231.21875 230.2312469482421875 228.537506103515625 226.274993896484375 222.6875 223.7312469482421875 227.662506103515625 234.9562530517578125 245.2937469482421875 255.3937530517578125 260.73126220703125 266.73748779296875 271.42498779296875 272.993743896484375 273.225006103515625 271.774993896484375 265.493743896484375 260.4375 254.881256103515625 251.40625 244.8625030517578125 242.600006103515625 243.556243896484375 243.243743896484375 244.1374969482421875 246.5625 247.9562530517578125 248.09375 244.881256103515625 246 246.2937469482421875 244.21875 243.149993896484375 240.149993896484375 236.8874969482421875 235.6125030517578125 232.9499969482421875 227.3000030517578125 224.3687591552734375 224.4562530517578125 221.787506103515625 221.7937469482421875
