data/historical-monthly-weather-data/wc2.1_cruts4.09_10m_prec_1954-11.asc
ncols        51
nrows        45
xllcorner    -63.500000000000
yllcorner    -7.500000000000
cellsize     0.166666666667
NODATA_value -9999
[rows 20 to 39 of 45, columns 0 to 43 of 51]
170.53125 175.78125 181.462493896484375 187.15625 192.1687469482421875 198.431243896484375 204.587493896484375 209.412506103515625 212.8000030517578125 213.96875 213.5437469482421875 210.9875030517578125 206.5625 199.681243896484375 195.21875 190.3249969482421875 186.5749969482421875 187.4250030517578125 193.0625 198.412506103515625 207.90625 215.4250030517578125 219.806243896484375 222.5187530517578125 224.7624969482421875 223.993743896484375 217.725006103515625 206.4562530517578125 193.506256103515625 183.6999969482421875 176.2687530517578125 176.5187530517578125 183.4499969482421875 192.8312530517578125 202.6687469482421875 214.149993896484375 223.59375 233.1125030517578125 238.9187469482421875 244.4375 247.8000030517578125 249.3312530517578125 248.46875 246.0437469482421875
165.3625030517578125 169.8562469482421875 176.556243896484375 183.243743896484375 189.787506103515625 196.8625030517578125 204.681243896484375 211.068756103515625 216.8937530517578125 220.149993896484375 221.243743896484375 220.90625 217.9187469482421875 211.2687530517578125 205.3312530517578125 199.274993896484375 195.6312408447265625 194.5812530517578125 196.6437530517578125 200.6125030517578125 205.693756103515625 211.462493896484375 217.0500030517578125 220.2624969482421875 222.399993896484375 222.931243896484375 220.149993896484375 211.9812469482421875 203.7624969482421875 196.631256103515625 189.1999969482421875 188.306243896484375 194.75 205.743743896484375 217.5437469482421875 228.6875 238.068756103515625 246.431243896484375 249.712493896484375 254.100006103515625 256.29998779296875 256.96875 256.449981689453125 255.524993896484375
160.493743896484375 166.2687530517578125 173.09375 180.3125 187.712493896484375 195.2312469482421875 203.0124969482421875 211.868743896484375 219.8937530517578125 224.568756103515625 228.34375 229.962493896484375 231.9250030517578125 226.462493896484375 216.6687469482421875 208.037506103515625 202.6125030517578125 200.649993896484375 200.3125 201.725006103515625 205.506256103515625 209.475006103515625 213.475006103515625 217 221.34375 224.0500030517578125 221.8937530517578125 217.787506103515625 211.506256103515625 205.506256103515625 200.631256103515625 199.6750030517578125 207.9375 219.725006103515625 231.40625 243.2687530517578125 252.875 258.45623779296875 260.212493896484375 263.100006103515625 265.537506103515625 265.287506103515625 264.45001220703125 263.45001220703125
155.993743896484375 161.8937530517578125 168.975006103515625 175.649993896484375 183.4875030517578125 192.131256103515625 200.7375030517578125 210.381256103515625 218.0500030517578125 224.0500030517578125 229.3249969482421875 235.8562469482421875 241.4812469482421875 235.5 223.912506103515625 214.5437469482421875 208.2624969482421875 205.59375 203.693756103515625 202.756256103515625 205.462493896484375 208.3000030517578125 210.600006103515625 214.524993896484375 219.537506103515625 222.8312530517578125 224.96875 220.6999969482421875 217.587493896484375 213.2312469482421875 211.0749969482421875 211.34375 219.743743896484375 230.931243896484375 243.337493896484375 257.181243896484375 267.1875 270.274993896484375 271.537506103515625 273.16876220703125 274.33123779296875 273.625 272.54376220703125 271.20623779296875
153.8125 158.78125 165.6687469482421875 172.5 180.975006103515625 188.8937530517578125 197.006256103515625 206.0749969482421875 214.2375030517578125 220.8312530517578125 227.3625030517578125 232.0625 236.15625 233.1374969482421875 225.1437530517578125 217.28125 211.4375 207.78125 205.5124969482421875 203.78125 204.975006103515625 205.693756103515625 208.087493896484375 211.818756103515625 216.4499969482421875 222.7624969482421875 225.100006103515625 224.475006103515625 222.443756103515625 221.212493896484375 219.5625 220.59375 229.0437469482421875 239.943756103515625 251.0124969482421875 262.96875 273.243743896484375 277.16876220703125 279.29998779296875 281.84375 282.381256103515625 281.3125 281.53125 282.14373779296875
153.993743896484375 158.8249969482421875 163.1750030517578125 170.2062530517578125 177.1750030517578125 184.3312530517578125 191.649993896484375 199.975006103515625 207.725006103515625 214.6750030517578125 220.9187469482421875 225.5124969482421875 227.787506103515625 226.5500030517578125 222.2624969482421875 217.2375030517578125 213.131256103515625 209.8000030517578125 207.3249969482421875 205.475006103515625 205.4562530517578125 205.225006103515625 205.59375 207.943756103515625 214.181243896484375 222.2375030517578125 226.71875 228.4499969482421875 228.6687469482421875 228.625 227.40625 228.5437469482421875 237.087493896484375 246.087493896484375 256.212493896484375 266.79376220703125 275.95001220703125 282.20623779296875 286.8125 289.70001220703125 291.368743896484375 290.256256103515625 287.91876220703125 290.20623779296875
154.4375 156.84375 160.5749969482421875 165.756256103515625 171.0187530517578125 177.2937469482421875 185.3937530517578125 192.8937530517578125 199.1062469482421875 206.125 213.506256103515625 218.25 220.71875 221.024993896484375 218.8625030517578125 214.8937530517578125 212.1875 210.100006103515625 208.3249969482421875 206.1062469482421875 205.631256103515625 204.9187469482421875 204.3000030517578125 206.943756103515625 214.8625030517578125 223.0625 227.6750030517578125 230.462493896484375 232.8000030517578125 232.2312469482421875 232.443756103515625 233.931243896484375 243.375 252.787506103515625 261.225006103515625 270.85626220703125 279.412506103515625 285.36248779296875 291.943756103515625 296.54376220703125 299.45623779296875 298.04998779296875 296.04376220703125 296.60626220703125
154.71875 154.7062530517578125 157.25 160.5500030517578125 164.7624969482421875 170.1875 177.5 185.125 191.818756103515625 198.818756103515625 205.1125030517578125 210.21875 213.34375 214.71875 214.5187530517578125 212.375 210.375 209.90625 208.7375030517578125 207.3937530517578125 207.649993896484375 206.818756103515625 208.3562469482421875 212.5 219.131256103515625 225.9375 229.693756103515625 233.1437530517578125 235.462493896484375 235.2687530517578125 234.75 236.6687469482421875 246.524993896484375 255.431243896484375 265.368743896484375 274.368743896484375 282.225006103515625 289.76873779296875 295.38751220703125 303.649993896484375 310.037506103515625 309.53125 302.475006103515625 301.618743896484375
155.03125 152.743743896484375 153.0749969482421875 155.0500030517578125 158.0437469482421875 162.90625 169.53125 176.7937469482421875 184.4812469482421875 191.3249969482421875 197.8312530517578125 202.6875 206.881256103515625 209.0625 209.818756103515625 210.162506103515625 210.3249969482421875 209.818756103515625 209.431243896484375 209.0625 210.3312530517578125 210.5625 213.131256103515625 218.4875030517578125 224.3249969482421875 229.8937530517578125 233.712493896484375 235.9562530517578125 238.368743896484375 237.256256103515625 236.875 238.2062530517578125 247.2062530517578125 256.95623779296875 268.068756103515625 276.73126220703125 284.743743896484375 291.54376220703125 297.662506103515625 304.806243896484375 314.13751220703125 312.725006103515625 308.95623779296875 314.32501220703125
156.912506103515625 152.5500030517578125 151.2375030517578125 150.287506103515625 152.243743896484375 156.96875 163.162506103515625 170.149993896484375 177.600006103515625 183.868743896484375 190.4875030517578125 196.2062530517578125 201.287506103515625 205.287506103515625 207.09375 208.4250030517578125 208.306243896484375 209.6374969482421875 209.6187591552734375 209.962493896484375 211.8562469482421875 214.6374969482421875 218.037506103515625 222.243743896484375 227.443756103515625 232.912506103515625 235.8312530517578125 237.006256103515625 238.28125 238.7312469482421875 238.912506103515625 240.7375030517578125 249.84375 260.73126220703125 271.556243896484375 278.79376220703125 285.45001220703125 293.54998779296875 296.73748779296875 302.13751220703125 310.368743896484375 318.79998779296875 322.20001220703125 331.95001220703125
158.03125 152.0687408447265625 149.412506103515625 147.287506103515625 147.3125 152.306243896484375 158.1062469482421875 164.274993896484375 170.618743896484375 177.6125030517578125 184.5812530517578125 190.9562530517578125 197.40625 201.3625030517578125 204.368743896484375 206.774993896484375 208.7312469482421875 209.975006103515625 209.875 212.631256103515625 215.912506103515625 219.4499969482421875 223.3249969482421875 226.993743896484375 230.6062469482421875 235.568756103515625 236.8937530517578125 237.6999969482421875 238.0437469482421875 238.9187469482421875 240.53125 243.7062530517578125 252.7375030517578125 264.931243896484375 274.71875 281.26873779296875 288.20623779296875 297.649993896484375 299.212493896484375 296.306243896484375 306.318756103515625 322.600006103515625 333.9375 344.98748779296875
158.8625030517578125 152.0625 148.4499969482421875 146.25 146.03125 148.9499969482421875 153.8249969482421875 158.837493896484375 164.875 171.4812469482421875 178.625 185.9812469482421875 192.837493896484375 198.631256103515625 203.462493896484375 207.131256103515625 209.8874969482421875 211.71875 213.443756103515625 217.1437530517578125 221.0500030517578125 224.4875030517578125 228 230.71875 234.3625030517578125 237.53125 237.443756103515625 237.287506103515625 236.71875 239.306243896484375 242.181243896484375 245.7624969482421875 255.6125030517578125 267.087493896484375 278.82501220703125 285.743743896484375 292.881256103515625 300.45001220703125 300.26251220703125 301.54376220703125 316.056243896484375 336.162506103515625 352.26873779296875 371.756256103515625
161.3125 155.03125 150.9187469482421875 148.3000030517578125 147.024993896484375 148.2312469482421875 151.3000030517578125 154.931243896484375 159.9875030517578125 166.0625 174.2312469482421875 181.5812530517578125 189.806243896484375 198.399993896484375 203.662506103515625 208.4499969482421875 211.631256103515625 215.931243896484375 219.337493896484375 223.381256103515625 227.1125030517578125 229.3874969482421875 231.28125 232.9375 235.568756103515625 237.3125 236.5124969482421875 235.3000030517578125 235.2937469482421875 238.881256103515625 243.0749969482421875 247.9375 258.193756103515625 269.70001220703125 282.83123779296875 291.5 300.92498779296875 308.375 309.774993896484375 320.35626220703125 336.07501220703125 356.212493896484375 377.6875 404.287506103515625
163.5187530517578125 158.056243896484375 153.6374969482421875 150.6750030517578125 148.09375 147.993743896484375 148.7750091552734375 151.100006103515625 155.4499969482421875 160.7375030517578125 168.21875 177.65625 187.818756103515625 196.8625030517578125 203.3625030517578125 209.3937530517578125 214.7687530517578125 220.149993896484375 224.8312530517578125 229.6750030517578125 232.4562530517578125 233.9375 234.90625 234.899993896484375 235.9250030517578125 235.962493896484375 235.03125 232.9375 232.6687469482421875 237.3937530517578125 243.2062530517578125 250.381256103515625 261.475006103515625 273.63751220703125 287.64373779296875 298.61248779296875 308.118743896484375 315.193756103515625 323.556243896484375 338.524993896484375 354.431243896484375 375.89373779296875 403.337493896484375 435.23748779296875
166.5500030517578125 161.7312469482421875 157.056243896484375 152.9562530517578125 149.693756103515625 148.1374969482421875 147.056243896484375 147.868743896484375 150.2375030517578125 155.368743896484375 163.3000030517578125 174.506256103515625 186.162506103515625 197.5625 205.7062530517578125 211.524993896484375 218.256256103515625 224.568756103515625 230.056243896484375 235.131256103515625 237.743743896484375 238.3125 237.943756103515625 235.631256103515625 234.125 233.506256103515625 231.375 229.7312469482421875 228.9562530517578125 235.162506103515625 243.2750091552734375 251.7687530517578125 263.34375 277.29376220703125 290.375 300.962493896484375 311.29998779296875 325.962493896484375 337.631256103515625 351.850006103515625 369.743743896484375 390.212493896484375 417.243743896484375 447.88751220703125
171.3249969482421875 166.6687469482421875 162.09375 157.631256103515625 153.9875030517578125 151.6125030517578125 149.5124969482421875 147.7624969482421875 148.125 151.256256103515625 159.462493896484375 171.625 185.5187530517578125 198.8312530517578125 207 214.9187469482421875 221.03125 228.024993896484375 234.631256103515625 240.9187469482421875 242.4250030517578125 240.4812469482421875 238.337493896484375 235.006256103515625 232.1687469482421875 229.993743896484375 227.881256103515625 226.493743896484375 226.125 232.318756103515625 242.149993896484375 251.3249969482421875 264.04376220703125 277.931243896484375 289.64373779296875 300.037506103515625 316.65625 331.774993896484375 343.20623779296875 359.14373779296875 378.26873779296875 396.337493896484375 418.70623779296875 445.28125
176.381256103515625 172.2937469482421875 168.1062469482421875 163.881256103515625 159.8125 156.662506103515625 153.024993896484375 149.618743896484375 147.59375 146.71875 155.9250030517578125 173.2312469482421875 187.7687530517578125 199.75 208.59375 216.6687469482421875 223.375 230.1374969482421875 236.8625030517578125 242.4812469482421875 242.6687469482421875 239.787506103515625 236.837493896484375 232.25 228.1875 225.8000030517578125 222.774993896484375 222.1125030517578125 221.462493896484375 229.5 239.7687530517578125 251.493743896484375 264.056243896484375 278.243743896484375 290.149993896484375 303.024993896484375 319.899993896484375 336.59375 349.96875 363.01251220703125 379.625 394.82501220703125 413.60626220703125 436.568756103515625
183.09375 178.9562530517578125 174.625 170.712493896484375 166.475006103515625 162.787506103515625 158.850006103515625 154.7687530517578125 151.931243896484375 149.0812530517578125 163.1624908447265625 181.568756103515625 192.881256103515625 202.868743896484375 211.09375 218.806243896484375 225.46875 231.3125 236.6687469482421875 239.618743896484375 239.712493896484375 237.2375030517578125 234.1999969482421875 228.1374969482421875 223.6687469482421875 220.625 217.75 217.15625 217.337493896484375 227.0437469482421875 235.7937469482421875 247.6062469482421875 261.293731689453125 275.61248779296875 288.54376220703125 303.73126220703125 321.61248779296875 337.98748779296875 353.962493896484375 368.399993896484375 379.631256103515625 393.5 405.83123779296875 421.381256103515625
188.0625 184.181243896484375 180.712493896484375 177.024993896484375 172.899993896484375 169.587493896484375 166.6125030517578125 163.8874969482421875 164.6875 171.25 187.2937469482421875 194.9250030517578125 201.412506103515625 209.2375030517578125 215.725006103515625 221.90625 227.681243896484375 232.193756103515625 235.21875 237.4499969482421875 236 232.7687530517578125 230.1437530517578125 225.068756103515625 219.7375030517578125 216.899993896484375 214.756256103515625 214.2937469482421875 215.125 223.774993896484375 232.9499969482421875 243.4499969482421875 256.149993896484375 269.506256103515625 285.850006103515625 301.943756103515625 317.28125 335.193756103515625 349.274993896484375 357.649993896484375 366.787506103515625 378.8125 385.587493896484375 397.712493896484375
192.756256103515625 189.5187530517578125 186.4375 183.0187530517578125 180.3000030517578125 178.3249969482421875 176.131256103515625 175.850006103515625 179.037506103515625 185.7312469482421875 195.381256103515625 203.3125 209.0749969482421875 215.4187469482421875 220.837493896484375 225.5625 230.774993896484375 233.4187469482421875 234.875 235.818756103515625 232.625 228.75 224.818756103515625 219.7375030517578125 216.0500030517578125 212.9562530517578125 211.3562469482421875 211.6687469482421875 212.725006103515625 220.024993896484375 227.943756103515625 240.537506103515625 254.9250030517578125 268.162506103515625 284.26873779296875 298.78125 312.475006103515625 327.29998779296875 340.5625 345.600006103515625 352.506256103515625 361.04376220703125 365.63751220703125 371.1875
