data/historical-monthly-weather-data/wc2.1_cruts4.09_10m_prec_1990-09.asc
ncols        51
nrows        45
xllcorner    -63.500000000000
yllcorner    -7.500000000000
cellsize     0.166666666667
NODATA_value -9999
[rows 19 to 37 of 45, columns 0 to 43 of 51]
95.2312469482421875 93.9875030517578125 91.21250152587890625 89.1687469482421875 87.3249969482421875 85.78749847412109375 83.3000030517578125 80.2624969482421875 78.8625030517578125 76.27500152587890625 72.81874847412109375 66.74375152587890625 60.081249237060546875 53.793750762939453125 48.28749847412109375 43.831249237060546875 39.15000152587890625 37.237499237060546875 34.887500762939453125 34.44374847412109375 35.393749237060546875 37.28749847412109375 40.924999237060546875 44.33750152587890625 47.00624847412109375 48.15000152587890625 48.77500152587890625 49.28125 47.58750152587890625 45.69374847412109375 45.24375152587890625 50.99375152587890625 56.268749237060546875 63.19374847412109375 68.40000152587890625 68.55625152587890625 67.7937469482421875 67.49375152587890625 66.7687530517578125 63.700000762939453125 58.137500762939453125 51.825000762939453125 50.33750152587890625 50.75624847412109375
88.25624847412109375 87.96250152587890625 86.28125 84.53749847412109375 82.7312469482421875 80.7624969482421875 78.90000152587890625 76.66249847412109375 76.03749847412109375 74.4875030517578125 71.3562469482421875 66.4250030517578125 60.262500762939453125 53.6875 48.59375 43.21250152587890625 38.637500762939453125 35.8125 34.612499237060546875 33.125 35.143749237060546875 37.918750762939453125 40.72499847412109375 44.05625152587890625 47.456249237060546875 49.231250762939453125 49.625 49.262500762939453125 48.80625152587890625 50.11875152587890625 52.018749237060546875 57.206249237060546875 62.96875 70.7687530517578125 79.69374847412109375 77.18125152587890625 70.94374847412109375 67.25624847412109375 64.6062469482421875 61.8125 58.58750152587890625 54.831249237060546875 53.200000762939453125 53.1875
82.7062530517578125 81.5500030517578125 80.0749969482421875 78.6687469482421875 77.8125 76.77500152587890625 75.08750152587890625 73.8312530517578125 73.53749847412109375 72.5625 70.25 66.33750152587890625 61.74375152587890625 56.137500762939453125 50.61875152587890625 44.63124847412109375 39.9375 36.856250762939453125 35.36875152587890625 33.83750152587890625 34.61875152587890625 36.956249237060546875 39.575000762939453125 42.71250152587890625 45.61875152587890625 48.0625 50.40625 50.887500762939453125 52.36875152587890625 54.75 57.299999237060546875 61.34375 66.1750030517578125 72.3125 75.5625 74.5 69.3000030517578125 65.96250152587890625 63.28749847412109375 61.581249237060546875 60.21250152587890625 58.49375152587890625 58.25 58.293750762939453125
77.8874969482421875 77.66249847412109375 75.6374969482421875 74.4250030517578125 73.4812469482421875 72.66249847412109375 71.8125 71.0500030517578125 71.7687530517578125 70.8312530517578125 70.0625 67.36875152587890625 64.6750030517578125 59.97499847412109375 53.08750152587890625 46.6875 41.31874847412109375 38.33750152587890625 35.97499847412109375 34.299999237060546875 35 36.88124847412109375 38.8125 41.24375152587890625 44.46875 47.13124847412109375 49.575000762939453125 52.262500762939453125 54.28749847412109375 56.71875 60.24375152587890625 64.65625 67.69374847412109375 70.3562469482421875 70.6999969482421875 68.09375 65.43125152587890625 63.00624847412109375 61.825000762939453125 62.331249237060546875 63.325000762939453125 62.700000762939453125 62.81874847412109375 63.0625
74.5437469482421875 73.2375030517578125 71.78749847412109375 70.1750030517578125 68.75624847412109375 69 68.81874847412109375 68.3312530517578125 69.1374969482421875 68.8937530517578125 68.27500152587890625 67.7312469482421875 67.28125 62.94374847412109375 55.40625 48.606250762939453125 43.1875 40.00624847412109375 37.46875 35.331249237060546875 35.762500762939453125 36.893749237060546875 38.731250762939453125 41.237499237060546875 44.06874847412109375 46.25624847412109375 48.856250762939453125 51.793750762939453125 55.418750762939453125 58.575000762939453125 62.13124847412109375 66.52500152587890625 68.0187530517578125 68.91249847412109375 68.49375152587890625 65.41249847412109375 63.9375 63.41249847412109375 63.44374847412109375 65.5812530517578125 67.1875 67.34999847412109375 68.5 69.3937530517578125
72.28749847412109375 70.25624847412109375 68.2062530517578125 66.27500152587890625 66.59999847412109375 66.59375 66.31874847412109375 66.125 66.6999969482421875 67.0500030517578125 67.0437469482421875 66.3125 65.55625152587890625 62.706249237060546875 56.43125152587890625 49.97499847412109375 44.825000762939453125 41.299999237060546875 38.46250152587890625 36.418750762939453125 36.674999237060546875 37.268749237060546875 39.075000762939453125 41.63124847412109375 43.61875152587890625 46.418750762939453125 49.25 52.625 56.44374847412109375 60.22499847412109375 63.706249237060546875 67.50624847412109375 69.18125152587890625 69.2375030517578125 67.9250030517578125 65.97499847412109375 65.9812469482421875 66.2312469482421875 66.88124847412109375 69.06874847412109375 71.1125030517578125 72.6062469482421875 74.46250152587890625 77.59375
71.61875152587890625 70.18125152587890625 66.96875 65.4499969482421875 64.40625 64.2312469482421875 64.31874847412109375 64.1374969482421875 64.59375 65.2312469482421875 64.74375152587890625 64.5187530517578125 63.912502288818359375 61.668750762939453125 56.53749847412109375 50.96875 45.950000762939453125 42.643749237060546875 39.668750762939453125 37.393749237060546875 37.362499237060546875 37.58750152587890625 39.16249847412109375 41.768749237060546875 44 46.34375 50.09999847412109375 54.356250762939453125 58.106250762939453125 62.081249237060546875 65.7062530517578125 69.77500152587890625 69.8937530517578125 69.4187469482421875 68.84999847412109375 69.24375152587890625 69.1687469482421875 69.80625152587890625 71.9250030517578125 73.96875 76.93125152587890625 78.4562530517578125 80.66249847412109375 84.78749847412109375
72.6875 70.31874847412109375 67.5437469482421875 65.91249847412109375 64.2687530517578125 64.05625152587890625 63.6875 63.05625152587890625 62.887500762939453125 63.44374847412109375 63.793750762939453125 64.08124542236328125 63.668750762939453125 62.33750152587890625 57.84375 52.762500762939453125 48.487499237060546875 44.8125 41.78125 39.31874847412109375 39.08750152587890625 38.94374847412109375 39.893749237060546875 43.200000762939453125 45.34375 47.99375152587890625 52.05625152587890625 56.03125 60.143749237060546875 64 67.58750152587890625 70.80625152587890625 71.90000152587890625 71.47499847412109375 70.46250152587890625 71.6750030517578125 72.81874847412109375 73.625 76.1750030517578125 79 81.55625152587890625 83.84999847412109375 86.86875152587890625 89.71875
73.78125 71.31874847412109375 68.90625 66.375 64.80625152587890625 63.987499237060546875 63.44374847412109375 62.66249847412109375 62.168750762939453125 62.80625152587890625 63.012500762939453125 63.606250762939453125 63.806247711181640625 63.581249237060546875 59.34999847412109375 54.71250152587890625 50.53125 46.96875 43.84999847412109375 41.549999237060546875 40.88124847412109375 40.52500152587890625 41.09375 44.15625 47.075000762939453125 49.674999237060546875 53.8125 58.112499237060546875 62.43125152587890625 66.65000152587890625 69.68125152587890625 72.8625030517578125 74.09999847412109375 73.43125152587890625 72.8874969482421875 74.2312469482421875 76.76874542236328125 78.75624847412109375 81.69374847412109375 84.7624969482421875 87.78749847412109375 90.61875152587890625 91.86875152587890625 95.53125
75.3874969482421875 72.58750152587890625 69.49375152587890625 66.7312469482421875 64.78125 63.53125 62.58750152587890625 61.97499847412109375 61.793750762939453125 62.03125 62.18125152587890625 62.94374847412109375 64.34375 64.2624969482421875 60.4375 57.09375 53.90000152587890625 49.231250762939453125 45.94374847412109375 43.637500762939453125 42.875 42.424999237060546875 42.799999237060546875 45.924999237060546875 48.481250762939453125 51.581249237060546875 55.924999237060546875 60.84999847412109375 66.0437469482421875 69.3125 71.86875152587890625 74.7624969482421875 75.2937469482421875 75.1875 75.875 77.3562469482421875 80.84999847412109375 84.0812530517578125 87.9375 91.18125152587890625 92.16249847412109375 93.3562469482421875 96.3249969482421875 100.84999847412109375
78.4187469482421875 75.3312530517578125 71.25624847412109375 68.06874847412109375 65.7312469482421875 64.52500152587890625 63.575000762939453125 62.762500762939453125 62.53125 62.456249237060546875 62.512500762939453125 63.956249237060546875 65.3625030517578125 65.78125 63.362499237060546875 60.081249237060546875 56.831249237060546875 53.0625 49.34375 46.893749237060546875 46.22499847412109375 45.94374847412109375 45.793750762939453125 48.50624847412109375 51.68125152587890625 55.31874847412109375 59.518749237060546875 64.09375 68.5187530517578125 71.96875 75.1374969482421875 78 78.13124847412109375 78.09999847412109375 79.15000152587890625 81.31874847412109375 85.16249847412109375 89.75 92.0812530517578125 96.9499969482421875 99.50624847412109375 99.72499847412109375 100.6374969482421875 104.26874542236328125
80.22499847412109375 77.15000152587890625 73.7312469482421875 69.77500152587890625 67.43125152587890625 66.30625152587890625 64.61875152587890625 63.52500152587890625 63.487499237060546875 63.612499237060546875 63.61875152587890625 64.9875030517578125 67.6687469482421875 68.125 65.9250030517578125 63.21875 61.125 57.512500762939453125 53.700000762939453125 51.487499237060546875 50.543750762939453125 50.28125 50.11875152587890625 52.481250762939453125 55.34999847412109375 59.012500762939453125 63.19374847412109375 67.55625152587890625 71.9250030517578125 74.13124847412109375 77.65625 80.63124847412109375 80.7062530517578125 82.0500030517578125 83.25 84.65625 88.65000152587890625 93.96250152587890625 98.16249847412109375 102.7624969482421875 105.0437469482421875 104.40625 104.2624969482421875 106.21875
82.72499847412109375 78.5812530517578125 74.875 71.5625 69.8249969482421875 67.9499969482421875 66.3000030517578125 65.09375 65.20624542236328125 65.11875152587890625 65.375 66.7312469482421875 68.3125 69.97499847412109375 69.21250152587890625 68.2937469482421875 66.27500152587890625 62.875 59.72499847412109375 57.84375 56.862499237060546875 55.262500762939453125 54.90000152587890625 56.793750762939453125 60.356250762939453125 62.83750152587890625 66.53749847412109375 71.5812530517578125 75.74375152587890625 77.86875152587890625 80.8874969482421875 82.77500152587890625 83.4250030517578125 84.68125152587890625 85.8125 87.30625152587890625 90.9875030517578125 95.09375 99.46875 104.1687469482421875 107.59999847412109375 106.8125 106.8249969482421875 107.46250152587890625
84.08750152587890625 80.6750030517578125 76.9187469482421875 74.11875152587890625 72.38124847412109375 70.84999847412109375 69.66249847412109375 68.09999847412109375 68 67.52500152587890625 69.3937530517578125 70.05625152587890625 71.9187469482421875 74.9187469482421875 74.84999847412109375 75.15000152587890625 74.27500152587890625 72.0500030517578125 68.9812469482421875 66.9812469482421875 65.28749847412109375 63.40625 61.90625 63.493747711181640625 66.34999847412109375 68.13124847412109375 71.6125030517578125 76.1437530517578125 80.1125030517578125 82.88124847412109375 84.77500152587890625 86.5124969482421875 86.50624847412109375 87.59375 89.1875 90.4187469482421875 92.9187469482421875 95.11875152587890625 98.66249847412109375 103.4812469482421875 106.4812469482421875 106.1999969482421875 106.5812530517578125 106.65625
84.59999847412109375 82.1125030517578125 79.53125 77.08750152587890625 75.1437530517578125 73.8249969482421875 73.0124969482421875 71.75 71.0437469482421875 71.1374969482421875 71.86875152587890625 74.4250030517578125 76.40000152587890625 78.1999969482421875 80.1125030517578125 81.58750152587890625 83.1062469482421875 81.59999847412109375 79.3625030517578125 77.34375 75.19374847412109375 72.41249847412109375 70.15625 70.56874847412109375 71.9812469482421875 73.19374847412109375 76.38124847412109375 80.5749969482421875 83.97499847412109375 86.24375152587890625 88.25624847412109375 89.8562469482421875 89.9375 90.4562530517578125 91.8625030517578125 94.2624969482421875 95.06874847412109375 96.1999969482421875 99.0187530517578125 101.50624847412109375 103.3874969482421875 104.77500152587890625 106.125 106.41249847412109375
85.80625152587890625 83.7375030517578125 81.80625152587890625 80.3125 78.8125 77.19374847412109375 76.74375152587890625 75.6750030517578125 74.30625152587890625 74.4250030517578125 75.8937530517578125 79.21875 81.5 83.7624969482421875 86.63124847412109375 89.7687530517578125 92.24375152587890625 90.88124847412109375 90.4187469482421875 88.28749847412109375 86.09999847412109375 82.5500030517578125 78.65625 77.78749847412109375 77.41249847412109375 78.6125030517578125 81.84375 85.1374969482421875 88.15000152587890625 89.63124847412109375 91.15625 91.94374847412109375 92.2062530517578125 92.84999847412109375 93.49375152587890625 94.38124847412109375 95.66249847412109375 97.84999847412109375 98.81874847412109375 100.5625 100.03749847412109375 100.3562469482421875 102.625 102.6062469482421875
87.3874969482421875 85.1875 83.95000457763671875 82.83750152587890625 81.63124847412109375 80.71875 79.63124847412109375 79.49375152587890625 78.7375030517578125 78.7062530517578125 80.7312469482421875 84.13124847412109375 87.8000030517578125 91.11875152587890625 94.47499847412109375 98.4187469482421875 101.25 101.24375152587890625 101.24375152587890625 100.66249847412109375 96.96250152587890625 92.6062469482421875 87.24375152587890625 85 84.25 84.5187530517578125 86.6875 89.74375152587890625 92.4562530517578125 93.0812530517578125 94.1125030517578125 94.74375152587890625 94.125 94.4875030517578125 94.71875 94.49375152587890625 96.6875 97.65625 98.05625152587890625 98.70000457763671875 99.07500457763671875 98.59999847412109375 98.9250030517578125 99.1062469482421875
88.9375 87.15625 85.96875 84.74375152587890625 84.56874847412109375 83.99375152587890625 83.6437530517578125 83.5 83.5 82.97499847412109375 86.2687530517578125 92.7937469482421875 96.8562469482421875 100.09999847412109375 104.0500030517578125 107.53125 111.0437469482421875 110.43125152587890625 109.9562530517578125 109.1062469482421875 106.2937469482421875 100.19374847412109375 94.5812530517578125 91.30625152587890625 89.9499969482421875 89.9250030517578125 91.1999969482421875 93.3312530517578125 95.6437530517578125 96.15000152587890625 96.36875152587890625 96.7312469482421875 96.47499847412109375 96.5500030517578125 96.4375 96.45000457763671875 97.3625030517578125 98.34375 97.5625 97.00624847412109375 96.6687469482421875 95.44374847412109375 95.8000030517578125 96.0187530517578125
89.91249847412109375 88.875 88.11875152587890625 86.90625 87.19374847412109375 87.5749969482421875 87.94374847412109375 88.72499847412109375 89.7312469482421875 89.7312469482421875 98.75 105 107.61875152587890625 109.9562530517578125 113.51250457763671875 117.28749847412109375 118.8625030517578125 118.3249969482421875 116.30625152587890625 113.96250152587890625 111.5500030517578125 105.7624969482421875 100.4562530517578125 96.65000152587890625 94.47499847412109375 93.6062469482421875 95.11875152587890625 97.13124847412109375 98.9812469482421875 99.17499542236328125 97.50624847412109375 97.19374847412109375 97.0500030517578125 98.19374847412109375 98.34999847412109375 96.41249847412109375 96.71875 96.93125152587890625 97.3312530517578125 96.90000152587890625 94.72499847412109375 94.78749847412109375 92.84999847412109375 91.83750152587890625
