data/historical-monthly-weather-data/wc2.1_cruts4.09_10m_prec_2024-08.asc
ncols        51
nrows        45
xllcorner    -63.500000000000
yllcorner    -7.500000000000
cellsize     0.166666666667
NODATA_value -9999
[rows 0 to 18 of 45, columns 0 to 42 of 51]
199.274993896484375 203.962493896484375 203.787506103515625 208.100006103515625 213.100006103515625 216.9250030517578125 214.1062469482421875 213.4562530517578125 211.274993896484375 206.537506103515625 196.03125 189.1125030517578125 184.725006103515625 176.9562530517578125 170.774993896484375 161.3125 154.712493896484375 148.5749969482421875 142.556243896484375 140.431243896484375 137.756256103515625 133.431243896484375 129.587493896484375 126.71875 122.7937469482421875 119.34375 119.53125 121.30625152587890625 117.5437469482421875 117.63124847412109375 113.72499847412109375 113.7687530517578125 114.1999969482421875 112.29999542236328125 111.4499969482421875 109.2937469482421875 105.59375 103.11249542236328125 100.3625030517578125 96.3874969482421875 92.8125 90.2312469482421875 85.44374847412109375
191.375 195.0124969482421875 200.6687469482421875 207.193756103515625 215.375 217.631256103515625 211.693756103515625 210.0625 208.4562530517578125 203.4187469482421875 194.71875 189.1999969482421875 180.818756103515625 171.225006103515625 163.3125 156.8125 148.1875 141.78125 136.6062469482421875 133.3000030517578125 130.0187530517578125 125.36875152587890625 121.3937530517578125 119.40000152587890625 115.22499847412109375 110.75624847412109375 112.61875152587890625 112.77500152587890625 109.5 108.5500030517578125 107.9499969482421875 107.46875 108.16249847412109375 109.1437530517578125 108.2937469482421875 104.88124847412109375 99.00624847412109375 97.51874542236328125 93.1374969482421875 88.5625 86.3125 82.08750152587890625 78.15000152587890625
176.087493896484375 182.4562530517578125 189.5687408447265625 198.1999969482421875 206.0749969482421875 206.774993896484375 203.287506103515625 200.181243896484375 195.375 188.9875030517578125 182.6374969482421875 176.287506103515625 167.006256103515625 155.375 146.931243896484375 139.78125 132.537506103515625 126.1750030517578125 120.9187469482421875 115.8312530517578125 113.90000152587890625 111.6999969482421875 108.3625030517578125 107.3562469482421875 102.6374969482421875 99.88124847412109375 102.59999847412109375 101.53749847412109375 98.99375152587890625 99.5187530517578125 98.31874847412109375 98.49375152587890625 99.93125152587890625 102.13124847412109375 100.8562469482421875 95.3625030517578125 91.2937469482421875 89.3937530517578125 84.5812530517578125 81.2312469482421875 79.7312469482421875 76.09375 73.09999847412109375
161.71875 165.5500030517578125 174.756256103515625 184.0625 189.65625 189.3874969482421875 187.537506103515625 184.875 182.6875 175.881256103515625 166.84375 158.0187530517578125 149.256256103515625 138.006256103515625 129.662506103515625 122.125 115.84999847412109375 110.34375 105.4562530517578125 103.28125 100.71875 97.4812469482421875 94.27500152587890625 93.75624847412109375 90.5812530517578125 88.1687469482421875 90.2312469482421875 87.9250030517578125 86.7312469482421875 88.18125152587890625 88.4375 88.1875 88.5500030517578125 89.61875152587890625 89.6437530517578125 86.3562469482421875 84.71875 81.8249969482421875 76.34375 74.25624847412109375 71.66249847412109375 69.8249969482421875 66.6875
163.056243896484375 162.09375 160.600006103515625 165.78125 173.5187530517578125 172.3125 169.1750030517578125 169.899993896484375 169.34375 162.412506103515625 151.556243896484375 141.4499969482421875 132.225006103515625 122.44374847412109375 113.8312530517578125 106.99375152587890625 100.1437530517578125 94.4250030517578125 89.90625 88.40625 88.03749847412109375 83.98749542236328125 81.65000152587890625 82.4875030517578125 79 76.5812530517578125 76.875 77.6125030517578125 77.00624847412109375 77.0625 79.51874542236328125 79.2375030517578125 80.8312530517578125 82.7687530517578125 83.25 79.18125152587890625 76.2687530517578125 73.78125 68.7375030517578125 65.55625152587890625 64.6999969482421875 62.77500152587890625 61.112499237060546875
159.0625 157.4499969482421875 153.28125 147.787506103515625 153.068756103515625 157.7062530517578125 155.568756103515625 152.75 152.03125 145.162506103515625 132.8562469482421875 123.47499847412109375 115.8874969482421875 107.55625152587890625 99.71875 93.75 86.7687530517578125 81.02500152587890625 78.11875152587890625 76.71250152587890625 76.48125457763671875 74.5749969482421875 72.96875 71.1062469482421875 69.69374847412109375 68.2375030517578125 68.6125030517578125 68.81874847412109375 69.0124969482421875 68.6750030517578125 70.8000030517578125 72.44374847412109375 73.1687469482421875 75.5187530517578125 75.2624969482421875 73.31874847412109375 69.9499969482421875 66.4187469482421875 62.77500152587890625 60.80625152587890625 58.393749237060546875 57.30625152587890625 56.018749237060546875
155.9375 155.3562469482421875 150.9375 145.774993896484375 144.2687530517578125 141.1750030517578125 137.443756103515625 133.4562530517578125 126.22499847412109375 120.43125152587890625 112.4499969482421875 105.68125152587890625 100.5500030517578125 93.5500030517578125 87.6437530517578125 82.11875152587890625 75.8625030517578125 71.3000030517578125 67.8874969482421875 67.19374847412109375 66.5 65.6062469482421875 64.41249847412109375 63.36875152587890625 61.90625 61.11875152587890625 61.28749847412109375 61.018749237060546875 60.00624847412109375 61.59375 62.987499237060546875 63.893749237060546875 66.09999847412109375 68.40625 69.05625152587890625 66.6875 63.112499237060546875 60.38124847412109375 57.575000762939453125 55.68125152587890625 53.137500762939453125 52.09999847412109375 51.543750762939453125
153.8312530517578125 151.1374969482421875 148.806243896484375 144.6999969482421875 143.3562469482421875 138.587493896484375 127.0437469482421875 112.1125030517578125 101.75 96.99375152587890625 94.75 90.2062530517578125 85.7062530517578125 80.3625030517578125 75.93125152587890625 70.9875030517578125 66.15625 62.25 59.043750762939453125 57.793750762939453125 58.06874847412109375 57.66249847412109375 56.206249237060546875 55.19374847412109375 54.956249237060546875 53.65625 53.487499237060546875 53.625 53.34999847412109375 53.674999237060546875 56.15000152587890625 57.112499237060546875 58.59375 61.46875 61.4375 59.19374847412109375 56.34375 53.66249847412109375 50.481250762939453125 47.96250152587890625 46.11875152587890625 45.66249847412109375 45.16249847412109375
152.0812530517578125 149.2687530517578125 147.3000030517578125 141.5749969482421875 138.006256103515625 130.1750030517578125 119.3562469482421875 106.00624847412109375 91.71875 82.8562469482421875 80.0437469482421875 76.90000152587890625 75.33750152587890625 70.9250030517578125 67.0812530517578125 62.96250152587890625 59.856250762939453125 56.99375152587890625 55.50624847412109375 53.125 52.68125152587890625 52.65000152587890625 51.09375 51.549999237060546875 50.78749847412109375 48.825000762939453125 47.706249237060546875 48.5 48.49375152587890625 49.018749237060546875 51.375 51.4375 52.043750762939453125 53.03749847412109375 53.80625152587890625 53.11875152587890625 51.38124847412109375 49.387500762939453125 45.91249847412109375 43.28125 41.012500762939453125 39.674999237060546875 38.543750762939453125
149.03125 146.1750030517578125 142.53125 138.1437530517578125 133.78125 124.77500152587890625 115.4875030517578125 101.74375152587890625 89.0187530517578125 81.4187469482421875 75.3625030517578125 69.6875 67.53749847412109375 64.00624847412109375 59.86875152587890625 56.61875152587890625 53.40000152587890625 52.11875152587890625 50.93125152587890625 49.65000152587890625 49.125 48.00624847412109375 46.40000152587890625 46.637500762939453125 45.543750762939453125 43.69374847412109375 42.924999237060546875 43.21875 42.68125152587890625 43.231250762939453125 44.28125 44.84375 46.75 48.575000762939453125 50.018749237060546875 49.21250152587890625 47.256252288818359375 45.16249847412109375 42.387500762939453125 39.58750152587890625 36.862499237060546875 34.768749237060546875 32.950000762939453125
148.693756103515625 145.037506103515625 139.056243896484375 133.5187530517578125 129.475006103515625 121.9812469482421875 111.66249847412109375 96.36875152587890625 85.0124969482421875 76.41875457763671875 70.8249969482421875 65.46250152587890625 61.28749847412109375 57.143749237060546875 52.831249237060546875 49.487499237060546875 47.09999847412109375 46.71875 45.956249237060546875 45.68125152587890625 46.55625152587890625 45.4375 43.53125 42.16249847412109375 42.03749847412109375 40.4375 39.90625 39.43125152587890625 38.018749237060546875 38.03749847412109375 39.637500762939453125 40.50624847412109375 43.13124847412109375 45.19374847412109375 45.90000152587890625 44.75 42.96250152587890625 41.581249237060546875 38.47499847412109375 35.28749847412109375 32.25624847412109375 30.21875 28.71875
146.4499969482421875 143 136.556243896484375 131.4625091552734375 127.2375030517578125 119.24375152587890625 109.24375152587890625 94.97499847412109375 83.1750030517578125 74.03749847412109375 67.49375152587890625 62 56.612499237060546875 51.450000762939453125 49.13124847412109375 46.0625 43.55625152587890625 42.65625 42.66249847412109375 43.34375 44.418750762939453125 43.5625 42.043750762939453125 40.97499847412109375 39.731250762939453125 36.356250762939453125 35.72499847412109375 35.731250762939453125 34.875 35.28125 36.268749237060546875 37.94374847412109375 39.46250152587890625 41.24375152587890625 42.69374847412109375 42.293750762939453125 40.78125 38.887500762939453125 34.956249237060546875 31.087499618530273438 28.387500762939453125 26.524999618530273438 24.787500381469726562
142.9562530517578125 137.6437530517578125 131.7687530517578125 125.03749847412109375 121.3000030517578125 112.31874847412109375 100.25 88.22499847412109375 77.4375 69.3937530517578125 63.0625 58.075000762939453125 52.28749847412109375 46.27500152587890625 43.268749237060546875 41.237499237060546875 38.90625 38.93125152587890625 38.987499237060546875 39.13124847412109375 40.512500762939453125 40.11875152587890625 39 36.96875 33.924999237060546875 31.381250381469726562 32 32.456249237060546875 32.97499847412109375 33.612499237060546875 34.22499847412109375 35.262500762939453125 37.387500762939453125 38 39.68125152587890625 40.15000152587890625 40.33750152587890625 38.200000762939453125 34.731250762939453125 29.700000762939453125 25.118749618530273438 23.943750381469726562 22
138.274993896484375 131.337493896484375 124.36875152587890625 119.03125 113.5437469482421875 103.4875030517578125 92.03749847412109375 81.72499847412109375 71.79375457763671875 64.34375 57.63124847412109375 51.987499237060546875 47.0625 41.831249237060546875 37.36875152587890625 36.1875 34.68125152587890625 34.6875 33.86875152587890625 33.825000762939453125 35.15625 34.96250152587890625 34.13124847412109375 32.84375 30.793750762939453125 29.143749237060546875 29.825000762939453125 30.606250762939453125 31.237499237060546875 32.268749237060546875 33.34999847412109375 33.66249847412109375 35.36875152587890625 36.387500762939453125 38.799999237060546875 40.36875152587890625 40.75624847412109375 40.487499237060546875 37.362499237060546875 31.456249237060546875 24.25 21.149999618530273438 20.350000381469726562
132.3125 126.96250152587890625 118.86875152587890625 111.8937530517578125 106.5437469482421875 96.6062469482421875 85.5500030517578125 74.91249847412109375 65.8874969482421875 59.08750152587890625 52 47.356250762939453125 42.768749237060546875 37.59999847412109375 33.49375152587890625 31.399999618530273438 30.181249618530273438 29.762500762939453125 29.493749618530273438 29.787500381469726562 31 31.212499618530273438 30.975000381469726562 30.949998855590820312 30.331249237060546875 29.75 30.149999618530273438 30.575000762939453125 30.818750381469726562 31.631250381469726562 32.19374847412109375 33 34.706249237060546875 36.52500152587890625 38.24375152587890625 39.80625152587890625 41.25624847412109375 43.66249847412109375 41.53125 34.59999847412109375 28.924999237060546875 25.512500762939453125 24.506250381469726562
124.63124847412109375 120.27500152587890625 113.2937469482421875 106.25624847412109375 99.6687469482421875 90.83750152587890625 80.4250030517578125 69.0437469482421875 61.012500762939453125 54.3125 47.825000762939453125 42.887500762939453125 38.24375152587890625 33.737499237060546875 30.299999237060546875 27.118749618530273438 25.962499618530273438 25.774999618530273438 25.587499618530273438 26.118749618530273438 27.212499618530273438 28.037500381469726562 28.918750762939453125 30.175001144409179688 30.5625 30.34375 30.806249618530273438 30.725000381469726562 30.700000762939453125 31.643749237060546875 32.674999237060546875 33.34375 34.4375 36.168750762939453125 38.424999237060546875 42.1875 44.28749847412109375 45.981250762939453125 44.825000762939453125 40.3125 35.706249237060546875 31.643749237060546875 28.237499237060546875
119.8625030517578125 115.8562469482421875 108.1750030517578125 101.43125152587890625 93.50624847412109375 85.36875152587890625 76.02500152587890625 65.77500152587890625 57.200000762939453125 50.93125152587890625 44.84375 39.49375152587890625 35.05625152587890625 30.831249237060546875 27.575000762939453125 24.71875 22.131250381469726562 21.71875 22.21875 23.043750762939453125 23.674999237060546875 25.118749618530273438 26.962499618530273438 29.799999237060546875 31.362499237060546875 31.162500381469726562 30.799999237060546875 30.737499237060546875 30.25 30.837499618530273438 32.456249237060546875 34.350002288818359375 36.3125 38.575000762939453125 44.99375152587890625 48.049999237060546875 49.36875152587890625 51.81874847412109375 51.93125152587890625 45.40000152587890625 39.293750762939453125 34.00624847412109375 29.493749618530273438
112.66249847412109375 110.1437530517578125 103.4875030517578125 97.4499969482421875 89.8562469482421875 82.0749969482421875 71.8312530517578125 62.47499847412109375 54.63124847412109375 48.237499237060546875 42.44374847412109375 37.59999847412109375 32.606250762939453125 28.262500762939453125 25.299999237060546875 22.549999237060546875 20.106250762939453125 18.518749237060546875 19.450000762939453125 19.793750762939453125 20.931249618530273438 22.5625 25.075000762939453125 28.1875 30.893749237060546875 31.487499237060546875 31.787500381469726562 31.493749618530273438 30.53125 30.575000762939453125 30.575000762939453125 31.799999237060546875 37.950000762939453125 44.84999847412109375 49.86875152587890625 53.424999237060546875 55.606250762939453125 56.006252288818359375 53.356250762939453125 47.762500762939453125 39.5625 34.625 30.350000381469726562
105.6999969482421875 103.91249847412109375 98.43125152587890625 92.96875 86.8249969482421875 78.46250152587890625 69.28125 60.043750762939453125 53.731250762939453125 47.850002288818359375 41.793750762939453125 35.706249237060546875 30.956249237060546875 26.875 23.481250762939453125 21.200000762939453125 18.768749237060546875 16.912500381469726562 16.668750762939453125 17.337499618530273438 19.53125 23.206249237060546875 22.46875 25.931249618530273438 28.950000762939453125 31.487499237060546875 32.59999847412109375 32.049999237060546875 31.899999618530273438 30.556249618530273438 30.068750381469726562 33.15625 40.13124847412109375 46.03749847412109375 51.731250762939453125 54.924999237060546875 54.6875 52.4375 50.25624847412109375 44.65000152587890625 38.799999237060546875 34.25624847412109375 30.287500381469726562
