data/historical-monthly-weather-data/wc2.1_cruts4.09_10m_prec_2016-02.asc
ncols        45
nrows        45
xllcorner    -63.500000000000
yllcorner    -7.500000000000
cellsize     0.166666666667
NODATA_value -9999
[rows 20 to 39 of 45, columns 0 to 44 of 45]
174.056243896484375 172 172.443756103515625 173.4250030517578125 176.475006103515625 181.962493896484375 188.4562530517578125 194.8562469482421875 200.0625 204.306243896484375 208.0124969482421875 215.3312530517578125 223.9875030517578125 232.21875 228.756256103515625 219 211.1062469482421875 206.6062469482421875 207.600006103515625 209.1125030517578125 211.587493896484375 213.2687530517578125 213.8874969482421875 214.5437469482421875 215.631256103515625 217.524993896484375 221.0500030517578125 224.743743896484375 229.2624969482421875 233.087493896484375 231.7375030517578125 224.6750030517578125 207.756256103515625 187.125 168.03125 173.3312530517578125 187.0500030517578125 195.4562530517578125 196.8000030517578125 192.537506103515625 184.375 176.5812530517578125 169.4562530517578125 162.899993896484375 160.524993896484375
173.0187530517578125 173.2062530517578125 174.5625 177.131256103515625 180.0124969482421875 185.881256103515625 192.368743896484375 198.8625030517578125 204.4250030517578125 207.5437469482421875 209.256256103515625 212.9812469482421875 217.3874969482421875 220.8937530517578125 221.7687530517578125 217.899993896484375 213.2937469482421875 210.0500030517578125 209.149993896484375 209.443756103515625 208.568756103515625 208.493743896484375 209.881256103515625 210.3562469482421875 211.96875 215.1125030517578125 220.087493896484375 224.8625030517578125 230.78125 236.4499969482421875 238.443756103515625 232.837493896484375 217.8937530517578125 202.0437469482421875 190.5 191.274993896484375 198.818756103515625 202.8562469482421875 200.5124969482421875 194.125 185.8562469482421875 178.193756103515625 170.462493896484375 163.1750030517578125 160.8562469482421875
173.7375030517578125 175.9875030517578125 177.1999969482421875 179.931243896484375 182.75 189.337493896484375 194.943756103515625 201.6875 208.0749969482421875 209.1687469482421875 208.0187530517578125 207.806243896484375 207.962493896484375 210.381256103515625 214.443756103515625 214.96875 213.006256103515625 210.9812469482421875 209.0500030517578125 207.15625 205.3249969482421875 203.5625 203.162506103515625 203.600006103515625 206.4875030517578125 211.100006103515625 216.912506103515625 223.09375 230.8937530517578125 238.9250030517578125 244.5749969482421875 244.8312530517578125 231.787506103515625 220.2312469482421875 215.618743896484375 216.068756103515625 217.1437530517578125 214.975006103515625 207.8562469482421875 197.5749969482421875 187.756256103515625 179.5625 171.3000030517578125 163.7687530517578125 161.506256103515625
173.0812530517578125 174.556243896484375 175.631256103515625 176.912506103515625 179.53125 186.2937469482421875 193.037506103515625 199.181243896484375 205.5437469482421875 206.0124969482421875 204.681243896484375 203.3562469482421875 199.943756103515625 204.09375 209.6875 211.6374969482421875 211.1374969482421875 210.256256103515625 208.0124969482421875 205.0625 201.787506103515625 198.7312469482421875 196.9812469482421875 197.6437530517578125 201.149993896484375 205.225006103515625 212.931243896484375 221.024993896484375 229.46875 239.2375030517578125 247.2375030517578125 250.162506103515625 241.6062469482421875 234.5437469482421875 233.524993896484375 235.399993896484375 233.28125 224.9375 213.8625030517578125 201.7937469482421875 191.1687469482421875 181.96875 173.5187530517578125 166.306243896484375 164.931243896484375
175.09375 174.3312530517578125 174.21875 175.1062469482421875 177.662506103515625 183.2062530517578125 189.65625 195.34375 200.21875 202.4187469482421875 202.65625 202.587493896484375 202.71875 205.649993896484375 208.681243896484375 210.8249969482421875 211.46875 210.28125 207.6125030517578125 203.818756103515625 199.625 194.649993896484375 190.8312530517578125 190.7062530517578125 193.899993896484375 201.181243896484375 209.056243896484375 218.6437530517578125 227.631256103515625 237.4124908447265625 245.287506103515625 249.2687530517578125 245.5625 242.1125030517578125 241.6750030517578125 239.943756103515625 236.0500030517578125 227.3937530517578125 215.9000091552734375 204.0124969482421875 193.375 183.9499969482421875 175.75 169.5 167.693756103515625
181.3125 178.5749969482421875 176.181243896484375 175.6999969482421875 176.818756103515625 181.9250030517578125 186.993743896484375 192.0124969482421875 196.806243896484375 200.100006103515625 201.8937530517578125 203.9187469482421875 206.5500030517578125 208.875 211.15625 212.256256103515625 212.6687469482421875 211.087493896484375 208.6437530517578125 204.25 198.600006103515625 191.381256103515625 185.037506103515625 182.9375 188.4499969482421875 197.25 207.681243896484375 216.7375030517578125 226.162506103515625 234.899993896484375 242.3562469482421875 247.40625 245.9375 244.1999969482421875 243.4499969482421875 240.0124969482421875 235.0500030517578125 227.4875030517578125 215.5812530517578125 204.4499969482421875 194.368743896484375 185.3625030517578125 176.975006103515625 171.068756103515625 170.8187408447265625
187.631256103515625 183.056243896484375 179.625 178.712493896484375 178.3000030517578125 181.774993896484375 186.3000030517578125 189.725006103515625 194.21875 198.28125 201.412506103515625 204.21875 207.631256103515625 210.7624969482421875 212.649993896484375 214.4499969482421875 214.850006103515625 213.7062530517578125 211.1125030517578125 206.5749969482421875 200.0625 192.399993896484375 184.006256103515625 180.4499969482421875 188.2687530517578125 197.6875 207.868743896484375 217.1062469482421875 225.59375 233.837493896484375 241.431243896484375 245.725006103515625 244.9562530517578125 245.381256103515625 243.3000030517578125 239.65625 234.649993896484375 226.9375 216.21875 205.34375 195.3249969482421875 186.53125 178.4875030517578125 172.78125 174.399993896484375
194.15625 187.2937469482421875 183.743743896484375 181.618743896484375 179.975006103515625 181.943756103515625 185.84375 189.6374969482421875 193.6437530517578125 197.962493896484375 201.056243896484375 204.306243896484375 207.787506103515625 211.125 213.756256103515625 216.2937469482421875 217.09375 217.46875 215.09375 211.46875 205.5749969482421875 198.125 192.368743896484375 189.9812469482421875 194.09375 201.8249969482421875 210.7750091552734375 219.368743896484375 227.024993896484375 234.7687530517578125 241.743743896484375 246.6875 247.25 245.568756103515625 242.9812469482421875 239.3249969482421875 233.40625 226.9812469482421875 216.399993896484375 205.443756103515625 195.7312469482421875 187.962493896484375 180.568756103515625 176.024993896484375 179.274993896484375
199.037506103515625 191.1374969482421875 186.568756103515625 183.743743896484375 181.75 182.9499969482421875 186.037506103515625 189.131256103515625 193.2937469482421875 197.70001220703125 201.006256103515625 204.350006103515625 207.681243896484375 212.056243896484375 215.618743896484375 219.4187469482421875 221.8562469482421875 222.037506103515625 221.4250030517578125 218.1125030517578125 213.100006103515625 206.350006103515625 202.568756103515625 201.09375 202.681243896484375 207.712493896484375 215.6875 223.256256103515625 231.1374969482421875 238.068756103515625 243.5 248.6374969482421875 247.9499969482421875 245.90625 243.6062469482421875 238.96875 234.0749969482421875 228.0812530517578125 218.868743896484375 207.399993896484375 196.25 188.618743896484375 183.65625 181.818756103515625 186.28125
200.7125091552734375 191.5187530517578125 186.90625 183.600006103515625 182.0187530517578125 183.1374969482421875 185.28125 187.899993896484375 191.475006103515625 196.037506103515625 200 204.524993896484375 208.8937530517578125 214.131256103515625 218.6875 222.087493896484375 225.6374969482421875 227.96875 228.0187530517578125 224.6125030517578125 219.475006103515625 214.399993896484375 211.475006103515625 210.1875 211.162506103515625 215.28125 222.131256103515625 228.6999969482421875 235.71875 241.181243896484375 246.71875 251.274993896484375 249.6999969482421875 247.8000030517578125 244.8937530517578125 241.0187530517578125 235.818756103515625 230.881256103515625 221.3125 210.6687469482421875 202.6875 197.3375091552734375 192.931243896484375 192.431243896484375 193.756256103515625
199.90625 190.4499969482421875 185.2937469482421875 182.4499969482421875 180.568756103515625 181.96875 183.9250030517578125 186.5187530517578125 190.056243896484375 194.25 199.649993896484375 205.4375 211.3562469482421875 216.3874969482421875 220.8000030517578125 225.4375 229.8312530517578125 233.1062469482421875 234.625 231.287506103515625 226.28125 221.3000030517578125 218.4250030517578125 217.5500030517578125 218.681243896484375 222.6687469482421875 228.625 234.9250030517578125 241.1875 245.587493896484375 250.0749969482421875 254.0187530517578125 253.337493896484375 251.587493896484375 248.993743896484375 243.975006103515625 239.412506103515625 235.4375 226.28125 215.8874969482421875 209.4875030517578125 206.993743896484375 204.2937469482421875 202.3125 203.6374969482421875
196.256256103515625 187.15625 182.743743896484375 180.493743896484375 178.6125030517578125 179.631256103515625 181.7624969482421875 183.618743896484375 187.1374969482421875 192.2687530517578125 197.9375 204.9499969482421875 212.1687469482421875 218.78125 223.65625 229.162506103515625 232.125 234.850006103515625 236.212493896484375 234.6875 230.8249969482421875 227.162506103515625 224.03125 224 225.931243896484375 229.5 234.6999969482421875 240.600006103515625 246.5812530517578125 251.03125 254.899993896484375 257.83123779296875 257.17498779296875 255.2624969482421875 253.0187530517578125 248.462493896484375 244.40625 240.056243896484375 231.3625030517578125 224.2937469482421875 220.71875 219.3312530517578125 217.4812469482421875 216.7624969482421875 219.212493896484375
191.962493896484375 184.1062469482421875 180.2687530517578125 177.556243896484375 175 175.6437530517578125 176.756256103515625 178.59375 182.931243896484375 188.881256103515625 196.4499969482421875 204.6437530517578125 214.162506103515625 222.7375030517578125 227.9375 231.90625 234.337493896484375 237.162506103515625 237.337493896484375 236.3625030517578125 233.993743896484375 230.649993896484375 228.068756103515625 227.9812469482421875 230.125 233.568756103515625 238.462493896484375 244.9250030517578125 251.006256103515625 255.15625 259.756256103515625 262.67498779296875 261.631256103515625 260.54998779296875 259.131256103515625 255.725006103515625 251.6750030517578125 246.5124969482421875 239.412506103515625 236.5749969482421875 234.4812469482421875 234.0437469482421875 234.243743896484375 235.71875 242.8312530517578125
188.0812530517578125 180.850006103515625 176.912506103515625 174.21875 171.21875 170.9375 171.6062469482421875 173.28125 177.0500030517578125 183.6437530517578125 192.475006103515625 203.556243896484375 215.993743896484375 226.1125030517578125 231.3874969482421875 234.881256103515625 236.7937469482421875 238.693756103515625 238.649993896484375 237.8000030517578125 235.375 232.2375030517578125 230.4562530517578125 230.4812469482421875 232.7874908447265625 236.181243896484375 241.40625 247.618743896484375 254.368743896484375 259.625 264.84375 268.456268310546875 268.5 267.33123779296875 265.212493896484375 262.51873779296875 258.524993896484375 253.975006103515625 249.587493896484375 248.1750030517578125 246.9250030517578125 248.125 251.568756103515625 255.28125 263.95001220703125
184.2937469482421875 178.3249969482421875 174.350006103515625 170.53125 167.5749969482421875 166.9187469482421875 166.375 167.068756103515625 170.368743896484375 176.84375 187.524993896484375 202.25 217.962493896484375 230.1374969482421875 234.8874969482421875 237.6687469482421875 238.4875030517578125 239.368743896484375 239.787506103515625 238.3562469482421875 236.84375 233.4562530517578125 231.46875 231.2312469482421875 234.037506103515625 237.03125 243.125 250.212493896484375 257.4375 263.76873779296875 269.125 274.756256103515625 274.962493896484375 274.412506103515625 272.4375 268.993743896484375 264.649993896484375 262.73748779296875 260.54998779296875 258.66876220703125 258.58123779296875 260 264.125 269.09375 276.79998779296875
182.975006103515625 177.28125 172.9187469482421875 168.4562530517578125 164.75 164.0187530517578125 162.899993896484375 162.3937530517578125 164.3625030517578125 169.837493896484375 181.2937469482421875 197.9499969482421875 215.8249969482421875 229.5625 234.9875030517578125 238.212493896484375 240.131256103515625 240.5500030517578125 239.350006103515625 238.4375 236.5625 234.15625 231.65625 232.25 234.2937469482421875 237.5 243.9499969482421875 252.475006103515625 260.162506103515625 267.04998779296875 274.256256103515625 281 282.368743896484375 282.41876220703125 279.85626220703125 275.787506103515625 273.90625 270.70001220703125 268.125 267.58123779296875 268.556243896484375 269.40625 272.149993896484375 277.57501220703125 283.375
182.881256103515625 176.9499969482421875 171.8312530517578125 168.03125 163.837493896484375 162.4875030517578125 160.9187469482421875 159.443756103515625 159.53125 160.6437530517578125 174.725006103515625 196.3000030517578125 213.7062530517578125 226.256256103515625 233.3937530517578125 237.5749969482421875 240.337493896484375 240.4812469482421875 239.8312530517578125 237.9375 235.524993896484375 232.681243896484375 230.4562530517578125 231.28125 233.25 237.087493896484375 244.100006103515625 252.6999969482421875 261.71875 269.8125 278.350006103515625 286.21875 289.01873779296875 289.649993896484375 288.256256103515625 285.84375 282.318756103515625 278.88751220703125 276.462493896484375 275.100006103515625 274.71875 276.056243896484375 278.79998779296875 283.412506103515625 288.537506103515625
182.725006103515625 177.0437469482421875 171.975006103515625 167.693756103515625 163.78125 162.1437530517578125 160.6999969482421875 159.4187469482421875 160.375 160.1374969482421875 180.350006103515625 202.65625 215.556243896484375 224.962493896484375 232.1812591552734375 237 239.274993896484375 239.53125 237.8312530517578125 235.125 232.818756103515625 229.6125030517578125 228.024993896484375 229.024993896484375 231.743743896484375 236 243.3000030517578125 252.78125 262.58123779296875 272.725006103515625 281.493743896484375 290.787506103515625 294.26251220703125 296.17498779296875 295.1875 293.412506103515625 290.01873779296875 286.8125 284.1875 281.875 280.11248779296875 281.375 282.84375 286.01251220703125 291.056243896484375
182.662506103515625 178.537506103515625 173.524993896484375 169.8249969482421875 165.712493896484375 164.493743896484375 164.368743896484375 165.0749969482421875 169.8874969482421875 181.868743896484375 204.3937530517578125 213.962493896484375 220.3874969482421875 227.21875 233.3625030517578125 236.712493896484375 238.90625 238.1687469482421875 235.381256103515625 232.368743896484375 228.9250030517578125 225.681243896484375 224.993743896484375 226.1374969482421875 229.337493896484375 234.96875 242.850006103515625 252.725006103515625 263.38751220703125 273.84375 284.524993896484375 293.787506103515625 297.32501220703125 299.82501220703125 301.98126220703125 300.04998779296875 296.01873779296875 293.443756103515625 289.88751220703125 285.36248779296875 283.29998779296875 283.243743896484375 284.350006103515625 286.58123779296875 290.76873779296875
182.662506103515625 180.8562469482421875 176.34375 171.9812469482421875 168.1062469482421875 167.649993896484375 167.9562530517578125 170.868743896484375 178.1750030517578125 190.774993896484375 205.3625030517578125 215.7062530517578125 223.3937530517578125 229.5124969482421875 234.4187469482421875 237.6999969482421875 239.243743896484375 237.5625 233.6875 230.306243896484375 224.806243896484375 221.0812530517578125 219.8625030517578125 221.6437530517578125 226.8000030517578125 233.100006103515625 241.962493896484375 252.46875 263.9375 274.806243896484375 285.212493896484375 296.787506103515625 303.162506103515625 305.98748779296875 307.1875 305.537506103515625 301.212493896484375 297.3125 293.76251220703125 288.0625 284.83123779296875 284.46875 284.600006103515625 284.95623779296875 288.899993896484375
