data/historical-monthly-weather-data/wc2.1_cruts4.09_10m_prec_1990-09.asc
ncols        51
nrows        45
xllcorner    -63.500000000000
yllcorner    -7.500000000000
cellsize     0.166666666667
NODATA_value -9999
[rows 0 to 18 of 45, columns 0 to 43 of 51]
170.2874908447265625 172.243743896484375 174.6750030517578125 180.15625 182.931243896484375 183.162506103515625 178.5500030517578125 171.993743896484375 167.0625 162.712493896484375 160.568756103515625 159.1750030517578125 157.625 154.0812530517578125 151.125 147.087493896484375 144.681243896484375 140.1437530517578125 137.024993896484375 132.850006103515625 129.5749969482421875 124.375 120.3312530517578125 116.3562469482421875 111.99375152587890625 109.55625152587890625 108.2624969482421875 107.00624847412109375 104.40000152587890625 102.75624847412109375 100.3249969482421875 99.2312469482421875 101.03749847412109375 101.33750152587890625 102.63124847412109375 105.2375030517578125 109.30625152587890625 113.0500030517578125 114.84375 116.77500152587890625 118.8937530517578125 119.86875152587890625 119.3562469482421875 119.34375
159.8874969482421875 161.024993896484375 166.368743896484375 174.6875 183.5124969482421875 179.5812530517578125 172.8874969482421875 169.4250030517578125 164.462493896484375 159.524993896484375 156.4499969482421875 153.7312469482421875 151.2062530517578125 146.4875030517578125 143.181243896484375 140.4375 136.774993896484375 133.125 129.6374969482421875 125.99375152587890625 121.84999847412109375 118.53125 114.3874969482421875 111.40000152587890625 106.6374969482421875 104 103.8249969482421875 103.4875030517578125 100.83750152587890625 99.6750030517578125 98.3000030517578125 98.6125030517578125 100.2624969482421875 102.7624969482421875 105.19374847412109375 108.6687469482421875 113.50624847412109375 118.49375152587890625 120.3562469482421875 122.4187469482421875 124.9250030517578125 126.15000152587890625 126.75624847412109375 125.59999847412109375
145.274993896484375 148.15625 153.0500030517578125 161.056243896484375 168.256256103515625 167.350006103515625 162.7687530517578125 159.149993896484375 155.53125 151.493743896484375 148.4187469482421875 145.368743896484375 142.6062469482421875 137.78125 133.993743896484375 131.84375 128.2624969482421875 124.8874969482421875 121.40000152587890625 118.09375 114.1437530517578125 110.33750152587890625 106.9812469482421875 104.5124969482421875 100.5812530517578125 97.6374969482421875 99.1750030517578125 98.72499847412109375 97.0625 96.02500152587890625 94.6750030517578125 95.1687469482421875 98.6875 101.78749847412109375 105.0187530517578125 108.7375030517578125 114.09375 120.05625152587890625 123.0749969482421875 126.2937469482421875 129.71875 130.40625 131.7687530517578125 131.3312530517578125
128.725006103515625 131.90625 140.125 145.100006103515625 150.09375 150.3000030517578125 148.899993896484375 148.7375030517578125 146.6437530517578125 143.8562469482421875 140.1374969482421875 136.8874969482421875 132.2312469482421875 128.4499969482421875 125.10625457763671875 122.74375152587890625 120.13124847412109375 116.90625 114.6062469482421875 112.03125 108.00624847412109375 102.9562530517578125 98.71250152587890625 96.59375 92.9875030517578125 90.96875 92.15625 91.27500152587890625 91.03749847412109375 91.13124847412109375 91.0625 91.15000152587890625 94.3125 97.9187469482421875 101.22499847412109375 107.8312530517578125 114.9250030517578125 121.43125152587890625 125.8625030517578125 128.993743896484375 132.181243896484375 132.9499969482421875 134.0625 134.59375
126.2312469482421875 125.33750152587890625 125.28749847412109375 128.6750030517578125 134.8625030517578125 136.3937530517578125 135.975006103515625 136.837493896484375 136.818756103515625 134.6750030517578125 131.256256103515625 126.56874847412109375 123.03125 120.6875 117.8625030517578125 115.4875030517578125 112.7375030517578125 109.4250030517578125 106.86875152587890625 103.61875152587890625 100.63124847412109375 94.53749847412109375 90.8312530517578125 88.99375152587890625 86.0500030517578125 84.34375 84.5 85.19374847412109375 85.4250030517578125 85.375 86.0437469482421875 85.98749542236328125 89.03125 93.5500030517578125 98.3562469482421875 104.78125 112.3000030517578125 120.58750152587890625 126.1687469482421875 130.368743896484375 133.9875030517578125 134.337493896484375 134.5749969482421875 136.09375
123.84999847412109375 122.1062469482421875 119.6687469482421875 116.5187530517578125 122.2687530517578125 128 129.412506103515625 129.2937469482421875 129.1437530517578125 128.4375 124.84375 120.4375 117.4875030517578125 115.66249847412109375 112.58750152587890625 110.93125152587890625 108.34999847412109375 104.11875152587890625 100.72499847412109375 97.59375 93.36875152587890625 88.41249847412109375 84.63124847412109375 82.4250030517578125 80.71250152587890625 78.97499847412109375 79.21875 80.47499847412109375 80.6437530517578125 80.38124847412109375 80.9187469482421875 83.06874847412109375 85.9875030517578125 89.78125 93.8249969482421875 101.2687530517578125 108.80625152587890625 118 124.9250030517578125 129.506256103515625 130.0625 130.631256103515625 131.193756103515625 133.6062469482421875
123.33750152587890625 121.7312469482421875 118.86875152587890625 115.53125 116.69374847412109375 118.03749847412109375 120.49375152587890625 121.75624847412109375 120.5500030517578125 118.5437469482421875 116.59375 113.96875 112.22499847412109375 110.3874969482421875 108.09375 106.5500030517578125 104.3562469482421875 100.46250152587890625 95.7937469482421875 91.16249847412109375 86.625 82.22499847412109375 77.90625 76.02500152587890625 75.21250152587890625 74.33750152587890625 74.96875 76.1750030517578125 76.00624847412109375 75.5812530517578125 76.3937530517578125 77.6437530517578125 80.90000152587890625 85 89.1687469482421875 95.22499847412109375 102.7062530517578125 112.9562530517578125 122.34999847412109375 124.77500152587890625 125.08750152587890625 124.5437469482421875 125.33750152587890625 128.5749969482421875
123.3312530517578125 121.34999847412109375 118.5124969482421875 117.3874969482421875 118.1437530517578125 119.2375030517578125 117.49375152587890625 113.1999969482421875 109.6125030517578125 108.4562530517578125 108.6125030517578125 107.625 106.84375 105.31874847412109375 104.15000152587890625 101.6687469482421875 99.4812469482421875 95.71250152587890625 90.77500152587890625 84.27500152587890625 80.33750152587890625 76.09375 72.25624847412109375 70.4187469482421875 69.68125152587890625 69.2062530517578125 69.6750030517578125 70.3937530517578125 71.0187530517578125 70.78125 71.5500030517578125 72.6125030517578125 75.5187530517578125 79.6374969482421875 82.7062530517578125 88.03749847412109375 94.68125152587890625 102.90000152587890625 109.31874847412109375 112.68125152587890625 113.4375 113.03125 114.2687530517578125 116.5749969482421875
124.7312469482421875 123.3125 121.4499969482421875 120.1687469482421875 120.36875152587890625 119.91249847412109375 118.00624847412109375 113.6999969482421875 108.25 104.1062469482421875 104.15625 103.65625 104.41249847412109375 102.88124847412109375 100.7937469482421875 97.7687530517578125 94.77500152587890625 90.90625 86.6875 80.3000030517578125 75.75 72.3562469482421875 67.8249969482421875 67.0625 65.84999847412109375 64.83750152587890625 65.33750152587890625 66.55625152587890625 67.81874847412109375 67.46875 68.65000152587890625 68.0500030517578125 69.17499542236328125 70.9187469482421875 73.5 79.09999847412109375 85.1687469482421875 90.9875030517578125 95.11875152587890625 97.99375152587890625 99.03125 98.59999847412109375 99.88124847412109375 102.11875152587890625
124.8249969482421875 123.7937469482421875 122.43125152587890625 121.25 122.0187530517578125 121.53749847412109375 119.44374847412109375 114.7687530517578125 110.1125030517578125 106.5124969482421875 104.3562469482421875 102.4812469482421875 102.41249847412109375 101.69374847412109375 97.72499847412109375 94.1875 89.53749847412109375 85.5 81.4375 76.6374969482421875 72.63124847412109375 68.4875030517578125 64.0437469482421875 62.8125 61.081249237060546875 60.18125152587890625 60.97499847412109375 62.22499847412109375 63.56874847412109375 63.950000762939453125 63.56874847412109375 62.5625 62.893749237060546875 64.46250152587890625 66.3312530517578125 70.5 75.5437469482421875 79.84999847412109375 82.13124847412109375 84.28125 85.21250152587890625 85.46875 84.24375152587890625 85.5749969482421875
126.66249847412109375 125.44374847412109375 124.16249847412109375 122.80625152587890625 122.9562530517578125 123.43125152587890625 121.5 115.3937530517578125 110.1062469482421875 106.6875 104.67499542236328125 103.22499847412109375 101.3249969482421875 99.16249847412109375 93.81874847412109375 88.78749847412109375 83.08750152587890625 79.21875 75.5 71.86875152587890625 69.71250152587890625 66.02500152587890625 61.50624847412109375 57.72499847412109375 56.799999237060546875 57.59375 58.575000762939453125 59.012500762939453125 59.36875152587890625 59.41249847412109375 59.03749847412109375 57.88124847412109375 57.86875152587890625 58.33750152587890625 59.40625 62.38124847412109375 65.9812469482421875 68.9875030517578125 71.4562530517578125 72.2062530517578125 71.9812469482421875 71.53125 71.90625 71.3000030517578125
127.3937530517578125 126.08750152587890625 124.8625030517578125 124.4187469482421875 124.33750152587890625 124.33750152587890625 123.1750030517578125 117.3874969482421875 111.21250152587890625 106.7375030517578125 104.49375152587890625 102.5124969482421875 98.08750152587890625 93.80625152587890625 89.40000152587890625 83.78125 78.46250152587890625 74.1125030517578125 70.8125 68.77500152587890625 68.02500152587890625 64.63124847412109375 59.90625 55.66249847412109375 54.09375 53.97499847412109375 54.47499847412109375 54.88124847412109375 54.700000762939453125 54.58750152587890625 53.90000152587890625 52.75 52.443752288818359375 52.981250762939453125 54.262500762939453125 56.543750762939453125 59 61.28749847412109375 61.66249847412109375 61.11875152587890625 60.18125152587890625 59.15000152587890625 59.393749237060546875 58.575000762939453125
127.1999969482421875 125.75624847412109375 124.09375 122.58750152587890625 121.66249847412109375 121.1875 119.02500152587890625 114.09999847412109375 109.8312530517578125 106.125 102.94374847412109375 100.0437469482421875 95.21875 87.96250152587890625 82.3312530517578125 77.77500152587890625 72.75 69.1437530517578125 66.40625 64.49375152587890625 64.44374847412109375 62.15000152587890625 57.831249237060546875 54.22499847412109375 51.09999847412109375 50.299999237060546875 51.106250762939453125 51.662502288818359375 51.625 50.90625 49.356250762939453125 47.86875152587890625 47.59999847412109375 47.293750762939453125 48.00624847412109375 50.44374847412109375 53.63124847412109375 56.118747711181640625 57.21875 54.53749847412109375 51.375 51.08750152587890625 50.393749237060546875 45.606250762939453125
125.9250030517578125 123.94374847412109375 121.28125 119.24375152587890625 118.16249847412109375 116.21250152587890625 113.47499847412109375 110.22499847412109375 106.5437469482421875 103.71250152587890625 99.83124542236328125 94.34375 88.8249969482421875 81.90625 74.88124847412109375 70.9812469482421875 66.53125 63.125 60.28749847412109375 58.71875 58.668750762939453125 56.75624847412109375 54.125 52.53125 50.31874847412109375 48.84999847412109375 48.93125152587890625 48.762500762939453125 48.100002288818359375 47.174999237060546875 46.22499847412109375 44.28125 43.3125 42.674999237060546875 43.24375152587890625 46.393749237060546875 50.50624847412109375 54.856250762939453125 56.899997711181640625 55.53125 48.68125152587890625 44.40625 43.77500152587890625 42.83750152587890625
123.1875 120.3874969482421875 117.38124847412109375 115.22499847412109375 113.9187469482421875 110.1999969482421875 108.2624969482421875 104.8874969482421875 101.3312530517578125 99.19374847412109375 94.6374969482421875 88.5124969482421875 82.11875152587890625 75.2624969482421875 67.9812469482421875 63.19374847412109375 59.600002288818359375 57.15000152587890625 54.38124847412109375 53.09999847412109375 53.50624847412109375 52.99375152587890625 51.94374847412109375 51.91249847412109375 51.63124847412109375 50.631252288818359375 49.75624847412109375 48.143749237060546875 46.46250152587890625 45.31874847412109375 42.987499237060546875 40.924999237060546875 40.24375152587890625 39.28749847412109375 38.71250152587890625 42.731250762939453125 49.46250152587890625 57.512500762939453125 62.549999237060546875 60.90625 55.80625152587890625 50.424999237060546875 48.31874847412109375 45.84999847412109375
119.1750030517578125 115.96250152587890625 113.48749542236328125 110.96875 108.40625 105.8874969482421875 103.1750030517578125 99.6999969482421875 96.83750152587890625 94.6999969482421875 90.0437469482421875 82.91249847412109375 75.88124847412109375 69.19374847412109375 62.424999237060546875 56.40625 52.956249237060546875 51.5 49.231250762939453125 48.36875152587890625 48.84999847412109375 49.80625152587890625 50.78125 52.43125152587890625 53.0625 51.825000762939453125 49.97499847412109375 48.13124847412109375 46.25624847412109375 44.28125 42.69374847412109375 39.893749237060546875 38.25624847412109375 37.53749847412109375 36.200000762939453125 41.84999847412109375 51.00624847412109375 59.78125 67.7062530517578125 68.5437469482421875 66.25624847412109375 59.16249847412109375 52.75 47.47499847412109375
113.58750152587890625 110.9499969482421875 109.0187530517578125 106.68125152587890625 103.875 101.5625 98.71875 95.78749847412109375 92.88124847412109375 89.9375 85.84999847412109375 78.38124847412109375 70.4499969482421875 63.399997711181640625 58.03125 52.77500152587890625 47.612499237060546875 45.950000762939453125 44.84999847412109375 44.03125 44.74375152587890625 46.481250762939453125 49.21875 52.72499847412109375 54.487499237060546875 52.41249847412109375 50.200000762939453125 48.106250762939453125 46.206249237060546875 44.46875 43.53749847412109375 42.40625 40.25 38.862499237060546875 40.61875152587890625 45.549999237060546875 53.512500762939453125 66.15000152587890625 78.96250152587890625 76.1125030517578125 69.625 61.725002288818359375 53.46250152587890625 48.768749237060546875
107.73749542236328125 105.6437530517578125 102.9187469482421875 100.6750030517578125 98.77500152587890625 96.49375152587890625 93.25 89.8937530517578125 87.58750152587890625 84.33750152587890625 80.36875152587890625 73.3312530517578125 65.80625152587890625 59.143749237060546875 53.987499237060546875 49.41249847412109375 44.78749847412109375 41.11875152587890625 40.6875 39.731250762939453125 41.02500152587890625 42.75 46.00624847412109375 50.25624847412109375 52.90625 51.56874847412109375 50.16249847412109375 48.28125 46.02500152587890625 43.75624847412109375 42.40625 41.34999847412109375 43.625 45.99375152587890625 46.13124847412109375 48.106250762939453125 57.55625152587890625 68.97499847412109375 76.3874969482421875 75.33750152587890625 66.8937530517578125 59.206249237060546875 52.43125152587890625 49.53749847412109375
101.74375152587890625 99.47499847412109375 96.6999969482421875 94.9812469482421875 92.8937530517578125 90.74375152587890625 87.56874847412109375 85.03749847412109375 82.59999847412109375 79.59999847412109375 75.6875 68.75624847412109375 61.47499847412109375 55.36875152587890625 50.1875 46.40625 42.52500152587890625 38.643749237060546875 36.612499237060546875 35.71875 37.96250152587890625 42.06874847412109375 42.174999237060546875 45.981250762939453125 49.34375 50.86875152587890625 50.53749847412109375 48.612499237060546875 47.518749237060546875 44.799999237060546875 42.68125152587890625 44.71250152587890625 50.65000152587890625 53.331249237060546875 54.643749237060546875 57.05625152587890625 61.99375152587890625 67.1750030517578125 70.375 68.28125 61.981250762939453125 55.875 50.96250152587890625 48.96875
