data/historical-monthly-weather-data/wc2.1_cruts4.09_10m_prec_1992-08.asc
ncols        51
nrows        45
xllcorner    -63.500000000000
yllcorner    -7.500000000000
cellsize     0.166666666667
NODATA_value -9999
[rows 0 to 18 of 45, columns 0 to 43 of 51]
206.4250030517578125 208.78125 207.90625 211.881256103515625 216.931243896484375 222.8125 222.256256103515625 224.2624969482421875 226.21875 225.625 218.587493896484375 215.2624969482421875 214.59375 209.8000030517578125 206.2375030517578125 198.3937530517578125 193.524993896484375 187.287506103515625 180.8000030517578125 179.181243896484375 176.78125 172.1687469482421875 167.8000030517578125 162.506256103515625 155.631256103515625 149.1999969482421875 145.399993896484375 143.318756103515625 134.912506103515625 131.4375 123.7375030517578125 120.3125 116.3874969482421875 110.0812530517578125 105.50624847412109375 102.58750152587890625 98.68125152587890625 96.31874847412109375 96.25624847412109375 95.50624847412109375 95.4250030517578125 97.4187469482421875 97.3312530517578125 97.03749847412109375
199.2624969482421875 200.743743896484375 205.8562469482421875 212.1437530517578125 220.524993896484375 225.600006103515625 222.681243896484375 224.537506103515625 228.193756103515625 228.3874969482421875 224.225006103515625 222.96875 218.037506103515625 211.1687469482421875 205.556243896484375 201.40625 193.931243896484375 187.0749969482421875 181.493743896484375 178.3000030517578125 175.381256103515625 170.600006103515625 166.256256103515625 162.15625 154.75 146.7437591552734375 144.7687530517578125 140.318756103515625 131.9375 126.8874969482421875 122.43125152587890625 118.06874847412109375 113.46875 109.0625 103.5437469482421875 99.08750152587890625 92.875 91.2687530517578125 89.9562530517578125 89.00624847412109375 90.74375152587890625 91.41249847412109375 92.8000030517578125 93.53749847412109375
186.0749969482421875 191.0437469482421875 199.337493896484375 209.774993896484375 219.975006103515625 225.274993896484375 226.568756103515625 228.5625 229.943756103515625 229.568756103515625 228.9625091552734375 227.2624969482421875 221.287506103515625 211.5187530517578125 204.5749969482421875 198.850006103515625 192.5500030517578125 185.5812530517578125 179.9187469482421875 174.256256103515625 173.162506103515625 171.5749969482421875 167.649993896484375 164.2062530517578125 154.6999969482421875 147.787506103515625 146.274993896484375 139.0187530517578125 130.131256103515625 125.88124847412109375 119.7062530517578125 115.21875 110.7375030517578125 107.0187530517578125 100.34375 93.25 88.21250152587890625 85.7624969482421875 83.6875 83.7062530517578125 86.08750152587890625 87.56874847412109375 90.38124847412109375 90.80625152587890625
173.6999969482421875 176.5812530517578125 188.84375 202.1999969482421875 212.1750030517578125 218.2062530517578125 223.1062469482421875 227.375 233.2937469482421875 233.4499969482421875 230.1750030517578125 225.4499969482421875 220.2312469482421875 210.443756103515625 202.7375030517578125 195.5812530517578125 189.943756103515625 184.149993896484375 179.0124969482421875 178.3000030517578125 176.024993896484375 172.3625030517578125 167.993743896484375 164.4499969482421875 155.7624969482421875 148.0749969482421875 144.5812530517578125 134.0437469482421875 125.78125 121.81874847412109375 116.49375152587890625 110.5812530517578125 104.36875152587890625 99.09375 93.46250152587890625 88.0124969482421875 84.81874847412109375 80.8937530517578125 77.7375030517578125 78.7375030517578125 79.71875 83.31874847412109375 86.1750030517578125 88.55625152587890625
178.1750030517578125 176.399993896484375 178.5124969482421875 188.931243896484375 203.181243896484375 209.65625 214.5187530517578125 224.868743896484375 234.431243896484375 235.4499969482421875 230.1750030517578125 223.618743896484375 217.6125030517578125 209.6125030517578125 200.5124969482421875 193.649993896484375 186.212493896484375 179.6750030517578125 175.087493896484375 175.975006103515625 177.7312469482421875 171.7375030517578125 168.337493896484375 166.6125030517578125 155.662506103515625 146.524993896484375 139.0124969482421875 132.181243896484375 123.58750152587890625 116.6125030517578125 113.6437530517578125 106.8312530517578125 101.625 96.88124847412109375 91.2375030517578125 84.43125152587890625 79.46875 75.52500152587890625 72.38124847412109375 71.84375 74.47499847412109375 77.9562530517578125 82.8312530517578125 85.5749969482421875
177.993743896484375 176.212493896484375 175.8937530517578125 174.649993896484375 186.7687530517578125 201.631256103515625 209.2937469482421875 216.4562530517578125 226.774993896484375 228.149993896484375 220.087493896484375 213.9250030517578125 209.943756103515625 203.6062469482421875 195.03125 189.21875 180.774993896484375 173.75 172.412506103515625 173.8874969482421875 175.3312530517578125 172.618743896484375 169.6437530517578125 161.193756103515625 153.350006103515625 145.162506103515625 137.25 128.912506103515625 121.2624969482421875 113.15625 109.5437469482421875 105.21250152587890625 98.6999969482421875 94.53125 87.90625 83.08750152587890625 77.18125152587890625 71.6875 69.43125152587890625 69.71875 70.03749847412109375 73.9375 78.71250152587890625 83.33750152587890625
178.8937530517578125 179.0500030517578125 179 178.65625 183.368743896484375 189.53125 196.037506103515625 202.5437469482421875 202.9499969482421875 205.443756103515625 203.7062530517578125 201.1374969482421875 201.0625 196.4562530517578125 191.0812530517578125 185.625 177.9375 173.1437530517578125 170.725006103515625 174.3249969482421875 173.975006103515625 172.381256103515625 169.193756103515625 161.53125 152.3937530517578125 144.662506103515625 135.7687530517578125 126.0812530517578125 115.72499847412109375 110.78749847412109375 105.86875152587890625 100.3562469482421875 96.0437469482421875 91.875 86.31874847412109375 80.58750152587890625 74.06874847412109375 69.0749969482421875 67.1875 66.9812469482421875 66.55625152587890625 69.90625 74.9875030517578125 80.5749969482421875
180.818756103515625 179.21875 182.212493896484375 183.78125 189.568756103515625 195.3000030517578125 192.1062469482421875 182.2375030517578125 176.399993896484375 179.6875 187.7937469482421875 188.743743896484375 189.318756103515625 187.568756103515625 184.96875 180.412506103515625 175.537506103515625 171.9499969482421875 169.787506103515625 172.1062469482421875 173.7937469482421875 172.506256103515625 167.2624969482421875 158.5625 151.774993896484375 141.818756103515625 131.6125030517578125 122.43125152587890625 113.1750030517578125 105.58750152587890625 102.7062530517578125 97.15000152587890625 91.8125 88.72499847412109375 82.24375152587890625 76.36875152587890625 70.3000030517578125 65.0625 62.18125152587890625 60.6875 60.41249847412109375 63.77500152587890625 68.08750152587890625 72.3625030517578125
182.899993896484375 181.9875030517578125 186.024993896484375 185.9562530517578125 189.40625 191.53125 189.84375 182.6437530517578125 169.21875 164.056243896484375 170.068756103515625 172.7375030517578125 179.056243896484375 178.5749969482421875 177.3312530517578125 174.65625 174.368743896484375 172.8000030517578125 174.9187469482421875 173.256256103515625 172.274993896484375 171.712493896484375 165.506256103515625 161.068756103515625 152.3562469482421875 139.9812469482421875 127.1062469482421875 119.75624847412109375 111.00624847412109375 103.72499847412109375 100.6999969482421875 93.47499847412109375 87.03749847412109375 81.5500030517578125 76.66249847412109375 72.7624969482421875 67.90625 63.22499847412109375 59.52500152587890625 57.450000762939453125 56.13124847412109375 57.46875 59.625 62.0625
183.3249969482421875 183.15625 185.53125 187.6187591552734375 190.5 191.6687469482421875 193.100006103515625 185.681243896484375 174.625 171.850006103515625 171.3125 167.8249969482421875 172.381256103515625 173.412506103515625 171.3249969482421875 171.21875 170.5124969482421875 173 175.34375 176.493743896484375 174.8312530517578125 170.09375 162.9187469482421875 157.850006103515625 148.118743896484375 135.787506103515625 123.77500152587890625 115.3562469482421875 105.4499969482421875 98.3625030517578125 92.9562530517578125 87.05625152587890625 83.3249969482421875 79.5812530517578125 75.84999847412109375 71.5749969482421875 66.0749969482421875 61.00624847412109375 57.84375 55.112499237060546875 52.71875 52.16249847412109375 52.3125 52.05625152587890625
186.912506103515625 186.5124969482421875 186.3874969482421875 187.3062591552734375 191.1750030517578125 195.3625030517578125 195.993743896484375 186.056243896484375 177.0812530517578125 171.850006103515625 172.256256103515625 169.056243896484375 168.0749969482421875 166.868743896484375 163.7687530517578125 163.0187530517578125 164.600006103515625 169.4812469482421875 172.475006103515625 176.631256103515625 179.899993896484375 174.537506103515625 165.5437469482421875 154.524993896484375 147.931243896484375 136.068756103515625 124.36875152587890625 113.51874542236328125 101.19374847412109375 92.91249847412109375 89.0625 83.93125152587890625 81.9187469482421875 78.8000030517578125 74 69.0124969482421875 63.581249237060546875 59.262500762939453125 55.22499847412109375 51.487499237060546875 48.081249237060546875 46.862499237060546875 46.674999237060546875 45.15625
186.975006103515625 187.2687530517578125 186.9812469482421875 189.03125 193.225006103515625 197.024993896484375 198.618743896484375 190.774993896484375 180.5 173.6875 171.5749969482421875 168.193756103515625 163.9250030517578125 159.3000030517578125 161.3874969482421875 160.53125 160.6875 162.899993896484375 168.037506103515625 175.337493896484375 179.399993896484375 174.975006103515625 167.131256103515625 157.2312469482421875 146.5437469482421875 128.2062530517578125 116.4562530517578125 107.38124847412109375 96.71875 89.8000030517578125 84.94374847412109375 81.9187469482421875 78.2375030517578125 75.15625 72.09999847412109375 68.52500152587890625 63.643749237060546875 58.65000152587890625 52.68125152587890625 47.16249847412109375 43.543750762939453125 42.03749847412109375 40.887500762939453125 37.50624847412109375
185.21875 183.3874969482421875 184.1125030517578125 184.1062469482421875 189.3312530517578125 191.25 188.5500030517578125 183.9875030517578125 174.743743896484375 169.431243896484375 167.1999969482421875 165.131256103515625 159.5 151.75 150.2375030517578125 151.350006103515625 150.587493896484375 155.4625091552734375 160.1062469482421875 164.4875030517578125 170.0437469482421875 167.5 161.1999969482421875 147.649993896484375 130.4812469482421875 115.34999847412109375 108.55625152587890625 101.25 94.78125 88.71250152587890625 83.1875 79.09375 77.1125030517578125 72.24375152587890625 70.0187530517578125 68.2937469482421875 66.36875152587890625 60.96250152587890625 54.981250762939453125 46.78125 39.53125 38.6875 36.74375152587890625 32.88124847412109375
181.6750030517578125 177.818756103515625 177.1374969482421875 179.1999969482421875 181.806243896484375 181.3562469482421875 178.787506103515625 176.7062530517578125 168.1687469482421875 163.3249969482421875 159.1374969482421875 154.6687469482421875 151.024993896484375 144.84375 136.6875 139.443756103515625 140.4499969482421875 144.399993896484375 144.5187530517578125 147.3000030517578125 152.7937469482421875 151.09375 146.0437469482421875 136.0187530517578125 122.9250030517578125 111.4375 104.9562530517578125 98.80625152587890625 92.8125 88.1062469482421875 83.9250030517578125 78.27500152587890625 75.7375030517578125 71.9499969482421875 71.40000152587890625 71.9375 70.69374847412109375 68.40000152587890625 62.25 51.69374847412109375 39.41249847412109375 34.99375152587890625 34.5625 35.299999237060546875
175.7062530517578125 173.681243896484375 171.162506103515625 170.568756103515625 173.006256103515625 171.90625 169.0500030517578125 165.100006103515625 157.53125 153.2624969482421875 146.9375 144.28125 140.662506103515625 133.4499969482421875 125.18125152587890625 123.1875 123.99375152587890625 125.1999969482421875 126.5500030517578125 129.96875 134.9812469482421875 135.118743896484375 132.7937469482421875 128.4499969482421875 121.4812469482421875 114.2687530517578125 106.84375 99.6999969482421875 92.66249847412109375 87.49375152587890625 82.13124847412109375 77.86875152587890625 75.6437530517578125 73.6687469482421875 72.1125030517578125 73.49375152587890625 75.125 78.3937530517578125 73.91249847412109375 61.02500152587890625 50.59999847412109375 44.74375152587890625 43.16249847412109375 40.549999237060546875
167.21875 166.068756103515625 164.7687530517578125 163.7375030517578125 163.8125 163.837493896484375 161.2687530517578125 154.787506103515625 148.53125 143.5749969482421875 137.875 133.3249969482421875 128.350006103515625 122.11875152587890625 115.09375 107.6999969482421875 107.5749969482421875 108.9250030517578125 109.8937530517578125 113.71250152587890625 118.05625152587890625 120.84375 123.41249847412109375 124.80625152587890625 122.13124847412109375 116.3249969482421875 109.36875152587890625 100.71250152587890625 93.0749969482421875 88.3625030517578125 84.2312469482421875 79.64374542236328125 76.125 74.21875 73.9875030517578125 80.59375 84.6999969482421875 87.9875030517578125 85.52500152587890625 76.6999969482421875 67.59375 58.96875 51.65000152587890625 45.012500762939453125
162.3125 161.287506103515625 158.6875 157.9187469482421875 155.524993896484375 155.9250030517578125 154.5437469482421875 149.7687530517578125 141.5437469482421875 137.037506103515625 131.6687469482421875 125.06874847412109375 119.7687530517578125 113.4375 106.2375030517578125 99.11875152587890625 92.1687469482421875 91.93125152587890625 95.25624847412109375 99.7937469482421875 102.125 107.59999847412109375 114.2687530517578125 122.3874969482421875 124.63124847412109375 119.0124969482421875 109.25624847412109375 101 92.2375030517578125 86.7375030517578125 84.33750152587890625 82.78749847412109375 81.36875152587890625 80.4812469482421875 88.56874847412109375 94.84375 98.8937530517578125 105.22499847412109375 105.7312469482421875 92.5 79.75624847412109375 66.9812469482421875 55.9375 48.97499847412109375
153.03125 153.4562530517578125 152.181243896484375 152.4187469482421875 150.475006103515625 151 147.056243896484375 143.1187591552734375 136.0124969482421875 130.46875 125.18125152587890625 119.3625030517578125 111.34999847412109375 103.75624847412109375 96.91249847412109375 89.71250152587890625 82.8000030517578125 77.375 82.16249847412109375 84.2624969482421875 88.53125 94.53125 103.8000030517578125 113.1374969482421875 119.9812469482421875 117.7687530517578125 110.74375152587890625 102.08750152587890625 92.18125152587890625 85.3562469482421875 79.0124969482421875 76.3625030517578125 85.3874969482421875 94.94374847412109375 100.34999847412109375 108.1999969482421875 114.44374847412109375 117.0625 111.8000030517578125 100.11875152587890625 82.6437530517578125 70.4812469482421875 59.862499237060546875 52.856250762939453125
143.8874969482421875 144.78125 144.943756103515625 145.9499969482421875 146.2937469482421875 145.2375030517578125 142.631256103515625 138.21875 134.3874969482421875 129.850006103515625 123.5124969482421875 113.27500152587890625 105.40000152587890625 98.11875152587890625 89.25 83.46875 76.2937469482421875 69.5625 69.16249847412109375 72.34375 80.8249969482421875 94.9812469482421875 90.6687469482421875 101.43125152587890625 109.59999847412109375 114.7937469482421875 111.24375152587890625 102.2375030517578125 95.1437530517578125 84.43125152587890625 77.09375 79.19374847412109375 90.75 98.875 106.4875030517578125 113.90625 115.3000030517578125 112.2937469482421875 107.8125 95.7375030517578125 82.84999847412109375 71.8312530517578125 62.09999847412109375 54.737499237060546875
