data/historical-monthly-weather-data/wc2.1_cruts4.09_10m_prec_1987-09.asc
ncols        51
nrows        45
xllcorner    -63.500000000000
yllcorner    -7.500000000000
cellsize     0.166666666667
NODATA_value -9999
[rows 19 to 37 of 45, columns 0 to 42 of 51]
119.61875152587890625 117.09999847412109375 114.40000152587890625 112.93125152587890625 111.8312530517578125 112.03125 111.0812530517578125 109.2687530517578125 108.78125 106.5124969482421875 103.16249847412109375 97.625 91.19374847412109375 84.84375 79.1374969482421875 74.7937469482421875 69.5749969482421875 68.24375152587890625 65.80625152587890625 66.44374847412109375 66.2687530517578125 67.31874847412109375 71.52500152587890625 76.00624847412109375 79.3125 80.0625 80.16249847412109375 80.1750030517578125 76.6062469482421875 72.27500152587890625 70.31874847412109375 77.93125152587890625 84.6125030517578125 93.5500030517578125 99.3937530517578125 95.75624847412109375 90.81874847412109375 86.8625030517578125 82.3000030517578125 75.2937469482421875 66.0500030517578125 56.63124847412109375 52.90625
112.7624969482421875 111.4375 110.2624969482421875 109.375 108.53749847412109375 108.1999969482421875 108.1999969482421875 107.4812469482421875 107.99375152587890625 107.0187530517578125 103.99375152587890625 99.6374969482421875 93.3937530517578125 86.1125030517578125 80.96250152587890625 75 69.86875152587890625 66.78749847412109375 66.46250152587890625 65 67.03749847412109375 69.83750152587890625 72.7375030517578125 77.25 81.9499969482421875 83.90625 83.5187530517578125 81.9812469482421875 80.25 80.77500152587890625 82.15625 88.66249847412109375 96.28749847412109375 106.9250030517578125 118.5124969482421875 110.4499969482421875 97.4562530517578125 88.7937469482421875 81.6125030517578125 74.7687530517578125 68.03749847412109375 61.40000152587890625 57.481250762939453125
107.53125 105.09375 104.3249969482421875 104.0625 104.63124847412109375 105.65625 105.8874969482421875 106.59375 107.6374969482421875 107.4187469482421875 105.40000152587890625 102.02500152587890625 97.6062469482421875 91.43125152587890625 85.6125030517578125 78.6374969482421875 73.34375 69.7937469482421875 68.9562530517578125 67.4499969482421875 67.24375152587890625 69.50624847412109375 72.27500152587890625 76.6875 80.75 83.9875030517578125 86.88124847412109375 86.5500030517578125 87.90000152587890625 89.78125 91.8249969482421875 96.33750152587890625 102.84999847412109375 111.36875152587890625 114.9250030517578125 109.1125030517578125 97.52500152587890625 89.25 81.9250030517578125 76.3000030517578125 71.5812530517578125 67.16249847412109375 64.66249847412109375
103.1374969482421875 101.9187469482421875 100.59375 100.74375152587890625 101.3874969482421875 102.6999969482421875 104.1750030517578125 105.6374969482421875 108.125 107.9250030517578125 108.09999847412109375 106.0500030517578125 104.13124847412109375 98.9562530517578125 90.86875152587890625 83.3125 76.84999847412109375 73.5187530517578125 71.06874847412109375 69.33750152587890625 69.13124847412109375 70.7624969482421875 72.5437469482421875 75.8249969482421875 80.66249847412109375 84.34999847412109375 87.3874969482421875 90.78125 92.8249969482421875 94.5124969482421875 97.8249969482421875 102.7375030517578125 106.7687530517578125 110.3937530517578125 109.8874969482421875 102.0749969482421875 94.34375 87.4499969482421875 82.0500030517578125 79.1062469482421875 77.1374969482421875 73.7937469482421875 71.6062469482421875
100.9250030517578125 98.5812530517578125 97.97499847412109375 97.50624847412109375 97.4250030517578125 100.03125 102.1437530517578125 103.75 106.21250152587890625 106.90000152587890625 107.06874847412109375 107.7687530517578125 108.71875 103.56874847412109375 94.5187530517578125 86.38124847412109375 80.02500152587890625 76.53125 73.9499969482421875 71.49375152587890625 71.1750030517578125 71.71250152587890625 73.77500152587890625 77.33750152587890625 81.5500030517578125 84.50624847412109375 87.55625152587890625 91.1374969482421875 95.7312469482421875 98.40625 101.5437469482421875 106.28125 108.3625030517578125 109.71875 108.53125 100.39374542236328125 94.7375030517578125 90.74375152587890625 86.6750030517578125 85.53749847412109375 83.9187469482421875 81.13124847412109375 79.72499847412109375
100.1125030517578125 97.1374969482421875 95.65000152587890625 94.6750030517578125 97.03125 99.00624847412109375 100.6999969482421875 102.40000152587890625 104.3562469482421875 105.8000030517578125 106.65000152587890625 106.40625 106.0749969482421875 102.68125152587890625 95.6750030517578125 88.2687530517578125 82.53125 78.59999847412109375 75.63124847412109375 73.63124847412109375 73.38124847412109375 73.38124847412109375 75.75624847412109375 79.5625 82.3249969482421875 86.44374847412109375 89.6374969482421875 93.6999969482421875 98.34999847412109375 101.875 104.68125152587890625 108.375 111.15000152587890625 111.77500152587890625 109.6374969482421875 103.5812530517578125 100.4875030517578125 97.6999969482421875 94.09375 92.6062469482421875 91.13124847412109375 89.4875030517578125 88.40000152587890625
101.28749847412109375 99.3937530517578125 96.28749847412109375 95.86875152587890625 96.1750030517578125 97.6687469482421875 99.625 101.1125030517578125 102.68125152587890625 104.375 104.24375152587890625 104.1062469482421875 103.25 100.21250152587890625 95.00624847412109375 89.1750030517578125 83.7687530517578125 80.46875 77.43125152587890625 75.22499847412109375 74.90000152587890625 74.7062530517578125 77.08750152587890625 81.18125152587890625 84.4187469482421875 87.71875 92.38124847412109375 97.6750030517578125 101.90625 105.5124969482421875 108.3249969482421875 112.3625030517578125 113.22499847412109375 113.625 113.28125 111.3312530517578125 108.33750152587890625 106.2687530517578125 104.3000030517578125 102.03749847412109375 101.25 98.99375152587890625 97.69374847412109375
103.38124847412109375 100.2312469482421875 97.69374847412109375 97.0625 96.3937530517578125 97.75624847412109375 98.8874969482421875 99.47499847412109375 99.8937530517578125 101.38124847412109375 102.30625152587890625 102.34999847412109375 101.0500030517578125 98.875 94.6437530517578125 89.71875 85.75624847412109375 82.03749847412109375 79.1875 76.96250152587890625 76.8625030517578125 76.5437469482421875 78.25 83.74375152587890625 86.8937530517578125 90.6999969482421875 95.625 100.09375 104.6687469482421875 108.00624847412109375 110.7937469482421875 113.63124847412109375 117.11875152587890625 118.7687530517578125 118.7687530517578125 118.71875 118.03749847412109375 116.44374847412109375 114.6875 112.9875030517578125 111.0187530517578125 108.9187469482421875 107.69374847412109375
105.25624847412109375 102 99.94374847412109375 97.91249847412109375 97.3000030517578125 97.6374969482421875 98.4375 98.71875 98.5187530517578125 99.8874969482421875 100.40625 100.27500152587890625 99.30625152587890625 98.3312530517578125 94.41249847412109375 90.24375152587890625 86.53125 83.25624847412109375 80.55625152587890625 78.97499847412109375 78.6062469482421875 78.52500152587890625 80.03125 85.13124847412109375 89.77500152587890625 93.5 98.2375030517578125 102.96250152587890625 107.61875152587890625 111.5437469482421875 113.38124847412109375 116.34999847412109375 121.28749847412109375 123.90000152587890625 125.8937530517578125 126.6999969482421875 128.8562469482421875 129.412506103515625 127.6999969482421875 125.7312469482421875 123.72499847412109375 121.18125152587890625 116.59999847412109375
107.9375 104.2062530517578125 101.09999847412109375 98.61875152587890625 97.2687530517578125 96.81874847412109375 96.8625030517578125 97.25 97.38124847412109375 97.99375152587890625 98.19374847412109375 97.81874847412109375 98.19374847412109375 96.90000152587890625 93.49375152587890625 91.28749847412109375 89.22499847412109375 84.34999847412109375 81.58750152587890625 80.2624969482421875 80.3000030517578125 80.65625 82.33750152587890625 87.6374969482421875 91.59375 96.21875 101.06874847412109375 106.5749969482421875 112.4562530517578125 114.83750152587890625 116.0625 118.84375 123.7687530517578125 128.631256103515625 134.0500030517578125 135.8625030517578125 140.34375 143.5500030517578125 142.912506103515625 140.587493896484375 134.9250030517578125 129.2312469482421875 125.9187469482421875
113.3562469482421875 109.00624847412109375 104.1125030517578125 100.65625 98.3249969482421875 97.53125 97.1062469482421875 96.8000030517578125 96.6125030517578125 96.5625 96.43125152587890625 97.02500152587890625 97.3000030517578125 96.625 94.8562469482421875 92.24375152587890625 89.61875152587890625 86.375 83.09999847412109375 81.6437530517578125 82.1687469482421875 83.1999969482421875 84.21250152587890625 88.8125 93.9812469482421875 99.6125030517578125 104.05625152587890625 108.7687530517578125 113.34375 116.8874969482421875 120.08750152587890625 123.71250152587890625 128.850006103515625 134.693756103515625 141.649993896484375 145.9187469482421875 152.40625 159.34375 156.7937469482421875 157.756256103515625 154.743743896484375 147.225006103515625 140.787506103515625
117.16249847412109375 112.53125 108.21250152587890625 103.1437530517578125 100.4250030517578125 99.3000030517578125 97.3249969482421875 96.1437530517578125 96.0437469482421875 96.1125030517578125 95.75 96.1750030517578125 98.2687530517578125 97.54999542236328125 95.59375 93.2687530517578125 91.9375 89.0124969482421875 85.78749847412109375 84.91249847412109375 85.2312469482421875 86.57500457763671875 87.8562469482421875 91.93125152587890625 96.5812530517578125 102.24375152587890625 106.56874847412109375 110.90000152587890625 115.4250030517578125 117.9499969482421875 122.77500152587890625 127.66249847412109375 133.506256103515625 142.399993896484375 150.6374969482421875 154.9812469482421875 163.381256103515625 173.3000030517578125 175.131256103515625 176.6062469482421875 173.8812408447265625 164.8625030517578125 156.7687530517578125
122.21250152587890625 115.7937469482421875 110.55625152587890625 106.0187530517578125 103.7375030517578125 101.0500030517578125 98.66249847412109375 96.88124847412109375 96.75624847412109375 96.2312469482421875 96.00624847412109375 96.3125 96.8000030517578125 97.6437530517578125 97.2062530517578125 96.8874969482421875 95.1750030517578125 92.6750030517578125 90.68125152587890625 90.47499847412109375 90.96250152587890625 90.38124847412109375 91.58750152587890625 94.91249847412109375 100.78125 104.49375152587890625 107.99375152587890625 113.34375 117.6875 121.11875152587890625 126.3562469482421875 130.649993896484375 138.1687469482421875 147.6999969482421875 156.6125030517578125 162.6062469482421875 172.1374969482421875 181.5749969482421875 185.368743896484375 188.7062530517578125 189.25 180.28125 172.587493896484375
126.81874847412109375 121.38124847412109375 115.55625152587890625 111.21250152587890625 108.43125152587890625 105.69374847412109375 103.4375 100.5812530517578125 99.5 97.8125 99.36875152587890625 98.33124542236328125 98.8562469482421875 101.19374847412109375 101.0812530517578125 101.7937469482421875 101.1750030517578125 100.3562469482421875 98.65625 98.34999847412109375 97.72499847412109375 96.6750030517578125 95.9562530517578125 98.84999847412109375 103.5500030517578125 106.2062530517578125 109.6125030517578125 114.34375 118.75624847412109375 124.50624847412109375 129.46875 134.931243896484375 142.149993896484375 152.0437469482421875 162.506256103515625 169.25 177.9250030517578125 185.21875 190.25 196.7937469482421875 199.375 192.962493896484375 187.537506103515625
130.28125 126.21250152587890625 121.61875152587890625 117.2312469482421875 113.6062469482421875 110.6125030517578125 108.375 105.3625030517578125 102.7687530517578125 101.2062530517578125 100.46250152587890625 101.71250152587890625 102.00624847412109375 102.2937469482421875 104.1750030517578125 105.68125152587890625 107.6374969482421875 107.74375152587890625 107.30625152587890625 107.02500152587890625 105.65625 103.2312469482421875 101.3937530517578125 102.56874847412109375 105.0500030517578125 106.9812469482421875 110.1875 114.65625 118.6750030517578125 124.96875 131.6437530517578125 138.3562469482421875 146.5124969482421875 156.056243896484375 166.837493896484375 177.0124969482421875 183.7624969482421875 190.556243896484375 197.087493896484375 202.4499969482421875 205.943756103515625 204.975006103515625 203.350006103515625
134.443756103515625 130.993743896484375 126.96250152587890625 123.52500152587890625 120.0500030517578125 116.05625152587890625 113.7937469482421875 110.53749847412109375 106.3562469482421875 104.2062530517578125 103.83750152587890625 105.65000152587890625 105.93125152587890625 106.3249969482421875 108.71875 111.6062469482421875 114.03125 114.25624847412109375 116.03749847412109375 115.63124847412109375 114.15000152587890625 110.6687469482421875 106.58750152587890625 106.0124969482421875 105.99375152587890625 107.9187469482421875 111.44374847412109375 114.8937530517578125 118.7375030517578125 125.24375152587890625 132.618743896484375 139.4875030517578125 148.59375 158.8625030517578125 168.875 177.2937469482421875 186.056243896484375 196.337493896484375 201.962493896484375 208.8000030517578125 210.3249969482421875 209.5812530517578125 212.2687530517578125
137.2062530517578125 133.681243896484375 130.693756103515625 127.7312469482421875 124.59375 121.3000030517578125 117.6750030517578125 115.4187469482421875 111.6999969482421875 108.90625 108.8625030517578125 110.22499847412109375 111.75 112.8312530517578125 114.93125152587890625 117.84375 119.81874847412109375 121.3625030517578125 123.4812469482421875 124.8125 121.40000152587890625 116.99375152587890625 111.1125030517578125 108.6374969482421875 107.9812469482421875 108.4812469482421875 110.8000030517578125 114.1437530517578125 117.90625 124.24375152587890625 132.100006103515625 139.868743896484375 148.03125 158.1687469482421875 167.75 174.6687469482421875 185.837493896484375 194.4562530517578125 200.037506103515625 205.850006103515625 210.587493896484375 210.1999969482421875 210.90625
139.6374969482421875 136.912506103515625 133.975006103515625 130.8312530517578125 129.2062530517578125 126.08750152587890625 123.19374847412109375 120.52500152587890625 117.47499847412109375 113.6750030517578125 114.90000152587890625 119.7375030517578125 121.0187530517578125 121.1999969482421875 123.0437469482421875 124.34999847412109375 126.1750030517578125 126.69374847412109375 127.9187469482421875 128.6750030517578125 126.3125 119.83750152587890625 113.80625152587890625 109.97499847412109375 108.3312530517578125 108.2624969482421875 109.6062469482421875 111.96875 115.46250152587890625 122.56874847412109375 130.3937530517578125 138.725006103515625 147.8937530517578125 157.8249969482421875 167.162506103515625 175.0812530517578125 184.3937530517578125 193.6875 197.75 201.975006103515625 206.2312469482421875 206.1374969482421875 209.006256103515625
142 140.431243896484375 138.0625 134.7937469482421875 133.6875 131.600006103515625 129.34375 127.50624847412109375 125.3937530517578125 121.77500152587890625 130 133.6125030517578125 132.1875 130.462493896484375 130.8937530517578125 131.59375 130.40625 130.59375 129.78125 128.4875030517578125 126.5124969482421875 120.5187530517578125 114.9499969482421875 110.40625 107.625 106.40000152587890625 108.09999847412109375 110.4562530517578125 113.6374969482421875 121.0187530517578125 127.11875152587890625 135.162506103515625 144.5124969482421875 156.1999969482421875 166.131256103515625 171.03125 179.5187530517578125 187.725006103515625 194.84375 200.068756103515625 201.4187469482421875 205.65625 205.3000030517578125
