data/historical-monthly-weather-data/wc2.1_cruts4.09_10m_prec_1971-06.asc
ncols        45
nrows        45
xllcorner    -63.500000000000
yllcorner    -7.500000000000
cellsize     0.166666666667
NODATA_value -9999
[rows 19 to 37 of 45, columns 0 to 43 of 45]
259.024993896484375 261.21875 258.54998779296875 252.618743896484375 250.9875030517578125 253.46875 248.6125030517578125 240.2937469482421875 238.6999969482421875 233.1437530517578125 225.506256103515625 218.8874969482421875 209.600006103515625 199.131256103515625 188.818756103515625 169.881256103515625 157.7937469482421875 158.5 148.625 148.5 137.306243896484375 139.600006103515625 151.21875 159.243743896484375 159.9562530517578125 161.631256103515625 166.03125 181.0749969482421875 182.25 180.712493896484375 184.7062530517578125 209.225006103515625 222.368743896484375 230.9187469482421875 242.725006103515625 265.09375 280.693756103515625 279.20623779296875 271.61248779296875 258.993743896484375 234.5625 205.625 203.3125 201.2624969482421875
233.4875030517578125 247.8000030517578125 252.149993896484375 248.2375030517578125 238.9562530517578125 236.9375 237.9124908447265625 234.243743896484375 230.743743896484375 223.837493896484375 219.350006103515625 212.193756103515625 202.65625 189.193756103515625 176.087493896484375 167.03125 154.475006103515625 149.2375030517578125 151.712493896484375 148.0187530517578125 154.0437469482421875 157.899993896484375 165.3000030517578125 178.1750030517578125 182.368743896484375 178.993743896484375 169.84375 174.587493896484375 180.193756103515625 187.3249969482421875 194.3000030517578125 210.125 208.993743896484375 215.1062469482421875 223.681243896484375 243.9875030517578125 261.600006103515625 266.631256103515625 253.931243896484375 240.2687530517578125 224.662506103515625 203.1437530517578125 198.100006103515625 198.274993896484375
223.537506103515625 225.381256103515625 234.40625 238.0812530517578125 233.0500030517578125 227.8937530517578125 226.9875030517578125 223.2937469482421875 219.53125 218.087493896484375 213.5500030517578125 203.306243896484375 193.21875 186.399993896484375 179.4499969482421875 165.462493896484375 167.6875 159.3874969482421875 162.162506103515625 160.212493896484375 157.625 167.8937530517578125 175.96875 179.4812469482421875 179.787506103515625 178.587493896484375 183.100006103515625 180.7687530517578125 191.475006103515625 198.1875 197.274993896484375 195.40625 198.78125 210.7687530517578125 215.5437469482421875 226.125 239.78125 250.506256103515625 245.037506103515625 235.0812530517578125 220.3562469482421875 205.962493896484375 201.037506103515625 202.7937469482421875
214.6374969482421875 229.09375 236.6999969482421875 238.587493896484375 233.8562469482421875 225.9499969482421875 213.2062530517578125 207.743743896484375 211.9562530517578125 209.9499969482421875 205.056243896484375 201.34375 200.0437469482421875 196.100006103515625 188.337493896484375 178.837493896484375 169.0625 163.15625 164.118743896484375 166.8562469482421875 173.1875 174.6875 175.4187469482421875 180.756256103515625 189.71875 188.9250030517578125 185.875 187.5 193.6875 189.5500030517578125 186.868743896484375 188.693756103515625 189.3874969482421875 193.59375 206.4375 209.975006103515625 216.625 228.149993896484375 232.6687469482421875 229.5250091552734375 217.4875030517578125 207.631256103515625 202.0187530517578125 199.40625
200.7624969482421875 217.2375030517578125 232.34375 229.2249908447265625 222.506256103515625 215.21875 213.46875 207.5500030517578125 202.125 195.9250030517578125 199.625 204.3625030517578125 199.506256103515625 199.03125 187.09375 179.087493896484375 172.3000030517578125 172.787506103515625 172.53125 172.943756103515625 177.625 184 183.131256103515625 195.3937530517578125 196.931243896484375 192.9250030517578125 197.193756103515625 187.399993896484375 185.0500030517578125 183.350006103515625 179.3937530517578125 179.1999969482421875 182.806243896484375 183.6062469482421875 193.506256103515625 195.225006103515625 205.337493896484375 216.787506103515625 218.4250030517578125 215.225006103515625 208.5625 202.850006103515625 198.962493896484375 198.25
185.1125030517578125 204.225006103515625 216.3249969482421875 222.7375030517578125 220.068756103515625 213.2062530517578125 208.4937591552734375 206.2312469482421875 199.7375030517578125 199.78125 197.3249969482421875 196.475006103515625 198.03125 190.4250030517578125 180.375 174.40625 171.8562469482421875 169.649993896484375 172.3125 177.5625 182.2375030517578125 184.8937530517578125 193.5625 202.8937530517578125 198.3125 194.5749969482421875 191.287506103515625 186.09375 181.006256103515625 178.649993896484375 168.756256103515625 163.1999969482421875 166.256256103515625 173.34375 180.350006103515625 186.625 194.90625 201.2312469482421875 207.2375030517578125 206.399993896484375 201.881256103515625 199.3874969482421875 198.65625 192.649993896484375
177.8125 199.9375 201.9187469482421875 208.6374969482421875 205.9875030517578125 202.46875 197.1062469482421875 196.162506103515625 186.0500030517578125 181.09375 185.806243896484375 185.4812469482421875 186.3000030517578125 181.868743896484375 177.162506103515625 168.868743896484375 167.4562530517578125 170.587493896484375 174.4375 174.8625030517578125 181.1750030517578125 186.53125 193.53125 199.899993896484375 201.1125030517578125 194.2937469482421875 189.850006103515625 184.21875 174.337493896484375 168.65625 158.4187469482421875 152.006256103515625 155.006256103515625 160.4250030517578125 166.7624969482421875 177.8562469482421875 186.9312591552734375 190.4562530517578125 192.1500091552734375 196.8125 193.568756103515625 181.306243896484375 179.6374969482421875 180.868743896484375
167.287506103515625 176.6875 185.756256103515625 190.193756103515625 188.6999969482421875 187.3125 183.9499969482421875 175.3874969482421875 170.3249969482421875 175.2624969482421875 180.53125 179.5625 176.399993896484375 174.4812469482421875 172.618743896484375 170.375 166.3625030517578125 163.931243896484375 169.2937469482421875 170.2312469482421875 172.943756103515625 179.0749969482421875 187.9562530517578125 201.2937469482421875 195.118743896484375 189.28125 185.03125 176.3312530517578125 166.943756103515625 159.056243896484375 152.181243896484375 141.84375 143.9375 150.4875030517578125 158.2375030517578125 166.8249969482421875 178.8000030517578125 182.899993896484375 181.8125 188.2624969482421875 189.506256103515625 181.03125 172.693756103515625 170.100006103515625
158.3937530517578125 160.568756103515625 167.087493896484375 167.493743896484375 167.09375 169.368743896484375 168.756256103515625 163.5124969482421875 162.09375 167.28125 169.2312469482421875 169.556243896484375 165.931243896484375 162.7375030517578125 161.0500030517578125 159.7062530517578125 157.2687530517578125 159.100006103515625 158.4375 162.8312530517578125 167.662506103515625 169.7624969482421875 180.556243896484375 186.899993896484375 185.2937469482421875 179.1062469482421875 174.71875 166.3625030517578125 162.006256103515625 156.53125 147.537506103515625 140.0812530517578125 140.5749969482421875 141.9250030517578125 153.5124969482421875 161.4250030517578125 173.037506103515625 176.4812469482421875 178.962493896484375 183.068756103515625 184.868743896484375 181.9250030517578125 165.649993896484375 165.4812469482421875
146.15625 151.537506103515625 149.5437469482421875 147.743743896484375 149.9312591552734375 147.09375 148.993743896484375 151.2937469482421875 154.306243896484375 155.9562530517578125 158.90625 158.131256103515625 157.21875 155.162506103515625 153.837493896484375 153.287506103515625 153.5625 152.506256103515625 155.2312469482421875 159.1437530517578125 159.618743896484375 160.5625 165.03125 169.6999969482421875 170.243743896484375 164.975006103515625 165.037506103515625 162.1437530517578125 156.3000030517578125 147.3125 137.818756103515625 133.056243896484375 133.5437469482421875 140.0187530517578125 147.006256103515625 154.2375030517578125 167.899993896484375 168.375 171.6999969482421875 173.40625 172.3625030517578125 166.3249969482421875 159.4187469482421875 163.4499969482421875
136.59375 137.725006103515625 136.537506103515625 133.743743896484375 133.931243896484375 135.59375 136.787506103515625 142.725006103515625 144.25 147.3562469482421875 149.9250030517578125 150.9499969482421875 150.9499969482421875 149.931243896484375 146.9250030517578125 144.225006103515625 142.9250030517578125 145.5187530517578125 142.71875 141.0749969482421875 145.5625 147.181243896484375 150.5625 154.774993896484375 153.3000030517578125 154.9499969482421875 153.368743896484375 149.53125 145.4187469482421875 137.1125030517578125 130.125 125.65625 129.4875030517578125 136.649993896484375 146.1062469482421875 150.25 165.8249969482421875 167.0500030517578125 162.3874969482421875 171.1312408447265625 169.2937469482421875 162.84375 160.9812469482421875 156.375
129.75 128.1875 125.38124847412109375 124.06874847412109375 124.15625 125.2312469482421875 128.6750030517578125 132.4499969482421875 133.975006103515625 138.4562530517578125 142.006256103515625 141.21875 143.71875 137.068756103515625 136 138.15625 137.9812469482421875 135.787506103515625 133.7937469482421875 133.625 134.381256103515625 132.9875030517578125 135.618743896484375 140.34375 140.7624969482421875 143.0437469482421875 140.7624969482421875 138.475006103515625 134.2937469482421875 128.6875 127.3937530517578125 124.5437469482421875 126.94374847412109375 131.1999969482421875 139.5812530517578125 144.787506103515625 157.4625091552734375 163.024993896484375 159.693756103515625 156.15625 159.212493896484375 154.193756103515625 151.806243896484375 149.7312469482421875
122.1687469482421875 120.1374969482421875 115.94374847412109375 116.17499542236328125 119.0812530517578125 119.84375 121.53749847412109375 123.8249969482421875 126.5500030517578125 128.1687469482421875 128.59375 129.556243896484375 127.9499969482421875 128.03125 129.2687530517578125 129.274993896484375 125.1750030517578125 123.0124969482421875 122.21875 122.5500030517578125 122.3562469482421875 122.27500152587890625 121.06874847412109375 124.1125030517578125 128.024993896484375 128.9875030517578125 128.9812469482421875 127.56874847412109375 124.03749847412109375 125.6750030517578125 123.27500152587890625 120.8125 124.71875 128.337493896484375 135.0437469482421875 138.5749969482421875 147.087493896484375 149.0437469482421875 150.993743896484375 150.7062530517578125 154.743743896484375 151.4250030517578125 147.2624969482421875 144.96875
115.30625152587890625 113.66249847412109375 112.34375 112.71250152587890625 111.9812469482421875 113.0812530517578125 114.74375152587890625 117.3937530517578125 117.7687530517578125 119.19374847412109375 123.625 122.75 122.1687469482421875 124.49375152587890625 125.40625 120.875 115.97499847412109375 116.40000152587890625 115.3562469482421875 114.5749969482421875 111.34375 109.4375 109.69374847412109375 112.6062469482421875 114.53749847412109375 116.25624847412109375 116.02500152587890625 114.6999969482421875 114.13124847412109375 117 117.6750030517578125 114.83750152587890625 119.73125457763671875 126.81874847412109375 131.53125 134.75 138.212493896484375 140.181243896484375 142.28125 148.443756103515625 152.2937469482421875 148.6687469482421875 142.3937530517578125 138.8562469482421875
108.3874969482421875 108.59375 110.16249847412109375 109.5500030517578125 107.99375152587890625 107.8625030517578125 110.24375152587890625 109.96875 109.47499847412109375 109.6875 113.83750152587890625 116.7687530517578125 116.96250152587890625 115.9875030517578125 114.5437469482421875 113.44374847412109375 111.43125152587890625 108.9187469482421875 105.21875 104.24375152587890625 102.3937530517578125 99.625 100.65000152587890625 100.78125 103.33750152587890625 103.03749847412109375 105.11875152587890625 104.81874847412109375 106.78749847412109375 109.71875 113.0749969482421875 114.6437530517578125 115.18125152587890625 119.96875 126.9875030517578125 130.337493896484375 132.6125030517578125 134.03125 137.056243896484375 140.8937530517578125 141.3937530517578125 142 139.1999969482421875 129.462493896484375
104.02500152587890625 102.30625152587890625 105.2312469482421875 107.1125030517578125 105.63124847412109375 102.3125 101.3249969482421875 102.2624969482421875 102.1062469482421875 102.0187530517578125 108.6999969482421875 112.59999847412109375 113.71250152587890625 116.71875 114.74375152587890625 110.0749969482421875 104.88124847412109375 99.50624847412109375 95.7375030517578125 91.1062469482421875 92.38124847412109375 88.59999847412109375 87.6062469482421875 88.02500152587890625 92.71250152587890625 93.84999847412109375 94.9562530517578125 94.0812530517578125 95.5812530517578125 99.1062469482421875 104.5625 109.09999847412109375 109.30625152587890625 113.47499847412109375 117.6875 122.58750152587890625 122.58750152587890625 130.037506103515625 129.4812469482421875 133.1062469482421875 133.993743896484375 131.381256103515625 130.6687469482421875 125.2937469482421875
99.80625152587890625 97.99375152587890625 99.2062530517578125 100.90625 100.75 98.52500152587890625 97.2312469482421875 95.81874847412109375 94.25 93.78125 96.9562530517578125 105.9375 110.6062469482421875 111.74375152587890625 109.77500152587890625 105.19374847412109375 98.7624969482421875 91.3000030517578125 86.56874847412109375 81.2624969482421875 79.9499969482421875 80.3125 78.4812469482421875 78.6125030517578125 82.02500152587890625 82.7937469482421875 83.6125030517578125 83.3562469482421875 86.1374969482421875 89.8125 93.93125152587890625 99.27500152587890625 102.22499847412109375 104.86875152587890625 106.6875 111.44374847412109375 117.3249969482421875 118.83750152587890625 120.63124847412109375 125 126.06874847412109375 122.4812469482421875 121.2312469482421875 120.58750152587890625
92.7937469482421875 94.72499847412109375 93.40000152587890625 95.1999969482421875 96.52500152587890625 94.53749847412109375 92.72499847412109375 92.53125 90.2312469482421875 85.21250152587890625 91.65625 103.7687530517578125 109.1125030517578125 107.21250152587890625 104.6125030517578125 99.3874969482421875 93.44374847412109375 87.125 81.6750030517578125 74.19374847412109375 71.4875030517578125 72.5437469482421875 70.69374847412109375 71.1437530517578125 71.59999847412109375 72.2687530517578125 75 74.8625030517578125 75.4499969482421875 78.28749847412109375 85.3625030517578125 89.1437530517578125 93.5625 97.59375 99.40625 103.4875030517578125 108.96250152587890625 113.7624969482421875 113.08750152587890625 113.5500030517578125 114.24375152587890625 114.875 111.03749847412109375 118.34375
86.81874847412109375 89.00624847412109375 89.80625152587890625 92.4187469482421875 92.6374969482421875 91.5437469482421875 91.1062469482421875 90.5124969482421875 89.53749847412109375 83.96875 96.0437469482421875 106.43125152587890625 106.94374847412109375 105.3937530517578125 99.26874542236328125 93.33750152587890625 86.81874847412109375 81.75 77.3625030517578125 71.44374847412109375 67.38124847412109375 66.125 63.40000152587890625 63.737499237060546875 63.299999237060546875 64.96875 67.1750030517578125 66.88124847412109375 67.28749847412109375 69.52500152587890625 74.5187530517578125 81.625 86.6374969482421875 88.97499847412109375 91.28125 95.71875 99.9375 102.78749847412109375 108.46250152587890625 106.9499969482421875 106.0812530517578125 108.1999969482421875 103.61875152587890625 103.625
