data/historical-monthly-weather-data/wc2.1_cruts4.09_10m_prec_1965-06.asc
ncols        51
nrows        45
xllcorner    -63.500000000000
yllcorner    -7.500000000000
cellsize     0.166666666667
NODATA_value -9999
[rows 0 to 18 of 45, columns 0 to 43 of 51]
315.4375 313.0625 309.056243896484375 314.75 315.681243896484375 317.38751220703125 312.70001220703125 306.14373779296875 294.51251220703125 293.10626220703125 294.193756103515625 291.6875 289.60626220703125 284.33123779296875 278.774993896484375 274.98126220703125 268.975006103515625 263.256256103515625 257.32501220703125 254.3125 254.5187530517578125 246.7375030517578125 240.7062530517578125 233.274993896484375 227.9562530517578125 224.306243896484375 226.306243896484375 230.71875 228.0625 221.71875 210.225006103515625 205.006256103515625 203.5124969482421875 198.118743896484375 193.631256103515625 191.162506103515625 188.368743896484375 187.306243896484375 183.524993896484375 182.087493896484375 183.5625 189.568756103515625 188.962493896484375 190.743743896484375
310.212493896484375 308.618743896484375 312.23748779296875 316.51251220703125 323.04998779296875 324.524993896484375 319.287506103515625 311.84375 307.01251220703125 304.1875 301.14373779296875 295.46875 284.79998779296875 276.631256103515625 268.5625 262.36248779296875 253.962493896484375 246.25 240.5749969482421875 239.34375 237.9250030517578125 231.2062530517578125 227.3562469482421875 222.368743896484375 216.993743896484375 212.256256103515625 214.350006103515625 215.9812469482421875 214.0437469482421875 205.03125 198.462493896484375 197.993743896484375 195.337493896484375 192.568756103515625 190.4499969482421875 185.8874969482421875 184.90625 183.4187469482421875 180.5500030517578125 180.1062469482421875 184.2062530517578125 182.0124969482421875 186.6750030517578125 188.2624969482421875
297.412506103515625 304.46875 307.975006103515625 307.46875 314.71875 319.48126220703125 317.67498779296875 318.98748779296875 314.98748779296875 311.01873779296875 304.043731689453125 292.98748779296875 282.84375 267.537506103515625 256.82501220703125 248.587493896484375 237.774993896484375 230.0625 224.287506103515625 220.4812469482421875 219.056243896484375 217.1500091552734375 212.34375 211.131256103515625 203.03125 197.318756103515625 202.7375030517578125 202.493743896484375 197.975006103515625 194.9250030517578125 187.287506103515625 183.837493896484375 181.2937469482421875 180.5749969482421875 176.9250030517578125 169.6875 171.1750030517578125 173.024993896484375 171.5625 172.3562469482421875 178.375 178.875 181.1750030517578125 181.600006103515625
282.850006103515625 284.65625 293.8125 299.006256103515625 302.225006103515625 307 311.53125 315.38751220703125 316.32501220703125 314.412506103515625 303.5 288.20001220703125 272.78125 255.9875030517578125 245.2375030517578125 235.71875 221.681243896484375 214.6125030517578125 208.443756103515625 210.118743896484375 206.3562469482421875 199.131256103515625 195.7312469482421875 196 188.1062469482421875 182.943756103515625 185.6750030517578125 183.6437530517578125 183.0749969482421875 181.1687469482421875 176.149993896484375 170.6374969482421875 168.225006103515625 163.75 160.774993896484375 162.9187469482421875 165.3312530517578125 165.2687530517578125 163.9562530517578125 165.274993896484375 170.162506103515625 174.962493896484375 177.006256103515625 176.84375
290.337493896484375 288.587493896484375 279.725006103515625 286.95623779296875 297.587493896484375 297.962493896484375 303.07501220703125 312.818756103515625 319.868743896484375 318.993743896484375 306.4375 280.76873779296875 264.07501220703125 248.09375 233.524993896484375 222.4375 210.4499969482421875 198.4375 191.3937530517578125 190.4562530517578125 186.3625030517578125 182.4499969482421875 179.850006103515625 178.837493896484375 171.818756103515625 168.09375 168.5124969482421875 171.631256103515625 171.7375030517578125 166.6437530517578125 164.7375030517578125 161.899993896484375 158.1687469482421875 155.693756103515625 155.7312469482421875 154.443756103515625 156.631256103515625 159.4812469482421875 157.4812469482421875 157.287506103515625 162.7375030517578125 167.40625 171.193756103515625 174.7375030517578125
282.82501220703125 286.34375 279.399993896484375 267.443756103515625 281.58123779296875 293.837493896484375 294.993743896484375 300.506256103515625 311.425018310546875 312.45001220703125 294.131256103515625 270.08123779296875 254.25 238.6875 222.056243896484375 210.6374969482421875 197.5187530517578125 185.681243896484375 180.693756103515625 177.068756103515625 175.1812591552734375 170.662506103515625 166.96875 162.162506103515625 159.09375 156.6125030517578125 155.6125030517578125 158.631256103515625 159.5812530517578125 155.53125 155.962493896484375 154.100006103515625 153.274993896484375 149.787506103515625 146.2062530517578125 150.6750030517578125 150.4000091552734375 147.8874969482421875 150.0500030517578125 155.462493896484375 157.6374969482421875 163.625 165.3125 168.131256103515625
282.118743896484375 282.412506103515625 277.01251220703125 270.631256103515625 266.16876220703125 265.88751220703125 266.993743896484375 278.57501220703125 279.506256103515625 279.90625 269.66876220703125 251.600006103515625 240.6062469482421875 228.806243896484375 213.6750030517578125 201.2375030517578125 190.431243896484375 178.71875 168.837493896484375 165.287506103515625 158.9499969482421875 155.375 150.993743896484375 149.1062469482421875 149.693756103515625 147.4562530517578125 146.125 147.2062530517578125 148.0749969482421875 150.2937469482421875 147.037506103515625 143.2062530517578125 141.4187469482421875 141.8000030517578125 143.2062530517578125 143.6875 140.431243896484375 140.8562469482421875 142.475006103515625 148.756256103515625 151 155.1437530517578125 159.3874969482421875 162.412506103515625
278.01873779296875 272.806243896484375 268.600006103515625 269.96875 266.28125 268.693756103515625 256.01873779296875 245.1750030517578125 236.037506103515625 240.59375 240.462493896484375 232.587493896484375 225.850006103515625 215.6437530517578125 206.149993896484375 194.443756103515625 180.71875 169.868743896484375 159.318756103515625 150.1750030517578125 151.9812469482421875 146.15625 140.787506103515625 138.5124969482421875 139.006256103515625 135.431243896484375 135.306243896484375 136.399993896484375 137.5749969482421875 136.6062469482421875 139.7062530517578125 136.1062469482421875 135.34375 134.537506103515625 132.0812530517578125 132.0500030517578125 132.0625 132.6999969482421875 131.5500030517578125 133.8312530517578125 138.21875 145.2624969482421875 145.8937530517578125 146.0812530517578125
270.837493896484375 268.35626220703125 261.056243896484375 259.16876220703125 258.04376220703125 253.59375 250.8625030517578125 245.024993896484375 227.118743896484375 215.6999969482421875 212.9250030517578125 210.7062530517578125 211.9812469482421875 204.912506103515625 196.8312530517578125 184.631256103515625 177.756256103515625 169.2312469482421875 160.3125 148.46875 139.962493896484375 140.256256103515625 131.5187530517578125 133.3125 130.4812469482421875 127.86875152587890625 127.90000152587890625 130.524993896484375 134.78125 133.3249969482421875 136.774993896484375 128.087493896484375 122.2624969482421875 120.2687530517578125 121.69374847412109375 126.5 129.0437469482421875 131.649993896484375 130.7375030517578125 129.84375 130.662506103515625 131.412506103515625 137.8000030517578125 137.7062530517578125
264.21875 262.5625 256.21875 253.7624969482421875 251.4875030517578125 245.7687530517578125 241.5437469482421875 232.03125 223.5437469482421875 214.149993896484375 204.631256103515625 193.0124969482421875 196.693756103515625 194.125 188.3562469482421875 180.193756103515625 170.9562530517578125 167.9250030517578125 159.837493896484375 151.1875 139.6312408447265625 132.6374969482421875 122.8937530517578125 122.43125152587890625 118.8562469482421875 119.11875152587890625 120 121.40625 123.0124969482421875 125.2937469482421875 126.75624847412109375 121.56874847412109375 119.31874847412109375 118.0437469482421875 116.36875152587890625 119.38750457763671875 123.75624847412109375 128.212493896484375 129.462493896484375 133.287506103515625 136.34375 136.662506103515625 132.3125 126.52500152587890625
261.037506103515625 257 250.3249969482421875 245.8625030517578125 240.8625030517578125 238.431243896484375 228.912506103515625 220.181243896484375 214.96875 208.5625 202.0187530517578125 191.7624969482421875 184.59375 183.399993896484375 177.6750030517578125 171.625 164.193756103515625 157.600006103515625 153.524993896484375 150.368743896484375 146.8874969482421875 135.3625030517578125 120.3249969482421875 108.18125152587890625 109.5749969482421875 115.5812530517578125 117.71875 116.8125 115.77500152587890625 116.5124969482421875 117.40000152587890625 114.96250152587890625 114.375 114.0124969482421875 113.5124969482421875 114.13124847412109375 118.44374847412109375 121.40000152587890625 127.9499969482421875 130.4562530517578125 132.631256103515625 130.524993896484375 129.4375 119.70624542236328125
252.03125 249.09375 246.1999969482421875 238.21875 234.068756103515625 227.6875 224.3874969482421875 217.9562530517578125 211.8874969482421875 200.068756103515625 196.6062469482421875 189.368743896484375 174.868743896484375 173.212493896484375 172.7375030517578125 166.087493896484375 158.9187469482421875 153.96875 151.6999969482421875 154.125 151.1125030517578125 140.6750030517578125 123.9875030517578125 108.3625030517578125 105.31874847412109375 105.86875152587890625 106.0500030517578125 107.8125 109.96875 109.40000152587890625 105.90000152587890625 106.7624969482421875 107.3249969482421875 105.3562469482421875 107.3249969482421875 111.8625030517578125 117.875 121.99375152587890625 122.3312530517578125 128.4562530517578125 131.3000030517578125 128.2062530517578125 118.11875152587890625 102.5124969482421875
247.9375 243.2375030517578125 238.193756103515625 230.5437469482421875 227.6687469482421875 219.4250030517578125 214.5812530517578125 209.212493896484375 200.712493896484375 193.0500030517578125 188.2375030517578125 183.6374969482421875 175.6062469482421875 162.0124969482421875 157.993743896484375 155.46875 150.556243896484375 148.1999969482421875 141.475006103515625 142.6687469482421875 142.431243896484375 133.09375 120.3249969482421875 107.8937530517578125 98.21250152587890625 96.8562469482421875 99.5187530517578125 102.13124847412109375 105.2312469482421875 106.56874847412109375 102.4499969482421875 99.46875 102.21875 99.2937469482421875 100.77500152587890625 106.75 115.7687530517578125 122.2937469482421875 130.71875 132.818756103515625 129.618743896484375 124.34999847412109375 108.7062530517578125 96.2687530517578125
241.5 237.1062469482421875 230.462493896484375 223.7375030517578125 216.868743896484375 210.9499969482421875 204.149993896484375 200.806243896484375 195.0625 186.1750030517578125 180.5124969482421875 172.4375 166.8312530517578125 157.7624969482421875 143.806243896484375 144.46875 139.3125 135.1374969482421875 131.100006103515625 130.881256103515625 129.2937469482421875 121.1875 111.1062469482421875 104.3874969482421875 98.1875 93.6062469482421875 93.1750030517578125 93.9499969482421875 96.24375152587890625 96.97499847412109375 97.34999847412109375 96.03125 96.5124969482421875 97.4187469482421875 96.44374847412109375 106.5625 118.7375030517578125 129.2687530517578125 138.2312469482421875 137.6687469482421875 123.15000152587890625 112.4562530517578125 108.5749969482421875 109.2312469482421875
230.037506103515625 226.274993896484375 222.506256103515625 217.5625 210.381256103515625 204.21875 199.2312469482421875 193.6437530517578125 187.40625 180.350006103515625 173.100006103515625 166.0187530517578125 159.556243896484375 149.087493896484375 133.743743896484375 132.493743896484375 128.9875030517578125 127.93125152587890625 121.46875 119.875 119.2937469482421875 112.90625 106.78749847412109375 102.93125152587890625 101.02500152587890625 97.47499847412109375 96.94374847412109375 96.5812530517578125 99.0812530517578125 96.1750030517578125 92.53125 93.2937469482421875 97.6125030517578125 94.8249969482421875 90.93125152587890625 95.74375152587890625 113.44374847412109375 131.96875 138.1062469482421875 133.7624969482421875 127.47499847412109375 123.15000152587890625 123.86875152587890625 115.9250030517578125
221.8249969482421875 215.9562530517578125 212.53125 205.8000030517578125 203.03125 198.149993896484375 191.9187469482421875 185.024993896484375 181.712493896484375 178.5124969482421875 171.0500030517578125 162.9375 156.15625 146.131256103515625 132.774993896484375 117.43125152587890625 117.19374847412109375 118.9812469482421875 113.36875152587890625 111.44374847412109375 109.78125 105.63124847412109375 102.6374969482421875 102.50624847412109375 101.34375 98.47499847412109375 96.3312530517578125 96.8625030517578125 97.46250152587890625 98.7624969482421875 96.8874969482421875 94.0749969482421875 90.0812530517578125 85.99375152587890625 82.96250152587890625 99.00624847412109375 108.5625 121.72499847412109375 132.0437469482421875 136.9187469482421875 138.318756103515625 135.53125 128.1062469482421875 116.09999847412109375
211.8625030517578125 207.975006103515625 202.15625 199.4187469482421875 196.2937469482421875 192.53125 186.4187469482421875 181.0749969482421875 173.943756103515625 169.1875 165.59375 159.256256103515625 149.962493896484375 140.4187469482421875 132.506256103515625 118.65625 103.6750030517578125 104.49375152587890625 104.43125152587890625 101.94374847412109375 99.1125030517578125 97.99375152587890625 96.06874847412109375 99.8937530517578125 99.2312469482421875 93.6750030517578125 91.84375 91.8937530517578125 95.75 98.03749847412109375 98.96875 98.77500152587890625 94.80625152587890625 94.1875 100.30625152587890625 107.74375152587890625 119.3312530517578125 129.90625 139.1437530517578125 135.7312469482421875 136.7687530517578125 130.7062530517578125 120.0500030517578125 112.65000152587890625
200.3562469482421875 197.7937469482421875 196.006256103515625 193.4812469482421875 191.068756103515625 189.475006103515625 182.4875030517578125 176.3562469482421875 169.412506103515625 161.6999969482421875 155.9250030517578125 152.5187530517578125 142.818756103515625 134.71875 129.125 118.6750030517578125 104.4499969482421875 91.5124969482421875 97.8125 92.6437530517578125 89.99375152587890625 89.1437530517578125 90.7375030517578125 93.71250152587890625 95.40000152587890625 90.30625152587890625 86.9562530517578125 90.8312530517578125 94.0187530517578125 94.3625030517578125 91.0500030517578125 88.30625152587890625 100.33750152587890625 103.1687469482421875 105.6750030517578125 124.9187469482421875 134.40625 133.537506103515625 136.475006103515625 135.149993896484375 124.78125 116.34375 108.40625 104
190.225006103515625 190.5187530517578125 188.975006103515625 187.712493896484375 186.493743896484375 182.0437469482421875 176.3000030517578125 169.818756103515625 164.78125 159.25 152.243743896484375 141.8000030517578125 134.006256103515625 128.2750091552734375 120.8312530517578125 112.88124847412109375 106.30625152587890625 91.59375 84.40000152587890625 81.68125152587890625 82.75624847412109375 85.27500152587890625 78.5500030517578125 84.00624847412109375 85.9562530517578125 88.36875152587890625 88.6374969482421875 87.84999847412109375 92.81874847412109375 93.09999847412109375 91.53749847412109375 93.65000152587890625 99.96875 101.28749847412109375 107.6374969482421875 121.59999847412109375 125.72499847412109375 123.78749847412109375 125.83750152587890625 121.0187530517578125 112.5437469482421875 102.05625152587890625 98.3125 97.11875152587890625
