data/historical-monthly-weather-data/wc2.1_cruts4.09_10m_prec_1953-08.asc
ncols        51
nrows        45
xllcorner    -63.500000000000
yllcorner    -7.500000000000
cellsize     0.166666666667
NODATA_value -9999
[rows 0 to 18 of 45, columns 0 to 42 of 51]
169.068756103515625 171.506256103515625 170.774993896484375 173.9562530517578125 177.9250030517578125 182.4250030517578125 181.625 183 184.881256103515625 184.78125 179.5 178.03125 178.868743896484375 176.337493896484375 175.4875030517578125 170.9812469482421875 168.8937530517578125 165.3937530517578125 161.506256103515625 161.75 160.2062530517578125 156.5124969482421875 152.9562530517578125 148.4812469482421875 142.537506103515625 136.9812469482421875 134.037506103515625 132.6687469482421875 125.1125030517578125 120.28125 111.41249847412109375 106.5 101.28749847412109375 94.06874847412109375 88.8125 87.4875030517578125 85.7062530517578125 85.4562530517578125 88.38124847412109375 90.9562530517578125 94.15000152587890625 98.94374847412109375 101.6437530517578125
161.90625 163.975006103515625 168.493743896484375 173.9499969482421875 181.087493896484375 185.1062469482421875 182.537506103515625 183.9250030517578125 187.2375030517578125 187.8125 184.8937530517578125 185.09375 182.34375 178 175.25 173.774993896484375 169.350006103515625 165.725006103515625 163.149993896484375 162.368743896484375 160.34375 156.3625030517578125 152.7312469482421875 149 142.2062530517578125 134.8937530517578125 133.318756103515625 129.46875 121.59375 114.7312469482421875 108.1750030517578125 101.90000152587890625 96.1437530517578125 90.71875 84.8874969482421875 82.7687530517578125 79.61875152587890625 80.53749847412109375 82.55625152587890625 85.1062469482421875 90.2687530517578125 93.84375 98.16249847412109375
149.1750030517578125 154.03125 161.5187530517578125 170.756256103515625 179.837493896484375 184.475006103515625 185.818756103515625 187.75 189.4375 189.7062530517578125 189.875 189.75 186.0812530517578125 179.1999969482421875 175.162506103515625 172.15625 168.537506103515625 164.375 161.2624969482421875 157.84375 157.162506103515625 155.8249969482421875 152.3249969482421875 148.9875030517578125 140.118743896484375 133.7062530517578125 132.4499969482421875 126.0187530517578125 117.77500152587890625 111.65625 103.65625 97.40000152587890625 92.1687469482421875 87.7375030517578125 81.375 77.24375152587890625 75.18125152587890625 75.43125152587890625 76.6125030517578125 79.91249847412109375 85.5812530517578125 89.8874969482421875 95.59375
137.3000030517578125 140.4250030517578125 151.337493896484375 163.306243896484375 172.600006103515625 178.28125 182.9875030517578125 187.2312469482421875 192.90625 193.837493896484375 191.943756103515625 189.28125 186.1750030517578125 179.2062530517578125 174.350006103515625 169.90625 166.6875 163.006256103515625 159.8125 160.3249969482421875 158.2312469482421875 154.743743896484375 150.618743896484375 146.993743896484375 138.787506103515625 131.5749969482421875 128.4875030517578125 119.1750030517578125 111.58750152587890625 105.9375 98.86875152587890625 91.6875 85.4812469482421875 80.28749847412109375 75.1999969482421875 72.4499969482421875 71.9562530517578125 70.94374847412109375 70.96250152587890625 74.9562530517578125 79.09375 85.3312530517578125 90.96250152587890625
138.931243896484375 138.399993896484375 141.506256103515625 151.399993896484375 164.412506103515625 170.8000030517578125 175.850006103515625 185.4375 194.34375 196.162506103515625 192.78125 188.556243896484375 184.756256103515625 179.212493896484375 173.037506103515625 168.7062530517578125 163.712493896484375 158.899993896484375 155.65625 157.100006103515625 158.34375 152.5124969482421875 149.0124969482421875 146.837493896484375 136.537506103515625 127.96250152587890625 121.3249969482421875 115.36875152587890625 107.55625152587890625 99.4875030517578125 94.625 86.93125152587890625 81.94374847412109375 77.5625 72.80625152587890625 68.9812469482421875 66.97499847412109375 65.8937530517578125 65.6875 67.96875 73.4499969482421875 79.375 86.86875152587890625
137.2312469482421875 136.743743896484375 138.006256103515625 138.6374969482421875 149.868743896484375 163.1374969482421875 170.6437530517578125 177.818756103515625 187.4562530517578125 189.7062530517578125 184.131256103515625 180.306243896484375 178.256256103515625 174.2062530517578125 168.3125 164.743743896484375 158.649993896484375 153.0437469482421875 152.287506103515625 153.875 154.625 151.587493896484375 148.318756103515625 140.1687469482421875 132.556243896484375 124.77500152587890625 117.7687530517578125 110.53125 103.6125030517578125 94.90000152587890625 89.84999847412109375 84.49375152587890625 78.6062469482421875 74.8312530517578125 69.3625030517578125 66.96250152587890625 63.924999237060546875 61.27500152587890625 61.575000762939453125 64.3000030517578125 67.2624969482421875 73.27500152587890625 80.31874847412109375
136.4562530517578125 137.506256103515625 139.0625 140.4812469482421875 145.8249969482421875 152.225006103515625 158.9187469482421875 165.631256103515625 167.15625 170.368743896484375 170.0812530517578125 169.306243896484375 170.6374969482421875 168.0749969482421875 164.806243896484375 161.4187469482421875 155.8249969482421875 151.84375 149.7937469482421875 152.90625 151.943756103515625 149.743743896484375 146.15625 138.618743896484375 129.8562469482421875 122.4375 114.6125030517578125 106.25 97.11875152587890625 91.40000152587890625 85.6062469482421875 79.58750152587890625 75.58750152587890625 71.9250030517578125 67.3625030517578125 64.0124969482421875 60.18125152587890625 57.643749237060546875 58.00624847412109375 60.02500152587890625 61.956249237060546875 67.09375 74.09999847412109375
136.600006103515625 136.350006103515625 140.306243896484375 143.28125 149.556243896484375 155.78125 154.868743896484375 148.3625030517578125 144.787506103515625 148.6062469482421875 156.5 158.681243896484375 160.587493896484375 160.4375 159.40625 156.5749969482421875 153.2687530517578125 150.09375 148.006256103515625 149.725006103515625 150.3562469482421875 148.3249969482421875 142.881256103515625 134.4124908447265625 127.59375 118.28749847412109375 109.3937530517578125 101.44374847412109375 93.3312530517578125 85.7312469482421875 81.8625030517578125 76.0749969482421875 71.43125152587890625 68.65000152587890625 63.43125152587890625 59.768749237060546875 56.08750152587890625 53.049999237060546875 52.25624847412109375 52.75 54.450000762939453125 59.22499847412109375 65.03125
137.475006103515625 137.7687530517578125 142.493743896484375 144.1750030517578125 148.587493896484375 151.962493896484375 152.306243896484375 148.056243896484375 138.375 135.274993896484375 141.381256103515625 144.96875 151.662506103515625 152.59375 152.368743896484375 150.787506103515625 151.1374969482421875 149.693756103515625 151.34375 149.625 147.881256103515625 146.3874969482421875 140.0812530517578125 135.1750030517578125 126.7375030517578125 115.44374847412109375 104.3249969482421875 97.83750152587890625 90.1125030517578125 82.9375 79.13124847412109375 72.21250152587890625 66.74375152587890625 62.137500762939453125 58.16249847412109375 55.831249237060546875 52.91249847412109375 50.200000762939453125 48.581249237060546875 48.362499237060546875 48.84375 51.450000762939453125 54.918750762939453125
137.225006103515625 138.0812530517578125 141.46875 144.7624969482421875 148.65625 151.337493896484375 154.193756103515625 149.8937530517578125 142.2687530517578125 141.2687530517578125 142.0749969482421875 140.5625 145.818756103515625 148.006256103515625 146.712493896484375 146.9499969482421875 146.618743896484375 148.693756103515625 150.5749969482421875 151.34375 148.943756103515625 143.850006103515625 136.7062530517578125 131.2687530517578125 122 110.78749847412109375 100.34999847412109375 92.9499969482421875 84.31874847412109375 77.5 72.0124969482421875 66.34999847412109375 62.96875 59.69374847412109375 56.56874847412109375 53.84375 50.331249237060546875 47.16249847412109375 45.8125 44.93125152587890625 44.293750762939453125 45.037502288818359375 46.38124847412109375
139.40625 140.131256103515625 141.600006103515625 143.931243896484375 148.556243896484375 153.6437530517578125 155.9187469482421875 149.693756103515625 143.881256103515625 140.975006103515625 142.65625 141.4187469482421875 142.0187530517578125 142.225006103515625 139.806243896484375 139.1750030517578125 140.556243896484375 144.6999969482421875 147.1999969482421875 150.5187530517578125 152.25 146.53125 137.806243896484375 127.3874969482421875 120.7312469482421875 109.90000152587890625 99.65625 90.2312469482421875 79.7062530517578125 72.1374969482421875 68.03125 63.112499237060546875 61.012500762939453125 58.19374847412109375 54.268749237060546875 50.90625 47.325000762939453125 44.637500762939453125 42.5 40.674999237060546875 39.043750762939453125 39.043750762939453125 39.887500762939453125
139.568756103515625 140.7375030517578125 142.087493896484375 145.350006103515625 150.243743896484375 155.125 158.3125 153.84375 147.125 143.03125 142.6750030517578125 141.0437469482421875 138.53125 135.5500030517578125 137.53125 136.875 137.0687408447265625 138.899993896484375 143.225006103515625 149.1999969482421875 151.4812469482421875 146.4187469482421875 138.5625 128.993743896484375 118.86875152587890625 102.8000030517578125 92.44374847412109375 84.3249969482421875 75.08750152587890625 68.6875 63.96250152587890625 60.71250152587890625 57.375 54.575000762939453125 51.918750762939453125 49.50624847412109375 46.25624847412109375 42.993747711181640625 39.4375 36.21875 34.33750152587890625 33.924999237060546875 33.72499847412109375
138.4187469482421875 137.9875030517578125 140.087493896484375 141.725006103515625 147.431243896484375 150.875 150.662506103515625 148.8562469482421875 142.975006103515625 140.15625 139.743743896484375 138.850006103515625 134.84375 128.8937530517578125 127.8312530517578125 128.975006103515625 128.4375 132.5187530517578125 136.368743896484375 139.8625030517578125 143.3562469482421875 139.818756103515625 133.1750030517578125 120.5812530517578125 105.27500152587890625 91.86875152587890625 85.3625030517578125 78.5625 72.5124969482421875 66.8562469482421875 61.706249237060546875 57.75 55.69374847412109375 51.59999847412109375 49.52500152587890625 48.34375 47.11875152587890625 43.512500762939453125 40.043750762939453125 34.93125152587890625 30.34375 30.256250381469726562 29.299999237060546875
135.931243896484375 133.962493896484375 135 138.212493896484375 141.90625 143.4875030517578125 143.3625030517578125 143.556243896484375 138.2687530517578125 135.875 133.7937469482421875 130.5749969482421875 127.8874969482421875 122.99375152587890625 116.34999847412109375 118.91249847412109375 119.96875 123.27500152587890625 123.3000030517578125 125.40000152587890625 128.8625030517578125 126.06874847412109375 120.5 110.7687530517578125 98.75 88.21875 81.8249969482421875 75.8000030517578125 70.03125 65.44374847412109375 61.36875152587890625 56.31874847412109375 53.84375 50.53125 49.59375 49.893749237060546875 49.012500762939453125 47.52500152587890625 43.99375152587890625 37.33750152587890625 29.143749237060546875 26.356250762939453125 26.487499237060546875
131.5124969482421875 131.118743896484375 130.993743896484375 132.34375 136.09375 137.21875 136.899993896484375 135.556243896484375 130.9250030517578125 128.84375 124.8312530517578125 123.0500030517578125 120.3000030517578125 114.4187469482421875 107.625 106.1999969482421875 107.16249847412109375 108.2062530517578125 109.3874969482421875 112.18125152587890625 115.34999847412109375 114.1374969482421875 110.75 105.38124847412109375 97.8249969482421875 90.28125 82.8125 75.7687530517578125 68.9875030517578125 64.1062469482421875 59.21875 55.268749237060546875 52.93125152587890625 50.825000762939453125 49.08750152587890625 49.75624847412109375 50.65000152587890625 52.65625 49.668750762939453125 41.0625 34.19374847412109375 31.056249618530273438 30.931249618530273438
125.1875 125.6999969482421875 126.68125152587890625 127.9187469482421875 129.9875030517578125 132.0749969482421875 132.0187530517578125 128.568756103515625 124.875 122.1125030517578125 118.46250152587890625 114.99375152587890625 110.99375152587890625 105.8937530517578125 100.13124847412109375 94.0187530517578125 94.1999969482421875 95.4875030517578125 96.43125152587890625 99.72499847412109375 102.4562530517578125 103.5749969482421875 104.3125 103.27500152587890625 98.74375152587890625 91.81874847412109375 84.34999847412109375 75.81874847412109375 68.40000152587890625 63.862499237060546875 59.90000152587890625 55.700000762939453125 52.4375 50.28125 49.331249237060546875 53.237499237060546875 55.487499237060546875 57.05625152587890625 54.44374847412109375 47.762500762939453125 41.393749237060546875 37.475002288818359375 34.49375152587890625
121.5625 122.4375 122.59375 124.25 124.50624847412109375 126.96875 127.9250030517578125 125.9375 120.4375 117.91249847412109375 114.4562530517578125 109.1374969482421875 104.7937469482421875 99.52500152587890625 93.6125030517578125 87.7062530517578125 81.84999847412109375 81.83750152587890625 84.9562530517578125 89.0437469482421875 90.11875152587890625 93.71250152587890625 98.0124969482421875 102.3312530517578125 101.3000030517578125 93.95624542236328125 83.94374847412109375 75.43125152587890625 66.99375152587890625 61.893749237060546875 59.206249237060546875 57.11875152587890625 55.15000152587890625 53.53749847412109375 57.80625152587890625 61.162502288818359375 62.99375152587890625 65.93125152587890625 64.00624847412109375 53.737499237060546875 44.768749237060546875 39.34999847412109375 34.987499237060546875
114.8874969482421875 117.1062469482421875 118.46875 121.02500152587890625 121.81874847412109375 124.4499969482421875 123.3000030517578125 121.9875030517578125 117.3625030517578125 113.875 110.40625 105.74375152587890625 99 92.5812530517578125 86.9375 80.9250030517578125 75.09375 70.4875030517578125 75.15000152587890625 77.21875 80.21250152587890625 84.44374847412109375 91.16249847412109375 96.46875 98.94374847412109375 93.8625030517578125 85.49375152587890625 76.2375030517578125 66.6125030517578125 60.46875 54.950000762939453125 52.081249237060546875 57.049999237060546875 62.049999237060546875 64.15625 68.0500030517578125 70.84999847412109375 71.11875152587890625 65.83750152587890625 56.831249237060546875 45.481250762939453125 40.262500762939453125 36.00624847412109375
108.27500152587890625 111.1125030517578125 113.71250152587890625 117.03125 119.78749847412109375 121.1750030517578125 121.1750030517578125 119.4250030517578125 117.59375 114.96875 110.53749847412109375 101.9250030517578125 95.27500152587890625 89.1062469482421875 81.59375 76.8312530517578125 70.7312469482421875 64.91249847412109375 64.9812469482421875 68.24375152587890625 75.25624847412109375 87.1999969482421875 81.68125152587890625 88.3249969482421875 91.8562469482421875 92.51250457763671875 86.40625 76.40000152587890625 68.4812469482421875 59.424999237060546875 53.15625 53.41249847412109375 59.78125 63.487499237060546875 66.6437530517578125 69.90000152587890625 69.36875152587890625 66.09375 61.90625 53.49375152587890625 45.22499847412109375 40.24375152587890625 36.075000762939453125
