data/historical-monthly-weather-data/wc2.1_cruts4.09_10m_prec_1952-02.asc
ncols        45
nrows        45
xllcorner    -63.500000000000
yllcorner    -7.500000000000
cellsize     0.166666666667
NODATA_value -9999
[rows 0 to 19 of 45, columns 0 to 44 of 45]
131.6374969482421875 128.0124969482421875 122.16249847412109375 118.3874969482421875 113.21875 110.7312469482421875 107.27500152587890625 102.3937530517578125 98.6999969482421875 97.0500030517578125 97.94374847412109375 99.2937469482421875 100.34999847412109375 98.2375030517578125 98.09999847412109375 98.2624969482421875 99.0187530517578125 97.4375 98.4375 99.9187469482421875 101.9812469482421875 104.2062530517578125 107.7687530517578125 111.9375 116.9250030517578125 122.7375030517578125 130.09375 138.1875 147.0749969482421875 155.274993896484375 164.4562530517578125 174.225006103515625 181.681243896484375 189.618743896484375 198.1374969482421875 203.9562530517578125 207.5437469482421875 210.431243896484375 213.1687469482421875 213.943756103515625 215.837493896484375 216.7687530517578125 215.90625 218.0625 218.1062469482421875
139.087493896484375 136.2624969482421875 132.9562530517578125 129.1062469482421875 125.99375152587890625 125.71250152587890625 123.61875152587890625 122.1875 121.5812530517578125 120.7624969482421875 120.6875 120.375 119.79999542236328125 118.0187530517578125 116.65625 115.24375152587890625 114.70000457763671875 114.3625030517578125 115.80625152587890625 117.53749847412109375 119.8874969482421875 123.22499847412109375 127.46250152587890625 131.8125 136.306243896484375 142.2687530517578125 148.5749969482421875 156.087493896484375 163.78125 171.9250030517578125 180.0749969482421875 190.5124969482421875 197.8312530517578125 206.03125 213.256256103515625 218.1750030517578125 221.3125 223.162506103515625 225.28125 225.75 226.90625 227.03125 225.274993896484375 226.118743896484375 225.5625
148.2375030517578125 146.46875 144.881256103515625 143.53125 143.149993896484375 144.368743896484375 145.881256103515625 148.3562469482421875 150.8937530517578125 151.1062469482421875 149.912506103515625 147.931243896484375 145.3249969482421875 141.65625 138.2375030517578125 135.056243896484375 132.6125030517578125 132.3249969482421875 133.162506103515625 134.818756103515625 137.78125 142.8000030517578125 147.181243896484375 151.6750030517578125 157.631256103515625 162.756256103515625 168.243743896484375 175.006256103515625 180.6750030517578125 187.4250030517578125 196.03125 205.350006103515625 213.131256103515625 219.868743896484375 227.8000030517578125 231.118743896484375 234.40625 237.306243896484375 238.1312408447265625 238.2375030517578125 238.5625 237.375 235.006256103515625 233.0124969482421875 232.931243896484375
156.2687530517578125 155.8625030517578125 157.75 159.5124969482421875 164.006256103515625 166.6687469482421875 171.537506103515625 178.28125 184.7624969482421875 187.618743896484375 185.3562469482421875 179.7687530517578125 173.1312408447265625 166.649993896484375 161.53125 156.5625 152.5625 150.243743896484375 150.962493896484375 154.181243896484375 158.662506103515625 163.8249969482421875 168.1999969482421875 173.131256103515625 178.75 183.9875030517578125 189.306243896484375 194.3000030517578125 198.412506103515625 204.931243896484375 211.8625030517578125 221.6750030517578125 228.149993896484375 235.162506103515625 241.71875 245.943756103515625 249.037506103515625 251.28125 252.8000030517578125 252.8312530517578125 250.975006103515625 248.618743896484375 245.28125 241.4562530517578125 240.59375
168.681243896484375 167.3000030517578125 169.5625 175.0437469482421875 183.243743896484375 189.4875030517578125 196.5124969482421875 208.149993896484375 221.15625 228.96875 221.8000030517578125 210.537506103515625 201.9187469482421875 193.6687469482421875 185.65625 178.9250030517578125 173.6062469482421875 169.53125 170.75 174.7375030517578125 180.5437469482421875 185.21875 190.5124969482421875 195.868743896484375 201.0437469482421875 206.443756103515625 208.7687530517578125 211.568756103515625 216.65625 222.8312530517578125 229.537506103515625 236.899993896484375 244.375 251.4250030517578125 257.48748779296875 261.568756103515625 265.45001220703125 268.087493896484375 269.3125 267.5625 265.475006103515625 260.65625 254.9812469482421875 249.962493896484375 246.712493896484375
181.912506103515625 182.65625 184.53125 189.25 197.662506103515625 206.368743896484375 216.100006103515625 229.037506103515625 244.7375030517578125 256.743743896484375 246.03125 232.8874969482421875 223.662506103515625 215.475006103515625 207.4812469482421875 201.40625 194.84375 191.3125 193.7937469482421875 198.6687469482421875 203.2687530517578125 207.850006103515625 212.756256103515625 216.6875 220.225006103515625 225.368743896484375 227.381256103515625 228.818756103515625 232.068756103515625 237.8874969482421875 244.475006103515625 251.6999969482421875 257.850006103515625 267.056243896484375 274.212493896484375 278.26251220703125 282.5625 285.462493896484375 287.4375 285.1875 280.15625 273.70001220703125 266.86248779296875 260.39373779296875 253.681243896484375
196.806243896484375 198.681243896484375 201.4875030517578125 204.875 212.524993896484375 220.431243896484375 230.100006103515625 240.350006103515625 252.2375030517578125 257.899993896484375 255.6437530517578125 248.5625 241.475006103515625 234.9562530517578125 229.068756103515625 224.006256103515625 220.0812530517578125 220.2062530517578125 223.0187530517578125 225.4875030517578125 227.1125030517578125 230.8125 233.5500030517578125 236.006256103515625 240.850006103515625 244.2312469482421875 245.5 246.90625 247.3625030517578125 252.056243896484375 259.73126220703125 266.92498779296875 274.15625 280.537506103515625 287.743743896484375 294.006256103515625 298.243743896484375 302.23126220703125 305.881256103515625 302.875 294.649993896484375 287.225006103515625 279.787506103515625 271.89373779296875 263.11248779296875
211.75 213.431243896484375 216.3249969482421875 221.8562469482421875 229.243743896484375 235.0500030517578125 240.9250030517578125 246.162506103515625 250.7062530517578125 255.25 260.42498779296875 261.10626220703125 258.53125 253.375 249.318756103515625 246.5 244.649993896484375 248.537506103515625 253.649993896484375 252.4250030517578125 250.618743896484375 252.1750030517578125 253.8000030517578125 256.11248779296875 260.29376220703125 262.931243896484375 263.350006103515625 263.037506103515625 263.725006103515625 267.881256103515625 273.493743896484375 281.35626220703125 288.443756103515625 295.631256103515625 302.33123779296875 307.537506103515625 312.15625 315.899993896484375 318.04376220703125 315.443756103515625 308.58123779296875 301.631256103515625 293.92498779296875 284.42498779296875 276.40625
226.7062530517578125 228.9875030517578125 231.725006103515625 237.243743896484375 243.4187469482421875 246.649993896484375 251 253.2562408447265625 253.0124969482421875 256.51251220703125 265 270.48748779296875 270.962493896484375 268.125 265.337493896484375 264.75 264.10626220703125 267.125 272.20001220703125 269.475006103515625 265.42498779296875 266.1875 267.993743896484375 273 277.274993896484375 279.6875 278.70001220703125 277.71875 278.53125 281.806243896484375 287.399993896484375 294.725006103515625 301.23126220703125 307.506256103515625 313.837493896484375 319.76873779296875 324.600006103515625 328.399993896484375 331.337493896484375 329.67498779296875 323.71875 317.70001220703125 311.46875 303.274993896484375 296.84375
241.881256103515625 244.6750030517578125 247.881256103515625 252.25 257.04376220703125 259.29998779296875 263.48126220703125 265.5625 268.175018310546875 272.212493896484375 279.756256103515625 282.95001220703125 285.10626220703125 282.399993896484375 281.5 280.462493896484375 279.556243896484375 280.712493896484375 280.58123779296875 278.51873779296875 276.162506103515625 277.9375 281.70001220703125 289.5625 294.26251220703125 296.21875 295.3125 292.743743896484375 293.818756103515625 296.67498779296875 300.0625 305.9375 312.493743896484375 319.931243896484375 326.850006103515625 332.375 337.29376220703125 340.118743896484375 343.08123779296875 343.399993896484375 340.36248779296875 336.07501220703125 329.868743896484375 321.20623779296875 317.11248779296875
256.149993896484375 259.243743896484375 262.29998779296875 266.11248779296875 269.84375 272.09375 275.96875 280.20623779296875 284.70001220703125 290.131256103515625 297.787506103515625 301.131256103515625 301.36248779296875 298.26873779296875 297.375 296.14373779296875 293.82501220703125 291.45001220703125 288.32501220703125 286.024993896484375 283.67498779296875 286.36248779296875 293.90625 301.149993896484375 310.53125 312.287506103515625 309.743743896484375 307.931243896484375 307.13751220703125 308.54998779296875 312.03125 316.818756103515625 322.649993896484375 330.03125 338.556243896484375 344.84375 348.243743896484375 352.33123779296875 355.46875 355.649993896484375 353.95623779296875 350.29998779296875 345.39373779296875 338.09375 333.993743896484375
268.431243896484375 271.193756103515625 273.54998779296875 277.59375 281.89373779296875 284.58123779296875 288.962493896484375 295.71875 300.931243896484375 307.15625 315.79376220703125 321.381256103515625 320.625 316.83123779296875 315.45623779296875 312.11248779296875 308.462493896484375 302.850006103515625 296.51873779296875 291.399993896484375 287.96875 292.068756103515625 303.881256103515625 316.34375 325.34375 324.875 320.84375 318.23748779296875 317.443756103515625 319.51251220703125 322.26873779296875 325.362518310546875 331.212493896484375 338 346.068756103515625 352.96875 358.90625 363.79998779296875 367.36248779296875 368.36248779296875 367.881256103515625 363.78125 356.17498779296875 346.09375 339.943756103515625
277.412506103515625 280.731231689453125 283.96875 287.90625 293.5625 297.625 303.63751220703125 310.48748779296875 315.96875 324.01251220703125 332.70623779296875 339.90625 340.17498779296875 334.86248779296875 332.006256103515625 326.79376220703125 321.681243896484375 315.28125 308.412506103515625 300.79998779296875 293.51873779296875 298.75 312.756256103515625 324.78125 330.631256103515625 330.57501220703125 329.16876220703125 327.287506103515625 326.193756103515625 328.08123779296875 330.48748779296875 332.993743896484375 336.962493896484375 343.91876220703125 352.13751220703125 358.79998779296875 365.17498779296875 372.86248779296875 377.837493896484375 379.89373779296875 381.51251220703125 375.79998779296875 363.26251220703125 349.8125 340.381256103515625
285.100006103515625 288.693756103515625 292.46875 297.243743896484375 304.056243896484375 309.07501220703125 316.993743896484375 324.95623779296875 331.368743896484375 338.681243896484375 346.26873779296875 352.48126220703125 354.08123779296875 352.15625 346.70623779296875 341.65625 334.82501220703125 328.71875 321.33123779296875 315.368743896484375 311.83123779296875 315.350006103515625 324.42498779296875 331.20623779296875 335.118743896484375 335.75 335.76251220703125 334.362518310546875 334.13751220703125 334.20001220703125 336.068756103515625 337.399993896484375 340.63751220703125 347.443756103515625 355.024993896484375 362.86248779296875 371.98748779296875 381.537506103515625 389.09375 391.975006103515625 390.76251220703125 379.23748779296875 367.29998779296875 355.725006103515625 346.912506103515625
292.39373779296875 295.5 300.225006103515625 307.149993896484375 313.65625 320.587493896484375 330.32501220703125 338.743743896484375 346.293731689453125 353.70623779296875 360.01873779296875 367.181243896484375 370.09375 369.41876220703125 364.475006103515625 358.17498779296875 351.912506103515625 345.28125 338.89373779296875 334.850006103515625 332.35626220703125 332.993743896484375 337.90625 341.274993896484375 342.556243896484375 343.92498779296875 343.95001220703125 342.006256103515625 341.09375 340.912506103515625 339.875 338.64373779296875 341.4375 346.13751220703125 353.34375 361.056243896484375 373.36248779296875 386.86248779296875 396.42498779296875 399.13751220703125 393.074981689453125 383.712493896484375 373.725006103515625 361.493743896484375 351.493743896484375
297.993743896484375 300.92498779296875 306.70623779296875 314.587493896484375 322.95001220703125 331.20623779296875 341.787506103515625 350.53125 359.462493896484375 368.8125 376.10626220703125 384.58123779296875 389.225006103515625 388.84375 383.46875 374.274993896484375 369.54998779296875 364.743743896484375 359.725006103515625 356.443756103515625 352.16876220703125 350.381256103515625 351.71875 353.63751220703125 351.956268310546875 350.53125 349.25 348.39373779296875 348.46875 347.57501220703125 345.743743896484375 341.14373779296875 338.868743896484375 340.41876220703125 344.375 353.85626220703125 369.243743896484375 387.6875 402.61248779296875 406.756256103515625 400.36248779296875 388.79376220703125 376.83123779296875 363.90625 352.20623779296875
300.95001220703125 305.42498779296875 311.96875 320.943756103515625 331.04376220703125 340.64373779296875 352.16876220703125 362.806243896484375 372.943756103515625 383.78125 393.89373779296875 404.79998779296875 411.98748779296875 413.32501220703125 406.82501220703125 396.693756103515625 388.625 382.649993896484375 377.931243896484375 375.568756103515625 371.4375 367.850006103515625 365.556243896484375 365.04998779296875 362.53125 356.78125 353.181243896484375 353.57501220703125 355.23748779296875 355.568756103515625 351.931243896484375 344.54998779296875 337.53125 331.13751220703125 332.59375 342.193756103515625 359.350006103515625 385.75 411.28125 411.26251220703125 400.65625 388.3125 374.21875 360.875 350.806243896484375
302.412506103515625 308.28125 317.5625 328.92498779296875 340.46875 351.681243896484375 364.84375 377.20001220703125 388.225006103515625 399.40625 411.73126220703125 427.131256103515625 439.20001220703125 442.125 435.943756103515625 425.493743896484375 411.92498779296875 399.71875 397.26873779296875 394.65625 391.5 384.76873779296875 376.962493896484375 372.16876220703125 367.63751220703125 361.506256103515625 356.399993896484375 358.32501220703125 361.774993896484375 362.73126220703125 357.09375 341.431243896484375 330.14373779296875 320.23126220703125 316.625 321.912506103515625 344.70623779296875 371.88751220703125 395.149993896484375 399.212493896484375 390 378.88751220703125 367.34375 356.65625 347.90625
302.70001220703125 310.318756103515625 321.287506103515625 333.45001220703125 347.1875 361.70623779296875 375.712493896484375 390.79376220703125 403.787506103515625 415.28125 429.774993896484375 447.6875 464.8125 475.28125 466.75 450.475006103515625 433.631256103515625 417.181243896484375 411.14373779296875 409.993743896484375 406.943756103515625 398.806243896484375 382.92498779296875 375.899993896484375 370.506256103515625 365.82501220703125 363.306243896484375 364.962493896484375 369.40625 371.712493896484375 366.07501220703125 345.90625 327.39373779296875 308.662506103515625 297.86248779296875 304.568756103515625 327.57501220703125 352.912506103515625 372.9375 378.787506103515625 375.006256103515625 365.85626220703125 358.14373779296875 350.899993896484375 343.712493896484375
303.21875 310.875 323.21875 336.98748779296875 353.5 370.33123779296875 387.40625 402.79998779296875 416.42498779296875 428.89373779296875 443.0625 463.506256103515625 487.181243896484375 507.57501220703125 494.34375 467.443756103515625 444.40625 429.818756103515625 423.01251220703125 421.10626220703125 410.95623779296875 397.493743896484375 385.9375 377.993743896484375 372.13751220703125 367.48748779296875 367.70623779296875 371.38751220703125 373.51873779296875 373.756256103515625 364.837493896484375 347.75 323.67498779296875 297.568756103515625 278.806243896484375 288.943756103515625 316.475006103515625 341.95001220703125 358.506256103515625 364.82501220703125 361.20623779296875 353.29998779296875 350.662506103515625 347.068756103515625 341.587493896484375
