data/historical-monthly-weather-data/wc2.1_cruts4.09_10m_prec_1996-07.asc
ncols        51
nrows        45
xllcorner    -63.500000000000
yllcorner    -7.500000000000
cellsize     0.166666666667
NODATA_value -9999
[rows 0 to 18 of 45, columns 0 to 43 of 51]
215.681243896484375 197.1374969482421875 188.71875 185.774993896484375 181.15625 182.9562530517578125 185.381256103515625 186.381256103515625 194.15625 204.037506103515625 210.3625030517578125 216.756256103515625 222.037506103515625 230.306243896484375 238.350006103515625 243.600006103515625 247.9187469482421875 244.006256103515625 241.5749969482421875 242.6062469482421875 245.3874969482421875 241.9250030517578125 239.6374969482421875 235.7312469482421875 234.1687469482421875 227.9562530517578125 222.1750030517578125 216.4812469482421875 209.1437530517578125 210.2375030517578125 203.5 201.7312469482421875 205.131256103515625 204.2624969482421875 202.868743896484375 199.1999969482421875 191.7062530517578125 194.462493896484375 188.6062469482421875 184.4187469482421875 186.881256103515625 189.5437469482421875 186.15625 185.693756103515625
210.3249969482421875 191.149993896484375 182.1875 179.006256103515625 175.899993896484375 178.912506103515625 182.087493896484375 185.6750030517578125 195.274993896484375 204.625 212.068756103515625 217.850006103515625 223.625 230.2687530517578125 234.6437530517578125 239.2062530517578125 241.806243896484375 238.6437530517578125 237.274993896484375 236.7062530517578125 232.8625030517578125 234.0187530517578125 234.056243896484375 235.3249969482421875 228.5625 224.2312469482421875 219.431243896484375 214.65625 205.96875 203.7062530517578125 202.8937530517578125 207.7375030517578125 209.1999969482421875 211.3874969482421875 210.149993896484375 202.443756103515625 194.649993896484375 193.662506103515625 187.0749969482421875 185.15625 189.524993896484375 188.59375 186.774993896484375 183.0124969482421875
199.6999969482421875 187.662506103515625 185.212493896484375 182.5437469482421875 179.7312469482421875 182.006256103515625 186.743743896484375 194.1999969482421875 204.65625 213.5812530517578125 220.287506103515625 223.181243896484375 229.743743896484375 231.024993896484375 232.4499969482421875 233.850006103515625 235.7687530517578125 232.7624969482421875 230.34375 232.037506103515625 229.5749969482421875 232.743743896484375 235.5437469482421875 235.7687530517578125 231.975006103515625 224.6750030517578125 225.337493896484375 218.475006103515625 210.443756103515625 209.4875030517578125 208.712493896484375 205.725006103515625 208.0812530517578125 213.493743896484375 205.3937530517578125 195.899993896484375 192.350006103515625 193.368743896484375 185.7375030517578125 184.1999969482421875 187.0187530517578125 187.53125 184.0625 182.381256103515625
191.193756103515625 178.8125 182.3562469482421875 186.5749969482421875 185.3125 186.5812530517578125 190.6999969482421875 201.25 214.6437530517578125 224.6437530517578125 226.59375 227.71875 230.96875 235.2937469482421875 232.25 228.8937530517578125 226.9375 225.3874969482421875 226.506256103515625 233.881256103515625 234.350006103515625 232.4812469482421875 235.3000030517578125 238.3249969482421875 236.787506103515625 231.7937469482421875 227.212493896484375 215.2624969482421875 210.618743896484375 215.1750030517578125 214.256256103515625 209.7624969482421875 205.6687469482421875 202.8562469482421875 196.868743896484375 197.399993896484375 196.524993896484375 189.15625 184.162506103515625 181.256256103515625 186.4187469482421875 189.625 186.506256103515625 183.9812469482421875
202.368743896484375 183.600006103515625 176.318756103515625 182.7375030517578125 190.1687469482421875 191.162506103515625 197.8000030517578125 208.375 220.318756103515625 228.193756103515625 235.149993896484375 233.4562530517578125 234.9250030517578125 235.8874969482421875 230.587493896484375 225.84375 221.3499908447265625 221.9187469482421875 219.556243896484375 225.7125091552734375 230.75 229.8937530517578125 231.7375030517578125 241.3125 239.2312469482421875 233.6125030517578125 225.1750030517578125 220.3000030517578125 213.837493896484375 211.962493896484375 213.0374908447265625 211.881256103515625 211.149993896484375 206.3249969482421875 199.96875 193.1125030517578125 191.537506103515625 188.3625030517578125 181.7312469482421875 180.8562469482421875 184.28125 182.8874969482421875 184.4499969482421875 184.868743896484375
200.6437530517578125 189.274993896484375 184.693756103515625 171.943756103515625 182.368743896484375 197.225006103515625 204.1875 212.5812530517578125 226.181243896484375 232.618743896484375 236.100006103515625 234.90625 235.8625030517578125 230.181243896484375 227.90625 223.0124969482421875 215.3562469482421875 212.90625 215.5124969482421875 224.0500030517578125 228.5 230.6125030517578125 235.7687530517578125 236.287506103515625 238.3249969482421875 235.243743896484375 227.0187530517578125 220.4375 211.943756103515625 210.03125 210.506256103515625 214.100006103515625 210.6875 210.1374969482421875 202.256256103515625 197.59375 187.8249969482421875 184.850006103515625 184.25 186.087493896484375 181.7062530517578125 183.1875 181.875 179.756256103515625
201.3625030517578125 192.5124969482421875 189.5749969482421875 185.6687469482421875 183.8625030517578125 186.6750030517578125 199.90625 213.274993896484375 222.0812530517578125 230.4812469482421875 236.28125 230.1999969482421875 232.71875 228.6687469482421875 222.212493896484375 219.1125030517578125 214.9812469482421875 209.125 207.006256103515625 220.618743896484375 224.6374969482421875 226.274993896484375 229.181243896484375 234.2874908447265625 235.181243896484375 236.5 233.225006103515625 219.837493896484375 208.4375 212.0124969482421875 210.75 207.4250030517578125 204.6062469482421875 207.837493896484375 206.787506103515625 199.118743896484375 188.693756103515625 183.0812530517578125 183.84375 186.5500030517578125 180.881256103515625 177.9812469482421875 178.5 175.693756103515625
204.912506103515625 194.524993896484375 194.0749969482421875 194.225006103515625 195.875 206.4187469482421875 208.181243896484375 203.443756103515625 207.274993896484375 215.899993896484375 223.0749969482421875 223.756256103515625 224.59375 219.9375 217.337493896484375 213.9375 208.28125 205.1062469482421875 205.131256103515625 208.9187469482421875 220.4562530517578125 226.9812469482421875 228.318756103515625 232.649993896484375 237.568756103515625 232.6687469482421875 228.368743896484375 213.5812530517578125 207.8562469482421875 205.625 210.3874969482421875 207.4250030517578125 207 205.6437530517578125 202.443756103515625 192.3312530517578125 183.506256103515625 178.693756103515625 174.818756103515625 172.1687469482421875 168.7062530517578125 168.8125 168.212493896484375 164.3562469482421875
206.4187469482421875 198.34375 196.774993896484375 200.3125 204.71875 210.5124969482421875 214.306243896484375 215.743743896484375 212.631256103515625 208.274993896484375 210.4812469482421875 207.3125 214.868743896484375 210.375 208.618743896484375 206.2624969482421875 205.712493896484375 208.743743896484375 216.2624969482421875 211.443756103515625 213.7937469482421875 226.3125 228.787506103515625 236.337493896484375 239.46875 229.0500030517578125 219.2312469482421875 215.9250030517578125 211.4812469482421875 207.59375 213.34375 205.3125 196.743743896484375 192.537506103515625 191.881256103515625 190.725006103515625 186.850006103515625 184.0124969482421875 176.1999969482421875 168.78125 163.037506103515625 160.9562530517578125 160.7937469482421875 155.100006103515625
204.5812530517578125 199.84375 201.25 205.34375 209.9499969482421875 218.5500030517578125 221.65625 223.087493896484375 222.243743896484375 221.875 215.9375 203.8937530517578125 206.006256103515625 204.0500030517578125 204.568756103515625 206.037506103515625 203.2375030517578125 212.4875030517578125 221.28125 223.712493896484375 224.756256103515625 223.625 221.9499969482421875 229.475006103515625 230.46875 229.350006103515625 219.462493896484375 214.131256103515625 206.618743896484375 204.2687530517578125 206.3249969482421875 198.5562591552734375 194.6750030517578125 190.118743896484375 186.8562469482421875 187.443756103515625 185.7624969482421875 183.7687530517578125 176.3000030517578125 172.625 169.0812530517578125 163.4187469482421875 155.9187469482421875 146.25
206.46875 203.7375030517578125 204.6999969482421875 210.59375 214.774993896484375 223.1687469482421875 227.431243896484375 223.524993896484375 217.774993896484375 217.068756103515625 216.1875 207.8625030517578125 196.84375 197.0500030517578125 194.9812469482421875 196.6687469482421875 201.1687469482421875 210.9187469482421875 219.8000030517578125 232.3249969482421875 240.649993896484375 236.556243896484375 225.59375 214.6437530517578125 226.0625 237.725006103515625 229.149993896484375 218.743743896484375 203.587493896484375 200.912506103515625 199.8249969482421875 197.90625 195.9875030517578125 190.0437469482421875 189.618743896484375 187.6687469482421875 186.2312469482421875 179.631256103515625 180.1999969482421875 173.631256103515625 165.1687469482421875 157.662506103515625 153.6750030517578125 140.03125
206.125 202.225006103515625 204.28125 211.0437469482421875 216.881256103515625 224.9812469482421875 230.75 227.0562591552734375 217.524993896484375 209.556243896484375 206 204.243743896484375 191.1999969482421875 187.8937530517578125 193.399993896484375 191.8625030517578125 196.256256103515625 205.681243896484375 215.5749969482421875 231.537506103515625 248.1875 248.5 245.568756103515625 229.506256103515625 226.3249969482421875 218.96875 212.399993896484375 208.225006103515625 198.5687408447265625 194.537506103515625 188.2062530517578125 186.3625030517578125 187.3625030517578125 186.350006103515625 188.975006103515625 190.0187530517578125 185.8874969482421875 185.2312469482421875 174.412506103515625 167.806243896484375 158.1125030517578125 153.8000030517578125 142.8874969482421875 127.625
199.1062469482421875 199.15625 203.7312469482421875 207.7375030517578125 211.399993896484375 219.243743896484375 221.8249969482421875 216.3000030517578125 207.78125 204.25 202.306243896484375 197.443756103515625 193.993743896484375 179.28125 178.587493896484375 185.5437469482421875 189.962493896484375 200.931243896484375 211.4187469482421875 222.9375 235.2687530517578125 237.6374969482421875 240.618743896484375 229.3937530517578125 214.3499908447265625 207.287506103515625 203.6437530517578125 201.1687469482421875 193.806243896484375 187.837493896484375 181.15625 174.037506103515625 178.6875 180.0500030517578125 182.3874969482421875 185.306243896484375 188.4562530517578125 192.225006103515625 188.5437469482421875 172.7312469482421875 155.806243896484375 147.09375 131.381256103515625 120.3249969482421875
193.881256103515625 193.9187469482421875 198.8562469482421875 201.850006103515625 204.068756103515625 208.0437469482421875 208.96875 205.03125 203.03125 196.2375030517578125 193.1374969482421875 191.024993896484375 184.5 175.8000030517578125 164.399993896484375 174.381256103515625 177.3000030517578125 189.2375030517578125 197.0500030517578125 209.1062469482421875 218.6750030517578125 226.0625 230.5124969482421875 223.943756103515625 210.412506103515625 200.84375 194.056243896484375 186.225006103515625 179.3937530517578125 174.6374969482421875 175.5500030517578125 171.587493896484375 170.4499969482421875 172.100006103515625 175.8000030517578125 185.5812530517578125 196.8312530517578125 207.3249969482421875 206.662506103515625 187.774993896484375 154.962493896484375 136.587493896484375 132.3125 137.6750030517578125
190.3937530517578125 188.0124969482421875 190.65625 194.618743896484375 194.537506103515625 196.131256103515625 201.03125 197.2062530517578125 193.0124969482421875 186.9250030517578125 183.431243896484375 179.806243896484375 176.725006103515625 171.962493896484375 155.28125 158.9812469482421875 163.1374969482421875 172.8625030517578125 181.350006103515625 193.9375 206.9875030517578125 213.774993896484375 219.006256103515625 219.225006103515625 213.34375 206.556243896484375 198.618743896484375 187.5749969482421875 181.90625 178.7312469482421875 170.59375 168.4250030517578125 174.1125030517578125 172.7937469482421875 168.1125030517578125 175.524993896484375 197.568756103515625 219.8937530517578125 222.412506103515625 201.837493896484375 177.7624969482421875 161.21875 163.5500030517578125 154.9250030517578125
182.3625030517578125 180.5500030517578125 183.787506103515625 185.131256103515625 186.149993896484375 190.943756103515625 189.306243896484375 186.256256103515625 183.2624969482421875 180.943756103515625 175.5625 173.212493896484375 171.3312530517578125 167.15625 154.912506103515625 138.125 145.75 157.662506103515625 164.662506103515625 177.4875030517578125 188.3625030517578125 200.100006103515625 209.4375 220.3312530517578125 218.75 211.15625 198.8562469482421875 183.7937469482421875 178.9375 176.59375 179.024993896484375 169.462493896484375 165.71875 162.274993896484375 160.21875 183.1125030517578125 202 221.9875030517578125 232.0625 228.96875 214.537506103515625 196.4875030517578125 182.1062469482421875 163.912506103515625
174.71875 173.3125 177.28125 180.368743896484375 182.5812530517578125 182.024993896484375 182.9187469482421875 180.381256103515625 177.8125 175.568756103515625 171.493743896484375 167.53125 163.6750030517578125 162.4375 160.868743896484375 150.0749969482421875 138.2062530517578125 141.7624969482421875 156.0812530517578125 166.9812469482421875 176.399993896484375 188.975006103515625 205.024993896484375 221.40625 227.443756103515625 206.306243896484375 186.90625 174.087493896484375 173.59375 176.493743896484375 179.6374969482421875 180.8249969482421875 175.9499969482421875 173.9499969482421875 190.243743896484375 203.6437530517578125 227.8562469482421875 257.975006103515625 275.64373779296875 252.537506103515625 232.024993896484375 207.100006103515625 181.881256103515625 166.7375030517578125
167.337493896484375 168.4499969482421875 170.75 175.712493896484375 177.931243896484375 175.756256103515625 175.412506103515625 174.962493896484375 172.5500030517578125 165.787506103515625 162.2937469482421875 162.84375 159.90625 158.7062530517578125 160.65625 157.8249969482421875 148.306243896484375 133.743743896484375 150.118743896484375 158.9499969482421875 167.181243896484375 177.6750030517578125 198.962493896484375 212.9250030517578125 216.5500030517578125 196.1125030517578125 176.5187530517578125 168.4499969482421875 170.2062530517578125 169.1062469482421875 163.40625 162.462493896484375 187.9375 199.537506103515625 201.1750030517578125 224.0437469482421875 254.25 272.67498779296875 278.32501220703125 259.91876220703125 226.181243896484375 201.9562530517578125 178.59375 164.037506103515625
160.4375 161.493743896484375 162.443756103515625 166.100006103515625 170.75 170.993743896484375 168.787506103515625 170.1374969482421875 169.1875 163.3874969482421875 159.5124969482421875 156 155.0500030517578125 156.806243896484375 153.693756103515625 155.431243896484375 152.600006103515625 143.3937530517578125 138.587493896484375 143.96875 158.59375 180.756256103515625 169.9187469482421875 186.162506103515625 192.1875 188.506256103515625 176.5437469482421875 165.899993896484375 168.443756103515625 169.53125 167.3249969482421875 169.837493896484375 188.8000030517578125 195.8000030517578125 203.96875 222.53125 237.4812469482421875 248.2624969482421875 254.118743896484375 233.2687530517578125 212.600006103515625 188.4187469482421875 171.181243896484375 158.3000030517578125
