data/historical-monthly-weather-data/wc2.1_cruts4.09_10m_prec_2002-05.asc
ncols        45
nrows        45
xllcorner    -63.500000000000
yllcorner    -7.500000000000
cellsize     0.166666666667
NODATA_value -9999
[rows 20 to 39 of 45, columns 0 to 43 of 45]
344.70001220703125 353.368743896484375 355.068756103515625 350.23748779296875 345.318756103515625 352.46875 355.149993896484375 352.868743896484375 348.29998779296875 339.243743896484375 331.92498779296875 326.787506103515625 316.20001220703125 304.85626220703125 288.91876220703125 276.15625 259.38751220703125 252.375 253.125 249.9124908447265625 258.54998779296875 265.38751220703125 270.506256103515625 272.256256103515625 271.38751220703125 264.03125 251.59375 245.631256103515625 240.524993896484375 235.6750030517578125 233.993743896484375 235.712493896484375 231.2062530517578125 229.5124969482421875 232.818756103515625 239.712493896484375 244.6875 246.350006103515625 243.3874969482421875 237.162506103515625 231.243743896484375 224.306243896484375 221.4250030517578125 224.1875
333.35626220703125 330.9375 338.131256103515625 342.59375 338.868743896484375 342.10626220703125 348.537506103515625 351.462493896484375 348.61248779296875 341.09375 332.53125 323.54376220703125 312.087493896484375 299.662506103515625 289.931243896484375 274.92498779296875 272.28125 262.774993896484375 261.59375 256.23126220703125 254.100006103515625 259.024993896484375 263.8125 260.8125 254.4187469482421875 251.631256103515625 250.006256103515625 243.881256103515625 244.7624969482421875 241.9812469482421875 236.1125030517578125 231.0437469482421875 230.6999969482421875 231.90625 230.5749969482421875 232.9187469482421875 237.881256103515625 239.4250030517578125 236.4499969482421875 231.318756103515625 227.2624969482421875 221.600006103515625 218.475006103515625 219.131256103515625
322.67498779296875 330.61248779296875 335.162506103515625 338.70623779296875 334.731231689453125 336.82501220703125 333.13751220703125 338.662506103515625 344.96875 339.6875 329.03125 318.962493896484375 312.58123779296875 301.118743896484375 291.631256103515625 280.337493896484375 272.78125 266.0625 261.375 256.79998779296875 256.91876220703125 254.1062469482421875 255.625 251.1999969482421875 249.5437469482421875 245.15625 240.118743896484375 240.5749969482421875 242.125 238.4312591552734375 231.4812469482421875 229.943756103515625 232.412506103515625 232.15625 232.193756103515625 227.34375 227.850006103515625 231.4499969482421875 233.1437530517578125 228.34375 222.850006103515625 218.4499969482421875 214.9562530517578125 214.725006103515625
307.912506103515625 319.868743896484375 328.29376220703125 328.037506103515625 322.774993896484375 322.23748779296875 331.04376220703125 334.256256103515625 333.193756103515625 327.45001220703125 321.256256103515625 318.82501220703125 311.10626220703125 303.36248779296875 291.824981689453125 281.118743896484375 273.40625 269.118743896484375 265.631256103515625 262.375 257.01873779296875 254.412506103515625 251.625 250.912506103515625 245.53125 236.8874969482421875 234.9312591552734375 236.1125030517578125 239.4812469482421875 241.087493896484375 240.6437530517578125 240.431243896484375 242.7312469482421875 240.5749969482421875 238.056243896484375 229.037506103515625 231.368743896484375 231.412506103515625 230.0124969482421875 226.0812530517578125 219.7937469482421875 217.087493896484375 214.5812530517578125 211.90625
300.462493896484375 314.04998779296875 319 322.48126220703125 319.35626220703125 321.100006103515625 321.212493896484375 325.475006103515625 323.45623779296875 320.96875 314.86248779296875 309.89373779296875 307.23748779296875 299.51873779296875 288.21875 280.65625 276.912506103515625 271.837493896484375 266.475006103515625 263.181243896484375 260.600006103515625 254.8125 253.09375 249.568756103515625 243.212493896484375 241.2062530517578125 239.0500030517578125 240.90625 243.350006103515625 249.1999969482421875 250.15625 255.84375 256.42498779296875 252.625 243.712493896484375 236.1374969482421875 234.806243896484375 229.1125030517578125 226.34375 222.6374969482421875 217.8874969482421875 213.6999969482421875 211.243743896484375 206.4250030517578125
300.29376220703125 315.868743896484375 311.962493896484375 312.868743896484375 305.368743896484375 306.29998779296875 306.662506103515625 310.350006103515625 305.631256103515625 300.375 303.5625 302.725006103515625 296.850006103515625 291.29998779296875 287.600006103515625 280.868743896484375 277.71875 273.006256103515625 267.67498779296875 263.006256103515625 260.29376220703125 254.46875 252.318756103515625 245.5875091552734375 242.649993896484375 239.850006103515625 243.806243896484375 245.787506103515625 247.625 254.3375091552734375 261.243743896484375 274.11248779296875 275.056243896484375 263.225006103515625 250.8249969482421875 243.2687530517578125 235.8937530517578125 229.9875030517578125 221.7624969482421875 217.1999969482421875 213.537506103515625 207.75 202.943756103515625 200.7937469482421875
293.11248779296875 297.28125 298.912506103515625 298.04376220703125 292.26251220703125 293.65625 293.537506103515625 292.23748779296875 290.350006103515625 294.625 295.712493896484375 291.79998779296875 289.67498779296875 286.662506103515625 283.42498779296875 280.243743896484375 275.17498779296875 268.85626220703125 269.08123779296875 263.631256103515625 257.912506103515625 253.4499969482421875 250.8562469482421875 248.3687591552734375 245.100006103515625 242.875 246.1687469482421875 248.09375 251.149993896484375 255.556243896484375 266.5625 279.46875 284.98126220703125 268.181243896484375 251.943756103515625 242.024993896484375 237.0625 227.96875 219.712493896484375 214.881256103515625 209.975006103515625 204.3499908447265625 199.6999969482421875 195.125
287.14373779296875 284.818756103515625 284.837493896484375 281.04376220703125 278.60626220703125 281.568756103515625 282.6875 279.337493896484375 280.306243896484375 284.225006103515625 284.256256103515625 281.024993896484375 280.0625 277.518768310546875 277.256256103515625 272.225006103515625 271.306243896484375 270.79376220703125 270.912506103515625 266.95001220703125 260.881256103515625 254.0875091552734375 253.774993896484375 249.6875 247.0500030517578125 243.1187591552734375 246.6437530517578125 248.3625030517578125 252.0437469482421875 257.14373779296875 265.681243896484375 274.95001220703125 275.618743896484375 262.65625 251.3625030517578125 241.4499969482421875 233.1687469482421875 227.03125 220.712493896484375 212.9812469482421875 206.243743896484375 202.59375 198.181243896484375 194.6812591552734375
276.412506103515625 272.443756103515625 269.41876220703125 267.03125 265.1875 263 262.256256103515625 265.28125 271.21875 271.71875 272.75 272.399993896484375 271.131256103515625 272.350006103515625 274.868743896484375 275.318756103515625 274.5 272.037506103515625 270.506256103515625 267.568756103515625 262.01251220703125 254.806243896484375 252.1687469482421875 247.8312530517578125 244.6437530517578125 238.7062530517578125 242.381256103515625 246.381256103515625 249.631256103515625 252.8000030517578125 259.38751220703125 263.17498779296875 260.6875 252.0187530517578125 245.975006103515625 237.4499969482421875 230.600006103515625 222.743743896484375 216.587493896484375 208.975006103515625 199.256256103515625 193.7375030517578125 193.4875030517578125 194.649993896484375
268.837493896484375 262.962493896484375 256.92498779296875 250.4499969482421875 247.287506103515625 249.1999969482421875 249.556243896484375 255.25 258.868743896484375 258.131256103515625 260.98748779296875 262.431243896484375 263.38751220703125 266.54998779296875 269.59375 271.16876220703125 270.899993896484375 273.0625 270.1875 264.54998779296875 259.46875 254.8312530517578125 251.193756103515625 245.274993896484375 238.8062591552734375 237.8125 237.59375 237.256256103515625 239.787506103515625 242.9499969482421875 248.1125030517578125 249.0625 246.5749969482421875 242.056243896484375 237.787506103515625 229.024993896484375 227.149993896484375 220.774993896484375 213.5625 210.6062469482421875 204.53125 197.837493896484375 193.1374969482421875 190.225006103515625
261.225006103515625 253.381256103515625 244.931243896484375 240.375 238.118743896484375 238.975006103515625 242.193756103515625 244.25 247.649993896484375 249.524993896484375 252.1999969482421875 252.837493896484375 258.068756103515625 258.32501220703125 262.03125 266.493743896484375 268.79998779296875 268.600006103515625 267.793731689453125 265.287506103515625 256.98748779296875 250.625 247.056243896484375 238.7375030517578125 232.4187469482421875 233.149993896484375 231.25 228.9375 230.787506103515625 232.0437469482421875 236.725006103515625 235.149993896484375 232.756256103515625 230.193756103515625 226.475006103515625 218.5625 217.0625 215.1437530517578125 212.212493896484375 208.03125 206.118743896484375 198.90625 193.21875 187.0812530517578125
248.2687530517578125 239.881256103515625 233.1374969482421875 230.1750030517578125 229.90625 228.9000091552734375 234.493743896484375 233.1875 235.8125 237.1875 239.806243896484375 240.2312469482421875 245.193756103515625 250.100006103515625 253.693756103515625 259.70623779296875 259.04376220703125 258.537506103515625 258.287506103515625 257.118743896484375 248.5 243.0999908447265625 238.71875 232.3562469482421875 230.0124969482421875 226.8625030517578125 224.6999969482421875 220.6750030517578125 218.662506103515625 220.5437469482421875 220.1999969482421875 219.9812469482421875 217.225006103515625 215.3874969482421875 214.0187530517578125 208.5625 206.6437530517578125 206.4187469482421875 203.7312469482421875 204.90625 203.381256103515625 197.993743896484375 193.28125 190.475006103515625
235.84375 229.962493896484375 223.875 222.59375 219.8874969482421875 218.5500030517578125 221.537506103515625 221.475006103515625 223.725006103515625 227 233.600006103515625 234.7375030517578125 238.8874969482421875 245.03125 247.1750030517578125 248.7624969482421875 248.431243896484375 250.975006103515625 247.837493896484375 246.287506103515625 237.8125 234.1437530517578125 228.649993896484375 225.0749969482421875 222.181243896484375 219.9250030517578125 215.65625 212.100006103515625 207.6687469482421875 207.212493896484375 207.162506103515625 205.4187469482421875 201.46875 202.8874969482421875 201.03125 199.8000030517578125 195.9375 196.1062469482421875 194.2312469482421875 197.9187469482421875 196.568756103515625 194.53125 191.506256103515625 191.006256103515625
224.6437530517578125 218.9250030517578125 216.6125030517578125 214.899993896484375 214.0187530517578125 210.9875030517578125 210.8249969482421875 209.368743896484375 210.5625 213.6750030517578125 219.28125 225.4250030517578125 228.7375030517578125 232.3874969482421875 236.34375 240.0749969482421875 240.881256103515625 241.537506103515625 236.462493896484375 232.631256103515625 228.2624969482421875 225.287506103515625 220.4187469482421875 215.162506103515625 212.9812469482421875 209.4875030517578125 204.381256103515625 199.8125 197.162506103515625 195.537506103515625 194.3874969482421875 191.962493896484375 189.337493896484375 187.96875 187.7937469482421875 186.256256103515625 185.1999969482421875 182.631256103515625 184.21875 186.34375 185.6062469482421875 187 188.2937469482421875 189.0437469482421875
212.2062530517578125 208.09375 207.412506103515625 207.6999969482421875 207.3312530517578125 203.875 199.34375 197.8812408447265625 195.5625 199.15625 206.368743896484375 213.4499969482421875 221.375 227.9499969482421875 230.4875030517578125 232.1999969482421875 231.5625 231.631256103515625 226.78125 220.256256103515625 216.4562530517578125 212.037506103515625 209.399993896484375 204.4375 201.587493896484375 198.4499969482421875 195.837493896484375 192.0749969482421875 188.5625 186.84375 183.5 180.212493896484375 175.756256103515625 175.056243896484375 170.162506103515625 170.2937469482421875 168.037506103515625 171.368743896484375 172.9187469482421875 173.837493896484375 174.068756103515625 174.0625 176.118743896484375 179.431243896484375
203.4250030517578125 201.5749969482421875 199.256256103515625 198.493743896484375 196.975006103515625 193.375 188 186.600006103515625 184.5187530517578125 184.5 189.8874969482421875 201.931243896484375 213.5875091552734375 219.306243896484375 222.943756103515625 223.1374969482421875 221.7062530517578125 218.375 215.7624969482421875 209.162506103515625 205.787506103515625 201.84375 198.631256103515625 195.037506103515625 191.568756103515625 187.962493896484375 187.787506103515625 184.9499969482421875 179.524993896484375 176.6999969482421875 173.649993896484375 169.7937469482421875 164.962493896484375 160.3874969482421875 156.8937530517578125 155.9375 159.3937530517578125 158.65625 160.318756103515625 164.087493896484375 163.806243896484375 166.3249969482421875 166.96875 169.8937530517578125
196.1875 195.931243896484375 193.3625030517578125 192.131256103515625 191.3249969482421875 186.118743896484375 181.431243896484375 176.931243896484375 173.443756103515625 168.3312530517578125 180.037506103515625 200.662506103515625 210.524993896484375 214.225006103515625 215.662506103515625 214.75 210.90625 206.59375 203.6125030517578125 196.087493896484375 193.8937530517578125 190.78125 186.4499969482421875 183.274993896484375 180.71875 179.625 178.0625 175.068756103515625 170.4499969482421875 167.943756103515625 165.3562469482421875 162.1125030517578125 156.40625 149.556243896484375 146.4562530517578125 147.5500030517578125 149.181243896484375 150.3249969482421875 150.7624969482421875 152.100006103515625 152 152.53125 157.037506103515625 160.681243896484375
190.2687530517578125 189.806243896484375 189.306243896484375 187.306243896484375 187.4499969482421875 183.3000030517578125 178.7687530517578125 173.131256103515625 169.5 164.1687469482421875 186.40625 206.943756103515625 211.431243896484375 213.068756103515625 211.375 208.306243896484375 202.868743896484375 198.9499969482421875 193.28125 187.65625 182.6062469482421875 179.625 175.943756103515625 173.03125 170.693756103515625 169.350006103515625 166.306243896484375 167.350006103515625 164.5749969482421875 160.3249969482421875 156.1750030517578125 152.90625 148.3562469482421875 140.6875 135.15625 136.556243896484375 139.71875 140.4562530517578125 143.28125 142.8125 143.149993896484375 144.25 144.0749969482421875 145.056243896484375
184.6374969482421875 184.0124969482421875 183.2937469482421875 182.649993896484375 180.1125030517578125 177.4812469482421875 176.1125030517578125 175.712493896484375 178.774993896484375 190.118743896484375 215.7687530517578125 218.568756103515625 213.1875 211.5625 208.21875 203.90625 198.7375030517578125 193.5124969482421875 187.8874969482421875 180.6125030517578125 173.524993896484375 168.087493896484375 165.6125030517578125 164.5124969482421875 161.1999969482421875 159.625 159.587493896484375 160.6687469482421875 157.125 154.975006103515625 149.524993896484375 143.0124969482421875 140.0625 136.274993896484375 134.5437469482421875 134.524993896484375 135.0187530517578125 137.5124969482421875 136.5500030517578125 134.2937469482421875 136.243743896484375 136.6875 135.1875 137.256256103515625
182.1875 180.556243896484375 180.837493896484375 179.881256103515625 178.756256103515625 176.787506103515625 174.975006103515625 180.1999969482421875 186.96875 197.9875030517578125 209.0812530517578125 214.118743896484375 209.8125 206.2687530517578125 204.712493896484375 198.4250030517578125 191.8625030517578125 185.75 178.78125 172.618743896484375 164.149993896484375 158.9875030517578125 153.868743896484375 152.725006103515625 151.618743896484375 151.4187469482421875 151.006256103515625 151.6374969482421875 149.4499969482421875 147.368743896484375 144.381256103515625 141.7937469482421875 138.625 136.381256103515625 134.8249969482421875 133.5749969482421875 132.8312530517578125 134.381256103515625 132.837493896484375 128.1437530517578125 128.243743896484375 128.4375 125.8937530517578125 125.3125
