data/historical-monthly-weather-data/wc2.1_cruts4.09_10m_prec_1996-08.asc
ncols        51
nrows        45
xllcorner    -63.500000000000
yllcorner    -7.500000000000
cellsize     0.166666666667
NODATA_value -9999
[rows 20 to 39 of 45, columns 0 to 42 of 51]
88.22499847412109375 92.3937530517578125 95.75 98.25 98.27500152587890625 99.0749969482421875 99.9499969482421875 99.96875 100.6437530517578125 99.0625 97.1374969482421875 93.44374847412109375 84.8000030517578125 75.9562530517578125 68.33750152587890625 61.706249237060546875 55.08750152587890625 51.549999237060546875 53.625 56.168750762939453125 61.075000762939453125 67.40625 74.46250152587890625 80.90625 86.41249847412109375 85.03125 79.1374969482421875 74.33750152587890625 69.81874847412109375 66.6062469482421875 65.4375 68.06874847412109375 69.44374847412109375 71.72499847412109375 76.4375 77.58750152587890625 78.59999847412109375 77.4562530517578125 72.30625152587890625 66.15625 58.1875 52.69374847412109375 48.25
84.0749969482421875 87.09999847412109375 91.33750152587890625 95.5437469482421875 97.5187530517578125 97.77500152587890625 99.84375 99.2375030517578125 100.8000030517578125 99.4250030517578125 99.6875 99.34375 96.28125 88.03749847412109375 79.06874847412109375 69.2624969482421875 64.3312530517578125 61.09999847412109375 61.668750762939453125 63.943752288818359375 65.2375030517578125 70.2624969482421875 77.4250030517578125 82.8312530517578125 85.9187469482421875 85.84999847412109375 85.9812469482421875 80.25 76.2062530517578125 72.53749847412109375 70.36875152587890625 69.9187469482421875 70.15625 71.65000152587890625 72.2687530517578125 73.4562530517578125 75.84999847412109375 76.40000152587890625 72.1999969482421875 65.78125 58.375 52.862499237060546875 47.71250152587890625
80.40000152587890625 86.2687530517578125 91.71875 95.0749969482421875 97.9875030517578125 98.71250152587890625 98.2375030517578125 97.40000152587890625 100.5187530517578125 103.0500030517578125 106.34375 108.86875152587890625 109.7687530517578125 102.74375152587890625 91.18125152587890625 80.18125152587890625 72.25624847412109375 68.99375152587890625 68.69374847412109375 69.52500152587890625 71.24375152587890625 75.9375 81.75 82.59375 87.03125 89.46250152587890625 88.9187469482421875 85.6750030517578125 80.09999847412109375 74.46250152587890625 71.5124969482421875 70.8937530517578125 70.21875 69.11875152587890625 67.9375 66.1875 68.6875 72.81874847412109375 70.88124847412109375 64.4187469482421875 58.09999847412109375 52.268749237060546875 47.331249237060546875
79.86875152587890625 87.38124847412109375 93.65625 94.88124847412109375 96.5812530517578125 97.75624847412109375 99.0812530517578125 100.28125 100.4562530517578125 104.53125 109.09999847412109375 116.4187469482421875 120.09999847412109375 112.3125 100.81874847412109375 89.88124847412109375 81.9250030517578125 77.69374847412109375 76.15625 76.8312530517578125 78.40625 82 85.2937469482421875 87.46250152587890625 89.75 89.97499847412109375 91.0187530517578125 85.5625 80.9499969482421875 76.59375 73.86875152587890625 72.0500030517578125 70.6437530517578125 67.3000030517578125 64.8562469482421875 61.868747711181640625 63.331249237060546875 67.4875030517578125 66.68125152587890625 61.331249237060546875 55.543750762939453125 50.65625 46.00624847412109375
81.1374969482421875 88.8625030517578125 94.43125152587890625 97.53749847412109375 99.56874847412109375 99.9375 100.125 101.53125 103.5500030517578125 107.59375 110.8625030517578125 115.77500152587890625 118.86875152587890625 113.86875152587890625 105.18125152587890625 96.75624847412109375 89.83750152587890625 85.1875 82.99375152587890625 83.24375152587890625 84.7312469482421875 86.8562469482421875 89.44374847412109375 90.83750152587890625 90.71250152587890625 92.11875152587890625 89.53749847412109375 84.78125 80.43125152587890625 77.02500152587890625 73.91249847412109375 71.44374847412109375 69.5625 67.19374847412109375 64.03125 60.856250762939453125 61.581249237060546875 62.08750152587890625 60.987499237060546875 57.518749237060546875 52.762500762939453125 48.99375152587890625 45.112499237060546875
84.375 92.1374969482421875 94.91249847412109375 99.0187530517578125 99.5500030517578125 99.96875 100.38124847412109375 102.875 103.2687530517578125 105.44374847412109375 108.84999847412109375 112.58750152587890625 114.66249847412109375 110.44374847412109375 105.7624969482421875 98.96250152587890625 93.93125152587890625 90.5812530517578125 87.6125030517578125 88.36249542236328125 89.9875030517578125 90.97499847412109375 93.71250152587890625 92.61875152587890625 91.50624847412109375 91.28749847412109375 88.9187469482421875 84.2624969482421875 80.46875 77.65000152587890625 74.19374847412109375 71.6687469482421875 68.65000152587890625 65.71250152587890625 62.356250762939453125 60.56874847412109375 59.856250762939453125 58.31874847412109375 57.28749847412109375 53.606250762939453125 49.943752288818359375 46.83750152587890625 44.018749237060546875
86.80625152587890625 92.1374969482421875 95.52500152587890625 98.2375030517578125 99.2062530517578125 99.58750152587890625 101.33750152587890625 102.05625152587890625 101.375 104.8249969482421875 108.3000030517578125 108.84375 109.5 107.0749969482421875 104.55625152587890625 99.74375152587890625 96.40000152587890625 93.15000152587890625 91.55625152587890625 90.47499847412109375 90.27500152587890625 92.09375 93.27500152587890625 93.3937530517578125 91.8625030517578125 89.0124969482421875 87.52500152587890625 83.4499969482421875 79.1374969482421875 75.68125152587890625 73.3625030517578125 69.9562530517578125 67.46250152587890625 64.5500030517578125 60.6875 58.8125 56.59375 55.00624847412109375 52.887500762939453125 49.606250762939453125 46.393749237060546875 44.049999237060546875 42.762500762939453125
90.6062469482421875 91.5437469482421875 94.75624847412109375 97.40000152587890625 99.1750030517578125 98.5812530517578125 99.9250030517578125 100.94374847412109375 101.46875 103.6687469482421875 104.3562469482421875 104.2937469482421875 104.6062469482421875 104.1687469482421875 101.5124969482421875 98.8937530517578125 97.46875 94.83750152587890625 93.5124969482421875 92.0625 91.9499969482421875 91.0124969482421875 93.49375152587890625 92.84999847412109375 90.4499969482421875 86.6687469482421875 85 81.88124847412109375 78.25624847412109375 75.0812530517578125 71.7687530517578125 68.15625 65.5500030517578125 61.91249847412109375 59.375 56.52500152587890625 53.53125 51.47499847412109375 49.831249237060546875 47.38124847412109375 44.31874847412109375 42.856250762939453125 41.793750762939453125
91.25624847412109375 93.40625 94.7062530517578125 96.90000152587890625 96.55625152587890625 96.375 96.4562530517578125 96.34375 99.27500152587890625 99.88124847412109375 100.4562530517578125 99.9875030517578125 99.99375152587890625 100.38124847412109375 99.22499847412109375 97.68125152587890625 97.86875152587890625 96.3312530517578125 94.97499847412109375 94 93.2624969482421875 92.15625 93.25624847412109375 91.08750152587890625 89.0812530517578125 84.6687469482421875 83.15625 79.77500152587890625 76 72.8562469482421875 69.375 66.33750152587890625 62.612499237060546875 58.625 56.24375152587890625 54.53749847412109375 52.100002288818359375 49.987499237060546875 48.40625 45.59375 42.03749847412109375 40.96875 40.706249237060546875
90.06874847412109375 92.52500152587890625 93.3000030517578125 93.0187530517578125 93.375 93.56874847412109375 93.0749969482421875 94.4875030517578125 95.6062469482421875 95.4499969482421875 96.4812469482421875 96.84999847412109375 96.81874847412109375 96.7375030517578125 96.30625152587890625 95.5 94.9499969482421875 95.63124847412109375 96.5749969482421875 94 92.6750030517578125 92.8249969482421875 93.5437469482421875 90.40625 86.88124847412109375 84.1125030517578125 80.59999847412109375 77.02500152587890625 71.9812469482421875 68.7312469482421875 65.97499847412109375 63.52500152587890625 59.91249847412109375 56.59999847412109375 54.237499237060546875 51.875 50.9375 49.3125 47.27500152587890625 45.825000762939453125 43.53125 42.143749237060546875 40.575000762939453125
88.28125 89.55625152587890625 88.6374969482421875 89.66249847412109375 92.3125 91.66249847412109375 91.5625 91.1750030517578125 91.2937469482421875 91.1125030517578125 91.2312469482421875 93.58750152587890625 95.3312530517578125 95.32500457763671875 93.4499969482421875 92.9187469482421875 94.31874847412109375 95.375 97.09375 95.9250030517578125 93.90000152587890625 91.2062530517578125 90.91249847412109375 87.66249847412109375 83.77500152587890625 81.34999847412109375 76.69374847412109375 73.56874847412109375 69.58750152587890625 66.6875 64.28749847412109375 61.293750762939453125 57.40625 54.40000152587890625 52.924999237060546875 50.418750762939453125 49.231250762939453125 47.83750152587890625 47.16249847412109375 46.856250762939453125 44.78749847412109375 41.924999237060546875 39.762500762939453125
85.55625152587890625 86.8312530517578125 85.86875152587890625 86.4875030517578125 89.4375 88.84999847412109375 88.15000152587890625 86.63124847412109375 87.0500030517578125 87.3625030517578125 87.55625152587890625 89.2687530517578125 90.0625 91.375 90.9250030517578125 92.90625 93.5 94.08750152587890625 94.4875030517578125 94.33750152587890625 92.8249969482421875 92.15000152587890625 89.74375152587890625 84.3249969482421875 80.90000152587890625 77.9499969482421875 73.55625152587890625 70.53749847412109375 66.3937530517578125 63.24375152587890625 61.46875 58.299999237060546875 54.856250762939453125 52.44374847412109375 49.59375 47.09999847412109375 46.03749847412109375 45.11875152587890625 45.012500762939453125 44.981250762939453125 43.1875 40.5 39.13124847412109375
79.33750152587890625 80.0437469482421875 80.06874847412109375 81.5 82.66249847412109375 81.97499847412109375 82.4875030517578125 82.1374969482421875 81.7937469482421875 82.9250030517578125 85.18125152587890625 85.625 86.3000030517578125 88.93125152587890625 88.7937469482421875 90.88124847412109375 91.4812469482421875 92.6125030517578125 92.59375 92.25 90.58750152587890625 89.15000152587890625 87.2312469482421875 84.1687469482421875 80.61875152587890625 76.34375 72.0437469482421875 66.81874847412109375 63.137500762939453125 59.84375 58.106250762939453125 54.987499237060546875 51.74375152587890625 48.99375152587890625 46.40000152587890625 44.03125 42.86875152587890625 41.643749237060546875 41.575000762939453125 41.59375 39.956249237060546875 38.25 36.987499237060546875
72.9250030517578125 74.71250152587890625 74.91875457763671875 77.18125152587890625 75.86875152587890625 76.3625030517578125 77.8125 77.9812469482421875 77.55625152587890625 77.96875 79.28125 81.25624847412109375 83.80625152587890625 83.8312530517578125 85.34375 86.16249847412109375 88.125 88.34375 87.94374847412109375 88.44374847412109375 87.5 86.25 85.09999847412109375 81.375 78.74375152587890625 75.1437530517578125 70.3249969482421875 64.46875 61.268749237060546875 58.356250762939453125 55.91249847412109375 52.512500762939453125 48.56874847412109375 45.21250152587890625 43.043750762939453125 40.831249237060546875 39.53125 38.012500762939453125 37.96875 37.450000762939453125 37.043750762939453125 36.09999847412109375 34.856250762939453125
67.77500152587890625 69.15625 70.02500152587890625 70.6374969482421875 70.8625030517578125 71.5812530517578125 72.75624847412109375 73.41249847412109375 71.94374847412109375 73.0437469482421875 74.28749847412109375 77.56874847412109375 79.2062530517578125 81.4562530517578125 82.78125 84.375 85.9375 85.78125 85.2937469482421875 85.75624847412109375 85.1999969482421875 83.63124847412109375 81.63124847412109375 78.9875030517578125 75.9250030517578125 73.15625 68.09999847412109375 62.46875 59.27500152587890625 56.53125 52.9375 49.06874847412109375 45.325000762939453125 41.737499237060546875 39.28125 37.18125152587890625 35.24375152587890625 34.25624847412109375 34.4375 34.06874847412109375 33.375 32.700000762939453125 32.15625
63.43125152587890625 64.8125 64.9562530517578125 65.125 65.65625 65.5437469482421875 66.08750152587890625 65.97499847412109375 65.65000152587890625 67.22499847412109375 70.0500030517578125 72.55625152587890625 75.8125 78.2375030517578125 80.3249969482421875 83.06874847412109375 84.05625152587890625 84.90625 83.38124847412109375 83.25624847412109375 83.09999847412109375 83.25 80.91249847412109375 78.4187469482421875 74.7375030517578125 71.15000152587890625 65.80625152587890625 62.02500152587890625 57.43125152587890625 53.793750762939453125 50.081249237060546875 46.3125 41.47499847412109375 38.518749237060546875 35.731250762939453125 33.1875 32.15625 31.293750762939453125 30.9375 31.087499618530273438 30.612499237060546875 30.668750762939453125 29.643749237060546875
57.74375152587890625 58.75 58.68125152587890625 59.237499237060546875 59.80625152587890625 60.19374847412109375 60.8125 61.506252288818359375 60.86875152587890625 61.356250762939453125 66.34999847412109375 71.4187469482421875 75.09375 76.875 79.95624542236328125 81.59375 82.8249969482421875 82.875 82.1374969482421875 80.99375152587890625 80.9187469482421875 81.125 79.40625 77.30625152587890625 74.3312530517578125 69.5437469482421875 64.99375152587890625 60.65000152587890625 54.9375 51.16249847412109375 47.78125 43.46875 39.13124847412109375 35.44374847412109375 32.625 30.568750381469726562 29.600000381469726562 29.081249237060546875 28.612499237060546875 28.768751144409179688 28.21875 28.306249618530273438 27.4375
53.237499237060546875 54.31874847412109375 53.72499847412109375 54.90625 55.6875 55.862499237060546875 56.487499237060546875 56.99375152587890625 57.88124847412109375 58.450000762939453125 66.99375152587890625 72.59375 74.0437469482421875 76.84375 80.4875030517578125 81.9187469482421875 82.1875 81.09999847412109375 81.74375152587890625 80.43125152587890625 79.96875 78.9812469482421875 77.58750152587890625 75.56874847412109375 72.90000152587890625 69.3249969482421875 64.86875152587890625 60.46250152587890625 55.27500152587890625 50.65625 46.05625152587890625 42.36875152587890625 38.325000762939453125 33.46875 30.15625 28.024999618530273438 27.799999237060546875 27.543750762939453125 27.381250381469726562 27.487499237060546875 26.037500381469726562 25.5625 25.043750762939453125
49.518749237060546875 50.018749237060546875 50.237499237060546875 50.59375 51.799999237060546875 52.28125 53.231250762939453125 54.075000762939453125 56.53125 62.34375 71.4375 72.7687530517578125 72.40000152587890625 74.8937530517578125 77.46250152587890625 79.5500030517578125 81.7375030517578125 81.7937469482421875 80.13124847412109375 81.3249969482421875 79.7624969482421875 77.7062530517578125 76.5187530517578125 73.8562469482421875 71.25 67.68125152587890625 63.78125 60.268749237060546875 55.55625152587890625 50.50624847412109375 45.862499237060546875 42.03749847412109375 37.956249237060546875 32.668750762939453125 29.40625 28.375 27.537500381469726562 27.106250762939453125 27.118749618530273438 26.087499618530273438 24.943750381469726562 24.368749618530273438 23.6875
45.606250762939453125 46.74375152587890625 46.78125 47.09375 47.59999847412109375 48.487499237060546875 48.862499237060546875 50.46250152587890625 53.987499237060546875 59.66249847412109375 65.00624847412109375 69.0625 71.0187530517578125 72.8874969482421875 76.1125030517578125 79.5 80.8562469482421875 80.3937530517578125 79.0812530517578125 81.25624847412109375 80.52500152587890625 76.90000152587890625 75.4499969482421875 72.6125030517578125 70.0124969482421875 66.6437530517578125 62.99375152587890625 59.36875152587890625 54.36875152587890625 50.331249237060546875 46.143749237060546875 43.00624847412109375 38.52500152587890625 33.799999237060546875 31.112499237060546875 29.53125 27.8125 27.412500381469726562 26.943750381469726562 25.206249237060546875 23.875 23.393749237060546875 22.71875
