data/historical-monthly-weather-data/wc2.1_cruts4.09_10m_prec_1960-01.asc
ncols        45
nrows        45
xllcorner    -63.500000000000
yllcorner    -7.500000000000
cellsize     0.166666666667
NODATA_value -9999
[rows 0 to 19 of 45, columns 0 to 43 of 45]
109.0187530517578125 107.5749969482421875 104.7937469482421875 103.65000152587890625 101.65625 102.9375 103.0749969482421875 101.58750152587890625 100.52500152587890625 100.81874847412109375 102.1125030517578125 103.19374847412109375 103.4250030517578125 101.0187530517578125 99.97499847412109375 100.3125 100.80625152587890625 99.4812469482421875 102.7312469482421875 106.0187530517578125 110.15000152587890625 115.5812530517578125 121.0812530517578125 125.46875 131.28125 136.28125 140.8125 146.2375030517578125 151.868743896484375 153.350006103515625 154.649993896484375 155.90625 155.84375 157.03125 157.037506103515625 158.506256103515625 157.962493896484375 156.59375 156.8874969482421875 157.0124969482421875 156.65625 157.600006103515625 157.9562530517578125 158.618743896484375
114.88124847412109375 112.09999847412109375 109.52500152587890625 107.38124847412109375 106.0812530517578125 107.59375 107.9562530517578125 108.34999847412109375 109.08750152587890625 109.97499847412109375 110.1687469482421875 109.6999969482421875 108.41249847412109375 107.21250152587890625 105.88124847412109375 105.0124969482421875 104.3249969482421875 104.44374847412109375 107.03749847412109375 111.1999969482421875 116.2937469482421875 121.65625 127.68125152587890625 133.25 137.931243896484375 142.506256103515625 147.6437530517578125 152.850006103515625 157.5 158.8562469482421875 158.787506103515625 158.25 157.875 159.7624969482421875 159.212493896484375 158.2062530517578125 158.65625 156.6999969482421875 155.818756103515625 155.131256103515625 154.787506103515625 155.28125 154.4812469482421875 154.6374969482421875
122.1750030517578125 119.41249847412109375 116.3562469482421875 114.03125 112.71875 114.11875152587890625 115.44374847412109375 117.0437469482421875 118.3874969482421875 119.44374847412109375 119.34375 118.02500152587890625 116.5 114.28125 112.41249847412109375 110.30625152587890625 109.27500152587890625 109.56874847412109375 111.6125030517578125 116.5625 122.3249969482421875 128.9250030517578125 135.037506103515625 139.6999969482421875 143.899993896484375 147.899993896484375 153.181243896484375 158.4499969482421875 162.068756103515625 162.3562469482421875 163.1125030517578125 163.149993896484375 163.6062469482421875 162.2937469482421875 162.5812530517578125 161 160.243743896484375 158.7624969482421875 157.443756103515625 155.787506103515625 155.4250030517578125 155.1125030517578125 154.3125 153.7312469482421875
128.8937530517578125 126.28749847412109375 124.4812469482421875 121.97499847412109375 121.1687469482421875 120.50624847412109375 122.625 125.66249847412109375 128.5124969482421875 130.5250091552734375 129.2624969482421875 126.7375030517578125 124.1875 121.38124847412109375 119.27500152587890625 116.69374847412109375 114.40625 113.49375152587890625 116.1437530517578125 122.7062530517578125 130.2624969482421875 137.1437530517578125 141.537506103515625 146.2624969482421875 150.3312530517578125 154.087493896484375 159.6062469482421875 163.2062530517578125 166.662506103515625 167.3249969482421875 167.6999969482421875 168.90625 168.3249969482421875 166.662506103515625 164.993743896484375 164.2062530517578125 162.0812530517578125 160.34375 159.125 157.943756103515625 155.90625 155.806243896484375 154.7375030517578125 153.024993896484375
140.1125030517578125 135.462493896484375 131.8249969482421875 129.6374969482421875 128.243743896484375 128.4499969482421875 129.556243896484375 133.21875 138.006256103515625 141.2437591552734375 138.53125 135.131256103515625 132.6750030517578125 130.1125030517578125 127.59999847412109375 124.4375 121.09375 118 122.1750030517578125 130.8625030517578125 139.587493896484375 145.6750030517578125 149.84375 153.4499969482421875 156.6687469482421875 161.0124969482421875 164.1374969482421875 167.600006103515625 172.8937530517578125 173.2312469482421875 173.5687408447265625 172.2687530517578125 172.3312530517578125 171.462493896484375 169.524993896484375 167.84375 166.131256103515625 162.5124969482421875 161.0625 159.2375030517578125 158.181243896484375 156.868743896484375 155.6875 153.1750030517578125
148.712493896484375 144.524993896484375 140.587493896484375 137.118743896484375 135.2375030517578125 135.6999969482421875 137.287506103515625 140.09375 144.899993896484375 149.037506103515625 146.1999969482421875 144.056243896484375 142.09375 140.431243896484375 137.837493896484375 136.524993896484375 133.118743896484375 129.6125030517578125 135.1999969482421875 143.8562469482421875 150.84375 155.3874969482421875 159.568756103515625 161.6062469482421875 164.537506103515625 168.006256103515625 171.3874969482421875 174.443756103515625 178.850006103515625 180.193756103515625 179.8874969482421875 179.068756103515625 177.4562530517578125 176.96875 177.125 175.0749969482421875 172.8874969482421875 169.96875 168.3249969482421875 166.8937530517578125 163.9499969482421875 162.5625 160.2937469482421875 157.5124969482421875
157.28125 153.087493896484375 149.3000030517578125 144.4875030517578125 141.024993896484375 140.0437469482421875 141.125 142.9499969482421875 145.787506103515625 147.649993896484375 149.3625030517578125 150.350006103515625 151.5749969482421875 151.756256103515625 151.0812530517578125 151.399993896484375 151.75 153.4187469482421875 158.3249969482421875 162.3312530517578125 163.443756103515625 166.09375 167.225006103515625 168.90625 171.943756103515625 174.3125 177.506256103515625 180.9499969482421875 184.087493896484375 185.1875 186.506256103515625 186.1062469482421875 184.2375030517578125 183 182.4812469482421875 181.9375 179.993743896484375 177.943756103515625 177.46875 174.399993896484375 170.2937469482421875 168.09375 165.350006103515625 162.28125
166.943756103515625 160.4812469482421875 156.0500030517578125 151.662506103515625 147.5124969482421875 146.4812469482421875 145.412506103515625 143.0187530517578125 142.3625030517578125 146.149993896484375 152.1999969482421875 157.118743896484375 161.40625 163.024993896484375 164.84375 167.118743896484375 170.8000030517578125 175.875 182.787506103515625 181.03125 176.318756103515625 175.3937530517578125 174.931243896484375 176.412506103515625 179.3562469482421875 180.90625 183.25 186.193756103515625 190.375 192.0437469482421875 192.337493896484375 192.5124969482421875 190.7375030517578125 189.5124969482421875 188.7937469482421875 188.350006103515625 187.1125030517578125 185.506256103515625 184.118743896484375 181.6999969482421875 178.03125 175.399993896484375 172.287506103515625 168.381256103515625
175.037506103515625 168.1875 163.8249969482421875 158.625 154.8562469482421875 152.693756103515625 150.8312530517578125 148.1999969482421875 145.71875 148.0500030517578125 158.3125 166.193756103515625 173.193756103515625 176.5437469482421875 178.875 181.1687469482421875 184.5500030517578125 189.600006103515625 195.1875 191.6687469482421875 184.475006103515625 182.774993896484375 181.318756103515625 184.493743896484375 186.7375030517578125 187.568756103515625 189.75 191.6750030517578125 195.868743896484375 198.618743896484375 200.4187469482421875 199.975006103515625 198.78125 197.2687530517578125 196.537506103515625 195.8312530517578125 195.693756103515625 194.53125 193.03125 190.756256103515625 186.806243896484375 183.725006103515625 181.7312469482421875 178.84375
182.850006103515625 175.712493896484375 170.3125 165.556243896484375 162.09375 160.4562530517578125 158.78125 157.5625 158.2062530517578125 163.149993896484375 171.6062469482421875 179.75 186.9562530517578125 191.2062530517578125 192.9187469482421875 194.3249969482421875 195.318756103515625 196.875 197.3625030517578125 194.6999969482421875 188.587493896484375 186.912506103515625 186.5500030517578125 191.225006103515625 192.181243896484375 191.9250030517578125 193.993743896484375 196.399993896484375 199.6999969482421875 203.0625 205.28125 206.274993896484375 206.149993896484375 205.693756103515625 205.600006103515625 204.6125030517578125 204.1687469482421875 203.6125030517578125 201.96875 199.712493896484375 197.068756103515625 194.0812530517578125 191.59375 187.725006103515625
191.662506103515625 184.3312530517578125 178.0500030517578125 172.975006103515625 168.943756103515625 168.162506103515625 167.693756103515625 169.056243896484375 172.4812469482421875 178.931243896484375 188.5812530517578125 196.943756103515625 202.25 205.5749969482421875 205.5500030517578125 204.681243896484375 202.7687530517578125 200.84375 197.868743896484375 193.875 190.2937469482421875 188.75 190.8937530517578125 194.1312408447265625 197.375 195.7375030517578125 197.09375 199.5749969482421875 202.693756103515625 205.274993896484375 208.412506103515625 211.212493896484375 212.4375 213.0749969482421875 213.375 213.5500030517578125 213.1437530517578125 211.943756103515625 210.993743896484375 209.3125 206.6437530517578125 202.618743896484375 199.9375 196.256256103515625
198.8625030517578125 191.1875 185.3937530517578125 181.4187469482421875 177.9375 177.149993896484375 178 182 187.5749969482421875 194.8625030517578125 205.4875030517578125 215.287506103515625 217.975006103515625 218.556243896484375 217.125 213.84375 210.5812530517578125 205.03125 200.3000030517578125 194.2062530517578125 189.4875030517578125 188.7375030517578125 193.2687530517578125 199.993743896484375 201.75 197.4000091552734375 198.78125 201.4875030517578125 205.625 210.243743896484375 214.28125 217.4250030517578125 219.34375 220.537506103515625 221.5687408447265625 222.274993896484375 222.46875 221.375 220 218.462493896484375 215.46875 210.8874969482421875 205.4375 200.056243896484375
207.0749969482421875 199.725006103515625 194.431243896484375 190.2375030517578125 186.9499969482421875 188.0625 189.8874969482421875 193.6875 200.59375 209.4499969482421875 220.375 229.806243896484375 231.9375 228.5625 226.0437469482421875 222.1062469482421875 217.0812530517578125 211.4250030517578125 204.9562530517578125 197.09375 187.587493896484375 188.03125 194.412506103515625 198.9375 196.318756103515625 193.03125 198.21875 204.037506103515625 209.149993896484375 215.1187591552734375 220.2062530517578125 223.881256103515625 225.6125030517578125 227.131256103515625 228.5437469482421875 229.681243896484375 229.875 229.087493896484375 226.931243896484375 224.8125 222.46875 216.681243896484375 206.6812591552734375 197.4187469482421875
213.662506103515625 207.0625 202.0875091552734375 198.3312530517578125 195.8249969482421875 196.399993896484375 199.149993896484375 205 212.7375030517578125 222.25 231.399993896484375 238.1125030517578125 238.5500030517578125 236.5124969482421875 232.181243896484375 228.9187469482421875 223.100006103515625 217.556243896484375 210.21875 202.7062530517578125 195.2375030517578125 194.09375 195.725006103515625 197.75 194.774993896484375 193.537506103515625 199.4187469482421875 206.006256103515625 213.350006103515625 219.899993896484375 225.881256103515625 230.3312530517578125 231.868743896484375 232.7687530517578125 234.8937530517578125 235.962493896484375 236.8937530517578125 237.1687469482421875 233.8625030517578125 229.8562469482421875 224.6750030517578125 212.6437530517578125 203.0749969482421875 196.6999969482421875
218.681243896484375 212.34375 208.3125 205.037506103515625 203.8125 205.4499969482421875 209.5 215.006256103515625 222.4250030517578125 230.712493896484375 239.631256103515625 244.4375 245.28125 243.774993896484375 239.28125 235.243743896484375 229.368743896484375 222.625 216.100006103515625 210.556243896484375 204.5 200.6125030517578125 200.243743896484375 200.3937530517578125 200.100006103515625 200.2937469482421875 205.7937469482421875 213.1125030517578125 220.381256103515625 228 233.774993896484375 237.125 239.5500030517578125 239.618743896484375 240.787506103515625 241.181243896484375 242.9812469482421875 244.7750091552734375 242.056243896484375 233.100006103515625 221.125 211.087493896484375 205.125 199.71875
222.4749908447265625 216.1374969482421875 212.881256103515625 210.2687530517578125 209.90625 212.3625030517578125 217.1999969482421875 222.774993896484375 229.40625 237.912506103515625 246.4499969482421875 250.8125 251.8312530517578125 250.3874969482421875 246.681243896484375 239.9250030517578125 234.6875 228.412506103515625 221.6875 216.8249969482421875 212.899993896484375 209.0749969482421875 207.006256103515625 206.5500030517578125 206.318756103515625 207.03125 212.1187591552734375 220.6374969482421875 229.2624969482421875 237.9187469482421875 243.9562530517578125 246.4375 245.274993896484375 244.4375 244.225006103515625 246.8562469482421875 249.375 250.537506103515625 247.868743896484375 237.65625 222.693756103515625 212.7624969482421875 207.4187469482421875 200.306243896484375
224.256256103515625 218.5625 215.25 213.7375030517578125 214.5124969482421875 217.6750030517578125 223.2687530517578125 229.037506103515625 235.787506103515625 243.4875030517578125 252.28125 257.20623779296875 258.25 256.850006103515625 253.475006103515625 247.3249969482421875 237.15625 230.662506103515625 226.024993896484375 223.743743896484375 219.9375 216.756256103515625 213.9375 212.65625 213.3625030517578125 213.556243896484375 218.2312469482421875 227.2062530517578125 238.0500030517578125 248.3562469482421875 255.75 257.73748779296875 253.818756103515625 249.712493896484375 250.931243896484375 253.9250030517578125 255.5625 258.537506103515625 260.54376220703125 248.09375 233.5500030517578125 220.8625030517578125 210.556243896484375 202.03125
225.243743896484375 219.6750030517578125 216.59375 215.931243896484375 216.5 220.649993896484375 226.587493896484375 232.5500030517578125 239.225006103515625 247.256256103515625 254.7312469482421875 261.725006103515625 264.162506103515625 263.34375 259.54998779296875 251.8874969482421875 241.225006103515625 231.59375 230.5437469482421875 229.368743896484375 227.4375 224.21875 221.0625 219.8625030517578125 220.0625 221.15625 224.681243896484375 235.59375 249.15625 261.381256103515625 267.60626220703125 262.912506103515625 257.67498779296875 254.693756103515625 253.931243896484375 256.3125 260.90625 263.92498779296875 262.068756103515625 253.90625 239.212493896484375 224.837493896484375 213.8625030517578125 205.7062530517578125
223.3874969482421875 218.2687530517578125 215.975006103515625 216.375 217.868743896484375 222.524993896484375 227.475006103515625 234.381256103515625 241.6687469482421875 249.75 257.024993896484375 262.38751220703125 266.975006103515625 270.1875 264.912506103515625 254.2937469482421875 241.993743896484375 232.243743896484375 228.5500030517578125 230.28125 231.850006103515625 230.9499969482421875 224.0749969482421875 225.087493896484375 226.2375030517578125 228.9812469482421875 235.46875 245.21875 259.61248779296875 272.98748779296875 280.306243896484375 271.73126220703125 262.399993896484375 253.125 249.712493896484375 255.0500030517578125 261.662506103515625 264.36248779296875 264.006256103515625 255.899993896484375 242.6999969482421875 228.037506103515625 217.15625 210.0437469482421875
220.75 215.78125 214.0749969482421875 213.899993896484375 216.28125 222.6437530517578125 228.506256103515625 234.587493896484375 241.78125 249.65625 256.243743896484375 262.068756103515625 269.868743896484375 277.381256103515625 268.193756103515625 251.9312591552734375 237.493743896484375 231.693756103515625 229.3312530517578125 230.6125030517578125 230.46875 227.475006103515625 225.7312469482421875 227.631256103515625 230.6125030517578125 235.912506103515625 243.212493896484375 253.9187469482421875 264.83123779296875 274.10626220703125 278.60626220703125 272.32501220703125 260.375 247.0500030517578125 240.818756103515625 248.2937469482421875 261.21875 269.91876220703125 269.53125 261.64373779296875 247.806243896484375 231.7312469482421875 222.662506103515625 215.943756103515625
