data/historical-monthly-weather-data/wc2.1_cruts4.09_10m_prec_1970-05.asc
ncols        45
nrows        45
xllcorner    -63.500000000000
yllcorner    -7.500000000000
cellsize     0.166666666667
NODATA_value -9999
[rows 20 to 39 of 45, columns 0 to 43 of 45]
251.3000030517578125 263.13751220703125 269.26873779296875 270.48126220703125 271.318756103515625 279.375 283.54376220703125 283.70001220703125 281.1875 274.85626220703125 269.60626220703125 264.225006103515625 254.1875 243.681243896484375 229.4250030517578125 217.8249969482421875 203.1374969482421875 195.712493896484375 194.21875 188.912506103515625 187.78125 184.0187530517578125 179.1875 175.118743896484375 169.8499908447265625 161.087493896484375 152.1125030517578125 147.600006103515625 143.9187469482421875 142.0812530517578125 142.4187469482421875 144.162506103515625 138.181243896484375 133.2624969482421875 131.493743896484375 133.162506103515625 133.943756103515625 132.9562530517578125 130.3125 126.09375 122.2375030517578125 118.9187469482421875 117.8937530517578125 120.0187530517578125
246.0500030517578125 249.7937469482421875 260.13751220703125 268.66876220703125 270.568756103515625 275.23126220703125 282.04376220703125 286 284.54376220703125 279.162506103515625 272.662506103515625 264.42498779296875 253.962493896484375 242.75 233.3000030517578125 219.65625 215.8687591552734375 205.975006103515625 202.5749969482421875 195.256256103515625 186.3312530517578125 181.75 177.1875 169.756256103515625 160.625 154.4250030517578125 151.993743896484375 147.34375 147.274993896484375 147.1437530517578125 145.412506103515625 143.368743896484375 139.6999969482421875 136.149993896484375 131.3625030517578125 130.2937469482421875 130.881256103515625 129.662506103515625 126.7624969482421875 122.8874969482421875 119.77500152587890625 116.8874969482421875 115.49375152587890625 116.2312469482421875
241.225006103515625 252.8874969482421875 261.61248779296875 269.79998779296875 271.756256103515625 275.193756103515625 273.337493896484375 278.98126220703125 284.76873779296875 280.875 272.36248779296875 263.475006103515625 257.48126220703125 247.25 237.7624969482421875 226.8000030517578125 218.806243896484375 210.7375030517578125 204.1999969482421875 197.2375030517578125 190.2062530517578125 180.4562530517578125 174.0875091552734375 165.506256103515625 159.03125 151.506256103515625 146.9437408447265625 146.3000030517578125 146.71875 146.375 144.3625030517578125 144.806243896484375 142.631256103515625 137.8312530517578125 133.5 128.068756103515625 125.93125152587890625 125.5812530517578125 125.0124969482421875 121.09375 117.03749847412109375 114.58750152587890625 112.8000030517578125 112.8874969482421875
233.412506103515625 247.600006103515625 259.837493896484375 265.75 267.23126220703125 268.056243896484375 275.899993896484375 279.087493896484375 278.41876220703125 273.73748779296875 268.625 266.17498779296875 259.20001220703125 252.0500030517578125 240.524993896484375 229.618743896484375 221.149993896484375 214.743743896484375 208.9375 202.8000030517578125 191.90625 182.743743896484375 173.8125 167.618743896484375 158.6125030517578125 148.2937469482421875 145.6875 145.6062469482421875 147.256256103515625 150.306243896484375 152.556243896484375 154 151.28125 144.8125 138.4250030517578125 129.8000030517578125 127.9250030517578125 124.96875 122.53125 119.00624847412109375 114.46875 112.99375152587890625 111.8312530517578125 110.71875
231 245.912506103515625 256.006256103515625 265.82501220703125 269.756256103515625 272.04998779296875 272.03125 275.45623779296875 273.600006103515625 271.318756103515625 265.98126220703125 261.46875 258.868743896484375 251.7687530517578125 240.056243896484375 231.34375 225.7312469482421875 218.443756103515625 210.912506103515625 204.65625 196.2375030517578125 185.1125030517578125 177.2874908447265625 169.131256103515625 159.3312530517578125 153.0812530517578125 150.375 150.8249969482421875 152 157.90625 161.2624969482421875 166.6999969482421875 162.318756103515625 154.193756103515625 143.3625030517578125 134.6374969482421875 129.8125 122.96250152587890625 119.65000152587890625 116.1875 112.43125152587890625 110.3312530517578125 109.3125 107.27500152587890625
234.899993896484375 251.087493896484375 254.4875030517578125 262.70623779296875 263.193756103515625 264.337493896484375 263.84375 266.256256103515625 261.681243896484375 256.76251220703125 259.056243896484375 258.131256103515625 252.9187469482421875 247.6750030517578125 242.0437469482421875 233.625 228.181243896484375 220.96875 213.287506103515625 205.8312530517578125 197.725006103515625 187.056243896484375 179.3312530517578125 168.9562530517578125 161.368743896484375 154.568756103515625 155.8249969482421875 156.4375 157.350006103515625 164.006256103515625 171.3937530517578125 181.7062530517578125 176.868743896484375 162.774993896484375 149.037506103515625 139.3874969482421875 130.287506103515625 122.63124847412109375 116.3000030517578125 112.3625030517578125 109.18125152587890625 106.3937530517578125 104.3249969482421875 103.78125
237.8312530517578125 245.3312530517578125 251.8874969482421875 256.6875 256.65625 257.57501220703125 256.256256103515625 253.9187469482421875 251.5 254.4875030517578125 254.75 251.181243896484375 249.2375030517578125 246.15625 240.7937469482421875 235.1750030517578125 227.993743896484375 219.3937530517578125 216.1437530517578125 208.131256103515625 198.125 189.037506103515625 181.4875030517578125 174.287506103515625 166.6187591552734375 160.2750091552734375 161.318756103515625 162.0625 163.881256103515625 168.9124908447265625 178.850006103515625 188.9499969482421875 185.9250030517578125 167.256256103515625 150.0124969482421875 138.4562530517578125 130.337493896484375 120.63124847412109375 114.22499847412109375 110.1374969482421875 106.36875152587890625 103.9375 102.2624969482421875 100.7062530517578125
242.568756103515625 245.256256103515625 248.6687469482421875 248.6125030517578125 249.2375030517578125 250.9187469482421875 250.306243896484375 245.806243896484375 245.59375 248.037506103515625 247.181243896484375 244.1875 243.2687530517578125 240.6062469482421875 237.725006103515625 230.46875 226.681243896484375 222.875 219.5 212.6374969482421875 202.7937469482421875 192.3625030517578125 186.962493896484375 178.8312530517578125 171.787506103515625 164.475006103515625 165.90625 166.681243896484375 169.0749969482421875 174.34375 182.412506103515625 189.6875 182.412506103515625 165.024993896484375 149.725006103515625 137.7937469482421875 127.50624847412109375 119.18125152587890625 113.7375030517578125 108.15625 103.5124969482421875 102.36875152587890625 101.1125030517578125 100.41249847412109375
243.0625 244.4499969482421875 243.4187469482421875 242.3874969482421875 241.537506103515625 238.03125 235.46875 236.337493896484375 240.306243896484375 239.53125 239.3562469482421875 238.8874969482421875 237.712493896484375 238.3937530517578125 237.912506103515625 235.225006103515625 231.4187469482421875 225.9375 221.1999969482421875 215.1999969482421875 206.181243896484375 195.931243896484375 189.287506103515625 181.2937469482421875 174.1999969482421875 165.787506103515625 167.5187530517578125 170.0749969482421875 172.28125 175.8874969482421875 182.181243896484375 185.125 175.0187530517578125 159.6437530517578125 146.8249969482421875 135.368743896484375 125.59999847412109375 116.125 110.72499847412109375 105.15000152587890625 99.06874847412109375 97.18125152587890625 98.2937469482421875 100.18125152587890625
244.1374969482421875 242.65625 237.7062530517578125 231.7937469482421875 228.681243896484375 228.587493896484375 226.75 229.8000030517578125 231.6374969482421875 229.662506103515625 231 232.056243896484375 232.806243896484375 235.1999969482421875 235.5500030517578125 234.287506103515625 231.2624969482421875 229.7624969482421875 223.943756103515625 215.787506103515625 207.6687469482421875 199.8687591552734375 192.993743896484375 184.350006103515625 175.40625 171.03125 170.212493896484375 169.78125 171.4875030517578125 174.0749969482421875 178.181243896484375 177.9812469482421875 167.8249969482421875 155.256256103515625 143.46875 131.587493896484375 124.31874847412109375 115.28749847412109375 108.94374847412109375 105.40625 100.80625152587890625 98.3125 97.15000152587890625 96.91249847412109375
244.693756103515625 239.912506103515625 231.625 226.53125 223.4250030517578125 222.0437469482421875 222.6062469482421875 222.149993896484375 223.71875 223.975006103515625 225.125 225.381256103515625 229.9187469482421875 229.756256103515625 231.131256103515625 232.8625030517578125 232.53125 229.131256103515625 225.087493896484375 219.625 209.2624969482421875 200.625 194.34375 184.4375 176.21875 173.8000030517578125 171.8125 169.962493896484375 171.0749969482421875 171.2062530517578125 173.7312469482421875 170.6062469482421875 160.625 149.600006103515625 138.318756103515625 126.80625152587890625 119.58750152587890625 112.65625 108.1875 103.6374969482421875 100.72499847412109375 97.8562469482421875 96.09999847412109375 94.1687469482421875
239.5 232.743743896484375 225.131256103515625 220.7937469482421875 218.943756103515625 215.5749969482421875 218.2312469482421875 214.5500030517578125 215.318756103515625 215.056243896484375 216.068756103515625 216.068756103515625 220.3000030517578125 224.28125 226 229.6374969482421875 227.1374969482421875 223.7062530517578125 220.3000030517578125 216.15625 205.96875 198.649993896484375 192.256256103515625 184.493743896484375 179.9499969482421875 175.131256103515625 173.0625 169.881256103515625 167.9875030517578125 167.631256103515625 165.287506103515625 162.1687469482421875 152.1687469482421875 142.056243896484375 132.5437469482421875 122.44374847412109375 114.83750152587890625 108.69374847412109375 104.06874847412109375 101.875 98.8125 96.6687469482421875 95.24375152587890625 94.84999847412109375
231.875 226.7312469482421875 219.65625 217.068756103515625 212.96875 209.5124969482421875 210.0437469482421875 207.7312469482421875 207.962493896484375 209.1687469482421875 213.537506103515625 213.881256103515625 217.149993896484375 222.087493896484375 222.90625 223.100006103515625 221.34375 220.8625030517578125 215.15625 210.9250030517578125 201.1875 195.649993896484375 188.7312469482421875 183.837493896484375 179.625 176.125 172.5 169.681243896484375 165.7937469482421875 162.8249969482421875 159.850006103515625 154.8625030517578125 144.337493896484375 136.943756103515625 127.5625 120.11875152587890625 111.4187469482421875 105.53749847412109375 101.15625 100.06874847412109375 96.81874847412109375 95.7937469482421875 94.7062530517578125 95.03749847412109375
224.6437530517578125 218.993743896484375 215.743743896484375 212.9499969482421875 210.8874969482421875 206.006256103515625 203.84375 200.399993896484375 199.475006103515625 200.306243896484375 203.53125 208.25 210.475006103515625 213.006256103515625 215.837493896484375 218.475006103515625 218.149993896484375 216.2624969482421875 209.037506103515625 203.087493896484375 197.1437530517578125 192.5500030517578125 186.493743896484375 180.787506103515625 177.8125 173.9375 169.6875 166.03125 163.5 158.931243896484375 154.2624969482421875 148.0812530517578125 138.868743896484375 130.0625 122.27500152587890625 114.8937530517578125 108.0124969482421875 100.71875 98.09999847412109375 96.125 92.97499847412109375 93.15625 93.68125152587890625 94.125
215.6999969482421875 211.0749969482421875 209.6125030517578125 209 207.681243896484375 202.59375 196.3625030517578125 193.181243896484375 188.743743896484375 189.9375 194.631256103515625 200.0625 206.337493896484375 211.399993896484375 213.243743896484375 214.4499969482421875 213.1687469482421875 210.993743896484375 204.162506103515625 196 190.8625030517578125 185.3312530517578125 181.5500030517578125 176.600006103515625 173.65625 170.5812530517578125 168.443756103515625 165.5124969482421875 162.1125030517578125 156.850006103515625 149.693756103515625 142.34375 132.056243896484375 124.31874847412109375 113.8625030517578125 107.9875030517578125 100.7687530517578125 97.1687469482421875 94.55625152587890625 91.8874969482421875 89.125 88.21875 88.6437530517578125 89.91249847412109375
209.34375 207 203.9250030517578125 202.399993896484375 200.03125 195.024993896484375 188.212493896484375 185.3125 181.368743896484375 179.3874969482421875 182.6812591552734375 192.8625030517578125 202.6125030517578125 206.71875 209.6062469482421875 209.3562469482421875 207.412506103515625 202.368743896484375 197.8562469482421875 189.881256103515625 185.3874969482421875 180.5500030517578125 176.524993896484375 173.0187530517578125 169.8125 166.568756103515625 166.6374969482421875 164.40625 159.2687530517578125 152.837493896484375 145.6875 137.725006103515625 127.61875152587890625 117.7062530517578125 108.94374847412109375 103.0187530517578125 99.9875030517578125 94.46875 92.1687469482421875 91.24375152587890625 88.2687530517578125 88.41249847412109375 87.8249969482421875 88.61875152587890625
204.28125 203.649993896484375 200.368743896484375 198.443756103515625 196.899993896484375 190.4375 184.4499969482421875 178.6687469482421875 173.6062469482421875 166.8625030517578125 176.7937469482421875 195.4562530517578125 203.40625 205.399993896484375 206.118743896484375 204.756256103515625 200.443756103515625 194.7437591552734375 190.2062530517578125 181.59375 178.4562530517578125 174.59375 169.8000030517578125 166.899993896484375 164.7312469482421875 163.881256103515625 162.756256103515625 160.3249969482421875 155.8000030517578125 149.524993896484375 142.6125030517578125 135.0437469482421875 124.6374969482421875 113.49375152587890625 105.6437530517578125 101.59375 97.96250152587890625 94.125 91.3000030517578125 89.1999969482421875 86.4499969482421875 85.34999847412109375 86.65625 87.625
200.587493896484375 199.743743896484375 198.662506103515625 195.962493896484375 195.46875 190.181243896484375 184.4812469482421875 177.6125030517578125 172.556243896484375 165.7624969482421875 186.625 205.34375 207.8625030517578125 207.6875 205.2937469482421875 201.71875 195.7687530517578125 190.6437530517578125 183.818756103515625 177.162506103515625 171.568756103515625 168.0749969482421875 164.0500030517578125 161.5500030517578125 159.693756103515625 158.78125 156.225006103515625 157.53125 154.600006103515625 146.6437530517578125 138.2937469482421875 130.774993896484375 121.7624969482421875 110.4562530517578125 101.2687530517578125 98.0812530517578125 96.1062469482421875 92.52500152587890625 91.4375 88.36875152587890625 85.96875 85.06874847412109375 83.59375 82.96250152587890625
197.5437469482421875 196.399993896484375 194.943756103515625 193.5500030517578125 190.1062469482421875 186.3249969482421875 183.8625030517578125 182.3312530517578125 184.1062469482421875 194.25 218.662506103515625 219.65625 212.381256103515625 209.0437469482421875 204.8562469482421875 199.881256103515625 194.037506103515625 187.806243896484375 181.1437530517578125 173.09375 165.725006103515625 160.068756103515625 157.350006103515625 156.5124969482421875 153.71875 152.506256103515625 152.625 153.787506103515625 149.993743896484375 144.4499969482421875 135.4562530517578125 125.68125152587890625 118.72499847412109375 111.15625 105.43125152587890625 101.5625 98.09999847412109375 96.15625 92.72499847412109375 88.65000152587890625 87.4875030517578125 86.3125 84.0437469482421875 84.15625
197.8874969482421875 195.4875030517578125 194.931243896484375 193.056243896484375 190.9250030517578125 187.725006103515625 184.693756103515625 189 194.649993896484375 204.46875 214.225006103515625 217.7062530517578125 211.6687469482421875 206.5124969482421875 203.9499969482421875 196.7937469482421875 189.412506103515625 182.412506103515625 174.625 167.818756103515625 159.25 153.9562530517578125 148.818756103515625 147.9250030517578125 147.1437530517578125 147.1750030517578125 146.774993896484375 147.3000030517578125 144.6750030517578125 139.7937469482421875 133.681243896484375 127.9187469482421875 121.30625152587890625 115.4562530517578125 110.3249969482421875 105.8000030517578125 101.7062530517578125 99.50624847412109375 95.7937469482421875 90.02500152587890625 87.84999847412109375 86.5812530517578125 83.6687469482421875 82.2375030517578125
