data/historical-monthly-weather-data/wc2.1_cruts4.09_10m_prec_1983-01.asc
ncols        45
nrows        45
xllcorner    -63.500000000000
yllcorner    -7.500000000000
cellsize     0.166666666667
NODATA_value -9999
[rows 20 to 39 of 45, columns 0 to 43 of 45]
139.0500030517578125 138.7624969482421875 138.6687469482421875 139.381256103515625 140.225006103515625 142.225006103515625 144.5124969482421875 145.818756103515625 148.056243896484375 149.4499969482421875 149.6125030517578125 145.625 142.0812530517578125 138.4875030517578125 127.3249969482421875 112.7937469482421875 101.09375 92.34999847412109375 86.03749847412109375 79.3125 71.00624847412109375 61.84375 53.31874847412109375 50.674999237060546875 49.106250762939453125 48.299999237060546875 51.918750762939453125 56.47499847412109375 61.418750762939453125 68.9499969482421875 75.38124847412109375 78.8000030517578125 71.84999847412109375 63.762500762939453125 57.15000152587890625 60.21250152587890625 65.96250152587890625 70.3000030517578125 73.3000030517578125 73.9499969482421875 72.8562469482421875 71.6875 71.3937530517578125 71.5437469482421875
140.8562469482421875 139.9375 139.7375030517578125 141.056243896484375 143.0187530517578125 145.118743896484375 147.1125030517578125 149.15625 151.118743896484375 150.0437469482421875 147.2937469482421875 140.46875 134.806243896484375 130.5187530517578125 122.6875 112.38124847412109375 103.36875152587890625 95.1687469482421875 87.94374847412109375 80.88124847412109375 71.8312530517578125 62.875 54.90625 51.9375 49.924999237060546875 48.862499237060546875 53.15625 57.61875152587890625 62.3125 69.9562530517578125 76.43125152587890625 80.36875152587890625 74.43125152587890625 67.96250152587890625 63.06874847412109375 65.49375152587890625 71.00624847412109375 75.6750030517578125 78.0812530517578125 77.38124847412109375 75.03125 72.9562530517578125 71.75 71.0812530517578125
142.931243896484375 142.0749969482421875 140.8312530517578125 141.962493896484375 144.75 147.850006103515625 149.912506103515625 152.125 154.899993896484375 151.024993896484375 143.943756103515625 133.8874969482421875 126.09999847412109375 122.56874847412109375 118.33750152587890625 112.0124969482421875 104.50624847412109375 96.77500152587890625 89.21250152587890625 81.6062469482421875 72.83750152587890625 63.90625 55.86875152587890625 52.543750762939453125 50.487499237060546875 49.52500152587890625 54.21875 58.86875152587890625 63.47499847412109375 71.03125 77.9562530517578125 82.90625 78.9562530517578125 73.6062469482421875 69.8125 71.49375152587890625 76.4812469482421875 82.4187469482421875 83.61875152587890625 80.1374969482421875 76.34999847412109375 73.7312469482421875 71.3562469482421875 70.03749847412109375
146.375 144.4375 142.34375 143.875 147.6999969482421875 150.618743896484375 153.037506103515625 154.8937530517578125 156.212493896484375 150.4812469482421875 141.5812530517578125 131.306243896484375 120.493743896484375 119.1437530517578125 117.4875030517578125 112.53125 105.72499847412109375 98.11875152587890625 90.36875152587890625 82.5749969482421875 73.6125030517578125 64.8125 56.97499847412109375 53.65000152587890625 51.86875152587890625 51.08750152587890625 56.5625 61.5625 66.59999847412109375 75.1062469482421875 83.30625152587890625 89.72499847412109375 86.03125 80.8562469482421875 76.78749847412109375 77.03749847412109375 79.4375 82.7375030517578125 83.13124847412109375 79.44374847412109375 75.375 72.6062469482421875 70.38124847412109375 69.08750152587890625
150.75 148.125 144.931243896484375 147.9562530517578125 153.5187530517578125 155.46875 156.318756103515625 156.5124969482421875 155.318756103515625 150.2624969482421875 142.4625091552734375 134.0187530517578125 126.8249969482421875 124.40000152587890625 120.2687530517578125 114.875 108.1062469482421875 100.5500030517578125 92.18125152587890625 83.36875152587890625 74.3874969482421875 65.41249847412109375 57.65000152587890625 54.34375 52.637500762939453125 52.40000152587890625 58.08750152587890625 64.44374847412109375 70.56874847412109375 80.53749847412109375 90.5437469482421875 98.88124847412109375 94.5 88.68125152587890625 83.63124847412109375 81.25 80.36875152587890625 78.8312530517578125 78.43125152587890625 76.1875 72.75 70.52500152587890625 68.7937469482421875 68.16249847412109375
158.993743896484375 158.09375 155.537506103515625 157.9562530517578125 160.96875 161.59375 160.6062469482421875 158.2312469482421875 155.5749969482421875 150.725006103515625 144.8312530517578125 139.681243896484375 135.0625 132.225006103515625 125.81874847412109375 119.0749969482421875 111.875 103.8249969482421875 94.875 85.24375152587890625 76.19374847412109375 66.63124847412109375 58.65000152587890625 55 53.700000762939453125 54.11875152587890625 60.90000152587890625 68.1750030517578125 75.72499847412109375 86.34999847412109375 98.56874847412109375 108.53125 103.80625152587890625 96.24375152587890625 89.63124847412109375 84.6437530517578125 80.34999847412109375 75.7062530517578125 74.46250152587890625 72.44374847412109375 69.7062530517578125 67.96250152587890625 66.4250030517578125 66.3000030517578125
170.931243896484375 171.556243896484375 170.5625 171.1437530517578125 171.462493896484375 170.09375 167.524993896484375 162.899993896484375 159.15625 155.181243896484375 150.4375 147.3000030517578125 144.568756103515625 142.193756103515625 134.6125030517578125 126.94374847412109375 119.0124969482421875 110.33750152587890625 101.1374969482421875 90.625 80.66249847412109375 71.1999969482421875 62.325000762939453125 58.66249847412109375 58.518749237060546875 59.59375 67.2062530517578125 75.66249847412109375 84.4375 95.6687469482421875 108.5625 118.6687469482421875 112.47499847412109375 102.27500152587890625 92.4499969482421875 86.0437469482421875 80.0625 73.76874542236328125 71.69374847412109375 69.8562469482421875 67.28749847412109375 65.6750030517578125 64.6374969482421875 64.9499969482421875
185.193756103515625 186.712493896484375 186.350006103515625 185.6062469482421875 184.2062530517578125 180.131256103515625 175.1999969482421875 169.0437469482421875 164.868743896484375 160.431243896484375 156.2312469482421875 154.8249969482421875 153.375 151.662506103515625 143.65625 135.34375 126.7312469482421875 118.44374847412109375 108 97.38124847412109375 87.56874847412109375 77.34375 69.3000030517578125 66.1437530517578125 65.6374969482421875 66.71875 74.9812469482421875 84.1750030517578125 93.9375 105.8625030517578125 118.2937469482421875 127.95624542236328125 119.3937530517578125 106.36875152587890625 94.1875 86.52500152587890625 79.1999969482421875 72.3249969482421875 70.16249847412109375 68.0124969482421875 65.75624847412109375 64.6437530517578125 63.575000762939453125 64.5
198.9499969482421875 202.2375030517578125 201.6125030517578125 200.568756103515625 197.837493896484375 191.1750030517578125 182.993743896484375 175.962493896484375 170.806243896484375 166.318756103515625 162.600006103515625 162.037506103515625 161.9375 161.912506103515625 154.0124969482421875 145.712493896484375 137.8125 128.21875 117.5 106.2937469482421875 95.9187469482421875 85.5500030517578125 77.50624847412109375 74.94374847412109375 74.28125 75.30625152587890625 84.13750457763671875 94.125 104.84999847412109375 116.4375 127.84999847412109375 136.3625030517578125 125.53125 110.6750030517578125 96.53125 87.55625152587890625 79.59375 71.9875030517578125 69.65625 67.30625152587890625 64.5187530517578125 63.887500762939453125 64.09999847412109375 66.90000152587890625
212.3000030517578125 216.2687530517578125 216.75 216.3312530517578125 212.649993896484375 202.912506103515625 192.274993896484375 183.9187469482421875 178.225006103515625 173.149993896484375 169.96875 170.725006103515625 171.756256103515625 172.475006103515625 166.4499969482421875 159.125 151.662506103515625 142.40625 131.9812469482421875 119.7937469482421875 108.8937530517578125 98.9187469482421875 90.4812469482421875 88.1875 88.0187530517578125 89.53125 98.5437469482421875 108.8312530517578125 119.58750152587890625 128.787506103515625 137.9562530517578125 144.0437469482421875 131.84375 116.8125 101.84999847412109375 92.00624847412109375 82.9187469482421875 74.78749847412109375 71.4187469482421875 68.5 65.7312469482421875 65.58750152587890625 66.49375152587890625 69.3249969482421875
223.975006103515625 228.59375 227.975006103515625 227.5749969482421875 224.649993896484375 211.875 200.46875 190.712493896484375 184.8312530517578125 180.3000030517578125 177.7624969482421875 179.34375 181.443756103515625 182.475006103515625 178.4375 172.75 166.962493896484375 158.15625 147.506256103515625 134.975006103515625 123.3937530517578125 112.84999847412109375 104.69374847412109375 102.71250152587890625 102.75 105.1437530517578125 114.49375152587890625 124.9187469482421875 135.8000030517578125 142.1750030517578125 148.4250030517578125 151.912506103515625 138.6999969482421875 123.1875 107.7937469482421875 97.0625 86.90625 78.1437530517578125 74.13124847412109375 70.4250030517578125 67.3874969482421875 67.3874969482421875 68.4562530517578125 70.1999969482421875
233.5749969482421875 237.850006103515625 236.34375 234.256256103515625 229.6374969482421875 217.975006103515625 207.6875 197.1500091552734375 191.46875 187.212493896484375 184.9875030517578125 187.28125 190.399993896484375 193.1687469482421875 191.068756103515625 187.100006103515625 181.8125 172.7375030517578125 161.28125 149.2062530517578125 137.5500030517578125 127.0625 119.2062530517578125 117.71250152587890625 118.83750152587890625 121.5812530517578125 130.8937530517578125 141.7687530517578125 151.875 156.3312530517578125 159.4812469482421875 160.1374969482421875 146.381256103515625 130.431243896484375 114.6999969482421875 102.8562469482421875 92.25 82.0500030517578125 76.83750152587890625 72.53125 69.5187530517578125 69.50624847412109375 70.41249847412109375 72.41249847412109375
241.431243896484375 244.756256103515625 243.6062469482421875 241.149993896484375 235.78125 225.649993896484375 215.556243896484375 206.274993896484375 199.6437530517578125 196.4812469482421875 195.7687530517578125 198.7687530517578125 203.78125 208.350006103515625 207.1374969482421875 204.3625030517578125 199.837493896484375 189.756256103515625 177.881256103515625 166.2375030517578125 155.2312469482421875 145.225006103515625 137.5187530517578125 137.3562469482421875 138.9250030517578125 142.3874969482421875 151.662506103515625 161.65625 171.381256103515625 174.125 174.131256103515625 171.4375 157.5625 141.868743896484375 125.6750030517578125 113.3125 101.5812530517578125 90.43125152587890625 83.61875152587890625 78.97499847412109375 74.75 74.1062469482421875 74.5749969482421875 76.24375152587890625
248.243743896484375 250.6750030517578125 249.28125 246.9499969482421875 241.1999969482421875 232.5437469482421875 223.787506103515625 215.037506103515625 208.4187469482421875 204.274993896484375 204.212493896484375 210.6750030517578125 218.0749969482421875 223.1999969482421875 223.4812469482421875 221.6687469482421875 218.899993896484375 208.774993896484375 195.837493896484375 183.53125 173.318756103515625 164.125 157.0500030517578125 157.3937530517578125 159.6750030517578125 163.337493896484375 172.318756103515625 182.756256103515625 192.587493896484375 192.024993896484375 189.5812530517578125 184.4187469482421875 169.84375 154.3125 138.0749969482421875 124.72499847412109375 111.69374847412109375 99.09999847412109375 91.6062469482421875 85.5812530517578125 79.90000152587890625 78.55625152587890625 78.34375 79.31874847412109375
256.20001220703125 256.850006103515625 255.274993896484375 252.0124969482421875 247.131256103515625 239.649993896484375 230.868743896484375 222.5749969482421875 214.087493896484375 210.5187530517578125 213 222.2375030517578125 233.7062530517578125 241.09375 242.0812530517578125 240.46875 237.9375 226.8312530517578125 213.6687469482421875 200.256256103515625 191.287506103515625 182.9499969482421875 176.5625 177.3312530517578125 180.368743896484375 183.8249969482421875 193.318756103515625 204.162506103515625 213.5124969482421875 210.0625 204.837493896484375 197.96875 183.3125 167.1750030517578125 150.681243896484375 136.350006103515625 121.93125152587890625 109.27500152587890625 100.59999847412109375 92.75624847412109375 85.8562469482421875 83.21875 82.0437469482421875 81.8000030517578125
264.83123779296875 264.20623779296875 261.83123779296875 258.01873779296875 253.0812530517578125 244.8937530517578125 236.8562469482421875 227.7937469482421875 218.681243896484375 214.9187469482421875 220.524993896484375 234.7375030517578125 249.931243896484375 259.17498779296875 261.13751220703125 260.08123779296875 256.681243896484375 245.443756103515625 232.256256103515625 218.9562530517578125 210.1437530517578125 203.0437469482421875 196.96875 197.743743896484375 201.006256103515625 205.443756103515625 214.34375 224.8000030517578125 233.8249969482421875 228.806243896484375 222.40625 213.9250030517578125 199.9812469482421875 184.412506103515625 167.931243896484375 152.4250030517578125 138.5187530517578125 124.72499847412109375 114.52500152587890625 105.83750152587890625 98.2062530517578125 94.875 92.53749847412109375 91.3562469482421875
273.506256103515625 272.162506103515625 268.475006103515625 264.243743896484375 259.07501220703125 251.7375030517578125 244.881256103515625 235.46875 224.350006103515625 216.506256103515625 227.962493896484375 252.037506103515625 268.76251220703125 276.10626220703125 279.29998779296875 279.04376220703125 275.65625 264.3125 251.037506103515625 237.5625 229.59375 222.1062469482421875 216.881256103515625 218.006256103515625 221.875 227.1374969482421875 235.7687530517578125 246.2687530517578125 254.6750030517578125 248.556243896484375 240.4562530517578125 230.774993896484375 217.5749969482421875 202.7312469482421875 186.4250030517578125 170.506256103515625 155.3312530517578125 140.3249969482421875 129.431243896484375 119.5187530517578125 110.4875030517578125 106.2312469482421875 103.40000152587890625 101.13124847412109375
282.21875 280.04376220703125 275.693756103515625 271.774993896484375 267.08123779296875 261.85626220703125 255.65625 247.806243896484375 238.3874969482421875 229.318756103515625 255.0437469482421875 281.181243896484375 291.743743896484375 295.45001220703125 298.193756103515625 297.76251220703125 293.649993896484375 283.056243896484375 270.375 256.98126220703125 248.5812530517578125 240.6437530517578125 235.368743896484375 236.9187469482421875 241.287506103515625 247.4812469482421875 255.3625030517578125 265.306243896484375 273.5 267.225006103515625 257.662506103515625 246.375 233.7937469482421875 220.1750030517578125 204.3375091552734375 188.037506103515625 171.4187469482421875 156 144.40625 133.3625030517578125 123.1374969482421875 118.3625030517578125 114.2062530517578125 110.5
292.40625 287.54376220703125 283.5 279.318756103515625 275.13751220703125 270.743743896484375 265.774993896484375 263.037506103515625 264.10626220703125 277.0625 309.46875 314.46875 314.07501220703125 314.48748779296875 315.32501220703125 313.23748779296875 309.274993896484375 298.118743896484375 285.38751220703125 272.71875 262.79376220703125 254.868743896484375 249.9812469482421875 251.3874969482421875 255.25 261.006256103515625 268.506256103515625 277.63751220703125 285.600006103515625 281.4375 272.993743896484375 262.6875 250.2375030517578125 236.193756103515625 222.850006103515625 206.7062530517578125 189.7624969482421875 174.556243896484375 162.2624969482421875 150.2062530517578125 139.837493896484375 134.6125030517578125 130.0124969482421875 126.7375030517578125
303.32501220703125 297.5 292.350006103515625 286.868743896484375 284.23748779296875 281.6875 279.431243896484375 281.67498779296875 289.54998779296875 305.306243896484375 323.899993896484375 332.5625 333.350006103515625 333.493743896484375 332.306243896484375 329.743743896484375 324.962493896484375 314.48126220703125 300.60626220703125 287.3125 274.899993896484375 267.225006103515625 262.631256103515625 263.681243896484375 267.768768310546875 273 280.037506103515625 288.95623779296875 296.037506103515625 292.96875 286.024993896484375 278.73126220703125 268.181243896484375 254.625 240.068756103515625 224.193756103515625 207.568756103515625 192.225006103515625 179.40625 166.774993896484375 156.34375 150.8937530517578125 145.868743896484375 142.4375
