data/historical-monthly-weather-data/wc2.1_cruts4.09_10m_prec_1974-12.asc
ncols        45
nrows        45
xllcorner    -63.500000000000
yllcorner    -7.500000000000
cellsize     0.166666666667
NODATA_value -9999
[rows 0 to 19 of 45, columns 0 to 44 of 45]
188.3937530517578125 185.431243896484375 176.5812530517578125 169.625 161.1999969482421875 153.0124969482421875 144.193756103515625 134.84375 127.56874847412109375 121.18125152587890625 116.9812469482421875 113.6374969482421875 111.28749847412109375 107.90625 105.84375 104.0749969482421875 102.7312469482421875 100.8125 100.0187530517578125 99.4499969482421875 100.27500152587890625 100.9375 101.83750152587890625 104.3125 107.00624847412109375 109.71250152587890625 114.33750152587890625 119.4499969482421875 124.84999847412109375 130.618743896484375 135.912506103515625 142.1750030517578125 147.899993896484375 153.3874969482421875 158.774993896484375 166.212493896484375 172.2687530517578125 178.1062469482421875 182.3625030517578125 187.0187530517578125 190.9875030517578125 193.443756103515625 195.6062469482421875 196.3125 197.4187469482421875
190.9562530517578125 188.90625 184.193756103515625 180.024993896484375 175.024993896484375 166.3874969482421875 156.681243896484375 149.2687530517578125 143.3937530517578125 137.4812469482421875 132.5 127.93125152587890625 124.80625152587890625 121.41249847412109375 118.51874542236328125 116.0812530517578125 114.15000152587890625 112.75624847412109375 111.88124847412109375 112.2062530517578125 113.0187530517578125 113.75 115.3249969482421875 117.6999969482421875 120.2375030517578125 122.77500152587890625 126.7937469482421875 130.962493896484375 135.568756103515625 141.9875030517578125 147.75 154.5812530517578125 159.7312469482421875 165.7624969482421875 172.46875 178.587493896484375 187.431243896484375 194.8125 198.4812469482421875 202.662506103515625 206.1875 207.9562530517578125 209.5 207.818756103515625 206.881256103515625
188.162506103515625 187.774993896484375 185.806243896484375 183.8625030517578125 181.40625 174.40625 167.8125 162.8625030517578125 158.350006103515625 153.193756103515625 147.8625030517578125 143.1437530517578125 139.9499969482421875 136.350006103515625 133.1374969482421875 129.78125 127.59375 126.00624847412109375 125.3562469482421875 125.3562469482421875 126.57500457763671875 128.212493896484375 130.25 132.4187469482421875 134.8874969482421875 138.212493896484375 141.8312530517578125 145.225006103515625 149.681243896484375 155.181243896484375 161.462493896484375 168.6687469482421875 176.618743896484375 182.7624969482421875 190.337493896484375 199.6374969482421875 208.818756103515625 217.337493896484375 222.7312469482421875 227.40625 230.7937469482421875 231.037506103515625 229.8000030517578125 228.600006103515625 224.9499969482421875
182.837493896484375 184.756256103515625 186.600006103515625 186 186.431243896484375 182.2624969482421875 178.6750030517578125 176.1750030517578125 173.0187530517578125 169.818756103515625 165.0625 160.40625 156.318756103515625 152.6125030517578125 148.6062469482421875 145.1750030517578125 142.4187469482421875 139.9375 139.2937469482421875 140.40625 142.3312530517578125 144.274993896484375 145.7312469482421875 148.2249908447265625 150.3937530517578125 154.118743896484375 157.4250030517578125 159.6999969482421875 163.975006103515625 170.381256103515625 176.5437469482421875 183.056243896484375 192.9187469482421875 202.2624969482421875 210.9812469482421875 221.6999969482421875 231.743743896484375 242.3125 249.84375 254.9375 257.48126220703125 256.09375 252.96875 250.65625 244.9499969482421875
185.7062530517578125 184.756256103515625 184.875 187.8000030517578125 191.149993896484375 190.306243896484375 188.7937469482421875 188.3937530517578125 188.087493896484375 186.600006103515625 181.875 176.524993896484375 173.0625 169.5500030517578125 164.993743896484375 161 157.4812469482421875 155.024993896484375 154.78125 156.756256103515625 159.225006103515625 160.524993896484375 161.9375 164.375 166.587493896484375 170.4875030517578125 172.0187530517578125 173.7687530517578125 177.4812469482421875 184.5812530517578125 191.4875030517578125 197.9499969482421875 208.625 219.899993896484375 230.7312469482421875 243.931243896484375 257.36248779296875 269.39373779296875 277.98748779296875 283.381256103515625 285.83123779296875 282.381256103515625 278 272.068756103515625 265.524993896484375
189.4187469482421875 189.7687530517578125 189.037506103515625 188.9875030517578125 193.625 195.693756103515625 196.181243896484375 196.149993896484375 195.96875 195.125 191.1750030517578125 186.96875 184.7687530517578125 181.875 178.9499969482421875 175.6437530517578125 173.1062469482421875 170.59375 172.3125 174.0812530517578125 175.068756103515625 176.6687469482421875 177.431243896484375 179.34375 181.225006103515625 183.71875 186.21875 187.6125030517578125 190.2062530517578125 197.4499969482421875 205.287506103515625 213.618743896484375 223.649993896484375 235.0124969482421875 250.09375 265.662506103515625 280.67498779296875 297.274993896484375 307.537506103515625 311.556243896484375 310.225006103515625 305.84375 298.32501220703125 292.506256103515625 285.66876220703125
195.274993896484375 196.2312469482421875 196.1125030517578125 195.587493896484375 197.75 199.056243896484375 200.5500030517578125 200.806243896484375 199.681243896484375 197.506256103515625 197.1687469482421875 195.350006103515625 195.568756103515625 193.931243896484375 192.181243896484375 190.6125030517578125 190.3625030517578125 192.0437469482421875 194.84375 195.149993896484375 193.8000030517578125 194.1999969482421875 193.537506103515625 193.9875030517578125 196.056243896484375 197.318756103515625 198.681243896484375 201.3312530517578125 203.743743896484375 210.649993896484375 218.78125 227.5 240.100006103515625 252.6374969482421875 267.506256103515625 284.42498779296875 302.993743896484375 321.70623779296875 336.806243896484375 339.0625 334.743743896484375 327.118743896484375 319.70001220703125 311.556243896484375 301.506256103515625
201.381256103515625 202.5187530517578125 203.1937408447265625 204.962493896484375 207.649993896484375 207.4250030517578125 205.868743896484375 202.756256103515625 199.1750030517578125 199.193756103515625 202.6125030517578125 204.7312469482421875 205.8625030517578125 207.037506103515625 206.2937469482421875 206.4375 207.5 212.5500030517578125 217.006256103515625 214.399993896484375 211.25 209.2062530517578125 207.4499969482421875 206.6875 208.912506103515625 210.600006103515625 211.03125 212.881256103515625 216.9375 224.774993896484375 231.4875030517578125 240.3562469482421875 254.71875 268.443756103515625 285.57501220703125 301.649993896484375 321.4375 340.293731689453125 352.568756103515625 356.212493896484375 354.35626220703125 345.899993896484375 337.65625 328.09375 314.0625
209.6437530517578125 211.399993896484375 213.006256103515625 215.3249969482421875 217.4812469482421875 217.8874969482421875 216.2312469482421875 211.962493896484375 205.0812530517578125 203.225006103515625 208.8625030517578125 212.931243896484375 215.462493896484375 216.7375030517578125 217.412506103515625 218.65625 220.818756103515625 226.006256103515625 230.1062469482421875 226.506256103515625 220.7624969482421875 218.28125 216.8687591552734375 218.1875 219.568756103515625 220.71875 221.056243896484375 223.256256103515625 226.3625030517578125 233.1875 241.4499969482421875 248.8937530517578125 262.837493896484375 278.25 294.443756103515625 311.587493896484375 329.21875 345.73126220703125 356.07501220703125 362.16876220703125 360.868743896484375 353.693756103515625 347.537506103515625 339.524993896484375 327.100006103515625
216.7687530517578125 219.587493896484375 222.1062469482421875 225.600006103515625 228.0437469482421875 228.8000030517578125 227.899993896484375 224.975006103515625 221.131256103515625 219.4812469482421875 221.8937530517578125 223.125 226.125 226.15625 228.243743896484375 230.125 232.131256103515625 234.431243896484375 235.618743896484375 233.1750030517578125 228.381256103515625 225.8000030517578125 224.912506103515625 227.3125 228.3625030517578125 229.256256103515625 229.8874969482421875 231.649993896484375 235.2062530517578125 241.631256103515625 248.0437469482421875 255.1062469482421875 268.681243896484375 283.149993896484375 300.024993896484375 319.25 335.9375 351.34375 359.274993896484375 365.21875 367.024993896484375 362.57501220703125 355.14373779296875 347.787506103515625 336.912506103515625
225.2375030517578125 228.443756103515625 230.8125 233.7375030517578125 237.75 240.4875030517578125 240.9250030517578125 238.337493896484375 235.1374969482421875 234.3125 235.662506103515625 236.587493896484375 237.3125 237.3249969482421875 238.7624969482421875 240.837493896484375 241.9187469482421875 242.0124969482421875 240.475006103515625 237.5437469482421875 235.15625 233.118743896484375 232.875 232.9875030517578125 237.4499969482421875 238.84375 238.5 238.412506103515625 239.756256103515625 245.7624969482421875 251.7937469482421875 259.39373779296875 273.037506103515625 287.731231689453125 303.993743896484375 321.818756103515625 338.818756103515625 354.212493896484375 364.693756103515625 370.51873779296875 373.33123779296875 369.024993896484375 363.98748779296875 358.41876220703125 346.35626220703125
232.3874969482421875 235.40625 238.3125 242.46875 246.7624969482421875 250.087493896484375 252.068756103515625 250.6062469482421875 247.725006103515625 247.8187408447265625 249.306243896484375 251.131256103515625 250.056243896484375 249.318756103515625 250.3000030517578125 250.2312469482421875 249.9250030517578125 247.2312469482421875 244.3625030517578125 241.4499969482421875 238.212493896484375 237.4187469482421875 239.412506103515625 240.9875030517578125 245.006256103515625 246.493743896484375 244.693756103515625 242.90625 242.4375 247.493743896484375 252.662506103515625 259.712493896484375 272.756256103515625 287.600006103515625 303.70001220703125 321.13751220703125 337.287506103515625 352.756256103515625 362.71875 369.65625 373.431243896484375 370.037506103515625 365.381256103515625 359.53125 344.862518310546875
238.943756103515625 242.537506103515625 246.1374969482421875 250 254.993743896484375 257.8125 259.487518310546875 259.91876220703125 258.0625 258.95623779296875 260.987518310546875 263.625 263.07501220703125 260.67498779296875 261.04998779296875 259.756256103515625 257.662506103515625 254.681243896484375 250.618743896484375 245.96875 240.2687530517578125 240.868743896484375 245.631256103515625 248.5749969482421875 250.28125 250.2062530517578125 248.1437530517578125 246.318756103515625 245.399993896484375 247.7062530517578125 251.600006103515625 257.274993896484375 269.25 284.024993896484375 299.962493896484375 318.32501220703125 335.51873779296875 350.9375 361.0625 367.006256103515625 370.51251220703125 369.649993896484375 363.381256103515625 351.14373779296875 336.23748779296875
243.9312591552734375 247.6875 251.306243896484375 255.6687469482421875 260.16876220703125 263.01873779296875 264.85626220703125 267.35626220703125 267.76873779296875 268.056243896484375 268.399993896484375 271.13751220703125 272.693756103515625 271.918731689453125 269.92498779296875 269.39373779296875 266.181243896484375 261.681243896484375 256.774993896484375 251.9187469482421875 248.1750030517578125 248.4187469482421875 251.662506103515625 253.3125 254.368743896484375 254.375 252.787506103515625 248.6374969482421875 245.7312469482421875 246.3312530517578125 248.837493896484375 252.7312469482421875 264.881256103515625 278.818756103515625 295.58123779296875 313.90625 332.28125 350.46875 363.131256103515625 372.243743896484375 371.131256103515625 362.10626220703125 354.162506103515625 347.318756103515625 336.23126220703125
248.5625 252.34375 256.79376220703125 261.14373779296875 266.087493896484375 268.73126220703125 272.09375 274.95623779296875 275.5625 275.26251220703125 275.46875 278.70623779296875 280.20001220703125 280.70001220703125 278.13751220703125 277.09375 272.63751220703125 267.54376220703125 262.3125 259.21875 256.125 256.01873779296875 257.306243896484375 257.84375 258.681243896484375 258.08123779296875 255.506256103515625 250.931243896484375 246.337493896484375 243.412506103515625 242.8312530517578125 246.024993896484375 257.79376220703125 272.26873779296875 289.39373779296875 305.95623779296875 326.71875 349.76251220703125 368.13751220703125 375.23748779296875 369.931243896484375 361.03125 354.243743896484375 348.306243896484375 332.524993896484375
251.462493896484375 255.8499908447265625 260.70623779296875 266.149993896484375 271.274993896484375 274.662506103515625 278.10626220703125 280.087493896484375 280.95001220703125 282.28125 282.29376220703125 285.33123779296875 287.600006103515625 288.412506103515625 286.35626220703125 282.412506103515625 277.649993896484375 273.71875 268.493743896484375 265.118743896484375 263.631256103515625 262.743743896484375 263.3125 262.82501220703125 263.4375 264.08123779296875 260.48126220703125 254.4562530517578125 247.09375 240.1374969482421875 236.712493896484375 236.931243896484375 246.1125030517578125 259.662506103515625 274.88751220703125 292.625 316.462493896484375 344.84375 369.04376220703125 376.63751220703125 369.881256103515625 360.431243896484375 352.618743896484375 341.743743896484375 328.34375
253.53125 258.73126220703125 262.64373779296875 269.01873779296875 275.318756103515625 278.324981689453125 282.40625 286.118743896484375 288.17498779296875 288.837493896484375 289.08123779296875 291.618743896484375 294.118743896484375 295.193756103515625 293.243743896484375 288.39373779296875 281.08123779296875 277.26873779296875 273.91876220703125 270.66876220703125 269.73126220703125 269.212493896484375 269.568756103515625 268.256256103515625 268.899993896484375 270.518768310546875 267.287506103515625 258.64373779296875 246.087493896484375 235.5187530517578125 229.2624969482421875 228.537506103515625 234.59375 242.28125 253.662506103515625 272.587493896484375 301.40625 340.462493896484375 380.32501220703125 380.068756103515625 366.881256103515625 355.899993896484375 344.48126220703125 336.975006103515625 324.15625
254.4499969482421875 260.63751220703125 265.48126220703125 272.868743896484375 280.01873779296875 284.79998779296875 289.087493896484375 292.399993896484375 294.21875 296.01251220703125 296.912506103515625 299.01873779296875 299.962493896484375 300.600006103515625 297.787506103515625 292.350006103515625 285.068756103515625 277.35626220703125 276.712493896484375 273.91876220703125 274.61248779296875 274.58123779296875 274.60626220703125 273.84375 274.493743896484375 276.35626220703125 274.84375 261.76873779296875 244.037506103515625 228.524993896484375 218.712493896484375 216.024993896484375 223.399993896484375 232.087493896484375 237.8625030517578125 245.693756103515625 284.006256103515625 329.17498779296875 362.5 369.98748779296875 358.23126220703125 347.32501220703125 339.037506103515625 333.01251220703125 321.54998779296875
253.8625030517578125 260.90625 267.48748779296875 275.73126220703125 284 289.806243896484375 294.57501220703125 299.70001220703125 301.95001220703125 303.743743896484375 303.1875 303.58123779296875 305.024993896484375 306.08123779296875 302.162506103515625 295.98126220703125 288.831268310546875 281.043731689453125 275.98126220703125 274.42498779296875 277.70001220703125 281.20623779296875 278.1875 278.48126220703125 280.243743896484375 281.556243896484375 277.36248779296875 264.443756103515625 244.8000030517578125 224.475006103515625 209.2687530517578125 210.9875030517578125 222.3125 230.256256103515625 234.743743896484375 247.0812530517578125 278.84375 314.037506103515625 341.54376220703125 350.399993896484375 345.36248779296875 337.3125 331.1875 327.625 320.11248779296875
251.9499969482421875 260.193756103515625 267.024993896484375 276.26873779296875 286.125 293.774993896484375 300.28125 306.23748779296875 309.32501220703125 309.631256103515625 309.46875 311.131256103515625 312.487518310546875 311.51873779296875 305.6875 297.162506103515625 288.831268310546875 283.243743896484375 278.725006103515625 276.64373779296875 277.70623779296875 278.962493896484375 281.131256103515625 282.5625 284.23126220703125 284.6875 279.26873779296875 268.756256103515625 250.65625 229.787506103515625 216.46875 218.100006103515625 227.8249969482421875 238.2624969482421875 248.6875 261.774993896484375 284.850006103515625 310.73126220703125 330.10626220703125 338.65625 336.23126220703125 326.743743896484375 324.912506103515625 324.33123779296875 319.53125
