data/historical-monthly-weather-data/wc2.1_cruts4.09_10m_prec_2024-12.asc
ncols        45
nrows        45
xllcorner    -63.500000000000
yllcorner    -7.500000000000
cellsize     0.166666666667
NODATA_value -9999
[rows 20 to 39 of 45, columns 0 to 43 of 45]
238.1687469482421875 239.774993896484375 245.056243896484375 252.274993896484375 260.82501220703125 271.337493896484375 281.5 291.056243896484375 299.100006103515625 304.67498779296875 307.587493896484375 309.212493896484375 309.82501220703125 307.625 300.962493896484375 291.96875 283.056243896484375 275.212493896484375 270.66876220703125 266.51873779296875 265.4375 264.431243896484375 263.76251220703125 264.71875 267.475006103515625 268.67498779296875 264.493743896484375 253.7375030517578125 239.068756103515625 223.8562469482421875 212.118743896484375 207.3562469482421875 205.15625 205 205.506256103515625 206.7687530517578125 210.493743896484375 214.1125030517578125 212 204.4562530517578125 192.9375 180.693756103515625 171.037506103515625 162.875
233.75 234.8312530517578125 241.743743896484375 251.6374969482421875 261.84375 272.912506103515625 284.48748779296875 295.4375 303.462493896484375 308.88751220703125 310.787506103515625 311.04998779296875 310.381256103515625 307.037506103515625 301.11248779296875 293.35626220703125 285.60626220703125 278.38751220703125 272.649993896484375 267.70001220703125 264.087493896484375 263.131256103515625 264.149993896484375 265.32501220703125 268.649993896484375 273.46875 274.73126220703125 265.98126220703125 253.0124969482421875 240.537506103515625 230.274993896484375 224.162506103515625 220.006256103515625 218.9812469482421875 218.024993896484375 218.368743896484375 221.912506103515625 225.9499969482421875 222.03125 211.8937530517578125 199.9499969482421875 187.6062469482421875 176.881256103515625 167.9250030517578125
230.1437530517578125 232.9875030517578125 239.8562469482421875 250.131256103515625 261.95623779296875 274.9375 286.943756103515625 299.350006103515625 309.131256103515625 313.287506103515625 314.0625 312.006256103515625 310.95001220703125 307.524993896484375 301.63751220703125 294.412506103515625 286.83123779296875 279.20623779296875 273.13751220703125 266.73126220703125 262.58123779296875 260.587493896484375 260.256256103515625 261.85626220703125 266.662506103515625 274.79376220703125 280.818756103515625 274.79376220703125 263.66876220703125 254.1374969482421875 246.2312469482421875 240.4187469482421875 236.087493896484375 232.7624969482421875 230.225006103515625 227.6374969482421875 231.631256103515625 239.625 234.6750030517578125 221.881256103515625 208.25 194.8312530517578125 183.2624969482421875 173.475006103515625
227.818756103515625 230.056243896484375 236.84375 247.8625030517578125 261.162506103515625 274.899993896484375 288.51251220703125 300.83123779296875 309.95001220703125 313.131256103515625 313.64373779296875 312.29998779296875 311 308.243743896484375 302.23126220703125 295.10626220703125 288.068756103515625 280.725006103515625 273.82501220703125 266.75 260.443756103515625 256.78125 254.21875 256.056243896484375 260.568756103515625 268.0625 274.350006103515625 274.006256103515625 269.837493896484375 263.9375 259.287506103515625 254.100006103515625 251.0812530517578125 247.5812530517578125 244.625 239.5625 242.524993896484375 250.287506103515625 245.09375 231.881256103515625 217.21875 203.1374969482421875 190.125 179.212493896484375
228.568756103515625 229.5 235.5187530517578125 249.193756103515625 264.837493896484375 277.85626220703125 290.506256103515625 301.087493896484375 308.29998779296875 312.412506103515625 313.63751220703125 312.01251220703125 310.431243896484375 307.65625 302.431243896484375 296.037506103515625 289.21875 282.07501220703125 274.60626220703125 266.84375 258.756256103515625 252.1062469482421875 247.774993896484375 248.212493896484375 253.0187530517578125 261.350006103515625 268.48126220703125 272.09375 272.675018310546875 271.506256103515625 270.181243896484375 267.17498779296875 265.84375 263.26251220703125 259.681243896484375 256.10626220703125 258.01251220703125 259.9375 253.53125 241.837493896484375 227.087493896484375 212.1062469482421875 197.4562530517578125 186.6125030517578125
234.443756103515625 237.712493896484375 244.100006103515625 257.037506103515625 270.04998779296875 281.64373779296875 292.018768310546875 300.899993896484375 307.037506103515625 310.318756103515625 311.381256103515625 310.73748779296875 309.03125 306.493743896484375 302.41876220703125 296.850006103515625 290.07501220703125 283.04376220703125 275.443756103515625 267.068756103515625 258.86248779296875 249.118743896484375 241.024993896484375 238.743743896484375 245.7624969482421875 255.9187469482421875 265.39373779296875 271.649993896484375 275.53125 277.58123779296875 278.83123779296875 280.118743896484375 281.274993896484375 278.92498779296875 276.38751220703125 272.875 273.01873779296875 272.774993896484375 265.29998779296875 254.118743896484375 239.46875 221.6687469482421875 204.5625 191.6687469482421875
241.625 245.8562469482421875 254.6062469482421875 266.51873779296875 277.66876220703125 286.88751220703125 293.98126220703125 300.21875 303.98126220703125 307.38751220703125 309.868743896484375 309.39373779296875 307.41876220703125 305.524993896484375 302.20001220703125 297.98126220703125 292.33123779296875 285.649993896484375 278.25 269.09375 259.78125 248.875 238.5875091552734375 233.8000030517578125 242.5437469482421875 253.1125030517578125 263.256256103515625 270.850006103515625 277.36248779296875 281.20623779296875 285.26873779296875 289.28125 293.85626220703125 292.83123779296875 291.306243896484375 288.95623779296875 287.725006103515625 286.48748779296875 278.8125 268.649993896484375 254.587493896484375 234.1687469482421875 213.3000030517578125 198.8000030517578125
250.0812530517578125 255.4812469482421875 265.618743896484375 276.89373779296875 286.1875 292.962493896484375 297.506256103515625 300.28125 302.225006103515625 304.25 305.756256103515625 305.61248779296875 305.42498779296875 304.475006103515625 302.118743896484375 298.350006103515625 294.29998779296875 287.83123779296875 281.162506103515625 272.54998779296875 263.45001220703125 253.412506103515625 245.71875 242.7062530517578125 247.493743896484375 255.6125030517578125 264.024993896484375 271.14373779296875 277.806243896484375 282.837493896484375 287.61248779296875 292.11248779296875 298.17498779296875 301.399993896484375 302.912506103515625 301.912506103515625 301.631256103515625 301.131256103515625 294.73748779296875 286.45001220703125 274.08123779296875 251.9562530517578125 224.149993896484375 207.931243896484375
256.8125 263.8125 275.38751220703125 287.662506103515625 295.29998779296875 298.10626220703125 299.23126220703125 299.693756103515625 300.03125 300.3125 301.89373779296875 302.756256103515625 303.056243896484375 303.29376220703125 301.4375 299.850006103515625 296.95623779296875 291.51873779296875 285.34375 277.568756103515625 269.09375 260.475006103515625 254.7624969482421875 251.8000030517578125 254.5625 260.225006103515625 266.875 273.17498779296875 279.58123779296875 284.17498779296875 288.66876220703125 292.943756103515625 300.57501220703125 306.45001220703125 311.48126220703125 312.95001220703125 314.86248779296875 315.42498779296875 309.57501220703125 303.506256103515625 295.01251220703125 270.662506103515625 242.100006103515625 229.1374969482421875
260.86248779296875 268.274993896484375 281.318756103515625 295.21875 303.71875 301.53125 298.8125 297.475006103515625 296.125 295.20001220703125 296.381256103515625 297.10626220703125 299.26873779296875 301.23748779296875 300.743743896484375 299.46875 298.04998779296875 295.412506103515625 290.306243896484375 282.868743896484375 274.506256103515625 266.95623779296875 261.024993896484375 258.61248779296875 260.29998779296875 264.443756103515625 268.3125 274.04376220703125 279.287506103515625 284.212493896484375 289 293.662506103515625 302.98126220703125 310.65625 317.76873779296875 320.82501220703125 324.59375 326.6875 322.42498779296875 316.868743896484375 307.962493896484375 290.46875 268.82501220703125 257.649993896484375
262.09375 269.493743896484375 281.493743896484375 295.13751220703125 302.38751220703125 297.993743896484375 294.149993896484375 291.23748779296875 288.787506103515625 288.75 289.925018310546875 291.649993896484375 295.01873779296875 297.712493896484375 298.056243896484375 298.46875 299.399993896484375 297.068756103515625 294.318756103515625 287.79376220703125 279.462493896484375 272.131256103515625 266.85626220703125 264.20623779296875 264.54998779296875 267.0625 269.993743896484375 274.431243896484375 278.806243896484375 284.51873779296875 289.65625 294.850006103515625 304.5625 314.20001220703125 322.649993896484375 328.01873779296875 334.037506103515625 338.100006103515625 334.54998779296875 328.41876220703125 322.11248779296875 310.524993896484375 296.15625 283.618743896484375
260.443756103515625 266.08123779296875 275.54376220703125 283.78125 287.493743896484375 286.350006103515625 284.01251220703125 280.95001220703125 279.412506103515625 279.1875 281.212493896484375 284.73748779296875 289.587493896484375 293.46875 295.931243896484375 297.743743896484375 297.850006103515625 295.96875 293.63751220703125 288.63751220703125 281.912506103515625 275.36248779296875 269.91876220703125 267.13751220703125 268.13751220703125 269.381256103515625 270.89373779296875 274.4375 278.381256103515625 284.67498779296875 290.337493896484375 296.3125 305.493743896484375 316.09375 326.475006103515625 334.881256103515625 341.818756103515625 347.13751220703125 345.23126220703125 341.4375 340.149993896484375 334.96875 327.95623779296875 321.20623779296875
251.431243896484375 254.6125030517578125 260.600006103515625 266.912506103515625 270.087493896484375 270.212493896484375 268.45001220703125 266.131256103515625 264.90625 265.868743896484375 271.1875 276.431243896484375 283.681243896484375 290.943756103515625 293.912506103515625 295.39373779296875 295.14373779296875 294.40625 290.712493896484375 286.59375 281.04376220703125 275.881256103515625 271.10626220703125 268.21875 268.693756103515625 270.17498779296875 271.243743896484375 272.88751220703125 276.774993896484375 283.10626220703125 289.975006103515625 296.79376220703125 306.693756103515625 317.73748779296875 328.92498779296875 338.23748779296875 346.774993896484375 354.01251220703125 354.568756103515625 357.618743896484375 359.806243896484375 360.3125 362.23126220703125 368.068756103515625
240.0625 241.537506103515625 246.2624969482421875 250.381256103515625 251.993743896484375 252.6999969482421875 252.350006103515625 250.912506103515625 249.8000030517578125 251.2687530517578125 257.10626220703125 267.118743896484375 277.881256103515625 286.3125 290.5625 292.13751220703125 292.756256103515625 292.01873779296875 287.9375 284.14373779296875 279.418731689453125 274.574981689453125 269.95623779296875 267.537506103515625 267.35626220703125 268.412506103515625 269.806243896484375 271.506256103515625 275.35626220703125 281.53125 288.88751220703125 297.068756103515625 307.524993896484375 319.09375 330.274993896484375 340.243743896484375 350.73748779296875 358.34375 364.26251220703125 371.73126220703125 378.75 384.600006103515625 393.524993896484375 408.625
227.4375 228.3937530517578125 231.9187469482421875 234.3000030517578125 235.6125030517578125 236.256256103515625 235.96875 234.962493896484375 233.0749969482421875 235.287506103515625 243.59375 256.943756103515625 272.20623779296875 284.39373779296875 289.20623779296875 290.98126220703125 291.056243896484375 289.51251220703125 286.14373779296875 281.11248779296875 277.54376220703125 272.3499755859375 268.899993896484375 266.181243896484375 265.23126220703125 266.14373779296875 267.3125 269.337493896484375 272.875 279.649993896484375 287.818756103515625 296.662506103515625 307.82501220703125 320.100006103515625 331.506256103515625 341.350006103515625 351.712493896484375 362.95001220703125 372.71875 382.1875 393.28125 402.506256103515625 415.100006103515625 432.875
213.0687408447265625 213.4187469482421875 215.6062469482421875 217.087493896484375 217.4375 218.225006103515625 217.3937530517578125 215.71875 214.056243896484375 216.068756103515625 227.618743896484375 245.78125 265.649993896484375 280.256256103515625 286.662506103515625 289.39373779296875 289.743743896484375 287.818756103515625 283.256256103515625 277.70623779296875 273.912506103515625 270.20001220703125 266.09375 263.5 262.95623779296875 263.26251220703125 264.63751220703125 266.4375 269.618743896484375 277.256256103515625 286.350006103515625 295.20623779296875 306.78125 318.34375 329.412506103515625 338.4375 350.70001220703125 362.181243896484375 372.23126220703125 383.0625 395.256256103515625 407.01873779296875 419.475006103515625 436.09375
198.181243896484375 198.306243896484375 199.9250030517578125 201.149993896484375 201.5437469482421875 202.7312469482421875 202.806243896484375 200.681243896484375 197.975006103515625 196.8125 213.899993896484375 241.3000030517578125 262.28125 276.5 283.993743896484375 287.54998779296875 288.79376220703125 285.89373779296875 281.3125 275.318756103515625 270.95001220703125 266.712493896484375 262.63751220703125 260.087493896484375 259.03125 259.462493896484375 260.38751220703125 263.087493896484375 266.88751220703125 275.10626220703125 284.38751220703125 293.53125 304.88751220703125 316.725006103515625 327.181243896484375 337.73748779296875 349.337493896484375 360.36248779296875 369.212493896484375 379.881256103515625 391.774993896484375 403.6875 416.51873779296875 432.09375
183.15625 183.587493896484375 185.46875 186.7375030517578125 187.9499969482421875 189.7375030517578125 191.431243896484375 191.21875 191.162506103515625 189.6125030517578125 219.149993896484375 248.756256103515625 264.712493896484375 276.25 283.11248779296875 287.068756103515625 288.13751220703125 285.21875 279.375 273.34375 267.431243896484375 262.48748779296875 258.693756103515625 256.024993896484375 254.59375 254.868743896484375 257.03125 259.76873779296875 263.65625 272.712493896484375 281.756256103515625 291.506256103515625 302.743743896484375 314.38751220703125 324.70001220703125 335.068756103515625 345.85626220703125 355.712493896484375 364.9375 374.662506103515625 385.193756103515625 396.54376220703125 408.14373779296875 422.125
168.587493896484375 169.25 171.975006103515625 174.4187469482421875 176.3937530517578125 179.649993896484375 183.2687530517578125 187.34375 195.100006103515625 211.850006103515625 245.962493896484375 258.78125 267.45001220703125 277.149993896484375 283.51873779296875 287.98126220703125 289.78125 285.54998779296875 279.29376220703125 272.51873779296875 265.35626220703125 258.98126220703125 254.6062469482421875 252.25 251.3625030517578125 251.850006103515625 253.9000091552734375 257.3125 261.57501220703125 270.556243896484375 280.131256103515625 288.243743896484375 298.5625 309.024993896484375 319.92498779296875 329.48126220703125 338.899993896484375 347.899993896484375 355.693756103515625 363.712493896484375 373.48126220703125 382.375 391.5625 402.34375
154.931243896484375 155.881256103515625 159.21875 162.587493896484375 165.8625030517578125 171.2624969482421875 177.2687530517578125 185.318756103515625 197.5124969482421875 215.912506103515625 239.7937469482421875 255.899993896484375 266.59375 277.29376220703125 284.70623779296875 289.556243896484375 291.78125 287.76873779296875 280.225006103515625 272.412506103515625 262.568756103515625 254.274993896484375 248.743743896484375 246.0500030517578125 246.4375 248.087493896484375 251.3874969482421875 255.5625 260.0625 268.962493896484375 277.368743896484375 286.10626220703125 295.975006103515625 305.23126220703125 314.36248779296875 321.850006103515625 330.73126220703125 338.368743896484375 344.774993896484375 350.868743896484375 357.98748779296875 365.412506103515625 373.35626220703125 381.76873779296875
