data/historical-monthly-weather-data/wc2.1_cruts4.09_10m_prec_1966-05.asc
ncols        45
nrows        45
xllcorner    -63.500000000000
yllcorner    -7.500000000000
cellsize     0.166666666667
NODATA_value -9999
[rows 0 to 19 of 45, columns 0 to 43 of 45]
625.96875 642.28125 640 646.2437744140625 645.3499755859375 632.3687744140625 609.96875 591.51251220703125 571.36248779296875 555.7249755859375 536.5562744140625 511.393768310546875 489.51873779296875 468.931243896484375 446.212493896484375 426.42498779296875 405.54998779296875 385.587493896484375 369.58123779296875 357.60626220703125 351.412506103515625 345.618743896484375 343.806243896484375 338.756256103515625 335.368743896484375 334.243743896484375 333.53125 334.98126220703125 333.399993896484375 332.65625 327.1875 324.21875 322.375 318.79998779296875 315.962493896484375 318.82501220703125 320.975006103515625 320.881256103515625 323.86248779296875 329.13751220703125 331.768768310546875 335.58123779296875 336.42498779296875 341.67498779296875
621.0625 637.03125 647.03125 661.95623779296875 675 666.8125 646.65625 630.6624755859375 614.1812744140625 593.42498779296875 574.1875 546.92498779296875 519.96875 494.256256103515625 466.850006103515625 441.07501220703125 416.60626220703125 393.46875 377.96875 365.01873779296875 359.54376220703125 356.193756103515625 352.743743896484375 349.5625 344.462493896484375 339.787506103515625 339.3125 338.631256103515625 336.48748779296875 332.681243896484375 326.725006103515625 326.39373779296875 321.431243896484375 319.356231689453125 315.29998779296875 313.95001220703125 318.17498779296875 319.10626220703125 324.568756103515625 325.15625 327.76251220703125 335.149993896484375 335.875 335.73126220703125
586.51873779296875 606.86248779296875 625.57501220703125 642.63751220703125 656.39373779296875 657.82501220703125 653.5625 650.5 639.8187255859375 622.66876220703125 603.54998779296875 573.1937255859375 542.5562744140625 510.587493896484375 481.037506103515625 454.51251220703125 426.23748779296875 401.98748779296875 386.625 375.29998779296875 370.337493896484375 369.4375 366.14373779296875 359.681243896484375 351.881256103515625 347.443756103515625 346.256256103515625 341.66876220703125 335.21875 329.95001220703125 323.38751220703125 319.85626220703125 318.10626220703125 313.35626220703125 310.774993896484375 308.42498779296875 310.64373779296875 312.337493896484375 315.787506103515625 318.54376220703125 323.89373779296875 326.04998779296875 329.600006103515625 330.125
542.6312255859375 557.2249755859375 589.40625 609.1187744140625 628.3375244140625 636.54376220703125 644.28125 655.86248779296875 659.9375 650.45001220703125 629.29998779296875 596.13751220703125 558.61248779296875 524.6937255859375 492.600006103515625 462.21875 431.337493896484375 408.78125 394.1875 387.162506103515625 388.225006103515625 385.46875 379.73126220703125 371.78125 361.35626220703125 351.9375 349 339.92498779296875 331.118743896484375 327.35626220703125 320.475006103515625 315.33123779296875 311.087493896484375 305.287506103515625 299.725006103515625 302.350006103515625 305.48126220703125 306.46875 310.11248779296875 313.54376220703125 316.71875 322.600006103515625 322.350006103515625 322.21875
533.5999755859375 540.41876220703125 545.1937255859375 566.375 592.76873779296875 606.5625 625.7874755859375 649.38751220703125 668.5562744140625 671.8499755859375 645.9124755859375 604.09375 570.45623779296875 537.54998779296875 503.41876220703125 469.28125 435.98126220703125 415.237518310546875 401.931243896484375 398.57501220703125 400.243743896484375 396.26251220703125 388.506256103515625 382.75 368.10626220703125 355.90625 344.725006103515625 337.681243896484375 328.29998779296875 322.04376220703125 316.33123779296875 308.67498779296875 303.08123779296875 300.024993896484375 295.92498779296875 295.79376220703125 299.6875 302.5625 306.90625 309.28125 313.681243896484375 315.537506103515625 316.23748779296875 318.13751220703125
513.39373779296875 519.5374755859375 521.21875 519.375 545.89373779296875 570.5687255859375 591.85626220703125 612.5625 636.36248779296875 646.6500244140625 628.04998779296875 587.45623779296875 561.53125 535.1312255859375 500.631256103515625 474.15625 441.70623779296875 422.01251220703125 413.34375 414.26251220703125 411.725006103515625 407.212493896484375 400.84375 385.524993896484375 369.975006103515625 355.443756103515625 343.806243896484375 333.443756103515625 325.16876220703125 319.65625 314.09375 308.506256103515625 303.306243896484375 300.04998779296875 295.96875 296.993743896484375 298.712493896484375 300.274993896484375 307 308.399993896484375 308.39373779296875 310.29376220703125 309.462493896484375 310.318756103515625
497.100006103515625 498.881256103515625 498.975006103515625 498.412506103515625 507.03125 521.08746337890625 540.46875 560.4000244140625 565.54998779296875 579.13751220703125 578.625 557.73126220703125 542.3687744140625 524.6624755859375 499.38751220703125 475.01251220703125 454.193756103515625 441.75 434.25 437.1875 428.006256103515625 417.100006103515625 402.6875 388.0625 371.85626220703125 358.149993896484375 343.712493896484375 331.618743896484375 319.162506103515625 314.600006103515625 310.537506103515625 303.412506103515625 297.993743896484375 295.64373779296875 293.66876220703125 296.125 296.09375 297.04376220703125 302.837493896484375 305.487518310546875 302.662506103515625 301.256256103515625 299.96875 301.818756103515625
479.46875 477.912506103515625 477.01251220703125 480.29376220703125 487.58123779296875 501.056243896484375 503.5625 495.056243896484375 486.087493896484375 505.48748779296875 528.48126220703125 526.79376220703125 525.15625 513.95001220703125 497.712493896484375 482.60626220703125 467.39373779296875 462.48126220703125 458.10626220703125 454.98748779296875 446.21875 428.71875 410.712493896484375 388.274993896484375 372.381256103515625 350.13751220703125 339.131256103515625 325.20001220703125 313.08123779296875 309 304.9375 298.21875 295.01251220703125 291.056243896484375 287.212493896484375 287.84375 289.09375 291.48748779296875 293.20001220703125 290.399993896484375 290.118743896484375 288.475006103515625 288.024993896484375 286.54376220703125
464.23126220703125 462.225006103515625 463.91876220703125 464.725006103515625 468.943756103515625 478.175018310546875 480.08123779296875 475.193756103515625 456.88751220703125 455.53125 479.056243896484375 492.024993896484375 502.41876220703125 496.71875 488.86248779296875 484.3125 477.5625 477.350006103515625 478.76251220703125 466.350006103515625 444.53125 429.70623779296875 404.08123779296875 390.08123779296875 366.056243896484375 342.36248779296875 327.712493896484375 318.4375 310.868743896484375 304.79998779296875 302.806243896484375 294.8125 286.318756103515625 280.25 279.01873779296875 280.756256103515625 282.67498779296875 285.225006103515625 287.78125 282.837493896484375 278.125 275.25 276.712493896484375 277.76873779296875
447.98126220703125 448.01251220703125 449.8125 452.787506103515625 452.23126220703125 460.787506103515625 465 464.431243896484375 458.98748779296875 462.11248779296875 473.037506103515625 471.568756103515625 484.51251220703125 481.443756103515625 483.625 482.26873779296875 481.53125 482.40625 485.60626220703125 481.13751220703125 452.731231689453125 424.15625 398.774993896484375 380.98126220703125 354.20623779296875 331.26873779296875 316.931243896484375 308.1875 303.100006103515625 301.225006103515625 294.9375 285.86248779296875 280.850006103515625 276.006256103515625 271.91876220703125 273.01251220703125 273.931243896484375 276.850006103515625 278.875 278.225006103515625 276.475006103515625 275.57501220703125 269.09375 263.70623779296875
431.95623779296875 434.01251220703125 434.4375 438.03125 437.75 447.850006103515625 454.024993896484375 452.20001220703125 451.20623779296875 459.100006103515625 470.88751220703125 475.256256103515625 468.82501220703125 470.662506103515625 473.662506103515625 476.431243896484375 481.056243896484375 484.625 487.07501220703125 487.693756103515625 472.037506103515625 434.1875 398.82501220703125 359.931243896484375 343.037506103515625 325.568756103515625 311.61248779296875 302.506256103515625 293.11248779296875 288.125 284.3125 277.95001220703125 272.59375 267.73748779296875 263.09375 261.5625 262.41876220703125 266.38751220703125 270.850006103515625 271.70001220703125 270.725006103515625 267.14373779296875 265 255.4625091552734375
421.100006103515625 421.375 423.13751220703125 426.79998779296875 429.256256103515625 433.993743896484375 443.71875 447.912506103515625 451.51873779296875 453.1875 463.21875 473.868743896484375 461.63751220703125 461.32501220703125 468.350006103515625 468.1875 472.412506103515625 475.59375 479.743743896484375 486.5625 476.1875 445.78125 406.85626220703125 363.787506103515625 331.649993896484375 307.181243896484375 292.45001220703125 284.38751220703125 278.875 273.95001220703125 266.837493896484375 260.89373779296875 256.243743896484375 251.774993896484375 250.28125 252.2624969482421875 255.2624969482421875 257.556243896484375 259.83123779296875 261.54998779296875 262.881256103515625 258.975006103515625 251.475006103515625 234.0812530517578125
411.78125 409.256256103515625 410.193756103515625 414.3125 416.03125 423.556243896484375 428.83123779296875 431.399993896484375 436.524993896484375 444.23126220703125 452.75 461.59375 459.662506103515625 444.20001220703125 446.79998779296875 454.38751220703125 458.087493896484375 461.568756103515625 465.04376220703125 471.45623779296875 466.943756103515625 435.89373779296875 399.20623779296875 357.26251220703125 309.91876220703125 282.16876220703125 277.03125 271.193756103515625 267.41876220703125 263.83123779296875 255 245.4250030517578125 239.96875 235.068756103515625 234.818756103515625 239.943756103515625 244.931243896484375 250.6374969482421875 255.3562469482421875 256.662506103515625 255.5124969482421875 251.4499969482421875 235.8249969482421875 221.3937530517578125
394.16876220703125 393.17498779296875 396.13751220703125 399.54376220703125 403.618743896484375 408.131256103515625 411.518768310546875 415.28125 423.100006103515625 429.63751220703125 429.806243896484375 435.306243896484375 436.100006103515625 431.66876220703125 419.350006103515625 430.850006103515625 434.33123779296875 435.118743896484375 441.65625 448.625 439.89373779296875 413.993743896484375 382.90625 348.306243896484375 308.756256103515625 279.65625 268 258.256256103515625 253.024993896484375 247.024993896484375 242.34375 232.162506103515625 226.725006103515625 222.4375 221.024993896484375 229.03125 238.1125030517578125 246.90625 252.818756103515625 251.0437469482421875 240.3249969482421875 228.225006103515625 222.587493896484375 219.90625
378.375 380.15625 384.337493896484375 387.07501220703125 389.76873779296875 394.29998779296875 401.09375 406.893768310546875 410.5 411.26251220703125 409.524993896484375 412.16876220703125 409.431243896484375 404.318756103515625 385.79376220703125 393.42498779296875 399.631256103515625 406.125 412.350006103515625 417.068756103515625 410.65625 392.024993896484375 369.83123779296875 348.40625 321.63751220703125 296.48126220703125 277.98748779296875 264.274993896484375 253.2624969482421875 243.9875030517578125 230.993743896484375 219.462493896484375 216.8625030517578125 208.943756103515625 202.993743896484375 208.193756103515625 226.1437530517578125 239.9875030517578125 242.274993896484375 235.256256103515625 222.756256103515625 217.9812469482421875 220.743743896484375 218.0812530517578125
362.15625 363.875 370.20623779296875 374.6875 376.4375 382.96875 390.04998779296875 394.375 394.40625 395.256256103515625 391.125 390.73126220703125 387.14373779296875 384.10626220703125 370.368743896484375 355.04998779296875 366.03125 380.743743896484375 383.29998779296875 387.73126220703125 383.337493896484375 376.14373779296875 364.70623779296875 352.48126220703125 330.66876220703125 305.54998779296875 284.637481689453125 266.35626220703125 252.84375 243.6437530517578125 233.4187469482421875 219.6875 206.5749969482421875 194.631256103515625 187.3249969482421875 202.912506103515625 214.225006103515625 225.3125 228.431243896484375 224.931243896484375 215.868743896484375 212.4499969482421875 212.6125030517578125 207.09375
348.32501220703125 351.337493896484375 355.274993896484375 361.475006103515625 367.11248779296875 370.375 374.54376220703125 377.10626220703125 379.13751220703125 378.79376220703125 376.16876220703125 377.287506103515625 372.3125 366.82501220703125 357.65625 347.29376220703125 334.10626220703125 345.850006103515625 355.01251220703125 361.287506103515625 359.76873779296875 355.899993896484375 354.32501220703125 352.45623779296875 339.912506103515625 307.0625 282.725006103515625 264.875 250.8249969482421875 240.9250030517578125 231.6062469482421875 221.3562469482421875 209.3874969482421875 198.912506103515625 201.462493896484375 206.337493896484375 216.4250030517578125 226.0625 231.25 220.3625030517578125 208.712493896484375 204.0500030517578125 199.78125 198.4187469482421875
332.26873779296875 338.331268310546875 344.462493896484375 349.66876220703125 355.568756103515625 362.28125 364.16876220703125 364.524993896484375 363.79998779296875 363.9375 361.337493896484375 364.662506103515625 355.67498779296875 351.91876220703125 343.662506103515625 335.712493896484375 324.087493896484375 311.693756103515625 332.318756103515625 336.662506103515625 335.98748779296875 336.625 338.38751220703125 339.35626220703125 331.32501220703125 304.91876220703125 276.662506103515625 261.743743896484375 248.837493896484375 235.21875 218.28125 204.4499969482421875 209.0500030517578125 208.0625 206.0437469482421875 218.399993896484375 227.056243896484375 227.818756103515625 226.524993896484375 217.9562530517578125 201.4812469482421875 195.78125 191.65625 190.8125
316.46875 323.96875 329.806243896484375 338.399993896484375 346.38751220703125 350.475006103515625 353.61248779296875 355.70623779296875 354.518768310546875 355.6875 350.40625 342.73126220703125 335.743743896484375 332.45001220703125 325.274993896484375 320.98126220703125 315.17498779296875 299.73126220703125 298.649993896484375 305.725006103515625 309.11248779296875 317.21875 305.04376220703125 310.36248779296875 305.51873779296875 294.631256103515625 276.29998779296875 256.149993896484375 243.462493896484375 229.693756103515625 215.868743896484375 208.0625 210.125 208.6687469482421875 208.96875 216.6437530517578125 218.024993896484375 215.600006103515625 215.40625 205.556243896484375 192.53125 185.6999969482421875 183.931243896484375 185.0749969482421875
299.36248779296875 308.38751220703125 315.98748779296875 322.23126220703125 331.524993896484375 341.443756103515625 346.51251220703125 348.17498779296875 346.64373779296875 343.399993896484375 341.04376220703125 338.681243896484375 335.78125 326.29376220703125 315.993743896484375 299.90625 286.912506103515625 288.537506103515625 286.024993896484375 289.04998779296875 284.006256103515625 287.11248779296875 294.168731689453125 291.67498779296875 283.23126220703125 269.1875 257.38751220703125 247.8000030517578125 231.493743896484375 216.3249969482421875 208.162506103515625 211.381256103515625 209.25 205.375 207.2937469482421875 210.7687530517578125 210.3874969482421875 207.600006103515625 202.8000030517578125 195.506256103515625 182.4562530517578125 175.7937469482421875 176.8125 178.087493896484375
