data/historical-monthly-weather-data/wc2.1_cruts4.09_10m_prec_1974-05.asc
ncols        51
nrows        45
xllcorner    -63.500000000000
yllcorner    -7.500000000000
cellsize     0.166666666667
NODATA_value -9999
[rows 0 to 18 of 45, columns 0 to 43 of 51]
299.681243896484375 297.70623779296875 292.48126220703125 291.975006103515625 288.71875 283.25 274.15625 267.274993896484375 262.48126220703125 260.256256103515625 256.92498779296875 254.087493896484375 253.2375030517578125 253.3625030517578125 255 258.51873779296875 260.83123779296875 261.54998779296875 264.35626220703125 269.03125 272.024993896484375 274.35626220703125 280.07501220703125 283.89373779296875 289.318756103515625 296.64373779296875 303.21875 311.662506103515625 316.42498779296875 316.15625 310.399993896484375 307.068756103515625 304.850006103515625 301.01873779296875 297.79998779296875 299.600006103515625 300.73126220703125 299.706268310546875 302.149993896484375 306.79998779296875 309.10626220703125 313.243743896484375 314.70623779296875 320.33123779296875
298.443756103515625 296.306243896484375 296.412506103515625 299.4375 302.10626220703125 299.024993896484375 291.21875 285.76251220703125 283.0625 278.837493896484375 275.850006103515625 272.375 269.25 266.868743896484375 265.92498779296875 265.8125 266.08123779296875 267.26873779296875 273.381256103515625 280.03125 283.993743896484375 288.29998779296875 292.73126220703125 298.11248779296875 302.08123779296875 306.25 312.712493896484375 318.84375 322.975006103515625 320.85626220703125 315.88751220703125 316.337493896484375 312.03125 310.5 306.975006103515625 305.506256103515625 309.337493896484375 309.96875 314.96875 315.21875 317.54376220703125 325.056243896484375 326.14373779296875 326.46875
286.912506103515625 287.725006103515625 292.26251220703125 296.60626220703125 299.912506103515625 301.537506103515625 301.243743896484375 302.04376220703125 302.16876220703125 299.71875 296.79998779296875 291.42498779296875 286.01251220703125 279.76873779296875 277.10626220703125 276.0625 273.25 271.8125 275.912506103515625 281.818756103515625 286.11248779296875 292.600006103515625 297.66876220703125 302.15625 305.931243896484375 312.443756103515625 319.35626220703125 322.881256103515625 323.881256103515625 321.306243896484375 316.6875 314.98748779296875 314.725006103515625 311.48748779296875 310.256256103515625 308.51873779296875 311.17498779296875 313.274993896484375 316.63751220703125 319.23126220703125 324.443756103515625 326.725006103515625 330.39373779296875 331.118743896484375
271.04998779296875 270.16876220703125 281.79376220703125 287.899993896484375 294.23748779296875 299.337493896484375 304.96875 312.92498779296875 320.16876220703125 321.412506103515625 317.29376220703125 309.96875 300.193756103515625 292.131256103515625 287.35626220703125 283.350006103515625 277.88751220703125 275.006256103515625 276.76251220703125 283.23748779296875 291.89373779296875 297.26873779296875 301.006256103515625 306.34375 310.381256103515625 314.875 321.48126220703125 321.9375 321.793731689453125 321.59375 317.524993896484375 315.131256103515625 313.287506103515625 309.82501220703125 306.48748779296875 310.51873779296875 314.899993896484375 316.975006103515625 320.88751220703125 324.46875 327.743743896484375 333.649993896484375 333.193756103515625 332.993743896484375
272.181243896484375 268.037506103515625 266.78125 274.07501220703125 284.36248779296875 292.40625 303.78125 317.84375 332.587493896484375 340.125 333.28125 320.65625 312.15625 303.84375 297.14373779296875 290.087493896484375 282.037506103515625 277.88751220703125 277.89373779296875 284.54998779296875 293.537506103515625 298.39373779296875 301.20623779296875 310.01251220703125 312.71875 316.899993896484375 317.04998779296875 320.256256103515625 320.568756103515625 318.79998779296875 316.78125 312.756256103515625 310.368743896484375 310.53125 309.506256103515625 311.51873779296875 317.618743896484375 322.506256103515625 327.60626220703125 330.443756103515625 335.33123779296875 336.975006103515625 337.20623779296875 338.875
266.774993896484375 262.71875 260.09375 256.29376220703125 267.018768310546875 280.61248779296875 293.3125 306.23126220703125 323.318756103515625 334.274993896484375 330.774993896484375 318.024993896484375 313 307.5625 299.04376220703125 294.975006103515625 285.774993896484375 280.243743896484375 281.193756103515625 288.943756103515625 295.63751220703125 301.41876220703125 306.681243896484375 308.993743896484375 311.86248779296875 314.90625 314.993743896484375 315.368743896484375 317.068756103515625 316.92498779296875 316.006256103515625 315.056243896484375 313.806243896484375 314.524993896484375 314.306243896484375 318.78125 323.9375 328.73126220703125 337.54998779296875 340.256256103515625 341.21875 343.03125 341.649993896484375 342.193756103515625
263.25 257.3125 253.9437408447265625 250.8562469482421875 252.9812469482421875 261.51873779296875 273.431243896484375 286.10626220703125 293.45623779296875 305.70623779296875 311.08123779296875 307.962493896484375 308.01873779296875 306.693756103515625 301.88751220703125 297.274993896484375 293.70623779296875 291.04376220703125 290.787506103515625 298.193756103515625 301.3125 303.98748779296875 304.625 308.14373779296875 311.193756103515625 315.71875 313.61248779296875 312.5625 310.48748779296875 312.07501220703125 313.568756103515625 312.01251220703125 311.14373779296875 313.40625 316.100006103515625 323.35626220703125 327.96875 333.443756103515625 342.493743896484375 347.73126220703125 346.41876220703125 344.712493896484375 342.85626220703125 344.60626220703125
258.850006103515625 251.5625 247.7937469482421875 246.6999969482421875 248.2624969482421875 256.756256103515625 260.243743896484375 258.23126220703125 257.64373779296875 272.524993896484375 290.068756103515625 296.71875 303.912506103515625 305.59375 304.33123779296875 303.512481689453125 301.67498779296875 302.20623779296875 302.350006103515625 304.306243896484375 308.756256103515625 308.26251220703125 307.693756103515625 305.84375 309.63751220703125 307.306243896484375 308.26873779296875 305.48748779296875 303.774993896484375 306.42498779296875 308.712493896484375 308.1875 310.1875 311.225006103515625 312.46875 318.774993896484375 325.962493896484375 334.26251220703125 339.88751220703125 339.943756103515625 342.462493896484375 340.806243896484375 340.087493896484375 338.07501220703125
254.8562469482421875 247.693756103515625 245.4875030517578125 243.318756103515625 243.5124969482421875 249.8000030517578125 252.818756103515625 252.537506103515625 246.8312530517578125 250.412506103515625 268.149993896484375 282.59375 296.41876220703125 300.63751220703125 301.5625 304.112518310546875 304.95623779296875 308.412506103515625 312.66876220703125 308.91876220703125 305.399993896484375 307.625 302.256256103515625 306.931243896484375 304.037506103515625 300.100006103515625 297.26873779296875 298.20623779296875 300.39373779296875 300.88751220703125 304.98126220703125 303.01873779296875 299.587493896484375 298.443756103515625 302.57501220703125 310.693756103515625 319.33123779296875 328.64373779296875 336.506256103515625 335.318756103515625 333.76873779296875 331.381256103515625 333.662506103515625 335.26873779296875
250.1374969482421875 244.431243896484375 242.5437469482421875 241.75 239.618743896484375 245.5 249.600006103515625 251.46875 252.743743896484375 259.01873779296875 270.10626220703125 276.28125 291.600006103515625 296.78125 300.89373779296875 302.03125 303.78125 308.024993896484375 314.01251220703125 316.20001220703125 309.274993896484375 302.837493896484375 298.162506103515625 299.67498779296875 294.100006103515625 290.20623779296875 286.962493896484375 287.743743896484375 291.625 295.78125 295.20001220703125 291.756256103515625 291.90625 292.106231689453125 293.26873779296875 301.1875 309.23748779296875 319.625 328.01873779296875 333.16876220703125 336.506256103515625 337.29998779296875 330.6875 325.018768310546875
245.5812530517578125 241.3562469482421875 238.90625 238.693756103515625 236.8562469482421875 243.5812530517578125 248.6687469482421875 249.75 253.53125 262.743743896484375 274.600006103515625 284.087493896484375 287.475006103515625 294.881256103515625 296.837493896484375 297.662506103515625 300.3125 306.32501220703125 312.35626220703125 318.48748779296875 321.212493896484375 309.54998779296875 298.40625 283.39373779296875 284.899993896484375 285.10626220703125 281.73748779296875 281.61248779296875 280.837493896484375 281.46875 282.82501220703125 281.70001220703125 281.42498779296875 281.568756103515625 282.149993896484375 287.42498779296875 295.712493896484375 307.65625 319.8125 327.899993896484375 333.29376220703125 331.587493896484375 330.98126220703125 320.66876220703125
244.375 239.3000030517578125 237.725006103515625 237.6750030517578125 237.4499969482421875 241.3874969482421875 248.5749969482421875 253.100006103515625 259.725006103515625 265.66876220703125 276.60626220703125 287.96875 285.38751220703125 289.3125 293.35626220703125 292.17498779296875 294.51251220703125 300.54998779296875 308.037506103515625 318.60626220703125 325.524993896484375 319.90625 306.9375 288.181243896484375 276.54998779296875 269.36248779296875 264.350006103515625 264.306243896484375 266.36248779296875 266.48748779296875 264.04376220703125 262.774993896484375 262.6875 262.78125 266.181243896484375 274.79376220703125 285 294.71875 304.556243896484375 314.08123779296875 322.73748779296875 321.32501220703125 314.743743896484375 295.0625
244.149993896484375 237.524993896484375 235.59375 235.9250030517578125 235.399993896484375 241.0812530517578125 245.962493896484375 249.71875 257.42498779296875 267.13751220703125 277.125 285.087493896484375 286.01873779296875 278.100006103515625 279.33123779296875 283.32501220703125 285.64373779296875 292.131256103515625 299.431243896484375 310 321.162506103515625 315.3125 304.01251220703125 285.11248779296875 259.5 247.8874969482421875 250.4375 251.681243896484375 254.649993896484375 255.6062469482421875 251.056243896484375 245.6374969482421875 244.274993896484375 243.399993896484375 247.537506103515625 258.88751220703125 270.60626220703125 283.668731689453125 296.58123779296875 305.96875 312.100006103515625 311.11248779296875 295.024993896484375 279.556243896484375
238.587493896484375 233 232.399993896484375 232.5124969482421875 233.4875030517578125 237.618743896484375 241.618743896484375 246.2312469482421875 255.6875 264.912506103515625 269.54998779296875 273.274993896484375 273.33123779296875 270.125 262.01251220703125 268.818756103515625 271.274993896484375 276.16876220703125 285.493743896484375 296.48748779296875 304.63751220703125 302.09375 294.493743896484375 280.100006103515625 259.78125 246.0500030517578125 242.243743896484375 239.2750091552734375 240.243743896484375 238.350006103515625 237.4250030517578125 230.9812469482421875 229.287506103515625 228.6125030517578125 231.1125030517578125 244.90625 260.5625 276.631256103515625 291.181243896484375 297.34375 292.23126220703125 281.712493896484375 278.35626220703125 278.100006103515625
231.818756103515625 228.1437530517578125 228.568756103515625 228.587493896484375 229.0500030517578125 233.53125 239.8312530517578125 245.931243896484375 252.7312469482421875 258.13751220703125 261.17498779296875 262.29376220703125 259.21875 254.850006103515625 242.9875030517578125 247.725006103515625 252.193756103515625 260.493743896484375 269.375 278.581268310546875 287.662506103515625 289.61248779296875 287.962493896484375 282.76873779296875 271.98748779296875 261.04376220703125 251.0500030517578125 244.3625030517578125 239.6687469482421875 234.618743896484375 225.4812469482421875 217.53125 218.4187469482421875 213.868743896484375 211.350006103515625 221.6125030517578125 246.28125 267.568756103515625 277.95623779296875 278.0625 270.743743896484375 269.0625 276.01251220703125 275.67498779296875
224.3125 220.868743896484375 222.9375 224.337493896484375 224.5749969482421875 230.5437469482421875 237.412506103515625 242.881256103515625 247.2375030517578125 252.3562469482421875 253.4187469482421875 252 247.7687530517578125 244.2624969482421875 235.53125 226.068756103515625 233.8000030517578125 247.1875 253.40625 262.068756103515625 271.9375 281.537506103515625 287.67498779296875 288.75 281.01251220703125 269.212493896484375 256.8125 245.78125 238.5625 233.506256103515625 227.0625 217 207.3125 198.493743896484375 194.318756103515625 215.15625 232.3125 250.1750030517578125 261.28125 265.48748779296875 262.48126220703125 262.29998779296875 265.774993896484375 261.556243896484375
217.962493896484375 215.5187530517578125 216.431243896484375 219.1687469482421875 222.0500030517578125 226.337493896484375 231.7062530517578125 236.28125 241.6875 245.7687530517578125 247.493743896484375 246.6125030517578125 241.024993896484375 235.568756103515625 229.899993896484375 223.774993896484375 216.2375030517578125 227.4562530517578125 237.6875 247.2312469482421875 258.443756103515625 269.79998779296875 282.875 291.225006103515625 290.100006103515625 270.60626220703125 254.8125 243.8625030517578125 235.899993896484375 230.1374969482421875 224.5625 217.943756103515625 209.431243896484375 202.1999969482421875 208.3249969482421875 218.024993896484375 233.899993896484375 250.1875 263.83123779296875 259.73126220703125 253.84375 251.9499969482421875 249.6374969482421875 250.381256103515625
208.8625030517578125 208.337493896484375 210.6062469482421875 212.8312530517578125 215.881256103515625 222.3312530517578125 226.3562469482421875 229.618743896484375 233.475006103515625 238.068756103515625 240.006256103515625 241.087493896484375 233.3125 229.381256103515625 224.40625 219.875 213.25 208.25 225.774993896484375 233.5 244.1999969482421875 257.59375 271.899993896484375 281.375 282.912506103515625 268.04998779296875 248.568756103515625 240.181243896484375 233.243743896484375 224.03125 211.131256103515625 200.899993896484375 208.8125 211.2624969482421875 212.931243896484375 230.881256103515625 245.743743896484375 252.6937408447265625 258.84375 256.91876220703125 244.712493896484375 241.2687530517578125 238.9875030517578125 240.243743896484375
199.6687469482421875 200.024993896484375 202.149993896484375 206.431243896484375 210.78125 215.625 220.4187469482421875 224.8312530517578125 228.6875 234.2687530517578125 234.7937469482421875 229.193756103515625 223.381256103515625 220.28125 216.068756103515625 213.9562530517578125 211.1374969482421875 203.662506103515625 206.1062469482421875 215.056243896484375 227.3812408447265625 244.8000030517578125 246.4124908447265625 258.01251220703125 260.8125 258.26251220703125 247.375 234.256256103515625 227.412506103515625 218.1437530517578125 208.306243896484375 204.125 209.6437530517578125 211.7375030517578125 215.931243896484375 229.2375030517578125 236.5124969482421875 239.975006103515625 246.662506103515625 242.375 233.475006103515625 228.375 228.8249969482421875 232.431243896484375
