data/historical-monthly-weather-data/wc2.1_cruts4.09_10m_prec_1969-07.asc
ncols        45
nrows        45
xllcorner    -63.500000000000
yllcorner    -7.500000000000
cellsize     0.166666666667
NODATA_value -9999
[rows 0 to 18 of 45, columns 0 to 42 of 45]
344.149993896484375 332.95001220703125 320.54376220703125 314.51873779296875 304.09375 294.693756103515625 285.256256103515625 273.631256103515625 268.79376220703125 266.337493896484375 259.28125 253.1125030517578125 245.899993896484375 242.556243896484375 241.100006103515625 237.125 232.806243896484375 224.037506103515625 217.318756103515625 213.8562469482421875 211.9562530517578125 204.787506103515625 199.274993896484375 194.9250030517578125 192.975006103515625 187.65625 185.59375 184.037506103515625 180.09375 177.9875030517578125 168.5500030517578125 163.587493896484375 163.524993896484375 160.1875 156.7624969482421875 153.149993896484375 146.868743896484375 148.600006103515625 144.600006103515625 141.9812469482421875 144.6750030517578125 148.681243896484375 148.1687469482421875
331.975006103515625 321.11248779296875 310.63751220703125 307.181243896484375 301.649993896484375 294.01873779296875 285.0625 276.48748779296875 272.33123779296875 267.21875 260 252.0749969482421875 244.681243896484375 238.96875 233.5625 228.8312530517578125 223 215.6374969482421875 210.631256103515625 206.3937530517578125 199.125 196.21875 192.881256103515625 192.8312530517578125 186.6374969482421875 182.8937530517578125 181.40625 180.3687591552734375 175.0500030517578125 169.90625 165.2687530517578125 165.556243896484375 164.662506103515625 164.662506103515625 162.212493896484375 156.212493896484375 150.337493896484375 149.8000030517578125 145.193756103515625 144.243743896484375 148.381256103515625 149.431243896484375 149.931243896484375
297.100006103515625 294.51873779296875 292.83123779296875 288.568756103515625 282.5625 275.35626220703125 270.70001220703125 269.274993896484375 267.5625 263.131256103515625 256.51873779296875 246.681243896484375 241.5124969482421875 231.5749969482421875 224.3249969482421875 217.693756103515625 212.1687469482421875 204.78125 198.506256103515625 195.7624969482421875 189.399993896484375 187.774993896484375 186.318756103515625 185.3874969482421875 181.743743896484375 175.8937530517578125 179.3000030517578125 177.2312469482421875 173.3125 170.1374969482421875 166.431243896484375 161.318756103515625 161.8249969482421875 164.899993896484375 157.7687530517578125 150.837493896484375 148.649993896484375 149.9812469482421875 144.65625 144.0812530517578125 147.03125 148.962493896484375 147.806243896484375
265.931243896484375 259.556243896484375 264.537506103515625 268.431243896484375 263.45001220703125 256.59375 253.100006103515625 257.475006103515625 261.07501220703125 259.65625 249.4187469482421875 239.65625 232.681243896484375 227.431243896484375 217.1374969482421875 207.274993896484375 199.2375030517578125 192.9250030517578125 189.225006103515625 190.65625 186.193756103515625 180.1062469482421875 178.287506103515625 179.40625 177.600006103515625 173.7624969482421875 173.6999969482421875 168.3937530517578125 167.9375 170.1687469482421875 167.3874969482421875 162.024993896484375 158.1062469482421875 155.3874969482421875 150.4250030517578125 151.556243896484375 151.7312469482421875 146.8937530517578125 143.71875 142.1437530517578125 147.0124969482421875 150.787506103515625 149.6374969482421875
263.274993896484375 246.5625 234.9812469482421875 240.34375 245.9875030517578125 240.399993896484375 241.631256103515625 246.8937530517578125 250.068756103515625 248.0625 245.1750030517578125 234.2312469482421875 227.0749969482421875 220.0749969482421875 208.9187469482421875 198.962493896484375 189.6062469482421875 184.875 177.90625 177.9250030517578125 176.912506103515625 171.46875 168.725006103515625 174.5812530517578125 172.4375 168.399993896484375 165.912506103515625 166.600006103515625 165.381256103515625 163.493743896484375 163.1999969482421875 161.3000030517578125 160.475006103515625 156.681243896484375 151.8625030517578125 147.6062469482421875 147.537506103515625 146.1750030517578125 141.8625030517578125 141.975006103515625 145.4875030517578125 145.4375 147.743743896484375
242.6374969482421875 234.443756103515625 226.943756103515625 208.5437469482421875 217.9499969482421875 229.1437530517578125 230.412506103515625 233.0437469482421875 238.8937530517578125 236.75 231.912506103515625 223.5500030517578125 217.6999969482421875 206.3249969482421875 199.193756103515625 190.2312469482421875 179.131256103515625 171.7937469482421875 168.600006103515625 170.125 168.8000030517578125 165.9187469482421875 165.787506103515625 165.181243896484375 166.100006103515625 164.037506103515625 161.9187469482421875 161.5500030517578125 159.100006103515625 157.9375 158.0187530517578125 160.4499969482421875 157.75 157.2375030517578125 151.3874969482421875 148.9375 142.756256103515625 141.6687469482421875 142.28125 144.8312530517578125 142.53125 144.774993896484375 144.818756103515625
225.943756103515625 219.7375030517578125 214.868743896484375 208 203.1437530517578125 200.662506103515625 208.8625030517578125 216.537506103515625 218.3874969482421875 219.649993896484375 218.649993896484375 207.7375030517578125 205.0812530517578125 196.8937530517578125 187.337493896484375 180.943756103515625 173.649993896484375 163.4812469482421875 156.443756103515625 161.4875030517578125 160.1687469482421875 157.3874969482421875 155.9875030517578125 158.618743896484375 158.837493896484375 159.9187469482421875 161.399993896484375 156.3874969482421875 152.024993896484375 155.600006103515625 155.149993896484375 153.056243896484375 150.931243896484375 153.1875 152.431243896484375 147.868743896484375 141.350006103515625 138.381256103515625 140.3000030517578125 143.78125 140.774993896484375 139.681243896484375 141.212493896484375
213.71875 205.09375 203.306243896484375 201.5625 200.8625030517578125 205.9562530517578125 201.850006103515625 192.056243896484375 190.6062469482421875 193.4875030517578125 195.15625 192.0749969482421875 189.40625 182.2687530517578125 176.912506103515625 171.0749969482421875 163.274993896484375 155.3625030517578125 149.9187469482421875 147.7375030517578125 152.037506103515625 152.943756103515625 150.8000030517578125 152.931243896484375 155.868743896484375 152.912506103515625 153.6437530517578125 147.743743896484375 147.53125 147.34375 151.787506103515625 150.5124969482421875 150.1875 149.0500030517578125 146.774993896484375 140.506256103515625 135.256256103515625 132.9875030517578125 131.6374969482421875 131.1999969482421875 130.100006103515625 131.3874969482421875 132.068756103515625
202.78125 196.3125 193.4875030517578125 195.212493896484375 197.3125 198.037506103515625 196.631256103515625 193.2375030517578125 186.068756103515625 178.1999969482421875 176.475006103515625 171.3562469482421875 175.2062530517578125 169.1062469482421875 164.3874969482421875 159.1999969482421875 155.3249969482421875 152.53125 152.84375 144.9250030517578125 143.2062530517578125 148.431243896484375 147.3625030517578125 151.7312469482421875 153.6062469482421875 147.2937469482421875 144.1437530517578125 145.7624969482421875 146.2375030517578125 144.756256103515625 149.6437530517578125 144.71875 138.5124969482421875 135.3000030517578125 134.75 135.087493896484375 133.71875 133.1374969482421875 129.3874969482421875 125.83750152587890625 123.41249847412109375 123.1999969482421875 124.34999847412109375
189.75 186.131256103515625 186.162506103515625 188.3874969482421875 190.6687469482421875 194.350006103515625 192.9187469482421875 190.2312469482421875 185.8000030517578125 181.9562530517578125 174.037506103515625 162.59375 162.6687469482421875 159.3000030517578125 156.0812530517578125 153.46875 147.7375030517578125 149.774993896484375 151.3125 148.6999969482421875 146.381256103515625 142.9499969482421875 139.681243896484375 144.118743896484375 144.75 144.4875030517578125 141.181243896484375 141.1374969482421875 139.2687530517578125 138.59375 140.524993896484375 135.631256103515625 132.6750030517578125 129.162506103515625 126.8000030517578125 128.46875 128.7937469482421875 129.037506103515625 126.0187530517578125 125.74375152587890625 125.4250030517578125 122.8125 118.63124847412109375
181.125 179.100006103515625 178.7062530517578125 182.375 184.2375030517578125 188.0749969482421875 188.25 181.8312530517578125 174.2062530517578125 170.8249969482421875 167.6750030517578125 159.9250030517578125 150.431243896484375 149.1999969482421875 143.9875030517578125 141.462493896484375 140.943756103515625 143.65625 145.649993896484375 150.0749969482421875 152.649993896484375 147.625 138.8625030517578125 132.037506103515625 139.2687530517578125 146.9875030517578125 144.431243896484375 140.9625091552734375 133.8874969482421875 132.712493896484375 132.2624969482421875 131.131256103515625 129.3874969482421875 124.9250030517578125 124.34999847412109375 124.3562469482421875 124.9812469482421875 122.25624847412109375 125.25624847412109375 123.41249847412109375 119.96875 116.2624969482421875 114.90625
173.993743896484375 170.818756103515625 171.3562469482421875 175.600006103515625 178.8312530517578125 182.5749969482421875 184.21875 178.5500030517578125 168.6062469482421875 160.225006103515625 155.4562530517578125 152.399993896484375 141.1374969482421875 136.9875030517578125 137.5812530517578125 133.03125 132.7375030517578125 135.6437530517578125 138.78125 145.7687530517578125 153.868743896484375 151.931243896484375 148.3937530517578125 138.78125 137.2624969482421875 133.4187469482421875 131.568756103515625 131.431243896484375 127.49375152587890625 125.22499847412109375 121.1687469482421875 119.93125152587890625 119.91249847412109375 118.5500030517578125 119.7624969482421875 121.50624847412109375 120.2375030517578125 121.40000152587890625 117.11875152587890625 115.6875 111.71875 110.53749847412109375 104.3249969482421875
162.09375 162.1750030517578125 164.681243896484375 166.587493896484375 168.037506103515625 171.787506103515625 171.274993896484375 164.71875 156.337493896484375 151.9375 148.7687530517578125 142.975006103515625 138.3000030517578125 125.71875 122.31874847412109375 124.0187530517578125 124.06874847412109375 128.443756103515625 132.381256103515625 136.9875030517578125 142.7062530517578125 142.4875030517578125 142.9187469482421875 136.5500030517578125 128.149993896484375 124.6062469482421875 124.0625 124.44374847412109375 121.5124969482421875 117.84999847412109375 113.4562530517578125 108.71875 110.8562469482421875 110.81874847412109375 111.59375 114.21875 117.2937469482421875 121.1062469482421875 122.03125 115.1999969482421875 106.9562530517578125 102.91249847412109375 93.48749542236328125
152.3249969482421875 152.2937469482421875 155.087493896484375 156.1437530517578125 156.5 157.4499969482421875 156.0437469482421875 151.21875 148.243743896484375 141.975006103515625 138.2624969482421875 134.125 126.9375 118.5749969482421875 108.3562469482421875 112.34999847412109375 111.8000030517578125 117.18125152587890625 119.9499969482421875 125.3000030517578125 129.7312469482421875 132.9375 134.625 131.287506103515625 124.0124969482421875 119.0812530517578125 116.28749847412109375 112.90625 109.84999847412109375 106.8125 106.9812469482421875 104.09375 102.5124969482421875 102.49375152587890625 103.91249847412109375 110.2937469482421875 117.8874969482421875 125.5437469482421875 128.8312530517578125 120.84375 102.84375 92.65625 91.5437469482421875
144.8125 143.056243896484375 144.087493896484375 145.912506103515625 144.6750030517578125 143.9812469482421875 145.71875 141.212493896484375 136.837493896484375 131.28125 127.40625 122.08750152587890625 117.15625 111.40000152587890625 98.36249542236328125 98.5437469482421875 99.08750152587890625 103.3937530517578125 106.94374847412109375 112.9562530517578125 119.9499969482421875 123.40000152587890625 126.0812530517578125 126.77500152587890625 124.06874847412109375 120.8249969482421875 117.06874847412109375 111.4499969482421875 108.7937469482421875 106.66249847412109375 101.40000152587890625 99.65000152587890625 101.99375152587890625 100.1062469482421875 96.5437469482421875 101.15000152587890625 114.5437469482421875 128.5124969482421875 132.71875 123.2937469482421875 111.31874847412109375 103.8874969482421875 108.6062469482421875
134.350006103515625 133.2062530517578125 134.6999969482421875 134.6687469482421875 134.287506103515625 136.056243896484375 133.2375030517578125 129.53125 126.125 123.28125 118.1875 113.625 109.36875152587890625 103.99375152587890625 94.24375152587890625 82.3249969482421875 85.21875 91.0187530517578125 94.03125 100.40625 106.5500030517578125 113.3625030517578125 118.88124847412109375 125.71875 125.5500030517578125 121.875 115.28749847412109375 107 104.53749847412109375 102.84999847412109375 103.8249969482421875 97.75624847412109375 94.55625152587890625 91.49375152587890625 89.38124847412109375 102.33750152587890625 113.28749847412109375 125.0625 132.21875 132.1374969482421875 125.84999847412109375 119.69374847412109375 115.66249847412109375
124.53749847412109375 123.81874847412109375 125.84999847412109375 127.06874847412109375 127.6125030517578125 125.68125152587890625 124.71250152587890625 121.50624847412109375 118.53125 115.84999847412109375 111.75624847412109375 106.09999847412109375 100.5500030517578125 97.0437469482421875 94.0187530517578125 85.93125152587890625 77.71875 78.9375 86.1750030517578125 91.6062469482421875 97.3562469482421875 105.05625152587890625 114.7687530517578125 124.66249847412109375 128.8000030517578125 117.44374847412109375 106.5437469482421875 99.28749847412109375 99.03125 100.31874847412109375 101.65625 101.7687530517578125 97.8562469482421875 95.4499969482421875 103.1437530517578125 110.40625 123.6999969482421875 140.2624969482421875 150.25 138.056243896484375 128.0437469482421875 119.6687469482421875 110.6062469482421875
114.6374969482421875 115.7375030517578125 116.49375152587890625 118.875 119.28749847412109375 116.18125152587890625 114.34999847412109375 112.5812530517578125 110.00624847412109375 104.78749847412109375 101.4812469482421875 99.02500152587890625 94.41249847412109375 91.15000152587890625 90.27500152587890625 86.9375 80.1875 71.65625 79.8125 84.1125030517578125 89.6750030517578125 96.7937469482421875 109.875 118.28125 120.8562469482421875 109.86875152587890625 98.8000030517578125 94.08750152587890625 94.88124847412109375 93.96875 90.50624847412109375 89.5437469482421875 102.19374847412109375 106.9875030517578125 106.46875 118.4499969482421875 134.662506103515625 144.693756103515625 148.4437408447265625 139.3937530517578125 122.58750152587890625 113.9499969482421875 105.3562469482421875
105.49375152587890625 106.5437469482421875 106.33750152587890625 107.71250152587890625 109.56874847412109375 108.0437469482421875 104.96875 104.2937469482421875 102.90625 98.75 95.5437469482421875 90.97499847412109375 87.86875152587890625 86.5437469482421875 83.0500030517578125 82.3000030517578125 79.33750152587890625 73.81874847412109375 70.7687530517578125 73.3125 82.63124847412109375 96.40625 92.5812530517578125 102.0124969482421875 105.65625 103.8874969482421875 96.9375 90.71875 91.7062530517578125 92.1062469482421875 90.6875 91.7062530517578125 100.4812469482421875 102.5625 105.2937469482421875 114.81874847412109375 122.75624847412109375 128.7062530517578125 132.993743896484375 123.40625 114.05625152587890625 104.3562469482421875 98.125
