data/historical-monthly-weather-data/wc2.1_cruts4.09_10m_prec_2015-01.asc
ncols        45
nrows        45
xllcorner    -63.500000000000
yllcorner    -7.500000000000
cellsize     0.166666666667
NODATA_value -9999
[rows 0 to 19 of 45, columns 0 to 44 of 45]
128.4187469482421875 123.90000152587890625 117.41249847412109375 112.8562469482421875 107.46875 105.3312530517578125 102.0625 97.40625 93.86875152587890625 91.77500152587890625 90.7937469482421875 90.5812530517578125 89.7937469482421875 86.9250030517578125 86.0500030517578125 86.4812469482421875 87.06874847412109375 86.1875 89.2062530517578125 92.25 95.8562469482421875 100.56874847412109375 105.4375 110.13124847412109375 116.30625152587890625 122.05625152587890625 128.962493896484375 137.181243896484375 145.8937530517578125 150.787506103515625 155.7312469482421875 160.681243896484375 163.7312469482421875 168.1062469482421875 171.3000030517578125 175.3625030517578125 177.1374969482421875 177.9250030517578125 179.8874969482421875 181.4875030517578125 182.4375 184.006256103515625 184.6875 185.912506103515625 188.5625
137.368743896484375 131.9187469482421875 126.2375030517578125 121.1062469482421875 116.9187469482421875 115.3937530517578125 112.59375 109.9375 108.0124969482421875 106.3625030517578125 104.2312469482421875 102.4812469482421875 100.13124847412109375 98.06874847412109375 96.5187530517578125 95.55625152587890625 94.84999847412109375 95.4562530517578125 98.4499969482421875 102.8312530517578125 107.7937469482421875 112.9375 118.8312530517578125 124.88124847412109375 130.2687530517578125 135.7624969482421875 142.78125 150.1875 157.34375 162.037506103515625 165.5625 168.6437530517578125 170.943756103515625 175.7062530517578125 177.875 179.399993896484375 182.59375 183 183.75 184.600006103515625 185.7062530517578125 186.774993896484375 186.131256103515625 186.6750030517578125 188.368743896484375
145.6687469482421875 140.375 134.7375030517578125 130.024993896484375 126.46875 125.7062530517578125 124.8125 124.2375030517578125 123.3874969482421875 122.2375030517578125 120.06874847412109375 117.3562469482421875 114.6374969482421875 111.36875152587890625 108.9375 106.36875152587890625 104.96250152587890625 105.49375152587890625 107.81874847412109375 112.9375 118.8125 125.53749847412109375 131.881256103515625 137.3812408447265625 142.5749969482421875 147.6875 154.5187530517578125 161.5 167.09375 170.2937469482421875 174.3312530517578125 177.618743896484375 180.8625030517578125 182.149993896484375 185.318756103515625 186.306243896484375 188.28125 189.3562469482421875 189.5124969482421875 189.0812530517578125 190.056243896484375 190.087493896484375 189.34375 188.962493896484375 188.787506103515625
152.8000030517578125 147.7624969482421875 144.2687530517578125 140.0500030517578125 137.8312530517578125 135.8874969482421875 137.1437530517578125 139.287506103515625 140.75 141.1999969482421875 138.15625 134.0749969482421875 130.1062469482421875 125.96875 122.8249969482421875 119.2375030517578125 116.15000152587890625 115.0437469482421875 117.65000152587890625 124.2937469482421875 132.274993896484375 139.693756103515625 144.693756103515625 150.5749969482421875 155.9562530517578125 161.037506103515625 167.725006103515625 172.431243896484375 177.225006103515625 180.306243896484375 183.443756103515625 187.6062469482421875 189.7375030517578125 190.725006103515625 191.818756103515625 193.84375 194.40625 195.2375030517578125 195.350006103515625 195.337493896484375 194.09375 194.2937469482421875 193.125 191.212493896484375 190.475006103515625
165.0812530517578125 157.693756103515625 152.693756103515625 149.6125030517578125 147.5 147.743743896484375 149.09375 153.2687530517578125 157.78125 160.368743896484375 156.1750030517578125 151.0124969482421875 146.9562530517578125 142.8125 138.743743896484375 134.037506103515625 129.318756103515625 125.4812469482421875 129.4499969482421875 138.28125 147.9187469482421875 154.962493896484375 160.037506103515625 165.0437469482421875 169.7937469482421875 175.6687469482421875 179.3125 183.2062530517578125 189.350006103515625 191.5437469482421875 194.131256103515625 195.03125 197.881256103515625 199.837493896484375 200.6750030517578125 201.7375030517578125 202.8874969482421875 201.4875030517578125 201.1875 200.149993896484375 199.96875 198.537506103515625 197.181243896484375 194.1374969482421875 192.475006103515625
173.4562530517578125 166.6687469482421875 161.493743896484375 157.1062469482421875 154.649993896484375 155.5749969482421875 157.9187469482421875 161.5749969482421875 166.71875 170.9187469482421875 167.0625 163.5749969482421875 160.256256103515625 157.318756103515625 153.212493896484375 150.59375 145.850006103515625 141.7375030517578125 147.649993896484375 156.9875030517578125 165.056243896484375 170.587493896484375 175.8125 178.912506103515625 183.087493896484375 187.774993896484375 191.375 194.4375 199.2624969482421875 202.337493896484375 203.9250030517578125 205.0500030517578125 205.631256103515625 207.7062530517578125 210.6437530517578125 210.9499969482421875 211.2062530517578125 210.3625030517578125 209.662506103515625 208.9812469482421875 206.274993896484375 204.8312530517578125 202.1999969482421875 198.8874969482421875 196.78125
181.568756103515625 174.7624969482421875 169.8562469482421875 164.0124969482421875 159.875 159.443756103515625 161.506256103515625 164.350006103515625 167.756256103515625 169.96875 171.875 172.375 173.0500030517578125 172.506256103515625 170.818756103515625 170.21875 169.8625030517578125 171.9250030517578125 177.787506103515625 182.6437530517578125 184.3874969482421875 187.8874969482421875 189.7062530517578125 192.0812530517578125 196.0124969482421875 199.024993896484375 202.0812530517578125 205.2312469482421875 208.274993896484375 210.818756103515625 213.9812469482421875 215.28125 215.1374969482421875 215.8625030517578125 217.5187530517578125 219.225006103515625 219.3000030517578125 219.1062469482421875 219.662506103515625 216.7687530517578125 212.53125 210.1875 207.087493896484375 203.5187530517578125 200.84375
190.7375030517578125 181.4187469482421875 175.8625030517578125 170.625 165.818756103515625 165.5812530517578125 165.5 163.8125 163.6875 168.6374969482421875 176.1062469482421875 181.537506103515625 186.1374969482421875 187.6062469482421875 189.125 191.118743896484375 194.90625 201.493743896484375 210.4875030517578125 209.399993896484375 204.53125 203.9562530517578125 203.8937530517578125 205.6750030517578125 209.162506103515625 210.8249969482421875 212.493743896484375 214.6999969482421875 218.5749969482421875 221.412506103515625 223.03125 224.6062469482421875 224.087493896484375 224.2624969482421875 225.1125030517578125 226.46875 226.9562530517578125 226.881256103515625 226.0812530517578125 223.899993896484375 220.1062469482421875 217.350006103515625 213.912506103515625 209.431243896484375 207.6374969482421875
198.193756103515625 188.6437530517578125 183.256256103515625 177.181243896484375 172.881256103515625 171.4812469482421875 170.568756103515625 168.649993896484375 166.568756103515625 169.9187469482421875 182.318756103515625 191.225006103515625 198.9875030517578125 202.6062469482421875 205.368743896484375 208.125 212.306243896484375 219.21875 226.9375 224.0625 216.3937530517578125 215.068756103515625 213.943756103515625 217.774993896484375 220.4187469482421875 221.1999969482421875 222.4875030517578125 223.2312469482421875 226.8562469482421875 230.274993896484375 232.8000030517578125 232.850006103515625 232.3937530517578125 231.631256103515625 231.912506103515625 232.5500030517578125 233.9250030517578125 233.993743896484375 233.0812530517578125 231.1125030517578125 227.056243896484375 223.8000030517578125 221.90625 218.787506103515625 216.5187530517578125
205.2375030517578125 195.5749969482421875 189.162506103515625 183.7062530517578125 179.8249969482421875 179.0437469482421875 178.375 178.1374969482421875 179.649993896484375 186.0124969482421875 196.3312530517578125 205.5437469482421875 213.524993896484375 218.318756103515625 221.162506103515625 223.8249969482421875 226.0500030517578125 229.21875 231.225006103515625 229.4250030517578125 223.1374969482421875 222.006256103515625 222.287506103515625 228.037506103515625 229.21875 228.7624969482421875 229.725006103515625 230.850006103515625 233.118743896484375 236.412506103515625 238.5187530517578125 239.2687530517578125 239.399993896484375 239.2937469482421875 239.681243896484375 239.5812530517578125 240.193756103515625 240.65625 239.5500030517578125 237.649993896484375 235.28125 232.287506103515625 229.8312530517578125 225.59375 224.3125
213.256256103515625 203.6437530517578125 196.368743896484375 190.631256103515625 186.243743896484375 186.431243896484375 187.087493896484375 189.7624969482421875 194.506256103515625 202.587493896484375 214.287506103515625 223.7937469482421875 229.743743896484375 233.6687469482421875 235.3312530517578125 236.28125 235.931243896484375 235.306243896484375 233.399993896484375 230.125 226.9562530517578125 226.1062469482421875 229.631256103515625 233.756256103515625 237.756256103515625 235.6062469482421875 235.4875030517578125 236.443756103515625 238.1750030517578125 239.71875 241.9187469482421875 243.8562469482421875 244.8874969482421875 245.3937530517578125 245.6374969482421875 246.4375 246.725006103515625 246.0812530517578125 245.818756103515625 244.7312469482421875 242.4375 238.274993896484375 235.631256103515625 231.7062530517578125 230.5812530517578125
219.6750030517578125 209.9499969482421875 203.3249969482421875 198.8562469482421875 195.1062469482421875 195.2062530517578125 197.2687530517578125 202.7937469482421875 209.868743896484375 218.8937530517578125 231.662506103515625 243.2937469482421875 246.8625030517578125 248.2687530517578125 248.625 246.993743896484375 245.318756103515625 240.587493896484375 236.6750030517578125 231.0187530517578125 226.6750030517578125 227.0437469482421875 233.6750030517578125 241.993743896484375 244.1875 238.59375 238.0749969482421875 238.7312469482421875 241.087493896484375 244.274993896484375 246.7687530517578125 248.3249969482421875 249.618743896484375 250.3000030517578125 250.8625030517578125 251.8249969482421875 252.3312530517578125 251.524993896484375 251.1125030517578125 250.5812530517578125 248.337493896484375 243.618743896484375 237.7375030517578125 231.899993896484375 228.743743896484375
227.0749969482421875 218.0124969482421875 212.037506103515625 207.40625 203.899993896484375 205.993743896484375 208.96875 214.1750030517578125 222.65625 233.3312530517578125 246.4187469482421875 258.243743896484375 262 259.631256103515625 258.912506103515625 256.63751220703125 252.96875 248.2375030517578125 242.412506103515625 234.8000030517578125 224.943756103515625 226.993743896484375 236.0437469482421875 241.725006103515625 238.5187530517578125 234.1437530517578125 237.7062530517578125 241.4875030517578125 244.337493896484375 248.3562469482421875 251.3000030517578125 252.743743896484375 253.34375 253.8625030517578125 254.412506103515625 255.412506103515625 255.493743896484375 254.681243896484375 253.743743896484375 253.0749969482421875 252.0124969482421875 245.9812469482421875 234.9250030517578125 224.7062530517578125 219.9250030517578125
232.7375030517578125 224.7624969482421875 219.2312469482421875 215.131256103515625 212.4875030517578125 213.8625030517578125 217.725006103515625 225.0187530517578125 234.34375 245.65625 256.73748779296875 266.13751220703125 268.73126220703125 268.537506103515625 265.91876220703125 264.45623779296875 259.92498779296875 255.4812469482421875 248.7312469482421875 241.693756103515625 234.556243896484375 234.96875 238.5187530517578125 241.118743896484375 237.375 235.3000030517578125 239.1687469482421875 243.2687530517578125 248.100006103515625 252.0812530517578125 255.2937469482421875 256.92498779296875 256.79998779296875 256.21875 257.087493896484375 257.5625 257.993743896484375 258.006256103515625 255.806243896484375 253.1437530517578125 249.068756103515625 236.412506103515625 226.3000030517578125 219.649993896484375 217.3312530517578125
237.243743896484375 229.6312408447265625 225.125 221.5500030517578125 220.3000030517578125 222.7062530517578125 227.9187469482421875 234.681243896484375 243.65625 253.6062469482421875 264.475006103515625 271.98748779296875 275.3125 275.98748779296875 273.21875 270.92498779296875 266.35626220703125 260.568756103515625 254.9312591552734375 250.3562469482421875 245.274993896484375 242.7687530517578125 244.1687469482421875 244.118743896484375 243.2312469482421875 242.3874969482421875 245.2062530517578125 249.5500030517578125 253.6750030517578125 258.256256103515625 260.625 260.506256103515625 260.981231689453125 259.17498779296875 258.63751220703125 257.837493896484375 258.625 259.462493896484375 255.9875030517578125 246.006256103515625 233.2937469482421875 224.806243896484375 221.006256103515625 217.493743896484375 213.5625
240.4499969482421875 232.8937530517578125 229.243743896484375 226.3937530517578125 226.037506103515625 229.256256103515625 235.1687469482421875 241.90625 249.993743896484375 260.20001220703125 270.693756103515625 277.85626220703125 281.600006103515625 282.556243896484375 280.71875 275.256256103515625 271.45623779296875 266.318756103515625 260.54376220703125 256.962493896484375 254.806243896484375 252.7937469482421875 252.412506103515625 251.2062530517578125 249.818756103515625 249.100006103515625 250.818756103515625 255.975006103515625 261.006256103515625 266.131256103515625 268.15625 266.59375 262.850006103515625 259.79998779296875 257.45623779296875 258.48126220703125 259.42498779296875 258.743743896484375 253.181243896484375 239.9250030517578125 223.0124969482421875 216.6687469482421875 215.84375 212.6437530517578125 209.71875
241.5 234.681243896484375 230.9875030517578125 229.3000030517578125 230.1374969482421875 234.024993896484375 240.631256103515625 247.5 255.7062530517578125 265.03125 275.818756103515625 283.73748779296875 287.66876220703125 288.79998779296875 287.375 282.58123779296875 273.11248779296875 267.82501220703125 264.587493896484375 264.118743896484375 262.51251220703125 261.725006103515625 260.756256103515625 258.08123779296875 257.243743896484375 255.318756103515625 255.9375 261 267.90625 274.243743896484375 277.1875 274.53125 267.587493896484375 260.82501220703125 259.6875 260.568756103515625 260.04376220703125 260.506256103515625 257.92498779296875 240.975006103515625 223.78125 216.28125 212.212493896484375 209.149993896484375 206.6062469482421875
241.774993896484375 235.09375 231.662506103515625 230.9375 231.587493896484375 236.5749969482421875 243.587493896484375 250.7062530517578125 258.787506103515625 268.4375 277.649993896484375 287.63751220703125 292.96875 294.600006103515625 292.662506103515625 286.21875 276.212493896484375 267.306243896484375 268.1875 269.09375 270.068756103515625 269.681243896484375 268.54998779296875 265.39373779296875 263.21875 261.70001220703125 260.375 266.975006103515625 276.287506103515625 284.162506103515625 285.368743896484375 275.399993896484375 266.868743896484375 261.09375 257.71875 257.79376220703125 260.07501220703125 260.524993896484375 254.975006103515625 243.243743896484375 226.649993896484375 216.806243896484375 211.0187530517578125 207.40625 204.8125
239 232.8312530517578125 230.2687530517578125 230.6999969482421875 232.368743896484375 237.9812469482421875 244.0124969482421875 252.212493896484375 260.881256103515625 270.46875 279.40625 287.36248779296875 294.73748779296875 300.65625 297.01873779296875 287.23126220703125 275.375 266.337493896484375 264.10626220703125 268.36248779296875 273.774993896484375 276.51873779296875 271.20623779296875 270.09375 268.34375 268.01873779296875 269.46875 274.04998779296875 283.54376220703125 292.10626220703125 294.100006103515625 279.91876220703125 267.04376220703125 254.75 248.568756103515625 251.5124969482421875 255.6687469482421875 255.8625030517578125 253.006256103515625 242.787506103515625 228.631256103515625 217.3874969482421875 210.2312469482421875 206.399993896484375 203.5500030517578125
235.3625030517578125 229.306243896484375 227.399993896484375 227.2375030517578125 229.881256103515625 237.40625 244.5187530517578125 251.90625 260.40625 269.6875 277.73748779296875 285.962493896484375 296.58123779296875 307.01251220703125 299.006256103515625 282.931243896484375 268.65625 264.07501220703125 263.35626220703125 267.056243896484375 270.63751220703125 271.131256103515625 272.04376220703125 271.4375 271.118743896484375 273.08123779296875 274.875 279.875 284.9375 288.79998779296875 287.71875 275.98126220703125 260.48748779296875 244.225006103515625 235.287506103515625 240.225006103515625 250.350006103515625 256.34375 254.506256103515625 245.7312469482421875 231.875 218.306243896484375 211.625 207.100006103515625 203.6750030517578125
