data/historical-monthly-weather-data/wc2.1_cruts4.09_10m_prec_1994-07.asc
ncols        45
nrows        45
xllcorner    -63.500000000000
yllcorner    -7.500000000000
cellsize     0.166666666667
NODATA_value -9999
[rows 19 to 37 of 45, columns 0 to 42 of 45]
69.61875152587890625 68.1374969482421875 65.4499969482421875 62.737499237060546875 59.80625152587890625 59.5 56.44374847412109375 54.950000762939453125 54.75624847412109375 53.1875 51.72499847412109375 49.81874847412109375 46.18125152587890625 42.706249237060546875 38.418750762939453125 33.950000762939453125 31.024999618530273438 33.16249847412109375 31.043750762939453125 30.362499237060546875 30.78125 35.393749237060546875 42.049999237060546875 48.40625 53.137500762939453125 54.950000762939453125 58.481250762939453125 64.78125 68.71875 71.59375 79.22499847412109375 92.8562469482421875 100.84375 108.77500152587890625 118.8312530517578125 133.274993896484375 144.7624969482421875 153.2062530517578125 158.6062469482421875 156.8000030517578125 146.9875030517578125 135.6750030517578125 131.850006103515625
61.056247711181640625 63.1875 63.075000762939453125 59.112499237060546875 55.25 54.80625152587890625 52.831249237060546875 51.643749237060546875 51.018749237060546875 50.206249237060546875 48.40000152587890625 46.875 44.424999237060546875 41.012500762939453125 36.99375152587890625 33.3125 30.96875 30.631250381469726562 31.056249618530273438 29.393749237060546875 33.15000152587890625 37.768749237060546875 43.46250152587890625 50.862499237060546875 55.99375152587890625 57.53749847412109375 57.924999237060546875 63.59375 70.1062469482421875 75.02500152587890625 84.61875152587890625 95.0124969482421875 98.78749847412109375 107.2312469482421875 117.15625 129.0187530517578125 139.993743896484375 144.8937530517578125 145.975006103515625 143.256256103515625 138.125 132.9875030517578125 126.96875
57.43125152587890625 55.918750762939453125 56.59999847412109375 54.768749237060546875 52.25624847412109375 49.77500152587890625 48.27500152587890625 47.1875 47.21875 46.65000152587890625 45.96875 43.518749237060546875 41.137500762939453125 40.09999847412109375 37.799999237060546875 34.1875 32.75624847412109375 31.681249618530273438 31.431249618530273438 31.075000762939453125 33.11875152587890625 37.4375 43.03125 48.21250152587890625 52.11875152587890625 55.075000762939453125 60.86875152587890625 64.1750030517578125 73.11249542236328125 81.11875152587890625 87.5 93.71250152587890625 97.97499847412109375 104.1062469482421875 110.28125 122.4499969482421875 132.100006103515625 137.149993896484375 138.4499969482421875 137.15625 133.7624969482421875 130.350006103515625 126.27500152587890625
53.84375 54.84999847412109375 54.05625152587890625 51.43125152587890625 48.512500762939453125 46.831249237060546875 43.21875 42.200000762939453125 42.93125152587890625 44.362499237060546875 44.41249847412109375 42.518749237060546875 41.625 40.27500152587890625 38.793750762939453125 36.53749847412109375 33.612499237060546875 31.768749237060546875 31.018749237060546875 31.412500381469726562 35.293750762939453125 38.3125 42.331249237060546875 47.450000762939453125 53.38124847412109375 55.950000762939453125 59.512500762939453125 65.74375152587890625 72.15000152587890625 78.0812530517578125 84.06874847412109375 91.24375152587890625 94.4187469482421875 97.46875 104.4875030517578125 111.46250152587890625 121.6687469482421875 125.02500152587890625 129.568756103515625 131.4812469482421875 130.006256103515625 124.85625457763671875 122.00624847412109375
48.88124847412109375 51.33750152587890625 51.75624847412109375 48.606250762939453125 45.47499847412109375 43.15625 42.19374847412109375 40.606250762939453125 40.200000762939453125 40.24375152587890625 40.918750762939453125 42.331249237060546875 42.05625152587890625 41.825000762939453125 39.21250152587890625 36.918750762939453125 33.706249237060546875 33.012500762939453125 31.981250762939453125 32.893749237060546875 35.41249847412109375 39.53749847412109375 43.21250152587890625 50.03749847412109375 55.75 58.15625 63.21875 65.7312469482421875 70.50624847412109375 75.38124847412109375 81.0625 86.6999969482421875 87.90625 89.0500030517578125 97.53125 101.4375 111.50624847412109375 118.5749969482421875 122.84375 124.1062469482421875 124.2937469482421875 120.1750030517578125 118.2375030517578125
45.65625 48.625 49.512500762939453125 46.68125152587890625 43.674999237060546875 40.96875 39.862499237060546875 38.69374847412109375 38.47499847412109375 39.456249237060546875 40.30625152587890625 39.950000762939453125 41.793750762939453125 41.737499237060546875 39.018749237060546875 35.887500762939453125 33.68125152587890625 33.368747711181640625 32.950000762939453125 33.25 36.325000762939453125 39.78125 45.200000762939453125 51.13124847412109375 55.387500762939453125 61.112499237060546875 62.6875 65.03125 67.99375152587890625 72.1437530517578125 73.8874969482421875 76.4875030517578125 80.2312469482421875 82.28125 86.3874969482421875 93.08750152587890625 103.09999847412109375 108.75624847412109375 114.24375152587890625 117.33750152587890625 116.4875030517578125 115.0812530517578125 114.0500030517578125
44.918750762939453125 47.65000152587890625 45.875 43.71875 40.66249847412109375 38.74375152587890625 37.72499847412109375 36.643749237060546875 36.15625 35.762500762939453125 38.40625 39.41249847412109375 39.78749847412109375 40.53749847412109375 38.52500152587890625 36.05625152587890625 33.643749237060546875 33.268749237060546875 33.22499847412109375 33.15625 37.043750762939453125 40.762500762939453125 45.88124847412109375 52.112499237060546875 56.293750762939453125 60.049999237060546875 62.65000152587890625 63.706249237060546875 64.59999847412109375 65.96250152587890625 66.90000152587890625 67.74375152587890625 69.6062469482421875 73.0500030517578125 79.4375 86.3000030517578125 94.88124847412109375 102.43125152587890625 107.28749847412109375 110.4187469482421875 113.125 109.6374969482421875 107.5749969482421875
40.97499847412109375 41.668750762939453125 41.512500762939453125 40.27500152587890625 37.862499237060546875 36.78749847412109375 36.28125 35.206249237060546875 34.268749237060546875 35.97499847412109375 38.03749847412109375 39.481250762939453125 40.59999847412109375 40.793750762939453125 38.575000762939453125 37.112499237060546875 34.86875152587890625 33.768749237060546875 33.93125152587890625 34.34999847412109375 36.875 40.4375 45.69374847412109375 53.06874847412109375 56.081249237060546875 57.668750762939453125 59.72499847412109375 61.36875152587890625 62.356250762939453125 60.9375 62.00624847412109375 60.18125152587890625 61.262500762939453125 67.9375 73.0749969482421875 81.0749969482421875 86.6062469482421875 93.7937469482421875 99.4187469482421875 104.03125 108.83750152587890625 106.94374847412109375 103.5187530517578125
37.21875 36.21875 36.34375 36.487499237060546875 35.043750762939453125 34.5625 34.325000762939453125 33.50624847412109375 33.793750762939453125 35.143749237060546875 36.66249847412109375 37.96250152587890625 39.731250762939453125 40.668750762939453125 38.44374847412109375 36.625 34.962497711181640625 34.268749237060546875 33.38124847412109375 34.05625152587890625 37.268749237060546875 39.918750762939453125 42.88124847412109375 49.487499237060546875 53.768749237060546875 55.69374847412109375 57.543750762939453125 58.987499237060546875 59.8125 59.612499237060546875 59.143749237060546875 58.71875 59.84999847412109375 62.96875 68.25 75.11875152587890625 80.1374969482421875 87.22499847412109375 93.41249847412109375 100.34999847412109375 104.7375030517578125 106.4562530517578125 100.81874847412109375
33.84375 32.74375152587890625 33.5 32.575000762939453125 32.331249237060546875 31.625 31.350000381469726562 31.587499618530273438 32.05625152587890625 33.78749847412109375 35.137500762939453125 36.825000762939453125 39.09999847412109375 40.90000152587890625 39.03749847412109375 37.16249847412109375 36.02500152587890625 34.293750762939453125 33.831249237060546875 34.28125 36.481250762939453125 38.581249237060546875 41.481250762939453125 46.53125 50.74375152587890625 53.24375152587890625 55.037502288818359375 56.487499237060546875 58.93125152587890625 58.72499847412109375 57.399997711181640625 57.15625 57.700000762939453125 59.762500762939453125 64.18125152587890625 70.2062530517578125 75.25 81.6125030517578125 87.19374847412109375 91.3562469482421875 97.93125152587890625 96.875 94.3312530517578125
34.174999237060546875 33.99375152587890625 34.05625152587890625 33.1875 32.09375 31.443750381469726562 30.518749237060546875 31 32.049999237060546875 33.15000152587890625 34.512500762939453125 37.075000762939453125 39.34375 40.59375 39.325000762939453125 37.956249237060546875 36.52500152587890625 35.575000762939453125 34.5 34.3125 36.418750762939453125 37.84999847412109375 40.206249237060546875 43.75624847412109375 47.700000762939453125 50.487499237060546875 51.97499847412109375 53.825000762939453125 56.237499237060546875 55.84999847412109375 55.3125 54.74375152587890625 55.125 57.30625152587890625 60.418750762939453125 64.99375152587890625 71.61875152587890625 75.8625030517578125 78.55625152587890625 82.6750030517578125 89.09999847412109375 89.3125 87.21875
35.59375 35.106250762939453125 33.637500762939453125 33.762500762939453125 33.125 32.33750152587890625 30.943750381469726562 30.418750762939453125 31.450000762939453125 32.71250152587890625 34.34375 36.50624847412109375 39.793750762939453125 40.268749237060546875 39.06874847412109375 38.481250762939453125 38.41249847412109375 36.22499847412109375 34.31874847412109375 34.825000762939453125 36.643749237060546875 37.606250762939453125 38.90000152587890625 41.18125152587890625 43.99375152587890625 47.90625 49.512500762939453125 50.46250152587890625 51.56874847412109375 52.34999847412109375 52.375 52.875 53.825000762939453125 56.11875152587890625 58.581249237060546875 61.375 65.99375152587890625 71.4375 72.1125030517578125 72.8562469482421875 77.11875152587890625 79.7312469482421875 78.5749969482421875
37.237499237060546875 35.200000762939453125 33.68125152587890625 33.075000762939453125 33.012500762939453125 32.424999237060546875 31.537500381469726562 30.481250762939453125 31.612499237060546875 32.262500762939453125 33.918750762939453125 36.84375 39.09999847412109375 41.200000762939453125 40.606250762939453125 40.018749237060546875 39.487499237060546875 37.262500762939453125 34.893749237060546875 35.325000762939453125 35.84999847412109375 36.63124847412109375 37.03125 38.799999237060546875 42.00624847412109375 44.299999237060546875 46.081249237060546875 48.012500762939453125 48.118747711181640625 49.15625 50.40000152587890625 50.956249237060546875 51.549999237060546875 53.65000152587890625 56.46250152587890625 58.19374847412109375 62.44374847412109375 63.65625 64.38124847412109375 66.9499969482421875 70.1374969482421875 70.5500030517578125 69.4875030517578125
41.387500762939453125 38.93125152587890625 36.66249847412109375 35.625 35.487499237060546875 34.799999237060546875 34.24375152587890625 33.43125152587890625 33.112499237060546875 34.25624847412109375 35.96250152587890625 37.46250152587890625 39.71250152587890625 42.206249237060546875 42.299999237060546875 41.21250152587890625 39.99375152587890625 39.168750762939453125 37.543750762939453125 37.38124847412109375 37.16249847412109375 36.731250762939453125 36.18125152587890625 37.90000152587890625 40.72499847412109375 42.19374847412109375 44.40625 45.30625152587890625 46.518749237060546875 46.875 47.77500152587890625 48.15000152587890625 48.125 50.24375152587890625 53.668750762939453125 56.47499847412109375 57.44374847412109375 58.30625152587890625 59.19374847412109375 62.8125 65.2687530517578125 66.1062469482421875 63.19374847412109375
45.293750762939453125 42.8125 41.02500152587890625 39.731250762939453125 38.46250152587890625 36.643749237060546875 35.91249847412109375 34.362499237060546875 34.91249847412109375 34.71250152587890625 35.924999237060546875 38.125 40.637500762939453125 42.081249237060546875 42.43125152587890625 41.481250762939453125 41.200000762939453125 40.081249237060546875 38.487499237060546875 37.90000152587890625 37.93125152587890625 36.4375 36.40000152587890625 37.731250762939453125 38.793750762939453125 39.56874847412109375 41.393749237060546875 43.174999237060546875 44.174999237060546875 44.86875152587890625 45.65625 45.706249237060546875 45.78125 48.28749847412109375 51.03125 52.581249237060546875 52.418750762939453125 53.5625 55.78125 57.83750152587890625 60.28125 61.799999237060546875 61.706249237060546875
48.9375 45.168750762939453125 44.299999237060546875 42.50624847412109375 41.47499847412109375 39.549999237060546875 37.700000762939453125 35.97499847412109375 34.762500762939453125 34.46250152587890625 35.731250762939453125 38.731250762939453125 42.4375 44.293750762939453125 43.59375 42.96250152587890625 42.43125152587890625 40.88124847412109375 39.893749237060546875 38.43125152587890625 38.11875152587890625 37.52500152587890625 36.66249847412109375 37.22499847412109375 37.5625 37.61875152587890625 39.237499237060546875 40.78125 41.606250762939453125 40.393749237060546875 41.24375152587890625 42.90000152587890625 43.83750152587890625 45.74375152587890625 47.06874847412109375 48.24375152587890625 49.143749237060546875 51.1875 52.137500762939453125 52.762500762939453125 53.981250762939453125 54.231250762939453125 56.674999237060546875
51.043750762939453125 48.38124847412109375 48.043750762939453125 45.38124847412109375 44.043750762939453125 41.674999237060546875 39.86875152587890625 37.86875152587890625 36.362499237060546875 35.325000762939453125 36.5 40.081249237060546875 44.674999237060546875 44.950000762939453125 45.03125 44.34375 43.83750152587890625 41.825000762939453125 39.94374847412109375 38.75 36.768749237060546875 37.03125 35.700000762939453125 35.549999237060546875 34.93125152587890625 35.918750762939453125 37.15625 38.36875152587890625 38.84375 38.00624847412109375 38.737499237060546875 40.637500762939453125 41.325000762939453125 43.206249237060546875 44.53125 44.674999237060546875 45.875 47.09999847412109375 49.018749237060546875 49.643749237060546875 49.356250762939453125 50.168750762939453125 50.03749847412109375
51.856250762939453125 50.700000762939453125 49.90000152587890625 47.075000762939453125 45.706249237060546875 44.143749237060546875 42.06874847412109375 39.78125 37.50624847412109375 35.043750762939453125 36.825000762939453125 41.08750152587890625 44.49375152587890625 44.762500762939453125 45.331249237060546875 44.893749237060546875 43.8125 41.356250762939453125 39.40000152587890625 38.337497711181640625 36.206249237060546875 35.09999847412109375 34.049999237060546875 34.19374847412109375 33.34375 33.58750152587890625 34.58750152587890625 35.19374847412109375 35.543750762939453125 35.987499237060546875 36.450000762939453125 37.325000762939453125 37.875 39.58750152587890625 40.856250762939453125 40.456249237060546875 41.1875 43.71875 45.88124847412109375 45.71250152587890625 44.90625 45.55625152587890625 45.25
51.293750762939453125 51.31874847412109375 49.43125152587890625 48.47499847412109375 47.206249237060546875 45.5 43.53125 41.13124847412109375 38.9375 35.78749847412109375 40.15625 43.78125 44.856250762939453125 44.94374847412109375 45.66249847412109375 45.174999237060546875 42.668750762939453125 41.50624847412109375 38.950000762939453125 37.63124847412109375 36.08750152587890625 34.5 32.71250152587890625 32.69374847412109375 32.25 32.043750762939453125 32.38124847412109375 32.78749847412109375 33.03749847412109375 33.043750762939453125 32.18125152587890625 33.50624847412109375 34.075000762939453125 35.88124847412109375 36.11875152587890625 35.4375 37.61875152587890625 39.41249847412109375 41.1875 41.481250762939453125 41.03125 42.649997711181640625 42.112499237060546875
