data/historical-monthly-weather-data/wc2.1_cruts4.09_10m_prec_1984-04.asc
ncols        45
nrows        45
xllcorner    -63.500000000000
yllcorner    -7.500000000000
cellsize     0.166666666667
NODATA_value -9999
[rows 0 to 19 of 45, columns 0 to 44 of 45]
216.6750030517578125 216.9499969482421875 215.5187530517578125 218.2624969482421875 217.25 213.125 208.1125030517578125 199.993743896484375 195.34375 194.006256103515625 195.5187530517578125 198.5625 200.962493896484375 202.1437530517578125 205.1125030517578125 208.962493896484375 213.774993896484375 215.725006103515625 219.9812469482421875 224.256256103515625 227.787506103515625 232.306243896484375 236.84375 246.8874969482421875 255.8125 267.881256103515625 281.225006103515625 297.225006103515625 312.837493896484375 331.556243896484375 351.993743896484375 373.16876220703125 391.20623779296875 411.806243896484375 431.693756103515625 447.61248779296875 459.86248779296875 471.837493896484375 483.58123779296875 491.962493896484375 500.17498779296875 507.381256103515625 509.631256103515625 514.53125 514.15625
222.75 223.3000030517578125 227.931243896484375 232.3125 235.7937469482421875 230.9562530517578125 224.7375030517578125 220.1125030517578125 216.818756103515625 215.0187530517578125 215.774993896484375 217.21875 218.9187469482421875 219.818756103515625 220.8874969482421875 224.506256103515625 227.256256103515625 231.5812530517578125 236.931243896484375 241.5625 245.506256103515625 249.7624969482421875 256.306243896484375 266.04998779296875 277.681243896484375 290.04998779296875 303.337493896484375 319.73126220703125 333.98748779296875 353.287506103515625 376.29376220703125 400.9375 420.1875 442.743743896484375 461.850006103515625 477.125 492.46875 504.63751220703125 514.1875 519.3687744140625 524.45001220703125 531.2750244140625 533.01873779296875 533.4312744140625 530.28125
223.412506103515625 226.337493896484375 231.2624969482421875 238.6687469482421875 244.6875 243.2312469482421875 240.78125 239.431243896484375 240.2312469482421875 239.2062530517578125 238.181243896484375 237.8312530517578125 238.9187469482421875 237.5812530517578125 238.0500030517578125 240.34375 242.28125 246.1687469482421875 250.087493896484375 255.193756103515625 261.350006103515625 268.181243896484375 275.287506103515625 287.725006103515625 303.118743896484375 318.3125 333.962493896484375 347.274993896484375 360.13751220703125 382.068756103515625 406.162506103515625 431.01251220703125 456.32501220703125 480.743743896484375 500.73126220703125 516.6187744140625 536.66876220703125 553.66876220703125 561.83123779296875 567.51873779296875 572.17498779296875 573.4000244140625 572.3499755859375 571.2249755859375 566.3375244140625
219.6374969482421875 223.65625 232.912506103515625 240.3249969482421875 247.84375 251.6374969482421875 254.056243896484375 257.04376220703125 262 264.46875 262.82501220703125 259.806243896484375 257.287506103515625 255.8249969482421875 255.0749969482421875 256.58123779296875 258.45001220703125 261.07501220703125 263.9375 268.712493896484375 277.725006103515625 286.587493896484375 294.6875 311.39373779296875 329.98126220703125 346.71875 364.09375 376.0625 389.14373779296875 414.5625 440.306243896484375 466.78125 490.84375 517.23126220703125 540.10626220703125 562.3062744140625 583.84375 603.35626220703125 615.79998779296875 619.125 623.3687744140625 623.9937744140625 615.65625 608.45623779296875 604.34375
226.368743896484375 227.125 231.2687530517578125 240 251.181243896484375 257.9375 262.76251220703125 270.48126220703125 280.475006103515625 288.04376220703125 284.712493896484375 276.868743896484375 273.63751220703125 272.125 270.662506103515625 271.21875 271.756256103515625 273.95001220703125 275.95001220703125 279.98748779296875 291.79998779296875 302.23126220703125 313.212493896484375 334.818756103515625 354.131256103515625 373.806243896484375 389.41876220703125 405.875 422.13751220703125 446.243743896484375 473.53125 496.98748779296875 522.54376220703125 552.23126220703125 579.63751220703125 604.2249755859375 626.78125 649.8812255859375 664.61248779296875 669.4124755859375 676.2125244140625 667.07501220703125 657.1624755859375 650.32501220703125 641.40625
227.2375030517578125 229.681243896484375 234.524993896484375 238.4375 249.1062469482421875 258.131256103515625 264.462493896484375 273.61248779296875 284.65625 295.475006103515625 290.34375 283.631256103515625 281.649993896484375 280.962493896484375 279.09375 280.037506103515625 278.96875 281.15625 285.45001220703125 290.943756103515625 303.306243896484375 316.01251220703125 332.11248779296875 353.73126220703125 376.08123779296875 398.54376220703125 413.875 429.493743896484375 445.350006103515625 468.95001220703125 495.524993896484375 522.79998779296875 545.4000244140625 575.3375244140625 607.3499755859375 632.83123779296875 662.0875244140625 688.4375 704.45623779296875 715.4749755859375 716.45623779296875 706.6875 698.25 692.1812744140625 684.42498779296875
229.1374969482421875 231.8000030517578125 236.9812469482421875 240.350006103515625 244.681243896484375 250.8562469482421875 257.912506103515625 266.618743896484375 274.162506103515625 280.17498779296875 283.46875 284.17498779296875 287.10626220703125 287.256256103515625 286.649993896484375 288.631256103515625 288.15625 287.98126220703125 291.056243896484375 298.64373779296875 314.66876220703125 331.6875 350.131256103515625 370.993743896484375 395.79376220703125 420.625 437.5 450.54998779296875 465.57501220703125 489.76873779296875 517.4312744140625 543.26873779296875 569.08123779296875 595.60626220703125 627.5 655.83123779296875 684.51251220703125 715.58123779296875 739.36248779296875 751.23126220703125 746.6812744140625 739.09375 732.76251220703125 727.07501220703125 721.7562255859375
231.6999969482421875 233.03125 236.8249969482421875 241.75 246.4749908447265625 251 252.6750030517578125 253.8125 255.21875 261.1875 272.993743896484375 282.38751220703125 289.306243896484375 293.118743896484375 294.662506103515625 295.6875 295.15625 295.25 296.431243896484375 305.21875 325.53125 346.64373779296875 366.756256103515625 389.537506103515625 417.66876220703125 440.774993896484375 456.931243896484375 470.412506103515625 485.95001220703125 510.975006103515625 534.4000244140625 559.5999755859375 585.84375 613.39373779296875 643.5562744140625 667.8187255859375 698.9312744140625 729.4312744140625 750.17498779296875 760.76251220703125 763.17498779296875 760.6812744140625 754.5687255859375 746.7437744140625 736.48126220703125
234.09375 235.9562530517578125 239.375 242.84375 247.1437530517578125 250.125 252.368743896484375 252.0187530517578125 248.2312469482421875 249.9812469482421875 265.181243896484375 278.274993896484375 291.756256103515625 297.537506103515625 298.39373779296875 299.881256103515625 300.73748779296875 303.100006103515625 307.412506103515625 315.34375 332.125 357.649993896484375 379.681243896484375 406.631256103515625 434.51873779296875 455.59375 470.068756103515625 484.32501220703125 499.412506103515625 522.32501220703125 546.5374755859375 565.85626220703125 588.35626220703125 610.45001220703125 639.4437255859375 665.13751220703125 696.63751220703125 722.8062744140625 744.0999755859375 755.4124755859375 761.3499755859375 757.5 756.23126220703125 753.28125 734.3187255859375
236.274993896484375 237.087493896484375 240.9187469482421875 244.506256103515625 247.7375030517578125 251.2624969482421875 254.4812469482421875 254.899993896484375 256.26251220703125 261.98748779296875 273.8125 283.725006103515625 295.212493896484375 301.65625 303.975006103515625 304.1875 305.29998779296875 310.287506103515625 316.20623779296875 328.14373779296875 346.899993896484375 370.17498779296875 393.14373779296875 422.91876220703125 446.818756103515625 465.443756103515625 479 492.46875 508.993743896484375 533.65625 550.7562255859375 564.8812255859375 584.38751220703125 605.38751220703125 630.90625 658.45623779296875 684.2249755859375 710.0250244140625 730.6187744140625 748.24371337890625 760.9000244140625 759.60626220703125 756.73126220703125 745.39996337890625 731.2874755859375
238.6875 240.3625030517578125 243.524993896484375 246.568756103515625 248.3874969482421875 252.618743896484375 256.912506103515625 259.21875 264.53125 272.537506103515625 284.26873779296875 295.5625 301.64373779296875 307.34375 307.41876220703125 306.649993896484375 308.29998779296875 315.70623779296875 324.962493896484375 337.75 363.318756103515625 387.431243896484375 408.506256103515625 426.381256103515625 455.04376220703125 474.36248779296875 484.1875 496.04998779296875 509.59375 531.5687255859375 546.1312255859375 557.4625244140625 576.17498779296875 595.54998779296875 618.8499755859375 639.8062744140625 663.76251220703125 689.59375 712.97503662109375 733.2750244140625 747.08123779296875 747.04998779296875 750.7874755859375 746.2249755859375 729.3187255859375
240.3874969482421875 241.506256103515625 244.381256103515625 249.8249969482421875 252.90625 255.993743896484375 262.01873779296875 267.318756103515625 274.9375 284.11248779296875 295.881256103515625 306.73126220703125 307.787506103515625 309.462493896484375 308.90625 308.64373779296875 309.85626220703125 318.181243896484375 329.15625 343.95623779296875 370.51873779296875 396.41876220703125 419.83123779296875 441.662506103515625 459.287506103515625 470.618743896484375 479.14373779296875 488.318756103515625 501.381256103515625 517.2750244140625 530.2437744140625 541.4375 556.5 574.8812255859375 595.9000244140625 617.23126220703125 642.33123779296875 668.3687744140625 686.7125244140625 702.78125 719.79998779296875 723.92498779296875 726.4749755859375 715.76873779296875 699.3125
242.899993896484375 243.7312469482421875 246.8625030517578125 251.3874969482421875 255.787506103515625 262.100006103515625 267.20001220703125 272.412506103515625 280.118743896484375 291.66876220703125 303.256256103515625 312.64373779296875 313.26873779296875 306.875 305.868743896484375 307.82501220703125 308.29998779296875 317.274993896484375 330.350006103515625 344.45623779296875 372.38751220703125 397.725006103515625 418.368743896484375 438.33123779296875 444.98126220703125 452.537506103515625 465.54998779296875 474.57501220703125 489.056243896484375 501.48126220703125 512.29376220703125 521.0875244140625 534.0625 550.79376220703125 568.13751220703125 591.8812255859375 616.79376220703125 641.91876220703125 663.3687744140625 680.5999755859375 687.7249755859375 697.17498779296875 695.1875 687.33123779296875 679.8812255859375
244.25 245.037506103515625 247.368743896484375 251.5124969482421875 257.5625 263.86248779296875 269.006256103515625 275.125 284.287506103515625 294.64373779296875 303.225006103515625 307.28125 307.95001220703125 304.193756103515625 300.3125 303.33123779296875 304.10626220703125 311.66876220703125 325.537506103515625 338.51251220703125 365.60626220703125 389.368743896484375 411.58123779296875 424 432.73748779296875 441.524993896484375 451.9375 461.95001220703125 473.837493896484375 485.368743896484375 493.931243896484375 502.475006103515625 510.46875 525.26251220703125 543.3187255859375 567.91876220703125 592.26873779296875 620.0875244140625 645.7437744140625 660.57501220703125 660.7750244140625 658.1500244140625 668.8375244140625 680.7562255859375 681.16876220703125
243.100006103515625 244.462493896484375 247.6062469482421875 252.3312530517578125 259.087493896484375 265.36248779296875 271.712493896484375 277.875 285.100006103515625 293.01251220703125 300.118743896484375 302.95001220703125 301.881256103515625 298.375 293.524993896484375 293.07501220703125 295.25 306.318756103515625 319.14373779296875 332.36248779296875 357.45001220703125 383.837493896484375 403.931243896484375 415.1875 423.71875 434.15625 443.03125 453.67498779296875 465.51873779296875 473.6875 477.318756103515625 479.1875 491.125 502.29998779296875 516.82501220703125 539.1187744140625 572.6624755859375 608 633.65625 644.0250244140625 646.4375 652.4437255859375 671.98748779296875 676.5999755859375 670.82501220703125
240.256256103515625 241.8625030517578125 246.8874969482421875 253.0500030517578125 259.54376220703125 266.01251220703125 272.337493896484375 278.881256103515625 287.07501220703125 293.212493896484375 298.493743896484375 299.71875 298.23748779296875 293.15625 286.53125 280.04998779296875 285.912506103515625 300.70623779296875 312.14373779296875 325.912506103515625 351.524993896484375 376.243743896484375 395.787506103515625 407.03125 414.85626220703125 426.41876220703125 433.537506103515625 445.162506103515625 456.51251220703125 464.71875 470.712493896484375 470.756256103515625 471.443756103515625 478.32501220703125 487.20623779296875 520.4749755859375 554.1187744140625 591.0625 619.78125 641.23748779296875 650.73748779296875 660.8375244140625 670.0625 669.2249755859375 659.4625244140625
236.0625 239.2062530517578125 245.618743896484375 252.725006103515625 259.306243896484375 265.96875 274.01873779296875 280.712493896484375 286.78125 292.70001220703125 296.54376220703125 297.04998779296875 294.100006103515625 289.04376220703125 284.48126220703125 280.9375 279.837493896484375 291.943756103515625 305.806243896484375 320.78125 346.662506103515625 373.118743896484375 393.006256103515625 399.34375 406.881256103515625 416.368743896484375 425.11248779296875 436.3125 449.48126220703125 458.98126220703125 463.25 463.181243896484375 464.712493896484375 469.837493896484375 488.08123779296875 514.0562744140625 549.23126220703125 588.76251220703125 628.36248779296875 647.95001220703125 661.32501220703125 667.25 664.4000244140625 660.9937744140625 648.16253662109375
229.3874969482421875 234.8000030517578125 241.618743896484375 250.9499969482421875 258.26251220703125 266.03125 274.875 280.59375 286.14373779296875 290.462493896484375 292.86248779296875 292.681243896484375 289.618743896484375 286.287506103515625 282.83123779296875 280.92498779296875 279.375 281.75 297.88751220703125 313.068756103515625 341.725006103515625 367.73126220703125 388.25 394.85626220703125 403.524993896484375 413.38751220703125 418.149993896484375 433.26251220703125 448.181243896484375 455.350006103515625 452.412506103515625 440.23748779296875 452.08123779296875 465.32501220703125 480.625 513.1812744140625 548.41253662109375 585.73748779296875 620.2562255859375 650.0999755859375 658.4749755859375 660.9375 658.20623779296875 652.83123779296875 641.7562255859375
221.65625 228.850006103515625 237.837493896484375 246.90625 255.4812469482421875 264.618743896484375 273 280.993743896484375 286.756256103515625 290.35626220703125 290.806243896484375 287.20623779296875 284.725006103515625 283.649993896484375 278.225006103515625 276.462493896484375 275.96875 279.0625 286.76251220703125 301.17498779296875 336.018768310546875 366.03125 376.63751220703125 389.29998779296875 402.162506103515625 416.58123779296875 426.524993896484375 438.587493896484375 454.16876220703125 458.118743896484375 454.11248779296875 443.57501220703125 447.649993896484375 448.056243896484375 461.243743896484375 494.568756103515625 532.1500244140625 568.35626220703125 607.29376220703125 632.98748779296875 651.9312744140625 655.29376220703125 650.59375 645.20001220703125 635.48748779296875
213.8000030517578125 222.8249969482421875 232.087493896484375 240.693756103515625 251.712493896484375 263.53125 273.943756103515625 280.66876220703125 286.256256103515625 289.61248779296875 288.756256103515625 286.53125 283.725006103515625 281.20001220703125 274.59375 267.66876220703125 264.556243896484375 273.399993896484375 279.82501220703125 292.756256103515625 321.837493896484375 348.90625 373.51873779296875 387.850006103515625 401.899993896484375 416.29998779296875 429.399993896484375 446.375 457.806243896484375 456.04376220703125 446.51251220703125 445.10626220703125 442.0625 433.662506103515625 435.73748779296875 468.149993896484375 515.6812744140625 561.0625 596.73126220703125 624.78125 641.61248779296875 645.45001220703125 642.5562744140625 637.54376220703125 623.45001220703125
