data/historical-monthly-weather-data/wc2.1_cruts4.09_10m_prec_1985-08.asc
ncols        51
nrows        45
xllcorner    -63.500000000000
yllcorner    -7.500000000000
cellsize     0.166666666667
NODATA_value -9999
[rows 0 to 18 of 45, columns 0 to 43 of 51]
241.1437530517578125 246.600006103515625 247.712493896484375 254.5749969482421875 262.51873779296875 269.82501220703125 269.08123779296875 271.087493896484375 271.04998779296875 267.64373779296875 256.493743896484375 248.693756103515625 243.962493896484375 234.625 226.6374969482421875 214.149993896484375 205.3562469482421875 196.368743896484375 187.462493896484375 183.756256103515625 179.600006103515625 173.3312530517578125 167.59375 162.375 155.8125 149.8937530517578125 148.149993896484375 148.368743896484375 142.3874969482421875 144.162506103515625 141.381256103515625 143.412506103515625 146.1687469482421875 145.818756103515625 147.5 152.087493896484375 155.1999969482421875 160.462493896484375 167.6437530517578125 173.5625 180.662506103515625 190.46875 196.2624969482421875 201.40625
230.631256103515625 234.8125 242.75 252.03125 263.60626220703125 269.125 264.743743896484375 265.70623779296875 266.67498779296875 263.287506103515625 254.806243896484375 249.0187530517578125 239.162506103515625 227.5625 217.774993896484375 209.7687530517578125 198.6437530517578125 189.1374969482421875 181.15625 175.743743896484375 171.131256103515625 164.84375 159.3312530517578125 155.506256103515625 148.7624969482421875 141.7375030517578125 142.4562530517578125 141.0187530517578125 135.7624969482421875 135.59375 136.212493896484375 136.943756103515625 139.2874908447265625 141.993743896484375 143.25 146.875 147.7687530517578125 155.475006103515625 160.7375030517578125 166.2312469482421875 176.8312530517578125 183.881256103515625 192.3874969482421875 199.493743896484375
211.006256103515625 218.493743896484375 228.618743896484375 241.0437469482421875 253 257.78125 257.70001220703125 258.08123779296875 256.181243896484375 252.087493896484375 247.7375030517578125 241.881256103515625 231.6687469482421875 217.8249969482421875 207.506256103515625 198.712493896484375 189.587493896484375 180.3625030517578125 172.5625 165.03125 162.28125 159.225006103515625 154.318756103515625 151.4562530517578125 143.256256103515625 137.774993896484375 139.25 135.5187530517578125 130.256256103515625 130.9875030517578125 129.756256103515625 130.443756103515625 133.6374969482421875 138.03125 138.7062530517578125 139.9187469482421875 144.0625 151.899993896484375 156.6875 165.0625 178.1125030517578125 186.6062469482421875 197.65625 203.556243896484375
192.5625 197.056243896484375 210.1437530517578125 224.024993896484375 233.9187469482421875 238.65625 241.90625 244.21875 247.056243896484375 243.587493896484375 236.6437530517578125 228.3937530517578125 219.7937469482421875 206.9812469482421875 196.8249969482421875 187.462493896484375 179.725006103515625 172.037506103515625 165.100006103515625 162.368743896484375 158.631256103515625 153.7937469482421875 148.693756103515625 146.087493896484375 139.162506103515625 133.381256103515625 133.318756103515625 126.8562469482421875 122.4875030517578125 123.4812469482421875 123.0625 122.25624847412109375 123.9187469482421875 126.8125 129.3125 133.90625 142.443756103515625 149.2937469482421875 153.024993896484375 164.5625 176.1062469482421875 189.037506103515625 199.868743896484375 209.6125030517578125
193.09375 191.96875 192.774993896484375 202.149993896484375 215.3000030517578125 219.7937469482421875 222.46875 230.5124969482421875 236.8249969482421875 234.306243896484375 225.6875 216.34375 207.743743896484375 197.53125 186.8625030517578125 178.5187530517578125 169.7687530517578125 161.78125 155.6374969482421875 154.46875 154.443756103515625 147.7624969482421875 143.712493896484375 142.993743896484375 134.568756103515625 127.95000457763671875 124.46250152587890625 121.7375030517578125 117.3125 115.25 117.1062469482421875 115.40625 118.68125152587890625 122.8312530517578125 126.03125 129.6999969482421875 136.4562530517578125 144.306243896484375 148.7624969482421875 158.0999908447265625 174.462493896484375 187.212493896484375 202.6687469482421875 212.962493896484375
188.0625 186.649993896484375 184.806243896484375 181.712493896484375 192.3937530517578125 205.181243896484375 210.3000030517578125 214.7375030517578125 221.71875 219.8000030517578125 209.006256103515625 200.6875 194.625 186.5812530517578125 176.881256103515625 169.912506103515625 160.587493896484375 152.1687469482421875 148.7624969482421875 147.9562530517578125 147.9499969482421875 144.568756103515625 141.2937469482421875 135.287506103515625 129.975006103515625 124.53125 120.8000030517578125 116.73125457763671875 113.18125152587890625 109.80625152587890625 110.6875 111.2624969482421875 112.99375152587890625 117.7062530517578125 119.4375 125.9875030517578125 131.181243896484375 136.1437530517578125 142.8625030517578125 154.75 166.743743896484375 181.006256103515625 196.649993896484375 212.181243896484375
184.2062530517578125 184.5625 183.037506103515625 181.006256103515625 183.943756103515625 187.6374969482421875 191.399993896484375 195.0124969482421875 192.587493896484375 192.15625 187.8562469482421875 183.475006103515625 181.4875030517578125 175.4812469482421875 169.0625 162.712493896484375 154.3562469482421875 147.7937469482421875 143.2624969482421875 144.037506103515625 142.850006103515625 140.84375 137.837493896484375 132.90625 126.9250030517578125 122.2062530517578125 117.70000457763671875 112.475006103515625 106.40625 105.7062530517578125 104.9375 103.9562530517578125 107.7687530517578125 112.21250152587890625 115.0812530517578125 120.1374969482421875 123.9875030517578125 129.506256103515625 137.368743896484375 148.90625 159.8562469482421875 173.2375030517578125 190.2937469482421875 208.78125
181.681243896484375 180.006256103515625 181.6125030517578125 181.5437469482421875 185.4812469482421875 188.350006103515625 182.493743896484375 170.5437469482421875 162.78125 163.46875 168.5437469482421875 167.756256103515625 166.725006103515625 163.6687469482421875 159.912506103515625 154.5437469482421875 148.8000030517578125 143.225006103515625 138.8249969482421875 138.399993896484375 139.131256103515625 137.7687530517578125 133.53125 128.1125030517578125 124.36875152587890625 118.09999847412109375 112.54375457763671875 107.71250152587890625 102.6125030517578125 99.1999969482421875 100.0437469482421875 98.7312469482421875 101.1062469482421875 106.3625030517578125 107.68125152587890625 111.91249847412109375 115.8625030517578125 120.22499847412109375 126.00624847412109375 134.568756103515625 145.837493896484375 159.4875030517578125 174.8625030517578125 190.225006103515625
180.100006103515625 178.962493896484375 181.506256103515625 179.84375 181.46875 180.9875030517578125 176.8000030517578125 167.6875 153.28125 146.625 150.087493896484375 151.15625 155.443756103515625 153.7312469482421875 150.96875 146.96875 144.912506103515625 141.212493896484375 140.475006103515625 137.0500030517578125 135.899993896484375 135.3562469482421875 130.6062469482421875 128.7562408447265625 123.65000152587890625 115.53125 107.74375152587890625 104.4562530517578125 99.75624847412109375 96.59375 97.2375030517578125 94.16249847412109375 94.74375152587890625 96.375 98.63124847412109375 104.43125152587890625 109.11875152587890625 113.59375 117.5124969482421875 124.4812469482421875 132.8625030517578125 141.506256103515625 151.65625 162.21875
177.1062469482421875 176.5437469482421875 177.431243896484375 177.8249969482421875 178.875 177.6437530517578125 176.5437469482421875 167.524993896484375 155.5749969482421875 151.21875 148.975006103515625 144.8874969482421875 147.8000030517578125 147.556243896484375 143.8249969482421875 141.65625 139.037506103515625 138.875 138.5374908447265625 137.556243896484375 136.100006103515625 132.556243896484375 127.31874847412109375 125.0500030517578125 119.2062530517578125 111.1875 104.09375 99.80625152587890625 94.0500030517578125 90.91249847412109375 89.1687469482421875 87.1374969482421875 89.84375 92.7937469482421875 95.91249847412109375 100.5 103.47499847412109375 106.375 110.9562530517578125 116.3625030517578125 121.88124847412109375 126.09375 131.193756103515625 134.818756103515625
177.3000030517578125 176.375 174.850006103515625 174.181243896484375 176.1374969482421875 177.8312530517578125 176.15625 165.162506103515625 155.375 149.0749969482421875 147.818756103515625 144.118743896484375 142.443756103515625 140.3625030517578125 135.649993896484375 132.78125 131.8874969482421875 133.84375 134.2624969482421875 135.84375 138.399993896484375 134.59375 128.1875 121.3937530517578125 118.125 110.61875152587890625 103.8249969482421875 97.5 89.58750152587890625 85.3000030517578125 84.90000152587890625 83.4875030517578125 87.5 90.6750030517578125 92.0437469482421875 94.86875152587890625 97.0187530517578125 100.3000030517578125 102.9562530517578125 105.875 108.58750152587890625 111.125 115.3874969482421875 115.7062530517578125
175.006256103515625 174.712493896484375 173.087493896484375 173.556243896484375 175.8562469482421875 177.3625030517578125 176.7937469482421875 167.9499969482421875 157.274993896484375 149.8125 146.556243896484375 142.5124969482421875 137.774993896484375 132.681243896484375 132.318756103515625 129.431243896484375 127.47499847412109375 127.5 129.8125 133.9499969482421875 137.1687469482421875 134.1125030517578125 128.681243896484375 122.8562469482421875 116.4562530517578125 103.7624969482421875 96.8562469482421875 91.90625 85.32500457763671875 82.15000152587890625 80.65000152587890625 81.09375 82.84999847412109375 85.46875 88.25 92.1750030517578125 94.4187469482421875 95.9562530517578125 95.06874847412109375 94.1687469482421875 95.6875 97.25 98.75624847412109375 94.11875152587890625
171.1750030517578125 168.9562530517578125 168.375 167.024993896484375 170.40625 170.462493896484375 166.381256103515625 160.7687530517578125 151.368743896484375 145.53125 142.350006103515625 139.1687469482421875 133.068756103515625 125.19374847412109375 121.99375152587890625 120.93125152587890625 118.44374847412109375 120.75624847412109375 122.88124847412109375 124.9875030517578125 129.318756103515625 127.71875 123.4499969482421875 114.8249969482421875 103.2687530517578125 93.0500030517578125 89.96250152587890625 86.3874969482421875 83.3562469482421875 80.90000152587890625 78.7062530517578125 77.94374847412109375 81.05625152587890625 81.19374847412109375 84.36875152587890625 89.8874969482421875 95.7624969482421875 96.46875 96.0749969482421875 90.59375 84.6374969482421875 87.25 86.6750030517578125 80.71250152587890625
165.9187469482421875 161.8874969482421875 160.1875 160.8874969482421875 162.0187530517578125 160.2375030517578125 156.59375 153.46875 144.993743896484375 139.8125 135.15625 129.8125 125.1750030517578125 118.53749847412109375 110.13124847412109375 110.56874847412109375 109.6750030517578125 111.4812469482421875 110.3874969482421875 111.49375152587890625 115.8000030517578125 114.8125 111.5 105.45624542236328125 97.01250457763671875 89.65000152587890625 86.7624969482421875 84.09999847412109375 81.4562530517578125 80.1125030517578125 79.125 76.80625152587890625 79 79.9562530517578125 84.7624969482421875 92.75624847412109375 99.30625152587890625 104.8312530517578125 105.2062530517578125 96.84375 81.56874847412109375 76.58750152587890625 79.3625030517578125 84.52500152587890625
159.1437530517578125 157.03125 153.975006103515625 152.5500030517578125 153.837493896484375 151.7375030517578125 148.068756103515625 143.5437469482421875 136.0437469482421875 131.475006103515625 125.09375 121.30625152587890625 116.7312469482421875 109.28125 100.9562530517578125 97.81874847412109375 97.03749847412109375 96.99375152587890625 97.1125030517578125 98.96875 103.0124969482421875 103.5124969482421875 102.2624969482421875 100.36875152587890625 96.46250152587890625 92.3312530517578125 88.53749847412109375 84.90000152587890625 81.18125152587890625 79.3562469482421875 77.1999969482421875 76.09999847412109375 78.33750152587890625 81.0625 84.4875030517578125 93.0625 103.08750152587890625 116.63124847412109375 119.875 108.3125 98.125 92.3000030517578125 94.4375 93.52500152587890625
150.318756103515625 149.25 147.587493896484375 146.09375 145.556243896484375 144.681243896484375 141.4562530517578125 134.881256103515625 128.6062469482421875 123.53749847412109375 117.74375152587890625 112.4250030517578125 106.7624969482421875 100.19374847412109375 93.0625 85.77500152587890625 84.49375152587890625 84.78125 84.86875152587890625 87.28125 90.9187469482421875 93.5187530517578125 96.11875152587890625 98.4499969482421875 97.7062530517578125 94.5124969482421875 90.96250152587890625 85.86875152587890625 81.46250152587890625 79.9812469482421875 78.9250030517578125 77.4812469482421875 78.31874847412109375 80.9187469482421875 85.6062469482421875 100.34999847412109375 113.5625 127.1125030517578125 133.0124969482421875 128.6062469482421875 122.3125 114.38124847412109375 107.46875 99.84999847412109375
144.881256103515625 144.225006103515625 141.6437530517578125 140.662506103515625 138.125 137.78125 135.787506103515625 130.837493896484375 122.90625 118.2624969482421875 112.83750152587890625 105.7937469482421875 99.91249847412109375 93.33750152587890625 86.1999969482421875 79.27500152587890625 72.72499847412109375 72.00624847412109375 74.1062469482421875 77.25624847412109375 79.43125152587890625 84.2312469482421875 90.13124847412109375 97.625 100.59999847412109375 97.36875152587890625 91.2687530517578125 86.3125 80.7375030517578125 78.3937530517578125 78.8312530517578125 80.24375152587890625 83.16249847412109375 86.94374847412109375 101.28125 116.1062469482421875 129.875 148.0625 158.375 147.5812530517578125 136.024993896484375 123.08750152587890625 111.22499847412109375 104.625
136.2687530517578125 137.25 136.0187530517578125 136.0124969482421875 133.993743896484375 133.837493896484375 129.6125030517578125 125.4875030517578125 118.5625 113.0625 107.75 101.52500152587890625 93.52500152587890625 86.0187530517578125 79.3249969482421875 72.5 66.1062469482421875 61.393749237060546875 64.8562469482421875 66.2937469482421875 70.09999847412109375 75.5 83.625 92.03125 98.5625 97.8312530517578125 93.6687469482421875 88.0124969482421875 81.15625 77.34999847412109375 73.8625030517578125 73.84375 86.93125152587890625 101.8625030517578125 113.6687469482421875 131.09375 148.5 162.568756103515625 165.412506103515625 157.7375030517578125 138.9875030517578125 127.0187530517578125 115.81874847412109375 109.1437530517578125
127.8937530517578125 129.600006103515625 129.806243896484375 130.5812530517578125 130.712493896484375 129.1437530517578125 126.1750030517578125 121.61875152587890625 117.5812530517578125 113.0124969482421875 106.8125 96.90625 89.1374969482421875 82.05625152587890625 73.7937469482421875 68.1999969482421875 61.706249237060546875 56 55.47499847412109375 57.918750762939453125 65.27500152587890625 77.4812469482421875 74.75 84.29375457763671875 91.7624969482421875 96.97499847412109375 95.36875152587890625 89.0187530517578125 84.2937469482421875 76.77500152587890625 72.08750152587890625 76.4187469482421875 91.9375 105.36875152587890625 119.63124847412109375 136.6875 148.056243896484375 154.3000030517578125 158.100006103515625 149.8937530517578125 138.5437469482421875 127.625 117.2375030517578125 109.3312530517578125
