data/historical-monthly-weather-data/wc2.1_cruts4.09_10m_prec_1981-02.asc
ncols        45
nrows        45
xllcorner    -63.500000000000
yllcorner    -7.500000000000
cellsize     0.166666666667
NODATA_value -9999
[rows 20 to 39 of 45, columns 0 to 43 of 45]
213.2937469482421875 217.818756103515625 222.631256103515625 227.84375 235.4250030517578125 242.3937530517578125 249.9499969482421875 257.53125 264.943756103515625 271.368743896484375 276.537506103515625 283.0625 290.51251220703125 296.6875 285.10626220703125 265.856231689453125 249.5625 237.59375 232.243743896484375 227.78125 225.40625 222.40625 218.375 214.65625 211.375 209.131256103515625 209.681243896484375 210.524993896484375 212.3874969482421875 215.337493896484375 213.774993896484375 206.8312530517578125 190.03125 169.9250030517578125 152.1125030517578125 160.7937469482421875 178.774993896484375 192.90625 202.306243896484375 206.787506103515625 206.96875 205.6437530517578125 204.712493896484375 203.2312469482421875
204.3312530517578125 210.475006103515625 216.2312469482421875 223.4375 230.8249969482421875 238.681243896484375 246.7375030517578125 254.8562469482421875 262.29998779296875 266.76251220703125 268.918731689453125 270.86248779296875 273.10626220703125 273.774993896484375 269 258.36248779296875 247.256256103515625 238.375 232.46875 228.1999969482421875 223.649993896484375 220.212493896484375 218.1999969482421875 214.225006103515625 211.2624969482421875 209.9562530517578125 211.318756103515625 212.5374908447265625 215.100006103515625 219.2937469482421875 220.399993896484375 214.40625 199.4187469482421875 183.662506103515625 172.7062530517578125 177.4875030517578125 189.8125 199.65625 205.287506103515625 207.337493896484375 207.2062530517578125 205.943756103515625 204.1875 201.7687530517578125
198.506256103515625 206.3000030517578125 211.7687530517578125 219.181243896484375 226.5437469482421875 235.5749969482421875 242.8874969482421875 251.6062469482421875 259.60626220703125 260.962493896484375 259.181243896484375 256.38751220703125 253.693756103515625 253.4875030517578125 253.7312469482421875 249.556243896484375 242.712493896484375 236.8125 231.2624969482421875 226.024993896484375 221.712493896484375 217.6999969482421875 214.8625030517578125 210.9187469482421875 209.131256103515625 209.131256103515625 210.850006103515625 212.8562469482421875 216.618743896484375 222.568756103515625 226.600006103515625 225.631256103515625 212.318756103515625 200.462493896484375 195.7375030517578125 200.4499969482421875 206.837493896484375 210.725006103515625 211.631256103515625 209.568756103515625 207.625 205.693756103515625 203.318756103515625 200.5500030517578125
195.3625030517578125 202.837493896484375 208.5625 214.618743896484375 222.0625 231.212493896484375 239.6750030517578125 247.3125 254.3312530517578125 253.9375 251.056243896484375 246.743743896484375 239.725006103515625 241.71875 244.774993896484375 243.4250030517578125 239.4187469482421875 235.84375 230.9875030517578125 225.4875030517578125 220.056243896484375 215.037506103515625 211.100006103515625 207.59375 206.6687469482421875 206.34375 209.756256103515625 213.381256103515625 217.412506103515625 224.5749969482421875 230.274993896484375 231.28125 221.8625030517578125 213.881256103515625 212.1999969482421875 217.75 220.587493896484375 218.0187530517578125 214.8625030517578125 210.837493896484375 207.90625 205.2375030517578125 203.0749969482421875 201.0500030517578125
195.8874969482421875 201.6999969482421875 206.5812530517578125 212.662506103515625 220.4812469482421875 227.899993896484375 235.693756103515625 242.3125 246.5500030517578125 247.243743896484375 245.381256103515625 242.3249969482421875 239.4499969482421875 239.9250030517578125 240.837493896484375 240.774993896484375 239.125 236.149993896484375 231.71875 226.068756103515625 219.9375 213 207.056243896484375 202.9499969482421875 202.03125 205.225006103515625 208.7062530517578125 213.600006103515625 217.912506103515625 224.6374969482421875 229.7687530517578125 231.243743896484375 226.09375 221.212493896484375 219.7624969482421875 221.212493896484375 221.4562530517578125 217.649993896484375 213.78125 209.712493896484375 206.6125030517578125 204.0812530517578125 202.6750030517578125 202.2375030517578125
201.350006103515625 205.9499969482421875 208.712493896484375 213.631256103515625 220.100006103515625 226.7624969482421875 232.5437469482421875 237.9499969482421875 241.3249969482421875 242.524993896484375 241.84375 241.131256103515625 241.087493896484375 240.875 241.65625 241.25 240.15625 237.568756103515625 234.125 228.475006103515625 220.9250030517578125 211.6875 203.125 197.1437530517578125 198.9875030517578125 204.0187530517578125 210.03125 214.21875 218.756256103515625 224.09375 228.375 230.4250030517578125 227.03125 223.46875 221.381256103515625 220.3874969482421875 218.625 214.9562530517578125 210.318756103515625 206.743743896484375 203.9937591552734375 202.1750030517578125 200.912506103515625 201.125
208.818756103515625 211.7375030517578125 213.431243896484375 217.806243896484375 222.3125 226.8125 231.806243896484375 235.131256103515625 238.2937469482421875 240.631256103515625 241.7624969482421875 242.3625030517578125 243.6062469482421875 244.649993896484375 245.162506103515625 245.712493896484375 244.7312469482421875 242.53125 238.774993896484375 232.8000030517578125 224.225006103515625 214.3874969482421875 203.5500030517578125 196.1999969482421875 200.8125 206.806243896484375 212.625 217.056243896484375 220.662506103515625 225.318756103515625 229.4375 230.3937530517578125 226.8625030517578125 224.412506103515625 220.225006103515625 218.181243896484375 215.524993896484375 210.9499969482421875 207.1875 203.662506103515625 200.8000030517578125 198.9562530517578125 197.8249969482421875 198.0999908447265625
216.868743896484375 217.5625 219.056243896484375 221.875 224.65625 227.21875 231.3249969482421875 235.0812530517578125 237.9375 240.912506103515625 242.318756103515625 243.90625 245.75 247.462493896484375 248.9375 250.350006103515625 249.84375 249.09375 245.2937469482421875 240.0437469482421875 232.0187530517578125 222.318756103515625 214.274993896484375 208.212493896484375 208.993743896484375 213.368743896484375 217.9875030517578125 221.774993896484375 224.5625 228.5 231.743743896484375 232.9375 229.75 224.3625030517578125 218.725006103515625 215.881256103515625 211.59375 207.5124969482421875 203.6062469482421875 199.837493896484375 197.037506103515625 195.975006103515625 195.1875 196.5812530517578125
223.912506103515625 223.681243896484375 223.881256103515625 225.59375 227.649993896484375 229.1125030517578125 232.100006103515625 234.962493896484375 238.256256103515625 241.631256103515625 243.649993896484375 245.725006103515625 247.806243896484375 251.15625 253.7624969482421875 256.71875 258.04998779296875 256.83123779296875 254.7624969482421875 249.587493896484375 242.3937530517578125 233.3000030517578125 227.3375091552734375 222.243743896484375 220.2937469482421875 221.850006103515625 225.399993896484375 228.1062469482421875 231.0625 233.9562530517578125 235.412506103515625 236.399993896484375 231.1999969482421875 224.5749969482421875 218.2937469482421875 213.6999969482421875 209.4875030517578125 205.056243896484375 202.125 197.6750030517578125 193.21875 191.881256103515625 193.243743896484375 197.3125
232.15625 230.243743896484375 229.600006103515625 229.875 231.6062469482421875 232.7062530517578125 234.4250030517578125 236.6125030517578125 239.3000030517578125 243.03125 245.9812469482421875 249.556243896484375 252.881256103515625 257.28125 261.018768310546875 263.431243896484375 266 267.28125 265.931243896484375 260.53125 252.9250030517578125 245.4250030517578125 240.15625 234.8125 231.7624969482421875 232.024993896484375 234.2062530517578125 235.7312469482421875 237.725006103515625 238.9875030517578125 240.4187469482421875 240.618743896484375 234.03125 226.912506103515625 219.3937530517578125 214.3249969482421875 208.6374969482421875 203.9875030517578125 199.8937530517578125 195.40625 193.2937469482421875 193.5625 194.837493896484375 199.587493896484375
238.6875 236.068756103515625 233.743743896484375 233.5124969482421875 233.9187469482421875 235.1125030517578125 236.4749908447265625 238.537506103515625 241.2624969482421875 244.681243896484375 249.524993896484375 254.65625 259.850006103515625 263.88751220703125 267.443756103515625 271.21875 274.743743896484375 277.20001220703125 277.587493896484375 272.23126220703125 264.412506103515625 256.70623779296875 251.1374969482421875 245.7375030517578125 242.381256103515625 242.056243896484375 243.0437469482421875 244.131256103515625 245.256256103515625 245.318756103515625 245.5625 244.962493896484375 238.681243896484375 231.087493896484375 223.149993896484375 215.8562469482421875 209.4499969482421875 204.4250030517578125 199.8312530517578125 194.7937469482421875 193.306243896484375 195.537506103515625 197.71875 200.28125
242.09375 239.2937469482421875 236.943756103515625 236.4499969482421875 235.9562530517578125 236.4562530517578125 237.943756103515625 238.9875030517578125 241.743743896484375 246.375 251.6437530517578125 258.243743896484375 264.98748779296875 270.89373779296875 274.912506103515625 279.71875 281.45001220703125 283.32501220703125 283.631256103515625 280.381256103515625 273.681243896484375 267.21875 261.100006103515625 256.118743896484375 253.1437530517578125 251.9250030517578125 251.78125 252.2375030517578125 252.8249969482421875 252.787506103515625 252.1999969482421875 250.381256103515625 243.568756103515625 235.2375030517578125 226.9562530517578125 218.837493896484375 211.59375 205.0187530517578125 199.868743896484375 196.8874969482421875 197.0625 199.506256103515625 201.6875 204.756256103515625
244.875 242.649993896484375 240.84375 239.6999969482421875 238.256256103515625 238.3562469482421875 238.631256103515625 239.7062530517578125 243.100006103515625 248.3125 255.568756103515625 263.21875 272.35626220703125 280.26873779296875 284.67498779296875 287.63751220703125 288.743743896484375 290.98748779296875 290.03125 287.58123779296875 282.6875 276.5625 270.975006103515625 265.631256103515625 262.600006103515625 260.931243896484375 259.75 260.056243896484375 260.056243896484375 259.26251220703125 259.068756103515625 256.83123779296875 249.193756103515625 241.1999969482421875 233.056243896484375 224.868743896484375 216.443756103515625 207.943756103515625 202.75 201.962493896484375 201.962493896484375 204.21875 207.2062530517578125 211.318756103515625
248.1437530517578125 245.649993896484375 243.631256103515625 242.6437530517578125 240.7375030517578125 239.6687469482421875 239.4875030517578125 240.399993896484375 242.524993896484375 248.068756103515625 256.475006103515625 267.41876220703125 279.79376220703125 289.149993896484375 293.65625 296.037506103515625 296.59375 297.881256103515625 296.90625 294.79376220703125 289.89373779296875 284.01251220703125 279.38751220703125 273.943756103515625 270.85626220703125 268.82501220703125 267.212493896484375 266.39373779296875 266.34375 266.25 266.20623779296875 264.23126220703125 257.181243896484375 248.5749969482421875 239.243743896484375 230.5500030517578125 220.9812469482421875 211.8125 207.337493896484375 206.1125030517578125 205.2375030517578125 207.712493896484375 212.3562469482421875 217.3125
251.1125030517578125 249.3874969482421875 247.3249969482421875 244.9375 243.2375030517578125 241.78125 240.0749969482421875 239.6875 240.787506103515625 245.84375 256.45623779296875 272 288.306243896484375 299.84375 303.475006103515625 304.899993896484375 303.9375 304.14373779296875 303.95001220703125 301.26873779296875 297.5 291.29998779296875 286.381256103515625 280.42498779296875 277.743743896484375 275.006256103515625 273.63751220703125 272.962493896484375 272.63751220703125 273.07501220703125 272.66876220703125 272.20623779296875 264.82501220703125 256.318756103515625 246.537506103515625 236.125 225.1374969482421875 217 212.8874969482421875 209.7624969482421875 208.3312530517578125 209.8687591552734375 213.868743896484375 218.6999969482421875
254.756256103515625 253.681243896484375 251.5625 248.7062530517578125 246.375 245.193756103515625 242.9562530517578125 241.225006103515625 240.868743896484375 245.2062530517578125 257.774993896484375 276.412506103515625 295.943756103515625 309.42498779296875 313.100006103515625 314.04998779296875 313.587493896484375 313.13751220703125 310.912506103515625 308.88751220703125 304.381256103515625 299.068756103515625 293.193756103515625 288.11248779296875 284.4375 281.806243896484375 280.28125 280.53125 280.006256103515625 280.068756103515625 280.54998779296875 280.28125 273.51873779296875 265.149993896484375 254.3625030517578125 242.8125 233.350006103515625 223.5 218.4375 215.756256103515625 214.5124969482421875 214.631256103515625 216.524993896484375 220.618743896484375
259.66876220703125 258.806243896484375 256.068756103515625 254.787506103515625 252.2062530517578125 250.568756103515625 247.96875 245.15625 242.5500030517578125 241.1437530517578125 258.75 285.225006103515625 304.4375 316.28125 321.26873779296875 322.25 321.837493896484375 320.89373779296875 319.40625 316.024993896484375 310.46875 304.212493896484375 298.35626220703125 293.475006103515625 289.725006103515625 287.75 286.337493896484375 286.14373779296875 286.40625 286.70001220703125 287.506256103515625 287.34375 281.537506103515625 273.29998779296875 263.1875 252.5437469482421875 241.0812530517578125 230.493743896484375 225.09375 221.25 218.3625030517578125 217.9562530517578125 218.8249969482421875 221.287506103515625
264.8125 264.287506103515625 262.13751220703125 260.662506103515625 259.07501220703125 257.38751220703125 255.443756103515625 253.306243896484375 252.5250091552734375 249.5500030517578125 277.712493896484375 305.95623779296875 318.73748779296875 325.975006103515625 330.131256103515625 330.881256103515625 328.743743896484375 327.70001220703125 324.64373779296875 319.962493896484375 314.149993896484375 306.98748779296875 301.600006103515625 296.899993896484375 294.04998779296875 292.57501220703125 291.14373779296875 291.524993896484375 292.11248779296875 293.618743896484375 293.524993896484375 293.82501220703125 288.3125 281.04376220703125 270.95623779296875 260.506256103515625 248.7375030517578125 237.9375 231.90625 226.881256103515625 222.4250030517578125 221.1999969482421875 220.21875 220.7312469482421875
272.08123779296875 270.28125 268.04998779296875 267.943756103515625 266.54376220703125 266.21875 267.04376220703125 268.79376220703125 274.568756103515625 291.306243896484375 324.024993896484375 333.125 336.64373779296875 340.54998779296875 343.08123779296875 341.48126220703125 338.850006103515625 335.32501220703125 329.58123779296875 323.381256103515625 315.23126220703125 307.287506103515625 302.568756103515625 297.881256103515625 295.54998779296875 295.76251220703125 295.16876220703125 296.131256103515625 297.693756103515625 298.6875 299.65625 299.037506103515625 293.64373779296875 287.212493896484375 280.350006103515625 270.13751220703125 258.15625 248.2375030517578125 241.368743896484375 234.3874969482421875 229.625 227.368743896484375 226.21875 226.0812530517578125
279.89373779296875 277.256256103515625 275.587493896484375 274.91876220703125 274.4375 276.04998779296875 278.375 284.57501220703125 295.006256103515625 313.4625244140625 334.443756103515625 345.64373779296875 351.868743896484375 355.3125 356.04376220703125 354.21875 350.306243896484375 344.23126220703125 335.524993896484375 327.48748779296875 315.618743896484375 306.32501220703125 300.29376220703125 296.318756103515625 296.51251220703125 297.54376220703125 298.40625 300.39373779296875 302.98748779296875 303.662506103515625 303.381256103515625 304.350006103515625 301.899993896484375 296.056243896484375 288.600006103515625 279.16876220703125 267.45001220703125 256.83123779296875 250 241.9562530517578125 236.1999969482421875 233.90625 232.149993896484375 230.774993896484375
