data/historical-monthly-weather-data/wc2.1_cruts4.09_10m_prec_1974-11.asc
ncols        45
nrows        45
xllcorner    -63.500000000000
yllcorner    -7.500000000000
cellsize     0.166666666667
NODATA_value -9999
[rows 20 to 39 of 45, columns 0 to 43 of 45]
248.225006103515625 247.5187530517578125 246.162506103515625 244.4937591552734375 242.1062469482421875 242.681243896484375 243.2312469482421875 242.3625030517578125 241.15625 237.71875 232.8125 226.7062530517578125 218.943756103515625 208.6875 200.475006103515625 191.993743896484375 184.7937469482421875 181.65625 183.09375 183.8874969482421875 186.662506103515625 187.274993896484375 185.1999969482421875 181.8312530517578125 178.1750030517578125 172.443756103515625 163.600006103515625 151.5 138.84375 129.8874969482421875 122.9562530517578125 121.22499847412109375 122.5437469482421875 125.18125152587890625 128.0812530517578125 132.712493896484375 136.1062469482421875 139.6687469482421875 142.037506103515625 144.40625 145.662506103515625 146.875 146.818756103515625 145.787506103515625
243.818756103515625 241.8312530517578125 241.6125030517578125 240.90625 240.1062469482421875 241.787506103515625 244.4187469482421875 245.4124908447265625 247.037506103515625 245.9187469482421875 242.6125030517578125 238.71875 232.225006103515625 221.9124908447265625 211.9499969482421875 202.087493896484375 194.7687530517578125 189.368743896484375 186.962493896484375 186.1750030517578125 184.7937469482421875 183.8249969482421875 182.649993896484375 178.8125 174.131256103515625 168.6687469482421875 162.3000030517578125 152.4812469482421875 143.21875 136.3937530517578125 129.743743896484375 127.31874847412109375 128.006256103515625 131.2687530517578125 135.056243896484375 139.337493896484375 142.649993896484375 145.462493896484375 146.3937530517578125 148.149993896484375 148.756256103515625 149.149993896484375 148.9562530517578125 148.46875
239.8312530517578125 239.5124969482421875 239.09375 238.693756103515625 238.587493896484375 240.8562469482421875 243.6125030517578125 247.625 251.8625030517578125 252.3312530517578125 251.8874969482421875 249.8937530517578125 248.4250030517578125 239.056243896484375 224.774993896484375 212.037506103515625 202.743743896484375 195.9875030517578125 190.9187469482421875 187.4499969482421875 184.693756103515625 182.068756103515625 179.3625030517578125 175 171.2375030517578125 166.6374969482421875 160.6374969482421875 153.7062530517578125 145.75 139.975006103515625 135.3312530517578125 132.9875030517578125 134.53125 137.8312530517578125 141.118743896484375 145.649993896484375 148.962493896484375 150.1374969482421875 150.2624969482421875 151.25 152.068756103515625 151.725006103515625 151.09375 150.34375
236.649993896484375 236.787506103515625 236.274993896484375 234.587493896484375 234.59375 238.4875030517578125 242.5625 247.743743896484375 251.5625 253.4562530517578125 254.5437469482421875 257.67498779296875 259.756256103515625 249.431243896484375 232.9562530517578125 219.25 208.868743896484375 201.125 194.2937469482421875 188.3937530517578125 184.53125 180.787506103515625 176.5 171.9875030517578125 168.162506103515625 163.5749969482421875 160.618743896484375 153.5437469482421875 147.84375 143.381256103515625 140.7375030517578125 139.274993896484375 140.4187469482421875 142.743743896484375 145.8874969482421875 151.1125030517578125 154.225006103515625 153.631256103515625 153.6875 154.2375030517578125 154.6374969482421875 154.46875 154.131256103515625 153.5500030517578125
237.09375 236.006256103515625 234.7249908447265625 232.556243896484375 232.8625030517578125 236.0625 239.8312530517578125 244.649993896484375 249.056243896484375 251.59375 254 254.850006103515625 255.118743896484375 247.7062530517578125 234.850006103515625 222.5500030517578125 212.443756103515625 203.5124969482421875 196.1125030517578125 189.306243896484375 183.943756103515625 178.2312469482421875 173.912506103515625 168.7937469482421875 164.1999969482421875 161.4499969482421875 158.6062469482421875 154.100006103515625 149.131256103515625 146.9375 144.837493896484375 143.9250030517578125 144.59375 146.1999969482421875 147.962493896484375 151.5437469482421875 154.34375 153.9562530517578125 154.7624969482421875 156.1687469482421875 156.568756103515625 156.774993896484375 157.7624969482421875 158.71875
240.931243896484375 239.7375030517578125 234.25 231.8874969482421875 229.8937530517578125 232.2624969482421875 235.399993896484375 239.625 243.5437469482421875 246.431243896484375 248.462493896484375 249.056243896484375 247.1374969482421875 241.443756103515625 232.462493896484375 222.9812469482421875 214.537506103515625 205.7375030517578125 197.96875 190.912506103515625 184.256256103515625 177.587493896484375 171.431243896484375 164.818756103515625 161.1062469482421875 159.274993896484375 157.8562469482421875 154.9812469482421875 151.5124969482421875 150.193756103515625 148.537506103515625 147.743743896484375 147.90625 147.625 148.212493896484375 150.493743896484375 152.212493896484375 152.850006103515625 155.2624969482421875 157.1875 158.59375 159.381256103515625 159.6374969482421875 162.0124969482421875
243.3000030517578125 238.9187469482421875 233.3937530517578125 229.46875 226.1875 227.4875030517578125 231.4812469482421875 234.587493896484375 236.4250030517578125 239.2062530517578125 242.274993896484375 242.649993896484375 240.587493896484375 236.212493896484375 229.381256103515625 220.975006103515625 213.90625 206.306243896484375 199.1437530517578125 191.6374969482421875 184.506256103515625 177.3562469482421875 170.3125 163.850006103515625 161.3125 159.412506103515625 158.087493896484375 155.912506103515625 153.806243896484375 152.125 151.3562469482421875 150.5625 150.0187530517578125 148.6125030517578125 146.96875 148.09375 148.975006103515625 149.056243896484375 152.7375030517578125 155.90625 158.381256103515625 159.818756103515625 161.0687408447265625 163.243743896484375
245.1687469482421875 237.6999969482421875 231.4812469482421875 226.212493896484375 222.6750030517578125 222.818756103515625 225.6875 228.7687530517578125 230.962493896484375 233.368743896484375 234.912506103515625 235.375 233.631256103515625 230.09375 225.318756103515625 218.78125 212.4187469482421875 206.368743896484375 199.743743896484375 193.024993896484375 186.4499969482421875 179.087493896484375 173.71875 168.21875 164.3937530517578125 161.274993896484375 159.28125 157.5500030517578125 155.3937530517578125 153.875 152.53125 151.75 150.15625 147.0187530517578125 144.931243896484375 145.0625 145.0625 145.556243896484375 148.943756103515625 154.2937469482421875 158.96875 161.75 161.243743896484375 163.462493896484375
246.431243896484375 236.2062530517578125 227.931243896484375 222.131256103515625 218.100006103515625 217.5500030517578125 219.4375 222.0374908447265625 225.1999969482421875 227.2312469482421875 228.712493896484375 228.556243896484375 227.649993896484375 224.65625 220.875 216.9124908447265625 212.7062530517578125 206.5625 200.681243896484375 194.818756103515625 189.0749969482421875 182.5500030517578125 177.90625 173.118743896484375 168.4375 164.2312469482421875 162.2062530517578125 159.59375 157.4250030517578125 155.1062469482421875 153.600006103515625 152.09375 148.7062530517578125 144.75 142.1062469482421875 141.3562469482421875 140.837493896484375 140.506256103515625 144.181243896484375 149.09375 155.412506103515625 158.443756103515625 160.46875 166.7312469482421875
245.743743896484375 234.381256103515625 225.306243896484375 216.875 212.8562469482421875 212.625 214.243743896484375 216.7687530517578125 219.587493896484375 220.787506103515625 222.3312530517578125 222.90625 222.6999969482421875 221.4499969482421875 218.65625 215.6374969482421875 211.024993896484375 206.818756103515625 201.318756103515625 196.181243896484375 191.274993896484375 187.1687469482421875 183.3625030517578125 177.8249969482421875 172.7937469482421875 168.6374969482421875 165.9499969482421875 162.5812530517578125 159.46875 157.15625 154.90625 152.5812530517578125 148.21875 143.912506103515625 140.1062469482421875 137.475006103515625 135.131256103515625 134.3562469482421875 135.9499969482421875 139.318756103515625 144.40625 152.0124969482421875 157.6750030517578125 166.118743896484375
243.0500030517578125 231.5124969482421875 222.25 213.75 208.431243896484375 209.0500030517578125 210.5 212.25 213.662506103515625 215.6687469482421875 217.506256103515625 218.6062469482421875 219.662506103515625 218.0749969482421875 216.4499969482421875 214.46875 211.899993896484375 207.625 202.100006103515625 199.306243896484375 195.899993896484375 192.693756103515625 189.4875030517578125 183.681243896484375 177.618743896484375 173.287506103515625 169.4499969482421875 165.743743896484375 161.8125 158.618743896484375 155.931243896484375 153.25 147.818756103515625 143.2687530517578125 137.9375 133.756256103515625 130.318756103515625 128.8937530517578125 128.975006103515625 127.96250152587890625 132.9562530517578125 143.5500030517578125 152.600006103515625 161.431243896484375
239.0187530517578125 228.375 219.5124969482421875 212.537506103515625 208.25 206.4375 207.0437469482421875 207.681243896484375 208.774993896484375 210.2937469482421875 212.3562469482421875 214.412506103515625 215.7312469482421875 215.9375 216.1875 215.337493896484375 213.4499969482421875 209.818756103515625 206.09375 204.225006103515625 201.625 198.568756103515625 195.2937469482421875 189.0437469482421875 183.368743896484375 177.9250030517578125 173.037506103515625 168.5749969482421875 163.7687530517578125 160.4562530517578125 157.243743896484375 153.462493896484375 147.4875030517578125 141.618743896484375 136.34375 131.068756103515625 126.4499969482421875 123.0124969482421875 121.53749847412109375 121.5 127.36875152587890625 138.8000030517578125 149.375 161.462493896484375
232.350006103515625 223.7687530517578125 216 210.100006103515625 205.8249969482421875 202.8000030517578125 202.024993896484375 201.8562469482421875 202.375 203.8937530517578125 207.78125 210.0437469482421875 213.03125 216.3562469482421875 216.9499969482421875 217.1374969482421875 215.5187530517578125 214.4250030517578125 212.399993896484375 210.962493896484375 208.6125030517578125 204.943756103515625 200.75 194.493743896484375 188.943756103515625 183.193756103515625 177.7062530517578125 172.350006103515625 167.5812530517578125 163.3562469482421875 159.287506103515625 154.6875 147.8874969482421875 141.0625 135.5500030517578125 129.9499969482421875 125.13124847412109375 120.4375 118.25624847412109375 120.3874969482421875 124.96875 134.71875 145.787506103515625 159.125
224.712493896484375 218.4124908447265625 211.8874969482421875 207.1875 202.5812530517578125 199.0625 196.40625 195.65625 196.037506103515625 197.3125 201.0687408447265625 206.0625 211.443756103515625 215.381256103515625 217.162506103515625 218.5124969482421875 219.0124969482421875 219.0749969482421875 218.40625 217.8562469482421875 215.087493896484375 211.212493896484375 206.7937469482421875 200.2062530517578125 194.4375 188.25 182.631256103515625 176.412506103515625 171.0625 165.931243896484375 161.0625 156.25 148.8000030517578125 141.3125 135.1875 129.462493896484375 123.46875 117.4499969482421875 116.27500152587890625 118.13124847412109375 120.7937469482421875 129.0812530517578125 140.131256103515625 153.1750030517578125
218.28125 213.7312469482421875 208.350006103515625 203.5625 199.4187469482421875 195.15625 191.25 189.568756103515625 188.2624969482421875 190.131256103515625 195.1125030517578125 202.524993896484375 209.850006103515625 216.537506103515625 220.03125 221.03125 222.78125 223.962493896484375 224.193756103515625 224.0812530517578125 221.681243896484375 217.556243896484375 212.5187530517578125 205.09375 198.443756103515625 192.7687530517578125 186.212493896484375 180.2375030517578125 174.1437530517578125 168.34375 163.1999969482421875 157.5437469482421875 149.306243896484375 141.8000030517578125 134.3000030517578125 127.4250030517578125 120.8249969482421875 116.52500152587890625 114.9187469482421875 114.65625 115.9875030517578125 121.90000152587890625 130.537506103515625 140.6875
213.25 209.15625 204.5 199.8000030517578125 195.787506103515625 191.6125030517578125 187.537506103515625 183.6687469482421875 180.90625 181.256256103515625 187.412506103515625 196.693756103515625 207.2624969482421875 216.7312469482421875 220.600006103515625 224.056243896484375 225.5124969482421875 227.7312469482421875 229.4812469482421875 230.9187469482421875 228.0812530517578125 222.131256103515625 216.225006103515625 209.149993896484375 202.712493896484375 196.875 190.743743896484375 185.256256103515625 179.5 172.1437530517578125 166.587493896484375 159.962493896484375 151.649993896484375 143.568756103515625 134.943756103515625 127.8312530517578125 123.63124847412109375 119.1750030517578125 116.7062530517578125 116.1125030517578125 116.80625152587890625 120.3249969482421875 125.59375 132.3937530517578125
208.4812469482421875 205.243743896484375 201.4250030517578125 197.462493896484375 193.40625 189.34375 184.53125 179.71875 175.037506103515625 171.6687469482421875 179.71875 195.556243896484375 207.53125 216.2312469482421875 221.256256103515625 225.256256103515625 227.6999969482421875 230.1875 232.556243896484375 233.868743896484375 230.4187469482421875 224.256256103515625 218.3125 211.524993896484375 205.399993896484375 200.6687469482421875 194.2687530517578125 189.806243896484375 183.9250030517578125 176.5 169.587493896484375 163.225006103515625 154.1437530517578125 145.712493896484375 136.743743896484375 130.618743896484375 126.46875 122.46250152587890625 119.9812469482421875 117.6875 116.77500152587890625 117.78749847412109375 120.125 123.90000152587890625
206.0812530517578125 202.899993896484375 199.243743896484375 195.9375 192.1125030517578125 188.350006103515625 184.1374969482421875 179.5187530517578125 174.8249969482421875 169.943756103515625 184.0500030517578125 201.59375 210.5749969482421875 217.7937469482421875 222.631256103515625 226.6687469482421875 229.5437469482421875 231.6437530517578125 233.2249908447265625 232.556243896484375 229.774993896484375 224.71875 219.4562530517578125 212.6062469482421875 207.506256103515625 203.399993896484375 197.618743896484375 193.6750030517578125 188.662506103515625 181.3562469482421875 171.9812469482421875 164.6999969482421875 156.068756103515625 147.5812530517578125 138.9250030517578125 133.899993896484375 130.193756103515625 125.99375152587890625 123.85625457763671875 121.33750152587890625 117.9250030517578125 117.16249847412109375 116.09999847412109375 116.1999969482421875
204.1125030517578125 201.2375030517578125 198.5187530517578125 195.493743896484375 191.850006103515625 188.662506103515625 185.7687530517578125 182.9499969482421875 182.837493896484375 188.9250030517578125 205.1875 211.068756103515625 215.4499969482421875 221.068756103515625 224.818756103515625 228.0562591552734375 230.84375 232.3874969482421875 232.4499969482421875 231.837493896484375 228.3625030517578125 223.34375 219.131256103515625 213.693756103515625 208.21875 204.774993896484375 200.0124969482421875 196.53125 192.5749969482421875 185.59375 177.7624969482421875 170.7062530517578125 162.806243896484375 155.056243896484375 149.2624969482421875 144.96875 140.337493896484375 136.96875 134.0437469482421875 129.243743896484375 125.0812530517578125 124.00624847412109375 121.4499969482421875 120.95000457763671875
202.125 199.943756103515625 197.5625 194.7687530517578125 192.625 190.943756103515625 188.9375 188.8625030517578125 191.693756103515625 198.125 207.5749969482421875 214.412506103515625 218.818756103515625 223.6750030517578125 227.1437530517578125 229.8125 232.8937530517578125 233.412506103515625 232.7312469482421875 231.6875 227.28125 222.399993896484375 217.6062469482421875 212.5124969482421875 208.8937530517578125 205.5437469482421875 201.5812530517578125 199.1999969482421875 195.993743896484375 189.587493896484375 182.5187530517578125 178.7687530517578125 173.712493896484375 167.2687530517578125 162.6999969482421875 157.881256103515625 152.65625 148.15625 144.993743896484375 138.681243896484375 133.6812591552734375 131.84375 128.9499969482421875 126.875
