data/historical-monthly-weather-data/wc2.1_cruts4.09_10m_prec_2000-12.asc
ncols        45
nrows        45
xllcorner    -63.500000000000
yllcorner    -7.500000000000
cellsize     0.166666666667
NODATA_value -9999
[rows 20 to 39 of 45, columns 0 to 43 of 45]
189.493743896484375 187.243743896484375 187.375 188.8625030517578125 191.5 197.100006103515625 202.6750030517578125 207.9499969482421875 213.59375 217.6999969482421875 219.78125 220.1875 219.7687530517578125 217.4875030517578125 212.868743896484375 206.75 200.5749969482421875 194.75 191.181243896484375 186.837493896484375 178.1750030517578125 168.6750030517578125 159.774993896484375 153.225006103515625 147.9187469482421875 142.1125030517578125 135.962493896484375 127.0187530517578125 116.9250030517578125 109.34999847412109375 103.8937530517578125 101.18125152587890625 95.7062530517578125 90.4875030517578125 85.46250152587890625 80.61875152587890625 76.46250152587890625 72.1125030517578125 66.5812530517578125 59.456249237060546875 51.75624847412109375 46.68125152587890625 42.8125 39.668750762939453125
191.131256103515625 188.306243896484375 189.8249969482421875 193.462493896484375 197.40625 203.59375 210.337493896484375 216.6999969482421875 222.068756103515625 225.71875 226.712493896484375 226.212493896484375 224.9875030517578125 221.912506103515625 217.5187530517578125 211.8937530517578125 206.1750030517578125 200.2624969482421875 195.3625030517578125 190.0437469482421875 179.787506103515625 170.568756103515625 162.850006103515625 155.837493896484375 150.212493896484375 145.774993896484375 142.162506103515625 133.9437408447265625 124.4250030517578125 118.4499969482421875 114.0749969482421875 110.88124847412109375 103.71875 97.2624969482421875 90.84999847412109375 85.15625 80.4875030517578125 75.83750152587890625 69.46250152587890625 61.325000762939453125 53.31874847412109375 48.02500152587890625 43.668750762939453125 40.106250762939453125
193.5500030517578125 192.1875 193.6750030517578125 197.681243896484375 202.9562530517578125 210.7062530517578125 217.8625030517578125 225.3874969482421875 231.8000030517578125 234.1062469482421875 233.90625 231.65625 230.1875 227.0500030517578125 222.337493896484375 216.7062530517578125 210.7062530517578125 204.024993896484375 198.3874969482421875 191.6875 181.193756103515625 171.6062469482421875 163.274993896484375 156.181243896484375 150.90625 147.8000030517578125 146.4812469482421875 139.40625 130.625 126.3874969482421875 123.5124969482421875 120.65000152587890625 112.56874847412109375 104.11875152587890625 96.22499847412109375 88.78125 83.8000030517578125 79.97499847412109375 72.93125152587890625 63.737499237060546875 55.02500152587890625 49.268749237060546875 44.52500152587890625 40.58750152587890625
198.4375 197.131256103515625 198.4187469482421875 202.8312530517578125 209.09375 217.287506103515625 225.5187530517578125 232.743743896484375 238.274993896484375 239.3937530517578125 238.537506103515625 236.5500030517578125 234.6750030517578125 231.743743896484375 226.399993896484375 220.306243896484375 214.193756103515625 207.3562469482421875 200.84375 193.443756103515625 181.899993896484375 171.787506103515625 162.587493896484375 155.681243896484375 150.2312469482421875 146.7937469482421875 145.71875 141.5812530517578125 136.193756103515625 133.837493896484375 132.7312469482421875 130.1750030517578125 121.7937469482421875 112.1999969482421875 103.125 93.52500152587890625 86.97499847412109375 82.03749847412109375 74.46250152587890625 64.88124847412109375 55.71875 49.91249847412109375 44.96250152587890625 40.90000152587890625
206.3625030517578125 204.5500030517578125 204.9187469482421875 211.2937469482421875 219.2375030517578125 226.618743896484375 233.818756103515625 239.3562469482421875 243 244.3625030517578125 243.5437469482421875 241.03125 238.65625 235.3625030517578125 230.068756103515625 223.9250030517578125 217.46875 210.4499969482421875 203.25 195.1999969482421875 182.868743896484375 171.337493896484375 161.5437469482421875 153.8937530517578125 148.71875 145.8937530517578125 145.399993896484375 143.4250030517578125 140.4375 140.5625 141.2937469482421875 139.8000030517578125 131.256256103515625 120.97499847412109375 110.50624847412109375 100.0749969482421875 91.6687469482421875 83.4875030517578125 75.1374969482421875 65.71875 56.356250762939453125 50.5 45.38124847412109375 41.5
218.78125 219.631256103515625 219.96875 225.4250030517578125 230.8562469482421875 236.7375030517578125 241.7687530517578125 245.625 248.006256103515625 248.225006103515625 246.806243896484375 244.7375030517578125 241.9250030517578125 238.46875 233.537506103515625 227.46875 220.537506103515625 213.3000030517578125 205.743743896484375 197.087493896484375 185.181243896484375 172.0500030517578125 160.3125 151.09375 147.475006103515625 145.881256103515625 146.818756103515625 146.3562469482421875 145.100006103515625 146.9499969482421875 149.118743896484375 149.8249969482421875 141.3499908447265625 129.818756103515625 118.46250152587890625 106.53749847412109375 96.0187530517578125 85.86875152587890625 76.69374847412109375 67.09375 57.512500762939453125 51.143749237060546875 45.668750762939453125 41.52500152587890625
229.681243896484375 231.693756103515625 234.53125 239.4187469482421875 243.600006103515625 247.337493896484375 249.4375 250.875 250.9375 250.8625030517578125 250.149993896484375 247.84375 244.5 241.212493896484375 236.475006103515625 231.0500030517578125 224.6062469482421875 217.4875030517578125 209.9375 200.6687469482421875 188.568756103515625 175.3000030517578125 162.6374969482421875 152.0625 149.9375 149.006256103515625 150.6312408447265625 151.087493896484375 151.368743896484375 153.9375 157.3125 158.943756103515625 150.2937469482421875 137.181243896484375 124.28749847412109375 111.6125030517578125 99.52500152587890625 88.13124847412109375 78.49375152587890625 68.84999847412109375 59.15625 52.299999237060546875 46.1875 41.84375
241.625 244.9499969482421875 249.5625 254.3874969482421875 257.368743896484375 258.868743896484375 258.51873779296875 256.756256103515625 254.875 253.2375030517578125 251.350006103515625 248.962493896484375 246.71875 243.84375 239.493743896484375 234.0500030517578125 228.5 221.412506103515625 214.306243896484375 205.4499969482421875 194.125 182.1062469482421875 171.725006103515625 162.3312530517578125 157.787506103515625 155.618743896484375 156.4812469482421875 156.8562469482421875 157.375 160.318756103515625 163.7062530517578125 164.975006103515625 155.181243896484375 141.9812469482421875 128.4250030517578125 115.17499542236328125 102.49375152587890625 90.50624847412109375 80.78749847412109375 71.2687530517578125 61.643749237060546875 54.512500762939453125 47.0625 42.487499237060546875
252.5625 257.693756103515625 264.181243896484375 270.54376220703125 272.375 270.01251220703125 266.256256103515625 262.118743896484375 258.443756103515625 254.875 252.65625 250.7937469482421875 248.618743896484375 246.40625 242.1500091552734375 238.1125030517578125 233.1875 226.756256103515625 219.8937530517578125 211.662506103515625 201.4187469482421875 191.0749969482421875 182.6125030517578125 173.306243896484375 167.5124969482421875 164.0187530517578125 164.006256103515625 164.118743896484375 164.5625 166.8249969482421875 169.475006103515625 169.8562469482421875 159.149993896484375 145.34375 131.5500030517578125 118.22499847412109375 105.3874969482421875 92.875 82.875 73.4875030517578125 64.36875152587890625 56.83750152587890625 49.418750762939453125 45.581249237060546875
263.375 269.25 277.475006103515625 285.66876220703125 288.306243896484375 280.350006103515625 272.08123779296875 265.48748779296875 259.90625 254.9812469482421875 252.162506103515625 250.056243896484375 249.381256103515625 248.493743896484375 245.3625030517578125 241.6062469482421875 237.8312530517578125 233.46875 227.306243896484375 219.243743896484375 209.631256103515625 200.649993896484375 192.568756103515625 184.118743896484375 178.181243896484375 174.287506103515625 172.756256103515625 172.7375030517578125 172.5187530517578125 173.5812530517578125 174.7437591552734375 173.7312469482421875 163.0625 149.3187408447265625 135.5437469482421875 121.8562469482421875 108.6875 95.71875 85.50624847412109375 75.68125152587890625 66.03749847412109375 59.987499237060546875 54.0625 50.612499237060546875
272.07501220703125 278.26873779296875 285.76873779296875 294.0625 295.53125 284.443756103515625 274.08123779296875 265.16876220703125 258.212493896484375 253.7687530517578125 250.7375030517578125 249.399993896484375 249.693756103515625 249.40625 247.0500030517578125 244.787506103515625 242.9875030517578125 238.806243896484375 234.350006103515625 226.931243896484375 217.8874969482421875 209.693756103515625 202.693756103515625 194.6999969482421875 188.493743896484375 184.21875 182.3000030517578125 181.6750030517578125 180.868743896484375 180.8249969482421875 180.2937469482421875 177.774993896484375 166.5749969482421875 153.1875 139.3000030517578125 125.53749847412109375 112.15625 98.84999847412109375 88.1062469482421875 77.5749969482421875 68.03749847412109375 63.21875 58.837497711181640625 55.137500762939453125
279.443756103515625 284.056243896484375 289.16876220703125 292.287506103515625 290.306243896484375 281.58123779296875 271.71875 261.8125 255.2062530517578125 250.3000030517578125 247.712493896484375 247.806243896484375 249.2375030517578125 249.8625030517578125 249.399993896484375 248.3937530517578125 246.037506103515625 242.131256103515625 237.9499969482421875 231.6999969482421875 224.4812469482421875 217.5187530517578125 211.024993896484375 203.693756103515625 198.787506103515625 194.368743896484375 191.712493896484375 190.7375030517578125 189.649993896484375 188.337493896484375 186.1875 182.318756103515625 170.0812530517578125 156.6999969482421875 143.09375 129.631256103515625 115.625 101.8312530517578125 90.97499847412109375 80.4562530517578125 71.5625 67.96250152587890625 65.0124969482421875 62.393749237060546875
287.6875 289.15625 290.15625 290.850006103515625 287.71875 279.21875 268.85626220703125 258.693756103515625 251.46875 246.787506103515625 246.3874969482421875 247.131256103515625 249.8249969482421875 252.5812530517578125 252.6437530517578125 251.6062469482421875 249.1062469482421875 246.1875 240.8312530517578125 235.306243896484375 229.2312469482421875 223.618743896484375 217.9562530517578125 211.443756103515625 207.28125 204.0500030517578125 201.556243896484375 199.600006103515625 198.681243896484375 196.006256103515625 192.9499969482421875 188.087493896484375 175.875 162.4812469482421875 148.962493896484375 135.3562469482421875 121.375 107.69374847412109375 97.3312530517578125 88.40625 80.09999847412109375 77.2312469482421875 75.56874847412109375 74.97499847412109375
294.9375 293.65625 292.51251220703125 290.006256103515625 284.33123779296875 275.45001220703125 265.51873779296875 255.2312469482421875 247.1750030517578125 242.131256103515625 241.5187530517578125 245.7687530517578125 250.65625 253.65625 254.9499969482421875 254.2312469482421875 252.6687469482421875 249.8062591552734375 244.100006103515625 238.837493896484375 233.587493896484375 228.3874969482421875 223.131256103515625 218.0625 214.5812530517578125 212.1750030517578125 210.443756103515625 208.9875030517578125 208.256256103515625 204.0187530517578125 199.6062469482421875 194.1374969482421875 181.875 168.600006103515625 154.8937530517578125 141.1750030517578125 127.46250152587890625 113.4875030517578125 104.58750152587890625 96.83750152587890625 89.59375 87.3874969482421875 86.6374969482421875 87.46875
300.79998779296875 298.068756103515625 294.675018310546875 289.33123779296875 282.45623779296875 272.53125 261.649993896484375 250.8937530517578125 241.037506103515625 235.931243896484375 237.037506103515625 243.78125 252.100006103515625 257.70623779296875 259.42498779296875 258.943756103515625 256.92498779296875 253.381256103515625 248.2937469482421875 242 237.8562469482421875 232.5 228.53125 224.21875 221.2937469482421875 219.8937530517578125 218.506256103515625 217.7937469482421875 217.0749969482421875 211.943756103515625 206.493743896484375 200.03125 188.03125 175.1374969482421875 161.4812469482421875 147.462493896484375 133.537506103515625 120.61875152587890625 112.875 105.7062530517578125 99.5187530517578125 97.61875152587890625 97.1687469482421875 98.19374847412109375
305.54376220703125 301.625 296.38751220703125 289.82501220703125 281.475006103515625 271.087493896484375 258.899993896484375 246.587493896484375 235.225006103515625 228.431243896484375 231.899993896484375 243.149993896484375 255.59375 262.818756103515625 265.09375 264.4375 261.76251220703125 257.86248779296875 251.806243896484375 245.068756103515625 240.8249969482421875 236.8125 232.375 228.84375 227.0500030517578125 225.8874969482421875 225.2312469482421875 224.8249969482421875 224.225006103515625 219.1750030517578125 213.6687469482421875 206.649993896484375 195.524993896484375 182.962493896484375 169.9499969482421875 156.6374969482421875 144.681243896484375 132.881256103515625 125.6062469482421875 119.16249847412109375 113.56874847412109375 112.15625 111.5 112.21875
309.57501220703125 305.01251220703125 298.91876220703125 291.899993896484375 283.412506103515625 272.79376220703125 260.899993896484375 246.9250030517578125 232.1750030517578125 220.0437469482421875 228.6437530517578125 249.475006103515625 262.76251220703125 269.01251220703125 271.20001220703125 270.01873779296875 267.04376220703125 262.256256103515625 256.26251220703125 249.193756103515625 244.46875 239.975006103515625 235.693756103515625 232.806243896484375 231.274993896484375 230.9812469482421875 230.46875 231.3874969482421875 231.7312469482421875 226.6999969482421875 220.71875 213.506256103515625 202.943756103515625 191.5 179.087493896484375 167.8000030517578125 156.931243896484375 146.193756103515625 138.9187469482421875 132.8312530517578125 127.5 126.03125 125.2687530517578125 125.69374847412109375
313.375 308.89373779296875 302.95623779296875 295.71875 288.006256103515625 277.306243896484375 266.625 253.7375030517578125 239.725006103515625 224.78125 246.399993896484375 269.23126220703125 276.48748779296875 279.006256103515625 279.26251220703125 277.11248779296875 272.76873779296875 267.806243896484375 260.693756103515625 253.600006103515625 247.4562530517578125 242.34375 238.412506103515625 235.975006103515625 234.756256103515625 234.9812469482421875 236.0500030517578125 237.5187530517578125 238.350006103515625 233.818756103515625 227.3000030517578125 220.40625 210.71875 200.28125 188.912506103515625 178.9250030517578125 169.1125030517578125 159.2062530517578125 152.5812530517578125 146.5500030517578125 141.149993896484375 139.399993896484375 138.118743896484375 138.0625
319.537506103515625 314.51251220703125 308.899993896484375 302.375 294.625 285.04998779296875 275.96875 267.73748779296875 262.33123779296875 268.0625 293.9375 295.506256103515625 292.5 291.024993896484375 289.16876220703125 285.899993896484375 280.79998779296875 274.01873779296875 266.068756103515625 257.89373779296875 250.556243896484375 244.162506103515625 239.7624969482421875 237.712493896484375 237.1500091552734375 237.743743896484375 238.774993896484375 240.899993896484375 242.3249969482421875 239.0437469482421875 234.46875 227.8312530517578125 219.5812530517578125 210.5500030517578125 201.6437530517578125 192.756256103515625 183.693756103515625 174.725006103515625 168.1687469482421875 162.0500030517578125 157.0812530517578125 154.9937591552734375 153.399993896484375 152.8937530517578125
327.5625 321.96875 316.256256103515625 310.006256103515625 303.131256103515625 295.912506103515625 289.45001220703125 286 285.600006103515625 292.75 305.82501220703125 309.1875 305.774993896484375 303.006256103515625 300.375 295.75 289.48748779296875 282.206268310546875 272.412506103515625 262.774993896484375 252.806243896484375 244.6125030517578125 239.149993896484375 236.84375 237.5812530517578125 239.34375 241.568756103515625 244.40625 246.2062530517578125 244.506256103515625 240.725006103515625 236.506256103515625 230.2062530517578125 222.6374969482421875 214.806243896484375 206.1999969482421875 198.412506103515625 190.1125030517578125 183.5812530517578125 177.1999969482421875 171.806243896484375 169.6999969482421875 168.2375030517578125 167.4812469482421875
