data/historical-monthly-weather-data/wc2.1_cruts4.09_10m_prec_2004-07.asc
ncols        51
nrows        45
xllcorner    -63.500000000000
yllcorner    -7.500000000000
cellsize     0.166666666667
NODATA_value -9999
[rows 19 to 37 of 45, columns 0 to 43 of 51]
151.506256103515625 153.818756103515625 151.068756103515625 147.8937530517578125 143.65625 142.8312530517578125 134.9812469482421875 130.34375 125.9499969482421875 118.2062530517578125 111.72499847412109375 108.41249847412109375 101.93125152587890625 95.49375152587890625 85.8312530517578125 75.6125030517578125 68.6125030517578125 71.0749969482421875 64.24375152587890625 59.862499237060546875 54.237499237060546875 55.31874847412109375 58.924999237060546875 60.99375152587890625 60.53749847412109375 56.81874847412109375 54.90625 55.424999237060546875 53.9375 52.862499237060546875 55.356250762939453125 61.512500762939453125 63.706249237060546875 65.59999847412109375 67.90000152587890625 68.6125030517578125 66.3249969482421875 62.33750152587890625 57.93125152587890625 51.31874847412109375 43.13124847412109375 36.96875 33.487499237060546875 30
131.8249969482421875 141.412506103515625 144.774993896484375 139.1125030517578125 133.03125 132.318756103515625 127.4187469482421875 123.8125 118.4812469482421875 112.46875 105.05625152587890625 101.65625 96.7624969482421875 89.625 80.69374847412109375 72.4499969482421875 66.91249847412109375 64.375 63.231250762939453125 57.25 57.950000762939453125 59.081249237060546875 61.075000762939453125 63.756252288818359375 62.84375 58.25 53.137500762939453125 53.02500152587890625 53.63124847412109375 54.05625152587890625 57.80625152587890625 61.65000152587890625 60.768749237060546875 62.512500762939453125 64.31874847412109375 63.793750762939453125 61.66249847412109375 56.706249237060546875 51.387500762939453125 45.331249237060546875 39.28749847412109375 35.15000152587890625 31.318750381469726562 28.387500762939453125
122.84375 123.84375 128.993743896484375 128.556243896484375 126 120.72499847412109375 117.30625152587890625 114.3125 110.65625 105.22499847412109375 100.21875 93.84999847412109375 88.11875152587890625 85.3125 80.21250152587890625 72.375 68.96250152587890625 65.15000152587890625 62.8125 59.71875 57.549999237060546875 58.625 60.924999237060546875 60.3125 57.793750762939453125 54.55625152587890625 54.5625 52.3125 54.56874847412109375 57.18125152587890625 58.612499237060546875 59.66249847412109375 58.768749237060546875 58.762500762939453125 58.231250762939453125 58.21250152587890625 56.03125 51.768749237060546875 47.11875152587890625 42.049999237060546875 36.96875 33.53125 30.362499237060546875 27.556249618530273438
114.09375 120.1374969482421875 122.3562469482421875 120.46250152587890625 117.3312530517578125 114.1750030517578125 105.77500152587890625 103.11875152587890625 101.3249969482421875 100.59375 97.0625 90.9250030517578125 87.33750152587890625 83.0437469482421875 79.71875 75.0812530517578125 68.7937469482421875 63.762500762939453125 60.8125 59.53749847412109375 60.9375 60.15000152587890625 60.34999847412109375 59.193752288818359375 58.46250152587890625 54.387500762939453125 52.21250152587890625 52.4375 52.6875 53.950000762939453125 55.3125 57.112499237060546875 55.375 53.331249237060546875 53.081249237060546875 51.00624847412109375 49.71250152587890625 45.52500152587890625 42.61875152587890625 39.06874847412109375 34.924999237060546875 31.287500381469726562 28.618749618530273438 26.075000762939453125
102.7937469482421875 111.0812530517578125 116.4187469482421875 114.11875152587890625 111.13124847412109375 105.93125152587890625 103.3249969482421875 98.78125 94.1437530517578125 90.25624847412109375 88.03125 88.22499847412109375 84.91249847412109375 82.1875 77.00624847412109375 72.75 66.58750152587890625 64.46875 61.58750152587890625 61.78749847412109375 61.049999237060546875 62.34999847412109375 62.106250762939453125 62.5 60.768749237060546875 55.950000762939453125 54.81874847412109375 51.825000762939453125 50.918750762939453125 51.65625 53.043750762939453125 54.06874847412109375 50.981250762939453125 47.75624847412109375 48.106250762939453125 45.0625 44.1875 41.86875152587890625 39.3125 35.9375 32.643749237060546875 29.5625 27.368749618530273438 24.950000762939453125
95.28125 103.875 110.7062530517578125 110.03125 108.00624847412109375 101.28125 97.6875 93.5 89.11875152587890625 87.2312469482421875 85.11875152587890625 80.76874542236328125 80.9499969482421875 77.90625 72.96875 67.7687530517578125 64.1125030517578125 63.325000762939453125 62.31874847412109375 61.9375 62.53749847412109375 63.02500152587890625 65.53125 64.0500030517578125 60.16249847412109375 58.28125 53.88124847412109375 50.78125 48.66249847412109375 49.112499237060546875 48.1875 47.61875152587890625 46.106250762939453125 43.325000762939453125 41.487499237060546875 40.15000152587890625 39.6875 37.28749847412109375 35.543750762939453125 33.11875152587890625 29.893749237060546875 27.818750381469726562 26.09375 23.831249237060546875
93.5187530517578125 101.15000152587890625 102.4375 103.58750152587890625 101.6687469482421875 96.3125 92.28125 87.8000030517578125 82.75624847412109375 77.8125 79.4250030517578125 77.22499847412109375 73.8249969482421875 71.84999847412109375 68.6062469482421875 65.1437530517578125 61.643749237060546875 61.362499237060546875 61.59375 61.081249237060546875 63.606250762939453125 64.78125 67 65.49375152587890625 60.956249237060546875 56.86875152587890625 53.481250762939453125 49.38124847412109375 45.93125152587890625 44.706249237060546875 43.549999237060546875 42.143749237060546875 39.674999237060546875 37.78749847412109375 37.112499237060546875 36.15625 35.46250152587890625 34.08750152587890625 32.456249237060546875 30.387500762939453125 28.387500762939453125 26.043750762939453125 24.3125 22.28125
88.15625 91.7624969482421875 95.25 96.78125 94.7312469482421875 90.9562530517578125 87.80625152587890625 83.11875152587890625 77.02500152587890625 76.71250152587890625 76.8937530517578125 74.9875030517578125 72.4562530517578125 69.1062469482421875 65.72499847412109375 64.31874847412109375 61.424999237060546875 60.08750152587890625 60.887500762939453125 61.52500152587890625 62.206249237060546875 63.793750762939453125 66.7624969482421875 66.8312530517578125 60.956249237060546875 54.84375 51.19374847412109375 47.799999237060546875 44.59375 41.481250762939453125 40.53749847412109375 37.58750152587890625 34.77500152587890625 34.700000762939453125 33.375 33.125 31.506250381469726562 30.28125 29.212499618530273438 27.850000381469726562 26.600000381469726562 24.90625 23.131250381469726562 21.1875
83.4812469482421875 83.66249847412109375 86.3312530517578125 89.2062530517578125 87.6750030517578125 84.84999847412109375 82.0437469482421875 77.74375152587890625 74.4562530517578125 73.3562469482421875 72.3874969482421875 69.91249847412109375 68.24375152587890625 66.0124969482421875 62.875 61.018749237060546875 59.325000762939453125 58.8125 57.94374847412109375 59.262500762939453125 61.66249847412109375 62.44374847412109375 62.662502288818359375 62.46875 58.6875 53.293750762939453125 49.606250762939453125 46.237499237060546875 43.049999237060546875 40.86875152587890625 38.90000152587890625 36.80625152587890625 33.90000152587890625 31.78125 30.5 29.9375 28.362499237060546875 27.331249237060546875 26.662500381469726562 26.118749618530273438 24.962499618530273438 24.3125 22.243749618530273438 20.743749618530273438
78.08750152587890625 78.24375152587890625 81.3000030517578125 79.99375152587890625 79.9875030517578125 76.47499847412109375 73.6437530517578125 71.84999847412109375 69.21250152587890625 69.0124969482421875 67.78125 65.83750152587890625 64.86875152587890625 63.899997711181640625 61.4375 59.56874847412109375 58.856250762939453125 56.77500152587890625 56.737499237060546875 57.762500762939453125 59.08750152587890625 59.6875 60.47499847412109375 58.825000762939453125 55.581249237060546875 51.24375152587890625 47.793750762939453125 44.61875152587890625 42.787502288818359375 40.543750762939453125 37.956249237060546875 35.924999237060546875 32.581249237060546875 29.8125 28.100000381469726562 27.325000762939453125 25.9375 24.850000381469726562 24.1875 23.149999618530273438 22.756250381469726562 21.700000762939453125 20.568750381469726562 19.368749618530273438
73.0812530517578125 75.36875152587890625 76.75 75.6374969482421875 73.84375 71.6437530517578125 68.65000152587890625 68.47499847412109375 67.5 66.25624847412109375 65.3000030517578125 65.00624847412109375 64.03125 62.11875152587890625 60.03749847412109375 58.375 56.63124847412109375 55.862499237060546875 54.84375 54.94374847412109375 56.643749237060546875 56.93125152587890625 57.65625 55.03749847412109375 52.518749237060546875 49.22499847412109375 45.862499237060546875 43.3125 41.625 39.081249237060546875 36.78749847412109375 34.362499237060546875 30.931249618530273438 28.300001144409179688 26.075000762939453125 24.881250381469726562 24.231250762939453125 22.606250762939453125 21.356250762939453125 20.543750762939453125 20.34375 19.762500762939453125 18.84375 17.649999618530273438
69.84999847412109375 71.52500152587890625 69.7687530517578125 71.02500152587890625 70.65625 69.34375 66.6062469482421875 65.24375152587890625 64.68125152587890625 64.0812530517578125 63.90625 63 63.700000762939453125 60.581249237060546875 58.03749847412109375 56.924999237060546875 56.706249237060546875 54.03749847412109375 51.831249237060546875 53.012500762939453125 54.78125 54.97499847412109375 54.831249237060546875 51.543750762939453125 48.66249847412109375 47.356250762939453125 44.4375 41.387500762939453125 38.94374847412109375 37.11875152587890625 35 33.0625 30 27.4375 24.962499618530273438 23.137500762939453125 21.912500381469726562 20.875 19.243749618530273438 17.818750381469726562 17.356250762939453125 17.424999237060546875 16.84375 15.75
66.78749847412109375 65.52500152587890625 63.924999237060546875 63.818752288818359375 64.7937469482421875 64.6687469482421875 63.94374847412109375 62.41249847412109375 62.549999237060546875 61.299999237060546875 61.581249237060546875 62.237499237060546875 61.418750762939453125 60.81874847412109375 58.674999237060546875 57.012500762939453125 55.63124847412109375 52.950000762939453125 50.15000152587890625 51.25 51.49375152587890625 51.96875 51.137500762939453125 48.19374847412109375 46.63124847412109375 44.33750152587890625 42.018749237060546875 40.143749237060546875 37.09999847412109375 35.362499237060546875 33.875 31.825000762939453125 28.612499237060546875 26.037500381469726562 23.8125 21.681249618530273438 20.456249237060546875 18.3125 16.918750762939453125 16.162500381469726562 15.618749618530273438 15.3125 14.837499618530273438 14.506250381469726562
64.46875 62.456249237060546875 59.91249847412109375 59.231250762939453125 60.049999237060546875 59.93125152587890625 60.012500762939453125 59.43125152587890625 58.206249237060546875 59.325000762939453125 60.956249237060546875 60.0625 60.081249237060546875 60.59375 59.03749847412109375 56.19374847412109375 53.487499237060546875 52.71875 51.05625152587890625 51.293750762939453125 50.71875 49.71250152587890625 48.03125 46.09999847412109375 45.15000152587890625 42.793750762939453125 41.28749847412109375 38.80625152587890625 36.825000762939453125 34.4375 32.581249237060546875 30.25 26.825000762939453125 24.481250762939453125 22.706249237060546875 21.143749237060546875 18.96875 16.950000762939453125 15.818750381469726562 15.481249809265136719 14.925000190734863281 14.699999809265136719 13.800000190734863281 13.587499618530273438
62.262500762939453125 60.25624847412109375 58.71250152587890625 57.825000762939453125 56.981250762939453125 55.21875 55.03749847412109375 53.53125 54.84999847412109375 54.981250762939453125 56.90625 58.043750762939453125 59.16249847412109375 58.74375152587890625 57.28125 54.237499237060546875 52.481250762939453125 51.299999237060546875 49.75 49.393749237060546875 49.28749847412109375 47.13124847412109375 46.43125152587890625 44.918750762939453125 42.86875152587890625 40.625 39.21875 37.862499237060546875 35.94374847412109375 33.66249847412109375 31.568750381469726562 28.918750762939453125 25.643749237060546875 23.625 21.725000381469726562 19.850000381469726562 17.487499237060546875 15.78125 15.1875 14.631250381469726562 14.206250190734863281 14.149999618530273438 13.818750381469726562 13.300000190734863281
60.6875 57.012500762939453125 56.8125 55.40000152587890625 54.97499847412109375 53.22499847412109375 51.59375 50.08750152587890625 49.418750762939453125 50.081249237060546875 52.793750762939453125 55.80625152587890625 59.24375152587890625 59.893749237060546875 56.8125 53.962497711181640625 51.737499237060546875 49.981250762939453125 49.231250762939453125 47.793750762939453125 47.36875152587890625 46.55625152587890625 45.0625 43.387500762939453125 41.331249237060546875 39.018749237060546875 37.8125 36.575000762939453125 34.737499237060546875 30.987499237060546875 28.9375 27.399999618530273438 24.75 22.59375 20.243749618530273438 18.456249237060546875 16.674999237060546875 15.418749809265136719 14.59375 13.774999618530273438 13.199999809265136719 12.875 13.106249809265136719 12.800000190734863281
58.36875152587890625 56.018749237060546875 56.331249237060546875 53.9375 53.049999237060546875 50.84999847412109375 49.325000762939453125 47.549999237060546875 46.4375 45.96875 48.25 52.46250152587890625 57.65625 57.13124847412109375 55.606250762939453125 53.125 51.237499237060546875 49.02500152587890625 47.143749237060546875 46.02500152587890625 43.6875 43.96250152587890625 42.081249237060546875 40.30625152587890625 37.93125152587890625 37.262500762939453125 36.237499237060546875 35.143749237060546875 33.38124847412109375 29.956249237060546875 27.8125 26.46875 23.893749237060546875 21.981250762939453125 19.868749618530273438 17.912500381469726562 16.481250762939453125 15.193750381469726562 14.75 14.006250381469726562 13.087499618530273438 12.868749618530273438 12.506250381469726562 12.306249618530273438
55.36875152587890625 54.59375 54.27500152587890625 51.731250762939453125 50.77500152587890625 49.59375 47.81874847412109375 45.762500762939453125 43.66249847412109375 41.28749847412109375 43.90625 49.125 53.293750762939453125 53.53749847412109375 53.13124847412109375 51.44374847412109375 49.268749237060546875 46.606250762939453125 44.65000152587890625 43.68125152587890625 41.262500762939453125 39.97499847412109375 38.59375 37.74375152587890625 35.71875 34.81874847412109375 34.075000762939453125 32.887500762939453125 31.40625 29.137500762939453125 26.799999237060546875 24.825000762939453125 22.462499618530273438 20.8125 18.987499237060546875 17.012500762939453125 15.71875 15.131250381469726562 14.893750190734863281 13.962499618530273438 12.925000190734863281 12.668749809265136719 12.243749618530273438 12.324999809265136719
51.512500762939453125 51.88124847412109375 50.38124847412109375 49.831249237060546875 48.987499237060546875 47.68125152587890625 46.081249237060546875 44 41.956249237060546875 38.856250762939453125 43.981250762939453125 48.518749237060546875 50.375 50.96875 51.106250762939453125 49.71250152587890625 46.33750152587890625 45.1875 42.606250762939453125 41.33750152587890625 39.625 37.88124847412109375 35.81874847412109375 35.200000762939453125 34.11875152587890625 33.16249847412109375 32.1875 31.1875 29.962499618530273438 27.450000762939453125 24.256250381469726562 22.850000381469726562 20.831249237060546875 19.5625 17.5625 15.756250381469726562 15.324999809265136719 14.693750381469726562 14.443750381469726562 13.743749618530273438 12.824999809265136719 12.893750190734863281 12.356249809265136719 11.431249618530273438
