data/historical-monthly-weather-data/wc2.1_cruts4.09_10m_prec_1981-02.asc
ncols        45
nrows        45
xllcorner    -63.500000000000
yllcorner    -7.500000000000
cellsize     0.166666666667
NODATA_value -9999
[rows 0 to 19 of 45, columns 0 to 43 of 45]
192.381256103515625 190.5500030517578125 186.274993896484375 185.162506103515625 181.5749969482421875 181.306243896484375 179.28125 174.3125 168.5749969482421875 165.868743896484375 167.0625 166.068756103515625 164.068756103515625 156.5812530517578125 150.53125 144.8000030517578125 140.256256103515625 133.4812469482421875 130.5437469482421875 128.493743896484375 128.5 128.8312530517578125 130.625 132.3249969482421875 134.725006103515625 137.725006103515625 141.75 146.1750030517578125 151.21875 156.118743896484375 161.943756103515625 168.3249969482421875 173.774993896484375 179.787506103515625 186.5187530517578125 191.975006103515625 195.5749969482421875 198.4312591552734375 200.431243896484375 200.475006103515625 201.493743896484375 201.306243896484375 199.3562469482421875 200.2062530517578125
200.256256103515625 198.475006103515625 197.0187530517578125 194.8625030517578125 193.568756103515625 195.8625030517578125 195.243743896484375 195.181243896484375 193.756256103515625 191.5187530517578125 190.0437469482421875 185.4250030517578125 179.9562530517578125 172.587493896484375 164.6999969482421875 156.850006103515625 150.287506103515625 143.875 139.774993896484375 136.3625030517578125 135.6875 136.3625030517578125 137.9375 139.443756103515625 141.0124969482421875 143.993743896484375 147.7562408447265625 152.712493896484375 157.5437469482421875 162.087493896484375 166.3125 172.850006103515625 178.850006103515625 185.9812469482421875 192.375 197.493743896484375 201.1750030517578125 203.493743896484375 204.9875030517578125 204.7375030517578125 205.118743896484375 204.3125 201.7687530517578125 201.5625
206.5437469482421875 205.1374969482421875 203.5749969482421875 202.28125 202.4499969482421875 205.462493896484375 209.03125 213.7062530517578125 216.118743896484375 214.7624969482421875 211.0625 204.0437469482421875 196.006256103515625 186.53125 176.5124969482421875 166.993743896484375 158.618743896484375 152.600006103515625 147.931243896484375 144.40625 143.5437469482421875 144.881256103515625 145.4875030517578125 146.243743896484375 148.3312530517578125 149.75 153.5 158.649993896484375 162.5812530517578125 166.306243896484375 171.350006103515625 177.225006103515625 183.8874969482421875 189.9812469482421875 197.2937469482421875 201.28125 205.368743896484375 209.006256103515625 209.4499969482421875 209.0437469482421875 208.787506103515625 206.9187469482421875 203.9875030517578125 201.443756103515625
210.0625 209.21875 209.375 208.9499969482421875 212.4375 215.71875 222.2312469482421875 230.850006103515625 237.1999969482421875 238.4875030517578125 233.024993896484375 221.96875 209.6125030517578125 197.6312408447265625 186.587493896484375 175.9250030517578125 166.6437530517578125 159.162506103515625 154.9562530517578125 153.3125 153.0124969482421875 153.25 152.649993896484375 152.84375 153.5500030517578125 154.3249969482421875 158.681243896484375 163.381256103515625 167.09375 171.274993896484375 175.5062408447265625 182.3375091552734375 188.0812530517578125 194.631256103515625 200.943756103515625 205.9499969482421875 210.2375030517578125 213.5812530517578125 214.8000030517578125 214.46875 212.524993896484375 209.8000030517578125 206.2312469482421875 202.2937469482421875
218.1125030517578125 214.725006103515625 212.46875 213.59375 218.375 224.28125 231.693756103515625 244.1875 256.712493896484375 262.712493896484375 251.443756103515625 234.912506103515625 221.475006103515625 208.6750030517578125 195.625 184.162506103515625 174.412506103515625 165.962493896484375 162.725006103515625 161.912506103515625 161.868743896484375 160.4499969482421875 159.524993896484375 159.162506103515625 158.587493896484375 158.881256103515625 161.693756103515625 165.756256103515625 171.350006103515625 175.9250030517578125 180.5500030517578125 185.875 192.5625 199.21875 205.243743896484375 210.375 215.5187530517578125 219.475006103515625 220.65625 219.1062469482421875 217.21875 212.681243896484375 207.399993896484375 202.71875
222.8125 220.850006103515625 217.4499969482421875 216.931243896484375 221.03125 228.756256103515625 238.0625 250.587493896484375 264.9375 274.793731689453125 260.181243896484375 242.78125 229.756256103515625 217.931243896484375 205.8249969482421875 195.850006103515625 185.443756103515625 177.1374969482421875 174.34375 173.5 171.537506103515625 169.3312530517578125 167.412506103515625 165.8125 164.037506103515625 164.2062530517578125 167.3625030517578125 171.09375 175.8562469482421875 180.2062530517578125 184.743743896484375 189.8625030517578125 195.0437469482421875 202.6750030517578125 208.931243896484375 213.818756103515625 219.118743896484375 223.225006103515625 225.34375 223.9187469482421875 220.2312469482421875 214.7624969482421875 208.881256103515625 203.3874969482421875
227.837493896484375 225.8625030517578125 223.2249908447265625 220.9375 223.681243896484375 229.649993896484375 237.8125 246.3562469482421875 255.84375 258.73748779296875 253.5187530517578125 243.4562530517578125 233.537506103515625 224.2375030517578125 215.100006103515625 206.8249969482421875 199.399993896484375 193.6875 190.0812530517578125 186.068756103515625 180.9499969482421875 177.350006103515625 173.287506103515625 170.75 170.149993896484375 169.3312530517578125 172.53125 176.8562469482421875 180.1062469482421875 183.649993896484375 188.8874969482421875 193.818756103515625 199.09375 203.774993896484375 209.318756103515625 215.4875030517578125 220.4499969482421875 225.2062530517578125 228.943756103515625 227.587493896484375 222.149993896484375 216.375 210.4375 204.256256103515625
231.9250030517578125 228.5124969482421875 225.71875 225.5187530517578125 227.556243896484375 230.6437530517578125 234.1750030517578125 236.9499969482421875 238.881256103515625 240.65625 242.9250030517578125 241.068756103515625 236.25 229.006256103515625 222.274993896484375 216.6875 211.462493896484375 208.21875 205.4499969482421875 197.5812530517578125 189.193756103515625 183.4562530517578125 178.1875 175.756256103515625 174.899993896484375 173.8874969482421875 177.0625 180.78125 184.743743896484375 187.9562530517578125 191.6374969482421875 196.8562469482421875 201.2937469482421875 205.7687530517578125 210.118743896484375 215.118743896484375 220.03125 224.399993896484375 227.3562469482421875 226.8874969482421875 223.1687469482421875 218.181243896484375 212.4937591552734375 205.59375
236.587493896484375 233.1875 230.212493896484375 229.9437408447265625 230.662506103515625 231.006256103515625 232.78125 232.5625 230.256256103515625 231.337493896484375 236.8874969482421875 239.9875030517578125 238.681243896484375 234.1999969482421875 228.381256103515625 224.274993896484375 219.712493896484375 215.5625 212.600006103515625 203.53125 193.4250030517578125 186.9375 181.681243896484375 181.006256103515625 180.193756103515625 179.03125 181.4250030517578125 184.8937530517578125 189.09375 191.8125 195.5500030517578125 200.3625030517578125 203.881256103515625 207.068756103515625 210.5187530517578125 215.537506103515625 220.1687469482421875 224.1999969482421875 227.875 228.4499969482421875 225.837493896484375 222.0749969482421875 217.9375 212.5500030517578125
240.7687530517578125 237.3937530517578125 234.850006103515625 233.493743896484375 232.881256103515625 232.225006103515625 233.662506103515625 233.2624969482421875 233.7624969482421875 235.524993896484375 240.34375 241.993743896484375 242.8249969482421875 239.087493896484375 234.5 229.4187469482421875 224.1999969482421875 218.625 211.7687530517578125 203.556243896484375 194.806243896484375 189.0124969482421875 184.9562530517578125 186.068756103515625 185.412506103515625 183.931243896484375 186.524993896484375 189.0625 193.5437469482421875 196.125 198.5187530517578125 202.3937530517578125 205.3937530517578125 208.7062530517578125 211.9187469482421875 216.149993896484375 220.375 223.375 227.162506103515625 229.350006103515625 229.15625 227.125 223.5812530517578125 218.4375
243.693756103515625 240.125 237.506256103515625 235.693756103515625 234.1875 233.4812469482421875 234.4812469482421875 235.84375 238.118743896484375 241.225006103515625 246.2375030517578125 248.412506103515625 248.125 244.53125 239.5500030517578125 233.8687591552734375 227.1875 219.068756103515625 210.368743896484375 202.375 193.8249969482421875 188.662506103515625 187.0124969482421875 187.6750030517578125 189.9187469482421875 188.350006103515625 190.0500030517578125 193.1750030517578125 196.524993896484375 198.3000030517578125 200.931243896484375 204.1374969482421875 206.193756103515625 208.868743896484375 212.506256103515625 216.743743896484375 219.537506103515625 222.993743896484375 227.0187530517578125 229.381256103515625 230.4499969482421875 229.337493896484375 227.2375030517578125 223.5437469482421875
247.09375 243.34375 240.100006103515625 238.4875030517578125 237.40625 236.90625 238.09375 241.2937469482421875 244.2249908447265625 248.1062469482421875 253.8187408447265625 256.993743896484375 255.0625 250.274993896484375 244.8562469482421875 237.600006103515625 230.100006103515625 220.087493896484375 209.65625 200.225006103515625 191.2312469482421875 187.131256103515625 188.1750030517578125 192.2687530517578125 194.53125 191.96875 192.78125 195.3625030517578125 198.6374969482421875 200.9562530517578125 203.3000030517578125 205.524993896484375 207.4250030517578125 209.506256103515625 212.5812530517578125 217.024993896484375 221.225006103515625 225.068756103515625 229.618743896484375 232.9187469482421875 235.1750030517578125 234.1437530517578125 230.631256103515625 225.4499969482421875
247.5 244.537506103515625 242.125 240.4187469482421875 240.40625 240.806243896484375 243.03125 246.09375 249.2624969482421875 254.65625 260.35626220703125 263.71875 261.46875 254.7062530517578125 248.1999969482421875 239.8000030517578125 231.5187530517578125 221.537506103515625 211.3937530517578125 200.8125 189.5437469482421875 186.212493896484375 188.587493896484375 192.6999969482421875 193.506256103515625 191.662506103515625 193.962493896484375 196.850006103515625 199.8312530517578125 202.193756103515625 204.4562530517578125 206.431243896484375 207.068756103515625 209.100006103515625 212.1125030517578125 216.21875 220.5437469482421875 225.9812469482421875 231.725006103515625 236.0749969482421875 240.087493896484375 238.375 232.0749969482421875 225
246.681243896484375 244.1999969482421875 242.3249969482421875 241.350006103515625 242.225006103515625 243.1750030517578125 246.631256103515625 250.25 254.181243896484375 259.01873779296875 263.725006103515625 265.29998779296875 263.01251220703125 258.006256103515625 249.693756103515625 241.6875 232.4875030517578125 223.368743896484375 213.5124969482421875 204.556243896484375 195.868743896484375 191.431243896484375 190.7375030517578125 192.056243896484375 192.2312469482421875 191.2312469482421875 194.25 197.2062530517578125 200.568756103515625 201.9499969482421875 204.0812530517578125 205.4875030517578125 205.6062469482421875 207.368743896484375 209.8937530517578125 214.537506103515625 220.3562469482421875 226.78125 234.2375030517578125 239.3937530517578125 241.96875 237 231.4875030517578125 225.96875
246.3125 243.774993896484375 242.774993896484375 243.5187530517578125 244.068756103515625 246.3312530517578125 250.8874969482421875 254.5500030517578125 259.01251220703125 263.600006103515625 266.850006103515625 268.15625 265.83123779296875 260.95001220703125 252.993743896484375 244.21875 235.618743896484375 226.774993896484375 218.25 211.162506103515625 203.7687530517578125 198.0999908447265625 195.4937591552734375 195.243743896484375 194.3312530517578125 194.09375 196.806243896484375 199.03125 201.631256103515625 203.0812530517578125 203.725006103515625 203.818756103515625 203.6437530517578125 204.1125030517578125 206.3249969482421875 210.8000030517578125 218.2937469482421875 226.818756103515625 235.024993896484375 239.59375 238.9499969482421875 235.9375 232.4375 227.149993896484375
244.568756103515625 242.256256103515625 242.193756103515625 243.6999969482421875 245.6687469482421875 248.725006103515625 253.6062469482421875 257.193756103515625 262.29376220703125 267.850006103515625 271.35626220703125 272.568756103515625 270.4375 264.95001220703125 256.60626220703125 246.0187530517578125 238.6062469482421875 231.568756103515625 224.59375 218.5812530517578125 210.881256103515625 204.556243896484375 200.5437469482421875 199.9375 197.7687530517578125 196.28125 197.90625 200.2687530517578125 203.03125 204.2375030517578125 204.7312469482421875 203.100006103515625 199.9499969482421875 198.5437469482421875 198.850006103515625 204.193756103515625 213.2937469482421875 224.412506103515625 235.181243896484375 240.037506103515625 238.8249969482421875 235.181243896484375 231.2624969482421875 226.2624969482421875
240.4875030517578125 239.806243896484375 240.375 242.693756103515625 245.868743896484375 249.662506103515625 254.875 259.524993896484375 265.125 271.35626220703125 276.375 278.29376220703125 276.9375 271.78125 262.61248779296875 251.4875030517578125 242.0500030517578125 234.899993896484375 228.7062530517578125 223.90625 217.3125 210.943756103515625 205.787506103515625 204.3000030517578125 202.09375 198.4875030517578125 198.3937530517578125 200.9499969482421875 204.2062530517578125 206.3249969482421875 206.09375 203.100006103515625 197.1687469482421875 191.193756103515625 190.056243896484375 195.3562469482421875 205.2624969482421875 220.7062530517578125 237.056243896484375 239.0124969482421875 235.0500030517578125 231.412506103515625 226.787506103515625 221.9937591552734375
234.6062469482421875 235.256256103515625 237.725006103515625 241.443756103515625 245.25 249.6374969482421875 255.3937530517578125 260.65625 266.662506103515625 273.04998779296875 279.493743896484375 284.056243896484375 285.54376220703125 281.14373779296875 272.056243896484375 260.70001220703125 247.9250030517578125 237.2312469482421875 232.625 228.09375 224.03125 218.1125030517578125 211.78125 208.25 205.056243896484375 201.274993896484375 199.8625030517578125 202.7062530517578125 206.506256103515625 209.1437530517578125 208.056243896484375 200.4375 192.0187530517578125 183.9499969482421875 179.90625 182.725006103515625 195.818756103515625 211.625 226.5812530517578125 230.875 227.65625 224.25 220.6374969482421875 217.006256103515625
227.8874969482421875 230.15625 233.556243896484375 237.4375 242.3249969482421875 248.4250030517578125 254.0437469482421875 260.54376220703125 267.743743896484375 274.28125 282.056243896484375 287.95623779296875 292.35626220703125 292.41876220703125 281.78125 266.9375 252.3562469482421875 239.5 232.9562530517578125 229.681243896484375 227.912506103515625 223.7375030517578125 215.0437469482421875 210.662506103515625 207.0500030517578125 204.09375 203.625 205.7375030517578125 209.5812530517578125 213.2062530517578125 212.399993896484375 202.431243896484375 189.7375030517578125 176.5625 168.4562530517578125 172.068756103515625 185.2312469482421875 199.9250030517578125 213.0187530517578125 218.350006103515625 218.28125 215.375 213.318756103515625 211.181243896484375
221.5187530517578125 223.993743896484375 228.0812530517578125 232.681243896484375 239.006256103515625 246.100006103515625 253.125 259.256256103515625 266.70623779296875 273.82501220703125 281.306243896484375 288.66876220703125 296.88751220703125 302.78125 289.337493896484375 268.524993896484375 250.725006103515625 239.399993896484375 232.7687530517578125 229.5812530517578125 225.931243896484375 221.1062469482421875 216.8625030517578125 212.3249969482421875 208.5749969482421875 205.625 206.212493896484375 208.8937530517578125 210.9562530517578125 213.556243896484375 211.131256103515625 203.181243896484375 187.1687469482421875 169.6999969482421875 157.068756103515625 162.618743896484375 178.306243896484375 193.0124969482421875 204.0749969482421875 209.7062530517578125 209.6374969482421875 206.8874969482421875 207.162506103515625 206.631256103515625
