data/historical-monthly-weather-data/wc2.1_cruts4.09_10m_prec_2002-07.asc
ncols        51
nrows        45
xllcorner    -63.500000000000
yllcorner    -7.500000000000
cellsize     0.166666666667
NODATA_value -9999
[rows 19 to 37 of 45, columns 0 to 43 of 51]
143.9875030517578125 140.8874969482421875 133.7375030517578125 126.34999847412109375 118.2937469482421875 114.13124847412109375 104.59999847412109375 97.94374847412109375 92.91249847412109375 85.73749542236328125 79.5437469482421875 75.3000030517578125 68.91249847412109375 62.66249847412109375 54.46250152587890625 46.24375152587890625 40.24375152587890625 39.6875 33.893749237060546875 29.28125 22.706249237060546875 18.556249618530273438 15.412500381469726562 15.40625 15.443750381469726562 14.949999809265136719 16.75 19.706249237060546875 22.03125 24.393749237060546875 28.518749237060546875 34.606250762939453125 35.96250152587890625 36.706249237060546875 38.16249847412109375 42.15000152587890625 45.36875152587890625 47.71875 49.887500762939453125 49.856250762939453125 47.237499237060546875 44.02500152587890625 43.1875 41.36875152587890625
131.037506103515625 135.6437530517578125 133.875 123.7062530517578125 113.5749969482421875 109.36875152587890625 101.94374847412109375 95.9250030517578125 90.23125457763671875 84.34375 77.53125 73.5812530517578125 68.61875152587890625 62.106250762939453125 54.25624847412109375 47.0625 41.78125 38.06874847412109375 35.075000762939453125 29.287500381469726562 25.381250381469726562 21.024999618530273438 17.193750381469726562 17.21875 16.924999237060546875 16 16.899999618530273438 19.668750762939453125 22.862499237060546875 26.193750381469726562 31.424999237060546875 36.71875 36.543750762939453125 37.450000762939453125 38.887500762939453125 42.012500762939453125 45.00624847412109375 46.11875152587890625 46.643749237060546875 46.03749847412109375 44.612499237060546875 43.206249237060546875 41.44374847412109375 40.06874847412109375
127.96250152587890625 124.66249847412109375 124.80625152587890625 119.1437530517578125 111.69374847412109375 103.34375 96.9875030517578125 91.375 87.08750152587890625 81.75 76.8249969482421875 70.96250152587890625 65.65625 62.487499237060546875 57.11875152587890625 49.887500762939453125 45.737499237060546875 40.674999237060546875 36.481250762939453125 31.725000381469726562 26.287500381469726562 22.043750762939453125 18.475000381469726562 17.456249237060546875 16.475000381469726562 15.668749809265136719 18.09375 20.200000762939453125 24.287500381469726562 29.056249618530273438 33.55625152587890625 37.581249237060546875 37.59375 37.69374847412109375 37.88124847412109375 41.09375 43.59375 44.65000152587890625 44.987499237060546875 44.549999237060546875 43.46250152587890625 42.387500762939453125 41.11875152587890625 39.625
124.5187530517578125 127.0187530517578125 123.9875030517578125 116.46250152587890625 108.05625152587890625 101.34999847412109375 90.5437469482421875 85.2312469482421875 82.59999847412109375 81.13124847412109375 77.4250030517578125 71.94374847412109375 68.52500152587890625 64.4375 60.21875 54.924999237060546875 48.41249847412109375 41.93125152587890625 36.887500762939453125 32.77500152587890625 28.96875 23.8125 19.575000762939453125 18.25 17.612499237060546875 16.356250762939453125 18.112499237060546875 21.15625 24.487499237060546875 28.725000381469726562 33.293750762939453125 37.91249847412109375 37.543750762939453125 36.512500762939453125 37.06874847412109375 38.5 41.15000152587890625 41.518749237060546875 42.71250152587890625 43.106250762939453125 42.4375 40.65000152587890625 39.625 38.16249847412109375
117.4250030517578125 123.40000152587890625 123.5 114.8625030517578125 106.0187530517578125 97.65000152587890625 92.16249847412109375 85.375 80.36875152587890625 76.24375152587890625 73.69374847412109375 73.3625030517578125 70.18125152587890625 67.30625152587890625 61.22499847412109375 55.793750762939453125 48.862499237060546875 43.91249847412109375 38.375 34.668750762939453125 29.71875 25.512500762939453125 21.131250381469726562 20.306249618530273438 19.331249237060546875 17.825000762939453125 20.131250381469726562 22.100000381469726562 24.96875 28.899999618530273438 33.38124847412109375 37.424999237060546875 36.268749237060546875 34.59375 35.78125 35.924999237060546875 38.27500152587890625 39.625 40.606250762939453125 40.737499237060546875 40.55625152587890625 39.137500762939453125 38.46250152587890625 36.90625
113.9187469482421875 121.3312530517578125 122.97499847412109375 115.2687530517578125 106.78125 96.94374847412109375 90.88124847412109375 84.64374542236328125 79.75 77.3937530517578125 74.875 70.71875 70.5812530517578125 67.3625030517578125 61.00624847412109375 54.356250762939453125 48.9375 44.512500762939453125 39.71875 35.3125 31.056249618530273438 26.587499618530273438 23.256250381469726562 21.84375 20.175001144409179688 19.649999618530273438 20.918750762939453125 22.868749618530273438 25.131250381469726562 28.762500762939453125 31.612499237060546875 34.237499237060546875 34.30625152587890625 33.08750152587890625 32.762500762939453125 33.762500762939453125 35.893749237060546875 36.5 37.84375 38.512500762939453125 37.96250152587890625 37.481250762939453125 37.174999237060546875 35.637500762939453125
116.90000152587890625 123.86875152587890625 119.00624847412109375 113.1125030517578125 104.40625 96.06874847412109375 89.78749847412109375 83.40625 77.8000030517578125 72.55625152587890625 73.4250030517578125 71.15000152587890625 67.8000030517578125 65.4562530517578125 60.200000762939453125 54.575000762939453125 48.862499237060546875 44.456249237060546875 40.1875 35.4375 32.31874847412109375 28.162500381469726562 24.8125 23.418750762939453125 21.537500381469726562 20.306249618530273438 21.924999237060546875 23.462499618530273438 24.975000381469726562 27.399999618530273438 29.725000381469726562 31.4375 30.78125 30.325000762939453125 30.987499237060546875 31.956249237060546875 33.43125152587890625 34.518749237060546875 35.59999847412109375 36.27500152587890625 36.84375 35.731250762939453125 35.15000152587890625 33.6875
113.28125 115.8562469482421875 114.8562469482421875 110.56874847412109375 102.625 95.75 90.1062469482421875 83.1999969482421875 76.05625152587890625 74.83750152587890625 74.09999847412109375 71.74375152587890625 68.875 64.9499969482421875 59.3125 55.237499237060546875 49.80625152587890625 44.487499237060546875 40.674999237060546875 36.59999847412109375 32.56874847412109375 28.825000762939453125 25.96875 25.350000381469726562 23.068750381469726562 21.143749237060546875 22.600000381469726562 24.356250762939453125 25.850000381469726562 26.856250762939453125 28.924999237060546875 29.081249237060546875 27.924999237060546875 28.793750762939453125 28.806249618530273438 30.256250381469726562 30.706249237060546875 31.762500762939453125 33.125 34.28749847412109375 35.56874847412109375 35.00624847412109375 34 32.36875152587890625
110.0625 108.6125030517578125 107.875 106.6437530517578125 100.2937469482421875 94.40000152587890625 88.9250030517578125 82.06874847412109375 77.2312469482421875 74.81874847412109375 72.6125030517578125 69.31874847412109375 66.9375 63.737499237060546875 58.11875152587890625 53.512500762939453125 49.012500762939453125 44.487499237060546875 39.575000762939453125 36.137500762939453125 33.28749847412109375 29.3125 25.543750762939453125 25.0625 23.674999237060546875 22.09375 23.524999618530273438 25.193750381469726562 26.568750381469726562 27.825000762939453125 28.90625 29.481250762939453125 28.081249237060546875 27.149999618530273438 27.100000381469726562 28.193750381469726562 28.549999237060546875 29.65625 31.262500762939453125 33.24375152587890625 34.40625 35 33.25624847412109375 32.049999237060546875
105.1999969482421875 104.0500030517578125 104.8874969482421875 99.6750030517578125 96.1999969482421875 89.5 83.86875152587890625 79.59999847412109375 75.09999847412109375 73.33750152587890625 70.54375457763671875 67.4375 65.4375 63.1750030517578125 58.03125 53.33750152587890625 49.5625 43.84375 39.68125152587890625 36.21250152587890625 32.93125152587890625 29.149999618530273438 25.90625 24.993749618530273438 23.956249237060546875 22.818750381469726562 24.231250762939453125 25.868749618530273438 27.9375 28.9375 29.324998855590820312 29.706249237060546875 27.8125 26.25 25.731250762939453125 26.549999237060546875 27 27.931249618530273438 29.34375 30.412500381469726562 32.299999237060546875 32.00624847412109375 31.274999618530273438 30.262500762939453125
97.9812469482421875 100.21250152587890625 99.65625 95.6125030517578125 90.77500152587890625 85.8312530517578125 80.0749969482421875 77.6999969482421875 74.84375 71.7375030517578125 69.03749847412109375 67.4562530517578125 65.2375030517578125 61.91249847412109375 57.34375 53.09375 48.74375152587890625 44.34375 39.71250152587890625 35.90625 33.19374847412109375 29.59375 26.662500381469726562 25.462499618530273438 24.825000762939453125 24.149999618530273438 25.3125 26.987499237060546875 28.875 29.25 29.456249237060546875 29.225000381469726562 27.225000381469726562 25.78125 24.787500381469726562 25.125 26.225000381469726562 26.462499618530273438 26.84375 27.837499618530273438 29.637500762939453125 29.693750381469726562 29.043750762939453125 27.806249618530273438
92.77500152587890625 94.6875 90.8312530517578125 90.61875152587890625 88.28125 84.5625 79.13124847412109375 75.43125152587890625 72.90000152587890625 70.40000152587890625 68.3625030517578125 65.9875030517578125 65.34375 60.68125152587890625 55.9375 52.575000762939453125 49.84375 44.0625 38.762500762939453125 36.08750152587890625 33.72499847412109375 30.318750381469726562 27.25 25.787500381469726562 25.03125 25.34375 26.462499618530273438 27.524999618530273438 28.556249618530273438 29.018749237060546875 29.012500762939453125 28.950000762939453125 27.206249237060546875 25.84375 24.637500762939453125 24.293750762939453125 24.6875 25.40625 25.0625 24.850000381469726562 25.875 26.662500381469726562 26.262500762939453125 24.987499237060546875
87.3625030517578125 85.81874847412109375 82.88124847412109375 81.71250152587890625 81.77500152587890625 79.8249969482421875 76.9812469482421875 73.25 71.49375152587890625 68.1687469482421875 66.58750152587890625 65.74375152587890625 63.40625 61.24375152587890625 57.081249237060546875 53.40000152587890625 49.91249847412109375 44.31874847412109375 38.75 36.299999237060546875 33.25624847412109375 30.350000381469726562 27.237499237060546875 25.96875 25.943750381469726562 25.6875 26.850000381469726562 28.318750381469726562 28.59375 28.78125 29.018749237060546875 28.618749618530273438 26.706249237060546875 25.3125 24.350000381469726562 23.600000381469726562 23.924999237060546875 23.118749618530273438 22.768749237060546875 23.162500381469726562 23.78125 23.787500381469726562 23.362499237060546875 23.125
79.94374847412109375 77.81874847412109375 74.46250152587890625 73.3000030517578125 73.8874969482421875 72.6374969482421875 71.4875030517578125 69.4250030517578125 66.43125152587890625 66.00624847412109375 66.09999847412109375 63.72499847412109375 62.393749237060546875 61.4375 58.09375 53.50624847412109375 49.0625 45.40000152587890625 40.924999237060546875 38.043750762939453125 34.72499847412109375 31.262500762939453125 27.950000762939453125 27.212499618530273438 27.487499237060546875 27.100000381469726562 28.450000762939453125 29.168750762939453125 29.90625 29.287500381469726562 28.90625 28.03125 25.84375 24.643749237060546875 24.075000762939453125 23.799999237060546875 22.825000762939453125 21.931249618530273438 21.612499237060546875 22.356250762939453125 22.6875 22.799999237060546875 21.649999618530273438 21.575000762939453125
72.7375030517578125 70.9812469482421875 69.5124969482421875 68.80625152587890625 68.03125 65.4250030517578125 64.59999847412109375 62.125 62.356250762939453125 61.11875152587890625 61.825000762939453125 61.793750762939453125 61.72499847412109375 59.981250762939453125 56.97499847412109375 52.481250762939453125 49.16249847412109375 45.40625 41.268749237060546875 38.262500762939453125 35.643749237060546875 31.700000762939453125 29.306249618530273438 28.793750762939453125 28.287500381469726562 27.8125 28.899999618530273438 30.100000381469726562 30.581249237060546875 29.787500381469726562 28.96875 27.568750381469726562 25.456249237060546875 24.556249618530273438 23.806249618530273438 23.018749237060546875 21.612499237060546875 20.881250381469726562 21.037500381469726562 21.193750381469726562 21.524999618530273438 21.793750762939453125 21.5625 20.993749618530273438
66.77500152587890625 63.40000152587890625 63.987499237060546875 63.206249237060546875 63.418750762939453125 61.418750762939453125 59.387500762939453125 57.43125152587890625 55.75624847412109375 55.43125152587890625 57.30625152587890625 59.49375152587890625 61.99375152587890625 61.456249237060546875 57.018749237060546875 52.924999237060546875 49.36875152587890625 45.34999847412109375 42.15625 38.518749237060546875 36.012500762939453125 33.30625152587890625 30.587499618530273438 29.931249618530273438 29.306249618530273438 28.612499237060546875 29.543750762939453125 30.543750762939453125 30.774999618530273438 28.399999618530273438 27.381250381469726562 26.799999237060546875 25.25 24.162500381469726562 22.850000381469726562 21.962499618530273438 21.049999237060546875 20.6875 20.375 19.956249237060546875 19.84375 19.643749237060546875 20.256250381469726562 20.012500762939453125
59.981250762939453125 58.25 59.375 57.65625 57.44374847412109375 55.41249847412109375 53.96250152587890625 52.21250152587890625 50.61875152587890625 49.643749237060546875 51.581249237060546875 55.28125 59.84375 58.38124847412109375 55.90625 52.518749237060546875 49.625 45.47499847412109375 41.637500762939453125 38.66249847412109375 34.987499237060546875 33.5625 30.881250381469726562 30.006250381469726562 28.9375 29.231250762939453125 29.9375 30.693750381469726562 30.612499237060546875 28.299999237060546875 27.012500762939453125 26.524999618530273438 24.912500381469726562 23.975000381469726562 22.768749237060546875 21.475000381469726562 20.762500762939453125 20.131250381469726562 20.212499618530273438 19.8125 19.09375 19.075000762939453125 18.75 18.681249618530273438
53.15000152587890625 53.00624847412109375 53.4375 51.65625 51.418750762939453125 50.8125 49.56874847412109375 47.93125152587890625 45.83750152587890625 43.40000152587890625 46.09999847412109375 51.09375 54.78749847412109375 54.375 53.40625 51.174999237060546875 48.34999847412109375 44.11875152587890625 40.59999847412109375 38.08750152587890625 34.71250152587890625 32.41249847412109375 30.375 30.09375 29.087499618530273438 29.03125 29.612499237060546875 29.856250762939453125 29.668750762939453125 28.25 26.674999237060546875 25.4375 23.862499237060546875 23.03125 21.981250762939453125 20.493749618530273438 19.6875 19.774999618530273438 20.012500762939453125 19.268749237060546875 18.3125 18.21875 17.818750381469726562 18.162500381469726562
46.268749237060546875 47.125 46.41249847412109375 46.58750152587890625 46.47499847412109375 46.02500152587890625 45.27500152587890625 43.950000762939453125 42.40625 39.65625 45.24375152587890625 49.66249847412109375 51.1875 51.393749237060546875 51.28125 49.668750762939453125 45.950000762939453125 43.52500152587890625 39.71250152587890625 37.28749847412109375 34.78749847412109375 32.40625 29.993749618530273438 29.818750381469726562 29.381250381469726562 29.125 29.193750381469726562 29.262500762939453125 29.03125 27.225000381469726562 24.618749618530273438 23.818750381469726562 22.456249237060546875 21.893749237060546875 20.462499618530273438 18.962499618530273438 19.037500381469726562 18.881250381469726562 19.006250381469726562 18.487499237060546875 17.643749237060546875 18.012500762939453125 17.456249237060546875 16.331249237060546875
