data/historical-monthly-weather-data/wc2.1_cruts4.09_10m_prec_1956-11.asc
ncols        51
nrows        45
xllcorner    -63.500000000000
yllcorner    -7.500000000000
cellsize     0.166666666667
NODATA_value -9999
[rows 20 to 39 of 45, columns 0 to 43 of 51]
220.1437530517578125 224.975006103515625 228.0625 230.7062530517578125 232.3625030517578125 234.600006103515625 236.431243896484375 236.7687530517578125 235.787506103515625 232.475006103515625 227.65625 221.5124969482421875 213.75 203.556243896484375 195.40625 186.993743896484375 179.9499969482421875 177.3874969482421875 179.34375 181.337493896484375 189.15625 195.524993896484375 199.2687530517578125 202.9250030517578125 206.3937530517578125 207.0812530517578125 203.1437530517578125 194.4187469482421875 183.7624969482421875 175.068756103515625 168.4375 168.8562469482421875 174.03125 181.21875 188.6999969482421875 197.037506103515625 203.3249969482421875 209.725006103515625 213.274993896484375 216.625 217.975006103515625 217.212493896484375 214.3125 210.1062469482421875
216.0625 219.78125 223.943756103515625 227.5749969482421875 230.8249969482421875 233.962493896484375 237.6374969482421875 239.600006103515625 241.34375 240.2624969482421875 237.0437469482421875 233.068756103515625 226.5625 216.368743896484375 206.524993896484375 196.774993896484375 189.625 184.8125 183 183.381256103515625 186.850006103515625 191.3125 195.850006103515625 199.587493896484375 202.5812530517578125 204.1875 203.5437469482421875 197.931243896484375 191.9562530517578125 186.1374969482421875 179.84375 179.4812469482421875 184.4499969482421875 193.431243896484375 203.006256103515625 211.2312469482421875 217.631256103515625 223.100006103515625 224.287506103515625 226.5500030517578125 226.7687530517578125 224.9812469482421875 222.1125030517578125 218.8312530517578125
212.28125 217.5187530517578125 221.618743896484375 225.6875 229.7375030517578125 233.274993896484375 236.881256103515625 241.600006103515625 245.837493896484375 246.306243896484375 245.8625030517578125 243.8125 242.25 233 218.9562530517578125 206.40625 197.3000030517578125 191.1687469482421875 186.725006103515625 184.3937530517578125 186.3312530517578125 188.837493896484375 191.59375 195.2937469482421875 199.962493896484375 203.3249969482421875 203.318756103515625 201.631256103515625 197.6750030517578125 193.2375030517578125 189.743743896484375 189.6062469482421875 196.625 206.65625 216.4250030517578125 225.537506103515625 232.3312530517578125 235.462493896484375 235.212493896484375 236.037506103515625 236.368743896484375 233.5124969482421875 230.087493896484375 226.443756103515625
208.943756103515625 213.975006103515625 218.3312530517578125 221.662506103515625 226.2312469482421875 231.25 235.881256103515625 241.5625 245.375 247.256256103515625 248.34375 251.306243896484375 253.3000030517578125 243.1437530517578125 226.943756103515625 213.4187469482421875 203.2312469482421875 196.0500030517578125 189.7937469482421875 184.96875 185.506256103515625 186.618743896484375 187.4875030517578125 191.368743896484375 196.4375 200.193756103515625 204.225006103515625 202.6125030517578125 201.8625030517578125 199.306243896484375 198.6687469482421875 200.0500030517578125 207.5124969482421875 217.2937469482421875 228.0749969482421875 239.2624969482421875 246.6750030517578125 247.712493896484375 247.0187530517578125 246.71875 245.899993896484375 242.649993896484375 239.03125 234.9250030517578125
208.7437591552734375 212.068756103515625 216.0749969482421875 219.5437469482421875 224.8937530517578125 229.118743896484375 233.2687530517578125 238.399993896484375 242.787506103515625 245.3249969482421875 247.6875 248.53125 248.756256103515625 241.5124969482421875 228.8249969482421875 216.6437530517578125 206.6687469482421875 198.2312469482421875 191.28125 185.46875 184.2687530517578125 183.0187530517578125 183.662506103515625 187.1750030517578125 191.7624969482421875 198.100006103515625 202.4562530517578125 204.350006103515625 204.850006103515625 205.524993896484375 205.6999969482421875 208.15625 216.0124969482421875 225.899993896484375 235.7624969482421875 245.5 253.4812469482421875 255.53125 255.7062530517578125 256.26251220703125 254.9187469482421875 251.4250030517578125 249 246.4562530517578125
212.068756103515625 214.8625030517578125 215.3249969482421875 218.962493896484375 222.375 225.6750030517578125 228.993743896484375 233.3625030517578125 237.28125 240.1687469482421875 242.21875 242.8312530517578125 241.0124969482421875 235.46875 226.524993896484375 217.09375 208.712493896484375 200.2687530517578125 192.8562469482421875 186.649993896484375 183.899993896484375 181.3874969482421875 179.899993896484375 182.0437469482421875 187.931243896484375 195.662506103515625 202.0500030517578125 206.3000030517578125 209.1125030517578125 211.162506103515625 212.100006103515625 214.9499969482421875 223.274993896484375 231.71875 241.087493896484375 249.881256103515625 257.15625 261.70623779296875 264.225006103515625 265.149993896484375 264.850006103515625 261.256256103515625 256.57501220703125 255.350006103515625
217.6875 217.5687408447265625 217.03125 218.0625 219.149993896484375 221.1687469482421875 225.2312469482421875 228.412506103515625 230.287506103515625 233.056243896484375 236.118743896484375 236.6062469482421875 234.693756103515625 230.5 223.6999969482421875 215.3249969482421875 208.2937469482421875 200.9250030517578125 194.0124969482421875 187.243743896484375 183.5812530517578125 180.1125030517578125 177.287506103515625 179.600006103515625 186.8937530517578125 194.725006103515625 201.3937530517578125 206.818756103515625 211.7624969482421875 213.524993896484375 215.962493896484375 219.3249969482421875 228.6687469482421875 237.7062530517578125 245.7062530517578125 254.0875091552734375 261.29998779296875 265.98748779296875 270.48748779296875 273.006256103515625 273.84375 269.45001220703125 264.41876220703125 261.20001220703125
223.6999969482421875 220.6999969482421875 218.306243896484375 216.618743896484375 216.125 216.756256103515625 219.6125030517578125 222.7062530517578125 224.90625 227.350006103515625 228.9250030517578125 229.53125 228.0187530517578125 224.6999969482421875 219.9187469482421875 213.3874969482421875 207.037506103515625 201.131256103515625 194.649993896484375 188.5 184.943756103515625 180.756256103515625 179.306243896484375 182.837493896484375 188.96875 195.5812530517578125 201.6999969482421875 207.975006103515625 213.125 215.381256103515625 217.2312469482421875 221.1374969482421875 231.037506103515625 239.8000030517578125 249.431243896484375 257.693756103515625 264.79376220703125 271.431243896484375 275.181243896484375 281.212493896484375 285.16876220703125 280.899993896484375 270.59375 265.53125
229.368743896484375 223.625 217.993743896484375 214.368743896484375 212.1750030517578125 211.8562469482421875 213.6374969482421875 216.1437530517578125 219.2937469482421875 221.318756103515625 222.881256103515625 222.9375 222.28125 219.5749969482421875 215.774993896484375 211.7687530517578125 207.5625 201.4875030517578125 195.6374969482421875 190.2062530517578125 186.9812469482421875 183.149993896484375 182.0625 186.53125 191.9375 197.493743896484375 203.8625030517578125 209.28125 214.7624969482421875 216.3000030517578125 218.3562469482421875 221.8125 231.03125 240.743743896484375 251.7062530517578125 260.131256103515625 267.90625 274.306243896484375 278.70623779296875 283.82501220703125 290.5625 284.912506103515625 276.85626220703125 276.8125
233.631256103515625 225.693756103515625 218.337493896484375 211.2062530517578125 208.21875 207.837493896484375 209.1125030517578125 211.3249969482421875 214.056243896484375 215.25 216.8000030517578125 217.568756103515625 217.625 216.59375 213.8312530517578125 210.7937469482421875 206.2062530517578125 202.006256103515625 196.5187530517578125 191.6999969482421875 188.712493896484375 186.7312469482421875 185.9812469482421875 189.3625030517578125 194.15625 199.600006103515625 205.287506103515625 209.8874969482421875 214.40625 217.2624969482421875 219.6687469482421875 223.4187469482421875 232.712493896484375 243.462493896484375 254.162506103515625 261.625 268.537506103515625 276.58123779296875 278.51873779296875 282.32501220703125 288.287506103515625 291.587493896484375 289.75 293.318756103515625
236.1687469482421875 226.75 218.2062530517578125 210.118743896484375 205.09375 205.21875 206.0625 207.274993896484375 208.5437469482421875 210.4562530517578125 212.2687530517578125 213.537506103515625 214.818756103515625 213.4812469482421875 211.90625 209.9187469482421875 207.3562469482421875 203.0812530517578125 197.5749969482421875 194.9250030517578125 192.84375 191.118743896484375 190.399993896484375 193.212493896484375 196.6062469482421875 201.568756103515625 205.962493896484375 210.287506103515625 214.03125 217.1062469482421875 220.6062469482421875 225.431243896484375 234.568756103515625 246.4562530517578125 256.20001220703125 263.38751220703125 271.01251220703125 280.725006103515625 281.45001220703125 277.756256103515625 285.67498779296875 296.243743896484375 301.443756103515625 306.03125
237.306243896484375 227.53125 218.4375 211.068756103515625 206.34375 203.756256103515625 203.5437469482421875 203.412506103515625 204.2624969482421875 205.618743896484375 207.5124969482421875 209.6999969482421875 211.193756103515625 211.600006103515625 211.881256103515625 211.056243896484375 209.2375030517578125 205.556243896484375 201.774993896484375 199.943756103515625 198.125 195.943756103515625 194.587493896484375 196.475006103515625 199.850006103515625 203.2062530517578125 206.4250030517578125 209.9250030517578125 212.8249969482421875 217.2375030517578125 221.6687469482421875 226.6125030517578125 236.3937530517578125 247.537506103515625 259.0625 266.88751220703125 275.0625 283.33123779296875 282.70001220703125 283.212493896484375 295.568756103515625 309.61248779296875 319.037506103515625 330.9375
235.15625 226.7437591552734375 218.3312530517578125 211.6999969482421875 206.6999969482421875 202.75 201.0187530517578125 199.9375 199.8312530517578125 200.7624969482421875 204.068756103515625 206.1875 209.1062469482421875 212.3125 212.975006103515625 213.225006103515625 211.6875 210.506256103515625 208.3937530517578125 206.9499969482421875 205.100006103515625 202.006256103515625 199.350006103515625 200.3249969482421875 202.756256103515625 204.8312530517578125 207.162506103515625 209.5187530517578125 212.625 217.443756103515625 222.556243896484375 228.1374969482421875 238.0187530517578125 248.8874969482421875 261.462493896484375 270.76251220703125 280.875 288.95623779296875 289.9375 299.26251220703125 312.875 327.318756103515625 342.068756103515625 360.787506103515625
231.8312530517578125 225.1437530517578125 217.681243896484375 212.0437469482421875 206.5 201.850006103515625 198.0749969482421875 196.25 195.600006103515625 195.8562469482421875 198.587493896484375 203.149993896484375 208.118743896484375 211.7062530517578125 213.5500030517578125 214.9875030517578125 215.5625 215.556243896484375 214.7624969482421875 214.162506103515625 211.649993896484375 208.1125030517578125 204.8625030517578125 204.375 205.368743896484375 205.881256103515625 207.8375091552734375 209.0625 211.568756103515625 216.84375 222.787506103515625 229.9250030517578125 240.212493896484375 251.4250030517578125 264.481231689453125 275.662506103515625 285.625 293.131256103515625 300.649993896484375 314.162506103515625 328.0625 344.29376220703125 365.14373779296875 389.29998779296875
229.5 224.125 217.587493896484375 211.618743896484375 206.350006103515625 200.78125 195.5625 192.6437530517578125 189.9187469482421875 190.3874969482421875 194.006256103515625 200.693756103515625 207.306243896484375 213.375 216.8499908447265625 217.943756103515625 219.774993896484375 220.837493896484375 220.9562530517578125 220.7375030517578125 218.40625 214.350006103515625 210.125 207.6374969482421875 206.412506103515625 206.2937469482421875 206.84375 208.1125030517578125 209.75 215.7687530517578125 223.193756103515625 230.931243896484375 241.306243896484375 253.7687530517578125 265.649993896484375 276.181243896484375 286.600006103515625 300.856231689453125 311.42498779296875 324.225006103515625 340.03125 355.95001220703125 377.212493896484375 401.07501220703125
227.7375030517578125 222.8125 216.90625 210.993743896484375 205.7687530517578125 200.1374969482421875 194.6125030517578125 189.34375 185.03125 183.9187469482421875 188.712493896484375 196.96875 206.5 214.9562530517578125 218.5187530517578125 221.7750091552734375 223.037506103515625 225.100006103515625 226.712493896484375 228.056243896484375 225.2312469482421875 219.337493896484375 214.056243896484375 210.818756103515625 208.5437469482421875 207.09375 207.318756103515625 208.350006103515625 209.9375 215.243743896484375 223.5625 231.256256103515625 242.1374969482421875 254.1062469482421875 264.25 273.931243896484375 289.4375 303.48126220703125 313.48126220703125 327.48748779296875 344.08123779296875 358.193756103515625 375.693756103515625 396.53125
226.09375 222.087493896484375 217.056243896484375 211.850006103515625 206.493743896484375 200.84375 194.399993896484375 188.024993896484375 181.6687469482421875 176.6437530517578125 183.431243896484375 198.162506103515625 208.75 216.0625 220.4187469482421875 223.850006103515625 225.787506103515625 228.0749969482421875 230.3249969482421875 231.537506103515625 228.131256103515625 222.03125 216.5187530517578125 212.375 209.15625 207.6437530517578125 206.6125030517578125 207.899993896484375 208.712493896484375 215.0187530517578125 222.993743896484375 232.3312530517578125 242.524993896484375 254.256256103515625 264.01251220703125 275.26873779296875 290.243743896484375 304.96875 316.28125 327.23126220703125 341.225006103515625 353.068756103515625 367.875 386.16876220703125
227.256256103515625 223.256256103515625 218.2937469482421875 213.6875 208.4875030517578125 202.962493896484375 196.9812469482421875 190.600006103515625 184.0437469482421875 177.368743896484375 190.3874969482421875 206.631256103515625 213.837493896484375 219.2624969482421875 223.0812530517578125 226.193756103515625 228.243743896484375 230.1374969482421875 231.6062469482421875 230.837493896484375 228.0625 223.056243896484375 218.0437469482421875 212.7375030517578125 209.274993896484375 207.256256103515625 205.9375 206.837493896484375 207.943756103515625 215.1437530517578125 221.0500030517578125 229.875 240.600006103515625 252 262.181243896484375 274.850006103515625 289.993743896484375 303.75 316.95001220703125 328.73126220703125 337.618743896484375 348.63751220703125 358.225006103515625 370.600006103515625
230.225006103515625 226.162506103515625 221.875 217.1999969482421875 211.818756103515625 206.587493896484375 201.6687469482421875 196.850006103515625 194.8249969482421875 199.2937469482421875 214.2687530517578125 218.256256103515625 220.568756103515625 224.225006103515625 226.693756103515625 228.7375030517578125 230.412506103515625 231.6062469482421875 231.4187469482421875 230.59375 227.1125030517578125 222.118743896484375 218.0749969482421875 213.625 209.21875 207.2062530517578125 206.149993896484375 206.7062530517578125 208.0749969482421875 214.3125 220.693756103515625 228.34375 238.0625 248.368743896484375 261.493743896484375 274.649993896484375 287.11248779296875 301.89373779296875 313.212493896484375 319.38751220703125 326.29998779296875 335.850006103515625 340.73748779296875 350.368743896484375
233.493743896484375 229.75 225.4187469482421875 220.587493896484375 216.4499969482421875 212.493743896484375 208.181243896484375 205.96875 206.6999969482421875 211.1750030517578125 218.71875 223.587493896484375 225.8249969482421875 228.5812530517578125 230.5187530517578125 231.6875 233.4250030517578125 233.3937530517578125 232.2937469482421875 230.8937530517578125 226.462493896484375 221.6062469482421875 216.9187469482421875 212.3312530517578125 209.2874908447265625 206.806243896484375 205.806243896484375 206.693756103515625 207.90625 213.024993896484375 218.443756103515625 228.274993896484375 239.524993896484375 249.587493896484375 262.368743896484375 273.75 284.368743896484375 296.037506103515625 306.475006103515625 309.51873779296875 314.350006103515625 320.91876220703125 324.024993896484375 328.056243896484375
