data/historical-monthly-weather-data/wc2.1_cruts4.09_10m_prec_1960-06.asc
ncols        45
nrows        45
xllcorner    -63.500000000000
yllcorner    -7.500000000000
cellsize     0.166666666667
NODATA_value -9999
[rows 0 to 18 of 45, columns 0 to 42 of 45]
463.35626220703125 467.01251220703125 461.350006103515625 469.024993896484375 469.337493896484375 469.34375 459.61248779296875 447.20623779296875 427.587493896484375 422.787506103515625 421.362518310546875 413.28125 405.64373779296875 393.087493896484375 378.118743896484375 365.287506103515625 349.58123779296875 333.98126220703125 318.306243896484375 307.274993896484375 304.649993896484375 293.25 283.875 272.068756103515625 262.71875 255.2312469482421875 253.0437469482421875 253.287506103515625 246.6437530517578125 240.8937530517578125 230.2687530517578125 226.024993896484375 223.8125 216.962493896484375 210.84375 205.3562469482421875 199.3000030517578125 195.1437530517578125 188.40625 184.1687469482421875 182.975006103515625 186.875 184.28125
457.17498779296875 462.11248779296875 468.881256103515625 475.73748779296875 485.774993896484375 486.993743896484375 478.068756103515625 465.84375 457.587493896484375 452.306243896484375 446.36248779296875 434.618743896484375 415.306243896484375 399.287506103515625 380.649993896484375 364.443756103515625 345.181243896484375 325.14373779296875 307.98748779296875 297.774993896484375 293.475006103515625 283.76251220703125 277.337493896484375 268.40625 258.91876220703125 250.068756103515625 247.462493896484375 243.9875030517578125 237.40625 227.5625 221.21875 221.212493896484375 216.1624908447265625 210.600006103515625 205.462493896484375 195.8937530517578125 189.9187469482421875 183.6999969482421875 177.3625030517578125 173.71875 174.6437530517578125 170.59375 173.162506103515625
434.70623779296875 451.51251220703125 459.39373779296875 460.75 473.712493896484375 482.818756103515625 482.01251220703125 485.91876220703125 481.01251220703125 476.068756103515625 466.012481689453125 446.9375 428.931243896484375 402.568756103515625 379.712493896484375 360.28125 337.493743896484375 318.931243896484375 303.4375 291.8125 288.556243896484375 285.54998779296875 278.350006103515625 273.34375 259.21875 247.875 248.149993896484375 241.0437469482421875 229.9375 225.912506103515625 217.381256103515625 213.21875 207.287506103515625 203.0812530517578125 195.1750030517578125 180.9875030517578125 175.9375 171.4875030517578125 165.5187530517578125 162.09375 163.7937469482421875 162.0749969482421875 162.21875
409.07501220703125 416.962493896484375 434.35626220703125 445.806243896484375 454.600006103515625 466.70001220703125 478.712493896484375 489.73126220703125 494.84375 495.26251220703125 480.899993896484375 455.70623779296875 429.88751220703125 401.337493896484375 377.91876220703125 356.131256103515625 328.381256103515625 312.6875 298.743743896484375 296.85626220703125 291.51873779296875 281.899993896484375 277.04998779296875 273.5 258.131256103515625 246.2312469482421875 241.9875030517578125 231.2687530517578125 223.600006103515625 220.0500030517578125 213.75 206.337493896484375 199.8125 190.431243896484375 182.431243896484375 176.881256103515625 170.9375 162.899993896484375 155.962493896484375 152.03125 151.6437530517578125 153.443756103515625 153.162506103515625
415.26873779296875 417.20001220703125 409.25 425.08123779296875 446.48126220703125 454.51251220703125 470.443756103515625 493.693756103515625 510.88751220703125 515.26873779296875 499.95623779296875 458.368743896484375 430.712493896484375 403.39373779296875 373.631256103515625 349.23748779296875 324.51873779296875 303.118743896484375 290.006256103515625 286.73748779296875 281.51873779296875 277.15625 273.912506103515625 268.149993896484375 252.7062530517578125 241.8125 233.431243896484375 228.318756103515625 220.3562469482421875 212.0749969482421875 208.875 204.037506103515625 194.9562530517578125 186.993743896484375 181.493743896484375 170.5437469482421875 162.818756103515625 156.2062530517578125 147.625 141.337493896484375 140.618743896484375 141.9499969482421875 142.962493896484375
398.46875 406.96875 402.03125 389.899993896484375 416.38751220703125 443.42498779296875 454.806243896484375 473.056243896484375 497.787506103515625 506.712493896484375 483.25 444.95623779296875 419.25 393.306243896484375 361.662506103515625 338.42498779296875 313.57501220703125 295.15625 288.20623779296875 283.375 281.51873779296875 275.45001220703125 269.84375 257.443756103515625 247.3000030517578125 237.556243896484375 226.7687530517578125 221.46875 214.3249969482421875 206.5500030517578125 205.649993896484375 201.1750030517578125 194.725006103515625 184.537506103515625 173.725006103515625 168.131256103515625 156.59375 143.631256103515625 138.3249969482421875 136.28125 131.850006103515625 133.9812469482421875 133.15625
391.20001220703125 394.15625 391.45001220703125 387.556243896484375 386.875 395.83123779296875 407.76873779296875 435.96875 445.587493896484375 454.193756103515625 444.649993896484375 416.78125 399.649993896484375 380.59375 353.181243896484375 330.037506103515625 310.662506103515625 295.149993896484375 283.087493896484375 281.04376220703125 271.32501220703125 265.881256103515625 258.21875 250.0749969482421875 245.337493896484375 235.318756103515625 223.7062530517578125 215.4250030517578125 208.037506103515625 208.125 201.5187530517578125 193.65625 185.1125030517578125 178.9562530517578125 173.287506103515625 161.96875 146.318756103515625 135.587493896484375 129.03125 127.0625 122.03749847412109375 122.5124969482421875 123.68125152587890625
379.42498779296875 374.03125 372.875 379.9375 380.6875 394.51251220703125 386.92498779296875 381.043731689453125 374.79376220703125 390.0625 397.100006103515625 386.51873779296875 376.95001220703125 361.256256103515625 345.193756103515625 325.23748779296875 302.92498779296875 291.024993896484375 280.11248779296875 270.162506103515625 274.568756103515625 264.243743896484375 254.024993896484375 244.8125 239.725006103515625 227.068756103515625 217.225006103515625 209.056243896484375 202.0437469482421875 197.037506103515625 198.7312469482421875 190.243743896484375 182.3000030517578125 173.787506103515625 162.587493896484375 150.2312469482421875 137.693756103515625 126.65000152587890625 117.1750030517578125 111.38124847412109375 107.97499847412109375 110.61875152587890625 108.9875030517578125
364.462493896484375 362.725006103515625 357.412506103515625 359.912506103515625 364.149993896484375 367.71875 374.475006103515625 376.1875 356.35626220703125 345.6875 347.881256103515625 346.625 350.34375 340.53125 330.45001220703125 313.443756103515625 305.82501220703125 298.725006103515625 291.087493896484375 276.48748779296875 261.899993896484375 262.912506103515625 246.1750030517578125 244.3562469482421875 233.306243896484375 222.306243896484375 212.7687530517578125 207.162506103515625 204.71875 198.056243896484375 199.368743896484375 182.587493896484375 167.306243896484375 157.25 151.068756103515625 144.59375 134.618743896484375 125.19374847412109375 115.3625030517578125 106.4250030517578125 99.8562469482421875 97.5625 100.1062469482421875
350.58123779296875 349.975006103515625 346.118743896484375 347.92498779296875 350.5 351.881256103515625 355.89373779296875 351.51873779296875 346.162506103515625 338.681243896484375 329.993743896484375 313.443756103515625 321.087493896484375 319.212493896484375 316.556243896484375 310.26873779296875 301.881256103515625 305.10626220703125 299.11248779296875 290.58123779296875 269.95623779296875 257.04998779296875 237.8625030517578125 232.15625 219.9499969482421875 214.375 206.6125030517578125 199.3125 193.0625 191.4375 189.056243896484375 176.3937530517578125 165.568756103515625 156.03125 145.443756103515625 137 129.225006103515625 121.6125030517578125 113.3125 107.69374847412109375 102.1062469482421875 99.0812530517578125 93.52500152587890625
341.537506103515625 337.875 333.693756103515625 332.82501220703125 331.58123779296875 337.0625 332.79376220703125 328.98126220703125 328.26873779296875 325.1875 321.15625 307.375 297.8125 298.875 299 299.399993896484375 296.79376220703125 293.837493896484375 295.20623779296875 297.318756103515625 292.443756103515625 270.462493896484375 240.4250030517578125 211.725006103515625 209.3249969482421875 214.837493896484375 209.2687530517578125 197.975006103515625 187.350006103515625 182.7312469482421875 178.8125 169.462493896484375 160.8125 152.125 142.8125 131.4875030517578125 123.86875152587890625 114.9250030517578125 111.1687469482421875 104.02500152587890625 97.4250030517578125 92.49375152587890625 89.16249847412109375
325.54376220703125 323.625 324.48126220703125 318.962493896484375 318.850006103515625 317.9375 321.71875 320.5625 318.01251220703125 306.225006103515625 306.67498779296875 299.71875 280.67498779296875 282.8125 291.993743896484375 291.537506103515625 289.51873779296875 289.54998779296875 294.38751220703125 307.78125 304.618743896484375 285.35626220703125 252.337493896484375 216.3312530517578125 205.193756103515625 200.6437530517578125 192.037506103515625 185.9250030517578125 180.806243896484375 173.712493896484375 162.618743896484375 158.0500030517578125 151.3874969482421875 140.9562530517578125 135.243743896484375 129.15625 123.59999847412109375 115.8562469482421875 106.2687530517578125 101.9250030517578125 95.625 89.8125 80.28125
316.17498779296875 312.350006103515625 310.48126220703125 305.462493896484375 306.86248779296875 302.67498779296875 303.29998779296875 302.70623779296875 295.837493896484375 289.693756103515625 287.76873779296875 286.98748779296875 280.71875 265.399993896484375 268.36248779296875 274.306243896484375 275.725006103515625 280.256256103515625 276.20001220703125 286.88751220703125 289.95001220703125 273.537506103515625 248.806243896484375 219.0124969482421875 194.631256103515625 186.7062530517578125 183.1750030517578125 178.787506103515625 175.350006103515625 170.943756103515625 158.3125 147.662506103515625 144.40625 133.0187530517578125 127.1374969482421875 123.46250152587890625 121.7687530517578125 116.55625152587890625 113.5812530517578125 105.125 93.7062530517578125 86.3562469482421875 73.0500030517578125
304.20001220703125 301.0625 297.17498779296875 293.35626220703125 289.337493896484375 287.512481689453125 284.524993896484375 285.975006103515625 282.524993896484375 274.11248779296875 270.65625 266.14373779296875 265.51251220703125 259.125 245.149993896484375 255.806243896484375 256.068756103515625 256.587493896484375 257.04376220703125 264.54998779296875 265.29998779296875 251.9499969482421875 233.131256103515625 215.100006103515625 197.6125030517578125 183.2937469482421875 174.0500030517578125 166.75 162.34375 156.899993896484375 151.1374969482421875 142.7624969482421875 136.3937530517578125 130.556243896484375 121.66249847412109375 123.33750152587890625 125.18125152587890625 123.55625152587890625 120.1750030517578125 108.59375 88.4187469482421875 77.28125 72.03749847412109375
287.256256103515625 285.09375 284.73126220703125 283.07501220703125 278.45623779296875 275.82501220703125 274.768768310546875 272.51251220703125 268.15625 262.26251220703125 256.368743896484375 253.756256103515625 252.1437530517578125 243.774993896484375 226.7937469482421875 233.34375 235.681243896484375 241.431243896484375 236.75 240.9875030517578125 244.125 234.837493896484375 224.806243896484375 212.8562469482421875 204 191.443756103515625 181.649993896484375 171.875 167.4812469482421875 155.5749969482421875 143.1999969482421875 137.78125 137.131256103515625 126.2937469482421875 114.0812530517578125 110.3125 119.19374847412109375 125.88124847412109375 119.6750030517578125 104.6750030517578125 90.4562530517578125 83.5187530517578125 81.1687469482421875
274.76251220703125 270.11248779296875 270 265.84375 266.73126220703125 265.287506103515625 262.006256103515625 257.506256103515625 257.07501220703125 256.64373779296875 250.537506103515625 246.6687469482421875 244.9812469482421875 237.5250091552734375 223.725006103515625 205.2937469482421875 212.493743896484375 222.756256103515625 219.2375030517578125 222.399993896484375 223.587493896484375 219.399993896484375 216.3937530517578125 212.287506103515625 204.868743896484375 193.618743896484375 180.7062530517578125 172.53125 164.7687530517578125 159.399993896484375 149.193756103515625 137.96875 125.625 113.69374847412109375 103.25 113.4250030517578125 113.625 115.77500152587890625 113.7937469482421875 106.25 96.7624969482421875 90.6750030517578125 82.84999847412109375
260.306243896484375 258.256256103515625 255.006256103515625 255.787506103515625 256.068756103515625 255.743743896484375 252.2312469482421875 249.524993896484375 243.5749969482421875 240.7312469482421875 240.056243896484375 238.899993896484375 233.431243896484375 226.7624969482421875 221.7624969482421875 205.6999969482421875 186.225006103515625 194 200.212493896484375 201.743743896484375 200.774993896484375 203.125 202.774993896484375 207.125 200.78125 184.274993896484375 172.337493896484375 163.6875 161.743743896484375 157.6875 151.443756103515625 143.568756103515625 131.037506103515625 123.3874969482421875 123.7687530517578125 122.6062469482421875 124.18125152587890625 123.03749847412109375 119.24375152587890625 104.41249847412109375 94.46250152587890625 86.2687530517578125 76.59375
244.318756103515625 244.024993896484375 245.875 247.03125 248.381256103515625 250.9812469482421875 246.34375 242.600006103515625 236.6687469482421875 229.350006103515625 225.125 227.443756103515625 220.4875030517578125 215.3874969482421875 213.649993896484375 203.25 185.0625 167.5625 184.9562530517578125 180.8000030517578125 180.4250030517578125 183.600006103515625 191.006256103515625 193.8312530517578125 192.46875 176.962493896484375 162.34375 160.7375030517578125 157.5437469482421875 150.1999969482421875 137.53125 126.34375 136.4187469482421875 133.212493896484375 128.5437469482421875 140.0187530517578125 137.9562530517578125 124.74375152587890625 115.4499969482421875 103.0625 85.6437530517578125 76.11875152587890625 68.2937469482421875
230.2624969482421875 233.537506103515625 235.8312530517578125 238.693756103515625 241.712493896484375 240.6437530517578125 237.7375030517578125 233.506256103515625 229.9812469482421875 225.443756103515625 219.131256103515625 210.2312469482421875 205.1374969482421875 202.84375 197.5124969482421875 190.8000030517578125 185.756256103515625 165.15625 157.181243896484375 157.037506103515625 164.125 174.28125 164.806243896484375 173.225006103515625 172.7312469482421875 172.3937530517578125 164.5500030517578125 154.2624969482421875 154.0625 146.3937530517578125 136.2062530517578125 131.725006103515625 133.7062530517578125 128.649993896484375 128.850006103515625 134.2062530517578125 126.9187469482421875 113.6437530517578125 105.06874847412109375 91.36875152587890625 76.9250030517578125 66.2375030517578125 61.15000152587890625
