data/historical-monthly-weather-data/wc2.1_cruts4.09_10m_prec_1995-03.asc
ncols        51
nrows        45
xllcorner    -63.500000000000
yllcorner    -7.500000000000
cellsize     0.166666666667
NODATA_value -9999
[rows 0 to 19 of 45, columns 0 to 44 of 51]
138.287506103515625 134.9499969482421875 135.6062469482421875 140.899993896484375 145.0124969482421875 150.193756103515625 152.7937469482421875 154.787506103515625 156.3125 160.4812469482421875 167.6750030517578125 174.993743896484375 182.5124969482421875 187.556243896484375 192.6999969482421875 197.6374969482421875 204.9499969482421875 207.7624969482421875 213.306243896484375 218.40625 224.0812530517578125 228.631256103515625 233.712493896484375 234.399993896484375 236.962493896484375 238.90625 237.9812469482421875 239.6750030517578125 239.756256103515625 234.6437530517578125 232.568756103515625 227.75 224.5749969482421875 222.993743896484375 220.78125 221.3312530517578125 221.2312469482421875 221.756256103515625 225.431243896484375 228.40625 231.8625030517578125 236.568756103515625 240.34375 245.34375 250.181243896484375
140.875 137.068756103515625 140.3937530517578125 145.5124969482421875 150.3937530517578125 154.9250030517578125 157.225006103515625 160.0437469482421875 164.3249969482421875 169.287506103515625 176.1374969482421875 182.3937530517578125 188.774993896484375 193.90625 198.681243896484375 203.9499969482421875 210.4625091552734375 214.90625 219.2375030517578125 223.75 228.087493896484375 231.9812469482421875 236.5749969482421875 237.53125 238.649993896484375 240.0124969482421875 239.212493896484375 241.4187469482421875 241.068756103515625 235.4562530517578125 230.5437469482421875 226.600006103515625 222.6062469482421875 222.256256103515625 218.875 219.381256103515625 219.8562469482421875 219.725006103515625 222.6750030517578125 224.8125 228.2687530517578125 232.4562530517578125 235.8625030517578125 240.131256103515625 245.3125
144.7375030517578125 142.2062530517578125 146.6687469482421875 152.28125 156.787506103515625 160.587493896484375 164.375 168.5749969482421875 173.350006103515625 178.96875 183.4875030517578125 187.975006103515625 193.568756103515625 198.399993896484375 203.1687469482421875 209.431243896484375 215.756256103515625 220.868743896484375 224.96875 229.337493896484375 233.350006103515625 237.2624969482421875 239.8874969482421875 240.681243896484375 241.3562469482421875 240.587493896484375 240.34375 242.3249969482421875 241.3249969482421875 235.34375 231.181243896484375 227.0812530517578125 223.975006103515625 221.34375 220.0124969482421875 218.5500030517578125 218.881256103515625 219.7624969482421875 222.056243896484375 224.743743896484375 227.662506103515625 231.0812530517578125 233.993743896484375 237.1999969482421875 243.712493896484375
147.443756103515625 146.9562530517578125 153.5749969482421875 159.2312469482421875 163.9812469482421875 166.6999969482421875 170.4375 175.1750030517578125 181.4812469482421875 186.9499969482421875 189.899993896484375 192.212493896484375 195.5500030517578125 199.462493896484375 204.9875030517578125 211.4375 219.443756103515625 225.6374969482421875 230.756256103515625 235.087493896484375 239.350006103515625 241.475006103515625 241.756256103515625 241.4562530517578125 241.118743896484375 239.5812530517578125 239.618743896484375 239.649993896484375 238.837493896484375 234.337493896484375 229.2375030517578125 226.8937530517578125 223.4187469482421875 220.3874969482421875 218.2624969482421875 218.1687469482421875 218.6125030517578125 219.40625 222.5 224.587493896484375 225.9812469482421875 229.5749969482421875 232.399993896484375 234.774993896484375 241.53125
154.587493896484375 153.7687530517578125 158.5500030517578125 165.131256103515625 170.15625 172.2687530517578125 174.443756103515625 178.993743896484375 186.71875 193.350006103515625 194.368743896484375 194.1687469482421875 196.493743896484375 201.1999969482421875 206.306243896484375 213.868743896484375 221.943756103515625 229.5625 234.256256103515625 238.006256103515625 241.912506103515625 242.4812469482421875 242.9562530517578125 242.2624969482421875 240.5749969482421875 238.5625 237.0812530517578125 237 238.4187469482421875 232.6374969482421875 228.975006103515625 225.256256103515625 223.4375 221.0437469482421875 218.7375030517578125 218.8625030517578125 218.96875 219.193756103515625 222.568756103515625 223.90625 225.7375030517578125 227.9187469482421875 230.0187530517578125 232.8312530517578125 238.8312530517578125
161.837493896484375 162.2937469482421875 168.306243896484375 173.125 175.962493896484375 178.2312469482421875 180.3125 184 191.649993896484375 199.037506103515625 197.6999969482421875 197.03125 200.2937469482421875 204.2687530517578125 209.9875030517578125 217.375 225.493743896484375 232.181243896484375 237.2375030517578125 240.149993896484375 242.850006103515625 244.2062530517578125 244.9562530517578125 243.587493896484375 241.90625 240.9375 239.59375 238.4812469482421875 238.0500030517578125 233.625 229.2624969482421875 226.2062530517578125 223.5625 223.7375030517578125 223.287506103515625 223.3874969482421875 225.193756103515625 226.0437469482421875 229.3562469482421875 231.475006103515625 231.600006103515625 233.4499969482421875 234.9250030517578125 236.8000030517578125 241.96875
168.1437530517578125 169.149993896484375 174.71875 178.1374969482421875 179.462493896484375 180.7624969482421875 182.212493896484375 183.53125 186.6687469482421875 189.9812469482421875 193.03125 195.9499969482421875 200.71875 205.7750091552734375 212.1125030517578125 219.3249969482421875 227.0749969482421875 231.9375 235.725006103515625 240.3625030517578125 242.287506103515625 244.6062469482421875 245.28125 244.46875 243.5812530517578125 242.25 241.0625 239.4187469482421875 237.118743896484375 231.868743896484375 229.712493896484375 226.6062469482421875 224.806243896484375 224.3312530517578125 225.09375 227.162506103515625 229.1999969482421875 231.181243896484375 236.65625 237.568756103515625 235.306243896484375 236.806243896484375 237.6875 239.1437530517578125 245.6062469482421875
172.21875 173.5625 177.756256103515625 181.1875 183.318756103515625 183.875 182.2937469482421875 178.993743896484375 176.6125030517578125 178.9875030517578125 185.9875030517578125 192.9375 200.412506103515625 207.21875 213.600006103515625 220.6999969482421875 226.556243896484375 229.7062530517578125 233.243743896484375 237.6875 240.9187469482421875 243.7312469482421875 245.3874969482421875 244.6437530517578125 245.4250030517578125 243.40625 240.90625 238.7312469482421875 235.2062530517578125 230.1687469482421875 227 226.381256103515625 224.8000030517578125 224.9875030517578125 226.3562469482421875 229.03125 232.087493896484375 234.6875 239.3249969482421875 239.6125030517578125 237.743743896484375 238.6062469482421875 239.006256103515625 239.806243896484375 245.243743896484375
176.493743896484375 177.78125 182.037506103515625 185.412506103515625 186.96875 186.9562530517578125 184.631256103515625 179.7062530517578125 173.068756103515625 173.0500030517578125 183.34375 193.2624969482421875 203.118743896484375 210.0812530517578125 216.318756103515625 222.7937469482421875 227.71875 230.568756103515625 235.162506103515625 239.5 240.8000030517578125 244.7937469482421875 246.71875 249.806243896484375 250.375 247.1437530517578125 242.006256103515625 237.743743896484375 234.7375030517578125 229.3125 226.9562530517578125 226.7937469482421875 226.037506103515625 226.381256103515625 227.625 231.65625 236.6875 239.9187469482421875 244.350006103515625 244.6062469482421875 242.9812469482421875 242.9875030517578125 242.96875 242.8312530517578125 245.787506103515625
180.8874969482421875 182.125 185.806243896484375 188.90625 190.931243896484375 191.193756103515625 189.681243896484375 185.868743896484375 181.756256103515625 182.4875030517578125 189.5749969482421875 197.3874969482421875 207 214.6062469482421875 219.712493896484375 225.087493896484375 229.625 232.2687530517578125 236.0749969482421875 240.0749969482421875 241.4375 245.6999969482421875 250.1750030517578125 255.5749969482421875 254.399993896484375 250.274993896484375 244.243743896484375 238.4250030517578125 233.399993896484375 227.53125 224.868743896484375 226.3874969482421875 227.21875 228.9875030517578125 230.7375030517578125 234.9812469482421875 240.212493896484375 244.8312530517578125 249.625 251.0625 250.2624969482421875 249.8625030517578125 247.306243896484375 243.318756103515625 245.899993896484375
185.225006103515625 186.7312469482421875 189.6937408447265625 192.8562469482421875 195.568756103515625 196.993743896484375 196.600006103515625 193.774993896484375 192.34375 194.149993896484375 198.806243896484375 205.4875030517578125 212.9812469482421875 220.556243896484375 224.5437469482421875 228.0437469482421875 231.1999969482421875 233.587493896484375 236.0749969482421875 239.5 242.40625 247.037506103515625 254 257.962493896484375 259.774993896484375 252.868743896484375 245.493743896484375 240.287506103515625 233.868743896484375 227.03125 225.3937530517578125 226.4562530517578125 227.600006103515625 229.9562530517578125 232.7687530517578125 237.1999969482421875 242.6125030517578125 247.975006103515625 253.25 256.412506103515625 256.193756103515625 253.9250030517578125 249.037506103515625 243.3312530517578125 244.5
189.587493896484375 191.3125 194.2687530517578125 198.006256103515625 200.462493896484375 203.4187469482421875 204.975006103515625 203.993743896484375 204.0500030517578125 205.78125 209.443756103515625 214.100006103515625 219.2062530517578125 225.0749969482421875 230.2624969482421875 233.475006103515625 234.625 235.774993896484375 237.6750030517578125 239.931243896484375 240.975006103515625 246.3125 255.506256103515625 263.73748779296875 263.631256103515625 252.068756103515625 243.7375030517578125 238.5 234.5500030517578125 230.9187469482421875 227.59375 227.3937530517578125 228.125 230.100006103515625 232.556243896484375 238.6875 245.3312530517578125 251.34375 256.54998779296875 261.15625 262.087493896484375 257.8125 249.2687530517578125 238.4562530517578125 235.649993896484375
193.96875 195.5 198.881256103515625 202.149993896484375 205.3312530517578125 209.4875030517578125 211.875 212.9812469482421875 213.9499969482421875 216.9812469482421875 221.412506103515625 224.4812469482421875 228.4499969482421875 231.131256103515625 235.306243896484375 238.0749969482421875 238.5749969482421875 239.524993896484375 241.350006103515625 241.712493896484375 239.662506103515625 244.193756103515625 252.5 258.268768310546875 252.9812469482421875 243.3874969482421875 240.5 237.9187469482421875 235.7687530517578125 233.649993896484375 231.1999969482421875 229.125 228.524993896484375 230.006256103515625 232.40625 238.1437530517578125 245.506256103515625 252.493743896484375 259.293731689453125 265.70001220703125 268.54376220703125 261.912506103515625 246.5749969482421875 232.34375 226.149993896484375
197.1875 199.1999969482421875 202.618743896484375 206.03125 210.03125 213.787506103515625 217.8874969482421875 221.556243896484375 224.975006103515625 228.743743896484375 232.90625 235.15625 237.09375 239.6875 240.506256103515625 243.0749969482421875 243.225006103515625 243.256256103515625 244.100006103515625 244.806243896484375 244.1062469482421875 245.9187469482421875 249.493743896484375 250.2687530517578125 245.3937530517578125 239.59375 238.118743896484375 236.7687530517578125 235.4875030517578125 234.4562530517578125 233.8249969482421875 231.931243896484375 229.1875 228.6125030517578125 230.46875 237.2375030517578125 245.8937530517578125 253.1374969482421875 259.787506103515625 265.70001220703125 268.14373779296875 256.90625 242.568756103515625 230.600006103515625 225.087493896484375
198.625 200.3625030517578125 204.53125 209.6750030517578125 214.7312469482421875 219.2937469482421875 225.09375 230.5625 234.537506103515625 238.8000030517578125 243.7062530517578125 245.6374969482421875 247.181243896484375 248.912506103515625 247.962493896484375 249.693756103515625 249.53125 250.274993896484375 250.2937469482421875 250.475006103515625 249.6437530517578125 249.162506103515625 249.2062530517578125 248.1999969482421875 245.162506103515625 242.274993896484375 241 239.787506103515625 239.25 239.09375 236.8625030517578125 234.193756103515625 231.3625030517578125 227.3312530517578125 226.7062530517578125 234.868743896484375 244.8562469482421875 252.2937469482421875 255.5687408447265625 256.274993896484375 252.7687530517578125 246.0749969482421875 239.006256103515625 229.6999969482421875 225.7312469482421875
198.2750091552734375 200.8562469482421875 206.306243896484375 212.4812469482421875 218.787506103515625 225.681243896484375 232.068756103515625 238.181243896484375 244.181243896484375 249.837493896484375 254.3249969482421875 256.774993896484375 258.34375 259.23748779296875 258.33123779296875 257.51251220703125 256.59375 257.23126220703125 256.943756103515625 257.23126220703125 254.625 251.818756103515625 249.75 247.9250030517578125 245.3000030517578125 243.712493896484375 243.350006103515625 243.287506103515625 244.25 244.3187408447265625 243.1687469482421875 239.875 234.568756103515625 229.975006103515625 227.75 239.725006103515625 248.1687469482421875 250.0749969482421875 248.962493896484375 246.84375 242.3125 238.506256103515625 233.975006103515625 227.6999969482421875 224.600006103515625
198.100006103515625 201.875 207.568756103515625 215.0500030517578125 223.006256103515625 230.8625030517578125 239.443756103515625 246.8562469482421875 253.399993896484375 259.881256103515625 264.60626220703125 267.8125 269.868743896484375 269.712493896484375 269.712493896484375 267.45001220703125 263.57501220703125 262.568756103515625 263.23126220703125 262.975006103515625 259.07501220703125 255.0625 251.931243896484375 249.556243896484375 247.5124969482421875 244.7937469482421875 245.087493896484375 246.4187469482421875 247.431243896484375 249.3000030517578125 249.368743896484375 246.649993896484375 241.8062591552734375 239.806243896484375 246.1374969482421875 255.1937408447265625 256.39373779296875 252.15625 245.8625030517578125 240.131256103515625 236.3249969482421875 233.568756103515625 229.15625 224.4187469482421875 222.9375
196.5625 201.5 209.068756103515625 218.1374969482421875 227.2624969482421875 235.912506103515625 244.774993896484375 253.6437530517578125 261.337493896484375 268.40625 274.45623779296875 279.431243896484375 281.08123779296875 282.16876220703125 281.5625 278.07501220703125 273.89373779296875 267.725006103515625 271.056243896484375 270.98748779296875 267.493743896484375 262.087493896484375 256.92498779296875 253.381256103515625 250.381256103515625 248.837493896484375 248.09375 250.412506103515625 253.006256103515625 255.2937469482421875 254.6750030517578125 248.2375030517578125 244.65625 246.600006103515625 256.98126220703125 272.09375 264.212493896484375 253.056243896484375 243.6750030517578125 237.975006103515625 232.2062530517578125 229.15625 225.6437530517578125 221.3937530517578125 219.8874969482421875
194.4250030517578125 200.6750030517578125 209.21875 219.568756103515625 230.625 241.0625 251.1374969482421875 260.88751220703125 268.98748779296875 276.818756103515625 283.63751220703125 287.25 291.493743896484375 294.36248779296875 291.98126220703125 287.306243896484375 281.875 275.46875 274.85626220703125 275.9375 273.53125 268.881256103515625 259.07501220703125 255.256256103515625 252.506256103515625 251.212493896484375 251.7062530517578125 252.8937530517578125 256.07501220703125 259.875 260.537506103515625 251.368743896484375 243.3125 238.931243896484375 244.125 256.15625 252.931243896484375 246.1062469482421875 240.587493896484375 234.6875 229.712493896484375 225.899993896484375 222.7312469482421875 219.25 217.84375
190.6374969482421875 198.8249969482421875 208.631256103515625 220.381256103515625 233.21875 245.6750030517578125 257.287506103515625 268.23126220703125 277.037506103515625 284.66876220703125 291.39373779296875 295.13751220703125 300.881256103515625 306.006256103515625 300.9375 291.84375 283.225006103515625 281.36248779296875 279.693756103515625 280.024993896484375 274.587493896484375 267.274993896484375 260.98126220703125 255.9499969482421875 252.59375 250.274993896484375 251.2937469482421875 253.7312469482421875 255.375 257.15625 255.774993896484375 249.0124969482421875 235.3562469482421875 222.243743896484375 214.9875030517578125 223.59375 233.9250030517578125 236.3249969482421875 235.399993896484375 232.306243896484375 227.59375 223.75 221.0812530517578125 218.1999969482421875 217.3562469482421875
