data/historical-monthly-weather-data/wc2.1_cruts4.09_10m_prec_2006-02.asc
ncols        45
nrows        45
xllcorner    -63.500000000000
yllcorner    -7.500000000000
cellsize     0.166666666667
NODATA_value -9999
[rows 0 to 19 of 45, columns 0 to 44 of 45]
180.1875 177.4187469482421875 170.6999969482421875 166.6875 160.53125 157.225006103515625 152.4187469482421875 145.399993896484375 138.8312530517578125 134.96875 134.4812469482421875 133.475006103515625 131.850006103515625 126 122.21875 118.84375 116.34999847412109375 111.77500152587890625 110.3625030517578125 109.59999847412109375 110.27500152587890625 111.1999969482421875 113.5812530517578125 116.9250030517578125 121.15625 126.25 133.443756103515625 141.431243896484375 150.28125 159.09375 169.0500030517578125 179.7937469482421875 189.193756103515625 199.3562469482421875 210.3312530517578125 218.9562530517578125 225.34375 230.912506103515625 235.40625 237.600006103515625 240.931243896484375 242.399993896484375 241.6999969482421875 244.15625 242.875
189.9812469482421875 188.037506103515625 184.600006103515625 180.2624969482421875 176.743743896484375 176.1999969482421875 172.943756103515625 170.318756103515625 167.506256103515625 164.15625 161.631256103515625 157.71875 153.350006103515625 147.4812469482421875 141.850006103515625 136.3249969482421875 131.9562530517578125 128.15625 126.4187469482421875 125.2312469482421875 125.88124847412109375 127.74375152587890625 130.5625 134.0500030517578125 137.75 142.9875030517578125 149.381256103515625 157.100006103515625 165.1750030517578125 174.412506103515625 183.7937469482421875 195.78125 205.8249969482421875 217.131256103515625 227.625 236.212493896484375 243.1062469482421875 248.399993896484375 252.5500030517578125 254.5749969482421875 257.26873779296875 257.85626220703125 256.11248779296875 257.0625 254.9187469482421875
200.131256103515625 199.15625 196.9499969482421875 194.8125 193.975006103515625 194.8937530517578125 196.100006103515625 198.3562469482421875 199.3000030517578125 196.875 192.4562530517578125 186.1750030517578125 179.1437530517578125 170.881256103515625 162.774993896484375 155.1374969482421875 148.6125030517578125 144.850006103515625 142.4187469482421875 141.087493896484375 142.149993896484375 145.443756103515625 148.149993896484375 151.587493896484375 156.568756103515625 160.8937530517578125 166.725006103515625 174.0437469482421875 180.443756103515625 188.625 198.881256103515625 210.1437530517578125 221.1687469482421875 231.4875030517578125 243.375 250.9812469482421875 258.818756103515625 266.08123779296875 269.131256103515625 271.056243896484375 273.04376220703125 272.04376220703125 269.45623779296875 267.0625 265.38751220703125
208.21875 208.462493896484375 209.5749969482421875 210.15625 214.3562469482421875 216.5 221.506256103515625 228.631256103515625 234.0625 234.53125 228.462493896484375 217.725006103515625 205.8625030517578125 194.412506103515625 184.462493896484375 174.899993896484375 166.75 160.96875 158.587493896484375 158.9187469482421875 161.2687530517578125 164.40625 166.787506103515625 170.5187530517578125 174.993743896484375 179.2937469482421875 185.25 191.1875 196.412506103515625 204.75 213.7312469482421875 225.931243896484375 236.118743896484375 247.2687530517578125 258.26873779296875 267.649993896484375 276.13751220703125 283.475006103515625 287.71875 289.85626220703125 289.618743896484375 287.15625 283.318756103515625 278.662506103515625 275.95623779296875
221.587493896484375 219.9749908447265625 220.287506103515625 224.3000030517578125 231.78125 237.8125 244.868743896484375 257.32501220703125 270.125 276.09375 263.943756103515625 246.6437530517578125 232.681243896484375 219.4562530517578125 206.4499969482421875 195.118743896484375 185.6687469482421875 178.2375030517578125 176.475006103515625 177.631256103515625 181.118743896484375 183.4187469482421875 186.4749908447265625 190.4375 194.318756103515625 198.71875 202.068756103515625 206.2687530517578125 212.8249969482421875 221.212493896484375 230.337493896484375 240.4562530517578125 252.1500091552734375 263.875 274.92498779296875 284.92498779296875 295.09375 303.70001220703125 308.04376220703125 308.524993896484375 308.306243896484375 302.931243896484375 296.23126220703125 290.03125 284.5
234.181243896484375 234.712493896484375 234.15625 236.78125 244.09375 252.5749969482421875 262.28125 275.51873779296875 290.98748779296875 301.537506103515625 285.29998779296875 266.193756103515625 251.8874969482421875 238.993743896484375 226.306243896484375 215.9375 205.3249969482421875 198.3625030517578125 197.7312469482421875 199.6125030517578125 201.65625 203.725006103515625 206.21875 208.818756103515625 211.1875 215.4375 218.7375030517578125 221.881256103515625 226.9375 235.1062469482421875 244.2624969482421875 254.399993896484375 264.787506103515625 278.79376220703125 291.07501220703125 301.23748779296875 312.131256103515625 321.306243896484375 326.95001220703125 327.38751220703125 324.17498779296875 317.07501220703125 309.11248779296875 301.350006103515625 291.931243896484375
248.2312469482421875 249.5187530517578125 249.899993896484375 250.65625 256.70001220703125 263.63751220703125 272.587493896484375 281.9375 292.5625 295.631256103515625 289.5 277.806243896484375 266.26873779296875 255.524993896484375 245.4875030517578125 236.493743896484375 228.84375 225.4812469482421875 224.931243896484375 224.1187591552734375 223.0437469482421875 224.09375 224.375 225.6374969482421875 229.3874969482421875 232.068756103515625 234.912506103515625 238.3249969482421875 240.931243896484375 248.1437530517578125 258.45623779296875 268.64373779296875 280.13751220703125 291.162506103515625 303.475006103515625 316.056243896484375 326.9375 337.475006103515625 345.443756103515625 345.54998779296875 339.20001220703125 331.17498779296875 322.693756103515625 313.462493896484375 301.76251220703125
261.90625 262.318756103515625 262.61248779296875 265.806243896484375 271.23748779296875 275.15625 279.100006103515625 282.14373779296875 284.20001220703125 286.118743896484375 288.54998779296875 285.868743896484375 279.60626220703125 270.64373779296875 262.912506103515625 256.587493896484375 251.3000030517578125 251.618743896484375 253.1125030517578125 248.399993896484375 243.850006103515625 242.71875 241.881256103515625 243.125 246.34375 248.46875 250.78125 252.818756103515625 255.90625 262.681243896484375 271.04376220703125 281.91876220703125 293.20623779296875 304.98748779296875 316.6875 328.162506103515625 339.475006103515625 349.818756103515625 356.431243896484375 357.462493896484375 353.1875 345.943756103515625 337.38751220703125 326.48748779296875 315.84375
275.568756103515625 276.318756103515625 276.34375 279.4375 283.32501220703125 284.024993896484375 286.006256103515625 285.53125 282.212493896484375 283.037506103515625 289.212493896484375 291.943756103515625 289.20001220703125 282.91876220703125 276.70001220703125 272.8125 268.8125 268.17498779296875 269.475006103515625 263.181243896484375 256.462493896484375 254.556243896484375 253.9375 257.818756103515625 261.243743896484375 263.29376220703125 264.39373779296875 265.975006103515625 269.318756103515625 275.1875 283.40625 293.63751220703125 304.149993896484375 314.79376220703125 325.818756103515625 337.85626220703125 349.26251220703125 359.537506103515625 367.26873779296875 369.67498779296875 366.774993896484375 361.037506103515625 354.57501220703125 345.57501220703125 336.95623779296875
289.131256103515625 290.193756103515625 290.67498779296875 292.375 294.57501220703125 294.04998779296875 295.693756103515625 294.92498779296875 294.76873779296875 296.087493896484375 301.10626220703125 301.45001220703125 300.625 294.625 290.53125 286.337493896484375 282.23126220703125 279.63751220703125 275.712493896484375 270.13751220703125 265.11248779296875 264.21875 265.462493896484375 272.15625 276.125 277.85626220703125 279.225006103515625 279.40625 283.125 288.506256103515625 294.4375 303.068756103515625 313.368743896484375 324.89373779296875 336.26873779296875 347.662506103515625 358.943756103515625 367.993743896484375 375.931243896484375 380.787506103515625 381.54376220703125 378.193756103515625 372.20623779296875 363.149993896484375 357.412506103515625
301.431243896484375 302.46875 302.756256103515625 303.76251220703125 304.71875 304.056243896484375 305.20001220703125 306.66876220703125 308.506256103515625 311.20001220703125 316.17498779296875 316.743743896484375 313.975006103515625 307.71875 303.75 299.506256103515625 294.09375 288.024993896484375 281.21875 275.475006103515625 270.5625 270.59375 275.46875 281.70623779296875 290.212493896484375 291.9375 291.91876220703125 292.95001220703125 294.943756103515625 298.83123779296875 304.712493896484375 312.068756103515625 321.368743896484375 332.51251220703125 345.23748779296875 357.16876220703125 366.600006103515625 376.837493896484375 385.068756103515625 390.04376220703125 392.64373779296875 390.412506103515625 386.375 379.26873779296875 373.850006103515625
311.806243896484375 312.475006103515625 311.84375 313.006256103515625 314.45001220703125 314.04998779296875 315.431243896484375 319.350006103515625 321.73748779296875 325.11248779296875 330.89373779296875 333.725006103515625 329.98748779296875 323.09375 318.600006103515625 312.175018310546875 305.46875 296.38751220703125 286.649993896484375 278.40625 272.631256103515625 274.14373779296875 283.08123779296875 294.42498779296875 302.84375 302.79998779296875 301.443756103515625 301.787506103515625 303.78125 308.16876220703125 313.181243896484375 318.712493896484375 327.756256103515625 338.037506103515625 349.931243896484375 362.137481689453125 373.931243896484375 384.75 393.64373779296875 399.850006103515625 404.09375 401.75 395.024993896484375 385.1875 377.90625
318.28125 319.64373779296875 319.92498779296875 320.868743896484375 323.649993896484375 324.443756103515625 327.26873779296875 330.9375 333.399993896484375 338.475006103515625 344.13751220703125 348.5625 345.92498779296875 337.618743896484375 331.568756103515625 323.256256103515625 315.13751220703125 305.46875 295.51251220703125 285.118743896484375 275.84375 278.46875 289.51873779296875 300.73126220703125 306.54998779296875 307.23126220703125 308.375 309.38751220703125 311.08123779296875 315.125 319.662506103515625 324.399993896484375 331.32501220703125 341.412506103515625 353.118743896484375 364.743743896484375 376.5625 389.96875 400.54376220703125 408.181243896484375 415.037506103515625 411.256256103515625 399.462493896484375 386.28125 375.787506103515625
323.1875 324.83123779296875 325.625 327.33123779296875 331.162506103515625 332.725006103515625 337.20623779296875 341.662506103515625 344.899993896484375 348.98126220703125 353.306243896484375 356.712493896484375 355.51873779296875 350.73126220703125 342.118743896484375 333.91876220703125 324.118743896484375 315.037506103515625 304.850006103515625 296.225006103515625 290.63751220703125 291.762481689453125 298.32501220703125 304.98126220703125 309.45001220703125 311.08123779296875 313.600006103515625 315.056243896484375 317.54376220703125 319.70001220703125 323.51873779296875 326.95001220703125 332.89373779296875 342.475006103515625 353.193756103515625 365.59375 379.82501220703125 394.8125 408.13751220703125 416.881256103515625 420.943756103515625 411.225006103515625 400.493743896484375 389.756256103515625 380.41876220703125
327.837493896484375 328.649993896484375 330.03125 333.54376220703125 336.518768310546875 339.70623779296875 345.63751220703125 350.10626220703125 354.287506103515625 358.23126220703125 360.962493896484375 364.96875 364.743743896484375 360.98748779296875 352.83123779296875 343.431243896484375 334.25 324.943756103515625 316.03125 309.543731689453125 305.5 304.46875 307.743743896484375 311.875 314.506256103515625 317.40625 320.04998779296875 321.04998779296875 322.931243896484375 324.8125 325.743743896484375 326.631256103515625 331.92498779296875 339.212493896484375 349.274993896484375 361.212493896484375 378.25 396.88751220703125 411.912506103515625 420.07501220703125 418.76873779296875 411.975006103515625 404.08123779296875 393.33123779296875 383.11248779296875
330.63751220703125 330.850006103515625 332.837493896484375 336.82501220703125 341.212493896484375 345.306243896484375 351.631256103515625 355.96875 361.274993896484375 366.931243896484375 370.42498779296875 375.256256103515625 376.318756103515625 372.537506103515625 363.90625 351.806243896484375 344.087493896484375 336.818756103515625 329.462493896484375 324.006256103515625 318.975006103515625 316.45623779296875 317.131256103515625 320.61248779296875 321.21875 322.16876220703125 323.756256103515625 325.82501220703125 328.662506103515625 329.837493896484375 329.962493896484375 327.524993896484375 327.774993896484375 331.774993896484375 338.33123779296875 351.631256103515625 371.306243896484375 394.48748779296875 414.506256103515625 423.70001220703125 421.818756103515625 413.3125 404.04998779296875 393.29376220703125 381.631256103515625
330.16876220703125 331.70001220703125 334 338.524993896484375 344.100006103515625 349.131256103515625 355.89373779296875 361.70623779296875 367.962493896484375 374.84375 380.806243896484375 387.506256103515625 390.5625 388.04376220703125 378.23748779296875 365.212493896484375 354.375 346.225006103515625 339.337493896484375 334.95623779296875 330.875 327.631256103515625 325.881256103515625 327.96875 328.600006103515625 326.318756103515625 325.92498779296875 329.274993896484375 333.70001220703125 335.993743896484375 334.443756103515625 329.32501220703125 324.881256103515625 321.006256103515625 324.868743896484375 337.84375 358.806243896484375 389.524993896484375 419.83123779296875 424.39373779296875 417.9375 409.09375 398.149993896484375 387.462493896484375 377.92498779296875
326.662506103515625 329.100006103515625 333.71875 340.056243896484375 346.42498779296875 352.506256103515625 360.32501220703125 367.243743896484375 374.08123779296875 381.10626220703125 388.95623779296875 399.274993896484375 406.287506103515625 404.76251220703125 394.818756103515625 381.14373779296875 365.0625 350.8125 345.306243896484375 340.34375 338.64373779296875 334.475006103515625 329.64373779296875 329.10626220703125 329.056243896484375 327.431243896484375 326.17498779296875 331.274993896484375 337.70001220703125 340.92498779296875 337.78125 325.04998779296875 316.46875 309.056243896484375 307.818756103515625 316.28125 342.51873779296875 373.67498779296875 401.506256103515625 410.1875 405.125 397.39373779296875 388.95623779296875 380.95001220703125 372.98748779296875
321.75 325.506256103515625 331.26251220703125 337.73748779296875 345.631256103515625 354.4375 362.4375 371.41876220703125 379.84375 386.96875 396.51251220703125 408.5 419.4375 424.07501220703125 411.51873779296875 392.36248779296875 373.13751220703125 354.693756103515625 345.368743896484375 341.17498779296875 341.162506103515625 337.83123779296875 328.037506103515625 326.83123779296875 327.149993896484375 327.881256103515625 329.53125 334.78125 342.587493896484375 347.4375 344.65625 328.0625 312.556243896484375 296.59375 288.25 297.899993896484375 324.024993896484375 353.006256103515625 377.38751220703125 387.83123779296875 388.375 382.337493896484375 377.556243896484375 372.943756103515625 366.71875
316.912506103515625 320.09375 326.64373779296875 334.131256103515625 344.068756103515625 354.57501220703125 364.95001220703125 373.649993896484375 382.443756103515625 390.287506103515625 399.29998779296875 412.9375 428.95001220703125 441.60626220703125 424.506256103515625 396.118743896484375 371.556243896484375 354.39373779296875 343.86248779296875 338.66876220703125 334.16876220703125 328.09375 323.649993896484375 322.850006103515625 323.868743896484375 325.65625 330.28125 337.88751220703125 344 347.26873779296875 341.83123779296875 328.462493896484375 307.76873779296875 284.725006103515625 268.618743896484375 281.375 311.649993896484375 340.537506103515625 361.337493896484375 372.23748779296875 372.868743896484375 367.88751220703125 368.125 367.118743896484375 362.79998779296875
