data/historical-monthly-weather-data/wc2.1_cruts4.09_10m_prec_1995-01.asc
ncols        51
nrows        45
xllcorner    -63.500000000000
yllcorner    -7.500000000000
cellsize     0.166666666667
NODATA_value -9999
[rows 20 to 39 of 45, columns 0 to 44 of 51]
211.9562530517578125 219.6125030517578125 227.975006103515625 238.0187530517578125 248.287506103515625 258.73748779296875 269.78125 278.61248779296875 284.76251220703125 288.537506103515625 291.350006103515625 294.88751220703125 301.212493896484375 308.29376220703125 299.5625 281.618743896484375 268.6875 261.368743896484375 260.193756103515625 258.79376220703125 260.131256103515625 260.08123779296875 259.48748779296875 263.274993896484375 268.41876220703125 274.137481689453125 280.01873779296875 286.64373779296875 292.79998779296875 298.48126220703125 297.618743896484375 292.087493896484375 282.11248779296875 271.368743896484375 262.256256103515625 281.14373779296875 310.01873779296875 331.17498779296875 337.962493896484375 332.84375 319.9375 305.75 295.76873779296875 288.14373779296875 282.54998779296875
207.556243896484375 214.306243896484375 222.774993896484375 234.0812530517578125 246.662506103515625 257.65625 268.60626220703125 279.337493896484375 285.649993896484375 285.493743896484375 283.11248779296875 278.712493896484375 277.5 279.57501220703125 277.36248779296875 269.524993896484375 264.01251220703125 260.0625 258.368743896484375 257.78125 256.681243896484375 256.98748779296875 258.649993896484375 263.743743896484375 270.212493896484375 277.725006103515625 286.66876220703125 291.681243896484375 294.868743896484375 296.149993896484375 291.256256103515625 284.912506103515625 279.931243896484375 278.212493896484375 279.693756103515625 297.45001220703125 326.95001220703125 351.756256103515625 358.04376220703125 348.88751220703125 332.443756103515625 316.14373779296875 304.01251220703125 294.51873779296875 287.48748779296875
203.368743896484375 210.1687469482421875 217.3874969482421875 228.78125 243 255.9812469482421875 267.337493896484375 278.86248779296875 287.368743896484375 282.79376220703125 272.693756103515625 260.024993896484375 251.850006103515625 252.712493896484375 257.256256103515625 258.45623779296875 256.962493896484375 255.71875 254.837493896484375 254.2312469482421875 253.9812469482421875 253.8937530517578125 254.8312530517578125 260.33123779296875 269.40625 280.15625 290.600006103515625 295.16876220703125 296.23748779296875 293.08123779296875 286.5 281.26873779296875 284.725006103515625 289.962493896484375 299.318756103515625 316.431243896484375 346.04376220703125 379.681243896484375 382.76873779296875 363.118743896484375 342.1875 324.993743896484375 309.193756103515625 298.17498779296875 290.868743896484375
199.21875 203.9562530517578125 210.4562530517578125 222.975006103515625 239.3937530517578125 252.181243896484375 264.287506103515625 275.475006103515625 281.82501220703125 274.762481689453125 261.962493896484375 247.787506103515625 232.287506103515625 235.9187469482421875 245.556243896484375 250.3000030517578125 251.4499969482421875 251.6374969482421875 251.6750030517578125 251.75 250.5625 250 250.7375030517578125 256.181243896484375 266.78125 278.225006103515625 290.337493896484375 294.443756103515625 295.306243896484375 294.225006103515625 290.537506103515625 288.931243896484375 295.087493896484375 303.787506103515625 315.65625 332.73126220703125 358.23126220703125 387.181243896484375 388.649993896484375 368.787506103515625 346.84375 327.83123779296875 311.45001220703125 299.631256103515625 293.850006103515625
196.131256103515625 199.399993896484375 205.03125 220.4250030517578125 240.1062469482421875 251.587493896484375 261.29998779296875 269.79998779296875 272.256256103515625 267.23126220703125 257.10626220703125 245.6687469482421875 236.1437530517578125 236.681243896484375 241.9875030517578125 246.7312469482421875 249.0749969482421875 250.75 250.5 248.8874969482421875 247.2375030517578125 245.162506103515625 245.0437469482421875 250.0812530517578125 260.45001220703125 273.774993896484375 284.712493896484375 292.92498779296875 296.66876220703125 299.399993896484375 299.96875 302.693756103515625 308.71875 318.14373779296875 329.88751220703125 342.91876220703125 361.88751220703125 376.193756103515625 376.056243896484375 363.60626220703125 344.75 326.76873779296875 310.931243896484375 300.743743896484375 293.26251220703125
198.3125 203.368743896484375 210.78125 226.1437530517578125 242.6999969482421875 252.4875030517578125 259.5625 264.13751220703125 264.73126220703125 260.85626220703125 254.8125 248.5749969482421875 242.931243896484375 241.8937530517578125 243.7375030517578125 246.78125 249.3937530517578125 251.125 250.78125 248.1999969482421875 246.243743896484375 241.568756103515625 239.6437530517578125 242.556243896484375 253.943756103515625 269.20623779296875 283.149993896484375 293.03125 300.41876220703125 303.85626220703125 309.962493896484375 316.25 324.03125 331.40625 341.631256103515625 350.681243896484375 362.087493896484375 368.681243896484375 366.1875 355.625 340.28125 323.10626220703125 306.743743896484375 297.662506103515625 294.506256103515625
207.0749969482421875 213.037506103515625 222.0749969482421875 234.4499969482421875 246.65625 253.931243896484375 259.33123779296875 261.09375 260.83123779296875 259.45001220703125 256.26873779296875 253.0625 250.068756103515625 249.2937469482421875 249.5500030517578125 251.53125 253.3874969482421875 254.625 254.7937469482421875 250.9375 246.681243896484375 242.5124969482421875 237.2062530517578125 238.71875 252.662506103515625 267.975006103515625 282.037506103515625 293.5625 303.300018310546875 309.462493896484375 318.26873779296875 326.29376220703125 336.35626220703125 343.681243896484375 350.85626220703125 358.26251220703125 365.58123779296875 367.23748779296875 361.40625 352.08123779296875 337.51873779296875 319.8125 304.45623779296875 296.41876220703125 301.975006103515625
218.6437530517578125 224.625 233.662506103515625 243.568756103515625 252.75 256.881256103515625 259.6875 260.10626220703125 260.131256103515625 259.04376220703125 257.600006103515625 256.818756103515625 255.274993896484375 255.0749969482421875 255.1062469482421875 256.54998779296875 257.6875 260.649993896484375 258.98126220703125 256.04998779296875 253.1374969482421875 247.4499969482421875 245.8249969482421875 248.4562530517578125 258.98126220703125 271.79998779296875 284.85626220703125 295.89373779296875 306.53125 315.681243896484375 324.0625 332.61248779296875 342.850006103515625 350.050018310546875 357.61248779296875 363.524993896484375 367.26873779296875 368.14373779296875 362.587493896484375 351.881256103515625 338.96875 322.274993896484375 305.431243896484375 299.149993896484375 317.79998779296875
229.1750030517578125 236 243.8249969482421875 252.493743896484375 259.26873779296875 260.70001220703125 259.91876220703125 260.100006103515625 259.54998779296875 259.337493896484375 259.45001220703125 259.631256103515625 259.712493896484375 261.73126220703125 262.26251220703125 264.20001220703125 267.3125 268.587493896484375 267.537506103515625 264.587493896484375 261.100006103515625 256.225006103515625 255.25 259.162506103515625 267.48748779296875 277.75 289.70623779296875 300.38751220703125 311.86248779296875 321.29998779296875 328.76873779296875 336.787506103515625 346.943756103515625 356.131256103515625 364.73126220703125 368.975006103515625 372.774993896484375 372.837493896484375 367.73126220703125 357.01251220703125 341.96875 326.85626220703125 315.274993896484375 316.931243896484375 337.61248779296875
238.743743896484375 244.6125030517578125 252.5812530517578125 260.875 265.662506103515625 264.04998779296875 261.15625 260.54376220703125 259.90625 259.45001220703125 260.943756103515625 263.431243896484375 265.543731689453125 268.756256103515625 271.09375 273.16876220703125 275.556243896484375 277.806243896484375 278.274993896484375 274.243743896484375 270.118743896484375 266.98126220703125 265.25 268.48748779296875 275.943756103515625 285.10626220703125 295.38751220703125 305.056243896484375 315.89373779296875 324.756256103515625 333.493743896484375 341.943756103515625 351.54376220703125 362.66876220703125 371.60626220703125 376.57501220703125 379.962493896484375 382.587493896484375 377.600006103515625 369.243743896484375 358.92498779296875 348.625 342.13751220703125 345.618743896484375 356.78125
246.1750030517578125 250.881256103515625 256.306243896484375 263.29998779296875 268.01873779296875 263.5 260.712493896484375 259.17498779296875 258.875 259.73126220703125 262.66876220703125 266.75 270.806243896484375 274.51873779296875 278.375 281.125 284.70001220703125 287.8125 288.5625 284.79376220703125 279.76873779296875 275.70623779296875 274.79998779296875 277.443756103515625 283.225006103515625 292.46875 301.806243896484375 310.41876220703125 321.149993896484375 329.399993896484375 338.51873779296875 347.66876220703125 357.375 368.962493896484375 378.78125 384.475006103515625 388.25 393.15625 391.20001220703125 385.087493896484375 379.131256103515625 372.91876220703125 369.806243896484375 370.068756103515625 378.987518310546875
251.006256103515625 253.7062530517578125 256.831268310546875 260.506256103515625 262.08123779296875 259.23126220703125 258.431243896484375 256.48748779296875 257.04998779296875 258.84375 262.6875 268.20001220703125 274.118743896484375 280.443756103515625 285.5 288.91876220703125 291.39373779296875 293.943756103515625 293.45001220703125 291.125 286.068756103515625 282.20001220703125 281.774993896484375 284.056243896484375 290.64373779296875 298.587493896484375 306.45623779296875 315.08123779296875 323.90625 333.83123779296875 343.306243896484375 352.818756103515625 363.64373779296875 375.86248779296875 386.756256103515625 392.45623779296875 399.3125 403.04998779296875 401.39373779296875 398.899993896484375 399.89373779296875 397.70001220703125 397.381256103515625 402.20001220703125 411.40625
252.8937530517578125 254.431243896484375 256.681243896484375 258.51873779296875 257.82501220703125 255.506256103515625 253.625 252.21875 252.1999969482421875 256.318756103515625 263.09375 270.475006103515625 279.89373779296875 289.381256103515625 293.88751220703125 296.82501220703125 298.42498779296875 298.774993896484375 297.381256103515625 295.5625 291.26251220703125 287.75 286.618743896484375 290.36248779296875 295.899993896484375 303.38751220703125 310.58123779296875 317.056243896484375 325.61248779296875 337.875 347.96875 357.118743896484375 369.568756103515625 383.54376220703125 394.65625 402.475006103515625 409.51873779296875 414.57501220703125 413.037506103515625 417.32501220703125 420.48126220703125 421.899993896484375 425.875 435.056243896484375 452.6875
253.5812530517578125 254.2687530517578125 255.1125030517578125 255.6750030517578125 253.274993896484375 251.125 249.306243896484375 247.3562469482421875 247.975006103515625 251.6125030517578125 259.875 272.524993896484375 285.95623779296875 296.71875 301.51873779296875 303.57501220703125 305.649993896484375 305.45001220703125 302.26251220703125 299.0625 295.475006103515625 292.556243896484375 291.51873779296875 294.587493896484375 299.60626220703125 305.662506103515625 311.962493896484375 319.26251220703125 328.65625 340.287506103515625 352.537506103515625 363.36248779296875 376.306243896484375 391.79376220703125 404.33123779296875 412.787506103515625 419.64373779296875 423.912506103515625 427.03125 432.91876220703125 437.225006103515625 442.35626220703125 450.38751220703125 462.73126220703125 482.65625
255.625 254.618743896484375 254.318756103515625 252.806243896484375 250.181243896484375 247.9875030517578125 244.8562469482421875 242.2937469482421875 241.0500030517578125 245.618743896484375 257.125 273.587493896484375 292.67498779296875 306.76251220703125 310.931243896484375 311.4375 312.11248779296875 310.03125 306.287506103515625 301.100006103515625 298.556243896484375 296.07501220703125 295.16876220703125 297.412506103515625 301.993743896484375 306.08123779296875 313.131256103515625 321.10626220703125 330.318756103515625 342.14373779296875 355.587493896484375 369.149993896484375 383.70623779296875 398.73126220703125 411.76251220703125 420.40625 426.381256103515625 434.90625 439.8125 444.631256103515625 450.60626220703125 456.193756103515625 466.018768310546875 478.462493896484375 494.54376220703125
259.28125 257.162506103515625 255.8125 253.4187469482421875 250.2687530517578125 246.2624969482421875 242.6750030517578125 238.100006103515625 235.0749969482421875 237.9875030517578125 251.350006103515625 272.993743896484375 296.212493896484375 312.568756103515625 317.537506103515625 318.350006103515625 317.556243896484375 314.412506103515625 309.71875 303.86248779296875 300.431243896484375 298.649993896484375 297.01251220703125 298.03125 301.54376220703125 306.03125 312.475006103515625 320.337493896484375 329.82501220703125 342.462493896484375 357.725006103515625 372.16876220703125 388.63751220703125 404.73126220703125 418.03125 424.899993896484375 434.306243896484375 441.125 443.48126220703125 448.431243896484375 454.8125 461.475006103515625 469.89373779296875 481.693756103515625 492.899993896484375
263.04998779296875 260.45001220703125 257.662506103515625 254.6687469482421875 251.03125 246.8249969482421875 243.2624969482421875 237.28125 231.0500030517578125 228.243743896484375 245.9562530517578125 277.51251220703125 301.975006103515625 316.04998779296875 322.175018310546875 323.82501220703125 322.868743896484375 318.712493896484375 312.993743896484375 306.03125 302.70623779296875 299.243743896484375 297.600006103515625 297.993743896484375 301.01873779296875 305.524993896484375 311.850006103515625 320.11248779296875 329.41876220703125 343.41876220703125 359.524993896484375 375.21875 393.29998779296875 410.662506103515625 424.431243896484375 431.6875 438.850006103515625 443.568756103515625 446.34375 449.36248779296875 452.806243896484375 459.100006103515625 468.993743896484375 479.07501220703125 486.90625
266.70001220703125 263.587493896484375 260.11248779296875 257.287506103515625 253.8874969482421875 250.875 247.037506103515625 241.7624969482421875 236.431243896484375 231.4499969482421875 262.17498779296875 294.95001220703125 312.475006103515625 322.475006103515625 327.943756103515625 329.287506103515625 327.412506103515625 323.306243896484375 317.381256103515625 309.71875 304.850006103515625 299.837493896484375 297.01873779296875 297.037506103515625 299.60626220703125 304.225006103515625 309.98748779296875 318.006256103515625 327.63751220703125 343.40625 359.850006103515625 375.29376220703125 393.962493896484375 412.649993896484375 426.787506103515625 433.78125 438.118743896484375 442.57501220703125 445.3125 446.83123779296875 448.131256103515625 455.118743896484375 462.26873779296875 468.6875 476.20001220703125
271.04998779296875 265.875 263.01251220703125 260.21875 257.54376220703125 255.34375 252.662506103515625 252.287506103515625 256.79376220703125 273.375 309.98126220703125 320.34375 325.506256103515625 331.175018310546875 334.725006103515625 334.712493896484375 333.25 327.431243896484375 320.1875 312.23748779296875 304.5 298.48126220703125 295.20623779296875 295.10626220703125 297.181243896484375 301.462493896484375 307.95001220703125 316.274993896484375 326.45001220703125 342.6875 357.95001220703125 372.08123779296875 387.806243896484375 402.193756103515625 417.64373779296875 423.70623779296875 426.45001220703125 430.462493896484375 431.45001220703125 430.36248779296875 431.25 435.86248779296875 440.48126220703125 447.3125 453.45001220703125
275.8125 270.274993896484375 266.76873779296875 263.162506103515625 262.23126220703125 261.90625 261.92498779296875 266.337493896484375 276.92498779296875 295.54376220703125 317.39373779296875 330.193756103515625 335.4375 339.84375 341.54998779296875 341.556243896484375 339.54998779296875 333.368743896484375 323.681243896484375 313.899993896484375 302.51251220703125 295.79376220703125 291.9375 291.63751220703125 294.225006103515625 298.23748779296875 305.36248779296875 314.725006103515625 324.65625 339.381256103515625 352.96875 367.431243896484375 382.475006103515625 394.34375 404.318756103515625 409.3125 411.600006103515625 414.181243896484375 413.82501220703125 411.587493896484375 412.162506103515625 415.14373779296875 417.45001220703125 422.29998779296875 427.79376220703125
