data/historical-monthly-weather-data/wc2.1_cruts4.09_10m_prec_2009-09.asc
ncols        51
nrows        45
xllcorner    -63.500000000000
yllcorner    -7.500000000000
cellsize     0.166666666667
NODATA_value -9999
[rows 0 to 18 of 45, columns 0 to 43 of 51]
108.3874969482421875 103.24375152587890625 99.99375152587890625 98.65000152587890625 95.91249847412109375 92.58750152587890625 87.0437469482421875 81.03749847412109375 77.24375152587890625 73.97499847412109375 72.1062469482421875 72.7624969482421875 73.71250152587890625 74.05625152587890625 76.77500152587890625 79.25 82.43125152587890625 84.1687469482421875 86.5124969482421875 87.6374969482421875 86.91249847412109375 84.46250152587890625 82.83750152587890625 81.77500152587890625 80.41249847412109375 80.55625152587890625 82.7624969482421875 85.0812530517578125 85.7312469482421875 84.21250152587890625 81.5500030517578125 79.8125 79.40625 77.63124847412109375 76.5625 76.18125152587890625 76.71250152587890625 77.08750152587890625 76.99375152587890625 77.1374969482421875 77.53749847412109375 78.125 77.9562530517578125 78.16249847412109375
104.2687530517578125 99.4250030517578125 98.3937530517578125 99.125 99.9875030517578125 94.5625 88 83.4375 79.2937469482421875 75.375 72.7687530517578125 72.58750152587890625 72.83750152587890625 72.34375 74.53749847412109375 77.2624969482421875 79.6125030517578125 83.15625 86.75 89.46250152587890625 88.21250152587890625 86.93125152587890625 85.0749969482421875 84.0749969482421875 81.6999969482421875 81 83.0749969482421875 85.05625152587890625 84.56874847412109375 82.08750152587890625 78.9812469482421875 77.1374969482421875 75.8125 75.06874847412109375 74.1750030517578125 73.8937530517578125 74.4562530517578125 75.25 75.0437469482421875 75.19374847412109375 75.72499847412109375 76.4812469482421875 77.06874847412109375 76.65000152587890625
97.6125030517578125 94.5625 93.63124847412109375 94.4375 94.6750030517578125 91.3312530517578125 86.2312469482421875 81.8937530517578125 78.4812469482421875 75.0437469482421875 72.4562530517578125 71.93125152587890625 71.90625 71.11875152587890625 72.7687530517578125 75.53749847412109375 77.46875 80.0749969482421875 82.5749969482421875 84.46875 82.875 80.8125 79.1437530517578125 78.3562469482421875 76.46875 75.36875152587890625 78.4187469482421875 79.9562530517578125 79.90625 77.15000152587890625 73.65625 71.55625152587890625 71.30625152587890625 70.6125030517578125 69.97499847412109375 69.65000152587890625 70.3249969482421875 71.4499969482421875 71.96250152587890625 72.7687530517578125 73.8249969482421875 74.2687530517578125 75.27500152587890625 75.375
89.2687530517578125 87.15625 88.75 88.05625152587890625 87.2937469482421875 85.1437530517578125 82.31874847412109375 80.2624969482421875 77.8312530517578125 75.1125030517578125 72.25624847412109375 71.5 70.25624847412109375 69.75624847412109375 71.3562469482421875 73.7062530517578125 75.72499847412109375 76.97499847412109375 78.71250152587890625 79.78749847412109375 77.5437469482421875 74.1437530517578125 71.4187469482421875 70.8000030517578125 69.0625 68.58750152587890625 71.1062469482421875 72.0500030517578125 72.8937530517578125 70.8125 68.11875152587890625 65.52500152587890625 64.7687530517578125 64.2375030517578125 63.456249237060546875 64.8000030517578125 66.31874847412109375 67.6125030517578125 68.875 69.65000152587890625 70.55625152587890625 71.0749969482421875 71.9562530517578125 72.6437530517578125
90.21250152587890625 85.6062469482421875 82.1125030517578125 80.7312469482421875 81.09375 80.22499847412109375 78.40625 77.40625 76.33750152587890625 74.1437530517578125 71.5124969482421875 69.78749847412109375 68.94374847412109375 69.0437469482421875 70.625 72.59999847412109375 74.0437469482421875 73.84999847412109375 73.90625 73.1750030517578125 71.125 66.59375 63.91249847412109375 63.325000762939453125 62.043750762939453125 61.68125152587890625 63.231250762939453125 65.1750030517578125 66.1750030517578125 63.868747711181640625 61.61875152587890625 58.862499237060546875 57.90625 57.81874847412109375 57.831249237060546875 58.9375 60.625 62.75 64.63124847412109375 65.9875030517578125 67.16249847412109375 67.49375152587890625 67.91249847412109375 69.13124847412109375
90.36249542236328125 85.25624847412109375 80.21250152587890625 74.7937469482421875 75.19374847412109375 76.8937530517578125 76.125 74.49375152587890625 73.4812469482421875 72.24375152587890625 69.625 68.1125030517578125 67.6374969482421875 67.99375152587890625 68.9250030517578125 70.84375 71.78749847412109375 69.93125152587890625 68.3249969482421875 66.7687530517578125 63.581249237060546875 59.80625152587890625 56.96250152587890625 55.97499847412109375 55.393749237060546875 54.875 56.375 58.606250762939453125 59.52500152587890625 57.30625152587890625 55.24375152587890625 54.22499847412109375 53.268749237060546875 52.768749237060546875 52.375 54.09999847412109375 55.78749847412109375 58.387500762939453125 60.981250762939453125 62.59999847412109375 62.393749237060546875 62.83750152587890625 63.418750762939453125 65.06874847412109375
91.7937469482421875 86.7687530517578125 81.36875152587890625 75.77500152587890625 73.33750152587890625 72.30625152587890625 72.0437469482421875 71.09999847412109375 69.6125030517578125 67.8125 66.2937469482421875 65.8312530517578125 66.1125030517578125 66.46250152587890625 67.34375 68.7624969482421875 69.34375 66.71250152587890625 63.22499847412109375 59.77500152587890625 56.231250762939453125 52.84999847412109375 49.66249847412109375 48.75 48.59375 48.53125 50.18125152587890625 52.30625152587890625 52.987499237060546875 50.99375152587890625 49.481250762939453125 48.174999237060546875 47.625 47.40000152587890625 47.200000762939453125 48.262500762939453125 50.043750762939453125 53.200000762939453125 56.97499847412109375 57.69374847412109375 57.518749237060546875 57.49375152587890625 58.174999237060546875 60.143749237060546875
93.56874847412109375 88.28749847412109375 82.83750152587890625 78.65000152587890625 75.84375 74.47499847412109375 71.4812469482421875 67.1062469482421875 64.3312530517578125 63.168750762939453125 63.012500762939453125 63.58750152587890625 64.4875030517578125 65.0124969482421875 65.9499969482421875 66.09375 65.9812469482421875 62.49375152587890625 57.893749237060546875 52.450000762939453125 49.237499237060546875 45.987499237060546875 43.137500762939453125 42.1875 41.981250762939453125 42.081249237060546875 43.581249237060546875 45.31874847412109375 46.53125 45.018749237060546875 43.825000762939453125 42.74375152587890625 42.143749237060546875 42.05625152587890625 41.487499237060546875 42.30625152587890625 43.8125 46.125 48.612499237060546875 49.893749237060546875 50.09375 50.15000152587890625 51 52.5
95.875 90.97499847412109375 86.21250152587890625 81.86875152587890625 78.68125152587890625 76.2687530517578125 73.0749969482421875 68.5812530517578125 64.72499847412109375 61.893749237060546875 61.762500762939453125 62.612499237060546875 64.46875 64.7937469482421875 64 62.44374847412109375 60.674999237060546875 56.83750152587890625 52.55625152587890625 47.16249847412109375 43.59999847412109375 40.90625 37.78749847412109375 37.512500762939453125 37.09999847412109375 36.93125152587890625 38.481250762939453125 40.481250762939453125 42.13124847412109375 40.893749237060546875 40.293750762939453125 38.606250762939453125 37.25624847412109375 36.1875 35.625 36.831249237060546875 38.22499847412109375 39.61875152587890625 41.174999237060546875 42.31874847412109375 42.731250762939453125 42.81874847412109375 43.71250152587890625 45.13124847412109375
97.1125030517578125 92.5812530517578125 88.19374847412109375 84 81.21875 78.6875 75.28749847412109375 70.46875 67.1125030517578125 64.6062469482421875 63.231250762939453125 63.299999237060546875 64.66249847412109375 65.3125 62.03749847412109375 58.731250762939453125 54.69374847412109375 50.58750152587890625 46.450000762939453125 42.043750762939453125 38.90625 35.88124847412109375 32.950000762939453125 32.52500152587890625 31.943750381469726562 31.924999237060546875 33.606250762939453125 35.612499237060546875 37.31874847412109375 36.875 35.75 34.21875 32.731250762939453125 31.8125 31.131250381469726562 31.84375 32.96875 33.887500762939453125 34.700000762939453125 35.59999847412109375 36.03125 36.418750762939453125 36.237499237060546875 37.22499847412109375
99.80625152587890625 95.1125030517578125 90.81874847412109375 86.5187530517578125 83.3625030517578125 81.44374847412109375 78.0625 72.24375152587890625 68.5124969482421875 66.18125152587890625 64.9187469482421875 65.1437530517578125 65.22499847412109375 64.65625 59.40000152587890625 53.987499237060546875 48.299999237060546875 44.206249237060546875 40.31874847412109375 36.625 34.52500152587890625 31.868749618530273438 29.0625 27.512500762939453125 27.443750381469726562 28.299999237060546875 30.100000381469726562 31.681249618530273438 32.875 32.53749847412109375 31.787500381469726562 30.537500381469726562 29.100000381469726562 27.868749618530273438 27.03125 27.375 28.043750762939453125 28.5625 29.524999618530273438 29.881250381469726562 29.868749618530273438 29.981250762939453125 30.462499618530273438 30.575000762939453125
101.6750030517578125 96.9562530517578125 92.75624847412109375 89.15000152587890625 85.8874969482421875 83.77500152587890625 80.96875 75.4375 71.1875 68.2687530517578125 66.84999847412109375 65.84999847412109375 63.268749237060546875 60.46875 55.674999237060546875 49.862499237060546875 44.41249847412109375 40.11875152587890625 36.55625152587890625 33.75 32.25 29.6875 26.806249618530273438 25.149999618530273438 24.787500381469726562 25.231250762939453125 26.725000381469726562 28.25 29.149999618530273438 28.956249237060546875 28.3125 27.287500381469726562 25.9375 24.962499618530273438 24.418748855590820312 24.606248855590820312 24.931249618530273438 25.287500381469726562 25.368749618530273438 25.131250381469726562 24.78125 24.643749237060546875 25.049999237060546875 25.018749237060546875
102.8249969482421875 98.0749969482421875 93.625 89.33750152587890625 85.6437530517578125 83.375 80.1062469482421875 75.2624969482421875 72.34375 70.0437469482421875 67.96875 65.3312530517578125 61.375 55.737499237060546875 50.21250152587890625 45.27500152587890625 40.1875 36.424999237060546875 33.268749237060546875 30.600000381469726562 29.375 27.268749237060546875 24.575000762939453125 23.268749237060546875 22.287500381469726562 22.387500762939453125 24.018749237060546875 25.537500381469726562 26.53125 26.21875 25.337499618530273438 24.368749618530273438 23.225000381469726562 22.037500381469726562 21.418750762939453125 21.831249237060546875 22.606250762939453125 23.162500381469726562 23.481250762939453125 22.34375 21.056249618530273438 21.206249237060546875 21.200000762939453125 19.443750381469726562
103.03749847412109375 97.9562530517578125 92.86875152587890625 88.34375 84.6750030517578125 81.5500030517578125 78.1125030517578125 74.5500030517578125 72.08750152587890625 70.4499969482421875 67.81874847412109375 62.61875152587890625 57.237499237060546875 51.049999237060546875 44.77500152587890625 40.4375 35.9375 32.44374847412109375 29.375 27.012500762939453125 25.737499237060546875 23.793750762939453125 21.837499618530273438 21.424999237060546875 20.887500762939453125 20.743749618530273438 22.006250381469726562 23.181249618530273438 23.862499237060546875 23.625 23.237499237060546875 22.206249237060546875 20.893749237060546875 19.700000762939453125 19.181249618530273438 20.018749237060546875 21.287500381469726562 22.6875 23.418750762939453125 22.787500381469726562 19.96875 18.431249618530273438 18.424999237060546875 18.268749237060546875
101.59999847412109375 95.9187469482421875 90.65000152587890625 86.1999969482421875 82.56874847412109375 78.38124847412109375 75.68125152587890625 72.18125152587890625 69.75624847412109375 68.49375152587890625 65.2937469482421875 59.38124847412109375 53.168750762939453125 46.8125 40.575000762939453125 35.950000762939453125 32.15000152587890625 29.350000381469726562 26.46875 24.356250762939453125 23.287500381469726562 21.912500381469726562 20.543750762939453125 20.743749618530273438 21.018749237060546875 21.106250762939453125 21.962499618530273438 22.462499618530273438 22.631250381469726562 22.456249237060546875 21.543750762939453125 20.575000762939453125 19.53125 18.256250381469726562 17.287500381469726562 18.637500762939453125 21.162500381469726562 24.25 26.40625 25.818750381469726562 23.743749618530273438 21.549999237060546875 20.71875 19.71875
98.9875030517578125 93.0500030517578125 88.34999847412109375 83.78749847412109375 79.38124847412109375 76.25 73.15625 69.7312469482421875 67.7062530517578125 66.34375 62.96875 56.200000762939453125 49.40000152587890625 43.05625152587890625 37.28125 32.16249847412109375 28.674999237060546875 26.537500381469726562 24.043750762939453125 22.274999618530273438 21.225000381469726562 20.412500381469726562 19.806249618530273438 20.65625 21.299999237060546875 21.293750762939453125 21.762500762939453125 22.112499237060546875 22.21875 21.768751144409179688 21.381250381469726562 20.168750762939453125 18.6875 17.581249237060546875 16.34375 18.506250381469726562 22.212499618530273438 25.762500762939453125 29.456249237060546875 30.168750762939453125 29.431249618530273438 26.125 23.100000381469726562 20.65625
95 89.61875152587890625 85.49375152587890625 81.1687469482421875 76.7312469482421875 73.8874969482421875 70.83750152587890625 67.8937530517578125 65.7937469482421875 63.831249237060546875 60.75 53.637500762939453125 46.125 39.543750762939453125 34.737499237060546875 30.206249237060546875 25.9375 23.818750381469726562 22.043750762939453125 20.387498855590820312 19.4375 18.9375 18.962499618530273438 20.518749237060546875 21.625 21.293750762939453125 21.556249618530273438 21.825000762939453125 21.943750381469726562 21.75 21.850000381469726562 21.600000381469726562 19.837499618530273438 18.399999618530273438 18.549999237060546875 20.443750381469726562 23.731250762939453125 29.137500762939453125 35.325000762939453125 34.65625 32.09375 28.0625 23.899999618530273438 21.462499618530273438
90.52500152587890625 85.5625 80.8125 76.5625 72.8125 70 66.6999969482421875 63.46250152587890625 61.90000152587890625 59.799999237060546875 56.90000152587890625 50.34999847412109375 43.356250762939453125 37.231250762939453125 32.68125152587890625 28.681249618530273438 24.793750762939453125 21.706249237060546875 20.412500381469726562 18.806249618530273438 18.09375 17.524999618530273438 17.75 19.587499618530273438 21.03125 20.993749618530273438 21.612499237060546875 21.956249237060546875 21.9375 21.618749618530273438 21.643749237060546875 21.518749237060546875 21.981250762939453125 22.256250381469726562 21.518749237060546875 22.075000762939453125 26.043750762939453125 30.950000762939453125 34.66249847412109375 34.63124847412109375 31.037500381469726562 27.15625 23.693750381469726562 22.100000381469726562
85.84999847412109375 80.7312469482421875 75.9499969482421875 72.1437530517578125 68.22499847412109375 65.5 62.237499237060546875 59.61875152587890625 58.049999237060546875 56.25624847412109375 53.5625 47.30625152587890625 40.77500152587890625 35.262500762939453125 30.806249618530273438 27.356250762939453125 23.987499237060546875 20.84375 18.8125 17.34375 17.043750762939453125 17.462499618530273438 16.337499618530273438 17.987499237060546875 19.706249237060546875 20.818750381469726562 21.887500762939453125 22.256250381469726562 22.799999237060546875 22.424999237060546875 22.181249618530273438 23.831251144409179688 26.125 26.40625 26.081249237060546875 26.725000381469726562 28.643749237060546875 30.712499618530273438 32.331249237060546875 31.581249237060546875 28.799999237060546875 25.762500762939453125 23.274999618530273438 22.131250381469726562
