data/historical-monthly-weather-data/wc2.1_cruts4.09_10m_prec_1953-10.asc
ncols        45
nrows        45
xllcorner    -63.500000000000
yllcorner    -7.500000000000
cellsize     0.166666666667
NODATA_value -9999
[rows 20 to 39 of 45, columns 0 to 43 of 45]
127.3625030517578125 129.0625 132.84375 136.475006103515625 139.899993896484375 144.25 148.625 151.462493896484375 152.625 151.2062530517578125 147.8937530517578125 141.96875 135.962493896484375 129.65625 127.0812530517578125 125.08750152587890625 122.8562469482421875 123.3249969482421875 127.0437469482421875 130.943756103515625 140.649993896484375 152.912506103515625 165.46875 175.6750030517578125 184.2375030517578125 188.34375 184.96875 175.475006103515625 165.462493896484375 157.03125 151.3000030517578125 151.787506103515625 157 164.84375 173.443756103515625 170.78125 166.8874969482421875 167.4375 168.3562469482421875 169.243743896484375 168.787506103515625 164.4875030517578125 156.375 148.087493896484375
119.7624969482421875 123.3937530517578125 128.5124969482421875 133.375 138.2312469482421875 143.850006103515625 148.993743896484375 153.162506103515625 155.475006103515625 153.7375030517578125 149.34375 142.850006103515625 136.53125 131.2687530517578125 128.056243896484375 126.0749969482421875 124.8874969482421875 125.8562469482421875 128.7375030517578125 132.8937530517578125 140.3562469482421875 150.8249969482421875 162.6875 171.6374969482421875 178.5812530517578125 183.2312469482421875 183.118743896484375 178.350006103515625 173.4875030517578125 168.587493896484375 164.806243896484375 164.662506103515625 169.181243896484375 176.3874969482421875 181.524993896484375 180.9375 176.943756103515625 174.25 173.068756103515625 173.274993896484375 172.34375 168.399993896484375 162.6437530517578125 155.28125
114.28749847412109375 119.8000030517578125 126.00624847412109375 131.6875 136.568756103515625 142.7687530517578125 148.962493896484375 154.818756103515625 159.274993896484375 156.381256103515625 151.056243896484375 143.649993896484375 137.993743896484375 133.850006103515625 130.5124969482421875 128.193756103515625 127.0124969482421875 128.8249969482421875 131.4250030517578125 134.899993896484375 142.4250030517578125 150.7624969482421875 160.131256103515625 168.53125 175.0500030517578125 178.2062530517578125 180.350006103515625 181.162506103515625 178.9875030517578125 176.8312530517578125 175.993743896484375 176.9375 180.2937469482421875 185.868743896484375 189.399993896484375 188.375 184.7624969482421875 180.15625 178.1999969482421875 179.975006103515625 179.962493896484375 176.3874969482421875 171.149993896484375 164
110.9812469482421875 117.96250152587890625 125.40000152587890625 130.256256103515625 134.7312469482421875 140.962493896484375 147 153.375 157.5749969482421875 155.493743896484375 150.1374969482421875 144.2624969482421875 139.556243896484375 136.03125 133.53125 131.5187530517578125 130.7937469482421875 132.5187530517578125 134.8249969482421875 137.806243896484375 144.875 153.0124969482421875 160.25 167.381256103515625 172.625 174.274993896484375 174.9250030517578125 179.0500030517578125 182.2062530517578125 183.006256103515625 183.75 185.1999969482421875 188.912506103515625 193.256256103515625 196.6687469482421875 197.4937591552734375 195.181243896484375 190.7687530517578125 189.600006103515625 190.381256103515625 190.368743896484375 186.9250030517578125 181.28125 173.537506103515625
111.34999847412109375 118.11875152587890625 125.61875152587890625 129.087493896484375 132.78125 138.5187530517578125 144 149.0500030517578125 152.2937469482421875 152.1750030517578125 149.5437469482421875 145.3187408447265625 141.9250030517578125 139.2375030517578125 137.0749969482421875 135.806243896484375 135.1437530517578125 136.9187469482421875 139.037506103515625 141.9250030517578125 148.2562408447265625 154.5 161.5812530517578125 167.7937469482421875 173.0625 177.28125 178.662506103515625 182.40625 186.3125 188.0625 189.193756103515625 189.993743896484375 195.1125030517578125 199.3625030517578125 203.40625 204.631256103515625 205.3937530517578125 205.131256103515625 203.8562469482421875 204.8562469482421875 204.587493896484375 200.350006103515625 193.9749908447265625 187.149993896484375
112.58750152587890625 117.96875 122.625 126.5749969482421875 129.712493896484375 134.875 139.9187469482421875 144.4250030517578125 147.90625 149.4812469482421875 147.7062530517578125 145.78125 143.59375 141.8562469482421875 140.8562469482421875 139.96875 139.9187469482421875 141.431243896484375 143.631256103515625 146.306243896484375 152.0812530517578125 157.493743896484375 163.7062530517578125 170.09375 176.125 181.5187530517578125 184.3874969482421875 187.3125 190.7375030517578125 192.774993896484375 192.59375 194.71875 200.7624969482421875 205.350006103515625 210.6750030517578125 213.4562530517578125 216.162506103515625 219.0187530517578125 219.399993896484375 220.6750030517578125 220.881256103515625 216.587493896484375 209.506256103515625 202.6999969482421875
112.28749847412109375 113.75624847412109375 117.4187469482421875 120.9187469482421875 124.06874847412109375 129.6750030517578125 134.787506103515625 139.5187530517578125 142.8937530517578125 144.71875 145.9187469482421875 145.8937530517578125 145.475006103515625 145.1687469482421875 144.4812469482421875 144.40625 144.09375 146.1437530517578125 148.149993896484375 150.537506103515625 155.90625 160.7062530517578125 166.0187530517578125 173.6875 179.3874969482421875 185.056243896484375 187.787506103515625 190.59375 194.056243896484375 195.568756103515625 196.8249969482421875 197.8312530517578125 205.350006103515625 211.9562530517578125 217.756256103515625 222.725006103515625 227.568756103515625 232.3125 235.056243896484375 238.8874969482421875 240.6125030517578125 237.5500030517578125 231.4375 224.5124969482421875
110.77500152587890625 109.4812469482421875 112.26874542236328125 115.5625 118.6750030517578125 124.3125 130.068756103515625 134.774993896484375 138.443756103515625 141.568756103515625 143.662506103515625 145.318756103515625 147.0812530517578125 147.7375030517578125 147.993743896484375 148.3937530517578125 149.0187530517578125 150.4187469482421875 152.71875 155.6374969482421875 159.962493896484375 164.118743896484375 169.65625 176.3562469482421875 182.243743896484375 188.2375030517578125 191.5749969482421875 194.5812530517578125 196.6999969482421875 197.9499969482421875 198.493743896484375 200.40625 209.100006103515625 217.15625 225.8249969482421875 231.7687530517578125 237.6437530517578125 245.6875 250.162506103515625 257 263.681243896484375 260.78125 253 248.287506103515625
109.1062469482421875 105.77500152587890625 107.5625 110.7937469482421875 113.90000152587890625 119.16249847412109375 124.63124847412109375 129.8874969482421875 134.318756103515625 138.693756103515625 142.3562469482421875 145.4562530517578125 148.3562469482421875 150.2687530517578125 151.5625 152.3874969482421875 153.75 155.337493896484375 157.3937530517578125 160.212493896484375 163.712493896484375 167.6374969482421875 172.4499969482421875 178.6875 184.493743896484375 190.84375 194.1750030517578125 196.9499969482421875 200.162506103515625 200.71875 200.34375 202.4187469482421875 212.2687530517578125 222.024993896484375 232.15625 240.15625 247.7062530517578125 256.318756103515625 261.63751220703125 270.03125 280.07501220703125 277.850006103515625 271.125 270.912506103515625
109.15000152587890625 104.6687469482421875 105.53749847412109375 107.31874847412109375 109.96250152587890625 114.5625 120.1999969482421875 125.9812469482421875 131.5187530517578125 136.25 141.375 145.25 149.71875 153.0500030517578125 154.78125 156.6687469482421875 157.75 160.1750030517578125 161.9562530517578125 163.625 167.162506103515625 170.7062530517578125 174.5 179.5500030517578125 185.399993896484375 192.09375 195.1437530517578125 197.4499969482421875 199.712493896484375 201.006256103515625 202.337493896484375 205.131256103515625 215.5437469482421875 227.024993896484375 237.78125 246.7937469482421875 255.28125 265.524993896484375 268.881256103515625 275.443756103515625 284.86248779296875 289.125 287.837493896484375 292.58123779296875
109.08750152587890625 103.47499847412109375 103.69374847412109375 104.15000152587890625 106.15625 111.34375 116.90000152587890625 122.81874847412109375 128.587493896484375 134.0187530517578125 140.3249969482421875 145.774993896484375 151.837493896484375 156.40625 158.2624969482421875 160.662506103515625 162.881256103515625 164.6687469482421875 166.2312469482421875 168.006256103515625 170.4250030517578125 173.431243896484375 176.6687469482421875 180.962493896484375 186.1999969482421875 191.756256103515625 194.6062469482421875 196.743743896484375 198.725006103515625 200.8312530517578125 203.8625030517578125 207.818756103515625 219.03125 231.75 243.600006103515625 252.568756103515625 262.51251220703125 273.743743896484375 275.806243896484375 275.21875 285.35626220703125 296.068756103515625 302.868743896484375 308.63751220703125
108.63124847412109375 102.28125 101.3937530517578125 101.8562469482421875 103.9812469482421875 108.25624847412109375 113.6125030517578125 119.5625 125.78125 132.0749969482421875 138.943756103515625 145.9187469482421875 152.65625 158.8375091552734375 162.28125 165.15625 167.0124969482421875 168.006256103515625 170.34375 171.931243896484375 173.618743896484375 175.787506103515625 178.4187469482421875 181.6750030517578125 186.34375 190.78125 193.287506103515625 195.375 197.1750030517578125 200.850006103515625 205.0124969482421875 209.631256103515625 221.875 236.1125030517578125 248.087493896484375 258.4375 269.600006103515625 281.28125 281.850006103515625 283.64373779296875 295.587493896484375 308.88751220703125 317.66876220703125 326.931243896484375
111.4562530517578125 105.0749969482421875 103.5 103.4499969482421875 104.1437530517578125 107.55625152587890625 111.78125 116.56874847412109375 122.69374847412109375 129.6125030517578125 138.943756103515625 146.40625 154.912506103515625 163.0749969482421875 166.7687530517578125 169.318756103515625 170.6999969482421875 171.8249969482421875 173.4812469482421875 174.8625030517578125 175.9499969482421875 177.4562530517578125 179.0812530517578125 181.912506103515625 185.25 188.59375 190.774993896484375 192.28125 194.28125 200.0500030517578125 205.556243896484375 211.774993896484375 223.1125030517578125 238.09375 252.7937469482421875 266.15625 277.70623779296875 288.0625 291.54998779296875 300.39373779296875 313.443756103515625 325.587493896484375 336.29376220703125 346.33123779296875
113.9875030517578125 108.27500152587890625 106.3874969482421875 105.5 104.59375 107.1062469482421875 110.1750030517578125 113.98125457763671875 119.4562530517578125 126.83750152587890625 135.8874969482421875 146.443756103515625 157.8874969482421875 166.09375 170.71875 173.149993896484375 174.65625 175.8312530517578125 176.28125 177.837493896484375 178.225006103515625 178.8625030517578125 179.7937469482421875 180.774993896484375 183.4187469482421875 185.7937469482421875 187.100006103515625 188.399993896484375 190.868743896484375 197.8937530517578125 205.681243896484375 213.993743896484375 227.181243896484375 241.2624969482421875 257.743743896484375 271.993743896484375 284.100006103515625 295.51873779296875 303.556243896484375 315.5625 327.5625 340.23126220703125 354.23748779296875 366.662506103515625
116.74375152587890625 111.8937530517578125 109.0187530517578125 107.40625 105.61875152587890625 107.09375 108.94374847412109375 111.875 116.3249969482421875 123.53125 133.524993896484375 146.0187530517578125 159.78125 170.7375030517578125 174.149993896484375 176.6062469482421875 178.381256103515625 179.118743896484375 179.46875 179.850006103515625 179.975006103515625 179.600006103515625 179.756256103515625 179.3312530517578125 180.6687469482421875 182.056243896484375 183.4375 185.2062530517578125 187.743743896484375 195.75 204.787506103515625 215.2062530517578125 229.3249969482421875 245.193756103515625 261.07501220703125 274.756256103515625 287.63751220703125 302.806243896484375 313.381256103515625 325.649993896484375 338.649993896484375 350.53125 365.587493896484375 378.868743896484375
121.1062469482421875 116.5812530517578125 114.1437530517578125 111.8000030517578125 109.84999847412109375 110.59375 111.13124847412109375 112.5124969482421875 115.71250152587890625 121.25 131.399993896484375 144.912506103515625 160.25 171.84375 176.40625 179.0500030517578125 180.7062530517578125 181.506256103515625 181.6437530517578125 181.318756103515625 181.0812530517578125 180.53125 179 177.993743896484375 178.162506103515625 178.306243896484375 179.306243896484375 181.0124969482421875 183.6125030517578125 192.962493896484375 202.8625030517578125 214.024993896484375 228.4812469482421875 245.350006103515625 260.149993896484375 272.6875 288.931243896484375 303.08123779296875 314.462493896484375 326.64373779296875 340.57501220703125 352.774993896484375 363.29998779296875 376.931243896484375
125.71250152587890625 121.6687469482421875 119.2687530517578125 117.03125 114.96875 114.56874847412109375 113.96250152587890625 113.90625 115.38124847412109375 118.0625 128.631256103515625 145.712493896484375 160.0625 170.75 176.8125 180.662506103515625 182.5124969482421875 183.2375030517578125 182.631256103515625 181.59375 180.693756103515625 179.337493896484375 177.8937530517578125 175.75 174.6437530517578125 174.21875 174.8125 176.524993896484375 179.7062530517578125 189.6687469482421875 200.9499969482421875 212.024993896484375 228.125 245.006256103515625 258.5 273.04376220703125 288.23748779296875 303.51873779296875 314.79376220703125 326.0625 339.09375 348.09375 359.443756103515625 373.068756103515625
129.712493896484375 126.27500152587890625 123.9250030517578125 121.88124847412109375 120.0124969482421875 118.90000152587890625 118.25624847412109375 117.47499847412109375 118.49375152587890625 119.15625 133.181243896484375 150.225006103515625 162.0749969482421875 171.975006103515625 177.899993896484375 182.0812530517578125 184.0124969482421875 184.2624969482421875 183.556243896484375 181.6999969482421875 179.7874908447265625 177.0749969482421875 174.96875 172.024993896484375 170.8000030517578125 169.912506103515625 170.131256103515625 171.8562469482421875 175.1125030517578125 186.056243896484375 197.149993896484375 209.59375 225.9499969482421875 242.037506103515625 256.79998779296875 269.85626220703125 285.79376220703125 299.76251220703125 312.693756103515625 324.73748779296875 334.006256103515625 343.85626220703125 352.106231689453125 362.537506103515625
130.118743896484375 127.24375152587890625 125.94374847412109375 124.59999847412109375 123.3125 122.8249969482421875 122.83750152587890625 124.13124847412109375 127.38124847412109375 135.2437591552734375 150.306243896484375 159.6875 167.0437469482421875 174.6125030517578125 180.2687530517578125 184.274993896484375 186.0437469482421875 185.53125 183.443756103515625 181.524993896484375 177.725006103515625 174.068756103515625 171.5187530517578125 168.6374969482421875 166.7062530517578125 166.3937530517578125 167.5 169.806243896484375 172.912506103515625 182.912506103515625 194.4499969482421875 205.9375 220.0437469482421875 234.3125 249.7937469482421875 263.76251220703125 276.568756103515625 289.95623779296875 301.850006103515625 309.274993896484375 318.79998779296875 327.04376220703125 332.95001220703125 341.381256103515625
130.1999969482421875 128.125 127.7687530517578125 127.4375 126.71875 127.69374847412109375 128.537506103515625 131.625 136.850006103515625 145.6062469482421875 156.1875 165.287506103515625 172.4812469482421875 178.412506103515625 183.59375 186.631256103515625 188.274993896484375 187.149993896484375 183.912506103515625 180.34375 175.462493896484375 170.6374969482421875 166.962493896484375 164.225006103515625 163.375 163.037506103515625 164.618743896484375 167.618743896484375 171.1750030517578125 180.4375 190.381256103515625 201.7062530517578125 216.1125030517578125 229.006256103515625 243.5 255.1875 265.82501220703125 277.556243896484375 288.48748779296875 293.11248779296875 299.98748779296875 307.35626220703125 311.79376220703125 317.98748779296875
