data/historical-monthly-weather-data/wc2.1_cruts4.09_10m_prec_1956-08.asc
ncols        45
nrows        45
xllcorner    -63.500000000000
yllcorner    -7.500000000000
cellsize     0.166666666667
NODATA_value -9999
[rows 20 to 39 of 45, columns 0 to 42 of 45]
167.399993896484375 169.40625 168.4875030517578125 165.693756103515625 158.899993896484375 154.4499969482421875 150.3249969482421875 145.131256103515625 141.587493896484375 135.03125 128.443756103515625 121.09375 107.90625 94.75624847412109375 83.1062469482421875 73.0500030517578125 63.40000152587890625 57.41249847412109375 57.768749237060546875 58.581249237060546875 62.268749237060546875 67.22499847412109375 72.9375 80.0625 86.84375 86.88124847412109375 82.65625 79.5124969482421875 76.40000152587890625 74.0749969482421875 73.9250030517578125 78.24375152587890625 81.9875030517578125 87.1374969482421875 95.7624969482421875 100.84999847412109375 106.2312469482421875 108.9562530517578125 105.9875030517578125 101.13124847412109375 92.6875 86.3249969482421875 81.15000152587890625
160.431243896484375 160.2624969482421875 160.9187469482421875 160.9875030517578125 157.2375030517578125 152.1374969482421875 150.09375 144.131256103515625 142.0124969482421875 135.850006103515625 132.28125 129.0124969482421875 122.55625152587890625 109.77500152587890625 96.0500030517578125 81.8937530517578125 73.93125152587890625 67.8937530517578125 66.1374969482421875 66.2937469482421875 66.0124969482421875 69.4187469482421875 75.0500030517578125 80.9499969482421875 85.1374969482421875 86.40000152587890625 88.55625152587890625 84.75624847412109375 82.50624847412109375 79.8562469482421875 78.71250152587890625 79.5812530517578125 82.0625 86.3625030517578125 89.86875152587890625 94.83750152587890625 101.84999847412109375 106.78125 105.11875152587890625 99.91249847412109375 92.31874847412109375 85.9812469482421875 79.65625
154.0437469482421875 159.068756103515625 161.662506103515625 159.975006103515625 157.59375 153.3625030517578125 147.649993896484375 141.631256103515625 141.8312530517578125 141.181243896484375 141.5625 141.649993896484375 139.75 127.8937530517578125 110.59999847412109375 94.6437530517578125 82.94374847412109375 76.4250030517578125 73.34375 71.625 71.53125 74.36875152587890625 78.40000152587890625 79.7375030517578125 85.02500152587890625 88.6437530517578125 90.28749847412109375 89.34999847412109375 85.74375152587890625 81.125 79.15625 79.8937530517578125 81.40000152587890625 82.6374969482421875 83.86875152587890625 84.8562469482421875 91.65000152587890625 101.1687469482421875 102.5812530517578125 97.19374847412109375 91.3312530517578125 84.45000457763671875 78.4562530517578125
152.318756103515625 160.024993896484375 164.212493896484375 159.125 155.006256103515625 151.8125 149.1062469482421875 146.181243896484375 142.212493896484375 143.65625 145.625 151.5500030517578125 152.5437469482421875 139.1624908447265625 121.6437530517578125 105.56874847412109375 93.5625 85.55625152587890625 80.7937469482421875 78.5749969482421875 78.03749847412109375 79.50624847412109375 80.875 83.28749847412109375 86.25 87.50624847412109375 90.7937469482421875 87.83750152587890625 85.4499969482421875 82.36875152587890625 80.8562469482421875 80.38124847412109375 81.125 79.71250152587890625 79.40000152587890625 78.7375030517578125 84 93.36875152587890625 96.15625 92.2687530517578125 87.06874847412109375 81.59999847412109375 75.96875
153.90625 161.537506103515625 164.6687469482421875 162.9499969482421875 159.524993896484375 155.1875 150.9250030517578125 148.462493896484375 147.0625 148.337493896484375 148.3312530517578125 150.725006103515625 150.568756103515625 140.34375 126.21250152587890625 113.00624847412109375 102.03125 93.2687530517578125 87.4562530517578125 84.49375152587890625 83.6062469482421875 83.40000152587890625 83.83750152587890625 85.29375457763671875 85.74375152587890625 87.90000152587890625 87.7375030517578125 85.6125030517578125 83.625 81.75 79.9562530517578125 78.90000152587890625 79.13124847412109375 78.88124847412109375 77.75 76.9375 81.2312469482421875 85.5187530517578125 87.6687469482421875 86.30625152587890625 82.5500030517578125 78.7062530517578125 74.25624847412109375
159.337493896484375 166.6437530517578125 164.912506103515625 165.1750030517578125 159.53125 155.493743896484375 151.743743896484375 151.0500030517578125 147.1999969482421875 145.850006103515625 146.0124969482421875 146.556243896484375 144.787506103515625 135.2937469482421875 126.08750152587890625 114.88124847412109375 106.00624847412109375 98.53125 91.6687469482421875 89.0187530517578125 88.03125 86.46250152587890625 86.81874847412109375 85.7937469482421875 85.09375 85.5437469482421875 85.59375 83.7312469482421875 82.4812469482421875 81.34375 79.33124542236328125 78.34375 77.3249969482421875 76.4375 75.09375 76.0437469482421875 78.50624847412109375 79.9812469482421875 82.06874847412109375 80.2062530517578125 77.97499847412109375 75.03125 72.22499847412109375
164.0437469482421875 167.5187530517578125 167.2624969482421875 165.5437469482421875 160.943756103515625 156.7312469482421875 154.806243896484375 151.2312469482421875 145.568756103515625 145.71875 145.649993896484375 141.3937530517578125 137.25 129.5749969482421875 123.1062469482421875 114.41249847412109375 107.5749969482421875 100.2624969482421875 94.9562530517578125 90.40625 87.44374847412109375 86.5437469482421875 85.28749847412109375 85.2375030517578125 84.06874847412109375 82 82.91249847412109375 81.6125030517578125 79.9499969482421875 78.2062530517578125 77.46250152587890625 75.6437530517578125 75.27500152587890625 74.4875030517578125 72.5812530517578125 73.3874969482421875 73.84375 75.125 75.4499969482421875 73.9375 72.125 70.31874847412109375 69.88124847412109375
171.524993896484375 167.5749969482421875 167.4562530517578125 166.068756103515625 163.15625 157.1687469482421875 154.431243896484375 151.1062469482421875 146.8249969482421875 144.875 140.6875 135.1062469482421875 130.0812530517578125 124.4187469482421875 117.95624542236328125 112.02500152587890625 107.4812469482421875 101.0437469482421875 96.0812530517578125 91.21875 88.22499847412109375 84.53749847412109375 84.3249969482421875 83.50624847412109375 81.50624847412109375 78.53125 79.22499847412109375 78.89374542236328125 77.88750457763671875 76.55625152587890625 74.86875152587890625 72.85625457763671875 72.41249847412109375 70.86875152587890625 70.56874847412109375 70.1374969482421875 69.5 69.99375152587890625 70.77500152587890625 70.3125 68.6374969482421875 68.15625 68.06874847412109375
172.8000030517578125 171.8562469482421875 168.6687469482421875 166.8937530517578125 160.774993896484375 155.4187469482421875 150.6374969482421875 145.537506103515625 144.6750030517578125 140.2624969482421875 135.693756103515625 129.21875 123.40000152587890625 118.4187469482421875 113.78749847412109375 109.19374847412109375 106.5187530517578125 101.4250030517578125 96.55625152587890625 92.27500152587890625 88.5187530517578125 84.52500152587890625 82.9250030517578125 80.71875 79.02500152587890625 75.5 76.29999542236328125 75.7312469482421875 74.59375 73.318756103515625 71.51250457763671875 70.16249847412109375 68.51874542236328125 66.53749847412109375 66.39374542236328125 67.2624969482421875 67.2687530517578125 67.65000152587890625 68.40625 67.3312530517578125 64.6875 64.7687530517578125 65.90625
169.381256103515625 169.756256103515625 166.100006103515625 160.493743896484375 156.100006103515625 151.587493896484375 146.0625 143.412506103515625 139.837493896484375 134.28125 130.306243896484375 124.7937469482421875 118.74375152587890625 113.0437469482421875 109.03749847412109375 105.05625152587890625 101.36875152587890625 98.78125 96.40625 90.65000152587890625 86.3874969482421875 83.56874847412109375 81.65625 78.7687530517578125 75.9562530517578125 74.0437469482421875 73.0749969482421875 72.25624847412109375 69.8625030517578125 68.4499969482421875 67.3312530517578125 66.58750152587890625 64.9562530517578125 63.68125152587890625 63.46250152587890625 63.43125152587890625 65.21250152587890625 66.1687469482421875 66.15625 66.86875152587890625 66.1125030517578125 65.56874847412109375 64.50624847412109375
164.59375 163.6125030517578125 157.506256103515625 154.756256103515625 154.725006103515625 148.993743896484375 144.225006103515625 139.0187530517578125 133.931243896484375 128.3562469482421875 123.15000152587890625 120.1750030517578125 116.1750030517578125 110.3874969482421875 104.4562530517578125 100.50624847412109375 98.6687469482421875 96.53125 95.02500152587890625 90.7062530517578125 85.8625030517578125 80.5437469482421875 77.84375 75.08750152587890625 72.18125152587890625 70.78125 68.74375152587890625 68.2687530517578125 66.8562469482421875 65.75624847412109375 65.00624847412109375 63.693752288818359375 61.68125152587890625 60.66249847412109375 61.387500762939453125 61.08750152587890625 62.481250762939453125 63.612499237060546875 65.30625152587890625 67.50624847412109375 66.9875030517578125 64.05625152587890625 61.887500762939453125
157.8249969482421875 157.59375 151.9250030517578125 148.96875 149.9562530517578125 144.5749969482421875 139.0625 132.34375 127.79375457763671875 123.0500030517578125 117.97499847412109375 114.1687469482421875 109.02500152587890625 104.75 100.25624847412109375 98.75624847412109375 95.8125 93.25624847412109375 90.6125030517578125 87.4875030517578125 83.25624847412109375 79.8125 75.3937530517578125 71.0187530517578125 68.69374847412109375 66.97499847412109375 65.1875 64.7687530517578125 63.112499237060546875 61.75 61.56874847412109375 60.03125 58.4375 57.96875 56.987499237060546875 56.549999237060546875 57.875 59.43125152587890625 61.59375 63.84375 63.47499847412109375 60.625 59.5
143.1750030517578125 142.193756103515625 138.9499969482421875 138.03125 136.618743896484375 131.524993896484375 128.399993896484375 123.8937530517578125 118.6875 115.52500152587890625 113.69374847412109375 108.2312469482421875 102.9499969482421875 100.22499847412109375 96.0187530517578125 94.4562530517578125 91.43125152587890625 89.5437469482421875 86.68125152587890625 83.59375 79.5124969482421875 75.7312469482421875 72.0124969482421875 69.75624847412109375 67.4499969482421875 64.7062530517578125 63.03125 60.58750152587890625 59.337497711181640625 57.793750762939453125 57.59999847412109375 56.06874847412109375 54.518749237060546875 53.512500762939453125 52.674999237060546875 52.21875 53.231250762939453125 54.125 55.84999847412109375 57.612499237060546875 56.987499237060546875 55.418750762939453125 54.30625152587890625
128.1750030517578125 129.306243896484375 126.9875030517578125 128.0625 123.1437530517578125 120.4250030517578125 119.13124847412109375 115.7624969482421875 110.9375 107.28125 104.68125152587890625 101.375 98.4375 92.81874847412109375 90.4187469482421875 87.4875030517578125 85.83750152587890625 83.28125 80.31874847412109375 78.2687530517578125 75.15000152587890625 71.84999847412109375 69.0749969482421875 66.38124847412109375 64.9187469482421875 62.83750152587890625 60.731250762939453125 57.737499237060546875 56.918750762939453125 55.71875 54.818752288818359375 52.987499237060546875 50.612499237060546875 48.81874847412109375 48.262500762939453125 47.78749847412109375 48.4375 48.706249237060546875 50.00624847412109375 50.53749847412109375 51.15625 50.47499847412109375 49.24375152587890625
115.53749847412109375 116.15000152587890625 115.5437469482421875 114.44374847412109375 112.6875 110.72499847412109375 109.3312530517578125 107.11875152587890625 101.2937469482421875 99.1125030517578125 96.8562469482421875 95.43125152587890625 91.5625 88.59375 85.93125152587890625 83.6875 81.52500152587890625 78.77500152587890625 75.9875030517578125 74.09375 71.63124847412109375 68.36875152587890625 65.18125152587890625 63.512500762939453125 61.77500152587890625 60.450000762939453125 58.11875152587890625 55.31874847412109375 54.46875 53.4375 51.38124847412109375 49.00624847412109375 46.731250762939453125 44.518749237060546875 43.47499847412109375 42.90625 42.549999237060546875 43.231250762939453125 44.375 44.69374847412109375 44.52500152587890625 44.049999237060546875 43.668750762939453125
103.46250152587890625 104.53749847412109375 103.2312469482421875 102 101.2062530517578125 98.4375 96.6374969482421875 93.8562469482421875 90.11875152587890625 89.00624847412109375 89.18125152587890625 87.3562469482421875 86.02500152587890625 83.74375152587890625 81.68125152587890625 80.28125 77.375 75.7375030517578125 72.2937469482421875 70.18125152587890625 68.4562530517578125 67.0187530517578125 63.94374847412109375 62.493747711181640625 60.38124847412109375 58.4375 55.8125 54.512500762939453125 52.362499237060546875 50.41249847412109375 48.231250762939453125 45.862499237060546875 42.30625152587890625 40.606250762939453125 38.987499237060546875 37.637500762939453125 37.97499847412109375 38.456249237060546875 38.71875 39.5 39.40625 39.77500152587890625 38.731250762939453125
89.49375152587890625 90.40000152587890625 89.3249969482421875 89.18125152587890625 88.88124847412109375 87.43125152587890625 86.2062530517578125 84.97499847412109375 81.2062530517578125 79 82.21250152587890625 83.9250030517578125 83.5749969482421875 80.93125152587890625 79.6125030517578125 76.8249969482421875 73.9499969482421875 71.8000030517578125 69.2687530517578125 66.59375 65.31874847412109375 64.3562469482421875 62.13124847412109375 61.137500762939453125 59.69374847412109375 56.856250762939453125 54.8125 52.981250762939453125 49.72499847412109375 47.61875152587890625 45.66249847412109375 42.72499847412109375 39.53749847412109375 36.91249847412109375 35.09375 34.03125 34.15625 34.71875 34.706249237060546875 35.31874847412109375 35.02500152587890625 35.356250762939453125 34.424999237060546875
78.25624847412109375 79.47499847412109375 78.0812530517578125 79.1875 79.6062469482421875 78.22499847412109375 77.40000152587890625 76.3312530517578125 74.90625 73 80.59375 83.2062530517578125 80.63124847412109375 79.4562530517578125 78.4187469482421875 75.13124847412109375 71.27500152587890625 68.30625152587890625 67.1875 64.59375 63.38124847412109375 61.83750152587890625 60.21250152587890625 59.38124847412109375 58.262500762939453125 56.481250762939453125 54.46875 52.52500152587890625 49.6875 46.78749847412109375 43.700000762939453125 41.31874847412109375 38.375 34.46875 31.975000381469726562 30.618749618530273438 31.331249237060546875 31.987499237060546875 32.21250152587890625 32.68125152587890625 31.225000381469726562 30.799999237060546875 30.274999618530273438
70.4250030517578125 70.3874969482421875 70.2937469482421875 70.4187469482421875 71.59375 70.8562469482421875 70.6750030517578125 70.21250152587890625 70.9499969482421875 75.50624847412109375 83.44374847412109375 80.97499847412109375 76.6125030517578125 75.36875152587890625 73.50624847412109375 71.1750030517578125 69.3000030517578125 67.4812469482421875 64.61875152587890625 64.2312469482421875 62.5 60.512500762939453125 59.418750762939453125 58.112499237060546875 57.00624847412109375 55.16249847412109375 53.47499847412109375 52.137500762939453125 49.65000152587890625 46.38124847412109375 43.31874847412109375 40.856250762939453125 37.8125 33.387500762939453125 30.887500762939453125 30.568750381469726562 30.456249237060546875 30.743749618530273438 31.112499237060546875 30.212499618530273438 29.125 28.549999237060546875 27.84375
62.78749847412109375 63.237499237060546875 62.94374847412109375 63.168750762939453125 63.481250762939453125 63.49375152587890625 62.74375152587890625 63.393749237060546875 65.5437469482421875 69.9375 73.52500152587890625 74.3874969482421875 72.8625030517578125 71.21250152587890625 70.25 69.40000152587890625 67.09375 65.05625152587890625 62.65000152587890625 63.19374847412109375 62.481250762939453125 59.68125152587890625 58.66249847412109375 57.28125 56.112499237060546875 54.393749237060546875 52.75 51.18125152587890625 48.27500152587890625 45.987499237060546875 43.424999237060546875 41.68125152587890625 38.21875 34.299999237060546875 32.375 31.40625 30.231250762939453125 30.418750762939453125 30.200000762939453125 28.493749618530273438 27.193750381469726562 26.737499237060546875 26.056249618530273438
