data/historical-monthly-weather-data/wc2.1_cruts4.09_10m_prec_2002-08.asc
ncols        45
nrows        45
xllcorner    -63.500000000000
yllcorner    -7.500000000000
cellsize     0.166666666667
NODATA_value -9999
[rows 0 to 18 of 45, columns 0 to 42 of 45]
159.8000030517578125 154.4375 152.600006103515625 155.337493896484375 159.006256103515625 164.431243896484375 165.3562469482421875 168.0812530517578125 170.21875 170.375 165.65625 163.975006103515625 164.368743896484375 161.7375030517578125 160.943756103515625 156.8249969482421875 155.0500030517578125 152.6750030517578125 150.0437469482421875 151.024993896484375 149.431243896484375 145.649993896484375 142.2312469482421875 139.0749969482421875 134.6750030517578125 130.712493896484375 130.1875 131.3562469482421875 126.34375 124.4499969482421875 118.31874847412109375 116.38750457763671875 115.22499847412109375 111.8000030517578125 110.03749847412109375 110.3000030517578125 109.49375152587890625 110.2062530517578125 112.09999847412109375 113.08750152587890625 114.74375152587890625 118.25624847412109375 119.18125152587890625
154.006256103515625 147.8562469482421875 149.587493896484375 152.9499969482421875 157.9562530517578125 161.818756103515625 160.1750030517578125 161.875 164.2687530517578125 164.0812530517578125 160.8562469482421875 160.350006103515625 157.2375030517578125 152.962493896484375 150.837493896484375 149.8874969482421875 146.524993896484375 144.6875 143.774993896484375 144.243743896484375 142.2375030517578125 138.3000030517578125 134.9187469482421875 132.8874969482421875 128.3125 123.34999847412109375 124.8125 124.3874969482421875 119.93125152587890625 116.71250152587890625 113.72499847412109375 111.02500152587890625 109.9250030517578125 109.21250152587890625 107.3874969482421875 107.03125 104.7375030517578125 107.25624847412109375 108.1125030517578125 109.0625 113.28749847412109375 115.34999847412109375 118.21250152587890625
143.875 140.90625 143.649993896484375 148.2624969482421875 152.7312469482421875 155.3937530517578125 155.6062469482421875 156.225006103515625 156.337493896484375 155.1999969482421875 154.1125030517578125 153.2312469482421875 149.600006103515625 143.625 141.006256103515625 139.3249969482421875 137.162506103515625 134.756256103515625 133.1687469482421875 131.1062469482421875 130.3000030517578125 128.8249969482421875 125.86875152587890625 124.93125152587890625 119.55625152587890625 116.34375 118.84375 116.8874969482421875 112.94374847412109375 110.8937530517578125 106.8125 104.40000152587890625 103.78749847412109375 104.0812530517578125 101.59999847412109375 99.2312469482421875 99.00624847412109375 101.3562469482421875 101.96875 104.90625 110.7062530517578125 113.96250152587890625 118.74375152587890625
134.4812469482421875 130.5749969482421875 135.0625 140.100006103515625 142.71875 144.6374969482421875 146.118743896484375 147.162506103515625 149.568756103515625 148.34375 145.193756103515625 142.40625 139.475006103515625 133.90625 131.2312469482421875 129.006256103515625 127.53749847412109375 125.28125 123.29375457763671875 124.0124969482421875 122.09999847412109375 119.0625 115.8937530517578125 115.4499969482421875 111.65000152587890625 108.6437530517578125 110.2937469482421875 106.5500030517578125 103.90625 102.5749969482421875 99.63124847412109375 96.3874969482421875 94.3874969482421875 93.3562469482421875 92.0500030517578125 91.9187469482421875 94.38124847412109375 95.78749847412109375 95.8000030517578125 100.72499847412109375 105.56874847412109375 111.77500152587890625 116.74375152587890625
137.8562469482421875 130.587493896484375 126.69374847412109375 128.5812530517578125 132.912506103515625 134.149993896484375 134.6374969482421875 138.5187530517578125 142.53125 141.3874969482421875 136.806243896484375 133.024993896484375 129.7937469482421875 125.61875152587890625 122.40625 120.65625 118.15625 114.7687530517578125 112.34375 113.28125 113.8874969482421875 109.3874969482421875 106.9875030517578125 108.2312469482421875 103.72499847412109375 100.46250152587890625 99.7375030517578125 99.49375152587890625 97.25624847412109375 93.8562469482421875 93.21875 89.58750152587890625 88.6687469482421875 88.30625152587890625 87.2624969482421875 86.28749847412109375 87.3249969482421875 89.1875 89.8125 93.44374847412109375 101.15000152587890625 107.47499847412109375 115.3562469482421875
136.3312530517578125 129.3000030517578125 123.7687530517578125 117.78749847412109375 120.91249847412109375 127.15625 128.8625030517578125 130.2375030517578125 134.3874969482421875 133.318756103515625 127.0625 123.59375 121.59999847412109375 118.44374847412109375 115.1750030517578125 113.6125030517578125 109.99375152587890625 105.38124847412109375 103.94374847412109375 104.25 104.8562469482421875 103.0124969482421875 101.41249847412109375 98.86875152587890625 96.90000152587890625 94.71250152587890625 93.9499969482421875 92.86875152587890625 91.52500152587890625 87.53125 86.5625 85.1437530517578125 83.0749969482421875 83.0187530517578125 80.9375 81.875 81.91249847412109375 82.0437469482421875 84.2062530517578125 89.4812469482421875 94.78125 102.0625 110.1687469482421875
135.4250030517578125 130.0812530517578125 124.84999847412109375 119.5625 117.8562469482421875 118.28125 118.9562530517578125 119.65000152587890625 117.8249969482421875 117.40625 114.83750152587890625 113.44374847412109375 113.6999969482421875 111.5124969482421875 109.6437530517578125 107.78125 104.1374969482421875 99.91249847412109375 96.8000030517578125 97.3625030517578125 97.21875 96.5812530517578125 95.4375 93.86875152587890625 91.5625 90.0749969482421875 88.88124847412109375 87.0124969482421875 83.875 82.44374847412109375 80.6437530517578125 78.40000152587890625 77.9375 77.69374847412109375 76.40625 76.375 75.63124847412109375 76.19374847412109375 79.21250152587890625 84.43125152587890625 89.29375457763671875 96.16249847412109375 105.0749969482421875
135.3562469482421875 128.975006103515625 126.03749847412109375 122.09999847412109375 121.06874847412109375 120.71875 115.0749969482421875 105.9187469482421875 100.6062469482421875 100.71875 103.72499847412109375 104.28749847412109375 104.8937530517578125 104.25624847412109375 103.3562469482421875 101.36875152587890625 98.7687530517578125 94.5 90.74375152587890625 89.84375 91.0124969482421875 91.03125 89.2687530517578125 87.5 86.875 84.4187469482421875 82.53125 81.0500030517578125 78.7937469482421875 75.66249847412109375 75.4375 73.30625152587890625 71.8937530517578125 72.2687530517578125 70.02500152587890625 69.6437530517578125 69.13124847412109375 69.16249847412109375 71.18125152587890625 74.93125152587890625 80.1750030517578125 87.25 95.3312530517578125
135.524993896484375 129.7937469482421875 127.69374847412109375 122.7937469482421875 120.3562469482421875 117.84375 113.1374969482421875 105.61875152587890625 96.0749969482421875 91.625 93.68125152587890625 95.27500152587890625 99.11875152587890625 99.08750152587890625 97.72499847412109375 95.4499969482421875 94.27500152587890625 91.0749969482421875 89.68125152587890625 86.80625152587890625 86.80625152587890625 87.40000152587890625 85.4187469482421875 86.04375457763671875 84.5124969482421875 80.7937469482421875 77.2624969482421875 76.80625152587890625 74.84375 72.03125 71.7687530517578125 68.49375152587890625 66.0749969482421875 64.28125 63.03749847412109375 63.9375 64.19374847412109375 64.5 65.6437530517578125 68.65000152587890625 72.47499847412109375 76.96875 82.33750152587890625
134.506256103515625 129.5124969482421875 126.4375 123.15000152587890625 120.50624847412109375 117.44374847412109375 114.6687469482421875 107.05625152587890625 98.94374847412109375 95.9187469482421875 94.3937530517578125 92.69374847412109375 95.65625 96.34375 93.3000030517578125 91.06874847412109375 88.55625152587890625 87.55625152587890625 86.46250152587890625 85.20624542236328125 85.0625 83.8562469482421875 81.6062469482421875 81.9187469482421875 79.8312530517578125 76.15625 73.0437469482421875 71.75624847412109375 68.90000152587890625 66.25 64.3625030517578125 62.012500762939453125 61.40000152587890625 60.74375152587890625 60.268749237060546875 60.625 60.075000762939453125 59.74375152587890625 61.393749237060546875 63.68125152587890625 66.0625 68.28125 71.0625
135.912506103515625 130.8874969482421875 126.22499847412109375 122.34375 120.47499847412109375 119.3562469482421875 116.125 107.11875152587890625 100.31874847412109375 96.0187530517578125 95.1374969482421875 93.5625 93.40625 92.65000152587890625 88.1062469482421875 84.5187530517578125 82.3625030517578125 82.6437530517578125 82.0812530517578125 82.43125152587890625 84.80625152587890625 83.5124969482421875 80.6374969482421875 78.0124969482421875 77.6125030517578125 74.28749847412109375 71.375 68.5812530517578125 64.1750030517578125 60.8125 59.96875 58.200000762939453125 58.66249847412109375 58.356250762939453125 56.9375 56.46875 55.66249847412109375 55.78125 56.5 57.52500152587890625 58.512500762939453125 59.9375 62.36875152587890625
135.53125 131.149993896484375 126.49375152587890625 123.46250152587890625 121.9250030517578125 120.78749847412109375 118.375 110.74375152587890625 103.3937530517578125 98.34999847412109375 96.13124847412109375 93.61875152587890625 90.68125152587890625 87.21875 85.4562530517578125 81.8625030517578125 79.0437469482421875 78.1999969482421875 78.83750152587890625 80.78125 83.4812469482421875 82.59375 80.28125 78.19374847412109375 75.68125152587890625 68.8562469482421875 65.6999969482421875 63.69374847412109375 60.15625 57.625 56.125 55.75624847412109375 54.893749237060546875 54.4375 54.13124847412109375 54.549999237060546875 53.96250152587890625 53.262500762939453125 52.075000762939453125 51.08750152587890625 51.50624847412109375 52.46250152587890625 53.487499237060546875
133.943756103515625 128.287506103515625 124.52500152587890625 120.34375 119.6875 117.75 113.15000152587890625 107.8312530517578125 101.3125 97.40625 95.19374847412109375 92.46250152587890625 87.75 81.8000030517578125 78.28125 76.06874847412109375 73.0749969482421875 73.72499847412109375 74.3312530517578125 75.09375 78.33750152587890625 78.21250152587890625 76.5187530517578125 72.5 66.4875030517578125 61.09375 60.28749847412109375 59.043750762939453125 57.90625 55.956249237060546875 54.03125 52.918750762939453125 53.13124847412109375 51.25624847412109375 51.38124847412109375 52.9375 54.59999847412109375 53.506252288818359375 52.59999847412109375 49.112499237060546875 45.52500152587890625 47.13124847412109375 47.06874847412109375
131.0749969482421875 124.24375152587890625 119.78125 117.2375030517578125 115.21250152587890625 112.1687469482421875 108.0500030517578125 104.55625152587890625 98.69374847412109375 95.25624847412109375 91.99375152587890625 87.15000152587890625 82.71875 77.02500152587890625 70.2624969482421875 69.2062530517578125 67.41249847412109375 67.84375 66.58750152587890625 66.7937469482421875 69.90625 70 68.72499847412109375 66.1437530517578125 61.9375 58.27500152587890625 57.47499847412109375 56.74375152587890625 55.77500152587890625 54.65625 53.65625 51.53125 51.28125 50.106250762939453125 51.331249237060546875 54.43125152587890625 56.575000762939453125 58.18125152587890625 57.674999237060546875 52.59375 43.99375152587890625 41.5 43.28125
126.40000152587890625 121.16249847412109375 115.80625152587890625 111.84375 110.0812530517578125 107 103.03749847412109375 98.72499847412109375 93.4375 90.375 85.84375 81.8874969482421875 77.3125 70.99375152587890625 64.4375 61.34375 59.83750152587890625 59.262500762939453125 58.84375 59.612499237060546875 62.47499847412109375 63.34375 63.206249237060546875 62.96250152587890625 61.4375 59.725002288818359375 58.25 56.78125 55.049999237060546875 53.71250152587890625 52.02500152587890625 50.86875152587890625 50.75624847412109375 50.78749847412109375 51.262500762939453125 54.862499237060546875 59.15000152587890625 65.3625030517578125 66.63124847412109375 59.862499237060546875 53.981250762939453125 50.831249237060546875 52.0625
119.9562530517578125 115.6687469482421875 111.5124969482421875 107.6437530517578125 104.6999969482421875 102.65000152587890625 99.1687469482421875 93.52500152587890625 89.05625152587890625 85.5437469482421875 81.34999847412109375 76.25624847412109375 70.88124847412109375 65.13124847412109375 59.47499847412109375 53.956249237060546875 52.33750152587890625 52.081249237060546875 51.75 52.931247711181640625 55.46250152587890625 57.53125 59.61875152587890625 61.80625152587890625 62.11875152587890625 60.88124847412109375 59.46250152587890625 56.987499237060546875 54.75624847412109375 53.75 52.93125152587890625 51.65625 50.706249237060546875 50.731250762939453125 52.08750152587890625 59.47499847412109375 65.6875 72.0437469482421875 75.1062469482421875 72.53749847412109375 68.8874969482421875 64.1437530517578125 59.981250762939453125
116.11875152587890625 112.1687469482421875 107.3937530517578125 103.97499847412109375 99.7375030517578125 98.19374847412109375 95.7062530517578125 91.28749847412109375 85.61875152587890625 82.3625030517578125 78.36875152587890625 72.03749847412109375 66.47499847412109375 60.71875 55.200000762939453125 50.012500762939453125 45.237499237060546875 44.44374847412109375 45.4375 47.15000152587890625 48.71875 52.012500762939453125 56.049999237060546875 61.31874847412109375 63.84375 62.44374847412109375 59.331249237060546875 56.862499237060546875 53.799999237060546875 52.34375 52.65000152587890625 53.38124847412109375 53.83750152587890625 54.606250762939453125 61.8125 69.24375152587890625 75.78749847412109375 84.8625030517578125 90.7687530517578125 84.7937469482421875 78.21875 70.16249847412109375 62.768749237060546875
109.21875 106.5 102.75624847412109375 100.09375 96.1999969482421875 94.8000030517578125 90.7687530517578125 87 82.16249847412109375 78.4499969482421875 74.65625 69.0812530517578125 62.293750762939453125 56.125 50.97499847412109375 45.90000152587890625 41.331249237060546875 38.03749847412109375 39.86875152587890625 40.487499237060546875 42.99375152587890625 46.5625 51.90625 57.674999237060546875 62.331249237060546875 62.5 60.61875152587890625 57.731250762939453125 53.84375 51.53125 49.331249237060546875 49.237499237060546875 56.49375152587890625 64.3625030517578125 69.9187469482421875 78.8937530517578125 87.5500030517578125 94.21875 95.6437530517578125 91.1875 80.24375152587890625 72.6999969482421875 65.65000152587890625
102.43125152587890625 100.24375152587890625 97.59999847412109375 95.5 93.1062469482421875 90.7687530517578125 87.6374969482421875 83.6062469482421875 80.9187469482421875 77.9812469482421875 73.7312469482421875 65.84999847412109375 59.418750762939453125 53.6875 47.59375 43.40000152587890625 38.75 34.80625152587890625 34.16249847412109375 35.393749237060546875 40.00624847412109375 47.68125152587890625 46.25624847412109375 52.63124847412109375 57.83750152587890625 61.71875 61.487499237060546875 58.15000152587890625 55.737499237060546875 51.08750152587890625 48.19374847412109375 51.106250762939453125 60.0625 67.0187530517578125 74.19374847412109375 83.03749847412109375 88.22499847412109375 90.40625 92.1125030517578125 87 80.08750152587890625 73.1875 66.6750030517578125
