data/historical-monthly-weather-data/wc2.1_cruts4.09_10m_prec_2022-05.asc
ncols        51
nrows        45
xllcorner    -63.500000000000
yllcorner    -7.500000000000
cellsize     0.166666666667
NODATA_value -9999
[rows 19 to 37 of 45, columns 0 to 43 of 51]
216.8249969482421875 220.149993896484375 223.774993896484375 226.6125030517578125 231.443756103515625 235.9875030517578125 236.9875030517578125 234.8125 225.6687469482421875 214.7062530517578125 204.5 194.7687530517578125 185.006256103515625 172.256256103515625 160.693756103515625 146.962493896484375 135.5749969482421875 132.443756103515625 127.63750457763671875 125.7937469482421875 123.2312469482421875 124.6687469482421875 128.375 131.337493896484375 132.25 130.712493896484375 131.9375 134.431243896484375 132.9499969482421875 131.274993896484375 133.337493896484375 142.5500030517578125 146.318756103515625 148.6125030517578125 154.15625 154.6062469482421875 150.96875 145.8249969482421875 140.7937469482421875 134.3312530517578125 123.91249847412109375 117.58750152587890625 116.3874969482421875 115.28749847412109375
207.8562469482421875 219.0749969482421875 226.0187530517578125 229 231.21875 236.537506103515625 237.975006103515625 235.212493896484375 225.7624969482421875 212.6750030517578125 201.0187530517578125 191.5 179.149993896484375 167.0187530517578125 154.3312530517578125 143.8937530517578125 131.912506103515625 126.1875 124.5500030517578125 121.05625152587890625 124.2375030517578125 126.6125030517578125 128.5124969482421875 131.1062469482421875 132.8812408447265625 131.649993896484375 129.2624969482421875 130.1999969482421875 131.662506103515625 134.25 138.7062530517578125 144.806243896484375 144.337493896484375 145.149993896484375 148.25 148.2624969482421875 145.9499969482421875 141.649993896484375 136.0124969482421875 128.850006103515625 122.2312469482421875 116.46875 113.08750152587890625 112.69374847412109375
205.662506103515625 210.868743896484375 221.631256103515625 230.9812469482421875 233.962493896484375 234.568756103515625 235.96875 234.256256103515625 225.118743896484375 212.53125 199.618743896484375 187.631256103515625 174.7062530517578125 161.9499969482421875 152.5124969482421875 140.875 136.0124969482421875 129.2062530517578125 126.8312530517578125 122.6437530517578125 121.21250152587890625 123.33750152587890625 125.72499847412109375 126.3937530517578125 125.7062530517578125 126.96250152587890625 130.100006103515625 131.056243896484375 135.931243896484375 139.975006103515625 142.28125 144.2687530517578125 145.5187530517578125 147.1374969482421875 146.4250030517578125 143.7750091552734375 141.8125 137.875 132.46875 126.09999847412109375 120.63124847412109375 115.5124969482421875 111.96875 110.4875030517578125
203.6374969482421875 216.3874969482421875 225.912506103515625 235.0187530517578125 237.7937469482421875 235.6374969482421875 227.8312530517578125 225.8312530517578125 222.0812530517578125 210.4875030517578125 195.943756103515625 183.212493896484375 173.037506103515625 160.6687469482421875 151.25 141.4375 134.0625 128.9375 125.1437530517578125 121.69374847412109375 121.91249847412109375 120.97499847412109375 122.375 122.69374847412109375 124.59999847412109375 125.28125 126.7375030517578125 131.225006103515625 136.6125030517578125 140.21875 141.9562530517578125 146.100006103515625 148.274993896484375 147.9499969482421875 147.2624969482421875 140.25 135.9875030517578125 133.631256103515625 131.09375 125.08750152587890625 118.97499847412109375 114.49375152587890625 110.72499847412109375 108.7687530517578125
198.850006103515625 214.537506103515625 226.2375030517578125 232.0187530517578125 233.087493896484375 228.2062530517578125 228.087493896484375 223.587493896484375 214.774993896484375 202.774993896484375 190.881256103515625 182.587493896484375 171.5812530517578125 161.1687469482421875 150.725006103515625 141.28125 133.9187469482421875 130.337493896484375 127.5187530517578125 125.0437469482421875 122.96875 122.3937530517578125 122.0187530517578125 124.40000152587890625 124.7312469482421875 123.43125152587890625 126.5812530517578125 131.600006103515625 138.2062530517578125 145.09375 151.0625 156.3249969482421875 157.631256103515625 155.118743896484375 151.975006103515625 142.3000030517578125 139.381256103515625 135.162506103515625 130.9812469482421875 125.55625152587890625 119.0749969482421875 115.43125152587890625 112.0625 108.7375030517578125
198.506256103515625 215.7312469482421875 224.493743896484375 232.193756103515625 233.96875 229.875 222.912506103515625 218.493743896484375 208.868743896484375 198.818756103515625 186.881256103515625 177.1374969482421875 169.068756103515625 158.681243896484375 148.4812469482421875 140.7624969482421875 135.493743896484375 131.899993896484375 128.5749969482421875 126.4812469482421875 125.96875 124.08750152587890625 124.46875 125.75 125.8249969482421875 128.25 131.5749969482421875 137.337493896484375 143.7624969482421875 153.587493896484375 160.875 170.306243896484375 169.649993896484375 165.006256103515625 156.806243896484375 148 143 135.568756103515625 130.693756103515625 125.5187530517578125 119.9499969482421875 115.41249847412109375 111.97499847412109375 107.4812469482421875
203.25 222.399993896484375 224.3249969482421875 229.318756103515625 226.90625 221.712493896484375 214.46875 209.2937469482421875 198.0187530517578125 186.4749908447265625 180.3937530517578125 173.25 163.53125 154.4812469482421875 148.3874969482421875 141.1999969482421875 136.3125 133.2375030517578125 130.2562408447265625 127.81874847412109375 127.46875 125.7624969482421875 126.13124847412109375 126.0124969482421875 128.118743896484375 130.3937530517578125 137.318756103515625 143.5124969482421875 149.9187469482421875 160.65625 172.15625 186.8249969482421875 185.462493896484375 174.2624969482421875 162.8312530517578125 153.9875030517578125 145.381256103515625 137.993743896484375 130.006256103515625 124.4250030517578125 119.56874847412109375 114.0812530517578125 109.3312530517578125 106.1875
205.287506103515625 216.3249969482421875 220.71875 222.4812469482421875 219.493743896484375 214.6374969482421875 207.3874969482421875 199.21875 190.3874969482421875 185.4375 178.5625 170.162506103515625 163.100006103515625 155.868743896484375 150.1750030517578125 144.84375 139.037506103515625 135.0437469482421875 134.774993896484375 131.8562469482421875 130.0749969482421875 129.100006103515625 129.3625030517578125 131.5625 133.6437530517578125 136.4250030517578125 143.368743896484375 149.8562469482421875 157.3000030517578125 166.524993896484375 180.6125030517578125 195.2687530517578125 196.3874969482421875 180.8625030517578125 166.131256103515625 155.8000030517578125 148.8937530517578125 139.6374969482421875 131.6125030517578125 125.88124847412109375 120.28749847412109375 114.86249542236328125 110.125 105.6374969482421875
208.506256103515625 214.78125 216.243743896484375 213.725006103515625 211.368743896484375 207.8000030517578125 201.8249969482421875 192.693756103515625 186.3125 181.7624969482421875 174.806243896484375 167.431243896484375 161.7062530517578125 155.256256103515625 151.368743896484375 145.1687469482421875 141.649993896484375 140.493743896484375 140.03125 137.7375030517578125 135.7937469482421875 133.649993896484375 135.1999969482421875 136.712493896484375 139.2937469482421875 141.2687530517578125 148.65625 155.337493896484375 163.443756103515625 172.912506103515625 185.149993896484375 196.9250030517578125 194.1374969482421875 180.5187530517578125 168.5 158.243743896484375 149.3625030517578125 142.125 135.2312469482421875 127.66249847412109375 120.9812469482421875 116.61875152587890625 111.96250152587890625 108
207.8625030517578125 212.318756103515625 209.9187469482421875 206.725006103515625 203.3562469482421875 196.1750030517578125 189.5124969482421875 185.462493896484375 183.1687469482421875 176.962493896484375 171.3000030517578125 166.28125 160.9187469482421875 157.162506103515625 155.0437469482421875 151.8625030517578125 148.337493896484375 146.0749969482421875 144.6374969482421875 142.725006103515625 141.0187530517578125 138.681243896484375 139.100006103515625 140.506256103515625 142.8625030517578125 143.6875 151.368743896484375 159.649993896484375 167.6374969482421875 175.4375 185.7937469482421875 193.0625 187.649993896484375 176.568756103515625 167.774993896484375 158.5625 150.818756103515625 142.631256103515625 135.850006103515625 128.337493896484375 119.84375 114.34999847412109375 112.09375 110.77500152587890625
206.256256103515625 207.28125 202.3937530517578125 196.2062530517578125 192.149993896484375 189.006256103515625 184.1374969482421875 183.037506103515625 180.0812530517578125 173.9875030517578125 170.412506103515625 167.0124969482421875 163.3937530517578125 161.2062530517578125 159.6374969482421875 157.306243896484375 154.1687469482421875 154.3312530517578125 151.9875030517578125 148.399993896484375 146.8874969482421875 145.8125 145.6374969482421875 146.0437469482421875 146.34375 150.09375 155.2624969482421875 160.5812530517578125 167.8000030517578125 174.462493896484375 182.556243896484375 186.5437469482421875 181.15625 173.256256103515625 165.8625030517578125 156.681243896484375 152.537506103515625 145.46875 138.0124969482421875 133.412506103515625 127.02500152587890625 120.66249847412109375 115.6687469482421875 111.96875
203.9875030517578125 201.287506103515625 194.5625 190.368743896484375 187.5625 184.4812469482421875 182.6999969482421875 179.8937530517578125 177.7312469482421875 174.3249969482421875 171.506256103515625 167.993743896484375 167.568756103515625 163.899993896484375 163.024993896484375 162.693756103515625 161.2062530517578125 159.962493896484375 158.6374969482421875 156.6374969482421875 153.0625 150.8874969482421875 150.662506103515625 149.3625030517578125 149.5187530517578125 154.3000030517578125 158.1687469482421875 161.875 168.2312469482421875 172.3562469482421875 178.818756103515625 179.6875 174.5187530517578125 168.368743896484375 161.649993896484375 153.318756103515625 149.78125 145.9562530517578125 141.412506103515625 136.1062469482421875 132.368743896484375 125.4875030517578125 119.7624969482421875 113.99375152587890625
196.0500030517578125 191.0124969482421875 185.84375 183.4375 182.8249969482421875 179.318756103515625 180.556243896484375 176.3000030517578125 174.5124969482421875 171.65625 169.618743896484375 166.506256103515625 166.5 166.3562469482421875 165.787506103515625 166.7687530517578125 163.65625 162.193756103515625 161.125 159.8249969482421875 155.743743896484375 153.9499969482421875 153.0749969482421875 152.743743896484375 155.243743896484375 157.3249969482421875 160.712493896484375 162.850006103515625 165.993743896484375 169.4562530517578125 170.8312530517578125 171.625 166.34375 161.125 156.4562530517578125 150.1062469482421875 146.53125 144.1875 139.962493896484375 138.40625 134.9875030517578125 129.2312469482421875 124.0124969482421875 120.2687530517578125
180.4875030517578125 177.287506103515625 173.6374969482421875 173.65625 172.3312530517578125 170.96875 172.7937469482421875 171.8874969482421875 170.8874969482421875 170.2375030517578125 172 170.0124969482421875 170.162506103515625 171.6624908447265625 170.6374969482421875 169.2375030517578125 166.725006103515625 167.3562469482421875 164.368743896484375 162.7687530517578125 158.381256103515625 157.412506103515625 155.4499969482421875 156.3874969482421875 158.0749969482421875 160.2937469482421875 161.7624969482421875 163.78125 164.5437469482421875 165.2312469482421875 165.787506103515625 164.4812469482421875 158.431243896484375 156.100006103515625 151.3874969482421875 148.1875 143.2375030517578125 141.256256103515625 137.8000030517578125 138.2624969482421875 135.1999969482421875 131.8562469482421875 127.9187469482421875 125.78125
165.1062469482421875 162.225006103515625 162.4375 163.212493896484375 164.6125030517578125 164.375 166.368743896484375 166.774993896484375 165.9375 165.9812469482421875 167.8874969482421875 170.4499969482421875 170.806243896484375 171.337493896484375 172.212493896484375 172.8937530517578125 171.5625 171.0124969482421875 166.587493896484375 163.350006103515625 161.381256103515625 160.631256103515625 158.725006103515625 157.912506103515625 159.5124969482421875 160.28125 160.5749969482421875 161.3000030517578125 162.90625 161.818756103515625 160.5437469482421875 157.84375 153.006256103515625 148.837493896484375 145.7624969482421875 142.4250030517578125 139.5749969482421875 135.6125030517578125 134.962493896484375 134.681243896484375 132.318756103515625 131.6437530517578125 130.931243896484375 129.90625
149.149993896484375 147.587493896484375 149.8312530517578125 152.9562530517578125 155.818756103515625 157.3249969482421875 158.0749969482421875 160.4250030517578125 157.8625030517578125 159.3312530517578125 163.662506103515625 167.9187469482421875 172.7375030517578125 176.3937530517578125 176.8000030517578125 176.5437469482421875 174.5500030517578125 173.6999969482421875 169.3125 163.931243896484375 162.056243896484375 159.943756103515625 159.350006103515625 158.1062469482421875 158.6125030517578125 159.0437469482421875 160.7937469482421875 161.75 162.1125030517578125 160.1875 156.225006103515625 152.125 145.943756103515625 142.6750030517578125 136.1374969482421875 134.225006103515625 130.524993896484375 131.1687469482421875 130.7624969482421875 129.875 128.4937591552734375 127.19374847412109375 127.375 128.5187530517578125
134.568756103515625 134.774993896484375 136.125 138.71875 140.9875030517578125 142.9250030517578125 143.5749969482421875 146.71875 146.625 147.774993896484375 153.1374969482421875 163.125 172.681243896484375 177.3000030517578125 179.399993896484375 178.5625 176.46875 173.087493896484375 170.375 164.7375030517578125 162.881256103515625 160.78125 159.3312530517578125 158.506256103515625 157.899993896484375 157.318756103515625 160.475006103515625 161.5500030517578125 159.625 156.3125 152.2062530517578125 147.337493896484375 140.931243896484375 134.7062530517578125 129.5187530517578125 126.8249969482421875 127.6999969482421875 125.1999969482421875 125.03125 126.46875 124.8249969482421875 125.6437530517578125 125.1062469482421875 126.3125
121.25 122.6687469482421875 124.0812530517578125 126.51874542236328125 129.4375 130.600006103515625 132.193756103515625 133.53125 134.6875 134.2937469482421875 147.256256103515625 166.0875091552734375 176.006256103515625 180.618743896484375 181.681243896484375 180.53125 176.8562469482421875 172.743743896484375 169.7312469482421875 163.1437530517578125 161.931243896484375 160.087493896484375 157.3312530517578125 156.243743896484375 155.7687530517578125 156.6750030517578125 158.0749969482421875 158.337493896484375 156.46875 153.0999908447265625 149.1125030517578125 144.5187530517578125 137.399993896484375 129.40625 124.7375030517578125 123.7312469482421875 123.18125152587890625 122.24375152587890625 121.15625 120.8249969482421875 119.4562530517578125 119.03749847412109375 121.71875 123.83750152587890625
109.125 110.5625 113.4187469482421875 115.56874847412109375 119.28749847412109375 121.63124847412109375 123.78749847412109375 125 128.1374969482421875 129.837493896484375 153.6125030517578125 174.3375091552734375 181.587493896484375 186.125 185.412506103515625 183.0500030517578125 178.5437469482421875 174.774993896484375 169.431243896484375 164.287506103515625 160.28125 158.21875 155.625 154.2062530517578125 153.350006103515625 153.5 152.943756103515625 156.274993896484375 155.506256103515625 150.256256103515625 144.618743896484375 139.8312530517578125 133.8562469482421875 125.2062530517578125 118.5625 117.9562530517578125 118.7937469482421875 117.59375 118.5749969482421875 116.8874969482421875 115.9187469482421875 116.15000152587890625 115.4250030517578125 115.7062530517578125
