data/historical-monthly-weather-data/wc2.1_cruts4.09_10m_prec_1956-09.asc
ncols        45
nrows        45
xllcorner    -63.500000000000
yllcorner    -7.500000000000
cellsize     0.166666666667
NODATA_value -9999
[rows 19 to 37 of 45, columns 0 to 42 of 45]
98.1999969482421875 92.84375 86.3625030517578125 80.65625 75.3249969482421875 71.65625 67.36875152587890625 62.93125152587890625 61.21875 58.84375 55.674999237060546875 49.63124847412109375 43.125 37.125 31.981250762939453125 27.71875 23.5 21.106250762939453125 18.537500381469726562 16.950000762939453125 15.662500381469726562 14.737500190734863281 14.756250381469726562 16.581249237060546875 18.46875 19.881250381469726562 21.893749237060546875 23.893749237060546875 24.643749237060546875 25.375 26.71875 31.568750381469726562 35.143749237060546875 39.56874847412109375 43.03749847412109375 43.75 43.887500762939453125 44.262500762939453125 44.131252288818359375 42.375 38.86875152587890625 34.65000152587890625 33.63124847412109375
89.5812530517578125 85.28125 79.83750152587890625 74.3625030517578125 69.00624847412109375 65.0812530517578125 61.518749237060546875 57.84375 56.793750762939453125 55.30625152587890625 52.53125 47.625 41.78749847412109375 35.887500762939453125 31.112499237060546875 26.34375 22.293750762939453125 19.481250762939453125 17.643749237060546875 15.637499809265136719 15.181249618530273438 14.949999809265136719 14.981249809265136719 16.962499618530273438 19.337499618530273438 21.193750381469726562 23.225000381469726562 24.875 26.34375 29.024999618530273438 32.03749847412109375 36.93125152587890625 40.84999847412109375 45.90625 51.72499847412109375 50.549999237060546875 46.9375 44.875 43.299999237060546875 41.581249237060546875 39.53125 37.02500152587890625 35.93125152587890625
82.5124969482421875 77.47499847412109375 72.2937469482421875 67.09375 62.518749237060546875 59.487499237060546875 56.168750762939453125 53.362499237060546875 52.65625 51.66249847412109375 49.59999847412109375 45.72499847412109375 41.325000762939453125 36.34999847412109375 31.381250381469726562 26.287500381469726562 22.143749237060546875 19.293750762939453125 17.356250762939453125 15.443750381469726562 14.699999809265136719 14.65625 14.9375 17.03125 19.34375 21.600000381469726562 24.631250381469726562 26.78125 29.450000762939453125 33.012500762939453125 36.78125 41.25 44.63124847412109375 48.52500152587890625 50.58750152587890625 50.09999847412109375 46.83750152587890625 44.768749237060546875 43.03125 41.90625 41.012500762939453125 39.875 39.725002288818359375
76.31874847412109375 72.28125 66.53125 61.40000152587890625 56.668750762939453125 53.893749237060546875 51.387500762939453125 49.081249237060546875 49.106250762939453125 48.24375152587890625 47.356250762939453125 44.637500762939453125 41.84375 37.75 31.950000762939453125 26.612499237060546875 22.143749237060546875 19.387500762939453125 17.075000762939453125 15.193750381469726562 14.6875 14.762499809265136719 15.068750381469726562 17.068750381469726562 19.65625 22.143749237060546875 25.306249618530273438 28.712499618530273438 31.78125 35.637500762939453125 40.237499237060546875 45.231250762939453125 47.34375 48.86875152587890625 48.83750152587890625 47.00624847412109375 45.168750762939453125 43.518749237060546875 42.61875152587890625 42.90625 43.53749847412109375 43.112499237060546875 43.25624847412109375
71.6750030517578125 67.03125 61.61875152587890625 55.893749237060546875 50.58750152587890625 48.88124847412109375 47.21250152587890625 45.424999237060546875 45.637500762939453125 45.331249237060546875 44.737499237060546875 43.856250762939453125 42.96875 39.49375152587890625 33.299999237060546875 27.674999237060546875 23.149999618530273438 20.318750381469726562 17.962499618530273438 15.900000572204589844 15.412500381469726562 15.300000190734863281 15.706250190734863281 17.931249618530273438 20.537500381469726562 22.981250762939453125 26.306249618530273438 29.975000381469726562 34.106250762939453125 38.46250152587890625 43.21250152587890625 48.25624847412109375 49.28749847412109375 49.512500762939453125 48.84375 46.362499237060546875 45.075000762939453125 44.487499237060546875 44.293750762939453125 45.543750762939453125 46.49375152587890625 46.53125 47.27500152587890625
68.125 63.206249237060546875 57.09375 50.799999237060546875 46.5 44.84999847412109375 43.46875 42.25 42.46250152587890625 42.681247711181640625 42.643749237060546875 42.08750152587890625 41.5 39.375 34.03125 28.575000762939453125 24.174999237060546875 21.200000762939453125 18.75 16.799999237060546875 16.337499618530273438 16.075000762939453125 16.587499618530273438 19.018749237060546875 21.431249618530273438 24.356250762939453125 27.975000381469726562 32.02500152587890625 36.43125152587890625 41.30625152587890625 46.0625 50.75 51.856250762939453125 51.418750762939453125 50.00624847412109375 48.018749237060546875 47.5 47.1875 47.25 48.424999237060546875 49.512500762939453125 50.356250762939453125 51.49375152587890625
65.71875 61.59375 54.331249237060546875 48.09999847412109375 42.59999847412109375 41.081249237060546875 40.299999237060546875 39.4375 39.706249237060546875 40.21250152587890625 40.075000762939453125 40.262500762939453125 40.24375152587890625 38.956249237060546875 34.375 29.462499618530273438 25.068750381469726562 22.274999618530273438 19.793748855590820312 17.774999618530273438 17.268749237060546875 16.943750381469726562 17.493749618530273438 20.15625 22.856250762939453125 25.712499618530273438 30.024999618530273438 34.768749237060546875 39.331249237060546875 44.41249847412109375 49.30625152587890625 54.231250762939453125 54.106250762939453125 53.21875 52.24375152587890625 51.71875 50.88124847412109375 50.606250762939453125 51.512500762939453125 52.40000152587890625 53.987499237060546875 54.71250152587890625 55.956249237060546875
62.63124847412109375 57.6875 51.56874847412109375 46.1875 41.174999237060546875 39.9375 39.075000762939453125 38.11875152587890625 38.1875 38.799999237060546875 39.362499237060546875 40.34999847412109375 40.9375 40.59375 36.487499237060546875 31.850000381469726562 27.881250381469726562 24.768749237060546875 22.15625 19.981250762939453125 19.399999618530273438 18.9375 19.287500381469726562 22.475000381469726562 25.318750381469726562 28.518749237060546875 33.237499237060546875 38.03749847412109375 42.981250762939453125 47.918750762939453125 52.71875 56.90000152587890625 57.41249847412109375 56.40625 54.91249847412109375 54.956249237060546875 54.950000762939453125 54.71250152587890625 55.799999237060546875 57.09999847412109375 58.237499237060546875 59.356250762939453125 61.00624847412109375
58.987499237060546875 53.875 49.0625 44.21875 40.36875152587890625 39.049999237060546875 38.262500762939453125 37.424999237060546875 37.46875 38.25 38.93125152587890625 40.55625152587890625 41.981250762939453125 42.77500152587890625 38.91249847412109375 34.52500152587890625 30.575000762939453125 27.443750381469726562 24.706249237060546875 22.549999237060546875 21.756250381469726562 21.206249237060546875 21.4375 24.700000762939453125 28.174999237060546875 31.537500381469726562 36.52500152587890625 41.72499847412109375 46.96875 52.125 56.393749237060546875 60.44374847412109375 60.93125152587890625 59.56874847412109375 58.299999237060546875 58.418750762939453125 59.46250152587890625 60.05625152587890625 61.28749847412109375 62.575000762939453125 63.893749237060546875 65.1999969482421875 65.38124847412109375
55.74375152587890625 50.481250762939453125 46.200000762939453125 42.387500762939453125 39.36875152587890625 38.11875152587890625 37.28125 36.74375152587890625 37.106250762939453125 37.81874847412109375 38.637500762939453125 40.71875 43.325000762939453125 44.549999237060546875 41.049999237060546875 37.55625152587890625 34.27500152587890625 30.356250762939453125 27.418750762939453125 25.200000762939453125 24.40625 23.862499237060546875 24.075000762939453125 27.556249618530273438 31.006250381469726562 34.862499237060546875 40.1875 46.03125 52.106250762939453125 56.46250152587890625 60.19374847412109375 63.862499237060546875 63.71875 62.706249237060546875 62.34375 62.56874847412109375 64.43125152587890625 66.00624847412109375 67.75 68.99375152587890625 68.60625457763671875 68.5187530517578125 69.7624969482421875
55.21250152587890625 50.38124847412109375 46.168750762939453125 42.81874847412109375 40.18125152587890625 39.174999237060546875 38.487499237060546875 37.99375152587890625 38.424999237060546875 39.08750152587890625 39.9375 42.549999237060546875 45.27500152587890625 46.97499847412109375 44.731250762939453125 41.612499237060546875 38.55625152587890625 35.15625 31.825000762939453125 29.431249618530273438 28.71875 28.318750381469726562 28.28125 31.643749237060546875 35.625 40.006252288818359375 45.34375 51.05625152587890625 56.575000762939453125 60.90625 64.9562530517578125 68.4499969482421875 68.0500030517578125 67.22499847412109375 67.33750152587890625 68.2624969482421875 70.58750152587890625 73.4375 73.96875 76.50624847412109375 77.22499847412109375 76.27500152587890625 75.91249847412109375
54.018749237060546875 49.99375152587890625 46.90625 43.700000762939453125 41.63124847412109375 40.893749237060546875 39.893749237060546875 39.362499237060546875 40.049999237060546875 40.93125152587890625 41.856250762939453125 44.481250762939453125 48.137500762939453125 49.956249237060546875 48.21250152587890625 45.856250762939453125 43.88124847412109375 40.53749847412109375 37.043750762939453125 34.768749237060546875 33.875 33.575000762939453125 33.55625152587890625 36.84999847412109375 40.75624847412109375 45.325000762939453125 50.75624847412109375 56.387500762939453125 61.887500762939453125 64.9875030517578125 69.1374969482421875 72.59999847412109375 72.2687530517578125 72.84375 73.3000030517578125 73.7687530517578125 76.46250152587890625 80.19374847412109375 82.33750152587890625 84.69374847412109375 85.18125152587890625 83.4875030517578125 82.25
53.575000762939453125 49.66249847412109375 47.012500762939453125 44.78125 43.581249237060546875 42.575000762939453125 41.75624847412109375 41.31874847412109375 42.21875 43.075000762939453125 44.27500152587890625 46.94374847412109375 49.90625 52.674999237060546875 52.31874847412109375 51.674999237060546875 50.03749847412109375 46.799999237060546875 43.66249847412109375 41.575000762939453125 40.69374847412109375 39.481250762939453125 39.418750762939453125 42.5 47.075000762939453125 50.862499237060546875 55.99375152587890625 62.262500762939453125 67.65000152587890625 70.4875030517578125 74.05625152587890625 76.41249847412109375 76.75624847412109375 77.50624847412109375 78.13124847412109375 78.91249847412109375 81.65000152587890625 84.6437530517578125 87.1374969482421875 89.78749847412109375 91.34375 89.47499847412109375 88.33750152587890625
54.49375152587890625 51.40000152587890625 48.90000152587890625 47.15625 46.137500762939453125 45.512500762939453125 45.16249847412109375 44.637500762939453125 45.549999237060546875 46.293750762939453125 48.75624847412109375 51.043750762939453125 54.28749847412109375 58.25624847412109375 58.80625152587890625 59.481250762939453125 59.075000762939453125 56.71875 53.581249237060546875 51.34999847412109375 49.931247711181640625 48.47499847412109375 47.518749237060546875 50.36875152587890625 54.41249847412109375 57.61875152587890625 62.625 68.5625 73.8562469482421875 77.28749847412109375 79.78125 82.0437469482421875 82.03749847412109375 83 84.375 85.1999969482421875 87.16249847412109375 88.75624847412109375 91.03749847412109375 94.3625030517578125 96.00624847412109375 94.71875 94.1125030517578125
55.18125152587890625 53.012500762939453125 51.38124847412109375 49.9375 48.90000152587890625 48.5625 48.637500762939453125 48.456249237060546875 49.112499237060546875 50.393749237060546875 52.25 56.012500762939453125 59.450000762939453125 62.65000152587890625 65.1687469482421875 67.21250152587890625 69.16249847412109375 67.40625 64.875 62.606250762939453125 60.75 58.487499237060546875 56.887500762939453125 58.71875 61.55625152587890625 64.2375030517578125 69.03125 74.76874542236328125 79.59999847412109375 82.59375 85.25 87.4187469482421875 87.80625152587890625 88.55625152587890625 90.125 92.41249847412109375 93.0625 94 96.18125152587890625 97.9812469482421875 99.1374969482421875 99.72499847412109375 100.25624847412109375
56.549999237060546875 54.88124847412109375 53.78749847412109375 53.049999237060546875 52.356250762939453125 51.99375152587890625 52.46875 52.5625 52.90625 54.362499237060546875 56.90000152587890625 61.393749237060546875 65.21250152587890625 68.9875030517578125 72.7062530517578125 76.59375 79.7312469482421875 78.1750030517578125 77.13124847412109375 74.74375152587890625 72.7937469482421875 69.77500152587890625 66.71250152587890625 67.36875152587890625 68.53749847412109375 71.16249847412109375 76.0437469482421875 81.03125 85.5500030517578125 87.8625030517578125 90.08750152587890625 91.5812530517578125 92.44374847412109375 93.68125152587890625 94.84999847412109375 95.9499969482421875 97.375 99.7062530517578125 100.6374969482421875 102.3312530517578125 101.6875 101.625 103.5
59.44374847412109375 57.66249847412109375 57.043750762939453125 56.5625 56.09375 56.268749237060546875 56.36875152587890625 57.21250152587890625 58.049999237060546875 59.487499237060546875 62.575000762939453125 67.2624969482421875 72.34375 77.16249847412109375 81.6750030517578125 86.68125152587890625 90.5187530517578125 90.2624969482421875 89.7312469482421875 88.71875 85.40625 81.59375 77.06874847412109375 76.1999969482421875 76.74375152587890625 78.25 82.00624847412109375 86.6437530517578125 90.8000030517578125 92.46250152587890625 94.4562530517578125 96.0812530517578125 96.3874969482421875 97.71875 98.8125 99.00624847412109375 101.6374969482421875 102.97499847412109375 103.625 104.5437469482421875 105.13124847412109375 104.65000152587890625 104.9562530517578125
62.5 60.94374847412109375 60.33750152587890625 59.762500762939453125 60.03125 60.49375152587890625 61.200000762939453125 62.09999847412109375 63.581249237060546875 64.7062530517578125 68.90000152587890625 76.30625152587890625 81.93125152587890625 86.93125152587890625 92.36875152587890625 97.40000152587890625 102.22499847412109375 101.5437469482421875 100.65625 99.4875030517578125 96.91249847412109375 91.375 86.41249847412109375 84.25 83.9187469482421875 84.83750152587890625 87.5500030517578125 91.1125030517578125 94.78125 96.55625152587890625 98.0437469482421875 99.68125152587890625 100.72499847412109375 102.13124847412109375 103.2312469482421875 103.8937530517578125 105.43125152587890625 107.0437469482421875 106.69374847412109375 106.58124542236328125 106.68125152587890625 105.7624969482421875 106.5625
64.6750030517578125 63.637500762939453125 63.38124847412109375 62.862499237060546875 63.53125 64.7937469482421875 66.1437530517578125 67.8625030517578125 70.2312469482421875 71.8937530517578125 81.03125 88.50624847412109375 93.18125152587890625 97.6437530517578125 103.0812530517578125 108.75624847412109375 112.09999847412109375 111.58750152587890625 109.36875152587890625 106.875 104.6125030517578125 99.22499847412109375 94.3625030517578125 91.3562469482421875 89.90000152587890625 89.74375152587890625 92.44374847412109375 95.7375030517578125 98.86875152587890625 100.47499847412109375 100.25624847412109375 101.4187469482421875 102.8625030517578125 105.71875 107.3874969482421875 106.1687469482421875 107.27500152587890625 108.3000030517578125 109.5124969482421875 109.7624969482421875 108.06874847412109375 108.93125152587890625 107.49375152587890625
