data/historical-monthly-weather-data/wc2.1_cruts4.09_10m_prec_2005-09.asc
ncols        45
nrows        45
xllcorner    -63.500000000000
yllcorner    -7.500000000000
cellsize     0.166666666667
NODATA_value -9999
[rows 19 to 37 of 45, columns 0 to 43 of 45]
122.36249542236328125 123.6125030517578125 122.5812530517578125 122.46875 122.46250152587890625 121.84375 119.6687469482421875 116.4875030517578125 114.1875 109.94374847412109375 104.7687530517578125 97.74375152587890625 90 82.49375152587890625 75.55625152587890625 70.0749969482421875 63.856250762939453125 60.924999237060546875 57.03125 55.49375152587890625 51.43125152587890625 47.96250152587890625 46.875 47.581249237060546875 47.78749847412109375 46.643749237060546875 45.981250762939453125 45.46875 43.05625152587890625 40.78125 39.90000152587890625 44.3125 47.33750152587890625 51.33750152587890625 53.66249847412109375 51.581249237060546875 48.956249237060546875 46.875 44.72499847412109375 41.25 36.5 31.78125 30.212499618530273438 29.818750381469726562
114.8249969482421875 117.1875 117.625 118.0124969482421875 118.1750030517578125 116.91249847412109375 115.65625 113.56874847412109375 112.3874969482421875 109.58750152587890625 104.8000030517578125 99.03125 91.5124969482421875 83.1687469482421875 76.81874847412109375 69.84999847412109375 63.768749237060546875 59.325000762939453125 57.362499237060546875 54.15625 52.09999847412109375 50.18125152587890625 48.325000762939453125 48.887500762939453125 49.71250152587890625 49.02500152587890625 48.03125 46.59375 45.206249237060546875 45.825000762939453125 46.981250762939453125 50.90625 54.25624847412109375 58.93125152587890625 64.09375 59.49375152587890625 52.424999237060546875 47.74375152587890625 44.11875152587890625 40.6875 37.299999237060546875 34.081249237060546875 32.33750152587890625 31.65625
108.9375 110.0500030517578125 110.78125 111.68125152587890625 113.21250152587890625 113.33750152587890625 112.2312469482421875 111.6062469482421875 111.0187530517578125 109.09999847412109375 105.40000152587890625 100.65000152587890625 95.02500152587890625 87.75 80.7687530517578125 72.84375 66.5812530517578125 61.71875 59.27500152587890625 56.043750762939453125 52.418750762939453125 50.41249847412109375 48.799999237060546875 49.15625 49.41249847412109375 49.28749847412109375 50.11875152587890625 49.33750152587890625 49.674999237060546875 51.200000762939453125 52.93125152587890625 55.887500762939453125 58.43125152587890625 61.71250152587890625 62.30625152587890625 58.80625152587890625 52.393749237060546875 47.84999847412109375 44.0625 41.237499237060546875 38.88124847412109375 36.83750152587890625 35.862499237060546875 35.106250762939453125
103.88124847412109375 106.15625 106.1875 107.47499847412109375 109.03125 109.375 109.53125 109.6125030517578125 110.58750152587890625 108.75 107.3312530517578125 103.93125152587890625 100.71875 94.41249847412109375 85.2624969482421875 76.77500152587890625 69.4562530517578125 64.7687530517578125 60.90000152587890625 57.50624847412109375 54.05625152587890625 51.83750152587890625 49.762500762939453125 49.24375152587890625 49.762500762939453125 49.762500762939453125 50.643749237060546875 51.96875 52.68125152587890625 54.24375152587890625 56.91249847412109375 60.22499847412109375 61.143749237060546875 61.518749237060546875 59.737499237060546875 55.03125 50.58750152587890625 46.68125152587890625 43.86875152587890625 42.41249847412109375 41.49375152587890625 40.018749237060546875 39.168750762939453125 38.40625
100.6999969482421875 101.2312469482421875 102.1437530517578125 103.06874847412109375 104.0500030517578125 105.8312530517578125 106.7062530517578125 106.9562530517578125 108.0124969482421875 107.1687469482421875 105.8312530517578125 105.2062530517578125 104.81874847412109375 98.56874847412109375 88.5 79.50624847412109375 72.2687530517578125 67.43125152587890625 63.493747711181640625 59.518749237060546875 56.09375 53.174999237060546875 51.4375 50.99375152587890625 50.99375152587890625 50.44374847412109375 51.356250762939453125 52.80625152587890625 55.02500152587890625 57.21875 59.86875152587890625 63.137500762939453125 62.74375152587890625 61.63124847412109375 59.30625152587890625 54.09999847412109375 50.46875 47.90000152587890625 45.762500762939453125 45.262500762939453125 44.5625 43.5 43.15625 42.69374847412109375
98.8625030517578125 98.1999969482421875 98.38124847412109375 99.0500030517578125 102.86875152587890625 104.0812530517578125 104.5187530517578125 104.9375 105.52500152587890625 105.5749969482421875 105.0124969482421875 103.52500152587890625 102.00624847412109375 97.50624847412109375 89.44374847412109375 81.1437530517578125 74.49375152587890625 69.34999847412109375 65.11875152587890625 61.59999847412109375 58.3125 55.13124847412109375 53.69374847412109375 53.262500762939453125 52.18125152587890625 52.268749237060546875 53.25624847412109375 55.00624847412109375 57.28749847412109375 60.03125 62.575000762939453125 65.25624847412109375 65.08750152587890625 63.28749847412109375 60.1875 55.77500152587890625 53.168750762939453125 50.9375 49.056247711181640625 48.387500762939453125 47.78749847412109375 47.4375 47.4375 48.21250152587890625
99.4812469482421875 99.4499969482421875 98.1437530517578125 99.56874847412109375 101.4375 102.16249847412109375 102.90625 103.08750152587890625 103.38124847412109375 103.75624847412109375 102.31874847412109375 101.0187530517578125 99.08750152587890625 95.03125 88.7375030517578125 81.94374847412109375 75.65000152587890625 71.125 66.8874969482421875 63.25624847412109375 60.043750762939453125 56.84375 55.543750762939453125 55.21250152587890625 54.31874847412109375 53.78749847412109375 55.668750762939453125 58.174999237060546875 60.237499237060546875 63.09375 65.69374847412109375 68.6062469482421875 67.00624847412109375 64.78749847412109375 62.393749237060546875 59.81874847412109375 56.918750762939453125 54.731250762939453125 53.68125152587890625 52.61875152587890625 52.40000152587890625 51.90625 51.97499847412109375 53.28125
103.8625030517578125 102.5437469482421875 101.3125 101.9250030517578125 102.1999969482421875 102.625 102.44374847412109375 101.6687469482421875 100.77500152587890625 100.94374847412109375 100.56874847412109375 99.50624847412109375 97.2312469482421875 94.05625152587890625 88.72499847412109375 82.78749847412109375 77.8000030517578125 72.875 68.8000030517578125 65.16249847412109375 62.30625152587890625 59.200000762939453125 57.575000762939453125 58.25624847412109375 57.25 57.03749847412109375 59.137500762939453125 61.19374847412109375 63.50624847412109375 66.1125030517578125 68.59999847412109375 70.58750152587890625 70.02500152587890625 67.90625 65.13124847412109375 63.28125 61.293750762939453125 59.125 58.174999237060546875 57.424999237060546875 56.6875 56.5625 56.96250152587890625 57.34375
108.61875152587890625 107.28749847412109375 105.86875152587890625 104.21875 103.88124847412109375 103.03749847412109375 102.3937530517578125 101.21875 99.6437530517578125 99.7062530517578125 98.93125152587890625 97.7624969482421875 95.875 93.9187469482421875 88.88750457763671875 83.66249847412109375 78.88124847412109375 74.38750457763671875 70.43125152587890625 67.3625030517578125 64.46250152587890625 61.71875 60.125 60.575000762939453125 60.625 60.356250762939453125 62.387500762939453125 64.6750030517578125 67.06874847412109375 69.9562530517578125 71.6875 73.56874847412109375 73.21250152587890625 70.97499847412109375 68.66249847412109375 66.9250030517578125 66.1437530517578125 64.80625152587890625 63.862499237060546875 63.018749237060546875 62.31874847412109375 62.31874847412109375 61.393749237060546875 62.15000152587890625
113.71250152587890625 111.9250030517578125 108.78125 105.9812469482421875 104.25 102.4812469482421875 101.0812530517578125 100.00624847412109375 98.8312530517578125 98.11875152587890625 97.03125 95.6750030517578125 95.125 92.9499969482421875 88.4250030517578125 85.0625 81.7937469482421875 75.8125 71.80625152587890625 68.9812469482421875 66.6437530517578125 64.4562530517578125 63.168750762939453125 63.875 63.47499847412109375 63.83750152587890625 65.9812469482421875 68.8249969482421875 72.02500152587890625 73.7687530517578125 74.9187469482421875 76.40625 75.46875 73.88124847412109375 72.84375 71.25624847412109375 71.3000030517578125 70.96875 70.5 69.50624847412109375 67.0749969482421875 65.7375030517578125 65.8312530517578125 67.0749969482421875
117.50624847412109375 115.15000152587890625 110.22499847412109375 106.53749847412109375 103.9375 102.3562469482421875 101.0500030517578125 99.84375 98.4812469482421875 97.2375030517578125 95.9250030517578125 95.5 94.81874847412109375 93.1687469482421875 90.2624969482421875 86.54999542236328125 82.8249969482421875 78.31874847412109375 73.8249969482421875 70.9499969482421875 69.24375152587890625 67.84999847412109375 66.28125 66.7062530517578125 67.4187469482421875 68.6875 70.61875152587890625 72.97499847412109375 75.28749847412109375 77.28749847412109375 79.09999847412109375 80.58750152587890625 79.33750152587890625 77.94374847412109375 77.40625 76.6374969482421875 77.19374847412109375 78.25 76.55625152587890625 76.875 75.53125 73.4187469482421875 72.05625152587890625 72.8125
118.8625030517578125 116.2375030517578125 112.1999969482421875 107.125 104.4250030517578125 103.1125030517578125 100.9187469482421875 99.41249847412109375 98.34999847412109375 97.375 95.91249847412109375 95.30625152587890625 96.3249969482421875 94.5812530517578125 91.53125 88.13124847412109375 85.6687469482421875 81.4499969482421875 76.9562530517578125 74.58750152587890625 72.91249847412109375 72.0187530517578125 70.90000152587890625 71.1750030517578125 71.7624969482421875 73.3249969482421875 75.1875 77.2937469482421875 79.5437469482421875 80.24375152587890625 82.47499847412109375 84.1875 82.9812469482421875 83.0749969482421875 82.8874969482421875 81.625 82.63124847412109375 84.61875152587890625 84.6687469482421875 84.8937530517578125 83.40000152587890625 80.63124847412109375 78.5124969482421875 78.15000152587890625
120.5437469482421875 116.21250152587890625 111.6125030517578125 107.44374847412109375 105.53125 103.2687530517578125 101.30625152587890625 99.80625152587890625 99.0187530517578125 97.68125152587890625 96.625 95.9375 95.36875152587890625 95.19374847412109375 93.6437530517578125 92.21250152587890625 89.4375 85.56874847412109375 82.15000152587890625 80.3625030517578125 79.0124969482421875 76.69374847412109375 75.71875 75.6875 77.50624847412109375 77.8625030517578125 79.1999969482421875 82.0812530517578125 84.11875152587890625 84.81874847412109375 86.63124847412109375 87.2375030517578125 86.8000030517578125 87.00624847412109375 86.90625 86.0500030517578125 87.1437530517578125 88.4375 89.0437469482421875 89.8000030517578125 89.5187530517578125 86.71250152587890625 84.8000030517578125 83.5749969482421875
116.9562530517578125 113.7062530517578125 109.2624969482421875 106.0124969482421875 104.25 102.5749969482421875 101.36875152587890625 99.46875 98.71875 97.27500152587890625 98.94374847412109375 97.5187530517578125 97.5 99.21875 98.08750152587890625 97.68125152587890625 95.96875 93.625 90.46250152587890625 88.58750152587890625 86.3312530517578125 83.72499847412109375 81.31874847412109375 81.31874847412109375 82.7062530517578125 82.625 83.9562530517578125 86.4499969482421875 88.4875030517578125 90.25624847412109375 91.13124847412109375 91.91249847412109375 90.9812469482421875 91.25624847412109375 91.84999847412109375 91.09375 91.4562530517578125 91.4250030517578125 92.2375030517578125 94.06874847412109375 94.2937469482421875 92.25 90.9375 89.52500152587890625
111.69374847412109375 109.75 107.1437530517578125 104.68125152587890625 102.80625152587890625 101.52500152587890625 100.9562530517578125 99.6062469482421875 98.46250152587890625 98.3000030517578125 98.80625152587890625 100.2624969482421875 100.63124847412109375 100.86875152587890625 101.8249969482421875 102.3000030517578125 103.0500030517578125 101.61875152587890625 99.59375 97.6999969482421875 94.8874969482421875 91.1687469482421875 87.96250152587890625 86.94374847412109375 87.0625 86.8312530517578125 88.1062469482421875 90.5 92.21250152587890625 93.72499847412109375 95.18125152587890625 96.16249847412109375 95.5812530517578125 95.4562530517578125 96.11875152587890625 97.00624847412109375 96.0625 95.4812469482421875 96.59375 97.375 97.5625 97.55625152587890625 97.52500152587890625 96.63124847412109375
107.43125152587890625 105.99375152587890625 104.47499847412109375 103.4812469482421875 102.3874969482421875 100.8874969482421875 100.84375 99.90625 98.30625152587890625 98.6125030517578125 100.44374847412109375 103.15625 104.1687469482421875 105.125 106.8125 108.7624969482421875 110.15000152587890625 108.83750152587890625 108.94374847412109375 106.9375 104.1437530517578125 99.6062469482421875 94.5500030517578125 92.4875030517578125 90.96250152587890625 91.2062530517578125 92.875 94.5 96.0749969482421875 97.1437530517578125 98.4812469482421875 98.96250152587890625 98.88124847412109375 99.1437530517578125 99.29375457763671875 99.03749847412109375 99.0749969482421875 100.09999847412109375 100.36875152587890625 101.4562530517578125 100.25624847412109375 99.8125 101.28125 100.47499847412109375
103.1374969482421875 101.56874847412109375 101 100.5187530517578125 99.8625030517578125 99.34999847412109375 98.58750152587890625 98.9562530517578125 98.30625152587890625 98.46875 101.05625152587890625 104.1062469482421875 107.27500152587890625 109.84375 112.06874847412109375 114.8625030517578125 116.59375 116.78125 117.28749847412109375 117.0437469482421875 112.5749969482421875 107.2687530517578125 100.74375152587890625 97.3625030517578125 95.6687469482421875 95.0500030517578125 95.88124847412109375 97.5812530517578125 99.1437530517578125 99.7687530517578125 101.03749847412109375 101.88124847412109375 101.1999969482421875 101.5812530517578125 101.6999969482421875 100.8249969482421875 102.40000152587890625 102.7687530517578125 102.93125152587890625 103.4375 103.65000152587890625 102.89374542236328125 102.9375 102.8562469482421875
98.90625 97.84375 97.34375 96.74375152587890625 97.34375 97.3562469482421875 97.5812530517578125 97.99375152587890625 98.34375 98.0625 102.0812530517578125 109.15000152587890625 113.0812530517578125 115.9187469482421875 118.90000152587890625 121.15000152587890625 123.6374969482421875 123.0500030517578125 122.8874969482421875 122.24375152587890625 118.9499969482421875 111.875 105.31874847412109375 101.06874847412109375 98.91249847412109375 98.15625 98.33750152587890625 99.38124847412109375 100.875 101.84375 102.75624847412109375 103.77500152587890625 103.9375 104.40000152587890625 104.6125030517578125 104.5187530517578125 105.34375 106.28125 105.63124847412109375 105.27500152587890625 105.1437530517578125 104.06874847412109375 104.69374847412109375 105.2062530517578125
94.40625 94.125 94.11875152587890625 93.5625 94.6374969482421875 95.8000030517578125 96.94374847412109375 98.46875 100.06874847412109375 100.46250152587890625 110.91249847412109375 117.7624969482421875 120.44374847412109375 122.63124847412109375 125.25624847412109375 127.93125152587890625 128.399993896484375 127.8562469482421875 125.9187469482421875 123.58750152587890625 120.85625457763671875 114.3937530517578125 108.4250030517578125 103.8562469482421875 101.0124969482421875 99.5500030517578125 100.2937469482421875 101.53749847412109375 102.88124847412109375 103.8937530517578125 103.1999969482421875 103.9250030517578125 104.5500030517578125 106.55625152587890625 107.43125152587890625 105.75624847412109375 106.44374847412109375 107.09375 108.1374969482421875 108.2937469482421875 106.4875030517578125 107.25624847412109375 105.8000030517578125 105.33750152587890625
