data/historical-monthly-weather-data/wc2.1_cruts4.09_10m_prec_1972-01.asc
ncols        45
nrows        45
xllcorner    -63.500000000000
yllcorner    -7.500000000000
cellsize     0.166666666667
NODATA_value -9999
[rows 20 to 39 of 45, columns 0 to 43 of 45]
280.67498779296875 280.087493896484375 279.024993896484375 279.375 280.006256103515625 283.16876220703125 286.90625 288.212493896484375 288.993743896484375 287.631256103515625 285.34375 284.14373779296875 285.60626220703125 287.443756103515625 273.899993896484375 252.2937469482421875 236.1125030517578125 227.212493896484375 224.100006103515625 223 237.2937469482421875 252.649993896484375 266.11248779296875 276.024993896484375 286.056243896484375 296.149993896484375 302.600006103515625 309.193756103515625 314.83123779296875 317.11248779296875 312.01873779296875 301.88751220703125 285.631256103515625 268.88751220703125 254.3249969482421875 266.65625 287.668731689453125 301.15625 304.125 296.89373779296875 282.79376220703125 267.381256103515625 255.7874908447265625 246.03125
271.67498779296875 269.8125 268.51873779296875 269.8499755859375 272.568756103515625 276.412506103515625 280.20623779296875 283.70001220703125 284.90625 279.981231689453125 273.01873779296875 264.64373779296875 259.4375 257.181243896484375 250.3312530517578125 238.462493896484375 229.225006103515625 223.4375 219.962493896484375 219.368743896484375 229.8562469482421875 243.475006103515625 257.32501220703125 267.712493896484375 278.4375 289.774993896484375 299.225006103515625 303.98748779296875 306.51873779296875 304.806243896484375 296.48126220703125 286.60626220703125 276.725006103515625 270.100006103515625 266.712493896484375 278.51251220703125 300.662506103515625 318.15625 320.975006103515625 310.41876220703125 293.3125 275.1875 260.79998779296875 248.53125
262.90625 261.193756103515625 257.943756103515625 258.84375 262.90625 269.024993896484375 273.58123779296875 278.087493896484375 281.725006103515625 272.90625 259.037506103515625 243.4250030517578125 232.306243896484375 229.5562591552734375 229.375 226.0124969482421875 220.631256103515625 217.28125 214.5500030517578125 213.75 223.2687530517578125 234.524993896484375 245.787506103515625 255.6999969482421875 268.212493896484375 282.100006103515625 292.818756103515625 297.15625 297.67498779296875 292.256256103515625 283.23126220703125 275.462493896484375 274.943756103515625 275.89373779296875 280.662506103515625 292.462493896484375 315.337493896484375 341.506256103515625 341.818756103515625 322.29376220703125 301.443756103515625 281.90625 263.681243896484375 249.399993896484375
253.6062469482421875 250.056243896484375 245.649993896484375 247.306243896484375 253.1999969482421875 259.649993896484375 265.75 270.71875 272.65625 261.98126220703125 246.15625 229.774993896484375 212.5875091552734375 212.8937530517578125 217.712493896484375 217.818756103515625 214.9499969482421875 212.618743896484375 210.399993896484375 209.6687469482421875 216.506256103515625 225.243743896484375 234.337493896484375 243.181243896484375 256.23126220703125 269.86248779296875 282.199981689453125 286.368743896484375 287.20623779296875 284.756256103515625 279.618743896484375 276.306243896484375 278.912506103515625 283.556243896484375 291.068756103515625 303.387481689453125 323.056243896484375 345.756256103515625 345.506256103515625 326.66876220703125 305.76251220703125 285.399993896484375 267.381256103515625 252.618743896484375
245.6125030517578125 241.068756103515625 235.25 239.40625 248.09375 253.6875 258.20001220703125 261.375 260.04998779296875 251.8312530517578125 239.1125030517578125 225.818756103515625 214.587493896484375 212.443756103515625 213.5749969482421875 213.8874969482421875 212.1999969482421875 210.850006103515625 208.068756103515625 205.3874969482421875 210.037506103515625 215.3937530517578125 221.7687530517578125 229.256256103515625 241.068756103515625 255.568756103515625 266.725006103515625 275.118743896484375 279.17498779296875 281.26251220703125 281.149993896484375 282.76873779296875 285.66876220703125 291.368743896484375 299.131256103515625 308.42498779296875 322.95001220703125 333.462493896484375 332.756256103515625 321.462493896484375 304.20001220703125 285.806243896484375 269.23748779296875 256.29998779296875
243.5625 241.681243896484375 237.3874969482421875 240.65625 245.412506103515625 249.78125 252.40625 252.5812530517578125 249.9250030517578125 243.274993896484375 234.7937469482421875 226.7750091552734375 219.4812469482421875 216.2375030517578125 214.412506103515625 213.40625 212.037506103515625 210.4499969482421875 207.25 203.274993896484375 205.90625 207.125 210.1062469482421875 214.8125 226.6374969482421875 241.943756103515625 255.743743896484375 265.875 273.66876220703125 277.162506103515625 282.98748779296875 288.631256103515625 293.51251220703125 297.60626220703125 304.36248779296875 310.774993896484375 319.34375 323.89373779296875 322.04998779296875 313.3125 300.03125 283.28125 267.08123779296875 255.5
245.725006103515625 245.0625 244.1062469482421875 245.7624969482421875 247.625 249.912506103515625 251.118743896484375 248.881256103515625 245.587493896484375 241.443756103515625 235.818756103515625 230.8937530517578125 226.3312530517578125 223.618743896484375 220.46875 218.6062469482421875 216.625 214.3562469482421875 211.2375030517578125 205.65625 204.65625 204.3937530517578125 202.75 205.5 218.7624969482421875 233.28125 247.0187530517578125 258.625 268.63751220703125 275.056243896484375 283.806243896484375 291.399993896484375 298.01873779296875 301.699981689453125 305.475006103515625 310.806243896484375 316.32501220703125 317.181243896484375 313.087493896484375 306.193756103515625 294.21875 277.10626220703125 261.850006103515625 251.3125
250.125 249.4187469482421875 250.412506103515625 251.6999969482421875 252.5625 252.087493896484375 250.9250030517578125 247.5500030517578125 244.6374969482421875 240.90625 237.0124969482421875 234.6437530517578125 231.75 229.850006103515625 226.6062469482421875 224.3562469482421875 221.7937469482421875 220.7062530517578125 215.681243896484375 210.3125 208.618743896484375 205.2062530517578125 205.0500030517578125 208.0625 217.6750030517578125 229.337493896484375 242.024993896484375 253.212493896484375 264.10626220703125 273.506256103515625 282.287506103515625 290.693756103515625 297.09375 300.23126220703125 303.96875 308.4375 311.412506103515625 312.17498779296875 308.98126220703125 301.600006103515625 291.63751220703125 275.399993896484375 258.73126220703125 249.681243896484375
253.7687530517578125 254.1999969482421875 255.818756103515625 258.03125 258.493743896484375 255.6687469482421875 251.0625 247.5437469482421875 244.193756103515625 241.3249969482421875 238.9812469482421875 237.7624969482421875 236.6374969482421875 237.0437469482421875 234.350006103515625 232.6125030517578125 231.8000030517578125 228.9375 224.0500030517578125 218.087493896484375 214.193756103515625 209.6125030517578125 208.3249969482421875 211.6687469482421875 218.756256103515625 227.631256103515625 239.256256103515625 250.149993896484375 261.78125 271.618743896484375 279.86248779296875 287.95001220703125 293.8125 298.125 302.350006103515625 305.67498779296875 309.11248779296875 309.693756103515625 307.45001220703125 300.63751220703125 289.38751220703125 274.375 261.899993896484375 259.28125
262.29376220703125 263.03125 265.98126220703125 269.01251220703125 268.45001220703125 262.25 255.0500030517578125 250.3312530517578125 246.6875 243.4250030517578125 242.2062530517578125 243.056243896484375 243.7312469482421875 245.1687469482421875 244.318756103515625 242.9187469482421875 241.693756103515625 239.59375 235.8249969482421875 228.6374969482421875 223.0437469482421875 218.6687469482421875 215.662506103515625 217.600006103515625 223.1125030517578125 230.3125 240.381256103515625 250.350006103515625 261.21875 269.837493896484375 278.29998779296875 285.806243896484375 290.08123779296875 294.85626220703125 298.306243896484375 301.774993896484375 304.48748779296875 306.84375 304.54998779296875 299.70623779296875 292.443756103515625 281.01251220703125 272.07501220703125 270.07501220703125
269.48126220703125 270.58123779296875 271.975006103515625 274.83123779296875 275.100006103515625 265.556243896484375 257.88751220703125 251.787506103515625 248.225006103515625 246.0124969482421875 245.975006103515625 248.149993896484375 250.5 252.306243896484375 253.068756103515625 252.6125030517578125 252.6437530517578125 251.274993896484375 247.649993896484375 240.381256103515625 232.9875030517578125 226.6687469482421875 223.243743896484375 223.75 227.0124969482421875 233.443756103515625 242.556243896484375 251.537506103515625 262.09375 269.29998779296875 276.993743896484375 284.01251220703125 287.16876220703125 291.01873779296875 294.037506103515625 297.48126220703125 300.03125 303.73126220703125 303.54998779296875 300.35626220703125 296.41876220703125 287.54376220703125 280.368743896484375 275.006256103515625
274.51251220703125 274.98126220703125 275.037506103515625 275.51251220703125 273.48126220703125 265.431243896484375 259.350006103515625 252.4562530517578125 249.431243896484375 247.850006103515625 248.4250030517578125 251.7624969482421875 255.662506103515625 259.774993896484375 261.931243896484375 262.368743896484375 261.70623779296875 259.850006103515625 255.131256103515625 248.8874969482421875 240.5500030517578125 233.399993896484375 229.399993896484375 228.7687530517578125 231.7937469482421875 236.4187469482421875 244.068756103515625 252.8562469482421875 261.51873779296875 269 275.75 281.76873779296875 284.48748779296875 287.5 290.07501220703125 292.774993896484375 297.01251220703125 299.181243896484375 298.756256103515625 297.899993896484375 298.79998779296875 292.23126220703125 286.225006103515625 283.212493896484375
280.17498779296875 280.0625 279.82501220703125 278.96875 275.087493896484375 267.88751220703125 260.96875 254.743743896484375 250.5 250.431243896484375 253.0749969482421875 257.600006103515625 264.20623779296875 270.756256103515625 272.625 272.993743896484375 271.881256103515625 268.17498779296875 262.725006103515625 257 249.443756103515625 242.712493896484375 238.212493896484375 238.381256103515625 240.1437530517578125 243.943756103515625 250.3249969482421875 256.61248779296875 264.0625 271.306243896484375 276.181243896484375 279.568756103515625 281.54376220703125 283.881256103515625 284.712493896484375 287.243743896484375 289.931243896484375 291.431243896484375 289.57501220703125 291.993743896484375 292.95001220703125 288.556243896484375 285.193756103515625 284.618743896484375
285.100006103515625 284.60626220703125 283.368743896484375 281.662506103515625 276.387481689453125 269.73748779296875 263.25 256.662506103515625 252.381256103515625 251.068756103515625 254.475006103515625 263.51251220703125 273.306243896484375 280.48748779296875 282.86248779296875 282.78125 282.45623779296875 278.375 271.375 264.556243896484375 257.91876220703125 252.068756103515625 247.9375 247.274993896484375 248.2624969482421875 250.506256103515625 255.3249969482421875 261.368743896484375 268.381256103515625 272.806243896484375 276.787506103515625 278.95001220703125 279.118743896484375 280.45001220703125 280.21875 281.287506103515625 282.006256103515625 281.212493896484375 280.725006103515625 282.256256103515625 282.293731689453125 280.006256103515625 278.931243896484375 279.931243896484375
291.38751220703125 289.462493896484375 287.381256103515625 283.79376220703125 278.70001220703125 272.36248779296875 264.787506103515625 257.76873779296875 251.1125030517578125 250.25 256.4375 268.725006103515625 283.4375 293.21875 295.14373779296875 293.86248779296875 292.48126220703125 286.8125 279.375 270.899993896484375 265.568756103515625 260.51873779296875 256.78125 255.3562469482421875 255.8625030517578125 256.21875 260.92498779296875 266.66876220703125 272.46875 274.64373779296875 276.931243896484375 278.58123779296875 277.725006103515625 276.556243896484375 274.63751220703125 273.96875 272.337493896484375 272.493743896484375 271.337493896484375 270.287506103515625 269.681243896484375 267.26873779296875 266.962493896484375 267.65625
298.381256103515625 295.399993896484375 292.337493896484375 287.943756103515625 282.48126220703125 274.524993896484375 266.88751220703125 258.125 249.899993896484375 247.868743896484375 256.54998779296875 273.993743896484375 292.48748779296875 304.006256103515625 306.256256103515625 304.83123779296875 301.67498779296875 295.212493896484375 287.181243896484375 278.34375 272.587493896484375 268.53125 264.61248779296875 262.993743896484375 263.58123779296875 265.125 269.149993896484375 274.524993896484375 279.95623779296875 280.17498779296875 280.95623779296875 280.3125 278.64373779296875 276.068756103515625 272.20001220703125 268.41876220703125 267.04376220703125 264.29376220703125 260.03125 257.537506103515625 255.7312469482421875 253.3562469482421875 251.712493896484375 251.6125030517578125
305.38751220703125 301.993743896484375 297.4375 292.493743896484375 286.631256103515625 278.82501220703125 271.649993896484375 261.70623779296875 250.443756103515625 242.881256103515625 256.912506103515625 284.681243896484375 304.1875 312.931243896484375 315.806243896484375 314.625 310.83123779296875 303.631256103515625 294.96875 285.381256103515625 280.07501220703125 274.85626220703125 271.41876220703125 270.306243896484375 271.67498779296875 274.28125 278.20001220703125 283.73748779296875 288.506256103515625 287.14373779296875 285.5 282.82501220703125 280.024993896484375 276.118743896484375 270.35626220703125 264.850006103515625 260.100006103515625 254.3125 248.8312530517578125 243.8312530517578125 239.149993896484375 236.0437469482421875 234.693756103515625 233.3937530517578125
312.84375 308.8125 303.493743896484375 298.768768310546875 293.25 287.0625 279.837493896484375 270.90625 260.774993896484375 251.118743896484375 279.587493896484375 308.59375 320.556243896484375 324.712493896484375 326.41876220703125 324.39373779296875 319.243743896484375 312.243743896484375 303.70001220703125 293.725006103515625 287.33123779296875 281.03125 276.98748779296875 276.51873779296875 278.5625 282.32501220703125 285.73126220703125 290.975006103515625 295.63751220703125 293.67498779296875 289.806243896484375 284.54998779296875 280.381256103515625 275.64373779296875 268.412506103515625 260.91876220703125 252.756256103515625 245.1750030517578125 238.3874969482421875 231.381256103515625 224.556243896484375 221.4875030517578125 218.5625 215.4812469482421875
324.306243896484375 317.193756103515625 311.962493896484375 306.6875 301.40625 295.70623779296875 289.34375 285.48748779296875 285.993743896484375 299.399993896484375 333.75 338.73126220703125 337.88751220703125 337.756256103515625 337.25 333.5 328.45001220703125 319.943756103515625 310.287506103515625 300.212493896484375 291.475006103515625 284.60626220703125 280.51873779296875 280.3125 282.274993896484375 286.100006103515625 290.34375 296.006256103515625 301.462493896484375 301.16876220703125 297.662506103515625 292.57501220703125 287.14373779296875 280.28125 274.493743896484375 265.631256103515625 255.5 246.78125 238.399993896484375 229.4499969482421875 222.0812530517578125 218.337493896484375 214.84375 212.7687530517578125
336.975006103515625 328.61248779296875 321.83123779296875 314.850006103515625 310.98126220703125 306.850006103515625 303.006256103515625 304.01873779296875 310.95001220703125 326.212493896484375 344.399993896484375 352.3062744140625 351.899993896484375 350.73126220703125 348.09375 343.98748779296875 338.13751220703125 329.36248779296875 317.45001220703125 305.818756103515625 293.86248779296875 286.70001220703125 282.45001220703125 282.28125 285.037506103515625 288.86248779296875 293.943756103515625 300.774993896484375 306.462493896484375 306.71875 303.899993896484375 301.131256103515625 296.54376220703125 288.975006103515625 280.350006103515625 270.212493896484375 258.962493896484375 248.631256103515625 239 228.962493896484375 221.1750030517578125 217.193756103515625 213.2750091552734375 211.131256103515625
