data/historical-monthly-weather-data/wc2.1_cruts4.09_10m_prec_1955-12.asc
ncols        51
nrows        45
xllcorner    -63.500000000000
yllcorner    -7.500000000000
cellsize     0.166666666667
NODATA_value -9999
[rows 0 to 19 of 45, columns 0 to 44 of 51]
215.0812530517578125 208.875 201.46875 196.975006103515625 190.6875 185.818756103515625 180.0999908447265625 173.149993896484375 167.350006103515625 162.306243896484375 159.78125 156.4187469482421875 154.1062469482421875 150.0625 146.1125030517578125 142.25 138.9812469482421875 134.8562469482421875 132.287506103515625 130.068756103515625 130.4499969482421875 130.75 130.9375 130.537506103515625 129.8874969482421875 128.756256103515625 127.4499969482421875 126 124.33750152587890625 121.65000152587890625 118 114.93125152587890625 111.4812469482421875 107.61875152587890625 104.4499969482421875 108.5 112.6125030517578125 117.11875152587890625 123.65625 130.975006103515625 137.59375 141.8125 145.5812530517578125 148.21875 151.1687469482421875
216.5749969482421875 210.1062469482421875 206.0187530517578125 203.3312530517578125 199.931243896484375 194.243743896484375 187.2937469482421875 182.681243896484375 178.881256103515625 174.75 171.40625 166.693756103515625 163.5 159.6999969482421875 155.068756103515625 150.837493896484375 147.037506103515625 142.6374969482421875 138.6999969482421875 136.375 136.056243896484375 135.8562469482421875 136.225006103515625 135.399993896484375 134.34375 132.868743896484375 131.274993896484375 129.375 127.2375030517578125 124.11875152587890625 119.6750030517578125 115.91249847412109375 111.96875 108.59375 106.5 110.6999969482421875 117.75624847412109375 124.4499969482421875 131.725006103515625 139.8312530517578125 147.181243896484375 151.5812530517578125 155.493743896484375 156.9187469482421875 158.818756103515625
212.8249969482421875 207.875 205.412506103515625 203.6437530517578125 201.6437530517578125 196.806243896484375 192.6374969482421875 190.1750030517578125 187.6875 184.274993896484375 180.3249969482421875 175.6437530517578125 172.53125 168.7062530517578125 164.125 159.118743896484375 155.368743896484375 151.2937469482421875 148.125 145.787506103515625 145.2687530517578125 145.287506103515625 145.28125 142.9562530517578125 140.40625 138.5500030517578125 136.443756103515625 133.9250030517578125 131.7062530517578125 127.4562530517578125 123.09999847412109375 119.3125 117.2375030517578125 113.99375152587890625 112.56874847412109375 118.9499969482421875 126.5187530517578125 134.193756103515625 142.6875 151.1999969482421875 158.6125030517578125 162.537506103515625 165.09375 167.493743896484375 167.693756103515625
206.337493896484375 203.8000030517578125 204.0562591552734375 202.162506103515625 201.7937469482421875 198.9375 197.024993896484375 196.34375 194.8625030517578125 193.3249969482421875 189.8562469482421875 185.462493896484375 181.5 177.818756103515625 172.6875 168.0500030517578125 164.100006103515625 159.8625030517578125 157.631256103515625 157.21875 156.8249969482421875 156.2312469482421875 154.556243896484375 151.006256103515625 146.46875 143.475006103515625 141 137.600006103515625 135.2437591552734375 131.6125030517578125 127.00624847412109375 122.66249847412109375 121.86875152587890625 120.7312469482421875 120.125 127.54375457763671875 135.806243896484375 144.8312530517578125 154.5812530517578125 163.225006103515625 170.0812530517578125 173.5187530517578125 175.4812469482421875 177.7312469482421875 176.71875
208.78125 202.7937469482421875 199.8874969482421875 200.3562469482421875 201.7312469482421875 201.3249969482421875 200.631256103515625 201.1750030517578125 202.274993896484375 202.1999969482421875 198.5187530517578125 193.5187530517578125 190.4812469482421875 187.2312469482421875 181.8874969482421875 177.0124969482421875 172.7062530517578125 169.375 168.412506103515625 169.556243896484375 168.931243896484375 166.65625 163.8937530517578125 158.71875 152.6125030517578125 148.274993896484375 144.15625 140.493743896484375 137.8000030517578125 134.6374969482421875 130.5437469482421875 126.16249847412109375 126.0749969482421875 126.4187469482421875 127.33750152587890625 136.3937530517578125 146.7624969482421875 156.8249969482421875 167.03125 175.6687469482421875 182.375 184.9875030517578125 186.7687530517578125 187.068756103515625 185.7687530517578125
210.3937530517578125 205.7687530517578125 201.7687530517578125 198.912506103515625 201.5 203.9250030517578125 205.100006103515625 205.837493896484375 206.774993896484375 207.0999908447265625 204.0187530517578125 200.193756103515625 198.431243896484375 195.7937469482421875 192.381256103515625 188.4499969482421875 185.3000030517578125 181.912506103515625 183.037506103515625 183.6437530517578125 180.4187469482421875 177.25 172.71875 166.2312469482421875 159.181243896484375 153 149.524993896484375 145.5187530517578125 141.8625030517578125 138.7937469482421875 135.375 132.3000030517578125 132.4187469482421875 133.556243896484375 137.618743896484375 148.09375 159.4499969482421875 172.056243896484375 182.7687530517578125 190.024993896484375 193.875 195.649993896484375 195.1875 195.493743896484375 194.1999969482421875
213.90625 209.787506103515625 206.4812469482421875 203.21875 203.225006103515625 204.78125 206.931243896484375 207.8625030517578125 207.5374908447265625 206.1750030517578125 206.662506103515625 205.20001220703125 205.818756103515625 204.3937530517578125 202.375 200.4187469482421875 199.787506103515625 200.681243896484375 202.600006103515625 201.287506103515625 194.4187469482421875 188.6875 181.5749969482421875 173.162506103515625 165.7062530517578125 158.0124969482421875 153.493743896484375 150.3874969482421875 146.53125 143.225006103515625 140.1062469482421875 137.506256103515625 139.912506103515625 142.618743896484375 147.40625 158.75 172.0625 185.7687530517578125 198.6374969482421875 204.1374969482421875 205.5625 204.881256103515625 204.1875 202.712493896484375 199.475006103515625
217.4499969482421875 213.46875 211.068756103515625 210.193756103515625 210.756256103515625 210.693756103515625 209.6687469482421875 207.056243896484375 204.0187530517578125 204.6999969482421875 208.7937469482421875 211.2375030517578125 212.649993896484375 214.0187530517578125 213.1750030517578125 213.193756103515625 214.0187530517578125 218.131256103515625 221.462493896484375 216.78125 206.8625030517578125 197.4499969482421875 188.162506103515625 178.125 170.34375 162.587493896484375 157.256256103515625 153.5187530517578125 150.78125 148.3125 144.5500030517578125 142.4875030517578125 146.75 151.1062469482421875 158.056243896484375 169.056243896484375 182.9875030517578125 196.59375 207.006256103515625 212.475006103515625 214.587493896484375 212.9562530517578125 211.28125 208.587493896484375 202.868743896484375
223.337493896484375 220.131256103515625 218.7937469482421875 218.5812530517578125 218.631256103515625 219.21875 218.056243896484375 214.287506103515625 207.96875 206.787506103515625 213.193756103515625 217.7312469482421875 220.6374969482421875 222.274993896484375 223.068756103515625 224.3874969482421875 226.475006103515625 230.4187469482421875 232.9812469482421875 226.868743896484375 213.3499908447265625 202.46875 192.537506103515625 183.756256103515625 174.71875 166.0812530517578125 160.6374969482421875 157.125 153.881256103515625 151.65625 150 148.1437530517578125 153.100006103515625 159.381256103515625 166.649993896484375 178.256256103515625 190.8562469482421875 202.8499908447265625 211.3625030517578125 217.337493896484375 218.881256103515625 217.131256103515625 215.9562530517578125 213.587493896484375 208.881256103515625
227.8062591552734375 225.931243896484375 225.6750030517578125 226.743743896484375 227.162506103515625 228.03125 227.6125030517578125 225.212493896484375 222.1437530517578125 221.34375 224.5749969482421875 226.3625030517578125 229.9187469482421875 230.4562530517578125 232.9187469482421875 235.1437530517578125 237.193756103515625 237.8874969482421875 237.118743896484375 231.6999969482421875 218.256256103515625 206.243743896484375 195.9000091552734375 187.475006103515625 177.6687469482421875 168.443756103515625 163.243743896484375 159.462493896484375 156.725006103515625 155.350006103515625 153.787506103515625 153.0124969482421875 158.743743896484375 165.431243896484375 173.9562530517578125 186.774993896484375 198.6125030517578125 209.6875 215.931243896484375 220.943756103515625 223.46875 222.493743896484375 219.662506103515625 216.975006103515625 213.162506103515625
233.537506103515625 232.306243896484375 232.03125 232.6374969482421875 234.71875 237.5124969482421875 238.350006103515625 236.287506103515625 234.0500030517578125 234.1875 236.4875030517578125 238.1437530517578125 239.568756103515625 240.243743896484375 242.274993896484375 244.962493896484375 246.243743896484375 244.350006103515625 240.4812469482421875 234.1999969482421875 222.1875 209.756256103515625 199.087493896484375 188.2937469482421875 180.837493896484375 171.6437530517578125 165.7937469482421875 160.875 156.975006103515625 156.5124969482421875 156.09375 156.943756103515625 163.6999969482421875 171.4562530517578125 180.4499969482421875 192.4375 204.318756103515625 215.1125030517578125 222.162506103515625 226.225006103515625 228.506256103515625 226.71875 224.4875030517578125 222.181243896484375 217.537506103515625
238.556243896484375 237.3937530517578125 237.787506103515625 239.6875 242.0500030517578125 245.2937469482421875 247.5437469482421875 246.5 244.625 245.787506103515625 248.2937469482421875 250.8874969482421875 250.5625 250.5749969482421875 252.2375030517578125 252.875 252.806243896484375 247.8625030517578125 242.3937530517578125 235.850006103515625 222.537506103515625 210.6687469482421875 201.4187469482421875 191.756256103515625 183.8937530517578125 174.818756103515625 168.287506103515625 162.6125030517578125 158.0124969482421875 157.9875030517578125 158.149993896484375 159.7624969482421875 166.806243896484375 175.225006103515625 184.725006103515625 196.818756103515625 208.4375 219.431243896484375 225.631256103515625 229.756256103515625 231.9250030517578125 229.8000030517578125 226.899993896484375 223.6437530517578125 217.193756103515625
242.9187469482421875 242.7062530517578125 243.850006103515625 245.5062408447265625 248.587493896484375 251.212493896484375 253.006256103515625 253.7062530517578125 252.8625030517578125 254.8312530517578125 257.912506103515625 261.381256103515625 261.65625 260.04998779296875 261.212493896484375 260.693756103515625 258.875 253.40625 246.506256103515625 237.9812469482421875 221.8562469482421875 210.806243896484375 203.40625 194.8874969482421875 185.368743896484375 175.3937530517578125 169.125 163.9250030517578125 159.587493896484375 158.787506103515625 159.25 161.0187530517578125 168.037506103515625 176.9812469482421875 186.9250030517578125 199.975006103515625 212.587493896484375 223.787506103515625 229.618743896484375 232.4875030517578125 233.8125 232.375 227.5749969482421875 219.5437469482421875 212.693756103515625
245.6374969482421875 245.912506103515625 247.225006103515625 249.4499969482421875 252.0625 254.5687408447265625 256.381256103515625 258.9375 260.337493896484375 261.73748779296875 263.149993896484375 266.73126220703125 269.118743896484375 269.1875 268.10626220703125 268.41876220703125 265.57501220703125 258.39373779296875 250.4250030517578125 241.4562530517578125 226.5625 214.4812469482421875 205.2375030517578125 195.8125 186.118743896484375 176.5749969482421875 171.09375 164.806243896484375 159.75 158.7687530517578125 159.3249969482421875 160.9187469482421875 168.6062469482421875 177.506256103515625 188.475006103515625 201.8249969482421875 215.4875030517578125 228.6875 235.7062530517578125 240.006256103515625 237.71875 230.318756103515625 223.65625 218.34375 213.7375030517578125
248.4812469482421875 248.899993896484375 251.006256103515625 253.2375030517578125 256.25 258.51251220703125 261.649993896484375 264.48748779296875 265.98748779296875 266.787506103515625 268.037506103515625 271.975006103515625 274.17498779296875 275.39373779296875 273.76251220703125 273.618743896484375 269.58123779296875 261.88751220703125 253.712493896484375 246.431243896484375 231.5812530517578125 218.506256103515625 207.2375030517578125 197.5437469482421875 188.5 179.337493896484375 173.6374969482421875 167.4812469482421875 161.712493896484375 158.962493896484375 158.0437469482421875 159.662506103515625 167.212493896484375 176.5749969482421875 187.868743896484375 200.03125 215.1999969482421875 231.53125 242.0812530517578125 244.7375030517578125 239.381256103515625 231.7249908447265625 225.5437469482421875 220.649993896484375 213.100006103515625
249.6062469482421875 250.712493896484375 253.2624969482421875 256.506256103515625 259.67498779296875 262.53125 265.67498779296875 267.568756103515625 269.26251220703125 271.556243896484375 272.54376220703125 276.125 278.90625 280.32501220703125 279.1875 276.225006103515625 271.931243896484375 265.54376220703125 257.493743896484375 249.962493896484375 236.0625 221.756256103515625 209.5187530517578125 199.743743896484375 191.431243896484375 183.9812469482421875 178.0625 171.2624969482421875 164.068756103515625 159.0500030517578125 156.681243896484375 156.6875 162.6374969482421875 171.4250030517578125 181.5124969482421875 194.3125 211.4499969482421875 231.2624969482421875 245.5812530517578125 248.318756103515625 241.65625 233.40625 226.4187469482421875 218.25 212.2937469482421875
249.850006103515625 251.818756103515625 253.431243896484375 257.5625 261.84375 264.26873779296875 267.881256103515625 271.34375 274.10626220703125 275.73126220703125 276.875 279.8125 282.649993896484375 284.181243896484375 283.149993896484375 279.337493896484375 272.625 266.53125 260.524993896484375 253.2062530517578125 239.381256103515625 224.899993896484375 212.21875 202.556243896484375 195.193756103515625 189.2687530517578125 184.0187530517578125 175.818756103515625 165.4499969482421875 158.3125 154.3625030517578125 154.0749969482421875 157.912506103515625 162.8000030517578125 170.2937469482421875 183.75 204.1125030517578125 231.1374969482421875 255.9250030517578125 253.149993896484375 241.943756103515625 232.568756103515625 223.1437530517578125 217.100006103515625 211.5437469482421875
248.662506103515625 251.5812530517578125 253.993743896484375 258.993743896484375 263.96875 267.98748779296875 271.76251220703125 274.76873779296875 277.318756103515625 280.04376220703125 281.83123779296875 284.25 285.524993896484375 286.54376220703125 284.618743896484375 280.243743896484375 273.662506103515625 264.3125 261.375 254.9375 242.6875 228.71875 215.931243896484375 207.5124969482421875 201.03125 196.087493896484375 192.3125 181.1437530517578125 167.274993896484375 156.75 150.399993896484375 148.774993896484375 153.3249969482421875 158.618743896484375 162.037506103515625 167.5124969482421875 193.931243896484375 224.7375030517578125 245.2937469482421875 247.8874969482421875 237.7687530517578125 228.931243896484375 222.037506103515625 217.3249969482421875 212.59375
245.975006103515625 249.6374969482421875 253.649993896484375 259.35626220703125 265.243743896484375 270.181243896484375 274.29376220703125 278.96875 281.95001220703125 284.6875 285.131256103515625 285.85626220703125 287.48748779296875 288.8125 285.818756103515625 280.712493896484375 274.32501220703125 265.41876220703125 258.88751220703125 254.162506103515625 244.5500030517578125 233.8312530517578125 218.881256103515625 212.1125030517578125 207.381256103515625 202.8874969482421875 197.46875 186.462493896484375 171.212493896484375 157.21875 147.0187530517578125 148.5 155.5625 160.024993896484375 162.181243896484375 170.287506103515625 191.806243896484375 215.399993896484375 232.15625 235.9562530517578125 230.568756103515625 224.21875 219.3249969482421875 216.7312469482421875 214.5749969482421875
241.881256103515625 246.693756103515625 250.868743896484375 257.381256103515625 264.662506103515625 271.21875 276.91876220703125 282.306243896484375 286.08123779296875 287.5 288.337493896484375 290.212493896484375 291.681243896484375 291.037506103515625 286.212493896484375 278.90625 271.48748779296875 265.23748779296875 259.787506103515625 255.0625 244.006256103515625 231.90625 221.818756103515625 216.787506103515625 212.8625030517578125 208.5 202.4250030517578125 193.162506103515625 178.912506103515625 164.3937530517578125 155.4375 156.90625 162.5812530517578125 168.4499969482421875 174.34375 182.412506103515625 197.431243896484375 214.1750030517578125 225.4812469482421875 229.1687469482421875 225.71875 218.899993896484375 217.443756103515625 217.2624969482421875 216.9562530517578125
