data/historical-monthly-weather-data/wc2.1_cruts4.09_10m_prec_1985-12.asc
ncols        51
nrows        45
xllcorner    -63.500000000000
yllcorner    -7.500000000000
cellsize     0.166666666667
NODATA_value -9999
[rows 0 to 19 of 45, columns 0 to 44 of 51]
88.5625 81.99375152587890625 78.33750152587890625 76.34999847412109375 74.08750152587890625 74.5500030517578125 74.8937530517578125 74.7624969482421875 76.2375030517578125 78.03749847412109375 81.03749847412109375 84.2937469482421875 88.18125152587890625 91.09375 94.2312469482421875 97.4562530517578125 100.875 102.47499847412109375 105.03125 107.75624847412109375 111.40000152587890625 114.8249969482421875 118.4250030517578125 122.59375 126.875 130.78125 134.5124969482421875 138.3125 143.0124969482421875 152.1999969482421875 161.6125030517578125 172.2937469482421875 182 191.443756103515625 200.4499969482421875 209.6750030517578125 216.725006103515625 223.0500030517578125 224.75 226.4562530517578125 227.2874908447265625 225.8312530517578125 224.068756103515625 220.6687469482421875 217.4562530517578125
90.19374847412109375 83.09999847412109375 80.19374847412109375 78.3874969482421875 76.8249969482421875 77.2312469482421875 77.41249847412109375 78.6374969482421875 81.71875 84.75624847412109375 88.16249847412109375 91.40000152587890625 95.4812469482421875 99.1437530517578125 102.28749847412109375 105.7062530517578125 109.2375030517578125 111.65000152587890625 114.31874847412109375 118.15000152587890625 121.9562530517578125 125.63124847412109375 130.225006103515625 135.46875 140.899993896484375 145.931243896484375 149.868743896484375 153.46875 158.131256103515625 168.806243896484375 179.5187530517578125 191.5500030517578125 200.975006103515625 211.3937530517578125 222.3562469482421875 229.306243896484375 239.1750030517578125 246.743743896484375 247.0812530517578125 247.681243896484375 247.5187530517578125 245.2375030517578125 242.7687530517578125 236.6875 231.2375030517578125
95.36875152587890625 89.40625 87.8000030517578125 87.0625 86.5625 86.90000152587890625 87.71875 89.52500152587890625 93.0625 96.3125 99.27500152587890625 102.3562469482421875 106.40625 109.99375152587890625 113.21250152587890625 116.09999847412109375 119.78125 122.4875030517578125 125.8625030517578125 129.9499969482421875 135.1687469482421875 140.912506103515625 147.2062530517578125 153.8125 160.850006103515625 168.40625 172.8000030517578125 176.3312530517578125 181.75 192.3937530517578125 204.787506103515625 218.2937469482421875 231.5187530517578125 242.243743896484375 254.2687530517578125 264.725006103515625 274.29998779296875 282.54376220703125 284.26251220703125 284.693756103515625 283.556243896484375 278.600006103515625 272.04376220703125 265.662506103515625 256.056243896484375
100.30625152587890625 96.15625 96.7624969482421875 96.875 97.83750152587890625 98.5749969482421875 99.8625030517578125 102.0500030517578125 105.7312469482421875 109.6687469482421875 112.53749847412109375 115.4812469482421875 118.72499847412109375 122.125 124.86875152587890625 127.99375152587890625 131.462493896484375 133.8625030517578125 137.8000030517578125 143.693756103515625 150.9562530517578125 158.431243896484375 165.568756103515625 174.34375 182.875 192.71875 197.78125 200.7937469482421875 207.0187530517578125 219.9875030517578125 233.4812469482421875 247.212493896484375 263.11248779296875 278.04998779296875 291.42498779296875 303.056243896484375 312.90625 322.975006103515625 326.600006103515625 326.60626220703125 323.42498779296875 315.48126220703125 305.681243896484375 296.9375 283.54376220703125
110.0749969482421875 104.83750152587890625 104.6999969482421875 106.81874847412109375 109.43125152587890625 111.06874847412109375 112.46250152587890625 114.90625 119.6687469482421875 124.11875152587890625 126.4187469482421875 128.5437469482421875 131.9812469482421875 135.3249969482421875 137.71875 140.537506103515625 143.568756103515625 146.5187530517578125 151.4375 158.899993896484375 168.181243896484375 176.5749969482421875 185.2687530517578125 195.881256103515625 206.4187469482421875 218.337493896484375 222.2062530517578125 225.4812469482421875 232.024993896484375 247 262.587493896484375 277.17498779296875 294.243743896484375 311.67498779296875 327.649993896484375 341.84375 355.287506103515625 366.33123779296875 370.45001220703125 369.943756103515625 365.75 354.32501220703125 342.068756103515625 328.04998779296875 312.475006103515625
121.3625030517578125 117.3562469482421875 116.58750152587890625 116.84375 120.27500152587890625 123.5812530517578125 126.1687469482421875 128.725006103515625 133.131256103515625 137.40625 139.5625 141.850006103515625 145.662506103515625 148.90625 152.243743896484375 155.2062530517578125 158.837493896484375 162.1062469482421875 169.4250030517578125 177.2937469482421875 186.725006103515625 197.243743896484375 206.96875 218.53125 230.256256103515625 241.8625030517578125 247.59375 250.962493896484375 256.54376220703125 271.96875 289.03125 306.29376220703125 321.850006103515625 338.631256103515625 359.90625 376.399993896484375 390.981231689453125 407.26251220703125 413.29376220703125 410.712493896484375 401.41876220703125 389.04998779296875 373.11248779296875 359.493743896484375 343.756256103515625
134.8000030517578125 131.6687469482421875 131.15625 130.899993896484375 132.725006103515625 135.65625 138.993743896484375 141.75 144.90625 147.524993896484375 151.5500030517578125 154.850006103515625 159.868743896484375 163.443756103515625 167.1437530517578125 171.037506103515625 176.2937469482421875 183.9499969482421875 192.8874969482421875 200.068756103515625 208.993743896484375 220.25 230.2687530517578125 241.71875 255.212493896484375 266.66876220703125 271.48126220703125 277.03125 282.75 297.82501220703125 315.274993896484375 332.931243896484375 351.45001220703125 368.96875 388.96875 406.337493896484375 424.79998779296875 443.037506103515625 455.45623779296875 450.412506103515625 437.23126220703125 421.100006103515625 405.79998779296875 389.73748779296875 370.631256103515625
148.9812469482421875 146.4812469482421875 146.399993896484375 147.5500030517578125 149.65625 151.600006103515625 152.8625030517578125 153.024993896484375 153.587493896484375 157.100006103515625 163.412506103515625 169.1437530517578125 174.243743896484375 179.524993896484375 183.4187469482421875 188.212493896484375 194.2312469482421875 205.4875030517578125 216.693756103515625 221.631256103515625 230.5749969482421875 241.1062469482421875 251.6374969482421875 263 278.16876220703125 291.53125 295.618743896484375 300.48126220703125 308.931243896484375 325.26251220703125 340.48748779296875 358.0625 378.33123779296875 396.649993896484375 419.056243896484375 434.1875 453.412506103515625 471.04376220703125 479.78125 476.89373779296875 467.15625 450.587493896484375 434.84375 417.556243896484375 394
163.7624969482421875 162.056243896484375 162.65625 164.193756103515625 165.9187469482421875 168.2312469482421875 169.1750030517578125 168.1812591552734375 165.818756103515625 167.600006103515625 175.618743896484375 182.6999969482421875 188.681243896484375 193.7375030517578125 198.59375 204.09375 210.90625 222.9375 234.4562530517578125 239.037506103515625 246.3312530517578125 257.524993896484375 269.506256103515625 284.16876220703125 298.79998779296875 311.931243896484375 316.0625 321.61248779296875 328.78125 343.006256103515625 359.725006103515625 374.38751220703125 393.64373779296875 414.11248779296875 434.774993896484375 451.32501220703125 467.475006103515625 482 489.07501220703125 490.51873779296875 482.46875 468.6875 456.75 442.306243896484375 420.868743896484375
178.087493896484375 177.6125030517578125 179 181.53125 183.506256103515625 185.8874969482421875 187.1999969482421875 186.9499969482421875 186.868743896484375 188.7687530517578125 194.181243896484375 198.631256103515625 204.78125 208.3937530517578125 214.256256103515625 220.03125 226.443756103515625 236.15625 245.274993896484375 251.5124969482421875 260.70001220703125 272.76873779296875 286.287506103515625 302.76873779296875 317.331268310546875 330.375 335 339.993743896484375 347.818756103515625 360.693756103515625 373.66876220703125 386.92498779296875 405.225006103515625 424.07501220703125 445.568756103515625 465.23126220703125 480.125 493.425018310546875 498.11248779296875 500.475006103515625 497.712493896484375 488.76251220703125 476.26251220703125 463.66876220703125 444.40625
193.9375 194.193756103515625 195.5437469482421875 197.6687469482421875 201.0187530517578125 204.9250030517578125 207.1062469482421875 206.850006103515625 207.149993896484375 209.6999969482421875 214.181243896484375 218.162506103515625 222.006256103515625 225.28125 230.1999969482421875 235.806243896484375 241.0187530517578125 248.9124908447265625 255.6687469482421875 261.712493896484375 274.39373779296875 288.024993896484375 303.23748779296875 316.95001220703125 336.35626220703125 350.337493896484375 353.63751220703125 355.96875 360.45001220703125 371.89373779296875 383.306243896484375 396.48126220703125 414.625 433.59375 454.006256103515625 471.79376220703125 487.350006103515625 500.9375 510.03125 513.0999755859375 512.5562744140625 504.98748779296875 496.88751220703125 487.681243896484375 466.98126220703125
207.3000030517578125 207.443756103515625 209.306243896484375 212.618743896484375 216.287506103515625 220.787506103515625 224.4250030517578125 225.118743896484375 225.631256103515625 228.9812469482421875 233.662506103515625 238.5625 240.693756103515625 243.21875 247.7687530517578125 251.306243896484375 255.1999969482421875 260.34375 265.681243896484375 271.86248779296875 284.01251220703125 299.70623779296875 318.36248779296875 333.76251220703125 352.34375 366.149993896484375 367.337493896484375 367.20623779296875 368.899993896484375 378.29998779296875 387.693756103515625 399.45001220703125 416.66876220703125 435.931243896484375 456.274993896484375 473.8125 488.48748779296875 502.399993896484375 510.51251220703125 514.8125 515.4312744140625 510.04376220703125 503.524993896484375 494.84375 470.95623779296875
220.28125 220.975006103515625 223.537506103515625 226.65625 231.087493896484375 235.306243896484375 238.7687530517578125 241.2375030517578125 242.568756103515625 246.6875 251.912506103515625 257.64373779296875 260.243743896484375 261.068756103515625 265.118743896484375 267.51251220703125 269.625 274.537506103515625 278.625 282.875 292.524993896484375 310.4375 333.212493896484375 350.237518310546875 365.01873779296875 375.975006103515625 376.70001220703125 376.587493896484375 377.600006103515625 382.17498779296875 388.98748779296875 398.024993896484375 413.6875 433.0625 453.39373779296875 472.712493896484375 489.287506103515625 503.36248779296875 511.26873779296875 513.6312255859375 513.5562744140625 512.51873779296875 504.8125 488.13751220703125 464.368743896484375
232.0625 232.9562530517578125 235.6374969482421875 239.3000030517578125 243.412506103515625 247.8000030517578125 251.5749969482421875 256.131256103515625 259.57501220703125 263.09375 266.649993896484375 272.506256103515625 277.1875 279.537506103515625 281.274993896484375 284.51251220703125 285.54998779296875 288.8125 291.89373779296875 295.9375 308.42498779296875 326.631256103515625 347.91876220703125 362.6875 375.86248779296875 386.32501220703125 387.76873779296875 384.125 382.03125 383.412506103515625 387.475006103515625 393.243743896484375 409.368743896484375 427.70623779296875 449.587493896484375 469.42498779296875 488.274993896484375 506.818756103515625 518.375 525.0875244140625 518.48126220703125 506.399993896484375 496.63751220703125 487.75 469.48126220703125
242.6999969482421875 243.431243896484375 246.96875 250.7687530517578125 255.4562530517578125 259.9375 265.45623779296875 270.67498779296875 274.493743896484375 277.587493896484375 281.23126220703125 288.04998779296875 293.118743896484375 297.1875 298.524993896484375 301.45001220703125 301.162506103515625 303.431243896484375 305.73126220703125 311.524993896484375 324.91876220703125 342.82501220703125 361.48748779296875 373.875 385.76873779296875 394.506256103515625 394.462493896484375 390.36248779296875 385.75 381.431243896484375 380.39373779296875 384.962493896484375 400.912506103515625 420.61248779296875 443.743743896484375 462.1875 486.01251220703125 513.2562255859375 536.2750244140625 543.29376220703125 532.5374755859375 517.3499755859375 505.375 494.61248779296875 469.04376220703125
251.6875 252.8000030517578125 256.82501220703125 261.83123779296875 266.899993896484375 272.399993896484375 278.36248779296875 283 287.3125 292.274993896484375 295.9375 303.125 309.54376220703125 314.48126220703125 316.600006103515625 316.53125 315.89373779296875 319.07501220703125 320.881256103515625 325.96875 341.274993896484375 358.212493896484375 375.6875 385.70001220703125 396.23748779296875 405.95001220703125 404.475006103515625 398.306243896484375 389.506256103515625 378.65625 372.96875 372.76251220703125 385.181243896484375 404.07501220703125 425.037506103515625 446.756256103515625 476.92498779296875 514.1312255859375 549.8062744140625 561.51873779296875 550.84375 530.71875 512.54998779296875 490.88751220703125 467.79998779296875
260.125 261.83123779296875 264.993743896484375 271.14373779296875 277.568756103515625 283.08123779296875 290.04998779296875 296.868743896484375 302.61248779296875 307.087493896484375 311.25 318.42498779296875 325.64373779296875 331.318756103515625 333.76251220703125 332.83123779296875 329.256256103515625 332.08123779296875 335.61248779296875 340.381256103515625 356.131256103515625 373.28125 390.131256103515625 397.975006103515625 407.600006103515625 417.95001220703125 417.20001220703125 407.20623779296875 390.34375 373.537506103515625 363.162506103515625 361.412506103515625 369.35626220703125 379.76873779296875 395.53125 420.61248779296875 460.07501220703125 515.5250244140625 578.48748779296875 581.6500244140625 562.9437255859375 536.9312744140625 509.45623779296875 489.493743896484375 466.46875
268.09375 270.337493896484375 274.618743896484375 282.0625 289.73126220703125 297.625 305.48748779296875 312.443756103515625 318.162506103515625 323.98748779296875 328.96875 336.08123779296875 342 347.53125 349.193756103515625 347.64373779296875 343.993743896484375 341.51251220703125 347.78125 352.506256103515625 369.162506103515625 385.61248779296875 400.73748779296875 408.725006103515625 417.743743896484375 428.037506103515625 430.15625 413.462493896484375 388.462493896484375 363.681243896484375 347.58123779296875 342.70001220703125 353.48126220703125 366.23748779296875 374.056243896484375 382.91876220703125 438.53125 504.649993896484375 556.7874755859375 570.20623779296875 552.375 527.42498779296875 505.84375 488.84375 467.39373779296875
274.618743896484375 277.3125 283.587493896484375 292.28125 301.462493896484375 311.09375 320.181243896484375 329.73748779296875 336.14373779296875 342.118743896484375 345.618743896484375 351.131256103515625 358.01873779296875 364.368743896484375 364.912506103515625 362.51873779296875 358.9375 355.693756103515625 355.806243896484375 361.36248779296875 379.92498779296875 399.662506103515625 408.962493896484375 417.8125 427.9375 436.962493896484375 435.0625 418.84375 390.899993896484375 358.33123779296875 333.506256103515625 335.6875 353.412506103515625 365.79998779296875 372.318756103515625 388.975006103515625 435.48126220703125 487.16876220703125 528.8499755859375 542.08123779296875 532.89373779296875 514.03125 497.71875 485.975006103515625 470
279.875 283.48748779296875 290.21875 300.35626220703125 311.70623779296875 323.962493896484375 335.662506103515625 346.79376220703125 354.337493896484375 358.6875 362.71875 369.98748779296875 377.0625 381.33123779296875 379.58123779296875 374.23126220703125 368.943756103515625 367.8125 367.943756103515625 372.068756103515625 385.96875 400.725006103515625 415.75 425.67498779296875 435.21875 442.54376220703125 438.925018310546875 426.693756103515625 401.381256103515625 367.806243896484375 345.806243896484375 347.86248779296875 363.76251220703125 380.9375 397.725006103515625 416.118743896484375 449.76873779296875 487.60626220703125 515.36248779296875 526.23126220703125 519.6937255859375 500.03125 492.024993896484375 486.08123779296875 473.868743896484375
