data/historical-monthly-weather-data/wc2.1_cruts4.09_10m_prec_2000-10.asc
ncols        51
nrows        45
xllcorner    -63.500000000000
yllcorner    -7.500000000000
cellsize     0.166666666667
NODATA_value -9999
[rows 19 to 37 of 45, columns 0 to 43 of 51]
101.5812530517578125 103.7375030517578125 104.69374847412109375 105.3625030517578125 105.75 105.4250030517578125 104.31874847412109375 102.49375152587890625 100.6374969482421875 98 93.6999969482421875 86.44374847412109375 79.125 72.44374847412109375 67.7375030517578125 63.8125 59.44374847412109375 57.53749847412109375 56.30625152587890625 56.36875152587890625 60.237499237060546875 66.33750152587890625 74.5124969482421875 82.8874969482421875 89.625 93.4812469482421875 94.77500152587890625 94.125 89.61875152587890625 83.4562530517578125 79.81874847412109375 83.81874847412109375 88.68125152587890625 93.43125152587890625 97.1062469482421875 98.86875152587890625 103.1374969482421875 110.0749969482421875 117.1750030517578125 122.63124847412109375 125.99375152587890625 124.96250152587890625 118.8937530517578125 112.5812530517578125
94.1062469482421875 97.68125152587890625 99.875 101.4187469482421875 102.41249847412109375 102.25624847412109375 101.71250152587890625 100.25624847412109375 98.7375030517578125 95.78125 91.5187530517578125 84.3312530517578125 77.2375030517578125 70.3000030517578125 65.5 61.19374847412109375 57.08750152587890625 55.02500152587890625 54.59375 54.5625 59.34999847412109375 65.56874847412109375 72.27500152587890625 79.8125 87.00624847412109375 92.27500152587890625 94.6687469482421875 93.66249847412109375 91.86875152587890625 90.5187530517578125 90.43125152587890625 93.6374969482421875 98.2375030517578125 104.2937469482421875 111.14374542236328125 112.4250030517578125 112.96250152587890625 116.4375 120.71250152587890625 125 128.0812530517578125 127.1750030517578125 122.99375152587890625 118.4250030517578125
87.2375030517578125 92.2062530517578125 95.11875152587890625 97.2062530517578125 98.88124847412109375 99.30625152587890625 98.99375152587890625 98.13124847412109375 97.34999847412109375 94.3125 89.59999847412109375 82.6750030517578125 76.0124969482421875 70.1999969482421875 65.08750152587890625 60.80625152587890625 57.16249847412109375 55.299999237060546875 54.44374847412109375 54.53125 58.44374847412109375 63.987499237060546875 70.5 77.625 84.1750030517578125 89.77500152587890625 93.9187469482421875 95.5749969482421875 96.8562469482421875 97.9812469482421875 99.53749847412109375 102.84999847412109375 107.09375 112.7375030517578125 117.30625152587890625 119.90625 120.33750152587890625 121.5500030517578125 124.21250152587890625 127.875 130.4812469482421875 129.78125 127.41249847412109375 123.59375
81.96250152587890625 88.2062530517578125 91.6374969482421875 94 95.3625030517578125 95.9187469482421875 96.0437469482421875 96.0437469482421875 96.55625152587890625 92.93125152587890625 87.91249847412109375 81.1062469482421875 75.46875 70.7062530517578125 65.59999847412109375 61.08750152587890625 57.418750762939453125 55.893749237060546875 54.84375 54.63124847412109375 58.59375 63.34375 68.84999847412109375 75.88124847412109375 82.38750457763671875 87.40000152587890625 92.7624969482421875 97.5187530517578125 100.5500030517578125 103.6437530517578125 107.46875 111.96875 115.47499847412109375 119.99375152587890625 123.46250152587890625 125.65625 126.22499847412109375 126.00624847412109375 127.9812469482421875 132.693756103515625 135.9250030517578125 135.5187530517578125 133.5749969482421875 129.9562530517578125
78.06874847412109375 84.75624847412109375 88.93125152587890625 90.6875 91.8000030517578125 92.49375152587890625 92.68125152587890625 93.16249847412109375 93.6750030517578125 90.75 85.9812469482421875 80.71250152587890625 76.25 72.3249969482421875 67.56874847412109375 63.043750762939453125 59.456249237060546875 57.72499847412109375 56.43125152587890625 55.893749237060546875 59.55625152587890625 64.05625152587890625 68.5437469482421875 75.22499847412109375 81.3249969482421875 85.75624847412109375 90.52500152587890625 97.20624542236328125 103.43125152587890625 108.5437469482421875 113.69374847412109375 118.84375 122.5437469482421875 126.15625 129.412506103515625 132.556243896484375 133.725006103515625 133.399993896484375 135.9875030517578125 140.0374908447265625 143.306243896484375 143.1125030517578125 141 137.0749969482421875
76.66249847412109375 82.55625152587890625 86.66249847412109375 87.46875 88.125 88.70624542236328125 88.8249969482421875 88.7937469482421875 88.91249847412109375 87.34999847412109375 84.44374847412109375 80.78125 77.69374847412109375 74.7375030517578125 70.0437469482421875 65.6875 61.94374847412109375 60.06874847412109375 58.53749847412109375 57.8125 60.987499237060546875 64.50624847412109375 68.81874847412109375 75.28749847412109375 81.66249847412109375 87.5625 93.0749969482421875 99.9499969482421875 106.96250152587890625 112.93125152587890625 118.65000152587890625 123.6437530517578125 128.1875 131.5749969482421875 135.0812530517578125 138.181243896484375 141.1125030517578125 143.4250030517578125 145.993743896484375 150.2687530517578125 153.4875030517578125 152.8625030517578125 150.381256103515625 147.399993896484375
76.25624847412109375 80.59999847412109375 82.65625 83.8249969482421875 84.16249847412109375 84.5812530517578125 84.68125152587890625 84.59375 85.05625152587890625 84.6374969482421875 82.4812469482421875 80.7687530517578125 79.0187530517578125 77.11875152587890625 72.9562530517578125 68.59375 64.9250030517578125 62.737499237060546875 61.081249237060546875 60.08750152587890625 62.799999237060546875 65.78749847412109375 69.56874847412109375 76.34999847412109375 83.34375 90.1437530517578125 96.83750152587890625 103.71250152587890625 110.88124847412109375 117.3125 122.49375152587890625 128.6062469482421875 133.600006103515625 137.024993896484375 141.149993896484375 144.962493896484375 148.90625 153.131256103515625 156.8937530517578125 161.53125 165.212493896484375 164.7624969482421875 161.9562530517578125 159.2624969482421875
77.3937530517578125 79.25 80.46875 81.1437530517578125 81.31874847412109375 82.0124969482421875 82.1750030517578125 82.2624969482421875 82.77500152587890625 82.59375 82.25 82.1999969482421875 82.11875152587890625 81.5124969482421875 77.46250152587890625 73.38124847412109375 69.43125152587890625 67.24375152587890625 65.2062530517578125 63.8125 65.9812469482421875 68.27500152587890625 71.36875152587890625 78.90625 86.00624847412109375 93.1875 100.28125 107.5749969482421875 115.1999969482421875 121.43125152587890625 127.5749969482421875 132.912506103515625 138.506256103515625 142.7937469482421875 146.8125 151.943756103515625 157.2375030517578125 162.65625 168.193756103515625 174.8249969482421875 179.8249969482421875 180.5625 178.8312530517578125 176.337493896484375
78.2937469482421875 78.5 78.9187469482421875 79.1750030517578125 79.09999847412109375 79.7624969482421875 80.31874847412109375 80.38124847412109375 81.11875152587890625 81.7375030517578125 82.0625 83.5625 85.38124847412109375 85.86875152587890625 82.33750152587890625 78.38124847412109375 74.7624969482421875 71.97499847412109375 69.78749847412109375 68.2937469482421875 69.56874847412109375 71.11875152587890625 73.9562530517578125 81.2312469482421875 88.65000152587890625 96.28749847412109375 104.1687469482421875 112.125 119.4250030517578125 125.5625 131.1999969482421875 137.037506103515625 142.9375 147.6687469482421875 153.131256103515625 158.7624969482421875 164.6687469482421875 172.350006103515625 179.162506103515625 188.068756103515625 196.943756103515625 198.1437530517578125 195.46875 195.0500030517578125
79.4812469482421875 78.47499847412109375 77.94374847412109375 77.8937530517578125 77.61875152587890625 77.9375 78.2687530517578125 78.6999969482421875 79.93125152587890625 81.34375 82.68125152587890625 85.5749969482421875 88.66249847412109375 90.3874969482421875 87.5124969482421875 83.78125 80.4499969482421875 77.47499847412109375 74.875 73.0500030517578125 73.47499847412109375 74.43125152587890625 76.5812530517578125 83.7624969482421875 91.36875152587890625 99.4250030517578125 107.75624847412109375 116.0812530517578125 124.47499847412109375 130.1687469482421875 135.100006103515625 140.850006103515625 147.09375 152.475006103515625 158.5124969482421875 165.3874969482421875 172.3000030517578125 180.2687530517578125 187.6687469482421875 197.681243896484375 209.0625 210.9250030517578125 209.3312530517578125 212.6437530517578125
83.4375 81.56874847412109375 80.34375 79.25624847412109375 78.6687469482421875 78.45624542236328125 78.7937469482421875 79.4187469482421875 81.34375 82.9812469482421875 85.2062530517578125 88.61875152587890625 92.71250152587890625 95.44374847412109375 93.3312530517578125 90.75624847412109375 87.72499847412109375 85.02500152587890625 82.03125 79.41249847412109375 79.4250030517578125 79.78749847412109375 81.0812530517578125 87.6687469482421875 95.27500152587890625 103.5812530517578125 111.9812469482421875 120.2687530517578125 128.1875 133.899993896484375 139.368743896484375 145.0625 151.6062469482421875 158.15625 164.5749969482421875 171.962493896484375 179.350006103515625 188.243743896484375 193.8312530517578125 202.056243896484375 212.46875 218.875 221.118743896484375 228.0500030517578125
87.74375152587890625 84.90000152587890625 83.1750030517578125 81.1062469482421875 80.0812530517578125 80.16249847412109375 80.28125 80.8937530517578125 82.95000457763671875 85.02500152587890625 88.00624847412109375 92.3625030517578125 97.4562530517578125 101.05625152587890625 99.63124847412109375 98.0500030517578125 96.21250152587890625 93.03749847412109375 89.7062530517578125 86.875 85.8937530517578125 85.5500030517578125 86.18125152587890625 92.3000030517578125 99.6062469482421875 107.3125 115.77500152587890625 124.13124847412109375 131.912506103515625 137.556243896484375 143.443756103515625 149.3249969482421875 156.3874969482421875 163.8562469482421875 171.09375 178.225006103515625 186.3874969482421875 195.71875 199.899993896484375 202.34375 212.6999969482421875 223.4250030517578125 231.375 238.7062530517578125
91.84375 88.25 85.6374969482421875 83.68125152587890625 82.83750152587890625 82.16249847412109375 82.06874847412109375 82.63750457763671875 84.97499847412109375 87.58750152587890625 90.8937530517578125 96.22499847412109375 101.7312469482421875 106.4562530517578125 106.69374847412109375 106.1374969482421875 104.6687469482421875 100.93125152587890625 97.8249969482421875 94.6687469482421875 92.90625 91.71875 91.7062530517578125 97.1437530517578125 104.06874847412109375 111.1687469482421875 119.52500152587890625 127.94374847412109375 135.6062469482421875 141.6437530517578125 147.5500030517578125 153.181243896484375 160.9562530517578125 169.600006103515625 176.912506103515625 184.837493896484375 193.618743896484375 202.975006103515625 205.53125 209.1374969482421875 220.243743896484375 232.4375 241.462493896484375 251.0124969482421875
98.44374847412109375 94.3625030517578125 91.5 89.56874847412109375 88.03125 87.15625 86.7312469482421875 86.9375 89.0500030517578125 91.83750152587890625 96.6125030517578125 102.0124969482421875 108.46250152587890625 114.4187469482421875 115.5500030517578125 115.61875152587890625 114.53125 110.84375 107.2624969482421875 103.8625030517578125 101.66249847412109375 100.00624847412109375 99.3125 104.15625 109.9562530517578125 116.11875152587890625 124.1062469482421875 131.993743896484375 139.5500030517578125 146.3249969482421875 152.350006103515625 158.3874969482421875 165.493743896484375 174.837493896484375 184.256256103515625 194.162506103515625 202.9875030517578125 211.087493896484375 214.912506103515625 222.850006103515625 233.962493896484375 244.712493896484375 254.5500030517578125 264.09375
104.6875 100.7062530517578125 98.00624847412109375 95.90625 93.50624847412109375 92.5124969482421875 91.78749847412109375 91.7312469482421875 93.18125152587890625 96.0625 100.4499969482421875 107.80625152587890625 116.16249847412109375 121.9875030517578125 124.5812530517578125 125.4562530517578125 125.15625 121.50624847412109375 117.0500030517578125 113.6875 111.0187530517578125 108.81874847412109375 107.65625 110.96875 115.99375152587890625 121.1999969482421875 128.3937530517578125 135.899993896484375 143.524993896484375 150.3874969482421875 157.15625 163.993743896484375 172.475006103515625 181.3125 192.15625 202.53125 211.53125 220.0500030517578125 226.3249969482421875 235.618743896484375 245.0124969482421875 255.462493896484375 267.087493896484375 277.75
111.0812530517578125 107.41249847412109375 104.19374847412109375 101.9250030517578125 99.2375030517578125 97.9499969482421875 96.84999847412109375 96.58750152587890625 97.09999847412109375 99.7687530517578125 104.84375 113.5625 123.5187530517578125 131.3312530517578125 133.6999969482421875 135.3937530517578125 135.975006103515625 132.0812530517578125 127.4875030517578125 123.3249969482421875 120.4875030517578125 117.6374969482421875 115.93125152587890625 117.97499847412109375 121.7937469482421875 126.03749847412109375 132.975006103515625 140.568756103515625 147.8937530517578125 154.6687469482421875 161.4562530517578125 169.1125030517578125 178.306243896484375 188.65625 199.149993896484375 208.8562469482421875 218.1062469482421875 229.0749969482421875 236.381256103515625 244.912506103515625 254.125 263.32501220703125 275.056243896484375 285.706268310546875
118.3249969482421875 114.7062530517578125 111.96875 109.15000152587890625 106.47499847412109375 105.1374969482421875 103.4375 102.4562530517578125 102.40625 104.3125 110.2312469482421875 120.0500030517578125 131.3874969482421875 139.6875 143.181243896484375 145.2624969482421875 145.9562530517578125 142.381256103515625 137.850006103515625 133.3874969482421875 130.462493896484375 127.65000152587890625 124.8125 126.11875152587890625 128.7624969482421875 131.7375030517578125 137.7312469482421875 144.631256103515625 151.3937530517578125 158.6687469482421875 165.5625 173.337493896484375 182.7937469482421875 194.006256103515625 203.6999969482421875 212.068756103515625 223.462493896484375 233.1937408447265625 240.7062530517578125 248.8312530517578125 258.375 267.443756103515625 275.35626220703125 285.83123779296875
125.71875 122.3312530517578125 119.6374969482421875 116.97499847412109375 114.33750152587890625 112.4812469482421875 110.33750152587890625 108.625 107.65000152587890625 107.6875 114.94374847412109375 128.2312469482421875 138.9375 146.5437469482421875 151.4625091552734375 154.681243896484375 155.662506103515625 152.375 147.59375 142.875 139.6999969482421875 136.493743896484375 133.8562469482421875 133.9562530517578125 135.306243896484375 137.4562530517578125 142.475006103515625 148.618743896484375 155.1999969482421875 162.4499969482421875 169.96875 177.1999969482421875 188 199.350006103515625 207.962493896484375 217.4812469482421875 227.5500030517578125 237.681243896484375 244.7937469482421875 251.912506103515625 260.5 266.75 274.912506103515625 285.006256103515625
132.40625 129.3937530517578125 126.7624969482421875 124.3249969482421875 121.99375152587890625 119.9499969482421875 118.33750152587890625 116.50624847412109375 115.6125030517578125 114.34999847412109375 125.72499847412109375 139.493743896484375 148.125 155.1125030517578125 160.0749969482421875 163.71875 164.8562469482421875 161.600006103515625 157.125 152.056243896484375 148.381256103515625 144.318756103515625 141.34375 140.462493896484375 141.3874969482421875 142.84375 146.756256103515625 152.212493896484375 158.1687469482421875 165.787506103515625 172.65625 180.6687469482421875 191.756256103515625 202.53125 212.1687469482421875 220.131256103515625 230.368743896484375 239.056243896484375 247.193756103515625 254.662506103515625 260.04998779296875 266.618743896484375 272.056243896484375 279.306243896484375
