data/historical-monthly-weather-data/wc2.1_cruts4.09_10m_prec_1960-10.asc
ncols        51
nrows        45
xllcorner    -63.500000000000
yllcorner    -7.500000000000
cellsize     0.166666666667
NODATA_value -9999
[rows 0 to 19 of 45, columns 0 to 43 of 51]
150.8625030517578125 139.5124969482421875 133.3625030517578125 130.3937530517578125 126.83750152587890625 124.59999847412109375 120.99375152587890625 117.7937469482421875 115.9875030517578125 115.55625152587890625 116.71250152587890625 117.88124847412109375 118.5187530517578125 117.58750152587890625 117.1687469482421875 116.65000152587890625 115.8625030517578125 113.2937469482421875 111.34375 109.38124847412109375 108.03125 106.25624847412109375 104.81874847412109375 103.22499847412109375 101.99375152587890625 101.1062469482421875 100.08750152587890625 99.3625030517578125 99.1125030517578125 98.90000152587890625 99.0437469482421875 99.2375030517578125 99.28749847412109375 99.6374969482421875 100.4250030517578125 101.69374847412109375 103.00624847412109375 104.2375030517578125 105.9187469482421875 107.5124969482421875 109.03125 109.9812469482421875 109.90000152587890625 108.9375
150.100006103515625 139.381256103515625 135.774993896484375 135.225006103515625 135.1062469482421875 132.993743896484375 130.5187530517578125 129.34375 129.9187469482421875 130.4499969482421875 131.21875 131.3249969482421875 130.90625 129.7375030517578125 128.212493896484375 127.00624847412109375 124.6687469482421875 122.1062469482421875 119.9375 118.1999969482421875 116.40625 114.99375152587890625 113.6687469482421875 111.9875030517578125 110.41249847412109375 108.53125 107.2687530517578125 105.9375 104.6999969482421875 103.6125030517578125 104.13124847412109375 105.0625 105.5187530517578125 106.4812469482421875 106.99375152587890625 107.9375 109.6374969482421875 110.90000152587890625 112.88124847412109375 114.5625 116.3937530517578125 117.625 117.7312469482421875 116.72499847412109375
145.46875 136.5625 134.625 136.337493896484375 138.399993896484375 139.7375030517578125 141.537506103515625 144.5437469482421875 147.962493896484375 149.8625030517578125 150.181243896484375 148.6374969482421875 146.6374969482421875 143.868743896484375 140.90625 138.1687469482421875 135.3937530517578125 132.65625 130.2937469482421875 128.46875 126.71875 126.0124969482421875 124.78749847412109375 122.41249847412109375 120.0500030517578125 117.9250030517578125 115.52500152587890625 113.21875 110.27500152587890625 109.30625152587890625 110 110.40625 111.03125 112.4375 113.53749847412109375 114.6687469482421875 116.0812530517578125 117.8125 120.13124847412109375 121.875 123.78749847412109375 125.0812530517578125 125.49375152587890625 125.2312469482421875
139.287506103515625 131.399993896484375 132.431243896484375 134.5749969482421875 138.662506103515625 143.8062591552734375 150.7937469482421875 158.9375 167.0749969482421875 171.375 170.537506103515625 166.40625 162.0500030517578125 157.850006103515625 154.25 149.9875030517578125 146.0749969482421875 143.693756103515625 141.618743896484375 140.056243896484375 138.774993896484375 137.46875 135.59375 132.8625030517578125 129.75 126.59375 123.0625 119.31874847412109375 115.6062469482421875 114.2937469482421875 114.72499847412109375 115.46250152587890625 115.65000152587890625 116.7062530517578125 117.625 120.125 122.34999847412109375 124.34375 127.09999847412109375 129.1750030517578125 130.2624969482421875 132.037506103515625 132.9562530517578125 133.462493896484375
139.21875 129.03125 127.81874847412109375 130.7624969482421875 137.1374969482421875 146.1750030517578125 157 169.5 183.625 193.181243896484375 189.6687469482421875 181.1750030517578125 175.337493896484375 170.96875 166.0812530517578125 160.693756103515625 156.5 153.381256103515625 151.2062530517578125 149.8000030517578125 149.399993896484375 147.881256103515625 145.84375 142.78125 138.8937530517578125 134.9562530517578125 129.6374969482421875 125.30625152587890625 121.3249969482421875 118.8937530517578125 118.80625152587890625 119.125 120.0812530517578125 121.40000152587890625 123.19374847412109375 125.5812530517578125 128.256256103515625 131.1999969482421875 133.7375030517578125 135.78125 136.8125 138.068756103515625 139.8249969482421875 140.662506103515625
137.774993896484375 128.34375 124.8125 124.0500030517578125 131.6437530517578125 143.693756103515625 155.90625 169.4250030517578125 184.6374969482421875 197.962493896484375 192.931243896484375 184.431243896484375 180.100006103515625 176.287506103515625 171.899993896484375 168.2312469482421875 164.1750030517578125 161.9499969482421875 161.056243896484375 160.162506103515625 159.493743896484375 157.9812469482421875 155.8625030517578125 150.90625 146.131256103515625 141.193756103515625 134.8312530517578125 128.975006103515625 124.8125 122.0812530517578125 121.74375152587890625 122.8625030517578125 123.94374847412109375 126.13124847412109375 128.6875 131.9499969482421875 135.28125 139.46875 143.318756103515625 144.118743896484375 142.600006103515625 143.756256103515625 144.9562530517578125 146.4499969482421875
139.1875 129.975006103515625 126.3562469482421875 124.78125 130.0187530517578125 140.181243896484375 151.2312469482421875 161.837493896484375 171.412506103515625 178.318756103515625 181.9000091552734375 181.087493896484375 180.493743896484375 179.381256103515625 176.600006103515625 174.368743896484375 171.8187408447265625 170.2062530517578125 169.75 170.3125 169.850006103515625 168.2937469482421875 165.4187469482421875 159.662506103515625 153.868743896484375 147.7062530517578125 140.6875 133.475006103515625 127.44374847412109375 125.21875 124.7937469482421875 125.3249969482421875 126.8562469482421875 129.9875030517578125 133.65625 136.75 140.618743896484375 145.375 150.8312530517578125 149.3874969482421875 146.5 145.8562469482421875 147.006256103515625 149.1750030517578125
141.743743896484375 132.4499969482421875 130.3625030517578125 130.850006103515625 133.7687530517578125 141.8874969482421875 148.350006103515625 151.818756103515625 152.2687530517578125 157.2937469482421875 168.056243896484375 174.25 178.712493896484375 180.681243896484375 181.1437530517578125 180.3562469482421875 179.21875 178.662506103515625 179.25 181.131256103515625 180.912506103515625 178.8125 175.4812469482421875 168.962493896484375 161.868743896484375 153.943756103515625 145.3249969482421875 136.443756103515625 129.3000030517578125 125.99375152587890625 125.77500152587890625 126.75 129.1125030517578125 132.9562530517578125 136.662506103515625 139.681243896484375 142.3562469482421875 146.212493896484375 148.4875030517578125 147.0437469482421875 143.693756103515625 141.943756103515625 141.53125 142.212493896484375
145.15625 137.6437530517578125 137.0437469482421875 137.6875 140.0749969482421875 145.774993896484375 149.7312469482421875 148.75 142.5187530517578125 143.25 157.5250091552734375 167.6687469482421875 175.287506103515625 179.28125 182.6125030517578125 184.962493896484375 186.149993896484375 188.125 190.850006103515625 192.631256103515625 191.625 189.462493896484375 184.0812530517578125 177.3125 168.1437530517578125 158.2375030517578125 147.693756103515625 139.4562530517578125 131.993743896484375 127.9875030517578125 127.75624847412109375 128.524993896484375 130.3937530517578125 133.618743896484375 136.6875 139.756256103515625 142.3874969482421875 144.0812530517578125 143.53125 141.287506103515625 137.225006103515625 133.5187530517578125 131.6750030517578125 129.2375030517578125
149.287506103515625 143.118743896484375 142.8874969482421875 144.600006103515625 147.587493896484375 152.6437530517578125 155.4499969482421875 153.693756103515625 149.462493896484375 150.399993896484375 158.725006103515625 166.2375030517578125 173.9187469482421875 179.318756103515625 185.0812530517578125 190.225006103515625 193.875 198.306243896484375 202.806243896484375 207.2375030517578125 205.03125 201.1875 193.90625 184.1062469482421875 171.9562530517578125 160.75 150.6125030517578125 141.131256103515625 133.7375030517578125 129.9250030517578125 128.475006103515625 129.125 130.9187469482421875 134.2062530517578125 137.5625 139.8562469482421875 141.125 141.287506103515625 139.368743896484375 134.993743896484375 129.618743896484375 124.38750457763671875 119.4562530517578125 114.8937530517578125
153.6687469482421875 148.5437469482421875 148.65625 150.774993896484375 154.28125 161.6687469482421875 165.1687469482421875 162.5500030517578125 159.537506103515625 160.399993896484375 165.3000030517578125 170.212493896484375 175.2312469482421875 181.149993896484375 188.53125 195.1374969482421875 201.587493896484375 207.96875 214.8000030517578125 221.375 221.100006103515625 214.743743896484375 204.506256103515625 189.4875030517578125 176.975006103515625 165.8249969482421875 155.524993896484375 145.75 136.774993896484375 132.84375 131.193756103515625 131.2375030517578125 132.9812469482421875 135.712493896484375 138.006256103515625 138.96875 139.1062469482421875 137.2624969482421875 133.743743896484375 128.024993896484375 121.3125 114.7687530517578125 109.0500030517578125 102.28125
157.5749969482421875 153.0187530517578125 153.6437530517578125 156.568756103515625 160.7624969482421875 168.725006103515625 173.850006103515625 170.1687469482421875 167.806243896484375 167.7312469482421875 170.4499969482421875 174.8312530517578125 179.118743896484375 185.149993896484375 193.625 200.556243896484375 207.806243896484375 214.7624969482421875 222.4562530517578125 231.3249969482421875 234.412506103515625 227.1750030517578125 214.318756103515625 196.6437530517578125 180.837493896484375 167.225006103515625 156.0124969482421875 147.537506103515625 139.9250030517578125 136.4875030517578125 133.6999969482421875 132.96875 133.65625 135.7375030517578125 137.7062530517578125 137.46875 136.15625 133.8249969482421875 128.337493896484375 121.56874847412109375 112.97499847412109375 105.56874847412109375 99.03749847412109375 92.53749847412109375
160.5500030517578125 156.96875 157.931243896484375 160.462493896484375 164.443756103515625 170.9499969482421875 173.9875030517578125 173.431243896484375 172.2312469482421875 173.3125 175.725006103515625 179.368743896484375 184.3125 188.8125 197.162506103515625 205.46875 212.2687530517578125 220.0812530517578125 228.28125 236.4812469482421875 242.125 235.837493896484375 221.75 203.118743896484375 180.78125 165.40625 158.412506103515625 150.4375 143.912506103515625 140.0749969482421875 136.662506103515625 134.212493896484375 134.649993896484375 135.40625 136.712493896484375 136.0749969482421875 134.006256103515625 131.625 125.8874969482421875 116.3125 106.9812469482421875 99.96875 92.34375 81.15000152587890625
162.3125 159.2624969482421875 160.5500030517578125 162.850006103515625 165.7937469482421875 170.8625030517578125 173.6750030517578125 175.1750030517578125 175.881256103515625 176.743743896484375 178.6875 182.600006103515625 187.4875030517578125 193.1125030517578125 199.443756103515625 207.975006103515625 214.431243896484375 221.2937469482421875 228.193756103515625 235.0124969482421875 238.9562530517578125 234.287506103515625 224.9499969482421875 208.6687469482421875 189.4187469482421875 174.5812530517578125 165.443756103515625 156.3125 148.5625 142.806243896484375 138.006256103515625 135.1687469482421875 134.75 135.1125030517578125 136.03125 135.3874969482421875 133.6687469482421875 132 126.1687469482421875 117.16249847412109375 105.59375 95.0500030517578125 86.6875 78.55625152587890625
162.40625 160.0625 160.837493896484375 163.212493896484375 165.912506103515625 170.21875 174.556243896484375 177.1750030517578125 177.9187469482421875 179.28125 181.4875030517578125 185.25 189.850006103515625 195.412506103515625 200.931243896484375 208.837493896484375 214.149993896484375 218.725006103515625 223.3625030517578125 229.493743896484375 233.0124969482421875 232.0500030517578125 227.9250030517578125 218.193756103515625 205.3874969482421875 191.412506103515625 178.068756103515625 165.2687530517578125 154.34375 145.756256103515625 138.931243896484375 134.537506103515625 133.8312530517578125 134.931243896484375 135.756256103515625 134.649993896484375 134.34375 135.850006103515625 133.8312530517578125 124.55625152587890625 111.3625030517578125 99.6437530517578125 90.875 82.86875152587890625
161.1125030517578125 158.8874969482421875 160.1999969482421875 162.7624969482421875 165.475006103515625 170.3125 174.662506103515625 177.4875030517578125 179.243743896484375 181.2375030517578125 182.65625 185.3000030517578125 189.8562469482421875 195.5500030517578125 201.681243896484375 207.743743896484375 210.493743896484375 213.5500030517578125 217.0187530517578125 221.5625 224.71875 228 230.5500030517578125 229.368743896484375 221.149993896484375 207.2062530517578125 191.649993896484375 175.693756103515625 161.087493896484375 148.787506103515625 139.725006103515625 133.15625 131.5812530517578125 132.537506103515625 132.443756103515625 130.5437469482421875 133.9812469482421875 137.6687469482421875 139.7687530517578125 132.993743896484375 122.4499969482421875 109.7375030517578125 98.28749847412109375 87.94374847412109375
157.993743896484375 156.524993896484375 159.125 162.5124969482421875 165.431243896484375 170.412506103515625 175.162506103515625 178.5749969482421875 180.75 181.8625030517578125 182.774993896484375 184.868743896484375 187.993743896484375 192.4812469482421875 197.399993896484375 201.8249969482421875 202.1999969482421875 203.9187469482421875 207.131256103515625 211.7937469482421875 215.587493896484375 221.7624969482421875 230.693756103515625 237.8312530517578125 236.4187469482421875 219.2687530517578125 202.3874969482421875 182.90625 164.774993896484375 150.1374969482421875 139.9875030517578125 133.837493896484375 129.15625 126.3625030517578125 124.8874969482421875 126.8625030517578125 132.337493896484375 144.1875 155.125 146.649993896484375 135.0124969482421875 120.4812469482421875 105.78125 94.5437469482421875
153.662506103515625 153.162506103515625 157.125 161.2874908447265625 165.2062530517578125 171.3249969482421875 176.8499908447265625 180.5812530517578125 182.587493896484375 183.743743896484375 184.412506103515625 184.5812530517578125 185.5749969482421875 187.09375 189.806243896484375 191.8125 191.5187530517578125 191.8937530517578125 195.681243896484375 199.7624969482421875 204.3249969482421875 211.7624969482421875 222.756256103515625 233.1687469482421875 235.225006103515625 223.381256103515625 209.693756103515625 188.5749969482421875 167.256256103515625 149.2375030517578125 137.125 130.1125030517578125 128.4499969482421875 128.212493896484375 123.38124847412109375 116.97499847412109375 129.2624969482421875 144.818756103515625 153.3125 151.0749969482421875 140.9875030517578125 127.69374847412109375 113.5812530517578125 102.36875152587890625
148.09375 149.443756103515625 154.6750030517578125 160.1999969482421875 165.618743896484375 172.25 178.306243896484375 183.0124969482421875 185.8937530517578125 186.1999969482421875 184.899993896484375 183.8249969482421875 182.118743896484375 180.774993896484375 181.6687469482421875 183.462493896484375 182.84375 181.96875 185.181243896484375 188.3249969482421875 192.756256103515625 203.537506103515625 211.006256103515625 221.193756103515625 224.962493896484375 221.15625 208.725006103515625 189.8562469482421875 170.212493896484375 149.46875 133.8249969482421875 131.15625 136.3937530517578125 135.4875030517578125 131.5500030517578125 127.84999847412109375 134.9250030517578125 144.587493896484375 150.53125 150.1125030517578125 143.6062469482421875 135.5875091552734375 121.80625152587890625 110.83750152587890625
141.806243896484375 145.056243896484375 151.381256103515625 158.2312469482421875 165.225006103515625 173.5124969482421875 181.0437469482421875 186.8000030517578125 189.3562469482421875 189.6875 187.3312530517578125 183.6374969482421875 179.6062469482421875 175.693756103515625 175.2687530517578125 176.1374969482421875 174.5124969482421875 176.15625 179.193756103515625 183.7687530517578125 186.149993896484375 192.774993896484375 204.3249969482421875 213.40625 217.1437530517578125 213.8312530517578125 204.181243896484375 191.4562530517578125 172.8000030517578125 153.743743896484375 140.837493896484375 142.212493896484375 146.7687530517578125 151.306243896484375 153.4875030517578125 149.3000030517578125 148.4875030517578125 151.131256103515625 152.225006103515625 150.756256103515625 147.1125030517578125 140.875 129.7312469482421875 119.1374969482421875
