data/historical-monthly-weather-data/wc2.1_cruts4.09_10m_prec_1988-01.asc
ncols        51
nrows        45
xllcorner    -63.500000000000
yllcorner    -7.500000000000
cellsize     0.166666666667
NODATA_value -9999
[rows 0 to 19 of 45, columns 0 to 44 of 51]
152.8249969482421875 148.162506103515625 144.306243896484375 143.1437530517578125 140.7687530517578125 142.912506103515625 143.443756103515625 141.556243896484375 139.4875030517578125 139.193756103515625 140.1687469482421875 139.9875030517578125 138.475006103515625 133.4375 129.5187530517578125 127.28125 125.3125 121.4812469482421875 123.19374847412109375 125.0500030517578125 128.8562469482421875 134.3249969482421875 139.774993896484375 144 149.7937469482421875 154.4875030517578125 158.181243896484375 162.6687469482421875 167.6875 170.8937530517578125 174.537506103515625 178.3874969482421875 181.9375 187.3312530517578125 191.287506103515625 195.6374969482421875 197.337493896484375 197.725006103515625 198.0812530517578125 197.806243896484375 196.78125 196.5437469482421875 195.368743896484375 194.7062530517578125 195.4250030517578125
161.03125 154.4499969482421875 150.7062530517578125 147.993743896484375 146.381256103515625 148.618743896484375 149.28125 149.818756103515625 150.068756103515625 150.3937530517578125 149.649993896484375 147.1750030517578125 143.5 139.943756103515625 135.5500030517578125 131.78125 128.2312469482421875 125.43125152587890625 125.5 127.50624847412109375 132.1437530517578125 137.28125 143.1374969482421875 148.818756103515625 153.5187530517578125 158.024993896484375 162.962493896484375 167.868743896484375 172.625 177.1999969482421875 180.9375 184.4187469482421875 188.6125030517578125 195.8937530517578125 200.1687469482421875 202 205.412506103515625 205.4499969482421875 204.318756103515625 203.037506103515625 202.0187530517578125 201.131256103515625 198.399993896484375 196.96875 196.65625
170.618743896484375 164.3000030517578125 159.899993896484375 156.875 155.149993896484375 156.787506103515625 158.1750030517578125 159.868743896484375 160.5812530517578125 160.7750091552734375 159.3249969482421875 155.5 151.3874969482421875 146.381256103515625 141.287506103515625 135.9250030517578125 131.993743896484375 129.65625 129.3312530517578125 132.4812469482421875 137.975006103515625 144.65625 150.7624969482421875 155.631256103515625 160.037506103515625 164.181243896484375 169.649993896484375 175.03125 179.181243896484375 183.25 188.65625 193.5 199.21875 203.087493896484375 208.84375 210.2312469482421875 212.40625 213.3125 211.78125 209.337493896484375 208.4375 206.40625 203.5749969482421875 201.0812530517578125 198.743743896484375
179.1999969482421875 173.4562530517578125 170.7937469482421875 167.493743896484375 166.3874969482421875 164.5562591552734375 166.381256103515625 169.368743896484375 171.5749969482421875 172.600006103515625 169.1750030517578125 163.631256103515625 158.068756103515625 152.2375030517578125 146.8249969482421875 140.899993896484375 135.5812530517578125 132.2624969482421875 133.149993896484375 138.618743896484375 146.412506103515625 153.6125030517578125 158.024993896484375 163.2312469482421875 167.7687530517578125 171.9499969482421875 178.0749969482421875 182.0500030517578125 186.4499969482421875 191.5 197.087493896484375 203.943756103515625 208.84375 212.6437530517578125 216.306243896484375 218.993743896484375 219.6750030517578125 220.475006103515625 219.243743896484375 217.631256103515625 214.59375 212.787506103515625 209.4562530517578125 205.3125 202.3125
194.149993896484375 185.9562530517578125 180.78125 177.8937530517578125 175.8625030517578125 174.587493896484375 174.3000030517578125 177.368743896484375 181.5749969482421875 183.6374969482421875 177.962493896484375 171.0812530517578125 165.506256103515625 159.84375 153.9375 147.350006103515625 140.875 135.5687408447265625 138.71875 147.0437469482421875 156.40625 162.993743896484375 167.462493896484375 171.743743896484375 175.65625 180.881256103515625 184.725006103515625 188.9875030517578125 195.9375 201.162506103515625 207.28125 211.6374969482421875 217.65625 222.712493896484375 226.2937469482421875 228.056243896484375 229.5124969482421875 227.9499969482421875 226.631256103515625 224.337493896484375 222.84375 219.3249969482421875 215.7624969482421875 210.3874969482421875 206.350006103515625
206.037506103515625 199.149993896484375 193.7687530517578125 189.212493896484375 186.5625 185.2062530517578125 185.0500030517578125 186.462493896484375 190.243743896484375 193 186.7062530517578125 181.0625 175.7624969482421875 170.9187469482421875 164.78125 160.34375 153.774993896484375 148.1999969482421875 153.1875 161.725006103515625 169.443756103515625 174.6374969482421875 179.4812469482421875 182.431243896484375 186.524993896484375 191.25 195.75 199.8937530517578125 206.181243896484375 212.5437469482421875 217.774993896484375 222.5625 225.9499969482421875 230.931243896484375 236.7312469482421875 237.693756103515625 238.2937469482421875 237.556243896484375 236.2937469482421875 234.9562530517578125 231.162506103515625 227.899993896484375 223.1687469482421875 217.6875 213.149993896484375
218.037506103515625 211.943756103515625 207.0124969482421875 200.7312469482421875 195.943756103515625 192.212493896484375 190.9375 190.6125030517578125 191.412506103515625 190.8625030517578125 190.03125 188.006256103515625 186.274993896484375 183.274993896484375 179.368743896484375 176.681243896484375 174.3312530517578125 174.84375 179.2375030517578125 182.7624969482421875 184.2375030517578125 187.6687469482421875 189.4875030517578125 192.5812530517578125 197.3562469482421875 201.350006103515625 206.037506103515625 210.9499969482421875 216.0625 221.9499969482421875 228.8125 233.7312469482421875 236.131256103515625 239.3562469482421875 243.46875 246.0749969482421875 246.618743896484375 246.8125 247.556243896484375 244.368743896484375 239.431243896484375 235.5 230.556243896484375 225.03125 219.850006103515625
231.618743896484375 223.2312469482421875 217.6374969482421875 212.037506103515625 206.3125 202.087493896484375 197.4875030517578125 191.100006103515625 186.96875 188.6374969482421875 193.024993896484375 195.59375 197.1999969482421875 195.568756103515625 194.537506103515625 194.100006103515625 195.5124969482421875 200.0812530517578125 207.0124969482421875 204.2687530517578125 199.568756103515625 199.368743896484375 199.837493896484375 203.1750030517578125 208.4562530517578125 212.068756103515625 216.0625 220.743743896484375 227.3562469482421875 233.625 238.8625030517578125 243.9499969482421875 245.681243896484375 248.0625 251.024993896484375 253.3125 254.4187469482421875 254.9499969482421875 254.7375030517578125 252.962493896484375 249.1437530517578125 245.125 240.1374969482421875 233.837493896484375 229.6750030517578125
243.337493896484375 235 229.4499969482421875 222.618743896484375 217.287506103515625 211.431243896484375 205.568756103515625 198.6750030517578125 191.881256103515625 191.3874969482421875 200.9187469482421875 206.8312530517578125 211.368743896484375 211.46875 211.381256103515625 211.3874969482421875 212.8312530517578125 217.337493896484375 222.59375 217.7687530517578125 210.40625 209.556243896484375 209.09375 214.75 219.53125 222.5749969482421875 226.5 230.0124969482421875 236.5999908447265625 243.46875 249.600006103515625 252.9562530517578125 254.649993896484375 255.8312530517578125 258.024993896484375 259.475006103515625 261.60626220703125 262.35626220703125 262.28125 261.149993896484375 257.38751220703125 253.3249969482421875 250.600006103515625 246.256256103515625 241.65625
254.7624969482421875 246.59375 239.5500030517578125 233.162506103515625 228.1374969482421875 222.8625030517578125 217.162506103515625 212.0625 208.931243896484375 211.3625030517578125 218.0749969482421875 223.850006103515625 228.100006103515625 228.9375 228.587493896484375 228.1687469482421875 227.3625030517578125 227.75 227 222.962493896484375 216.899993896484375 216.2687530517578125 217.2624969482421875 224.9499969482421875 228.4875030517578125 230.5187530517578125 234.318756103515625 238.4187469482421875 243.8187408447265625 250.462493896484375 256.01251220703125 260.01873779296875 262.20001220703125 263.95001220703125 266.118743896484375 266.73126220703125 267.98126220703125 269.20001220703125 269.212493896484375 268.431243896484375 266.95001220703125 263.73126220703125 260.98126220703125 255.912506103515625 252.5749969482421875
267.5 259.61248779296875 251.2312469482421875 244.256256103515625 238.28125 234.1374969482421875 229.96875 228.181243896484375 228.337493896484375 232.162506103515625 239.8562469482421875 245.4187469482421875 246.9437408447265625 246.412506103515625 244.4375 241.9562530517578125 238.212493896484375 234.4499969482421875 229.506256103515625 223.7687530517578125 220.693756103515625 220.3000030517578125 224.4250030517578125 230.7062530517578125 237.2312469482421875 237.7375030517578125 240.6687469482421875 244.7937469482421875 249.787506103515625 254.4875030517578125 259.98748779296875 265.09375 268.100006103515625 270.41876220703125 272.3125 273.88751220703125 274.774993896484375 274.768768310546875 275.9375 276.350006103515625 275.287506103515625 271.337493896484375 268.98748779296875 264.837493896484375 261.8125
276.95001220703125 268.899993896484375 261.16876220703125 255.618743896484375 250.350006103515625 246.1437530517578125 243.712493896484375 245.3562469482421875 247.9499969482421875 252.431243896484375 261 268.912506103515625 267.868743896484375 264.568756103515625 260.8125 255.1875 249.631256103515625 241.350006103515625 234.1125030517578125 225.71875 221.1750030517578125 221.631256103515625 228.5124969482421875 238.962493896484375 243.84375 241.0625 243.774993896484375 247.8312530517578125 253.6687469482421875 260.037506103515625 265.743743896484375 270.350006103515625 273.61248779296875 276.068756103515625 278.274993896484375 280.087493896484375 281.25 281.07501220703125 282.0625 283.04998779296875 282.08123779296875 277.993743896484375 272.5 266.63751220703125 261.506256103515625
287.556243896484375 280.23126220703125 273.17498779296875 267.26251220703125 262.16876220703125 260.543731689453125 259.33123779296875 260.57501220703125 264.618743896484375 270.75 279.42498779296875 287.756256103515625 287.131256103515625 279.84375 274.537506103515625 267.6875 259.60626220703125 250.912506103515625 241.3562469482421875 230.681243896484375 220.337493896484375 222.0625 231 238.875 238.4187469482421875 236.84375 243.8625030517578125 251.3625030517578125 257.95001220703125 265.15625 271.23126220703125 275.57501220703125 278.04998779296875 280.350006103515625 282.537506103515625 284.39373779296875 285.143768310546875 284.98748779296875 285.29998779296875 285.981231689453125 286.32501220703125 281.20623779296875 270.331268310546875 259.83123779296875 253.0437469482421875
296.131256103515625 290.03125 283.375 277.95001220703125 273.837493896484375 271.368743896484375 271.431243896484375 275.32501220703125 280.162506103515625 286.8125 293.11248779296875 299.024993896484375 297.48748779296875 292.806243896484375 285.024993896484375 278.587493896484375 269.15625 260.287506103515625 249.399993896484375 238.881256103515625 230.743743896484375 230.4499969482421875 233.6374969482421875 238.493743896484375 237.4875030517578125 238.3125 245.8562469482421875 253.9187469482421875 262.79376220703125 269.90625 276.17498779296875 280.631256103515625 282.33123779296875 283.39373779296875 285.95001220703125 287.337493896484375 288.54376220703125 289.375 288.356231689453125 286.90625 283.899993896484375 271.42498779296875 261.73748779296875 255.5187530517578125 251.712493896484375
303.89373779296875 297.98748779296875 292.443756103515625 287.48748779296875 284.95623779296875 283.756256103515625 285.39373779296875 288.568756103515625 293.037506103515625 298.162506103515625 304.32501220703125 308.45001220703125 308.068756103515625 304.5625 296.381256103515625 288.73126220703125 278.92498779296875 268.28125 258.0625 249.5500030517578125 242.881256103515625 239.1437530517578125 239.78125 241.975006103515625 243.84375 245.962493896484375 252.631256103515625 261.17498779296875 269.475006103515625 277.337493896484375 282.743743896484375 285.35626220703125 287.875 287.75 288.95623779296875 289.25 291.256256103515625 293.537506103515625 292.381256103515625 283.899993896484375 271.76873779296875 262.806243896484375 258.975006103515625 255.181243896484375 249.21875
310.20623779296875 304.037506103515625 299.350006103515625 295.087493896484375 293.556243896484375 293.3125 295.79998779296875 298.899993896484375 302.45001220703125 308.08123779296875 314.037506103515625 318.13751220703125 318.568756103515625 315.60626220703125 308.225006103515625 296.875 287.60626220703125 277.20623779296875 266.412506103515625 258.45001220703125 254.087493896484375 250.21875 248.5749969482421875 249.5812530517578125 251 253.243743896484375 258.993743896484375 268.58123779296875 278.068756103515625 286.625 291.787506103515625 292.90625 290.96875 289.637481689453125 289.03125 291.79376220703125 294.381256103515625 295.568756103515625 293.45001220703125 282.537506103515625 266.274993896484375 258.412506103515625 256.506256103515625 251.71875 246.625
314.01251220703125 308.51873779296875 303.53125 300.59375 300.431243896484375 301.01251220703125 304.35626220703125 307.63751220703125 311.475006103515625 316.193756103515625 322.73748779296875 328.056243896484375 329.04376220703125 326.53125 319.38751220703125 308.524993896484375 292.850006103515625 281.912506103515625 273.399993896484375 268.21875 263.70623779296875 260.337493896484375 257.506256103515625 256.98748779296875 258.98748779296875 260.08123779296875 264.86248779296875 274.556243896484375 286.243743896484375 296.212493896484375 302.46875 302.524993896484375 297.262481689453125 292.0062255859375 292.98748779296875 296.006256103515625 297.399993896484375 300.462493896484375 303.01251220703125 288.881256103515625 272.850006103515625 262.5625 255.46875 249.725006103515625 244.8249969482421875
318.225006103515625 312.962493896484375 308.20001220703125 306.412506103515625 305.89373779296875 307.899993896484375 311.76873779296875 315.368743896484375 318.86248779296875 323.79376220703125 328.35626220703125 336.21875 338.89373779296875 337 329.26251220703125 316.42498779296875 300.024993896484375 284.993743896484375 280.631256103515625 276.556243896484375 273.743743896484375 269.787506103515625 265.92498779296875 264.79376220703125 265.431243896484375 266.89373779296875 269.875 281.4375 295.912506103515625 307.76873779296875 312.26873779296875 304.38751220703125 297.649993896484375 293.806243896484375 292.600006103515625 295.09375 300.11248779296875 303.45623779296875 301.899993896484375 293.16876220703125 277.29998779296875 264.381256103515625 255.6687469482421875 249.59375 244.5124969482421875
318.73748779296875 314.20623779296875 310.537506103515625 310.16876220703125 310.943756103515625 313.774993896484375 316.412506103515625 321.381256103515625 325.42498779296875 330.056243896484375 334.087493896484375 339.625 344.83123779296875 347.9375 338.23126220703125 321.600006103515625 303.08123779296875 287.725006103515625 280.006256103515625 279.274993896484375 280.11248779296875 278.26251220703125 269.29376220703125 270.01873779296875 271 273.662506103515625 279.73126220703125 289.45623779296875 304.42498779296875 317.181243896484375 322.6875 310.337493896484375 299.04376220703125 288.16876220703125 284.037506103515625 290.125 297.725006103515625 300.98126220703125 301.65625 293.625 279.868743896484375 265.743743896484375 256.037506103515625 250.287506103515625 244.787506103515625
317.993743896484375 313.73126220703125 310.875 309.631256103515625 311.6875 317.08123779296875 321.149993896484375 325.07501220703125 328.79998779296875 332.9375 335.806243896484375 341.725006103515625 350.82501220703125 359.256256103515625 344.475006103515625 320.65625 299.42498779296875 288.83123779296875 282.587493896484375 281.100006103515625 279.29998779296875 274.32501220703125 270.899993896484375 271.88751220703125 274.193756103515625 279.118743896484375 285.73126220703125 296.131256103515625 306.600006103515625 314.35626220703125 316.506256103515625 306.82501220703125 292.82501220703125 277.64373779296875 270.51251220703125 279.17498779296875 294.04998779296875 304.375 305.51251220703125 298.274993896484375 284.181243896484375 267.662506103515625 259.131256103515625 253.024993896484375 246.725006103515625
