data/historical-monthly-weather-data/wc2.1_cruts4.09_10m_prec_2004-01.asc
ncols        51
nrows        45
xllcorner    -63.500000000000
yllcorner    -7.500000000000
cellsize     0.166666666667
NODATA_value -9999
[rows 0 to 19 of 45, columns 0 to 44 of 51]
76.3125 71.74375152587890625 67.81874847412109375 65.30625152587890625 62.41249847412109375 62.075000762939453125 61.16249847412109375 59.43125152587890625 58.71875 58.9375 59.90625 61.862499237060546875 63.44374847412109375 63.549999237060546875 65.3874969482421875 68.2312469482421875 71.125 72.5749969482421875 77.3312530517578125 82.0437469482421875 86.2687530517578125 91.375 96.6999969482421875 101.8125 108.3125 114.53125 121.75 130.3000030517578125 139.5 145.993743896484375 152.78125 159.725006103515625 165.0187530517578125 171.8249969482421875 177.4124908447265625 183.256256103515625 186.649993896484375 188.912506103515625 191.3625030517578125 193.3000030517578125 194.506256103515625 196.056243896484375 196.6125030517578125 197.618743896484375 199.4000091552734375
81.09375 75.6687469482421875 71.9562530517578125 68.84999847412109375 66.44374847412109375 66.3562469482421875 65.6750030517578125 65.13124847412109375 65.46875 66.02500152587890625 66.36875152587890625 67.44374847412109375 68.1437530517578125 69.0124969482421875 70.68125152587890625 72.7062530517578125 74.86875152587890625 78.1875 83.53125 89.9250030517578125 95.34375 100.75 106.8312530517578125 113.10625457763671875 118.8249969482421875 124.74375152587890625 132.34375 140.4499969482421875 148.53125 155.149993896484375 160.8937530517578125 166.34375 171.3874969482421875 179.1062469482421875 184.256256103515625 188.118743896484375 193.6750030517578125 196.1374969482421875 197.5 198.75 200.212493896484375 201.25 200.375 200.71875 201.662506103515625
86.75624847412109375 81.28125 77.2375030517578125 74.02500152587890625 71.63124847412109375 71.84375 72.125 72.6750030517578125 73.625 74.46250152587890625 74.77500152587890625 75.36875152587890625 75.9499969482421875 76.15000152587890625 77.47499847412109375 78.6374969482421875 80.5 83.6437530517578125 88.18125152587890625 94.9250030517578125 100.8312530517578125 107.28125 113.53125 119.33750152587890625 125.02500152587890625 130.787506103515625 138.5500030517578125 146.6437530517578125 153.6875 159.28125 165.875 171.993743896484375 178.556243896484375 183.3874969482421875 190.243743896484375 194.412506103515625 199.625 203.71875 205.162506103515625 205.6750030517578125 207.59375 207.6750030517578125 206.787506103515625 206.1374969482421875 204.881256103515625
91.99375152587890625 86.55625152587890625 83.40000152587890625 80.06874847412109375 78.0749969482421875 77.3937530517578125 78.7062530517578125 80.6687469482421875 82.8937530517578125 84.66249847412109375 84.44374847412109375 84.28125 84.16249847412109375 83.91249847412109375 85.05625152587890625 85.84999847412109375 86.65625 88.25 92.5749969482421875 99.99375152587890625 107.25 113.875 118.69374847412109375 124.96875 131.024993896484375 137.0187530517578125 145.037506103515625 151.587493896484375 158.3874969482421875 164.3000030517578125 170.493743896484375 177.931243896484375 184.0437469482421875 189.3312530517578125 194.806243896484375 201.0187530517578125 205.806243896484375 210.6750030517578125 212.9187469482421875 214.6750030517578125 214.875 215.3625030517578125 214.068756103515625 211.8000030517578125 209.6437530517578125
100.71875 93.71875 89.2937469482421875 86.16249847412109375 83.8125 84.1062469482421875 85.28125 88.19374847412109375 92.0749969482421875 95.0124969482421875 94.03125 93.28125 93.21250152587890625 93.11875152587890625 93.9250030517578125 94.24375152587890625 94.09999847412109375 93.2937469482421875 98.09999847412109375 106.5437469482421875 114.66249847412109375 120.6125030517578125 125.2937469482421875 131.024993896484375 136.8249969482421875 143.8000030517578125 149.65625 155.9875030517578125 164.4375 170.037506103515625 176.2312469482421875 181.1374969482421875 188.618743896484375 195.5812530517578125 201.649993896484375 207.9250030517578125 214.3874969482421875 217.9812469482421875 220.681243896484375 222.2375030517578125 224.431243896484375 223.3562469482421875 222.006256103515625 218.5124969482421875 215.056243896484375
108.66249847412109375 102.06874847412109375 97.1062469482421875 92.75624847412109375 89.78749847412109375 90.19374847412109375 91.63124847412109375 93.9812469482421875 98.09375 101.81874847412109375 100.93125152587890625 101.21875 101.6437530517578125 102.33750152587890625 102.97499847412109375 104.5625 104.2375030517578125 102.6437530517578125 108.09999847412109375 116.0812530517578125 122.84375 127.7375030517578125 132.631256103515625 137.1750030517578125 142.837493896484375 149.118743896484375 155.193756103515625 161.087493896484375 168.6687469482421875 175.475006103515625 181.243743896484375 186.9499969482421875 193.1062469482421875 201.024993896484375 210.037506103515625 216.274993896484375 222.537506103515625 227.46875 230.90625 234.0749969482421875 234.5749969482421875 234.0812530517578125 231.806243896484375 228.34375 224.0812530517578125
117.0187530517578125 110.53749847412109375 105.33750152587890625 99.5625 95.1437530517578125 94.36875152587890625 95.3312530517578125 96.8937530517578125 99.7937469482421875 102.1437530517578125 104.5124969482421875 107.15625 110.0812530517578125 112.3000030517578125 114.24375152587890625 116.96250152587890625 119.3937530517578125 121.43125152587890625 125.78125 129.5625 131.787506103515625 135.4375 138.0500030517578125 142.3625030517578125 148.15625 153.462493896484375 159.3249969482421875 165.46875 171.8249969482421875 178.587493896484375 186.212493896484375 192.65625 199.0625 206.6687469482421875 215.3312530517578125 223.600006103515625 230.3125 236.6999969482421875 242.78125 244.868743896484375 244.8625030517578125 244.024993896484375 241.8125 238.4875030517578125 233.243743896484375
126.3874969482421875 118.40000152587890625 112.3562469482421875 106.46250152587890625 101.11875152587890625 100.09375 99.4187469482421875 97.99375152587890625 98.5500030517578125 102.34375 107.93125152587890625 113.55625152587890625 118.9562530517578125 122.4187469482421875 126 129.9499969482421875 134.7375030517578125 138.84375 144.149993896484375 142.837493896484375 140.6875 141.75 143.381256103515625 147.587493896484375 153.3125 157.9250030517578125 162.962493896484375 168.59375 175.868743896484375 183.40625 190.3125 197.600006103515625 204.600006103515625 212.6374969482421875 221.40625 229.943756103515625 237.6687469482421875 244.8937530517578125 250.71875 254.9499969482421875 256.75 256.25 254.3375091552734375 250.4499969482421875 245.943756103515625
134.8249969482421875 126.4875030517578125 120.1750030517578125 113.3125 107.9187469482421875 105.91249847412109375 104.4812469482421875 102.6875 102.0187530517578125 104.8874969482421875 113.58750152587890625 121.5 129.0812530517578125 133.8874969482421875 137.0749969482421875 140.1062469482421875 143.8562469482421875 147.818756103515625 152.024993896484375 149.431243896484375 145.59375 146.3000030517578125 147.3312530517578125 153.0749969482421875 158.318756103515625 162.40625 167.475006103515625 172.3000030517578125 179.693756103515625 188.4250030517578125 196.90625 203.681243896484375 211.337493896484375 219.0625 227.756256103515625 235.837493896484375 244.75 252.4562530517578125 259.07501220703125 264.631256103515625 267.16876220703125 267.243743896484375 268.29376220703125 266.98126220703125 261.693756103515625
143.2624969482421875 134.662506103515625 127.25624847412109375 120.375 114.8625030517578125 112.96875 111.4375 110.46875 112.03749847412109375 116.90000152587890625 124.5437469482421875 132.881256103515625 140.806243896484375 146.3249969482421875 148.006256103515625 149.1750030517578125 150 151.2312469482421875 151.662506103515625 149.9250030517578125 147.15625 148.0812530517578125 150.1875 157.243743896484375 161.5124969482421875 164.818756103515625 169.90625 175.3249969482421875 182.0124969482421875 191.368743896484375 200.318756103515625 208.53125 217.1999969482421875 225.962493896484375 235.193756103515625 242.806243896484375 251.100006103515625 259.53125 266.88751220703125 273.5 279.118743896484375 280.75 282.443756103515625 280.8125 276.618743896484375
152.6875 143.8625030517578125 135.431243896484375 127.9562530517578125 121.7062530517578125 120.1999969482421875 119.27500152587890625 119.9499969482421875 123.6062469482421875 129.743743896484375 138.475006103515625 147.1062469482421875 153.7312469482421875 158.412506103515625 157.7375030517578125 155.96875 153.5500030517578125 152.1750030517578125 150.15625 147.6125030517578125 146.96875 148.15625 152.412506103515625 158.368743896484375 164.5812530517578125 166.8125 171.412506103515625 177.024993896484375 183.6687469482421875 192.3249969482421875 202.087493896484375 211.962493896484375 221.8562469482421875 231.568756103515625 241 249.712493896484375 257.850006103515625 265.36248779296875 274.48748779296875 283.056243896484375 289.806243896484375 291.337493896484375 294.100006103515625 293.943756103515625 289.82501220703125
160.943756103515625 151.693756103515625 143.412506103515625 136.506256103515625 130.40625 128.725006103515625 128.631256103515625 131.1125030517578125 136.4875030517578125 143.5187530517578125 153.09375 162.1437530517578125 165.868743896484375 167.631256103515625 165.662506103515625 161.9562530517578125 158.493743896484375 154.5187530517578125 151.368743896484375 147.412506103515625 145.943756103515625 147.7937469482421875 153.975006103515625 162.725006103515625 167.7937469482421875 167.774993896484375 172.5812530517578125 178.537506103515625 186.212493896484375 196.5749969482421875 206.9875030517578125 216.9187469482421875 227.087493896484375 236.943756103515625 246.693756103515625 255.7312469482421875 264.28125 271.79998779296875 281.375 291.274993896484375 298.837493896484375 300.67498779296875 300.41876220703125 298.61248779296875 292.056243896484375
170.181243896484375 160.993743896484375 152.850006103515625 145.5437469482421875 139.337493896484375 138.9250030517578125 139.431243896484375 141.6999969482421875 148.2562408447265625 156.712493896484375 166.649993896484375 174.399993896484375 176.4499969482421875 174.1125030517578125 171.274993896484375 167.181243896484375 162.5500030517578125 158.725006103515625 154.4812469482421875 149.3874969482421875 144.3000030517578125 147.0812530517578125 154.6875 161.649993896484375 162.9875030517578125 163.7937469482421875 171.90625 180.787506103515625 189.46875 200.8562469482421875 212.006256103515625 222.1062469482421875 231.6062469482421875 241.243743896484375 250.8874969482421875 260.01873779296875 268.256256103515625 275.9375 285.40625 295.61248779296875 305.17498779296875 306.26873779296875 300.318756103515625 293.45001220703125 285.01251220703125
178.4812469482421875 169.7624969482421875 161.662506103515625 154.4499969482421875 148.649993896484375 147.712493896484375 148.818756103515625 152.5500030517578125 159.8000030517578125 168.84375 177.3937530517578125 182.03125 181.493743896484375 179.0625 174.84375 171.4250030517578125 166.368743896484375 162.868743896484375 158.1750030517578125 153.53125 150.125 151.71875 155.631256103515625 160.5437469482421875 161.493743896484375 163.9812469482421875 172.8312530517578125 182.5187530517578125 193.3000030517578125 205.037506103515625 216.712493896484375 227.2312469482421875 236.0437469482421875 244.475006103515625 254.2937469482421875 263.01873779296875 271.668731689453125 280.399993896484375 288.90625 297.318756103515625 303.649993896484375 297 292.54998779296875 290.6875 285.64373779296875
186.9250030517578125 178.34375 170.8874969482421875 163.9812469482421875 159.100006103515625 158.881256103515625 160.931243896484375 164.2624969482421875 170.524993896484375 177.725006103515625 185.162506103515625 187.756256103515625 186.9375 184.4499969482421875 180.181243896484375 176.3874969482421875 171.4250030517578125 167.1374969482421875 163.2062530517578125 160.1437530517578125 157.868743896484375 157.3874969482421875 159.7687530517578125 163.118743896484375 166.2624969482421875 169.8874969482421875 178.5124969482421875 188.9375 199.6875 212.181243896484375 223.34375 232.443756103515625 241.6999969482421875 248.8249969482421875 257.125 264.67498779296875 273.88751220703125 283.75 291.375 291.64373779296875 287.493743896484375 285.412506103515625 288.524993896484375 290.5 283.54998779296875
194.6999969482421875 186.0187530517578125 179.2312469482421875 172.868743896484375 168.65625 169.037506103515625 171.6687469482421875 174.912506103515625 179.556243896484375 185.75 191.756256103515625 193.4499969482421875 192.350006103515625 189.506256103515625 185.9375 180.2687530517578125 175.975006103515625 172.1875 168.193756103515625 165.774993896484375 165.1687469482421875 164.7687530517578125 165.787506103515625 168.6750030517578125 171.8125 175.8625030517578125 184.181243896484375 195.7375030517578125 207.7312469482421875 220.9812469482421875 232.1125030517578125 240.068756103515625 245.3312530517578125 251.0187530517578125 257.306243896484375 266.82501220703125 276.40625 284.90625 290.61248779296875 287.287506103515625 277.993743896484375 278.024993896484375 284.4375 286.45623779296875 281.125
201.125 193 186.1999969482421875 180.8000030517578125 177.6062469482421875 178.5 181.6687469482421875 184.8625030517578125 188.493743896484375 192.7062530517578125 197.6999969482421875 199.3000030517578125 197.7937469482421875 194.6125030517578125 191.412506103515625 186.375 178.53125 174.6687469482421875 172.3625030517578125 171.96875 171.475006103515625 171.5812530517578125 172.0500030517578125 174.1999969482421875 178.0749969482421875 181.618743896484375 189.625 201.6437530517578125 215.618743896484375 230.131256103515625 242.2874908447265625 249.46875 251.681243896484375 253.631256103515625 260.931243896484375 270.506256103515625 278.837493896484375 288.850006103515625 298.475006103515625 291.29376220703125 281.88751220703125 280.225006103515625 282.11248779296875 283.993743896484375 279.431243896484375
208.3000030517578125 200.568756103515625 194.193756103515625 189.8312530517578125 186.6999969482421875 188.131256103515625 191.2312469482421875 194.0749969482421875 196.0500030517578125 198.774993896484375 201.0437469482421875 204.0437469482421875 203.5812530517578125 200.818756103515625 197.368743896484375 191.2687530517578125 183.087493896484375 176.7312469482421875 177.056243896484375 177.46875 178.34375 178.3874969482421875 178.53125 180.587493896484375 183.8312530517578125 187.9499969482421875 194.943756103515625 208.631256103515625 225.024993896484375 241.118743896484375 251.9375 252.524993896484375 253 255.6125030517578125 260.48126220703125 269.4375 281.006256103515625 291.28125 297.25 295.868743896484375 286.993743896484375 282.306243896484375 281.9375 283.081268310546875 278.706268310546875
213.1374969482421875 206.2062530517578125 200.912506103515625 197.8625030517578125 195.84375 197.40625 199.2687530517578125 202.34375 203.1437530517578125 203.96875 204.381256103515625 205.868743896484375 207.149993896484375 207.5625 203.0437469482421875 194.7375030517578125 185.28125 178.6999969482421875 176.84375 179.375 182.912506103515625 184.6875 181.7062530517578125 185.3562469482421875 189.118743896484375 194.399993896484375 203.931243896484375 216.59375 233.681243896484375 250.59375 262.23126220703125 258.975006103515625 255.125 251.068756103515625 252.756256103515625 264.65625 278.40625 288.506256103515625 297.10626220703125 297.037506103515625 290.725006103515625 284.25 282.100006103515625 282.993743896484375 278.556243896484375
217.125 210.774993896484375 206.4375 203.274993896484375 202.4499969482421875 205.1875 207.274993896484375 208.875 208.1374969482421875 207.131256103515625 205.5 207.1875 211.037506103515625 214.818756103515625 207.3249969482421875 194.649993896484375 183.524993896484375 179.774993896484375 178.7937469482421875 180.818756103515625 182.818756103515625 182.7375030517578125 183.662506103515625 187.7624969482421875 192.78125 199.9812469482421875 210.1374969482421875 223.618743896484375 237.506256103515625 250.399993896484375 259.01873779296875 257.568756103515625 250.78125 242.3125 240.681243896484375 254.493743896484375 274.70001220703125 291.443756103515625 300.95623779296875 302.306243896484375 296.131256103515625 286.662506103515625 285.15625 285.181243896484375 280.20623779296875
