data/historical-monthly-weather-data/wc2.1_cruts4.09_10m_prec_2010-08.asc
ncols        45
nrows        45
xllcorner    -63.500000000000
yllcorner    -7.500000000000
cellsize     0.166666666667
NODATA_value -9999
[rows 0 to 18 of 45, columns 0 to 42 of 45]
126.25624847412109375 129.6437530517578125 132.193756103515625 138.0749969482421875 144.912506103515625 152.9187469482421875 156.6999969482421875 162.25 167.5 170.818756103515625 169.0437469482421875 169.6750030517578125 172.287506103515625 171.493743896484375 171.7375030517578125 168.274993896484375 167.1437530517578125 164.806243896484375 162.0749969482421875 163.3312530517578125 162.212493896484375 158.787506103515625 155.5749969482421875 151.90625 146.75 141.931243896484375 139.850006103515625 139.4250030517578125 132.6875 130.21875 123.46250152587890625 121.11875152587890625 119.59999847412109375 115.71875 113.63124847412109375 113.7687530517578125 112.83750152587890625 113.49375152587890625 115.5 116.54999542236328125 118.31874847412109375 121.88124847412109375 122.78125
118.4187469482421875 120.61875152587890625 126.0812530517578125 132.5812530517578125 140.662506103515625 147.28125 148.7624969482421875 153.399993896484375 159.181243896484375 162.5 162.631256103515625 164.712493896484375 163.9562530517578125 161.6437530517578125 160.7062530517578125 160.7937469482421875 158.0749969482421875 155.9812469482421875 154.756256103515625 155.100006103515625 153.475006103515625 149.8249969482421875 146.6687469482421875 144.3562469482421875 139.1875 133.431243896484375 133.774993896484375 131.8874969482421875 126.0437469482421875 122.46250152587890625 119.3125 116.4562530517578125 115.00624847412109375 113.9562530517578125 111.7624969482421875 111.15625 108.55625152587890625 110.9812469482421875 111.8125 112.7937469482421875 117.13124847412109375 119.1687469482421875 122.03749847412109375
107.4375 111.15000152587890625 117.46250152587890625 125.28125 133.225006103515625 139.024993896484375 142.53125 146.475006103515625 150.1875 152.725006103515625 155.100006103515625 156.9250030517578125 155.7375030517578125 151.725006103515625 150.28125 149.59375 148.181243896484375 145.7687530517578125 144.131256103515625 142.056243896484375 141.881256103515625 141.037506103515625 138.431243896484375 137.3249969482421875 131.2375030517578125 127.34375 128.8312530517578125 125.34375 119.9812469482421875 117.6875 113.375 110.8249969482421875 109.86875152587890625 109.86875152587890625 106.90625 103.8937530517578125 103.15000152587890625 105.0437469482421875 105.1750030517578125 107.6437530517578125 113.0625 116.05625152587890625 120.625
97.41249847412109375 99.50624847412109375 107.09375 115.375 121.9499969482421875 127.2375030517578125 132.0812530517578125 136.65625 142.600006103515625 145.118743896484375 145.537506103515625 145.4812469482421875 145.0500030517578125 141.4812469482421875 139.943756103515625 138.649993896484375 138.024993896484375 136.15625 134.475006103515625 135.7937469482421875 134.65625 132.225006103515625 129.493743896484375 128.9375 124.49375152587890625 120.7687530517578125 121.3125 115.81874847412109375 111.84375 110.28125 107.16875457763671875 103.6750030517578125 101.2312469482421875 99.78125 98.0124969482421875 97.0625 98.78749847412109375 99.3937530517578125 98.3937530517578125 102.33750152587890625 106.19374847412109375 111.84999847412109375 116.27500152587890625
97 96.19374847412109375 97.375 103.15000152587890625 111.125 115.91249847412109375 120.02500152587890625 127.34999847412109375 134.8000030517578125 137.4749908447265625 136.556243896484375 135.537506103515625 134.7937469482421875 132.725006103515625 130.6125030517578125 129.84375 128.1437530517578125 125.3874969482421875 123.61875152587890625 125.5124969482421875 127.2937469482421875 123.3625030517578125 121.59999847412109375 122.9375 117.59375 113.5187530517578125 111.38124847412109375 109.74375152587890625 106.13124847412109375 102.28125 101.59999847412109375 97.6125030517578125 96.28749847412109375 95.5 93.90000152587890625 91.75624847412109375 91.69374847412109375 92.4499969482421875 91.6125030517578125 93.74375152587890625 99.9250030517578125 105.3125 112.24375152587890625
93.66249847412109375 92.56874847412109375 92.4375 91.83750152587890625 98.44374847412109375 107.5187530517578125 113.0187530517578125 118.40625 126.0124969482421875 128.75 126.24375152587890625 125.5124969482421875 126.00624847412109375 125.02500152587890625 123.0124969482421875 122.5812530517578125 119.90625 116.11875152587890625 115.77500152587890625 117.33750152587890625 119.1374969482421875 118.11875152587890625 117.2062530517578125 114.1999969482421875 111.6999969482421875 108.81874847412109375 106.6125030517578125 104.0187530517578125 101.3625030517578125 96.6687469482421875 95.4562530517578125 93.69374847412109375 90.8000030517578125 90.09999847412109375 87.0812530517578125 86.6062469482421875 85.11875152587890625 83.6687469482421875 83.94374847412109375 87.09375 90.3000030517578125 96.1374969482421875 102.7937469482421875
90.90625 90.56874847412109375 90.625 90.6125030517578125 93.30625152587890625 97.75 102.61875152587890625 107.5500030517578125 109.52500152587890625 112.66249847412109375 113.5625 114.8000030517578125 117.5437469482421875 117.56874847412109375 117.19374847412109375 116.65625 114.1374969482421875 111.11875152587890625 109.3000030517578125 111.4812469482421875 112.41249847412109375 112.72499847412109375 112.2062530517578125 110.3000030517578125 107.3625030517578125 105.28749847412109375 102.55625152587890625 99.03749847412109375 94.3125 92.28125 89.94374847412109375 87.0749969482421875 85.6999969482421875 84.4812469482421875 82.0437469482421875 80.1875 77.52500152587890625 76.1687469482421875 76.84375 79.40000152587890625 81.6062469482421875 86.59375 93.46875
88.90000152587890625 87.4562530517578125 89.0437469482421875 90.0812530517578125 93.3562469482421875 97.625 97.5812530517578125 94.0500030517578125 92.625 95.9499969482421875 102.03749847412109375 105.11249542236328125 108.1062469482421875 109.69374847412109375 110.5437469482421875 110.03125 108.8312530517578125 106.08750152587890625 103.8562469482421875 104.72499847412109375 107.1875 108.1437530517578125 106.8312530517578125 104.6437530517578125 103.69374847412109375 100.375 96.82500457763671875 93.71250152587890625 89.9375 85.7687530517578125 85.0437469482421875 82.06874847412109375 79.40000152587890625 78.6374969482421875 74.9375 72.44374847412109375 69.78749847412109375 67.69374847412109375 67.09375 67.96250152587890625 70.15000152587890625 74.99375152587890625 80.68125152587890625
87.71250152587890625 86.4875030517578125 88.58750152587890625 88.8937530517578125 91.05625152587890625 93.59375 94.3874969482421875 92.40000152587890625 87.2687530517578125 86.2375030517578125 91.18125152587890625 95.15000152587890625 101.3562469482421875 103.59999847412109375 104.1875 103.69374847412109375 104.3562469482421875 103 103.6437530517578125 102.41249847412109375 103.5749969482421875 105.3125 103.7312469482421875 104.40000152587890625 102.30625152587890625 97.40000152587890625 91.78125 89.78749847412109375 86.1999969482421875 82.1062469482421875 81.06874847412109375 76.53125 72.5812530517578125 69.30625152587890625 66.6062469482421875 65.4375 63.52500152587890625 61.625 60.106250762939453125 60.143749237060546875 60.94374847412109375 63.287502288818359375 66.4375
85.91249847412109375 84.93125152587890625 86.2624969482421875 87.6437530517578125 89.55625152587890625 91.7062530517578125 94.13124847412109375 92.22499847412109375 88.63124847412109375 89.13750457763671875 90.83750152587890625 91.6374969482421875 96.9812469482421875 100.0500030517578125 99.125 98.96875 98.4562530517578125 99.71875 100.875 101.6999969482421875 102.8125 102.3937530517578125 100.53125 100.78125 97.9812469482421875 93.05625152587890625 87.8125 84.75624847412109375 80.0625 75.88124847412109375 72.71250152587890625 69.02500152587890625 66.9562530517578125 64.7937469482421875 62.737499237060546875 60.93125152587890625 58.174999237060546875 55.63124847412109375 54.5 53.793750762939453125 53.30625152587890625 53.637500762939453125 54.549999237060546875
85.8125 84.6437530517578125 84.83750152587890625 85.7312469482421875 88.125 91.7624969482421875 93.88124847412109375 90.90625 88.6374969482421875 88.1374969482421875 90.5187530517578125 91.53749847412109375 93.80625152587890625 95.4375 93.13124847412109375 91.7312469482421875 91.83750152587890625 94.625 96.5187530517578125 99.3625030517578125 103.65625 103.28125 100.69374847412109375 97.30625152587890625 96.5124969482421875 91.93125152587890625 86.75624847412109375 81.75 75.1125030517578125 69.875 67.69374847412109375 64.49375152587890625 63.424999237060546875 61.487499237060546875 58.33750152587890625 55.668750762939453125 52.69374847412109375 50.58750152587890625 48.606250762939453125 46.875 45.268749237060546875 44.956249237060546875 45.53125
85.53125 84.65625 84.77500152587890625 86.1750030517578125 88.7312469482421875 92.1999969482421875 94.84999847412109375 92.9812469482421875 90.25 89.1125030517578125 90.21875 90.2937469482421875 89.7375030517578125 88.5812530517578125 89.15625 87.80625152587890625 87.21250152587890625 88.78749847412109375 92.11875152587890625 97.0187530517578125 102.0437469482421875 102.5749969482421875 101.0124969482421875 98.27500152587890625 94.78749847412109375 85.71875 80.1374969482421875 75.97499847412109375 70.22499847412109375 65.88124847412109375 62.84375 61.081249237060546875 58.575000762939453125 56.481250762939453125 54.50624847412109375 52.75 50.05625152587890625 47.25624847412109375 43.71250152587890625 40.456249237060546875 38.606250762939453125 37.99375152587890625 37.56874847412109375
84.6374969482421875 82.8000030517578125 83.3874969482421875 83.8249969482421875 86.83750152587890625 89.3937530517578125 89.94374847412109375 89.6374969482421875 87.47499847412109375 87.18125152587890625 88.15000152587890625 87.88124847412109375 85.5 81.75 80.4499969482421875 80.4187469482421875 79.56874847412109375 82.80625152587890625 86.125 89.6374969482421875 95.6374969482421875 97.4187469482421875 96.91249847412109375 91.72499847412109375 83.75 76.43125152587890625 73.6999969482421875 70.36875152587890625 67.3125 63.512500762939453125 59.893749237060546875 57.24375152587890625 55.862499237060546875 52.3125 50.78749847412109375 50.206249237060546875 49.612499237060546875 46.4375 43.0625 37.84999847412109375 33.081249237060546875 32.99375152587890625 31.850000381469726562
82.80625152587890625 80.1125030517578125 80.0500030517578125 81.46250152587890625 83.2687530517578125 84.6750030517578125 85.21250152587890625 86.0500030517578125 84.2312469482421875 84.15625 83.9812469482421875 81.5625 79.28125 75.6687469482421875 71.0187530517578125 72.0124969482421875 72.3249969482421875 75.21875 76.30625152587890625 79.05625152587890625 84.9812469482421875 87.2312469482421875 87.4187469482421875 84.03125 78.3249969482421875 73.15000152587890625 70.30625152587890625 67.46875 64.51874542236328125 61.5625 58.84999847412109375 55.012500762939453125 53.09375 50.25 49.75624847412109375 50.575000762939453125 50.27500152587890625 49.331249237060546875 46.02500152587890625 39.36875152587890625 30.975000381469726562 28.03125 28.181249618530273438
79.09999847412109375 77.5124969482421875 76.81874847412109375 77.15000152587890625 79 80.11875152587890625 80.5124969482421875 80.3625030517578125 78.7375030517578125 78.6875 77.0625 75.1750030517578125 72.4875030517578125 68.08750152587890625 63.543750762939453125 62.24375152587890625 62.549999237060546875 64.0124969482421875 65.7312469482421875 68.8249969482421875 74.40000152587890625 77.74375152587890625 79.5124969482421875 79.2062530517578125 76.97499847412109375 74.3000030517578125 70.59999847412109375 66.8625030517578125 62.96875 59.71250152587890625 56.200000762939453125 53.36875152587890625 51.575000762939453125 49.90625 48.625 49.8125 51.30625152587890625 54.018749237060546875 51.71250152587890625 43.424999237060546875 36.72499847412109375 33.27500152587890625 32.956249237060546875
74.21250152587890625 73.3312530517578125 73.3625030517578125 73.65625 74.5500030517578125 76.21875 76.7312469482421875 75.3312530517578125 74.05625152587890625 73.34999847412109375 71.74375152587890625 68.59375 64.96250152587890625 60.90000152587890625 57.11875152587890625 53.262500762939453125 53.1875 54.674999237060546875 56.15625 59.393749237060546875 64.55625152587890625 69.33750152587890625 74.0124969482421875 76.83750152587890625 76.99375152587890625 74.94374847412109375 71.28749847412109375 66.3125 61.856250762939453125 58.899997711181640625 56.25 53.21875 50.52500152587890625 48.84375 48.299999237060546875 52.72499847412109375 55.612499237060546875 57.97499847412109375 56.56874847412109375 50.94374847412109375 45.25 40.68125152587890625 36.96250152587890625
70.88124847412109375 70.30625152587890625 69.9250030517578125 70.4562530517578125 70.3625030517578125 72.16249847412109375 73.22499847412109375 72.6125030517578125 70.18125152587890625 69.4812469482421875 67.875 63.456249237060546875 59.53125 55.31874847412109375 51.581249237060546875 48 44.668750762939453125 45.331249237060546875 47.90000152587890625 51.40000152587890625 55.331249237060546875 61.518749237060546875 68.53125 75.1687469482421875 78.0749969482421875 75.91249847412109375 70.21250152587890625 65.2937469482421875 59.950000762939453125 56.49375152587890625 55.012500762939453125 53.97499847412109375 52.58750152587890625 51.40625 55.99375152587890625 59.91249847412109375 62.481250762939453125 66.44374847412109375 66.3874969482421875 57.706249237060546875 49.706249237060546875 43.21250152587890625 37.69374847412109375
64.8937530517578125 65.1999969482421875 65.44374847412109375 66.41249847412109375 66.5 68.21250152587890625 67.91249847412109375 67.59999847412109375 65.84375 64.7375030517578125 63.28749847412109375 59.50624847412109375 54.44374847412109375 49.862499237060546875 46.36875152587890625 42.856250762939453125 39.581249237060546875 37.637500762939453125 40.74375152587890625 42.78749847412109375 47.40000152587890625 53.543750762939453125 61.78749847412109375 68.88124847412109375 74.3562469482421875 74.1750030517578125 70.11875152587890625 64.8312530517578125 58.706249237060546875 54.46875 50.512500762939453125 48.831249237060546875 53.99375152587890625 59.21875 61.825000762939453125 66.41249847412109375 70.125 71.59999847412109375 68.1374969482421875 60.768749237060546875 50.15625 44.11875152587890625 38.9375
59.06874847412109375 59.768749237060546875 60.606250762939453125 61.893749237060546875 62.93125152587890625 63.768749237060546875 63.950000762939453125 63.30625152587890625 63.25624847412109375 62.84999847412109375 61.112499237060546875 55.40625 50.700000762939453125 46.50624847412109375 42.15000152587890625 39.34375 36.00624847412109375 33.356250762939453125 33.793750762939453125 36.19374847412109375 42.77500152587890625 53.125 53.47499847412109375 61.11875152587890625 67.16249847412109375 71.40000152587890625 69.34999847412109375 63.74375152587890625 59.38124847412109375 52.825000762939453125 48.34999847412109375 49.69374847412109375 56.1875 60.268749237060546875 63.950000762939453125 68.03749847412109375 68.61875152587890625 66.61875152587890625 63.956249237060546875 56.80625152587890625 49.356250762939453125 43.90000152587890625 39.13124847412109375
