data/historical-monthly-weather-data/wc2.1_cruts4.09_10m_prec_1984-11.asc
ncols        45
nrows        45
xllcorner    -63.500000000000
yllcorner    -7.500000000000
cellsize     0.166666666667
NODATA_value -9999
[rows 0 to 18 of 45, columns 0 to 43 of 45]
170.318756103515625 172.3625030517578125 169.868743896484375 170.7937469482421875 171.193756103515625 172.1750030517578125 171.8625030517578125 171.46875 171.1062469482421875 169.8000030517578125 168.375 164.7375030517578125 161.256256103515625 155.350006103515625 150.625 145.412506103515625 140.6999969482421875 135.024993896484375 129.881256103515625 125.61875152587890625 121.56874847412109375 117.5812530517578125 114.28749847412109375 110.1999969482421875 106.8000030517578125 104.05625152587890625 102.5625 101.27500152587890625 99.71875 98.72499847412109375 98.21875 98.4250030517578125 98.6437530517578125 99.5749969482421875 100.1374969482421875 100.56874847412109375 101.16249847412109375 101.1437530517578125 99.4875030517578125 97.68125152587890625 94.99375152587890625 92.2312469482421875 88.38124847412109375 84.68125152587890625
172.212493896484375 172.943756103515625 172.662506103515625 174.375 177.1437530517578125 177.912506103515625 177.056243896484375 178.131256103515625 177.5749969482421875 175.5187530517578125 173.287506103515625 168.193756103515625 162.59375 156.787506103515625 150.8000030517578125 146.1125030517578125 140.3937530517578125 135.0187530517578125 129.6187591552734375 125.15625 120.61875152587890625 116.2687530517578125 112.8000030517578125 109.45624542236328125 105.0749969482421875 101.75624847412109375 100.4812469482421875 98.9562530517578125 97.5625 96.375 95.7312469482421875 95.8125 95.3874969482421875 97.03125 98.15625 98.7312469482421875 99.5 99.75 98.1062469482421875 96.4499969482421875 94.50624847412109375 91.6750030517578125 88.52500152587890625 84.3562469482421875
170.931243896484375 171.8625030517578125 171.287506103515625 171.8562469482421875 174.59375 175.4187469482421875 177.5187530517578125 179.09375 179.8125 178.162506103515625 174.6875 168.662506103515625 162.7062530517578125 156.25 149.9499969482421875 144.3562469482421875 139.193756103515625 134.274993896484375 128.6999969482421875 124.1875 119.4375 114.74375152587890625 110.8874969482421875 107.4250030517578125 103.24375152587890625 99.4812469482421875 98.0500030517578125 96.8625030517578125 95.13124847412109375 93.5437469482421875 93.3249969482421875 93 93.9375 95.0625 96.4562530517578125 96.6437530517578125 97.15625 98.2687530517578125 97.00624847412109375 95.80625152587890625 93.94374847412109375 90.8937530517578125 87.90000152587890625 84.3874969482421875
165.3000030517578125 165.587493896484375 166.6750030517578125 166.5500030517578125 169.0500030517578125 170.662506103515625 173.1374969482421875 176.9562530517578125 179.71875 179.3625030517578125 175.024993896484375 167.84375 161.0812530517578125 154.149993896484375 148.024993896484375 142.618743896484375 137.8937530517578125 132.693756103515625 127.78125 124.03749847412109375 119.11875152587890625 113.8000030517578125 108.69374847412109375 104.52500152587890625 100.3312530517578125 96.6374969482421875 95.3125 93.28749847412109375 92.03125 91.0500030517578125 90.53125 90.58750152587890625 90.74375152587890625 91.77500152587890625 92.9187469482421875 94.28125 95.375 96.21875 95.44374847412109375 94.30625152587890625 91.9375 89.78749847412109375 86.4499969482421875 83.0625
163.837493896484375 161.34375 156.9375 157.9250030517578125 161.881256103515625 164.568756103515625 167.7375030517578125 172.931243896484375 178.056243896484375 179.975006103515625 173.2687530517578125 163.9187469482421875 156.8937530517578125 150.9437408447265625 145.2937469482421875 140.71875 135.9875030517578125 131.5812530517578125 126.84999847412109375 122.1999969482421875 117.90000152587890625 112.1875 106.7624969482421875 102.8125 97.5 93.40625 90.8562469482421875 89.84375 89.1687469482421875 87.49375152587890625 86.8562469482421875 86.8874969482421875 87.2375030517578125 88.4250030517578125 89.80625152587890625 91.1750030517578125 92.49375152587890625 93.6875 93.61875152587890625 91.71250152587890625 89.8312530517578125 87.2312469482421875 84.4499969482421875 81.4499969482421875
159.381256103515625 157.1999969482421875 152.931243896484375 149.09375 153.9187469482421875 159.4812469482421875 163.65625 167.78125 172.3000030517578125 175.193756103515625 168.006256103515625 159.368743896484375 153.6437530517578125 148.381256103515625 143.0812530517578125 138.4875030517578125 134.5625 130.1750030517578125 126.03125 120.91249847412109375 115.96250152587890625 110.7062530517578125 105.27500152587890625 100.3625030517578125 95.80625152587890625 91.2687530517578125 88.9187469482421875 87.43125152587890625 86.4375 84.6125030517578125 83.2312469482421875 84 84.08750152587890625 85.3125 86.38124847412109375 88.1062469482421875 89.52500152587890625 90.9812469482421875 91.5812530517578125 90.28125 86.8937530517578125 84.49375152587890625 81.7624969482421875 79.1750030517578125
156.1999969482421875 155.4875030517578125 151.568756103515625 147.8312530517578125 149.1875 151.8937530517578125 155.46875 158.412506103515625 159.3000030517578125 157.71875 155.6437530517578125 151.381256103515625 148.25 144.568756103515625 140.8249969482421875 137.3125 133.7062530517578125 129.037506103515625 123.8249969482421875 119.97499847412109375 114.8000030517578125 109.2624969482421875 103.8312530517578125 98.6437530517578125 93.9187469482421875 89.8874969482421875 87.13124847412109375 85.05625152587890625 82.83750152587890625 81.05625152587890625 80.09999847412109375 80.1750030517578125 80.5 81.68125152587890625 83 84.1687469482421875 85.16249847412109375 86.78749847412109375 88.90000152587890625 87.3937530517578125 83.5812530517578125 80.94374847412109375 78.3625030517578125 75.7624969482421875
154.756256103515625 153.4875030517578125 150.78125 149.625 150.493743896484375 150.506256103515625 148.8312530517578125 145.649993896484375 141.787506103515625 140.4562530517578125 142.693756103515625 142.912506103515625 142.181243896484375 140.3375091552734375 137.868743896484375 135.662506103515625 132.4562530517578125 127.53125 122.65625 118.09375 114 108.78125 102.625 97.3874969482421875 93.09375 87.75624847412109375 84.5437469482421875 81.7937469482421875 79.6875 77.31874847412109375 76.08750152587890625 76.53749847412109375 76.8874969482421875 77.6687469482421875 78.7937469482421875 79.375 80.40625 81.09999847412109375 81.6687469482421875 80.43125152587890625 77.65625 75.3937530517578125 73.0437469482421875 70.55625152587890625
154.0812530517578125 153.725006103515625 152.556243896484375 151.8312530517578125 151.9187469482421875 150.743743896484375 147.96875 143.212493896484375 134.881256103515625 130.6437530517578125 134.600006103515625 136.881256103515625 138.09375 137.524993896484375 135.8937530517578125 133.7062530517578125 130.8625030517578125 127.02500152587890625 124.22499847412109375 119.9250030517578125 114.36875152587890625 109.19374847412109375 102.5625 98.11875152587890625 92.83750152587890625 86.93125152587890625 82.90000152587890625 80.0812530517578125 77.6374969482421875 74.40625 73.4250030517578125 74.30625152587890625 74.00624847412109375 74.13124847412109375 74.59375 75.2375030517578125 75.7624969482421875 75.875 75.77500152587890625 75.0500030517578125 72.80625152587890625 70.6374969482421875 68.9187469482421875 66.90000152587890625
154.006256103515625 153.2624969482421875 152.6125030517578125 152.5500030517578125 153.0625 152.3874969482421875 148.9187469482421875 143.4812469482421875 137.243743896484375 133.9187469482421875 134.1374969482421875 134.1437530517578125 135.712493896484375 135.506256103515625 133.725006103515625 131.7687530517578125 129.3249969482421875 127.08750152587890625 124.94374847412109375 122.4375 116.96875 110.88124847412109375 103.53749847412109375 98.2624969482421875 91.9499969482421875 86.0500030517578125 82.3312530517578125 78.78749847412109375 75.7062530517578125 71.8937530517578125 70.7624969482421875 71.4250030517578125 71.03749847412109375 71.0749969482421875 71.31874847412109375 71.6687469482421875 71.9812469482421875 71.34999847412109375 71.0749969482421875 70.27500152587890625 68.6875 66.97499847412109375 65.1125030517578125 62.918750762939453125
154.350006103515625 153.725006103515625 152.8937530517578125 152.9562530517578125 153.5437469482421875 154.431243896484375 151.743743896484375 145.7062530517578125 139.943756103515625 136.21875 135.368743896484375 134.4499969482421875 134.337493896484375 133.6875 131.2562408447265625 128.881256103515625 126.96875 125.9875030517578125 125.28125 124.55625152587890625 121.6374969482421875 114.5749969482421875 105.59375 97.40625 91.4375 86.375 82.66875457763671875 79.13124847412109375 75.24375152587890625 71.25624847412109375 69.9250030517578125 70.0749969482421875 69.63124847412109375 69.21250152587890625 68.71875 68.3000030517578125 67.84999847412109375 67.15625 67.3874969482421875 66.6875 65.11875152587890625 63.768749237060546875 62.262500762939453125 60.4375
155.4375 154.6999969482421875 153.9187469482421875 154.743743896484375 155.475006103515625 156.4187469482421875 154.787506103515625 148.6875 142.9562530517578125 138.962493896484375 136.6125030517578125 134.787506103515625 131.9875030517578125 130.1125030517578125 127.78749847412109375 125.59999847412109375 124.25624847412109375 123.9250030517578125 124.72499847412109375 126.30625152587890625 125.28749847412109375 118.49375152587890625 108.4187469482421875 98.9250030517578125 91.78125 86.3312530517578125 82.5124969482421875 79.30625152587890625 76.52500152587890625 72.7687530517578125 70.56874847412109375 69.6687469482421875 68.47499847412109375 67.5437469482421875 67.0625 66.6374969482421875 66.0187530517578125 65.55625152587890625 65.5437469482421875 65.1062469482421875 64.0812530517578125 62.80625152587890625 61.46875 59.887500762939453125
156.318756103515625 156 155.34375 155.225006103515625 155.149993896484375 155.431243896484375 153.243743896484375 148.6750030517578125 143.712493896484375 140.243743896484375 137.2375030517578125 134.475006103515625 130.6374969482421875 125.41249847412109375 122.4250030517578125 120.71250152587890625 119.96875 121.33750152587890625 123.15625 125.2624969482421875 125.7375030517578125 119.59999847412109375 109.2687530517578125 100.5500030517578125 92.25 85.8937530517578125 83.1750030517578125 80.21250152587890625 77.69374847412109375 74.2312469482421875 71.59375 69.84375 67.6125030517578125 66.0749969482421875 65.3000030517578125 64.8625030517578125 64.38124847412109375 63.96875 64.3937530517578125 63.643749237060546875 63.168750762939453125 62.43125152587890625 60.5 56.637500762939453125
156.774993896484375 155.46875 154.6687469482421875 154.1062469482421875 153.8125 152.6750030517578125 150.5749969482421875 147.3874969482421875 143.9499969482421875 140.306243896484375 136.868743896484375 131.537506103515625 126.5812530517578125 120.9250030517578125 115.83750152587890625 114.25 114.21875 115.9187469482421875 117.99375152587890625 119.7687530517578125 119.4499969482421875 114.6999969482421875 107.02500152587890625 99.6750030517578125 92.8249969482421875 87.2062530517578125 84.96875 82.30625152587890625 79.41875457763671875 75.5749969482421875 72.72499847412109375 70.29375457763671875 67.17499542236328125 64.8312530517578125 64.0124969482421875 63.868747711181640625 63.5 63.875 63.924999237060546875 63.9375 62.86875152587890625 60.325000762939453125 57.63124847412109375 56
155.318756103515625 154.0749969482421875 153.350006103515625 152.7624969482421875 152.131256103515625 150.662506103515625 149.068756103515625 146.3312530517578125 142.712493896484375 138.8625030517578125 134.8000030517578125 128.7062530517578125 122.38124847412109375 115.94374847412109375 109.30625152587890625 107.1875 107.7062530517578125 109.8625030517578125 112.2312469482421875 113.9812469482421875 113.3937530517578125 110.03125 104.78749847412109375 99.84375 95.33750152587890625 91.0812530517578125 88.5187530517578125 85.5812530517578125 82.3874969482421875 77.84375 74.1875 70.9187469482421875 67.6374969482421875 64.9812469482421875 63.46250152587890625 63.293750762939453125 63.91249847412109375 65.34375 66.5 65.9812469482421875 63.80625152587890625 61.637500762939453125 60.006252288818359375 58.606250762939453125
152.837493896484375 151.6750030517578125 151.53125 150.90625 150.337493896484375 149.1999969482421875 147.087493896484375 144.5124969482421875 141.625 138.4499969482421875 133.6875 126.71875 119.58750152587890625 111.7312469482421875 104.44374847412109375 99.78749847412109375 101.65000152587890625 105.09375 107.5 109.125 109.2624969482421875 107.21875 103.4499969482421875 100.28749847412109375 97.5124969482421875 95.28125 93.38124847412109375 90.125 85.6437530517578125 80.0812530517578125 75.6687469482421875 72.0500030517578125 68.15000152587890625 65.59375 63.21875 63.97499847412109375 65.59375 65.8312530517578125 67.08750152587890625 67.11875152587890625 66.75624847412109375 65.02500152587890625 62.737499237060546875 59.387500762939453125
149.8625030517578125 149.6374969482421875 149.1374969482421875 148.6125030517578125 148.475006103515625 147.274993896484375 145.850006103515625 143.3000030517578125 140.662506103515625 137.3000030517578125 132.9375 125.7062530517578125 117.78125 109.71250152587890625 102.94374847412109375 98.56874847412109375 97.65625 100.3312530517578125 103.3937530517578125 105.59375 106.24375152587890625 105.125 102.5625 100.26250457763671875 99.1125030517578125 99.25624847412109375 98.9375 94.46875 88.06874847412109375 81.91249847412109375 77.3625030517578125 74.44374847412109375 69.9875030517578125 66.77500152587890625 66.4812469482421875 68.5749969482421875 68.77500152587890625 69.65625 71.63124847412109375 71.36875152587890625 71.60625457763671875 69.38124847412109375 64.9812469482421875 61.8125
145.375 145.4812469482421875 145.649993896484375 145.5812530517578125 145.193756103515625 144.90625 143.8625030517578125 141.475006103515625 139.181243896484375 136.037506103515625 131.8937530517578125 124.88124847412109375 116.4562530517578125 109.15625 103.6374969482421875 99.3562469482421875 97.0749969482421875 96.49375152587890625 100.13124847412109375 102.61875152587890625 104.6687469482421875 103.7062530517578125 101.88124847412109375 101.15000152587890625 101.47499847412109375 102.55625152587890625 104.52500152587890625 98.54999542236328125 90.0812530517578125 82.2375030517578125 77.11875152587890625 74.15625 72.27500152587890625 72.25 72.65625 71.6750030517578125 72.46875 73.36875152587890625 73.28125 74.59375 74.125 71.40000152587890625 67.6687469482421875 64.58750152587890625
140.3000030517578125 141.412506103515625 141.7624969482421875 142.024993896484375 142.2624969482421875 142.024993896484375 140.90625 139.3937530517578125 137.90625 135.8125 131.712493896484375 124.5749969482421875 116.44374847412109375 109.56874847412109375 103.7937469482421875 99.7062530517578125 97.0187530517578125 95.1875 96.52500152587890625 99.15000152587890625 103.11875152587890625 104.83750152587890625 101.2312469482421875 101.5187530517578125 102.8125 104.0500030517578125 104.2687530517578125 99.3000030517578125 91.6687469482421875 83.03125 76.6750030517578125 75.8625030517578125 77.5749969482421875 77.46875 76.53749847412109375 76.94374847412109375 76.9375 76.90000152587890625 77.2937469482421875 77.44374847412109375 76.55625152587890625 74.9375 70.96250152587890625 67.6999969482421875
