data/historical-monthly-weather-data/wc2.1_cruts4.09_10m_prec_1967-10.asc
ncols        45
nrows        45
xllcorner    -63.500000000000
yllcorner    -7.500000000000
cellsize     0.166666666667
NODATA_value -9999
[rows 20 to 39 of 45, columns 0 to 43 of 45]
52.90625 52.206249237060546875 51.84999847412109375 51.268749237060546875 50.47499847412109375 49.831249237060546875 49.125 48.1875 48.58750152587890625 48.4375 47.137500762939453125 41.918750762939453125 36.581249237060546875 31.53125 27.706251144409179688 24.21875 21.143749237060546875 20.081249237060546875 19.8125 20.412500381469726562 27.131250381469726562 35.33750152587890625 44.28749847412109375 55.325000762939453125 66.5625 76.34999847412109375 83.8000030517578125 87.72499847412109375 90.15625 91.91249847412109375 94.5187530517578125 100.46250152587890625 107.84999847412109375 116.8937530517578125 126.81874847412109375 129.6875 131.5124969482421875 136.524993896484375 141.524993896484375 146.3874969482421875 149.725006103515625 147.756256103515625 141.9499969482421875 135.5812530517578125
48.5 48.206249237060546875 48 47.46875 46.774997711181640625 46.30625152587890625 45.606250762939453125 44.875 45.549999237060546875 45.362499237060546875 43.96250152587890625 39.543750762939453125 35.075000762939453125 31.068750381469726562 27.131250381469726562 23.581249237060546875 20.631250381469726562 19.612499237060546875 19.1875 19.818750381469726562 26.087499618530273438 33.8125 42.549999237060546875 53.80625152587890625 65.0625 75.5437469482421875 84.5625 91.0187530517578125 96.6374969482421875 100.96250152587890625 105.4812469482421875 111.75624847412109375 119.05625152587890625 127.9499969482421875 135.5625 139.9562530517578125 141.6437530517578125 143.962493896484375 147.0625 151.1875 153.975006103515625 152.3625030517578125 148.7937469482421875 143.375
45.174999237060546875 45.231250762939453125 44.975002288818359375 44.25 43.112499237060546875 42.58750152587890625 42.02500152587890625 41.59999847412109375 42.8125 42.40000152587890625 40.987499237060546875 37.331249237060546875 34.043750762939453125 31.081249237060546875 27.112499237060546875 23.375 20.306249618530273438 19.387500762939453125 18.868749618530273438 19.34375 25.587499618530273438 32.799999237060546875 40.918750762939453125 52.59999847412109375 64.33750152587890625 74.65000152587890625 84.8937530517578125 94.3937530517578125 101.88124847412109375 108.3562469482421875 115.34999847412109375 123.09375 129.912506103515625 137.850006103515625 144.40625 148.375 150.162506103515625 150.78125 153.056243896484375 158.3937530517578125 161.8874969482421875 160.725006103515625 157.662506103515625 152.493743896484375
43.5 43.69374847412109375 43.28749847412109375 41.606250762939453125 39.74375152587890625 39.30625152587890625 38.88124847412109375 38.78749847412109375 40.075000762939453125 40.06874847412109375 39.012500762939453125 36.78125 34.762500762939453125 32.737499237060546875 28.818750381469726562 24.887500762939453125 21.643749237060546875 20.450000762939453125 19.668750762939453125 19.856250762939453125 25.78125 32.731250762939453125 40.21250152587890625 52.125 64.02500152587890625 74.1750030517578125 83.96875 95.3937530517578125 106.2375030517578125 114.86249542236328125 123.33750152587890625 131.9187469482421875 139.274993896484375 146.5187530517578125 153.1437530517578125 158.4499969482421875 161.181243896484375 161.7937469482421875 164.618743896484375 169.0625 172.46875 171.2624969482421875 167.712493896484375 161.8874969482421875
43.393749237060546875 43.018749237060546875 41.9375 39.081249237060546875 36.387500762939453125 35.90625 35.637500762939453125 35.5 36.71250152587890625 37.41249847412109375 37.387500762939453125 36.61875152587890625 36 34.99375152587890625 31 26.90625 23.387500762939453125 21.893749237060546875 20.793750762939453125 20.674999237060546875 26.237499237060546875 32.549999237060546875 39.83750152587890625 52.16249847412109375 64.78749847412109375 76.6750030517578125 87.4499969482421875 99.3874969482421875 111.26250457763671875 120.8562469482421875 130 138.5187530517578125 147.125 154.462493896484375 161.65625 167.1750030517578125 172.2624969482421875 176.256256103515625 178.943756103515625 183.4875030517578125 186.6374969482421875 184.5124969482421875 180.1374969482421875 175.0500030517578125
43.66249847412109375 42.27500152587890625 39.65000152587890625 36.36875152587890625 33.018749237060546875 32.581249237060546875 32.487499237060546875 32.512500762939453125 33.96250152587890625 35.262500762939453125 35.768749237060546875 36.637500762939453125 37.41249847412109375 37.518749237060546875 33.66249847412109375 29.337499618530273438 25.631250381469726562 23.793750762939453125 22.381250381469726562 21.924999237060546875 27.087499618530273438 32.91249847412109375 39.84375 52.956249237060546875 66.6437530517578125 79.81874847412109375 92.0812530517578125 104.375 116.69374847412109375 126.88124847412109375 135.506256103515625 145.3000030517578125 154.7687530517578125 162.53125 170.850006103515625 177.5625 184.162506103515625 190.71875 194.7937469482421875 199.568756103515625 203.0812530517578125 200.7062530517578125 195.399993896484375 190.2312469482421875
43.58750152587890625 40.38124847412109375 37.46875 34.24375152587890625 31.149999618530273438 30.993749618530273438 31.112499237060546875 31.387500762939453125 33.043750762939453125 34.606250762939453125 36.174999237060546875 38.5625 40.93125152587890625 42.356250762939453125 38.53749847412109375 34.1875 30.206249237060546875 28.112499237060546875 26.299999237060546875 25.418750762939453125 29.881250381469726562 34.893749237060546875 41.125 55.02500152587890625 69.1750030517578125 83.0749969482421875 96.06874847412109375 109.125 122.22499847412109375 132.3312530517578125 142.0625 151.1687469482421875 161.9562530517578125 171.3874969482421875 180.2062530517578125 189.0124969482421875 197.7687530517578125 206.2687530517578125 212.46875 219.587493896484375 224.4562530517578125 222.7687530517578125 217.8625030517578125 212.0625
43.106250762939453125 38.512500762939453125 35.450000762939453125 32.456249237060546875 29.681249618530273438 29.725000381469726562 30.15625 30.606250762939453125 32.543750762939453125 34.65000152587890625 36.78125 40.674999237060546875 44.825000762939453125 47.487499237060546875 43.956249237060546875 39.59375 35.612499237060546875 33 30.868749618530273438 29.643749237060546875 33.149997711181640625 37.28125 42.981250762939453125 57 71.7312469482421875 86.3125 100.46250152587890625 114.5812530517578125 127.65000152587890625 137.7312469482421875 147.006256103515625 156.8312530517578125 168.6437530517578125 179.3125 190.5749969482421875 200.5812530517578125 210.625 222.443756103515625 230.225006103515625 240.149993896484375 249.6750030517578125 247.5749969482421875 240.4187469482421875 236.125
43.09375 37.41249847412109375 34.11875152587890625 31.393749237060546875 28.899999618530273438 29.006250381469726562 29.493749618530273438 30.212499618530273438 32.52500152587890625 35.13124847412109375 37.981250762939453125 43.27500152587890625 48.84999847412109375 52.84375 49.768749237060546875 45.53125 41.6875 38.72499847412109375 36.125 34.450000762939453125 37 40.237499237060546875 45.137500762939453125 59.3125 74.4250030517578125 89.63124847412109375 104.5625 119.3562469482421875 133.875 143.6687469482421875 152.28125 162.212493896484375 175.09375 187.2375030517578125 199.899993896484375 212.0500030517578125 224.0124969482421875 236.75 245.3312530517578125 256.76873779296875 269.4375 267.4375 260.600006103515625 260.024993896484375
46.94374847412109375 40.61875152587890625 37.09999847412109375 34.081249237060546875 31.625 31.424999237060546875 31.768749237060546875 32.5 35.237499237060546875 38.09375 41.50624847412109375 47.30625152587890625 53.706249237060546875 58.59999847412109375 56.575000762939453125 53.61875152587890625 50.44374847412109375 47.543750762939453125 44.53749847412109375 42.174999237060546875 43.856250762939453125 46.09375 49.918750762939453125 63.456249237060546875 78.43125152587890625 93.80625152587890625 108.96250152587890625 123.9187469482421875 138.131256103515625 148.337493896484375 157.9875030517578125 168.337493896484375 182.1812591552734375 196.4250030517578125 210.1999969482421875 223.875 237.256256103515625 252.0749969482421875 258.95001220703125 268.73748779296875 280.92498779296875 284.98126220703125 283.018768310546875 286.993743896484375
51.46250152587890625 44.46250152587890625 40.77500152587890625 37.40000152587890625 34.84999847412109375 34.643749237060546875 34.768749237060546875 35.34375 38.24375152587890625 41.46250152587890625 45.418750762939453125 51.899997711181640625 59.13124847412109375 64.8249969482421875 63.90625 62.331249237060546875 60.487499237060546875 57.206249237060546875 53.78125 51.03125 51.5 52.612499237060546875 55.4375 68.3562469482421875 82.8874969482421875 97.59999847412109375 112.9187469482421875 128.0562591552734375 142.287506103515625 152.881256103515625 163.537506103515625 174.6125030517578125 189.7062530517578125 205.71875 221.162506103515625 235.40625 250.743743896484375 267.068756103515625 272.73126220703125 275.46875 288.45623779296875 298.875 304.73126220703125 309.524993896484375
56.33750152587890625 48.887500762939453125 44.78749847412109375 41.5625 39.1875 38.512500762939453125 38.393749237060546875 38.875 41.97499847412109375 45.518749237060546875 49.75624847412109375 56.91249847412109375 64.5437469482421875 71.2312469482421875 72.1125030517578125 71.96250152587890625 70.99375152587890625 67.2687530517578125 63.799999237060546875 60.600002288818359375 59.94374847412109375 59.88124847412109375 61.71875 73.71875 87.61249542236328125 101.53125 116.79999542236328125 132.1125030517578125 146.3562469482421875 157.8937530517578125 169.0999908447265625 180.4250030517578125 197.0124969482421875 215.0812530517578125 231.28125 247.3937530517578125 264.46875 281.725006103515625 285.91876220703125 290.95001220703125 305.912506103515625 319.006256103515625 326.84375 335.149993896484375
65.25624847412109375 57.706249237060546875 53.56874847412109375 50.46250152587890625 47.84999847412109375 47.0625 46.768749237060546875 47.018749237060546875 49.6875 52.96875 57.77500152587890625 64.8625030517578125 73.0124969482421875 80.6125030517578125 82.81874847412109375 83.91249847412109375 83.83750152587890625 80.09375 76.19374847412109375 72.69374847412109375 71.38124847412109375 70.65625 71.59375 82.1999969482421875 94.2937469482421875 106.6374969482421875 121.3874969482421875 136.0500030517578125 150.1750030517578125 163.125 175.125 187.6125030517578125 204.03125 223.5812530517578125 243.1374969482421875 262.66876220703125 280.587493896484375 296.868743896484375 303.82501220703125 316.04998779296875 332.29376220703125 344.850006103515625 355.32501220703125 365.07501220703125
74.3562469482421875 67.1437530517578125 63.22499847412109375 60.13124847412109375 57.125 56.25 55.75624847412109375 55.825000762939453125 57.74375152587890625 60.71875 65 73.1875 82.55625152587890625 90.1125030517578125 94.06874847412109375 96.5437469482421875 97.6750030517578125 93.9562530517578125 89.2937469482421875 85.69374847412109375 83.72499847412109375 82.31874847412109375 82.46875 90.86875152587890625 101.24375152587890625 111.93125152587890625 125.65625 139.806243896484375 153.9875030517578125 167.59375 181.15625 195.2624969482421875 214.100006103515625 233.6999969482421875 255.787506103515625 276.681243896484375 295.54998779296875 313.17498779296875 324.79998779296875 340.28125 355.45623779296875 369.193756103515625 383.975006103515625 397.006256103515625
83.71250152587890625 77.0749969482421875 72.9250030517578125 69.8562469482421875 66.7375030517578125 65.6374969482421875 64.84999847412109375 64.72499847412109375 65.7375030517578125 68.28125 72.84375 81.8625030517578125 92.34375 101.38124847412109375 105.8125 109.59999847412109375 111.96250152587890625 108.0500030517578125 103.18125152587890625 98.83750152587890625 96.4562530517578125 94.22499847412109375 93.58750152587890625 99.90000152587890625 108.1875 117.0749969482421875 130.243743896484375 144.2312469482421875 158.056243896484375 172.193756103515625 186.4875030517578125 202.256256103515625 222.59375 244.75 266.96875 287.60626220703125 307.41876220703125 329.23126220703125 343.41876220703125 359.04998779296875 375.318756103515625 388.75 405.45001220703125 420.11248779296875
94.8249969482421875 88.66249847412109375 85.03125 81.71875 78.6750030517578125 77.4875030517578125 76.18125152587890625 75.4875030517578125 75.9875030517578125 78.03125 83.34375 93.0437469482421875 104.4499969482421875 113.65625 119.11875152587890625 123.38124847412109375 125.9562530517578125 122.28125 117.43125152587890625 112.77500152587890625 110.18125152587890625 107.8000030517578125 105.9499969482421875 110.61875152587890625 116.86875152587890625 123.65625 135.193756103515625 147.837493896484375 160.5812530517578125 175.712493896484375 190.756256103515625 207.2062530517578125 228.193756103515625 251.787506103515625 273.20623779296875 292.01251220703125 314.76873779296875 334.89373779296875 349.83123779296875 365.318756103515625 382.67498779296875 397.0625 409.412506103515625 425.23748779296875
106.11875152587890625 100.63124847412109375 97.2375030517578125 94.15625 91.2312469482421875 89.58750152587890625 87.8125 86.4875030517578125 86.1687469482421875 86.7312469482421875 93.2937469482421875 105.8249969482421875 116.6062469482421875 125.0187530517578125 131.693756103515625 136.993743896484375 139.8312530517578125 136.431243896484375 131.34375 126.4375 123.4812469482421875 120.63124847412109375 118.6687469482421875 121.28125 125.3125 130.381256103515625 140.118743896484375 151.274993896484375 163.2937469482421875 178.881256103515625 195.1999969482421875 211.568756103515625 234.5124969482421875 258.51251220703125 278.712493896484375 299 319.818756103515625 340.506256103515625 355.193756103515625 369.618743896484375 385.993743896484375 397.318756103515625 411.26873779296875 427.84375
116.49375152587890625 111.77500152587890625 108.65625 105.91249847412109375 103.34999847412109375 101.50624847412109375 100.13124847412109375 98.58750152587890625 98.2937469482421875 97.75 108.1374969482421875 121.21250152587890625 130.1062469482421875 137.787506103515625 144.506256103515625 150.1875 153.131256103515625 149.7624969482421875 144.931243896484375 139.681243896484375 136.1750030517578125 132.4375 129.912506103515625 130.7062530517578125 133.3562469482421875 136.837493896484375 144.6875 154.34375 165.149993896484375 181.381256103515625 197.375 215.024993896484375 238.368743896484375 261.712493896484375 283.35626220703125 301.3125 322.212493896484375 340.774993896484375 357.1875 372.481231689453125 384.57501220703125 397.287506103515625 408.20623779296875 421.625
121.875 117.88124847412109375 115.8000030517578125 113.8125 111.90625 110.8249969482421875 110.21875 110.75 112.8249969482421875 118.93125152587890625 131.243743896484375 138.649993896484375 144.2937469482421875 150.368743896484375 156.443756103515625 161.368743896484375 163.681243896484375 160.2125091552734375 154.9250030517578125 150.1750030517578125 145.475006103515625 141.193756103515625 138.4187469482421875 138.3000030517578125 139.381256103515625 142.2624969482421875 149.100006103515625 157.4562530517578125 166.5 181.149993896484375 197.1750030517578125 213.350006103515625 233.462493896484375 253.9562530517578125 275.54376220703125 294.1875 311.36248779296875 329.03125 344.318756103515625 354.381256103515625 366.806243896484375 377.600006103515625 385.70001220703125 396.649993896484375
126.65625 123.5437469482421875 122.50624847412109375 121.55625152587890625 120.3000030517578125 120.7062530517578125 121.05625152587890625 123.4875030517578125 127.9250030517578125 135.6125030517578125 144.962493896484375 152.8125 158.8562469482421875 163.8625030517578125 169.024993896484375 172.375 174.006256103515625 170.600006103515625 165.006256103515625 159.412506103515625 154.09375 149.1062469482421875 145.46875 144.59375 145.6875 147.53125 152.9812469482421875 160.1374969482421875 167.868743896484375 181.100006103515625 195.0187530517578125 210.524993896484375 229.868743896484375 247.8000030517578125 267.33123779296875 283.193756103515625 297.756256103515625 313.4375 327.693756103515625 334.649993896484375 344.118743896484375 353.73748779296875 359.912506103515625 368.08123779296875
