data/historical-monthly-weather-data/wc2.1_cruts4.09_10m_prec_1967-03.asc
ncols        51
nrows        45
xllcorner    -63.500000000000
yllcorner    -7.500000000000
cellsize     0.166666666667
NODATA_value -9999
[rows 0 to 19 of 45, columns 0 to 44 of 51]
162.78125 160.837493896484375 161.443756103515625 167.21875 171.5749969482421875 177.337493896484375 180.087493896484375 182.1437530517578125 183.587493896484375 188.118743896484375 196.1437530517578125 203.850006103515625 211.693756103515625 216.556243896484375 220.8125 224.71875 231.2312469482421875 232.431243896484375 236.59375 240.431243896484375 246.125 250.78125 255.7624969482421875 254.475006103515625 254.912506103515625 254.6374969482421875 251.149993896484375 250.274993896484375 248.462493896484375 246.5625 249.006256103515625 248.725006103515625 250.3937530517578125 254.118743896484375 257.418731689453125 263.118743896484375 268.068756103515625 273.712493896484375 281.45001220703125 288.068756103515625 295.01251220703125 301.462493896484375 306.368743896484375 312.23126220703125 314.23748779296875
167.993743896484375 164.931243896484375 168.3874969482421875 173.6750030517578125 178.756256103515625 184 186.7375030517578125 190.0749969482421875 195.087493896484375 200.881256103515625 208.8125 215.4375 222.100006103515625 227.181243896484375 230.975006103515625 235.1875 240.6750030517578125 242.9812469482421875 244.962493896484375 247.399993896484375 251.5812530517578125 255.649993896484375 260.35626220703125 260.28125 260.274993896484375 260.318756103515625 257.20623779296875 257.04376220703125 254.9187469482421875 252.625 252.1374969482421875 253.03125 254.087493896484375 259.63751220703125 261.993743896484375 268.681243896484375 275.53125 281.537506103515625 289.256256103515625 295.57501220703125 303.318756103515625 309.356231689453125 313.875 318.912506103515625 321.38751220703125
174.1374969482421875 171.7624969482421875 175.71875 180.6875 184.6374969482421875 189.743743896484375 195.181243896484375 201.0437469482421875 207.337493896484375 214.5625 220.318756103515625 225.1875 231.212493896484375 236.181243896484375 239.8625030517578125 245.087493896484375 250.306243896484375 253.75 255.912506103515625 258.6875 262.975006103515625 267.462493896484375 270.350006103515625 270.225006103515625 269.76251220703125 267.475006103515625 264.65625 263.96875 260.78125 257.537506103515625 257.36248779296875 257.54998779296875 259.568756103515625 262.568756103515625 267.48748779296875 272.34375 279.70623779296875 287.787506103515625 295.26873779296875 302.98748779296875 310.625 315.868743896484375 319.88751220703125 323.537506103515625 327.17498779296875
178.8499908447265625 177.962493896484375 183.4812469482421875 187.431243896484375 190.818756103515625 195.537506103515625 201.993743896484375 209.6062469482421875 218.6125030517578125 226.4875030517578125 231.1062469482421875 233.75 237.4562530517578125 241.5749969482421875 246.0500030517578125 251.34375 258.506256103515625 263.850006103515625 267.9375 271.431243896484375 276.600006103515625 279.5625 280.20001220703125 278.787506103515625 277.056243896484375 273.743743896484375 270.79998779296875 267.524993896484375 264.08123779296875 261.73748779296875 259.743743896484375 261.225006103515625 262.6875 265.162506103515625 269.1875 276.1875 284.39373779296875 293.118743896484375 302.35626220703125 309.899993896484375 316.0625 321.743743896484375 325.79376220703125 328.274993896484375 331.524993896484375
188.493743896484375 186.1062469482421875 188.431243896484375 192.3874969482421875 195.306243896484375 200.149993896484375 205.9250030517578125 214.4187469482421875 226.0500030517578125 236.3249969482421875 239.3937530517578125 239.381256103515625 242.225006103515625 247.6875 251.631256103515625 258.225006103515625 265.5625 273.418731689453125 277.95623779296875 281.631256103515625 286.95623779296875 288.556243896484375 289.79998779296875 287.850006103515625 284.4375 280.35626220703125 275.20001220703125 271.318756103515625 269.899993896484375 265.38751220703125 264.21875 263.4375 266.693756103515625 269.962493896484375 273.84375 281.587493896484375 289.89373779296875 298.443756103515625 308.63751220703125 315.693756103515625 322.993743896484375 326.850006103515625 329.9375 332.98126220703125 334.45623779296875
194.943756103515625 192.587493896484375 195.71875 197.1687469482421875 197.306243896484375 202.9187469482421875 209.274993896484375 217.40625 229.693756103515625 241.6374969482421875 242.649993896484375 242.6062469482421875 247.09375 252.1437530517578125 257.59375 264.743743896484375 273.0625 281.256256103515625 287.78125 291.743743896484375 295.8125 298.3125 299.774993896484375 296.8125 293.131256103515625 289.975006103515625 284.60626220703125 279.131256103515625 275.23748779296875 271.76873779296875 269.3125 268.8125 271.131256103515625 277.70623779296875 283.96875 291.25 301.25 310.07501220703125 319.76251220703125 327.5625 332.04376220703125 335.350006103515625 337.51873779296875 339.162506103515625 339.068756103515625
199.475006103515625 196.118743896484375 198.2062530517578125 197.837493896484375 196.2687530517578125 201.28125 207.46875 213.399993896484375 220.899993896484375 228.524993896484375 235.4499969482421875 240.3249969482421875 247.1125030517578125 254.068756103515625 261.20623779296875 269.17498779296875 278.149993896484375 285.756256103515625 292.45623779296875 300.056243896484375 303.26251220703125 306.818756103515625 308.03125 305.443756103515625 302.46875 298.568756103515625 292.98748779296875 286.493743896484375 280.024993896484375 275.087493896484375 274.693756103515625 273.70001220703125 277.125 283.006256103515625 290.818756103515625 299.92498779296875 309.34375 318.75 330.837493896484375 336.34375 336.85626220703125 339.556243896484375 340.82501220703125 341.787506103515625 343.23748779296875
201.0187530517578125 196.600006103515625 196.774993896484375 196.3562469482421875 195.681243896484375 200.3249969482421875 203.662506103515625 204.7062530517578125 206.2312469482421875 213.1062469482421875 225.1687469482421875 235.368743896484375 245.912506103515625 255.537506103515625 263.79998779296875 272.79998779296875 280.662506103515625 287.693756103515625 295.6875 304.524993896484375 309.54998779296875 313.67498779296875 316 313.28125 312.14373779296875 307.056243896484375 299.462493896484375 291.993743896484375 283.693756103515625 278.443756103515625 276.36248779296875 277.9375 281.58123779296875 288.350006103515625 296.875 306.01251220703125 315.806243896484375 325.100006103515625 335.20001220703125 339.04998779296875 339.443756103515625 341.068756103515625 341.57501220703125 341.54998779296875 341.462493896484375
201.8000030517578125 196.7624969482421875 197.2312469482421875 197.100006103515625 196.1750030517578125 200.193756103515625 202.59375 201.8125 198.6062469482421875 202.75 218.75 232.65625 246.2937469482421875 256.537506103515625 266.1875 276.212493896484375 284.618743896484375 292.08123779296875 302.068756103515625 311.375 314.243743896484375 320.21875 323.125 325.38751220703125 323.912506103515625 317.14373779296875 306.118743896484375 295.96875 288.23126220703125 282.225006103515625 280.774993896484375 282.64373779296875 287.03125 293.73748779296875 301.66876220703125 311.818756103515625 323.350006103515625 332.475006103515625 341.17498779296875 343.818756103515625 343.54376220703125 343.693756103515625 343.537506103515625 342.125 338.8125
202.412506103515625 196.9562530517578125 197.118743896484375 197.162506103515625 197.131256103515625 201.3125 204.4499969482421875 204.8562469482421875 204.931243896484375 210.243743896484375 222.6062469482421875 234.149993896484375 247.6687469482421875 259.07501220703125 269.08123779296875 279.70623779296875 289.48748779296875 297.36248779296875 306.8125 316.16876220703125 319.4375 326.149993896484375 332.78125 338.17498779296875 334.40625 326.40625 314.162506103515625 301.975006103515625 291.681243896484375 284.756256103515625 282.625 286.274993896484375 292.36248779296875 300.51873779296875 308.70623779296875 318.350006103515625 329.243743896484375 339.20623779296875 347.256256103515625 350.26251220703125 350.04998779296875 349.39373779296875 345.57501220703125 338.79376220703125 335.3125
202.9375 197.537506103515625 197.256256103515625 197.774993896484375 198.8312530517578125 204.087493896484375 208.25 209.712493896484375 213.0187530517578125 219.8562469482421875 229.649993896484375 240.1999969482421875 251.4875030517578125 263.350006103515625 273.54998779296875 283.681243896484375 293.418731689453125 301.58123779296875 309.806243896484375 318.85626220703125 324.61248779296875 332.28125 342.756256103515625 346.431243896484375 346.66876220703125 334.9375 320.83123779296875 309.40625 297.23126220703125 288.71875 287.493743896484375 290.26251220703125 296.381256103515625 304.91876220703125 314.04998779296875 323.149993896484375 333.4375 343.45001220703125 351.03125 355.20623779296875 354.73126220703125 351.212493896484375 344.07501220703125 334.91876220703125 329.9375
204.162506103515625 199.2375030517578125 199.25 200.59375 201.4875030517578125 207.9187469482421875 213.6687469482421875 216.78125 221.725006103515625 228.5124969482421875 237.2312469482421875 246.149993896484375 255.4875030517578125 266.131256103515625 278.28125 288.59375 296.287506103515625 303.318756103515625 311.23126220703125 319.23748779296875 323.26873779296875 332.818756103515625 347.15625 357.01873779296875 354.931243896484375 337.09375 321.79376220703125 310.42498779296875 301.443756103515625 296.681243896484375 292.931243896484375 293.756256103515625 298.95001220703125 306.556243896484375 314.73748779296875 325.71875 337.21875 347.59375 354.21875 359.48126220703125 359.774993896484375 353.256256103515625 341.024993896484375 324.962493896484375 315.5
205.3874969482421875 200.712493896484375 201.3874969482421875 202.46875 204.2375030517578125 211.3874969482421875 217.4499969482421875 222.3312530517578125 228.1125030517578125 236.212493896484375 245.8000030517578125 253.7624969482421875 262.79376220703125 270.662506103515625 281.96875 291.962493896484375 299.143768310546875 306.399993896484375 314.693756103515625 320.75 321.53125 330.931243896484375 345.037506103515625 352.01251220703125 343.25 328.3125 320.46875 312.73126220703125 306.10626220703125 302.993743896484375 299.96875 297.96875 301.0625 307.60626220703125 315.23126220703125 325.3125 337.375 348.60626220703125 356.66876220703125 363.54998779296875 365.61248779296875 355.73126220703125 334.212493896484375 313.65625 300.568756103515625
205.431243896484375 201.600006103515625 202.493743896484375 203.9812469482421875 206.618743896484375 212.8874969482421875 220.118743896484375 227.149993896484375 235.34375 244.1312408447265625 253.40625 261.25 268.92498779296875 277.54376220703125 285.23126220703125 295.225006103515625 302.25 308.76251220703125 316.29376220703125 323.324981689453125 326.912506103515625 333.712493896484375 342.41876220703125 343.01873779296875 335.17498779296875 325.71875 320 314.0625 308.67498779296875 306.649993896484375 305.53125 303.375 303.29376220703125 306.65625 313.09375 324.23748779296875 337.70001220703125 348.85626220703125 356.08123779296875 361.60626220703125 362.48748779296875 346.17498779296875 325.962493896484375 308.537506103515625 297.20001220703125
203.8625030517578125 199.912506103515625 201.4875030517578125 204.53125 208.0500030517578125 214.8000030517578125 223.399993896484375 231.96875 240.568756103515625 249.774993896484375 259.79376220703125 267.375 274.712493896484375 282.462493896484375 288.14373779296875 297.07501220703125 303.693756103515625 311.39373779296875 318.225006103515625 325.056243896484375 329.837493896484375 335.14373779296875 340.431243896484375 339.443756103515625 334.88751220703125 330.056243896484375 324.92498779296875 319.51251220703125 315.350006103515625 314 310.337493896484375 306.64373779296875 306.162506103515625 304.66876220703125 307.4375 320.274993896484375 335.39373779296875 346.70623779296875 349.34375 347.88751220703125 340.86248779296875 330.462493896484375 319.79376220703125 305.86248779296875 297.23748779296875
200.5 197.568756103515625 200.2624969482421875 204.118743896484375 208.662506103515625 217.368743896484375 226.225006103515625 235.118743896484375 245.618743896484375 256.13751220703125 265.600006103515625 273.73126220703125 281.037506103515625 287.82501220703125 293.60626220703125 299.537506103515625 305.287506103515625 313.13751220703125 319.881256103515625 327.337493896484375 331.33123779296875 335.15625 339.149993896484375 337.90625 334.662506103515625 332.40625 328.90625 325.40625 323.475006103515625 321.98748779296875 319.181243896484375 314.17498779296875 310.20001220703125 307.73126220703125 308.131256103515625 326.01873779296875 338.931243896484375 342.587493896484375 339.399993896484375 334.412506103515625 326.212493896484375 319.51873779296875 311.962493896484375 301.931243896484375 295.13751220703125
197.1687469482421875 195.462493896484375 198.28125 203.225006103515625 209.1125030517578125 218.4499969482421875 229.0812530517578125 238.993743896484375 249.881256103515625 261.100006103515625 270.73126220703125 279.46875 287.193756103515625 292.79376220703125 299.57501220703125 303.85626220703125 306.162506103515625 312.23126220703125 320.29998779296875 327.443756103515625 331.21875 335.131256103515625 339.26251220703125 338.29376220703125 336.743743896484375 333.8125 331.756256103515625 330.51873779296875 328.91876220703125 329.45001220703125 327.6875 323 319.42498779296875 320.28125 332.08123779296875 345.95623779296875 348.98748779296875 344.20623779296875 334.17498779296875 324.51873779296875 317.53125 312.11248779296875 304.53125 296.51873779296875 292.506256103515625
191.21875 190.431243896484375 194.8562469482421875 201.0812530517578125 207.8874969482421875 217.875 228.75 239.975006103515625 252.0250091552734375 263.88751220703125 274.899993896484375 285.056243896484375 291.95001220703125 298.45001220703125 304.25 306.943756103515625 308.67498779296875 308.4375 319.068756103515625 326.125 331.712493896484375 335.462493896484375 338.48126220703125 337.63751220703125 336.556243896484375 336.787506103515625 334.068756103515625 334.73748779296875 335.76251220703125 336.58123779296875 333.66876220703125 323.85626220703125 321.75 327.681243896484375 344.76873779296875 366.61248779296875 357.28125 343.100006103515625 329.225006103515625 320.04376220703125 310.83123779296875 305.475006103515625 299.556243896484375 292.66876220703125 289.09375
184.600006103515625 184.7937469482421875 189.9499969482421875 197.1437530517578125 205.506256103515625 217.0437469482421875 229.006256103515625 241.087493896484375 253.600006103515625 266.306243896484375 278.09375 286.412506103515625 295.375 303.23126220703125 306.79376220703125 307.88751220703125 307.943756103515625 307.04376220703125 312.5 320.39373779296875 328.5 334.618743896484375 333.36248779296875 333.806243896484375 334.875 337.11248779296875 336.84375 336.631256103515625 338.931243896484375 341.63751220703125 340.13751220703125 326.54998779296875 318.45623779296875 315.787506103515625 325.556243896484375 342.95001220703125 339.681243896484375 331.26251220703125 322.993743896484375 313.95623779296875 306.23748779296875 300.431243896484375 295.51873779296875 290.15625 287.149993896484375
176.375 178.125 184.2312469482421875 192.4875030517578125 202.1875 215.431243896484375 228.78125 241.9499969482421875 255.212493896484375 267.850006103515625 279.587493896484375 287.618743896484375 297.54376220703125 307.162506103515625 307.65625 303.899993896484375 300.25 303.975006103515625 307.82501220703125 314.568756103515625 319.850006103515625 323.70623779296875 327.868743896484375 328.38751220703125 330.26873779296875 332.6875 333.881256103515625 335.993743896484375 336.8125 336.79376220703125 332.45001220703125 321.850006103515625 306.337493896484375 291.95001220703125 284.875 297.318756103515625 311.86248779296875 315.743743896484375 313.96875 309.118743896484375 302.17498779296875 296.85626220703125 293.125 289.056243896484375 287.21875
