data/historical-monthly-weather-data/wc2.1_cruts4.09_10m_prec_1973-10.asc
ncols        51
nrows        45
xllcorner    -63.500000000000
yllcorner    -7.500000000000
cellsize     0.166666666667
NODATA_value -9999
[rows 0 to 18 of 45, columns 0 to 43 of 51]
116.9187469482421875 111.1875 114.41249847412109375 120.96875 127.08750152587890625 135.368743896484375 141.8937530517578125 147.899993896484375 152.6687469482421875 158.506256103515625 165.850006103515625 169.4875030517578125 171.6999969482421875 171.1750030517578125 168.6875 165.71875 162.5500030517578125 157.162506103515625 152.8312530517578125 148.6999969482421875 146.399993896484375 143.7312469482421875 141.368743896484375 138.0625 135.118743896484375 132.40625 127.65000152587890625 122.99375152587890625 119.83750152587890625 122.0437469482421875 125.58750152587890625 129.40625 133.975006103515625 139.193756103515625 145.1750030517578125 151.6999969482421875 158.4250030517578125 165.024993896484375 171.287506103515625 177.2687530517578125 183.287506103515625 188.912506103515625 192.837493896484375 195.006256103515625
111.41249847412109375 104.3000030517578125 107.3937530517578125 113.8125 121.18125152587890625 128.6437530517578125 135.681243896484375 143.431243896484375 151.1999969482421875 158.4375 165.2624969482421875 167.837493896484375 169.0812530517578125 168.9562530517578125 166.306243896484375 163.787506103515625 159.59375 153.6875 148.1750030517578125 143.625 140.837493896484375 138.78125 136.9875030517578125 135.462493896484375 134.1374969482421875 132.1687469482421875 129.256256103515625 125.96875 123.5 125.21875 129.5749969482421875 134.743743896484375 140.993743896484375 148.4499969482421875 155.4875030517578125 162.6374969482421875 171.1062469482421875 178.8000030517578125 185.7062530517578125 191.8312530517578125 198.3937530517578125 204.59375 208.96875 211.0625
109.0500030517578125 103.22499847412109375 106.09375 112.5500030517578125 119.6750030517578125 127.0812530517578125 135.037506103515625 144.09375 153.212493896484375 160.662506103515625 165.931243896484375 166.8249969482421875 166.71875 165.306243896484375 162.2937469482421875 159.28125 155.975006103515625 151.1750030517578125 146.6374969482421875 143.0749969482421875 141.368743896484375 141.068756103515625 140.412506103515625 139.7375030517578125 139.243743896484375 138.712493896484375 136.3937530517578125 133.931243896484375 131.256256103515625 134.4875030517578125 140.337493896484375 146.1687469482421875 153.8562469482421875 163.256256103515625 172.5437469482421875 181.6437530517578125 191.5187530517578125 201.881256103515625 210.5500030517578125 217.912506103515625 225.556243896484375 231.493743896484375 235.712493896484375 238.493743896484375
106.4375 101.55625152587890625 105.3625030517578125 110.4562530517578125 117.21250152587890625 124.41249847412109375 133.212493896484375 143.306243896484375 154.5812530517578125 162.5625 165.4875030517578125 164.149993896484375 162.1687469482421875 160.037506103515625 157.6687469482421875 154.431243896484375 151.306243896484375 148.5437469482421875 145.8937530517578125 144.0625 144.0500030517578125 144.212493896484375 144.006256103515625 144.6437530517578125 145.037506103515625 145.037506103515625 143.337493896484375 141.162506103515625 139.4875030517578125 143.743743896484375 150.7312469482421875 158.5625 166.8562469482421875 176.9812469482421875 187.318756103515625 200.431243896484375 213.693756103515625 226.631256103515625 237.6999969482421875 247.09375 254.34375 260.65625 264.912506103515625 268.412506103515625
108.6374969482421875 102.16875457763671875 103.09375 107.375 114.3000030517578125 121.7375030517578125 130.3562469482421875 140.649993896484375 154.5124969482421875 165.0187530517578125 164.443756103515625 159.5500030517578125 156.7624969482421875 155.037506103515625 152.506256103515625 149.40625 147.0812530517578125 145.024993896484375 143.6875 143.287506103515625 145.4000091552734375 146.556243896484375 147.4499969482421875 149.412506103515625 150.7312469482421875 151.5749969482421875 149.6437530517578125 148.5749969482421875 148.3625030517578125 152.5812530517578125 160.2624969482421875 168.8249969482421875 179.2312469482421875 190.8125 203.756256103515625 218.493743896484375 234.600006103515625 251.443756103515625 263.837493896484375 274.8125 283.23748779296875 288.08123779296875 293.35626220703125 296.912506103515625
111.44374847412109375 105.93125152587890625 104.65000152587890625 105.5812530517578125 113.2687530517578125 122.5625 131.4562530517578125 141.6125030517578125 154.9187469482421875 166.962493896484375 163.6374969482421875 157.899993896484375 155.712493896484375 153.837493896484375 151.4499969482421875 149.59375 147.256256103515625 146.024993896484375 145.899993896484375 146.225006103515625 149.46875 152.256256103515625 154.6687469482421875 156.3312530517578125 158.2624969482421875 159.431243896484375 157.28125 155.350006103515625 155.712493896484375 159.756256103515625 167.3562469482421875 177.2624969482421875 187.8125 200.5437469482421875 214.681243896484375 231.7312469482421875 250.1125030517578125 270.5625 287.36248779296875 297.881256103515625 302.875 308.54376220703125 313.48126220703125 319.21875
116.9375 111.97499847412109375 110.5500030517578125 110.61875152587890625 116.2375030517578125 123.53125 131.03125 138.193756103515625 145.4812469482421875 150.6750030517578125 153.2312469482421875 152.9375 152.9499969482421875 152.556243896484375 150.993743896484375 149.875 148.4250030517578125 147.568756103515625 147.662506103515625 149.3000030517578125 154.225006103515625 158.662506103515625 162.0437469482421875 164.5437469482421875 166.9875030517578125 168.2687530517578125 166.2624969482421875 163.4562530517578125 162.1437530517578125 166.9250030517578125 174.443756103515625 183.4875030517578125 194.3874969482421875 208.1750030517578125 223.756256103515625 241.1062469482421875 261.20001220703125 283.63751220703125 305.46875 313.26873779296875 317.118743896484375 320.09375 326.068756103515625 334.28125
123.53749847412109375 118.8562469482421875 118.65625 120.43125152587890625 123.8874969482421875 128.9250030517578125 131.8937530517578125 132.3874969482421875 130.875 133.4812469482421875 141.0625 145.7624969482421875 149.1999969482421875 150.5749969482421875 151.100006103515625 150.6437530517578125 149.912506103515625 149.850006103515625 150.7375030517578125 153.6374969482421875 160.1687469482421875 165.8000030517578125 170.381256103515625 173.6687469482421875 176.274993896484375 176.931243896484375 173.8125 169.5625 167.2687530517578125 170.443756103515625 177.931243896484375 187.306243896484375 198.9562530517578125 213.306243896484375 228.4375 245.90625 264.21875 285.287506103515625 301.881256103515625 310.993743896484375 315.068756103515625 316.5625 319.962493896484375 325.662506103515625
130.712493896484375 127.5749969482421875 128.537506103515625 130.2375030517578125 133.0437469482421875 135.743743896484375 136.40625 132.8000030517578125 125.15625 123.88124847412109375 134.4562530517578125 142.25 148.0374908447265625 150.7937469482421875 153.0187530517578125 154.4250030517578125 155.024993896484375 157.1999969482421875 160.1750030517578125 163.350006103515625 170.274993896484375 177.0500030517578125 180.71875 184.4250030517578125 185.34375 184.118743896484375 178.493743896484375 174.7312469482421875 171.6062469482421875 172.6437530517578125 178.6999969482421875 186.3562469482421875 196.3125 208.649993896484375 221.681243896484375 238.631256103515625 256.28125 272.774993896484375 284.46875 292.850006103515625 296.350006103515625 294.618743896484375 295.881256103515625 295.243743896484375
138.71875 136.7062530517578125 137.78125 140.256256103515625 143.4375 145.475006103515625 144.962493896484375 140.4499969482421875 134.21875 132.837493896484375 138.15625 143.600006103515625 149.28125 152.899993896484375 156.4562530517578125 159.443756103515625 161.4562530517578125 165.899993896484375 170.7062530517578125 176.5812530517578125 183.662506103515625 190.0749969482421875 192.9375 194.056243896484375 192.0124969482421875 189.337493896484375 183.8000030517578125 178 174.375 174.306243896484375 177.09375 183 191.8249969482421875 203.2312469482421875 215.6875 230.84375 245.4875030517578125 258.6875 268.33123779296875 273.1875 274.75 270.58123779296875 265.787506103515625 260.931243896484375
147.0749969482421875 145.90625 147.0187530517578125 149.65625 153.1437530517578125 157.3937530517578125 157.443756103515625 151.8874969482421875 146.3249969482421875 144.568756103515625 146.6374969482421875 149.6062469482421875 152.7624969482421875 156.524993896484375 160.818756103515625 164.318756103515625 168.09375 174.375 181.462493896484375 189.65625 199.6875 205.068756103515625 206.118743896484375 202.243743896484375 199.899993896484375 197.381256103515625 191.274993896484375 184.71875 178.53125 176.9499969482421875 178.0625 181.71875 189.5749969482421875 199.318756103515625 209.2687530517578125 221.65625 233.756256103515625 242.84375 249.9250030517578125 252.6875 251.962493896484375 245.681243896484375 239.71875 230.306243896484375
153.9875030517578125 152.9875030517578125 154.431243896484375 157.693756103515625 161.787506103515625 166.743743896484375 168.506256103515625 161.8874969482421875 156.7375030517578125 153.931243896484375 153.9499969482421875 156.1062469482421875 158.2312469482421875 161.818756103515625 166.84375 170.40625 174.693756103515625 181.693756103515625 189.7937469482421875 200.3125 214.1125030517578125 219.5625 218.600006103515625 211.806243896484375 205.618743896484375 199.78125 191.7312469482421875 185.9187469482421875 180.625 178.649993896484375 177.125 178.662506103515625 184.1687469482421875 191.9812469482421875 200.3937530517578125 209.725006103515625 218.1687469482421875 225.274993896484375 229.15625 230.568756103515625 226.5749969482421875 218.8937530517578125 211.493743896484375 202.9562530517578125
159.9562530517578125 159.4499969482421875 161.0187530517578125 163.756256103515625 167.5625 171.2937469482421875 171.256256103515625 167.8000030517578125 163.6750030517578125 161.912506103515625 161.53125 162.631256103515625 164.962493896484375 166.806243896484375 171.59375 176.225006103515625 180.100006103515625 187.9812469482421875 196.806243896484375 207.068756103515625 223.7624969482421875 230.6374969482421875 228.7937469482421875 220.6999969482421875 206.681243896484375 198.1437530517578125 194.256256103515625 188.212493896484375 183.412506103515625 179.90625 176.59375 174.850006103515625 179.212493896484375 184.3562469482421875 190.84375 198.399993896484375 204.4250030517578125 210.462493896484375 214.412506103515625 211.5 206.756256103515625 200.375 191.125 172.9562530517578125
164.681243896484375 164.2624969482421875 165.9562530517578125 168.3000030517578125 170.9499969482421875 173.53125 173.5124969482421875 172.2624969482421875 170.006256103515625 168.006256103515625 167.100006103515625 168.0625 169.9812469482421875 172.5187530517578125 175.40625 180.1750030517578125 183.693756103515625 190.9499969482421875 198.84375 208.0687408447265625 223.3249969482421875 231.78125 234.65625 228.5187530517578125 217.537506103515625 209.274993896484375 202.100006103515625 193.850006103515625 186.7624969482421875 179.90625 173.912506103515625 170.806243896484375 173.3312530517578125 177.225006103515625 182.34375 188.899993896484375 194.4499969482421875 200.6687469482421875 204.725006103515625 203.4812469482421875 195.5 183.28125 173.40625 162.368743896484375
167.306243896484375 167.25 168.28125 170.5812530517578125 172.912506103515625 174.881256103515625 176.587493896484375 176.5625 174.381256103515625 172.837493896484375 172.2375030517578125 173.0187530517578125 174.625 177.1125030517578125 179.306243896484375 183.5812530517578125 186.125 191.274993896484375 197.0124969482421875 205.4812469482421875 220.1750030517578125 232.0625 240.1062469482421875 239.912506103515625 235.2687530517578125 227.4562530517578125 214.6062469482421875 201.3249969482421875 189.7375030517578125 178.975006103515625 170.1374969482421875 164.743743896484375 166.3937530517578125 170.6999969482421875 175.162506103515625 180.1999969482421875 186.8000030517578125 196.5437469482421875 204.462493896484375 201.381256103515625 190.225006103515625 179.162506103515625 171.931243896484375 164.162506103515625
168.3937530517578125 168.131256103515625 169.5749969482421875 172 174.256256103515625 176.931243896484375 178.8125 179.1750030517578125 178.03125 177.149993896484375 175.818756103515625 175.568756103515625 177.1875 179.881256103515625 182.6999969482421875 185.40625 185.7375030517578125 189.3562469482421875 193.774993896484375 200.600006103515625 214.649993896484375 230.462493896484375 245.15625 253.0062408447265625 252.375 243.71875 227.59375 209.9499969482421875 193.4499969482421875 177.962493896484375 166.212493896484375 157.9375 158.193756103515625 161.850006103515625 164.600006103515625 167.6687469482421875 178.1687469482421875 189.625 200.6687469482421875 199.1999969482421875 191.837493896484375 183.1750030517578125 175.431243896484375 166.681243896484375
167.5749969482421875 167.787506103515625 170.462493896484375 173.6750030517578125 176.09375 179.037506103515625 181.5 182.537506103515625 181.8937530517578125 180.181243896484375 178.368743896484375 177.662506103515625 178.0187530517578125 179.693756103515625 181.524993896484375 182.875 181.125 183.2937469482421875 187.21875 193.8125 208 226.225006103515625 247.2062530517578125 262.73126220703125 268.34375 254.8937530517578125 236.5187530517578125 214.212493896484375 193.181243896484375 174.84375 161.725006103515625 153.8125 150.149993896484375 148.9499969482421875 149.5374908447265625 156.625 168.6875 189.587493896484375 210.412506103515625 205.162506103515625 195.9250030517578125 188.037506103515625 178.6750030517578125 171.3625030517578125
165.943756103515625 166.9250030517578125 170.931243896484375 174.931243896484375 178.34375 182.475006103515625 185.7062530517578125 186.9875030517578125 186.131256103515625 184.4187469482421875 182.34375 179.8874969482421875 178.3562469482421875 177.40625 177.350006103515625 176.6687469482421875 174.375 174.8562469482421875 178.818756103515625 184.3249969482421875 198.1687469482421875 216.4562530517578125 238.34375 255.53125 263.100006103515625 254.25 239.1062469482421875 214.84375 190.212493896484375 168.3937530517578125 153.350006103515625 144.59375 144.2312469482421875 145.806243896484375 142.4499969482421875 139.381256103515625 159.1875 184.21875 201.9375 206.0687408447265625 199.962493896484375 193.256256103515625 184.2687530517578125 176.7624969482421875
162.90625 165.63751220703125 170.9875030517578125 176.3937530517578125 181.3874969482421875 185.993743896484375 189.725006103515625 191.912506103515625 191.912506103515625 189.25 185.1750030517578125 181.6062469482421875 177.6374969482421875 174.1062469482421875 172.493743896484375 171.774993896484375 169.1999969482421875 168.1062469482421875 171.0625 175.149993896484375 187.774993896484375 208.193756103515625 225.0625 240.125 247.537506103515625 246.0812530517578125 231.9250030517578125 210.1750030517578125 187.6125030517578125 163.3000030517578125 144.75 140.84375 147.90625 148.71875 146.4875030517578125 147.0187530517578125 160.6875 178.274993896484375 193.381256103515625 201.0625 200.8000030517578125 200.149993896484375 190.256256103515625 182.2375030517578125
