data/historical-monthly-weather-data/wc2.1_cruts4.09_10m_prec_1985-06.asc
ncols        51
nrows        45
xllcorner    -63.500000000000
yllcorner    -7.500000000000
cellsize     0.166666666667
NODATA_value -9999
[rows 19 to 37 of 45, columns 0 to 43 of 51]
173.6125030517578125 177.212493896484375 179.0187530517578125 178.71875 181.475006103515625 187.5 188.1687469482421875 185.9812469482421875 188.5500030517578125 187.84375 185.118743896484375 181.625 175.524993896484375 168.4187469482421875 161.850006103515625 147.625 139.056243896484375 141.912506103515625 135.2062530517578125 137.131256103515625 127.9187469482421875 131.181243896484375 142.6374969482421875 147.1374969482421875 144.1999969482421875 142.037506103515625 141.681243896484375 149.9875030517578125 146.681243896484375 141.8874969482421875 141.6125030517578125 156.21875 159.6750030517578125 159.149993896484375 160.6062469482421875 168.337493896484375 171 163.337493896484375 153.5500030517578125 141.568756103515625 124.1687469482421875 106.84375 103.9187469482421875 101.3625030517578125
158.006256103515625 169.837493896484375 176.631256103515625 177.975006103515625 175.2937469482421875 177.8249969482421875 182.59375 183.743743896484375 184.524993896484375 182.4250030517578125 181.975006103515625 178.0124969482421875 171.75 162.006256103515625 152.7375030517578125 146.8125 137.587493896484375 134.9250030517578125 139.2624969482421875 137.7937469482421875 144.2375030517578125 148.59375 155.6875 163.9375 163.2624969482421875 155.962493896484375 143.600006103515625 143.181243896484375 143.5500030517578125 145.8625030517578125 148.0437469482421875 156.28125 149.600006103515625 147.875 147.774993896484375 154.850006103515625 159.46875 156.25 143.868743896484375 131.631256103515625 119.2312469482421875 105.7312469482421875 101.3249969482421875 99.8125
152.875 156.1875 166.318756103515625 173.1750030517578125 173.6875 173.693756103515625 176.818756103515625 177.6750030517578125 177.8625030517578125 179.8312530517578125 179.068756103515625 172.4875030517578125 165.681243896484375 161.587493896484375 157.475006103515625 146.9875030517578125 150.8312530517578125 145.3874969482421875 150.068756103515625 150.118743896484375 148.1999969482421875 158.125 165.3562469482421875 164.40625 159.9187469482421875 154.287506103515625 153.412506103515625 146.899993896484375 151.09375 153.1750030517578125 149.5 144.8125 141.875 144.618743896484375 142.3000030517578125 143.5124969482421875 146.350006103515625 147.1437530517578125 139.1750030517578125 129.1750030517578125 117.2937469482421875 107.41249847412109375 102.8874969482421875 102.0437469482421875
148.4187469482421875 160.5749969482421875 170.1374969482421875 176.1125030517578125 177.118743896484375 174.9187469482421875 168.53125 167.587493896484375 173.90625 175.09375 173.725006103515625 172.6687469482421875 173.5 172.03125 167.1125030517578125 160.4875030517578125 153.46875 150.0749969482421875 153.024993896484375 157.34375 163.443756103515625 164.65625 164.53125 164.881256103515625 167.71875 161.943756103515625 154.4187469482421875 151.037506103515625 151.537506103515625 145.4875030517578125 140.9187469482421875 139.399993896484375 134.8874969482421875 132.6062469482421875 136.1437530517578125 133.306243896484375 132.34375 134.2375030517578125 132.431243896484375 126.4187469482421875 116.0500030517578125 108.4812469482421875 103.4875030517578125 100.3125
140.7062530517578125 154.399993896484375 169.587493896484375 172.1125030517578125 171.631256103515625 169.381256103515625 171.149993896484375 169.4499969482421875 167.6374969482421875 164.9812469482421875 170.625 176.75 174.5500030517578125 176.0749969482421875 167.2937469482421875 161.8125 157.3312530517578125 159.75 161.493743896484375 163.600006103515625 168.0124969482421875 173.743743896484375 171.90625 178.0812530517578125 173.6750030517578125 164.6875 163.131256103515625 150.2937469482421875 144.0812530517578125 140.243743896484375 134.975006103515625 132.25 130.125 125.77500152587890625 127.6374969482421875 123.8937530517578125 125.3125 127.36875152587890625 124.22499847412109375 118.4875030517578125 111.28749847412109375 106.0625 102.09999847412109375 99.9499969482421875
131.524993896484375 147.21875 160.3937530517578125 170.2062530517578125 172.9250030517578125 170.5812530517578125 169.5124969482421875 170.3562469482421875 167.375 169.818756103515625 170.0812530517578125 171.34375 174.662506103515625 169.8249969482421875 162.431243896484375 158.568756103515625 157.7375030517578125 157.506256103515625 161.850006103515625 168.399993896484375 172.7312469482421875 174.8937530517578125 181.9499969482421875 184.8874969482421875 174.524993896484375 165.537506103515625 157.625 148.6374969482421875 140.381256103515625 136.225006103515625 126.77500152587890625 120.38124847412109375 118.3312530517578125 118.75624847412109375 119 118.3625030517578125 118.8249969482421875 118.0187530517578125 117.6687469482421875 113.5187530517578125 107.6875 104.33750152587890625 102.15000152587890625 97.40625
128.212493896484375 146.2312469482421875 152.0437469482421875 162.0749969482421875 164.625 164.4187469482421875 162.306243896484375 163.7312469482421875 157.375 155.243743896484375 161.399993896484375 162.993743896484375 165.556243896484375 163.431243896484375 160.6374969482421875 154.40625 154.4812469482421875 159.0437469482421875 164.3937530517578125 166.2624969482421875 172.1374969482421875 176.806243896484375 182.2375030517578125 182.1999969482421875 176.7687530517578125 164.8625030517578125 156.0124969482421875 146.6687469482421875 134.787506103515625 128.3249969482421875 118.875 112.09375 110.2687530517578125 109.8625030517578125 109.9875030517578125 112.6687469482421875 113.75624847412109375 111.44374847412109375 108.90000152587890625 108.0812530517578125 103.1750030517578125 94.8937530517578125 92.5 91.6437530517578125
122.75 131.4562530517578125 141.7937469482421875 149.125 151.693756103515625 152.850006103515625 152.1062469482421875 146.9250030517578125 144.5625 150.743743896484375 157.274993896484375 158.274993896484375 157.3125 157.381256103515625 157.024993896484375 156.21875 153.787506103515625 153.149993896484375 159.850006103515625 162.225006103515625 164.8625030517578125 170.537506103515625 177.962493896484375 184.412506103515625 172.2687530517578125 161.21875 152.524993896484375 140.7375030517578125 129.2687530517578125 121.15625 114.3000030517578125 104.65625 102.21875 102.65625 103.77500152587890625 105.1125030517578125 108.21875 106.5437469482421875 102.6374969482421875 103.0625 100.78125 94.56874847412109375 88.8312530517578125 86.11875152587890625
118.3125 121.61875152587890625 129.25 132.40625 134.8562469482421875 138.618743896484375 139.9250030517578125 137.34375 137.9250030517578125 144.1875 147.71875 149.850006103515625 148.443756103515625 147.28125 146.9250030517578125 146.78125 145.631256103515625 148.912506103515625 149.9187469482421875 155.5124969482421875 160.399993896484375 162.46875 172.03125 172.2624969482421875 164.462493896484375 153.3000030517578125 144.6125030517578125 133.193756103515625 125.7375030517578125 119.47499847412109375 110.96250152587890625 103.41249847412109375 99.65000152587890625 96.3937530517578125 100.0187530517578125 101.09375 104.16249847412109375 102.2624969482421875 100.5749969482421875 99.8937530517578125 98.03125 94.8562469482421875 85.0625 83.6687469482421875
110.81874847412109375 116.4499969482421875 116.8625030517578125 117.4812469482421875 121.21875 120.5625 123.7375030517578125 127.28749847412109375 131.506256103515625 134.6437530517578125 138.9562530517578125 140.0124969482421875 141.0124969482421875 140.8312530517578125 140.725006103515625 141.1999969482421875 142.5 143.0187530517578125 147.181243896484375 152.3562469482421875 153.28125 154.4812469482421875 158.28125 157.399993896484375 152.006256103515625 141.943756103515625 137.25 130.368743896484375 121.72499847412109375 112.6999969482421875 103.78749847412109375 98.25624847412109375 94.46250152587890625 94.6687469482421875 95.2062530517578125 96.00624847412109375 100.48125457763671875 97.1062469482421875 96.11875152587890625 94.30625152587890625 91.1687469482421875 86.55625152587890625 81.72499847412109375 82.6125030517578125
103.09999847412109375 105.15000152587890625 105.7937469482421875 105.2375030517578125 107.00624847412109375 110.06874847412109375 112.78125 119.49375152587890625 122.4875030517578125 126.875 130.912506103515625 133.5500030517578125 135.3937530517578125 136.1999969482421875 134.6374969482421875 133.131256103515625 133.03125 136.881256103515625 135.6687469482421875 135.4375 140.4250030517578125 142.5500030517578125 145.631256103515625 144.899993896484375 138.2624969482421875 134.743743896484375 128.8625030517578125 121.43125152587890625 114.27500152587890625 105.4875030517578125 98.1687469482421875 92.58750152587890625 91.21875 91.90000152587890625 94.0124969482421875 92.9250030517578125 98.6687469482421875 95.83750152587890625 90.50624847412109375 92.75 89.3625030517578125 84.66249847412109375 82.56874847412109375 79.16249847412109375
97.13124847412109375 96.88124847412109375 96.0124969482421875 96.3249969482421875 97.7937469482421875 100.46250152587890625 105.16249847412109375 110.21250152587890625 113.24375152587890625 118.8000030517578125 123.6687469482421875 124.77500152587890625 128.84375 124.5812530517578125 124.78749847412109375 127.8562469482421875 128.8312530517578125 128.1125030517578125 127.55625152587890625 128.649993896484375 130.2624969482421875 129.725006103515625 132.368743896484375 132.7375030517578125 128.3625030517578125 125.86875152587890625 119.63124847412109375 113.7062530517578125 106.65000152587890625 99.6125030517578125 96.24375152587890625 91.53125 89.06874847412109375 87.7375030517578125 89.2687530517578125 88.9875030517578125 93.13124847412109375 93.0187530517578125 88.625 84.375 83.8562469482421875 80.09999847412109375 77.91249847412109375 75.9375
90.59999847412109375 89.71250152587890625 87.6125030517578125 88.875 92.3249969482421875 94.8625030517578125 98.2624969482421875 102.21875 106.2937469482421875 109.46250152587890625 111.63124847412109375 114.25624847412109375 114.63124847412109375 116.44374847412109375 118.80625152587890625 119.9375 117.2687530517578125 116.4499969482421875 116.8874969482421875 118.3625030517578125 119.18125152587890625 120.1125030517578125 119.22499847412109375 118.5749969482421875 118.06874847412109375 114.9187469482421875 111.0124969482421875 106.03125 99.59999847412109375 97.9187469482421875 93.3125 88.59999847412109375 87.15625 85.4250030517578125 85.84375 84.68125152587890625 86.5437469482421875 84.61875152587890625 83.46875 81.2062530517578125 81.4187469482421875 78.6750030517578125 75.6999969482421875 73.7312469482421875
83.84999847412109375 83.11875152587890625 83.05625152587890625 84.3125 84.84999847412109375 87.4812469482421875 90.74375152587890625 94.83750152587890625 97.22499847412109375 100.5 106.44374847412109375 107.71875 109.28125 113.38124847412109375 115.53749847412109375 112.5812530517578125 109.1750030517578125 110.6875 110.78749847412109375 111.125 108.96250152587890625 108.06874847412109375 108.7062530517578125 108.59999847412109375 107.0124969482421875 105.2375030517578125 101.4812469482421875 96.90000152587890625 93.1125030517578125 92.18125152587890625 89.5749969482421875 84.2937469482421875 83.5437469482421875 84.15000152587890625 83.2624969482421875 81.99375152587890625 81.00624847412109375 79.3125 78.56874847412109375 80.1374969482421875 80.5 77.6999969482421875 73.65625 71.15000152587890625
77.1437530517578125 77.6437530517578125 79.55625152587890625 79.9812469482421875 79.8312530517578125 81.3937530517578125 85.0187530517578125 86.7312469482421875 88.625 91.1687469482421875 97.09999847412109375 101.90625 104.41249847412109375 105.77500152587890625 105.84375 106.0812530517578125 105.4250030517578125 104.09375 101.52500152587890625 101.5437469482421875 100.7062530517578125 98.8874969482421875 100.34999847412109375 98.16249847412109375 97.88124847412109375 94.84999847412109375 93.5812530517578125 90.125 88.625 87.4562530517578125 86.5812530517578125 84.2624969482421875 80.3125 79.3937530517578125 80.05625152587890625 79.00624847412109375 77.44374847412109375 75.6125030517578125 75.6437530517578125 76.2687530517578125 75.1437530517578125 74.6750030517578125 72.5437469482421875 66.84999847412109375
72.53125 71.58750152587890625 74.3249969482421875 76.4250030517578125 76.2687530517578125 75.40000152587890625 76.31874847412109375 78.80625152587890625 81.08750152587890625 83.5749969482421875 91.78749847412109375 97.6374969482421875 101.1999969482421875 106.5 106.25 103.31874847412109375 99.76250457763671875 95.5749969482421875 92.8249969482421875 89.16249847412109375 91.28125 88.38124847412109375 87.84999847412109375 86.5437469482421875 89.0124969482421875 87.90000152587890625 86.0749969482421875 82.4375 80.7937469482421875 80 80.6062469482421875 80.33750152587890625 76.19374847412109375 74.99375152587890625 74.00624847412109375 74.125 71.4375 73.2624969482421875 71.5625 72.33750152587890625 71.6875 69.59375 68.625 65.2687530517578125
68.7624969482421875 67.6687469482421875 69.09999847412109375 70.9812469482421875 71.65000152587890625 71.46875 72.0437469482421875 72.61875152587890625 73.59999847412109375 75.56874847412109375 80.6125030517578125 90.7312469482421875 97.60625457763671875 101.4375 101.53125 99.00624847412109375 94.4875030517578125 88.2062530517578125 84.3562469482421875 79.8562469482421875 79.21875 80.28125 78.84999847412109375 77.7624969482421875 79.6125030517578125 78.72499847412109375 77.1687469482421875 74.5625 74.44374847412109375 73.7624969482421875 73.27500152587890625 73.6875 71.74375152587890625 69.75 67.52500152587890625 67.90625 69.03125 67.75624847412109375 67.4812469482421875 68.77500152587890625 68.31874847412109375 65.76250457763671875 64.5437469482421875 63.6875
63.24375152587890625 64.65000152587890625 64.25 66.1062469482421875 67.74375152587890625 67.6125030517578125 67.69374847412109375 69.0500030517578125 69.31874847412109375 67.49375152587890625 74.91249847412109375 87.65625 95.30625152587890625 96.7375030517578125 96.56874847412109375 93.77500152587890625 89.9375 84.6750030517578125 80 73.2062530517578125 71.0625 72.6437530517578125 71.13124847412109375 70.77500152587890625 70.24375152587890625 69.81874847412109375 70.53749847412109375 68.4499969482421875 66.80625152587890625 65.49375152587890625 67.44374847412109375 66.75 66.1750030517578125 65.40625 63.387500762939453125 63.68125152587890625 64.8625030517578125 65.74375152587890625 64.16249847412109375 63.375 62.768749237060546875 62.55625152587890625 59.943752288818359375 63.43125152587890625
58.27500152587890625 59.80625152587890625 60.84375 63.19374847412109375 64.03749847412109375 64.4812469482421875 65.4875030517578125 66.4812469482421875 67.7062530517578125 65.4562530517578125 77.3000030517578125 88.7687530517578125 92.55625152587890625 94.5500030517578125 91.46250152587890625 88.24375152587890625 84.03125 79.90625 76.15000152587890625 70.80625152587890625 67.1875 66.30625152587890625 63.856250762939453125 63.731250762939453125 62.762500762939453125 63.731250762939453125 64.375 62.512500762939453125 61.00624847412109375 59.356250762939453125 59.77500152587890625 61.831249237060546875 61.993747711181640625 60.293750762939453125 58.893749237060546875 59.69374847412109375 60.40625 60.393749237060546875 62.55625152587890625 60.6875 59.28125 59.893749237060546875 56.893749237060546875 56.46875
