data/historical-monthly-weather-data/wc2.1_cruts4.09_10m_prec_2002-04.asc
ncols        45
nrows        45
xllcorner    -63.500000000000
yllcorner    -7.500000000000
cellsize     0.166666666667
NODATA_value -9999
[rows 20 to 39 of 45, columns 0 to 44 of 45]
317.587493896484375 335.45001220703125 350.412506103515625 364.412506103515625 376.16876220703125 391.11248779296875 404.537506103515625 410.899993896484375 410.54998779296875 404.243743896484375 394.70623779296875 384.98126220703125 376.08123779296875 369.493743896484375 358.181243896484375 349.35626220703125 343.412506103515625 343.35626220703125 346.943756103515625 350.056243896484375 361.07501220703125 369.70001220703125 375.056243896484375 379 387.26251220703125 394.381256103515625 396.443756103515625 397.162506103515625 394.79376220703125 390.04998779296875 379.28125 369.66876220703125 354.86248779296875 337.48748779296875 323.73126220703125 346.4375 380.39373779296875 408.51873779296875 427.300018310546875 437.88751220703125 441.83123779296875 444.125 438.556243896484375 435.637481689453125 428.875
311.75 326.42498779296875 343 363.83123779296875 380.662506103515625 393.61248779296875 407.71875 418.01251220703125 418.29376220703125 408.29998779296875 392.162506103515625 373.96875 360.41876220703125 352.76873779296875 348.875 343.318756103515625 342.23748779296875 340.98126220703125 343.17498779296875 344.70623779296875 347.943756103515625 354.662506103515625 363.618743896484375 369.66876220703125 379.4375 394.29376220703125 413.70001220703125 413.65625 409.26873779296875 402.60626220703125 389.412506103515625 375.693756103515625 364.149993896484375 354.774993896484375 352.42498779296875 365.443756103515625 391.39373779296875 415.375 429.068756103515625 436.26873779296875 439.850006103515625 439.850006103515625 434.40625 430.0625 422.73126220703125
307.32501220703125 328.662506103515625 347.475006103515625 368.212493896484375 386.20623779296875 399.54998779296875 410.23748779296875 423.48126220703125 431.64373779296875 413.85626220703125 388.568756103515625 363.15625 345.181243896484375 339.04998779296875 339.84375 340.48748779296875 339.07501220703125 336.29998779296875 335.381256103515625 333.98748779296875 336.962493896484375 341.29998779296875 345.3125 353.006256103515625 368.118743896484375 387.48748779296875 409.868743896484375 415.337493896484375 413.693756103515625 405.381256103515625 395.225006103515625 384.98126220703125 382.743743896484375 381.01873779296875 384.662506103515625 392.193756103515625 408.95001220703125 426.75 435.53125 436.8125 436.95001220703125 433.537506103515625 427.943756103515625 422.86248779296875 416.42498779296875
306.08123779296875 327.493743896484375 349.399993896484375 368.381256103515625 386.087493896484375 398.92498779296875 412.40625 422.45623779296875 426.693756103515625 407.39373779296875 381.068756103515625 358.0625 333.33123779296875 331.01873779296875 334.118743896484375 334.79376220703125 332.67498779296875 331.71875 328.45623779296875 326.649993896484375 326.54998779296875 325.975006103515625 327.600006103515625 337.26251220703125 351.318756103515625 364.475006103515625 382.20001220703125 398.01873779296875 404.96875 406.0625 403.368743896484375 402.26251220703125 405.20001220703125 405.9375 411.181243896484375 417.712493896484375 430.306243896484375 439.368743896484375 440.850006103515625 436.88751220703125 434.20623779296875 427.85626220703125 420.899993896484375 413.84375 410.125
308.850006103515625 330.01873779296875 350.64373779296875 371.662506103515625 391.34375 401.48748779296875 410.29376220703125 416.66876220703125 413.118743896484375 401.03125 379.23748779296875 356.67498779296875 341.875 332.318756103515625 331.14373779296875 330.662506103515625 330.91876220703125 328.8125 324.8125 319.443756103515625 315.912506103515625 312.48126220703125 312.181243896484375 318.36248779296875 329.337493896484375 347.868743896484375 367.774993896484375 384.850006103515625 398.9375 410.8125 416.774993896484375 422.643768310546875 429.287506103515625 430.84375 432.67498779296875 433.63751220703125 440.837493896484375 442.6875 441.337493896484375 437.743743896484375 432.412506103515625 423.45001220703125 416.743743896484375 407.20623779296875 395.76251220703125
322.23748779296875 340.850006103515625 354.73748779296875 374.131256103515625 390.681243896484375 398.98748779296875 405.14373779296875 407.86248779296875 399.57501220703125 387.125 373.45001220703125 359.58123779296875 346.70001220703125 338.306243896484375 333.3125 333.42498779296875 332.04376220703125 328.5 321.881256103515625 312.88751220703125 309.23748779296875 301.850006103515625 296.524993896484375 296.006256103515625 310.787506103515625 332.875 358.79998779296875 377.818756103515625 398.243743896484375 412.58123779296875 427.90625 442.17498779296875 452.412506103515625 449.875 445.462493896484375 443.98748779296875 446.15625 445.83123779296875 441.412506103515625 436.48748779296875 431.08123779296875 419.6875 409.524993896484375 397.32501220703125 388.73748779296875
337.08123779296875 350.10626220703125 363.212493896484375 377.01251220703125 387.46875 394.806243896484375 397.26251220703125 395.662506103515625 387.90625 382.64373779296875 374.631256103515625 361.9375 350.95001220703125 342.962493896484375 338.493743896484375 336.79998779296875 334.1875 328.149993896484375 322.28125 314.42498779296875 305.774993896484375 295.59375 285.36248779296875 283.212493896484375 301.125 321.48126220703125 348.181243896484375 369.07501220703125 391.75 409.34375 429.82501220703125 449.600006103515625 465.337493896484375 460.41876220703125 453.6875 449.368743896484375 448.85626220703125 446.899993896484375 439.92498779296875 434.28125 426.29998779296875 416.631256103515625 405.73126220703125 395.756256103515625 394.899993896484375
355.17498779296875 363.70623779296875 371.76873779296875 379.756256103515625 387.29998779296875 389.943756103515625 391.681243896484375 386.92498779296875 382.53125 378.868743896484375 370.09375 361.506256103515625 352.100006103515625 346.149993896484375 342.46875 338.5625 336.4375 333.54998779296875 325.475006103515625 318.6875 310.14373779296875 298.09375 292.91876220703125 291.274993896484375 302.462493896484375 320.01251220703125 341.274993896484375 362.26251220703125 383.13751220703125 401.931243896484375 419.899993896484375 437.274993896484375 451.57501220703125 453.056243896484375 452.76873779296875 448.33123779296875 448.61248779296875 447.04998779296875 440.306243896484375 433.35626220703125 426.056243896484375 416.912506103515625 406.79376220703125 400.137481689453125 410.243743896484375
369.712493896484375 375.875 378.26873779296875 382.21875 384.431243896484375 382.243743896484375 381.11248779296875 380.556243896484375 379.743743896484375 374.84375 369.8125 362.149993896484375 353.01873779296875 347.76873779296875 346.91876220703125 346.82501220703125 345.462493896484375 338.618743896484375 333 325.162506103515625 316.92498779296875 305.368743896484375 300.399993896484375 301.14373779296875 307.88751220703125 321.46875 339.768768310546875 357.46875 375.53125 391.95623779296875 404.681243896484375 418.04998779296875 428.881256103515625 437.712493896484375 442.9375 442.681243896484375 445.20623779296875 445.76873779296875 440.5 431.774993896484375 420.912506103515625 412.70001220703125 406.04376220703125 412.20001220703125 423.95623779296875
377.399993896484375 380.274993896484375 379.85626220703125 376.693756103515625 377.100006103515625 376.006256103515625 375.15625 375.41876220703125 373.556243896484375 369.399993896484375 366.76251220703125 360.524993896484375 356.462493896484375 352.54998779296875 351.48126220703125 350.193756103515625 348.59375 346.51873779296875 339.899993896484375 329.90625 319.181243896484375 311.48126220703125 308.149993896484375 306.60626220703125 309.631256103515625 319.45001220703125 335.26873779296875 348.375 363.4375 376.83123779296875 387.962493896484375 397.09375 408.48126220703125 420.631256103515625 429.993743896484375 432.693756103515625 438.431243896484375 441.512481689453125 435.63751220703125 431.90625 426.95001220703125 422.09375 416.431243896484375 423.10626220703125 426.89373779296875
380.65625 379.66876220703125 376.4375 372.76873779296875 372.274993896484375 369.837493896484375 369.774993896484375 367.71875 365.98126220703125 364.60626220703125 363.475006103515625 359.84375 359.306243896484375 354.4375 354.399993896484375 353.64373779296875 354.100006103515625 352.61248779296875 347.92498779296875 339.350006103515625 327.91876220703125 317.943756103515625 312.33123779296875 307.42498779296875 306.806243896484375 318 327.693756103515625 339.431243896484375 351.01251220703125 360.556243896484375 370.89373779296875 379.58123779296875 392.912506103515625 405.693756103515625 415.412506103515625 421.381256103515625 425.58123779296875 430.92498779296875 431.787506103515625 430.78125 428.75 424.818756103515625 423.125 424.756256103515625 429.375
379.54998779296875 375.975006103515625 371.587493896484375 369.67498779296875 367.131256103515625 361.931243896484375 361.287506103515625 358.36248779296875 356.90625 355.787506103515625 356.818756103515625 358.587493896484375 357.14373779296875 355.29376220703125 355.006256103515625 355.118743896484375 352.42498779296875 352.024993896484375 347.54998779296875 343.975006103515625 333.412506103515625 323.068756103515625 314.53125 309.225006103515625 310.54998779296875 315.54998779296875 321.056243896484375 330.59375 337.88751220703125 347.274993896484375 357.60626220703125 366.13751220703125 376.618743896484375 389.274993896484375 400.243743896484375 406.962493896484375 414.15625 418.256256103515625 420.287506103515625 421.01251220703125 426.568756103515625 426.318756103515625 425.17498779296875 427.3125 431.95001220703125
371.26873779296875 364.962493896484375 361.33123779296875 358.17498779296875 356.899993896484375 351.53125 347.23748779296875 345.493743896484375 343.475006103515625 344.931243896484375 351.26251220703125 352.274993896484375 354.90625 356.29998779296875 355.118743896484375 353.08123779296875 351.4375 351.54998779296875 346.256256103515625 341.381256103515625 334.087493896484375 324.524993896484375 315.443756103515625 310.35626220703125 310.92498779296875 310.59375 314.98126220703125 319.681243896484375 325.0625 334.743743896484375 342.70623779296875 349.381256103515625 358.83123779296875 371.243743896484375 382.381256103515625 391.26251220703125 398.306243896484375 404.225006103515625 404.587493896484375 413.693756103515625 418.03125 418.368743896484375 420.274993896484375 424.98748779296875 430.568756103515625
359.82501220703125 354.868743896484375 351.881256103515625 348.181243896484375 345.037506103515625 341.60626220703125 337.318756103515625 332.71875 330.51251220703125 332.34375 337.274993896484375 344.38751220703125 350.631256103515625 351.181243896484375 351.01873779296875 347.681243896484375 346.33123779296875 346.23126220703125 342.524993896484375 338.04998779296875 331.21875 323.125 315.181243896484375 306.98748779296875 307.11248779296875 305.087493896484375 305.53125 307.649993896484375 311.54998779296875 318.506256103515625 325.90625 334.0625 343.006256103515625 354.08123779296875 365.131256103515625 373.21875 381.256256103515625 383.993743896484375 391.600006103515625 399.90625 403.54376220703125 407.131256103515625 411.662506103515625 418.20001220703125 425.53125
346.01873779296875 343.51873779296875 342.20001220703125 336.88751220703125 332.76873779296875 327.943756103515625 322.65625 318.868743896484375 314.64373779296875 314.462493896484375 323.162506103515625 335.36248779296875 346.66876220703125 352.79998779296875 350.475006103515625 346.350006103515625 341.649993896484375 338.412506103515625 337.65625 331.600006103515625 327.399993896484375 318.36248779296875 311.29998779296875 301.4375 299.03125 298.318756103515625 297.40625 296.0625 298.39373779296875 306.08123779296875 312.225006103515625 320.20001220703125 327.0625 337.88751220703125 346.881256103515625 353.60626220703125 358.89373779296875 370.431243896484375 377.88751220703125 384.23126220703125 387.79998779296875 392.82501220703125 399.1875 405.51251220703125 409.23126220703125
332.86248779296875 332.57501220703125 330.39373779296875 325.64373779296875 320.506256103515625 313.899993896484375 308.79998779296875 303.087493896484375 295.79376220703125 293.59375 300.725006103515625 317.037506103515625 334.60626220703125 343.050018310546875 341.662506103515625 337.774993896484375 333.65625 331.26251220703125 330.149993896484375 327.67498779296875 321.618743896484375 314.45623779296875 303.79376220703125 295.86248779296875 291.256256103515625 289.587493896484375 288.8125 287.98748779296875 289.162506103515625 294.649993896484375 300.3125 305.96875 311.90625 322.100006103515625 328.48748779296875 331.506256103515625 342.256256103515625 352.96875 358.32501220703125 364.9375 371.199981689453125 375.29376220703125 379.76873779296875 386.068756103515625 387.09375
320.57501220703125 322.068756103515625 319.006256103515625 315.0625 309.54376220703125 303.024993896484375 297.84375 288.86248779296875 277.625 270.743743896484375 280.83123779296875 305.01251220703125 320.53125 327.04998779296875 329.087493896484375 326.71875 321.006256103515625 319.899993896484375 319.975006103515625 315.79998779296875 310.98748779296875 303.6875 294.01251220703125 287.337493896484375 281.85626220703125 279.70623779296875 279.818756103515625 279.537506103515625 279.5 283.34375 289.337493896484375 295.193756103515625 300.26873779296875 306.443756103515625 310.98126220703125 316.399993896484375 326.23126220703125 337.03125 344.29376220703125 347.23126220703125 352.943756103515625 356.08123779296875 361.54376220703125 366.243743896484375 368.243743896484375
313.006256103515625 312.32501220703125 308.162506103515625 305.162506103515625 299.9375 294.337493896484375 287.806243896484375 277.88751220703125 268.36248779296875 259.256256103515625 276.006256103515625 299.131256103515625 310.212493896484375 315.399993896484375 316.45001220703125 314.70623779296875 308.4375 308.475006103515625 305.57501220703125 300.63751220703125 296.162506103515625 289.006256103515625 282.79998779296875 276.76873779296875 271.493743896484375 270.85626220703125 268.600006103515625 270 270.787506103515625 274.931243896484375 278.125 283.524993896484375 289.51873779296875 293.51873779296875 294.73126220703125 303.6875 312.45623779296875 320.01873779296875 328.818756103515625 332.53125 335.1875 338.76251220703125 340.71875 343.068756103515625 346.162506103515625
310.212493896484375 305.88751220703125 301.70001220703125 299.068756103515625 295.38751220703125 287.89373779296875 281.875 275.11248779296875 272.32501220703125 277.08123779296875 293.26873779296875 301.381256103515625 302.681243896484375 305.71875 306.3125 302.82501220703125 297.912506103515625 296.368743896484375 290.61248779296875 287.118743896484375 281.962493896484375 275.01873779296875 269.8125 266.493743896484375 263.225006103515625 260.65625 260.01873779296875 261.537506103515625 262.5625 267.96875 272.043731689453125 274.29376220703125 279.462493896484375 284.78125 291.39373779296875 296.41876220703125 301.774993896484375 309.36248779296875 314.16876220703125 315.03125 317.98748779296875 321.756256103515625 322.162506103515625 325.48126220703125 327.60626220703125
307.287506103515625 303.006256103515625 298.875 296.100006103515625 292.256256103515625 286.399993896484375 278.8125 276.82501220703125 277.13751220703125 281.149993896484375 288.45001220703125 294.79998779296875 295.34375 296.493743896484375 296.20623779296875 292.48748779296875 287.993743896484375 285.475006103515625 278.524993896484375 272.912506103515625 266.818756103515625 262.90625 255.75 252.75 253.0749969482421875 252.087493896484375 252.5812530517578125 254.6875 256.412506103515625 261.149993896484375 263.100006103515625 269.912506103515625 277.274993896484375 282.28125 288.4375 292.01251220703125 295.1875 300.587493896484375 302.51873779296875 300.25 301.13751220703125 304.056243896484375 302.92498779296875 305.056243896484375 308.693756103515625
