data/historical-monthly-weather-data/wc2.1_cruts4.09_10m_prec_1959-09.asc
ncols        45
nrows        45
xllcorner    -63.500000000000
yllcorner    -7.500000000000
cellsize     0.166666666667
NODATA_value -9999
[rows 19 to 37 of 45, columns 0 to 43 of 45]
103.86875152587890625 103.94374847412109375 102.6062469482421875 102.1750030517578125 101.8874969482421875 101.6125030517578125 100.125 97.8312530517578125 96.58750152587890625 93.7624969482421875 89.96250152587890625 83.86875152587890625 77.0437469482421875 70.4875030517578125 64.5500030517578125 59.86875152587890625 54.63124847412109375 52.5625 49.71250152587890625 49.125 47.768749237060546875 47.21875 48.96250152587890625 51.71250152587890625 53.80625152587890625 54.22499847412109375 54.674999237060546875 55.08750152587890625 53.05625152587890625 50.674999237060546875 49.950000762939453125 55.987499237060546875 61.25624847412109375 68.1875 73.11875152587890625 72.1062469482421875 70.1374969482421875 68.74375152587890625 66.90000152587890625 62.86875152587890625 56.5625 49.6875 47.58750152587890625 47.325000762939453125
97.8000030517578125 98.8625030517578125 98.8000030517578125 98.8125 98.65000152587890625 97.8125 97.0749969482421875 95.7062530517578125 95.3312530517578125 93.6687469482421875 90.19374847412109375 85.25624847412109375 78.7062530517578125 71.46875 66.0187530517578125 60.02500152587890625 54.84375 51.41249847412109375 50.168750762939453125 48.03125 48.31874847412109375 49.06874847412109375 49.893749237060546875 52.625 55.581249237060546875 56.75 56.862499237060546875 56.237499237060546875 55.49375152587890625 56.65625 58.44374847412109375 63.862499237060546875 69.7375030517578125 77.75 86.7687530517578125 82.6062469482421875 74.61875152587890625 69.5749969482421875 65.6374969482421875 61.731250762939453125 57.606250762939453125 53.18125152587890625 50.9375 50.268749237060546875
93.18125152587890625 93.2375030517578125 93.41249847412109375 93.88124847412109375 94.90625 95.1875 94.56874847412109375 94.36875152587890625 94.50624847412109375 93.4875030517578125 90.9250030517578125 86.93125152587890625 82.09999847412109375 75.8312530517578125 69.8125 62.9375 57.59999847412109375 53.72499847412109375 52.02500152587890625 49.831249237060546875 48.487499237060546875 48.90625 49.74375152587890625 52.31874847412109375 54.768749237060546875 56.71875 59.05625152587890625 59.30625152587890625 60.72499847412109375 63.012500762939453125 65.46875 69.59375 74.5437469482421875 80.86875152587890625 83.78749847412109375 81.1437530517578125 74.08750152587890625 69.2687530517578125 65.1875 62.25 59.862499237060546875 57.393749237060546875 56.44374847412109375 55.793750762939453125
89.25624847412109375 90.3312530517578125 89.9812469482421875 90.72499847412109375 91.78749847412109375 92.25 92.66249847412109375 93.0625 94.4187469482421875 93.4375 92.77500152587890625 90.05625152587890625 87.44374847412109375 82.08750152587890625 74.13124847412109375 66.7375030517578125 60.40000152587890625 56.63124847412109375 53.612499237060546875 51.1875 49.875 49.887500762939453125 50.05625152587890625 51.80625152587890625 54.71875 56.93125152587890625 59.393749237060546875 62.15625 64.125 66.40000152587890625 69.9187469482421875 74.4812469482421875 77.4812469482421875 80.02500152587890625 79.78749847412109375 75.43125152587890625 71.09999847412109375 67.2062530517578125 64.59375 63.81874847412109375 63.674999237060546875 62.237499237060546875 61.61875152587890625 61.112499237060546875
87.0437469482421875 86.75624847412109375 87.1374969482421875 87.53749847412109375 88.0749969482421875 89.72499847412109375 90.6999969482421875 91.1875 92.5812530517578125 92.3937530517578125 91.76250457763671875 91.53749847412109375 91.46250152587890625 86.24375152587890625 77.40000152587890625 69.43125152587890625 63.09375 59.125 55.93125152587890625 52.924999237060546875 51.5 50.737499237060546875 51.100002288818359375 53.02500152587890625 55.456249237060546875 57.15000152587890625 59.674999237060546875 62.674999237060546875 66.4499969482421875 69.50624847412109375 72.96875 77.44374847412109375 78.8312530517578125 79.53749847412109375 78.6125030517578125 73.7375030517578125 70.7312469482421875 68.86875152587890625 67.3562469482421875 68.09375 68.3874969482421875 67.55625152587890625 67.78749847412109375 67.7624969482421875
85.99375152587890625 84.81874847412109375 84.53749847412109375 84.6750030517578125 87.58750152587890625 88.71250152587890625 89.2687530517578125 89.84999847412109375 90.81874847412109375 91.34999847412109375 91.34375 90.4499969482421875 89.49375152587890625 85.84999847412109375 78.6687469482421875 71.21875 65.2937469482421875 60.93125152587890625 57.393749237060546875 54.65000152587890625 53.268749237060546875 52.08750152587890625 52.68125152587890625 54.731250762939453125 56.125 58.606250762939453125 61.31874847412109375 64.72499847412109375 68.6374969482421875 72.34999847412109375 75.65000152587890625 79.3874969482421875 81.11875152587890625 81.0625 79.21875 75.6374969482421875 74.30625152587890625 73.2375030517578125 72.1687469482421875 72.7624969482421875 73.28749847412109375 73.56874847412109375 74.3000030517578125 76.27500152587890625
87.00624847412109375 86.47499847412109375 84.8562469482421875 85.6374969482421875 86.8249969482421875 87.5187530517578125 88.3125 88.65625 89.31874847412109375 90.0812530517578125 89.28749847412109375 88.6374969482421875 87.40000152587890625 84.2062530517578125 78.50624847412109375 72.3000030517578125 66.5749969482421875 62.637500762939453125 59.00624847412109375 56.05625152587890625 54.59999847412109375 53.262500762939453125 53.856250762939453125 56.075000762939453125 57.78749847412109375 59.700000762939453125 63.47499847412109375 67.8625030517578125 71.58750152587890625 75.4187469482421875 78.7687530517578125 82.7687530517578125 82.8937530517578125 82.41249847412109375 81.625 80.80625152587890625 79.34375 78.65000152587890625 78.9499969482421875 79.1125030517578125 80.3562469482421875 80.4187469482421875 81.2062530517578125 83.96875
90.75 89.09999847412109375 87.63124847412109375 87.80625152587890625 87.71875 88.1875 88.1875 87.71250152587890625 87.34375 87.9187469482421875 88.0625 87.68125152587890625 86.2312469482421875 83.875 78.9875030517578125 73.47499847412109375 68.8874969482421875 64.5187530517578125 60.97499847412109375 57.94374847412109375 56.612499237060546875 55.15000152587890625 55.231250762939453125 58.456249237060546875 60.125 62.43125152587890625 66.52500152587890625 70.4499969482421875 74.5124969482421875 78.125 81.40000152587890625 84.40625 86.0625 86.0625 85.1125030517578125 85.40625 85.4250030517578125 84.96250152587890625 85.5187530517578125 86.2937469482421875 86.8312530517578125 87.3874969482421875 88.7062530517578125 89.90000152587890625
94.71875 93.03749847412109375 91.53749847412109375 89.8937530517578125 89.3937530517578125 88.78749847412109375 88.3874969482421875 87.58750152587890625 86.625 87.1125030517578125 86.91249847412109375 86.5 85.4875030517578125 84.24375152587890625 79.625 74.7312469482421875 70.2937469482421875 66.25 62.737499237060546875 60.15000152587890625 58.53749847412109375 57.21875 57.112499237060546875 60.106250762939453125 62.88124847412109375 65.1687469482421875 69.21875 73.4562530517578125 77.69374847412109375 81.6750030517578125 84.21875 87.21250152587890625 89.4562530517578125 89.65625 89.6999969482421875 90.34375 92.1750030517578125 93.09999847412109375 93.83750152587890625 94.5812530517578125 95.34375 96.09375 95.19374847412109375 96.9250030517578125
99.18125152587890625 97.0812530517578125 94.18125152587890625 91.63124847412109375 90.03749847412109375 88.625 87.5500030517578125 86.8125 86.1687469482421875 86 85.53125 85.02500152587890625 85.2312469482421875 83.84999847412109375 79.6875 76.43125152587890625 73.3625030517578125 67.94374847412109375 64.31874847412109375 61.875 60.56874847412109375 59.512500762939453125 59.512500762939453125 62.69374847412109375 65.0124969482421875 68 72.24375152587890625 77.15000152587890625 82.3937530517578125 85.1875 87.1374969482421875 89.84999847412109375 91.6687469482421875 93.0625 95.09999847412109375 96.13124847412109375 99.3249969482421875 101.90625 103.5187530517578125 104.1750030517578125 102.38124847412109375 101.04999542236328125 101.66249847412109375 104.03125
103.8000030517578125 101.11875152587890625 96.56874847412109375 93.15000152587890625 90.7062530517578125 89.25624847412109375 88.1374969482421875 87.09375 86.2375030517578125 85.5500030517578125 84.8312530517578125 85.15000152587890625 85.3000030517578125 84.4562530517578125 81.81874847412109375 78.3625030517578125 74.93125152587890625 70.8125 66.7312469482421875 64.1999969482421875 63.28749847412109375 62.75624847412109375 62.28749847412109375 65.05625152587890625 68.3312530517578125 72.13124847412109375 76.1374969482421875 80.5625 84.8249969482421875 88.15625 91.21250152587890625 94.1999969482421875 95.9187469482421875 97.74375152587890625 100.59999847412109375 102.99375152587890625 107.15000152587890625 111.9375 111.9375 114.75624847412109375 114.8000030517578125 112.2687530517578125 110.59375 112.125
106.5 103.53749847412109375 99.6374969482421875 94.84375 92.18125152587890625 90.77500152587890625 88.6374969482421875 87.15000152587890625 86.5 85.9875030517578125 85.1062469482421875 85.28125 86.9812469482421875 86.09375 83.44374847412109375 80.38124847412109375 78.1750030517578125 74.31874847412109375 70.22499847412109375 68.11875152587890625 67.0625 66.7687530517578125 66.5500030517578125 69.0124969482421875 72.00624847412109375 75.9375 79.9250030517578125 84.0625 88.28749847412109375 90.47499847412109375 94.33750152587890625 97.8937530517578125 99.83750152587890625 103.71875 107.25 109.2062530517578125 114.21875 120.58750152587890625 123.33750152587890625 126.15000152587890625 126.16249847412109375 122.5749969482421875 119.7312469482421875 119.50624847412109375
109.8249969482421875 105.21875 100.6374969482421875 96.5 94.4250030517578125 91.9812469482421875 89.78125 88.09999847412109375 87.59999847412109375 86.6999969482421875 86.13124847412109375 86.21250152587890625 86.49375152587890625 87.0187530517578125 85.86875152587890625 84.7375030517578125 82.34999847412109375 78.8000030517578125 75.65000152587890625 74.03125 73.11875152587890625 71.3562469482421875 71.0812530517578125 73.0749969482421875 77.11875152587890625 79.65000152587890625 83.0500030517578125 88.02500152587890625 92.05625152587890625 94.53125 98.2687530517578125 100.90625 103.9187469482421875 108.0625 111.8562469482421875 114.53125 119.86875152587890625 125.41249847412109375 129.0187530517578125 132.65625 134.568756103515625 130.962493896484375 128.3874969482421875 126.78749847412109375
109.875 106.16249847412109375 101.4875030517578125 97.99375152587890625 95.8937530517578125 93.8125 92.1750030517578125 89.9875030517578125 89.16249847412109375 87.84375 89.3874969482421875 88.58750152587890625 89.1750030517578125 91.3125 90.65000152587890625 90.59999847412109375 89.28749847412109375 87.1750030517578125 84.22499847412109375 82.49375152587890625 80.69374847412109375 78.59999847412109375 76.84999847412109375 78.6374969482421875 81.9187469482421875 83.7624969482421875 87.0437469482421875 91.52500152587890625 95.53125 99.375 102.375 105.4375 108.0625 112.34375 117.15000152587890625 120.03749847412109375 124.4499969482421875 128.15625 131.881256103515625 136.962493896484375 139.506256103515625 137.149993896484375 135.618743896484375 133.787506103515625
108.55625152587890625 105.9812469482421875 102.84375 99.84999847412109375 97.4499969482421875 95.58750152587890625 94.375 92.4875030517578125 90.96875 90.3937530517578125 90.5 92.13124847412109375 92.84999847412109375 93.4562530517578125 94.8249969482421875 95.7312469482421875 96.88124847412109375 95.6062469482421875 93.6875 91.94374847412109375 89.56874847412109375 86.34999847412109375 83.75624847412109375 84.2687530517578125 85.96875 87.30625152587890625 90.40000152587890625 94.6374969482421875 98.2312469482421875 102.0437469482421875 105.875 109.4375 112.58750152587890625 116.5 121.4250030517578125 126.5187530517578125 129.2624969482421875 132.2375030517578125 136.274993896484375 139.6687469482421875 142.037506103515625 142.7375030517578125 143.21875 142.2687530517578125
108.0625 105.9562530517578125 103.65000152587890625 101.88124847412109375 100.03125 97.7624969482421875 96.9187469482421875 95.2375030517578125 92.93125152587890625 92.43125152587890625 93.46250152587890625 96.00624847412109375 97.08750152587890625 98.1875 100.2937469482421875 102.74375152587890625 104.5812530517578125 103.4250030517578125 103.5187530517578125 101.66249847412109375 99.22499847412109375 95.1374969482421875 90.6875 89.84999847412109375 89.6062469482421875 91.0812530517578125 94.41249847412109375 97.77500152587890625 101.1125030517578125 104.625 108.50624847412109375 111.74375152587890625 115.47499847412109375 119.9187469482421875 124.1875 127.8000030517578125 131.7312469482421875 136.850006103515625 139.568756103515625 143.2312469482421875 143.5124969482421875 143.631256103515625 146.337493896484375 145.6875
107.25 105.0124969482421875 103.59999847412109375 102.30625152587890625 100.8562469482421875 99.4562530517578125 97.7937469482421875 97.2687530517578125 95.7062530517578125 94.9250030517578125 96.5749969482421875 99.1999969482421875 101.9812469482421875 104.30625152587890625 106.7375030517578125 109.7937469482421875 111.83750152587890625 112.09375 112.6062469482421875 112.4250030517578125 108.34375 103.4562530517578125 97.47499847412109375 95.0625 94.3562469482421875 94.71250152587890625 97 100.20000457763671875 103.3874969482421875 106.4250030517578125 110.34999847412109375 114 116.97499847412109375 121.3312530517578125 125.34999847412109375 127.84375 133.46875 137.3312530517578125 139.774993896484375 142.5187530517578125 144.681243896484375 144.4812469482421875 145.21875 145.681243896484375
106.375 104.69374847412109375 103.3312530517578125 101.90000152587890625 101.71250152587890625 100.72499847412109375 99.9562530517578125 99.40000152587890625 98.6999969482421875 97.34999847412109375 100.3562469482421875 106.5812530517578125 109.77500152587890625 111.96250152587890625 114.8625030517578125 117.1999969482421875 119.7062530517578125 119.2375030517578125 119.11875152587890625 118.5812530517578125 115.53125 108.8562469482421875 102.7375030517578125 99.1875 97.72499847412109375 97.69374847412109375 99.06874847412109375 101.36875152587890625 104.25 107.68125152587890625 111.25624847412109375 115.13124847412109375 118.8874969482421875 123.1374969482421875 127 130.181243896484375 134.4562530517578125 138.774993896484375 140.0187530517578125 141.4562530517578125 143.068756103515625 142.53125 144.1687469482421875 145.5187530517578125
105.18125152587890625 104.38124847412109375 103.52500152587890625 102.08750152587890625 102.3562469482421875 102.4562530517578125 102.52500152587890625 102.96875 103.40000152587890625 102.6062469482421875 111.97499847412109375 117.7375030517578125 119.26874542236328125 120.40625 122.7062530517578125 125.16249847412109375 125.48125457763671875 124.97499847412109375 123.15625 120.9499969482421875 118.375 112.1999969482421875 106.53125 102.40625 100 99.00624847412109375 100.6750030517578125 102.93125152587890625 105.46250152587890625 108.9250030517578125 110.78125 114.2312469482421875 118.3000030517578125 124.02500152587890625 128.443756103515625 129.3562469482421875 133.068756103515625 136.6374969482421875 139.9499969482421875 141.96875 141.3249969482421875 143.3625030517578125 142.256256103515625 142.375
