data/historical-monthly-weather-data/wc2.1_cruts4.09_10m_prec_1965-11.asc
ncols        51
nrows        45
xllcorner    -63.500000000000
yllcorner    -7.500000000000
cellsize     0.166666666667
NODATA_value -9999
[rows 0 to 18 of 45, columns 0 to 43 of 51]
303.725006103515625 305.64373779296875 296.625 293.306243896484375 288.899993896484375 283.806243896484375 276.29998779296875 268.675018310546875 260.324981689453125 250.4187469482421875 240.4499969482421875 227.6437530517578125 215.2375030517578125 199.9499969482421875 187.037506103515625 173.8625030517578125 161.756256103515625 150.306243896484375 140.006256103515625 131.087493896484375 123.9562530517578125 117.2312469482421875 111.375 104.88124847412109375 99.21250152587890625 94.43125152587890625 91.9875030517578125 89.9187469482421875 87.13124847412109375 81.66249847412109375 76.11875152587890625 71.3125 67.15000152587890625 63.52500152587890625 59.956249237060546875 58.40000152587890625 57.25624847412109375 56 55.731250762939453125 55.71250152587890625 55.268749237060546875 55.25 54.643749237060546875 54.16249847412109375
313.493743896484375 313.568756103515625 308.943756103515625 307.51251220703125 307.63751220703125 302.36248779296875 294.006256103515625 288.712493896484375 279.51251220703125 267.725006103515625 255.818756103515625 240.087493896484375 223.975006103515625 208.03125 192.65625 179.337493896484375 165.2624969482421875 153.443756103515625 142.131256103515625 132.3625030517578125 124.59375 117.44374847412109375 111.34375 105.50624847412109375 98.8312530517578125 93.43125152587890625 90.9375 88.3937530517578125 85.5812530517578125 80.44374847412109375 75.3874969482421875 70.99375152587890625 67.0437469482421875 64.6374969482421875 62.09375 61.25 60.856250762939453125 60.387500762939453125 60.487499237060546875 60.899997711181640625 61.143749237060546875 60.918750762939453125 60.487499237060546875 59.356250762939453125
315.475006103515625 315.9375 310.556243896484375 306.84375 306.787506103515625 302.09375 299.256256103515625 295.212493896484375 288.225006103515625 277.149993896484375 263.306243896484375 245.931243896484375 228.9875030517578125 211.818756103515625 195.587493896484375 180.725006103515625 167.056243896484375 155.6374969482421875 144.0437469482421875 134.118743896484375 125.46250152587890625 117.25624847412109375 110.0437469482421875 103.21875 95.8000030517578125 89.2062530517578125 86.34999847412109375 83.9812469482421875 80.8125 75.5 70.9250030517578125 66.38124847412109375 63.581249237060546875 60.9375 58.71250152587890625 57.9375 57.72499847412109375 58.106250762939453125 58.768749237060546875 59.737499237060546875 60.38124847412109375 60.387500762939453125 60.40625 60.043750762939453125
309.13751220703125 308.40625 305.881256103515625 300.60626220703125 299.98126220703125 297.26251220703125 295.75 296.10626220703125 292.962493896484375 284.29376220703125 269.29376220703125 249.84375 231.5437469482421875 213.5187530517578125 197.1374969482421875 182.1687469482421875 168.756256103515625 157.03125 146.2375030517578125 137.087493896484375 127.46875 117.7375030517578125 108.38124847412109375 99.77500152587890625 91.2624969482421875 83.83750152587890625 80.8562469482421875 77.72499847412109375 74.8937530517578125 70.1875 65.46250152587890625 61.262500762939453125 58.018749237060546875 55.40625 53.11875152587890625 53.27500152587890625 53.66249847412109375 54.18125152587890625 55.41249847412109375 56.731250762939453125 57.393749237060546875 58.47499847412109375 58.77500152587890625 58.88124847412109375
310.46875 304.475006103515625 291.51873779296875 288.149993896484375 290.14373779296875 289.806243896484375 290.193756103515625 293.54998779296875 294.899993896484375 290.28125 271.73748779296875 248.850006103515625 230.024993896484375 213.2687530517578125 197.3125 183.1875 169.649993896484375 158.8937530517578125 148.350006103515625 138.1437530517578125 128.40625 117.30625152587890625 106.7312469482421875 97.2062530517578125 86.6125030517578125 77.9562530517578125 73.80625152587890625 71.5124969482421875 69.1875 64.0812530517578125 59.456249237060546875 55.40000152587890625 52.5 50.125 48.09999847412109375 48.49375152587890625 49.30625152587890625 50.30625152587890625 52.1875 53.356250762939453125 54.63124847412109375 55.825000762939453125 56.9375 57.68125152587890625
304.774993896484375 299.16876220703125 286.28125 273.92498779296875 277.51873779296875 282.04376220703125 283.79376220703125 284.95001220703125 285.45623779296875 282.75 263.712493896484375 242.1999969482421875 225.587493896484375 210.125 195.056243896484375 181.381256103515625 169.2687530517578125 158.868743896484375 149.243743896484375 138.475006103515625 127.05625152587890625 115.4499969482421875 103.8937530517578125 92.6687469482421875 82.15625 72.66249847412109375 68.6875 66.0749969482421875 63.625 58.862499237060546875 54.206249237060546875 51.11875152587890625 48.69374847412109375 47.018749237060546875 45.49375152587890625 46.581249237060546875 47.981250762939453125 49.61875152587890625 51.96875 53.5 53.88124847412109375 55.0812530517578125 56.049999237060546875 56.950000762939453125
301.350006103515625 298.274993896484375 285.8125 273.399993896484375 270.48748779296875 269.5 269.71875 268.5 263.306243896484375 253.931243896484375 243.712493896484375 229.5187530517578125 217.2375030517578125 204.462493896484375 192.193756103515625 180.5437469482421875 169.3562469482421875 158.90625 148.28125 139.056243896484375 126.3874969482421875 113.31874847412109375 100.6999969482421875 88.53125 77.3000030517578125 67.80625152587890625 63.5625 60.61875152587890625 57.487499237060546875 53.27500152587890625 49.46250152587890625 46.47499847412109375 44.93125152587890625 43.981250762939453125 43.362499237060546875 44.71250152587890625 46.450000762939453125 48.706249237060546875 52.02500152587890625 53.387500762939453125 53.38124847412109375 54.16249847412109375 54.9375 55.56874847412109375
301.08123779296875 296.693756103515625 286.318756103515625 278.48748779296875 274.350006103515625 267.868743896484375 258.350006103515625 246.375 233.7624969482421875 225.475006103515625 222.756256103515625 216.0187530517578125 207.774993896484375 198.0812530517578125 188.2687530517578125 179.087493896484375 169.024993896484375 158.5 148.412506103515625 138.3562469482421875 125.84999847412109375 111.90000152587890625 97.47499847412109375 84.5812530517578125 73.16249847412109375 62.31874847412109375 57.90625 54.700000762939453125 51.856250762939453125 47.856250762939453125 44.456249237060546875 42.27500152587890625 41.424999237060546875 41.00624847412109375 41.018749237060546875 42.59999847412109375 44.91249847412109375 47.19374847412109375 49.606250762939453125 51.00624847412109375 51.456249237060546875 52.137500762939453125 52.68125152587890625 53.03125
300.681243896484375 297.881256103515625 290.34375 283.23748779296875 277.57501220703125 268.625 256.85626220703125 241.962493896484375 221.7937469482421875 208.868743896484375 208.912506103515625 205.537506103515625 200.274993896484375 192.6374969482421875 185.100006103515625 177.1687469482421875 168.5187530517578125 158.8937530517578125 150.662506103515625 140.09375 124.8562469482421875 109.9375 94.22499847412109375 81.77500152587890625 69.4562530517578125 58.237499237060546875 53.581249237060546875 50.6750030517578125 47.981250762939453125 44.1875 41.71875 40.5 39.918750762939453125 39.768749237060546875 40.0625 42.174999237060546875 44.6875 47.081249237060546875 49.125 50.793750762939453125 51.4375 51.68125152587890625 52.15000152587890625 52.3125
301.162506103515625 297.4375 290.89373779296875 285.03125 280.137481689453125 271.800018310546875 258.48126220703125 242.149993896484375 225.0500030517578125 213.162506103515625 206.9375 199.931243896484375 195.0749969482421875 188.09375 181.587493896484375 175.274993896484375 168.1374969482421875 159.9562530517578125 151.662506103515625 142.25 125.91249847412109375 108.8249969482421875 91.54375457763671875 78.21875 65.09999847412109375 54.081249237060546875 50.00624847412109375 47.02500152587890625 44.356250762939453125 41.03125 39.25 38.66249847412109375 38.612499237060546875 38.99375152587890625 39.78125 42.18125152587890625 45.03749847412109375 47.387500762939453125 49.393749237060546875 51.00624847412109375 51.96875 52.06874847412109375 51.856250762939453125 51.331249237060546875
302.13751220703125 298.493743896484375 291.600006103515625 286.01251220703125 281.15625 275.381256103515625 263.11248779296875 245.399993896484375 228.6437530517578125 215.6687469482421875 207.4187469482421875 198.931243896484375 191.681243896484375 184.3312530517578125 177.9562530517578125 172.212493896484375 166.65625 159.556243896484375 152.181243896484375 143.899993896484375 128.9499969482421875 109.40000152587890625 89.55625152587890625 73.7312469482421875 61.09999847412109375 50.77500152587890625 47.06874847412109375 44.481250762939453125 41.78125 39.13124847412109375 37.987499237060546875 37.77500152587890625 38.231250762939453125 38.88124847412109375 39.77500152587890625 42.15000152587890625 44.91249847412109375 47.543750762939453125 49.97499847412109375 51.6875 52.575000762939453125 52.5 52.075000762939453125 51.356250762939453125
302.225006103515625 298.462493896484375 291.70623779296875 287.537506103515625 282.931243896484375 277.118743896484375 266.5 248.556243896484375 231.6125030517578125 217.943756103515625 207.3625030517578125 198.6999969482421875 188.9375 181.056243896484375 174.8937530517578125 169.337493896484375 164.40625 157.600006103515625 151.462493896484375 145.0812530517578125 130.8312530517578125 110.06874847412109375 88.15625 71.55625152587890625 58.487499237060546875 48.40625 45.15000152587890625 43.18125152587890625 41.5 39.55625152587890625 38.47499847412109375 38.21250152587890625 38.549999237060546875 39.168750762939453125 40.28749847412109375 42.78749847412109375 45.55625152587890625 48.46875 50.74375152587890625 52.612499237060546875 53.88124847412109375 53.543750762939453125 52.86875152587890625 52.018749237060546875
301.38751220703125 298.60626220703125 292.16876220703125 286.23748779296875 280.17498779296875 273.181243896484375 261.649993896484375 246.3625030517578125 230.6437530517578125 217.6875 206.2062530517578125 197.600006103515625 187.96875 176.6999969482421875 169.587493896484375 164.399993896484375 159.975006103515625 154.9499969482421875 149.4812469482421875 143.0500030517578125 129.1999969482421875 107.90000152587890625 84.9375 69.3000030517578125 56.043750762939453125 45.987499237060546875 43.84999847412109375 42.456249237060546875 41.375 40.125 39.362499237060546875 39.13124847412109375 39.075000762939453125 39.52500152587890625 40.65000152587890625 43.21250152587890625 46.15000152587890625 49.137500762939453125 51.731250762939453125 53.34999847412109375 55.018749237060546875 54.831249237060546875 53.3125 50.081249237060546875
300.04376220703125 295.537506103515625 288.868743896484375 282.15625 275.725006103515625 266.25 254.993743896484375 242.1062469482421875 228.899993896484375 215.662506103515625 203.743743896484375 192.8000030517578125 183.087493896484375 172.4499969482421875 162.3312530517578125 157.1125030517578125 153.462493896484375 148.5812530517578125 143.1750030517578125 136.024993896484375 120.8249969482421875 100.38124847412109375 79.3562469482421875 65.3874969482421875 53.793750762939453125 44.71250152587890625 43.268749237060546875 42.50624847412109375 41.65625 40.793750762939453125 40.43125152587890625 40.25 39.893749237060546875 40 41.24375152587890625 44.05625152587890625 47.09375 50.71875 53.03749847412109375 55.262500762939453125 56.34999847412109375 54.33750152587890625 51.875 50.33750152587890625
297.681243896484375 292.818756103515625 286.024993896484375 278.98748779296875 271.725006103515625 261.57501220703125 251.118743896484375 238.9875030517578125 225.7624969482421875 212.6062469482421875 200.1687469482421875 188.75 177.7687530517578125 166.556243896484375 154.1875 148.1374969482421875 145.1999969482421875 141.0500030517578125 136.15625 129.0500030517578125 113.375 94.02500152587890625 74.88124847412109375 63.44374847412109375 54.09999847412109375 46.36875152587890625 45.125 44.487499237060546875 43.74375152587890625 42.81874847412109375 42.31874847412109375 41.918750762939453125 41.47499847412109375 41.362499237060546875 42.15000152587890625 44.793750762939453125 48.40000152587890625 52.737499237060546875 55.81874847412109375 57.375 57.268749237060546875 55.706249237060546875 54.375 53.225002288818359375
293.75 288.537506103515625 282.48748779296875 275.118743896484375 267.70623779296875 258.04376220703125 246.600006103515625 234.693756103515625 223.037506103515625 211.3312530517578125 198.2312469482421875 186.0687408447265625 174.4375 161.59375 148.212493896484375 138.53125 137.40625 135.125 130.368743896484375 123.25624847412109375 108.00624847412109375 89.4875030517578125 71.25 61.84375 54.418750762939453125 48.5 47.91249847412109375 47.375 46.200000762939453125 45.03125 44.393749237060546875 43.97499847412109375 43.13124847412109375 43.02500152587890625 43.174999237060546875 46.387500762939453125 50.59999847412109375 53.80625152587890625 56.72499847412109375 58.5 59.762500762939453125 58.75 57.112499237060546875 54.38124847412109375
289.35626220703125 285.399993896484375 278.399993896484375 270.95001220703125 264.024993896484375 254.1374969482421875 243.7687530517578125 231.899993896484375 220.931243896484375 209.193756103515625 197.0124969482421875 184.912506103515625 172.5187530517578125 159.7062530517578125 146.912506103515625 137.4375 132.40625 129.1875 125.4812469482421875 119.1062469482421875 103.9812469482421875 85.83124542236328125 68.2312469482421875 60.25 54.65000152587890625 50.71250152587890625 51.331249237060546875 50.418750762939453125 48.4375 47.21250152587890625 46.71250152587890625 46.918750762939453125 45.68125152587890625 45.112499237060546875 46.637500762939453125 50.81874847412109375 53.9375 57.612499237060546875 61.012500762939453125 62.356250762939453125 64.02500152587890625 62.799999237060546875 59.50624847412109375 57.18125152587890625
284.756256103515625 280.962493896484375 274.95001220703125 268.162506103515625 260.631256103515625 252.4812469482421875 242.875 231.256256103515625 220.506256103515625 208.7375030517578125 196.537506103515625 184.53125 171.21875 159.368743896484375 148.2937469482421875 138.868743896484375 131.912506103515625 124.71875 122.21250152587890625 116.5437469482421875 102.6125030517578125 84.3874969482421875 67.34375 60.918750762939453125 56.875 54.012500762939453125 56.15000152587890625 54.56874847412109375 51.481250762939453125 49.268749237060546875 48.40000152587890625 48.52500152587890625 48.81874847412109375 50.299999237060546875 52.27500152587890625 54.15625 57.59999847412109375 61.13124847412109375 62.875 65.6687469482421875 66.8125 65.3562469482421875 62.88124847412109375 60.831249237060546875
279.399993896484375 277.11248779296875 271.256256103515625 264.90625 258.381256103515625 250.4812469482421875 240.931243896484375 230.78125 220.881256103515625 210.243743896484375 197.587493896484375 185.0437469482421875 171.868743896484375 160.3125 148.774993896484375 139.618743896484375 132.0749969482421875 123.55625152587890625 118.625 113.58750152587890625 101.47499847412109375 85.33750152587890625 66.7937469482421875 61.606250762939453125 58.8125 56.69374847412109375 58.125 57.168750762939453125 54.5 51.74375152587890625 50.018749237060546875 51.52500152587890625 54.16249847412109375 55.487499237060546875 56.418750762939453125 59.1875 61.90625 64.55625152587890625 66.7624969482421875 68.7062530517578125 69.63124847412109375 69.4499969482421875 66.96875 64.9250030517578125
