data/historical-monthly-weather-data/wc2.1_cruts4.09_10m_prec_1984-01.asc
ncols        51
nrows        45
xllcorner    -63.500000000000
yllcorner    -7.500000000000
cellsize     0.166666666667
NODATA_value -9999
[rows 0 to 19 of 45, columns 0 to 44 of 51]
154.024993896484375 156.3125 157.306243896484375 160.631256103515625 162.2937469482421875 168.462493896484375 172.587493896484375 173.475006103515625 173.2375030517578125 174.9812469482421875 178.0749969482421875 178.3874969482421875 176.7687530517578125 170.4499969482421875 164.475006103515625 160.4499969482421875 156.8125 150.7687530517578125 151.662506103515625 152.7375030517578125 156.8937530517578125 163.1687469482421875 168.962493896484375 170.600006103515625 173.381256103515625 174.28125 172.2687530517578125 170.274993896484375 168.7624969482421875 168.4375 168.8937530517578125 169.375 169.368743896484375 170.912506103515625 171.287506103515625 174.181243896484375 175.037506103515625 174.8000030517578125 175.243743896484375 175.2624969482421875 174.5625 174.037506103515625 172.6062469482421875 171.693756103515625 172.274993896484375
158.600006103515625 158.6750030517578125 159.649993896484375 161.2062530517578125 163.7312469482421875 169.8000030517578125 173.899993896484375 177.681243896484375 180.4250030517578125 183.1687469482421875 184.306243896484375 181.875 177.71875 173.506256103515625 167.274993896484375 161.6750030517578125 156.243743896484375 150.850006103515625 148.7375030517578125 149.0437469482421875 153.6062469482421875 158.8937530517578125 164.71875 168.837493896484375 171.399993896484375 173.2375030517578125 173.3937530517578125 172.7624969482421875 171.787506103515625 171.8312530517578125 171.0812530517578125 170.0749969482421875 171.0187530517578125 174.837493896484375 176.1125030517578125 177.1062469482421875 179.806243896484375 179.5999908447265625 179.0187530517578125 178.4375 178.006256103515625 177.162506103515625 174.600006103515625 173.28125 173.2687530517578125
165.287506103515625 165.618743896484375 165.90625 167.1750030517578125 169.5437469482421875 174.318756103515625 178.6687469482421875 183.274993896484375 186.3312530517578125 188.7062530517578125 188.912506103515625 185.037506103515625 180.618743896484375 174.912506103515625 168.1687469482421875 161.006256103515625 155.46875 151.0124969482421875 148.7937469482421875 150.600006103515625 155.8312530517578125 162.5 168.149993896484375 170.9562530517578125 172.78125 173.9812469482421875 175.21875 175.8312530517578125 174.9562530517578125 174.6125030517578125 175.443756103515625 175.743743896484375 177.96875 178.5749969482421875 181.0187530517578125 181.375 182.6999969482421875 182.9875030517578125 181.912506103515625 180.149993896484375 179.712493896484375 178.09375 175.7375030517578125 173.756256103515625 172.100006103515625
170.96875 171.787506103515625 173.78125 174.7375030517578125 177.662506103515625 177.943756103515625 181.8625030517578125 187.0500030517578125 191.3249969482421875 194.256256103515625 192.0437469482421875 186.399993896484375 180.6062469482421875 174.3125 167.649993896484375 160.2687530517578125 153.5625 148.756256103515625 148.556243896484375 153.431243896484375 160.9375 167.7062530517578125 171.068756103515625 173.568756103515625 174.875 175.5500030517578125 177.9562530517578125 177.9875030517578125 178.225006103515625 179.1750030517578125 180.46875 182.8249969482421875 184.0812530517578125 184.381256103515625 184.7125091552734375 185.8000030517578125 185.443756103515625 185.2624969482421875 184.1750030517578125 182.881256103515625 180.4375 179.256256103515625 176.806243896484375 173.6750030517578125 171.587493896484375
182.625 181.193756103515625 180.600006103515625 181.9187469482421875 183.6999969482421875 183.8000030517578125 184.4812469482421875 188.8000030517578125 194.524993896484375 198.0437469482421875 193.09375 186.306243896484375 180.8249969482421875 175.087493896484375 168.318756103515625 160.712493896484375 153.256256103515625 147.0749969482421875 149.993743896484375 158.40625 167.2312469482421875 172.8312530517578125 175.7937469482421875 176.6875 176.6875 177.899993896484375 178.6937408447265625 179.9250030517578125 183.4875030517578125 184.9250030517578125 186.9812469482421875 187.368743896484375 189.4187469482421875 190.5437469482421875 190.493743896484375 190.3625030517578125 190.1875 187.618743896484375 186.1437530517578125 184.0187530517578125 182.6437530517578125 180.2624969482421875 177.9187469482421875 174.0625 171.1999969482421875
192.75 192.725006103515625 192.0437469482421875 191.787506103515625 193.0500030517578125 193 193.756256103515625 196.1750030517578125 201.037506103515625 204.8625030517578125 198.9812469482421875 193.431243896484375 188.1374969482421875 183.225006103515625 176.381256103515625 171.256256103515625 163.875 157.5749969482421875 162.5124969482421875 171.024993896484375 177.625 181.25 184.21875 183.631256103515625 183.7375030517578125 184.5124969482421875 186.193756103515625 187.6374969482421875 190.9250030517578125 193.4749908447265625 194.7687530517578125 195.5437469482421875 195.118743896484375 195.975006103515625 197.53125 196.1999969482421875 194.712493896484375 192.25 190.3937530517578125 188.662506103515625 185.1062469482421875 182.850006103515625 179.5749969482421875 175.6687469482421875 172.568756103515625
203.149993896484375 203.9562530517578125 203.868743896484375 202.0625 201.225006103515625 198.8125 198.475006103515625 199.0749969482421875 200.4187469482421875 200.28125 199.8249969482421875 197.8249969482421875 196.100006103515625 193.0124969482421875 188.5625 185.399993896484375 182.5437469482421875 182.6750030517578125 186.8249969482421875 189.8625030517578125 189.475006103515625 190.8312530517578125 190.28125 189.8874969482421875 190.8249969482421875 191.068756103515625 193.193756103515625 195.6999969482421875 198.15625 200.3125 203.09375 203.943756103515625 202.493743896484375 201.6374969482421875 201.5187530517578125 200.9875030517578125 198.806243896484375 196.4875030517578125 195.756256103515625 192.09375 187.3125 184.412506103515625 180.912506103515625 176.9812469482421875 173.6062469482421875
215 213.6999969482421875 213.03125 212.0187530517578125 210.368743896484375 207.5500030517578125 203.8499908447265625 198.2062530517578125 194.0749969482421875 195.837493896484375 200.412506103515625 202.9250030517578125 204.412506103515625 202.5187530517578125 201.1374969482421875 200.337493896484375 201.4375 205.6999969482421875 212.318756103515625 208.756256103515625 201.618743896484375 198.78125 196.5187530517578125 196.46875 198.03125 198.087493896484375 199.850006103515625 202.4250030517578125 206.5187530517578125 209.087493896484375 210.412506103515625 211.4875030517578125 209.274993896484375 207.4812469482421875 206.193756103515625 204.8125 202.4937591552734375 199.8312530517578125 197.8625030517578125 194.8937530517578125 190.600006103515625 187.5 183.912506103515625 179.3937530517578125 176.9875030517578125
225.7375030517578125 224.3625030517578125 223.7312469482421875 221.4812469482421875 220.2312469482421875 215.8937530517578125 211.131256103515625 205.118743896484375 198.256256103515625 197.743743896484375 207.59375 213.5625 218.03125 217.9562530517578125 217.6437530517578125 217.443756103515625 218.662506103515625 222.7375030517578125 227.493743896484375 221.631256103515625 211.4187469482421875 207.53125 203.9812469482421875 205.943756103515625 206.850006103515625 206.2312469482421875 207.8625030517578125 209.21875 213.2687530517578125 216.3874969482421875 218.568756103515625 218.149993896484375 215.850006103515625 212.962493896484375 210.912506103515625 208.59375 206.756256103515625 203.9499969482421875 201.7062530517578125 198.806243896484375 194.193756103515625 190.875 188.8125 185.6875 183.056243896484375
236.3187408447265625 234.8937530517578125 232.7312469482421875 230.84375 229.84375 226.3499908447265625 221.975006103515625 218.03125 215.0437469482421875 217.568756103515625 224.506256103515625 230.337493896484375 234.5812530517578125 235.3000030517578125 234.8874969482421875 234.399993896484375 233.4375 233.162506103515625 231.631256103515625 226.40625 217.212493896484375 213.181243896484375 210.681243896484375 214.3562469482421875 213.875 212.125 213.4562530517578125 215.287506103515625 218.0749969482421875 221.09375 222.8625030517578125 223.1437530517578125 221.193756103515625 218.7375030517578125 216.5625 213.3312530517578125 210.556243896484375 207.8312530517578125 205.256256103515625 202.2312469482421875 198.9375 196.03125 193.7125091552734375 189.881256103515625 188.318756103515625
248.0812530517578125 246.7624969482421875 243.256256103515625 240.6999969482421875 238.7375030517578125 236.5625 233.993743896484375 233.6875 234.1125030517578125 238.125 246.0749969482421875 251.71875 253.193756103515625 252.5625 250.662506103515625 248.25 244.3937530517578125 239.7687530517578125 233.8125 226.7062530517578125 220.2375030517578125 216.118743896484375 216.350006103515625 218.4375 220.6125030517578125 217.306243896484375 217.725006103515625 219.443756103515625 221.756256103515625 223.1500091552734375 225.056243896484375 226.40625 225.1750030517578125 223.131256103515625 220.693756103515625 218.03125 214.7375030517578125 210.837493896484375 208.7687530517578125 206.2624969482421875 202.8937530517578125 199.212493896484375 196.9562530517578125 193.6374969482421875 192.3874969482421875
256.943756103515625 255.2062530517578125 252.28125 251.1437530517578125 249.9187469482421875 247.75 247.1125030517578125 250.3874969482421875 253.3625030517578125 258.0625 266.90625 275.03125 273.975006103515625 270.618743896484375 266.931243896484375 261.32501220703125 255.649993896484375 246.2937469482421875 237.8937530517578125 228.0187530517578125 219.9187469482421875 216.443756103515625 219.100006103515625 225.100006103515625 225.618743896484375 219.2624969482421875 219.34375 220.850006103515625 223.8000030517578125 226.774993896484375 228.931243896484375 229.9499969482421875 228.9812469482421875 227.087493896484375 224.9499969482421875 222.506256103515625 219.475006103515625 215.462493896484375 213.0625 210.7375030517578125 207.25 203.212493896484375 198.46875 193.681243896484375 190.84375
266.912506103515625 265.581268310546875 263.300018310546875 261.837493896484375 260.83123779296875 261.36248779296875 262.04998779296875 265.01873779296875 269.51251220703125 275.868743896484375 284.85626220703125 293.46875 292.943756103515625 285.65625 280.399993896484375 273.60626220703125 265.38751220703125 255.4875030517578125 244.6437530517578125 232.3249969482421875 218.2624969482421875 215.875 220.350006103515625 223.8625030517578125 219.5437469482421875 214.40625 218.3125 222.743743896484375 226.256256103515625 229.9812469482421875 232.59375 233.493743896484375 231.931243896484375 229.9499969482421875 227.868743896484375 225.568756103515625 222.3249969482421875 218.412506103515625 215.381256103515625 212.6999969482421875 209.9875030517578125 204.975006103515625 196.0812530517578125 187.7937469482421875 183.649993896484375
274.90625 274.493743896484375 272.54998779296875 271.568756103515625 271.5625 271.34375 273.368743896484375 279.087493896484375 284.399993896484375 291.324981689453125 297.85626220703125 304.09375 302.76873779296875 298.243743896484375 290.524993896484375 284.16876220703125 274.556243896484375 264.42498779296875 252.100006103515625 239.868743896484375 227.7375030517578125 223.068756103515625 221.7687530517578125 222.399993896484375 217.6687469482421875 214.774993896484375 219.0187530517578125 223.787506103515625 229.149993896484375 232.8874969482421875 235.756256103515625 236.899993896484375 234.71875 231.8000030517578125 230.068756103515625 227.4875030517578125 224.7312469482421875 221.662506103515625 217.462493896484375 213.03125 207.71875 197.1999969482421875 189.09375 183.78125 181.7375030517578125
281.78125 281.631256103515625 280.774993896484375 280.36248779296875 282 283.07501220703125 286.75 291.79376220703125 296.70001220703125 302 308.42498779296875 312.831268310546875 312.66876220703125 309.36248779296875 301.212493896484375 293.625 283.65625 271.73126220703125 260.131256103515625 249.875 238.96875 230.6687469482421875 226.681243896484375 224.8125 222.681243896484375 220.943756103515625 224.225006103515625 229.25 233.9562530517578125 238.350006103515625 240.5500030517578125 240.15625 238.6437530517578125 234.71875 231.868743896484375 228.4375 226.306243896484375 224.337493896484375 219.7375030517578125 209.743743896484375 197.631256103515625 189.9187469482421875 186.287506103515625 182.9187469482421875 179.306243896484375
287.225006103515625 286.9375 286.975006103515625 287.300018310546875 289.95623779296875 292.006256103515625 296.53125 301.506256103515625 305.45623779296875 311.25 317.399993896484375 321.743743896484375 322.399993896484375 319.600006103515625 312.29998779296875 300.975006103515625 291.556243896484375 279.931243896484375 267.787506103515625 258.08123779296875 249.25 240.506256103515625 234.087493896484375 231.037506103515625 228.4812469482421875 226.818756103515625 229.100006103515625 234.850006103515625 240.431243896484375 245.40625 247.4499969482421875 245.837493896484375 240.5500030517578125 235.600006103515625 231.3000030517578125 229.837493896484375 228.1999969482421875 225.3562469482421875 219.693756103515625 207.6062469482421875 192.3562469482421875 185.7062530517578125 183.71875 179.84375 176.868743896484375
290.26873779296875 290.693756103515625 290.51873779296875 292.13751220703125 296.212493896484375 299.08123779296875 304.431243896484375 309.57501220703125 313.774993896484375 318.61248779296875 325.318756103515625 330.850006103515625 332.056243896484375 329.693756103515625 322.64373779296875 311.787506103515625 295.89373779296875 283.806243896484375 274.03125 267.149993896484375 257.95001220703125 249.462493896484375 241.662506103515625 237.1062469482421875 235.0500030517578125 232.243743896484375 233.556243896484375 239.21875 246.5124969482421875 252.725006103515625 255.71875 253.2687530517578125 245.131256103515625 236.912506103515625 233.84375 232.5437469482421875 229.943756103515625 228.4499969482421875 226.0187530517578125 211.2624969482421875 196.024993896484375 187.7624969482421875 182.287506103515625 177.868743896484375 175.006256103515625
293.35626220703125 294.23126220703125 294.418731689453125 297.29998779296875 301.181243896484375 305.42498779296875 311.256256103515625 316.64373779296875 320.462493896484375 325.462493896484375 330.13751220703125 338.16876220703125 340.98748779296875 339.20623779296875 331.53125 318.6875 302.11248779296875 286.087493896484375 280.65625 274.98126220703125 267.36248779296875 258.13751220703125 249.243743896484375 243.9812469482421875 240.5500030517578125 238.037506103515625 237.53125 244.631256103515625 254.149993896484375 261.95623779296875 263.51873779296875 254.443756103515625 245 237.8312530517578125 232.881256103515625 231.056243896484375 231.1437530517578125 229.7687530517578125 224.46875 213.975006103515625 199.024993896484375 188.7687530517578125 182.006256103515625 177.2687530517578125 174.2624969482421875
292.962493896484375 294.6875 296.0625 300.475006103515625 305.774993896484375 310.76873779296875 315.29376220703125 321.975006103515625 326.29376220703125 330.98748779296875 335.04376220703125 340.67498779296875 345.96875 349.131256103515625 339.45623779296875 322.8125 304.15625 287.98748779296875 279.381256103515625 277.23748779296875 273.193756103515625 265.95623779296875 252.149993896484375 248.5500030517578125 245.337493896484375 243.78125 245.8249969482421875 251.068756103515625 260.79998779296875 269.381256103515625 271.86248779296875 259.07501220703125 245.7312469482421875 232.743743896484375 225.46875 226.412506103515625 228.368743896484375 226.899993896484375 223.6062469482421875 213.9812469482421875 200.78125 189.587493896484375 181.9187469482421875 177.287506103515625 173.975006103515625
291.475006103515625 293.57501220703125 295.800018310546875 299.493743896484375 306.125 313.58123779296875 319.40625 324.9375 328.899993896484375 333.04376220703125 335.931243896484375 341.85626220703125 350.98126220703125 359.412506103515625 344.63751220703125 320.806243896484375 299.493743896484375 288.29998779296875 281.38751220703125 278.631256103515625 272.162506103515625 262 253.5437469482421875 250.1125030517578125 248.0625 248.399993896484375 250.71875 256.368743896484375 262.087493896484375 266.5 266.29998779296875 255.90625 240.287506103515625 223.8312530517578125 214.212493896484375 217.21875 224.75 228.568756103515625 225.8249969482421875 217.0500030517578125 203.8000030517578125 190.743743896484375 183.7624969482421875 178.7062530517578125 174.8000030517578125
