data/historical-monthly-weather-data/wc2.1_cruts4.09_10m_prec_1972-03.asc
ncols        45
nrows        45
xllcorner    -63.500000000000
yllcorner    -7.500000000000
cellsize     0.166666666667
NODATA_value -9999
[rows 20 to 39 of 45, columns 0 to 43 of 45]
227.9499969482421875 236.53125 240.631256103515625 244.09375 247.9499969482421875 252.962493896484375 257.212493896484375 259.806243896484375 262.16876220703125 261.73748779296875 258.787506103515625 254.350006103515625 250.0625 246.875 235.9937591552734375 221.1875 208.149993896484375 199.868743896484375 194.65625 190.693756103515625 194.2062530517578125 198.8937530517578125 203.350006103515625 211.90625 221.693756103515625 232.0500030517578125 242.256256103515625 252.3312530517578125 262.1875 270.037506103515625 273.23748779296875 271.61248779296875 261.662506103515625 247.475006103515625 234.2937469482421875 257.73126220703125 290.368743896484375 312.45001220703125 327.25 336.587493896484375 342.42498779296875 344.506256103515625 344.38751220703125 344.8125
216.006256103515625 226.243743896484375 232.1999969482421875 236.4250030517578125 241.1374969482421875 247.743743896484375 253.568756103515625 258.04376220703125 260.899993896484375 258.20623779296875 251.3937530517578125 243.756256103515625 236.787506103515625 231.806243896484375 223.59375 213.5500030517578125 204.506256103515625 197.4124908447265625 191.850006103515625 187.443756103515625 188.3562469482421875 190.881256103515625 195.993743896484375 204.0124969482421875 214.087493896484375 226.087493896484375 239.3312530517578125 249.8249969482421875 259.625 266.98748779296875 269.64373779296875 268.493743896484375 261.07501220703125 252.7312469482421875 249.9812469482421875 266.60626220703125 293.024993896484375 314.46875 328.91876220703125 336.662506103515625 341.01251220703125 342.600006103515625 342.806243896484375 343.168731689453125
206.725006103515625 219.0625 224.9187469482421875 229.8312530517578125 234.625 241.1437530517578125 247.337493896484375 254.8312530517578125 260.26873779296875 254.256256103515625 243.96875 231.975006103515625 222.0187530517578125 217.2687530517578125 212.787506103515625 206.3874969482421875 199.212493896484375 193.287506103515625 187.8000030517578125 183.318756103515625 183.0749969482421875 183.4499969482421875 185.9875030517578125 193.6437530517578125 205.25 218.9375 233.1999969482421875 245.375 255.4250030517578125 262.40625 266.78125 270.0625 269.42498779296875 267.612518310546875 272.693756103515625 287.45623779296875 306.681243896484375 323.068756103515625 333.75 339.131256103515625 341.431243896484375 341.943756103515625 342.024993896484375 341.306243896484375
197.8874969482421875 209.631256103515625 216.412506103515625 222.4562530517578125 228.2624969482421875 234.5749969482421875 241.8937530517578125 249.4812469482421875 253.84375 246.631256103515625 235.1125030517578125 223.8937530517578125 211.9187469482421875 208.7375030517578125 206.84375 202.7375030517578125 197.556243896484375 192.399993896484375 186.1125030517578125 180.8249969482421875 179.0625 177.65625 178.2312469482421875 185.09375 195.118743896484375 208.25 223.2937469482421875 237.9250030517578125 250.5500030517578125 260.85626220703125 269.70001220703125 276.537506103515625 279.725006103515625 283.118743896484375 291.20001220703125 306.29998779296875 321.774993896484375 331.32501220703125 337.20001220703125 340.64373779296875 342.39373779296875 341.48748779296875 341 339.13751220703125
192.631256103515625 202.5749969482421875 208.306243896484375 215.181243896484375 222.78125 229.181243896484375 234.6437530517578125 239.75 241.5124969482421875 237.25 229.868743896484375 220.03125 212.4875030517578125 208.6687469482421875 205.056243896484375 201.868743896484375 197.2062530517578125 192.3874969482421875 186.4250030517578125 179.59375 175.40625 172.0500030517578125 170.225006103515625 174.5812530517578125 184.7062530517578125 199.8000030517578125 215.1125030517578125 232.368743896484375 247.274993896484375 261.96875 273.693756103515625 283.57501220703125 290.13751220703125 296.07501220703125 303.91876220703125 313.875 325.85626220703125 333.79376220703125 338.01873779296875 342.29376220703125 343.86248779296875 341.96875 338.98748779296875 338.993743896484375
190.6687469482421875 200.09375 204.0812530517578125 210.875 217.306243896484375 222.6125030517578125 227.0187530517578125 230.5812530517578125 231.131256103515625 228.46875 223.8125 218.350006103515625 213.568756103515625 209.78125 205.8937530517578125 202.9375 198.1687469482421875 193.7687530517578125 188.193756103515625 179.9375 174.787506103515625 168.243743896484375 162.787506103515625 164.131256103515625 175.3312530517578125 192.443756103515625 211.0187530517578125 228.681243896484375 246.0124969482421875 263.34375 278.524993896484375 292.29998779296875 301.15625 306.41876220703125 312.056243896484375 319.15625 327.79376220703125 334.462493896484375 339.25 342.83123779296875 344.881256103515625 341.65625 335.40625 333.806243896484375
194.8125 201.375 205.46875 210.1437530517578125 214.8125 218.9375 221.7312469482421875 223.8249969482421875 223.9250030517578125 222.8937530517578125 220.600006103515625 216.90625 213.443756103515625 210.556243896484375 207.7062530517578125 204.837493896484375 202.0124969482421875 197.46875 191.756256103515625 184.9187469482421875 177.912506103515625 169.962493896484375 161.0749969482421875 160.506256103515625 174.006256103515625 190.84375 210.1999969482421875 228.0500030517578125 246.2062530517578125 264.4375 281.756256103515625 298.89373779296875 309.65625 312.8125 316.08123779296875 322.28125 330.118743896484375 335.89373779296875 341.08123779296875 345.54998779296875 346.29376220703125 341.600006103515625 333.6875 329.67498779296875
200.368743896484375 205.2624969482421875 208.193756103515625 211.368743896484375 213.65625 216.0749969482421875 218.943756103515625 220.162506103515625 219.96875 219.350006103515625 217.3874969482421875 214.712493896484375 212.5500030517578125 210.6750030517578125 208.875 206.943756103515625 205.475006103515625 203.287506103515625 198.743743896484375 192.78125 185.8562469482421875 177.3874969482421875 171.506256103515625 172.1750030517578125 181.6125030517578125 195.756256103515625 213.3874969482421875 231.368743896484375 248.975006103515625 265.85626220703125 282.85626220703125 299.118743896484375 309.32501220703125 312.71875 316.243743896484375 322.774993896484375 328.88751220703125 335.89373779296875 342.41876220703125 349.04998779296875 353.537506103515625 347.26873779296875 335.34375 330.350006103515625
205.3125 209.21875 210.975006103515625 212.149993896484375 214.412506103515625 215.431243896484375 216.0500030517578125 216.725006103515625 216.7687530517578125 215.9375 215.087493896484375 213.40625 211.8312530517578125 211.068756103515625 211.1062469482421875 211.21875 211.9499969482421875 211.024993896484375 208.368743896484375 203.8000030517578125 197.1374969482421875 189.2937469482421875 184.6125030517578125 185.181243896484375 192.6875 203.28125 218.8312530517578125 235.8125 252.600006103515625 268.51873779296875 283.168731689453125 297.350006103515625 306.60626220703125 311.350006103515625 315.78125 322.381256103515625 327.881256103515625 334.83123779296875 341.962493896484375 348.41876220703125 356.98126220703125 350.568756103515625 338.90625 342.01873779296875
211.806243896484375 214.493743896484375 214.806243896484375 214.787506103515625 215.6875 214.84375 214.837493896484375 214.9187469482421875 214.993743896484375 214.2312469482421875 213.7937469482421875 213.787506103515625 214.03125 214.3249969482421875 215.118743896484375 216.0625 217.3125 220.006256103515625 218.837493896484375 212.899993896484375 206.193756103515625 199.6062469482421875 195.274993896484375 197.0749969482421875 203.162506103515625 212.774993896484375 227.024993896484375 242.118743896484375 257 270.48126220703125 283.51873779296875 295.024993896484375 303.26251220703125 310.256256103515625 315.962493896484375 321.79998779296875 327.11248779296875 334.34375 337.337493896484375 342.59375 350.79376220703125 353.07501220703125 350.293731689453125 358.63751220703125
216.7375030517578125 218.1125030517578125 217.375 217.131256103515625 217.3312530517578125 215.0437469482421875 214.743743896484375 214.024993896484375 213.6750030517578125 213.1687469482421875 213.21875 213.743743896484375 215.181243896484375 216.0124969482421875 217.774993896484375 220.0124969482421875 223.4562530517578125 226.9375 228.5 222.3125 215.506256103515625 208.587493896484375 205.1750030517578125 207.412506103515625 212.756256103515625 222.625 234.8312530517578125 247.743743896484375 261.60626220703125 272.975006103515625 284.09375 294.912506103515625 302.899993896484375 310.068756103515625 316.48748779296875 321.13751220703125 326.40625 333.743743896484375 334.54376220703125 332.287506103515625 341.631256103515625 353.13751220703125 360.381256103515625 370.068756103515625
220.037506103515625 220.40625 218.8562469482421875 217.875 217.65625 214.806243896484375 213.9499969482421875 212.2312469482421875 211.6687469482421875 211.34375 211.662506103515625 212.8312530517578125 214.506256103515625 217.1374969482421875 220.3249969482421875 223.7687530517578125 225.9812469482421875 229.212493896484375 230.774993896484375 227.6750030517578125 221.399993896484375 216.3249969482421875 212.556243896484375 215.0749969482421875 222.125 230.631256103515625 241 253.65625 265.11248779296875 275.53125 285.61248779296875 295.181243896484375 302.131256103515625 309.350006103515625 316.118743896484375 320.95623779296875 327.59375 333.6875 331.443756103515625 332.1875 344.768768310546875 360.493743896484375 372.26251220703125 387.931243896484375
222.618743896484375 222.787506103515625 220.4499969482421875 218.556243896484375 216.774993896484375 214.318756103515625 212.024993896484375 209.537506103515625 208.337493896484375 208.8562469482421875 211.5124969482421875 212.787506103515625 215.6437530517578125 220.4250030517578125 223.8312530517578125 226.8562469482421875 228.5749969482421875 231.8937530517578125 232.649993896484375 230.837493896484375 227.0437469482421875 222.625 218.75 222.0812530517578125 227.931243896484375 235.0437469482421875 244.71875 256.375 268.29998779296875 277.89373779296875 287.431243896484375 296.662506103515625 304.243743896484375 311.48748779296875 317.45001220703125 324.568756103515625 331.57501220703125 336.76251220703125 336.04998779296875 344.04376220703125 356.46875 371.443756103515625 386.475006103515625 403.899993896484375
224.818756103515625 224.524993896484375 222.5625 220.037506103515625 217.4499969482421875 213.662506103515625 210.09375 206.931243896484375 205.4499969482421875 205.9875030517578125 208.9187469482421875 212.8000030517578125 216.9875030517578125 221.15625 224.5187530517578125 228.4562530517578125 231.618743896484375 234.3937530517578125 234.28125 233.068756103515625 230.962493896484375 227.15625 224.506256103515625 226.568756103515625 231.4812469482421875 236.9812469482421875 246.975006103515625 257.90625 270.67498779296875 279.756256103515625 288.350006103515625 298.51251220703125 306.875 313.91876220703125 321.51251220703125 328.95001220703125 335.64373779296875 340.63751220703125 345.46875 354.537506103515625 364.92498779296875 379.48748779296875 397.756256103515625 416.850006103515625
227.1875 227 224.681243896484375 221.1999969482421875 216.725006103515625 212.618743896484375 207.8249969482421875 204.4812469482421875 201.8312530517578125 201.618743896484375 205.725006103515625 211.850006103515625 218.21875 223.2687530517578125 227.850006103515625 230.962493896484375 234.243743896484375 236.631256103515625 236.71875 235.681243896484375 234.4187469482421875 230.8312530517578125 228.131256103515625 229.431243896484375 233.7312469482421875 238.8937530517578125 248.087493896484375 259.631256103515625 271.125 280.95623779296875 290.850006103515625 301.131256103515625 309.256256103515625 317.09375 324.16876220703125 330.850006103515625 337.774993896484375 347.40625 354.23748779296875 362.23748779296875 371.975006103515625 384.09375 401.03125 419.806243896484375
231.225006103515625 229.493743896484375 225.850006103515625 221.3874969482421875 216.368743896484375 211.4499969482421875 206.8562469482421875 201.868743896484375 197.8125 197.4250030517578125 201.818756103515625 209.78125 219.21875 226.78125 231.431243896484375 235.162506103515625 237.693756103515625 239.7375030517578125 240.7312469482421875 240.6125030517578125 238.8249969482421875 234.9812469482421875 231.5749969482421875 233.006256103515625 236.3937530517578125 240.6875 249.53125 260.975006103515625 272.375 282.34375 293.368743896484375 303.79376220703125 311.056243896484375 319.70623779296875 326.78125 332.86248779296875 341.98126220703125 351.35626220703125 356.412506103515625 364.725006103515625 374.79376220703125 385.38751220703125 398.225006103515625 415.64373779296875
234.537506103515625 232.037506103515625 227.618743896484375 222.037506103515625 216.774993896484375 212.1312408447265625 206.8874969482421875 201.4812469482421875 195.756256103515625 192.149993896484375 198.837493896484375 212.1687469482421875 223.1999969482421875 230.556243896484375 235.868743896484375 238.931243896484375 240.818756103515625 242.59375 244.09375 242.8312530517578125 241.225006103515625 237.4375 234.2375030517578125 234.399993896484375 236.9250030517578125 240.993743896484375 249.7687530517578125 261.725006103515625 272.837493896484375 283.90625 295.181243896484375 305.98126220703125 314.61248779296875 323.475006103515625 330.20001220703125 337.26873779296875 346.14373779296875 355.26251220703125 360.243743896484375 365.306243896484375 372.70001220703125 381.787506103515625 393.368743896484375 407.806243896484375
237.931243896484375 235.09375 229.5500030517578125 223.631256103515625 218.59375 214.4187469482421875 209.587493896484375 203.7937469482421875 199.1750030517578125 194.131256103515625 206.7687530517578125 221.40625 229.931243896484375 236.4875030517578125 240.2375030517578125 243.006256103515625 243.537506103515625 244.7062530517578125 245.1125030517578125 243.125 240.193756103515625 236.8312530517578125 234.975006103515625 234.662506103515625 236.8562469482421875 241.0812530517578125 249.6437530517578125 261.98748779296875 273.725006103515625 285.20623779296875 296.25 307.26873779296875 316.36248779296875 325.90625 332.318756103515625 340.60626220703125 348.993743896484375 355.649993896484375 361.350006103515625 366.63751220703125 370.40625 378.818756103515625 386.756256103515625 394.568756103515625
238.3249969482421875 236.537506103515625 231.931243896484375 226.662506103515625 222.0500030517578125 217.7624969482421875 214.625 210.899993896484375 210.681243896484375 216.65625 231.181243896484375 236.337493896484375 239.3562469482421875 243.287506103515625 246.28125 248.0812530517578125 248.037506103515625 247.6875 246.25 242.9499969482421875 238.568756103515625 235.1750030517578125 233.3874969482421875 233.881256103515625 236.5625 241.46875 250.443756103515625 261.787506103515625 273.60626220703125 285.26251220703125 297.41876220703125 307.65625 315.993743896484375 325.63751220703125 335.475006103515625 341.837493896484375 348.28125 355.537506103515625 358.806243896484375 361.45623779296875 364.32501220703125 371.98126220703125 377.649993896484375 384.475006103515625
238.7687530517578125 238.506256103515625 234.681243896484375 229.6374969482421875 226.0500030517578125 223.993743896484375 221.1875 220.9187469482421875 223.443756103515625 229.337493896484375 237.818756103515625 244.256256103515625 248.0124969482421875 250.556243896484375 253.2937469482421875 254.1374969482421875 253.4250030517578125 251.3312530517578125 247.4499969482421875 243.2312469482421875 237.5749969482421875 233.5749969482421875 230.618743896484375 231.368743896484375 235.46875 241.125 249.71875 261.29376220703125 272.78125 284.100006103515625 295.162506103515625 308.118743896484375 319.20001220703125 327.98748779296875 337.23126220703125 343.61248779296875 347.868743896484375 353.17498779296875 356.649993896484375 356.20623779296875 356.86248779296875 363.006256103515625 367.537506103515625 372.131256103515625
