data/historical-monthly-weather-data/wc2.1_cruts4.09_10m_prec_1956-09.asc
ncols        45
nrows        45
xllcorner    -63.500000000000
yllcorner    -7.500000000000
cellsize     0.166666666667
NODATA_value -9999
[rows 0 to 18 of 45, columns 0 to 42 of 45]
201.9562530517578125 202.787506103515625 203.243743896484375 207.03125 207.6875 205.1875 197.3249969482421875 187.4875030517578125 179.5124969482421875 172.274993896484375 167.46875 163.8000030517578125 160.0500030517578125 154.368743896484375 149.850006103515625 144.40625 140.649993896484375 135.3874969482421875 131.5812530517578125 126.8000030517578125 122.8125 117.0187530517578125 112.375 107.8249969482421875 102.9375 99.96250152587890625 98.4187469482421875 96.9562530517578125 93.9562530517578125 89.75 84.63124847412109375 80.65625 78.8937530517578125 75.8937530517578125 73.93125152587890625 74.4250030517578125 76.19374847412109375 77.8937530517578125 79.34999847412109375 81.0812530517578125 83.05625152587890625 84.7062530517578125 85.40000152587890625
192.431243896484375 192.225006103515625 196.212493896484375 203.46875 211.100006103515625 203.9499969482421875 193.8000030517578125 187.40625 179.15625 170.993743896484375 164.9812469482421875 159.743743896484375 154.756256103515625 147.681243896484375 142.681243896484375 138.375 133.3125 128.9562530517578125 124.93125152587890625 120.7312469482421875 115.84999847412109375 111.74375152587890625 106.90000152587890625 102.8874969482421875 97.2937469482421875 93.80625152587890625 93.03749847412109375 92.21250152587890625 88.9375 84.36875152587890625 79.28749847412109375 75.6750030517578125 73.59375 72.2375030517578125 71.0437469482421875 72.1875 74.5187530517578125 77.08750152587890625 78.6687469482421875 80.55625152587890625 82.8249969482421875 84.6875 86.22499847412109375
176.3874969482421875 177.9812469482421875 180.899993896484375 187.100006103515625 192.25 189.006256103515625 181.8562469482421875 175.756256103515625 169.350006103515625 162.5 156.75 151.306243896484375 146.2687530517578125 139.2375030517578125 133.756256103515625 130.056243896484375 125.08750152587890625 120.84999847412109375 116.68125152587890625 112.63124847412109375 107.50624847412109375 102.46250152587890625 97.875 93.84375 88.6125030517578125 84.46875 85.1750030517578125 84.3000030517578125 82.0124969482421875 77.65625 72.68125152587890625 69.2937469482421875 68.6999969482421875 67.84999847412109375 67.33750152587890625 68.77500152587890625 71.55625152587890625 74.8249969482421875 77.1687469482421875 79.7937469482421875 82.65625 84.18125152587890625 86.21250152587890625
157.568756103515625 159.3125 165.649993896484375 167.600006103515625 169.568756103515625 168.09375 165.1687469482421875 163.475006103515625 159.2062530517578125 154.0500030517578125 147.975006103515625 142.5749969482421875 135.806243896484375 130.0124969482421875 125.0437469482421875 121.1750030517578125 117.18125152587890625 112.96250152587890625 109.6999969482421875 106.05625152587890625 100.34375 93.6374969482421875 87.6999969482421875 83.5500030517578125 78.13124847412109375 74.44374847412109375 74.875 73.8625030517578125 72.9499969482421875 69.77500152587890625 66.125 62.72499847412109375 62.06874847412109375 61.77500152587890625 61.53125 64.9187469482421875 68.8625030517578125 72.5625 75.7937469482421875 78.3874969482421875 81.06874847412109375 82.65625 84.53125
155.4875030517578125 151.875 147.899993896484375 147.5124969482421875 150.375 150.725006103515625 149.375 149.3125 147.693756103515625 143.6750030517578125 138.287506103515625 131.65625 126.2687530517578125 122.1750030517578125 117.83750152587890625 113.97499847412109375 109.8562469482421875 105.3937530517578125 101.6687469482421875 97.16249847412109375 91.91249847412109375 83.75624847412109375 77.88750457763671875 73.46250152587890625 68.28749847412109375 64.6125030517578125 64.3562469482421875 64.80625152587890625 64.5187530517578125 61.575000762939453125 58.78749847412109375 55.6875 55.237499237060546875 55.768749237060546875 56.6875 60.08750152587890625 64.4187469482421875 69.25624847412109375 73.1750030517578125 76.39374542236328125 79.3625030517578125 80.6687469482421875 81.96250152587890625
151.6125030517578125 146.443756103515625 139.5124969482421875 131.631256103515625 134.0437469482421875 138.8874969482421875 139.4375 138.2937469482421875 136.7937469482421875 134.649993896484375 129.475006103515625 123.5 119.0812530517578125 115.8625030517578125 111.49375152587890625 108.59999847412109375 104.81874847412109375 99.21875 94.44374847412109375 89.77500152587890625 82.94374847412109375 75.4875030517578125 69.2312469482421875 64.4187469482421875 60.22499847412109375 56.543750762939453125 56.512500762939453125 57.55625152587890625 57.4375 54.831249237060546875 52.450000762939453125 51.25624847412109375 51.13124847412109375 51.65000152587890625 52.5 56.69374847412109375 61.21875 66.75 71.4375 74.8874969482421875 76.03125 77.3312530517578125 78.65000152587890625
149.625 144.056243896484375 136.4812469482421875 128.3125 125.5437469482421875 125.46875 126.9375 127.0749969482421875 124.74375152587890625 121.625 118.55625152587890625 114.7687530517578125 111.9499969482421875 109.0625 105.75624847412109375 103.2062530517578125 99.9499969482421875 94.4812469482421875 88.2062530517578125 81.84999847412109375 74.36875152587890625 67.0749969482421875 60.174999237060546875 55.700000762939453125 52.24375152587890625 49.28749847412109375 49.6875 50.84375 50.731250762939453125 48.5 46.856250762939453125 45.58750152587890625 46.143749237060546875 47.25624847412109375 48.581249237060546875 52.22499847412109375 56.893749237060546875 63.174999237060546875 69.2687530517578125 71.46250152587890625 72.4499969482421875 72.9250030517578125 74.2062530517578125
148.1437530517578125 141.5749969482421875 133.881256103515625 128.0812530517578125 124.6437530517578125 124.03749847412109375 120.8249969482421875 115.1062469482421875 110.6374969482421875 108.71250152587890625 108.0500030517578125 106.3000030517578125 104.75624847412109375 102.49375152587890625 100.5124969482421875 97.28125 94.1687469482421875 88.59375 81.80625152587890625 73.4875030517578125 66.21875 58.818752288818359375 52.174999237060546875 47.8125 44.52500152587890625 42 42.5 43.518749237060546875 44.143749237060546875 42.581249237060546875 41.41249847412109375 40.543750762939453125 41.293750762939453125 42.83750152587890625 43.96875 47.40000152587890625 51.762500762939453125 57.018749237060546875 61.40000152587890625 64.0500030517578125 65.20624542236328125 65.6062469482421875 66.9187469482421875
147.7624969482421875 141.556243896484375 134.96875 128.993743896484375 124.8937530517578125 122.53125 119.00624847412109375 113.21875 106.99375152587890625 102.21250152587890625 101.5812530517578125 100.51250457763671875 100.6750030517578125 98.58750152587890625 95.71250152587890625 91.8937530517578125 87.96875 82.1999969482421875 75.94374847412109375 67.6750030517578125 59.768749237060546875 52.987499237060546875 45.88124847412109375 42.424999237060546875 39.043750762939453125 36.46250152587890625 37.137500762939453125 38.575000762939453125 39.78125 38.69374847412109375 38.28125 37 37.15625 37.737499237060546875 38.893749237060546875 42.59375 46.700000762939453125 50.706249237060546875 53.737499237060546875 56.049999237060546875 57.22499847412109375 57.43125152587890625 58.59999847412109375
145.6374969482421875 139.6875 133.71875 128 124.53125 121.96250152587890625 118.125 111.86875152587890625 106.5625 102.41249847412109375 99.72499847412109375 97.5187530517578125 97.0500030517578125 95.93125152587890625 91.15000152587890625 86.7687530517578125 81.18125152587890625 75.19374847412109375 69.03125 62.106250762939453125 54.59375 47.206249237060546875 40.33750152587890625 36.8125 33.424999237060546875 31.131250381469726562 32.13124847412109375 33.68125152587890625 35.075000762939453125 34.93125152587890625 34.21875 33.262500762939453125 33.3125 34.049999237060546875 35.0625 38.075000762939453125 41.69374847412109375 44.887500762939453125 46.80625152587890625 48.606250762939453125 49.63124847412109375 50.08750152587890625 49.606250762939453125
145.46875 139.09375 133.274993896484375 127.4375 123.38124847412109375 121.6125030517578125 117.78749847412109375 110.0625 104.27500152587890625 100.43125152587890625 97.9812469482421875 96.3249969482421875 94.30625152587890625 91.91249847412109375 85.8625030517578125 79.9875030517578125 73.3937530517578125 67.53749847412109375 61.71875 55.768749237060546875 49.61875152587890625 42.549999237060546875 35.75624847412109375 31.068750381469726562 28.450000762939453125 27.200000762939453125 28.443750381469726562 29.725000381469726562 30.768749237060546875 30.893749237060546875 30.712499618530273438 30.137500762939453125 30.243749618530273438 30.643749237060546875 31.4375 33.84375 36.674999237060546875 39.143749237060546875 41.112499237060546875 42.02500152587890625 42.28125 42.1875 42.53749847412109375
144.1999969482421875 137.84375 132.1875 127.41249847412109375 123.16249847412109375 120.81874847412109375 117.58750152587890625 110.1687469482421875 103.6374969482421875 98.94374847412109375 96.3249969482421875 94.02500152587890625 89.47499847412109375 85.00624847412109375 79.84375 73.5187530517578125 67.34375 61.19374847412109375 55.84999847412109375 51.237499237060546875 46.13124847412109375 39.30625152587890625 32.512500762939453125 27.950000762939453125 25.337499618530273438 23.975000381469726562 25.125 26.487499237060546875 27.40625 27.78125 27.75 27.4375 27.524999618530273438 28.03125 29 31.0625 33.262500762939453125 35.293750762939453125 35.99375152587890625 36.043750762939453125 35.78749847412109375 35.268749237060546875 35.450000762939453125
141.8874969482421875 135.5749969482421875 129.6437530517578125 123.9250030517578125 119.02500152587890625 116.1687469482421875 111.9499969482421875 105.40000152587890625 100.75624847412109375 96.91249847412109375 93.52500152587890625 90.15000152587890625 85.0124969482421875 77.71875 71.5437469482421875 66.27500152587890625 60.52500152587890625 55.16249847412109375 50.43125152587890625 46.068752288818359375 41.53125 35.53749847412109375 29.206249237060546875 25.387500762939453125 22.412500381469726562 21.018749237060546875 22.4375 23.987499237060546875 25.106250762939453125 25.456249237060546875 25.243749618530273438 24.975000381469726562 25.168750762939453125 25.274999618530273438 26 28.09375 30.706249237060546875 32.862499237060546875 33.91249847412109375 32.63124847412109375 30.975000381469726562 30.8125 30.368749618530273438
138.431243896484375 131.78125 125.00624847412109375 118.97499847412109375 114.09375 109.84999847412109375 105.125 100.1750030517578125 96.1999969482421875 93.2624969482421875 89.3249969482421875 83.43125152587890625 77.49375152587890625 70.375 63.13124847412109375 58.56874847412109375 53.450000762939453125 48.5 43.918750762939453125 40.05625152587890625 35.768749237060546875 30.381250381469726562 25.28125 22.837499618530273438 20.606250762939453125 19.237499237060546875 20.493749618530273438 21.837499618530273438 22.75 23.212499618530273438 23.5625 23.237499237060546875 23.112499237060546875 23.0625 23.743749618530273438 26.237501144409179688 29.356250762939453125 32.66249847412109375 34.262500762939453125 33.74375152587890625 29.78125 27.118749618530273438 26.668750762939453125
134.0187530517578125 126.6437530517578125 119.6062469482421875 113.58750152587890625 108.6125030517578125 102.78125 98.8249969482421875 93.8312530517578125 90 87.6687469482421875 83.09999847412109375 76.5749969482421875 69.8249969482421875 62.774997711181640625 55.481250762939453125 50.31874847412109375 46.049999237060546875 42.16249847412109375 37.981250762939453125 34.643749237060546875 31.043750762939453125 26.818750381469726562 22.868749618530273438 21.524999618530273438 20.506250381469726562 19.618749618530273438 20.612499237060546875 21.418750762939453125 21.9375 22.4375 22.206249237060546875 21.887500762939453125 21.893749237060546875 21.662500381469726562 21.668750762939453125 24.600000381469726562 29.28125 34.78749847412109375 38.356250762939453125 37.768749237060546875 34.86875152587890625 31.393751144409179688 29.90625
128.3312530517578125 120.6875 114.3249969482421875 108.09375 102.03125 97.3562469482421875 92.78749847412109375 87.7312469482421875 84.5437469482421875 82.15625 77.5 70.08750152587890625 62.737499237060546875 55.81874847412109375 49.112499237060546875 43.18125152587890625 39.21875 36.33750152587890625 32.84999847412109375 30.112499237060546875 26.899999618530273438 23.787500381469726562 21.043750762939453125 20.806249618530273438 20.543750762939453125 19.912500381469726562 20.643749237060546875 21.387500762939453125 21.887500762939453125 22.149999618530273438 22.399999618530273438 21.787500381469726562 21.25 21.106250762939453125 20.65625 24.543750762939453125 30.706251144409179688 36.793750762939453125 42.3125 43.431247711181640625 42.362499237060546875 37.581249237060546875 33.18125152587890625
121.05625152587890625 114.2062530517578125 108.5187530517578125 102.53749847412109375 96.33750152587890625 91.9187469482421875 87.2937469482421875 82.80625152587890625 79.5187530517578125 76.4499969482421875 72.3000030517578125 64.56874847412109375 56.512500762939453125 49.33750152587890625 43.90625 38.66249847412109375 33.61875152587890625 30.862499237060546875 28.450000762939453125 26.037500381469726562 23.287500381469726562 20.899999618530273438 19.225000381469726562 20.081249237060546875 20.668750762939453125 20.0625 20.743749618530273438 21.456249237060546875 21.993749618530273438 22.506250381469726562 23.28125 23.706249237060546875 22.868749618530273438 22.34375 23.65625 27.21875 32.762500762939453125 41.40000152587890625 50.28125 49.206249237060546875 45.49375152587890625 39.94374847412109375 34.1875
113.65000152587890625 107.3625030517578125 100.90625 94.9875030517578125 89.6437530517578125 85.2937469482421875 80.3312530517578125 75.52500152587890625 72.875 69.66249847412109375 65.75 58.581249237060546875 51.00624847412109375 44.34999847412109375 39.1875 34.606250762939453125 30.081249237060546875 26.225000381469726562 24.456249237060546875 22.206249237060546875 20.28125 18.40625 17.424999237060546875 18.931249618530273438 20.225000381469726562 20.168750762939453125 21.243749618530273438 22.056249618530273438 22.487499237060546875 22.799999237060546875 23.399999618530273438 23.90625 25.587499618530273438 27.193750381469726562 27.543750762939453125 29.375 35.918750762939453125 43.81874847412109375 49.268749237060546875 49.21250152587890625 44.11875152587890625 38.78125 34.02500152587890625
106.1750030517578125 99.7375030517578125 93.24375152587890625 87.84999847412109375 82.3000030517578125 78.0812530517578125 73.1999969482421875 69.1125030517578125 66.50624847412109375 63.65625 59.950000762939453125 53.049999237060546875 45.887500762939453125 39.84999847412109375 34.831249237060546875 30.90625 27.03125 23.262498855590820312 20.712499618530273438 18.743749618530273438 17.75 17.362499237060546875 15.543749809265136719 17.212499618530273438 19.075000762939453125 20.424999237060546875 22.018749237060546875 22.868749618530273438 23.881250381469726562 24.081249237060546875 24.34375 26.737499237060546875 30.649999618530273438 32.456249237060546875 33.5 35.612499237060546875 39.40000152587890625 43.356250762939453125 45.924999237060546875 45.00624847412109375 41.13124847412109375 36.97499847412109375 33.581249237060546875
