data/historical-monthly-weather-data/wc2.1_cruts4.09_10m_prec_2006-11.asc
ncols        51
nrows        45
xllcorner    -63.500000000000
yllcorner    -7.500000000000
cellsize     0.166666666667
NODATA_value -9999
[rows 0 to 19 of 45, columns 0 to 43 of 51]
119.6125030517578125 112.69374847412109375 107.40000152587890625 105.1125030517578125 103.11875152587890625 104.96250152587890625 106.5500030517578125 108.40000152587890625 112.125 115.5 118.9875030517578125 121.7687530517578125 124.72499847412109375 125.59375 126.96250152587890625 127.71250152587890625 128.399993896484375 126.36875152587890625 124.375 123.02500152587890625 121.5187530517578125 119.86875152587890625 118.8249969482421875 116.93125152587890625 115.68125152587890625 114.91249847412109375 114.8937530517578125 114.9375 115.19374847412109375 119.06874847412109375 123.98125457763671875 129.837493896484375 136.1374969482421875 143.59375 150.5500030517578125 156.899993896484375 163.5812530517578125 169.3000030517578125 171.881256103515625 174.1999969482421875 174.756256103515625 174.53125 172.024993896484375 169.181243896484375
126.83124542236328125 118.13124847412109375 113.18125152587890625 110.3125 108.90000152587890625 110.90625 112.6374969482421875 116.00624847412109375 120.6125030517578125 124.5625 128.506256103515625 130.90625 132.84375 134.212493896484375 134.462493896484375 135.556243896484375 135.2062530517578125 133.537506103515625 131.412506103515625 130.037506103515625 128.212493896484375 126.3874969482421875 125.40625 124.74375152587890625 122.78749847412109375 121.6750030517578125 121.46875 120.71875 120.875 125.9375 132.4875030517578125 139.9187469482421875 145.8562469482421875 154.9562530517578125 163.3937530517578125 170.875 178.8874969482421875 186.0187530517578125 188.7624969482421875 191.399993896484375 193.274993896484375 192.243743896484375 190.3625030517578125 185.5749969482421875
140.743743896484375 132.837493896484375 128.037506103515625 124.8125 123.88124847412109375 125.4875030517578125 128.6875 131.962493896484375 137.2375030517578125 141.15625 143.6687469482421875 144.524993896484375 145.2874908447265625 145.181243896484375 144.28125 143.693756103515625 143.1687469482421875 141.8000030517578125 139.4375 138.1062469482421875 136.9562530517578125 135.6875 135.1999969482421875 135.162506103515625 134.024993896484375 132.7062530517578125 131.625 130.350006103515625 129.256256103515625 133.65625 140.8937530517578125 147.931243896484375 156.6687469482421875 165.931243896484375 175.881256103515625 183.71875 192.4499969482421875 202.506256103515625 206.3625030517578125 210.1750030517578125 212.287506103515625 209.875 207.0625 202.649993896484375
152.975006103515625 145.587493896484375 143.09375 140.256256103515625 140.0625 141.806243896484375 144.693756103515625 149.2375030517578125 155.7624969482421875 160.1687469482421875 161 159.493743896484375 158.1374969482421875 156.243743896484375 154.350006103515625 152.868743896484375 151.881256103515625 149.975006103515625 148.225006103515625 147.9187469482421875 147.65625 146.837493896484375 145.912506103515625 145.75 145.212493896484375 144.381256103515625 142.46875 138.881256103515625 137.4250030517578125 142.306243896484375 148.8625030517578125 156.4812469482421875 164.631256103515625 174.75 185.4250030517578125 196.806243896484375 208.1374969482421875 219.09375 224.537506103515625 228.881256103515625 229.8312530517578125 228.368743896484375 223.2624969482421875 217.6750030517578125
169.462493896484375 160.3625030517578125 153.5 152.6125030517578125 154.875 157.2937469482421875 160.46875 166.024993896484375 174.506256103515625 180.493743896484375 177.8249969482421875 172.3937530517578125 169.087493896484375 166.6125030517578125 163.943756103515625 162.1875 160.25 159.149993896484375 157.600006103515625 156.3625030517578125 158.037506103515625 157.850006103515625 157.556243896484375 158.475006103515625 156.7375030517578125 155.5187530517578125 150.625 147.3562469482421875 145.8000030517578125 149.0625 155.0749969482421875 162.5 171.756256103515625 183.1687469482421875 195.475006103515625 208.256256103515625 221.6312408447265625 235.0124969482421875 242.818756103515625 245.537506103515625 247.6687469482421875 243.75 238.5437469482421875 232.649993896484375
182.9812469482421875 174.9187469482421875 167.7937469482421875 161.71875 165.3125 170.9562530517578125 175.368743896484375 180.087493896484375 187.681243896484375 194.087493896484375 189.3249969482421875 182.6875 179.0625 175.8125 172.3125 169.4812469482421875 167.6999969482421875 167.350006103515625 167.4375 166.4375 167.993743896484375 169.1750030517578125 169.3625030517578125 168.631256103515625 167.7624969482421875 165.375 159.9250030517578125 155.09375 152.3125 154.556243896484375 158.6062469482421875 167.03125 176 188.149993896484375 200.4562530517578125 214.6999969482421875 229.125 243.912506103515625 253.6437530517578125 257.787506103515625 255.28125 251.443756103515625 245.8937530517578125 240.6999969482421875
198.3874969482421875 192.818756103515625 185.493743896484375 178.8312530517578125 178.618743896484375 181.399993896484375 185.399993896484375 188.993743896484375 191.9499969482421875 192.2375030517578125 191.9250030517578125 188.4375 186.2375030517578125 183.34375 180.537506103515625 178.024993896484375 175.9187469482421875 176.0812530517578125 175.8562469482421875 177.6999969482421875 179.78125 181.162506103515625 181.756256103515625 180.2062530517578125 178.506256103515625 176.443756103515625 169.3562469482421875 162.5625 156.8125 158.34375 162.4250030517578125 169.037506103515625 178.743743896484375 191.28125 204.9312591552734375 218.337493896484375 232.212493896484375 248.1062469482421875 262.318756103515625 265.45623779296875 260.98748779296875 256.006256103515625 250.5500030517578125 244.96875
215.912506103515625 210.4812469482421875 204.256256103515625 200.368743896484375 199.431243896484375 198.8249969482421875 196.3312530517578125 191.943756103515625 187.84375 187.337493896484375 191.556243896484375 192.375 191.787506103515625 189.8312530517578125 187.8249969482421875 186.274993896484375 184.162506103515625 184.806243896484375 186.087493896484375 187.9124908447265625 192.5124969482421875 195.0875091552734375 194.8562469482421875 192.712493896484375 191.3562469482421875 185.9875030517578125 176.943756103515625 167.90625 161.53125 160.9187469482421875 163.649993896484375 170.53125 180.431243896484375 192.506256103515625 206.1750030517578125 218.443756103515625 232.8937530517578125 246.6125030517578125 256.037506103515625 259.29376220703125 257.07501220703125 252.875 247.6999969482421875 242.024993896484375
230.2687530517578125 226.681243896484375 222.524993896484375 219.1750030517578125 217.21875 214.600006103515625 209.962493896484375 202.681243896484375 191.318756103515625 185.8625030517578125 191.868743896484375 194.59375 195.631256103515625 194.5500030517578125 194.431243896484375 193.96875 193.1999969482421875 195.443756103515625 199.962493896484375 202.3499908447265625 204.899993896484375 207.931243896484375 206.850006103515625 206.037506103515625 202.25 194.96875 183.3312530517578125 173.443756103515625 165.631256103515625 161.931243896484375 163.975006103515625 170.78125 178.7375030517578125 188.90625 200.462493896484375 212.5500030517578125 225.087493896484375 236.6437530517578125 243.587493896484375 248.006256103515625 247.056243896484375 242.7312469482421875 239.337493896484375 234.8312530517578125
245.3000030517578125 241.725006103515625 238.4875030517578125 236.212493896484375 235.006256103515625 232.6374969482421875 226.1687469482421875 216.881256103515625 207.243743896484375 202.131256103515625 202.087493896484375 200.5500030517578125 201.068756103515625 199.725006103515625 200.506256103515625 201.774993896484375 202.8312530517578125 207.587493896484375 213.125 218.649993896484375 221.7312469482421875 223.46875 220.962493896484375 218.131256103515625 211.53125 203.587493896484375 191.818756103515625 179.475006103515625 169.5124969482421875 163.100006103515625 163.5187530517578125 168.75 175.8937530517578125 185.3625030517578125 195.850006103515625 206.712493896484375 218.1999969482421875 226.9375 232.9812469482421875 236.90625 237.6999969482421875 234.600006103515625 230.1750030517578125 224.6687469482421875
260.9375 258.13751220703125 254.743743896484375 252.84375 251.850006103515625 251.5875091552734375 245.568756103515625 234.2624969482421875 224.068756103515625 217.274993896484375 214.8937530517578125 211.0749969482421875 208.3125 205.787506103515625 206.600006103515625 208.4187469482421875 211.4250030517578125 218.28125 226.21875 235.0749969482421875 243.618743896484375 243.90625 237.96875 227.993743896484375 221.506256103515625 214.8874969482421875 202.1687469482421875 188.9562530517578125 176.225006103515625 167.975006103515625 166.7062530517578125 169.6875 176.2375030517578125 184.100006103515625 192.118743896484375 200.350006103515625 208.993743896484375 216.881256103515625 224.256256103515625 228.274993896484375 228.818756103515625 226.568756103515625 223.09375 218.4875030517578125
272.399993896484375 269.66876220703125 266.48126220703125 266.04998779296875 265.48126220703125 265.350006103515625 260.875 248.96875 237.943756103515625 229.8874969482421875 224.743743896484375 220.9187469482421875 215.587493896484375 212.5812530517578125 213.568756103515625 215.618743896484375 219.431243896484375 226.9375 237.2312469482421875 250.1999969482421875 262.8125 263.712493896484375 254.9375 240.743743896484375 230.28125 221.5749969482421875 207.7937469482421875 194.618743896484375 183.712493896484375 174.850006103515625 170.350006103515625 169.7624969482421875 173.78125 179.4875030517578125 186.662506103515625 193.837493896484375 200.8625030517578125 208.4562530517578125 214.6125030517578125 219.131256103515625 221.381256103515625 219.118743896484375 215.899993896484375 212.0437469482421875
282.89373779296875 281.11248779296875 278.3125 276.375 274.59375 273.42498779296875 267.95001220703125 258.318756103515625 247.818756103515625 239.8874969482421875 233.306243896484375 229.8312530517578125 224.899993896484375 217.975006103515625 217.6687469482421875 220.0812530517578125 224.537506103515625 234.7312469482421875 246.4375 260.118743896484375 275.85626220703125 277.76873779296875 267.53125 253.7375030517578125 238.9875030517578125 226.8249969482421875 215.0124969482421875 201.6750030517578125 190.681243896484375 181.21875 174.493743896484375 170.8249969482421875 171.462493896484375 174.7624969482421875 180.2312469482421875 186.3125 192.65625 199.212493896484375 206.337493896484375 209.568756103515625 213.40625 212.6374969482421875 207.181243896484375 195.15625
292.98748779296875 289.59375 286.61248779296875 284.04998779296875 281.962493896484375 278.3125 272.962493896484375 265.57501220703125 257.11248779296875 248.2375030517578125 240.6687469482421875 234.5812530517578125 229.6999969482421875 223.4812469482421875 218.9875030517578125 221.1750030517578125 226.625 236.8312530517578125 248.4499969482421875 260.743743896484375 273.98748779296875 277.787506103515625 272.493743896484375 260.381256103515625 247.7687530517578125 236.225006103515625 224.7624969482421875 211.3625030517578125 198.65625 187.100006103515625 178.587493896484375 172.1875 169.9375 170.4250030517578125 174.912506103515625 180.84375 186.46875 194.4250030517578125 199.681243896484375 204.806243896484375 206.25 199.537506103515625 191.7312469482421875 187.4812469482421875
300.33123779296875 296.33123779296875 293.33123779296875 290.57501220703125 287.774993896484375 283.54376220703125 279.149993896484375 272.5625 263.9375 254.9250030517578125 246.600006103515625 240.3562469482421875 234.256256103515625 227.431243896484375 219.462493896484375 220.274993896484375 226.6875 237.256256103515625 248.8375091552734375 260.17498779296875 271.20623779296875 276.29998779296875 274.962493896484375 266.787506103515625 258.243743896484375 248.725006103515625 235.6999969482421875 221.0500030517578125 206.993743896484375 192.6687469482421875 181.21875 172.0500030517578125 168.818756103515625 168.006256103515625 169.9499969482421875 174.90625 182.3125 192.100006103515625 198.524993896484375 199.743743896484375 195.881256103515625 192.256256103515625 190.243743896484375 189.0124969482421875
305.787506103515625 301.16876220703125 299.04376220703125 296.08123779296875 293.29376220703125 289.73748779296875 284.350006103515625 278.08123779296875 271.20623779296875 263.84375 254.649993896484375 247.912506103515625 241.412506103515625 232.568756103515625 222.681243896484375 217.712493896484375 226.9812469482421875 240.0187530517578125 251.0124969482421875 261.256256103515625 272.39373779296875 278.88751220703125 279.33123779296875 273.54998779296875 267.42498779296875 261.5625 249.53125 233.537506103515625 215.600006103515625 197.681243896484375 183.5437469482421875 172.71875 167.59375 166.493743896484375 165.631256103515625 172.243743896484375 181.4187469482421875 186.5500030517578125 190.9499969482421875 191.2937469482421875 191.087493896484375 190.6750030517578125 189.337493896484375 184.2624969482421875
310.88751220703125 307.35626220703125 304.36248779296875 301.493743896484375 299.506256103515625 295.9375 292.037506103515625 285.91876220703125 279.818756103515625 272.306243896484375 264.181243896484375 257.931243896484375 250.7937469482421875 242.15625 232.912506103515625 228.2687530517578125 231.3249969482421875 242.25 254.381256103515625 265.287506103515625 276.0625 282.875 284.375 278.67498779296875 274.75 273.41876220703125 265.024993896484375 245.131256103515625 221.693756103515625 201.3937530517578125 185.993743896484375 176.0749969482421875 169.2312469482421875 166.1687469482421875 170.193756103515625 179.7624969482421875 184.431243896484375 190.475006103515625 195.0749969482421875 192.84375 192.962493896484375 192.743743896484375 187.399993896484375 184.875
316.42498779296875 312.73748779296875 311.23126220703125 309.649993896484375 307.556243896484375 306.73126220703125 304.443756103515625 299.212493896484375 293.212493896484375 285.274993896484375 276.75 270.48126220703125 261.774993896484375 254.381256103515625 247.7312469482421875 243.2375030517578125 243.2062530517578125 246.1687469482421875 259.90625 271.32501220703125 283.01251220703125 286.899993896484375 287.100006103515625 283.350006103515625 281.537506103515625 280.875 277.76251220703125 253.4124908447265625 224.350006103515625 199.181243896484375 181.7624969482421875 171.2624969482421875 170.25 174.78125 180.4875030517578125 181.9562530517578125 187.8874969482421875 193.7687530517578125 193.625 196.618743896484375 195.6687469482421875 193.8000030517578125 189.931243896484375 187.243743896484375
321.056243896484375 318.73126220703125 317.962493896484375 317.54998779296875 317.3125 317.662506103515625 316.306243896484375 313.59375 308.59375 301.912506103515625 292.393768310546875 285.11248779296875 276.381256103515625 269.3125 261.868743896484375 257.89373779296875 257 256.631256103515625 264.600006103515625 276.11248779296875 290.131256103515625 297.787506103515625 289.29998779296875 286.118743896484375 284.95001220703125 282.943756103515625 274.493743896484375 252.5749969482421875 225.40625 197.7624969482421875 176.943756103515625 170.7624969482421875 177.774993896484375 182.006256103515625 184.3125 189.0625 192.806243896484375 196.212493896484375 198.5562591552734375 200.03125 199.243743896484375 199.743743896484375 194.3874969482421875 190.537506103515625
324.587493896484375 323.23748779296875 322.993743896484375 324.100006103515625 325.25 327.95623779296875 329.131256103515625 328.149993896484375 324.881256103515625 319.649993896484375 312.10626220703125 305.35626220703125 296.625 286.91876220703125 279.193756103515625 272.70001220703125 266.631256103515625 269.237518310546875 274.5625 283.38751220703125 291.131256103515625 292.46875 291.63751220703125 287.962493896484375 283.850006103515625 276.399993896484375 263.79998779296875 248.149993896484375 224.100006103515625 197.7687530517578125 180.024993896484375 178.506256103515625 182.96875 188.8249969482421875 193.03125 195.9562530517578125 199.5437469482421875 203.243743896484375 204.1437530517578125 203.9562530517578125 203.131256103515625 202.600006103515625 198.1374969482421875 195.1687469482421875
