data/historical-monthly-weather-data/wc2.1_cruts4.09_10m_prec_2020-09.asc
ncols        51
nrows        45
xllcorner    -63.500000000000
yllcorner    -7.500000000000
cellsize     0.166666666667
NODATA_value -9999
[rows 0 to 18 of 45, columns 0 to 43 of 51]
267.1875 273.381256103515625 272.34375 274.649993896484375 272.475006103515625 264.399993896484375 249.3000030517578125 232.431243896484375 219.962493896484375 208.774993896484375 200.806243896484375 195.1750030517578125 189.600006103515625 181.75 175.118743896484375 167.4375 161.5812530517578125 153.3874969482421875 146.7687530517578125 139.46875 134.993743896484375 128.8249969482421875 123.96250152587890625 119.5124969482421875 114.71875 111.93125152587890625 110.6687469482421875 109.4375 106.8125 104.8937530517578125 102.13124847412109375 100.3937530517578125 99.6374969482421875 97.0500030517578125 95.0749969482421875 92.3000030517578125 90.31874847412109375 87.9499969482421875 83.97499847412109375 80.0124969482421875 76.19374847412109375 71.8562469482421875 66.69374847412109375 61.962497711181640625
255.4562530517578125 261.931243896484375 268.14373779296875 277.83123779296875 287.6875 274.89373779296875 257.84375 246.368743896484375 234.375 222.899993896484375 214.3249969482421875 207.212493896484375 200.568756103515625 191.0124969482421875 183.1750030517578125 176.1125030517578125 167.96875 159.8874969482421875 152.149993896484375 144.806243896484375 139.3562469482421875 135.306243896484375 130.306243896484375 126.50624847412109375 120.7062530517578125 117.2375030517578125 116.1062469482421875 114.71875 110.81874847412109375 108.34999847412109375 105.69374847412109375 104.40625 101.8249969482421875 99.6750030517578125 97.02500152587890625 93.19374847412109375 90.0500030517578125 86.8937530517578125 81.94374847412109375 77.18125152587890625 72.6875 67.8562469482421875 62.78125 57.018749237060546875
233.4499969482421875 242.9250030517578125 251.4812469482421875 264.36248779296875 275.5 270.8125 259.875 250.6374969482421875 242.0124969482421875 232.9187469482421875 225.274993896484375 217.743743896484375 210.65625 200.4812469482421875 190.837493896484375 183.556243896484375 174.524993896484375 166.6437530517578125 158.9499969482421875 152.087493896484375 146.912506103515625 142.2624969482421875 138.087493896484375 134.068756103515625 128.118743896484375 123.2375030517578125 122.8937530517578125 119.9250030517578125 115.6125030517578125 111.98749542236328125 108.00624847412109375 105.6687469482421875 103.6750030517578125 100.63124847412109375 97.28125 92.5 88.6374969482421875 85.1062469482421875 79.8874969482421875 74.7624969482421875 69.78125 64.3312530517578125 59.362499237060546875 53.78749847412109375
207.662506103515625 217.475006103515625 234.287506103515625 245.75 257.037506103515625 257.79376220703125 255.4187469482421875 255.006256103515625 250.5749969482421875 244.7249908447265625 237.1999969482421875 229.1875 218.6999969482421875 209.506256103515625 199.243743896484375 190.4375 181.743743896484375 174.100006103515625 168.2687530517578125 162.5187530517578125 157.3125 150.9562530517578125 145.34375 140.8562469482421875 133.943756103515625 129.1125030517578125 126.90000152587890625 121.74375152587890625 117.6999969482421875 114.05625152587890625 110.3125 106.21875 102.5749969482421875 98.8125 94.34999847412109375 91.18125152587890625 87.69374847412109375 83.4875030517578125 78.1062469482421875 71.81874847412109375 65.71875 60.112499237060546875 54.93125152587890625 49.71250152587890625
204.46875 207.7687530517578125 213.068756103515625 224.587493896484375 241.149993896484375 247.443756103515625 249.9250030517578125 254.587493896484375 255.71875 252.587493896484375 246.600006103515625 235.7624969482421875 226.7375030517578125 219.5437469482421875 208.9562530517578125 198.899993896484375 189.037506103515625 181.53125 175.8125 169.4375 165.8125 157.3874969482421875 152.3125 147.1374969482421875 139.7624969482421875 134.100006103515625 128.899993896484375 124.3937530517578125 119.53125 114.4375 110.43125152587890625 105.03125 100.25624847412109375 96.4187469482421875 92.375 88.30625152587890625 84.52500152587890625 80.8625030517578125 75.3125 68.65000152587890625 61.893749237060546875 55.956249237060546875 50.34375 45.47499847412109375
201.4562530517578125 203.4187469482421875 205.306243896484375 206.118743896484375 222.662506103515625 237.8000030517578125 245.0625 249.287506103515625 251.2687530517578125 251.881256103515625 246.3312530517578125 236.03125 228.1812591552734375 222.1687469482421875 211.625 203.5812530517578125 194.75 187.556243896484375 182.5749969482421875 177.9875030517578125 171.3874969482421875 163.4187469482421875 156.868743896484375 149.443756103515625 142.65625 135.600006103515625 129.649993896484375 125.2624969482421875 119.58750152587890625 113.41249847412109375 108.4562530517578125 105.1999969482421875 99.7624969482421875 94.7624969482421875 89.68125152587890625 86.6062469482421875 83.0124969482421875 80.0749969482421875 74.90625 67.86875152587890625 59.231250762939453125 53.299999237060546875 47.80625152587890625 43.268749237060546875
201.462493896484375 203.787506103515625 205.5500030517578125 206.625 215.600006103515625 223.493743896484375 233.631256103515625 241.5124969482421875 242.3562469482421875 241.256256103515625 239.6750030517578125 233.1062469482421875 227.8000030517578125 222.09375 213.962493896484375 207.1437530517578125 200.21875 196.0437469482421875 191.256256103515625 185.8249969482421875 177.274993896484375 168.5187530517578125 159.125 150.725006103515625 144.006256103515625 137.1437530517578125 130.9875030517578125 125.9375 119.0437469482421875 111.90625 106.75 101.80625152587890625 96.6750030517578125 91.90625 86.875 82.9375 79.80625152587890625 78.0500030517578125 74.1999969482421875 65.65000152587890625 56.700000762939453125 50.33750152587890625 45.03125 40.84375
202.3874969482421875 204.256256103515625 206.6125030517578125 212.28125 221.337493896484375 229.9375 233.1437530517578125 230.837493896484375 227.3562469482421875 228.5625 231.993743896484375 229.0500030517578125 225.881256103515625 221.087493896484375 216.587493896484375 209.3000030517578125 203.84375 202.256256103515625 199.287506103515625 191.381256103515625 182.7375030517578125 172.337493896484375 162.149993896484375 152.056243896484375 144.125 136.84375 129.743743896484375 123.40000152587890625 117.3312530517578125 109.84999847412109375 104.11875152587890625 98.49375152587890625 92.8937530517578125 88.2375030517578125 82.21875 78.15000152587890625 75.03125 72.52500152587890625 67.25624847412109375 59.706249237060546875 51.4375 45.46875 40.643749237060546875 36.518749237060546875
205.5 208.7312469482421875 213.243743896484375 219.1750030517578125 227.756256103515625 233.837493896484375 237.0187530517578125 234.962493896484375 227.4375 222.0437469482421875 224.9187469482421875 222.693756103515625 222.4562530517578125 217.8312530517578125 214.78125 210.1062469482421875 206.2062530517578125 204.662506103515625 202.9625091552734375 194.587493896484375 183.162506103515625 173.53125 160.506256103515625 152.28125 142.8937530517578125 134.162506103515625 127.08750152587890625 121.6374969482421875 116.625 108.46250152587890625 102.90000152587890625 94.63124847412109375 87.1875 80.4875030517578125 74.81874847412109375 72.02500152587890625 69.3562469482421875 66.02500152587890625 60.200000762939453125 53.40625 46.1875 40.68125152587890625 36.325000762939453125 32.625
206.475006103515625 210.8125 216.5187530517578125 223.0812530517578125 233.100006103515625 239.462493896484375 242.524993896484375 239.787506103515625 233.5812530517578125 228.962493896484375 226.725006103515625 221.1125030517578125 218.6437530517578125 215.9562530517578125 212.524993896484375 211 206.9375 204.8249969482421875 202.6062469482421875 197.037506103515625 185.649993896484375 172.8000030517578125 158.8562469482421875 149.181243896484375 138.40625 129.90625 123.5625 118.34999847412109375 113.53749847412109375 106.28125 98.0500030517578125 89.13124847412109375 81.1750030517578125 74.9499969482421875 69.2062530517578125 65.9187469482421875 63.268749237060546875 59.75624847412109375 53.625 47.40625 41.06874847412109375 36.362499237060546875 31.450000762939453125 28.006250381469726562
210.21875 214.712493896484375 221.006256103515625 227.6750030517578125 236.962493896484375 245.399993896484375 249.037506103515625 243.3125 235.4187469482421875 230.712493896484375 228.381256103515625 223.65625 217.3249969482421875 212.0187530517578125 208.806243896484375 207.4812469482421875 203.756256103515625 201.625 199.28125 195.662506103515625 187.943756103515625 174.9812469482421875 159.625 143.100006103515625 134.1437530517578125 129.381256103515625 123.3937530517578125 116.53125 109.9499969482421875 101.9250030517578125 93.56874847412109375 84.3937530517578125 76.4250030517578125 69.4812469482421875 63.55625152587890625 59.88124847412109375 56.86875152587890625 53.21875 48.09999847412109375 41.91249847412109375 35.831249237060546875 31.387500762939453125 27.625 23.943750381469726562
210.8562469482421875 215.556243896484375 222.193756103515625 230.756256103515625 239.875 247.2624969482421875 252.225006103515625 247.006256103515625 236.681243896484375 229.1875 226.28125 223.131256103515625 214.431243896484375 207.118743896484375 206.3125 203.5500030517578125 200.5124969482421875 196.1687469482421875 193.837493896484375 193.6750030517578125 189.181243896484375 176.3375091552734375 159.6750030517578125 141.587493896484375 130.90625 124.09999847412109375 117.30625152587890625 110.6999969482421875 103.3562469482421875 95.4812469482421875 86.9562530517578125 78.21875 70.56874847412109375 64.4812469482421875 59.52500152587890625 55.72499847412109375 52.28749847412109375 48.68125152587890625 42.78749847412109375 36.643749237060546875 31.087499618530273438 26.931249618530273438 23.700000762939453125 20.493749618530273438
209.78125 214.4812469482421875 220.5500030517578125 227.212493896484375 234.7062530517578125 240.693756103515625 243.068756103515625 239.0812530517578125 232.131256103515625 225.6875 220.7312469482421875 218.7375030517578125 212.78125 201.662506103515625 197.625 196.46875 193.2624969482421875 189.7687530517578125 187.943756103515625 187.181243896484375 184.2937469482421875 173.9875030517578125 157.8625030517578125 141.1062469482421875 126.3625030517578125 118.0500030517578125 112.30625152587890625 106.1875 99.3000030517578125 90.5437469482421875 80.91249847412109375 72.1437530517578125 65.28749847412109375 58.8125 53.99375152587890625 51.02500152587890625 48.856250762939453125 45.90000152587890625 40.924999237060546875 33.799999237060546875 27.512500762939453125 24.149999618530273438 20.950000762939453125 16.643749237060546875
206.8874969482421875 210.875 215.1687469482421875 220.75 227.7375030517578125 230.3625030517578125 231 229.84375 223.7624969482421875 218.78125 212.3562469482421875 207.443756103515625 202.9375 194.806243896484375 186.8874969482421875 186.3625030517578125 183.59375 179.587493896484375 176.34375 175.5625 172.4499969482421875 162.899993896484375 151.068756103515625 139.587493896484375 126.9375 116.875 109.46250152587890625 102 94.03749847412109375 85.2687530517578125 77 67.8125 60.49375152587890625 54.231250762939453125 49.799999237060546875 48.1875 47.28749847412109375 46.125 41.91249847412109375 35.549999237060546875 27.043750762939453125 21.78125 18.893749237060546875 16.299999237060546875
201.649993896484375 204.1374969482421875 207.431243896484375 212.368743896484375 218.5187530517578125 217.193756103515625 218.875 217.100006103515625 211.9250030517578125 209.15625 202.162506103515625 196.9375 191.5 184.149993896484375 174.649993896484375 170.78125 169.125 166.96875 163.03125 162.28125 160.193756103515625 154.399993896484375 146.6687469482421875 139.225006103515625 131.287506103515625 121.96875 112.1437530517578125 101.5 91.5749969482421875 82.6687469482421875 72.3625030517578125 63.40000152587890625 57.05625152587890625 50.84999847412109375 45.52500152587890625 45.3125 47.30625152587890625 49.44374847412109375 47.262500762939453125 40.11875152587890625 31.987501144409179688 25.618749618530273438 21.662500381469726562 18.200000762939453125
194.2937469482421875 195.9250030517578125 199.693756103515625 203.568756103515625 206.75 207.3312530517578125 206.975006103515625 204.712493896484375 201.7624969482421875 199.9499969482421875 193.59375 186.9875030517578125 180.6374969482421875 173.962493896484375 164.9812469482421875 156.693756103515625 154.40625 154.2937469482421875 151.15625 151.125 148.8312530517578125 147.024993896484375 144.7687530517578125 141.625 135.71875 125.5 113.2687530517578125 102.06874847412109375 91.7937469482421875 81.38124847412109375 72.51250457763671875 62.53125 55.00624847412109375 49.387500762939453125 43.44374847412109375 45.293750762939453125 49.83750152587890625 52.487499237060546875 52.43125152587890625 46.46875 39.200000762939453125 31.125 24.556249618530273438 19.618749618530273438
184.4187469482421875 186.756256103515625 191.0437469482421875 194.774993896484375 197.09375 197.7312469482421875 196.8562469482421875 195.5437469482421875 193.1999969482421875 190.568756103515625 186.2375030517578125 179.350006103515625 171.256256103515625 163.837493896484375 157.631256103515625 150.625 142.625 141.2624969482421875 141.09375 140.7312469482421875 138.7937469482421875 139.056243896484375 141.65625 143.5500030517578125 140.287506103515625 127.5437469482421875 114.3249969482421875 102.6374969482421875 92.2687530517578125 82.33750152587890625 74.5749969482421875 67.15625 58.674999237060546875 51.99375152587890625 49.69374847412109375 50.34999847412109375 53.34999847412109375 59.28749847412109375 62.58750152587890625 53.03125 42.4375 33.481250762939453125 25.693750381469726562 20.881250381469726562
174.21875 177.0625 179.712493896484375 183.3000030517578125 187.162506103515625 188.181243896484375 186.8937530517578125 185.0812530517578125 184.6687469482421875 181.962493896484375 178.181243896484375 171.537506103515625 163.4187469482421875 155.993743896484375 149.6750030517578125 143.9812469482421875 136.96875 129.350006103515625 131.212493896484375 130.3000030517578125 129.912506103515625 129.7937469482421875 133.6437530517578125 137.8562469482421875 137 126.06874847412109375 114.68125152587890625 103.31874847412109375 92.15625 81.28125 72.9250030517578125 65.81874847412109375 64.08750152587890625 62.31874847412109375 57.4375 54.137500762939453125 58.34375 62.86875152587890625 61.44374847412109375 53.137500762939453125 41.15625 32.375 25.431249618530273438 21.424999237060546875
163.8000030517578125 165.9562530517578125 168.25 172.5437469482421875 175.9187469482421875 177.5124969482421875 176.774993896484375 177.1750030517578125 177.056243896484375 175.4250030517578125 172.1062469482421875 164.6999969482421875 156.024993896484375 148.9812469482421875 141.899993896484375 137.881256103515625 132.6999969482421875 124.30625152587890625 121.11875152587890625 120.36875152587890625 122.8000030517578125 129.7062530517578125 123.7375030517578125 127.04375457763671875 128.4812469482421875 124.8874969482421875 116.0124969482421875 104.36875152587890625 95.36875152587890625 83.40625 73.6437530517578125 71.41249847412109375 75.00624847412109375 73.15000152587890625 69.1125030517578125 65.28125 63.9187469482421875 62.24375152587890625 57.393749237060546875 48.581249237060546875 38.362499237060546875 30.768749237060546875 24.862499237060546875 21.268749237060546875
