data/historical-monthly-weather-data/wc2.1_cruts4.09_10m_prec_1966-03.asc
ncols        51
nrows        45
xllcorner    -63.500000000000
yllcorner    -7.500000000000
cellsize     0.166666666667
NODATA_value -9999
[rows 20 to 39 of 45, columns 0 to 44 of 51]
188.7375030517578125 198.100006103515625 203.931243896484375 209.431243896484375 215.037506103515625 219.3874969482421875 222.6687469482421875 224.568756103515625 226.7312469482421875 226.5500030517578125 224.0187530517578125 219.193756103515625 214.318756103515625 210.4187469482421875 200.1437530517578125 186.6374969482421875 174.9812469482421875 168.9562530517578125 165.756256103515625 164.8874969482421875 178.1437530517578125 193.693756103515625 208.318756103515625 223.087493896484375 238.6062469482421875 254.53125 268.399993896484375 281.86248779296875 294.82501220703125 303.65625 306.962493896484375 304.85626220703125 293.506256103515625 277.42498779296875 262.23126220703125 286.225006103515625 319.79998779296875 341.32501220703125 354.38751220703125 361.45623779296875 364.70001220703125 363.59375 360.181243896484375 357.35626220703125 353.1875
174.899993896484375 184.6374969482421875 191.3874969482421875 196.9875030517578125 202.7937469482421875 207.9499969482421875 211.96875 214.9875030517578125 217.53125 215.6374969482421875 210.15625 203.0812530517578125 196.46875 191.462493896484375 183.6374969482421875 174.3249969482421875 166.1750030517578125 161.537506103515625 158.4250030517578125 157.4812469482421875 168.4250030517578125 181.7687530517578125 196.90625 211.4250030517578125 227.5625 245.568756103515625 262.84375 276.875 289.850006103515625 298.26251220703125 301.11248779296875 299.787506103515625 291.787506103515625 282.78125 279.725006103515625 296.412506103515625 323.443756103515625 344.649993896484375 357.54376220703125 363.006256103515625 364.73126220703125 363.149993896484375 360.087493896484375 357.162506103515625 353.256256103515625
163.4250030517578125 173.774993896484375 179.7937469482421875 185.2937469482421875 190.5187530517578125 195.09375 198.9562530517578125 203.975006103515625 208.65625 204.375 196.556243896484375 186.6374969482421875 178.243743896484375 173.975006103515625 169.3312530517578125 163.0749969482421875 156.59375 153.25 150.5500030517578125 149.806243896484375 159.59375 170.7062530517578125 183.056243896484375 197.381256103515625 215.337493896484375 235.3625030517578125 253.8249969482421875 269.70623779296875 283.08123779296875 291.193756103515625 296.131256103515625 299.9375 299.98748779296875 298.837493896484375 305.04376220703125 319.899993896484375 339.29376220703125 355.274993896484375 364.193756103515625 367.1875 366.818756103515625 364.08123779296875 360.881256103515625 356.76251220703125 352.75
152.399993896484375 160.774993896484375 166.3937530517578125 171.6999969482421875 176.6875 181.131256103515625 186.1437530517578125 191.53125 195.75 191.2687530517578125 183.3312530517578125 175.2937469482421875 166.5500030517578125 164.4875030517578125 162.037506103515625 157.618743896484375 152.756256103515625 150.1125030517578125 146.8937530517578125 145.4875030517578125 153.2375030517578125 161.868743896484375 171.568756103515625 185.131256103515625 201.649993896484375 221.181243896484375 240.4375 259.04376220703125 275.274993896484375 287.25 297.318756103515625 305.318756103515625 310.13751220703125 315.3125 325.40625 341.181243896484375 356.943756103515625 365.912506103515625 369.693756103515625 370.70623779296875 369.79998779296875 365.63751220703125 361.850006103515625 356.493743896484375 353.33123779296875
144.0812530517578125 149.462493896484375 153.1750030517578125 157.943756103515625 163.25 167.9250030517578125 171.9875030517578125 175.9562530517578125 178.712493896484375 177.21875 173.3249969482421875 167.71875 163.75 162.21875 158.5625 154.8937530517578125 150.4499969482421875 148.1374969482421875 145.2687530517578125 142.587493896484375 147.5437469482421875 153.5187530517578125 160.125 171.2375030517578125 187.912506103515625 209.537506103515625 229.09375 250.5124969482421875 269.29998779296875 286.21875 299.631256103515625 311.20001220703125 320.26873779296875 328.837493896484375 339.25 349.899993896484375 362.443756103515625 370.225006103515625 372.399993896484375 374.40625 373.40625 368.225006103515625 361.837493896484375 358.38751220703125 349.875
137.9812469482421875 141.381256103515625 142.84375 146.5500030517578125 150.131256103515625 154.3000030517578125 158.0812530517578125 161.5187530517578125 164.0124969482421875 164.399993896484375 163.431243896484375 162.46875 162.0187530517578125 161.6750030517578125 158 154.46875 149.9375 147.912506103515625 145.3000030517578125 141.3937530517578125 144.774993896484375 147.15625 149.6999969482421875 157.875 175.5437469482421875 199.193756103515625 222.1750030517578125 244.056243896484375 265.57501220703125 285.462493896484375 302.79376220703125 318.850006103515625 330.96875 339.40625 347.962493896484375 356.068756103515625 365.568756103515625 372.537506103515625 375.54998779296875 376.912506103515625 376.53125 369.850006103515625 359.98126220703125 354.75 346.51873779296875
136.0437469482421875 136.118743896484375 137.243743896484375 139.1875 141.399993896484375 145.100006103515625 148.28125 151.3000030517578125 154.40625 156.9875030517578125 158.912506103515625 161.2937469482421875 163.9499969482421875 166.118743896484375 163.34375 159.712493896484375 156.412506103515625 153.537506103515625 149.9812469482421875 146.287506103515625 146.9499969482421875 146.912506103515625 145.399993896484375 151.6875 171.431243896484375 194.7062530517578125 218.493743896484375 240.6750030517578125 263.16876220703125 284.149993896484375 303.98126220703125 324 338.78125 345.60626220703125 352.15625 359.89373779296875 369.068756103515625 375.568756103515625 379.243743896484375 381.743743896484375 380.024993896484375 371.33123779296875 359.15625 350.98748779296875 351.28125
134.662506103515625 132.318756103515625 132.431243896484375 133.287506103515625 133.9250030517578125 136.943756103515625 140.6999969482421875 143.725006103515625 147.6437530517578125 151.5687408447265625 154.9562530517578125 160.1999969482421875 166.100006103515625 171.037506103515625 169.1687469482421875 166.056243896484375 163.506256103515625 161.5812530517578125 157.96875 153.96875 153.431243896484375 151.78125 152.1437530517578125 159.899993896484375 176.0812530517578125 196.78125 218.9375 241.3874969482421875 263.46875 283.1875 302.875 322.16876220703125 336.90625 344.618743896484375 352.11248779296875 360.743743896484375 368.556243896484375 376.96875 382.350006103515625 387.443756103515625 389.893768310546875 378.931243896484375 361.79998779296875 352.162506103515625 363.100006103515625
133.3562469482421875 129.1750030517578125 128.3312530517578125 127.8874969482421875 128.556243896484375 131.149993896484375 133.962493896484375 137.1875 142.149993896484375 146.8937530517578125 152.2062530517578125 160.03125 168.4499969482421875 176.100006103515625 176.03125 174.59375 173.725006103515625 172 168.9562530517578125 165.1062469482421875 163.4875030517578125 161.1999969482421875 161.7375030517578125 169.618743896484375 184.2062530517578125 201.587493896484375 221.7624969482421875 243.28125 264.662506103515625 283.5625 301.006256103515625 318.337493896484375 332.506256103515625 342.20001220703125 351.225006103515625 360.46875 368.11248779296875 376.96875 383.32501220703125 388.506256103515625 395.63751220703125 384.100006103515625 366.73748779296875 365.34375 379.84375
138.3312530517578125 132.806243896484375 130.8562469482421875 129.537506103515625 129.225006103515625 130.75 133.2624969482421875 136.243743896484375 141.6687469482421875 146.9812469482421875 153.1125030517578125 162.787506103515625 173.34375 182.756256103515625 184.7624969482421875 185.556243896484375 186.5124969482421875 187.8249969482421875 185.787506103515625 180.212493896484375 177.125 174.4187469482421875 173.96875 181.912506103515625 194.1437530517578125 209.537506103515625 228.118743896484375 247.524993896484375 266.73126220703125 283.36248779296875 299.462493896484375 314.318756103515625 327.51873779296875 339.76873779296875 350.337493896484375 359.07501220703125 366.931243896484375 376.51873779296875 378.850006103515625 383.318756103515625 390.662506103515625 389.01251220703125 381.368743896484375 385.681243896484375 391.57501220703125
143.25 136.5187530517578125 133.65625 132.006256103515625 131.100006103515625 131.712493896484375 134.0749969482421875 136.618743896484375 142.15625 148.1062469482421875 155.0187530517578125 165.5 177.4499969482421875 187.943756103515625 192.4875030517578125 196.28125 200.868743896484375 203.2312469482421875 203.5 197.21875 192.4375 187.7687530517578125 186.65625 193.556243896484375 203.6875 217.975006103515625 234.1750030517578125 251.100006103515625 269 283.743743896484375 298.243743896484375 312.774993896484375 325.787506103515625 338.287506103515625 349.725006103515625 357.506256103515625 365.681243896484375 375.743743896484375 376.243743896484375 373.006256103515625 382.318756103515625 391.33123779296875 394.95001220703125 400.931243896484375 407.20623779296875
147.9562530517578125 140.3562469482421875 136.8000030517578125 134.475006103515625 133.1687469482421875 133.4250030517578125 135.412506103515625 137.318756103515625 142.931243896484375 149.25 156.65625 167.899993896484375 180.3562469482421875 192.9875030517578125 200.443756103515625 207.3125 212.53125 215.024993896484375 215.3249969482421875 211.412506103515625 205.587493896484375 200.943756103515625 198 203.5625 213.7624969482421875 225.3937530517578125 239.2624969482421875 255.5500030517578125 270.681243896484375 284.60626220703125 298.25 311.681243896484375 323.625 336.193756103515625 348.0625 356.306243896484375 366.306243896484375 375.306243896484375 373.03125 373.75 387.33123779296875 401.475006103515625 410.45623779296875 423.243743896484375 433.524993896484375
157.1999969482421875 149.837493896484375 145.725006103515625 142.8000030517578125 140.475006103515625 140.8125 141.7624969482421875 142.9499969482421875 147.475006103515625 153.65625 162.131256103515625 173.34375 186.7375030517578125 201.556243896484375 210.818756103515625 219.149993896484375 225.5 228.399993896484375 227.899993896484375 225.006256103515625 220.774993896484375 216.0749969482421875 212.2624969482421875 217.3625030517578125 225.1999969482421875 234.3312530517578125 246.5187530517578125 260.818756103515625 275.412506103515625 287.631256103515625 299.79998779296875 312.056243896484375 324.48126220703125 336.943756103515625 347.82501220703125 358.4375 368.725006103515625 376.70623779296875 376.568756103515625 385.962493896484375 399.90625 414.03125 427.54998779296875 443.23126220703125 464.79376220703125
166.9250030517578125 159.7624969482421875 155.96875 152.59375 149.6999969482421875 148.993743896484375 148.875 149.350006103515625 152.837493896484375 158.162506103515625 166.1125030517578125 179.15625 193.631256103515625 208.0749969482421875 218.8000030517578125 229.8125 239.25 241.84375 240.4562530517578125 237.9375 234.9562530517578125 230.3874969482421875 227.1437530517578125 229.787506103515625 235.46875 241.8000030517578125 253.1750030517578125 265.568756103515625 279.931243896484375 290.53125 300.65625 312.88751220703125 325.875 337.962493896484375 350.45623779296875 361.256256103515625 370.993743896484375 378.66876220703125 385.162506103515625 396.243743896484375 408.462493896484375 423.10626220703125 441.36248779296875 459.962493896484375 485.362518310546875
177.149993896484375 170.662506103515625 166.8000030517578125 162.818756103515625 158.5812530517578125 157.443756103515625 156.1999969482421875 156.212493896484375 158.03125 161.931243896484375 170.1437530517578125 184.6999969482421875 200.8874969482421875 216.25 229.524993896484375 241.337493896484375 252.3562469482421875 254.8249969482421875 253.5124969482421875 251.0500030517578125 248.59375 243.756256103515625 239.9375 240.59375 244.53125 249.3937530517578125 258.774993896484375 270.6875 282.54998779296875 292.86248779296875 303.25 314.60626220703125 327.024993896484375 339.787506103515625 351.518768310546875 361.26251220703125 370.98748779296875 383.63751220703125 392.70623779296875 403.01873779296875 415.01873779296875 427.850006103515625 445.6875 465.087493896484375 486.28125
191.149993896484375 184.600006103515625 180.399993896484375 176.2062530517578125 171.9250030517578125 169.78125 168.15625 166.34375 166.399993896484375 169.681243896484375 177.743743896484375 193.006256103515625 210.9562530517578125 227.75 241.34375 254.1999969482421875 264.76873779296875 266.92498779296875 266.57501220703125 265.037506103515625 261.70623779296875 256.17498779296875 251.1437530517578125 251.306243896484375 253.556243896484375 256.837493896484375 264.98748779296875 275.91876220703125 286.774993896484375 296.118743896484375 306.54998779296875 316.96875 327.899993896484375 340.98748779296875 352.225006103515625 360.83123779296875 372.493743896484375 384.39373779296875 391.45001220703125 402.04998779296875 414.40625 425.931243896484375 439.67498779296875 458.11248779296875 473.51251220703125
204.912506103515625 199.0187530517578125 194.9875030517578125 190.5625 186.5500030517578125 184.21875 181.46875 178.6687469482421875 176.649993896484375 176.5500030517578125 186.475006103515625 205.9250030517578125 224.412506103515625 239.9562530517578125 254.3000030517578125 266.60626220703125 276.524993896484375 278.40625 278.65625 275.75 272.318756103515625 266.45623779296875 261.26251220703125 259.42498779296875 260.1875 262.662506103515625 269.962493896484375 280.59375 290.274993896484375 299.693756103515625 309.23126220703125 318.931243896484375 330.66876220703125 343.46875 353.75 362.88751220703125 373.73126220703125 384.868743896484375 391.662506103515625 398.59375 407.931243896484375 418.118743896484375 430.818756103515625 446.493743896484375 459.506256103515625
217.9499969482421875 213 208.8625030517578125 204.8937530517578125 201.725006103515625 199.59375 196.7937469482421875 193.1999969482421875 191.7062530517578125 189.8249969482421875 205.743743896484375 226.0187530517578125 241.068756103515625 254.756256103515625 267.181243896484375 279.006256103515625 287.10626220703125 288.26873779296875 287.306243896484375 283.475006103515625 278.25 272.556243896484375 268.54998779296875 265.662506103515625 265.618743896484375 267.756256103515625 274.068756103515625 284.399993896484375 293.943756103515625 302.83123779296875 311.068756103515625 320.01251220703125 331.54376220703125 344.412506103515625 353.75 363.70001220703125 373.493743896484375 381.51873779296875 388.90625 395.993743896484375 401.306243896484375 411.024993896484375 420.100006103515625 428.95623779296875 440.10626220703125
224 220.306243896484375 217.912506103515625 215.568756103515625 213.8125 212.3125 211.8874969482421875 210.931243896484375 214.1125030517578125 223.806243896484375 242.7687530517578125 253.2624969482421875 261.8125 271.64373779296875 281.51873779296875 290.26873779296875 295.86248779296875 295.07501220703125 291.98748779296875 286.649993896484375 279.58123779296875 273.681243896484375 269.63751220703125 267.443756103515625 267.70001220703125 270.35626220703125 276.743743896484375 285.51873779296875 294.725006103515625 303.556243896484375 312.75 320.537506103515625 330.381256103515625 342.28125 354.318756103515625 361.91876220703125 369.42498779296875 377.91876220703125 382.61248779296875 386.76873779296875 391.04998779296875 399.96875 406.60626220703125 414.42498779296875 421.76873779296875
229.431243896484375 227.1875 226.506256103515625 225.4562530517578125 225.787506103515625 227.5187530517578125 228.4562530517578125 232.056243896484375 238.7937469482421875 249.3000030517578125 262.850006103515625 274.10626220703125 282.53125 289.631256103515625 297.09375 302.35626220703125 305.09375 301.95001220703125 296.01873779296875 289.64373779296875 280.91876220703125 274.162506103515625 268.612518310546875 266.60626220703125 268.32501220703125 271.65625 277.28125 285.943756103515625 294.4375 302.756256103515625 310.787506103515625 321.212493896484375 332.9375 342.84375 353.21875 360.5625 365.67498779296875 371.962493896484375 376.806243896484375 377.600006103515625 379.46875 386.66876220703125 392.10626220703125 397.51873779296875 403.21875
