data/historical-monthly-weather-data/wc2.1_cruts4.09_10m_prec_2003-05.asc
ncols        45
nrows        45
xllcorner    -63.500000000000
yllcorner    -7.500000000000
cellsize     0.166666666667
NODATA_value -9999
[rows 20 to 39 of 45, columns 0 to 44 of 45]
370.381256103515625 385.443756103515625 391.6875 390.600006103515625 388.98126220703125 397.5625 400.48748779296875 397.4375 389.618743896484375 376.443756103515625 365.48126220703125 357.975006103515625 344.73748779296875 330.693756103515625 310.95001220703125 294.787506103515625 274.29376220703125 262.6875 258.90625 250.0187530517578125 246.443756103515625 239.2624969482421875 231.1062469482421875 226.9875030517578125 221.8000030517578125 212.0749969482421875 202.2375030517578125 198.21875 194.9812469482421875 192.5437469482421875 192.8000030517578125 195.524993896484375 191.100006103515625 188.6875 190.475006103515625 195.6687469482421875 199.381256103515625 200.3874969482421875 197.756256103515625 192.5124969482421875 187.524993896484375 181.7937469482421875 179.3312530517578125 181.40625 182.3249969482421875
365.618743896484375 368.70623779296875 381.274993896484375 390.91876220703125 390.76251220703125 394.743743896484375 401.67498779296875 404.16876220703125 398.024993896484375 386.23748779296875 373.48126220703125 361.33123779296875 346.625 330.912506103515625 317.631256103515625 298.6875 292.975006103515625 277.71875 271.056243896484375 259.20001220703125 245.2312469482421875 236.9499969482421875 229.09375 220.4187469482421875 209.975006103515625 203.4187469482421875 202.149993896484375 197.975006103515625 199.59375 199.0625 196.087493896484375 193.306243896484375 192.3000030517578125 192.193756103515625 190.03125 191.4562530517578125 195.056243896484375 195.881256103515625 193.056243896484375 188.4812469482421875 184.8249969482421875 179.975006103515625 177.2062530517578125 177.475006103515625 178.0124969482421875
361.25 376.149993896484375 386.306243896484375 395.48748779296875 395.38751220703125 397.73126220703125 392.412506103515625 397.649993896484375 401.92498779296875 392.32501220703125 376.75 362.84375 353.35626220703125 338.193756103515625 324.85626220703125 309.60626220703125 298.181243896484375 285.13751220703125 274.006256103515625 262.399993896484375 250.806243896484375 235.6875 225.431243896484375 215.100006103515625 207.993743896484375 199.4875030517578125 195.3562469482421875 196.5124969482421875 198.712493896484375 197.5437469482421875 193.787506103515625 194.087493896484375 195.3625030517578125 193.9499969482421875 192.837493896484375 188.15625 187.993743896484375 190.375 191.21875 186.75 181.7375030517578125 177.78125 174.631256103515625 174.125 174.125
352.412506103515625 371.38751220703125 386.875 392.600006103515625 391.71875 390.29376220703125 398.98748779296875 400.63751220703125 395.70001220703125 384.962493896484375 373.95001220703125 367.975006103515625 356.04998779296875 344.243743896484375 328.100006103515625 313.04998779296875 301.0625 290.118743896484375 279.75 269.04376220703125 252.2937469482421875 237.8937530517578125 224.2624969482421875 217 206.537506103515625 194.3562469482421875 192.712493896484375 194.46875 198.21875 201.46875 203.2062530517578125 204.725006103515625 205.774993896484375 202.618743896484375 199.21875 190.75 191.818756103515625 191.0124969482421875 189.193756103515625 185.337493896484375 179.5812530517578125 177.03125 174.6875 172.1750030517578125 171.28125
351.58123779296875 372.03125 384.29376220703125 395.78125 398.35626220703125 398.9375 396.125 398.137481689453125 391.412506103515625 383.96875 372.381256103515625 362.618743896484375 355.70001220703125 343.04998779296875 326.64373779296875 314.712493896484375 306.693756103515625 294.39373779296875 281.5625 270.5625 256.96875 239.9562530517578125 227.743743896484375 217.931243896484375 206.4187469482421875 199.5749969482421875 197.75 200.125 203.1687469482421875 210.0625 213.100006103515625 219.7687530517578125 219.25 214.524993896484375 205.537506103515625 197.90625 195.5812530517578125 189.71875 186.649993896484375 182.868743896484375 178.3249969482421875 174.5812530517578125 172.306243896484375 168.09375 163.806243896484375
360.193756103515625 382.9375 385.087493896484375 394.125 391.48748779296875 390.35626220703125 386.850006103515625 387.350006103515625 376.75 365.5 364.537506103515625 358.899993896484375 347.368743896484375 336.45623779296875 328.25 316.862518310546875 309.09375 296.82501220703125 283.63751220703125 270.931243896484375 257.712493896484375 241.21875 229.1125030517578125 216.4499969482421875 207.774993896484375 200.1999969482421875 203.4875030517578125 206.024993896484375 208.6374969482421875 216.350006103515625 224.5625 237.5500030517578125 237.162506103515625 225.287506103515625 213.100006103515625 205.118743896484375 197.40625 191.068756103515625 183.381256103515625 178.8312530517578125 175.131256103515625 170.087493896484375 165.899993896484375 163.9187469482421875 161.09375
366.725006103515625 376.64373779296875 383.837493896484375 387.975006103515625 384.743743896484375 383.100006103515625 378.087493896484375 371.4375 363.67498779296875 363.48748779296875 359.23748779296875 348.912506103515625 340.79998779296875 331.875 323.875 316.23748779296875 306.131256103515625 292.11248779296875 284.899993896484375 271.45001220703125 255.625 241.0812530517578125 229.0124969482421875 220.412506103515625 211.681243896484375 204.7375030517578125 207.65625 210.3249969482421875 214.1062469482421875 219.8125 231.4562530517578125 244.443756103515625 247.681243896484375 231.0749969482421875 215.2062530517578125 205.0625 199.287506103515625 190.2062530517578125 182.4187469482421875 177.631256103515625 172.8625030517578125 167.975006103515625 163.96875 160.0187530517578125 157.3874969482421875
375.899993896484375 378.86248779296875 381.48748779296875 378.524993896484375 376.45623779296875 375.79998779296875 371.57501220703125 361.48126220703125 356.63751220703125 355.381256103515625 349.09375 338.6875 330.95623779296875 321.70001220703125 316.887481689453125 306.975006103515625 301.399993896484375 293.818756103515625 286.462493896484375 274.587493896484375 258.774993896484375 242.3249969482421875 232.8125 223.056243896484375 215.1437530517578125 207.03125 210.3562469482421875 213.0124969482421875 217.493743896484375 223.712493896484375 233.125 242.756256103515625 241.46875 227.7687530517578125 215.7624969482421875 205.556243896484375 196.9187469482421875 190.256256103515625 184.056243896484375 176.787506103515625 170.5187530517578125 167.2687530517578125 163.462493896484375 160.4499969482421875 155.4250030517578125
378.14373779296875 379.46875 375.51873779296875 371.306243896484375 367.20623779296875 358.625 351.39373779296875 349.024993896484375 350.125 343.962493896484375 338.350006103515625 330.66876220703125 321.73748779296875 316.11248779296875 314.15625 310.17498779296875 304.39373779296875 294.65625 285.58123779296875 274.899993896484375 260.006256103515625 243.631256103515625 232.4250030517578125 222.8562469482421875 214.90625 205.40625 209.056243896484375 213.868743896484375 218.087493896484375 222.462493896484375 229.9562530517578125 234.5124969482421875 230.21875 219.993743896484375 212.318756103515625 203.2062530517578125 195.756256103515625 187.6062469482421875 181.5187530517578125 174.3312530517578125 165.537506103515625 160.756256103515625 160.431243896484375 161.2937469482421875 158.1875
378.48748779296875 375.931243896484375 366.35626220703125 355.09375 347.993743896484375 344.649993896484375 338.48748779296875 339.368743896484375 337.162506103515625 329.131256103515625 325.506256103515625 319.756256103515625 313.162506103515625 309.412506103515625 307.75 304.693756103515625 299.25 294.6875 284.399993896484375 271.1875 257.356231689453125 243.9499969482421875 232.34375 221.975006103515625 211.818756103515625 207.28125 207.7375030517578125 208.818756103515625 212.4375 216.4250030517578125 222.243743896484375 223.806243896484375 219.5500030517578125 213.0500030517578125 206.9812469482421875 197.649993896484375 194.443756103515625 187.53125 180.4812469482421875 177.125 171.306243896484375 165.53125 161.5 159.03125 156.8125
377.618743896484375 370.537506103515625 356.256256103515625 346.70001220703125 340.024993896484375 334.76873779296875 332.17498779296875 327.806243896484375 325.068756103515625 320.15625 316.024993896484375 309.04376220703125 307.32501220703125 299.88751220703125 298.649993896484375 298.53125 295.662506103515625 288.71875 280.9375 271.26873779296875 254.6750030517578125 240.2375030517578125 229.2687530517578125 217.475006103515625 208.2062530517578125 205.9375 205.0187530517578125 204.3874969482421875 207.368743896484375 209.2687530517578125 214.1875 213.056243896484375 208.9812469482421875 204.381256103515625 198.8937530517578125 190.34375 187.5124969482421875 184.40625 180.943756103515625 176.5437469482421875 174.1687469482421875 167.931243896484375 163.068756103515625 157.875 156.993743896484375
367.412506103515625 357.78125 345.0625 337.07501220703125 332.649993896484375 324.46875 325.08123779296875 315.92498779296875 312.01251220703125 306.26873779296875 301.89373779296875 294.54376220703125 292.443756103515625 290.26251220703125 288.65625 289.96875 283.618743896484375 276.725006103515625 270.01873779296875 262.225006103515625 246.037506103515625 233.2687530517578125 222.2937469482421875 213.0625 208.131256103515625 203.037506103515625 202.0124969482421875 199.8249969482421875 199.3125 201.375 201.3125 201.0437469482421875 196.725006103515625 192.9875030517578125 189.7375030517578125 183.375 180.225006103515625 178.6437530517578125 175.399993896484375 175.5749969482421875 173.506256103515625 168.8062591552734375 164.7312469482421875 162.368743896484375 161.131256103515625
350.337493896484375 343.48748779296875 332.15625 327.34375 320.01251220703125 312.0625 309.787506103515625 303.006256103515625 298.53125 295.04998779296875 295.45623779296875 288.57501220703125 285.08123779296875 283.912506103515625 280.3125 276.39373779296875 270.23748779296875 267.07501220703125 257.8125 250.2062530517578125 235.03125 224.787506103515625 213.6062469482421875 207.774993896484375 203.1750030517578125 199.6062469482421875 196.743743896484375 194.90625 192.068756103515625 191.7312469482421875 191.59375 189.6750030517578125 184.4499969482421875 183.899993896484375 180.4499969482421875 177.9250030517578125 173.1125030517578125 171.9499969482421875 169.46875 171.8937530517578125 170.024993896484375 168.131256103515625 165.4812469482421875 165.0749969482421875 169.350006103515625
333.806243896484375 326.462493896484375 321.368743896484375 316.71875 312.89373779296875 303.23126220703125 297.29376220703125 289.29998779296875 283.38751220703125 279.59375 278.64373779296875 277.850006103515625 273.0625 268.787506103515625 267.07501220703125 265.318756103515625 260.21875 255.4250030517578125 244.6750030517578125 235.375 225.15625 216.4187469482421875 206.600006103515625 200 196.84375 192.818756103515625 189.193756103515625 186.3562469482421875 185.056243896484375 183.368743896484375 181.943756103515625 179.125 175.3125 172.475006103515625 170.78125 168.087493896484375 165.881256103515625 162.381256103515625 163.0124969482421875 164.1750030517578125 162.90625 163.9812469482421875 165.0625 165.725006103515625 172.9875030517578125
314.88751220703125 309.306243896484375 307.21875 306.225006103515625 303.868743896484375 294.29376220703125 282.850006103515625 275.556243896484375 265.037506103515625 262.04376220703125 263.318756103515625 263.6875 264.35626220703125 263.13751220703125 259.5 255.1999969482421875 248.375 243.34375 233.4250030517578125 221.9499969482421875 213.181243896484375 203.899993896484375 197.056243896484375 191.40625 188.306243896484375 185.193756103515625 183.8625030517578125 181.71875 179.475006103515625 177.5 173.756256103515625 169.9812469482421875 164.587493896484375 162.631256103515625 156.8125 155.7624969482421875 152.587493896484375 154.524993896484375 155.2375030517578125 155.431243896484375 155.068756103515625 154.9499969482421875 156.6999969482421875 159.649993896484375 165.84375
298.1875 295.993743896484375 291.725006103515625 289.48748779296875 285.78125 276.787506103515625 265.037506103515625 258.65625 249.3249969482421875 242.462493896484375 242.3249969482421875 249.381256103515625 254.78125 252.6687469482421875 250.006256103515625 243.662506103515625 235.8249969482421875 227.774993896484375 220.899993896484375 210.125 202.693756103515625 194.850006103515625 188.2937469482421875 184.3125 180.9187469482421875 177.649993896484375 178.5062408447265625 177.03125 172.774993896484375 169.6937408447265625 166.1999969482421875 161.881256103515625 156.28125 150.9187469482421875 146.5812530517578125 144.71875 146.9250030517578125 145.306243896484375 146.2312469482421875 149.0812530517578125 148.318756103515625 150.46875 150.9875030517578125 153.6125030517578125 155.5437469482421875
283.4375 283.73748779296875 279.29998779296875 276.568756103515625 274.14373779296875 263.54376220703125 253.524993896484375 243.600006103515625 233.287506103515625 220.6750030517578125 229.587493896484375 247.649993896484375 250.8874969482421875 246.3562469482421875 240.8312530517578125 232.943756103515625 222.337493896484375 213.881256103515625 207.34375 196.412506103515625 191.0749969482421875 184.9375 178.15625 174.90625 172.631256103515625 171.8312530517578125 171.2937469482421875 169.4375 165.78125 162.9875030517578125 159.9375 156.212493896484375 149.8937530517578125 142.5187530517578125 138.7624969482421875 138.943756103515625 139.587493896484375 139.8312530517578125 139.725006103515625 140.462493896484375 139.9250030517578125 140.2937469482421875 144.3625030517578125 147.693756103515625 149.0500030517578125
271.837493896484375 271.806243896484375 270.368743896484375 266.57501220703125 265.60626220703125 256.943756103515625 247.625 236.6062469482421875 226.6687469482421875 214.34375 237.056243896484375 254.8000030517578125 251.337493896484375 244.287506103515625 234.96875 224.431243896484375 212.0625 204.5 195.8249969482421875 187.4187469482421875 180.0812530517578125 174.943756103515625 169.506256103515625 166.743743896484375 164.8125 163.9375 161.787506103515625 163.65625 161.631256103515625 157.1125030517578125 152.53125 148.8125 143.743743896484375 135.6999969482421875 129.743743896484375 130.3562469482421875 132.6437530517578125 132.6374969482421875 134.818756103515625 133.9250030517578125 133.8625030517578125 134.78125 134.524993896484375 135.412506103515625 137.7937469482421875
266.54376220703125 265.4375 262.881256103515625 260.21875 254.65625 247.6062469482421875 242.118743896484375 237.681243896484375 236.25 244.9187469482421875 270.61248779296875 265.73748779296875 250.649993896484375 240.399993896484375 229.662506103515625 218.3125 206.71875 198.1875 189.881256103515625 180.1999969482421875 171.5 164.693756103515625 161.0500030517578125 160.0437469482421875 157.1374969482421875 155.9375 156.46875 158.1437530517578125 155.131256103515625 152.693756103515625 146.90625 140.087493896484375 136.65625 132.443756103515625 130.193756103515625 129.59375 129.46875 131.243743896484375 129.8937530517578125 127.3874969482421875 128.8625030517578125 129.1374969482421875 127.65000152587890625 129.506256103515625 130.2562408447265625
266.662506103515625 263.181243896484375 261.131256103515625 257.100006103515625 252.59375 245.6687469482421875 238.806243896484375 241.1750030517578125 243.9562530517578125 251.306243896484375 257.91876220703125 256.4375 243.59375 231.993743896484375 223.962493896484375 211.1062469482421875 198.71875 189.631256103515625 180.2687530517578125 172.0812530517578125 162.6437530517578125 156.75 151.037506103515625 150.0187530517578125 149.1437530517578125 149.181243896484375 149.1374969482421875 150.1062469482421875 148.2062530517578125 145.899993896484375 142.6062469482421875 139.662506103515625 136.1125030517578125 133.40625 131.40625 129.7062530517578125 128.4812469482421875 129.493743896484375 127.65000152587890625 122.81874847412109375 122.6062469482421875 122.6125030517578125 120.0625 119.40000152587890625 122.24375152587890625
