data/historical-monthly-weather-data/wc2.1_cruts4.09_10m_prec_2019-06.asc
ncols        45
nrows        45
xllcorner    -63.500000000000
yllcorner    -7.500000000000
cellsize     0.166666666667
NODATA_value -9999
[rows 0 to 19 of 45, columns 0 to 43 of 45]
333.412506103515625 330.931243896484375 328.787506103515625 337.34375 340.96875 346.274993896484375 344.756256103515625 340.943756103515625 330.45001220703125 331.193756103515625 334.59375 332.26873779296875 330.162506103515625 324.149993896484375 316.26251220703125 310.16876220703125 301.631256103515625 293.431243896484375 285.04376220703125 280.131256103515625 279.706268310546875 270.67498779296875 263.40625 253.743743896484375 246.287506103515625 240.5812530517578125 239.8937530517578125 241.59375 236.7312469482421875 232.9812469482421875 224.46875 222.46875 224.6062469482421875 222.412506103515625 220.149993896484375 214.681243896484375 207.993743896484375 202.743743896484375 191.40625 182.274993896484375 175.943756103515625 173.1437530517578125 164.0625 157.2375030517578125
326.850006103515625 324.4375 329.412506103515625 335.506256103515625 344.20001220703125 348.61248779296875 346.118743896484375 340.98126220703125 337.95623779296875 337.01873779296875 335.64373779296875 329.787506103515625 318.13751220703125 308.98748779296875 298.79376220703125 290.54998779296875 279.71875 268.787506103515625 260.037506103515625 256.40625 253.8937530517578125 245.96875 241 234.131256103515625 226.8125 220.149993896484375 220.0749969482421875 219.431243896484375 215.975006103515625 209.899993896484375 206.875 210.193756103515625 211.3249969482421875 212.337493896484375 212.8249969482421875 203.7062530517578125 197.5187530517578125 190.3937530517578125 179.243743896484375 170.3000030517578125 165.59375 155.0250091552734375 150.287506103515625 143.1750030517578125
312.587493896484375 318.98748779296875 323.09375 323.225006103515625 331.712493896484375 338.58123779296875 338.693756103515625 342.100006103515625 339.506256103515625 336.868743896484375 330.787506103515625 319.149993896484375 308.306243896484375 291.65625 279.09375 269.11248779296875 256.26251220703125 246.0812530517578125 237.96875 232.125 229.5749969482421875 226.6437530517578125 220.556243896484375 217.3874969482421875 207.0749969482421875 199.2937469482421875 202.756256103515625 200.5812530517578125 195.0437469482421875 195.787506103515625 192.6062469482421875 193.475006103515625 194.9250030517578125 198.2375030517578125 197.0625 184.7062530517578125 180.8562469482421875 176.993743896484375 167.65625 160.287506103515625 157.587493896484375 149.65625 143.1687469482421875 135.462493896484375
296.54998779296875 297.274993896484375 306.58123779296875 311.85626220703125 315.17498779296875 320.90625 326.537506103515625 331.475006103515625 333.412506103515625 332.368743896484375 321.71875 305.8125 289.662506103515625 271.86248779296875 259.8125 248.9812469482421875 233.381256103515625 224.787506103515625 217.1374969482421875 217.662506103515625 212.649993896484375 204.1125030517578125 199.3562469482421875 197.368743896484375 187.09375 179.787506103515625 180.7312469482421875 177.15625 175.931243896484375 178.5749969482421875 178.9250030517578125 178.3937530517578125 180.125 179.381256103515625 178.899993896484375 176.6687469482421875 173.431243896484375 167.368743896484375 158.568756103515625 152.225006103515625 148.9499969482421875 145.024993896484375 138.631256103515625 130.787506103515625
303.412506103515625 300.149993896484375 289.96875 296.556243896484375 306.681243896484375 306.89373779296875 312.118743896484375 322.100006103515625 329.662506103515625 329.149993896484375 316.57501220703125 290.287506103515625 273.212493896484375 256.78125 241.287506103515625 229.368743896484375 216.5625 203.5812530517578125 195.756256103515625 194.1125030517578125 188.7375030517578125 183.524993896484375 179.4499969482421875 175.9875030517578125 166.5625 160.587493896484375 159.5500030517578125 161.2062530517578125 160.975006103515625 161.181243896484375 165.2375030517578125 168.1125030517578125 168.7062530517578125 170.274993896484375 173.256256103515625 167.087493896484375 163.443756103515625 160.3000030517578125 151.3249969482421875 144.056243896484375 141.931243896484375 138.381256103515625 133.8125 129.2375030517578125
293.149993896484375 294.993743896484375 286.0625 272.09375 284.899993896484375 297.13751220703125 298.368743896484375 304.10626220703125 315.46875 316.881256103515625 298.64373779296875 274.5 258.631256103515625 242.9812469482421875 225.868743896484375 214.03125 200.4562530517578125 187.975006103515625 182.40625 178.118743896484375 174.912506103515625 168.962493896484375 163.75 156.7687530517578125 151.431243896484375 146.881256103515625 144.725006103515625 146.524993896484375 147.25 148.618743896484375 155.118743896484375 159.1374969482421875 163.1875 164.0875091552734375 163.4562530517578125 164.1437530517578125 158.46875 150.4812469482421875 146.6125030517578125 145.618743896484375 141.3937530517578125 140.131256103515625 134.9875030517578125 130.9562530517578125
289.78125 287.86248779296875 279.75 270.66876220703125 263.931243896484375 263.67498779296875 265.181243896484375 277.056243896484375 278.39373779296875 279.212493896484375 269.393768310546875 251.65625 240.96875 229.3937530517578125 214.225006103515625 201.743743896484375 190.84375 178.681243896484375 168.306243896484375 164.131256103515625 156.443756103515625 151.3937530517578125 145.493743896484375 141.5812530517578125 139.96875 135.8562469482421875 133.65625 133.8312530517578125 134.6687469482421875 141.96875 144.96875 147.0749969482421875 150.337493896484375 155.71875 161.068756103515625 157.9812469482421875 149.818756103515625 145.6687469482421875 142.131256103515625 143.09375 139.975006103515625 138.399993896484375 136.693756103515625 134.006256103515625
282.912506103515625 275.100006103515625 267.57501220703125 265.46875 258.899993896484375 261.26873779296875 249.46875 239.475006103515625 231.024993896484375 235.962493896484375 236.225006103515625 228.8937530517578125 222.631256103515625 212.9250030517578125 203.7375030517578125 192.3249969482421875 178.8249969482421875 167.662506103515625 156.774993896484375 147.162506103515625 147.3874969482421875 140.09375 133.25 129.1374969482421875 127.6062469482421875 122.50624847412109375 121.6875 122.15000152587890625 123.5124969482421875 127.875 137 139.5 144.0749969482421875 148.4375 149.71875 146.756256103515625 142.850006103515625 139.631256103515625 134.225006103515625 132.3249969482421875 132.4562530517578125 134.9375 131.337493896484375 127.53125
272.837493896484375 267.54376220703125 256.787506103515625 251.25 246.9812469482421875 242.5437469482421875 240.21875 235 218.368743896484375 207.962493896484375 205.931243896484375 204.399993896484375 206.2375030517578125 199.90625 192.25 180.475006103515625 173.8625030517578125 165.1875 156.068756103515625 144.0187530517578125 134.368743896484375 133.0749969482421875 123.18125152587890625 122.875 118.22499847412109375 114.1437530517578125 114.08750152587890625 116.6437530517578125 121.47499847412109375 126.0625 136.15625 133.8312530517578125 132.7375030517578125 135.25 140.556243896484375 143.4875030517578125 142.7687530517578125 142.068756103515625 137.21875 132.537506103515625 129.75 127.4375 130.4812469482421875 127.5
263.399993896484375 258.73126220703125 248.806243896484375 242.5812530517578125 237.024993896484375 231.1999969482421875 227.25 218.431243896484375 211.131256103515625 203.0500030517578125 194.818756103515625 184.5437469482421875 188.943756103515625 187.2125091552734375 181.8625030517578125 174.087493896484375 165.243743896484375 162.0500030517578125 153.9499969482421875 145.1687469482421875 132.7312469482421875 124.6374969482421875 114.00624847412109375 111.61875152587890625 106.3249969482421875 104.90625 106.30625152587890625 108.5187530517578125 111.6750030517578125 120.09999847412109375 128.6875 130.087493896484375 132.5500030517578125 135.631256103515625 137.1875 138.462493896484375 140.3000030517578125 142.068756103515625 139.881256103515625 140.4437408447265625 140.306243896484375 138.256256103515625 131.7937469482421875 124.1125030517578125
257.5625 250.3562469482421875 240.03125 231.8312530517578125 223.6624908447265625 220.725006103515625 211.6687469482421875 203.524993896484375 199.4875030517578125 194.46875 189.318756103515625 180.6750030517578125 174.9562530517578125 174.7062530517578125 169.40625 163.712493896484375 156.6437530517578125 150.193756103515625 146.100006103515625 142.7375030517578125 138.1125030517578125 125.8937530517578125 110.5124969482421875 97.53125 96.86875152587890625 100.59375 103.8249969482421875 104.83750152587890625 106.33750152587890625 113.65000152587890625 121.8874969482421875 126.28125 130.287506103515625 134.0749969482421875 136.837493896484375 135.5124969482421875 137.725006103515625 138.212493896484375 142.3937530517578125 141.899993896484375 141.3000030517578125 137.5500030517578125 135.100006103515625 123.78125
246.4875030517578125 240.368743896484375 233.681243896484375 222.225006103515625 214.9250030517578125 208.2312469482421875 204.8249969482421875 198.7062530517578125 193.96875 184.1125030517578125 181.84375 175.9187469482421875 163.162506103515625 162.256256103515625 161.9187469482421875 155.6999969482421875 148.9875030517578125 144.1999969482421875 141.90625 143.8562469482421875 139.9812469482421875 129.15625 112.6750030517578125 96.96250152587890625 92.6687469482421875 92.15625 94.8249969482421875 99.4562530517578125 105.00624847412109375 110.99375152587890625 114.3249969482421875 121.7937469482421875 126.4499969482421875 127.6875 132.8874969482421875 136.46875 140.9250030517578125 142.9499969482421875 140.243743896484375 144.1374969482421875 144.600006103515625 140.1437530517578125 128.412506103515625 110.84375
240.399993896484375 232.537506103515625 223.90625 212.881256103515625 206.78125 198.350006103515625 193.4562530517578125 188.25 181.3625030517578125 175.40625 171.8937530517578125 168.162506103515625 161.2062530517578125 149.024993896484375 145.40625 143.0625 138.5124969482421875 136.2312469482421875 129.912506103515625 130.774993896484375 129.850006103515625 120.5500030517578125 108.1374969482421875 95.84999847412109375 86.1374969482421875 84.50624847412109375 90.52500152587890625 97.2375030517578125 104.8874969482421875 112.8937530517578125 115.2937469482421875 118.0124969482421875 124.75624847412109375 124.1875 128.318756103515625 133.9499969482421875 142.443756103515625 147.556243896484375 154.4812469482421875 153.806243896484375 147.431243896484375 140.8249969482421875 122.8874969482421875 108.56874847412109375
232.087493896484375 224.524993896484375 214.493743896484375 204.5 194.899993896484375 188.568756103515625 181.868743896484375 178.443756103515625 174.056243896484375 167 162.681243896484375 155.587493896484375 150.5625 142.4375 129.8125 130.368743896484375 125.6437530517578125 121.78125 118.00624847412109375 117.63124847412109375 115.8312530517578125 108.1750030517578125 98.72499847412109375 92.1062469482421875 86.0124969482421875 82.15000152587890625 86.46875 92.5 100.15625 107.2375030517578125 114.1374969482421875 118.4562530517578125 122.0625 125.69374847412109375 126.28125 137.506256103515625 150.3937530517578125 160.662506103515625 168.4499969482421875 164.5749969482421875 144.8249969482421875 131.9749908447265625 127.4875030517578125 128.25
219 212.225006103515625 205.225006103515625 197.15625 187.5812530517578125 181.149993896484375 176.1750030517578125 170.78125 165.6374969482421875 159.90625 153.850006103515625 147.3874969482421875 141.381256103515625 131.84375 118.11875152587890625 116.8312530517578125 113.55625152587890625 112.44374847412109375 106.6125030517578125 105.05625152587890625 104.53125 98.91249847412109375 93.6125030517578125 90.7937469482421875 89.71875 87.90000152587890625 93.2312469482421875 99.24375152587890625 108.25624847412109375 111.28749847412109375 113.0749969482421875 119.56874847412109375 127.7687530517578125 126.1687469482421875 122.4499969482421875 127.1687469482421875 148.006256103515625 169.2375030517578125 174.243743896484375 166.0437469482421875 155.993743896484375 149.9875030517578125 150.375 140.1875
209.1374969482421875 200.556243896484375 194.2312469482421875 184.993743896484375 179.681243896484375 174.524993896484375 168.568756103515625 162.100006103515625 159.181243896484375 156.431243896484375 149.875 142.2624969482421875 135.7687530517578125 126.49375152587890625 114.5812530517578125 101.06874847412109375 100.6062469482421875 101.875 96.8562469482421875 95.0437469482421875 93.9187469482421875 90.74375152587890625 88.7687530517578125 90.4499969482421875 91.43125152587890625 91.49375152587890625 96.18125152587890625 103.96875 111.6062469482421875 119.5187530517578125 123.34999847412109375 125.09999847412109375 121.9250030517578125 117.97499847412109375 114.96250152587890625 135.40625 146.0812530517578125 161.256256103515625 172.59375 176.7375030517578125 176.5 171.4499969482421875 160.6687469482421875 144.4812469482421875
197.7937469482421875 191.243743896484375 183.0625 177.7687530517578125 172.4562530517578125 168.4562530517578125 162.681243896484375 157.6125030517578125 151.024993896484375 146.506256103515625 142.9499969482421875 136.631256103515625 127.78749847412109375 118.81874847412109375 111.6125030517578125 99.50624847412109375 86.58750152587890625 87.0124969482421875 86.6750030517578125 84.49375152587890625 82.7375030517578125 82.5625 82.0187530517578125 88.3000030517578125 91.0500030517578125 89.72499847412109375 95.1687469482421875 102.875 114.77500152587890625 123.7624969482421875 130.899993896484375 135.9875030517578125 132.5124969482421875 133.1750030517578125 142.899993896484375 151.6875 165.5749969482421875 177.787506103515625 188.493743896484375 182.1374969482421875 181.712493896484375 171.4562530517578125 155.475006103515625 144.243743896484375
185.0625 180.068756103515625 175.975006103515625 171.25 166.9562530517578125 164.962493896484375 158.5437469482421875 152.7937469482421875 145.8312530517578125 138.2062530517578125 132.225006103515625 128.1875 118.8625030517578125 111.03125 105.7375030517578125 96.59999847412109375 84.46875 73.7375030517578125 78.54375457763671875 74.24375152587890625 73.1750030517578125 73.80625152587890625 76.90625 83.46875 89.49375152587890625 89.50624847412109375 93.44374847412109375 105.53749847412109375 116.9499969482421875 123.13124847412109375 124.02500152587890625 124.80625152587890625 144.0187530517578125 149.65625 154.625 181.0187530517578125 192.287506103515625 188.6875 190.7375030517578125 186.84375 170.6125030517578125 156.9562530517578125 144.2624969482421875 136.649993896484375
173.787506103515625 171.662506103515625 168.212493896484375 165.024993896484375 162.1062469482421875 157.7750091552734375 152.556243896484375 146.5437469482421875 140.681243896484375 134.2874908447265625 126.74375152587890625 116.5812530517578125 108.7624969482421875 102.81874847412109375 96.0625 89.03125 83.15000152587890625 71.2624969482421875 65.34999847412109375 63.174999237060546875 65.52500152587890625 69.34375 66.16249847412109375 75.47499847412109375 82.47499847412109375 90.6687469482421875 98.6875 105.78749847412109375 119.5812530517578125 125.3625030517578125 128.149993896484375 135.631256103515625 146.9812469482421875 150.725006103515625 161.693756103515625 181.2062530517578125 185.431243896484375 180.618743896484375 181.3000030517578125 172.100006103515625 157.9812469482421875 141.28125 134.2624969482421875 130.875
165.618743896484375 164.3937530517578125 160.100006103515625 153.8562469482421875 150.431243896484375 150.375 146.125 139.7062530517578125 136.3249969482421875 130.5500030517578125 123.46875 115.8625030517578125 106.94374847412109375 97.93125152587890625 90 78.50624847412109375 70.69374847412109375 69.2312469482421875 63.30625152587890625 61.875 57.375 58.74375152587890625 64.5749969482421875 71.8125 76.34375 81.5500030517578125 90.0625 105.15625 112.27500152587890625 115.90000152587890625 122.7312469482421875 142.7937469482421875 149.6125030517578125 152.28125 157.0500030517578125 169.056243896484375 176.600006103515625 173.5437469482421875 167.7937469482421875 159.1875 143.649993896484375 126.50624847412109375 125.8249969482421875 125.125
