data/historical-monthly-weather-data/wc2.1_cruts4.09_10m_prec_1971-10.asc
ncols        45
nrows        45
xllcorner    -63.500000000000
yllcorner    -7.500000000000
cellsize     0.166666666667
NODATA_value -9999
[rows 20 to 39 of 45, columns 0 to 43 of 45]
166.4875030517578125 175.9875030517578125 184.568756103515625 192.4250030517578125 199.4187469482421875 203.6437530517578125 207.087493896484375 208.1750030517578125 205.756256103515625 199.8312530517578125 191.993743896484375 183.006256103515625 174.3625030517578125 165.350006103515625 160.8874969482421875 157.225006103515625 153.274993896484375 152.6062469482421875 155.975006103515625 159.600006103515625 170.837493896484375 185.274993896484375 199.65625 208.693756103515625 215.193756103515625 216.3625030517578125 207.943756103515625 192.9375 178.100006103515625 166.274993896484375 157.681243896484375 156 161.068756103515625 169.1437530517578125 178.2062530517578125 176.8874969482421875 174.4562530517578125 176.65625 179.9437408447265625 183.2687530517578125 185.212493896484375 183.3874969482421875 177.2062530517578125 170.4187469482421875
152.7687530517578125 164.537506103515625 174.6875 184.0187530517578125 192.787506103515625 198.587493896484375 202.96875 205.7624969482421875 205.2062530517578125 199.34375 190.5124969482421875 180.774993896484375 171.662506103515625 163.96875 158.943756103515625 155.5437469482421875 153.15625 153.4250030517578125 156.0500030517578125 160.274993896484375 168.9749908447265625 181.3312530517578125 194.8874969482421875 201.993743896484375 206.21875 207.625 202.84375 193.0437469482421875 183.6875 175.3937530517578125 168.587493896484375 165.912506103515625 169.9250030517578125 176.993743896484375 182.1875 183.21875 180.9562530517578125 180.0437469482421875 181.4250030517578125 184.3000030517578125 185.9562530517578125 184.475006103515625 180.899993896484375 175.25
141.875 155.75 167.100006103515625 177.3312530517578125 185.993743896484375 192.4499969482421875 198.100006103515625 203.125 205.6937408447265625 198.806243896484375 189.243743896484375 178.40625 170.056243896484375 163.743743896484375 158.837493896484375 155.318756103515625 153.193756103515625 154.837493896484375 157.4250030517578125 161.1374969482421875 169.962493896484375 179.8937530517578125 190.4375 196.493743896484375 199.7624969482421875 199.1999969482421875 196.868743896484375 193.056243896484375 186.3937530517578125 180.7937469482421875 176.71875 174.8000030517578125 177.287506103515625 182.3000030517578125 185.65625 186.3874969482421875 184.7687530517578125 182.193756103515625 183.1062469482421875 187.943756103515625 190.90625 189.9187469482421875 186.9812469482421875 181.725006103515625
132.84375 147.4250030517578125 160.2937469482421875 169.71875 178.149993896484375 184.912506103515625 190.662506103515625 196.6687469482421875 199.287506103515625 193.993743896484375 184.9375 176.181243896484375 169.1125030517578125 163.693756103515625 160.1687469482421875 157.3499908447265625 156.1437530517578125 157.993743896484375 160.5124969482421875 163.868743896484375 172.0749969482421875 181.5437469482421875 189.34375 193.431243896484375 194.8249969482421875 192.2687530517578125 188.28125 187.975006103515625 186.806243896484375 184.131256103515625 181.46875 179.8312530517578125 182.1750030517578125 185.4499969482421875 188.21875 190.7249908447265625 190.4875030517578125 188.274993896484375 190.4875030517578125 194.868743896484375 198.3249969482421875 198.056243896484375 195.2937469482421875 189.9875030517578125
127.9499969482421875 141.162506103515625 154.09375 162.1125030517578125 169.9875030517578125 176.4375 181.850006103515625 186.59375 188.475006103515625 186.1875 181.0437469482421875 174.493743896484375 169.131256103515625 164.8625030517578125 162.1125030517578125 160.600006103515625 159.806243896484375 162.037506103515625 164.65625 168.15625 175.3125 182.3125 189.6687469482421875 192.1750030517578125 193.118743896484375 193.0437469482421875 189.5812530517578125 188.65625 188.0124969482421875 186.162506103515625 183.78125 181.306243896484375 184.46875 187.09375 189.9625091552734375 192.806243896484375 195.5500030517578125 197.5437469482421875 200.274993896484375 205.4375 209.3312530517578125 208.975006103515625 206.2312469482421875 202.6374969482421875
124.27500152587890625 134.912506103515625 144.412506103515625 153.25 160.649993896484375 166.756256103515625 172 176.46875 179.1374969482421875 179.412506103515625 175.787506103515625 172.162506103515625 168.368743896484375 165.381256103515625 164.3562469482421875 163.662506103515625 163.9812469482421875 166.1687469482421875 169.225006103515625 172.6875 179.0437469482421875 184.837493896484375 190.881256103515625 193.087493896484375 194.375 195.100006103515625 192.9375 190.8874969482421875 189.475006103515625 187.743743896484375 184.0187530517578125 182.625 186.056243896484375 188.3625030517578125 191.868743896484375 196.0187530517578125 200.5 205.462493896484375 210.412506103515625 216.556243896484375 221.631256103515625 222.15625 219.6374969482421875 217.037506103515625
121.78125 127.86875152587890625 135.7375030517578125 143.4375 150.337493896484375 157 162.5500030517578125 167.5 170.3625030517578125 171.337493896484375 171.556243896484375 170.337493896484375 168.71875 167.475006103515625 167.0812530517578125 167.587493896484375 167.806243896484375 170.787506103515625 173.712493896484375 176.899993896484375 182.65625 187.6125030517578125 192.46875 195.756256103515625 196.2687530517578125 196.8562469482421875 194.2624969482421875 191.712493896484375 190.087493896484375 187.787506103515625 185.40625 182.837493896484375 186.7312469482421875 189.9250030517578125 192.9812469482421875 198.443756103515625 204.28125 210.5437469482421875 218.131256103515625 227.3312530517578125 234.693756103515625 238.0437469482421875 238.3000030517578125 237.181243896484375
118.3625030517578125 121.3625030517578125 127.6875 134.46875 140.693756103515625 147.4312591552734375 153.8937530517578125 159.0124969482421875 162.556243896484375 165.3937530517578125 167.0187530517578125 167.850006103515625 168.8312530517578125 168.8125 169.7375030517578125 171.006256103515625 172.5187530517578125 174.868743896484375 178.1875 182.0437469482421875 186.4812469482421875 190.600006103515625 195.556243896484375 197.3249969482421875 197.6437530517578125 198.225006103515625 195.899993896484375 193.243743896484375 189.993743896484375 187.3874969482421875 184.350006103515625 182.4875030517578125 186.524993896484375 190.0187530517578125 194.6374969482421875 200.1687469482421875 206.1999969482421875 214.7687530517578125 224.3125 236.8249969482421875 249.693756103515625 255.006256103515625 255.6437530517578125 258.76873779296875
115.0812530517578125 115.7624969482421875 120.47499847412109375 126.52500152587890625 132.193756103515625 138.46875 144.725006103515625 150.681243896484375 155.399993896484375 159.9562530517578125 163.65625 166.274993896484375 168.625 170.1374969482421875 172.399993896484375 174.3562469482421875 176.868743896484375 179.5 182.631256103515625 186.443756103515625 189.875 193.6125030517578125 197.6062469482421875 198.5437469482421875 198.399993896484375 198.975006103515625 196.350006103515625 193.125 190.649993896484375 187.306243896484375 183.4187469482421875 181.524993896484375 185.681243896484375 189.6374969482421875 194.53125 200.912506103515625 207.506256103515625 215.756256103515625 226.149993896484375 240.2312469482421875 256.51873779296875 263.931243896484375 267.431243896484375 276.83123779296875
116.1875 115.2312469482421875 118.40625 122.3000030517578125 126.91249847412109375 132.3000030517578125 138.59375 145.068756103515625 151.03125 156.056243896484375 161.46875 165.006256103515625 169.125 172.181243896484375 174.8125 177.7687530517578125 179.881256103515625 183.5 186.3937530517578125 188.9499969482421875 192.5500030517578125 196.0187530517578125 198.9499969482421875 198.4812469482421875 198.2062530517578125 199.0187530517578125 195.8562469482421875 191.9875030517578125 188.375 185.3562469482421875 182.65625 181.024993896484375 184.7375030517578125 189.2062530517578125 193.6125030517578125 199.318756103515625 205.0812530517578125 213.1125030517578125 220.818756103515625 232.100006103515625 246.506256103515625 259.48748779296875 268.29376220703125 282.5625
117.6687469482421875 114.96875 116.93125152587890625 118.78125 122.1687469482421875 128.037506103515625 134.09375 140.5500030517578125 146.774993896484375 152.568756103515625 159.306243896484375 164.625 170.53125 174.962493896484375 177.5 180.7937469482421875 183.962493896484375 186.9187469482421875 189.631256103515625 192.3874969482421875 194.881256103515625 197.931243896484375 200.375 198.975006103515625 197.9812469482421875 197.4250030517578125 193.931243896484375 189.7312469482421875 185.6687469482421875 183 181.4250030517578125 180.350006103515625 183.837493896484375 188.3625030517578125 192.6062469482421875 196.6687469482421875 201.84375 208.9375 214.4812469482421875 218.78125 232.1875 249.6750030517578125 265.125 279.90625
118.9812469482421875 114.96875 115.09999847412109375 116.46250152587890625 119.53749847412109375 124.1062469482421875 129.787506103515625 136.1062469482421875 142.774993896484375 149.4812469482421875 156.806243896484375 163.8000030517578125 170.4250030517578125 176.600006103515625 180.6374969482421875 184.1999969482421875 186.756256103515625 188.837493896484375 192.5 195.125 196.9812469482421875 199.2624969482421875 201.21875 198.712493896484375 197.068756103515625 195.306243896484375 191.3312530517578125 186.9375 182.5500030517578125 180.8562469482421875 179.837493896484375 178.84375 182.287506103515625 187.0500030517578125 190.3125 193.8874969482421875 198.3312530517578125 204.0812530517578125 207.375 212.3125 225.6062469482421875 243.96875 260.16876220703125 277.10626220703125
125.0812530517578125 120.44374847412109375 119.34999847412109375 119.6875 120.7375030517578125 124.0812530517578125 128.21875 133.006256103515625 139.1999969482421875 146.2624969482421875 155.9875030517578125 163.274993896484375 171.662506103515625 179.774993896484375 183.8312530517578125 186.78125 188.5625 190.7937469482421875 193.725006103515625 196.1750030517578125 197.5812530517578125 199.318756103515625 200.375 197.931243896484375 195.368743896484375 192.8625030517578125 188.537506103515625 183.5124969482421875 179.100006103515625 178.5749969482421875 177.9250030517578125 177.5187530517578125 179.2062530517578125 183.537506103515625 187.875 192.375 195.8000030517578125 199.2375030517578125 202.6750030517578125 210.6437530517578125 222.2624969482421875 237.225006103515625 252.3249969482421875 267.36248779296875
131.0500030517578125 126.5625 124.6750030517578125 123.6374969482421875 122.4812469482421875 124.52500152587890625 127.1125030517578125 130.493743896484375 135.5749969482421875 142.743743896484375 151.7375030517578125 162.2375030517578125 173.6062469482421875 181.506256103515625 186.28125 188.774993896484375 190.46875 192.75 194.381256103515625 197.0625 197.90625 198.912506103515625 199.4875030517578125 195.631256103515625 192.9812469482421875 189.9499969482421875 184.756256103515625 179.46875 175.350006103515625 175.149993896484375 175.625 176.125 178.2312469482421875 180.78125 185.3000030517578125 189.1687469482421875 191.756256103515625 194.568756103515625 198.90625 206.46875 214.681243896484375 227.2937469482421875 241.743743896484375 255.693756103515625
137.0124969482421875 132.9812469482421875 129.5625 127.3312530517578125 124.7687530517578125 125.375 126.3562469482421875 128.524993896484375 132.09375 138.6999969482421875 148.368743896484375 160.71875 174.3625030517578125 184.931243896484375 188.09375 190.306243896484375 192.024993896484375 193.8249969482421875 195.368743896484375 196.78125 197.537506103515625 197.6062469482421875 197.5812530517578125 192.881256103515625 189.5625 186.100006103515625 181.100006103515625 176.274993896484375 172.0749969482421875 171.9375 172.6125030517578125 174 175.837493896484375 178.65625 181.6437530517578125 184.0187530517578125 186.068756103515625 190.100006103515625 193.943756103515625 199.256256103515625 205.587493896484375 215.0187530517578125 227.274993896484375 238.9375
143.40625 139.475006103515625 136.3874969482421875 133.1687469482421875 130.28125 129.90625 129.225006103515625 129.475006103515625 131.4812469482421875 136.0749969482421875 145.7375030517578125 158.9499969482421875 173.9562530517578125 184.850006103515625 188.7937469482421875 190.8000030517578125 192.037506103515625 193.7687530517578125 195.0124969482421875 195.649993896484375 195.9875030517578125 195.90625 194.181243896484375 189.787506103515625 186.1875 182.3312530517578125 177.556243896484375 173.2624969482421875 169.4562530517578125 169.7312469482421875 170.21875 171.3000030517578125 172.625 175.4250030517578125 176.993743896484375 178.318756103515625 182.2624969482421875 185.2375030517578125 188.662506103515625 192.899993896484375 198.524993896484375 205.943756103515625 212.868743896484375 222.0187530517578125
149.881256103515625 146.256256103515625 143.0749969482421875 139.8625030517578125 136.743743896484375 134.90625 132.774993896484375 131.2624969482421875 131.1875 132.475006103515625 142.5 159.34375 172.90625 182.4499969482421875 187.5124969482421875 190.3562469482421875 191.3874969482421875 192.912506103515625 193.3125 193.1687469482421875 192.7375030517578125 191.756256103515625 190.2624969482421875 185.587493896484375 181.6875 178.212493896484375 173.8000030517578125 170.162506103515625 167.34375 167.381256103515625 168.0187530517578125 168.125 169.975006103515625 172.037506103515625 172.068756103515625 174.493743896484375 177.5749969482421875 180.9499969482421875 183.568756103515625 186.4250030517578125 190.5187530517578125 193.931243896484375 198.8937530517578125 205.368743896484375
155.993743896484375 152.787506103515625 149.4875030517578125 146.3125 143.287506103515625 140.4375 138.100006103515625 135.5812530517578125 134.7937469482421875 133.631256103515625 147.2937469482421875 163.756256103515625 174.2312469482421875 182.524993896484375 187.068756103515625 189.818756103515625 190.5812530517578125 191.46875 191.6125030517578125 190.493743896484375 188.962493896484375 186.5 184.4187469482421875 179.818756103515625 176.774993896484375 173.7937469482421875 169.7375030517578125 166.8562469482421875 164.6437530517578125 164.9875030517578125 164.756256103515625 165.287506103515625 166.868743896484375 167.850006103515625 168.2937469482421875 169.5812530517578125 172.9625091552734375 175.34375 178.2624969482421875 180.8125 181.899993896484375 183.9562530517578125 185.25 187.84375
160.212493896484375 157.03125 154.4187469482421875 151.6062469482421875 148.7624969482421875 146.243743896484375 144.243743896484375 143.725006103515625 145.0437469482421875 151.475006103515625 165.6999969482421875 173.3937530517578125 178.787506103515625 184.4187469482421875 188.493743896484375 190.9250030517578125 191.34375 191.118743896484375 189.5749969482421875 188.118743896484375 184.537506103515625 181.037506103515625 178.4875030517578125 174.4812469482421875 171.287506103515625 169.4562530517578125 167.15625 165.681243896484375 164.193756103515625 164.5187530517578125 165.4812469482421875 165.9875030517578125 166.787506103515625 167.4250030517578125 169.087493896484375 171.056243896484375 172.5 174.431243896484375 176.600006103515625 176.3312530517578125 177.431243896484375 178.662506103515625 178.75 180.412506103515625
164.4250030517578125 161.443756103515625 159.4499969482421875 157.287506103515625 154.59375 153.287506103515625 151.806243896484375 152.8625030517578125 155.975006103515625 162.850006103515625 171.6062469482421875 178.806243896484375 183.8562469482421875 187.587493896484375 191.024993896484375 192.34375 192.4812469482421875 191.306243896484375 188.2375030517578125 184.7687530517578125 179.9875030517578125 175.2312469482421875 171.524993896484375 168.100006103515625 166.524993896484375 165.1875 164.193756103515625 164.3312530517578125 164.1875 164.9875030517578125 165.662506103515625 167.162506103515625 169.443756103515625 170.1875 172.1374969482421875 172.6875 172.6750030517578125 173.6125030517578125 175.15625 173.0749969482421875 172.625 173.756256103515625 173.399993896484375 174.3125
