data/historical-monthly-weather-data/wc2.1_cruts4.09_10m_prec_1986-02.asc
ncols        51
nrows        45
xllcorner    -63.500000000000
yllcorner    -7.500000000000
cellsize     0.166666666667
NODATA_value -9999
[rows 0 to 19 of 45, columns 0 to 43 of 51]
161.193756103515625 160.412506103515625 159.2375030517578125 160.9375 160.53125 163.7375030517578125 165.4875030517578125 164.3937530517578125 162.431243896484375 163.337493896484375 168.0187530517578125 169.931243896484375 170.743743896484375 165.681243896484375 161.1687469482421875 156.84375 153.600006103515625 147.243743896484375 145.0124969482421875 143.7375030517578125 144.8249969482421875 146.3125 149.1999969482421875 150.056243896484375 151.2624969482421875 152.743743896484375 153.1312408447265625 153.225006103515625 153.7062530517578125 154.25 155.53125 157.1125030517578125 157.9375 159.1374969482421875 161.09375 164.3249969482421875 166.306243896484375 167.9375 170.8312530517578125 172.3874969482421875 174.881256103515625 176.743743896484375 177.1687469482421875 180.1437530517578125
165.337493896484375 164.3125 165.243743896484375 165.78125 167.181243896484375 172.6687469482421875 175.78125 179.4875030517578125 182.3000030517578125 184.431243896484375 187.212493896484375 186.087493896484375 183.943756103515625 179.631256103515625 173.78125 167.71875 162.743743896484375 156.649993896484375 152.818756103515625 149.8312530517578125 150.037506103515625 151.850006103515625 154.399993896484375 155.34375 156.03125 157.8249969482421875 158.1125030517578125 158.975006103515625 159.46875 159.537506103515625 159.1125030517578125 160.756256103515625 162.412506103515625 165.0124969482421875 167.1437530517578125 170.4875030517578125 172.975006103515625 174.59375 177.4187469482421875 179.100006103515625 181.337493896484375 182.6875 182.5124969482421875 184.4875030517578125
169.2312469482421875 168.681243896484375 169.881256103515625 171.524993896484375 174.4812469482421875 180.350006103515625 186.9499969482421875 194.7624969482421875 201.2312469482421875 204.40625 205.243743896484375 202.125 197.75 191.587493896484375 183.8937530517578125 176.3937530517578125 169.787506103515625 164.568756103515625 160.6062469482421875 157.868743896484375 158.024993896484375 160.693756103515625 162.2687530517578125 162.243743896484375 163.306243896484375 163.256256103515625 163.4499969482421875 164.5749969482421875 164.1437530517578125 163.34375 163.6374969482421875 164.537506103515625 166.649993896484375 168.1437530517578125 170.90625 173.2687530517578125 176.1374969482421875 178.9375 181.0625 182.868743896484375 184.84375 185.600006103515625 185.3937530517578125 185.5187530517578125
170.9250030517578125 171.1750030517578125 174.212493896484375 177.1437530517578125 183.399993896484375 189.2062530517578125 197.96875 208.9375 218.912506103515625 224.5500030517578125 223.7937469482421875 217.068756103515625 208.7062530517578125 200.287506103515625 191.850006103515625 183.4562530517578125 176.1875 170.037506103515625 167.2312469482421875 167.1062469482421875 168.149993896484375 169.7624969482421875 170.1437530517578125 169.25 168.493743896484375 167.475006103515625 168.28125 168.90625 168.306243896484375 167.9250030517578125 167.3249969482421875 169.03125 170.0437469482421875 171.625 173.2375030517578125 176.4187469482421875 179.3812408447265625 181.90625 184.9375 187.087493896484375 187.837493896484375 188.28125 187.9562530517578125 187.1750030517578125
176.375 174.881256103515625 176.4250030517578125 181.1750030517578125 188.962493896484375 196.806243896484375 205.90625 219.943756103515625 235.274993896484375 245.1875 238.9562530517578125 227.1374969482421875 217.9562530517578125 208.931243896484375 198.7375030517578125 189.7937469482421875 182.381256103515625 175.837493896484375 174.743743896484375 176.1374969482421875 177.6687469482421875 177.618743896484375 177.75 176.0124969482421875 173.5812530517578125 171.7375030517578125 170.875 170.943756103515625 172.3625030517578125 172.3125 172.056243896484375 172.306243896484375 174.03125 175.524993896484375 176.6999969482421875 179.931243896484375 183.600006103515625 186.631256103515625 189.8000030517578125 191.03125 192.056243896484375 191.2687530517578125 189.78125 188.600006103515625
180.28125 180.40625 181.337493896484375 185.0187530517578125 192.6062469482421875 202.337493896484375 213.5124969482421875 227.96875 245.0124969482421875 258.45001220703125 248.850006103515625 235.962493896484375 226.9187469482421875 218.681243896484375 209.412506103515625 202 194 188.0124969482421875 187.8125 189.6062469482421875 189.056243896484375 188.068756103515625 187.056243896484375 183.8625030517578125 180.006256103515625 177.9875030517578125 177.40625 177 177.524993896484375 177.3874969482421875 177.21875 177.506256103515625 178.4187469482421875 181.493743896484375 183.506256103515625 186.6999969482421875 190.6687469482421875 193.899993896484375 197.5437469482421875 198.46875 197.4562530517578125 195.568756103515625 193.3249969482421875 191.1875
184.600006103515625 185.274993896484375 187.1999969482421875 189.71875 196.4312591552734375 205.09375 215.7624969482421875 227.0500030517578125 239.493743896484375 246.0187530517578125 244.850006103515625 238.556243896484375 232.1437530517578125 226.1062469482421875 219.743743896484375 214.0124969482421875 209.131256103515625 206.306243896484375 205.75 204.5187530517578125 200.4375 197.8000030517578125 194.21875 189.9812469482421875 187.443756103515625 184.306243896484375 183.6374969482421875 183.7624969482421875 182.6687469482421875 181.90625 182.6374969482421875 183.0437469482421875 184.8312530517578125 186.1437530517578125 188.3937530517578125 193.024993896484375 196.899993896484375 200.8062591552734375 205.4375 205.7687530517578125 202.5500030517578125 199.9812469482421875 197.318756103515625 194.1999969482421875
188.3562469482421875 188.3874969482421875 190.475006103515625 195.037506103515625 201.475006103515625 208.01251220703125 214.9499969482421875 221.256256103515625 226.399993896484375 231.443756103515625 237.024993896484375 238.25 236.46875 232.1875 228.15625 225.1374969482421875 222.618743896484375 222.8125 223.6750030517578125 218.587493896484375 210.84375 205.6374969482421875 200.5625 196.3625030517578125 193.5124969482421875 190.09375 189.3125 188.6875 188.28125 187.375 186.8625030517578125 187.9187469482421875 189.8000030517578125 191.868743896484375 193.962493896484375 197.8937530517578125 201.9812469482421875 205.681243896484375 209.1125030517578125 209.5812530517578125 207.225006103515625 204.931243896484375 202.0437469482421875 197.8625030517578125
193.3000030517578125 193.7375030517578125 195.7375030517578125 200.3312530517578125 205.6999969482421875 210.0187530517578125 215.600006103515625 219.3125 220.381256103515625 224.6750030517578125 233.381256103515625 239.368743896484375 240.9499969482421875 239.3687591552734375 236.475006103515625 235.34375 233.774993896484375 233.193756103515625 234.006256103515625 227.6750030517578125 217.7375030517578125 211.443756103515625 206.15625 203.71875 200.6437530517578125 196.8249969482421875 195.006256103515625 193.931243896484375 193.712493896484375 192.6125030517578125 192.556243896484375 193.725006103515625 195.462493896484375 197.15625 199.225006103515625 203.6999969482421875 207.993743896484375 211.774993896484375 215.53125 216.4499969482421875 214.537506103515625 212.65625 210.5500030517578125 207.162506103515625
198.0500030517578125 198.868743896484375 201.3562469482421875 205 209.256256103515625 212.8625030517578125 218.34375 222.0437469482421875 225.9187469482421875 230.993743896484375 239.125 243.65625 247.3625030517578125 246.5124969482421875 245.1999969482421875 243.381256103515625 241.4375 239.3687591552734375 235.90625 230.4250030517578125 221.712493896484375 215.912506103515625 211.75 211.0749969482421875 207.8937530517578125 203.4187469482421875 201.568756103515625 199.3562469482421875 199.287506103515625 198.4250030517578125 197.5 198.287506103515625 200.3312530517578125 203.006256103515625 205.681243896484375 210 214.4250030517578125 217.6125030517578125 221.2312469482421875 223.212493896484375 223.037506103515625 221.9812469482421875 219.6125030517578125 215.681243896484375
201.9375 202.9187469482421875 205.3625030517578125 208.625 212.0625 215.756256103515625 221.03125 226.6062469482421875 232.3125 238.8249969482421875 247.3000030517578125 252.399993896484375 254.975006103515625 254.2687530517578125 252.875 250.7624969482421875 247.493743896484375 242.6750030517578125 237.0625 231.6687469482421875 222.9187469482421875 217.65625 216.0124969482421875 214.5749969482421875 214.412506103515625 209.5625 206.53125 204.8000030517578125 203.4812469482421875 202.1875 201.975006103515625 202.6374969482421875 204.5187530517578125 207.412506103515625 211.318756103515625 216.1999969482421875 219.7375030517578125 223.806243896484375 227.350006103515625 229.0625 229.587493896484375 228.587493896484375 226.7375030517578125 223.431243896484375
206.3937530517578125 207.2937469482421875 209.2312469482421875 212.6875 216.5437469482421875 220.46875 225.9812469482421875 233.399993896484375 239.7624969482421875 247.037506103515625 256.28125 262.60626220703125 263.6875 261.943756103515625 260.25 256.64373779296875 252.5500030517578125 245.53125 237.84375 230.6437530517578125 221.3937530517578125 217.381256103515625 218.9250030517578125 221.2624969482421875 220.868743896484375 214.649993896484375 210.618743896484375 208.2624969482421875 206.9562530517578125 206.5500030517578125 206.4187469482421875 206.475006103515625 208.5437469482421875 211.162506103515625 214.8937530517578125 220.212493896484375 225.4187469482421875 230.0500030517578125 233.9562530517578125 236.3125 237.649993896484375 236.0437469482421875 232.0437469482421875 226.600006103515625
208.462493896484375 209.993743896484375 212.6374969482421875 216.03125 220.8874969482421875 225.693756103515625 232.2312469482421875 239.524993896484375 246.100006103515625 254.868743896484375 264.09375 270.850006103515625 271.868743896484375 268.25 265.524993896484375 260.76873779296875 255.8937530517578125 248.818756103515625 241.2624969482421875 232.618743896484375 220.75 217.75 220.943756103515625 223.15625 220.943756103515625 215.34375 212.993743896484375 211.0812530517578125 209.5500030517578125 209.4875030517578125 209.6999969482421875 209.8937530517578125 210.90625 213.7312469482421875 217.6374969482421875 222.875 228.381256103515625 234.8249969482421875 239.7624969482421875 242.943756103515625 245.7062530517578125 242.7375030517578125 235.131256103515625 227.1687469482421875
209.431243896484375 211.3625030517578125 214.46875 218.493743896484375 224.149993896484375 229.4812469482421875 237.181243896484375 245.087493896484375 252.3562469482421875 260.51251220703125 268.712493896484375 273.79376220703125 274.9375 273.3125 268.756256103515625 264.48748779296875 258.67498779296875 252.368743896484375 244.9812469482421875 238.100006103515625 229.28125 225.0500030517578125 224.75 223.6062469482421875 220.506256103515625 215.7937469482421875 214.381256103515625 212.681243896484375 211.71875 210.96875 211.368743896484375 211.3375091552734375 212.0500030517578125 214.837493896484375 218.431243896484375 224.3937530517578125 231.6062469482421875 239.1875 245.6875 249.337493896484375 250.225006103515625 243.3312530517578125 235.9499969482421875 229.068756103515625
210.0500030517578125 212.006256103515625 215.881256103515625 221.462493896484375 226.912506103515625 233.4499969482421875 242.2375030517578125 250.193756103515625 257.96875 265.84375 272.53125 277.412506103515625 278.631256103515625 277.23126220703125 273.07501220703125 268.01873779296875 262.85626220703125 256.631256103515625 250.568756103515625 245.625 238.1062469482421875 232.21875 229.4375 226.71875 222.7312469482421875 219.2312469482421875 217.90625 215.8312530517578125 214.443756103515625 213.8562469482421875 212.756256103515625 211.431243896484375 211.806243896484375 213.2062530517578125 216.443756103515625 222.024993896484375 230.868743896484375 240.431243896484375 247.037506103515625 249.306243896484375 246.2312469482421875 241.631256103515625 236.743743896484375 230.53125
209.381256103515625 211.59375 216.3125 222.600006103515625 229.3625030517578125 236.625 245.7375030517578125 253.618743896484375 261.98126220703125 270.78125 277.681243896484375 282.54376220703125 284.068756103515625 282.118743896484375 277.631256103515625 270.57501220703125 266.70001220703125 262.337493896484375 257.806243896484375 253.8874969482421875 245.681243896484375 238.6875 234.0437469482421875 231.225006103515625 226.243743896484375 221.8249969482421875 219.7687530517578125 218.3625030517578125 217.6062469482421875 216.806243896484375 215.556243896484375 212.3937530517578125 209.556243896484375 208.9250030517578125 210.03125 216.34375 226.6750030517578125 238.7062530517578125 247.3000030517578125 248.9562530517578125 244.6374969482421875 239.8312530517578125 235.1374969482421875 229.787506103515625
206.6062469482421875 210.287506103515625 215.5749969482421875 222.59375 230.4812469482421875 238.4250030517578125 247.84375 256.75 265.54998779296875 274.962493896484375 283.39373779296875 289.07501220703125 291.524993896484375 290.04998779296875 284.73126220703125 277.14373779296875 271.01873779296875 266.306243896484375 262.443756103515625 259.681243896484375 252.3937530517578125 244.9812469482421875 238.7062530517578125 235.1875 230.6125030517578125 224.28125 220.881256103515625 220.2312469482421875 220.4875030517578125 220.7375030517578125 218.6875 214.0500030517578125 208.2062530517578125 202.5500030517578125 202.0124969482421875 208.056243896484375 219.0124969482421875 235.368743896484375 249.256256103515625 247.21875 239.5687408447265625 235.193756103515625 230.3249969482421875 225.6750030517578125
201.5812530517578125 206.5124969482421875 213.5187530517578125 221.931243896484375 230.5187530517578125 239.0437469482421875 249.006256103515625 258.53125 267.756256103515625 277.34375 287.21875 295.631256103515625 301.03125 300.40625 295.181243896484375 287.39373779296875 277.568756103515625 268.88751220703125 266.8125 264.287506103515625 259.381256103515625 251.8000030517578125 243.6374969482421875 238.0187530517578125 232.681243896484375 226.5625 222.3125 222.625 224.0437469482421875 225.0250091552734375 222.068756103515625 212.537506103515625 203.7687530517578125 195.6437530517578125 191.712493896484375 194.756256103515625 208.6750030517578125 225.0625 237.8562469482421875 238.806243896484375 232.399993896484375 228.4187469482421875 224.681243896484375 221.3562469482421875
195.6999969482421875 202.0749969482421875 210.024993896484375 218.662506103515625 228.3625030517578125 238.5187530517578125 248.3312530517578125 259.087493896484375 269.5 279.25 290.5 300.243743896484375 308.662506103515625 312.78125 305.899993896484375 294.256256103515625 282.40625 271.29998779296875 267.068756103515625 265.91876220703125 262.993743896484375 256.6875 245.274993896484375 238.9187469482421875 233.524993896484375 228.7312469482421875 226.1750030517578125 226.3249969482421875 228.443756103515625 230.587493896484375 227.9875030517578125 215.875 202.28125 188.40625 179.850006103515625 183.381256103515625 196.962493896484375 211.837493896484375 223.1875 225.962493896484375 223.3937530517578125 220.056243896484375 217.96875 216.2312469482421875
190.131256103515625 196.756256103515625 205.34375 214.7312469482421875 225.8562469482421875 236.90625 248.0812530517578125 258.41876220703125 269.087493896484375 279.38751220703125 290.318756103515625 301.45623779296875 313.837493896484375 324.068756103515625 314.137481689453125 295.875 280.29998779296875 270.868743896484375 266.475006103515625 265.3125 259.66876220703125 252.03125 245.28125 239.0124969482421875 233.7687530517578125 229.3937530517578125 228.618743896484375 230.0749969482421875 230.806243896484375 231.975006103515625 227.712493896484375 217.7624969482421875 200.381256103515625 181.625 167.9812469482421875 173.2687530517578125 189.149993896484375 203.743743896484375 213.3937530517578125 216.993743896484375 214.9499969482421875 211.9187469482421875 212.287506103515625 212.2624969482421875
