data/historical-monthly-weather-data/wc2.1_cruts4.09_10m_prec_2021-03.asc
ncols        45
nrows        45
xllcorner    -63.500000000000
yllcorner    -7.500000000000
cellsize     0.166666666667
NODATA_value -9999
[rows 20 to 39 of 45, columns 0 to 44 of 45]
314.125 327.70001220703125 343.243743896484375 359.962493896484375 378.04998779296875 398.42498779296875 418.45001220703125 437.1875 459.743743896484375 478.34375 492.60626220703125 504.725006103515625 517.40625 532.23126220703125 528.2874755859375 514.08123779296875 501.681243896484375 494.60626220703125 493.8125 493.181243896484375 495.118743896484375 497.33123779296875 497.73126220703125 500.61248779296875 504.8125 509.45623779296875 511.006256103515625 511.26251220703125 510.11248779296875 502.212493896484375 485.381256103515625 461.53125 429.51873779296875 393.01251220703125 360.375 387.243743896484375 427.20001220703125 449.649993896484375 456.66876220703125 454.96875 449.07501220703125 441.818756103515625 432.4375 424.568756103515625 419.16876220703125
297.693756103515625 310.943756103515625 330.09375 349.850006103515625 371.29998779296875 395.95001220703125 420.337493896484375 444.01873779296875 467.59375 481.83123779296875 488.01251220703125 492.3125 497.5 506.34375 506.76251220703125 502.14373779296875 498.04998779296875 492.212493896484375 488.818756103515625 485.54998779296875 481.181243896484375 478.65625 481.20623779296875 482.16876220703125 486.143768310546875 493.59375 501.21875 501.912506103515625 500.212493896484375 491.34375 473.662506103515625 451.193756103515625 425.600006103515625 400.625 385.61248779296875 401.9375 432.337493896484375 453.64373779296875 460.149993896484375 456.212493896484375 448.32501220703125 440.48126220703125 431.59375 423.73748779296875 419.39373779296875
286.70001220703125 300.98126220703125 321.0625 343.462493896484375 366.806243896484375 392.850006103515625 419.399993896484375 449.693756103515625 477.83123779296875 485.07501220703125 483.29998779296875 476.73748779296875 473.20623779296875 480.118743896484375 487.20001220703125 489.75 488.993743896484375 484.399993896484375 479.537506103515625 474.70001220703125 467.79998779296875 460.60626220703125 457.45623779296875 457.32501220703125 464.462493896484375 475.162506103515625 484.63751220703125 488.412506103515625 486.993743896484375 477.48748779296875 463.01251220703125 448.39373779296875 435.837493896484375 423.11248779296875 421.443756103515625 434.381256103515625 453.39373779296875 466.84375 467.70623779296875 460.35626220703125 449.65625 440.431243896484375 431.46875 422.368743896484375 418.712493896484375
287.056243896484375 302.9375 324.649993896484375 348.681243896484375 373.462493896484375 399.16876220703125 427.568756103515625 457.712493896484375 481.6875 483.556243896484375 475.850006103515625 466.70001220703125 454.76873779296875 461.26873779296875 472.068756103515625 478.118743896484375 480.66876220703125 477.274993896484375 469.76251220703125 462.524993896484375 452.73126220703125 442.33123779296875 435.48748779296875 434.0625 438.193756103515625 448.15625 459.13751220703125 467.524993896484375 470.556243896484375 467.08123779296875 460.149993896484375 451.29998779296875 446.67498779296875 444.100006103515625 448.524993896484375 461.649993896484375 474.462493896484375 477.5625 471.26873779296875 461.181243896484375 449.712493896484375 438.92498779296875 429.45623779296875 419.29376220703125 418.149993896484375
294.65625 310.943756103515625 331.25 356.193756103515625 383.443756103515625 408.91876220703125 433.61248779296875 458.20623779296875 474.46875 478.48126220703125 475.34375 464.95001220703125 458.48748779296875 460.193756103515625 465.32501220703125 471.993743896484375 474.29998779296875 471.149993896484375 464.118743896484375 452.82501220703125 438.068756103515625 424.14373779296875 412.54998779296875 406.14373779296875 411.36248779296875 426.131256103515625 437.375 450.39373779296875 457.11248779296875 461.118743896484375 458.64373779296875 454.42498779296875 456.91876220703125 460.399993896484375 466.162506103515625 471.42498779296875 478.89373779296875 479.51251220703125 470.875 461.83123779296875 450.118743896484375 438.287506103515625 425.95623779296875 418.46875 412.625
307.39373779296875 325.58123779296875 343.149993896484375 367.59375 392.225006103515625 415.23126220703125 437.20001220703125 457.66876220703125 469.006256103515625 473.17498779296875 472.63751220703125 467.899993896484375 464.01873779296875 462.78125 465.600006103515625 471.13751220703125 471.649993896484375 468.649993896484375 461.875 446.675018310546875 430.45623779296875 409.76873779296875 390.506256103515625 377.98126220703125 386.431243896484375 405.993743896484375 423.57501220703125 436.59375 447.01251220703125 455.243743896484375 458.056243896484375 459.67498779296875 467.48748779296875 472.056243896484375 476.25 477.3125 479.70001220703125 478.475006103515625 470.6875 460.725006103515625 449.73126220703125 436.5 420.54998779296875 411.58123779296875 407.39373779296875
325.774993896484375 339.850006103515625 357.36248779296875 377.60626220703125 398.48126220703125 418.46875 436.42498779296875 452.9375 462.662506103515625 469.600006103515625 473.481231689453125 472.25 470.98748779296875 471.3125 473.92498779296875 476.82501220703125 479.03125 472.725006103515625 462.76873779296875 448.75 427.868743896484375 404.162506103515625 377.20623779296875 361.193756103515625 375.225006103515625 394.193756103515625 412.54376220703125 425.04376220703125 436.181243896484375 446.100006103515625 452.76251220703125 460.162506103515625 472.35626220703125 475.506256103515625 477.693756103515625 477.5625 478.63751220703125 476.118743896484375 469.243743896484375 460.9375 448.75 434.625 417.568756103515625 406.51873779296875 412.524993896484375
346.475006103515625 357.9375 373.08123779296875 390.14373779296875 405.8125 421.78125 438.98126220703125 452.756256103515625 461.65625 469.318756103515625 473.78125 475.04376220703125 477.074981689453125 479.64373779296875 481.9375 483.83123779296875 485.98748779296875 481.881256103515625 471.42498779296875 456.84375 435.84375 410.975006103515625 391.181243896484375 377.83123779296875 382.443756103515625 395.15625 408.78125 420.21875 429.33123779296875 437.11248779296875 443.76251220703125 450.45623779296875 463.38751220703125 468.743743896484375 472.943756103515625 473.46875 472.04998779296875 471.36248779296875 466.83123779296875 461.875 455.024993896484375 439.868743896484375 418.82501220703125 407.493743896484375 426.04998779296875
365.48748779296875 375.3125 387.881256103515625 400.5625 415.431243896484375 427.975006103515625 439.837493896484375 451.681243896484375 460.818756103515625 467.9375 474.79998779296875 478.537506103515625 482.287506103515625 487.39373779296875 491.625 495.568756103515625 500.16876220703125 496.01251220703125 487.03125 473.3125 452.287506103515625 428.67498779296875 411.225006103515625 396.89373779296875 396.26873779296875 400.67498779296875 408.6875 416.79376220703125 423.34375 429.868743896484375 433.61248779296875 438.193756103515625 451.04998779296875 459.88751220703125 466.76873779296875 467.618743896484375 465.368743896484375 464.8125 461.73748779296875 457.256256103515625 456.38751220703125 442.17498779296875 422.58123779296875 422.20001220703125 445.20001220703125
377.631256103515625 385.51873779296875 395.1875 405.212493896484375 417.01873779296875 425.79998779296875 436.32501220703125 446.868743896484375 455.850006103515625 462.875 470.48126220703125 478.006256103515625 486.04376220703125 493.82501220703125 500.14373779296875 506.39373779296875 512.59375 517.1937255859375 511.931243896484375 494.88751220703125 472.40625 450.15625 431.6875 416.51251220703125 409.131256103515625 407.993743896484375 410.975006103515625 413.48126220703125 415.318756103515625 419.67498779296875 423.48126220703125 426.5 438.01251220703125 450 458.63751220703125 458.61248779296875 456.42498779296875 456.66876220703125 449.54376220703125 445.193756103515625 445.54376220703125 443.96875 436.95623779296875 444.287506103515625 457.443756103515625
385.26873779296875 391.068756103515625 398.53125 407.73126220703125 417.762481689453125 423.79376220703125 433.868743896484375 442.756256103515625 450.70623779296875 458.0625 466.537506103515625 475.26251220703125 486.0625 495.193756103515625 504.556243896484375 514.6624755859375 527.0250244140625 534.32501220703125 536.26873779296875 519.01251220703125 494.65625 469.881256103515625 451.38751220703125 432.943756103515625 419.73748779296875 414.98748779296875 411.60626220703125 408.162506103515625 406.899993896484375 410.006256103515625 413.76251220703125 418.39373779296875 429.5 441.318756103515625 450.6875 449.193756103515625 447.274993896484375 448.11248779296875 439.693756103515625 427.475006103515625 431.100006103515625 442.768768310546875 449.86248779296875 460.26873779296875 474.01251220703125
388.600006103515625 392.975006103515625 398.774993896484375 406.16876220703125 415.068756103515625 420.068756103515625 429.037506103515625 435.91876220703125 443.23748779296875 450.79998779296875 459.75 469.962493896484375 481.38751220703125 494.90625 508.118743896484375 521.875 532.09375 539.5999755859375 542.3375244140625 532.78125 508.39373779296875 486.225006103515625 465.212493896484375 443.818756103515625 430.28125 419.48126220703125 410.46875 404.506256103515625 398.07501220703125 401.399993896484375 405.8125 410.60626220703125 420.193756103515625 431.65625 441.15625 440.274993896484375 440.600006103515625 440.33123779296875 429.65625 423.100006103515625 432.4375 450.82501220703125 465.087493896484375 484.287506103515625 502.806243896484375
382.48748779296875 387.59375 392.29998779296875 398.29376220703125 404.40625 410.131256103515625 416.225006103515625 421.48748779296875 427.706268310546875 437.193756103515625 451.337493896484375 462.70001220703125 477.756256103515625 497.0625 510.90625 523.6875 532.75 540.54998779296875 541.58123779296875 535.26251220703125 516.8187255859375 496.318756103515625 475.274993896484375 456.0625 440.556243896484375 427.256256103515625 415.01873779296875 405.32501220703125 397.59375 398.037506103515625 400.056243896484375 402.95001220703125 412.88751220703125 423.96875 432.15625 434.90625 436.399993896484375 435.84375 429.53125 434.60626220703125 445.83123779296875 464.23748779296875 483.42498779296875 505.649993896484375 536.79998779296875
374.443756103515625 379.893768310546875 385.70001220703125 390.89373779296875 395.82501220703125 399.10626220703125 402.631256103515625 406.587493896484375 412.46875 422.21875 437.20623779296875 455.04376220703125 474.08123779296875 492.975006103515625 506.712493896484375 521.3499755859375 533.60626220703125 540.1312255859375 539.26251220703125 534.5062255859375 520.41876220703125 501.881256103515625 484.024993896484375 463.537506103515625 447.57501220703125 432.1875 418.774993896484375 405.79376220703125 397.350006103515625 394.881256103515625 393.412506103515625 395.568756103515625 405.92498779296875 416.337493896484375 426.48126220703125 430.23126220703125 431.993743896484375 432.17498779296875 435.337493896484375 444.3125 455.318756103515625 474.181243896484375 498.212493896484375 523.2750244140625 558.16876220703125
366.5625 373.32501220703125 379.04998779296875 383.01251220703125 384.993743896484375 387.662506103515625 388.837493896484375 392.3125 396.08123779296875 404.38751220703125 421.73748779296875 444.787506103515625 469.21875 490.818756103515625 507.362518310546875 520.11248779296875 532.6500244140625 538.2437744140625 537.76873779296875 533.51251220703125 521.8812255859375 504.29998779296875 487.01873779296875 466.51873779296875 450.98748779296875 436.07501220703125 419.868743896484375 406.26251220703125 394.20001220703125 390.70001220703125 388.756256103515625 389 398.41876220703125 409.54998779296875 418.837493896484375 422.35626220703125 425.35626220703125 432.431243896484375 440.306243896484375 450.381256103515625 462.79998779296875 479.524993896484375 502.568756103515625 527.90625 557.09375
359.88751220703125 365.66876220703125 370.399993896484375 373.98748779296875 376.09375 377.28125 378.5625 378.65625 379.03125 386.09375 402.875 428.649993896484375 458.45001220703125 484.73748779296875 501.98748779296875 517.01251220703125 528.6500244140625 533.125 534.22503662109375 531.7437744140625 519.125 501.29376220703125 483.04998779296875 464.42498779296875 448.59375 433.41876220703125 417.412506103515625 404.306243896484375 392.29376220703125 386.712493896484375 383.51251220703125 381.475006103515625 389.368743896484375 401.375 410.818756103515625 415.20623779296875 422.743743896484375 431.16876220703125 438.15625 449.818756103515625 463.76873779296875 478.82501220703125 496.912506103515625 520.625 541.89373779296875
351.90625 357.90625 362.75 365.84375 368.70623779296875 370.375 370.35626220703125 369.36248779296875 365.98126220703125 366.01873779296875 386 421.0625 452.875 477.79376220703125 497.256256103515625 511.95623779296875 523.125 526.625 528.29998779296875 523.01251220703125 510.962493896484375 493.67498779296875 476.412506103515625 456.875 441.07501220703125 427.0625 412.29376220703125 401.14373779296875 389.274993896484375 382.88751220703125 377.181243896484375 373.10626220703125 382.26873779296875 394.462493896484375 403.67498779296875 411.01251220703125 420.15625 430.10626220703125 438.131256103515625 446.83123779296875 458.38751220703125 471.787506103515625 488.287506103515625 508.28125 525.54998779296875
345.125 351.41876220703125 355.600006103515625 359.26251220703125 363.568756103515625 366.16876220703125 366.83123779296875 365.14373779296875 363.443756103515625 360.32501220703125 390.5625 427.037506103515625 452.931243896484375 475.443756103515625 492.20001220703125 507.11248779296875 516.09375 517.98126220703125 516.96875 509.90625 495.40625 479.462493896484375 465.51251220703125 446.693756103515625 431.98126220703125 419.725006103515625 406.068756103515625 396.76251220703125 386.587493896484375 378.774993896484375 370.350006103515625 364.399993896484375 373.587493896484375 386.306243896484375 395.1875 405.51873779296875 415.850006103515625 424.51873779296875 434.431243896484375 444.3125 452.225006103515625 464.91876220703125 476.9375 488.668731689453125 502.618743896484375
339.431243896484375 345.13751220703125 350.45001220703125 355.29998779296875 360.48126220703125 363.26873779296875 367.274993896484375 369.806243896484375 376.45623779296875 394.09375 428.07501220703125 446.118743896484375 460.600006103515625 476.91876220703125 490.92498779296875 502.58123779296875 509.25 507.92498779296875 503.08123779296875 493.64373779296875 476.475006103515625 460.73748779296875 447.375 431.46875 418.89373779296875 409.04998779296875 398.125 389.26251220703125 380.85626220703125 373.51251220703125 366.46875 359.34375 366.556243896484375 378.037506103515625 389.90625 398.48748779296875 407.287506103515625 417.38751220703125 424.5625 431.368743896484375 438.26251220703125 449.85626220703125 458.875 469.13751220703125 478.262481689453125
334.712493896484375 339.95623779296875 345.993743896484375 351.125 358 364.84375 369.993743896484375 379.056243896484375 391.17498779296875 409.15625 432.20623779296875 451.8125 466.76873779296875 479.40625 491.38751220703125 499.48126220703125 503.556243896484375 498.6875 489.337493896484375 478.443756103515625 459.056243896484375 442.431243896484375 427.23126220703125 413.13751220703125 404.225006103515625 396.83123779296875 387.431243896484375 380.98126220703125 373.943756103515625 366.75 358.84375 355.112518310546875 364.23126220703125 373.256256103515625 383.15625 392.10626220703125 399.024993896484375 407.39373779296875 414.868743896484375 418.024993896484375 422.25 431.75 439.21875 446.54376220703125 453.40625
