data/historical-monthly-weather-data/wc2.1_cruts4.09_10m_prec_1963-01.asc
ncols        51
nrows        45
xllcorner    -63.500000000000
yllcorner    -7.500000000000
cellsize     0.166666666667
NODATA_value -9999
[rows 20 to 39 of 45, columns 0 to 44 of 51]
329.65625 328.743743896484375 329.162506103515625 331.712493896484375 334.631256103515625 340.587493896484375 347.368743896484375 351.13751220703125 352.95623779296875 351.96875 350.11248779296875 351.493743896484375 356.54376220703125 362.20001220703125 348.475006103515625 324.16876220703125 305.88751220703125 293.35626220703125 287.73748779296875 281.71875 277.375 271.306243896484375 264.88751220703125 264.524993896484375 265.712493896484375 267.57501220703125 270.58123779296875 274.412506103515625 277.79998779296875 280.6875 277.45623779296875 269.79376220703125 257.193756103515625 244.0437469482421875 232.84375 247.287506103515625 270.381256103515625 286.63751220703125 291.543731689453125 286.381256103515625 274.73126220703125 263 254.96875 249.024993896484375 245.2062530517578125
324.693756103515625 322.056243896484375 322.35626220703125 326.35626220703125 332.08123779296875 339.006256103515625 346 352.51251220703125 354.806243896484375 349.225006103515625 341.318756103515625 333.01251220703125 328.875 328.581268310546875 322.79376220703125 310.537506103515625 300.95001220703125 292.100006103515625 285.756256103515625 280.48748779296875 273.63751220703125 268.10626220703125 264.087493896484375 264.306243896484375 265.95001220703125 268.78125 274.48748779296875 276.587493896484375 277.07501220703125 276.09375 269.51251220703125 261.45623779296875 253.6062469482421875 248.6750030517578125 246.850006103515625 260.14373779296875 283.625 302.88751220703125 307.34375 298.768768310546875 284.131256103515625 270.41876220703125 260.34375 252.600006103515625 247.46875
320.08123779296875 317.38751220703125 315.431243896484375 319.13751220703125 326.78125 336.63751220703125 344.587493896484375 352.42498779296875 357.70001220703125 346.88751220703125 329.78125 311.381256103515625 298.806243896484375 297.04376220703125 299.493743896484375 297.975006103515625 293.17498779296875 287.375 281.83123779296875 276.5 270.65625 264.86248779296875 260.13751220703125 260.1875 263.649993896484375 268.899993896484375 275.76873779296875 277.40625 275.8125 271.01873779296875 263.225006103515625 256.54376220703125 256.42498779296875 257.65625 262.625 275.193756103515625 298.54376220703125 325.212493896484375 326.90625 309.456268310546875 291.056243896484375 276.45623779296875 263.125 253.9375 248.412506103515625
315.943756103515625 310.850006103515625 307.23748779296875 311.693756103515625 321.568756103515625 331.51251220703125 341.006256103515625 348.98748779296875 351.73126220703125 337.95001220703125 317.63751220703125 297.13751220703125 275.54998779296875 276.875 285.475006103515625 288.23748779296875 286.618743896484375 282.5 277.975006103515625 273.412506103515625 266.556243896484375 260.3125 255.40625 255.0187530517578125 259.58123779296875 265.037506103515625 273.443756103515625 274.625 272.95623779296875 270.3125 265.48748779296875 262.32501220703125 264.524993896484375 268.63751220703125 275.568756103515625 287.79376220703125 307.162506103515625 329.46875 329.83123779296875 312.431243896484375 293.412506103515625 277.51873779296875 263.912506103515625 254.1875 249.75
313.5 307.0625 301.3125 308.83123779296875 322.1875 330.662506103515625 337.568756103515625 342.6875 340.70623779296875 329.568756103515625 312.54376220703125 294.90625 280.024993896484375 277.29998779296875 280.84375 283.743743896484375 283.5625 281.125 276.29376220703125 269.868743896484375 262.524993896484375 254.712493896484375 248.962493896484375 247.931243896484375 251.9499969482421875 258.96875 266.212493896484375 271.243743896484375 272.29376220703125 273.39373779296875 272.6875 273.63751220703125 275.54998779296875 280.07501220703125 286.61248779296875 294.962493896484375 308.368743896484375 317.943756103515625 317.07501220703125 306.16876220703125 290.024993896484375 275.29376220703125 262.41876220703125 254.25 248.149993896484375
318.51251220703125 315.38751220703125 311.29376220703125 317.568756103515625 325.693756103515625 332.118743896484375 336.024993896484375 336.53125 332.3125 322.649993896484375 310.556243896484375 298.743743896484375 287.9375 282.881256103515625 282.34375 283.32501220703125 283.48748779296875 281.100006103515625 276.125 268.65625 260.95001220703125 250.4187469482421875 242.837493896484375 239.4812469482421875 244.3000030517578125 252.931243896484375 262.9375 269.53125 273.95001220703125 275.881256103515625 280.4375 284.73126220703125 287.95001220703125 290.375 295.3125 299.91876220703125 306.54376220703125 309.350006103515625 306.625 297.493743896484375 284.53125 270.76873779296875 257.71875 250.631256103515625 248.0625
327.693756103515625 326.29998779296875 326.01251220703125 329.537506103515625 333.21875 336.431243896484375 338.006256103515625 334.806243896484375 329.17498779296875 322.29998779296875 313.287506103515625 304.475006103515625 296.100006103515625 290.73126220703125 288.16876220703125 287.875 287.13751220703125 284.16876220703125 279.75 270.818756103515625 260.5875244140625 250.53125 239.431243896484375 234.7624969482421875 242.056243896484375 250.681243896484375 260.818756103515625 268.92498779296875 275.48126220703125 279.9375 286.95623779296875 292.79998779296875 297.58123779296875 299.399993896484375 301.1875 303.98126220703125 306.8125 305.256256103515625 299.756256103515625 291.774993896484375 279.618743896484375 265.725006103515625 253.899993896484375 247.9812469482421875 252.818756103515625
340 338.681243896484375 340.368743896484375 342.60626220703125 344.16876220703125 343.181243896484375 341.08123779296875 335.850006103515625 330.20623779296875 323.25 315.92498779296875 309.33123779296875 301.95623779296875 296.57501220703125 293.625 292.64373779296875 291.04376220703125 289.95001220703125 283.4375 275.48126220703125 266.51251220703125 254.6812591552734375 247.193756103515625 243.3937530517578125 247.149993896484375 253.2937469482421875 262.42498779296875 270.08123779296875 277.443756103515625 284.61248779296875 291.28125 297.51873779296875 301.98748779296875 303.15625 304.78125 305.95001220703125 305.46875 303.04376220703125 297.79376220703125 288.725006103515625 278.056243896484375 265.41876220703125 252.7375030517578125 248.568756103515625 264.449981689453125
349.837493896484375 350.35626220703125 352.33123779296875 355.131256103515625 355.48126220703125 350.912506103515625 343.85626220703125 338.100006103515625 331.337493896484375 325.0625 319.181243896484375 313.09375 306.912506103515625 303.5 300.91876220703125 300.33123779296875 300.82501220703125 297.70001220703125 291.787506103515625 283.7125244140625 273.9375 262.756256103515625 255.712493896484375 252.9812469482421875 254.4187469482421875 258.01873779296875 266.087493896484375 273.381256103515625 281.493743896484375 288.837493896484375 294.618743896484375 300.23126220703125 304.193756103515625 306.59375 308.60626220703125 308.006256103515625 307.25 303.90625 298.95623779296875 289.88751220703125 277.5625 266.5 258.4375 261.068756103515625 278.662506103515625
355.35626220703125 356.76251220703125 361.037506103515625 365.46875 364.943756103515625 356.64373779296875 346.943756103515625 340.32501220703125 333.162506103515625 326.243743896484375 321.76251220703125 318.01873779296875 313.681243896484375 311.04998779296875 310.03125 309.10626220703125 308.34375 306.212493896484375 301.943756103515625 292.70623779296875 282.225006103515625 272.86248779296875 265.04376220703125 261.70623779296875 262.41876220703125 265.10626220703125 271.618743896484375 278 285.45623779296875 291.818756103515625 298.149993896484375 303.5625 306.46875 310.0625 311.875 311.493743896484375 310.006256103515625 308.381256103515625 303.09375 295.54376220703125 286.712493896484375 279.39373779296875 275.306243896484375 279.17498779296875 288.79998779296875
356.868743896484375 359.40625 362.26251220703125 367.100006103515625 368.537506103515625 356.850006103515625 347.649993896484375 340.07501220703125 333.16876220703125 327.631256103515625 324.631256103515625 322.318756103515625 319.75 317.193756103515625 317.337493896484375 316.59375 316.587493896484375 315.368743896484375 311.399993896484375 302.443756103515625 291.131256103515625 280.856231689453125 273.9375 270.15625 269.412506103515625 272.350006103515625 278.04998779296875 283.42498779296875 290.71875 295.943756103515625 301.91876220703125 307.29998779296875 309.774993896484375 313.256256103515625 315.318756103515625 315.11248779296875 313.58123779296875 313.36248779296875 309.975006103515625 303.71875 297.912506103515625 293.537506103515625 291.837493896484375 292.787506103515625 300.39373779296875
354.056243896484375 356.33123779296875 358.14373779296875 360.537506103515625 359.693756103515625 351.04376220703125 344.98748779296875 337.29376220703125 331.462493896484375 327.037506103515625 324.98748779296875 324.11248779296875 323.36248779296875 323.34375 324.29998779296875 323.693756103515625 321.95623779296875 320.07501220703125 314.875 307.5625 296.38751220703125 286.51251220703125 280.243743896484375 276.40625 276.73126220703125 278.70623779296875 283.04998779296875 288.45001220703125 293.931243896484375 300.056243896484375 305.61248779296875 310.60626220703125 313.475006103515625 316.962493896484375 319.45001220703125 318.79376220703125 319.318756103515625 317.743743896484375 314.07501220703125 310.13751220703125 309.21875 307.600006103515625 307.66876220703125 311.743743896484375 319.356231689453125
344.256256103515625 346.25 348.20001220703125 349.462493896484375 346.899993896484375 340.181243896484375 333.76251220703125 327.79376220703125 322.11248779296875 321.412506103515625 323.70623779296875 325.256256103515625 328.76873779296875 332.29376220703125 331.962493896484375 330.15625 326.85626220703125 322.63751220703125 316.649993896484375 310.125 300.23748779296875 291.1875 284.712493896484375 283 283.024993896484375 285.20001220703125 288.943756103515625 292.3125 297.38751220703125 304.75 309.899993896484375 313.63751220703125 317.26873779296875 321.58123779296875 323.63751220703125 324.21875 324.36248779296875 323.35626220703125 319.318756103515625 320.125 320.337493896484375 320.787506103515625 323.42498779296875 330.11248779296875 343.73748779296875
332.53125 334.48748779296875 335.78125 336.568756103515625 333.04998779296875 327.71875 322.5 316.91876220703125 313.037506103515625 312.66876220703125 317.60626220703125 325.875 334.231231689453125 339.1875 338.587493896484375 335.0625 331.73748779296875 326.98748779296875 319.29376220703125 311.600006103515625 302.95623779296875 295.09375 289.274993896484375 287.693756103515625 288.068756103515625 289.60626220703125 292.5625 296.618743896484375 302.26873779296875 308.1875 314.243743896484375 318.431243896484375 321.76873779296875 326.681243896484375 329.274993896484375 329.818756103515625 329.287506103515625 327.212493896484375 326.26873779296875 327.787506103515625 328.337493896484375 330.837493896484375 335.70001220703125 343.899993896484375 358.631256103515625
322.649993896484375 323.399993896484375 324.256256103515625 323.431243896484375 320.818756103515625 316.51873779296875 310.662506103515625 305.337493896484375 300.10626220703125 301.83123779296875 311.48126220703125 324.65625 339.818756103515625 348.649993896484375 346.774993896484375 340.9375 335.63751220703125 328.98126220703125 320.975006103515625 311.51873779296875 304.5625 297.693756103515625 292.59375 291.0625 291.90625 292.35626220703125 296.118743896484375 300.774993896484375 306.131256103515625 311.318756103515625 317.41876220703125 323.068756103515625 327.08123779296875 330.95623779296875 333.368743896484375 333.587493896484375 331.96875 332.73748779296875 332.6875 332.931243896484375 334.20623779296875 336.3125 341.75 349.21875 360.524993896484375
314.399993896484375 313.90625 313.6875 312.01251220703125 309.125 303.48126220703125 298.09375 291.26251220703125 284.79376220703125 285.32501220703125 297.850006103515625 317.774993896484375 338.381256103515625 350.475006103515625 349.75 344.456268310546875 337.78125 330.443756103515625 321.86248779296875 312.16876220703125 304.95623779296875 299.506256103515625 294.34375 292.568756103515625 293.381256103515625 295.087493896484375 298.618743896484375 303.443756103515625 309.13751220703125 314.306243896484375 321.131256103515625 326.66876220703125 331.837493896484375 336.1875 338.41876220703125 337.037506103515625 337.95623779296875 337.23748779296875 334.975006103515625 335.006256103515625 336.287506103515625 338.868743896484375 342.88751220703125 349.48748779296875 356.88751220703125
306.1875 305.07501220703125 303.23748779296875 301.0625 297.881256103515625 292.90625 288.5 280.98126220703125 271.70001220703125 266.306243896484375 284.381256103515625 316.23126220703125 338.837493896484375 349.13751220703125 350.131256103515625 346.125 339.649993896484375 331.712493896484375 322.54376220703125 312.23126220703125 305.806243896484375 299.33123779296875 294.90625 293.46875 294.837493896484375 297.48748779296875 301.274993896484375 306.774993896484375 312.493743896484375 318.118743896484375 324.787506103515625 330.568756103515625 336.649993896484375 341.662506103515625 343.881256103515625 342.66876220703125 341.70623779296875 339.26873779296875 337.087493896484375 335.45001220703125 334.3125 336.34375 341.14373779296875 346.25 350.868743896484375
298.337493896484375 296.625 294.131256103515625 292.274993896484375 289.65625 286.78125 282.899993896484375 277.068756103515625 269.70001220703125 262.556243896484375 295.46875 328.78125 344.11248779296875 350.73748779296875 351.475006103515625 347.631256103515625 340.70001220703125 333.29998779296875 324.431243896484375 313.9375 306.59375 299.256256103515625 294.412506103515625 293.475006103515625 295.287506103515625 298.95001220703125 302.57501220703125 308.1875 314.41876220703125 321.162506103515625 327.42498779296875 332.35626220703125 338.712493896484375 344.67498779296875 347.024993896484375 345.493743896484375 342.287506103515625 339.59375 337.20001220703125 334.193756103515625 331.306243896484375 333.649993896484375 336.25 338.48748779296875 342.6875
294.606231689453125 290.54998779296875 288.61248779296875 286.662506103515625 284.70001220703125 282.78125 280.212493896484375 279.975006103515625 283.943756103515625 300.975006103515625 339.66876220703125 348.03125 350.381256103515625 353.118743896484375 352.806243896484375 348.63751220703125 343.212493896484375 334.774993896484375 325.16876220703125 315.024993896484375 305.54376220703125 297.89373779296875 293.20001220703125 292.556243896484375 294.20001220703125 297.86248779296875 302.556243896484375 308.83123779296875 315.98126220703125 323.91876220703125 329.85626220703125 334.350006103515625 339.024993896484375 342.212493896484375 346.42498779296875 344.29998779296875 339.868743896484375 336.868743896484375 332.993743896484375 327.899993896484375 324.63751220703125 325.399993896484375 326.3125 329.100006103515625 332.65625
291.70001220703125 287.20001220703125 284.42498779296875 281.40625 281.181243896484375 281.125 281.34375 286.14373779296875 296.693756103515625 315.63751220703125 337.79376220703125 349.33123779296875 352.649993896484375 354.95001220703125 353.868743896484375 350.943756103515625 346.15625 338.087493896484375 326.70623779296875 315.412506103515625 302.95001220703125 295.29998779296875 290.649993896484375 290.087493896484375 292.48748779296875 296.131256103515625 301.818756103515625 309.42498779296875 316.82501220703125 324.337493896484375 329.76873779296875 335.681243896484375 340.787506103515625 342.806243896484375 343.28125 340.5 335.774993896484375 331.681243896484375 326.67498779296875 320.5625 316.993743896484375 316.693756103515625 316.118743896484375 317.712493896484375 321.23748779296875
