data/historical-monthly-weather-data/wc2.1_cruts4.09_10m_prec_1968-11.asc
ncols        51
nrows        45
xllcorner    -63.500000000000
yllcorner    -7.500000000000
cellsize     0.166666666667
NODATA_value -9999
[rows 0 to 19 of 45, columns 0 to 43 of 51]
194.943756103515625 197.443756103515625 200.5187530517578125 208.368743896484375 215.881256103515625 226.7687530517578125 236.3874969482421875 245.568756103515625 253.5500030517578125 259.912506103515625 265.475006103515625 263.649993896484375 261.412506103515625 254.462493896484375 245.3562469482421875 234.84375 225.0437469482421875 212.8874969482421875 201.649993896484375 192.337493896484375 186.0124969482421875 180.225006103515625 174.9499969482421875 165.475006103515625 156.712493896484375 148.625 139.8874969482421875 131.09375 123.1999969482421875 122.71875 123.9250030517578125 126.13124847412109375 128.8000030517578125 132.5437469482421875 136.3249969482421875 142.9250030517578125 150.4375 157.6437530517578125 165.056243896484375 172.787506103515625 179.056243896484375 186.3249969482421875 191.337493896484375 195.8000030517578125
194.350006103515625 193.2624969482421875 196.912506103515625 203.71875 212.399993896484375 222.7312469482421875 231.625 242.9499969482421875 251.7624969482421875 258.3125 263.90625 260.931243896484375 256.350006103515625 250.625 240.4875030517578125 231.818756103515625 220.9250030517578125 207.40625 193.537506103515625 182.0437469482421875 174.8562469482421875 168.6687469482421875 163.3874969482421875 156.399993896484375 147.7624969482421875 140.3125 133.2937469482421875 125.65625 119.21250152587890625 118.33750152587890625 119.03125 120.80625152587890625 122.9812469482421875 128.068756103515625 133.068756103515625 140.71875 149.431243896484375 157.96875 165.6374969482421875 173.7624969482421875 181.4875030517578125 188.125 194.037506103515625 196.6875
192.6125030517578125 191.1875 193.743743896484375 198.443756103515625 206.2062530517578125 215.3499908447265625 226.7937469482421875 237.7687530517578125 247.912506103515625 254.875 258.506256103515625 254.493743896484375 249.743743896484375 243.381256103515625 233.2375030517578125 223.587493896484375 214.243743896484375 203.024993896484375 190.618743896484375 180.556243896484375 173.743743896484375 167.556243896484375 162.1374969482421875 155.056243896484375 146.625 138.506256103515625 131.4812469482421875 124.5124969482421875 117.9375 116.6875 117.9875030517578125 119.4499969482421875 124.3937530517578125 130.006256103515625 136.806243896484375 146.006256103515625 156.7375030517578125 169.15625 179.1750030517578125 189.7375030517578125 198.9812469482421875 204.7375030517578125 210.0500030517578125 213.337493896484375
186.3937530517578125 184.024993896484375 187.7937469482421875 190.993743896484375 197.6875 206.3000030517578125 216.5437469482421875 228.8937530517578125 240.8874969482421875 249.0625 251.09375 245.625 240.03125 233.306243896484375 223.868743896484375 214.9375 206.9499969482421875 197.618743896484375 188.71875 182 175.806243896484375 169.3562469482421875 162.618743896484375 154.2312469482421875 145.4250030517578125 137.125 130.2062530517578125 122.24375152587890625 116.3562469482421875 116.03125 117.1062469482421875 119.375 124.4250030517578125 131.274993896484375 139.34375 152.787506103515625 167.3562469482421875 182.3249969482421875 195.381256103515625 208.1437530517578125 217.837493896484375 225.0124969482421875 228.350006103515625 230.631256103515625
184.712493896484375 179.03125 176.0625 179.899993896484375 187.5437469482421875 196.0124969482421875 205.6374969482421875 218.243743896484375 232.3249969482421875 242.756256103515625 241.118743896484375 232.84375 227.056243896484375 221.96875 213.7624969482421875 206.5500030517578125 199.3249969482421875 193.53125 187.3937530517578125 181.506256103515625 177.087493896484375 170.5812530517578125 163.7937469482421875 155.53125 144.725006103515625 135.600006103515625 126.94374847412109375 120.40000152587890625 115.3937530517578125 114.2375030517578125 115.22499847412109375 117.7312469482421875 124.25624847412109375 132.78125 142.868743896484375 158.975006103515625 176.9812469482421875 195.875 212.71875 225.7687530517578125 238.15625 243.337493896484375 246.8249969482421875 248.912506103515625
178.556243896484375 173.649993896484375 171.0437469482421875 169.524993896484375 178.2375030517578125 190.243743896484375 201.3625030517578125 212.8249969482421875 225.6500091552734375 236.787506103515625 233.818756103515625 225.9812469482421875 221.5 217.056243896484375 209.7687530517578125 203.0500030517578125 197.631256103515625 193.5749969482421875 190.0812530517578125 184.9250030517578125 179.6062469482421875 173.71875 166.7937469482421875 157.0187530517578125 147.3625030517578125 137.53125 129.006256103515625 121.73125457763671875 116.19374847412109375 114.49375152587890625 114.18125152587890625 117.6062469482421875 125.0437469482421875 135.4499969482421875 147.0187530517578125 166.193756103515625 187.274993896484375 209.6750030517578125 229.78125 245.568756103515625 254.6374969482421875 260.14373779296875 263.287506103515625 265.943756103515625
173.631256103515625 170.806243896484375 168.962493896484375 167.8874969482421875 172.9375 182.03125 192.868743896484375 203.131256103515625 210.6437530517578125 214.881256103515625 217.96875 215.368743896484375 213.881256103515625 211.193756103515625 206.5812530517578125 202.03125 197.7624969482421875 194.8562469482421875 191.46875 189.6750030517578125 184.0625 177.4562530517578125 170.256256103515625 160.056243896484375 150.118743896484375 141.068756103515625 131.6999969482421875 123.38124847412109375 116.02500152587890625 113.96875 113.8249969482421875 116.18125152587890625 125.30625152587890625 137.399993896484375 151.556243896484375 172.118743896484375 195.024993896484375 220.7624969482421875 246.5 262.618743896484375 270.70001220703125 275.11248779296875 278.306243896484375 280.20001220703125
170.631256103515625 167.725006103515625 167.59375 169.806243896484375 174.712493896484375 181.2062530517578125 186.131256103515625 188.7624969482421875 189.256256103515625 192.8625030517578125 201.0437469482421875 204.037506103515625 205.318756103515625 204.8125 202.6875 200.8125 198.006256103515625 196.2062530517578125 194.8874969482421875 193.34375 189.462493896484375 183.1062469482421875 174.4812469482421875 164.037506103515625 154.7937469482421875 143.537506103515625 133.1875 123.6875 116.30625152587890625 113.0124969482421875 112.1374969482421875 114.97499847412109375 125.3625030517578125 138.4499969482421875 154.087493896484375 175.5062408447265625 200.899993896484375 226.743743896484375 249.1374969482421875 266.081268310546875 276.85626220703125 281.89373779296875 285.01251220703125 286.193756103515625
168.912506103515625 167.662506103515625 169.53125 172.53125 176.8312530517578125 182.087493896484375 185.693756103515625 186.306243896484375 180.6750030517578125 179.962493896484375 190.125 195.806243896484375 199.631256103515625 201.024993896484375 201.8562469482421875 202.037506103515625 201.556243896484375 201.90625 204.274993896484375 203.493743896484375 197.037506103515625 190.537506103515625 180.7687530517578125 171.318756103515625 159.9875030517578125 147.3125 135.350006103515625 125.5187530517578125 117.5187530517578125 112.8874969482421875 112.38124847412109375 116.03125 125.94374847412109375 138.587493896484375 153.587493896484375 175.6437530517578125 200.225006103515625 224.931243896484375 245.443756103515625 263.943756103515625 276.274993896484375 280.46875 284.868743896484375 286.524993896484375
167.8249969482421875 166.899993896484375 169.6750030517578125 173.6437530517578125 178.693756103515625 184.649993896484375 187.4250030517578125 187.162506103515625 184.337493896484375 184.9187469482421875 189.881256103515625 192.1875 196.3625030517578125 198.4375 201.0500030517578125 203.8562469482421875 206.0124969482421875 209.3249969482421875 213.0187530517578125 215.53125 209.03125 200.681243896484375 189.2312469482421875 177.8249969482421875 164.162506103515625 151.024993896484375 139.256256103515625 127.94374847412109375 118.77500152587890625 113.15625 112.5 116 126.1125030517578125 139.100006103515625 154.149993896484375 175.837493896484375 200.1999969482421875 222.962493896484375 243.0625 261.475006103515625 275.98126220703125 280.95001220703125 283.36248779296875 282.756256103515625
167.256256103515625 167.1687469482421875 170.0437469482421875 174.4187469482421875 179.75 187.6374969482421875 191.4562530517578125 190.4562530517578125 188.2624969482421875 188.318756103515625 191.837493896484375 192.90625 194.7312469482421875 196.4812469482421875 199.912506103515625 204.0625 208.8874969482421875 214.6875 221.0500030517578125 226.9812469482421875 225.068756103515625 214.7062530517578125 199.837493896484375 182.4375 168.9187469482421875 156.8125 144.618743896484375 132.9875030517578125 122.2312469482421875 116.19374847412109375 115.2624969482421875 118.0812530517578125 128.5749969482421875 141.15625 155.100006103515625 175.118743896484375 197.375 219.71875 241.681243896484375 260.75 275.28125 280.71875 283.493743896484375 283.17498779296875
167.850006103515625 168.1437530517578125 171.256256103515625 176.649993896484375 182.2624969482421875 190.0500030517578125 194.962493896484375 193.75 191.4812469482421875 191.006256103515625 192.4375 193.462493896484375 192.84375 194.024993896484375 197.943756103515625 202.662506103515625 208.6500091552734375 215.506256103515625 224.537506103515625 234.756256103515625 236.681243896484375 227.0187530517578125 210 189.65625 173.4250030517578125 160.212493896484375 147.7312469482421875 136.5437469482421875 127.46250152587890625 121.6750030517578125 119.1750030517578125 120.18125152587890625 129.1687469482421875 140.399993896484375 153.881256103515625 172.8000030517578125 193.256256103515625 215.125 236.1125030517578125 256.20001220703125 273.125 277.98126220703125 280.39373779296875 280.162506103515625
168.2687530517578125 169.462493896484375 172.9250030517578125 177.34375 182.0812530517578125 188.75 192.568756103515625 192.943756103515625 191.4187469482421875 191.3625030517578125 191.850006103515625 193.0500030517578125 192.59375 190.1875 193.1687469482421875 198.4625091552734375 205.287506103515625 215.0124969482421875 225.7375030517578125 237 242.068756103515625 233.8562469482421875 216.28125 196.868743896484375 177.943756103515625 162.712493896484375 152.125 141.274993896484375 132.5625 127.03125 123.6374969482421875 123.0749969482421875 129.8562469482421875 139.375 151.5749969482421875 169.1687469482421875 188.5749969482421875 209.068756103515625 231.3625030517578125 250.4187469482421875 269.58123779296875 275.806243896484375 274.506256103515625 262.54998779296875
168.2312469482421875 168.837493896484375 172.243743896484375 176.256256103515625 180.725006103515625 185.3249969482421875 188.8000030517578125 190.5437469482421875 190.725006103515625 190.2062530517578125 190.068756103515625 188.9875030517578125 188.350006103515625 186.4562530517578125 186.0625 191.318756103515625 199.1062469482421875 209.125 220.131256103515625 230.53125 234.212493896484375 228.6875 216.25 199.131256103515625 182.59375 168.40625 158.5437469482421875 148.068756103515625 138.587493896484375 132.212493896484375 128.2062530517578125 126.19374847412109375 131.037506103515625 138.475006103515625 149.8937530517578125 167.0437469482421875 185.375 207.0437469482421875 227.4875030517578125 248.8874969482421875 265.29376220703125 263.41876220703125 258.41876220703125 256.33123779296875
166.5 167.350006103515625 170.9187469482421875 174.9562530517578125 179.0749969482421875 183.037506103515625 186.9250030517578125 189.0749969482421875 188.962493896484375 188.1687469482421875 187.225006103515625 185.568756103515625 183.5 180.787506103515625 177.6875 181.6374969482421875 190 200.5124969482421875 211.712493896484375 221.6999969482421875 224.7687530517578125 221.899993896484375 214.162506103515625 201.6750030517578125 189.506256103515625 177.71875 167.181243896484375 156.181243896484375 146.006256103515625 137.9375 132.0500030517578125 128.1875 132.193756103515625 138.4499969482421875 147.4875030517578125 163.0124969482421875 182.2312469482421875 204.9375 224.9250030517578125 239.6875 247.6437530517578125 250.9375 255.4375 259.100006103515625
163.71875 164.8000030517578125 169.0500030517578125 173.09375 177.28125 181.506256103515625 184.537506103515625 186.71875 187.5500030517578125 187.681243896484375 185.899993896484375 183.46875 180.6750030517578125 176.1374969482421875 171.7062530517578125 171.0124969482421875 181.3562469482421875 193.9375 204.8937530517578125 214.381256103515625 218.7624969482421875 218.40625 213.5500030517578125 204.5187530517578125 195.568756103515625 187.600006103515625 178.2624969482421875 166.5812530517578125 153.9499969482421875 143.475006103515625 135.78125 130.818756103515625 133.1999969482421875 139.056243896484375 145.4250030517578125 161.818756103515625 182.03125 198.9499969482421875 214.318756103515625 225.368743896484375 235.787506103515625 244.725006103515625 252.274993896484375 252.6687469482421875
160.40625 162.6374969482421875 166.600006103515625 170.818756103515625 175.556243896484375 179.568756103515625 183.34375 185.431243896484375 186.625 186.537506103515625 185.381256103515625 182.943756103515625 179.368743896484375 174.8312530517578125 171.125 170.8312530517578125 176.162506103515625 187.15625 199.1374969482421875 209.53125 214.8562469482421875 216.25 213.6999969482421875 206.337493896484375 200.53125 197.0812530517578125 190.868743896484375 176.712493896484375 160.375 148.306243896484375 139.7624969482421875 135.5812530517578125 136.53125 140.6125030517578125 151.1687469482421875 170.1125030517578125 185.7687530517578125 203.125 217.25 223.618743896484375 233.100006103515625 243.7375030517578125 247.9812469482421875 253.4812469482421875
155.4375 158.2062530517578125 163.1374969482421875 168.1687469482421875 172.899993896484375 178.34375 182.90625 185.5 186.993743896484375 187.0124969482421875 185.943756103515625 183.53125 178.9187469482421875 175.318756103515625 173.600006103515625 173.4812469482421875 176.399993896484375 181.375 194.3874969482421875 205.337493896484375 213.306243896484375 214.850006103515625 213.649993896484375 209.443756103515625 206.6437530517578125 204.96875 203.0437469482421875 185.8000030517578125 165.318756103515625 149.40625 139.100006103515625 134.2062530517578125 139.4187469482421875 149.693756103515625 161.7375030517578125 173.28125 190.0625 207.125 216.3000030517578125 228.9499969482421875 237.3874969482421875 245.4875030517578125 250.96875 255.8874969482421875
149.818756103515625 153.84375 159.25 165 170.84375 176.712493896484375 181.587493896484375 185.618743896484375 188.0625 189.3125 188.0625 185.0812530517578125 180.5500030517578125 177.2687530517578125 175.09375 175.3125 177.537506103515625 180.274993896484375 188.9187469482421875 200.0437469482421875 211.7624969482421875 218.6125030517578125 213.475006103515625 211.34375 210.556243896484375 209.2687530517578125 203.8625030517578125 188.5 169.3562469482421875 151.1999969482421875 137.943756103515625 136.25 147.756256103515625 157.6750030517578125 166.618743896484375 181.1999969482421875 195.837493896484375 210.368743896484375 222.9562530517578125 234.6687469482421875 243.8125 254.162506103515625 256.73126220703125 259.387481689453125
143.818756103515625 148.743743896484375 154.5437469482421875 161.1125030517578125 167.693756103515625 174.600006103515625 180.681243896484375 185.600006103515625 189.3249969482421875 191.868743896484375 192.306243896484375 189.8312530517578125 185.5 180.725006103515625 178.4812469482421875 177.1125030517578125 175.9187469482421875 180.8874969482421875 187.8125 197.337493896484375 206.368743896484375 210.9375 213.662506103515625 212.8000030517578125 211.337493896484375 207.3249969482421875 199.181243896484375 188.600006103515625 171.7125091552734375 154.1687469482421875 143.056243896484375 145.037506103515625 154.34375 165.493743896484375 175.9875030517578125 188.9250030517578125 203.4187469482421875 218.375 230.125 240.6875 250.2687530517578125 258.54376220703125 261.306243896484375 264.58123779296875
