data/historical-monthly-weather-data/wc2.1_cruts4.09_10m_prec_1984-10.asc
ncols        51
nrows        45
xllcorner    -63.500000000000
yllcorner    -7.500000000000
cellsize     0.166666666667
NODATA_value -9999
[rows 20 to 39 of 45, columns 0 to 43 of 51]
144.993743896484375 147.0812530517578125 150.59375 153.75 156.412506103515625 158.962493896484375 161.274993896484375 161.90625 160.693756103515625 156.84375 151.25 143.5437469482421875 135.9812469482421875 128.193756103515625 123.94374847412109375 120.30625152587890625 116.6374969482421875 116.125 118.75 122.1125030517578125 134.46875 149.9250030517578125 165.368743896484375 175.6750030517578125 183.8125 187.3874969482421875 182.5812530517578125 171.743743896484375 160.5 150.3625030517578125 142.899993896484375 141.193756103515625 142.59375 146.0625 149.993743896484375 143.9812469482421875 137.1374969482421875 134.3375091552734375 133.0124969482421875 131.881256103515625 129.774993896484375 124.9562530517578125 117.41249847412109375 109.7312469482421875
138.399993896484375 142.506256103515625 147.431243896484375 151.818756103515625 155.9375 159.756256103515625 162.806243896484375 164.6999969482421875 164.649993896484375 160.399993896484375 153.625 145.25 137.2937469482421875 130.4875030517578125 125.5500030517578125 121.8874969482421875 119.1687469482421875 118.8937530517578125 120.5187530517578125 123.8562469482421875 133.3625030517578125 146.256256103515625 160.15625 168.5437469482421875 174.506256103515625 178.125 176.556243896484375 170.4812469482421875 164.3874969482421875 157.90625 152.524993896484375 150.3312530517578125 151.125 154.0749969482421875 155.1062469482421875 151.1687469482421875 144.537506103515625 139.3625030517578125 136.4562530517578125 134.837493896484375 132.337493896484375 127.44374847412109375 121.2312469482421875 113.86875152587890625
134.1875 140.381256103515625 146.431243896484375 151.587493896484375 155.53125 159.875 163.9562530517578125 167.556243896484375 169.71875 164.125 156.287506103515625 146.8937530517578125 139.5 133.756256103515625 128.631256103515625 124.59375 121.77500152587890625 122.08750152587890625 123.1750030517578125 125.5749969482421875 134.412506103515625 144.475006103515625 155.1374969482421875 162.412506103515625 167.431243896484375 169.243743896484375 169.806243896484375 169.1125030517578125 165.6437530517578125 162.006256103515625 159.5749969482421875 158.5500030517578125 158.399993896484375 160.006256103515625 159.875 155.912506103515625 149.975006103515625 143.587493896484375 140.149993896484375 139.818756103515625 138.037506103515625 133.1062469482421875 126.91249847412109375 119.3125
133.1374969482421875 140.818756103515625 148.068756103515625 152.037506103515625 155.243743896484375 159.5187530517578125 163.306243896484375 167.399993896484375 169.181243896484375 164.3312530517578125 156.3249969482421875 148.34375 141.7687530517578125 136.5124969482421875 132.09375 128.243743896484375 125.75 125.6687469482421875 126.16249847412109375 127.71875 135.4875030517578125 144.631256103515625 152.5437469482421875 158.0749969482421875 161.462493896484375 161.5437469482421875 160.806243896484375 163.287506103515625 164.8625030517578125 164.25 163.5500030517578125 163.2375030517578125 163.5124969482421875 164.125 164.0187530517578125 161.78125 157.131256103515625 151.09375 148.5187530517578125 147.631256103515625 146.056243896484375 141.4562530517578125 135.1999969482421875 127.1374969482421875
136.662506103515625 143.7687530517578125 150.90625 152.899993896484375 154.9375 158.5124969482421875 161.59375 164.1437530517578125 164.837493896484375 162.006256103515625 156.7375030517578125 150.256256103515625 144.868743896484375 140.2937469482421875 136.1062469482421875 132.850006103515625 130.2687530517578125 129.8562469482421875 129.8125 130.8937530517578125 137.274993896484375 143.9250030517578125 151.0124969482421875 155.162506103515625 158.149993896484375 160.318756103515625 160.274993896484375 162.4375 164.7624969482421875 165.2937469482421875 165.287506103515625 164.7312469482421875 166.3249969482421875 166.975006103515625 167.53125 165.899993896484375 163.975006103515625 161.475006103515625 159.056243896484375 158.53125 157.0437469482421875 152.181243896484375 145.725006103515625 138.431243896484375
141.649993896484375 146.75 150.15625 152.4499969482421875 153.4875030517578125 156.3000030517578125 158.78125 160.625 161.524993896484375 160.3937530517578125 155.875 151.631256103515625 147.28125 143.5124969482421875 140.34375 137.337493896484375 135.1875 134.193756103515625 133.868743896484375 134.3562469482421875 139.5062408447265625 144.631256103515625 150.181243896484375 154.006256103515625 157.2687530517578125 160.149993896484375 161.4375 162.912506103515625 164.8562469482421875 165.9187469482421875 165.1374969482421875 166.0437469482421875 168.5124969482421875 169.524993896484375 171.225006103515625 171.087493896484375 170.9250030517578125 171.1062469482421875 170.2624969482421875 170.2312469482421875 169.375 164.8000030517578125 158.1437530517578125 150.912506103515625
146.318756103515625 146.787506103515625 148.6125030517578125 149.8625030517578125 150.431243896484375 153.4187469482421875 155.693756103515625 157.4812469482421875 157.9875030517578125 156.9187469482421875 155.256256103515625 152.7312469482421875 149.962493896484375 147.381256103515625 144.399993896484375 142.087493896484375 139.5625 138.868743896484375 138.1437530517578125 138.0749969482421875 142.1437530517578125 145.9187469482421875 149.943756103515625 154.5437469482421875 157.2062530517578125 160.0500030517578125 161.212493896484375 162.5812530517578125 164.600006103515625 165.3687591552734375 166 166.068756103515625 169.4875030517578125 171.868743896484375 173.75 175.3937530517578125 177.0812530517578125 178.875 180.0625 182.2312469482421875 182.7062530517578125 179.024993896484375 173.006256103515625 165.5749969482421875
150.09375 147.287506103515625 147.506256103515625 147.90625 147.881256103515625 150.5 153.162506103515625 154.568756103515625 155.1374969482421875 155.1750030517578125 154.21875 153.1750030517578125 152.3874969482421875 150.537506103515625 148.375 146.412506103515625 144.681243896484375 143.2062530517578125 142.556243896484375 142.681243896484375 145.0187530517578125 147.3937530517578125 150.8874969482421875 154.212493896484375 156.71875 159.59375 161.25 162.8125 163.71875 164.4187469482421875 164.625 165.5500030517578125 169.649993896484375 172.8625030517578125 176.71875 179.2312469482421875 181.8249969482421875 186.28125 188.9875030517578125 193.6374969482421875 198.03125 194.337493896484375 186.8874969482421875 180.931243896484375
153.7375030517578125 148.462493896484375 146.8000030517578125 146.5187530517578125 145.9812469482421875 147.725006103515625 149.6875 151.4250030517578125 152.587493896484375 153.7375030517578125 154.1750030517578125 154.381256103515625 154.5 153.6750030517578125 152.431243896484375 150.8249969482421875 149.65625 148.162506103515625 147.1062469482421875 146.899993896484375 147.743743896484375 149.1125030517578125 151.1875 153.743743896484375 155.8874969482421875 158.7687530517578125 160.4250030517578125 161.787506103515625 163.6062469482421875 163.837493896484375 163.3874969482421875 164.4499969482421875 169.118743896484375 173.306243896484375 178.0187530517578125 182.125 186.0812530517578125 190.9875030517578125 194.5187530517578125 200.506256103515625 207.4812469482421875 204.09375 197.2375030517578125 194.40625
157.6062469482421875 150.912506103515625 148.0625 145.9312591552734375 144.8562469482421875 145.506256103515625 147.2937469482421875 149.368743896484375 151.506256103515625 152.7687530517578125 154.537506103515625 155.318756103515625 156.787506103515625 157.1999969482421875 156.2937469482421875 155.61248779296875 154.131256103515625 153.350006103515625 151.975006103515625 150.6062469482421875 151.0749969482421875 151.7062530517578125 152.493743896484375 153.7375030517578125 155.59375 158.5 159.8125 160.78125 161.7375030517578125 162.1062469482421875 162.5500030517578125 163.6812591552734375 168.1374969482421875 172.9875030517578125 177.5625 182.087493896484375 186.399993896484375 192.225006103515625 194.068756103515625 198.40625 204.5625 205.4875030517578125 202.1062469482421875 202.3000030517578125
161.0500030517578125 152.899993896484375 149.337493896484375 145.537506103515625 143.7937469482421875 144.931243896484375 146.2624969482421875 148.087493896484375 150.25 151.975006103515625 154.78125 157.0187530517578125 159.9250030517578125 161.350006103515625 160.4562530517578125 160.2062530517578125 159.71875 158.287506103515625 156.662506103515625 155.3125 154.4375 154.225006103515625 154.1687469482421875 154.40625 155.462493896484375 157.131256103515625 158.225006103515625 159 159.6125030517578125 160.1062469482421875 161.318756103515625 162.78125 167.125 172.1750030517578125 176.899993896484375 180.962493896484375 185.9875030517578125 192.100006103515625 192.8125 191.881256103515625 198.118743896484375 203 204.6875 205.037506103515625
163.4375 154.381256103515625 149.431243896484375 146.0124969482421875 144.6687469482421875 144.3125 145.1875 146.806243896484375 149.1687469482421875 151.618743896484375 154.78125 158.40625 161.774993896484375 164.59375 165.15625 165.2937469482421875 164.3874969482421875 162.162506103515625 161.256256103515625 159.6750030517578125 157.899993896484375 156.6125030517578125 155.743743896484375 154.8625030517578125 155.15625 155.65625 156.3562469482421875 157 157.3249969482421875 158.4499969482421875 159.850006103515625 161.125 165.5250091552734375 170.899993896484375 174.96875 179.568756103515625 185.0124969482421875 190.975006103515625 190.462493896484375 190.881256103515625 197.8874969482421875 203.806243896484375 206.131256103515625 208.1374969482421875
167.162506103515625 158.056243896484375 152.875 149.568756103515625 146.975006103515625 145.993743896484375 145.850006103515625 146.4250030517578125 148.4187469482421875 151.2375030517578125 156.787506103515625 160.5 165.3249969482421875 169.7687530517578125 170.46875 170.1875 168.7312469482421875 166.662506103515625 165.162506103515625 163.4375 161.3125 159.649993896484375 158.068756103515625 156.9499969482421875 156.256256103515625 155.875 156.03125 155.84375 155.8562469482421875 157.5 158.71875 160.0437469482421875 162.6062469482421875 167.4375 172.40625 178.037506103515625 182.78125 186.9375 187.618743896484375 191.899993896484375 198.568756103515625 202.90625 205.7687530517578125 207.6999969482421875
169.837493896484375 161.6999969482421875 156.943756103515625 153.34375 149.3562469482421875 147.806243896484375 146.7312469482421875 146.537506103515625 147.475006103515625 150.5187530517578125 155.40625 162.1875 169.7062530517578125 173.75 175.256256103515625 174.7624969482421875 173.3625030517578125 171.375 168.774993896484375 167.3125 164.837493896484375 162.6999969482421875 160.8125 158.287506103515625 157.21875 156.125 155.2062530517578125 154.4499969482421875 154.337493896484375 155.725006103515625 157.3312530517578125 158.912506103515625 161.6312408447265625 164.6437530517578125 169.5749969482421875 174.712493896484375 178.7375030517578125 182.5812530517578125 185.2312469482421875 190.4250030517578125 195.381256103515625 199.350006103515625 203.5625 206.4250030517578125
172.3874969482421875 165.5437469482421875 160.1437530517578125 156.368743896484375 151.931243896484375 149.6062469482421875 147.556243896484375 146.6999969482421875 146.25 148.8937530517578125 154.6999969482421875 163.337493896484375 173 179.5 179.5812530517578125 179.0124969482421875 177.78125 175.4250030517578125 172.837493896484375 170.3874969482421875 167.993743896484375 165.21875 162.96875 159.5124969482421875 157.618743896484375 155.8874969482421875 154.774993896484375 154.0500030517578125 153.4812469482421875 154.3312530517578125 155.5124969482421875 157.3249969482421875 159.46875 162.4812469482421875 165.8249969482421875 169.506256103515625 173.056243896484375 178.125 181.350006103515625 185.662506103515625 190.1687469482421875 193.125 197.46875 200.412506103515625
174.618743896484375 168.4562530517578125 164.037506103515625 159.618743896484375 155.368743896484375 152.7624969482421875 149.625 147.443756103515625 146 147.2375030517578125 153.756256103515625 163.681243896484375 175.0124969482421875 182 182.962493896484375 182.25 180.6875 178.6125030517578125 176 173.1062469482421875 170.6812591552734375 168.09375 164.600006103515625 161.368743896484375 159.193756103515625 157.0500030517578125 155.65625 154.90625 154.2062530517578125 154.8000030517578125 155.1687469482421875 156.118743896484375 157.3562469482421875 159.9499969482421875 161.5500030517578125 163.600006103515625 168.212493896484375 171.693756103515625 174.4562530517578125 177.7375030517578125 181.806243896484375 184.350006103515625 185.7375030517578125 188.475006103515625
176.837493896484375 171.587493896484375 167.524993896484375 163.506256103515625 159.475006103515625 156.0124969482421875 152.0812530517578125 148.7062530517578125 145.7624969482421875 144.193756103515625 151.931243896484375 166.125 176.306243896484375 182.212493896484375 184.4812469482421875 184.6875 183.0187530517578125 181.087493896484375 178.0500030517578125 174.8000030517578125 172.056243896484375 169.03125 166.024993896484375 162.5500030517578125 160.0812530517578125 158.1687469482421875 156.631256103515625 155.9499969482421875 155.618743896484375 155.3562469482421875 155.2312469482421875 154.662506103515625 155.912506103515625 157.375 157.0500030517578125 159.34375 162.306243896484375 165.431243896484375 167.1437530517578125 168.9250030517578125 171.568756103515625 171.96875 173.3937530517578125 175.7937469482421875
179.1687469482421875 174.875 171 167.375 163.7937469482421875 159.881256103515625 156.4375 152.649993896484375 149.587493896484375 146.0124969482421875 158.3000030517578125 172.46875 179.774993896484375 184.71875 186.6062469482421875 186.8562469482421875 185.0625 182.912506103515625 180.068756103515625 176.256256103515625 172.912506103515625 168.9499969482421875 165.7375030517578125 162.256256103515625 160.5124969482421875 158.931243896484375 157.2062530517578125 156.7062530517578125 156.399993896484375 155.875 154.3687591552734375 153.6687469482421875 154.1875 154.256256103515625 153.84375 154.350006103515625 156.8000030517578125 158.2624969482421875 159.9499969482421875 161.2375030517578125 161.1875 161.6999969482421875 161.462493896484375 162.2687530517578125
182.0187530517578125 177.7624969482421875 174.5625 171.2062530517578125 167.743743896484375 164.1875 161.149993896484375 159.6437530517578125 159.1875 164.1125030517578125 177.131256103515625 182.318756103515625 184.84375 187.6187591552734375 189.375 189.537506103515625 187.7062530517578125 184.9499969482421875 180.96875 177.318756103515625 172.524993896484375 168 164.712493896484375 161.59375 159.4562530517578125 158.693756103515625 158.0500030517578125 158.306243896484375 158.181243896484375 157.631256103515625 157.306243896484375 156.556243896484375 156.162506103515625 155.649993896484375 156.087493896484375 156.881256103515625 157.181243896484375 157.912506103515625 158.787506103515625 157.4375 157.337493896484375 157.4250030517578125 156.506256103515625 156.931243896484375
185.287506103515625 181.25 178.5437469482421875 175.6875 172.1999969482421875 169.868743896484375 167.2937469482421875 167.431243896484375 169.1062469482421875 174.6875 182.068756103515625 187.318756103515625 190.1374969482421875 191.5812530517578125 193.037506103515625 192.375 190.5500030517578125 187.3874969482421875 182.4375 177.3562469482421875 171.8625030517578125 166.59375 162.5187530517578125 159.7687530517578125 158.9250030517578125 158.3312530517578125 158.3874969482421875 159.5625 160.243743896484375 160.2062530517578125 159.774993896484375 160.087493896484375 160.931243896484375 160.2687530517578125 160.7375030517578125 159.8874969482421875 158.5749969482421875 158.118743896484375 158.287506103515625 155.21875 153.681243896484375 153.806243896484375 152.649993896484375 152.681243896484375
