data/historical-monthly-weather-data/wc2.1_cruts4.09_10m_prec_1993-10.asc
ncols        45
nrows        45
xllcorner    -63.500000000000
yllcorner    -7.500000000000
cellsize     0.166666666667
NODATA_value -9999
[rows 0 to 18 of 45, columns 0 to 43 of 45]
150.212493896484375 145.125 141.274993896484375 140.100006103515625 137.8874969482421875 134.84375 129.975006103515625 125.38124847412109375 121.36875152587890625 118.68125152587890625 117.65000152587890625 116.5749969482421875 114.96875 112.05625152587890625 110.1999969482421875 108.375 106.58750152587890625 104.3625030517578125 102.9250030517578125 101.34375 99.7375030517578125 97.6875 96.06874847412109375 95.03749847412109375 94.4375 94.27500152587890625 94.71250152587890625 95.5500030517578125 96.78125 97.74375152587890625 98.99375152587890625 100.41249847412109375 102.3312530517578125 104.6999969482421875 107.3562469482421875 109.09375 110.65000152587890625 111.8874969482421875 112.03125 111.8000030517578125 111.4875030517578125 110.83750152587890625 109.16249847412109375 106.7312469482421875
147.837493896484375 143.4749908447265625 142.475006103515625 144.100006103515625 145.6999969482421875 142.0625 137.556243896484375 134.287506103515625 131.7375030517578125 128.993743896484375 126.625 123.96250152587890625 120.9250030517578125 117.4812469482421875 114.65000152587890625 112.3125 109.24375152587890625 107.0812530517578125 105.46875 104.0812530517578125 101.96875 100.05625152587890625 98.47499847412109375 97.7375030517578125 97.2312469482421875 96.63124847412109375 97.4562530517578125 98.3562469482421875 99.2624969482421875 99.68125152587890625 101.5500030517578125 103.96250152587890625 106.8000030517578125 110.4187469482421875 113.3874969482421875 115.1125030517578125 117.3874969482421875 118.90000152587890625 119.21250152587890625 118.81874847412109375 118.61875152587890625 118.05625152587890625 116.38124847412109375 113.7624969482421875
142.40625 139.4562530517578125 139.2937469482421875 142.2312469482421875 145.03125 143.7687530517578125 142.462493896484375 142.193756103515625 141.5437469482421875 139.318756103515625 135.875 131.5437469482421875 127.09999847412109375 122.36875152587890625 118.71875 115.5124969482421875 112.44374847412109375 110 107.94374847412109375 106.2375030517578125 104.0749969482421875 102.6999969482421875 101.16249847412109375 100.24375152587890625 99.5625 99.1875 99.7375030517578125 100.52500152587890625 100.5500030517578125 101.5437469482421875 103.91875457763671875 106.15625 109.19374847412109375 113.25 116.8874969482421875 119.1062469482421875 121.40625 123.78125 124.72499847412109375 124.71875 124.75624847412109375 124.1999969482421875 122.71250152587890625 120.77500152587890625
135.625 133.212493896484375 135.0437469482421875 137.2312469482421875 140.850006103515625 142.21875 144.693756103515625 148.024993896484375 150.774993896484375 149.9250030517578125 144.868743896484375 138.3874969482421875 132.1062469482421875 126.41249847412109375 122.75624847412109375 118.8562469482421875 115.24375152587890625 112.84375 110.71875 108.94374847412109375 107.0437469482421875 105.09375 103.06874847412109375 102.28749847412109375 101.4562530517578125 100.74375152587890625 101.0500030517578125 101.3249969482421875 101.3874969482421875 102.47499847412109375 104.97499847412109375 107.8625030517578125 110.4375 113.94374847412109375 117.28749847412109375 121.1687469482421875 124.6374969482421875 127.66249847412109375 129.4250030517578125 130.125 129.7062530517578125 129.5625 128.5 127.25624847412109375
135.0749969482421875 130.0500030517578125 128.806243896484375 130.806243896484375 135.693756103515625 139.756256103515625 144.6437530517578125 150.631256103515625 157.6750030517578125 160.4187469482421875 152.725006103515625 142.837493896484375 135.631256103515625 130.037506103515625 125.75624847412109375 121.41249847412109375 117.86875152587890625 114.61875152587890625 111.99375152587890625 109.9812469482421875 108.69374847412109375 106.59999847412109375 104.5437469482421875 103.90000152587890625 102.97499847412109375 102.15625 101.65000152587890625 102.09999847412109375 102.5749969482421875 103.08750152587890625 105.4250030517578125 108.13124847412109375 111.25624847412109375 114.80625152587890625 118.8312530517578125 122.7687530517578125 126.96875 131.2375030517578125 133.2375030517578125 134.34375 134.3000030517578125 133.662506103515625 133.375 132.5187530517578125
134.631256103515625 130.09375 126.16249847412109375 124.22499847412109375 130 136.3312530517578125 141.6999969482421875 147.743743896484375 155.15625 160.5437469482421875 151.40625 141.6687469482421875 135.71875 130.59375 126.4812469482421875 123.1750030517578125 119.44374847412109375 116.0625 113.5812530517578125 111.31874847412109375 110.1062469482421875 108.5 106.84375 105.375 104.2937469482421875 103.21250152587890625 102.31874847412109375 101.90000152587890625 102.5124969482421875 102.78749847412109375 104.88124847412109375 108.1750030517578125 110.9375 114.6750030517578125 118.8249969482421875 123.40625 128.181243896484375 133.6374969482421875 137.3937530517578125 138.006256103515625 136.243743896484375 135.9250030517578125 135.462493896484375 135.59375
137.287506103515625 132.7062530517578125 128.46875 125.5 128.6999969482421875 132.524993896484375 136.131256103515625 139.1062469482421875 141.59375 141.837493896484375 139.7687530517578125 136.162506103515625 133.100006103515625 129.9812469482421875 126.7687530517578125 124.1374969482421875 121.09999847412109375 117.34375 114.28749847412109375 112.31874847412109375 111.59999847412109375 110.4562530517578125 108.8249969482421875 107.3562469482421875 106.08750152587890625 104.61875152587890625 103.6125030517578125 102.5 101.875 102.5437469482421875 104.4375 107.0437469482421875 109.69374847412109375 113.61875152587890625 118.11249542236328125 122.34375 127.4250030517578125 133.306243896484375 139.0812530517578125 138.3625030517578125 136.100006103515625 134.600006103515625 134.53125 135.6999969482421875
141.0625 136.1999969482421875 133.21875 132.0625 132.5999908447265625 133.693756103515625 132.475006103515625 128.9499969482421875 123.9875030517578125 123.0812530517578125 126.83750152587890625 128.649993896484375 129.4375 128.506256103515625 127.16249847412109375 125.09375 122.53125 118.75624847412109375 115.625 113.93125152587890625 113.65625 112.66249847412109375 111.21875 109.75624847412109375 108.08750152587890625 105.8874969482421875 104.0749969482421875 102.0124969482421875 100.71250152587890625 100.4562530517578125 102.3625030517578125 105.1062469482421875 107.96250152587890625 111.8937530517578125 115.83750152587890625 119.80625152587890625 123.6687469482421875 128.625 131.90625 131.881256103515625 129.912506103515625 127.9187469482421875 126.90625 127.19374847412109375
145.600006103515625 141.993743896484375 140.1750030517578125 138.8000030517578125 138.4875030517578125 137.1062469482421875 133.6374969482421875 126.33750152587890625 116.0625 112.05625152587890625 118.83750152587890625 123.7624969482421875 126.93125152587890625 127.36875152587890625 126.9875030517578125 125.90625 123.9250030517578125 121.58750152587890625 119.6750030517578125 117.77500152587890625 117.24375152587890625 116.50624847412109375 114.06874847412109375 112.74375152587890625 110.03749847412109375 106.74375152587890625 103.65625 102.06874847412109375 100.53749847412109375 99.5812530517578125 101.2375030517578125 103.5187530517578125 105.65000152587890625 108.65625 111.71250152587890625 115.4499969482421875 119.0625 122 123.0749969482421875 122.7375030517578125 120.56874847412109375 117.4499969482421875 115.7375030517578125 113.75
150.899993896484375 148.03125 146.181243896484375 145.5124969482421875 145.443756103515625 143.368743896484375 138.7937469482421875 130.8000030517578125 121.99375152587890625 117.97499847412109375 120.05625152587890625 123.03749847412109375 126.30625152587890625 127.59375 127.75 127.2687530517578125 125.78125 124.8125 123.93125152587890625 123.5749969482421875 122.56874847412109375 121.06874847412109375 117.80625152587890625 114.84375 110.4875030517578125 106.5124969482421875 103.74375152587890625 101.2624969482421875 99.71250152587890625 98.7624969482421875 99.21875 101.13124847412109375 102.8874969482421875 105.6374969482421875 108.59999847412109375 111.55625152587890625 113.88124847412109375 115.4187469482421875 115.5625 113.72499847412109375 110.7937469482421875 106.8625030517578125 102.9875030517578125 99.5749969482421875
156.4250030517578125 153.96875 152.0437469482421875 151.4250030517578125 151.556243896484375 151.6062469482421875 147.5749969482421875 138.681243896484375 130.5812530517578125 126.2375030517578125 125.4875030517578125 126.3937530517578125 127.52500152587890625 128.943756103515625 129.1875 128.46875 127.77500152587890625 127.8562469482421875 128.28125 129.09375 129.399993896484375 126.72499847412109375 122.0124969482421875 116.1687469482421875 111.7937469482421875 108.03125 105.2687530517578125 102.6374969482421875 99.9375 98.74375152587890625 98.88124847412109375 100.1125030517578125 101.59375 103.68125152587890625 105.5625 107.33750152587890625 108.65000152587890625 108.52500152587890625 107.5625 104.84999847412109375 101.08750152587890625 96.50624847412109375 92.3562469482421875 87.40000152587890625
160.881256103515625 158.40625 156.75 156.7062530517578125 157.337493896484375 158.0812530517578125 155.662506103515625 145.881256103515625 138.318756103515625 133.131256103515625 130.618743896484375 130.3937530517578125 130.2375030517578125 131.03125 131.6374969482421875 130.837493896484375 130.375 130.7624969482421875 131.649993896484375 133.78125 135.962493896484375 132.756256103515625 126.5124969482421875 119.2312469482421875 112.96875 107.75 104.27500152587890625 102.375 100.5500030517578125 99.6437530517578125 98.84999847412109375 99.38124847412109375 99.9562530517578125 101.4250030517578125 102.9499969482421875 103.71875 103.8249969482421875 103.25624847412109375 100.8625030517578125 97.46250152587890625 92.31874847412109375 87.2624969482421875 82.71875 78.18125152587890625
164.3312530517578125 162.21875 160.65625 160.0500030517578125 160.375 160.0437469482421875 156.118743896484375 149.443756103515625 143 138.875 136.056243896484375 134.431243896484375 133.818756103515625 132.693756103515625 132.975006103515625 132.962493896484375 132.1125030517578125 132.9812469482421875 134.21875 135.9250030517578125 139.46875 136.693756103515625 129.712493896484375 121.96250152587890625 111.8249969482421875 105.49375152587890625 104.625 102.96875 101.8125 100.5437469482421875 99.24375152587890625 98.40000152587890625 98.74375152587890625 99.1750030517578125 100.1062469482421875 100.5124969482421875 100 99.33750152587890625 96.84999847412109375 91.4187469482421875 85.8562469482421875 81.375 76.15000152587890625 67.83750152587890625
166.53125 164.34375 162.8874969482421875 161.90625 161.1437530517578125 159.84375 156.1750030517578125 151.6437530517578125 147.037506103515625 142.868743896484375 139.65625 137.4375 135.9250030517578125 134.881256103515625 133.59375 133.6374969482421875 132.53125 132.875 133.4250030517578125 134.381256103515625 136.806243896484375 134.850006103515625 130.5187530517578125 124.24375152587890625 116.125 110.2687530517578125 108.0500030517578125 105.59999847412109375 103.5437469482421875 100.90000152587890625 98.55625152587890625 97.375 97.06874847412109375 97.1374969482421875 97.7687530517578125 98.15000152587890625 97.83750152587890625 97.6875 95.2937469482421875 90.5124969482421875 83.44374847412109375 76.33750152587890625 70.7062530517578125 65.0500030517578125
166.9812469482421875 165.15625 163.024993896484375 161.96875 160.90625 159.125 157.0749969482421875 153.6999969482421875 149.1750030517578125 145.4375 142.4187469482421875 139.7624969482421875 137.6999969482421875 136.3000030517578125 134.462493896484375 134.125 132.3625030517578125 131.3562469482421875 130.631256103515625 131.256256103515625 133.3625030517578125 133.375 131.962493896484375 129.5 125.32500457763671875 120.13124847412109375 115.3000030517578125 110.47499847412109375 106.2062530517578125 101.69374847412109375 98.0124969482421875 95.80625152587890625 95.2937469482421875 95.9187469482421875 96.50624847412109375 96.53749847412109375 97.28749847412109375 99.5500030517578125 100.33750152587890625 95.75624847412109375 87.69374847412109375 79.71250152587890625 73.76874542236328125 68.24375152587890625
165.9562530517578125 163.9499969482421875 162.2375030517578125 161.287506103515625 160.1687469482421875 159.087493896484375 157.2687530517578125 154.256256103515625 150.649993896484375 147.4499969482421875 143.7937469482421875 140.0812530517578125 137.7624969482421875 136.3249969482421875 134.9562530517578125 133.506256103515625 130.256256103515625 128.4187469482421875 127.05625152587890625 126.86875152587890625 128.662506103515625 131.024993896484375 133.34375 135.818756103515625 134.399993896484375 129.3125 123.1437530517578125 116.24375152587890625 109.5 102.5749969482421875 97.46875 93.8125 92.7312469482421875 93.28749847412109375 93.24375152587890625 92.72499847412109375 96.1687469482421875 100.09999847412109375 104.21875 101.9187469482421875 96.28125 87.59375 79.53749847412109375 72.1062469482421875
163.1437530517578125 161.5812530517578125 161.0562591552734375 160.8312530517578125 159.818756103515625 158.975006103515625 157.6687469482421875 155.274993896484375 152.118743896484375 148.256256103515625 144.212493896484375 139.9562530517578125 136.4875030517578125 134.1687469482421875 132.1437530517578125 129.850006103515625 125.33750152587890625 122.83750152587890625 121.4812469482421875 121.44374847412109375 123.50624847412109375 127.41249847412109375 133.28125 140.462493896484375 143.068756103515625 136.0187530517578125 129.0187530517578125 119.83750152587890625 110.72499847412109375 102.3625030517578125 96.6437530517578125 93.40000152587890625 90.18125152587890625 88.16249847412109375 87.17499542236328125 89.41249847412109375 94.30625152587890625 104.1437530517578125 115.1374969482421875 112.06874847412109375 105.96875 95.91249847412109375 85.2937469482421875 77.1437530517578125
159.506256103515625 158.7062530517578125 159.2937469482421875 159.5812530517578125 159.2624969482421875 159.2687530517578125 158.4875030517578125 156.193756103515625 152.90625 149.1750030517578125 145.024993896484375 139.537506103515625 134.7937469482421875 130.6875 127.46875 123.90000152587890625 119.2937469482421875 116.09375 115.22499847412109375 114.9250030517578125 117.25 121.65000152587890625 128.4499969482421875 137.181243896484375 141.53125 137.5 132.5187530517578125 122.36875152587890625 111.25 100.84999847412109375 93.9875030517578125 90.27500152587890625 89.2375030517578125 89.0124969482421875 85.75 82.21250152587890625 92 104.55625152587890625 113.5812530517578125 115.0812530517578125 110.1875 101.13124847412109375 91.03125 82.9187469482421875
154.5812530517578125 155.506256103515625 157.131256103515625 158.4375 159.306243896484375 159.53125 158.9375 157.256256103515625 154.7624969482421875 150.3937530517578125 144.8000030517578125 138.6875 132.3312530517578125 126.5812530517578125 122.44374847412109375 119.09999847412109375 114.5 110.65625 109.5124969482421875 108.7375030517578125 110.81874847412109375 116.90000152587890625 121.40000152587890625 129.618743896484375 134.53125 135.03125 130.7624969482421875 122.0625 112.11875152587890625 100.16249847412109375 91.1125030517578125 90.5437469482421875 94.33750152587890625 93.71875 91.13124847412109375 89.66249847412109375 95.99375152587890625 104.4499969482421875 111.40000152587890625 113.99375152587890625 111.6750030517578125 106.7687530517578125 96.99375152587890625 89.09375
