data/historical-monthly-weather-data/wc2.1_cruts4.09_10m_prec_1996-07.asc
ncols        51
nrows        45
xllcorner    -63.500000000000
yllcorner    -7.500000000000
cellsize     0.166666666667
NODATA_value -9999
[rows 19 to 37 of 45, columns 0 to 43 of 51]
149.6437530517578125 152.975006103515625 155.743743896484375 158.787506103515625 160.7375030517578125 167.568756103515625 166.0500030517578125 167.8312530517578125 167.96875 162.9812469482421875 159.649993896484375 163.100006103515625 161.818756103515625 159.9875030517578125 152.600006103515625 142.7624969482421875 137.712493896484375 151.3625030517578125 145.15625 143.5187530517578125 136.443756103515625 146.087493896484375 162.381256103515625 171.443756103515625 172.9250030517578125 164.9562530517578125 161.25 164.493743896484375 161.4250030517578125 157.056243896484375 162.774993896484375 179.537506103515625 187.556243896484375 195.40625 205.868743896484375 219.649993896484375 226.649993896484375 228.193756103515625 224.9562530517578125 211.9250030517578125 190.037506103515625 171.006256103515625 162.5749969482421875 151.5812530517578125
136.28125 147.53125 156.8562469482421875 157.212493896484375 156.881256103515625 163.4187469482421875 164.743743896484375 167.3000030517578125 165.875 162.868743896484375 157.7375030517578125 160.381256103515625 160.8249969482421875 157.068756103515625 150.087493896484375 143.1687469482421875 140.475006103515625 142.962493896484375 148.5124969482421875 142.006256103515625 149.568756103515625 158.3874969482421875 169.631256103515625 180.568756103515625 181.125 170.71875 157.4562530517578125 158.71875 161.7062530517578125 161.25 169.9250030517578125 179.34375 179.5812530517578125 188.618743896484375 199.1437530517578125 209.100006103515625 216.1374969482421875 213.381256103515625 205.256256103515625 192.5437469482421875 178.0500030517578125 167.21875 156.2312469482421875 147.462493896484375
133.03125 135.6875 147.056243896484375 153.1875 156.8000030517578125 157.056243896484375 159.431243896484375 162.03125 162.6374969482421875 160.25 158.368743896484375 155.59375 153.5500030517578125 156.4812469482421875 156.068756103515625 149.568756103515625 151.431243896484375 150.6875 153.024993896484375 152.8000030517578125 151.912506103515625 159.287506103515625 170.0500030517578125 171.6999969482421875 167.725006103515625 161.34375 162.9250030517578125 157.6687469482421875 165.4499969482421875 170.8187408447265625 171.787506103515625 172.5625 173.9375 179.212493896484375 183.837493896484375 195.131256103515625 201.1374969482421875 199.7312469482421875 193.0625 183.337493896484375 171.90625 163.4937591552734375 155.03125 146.506256103515625
129.506256103515625 138.350006103515625 146.881256103515625 151.256256103515625 154.024993896484375 156.412506103515625 151 153.28125 156.318756103515625 160.96875 161.28125 158.256256103515625 159.53125 159.3874969482421875 162.1999969482421875 162.149993896484375 157.5812530517578125 153.306243896484375 153.212493896484375 156.6999969482421875 164.1500091552734375 165.2937469482421875 169.1125030517578125 169.3125 170.71875 161.9375 156.9375 158.787506103515625 160.2937469482421875 161.024993896484375 161.2937469482421875 163.8562469482421875 163.78125 164.2375030517578125 170.7687530517578125 174.693756103515625 182.71875 180.118743896484375 179.2312469482421875 174.7937469482421875 166.568756103515625 156.25 149.475006103515625 141.65625
122.1999969482421875 134.556243896484375 146.875 150.34375 152.8000030517578125 151.7624969482421875 154.1750030517578125 153.3125 151.681243896484375 150.818756103515625 152.8625030517578125 159.837493896484375 160.7624969482421875 162.8625030517578125 161.3249969482421875 161.2687530517578125 155.993743896484375 157.649993896484375 156.774993896484375 163.3000030517578125 164.6687469482421875 171.193756103515625 173.625 178.274993896484375 176.9187469482421875 166.118743896484375 163.8874969482421875 155.662506103515625 153.1062469482421875 151.875 151.868743896484375 152.006256103515625 149.0124969482421875 146.8312530517578125 156.2687530517578125 156.475006103515625 165.34375 169.2624969482421875 168.7687530517578125 164.193756103515625 158.7937469482421875 150.0812530517578125 144.6875 136.6062469482421875
118.59375 132.475006103515625 146.7937469482421875 152.006256103515625 155.3249969482421875 151.587493896484375 152.1687469482421875 151.4375 149.8125 152.274993896484375 154.3312530517578125 152.2312469482421875 158.7062530517578125 159.21875 157.037506103515625 153.8000030517578125 153.181243896484375 156.90625 159.6062469482421875 163.649993896484375 168.4187469482421875 172.6374969482421875 182.5749969482421875 181.9250030517578125 174.381256103515625 172.162506103515625 159.850006103515625 150.90625 144.3125 141.9875030517578125 135.193756103515625 130.90625 132.9250030517578125 132.806243896484375 135.78125 141.25 151.03125 153.912506103515625 155.943756103515625 154.506256103515625 148.34375 143.4375 139.3937530517578125 131.3562469482421875
121.61875152587890625 135.1750030517578125 142.1374969482421875 149.4562530517578125 152.3874969482421875 150.1687469482421875 149.6687469482421875 148.087493896484375 144.8937530517578125 141.5124969482421875 149.9312591552734375 150.90625 149.3312530517578125 150.756256103515625 151.03125 150.6374969482421875 149.337493896484375 153.2937469482421875 158.1125030517578125 160.9250030517578125 170.524993896484375 176.506256103515625 185.5500030517578125 184.818756103515625 175.4875030517578125 166.7062530517578125 156.9625091552734375 144.71875 133.912506103515625 126.7062530517578125 119.4875030517578125 113.15000152587890625 112.69374847412109375 115.40000152587890625 122.4187469482421875 128.850006103515625 137.25 143.59375 145.3625030517578125 144.6062469482421875 143.5124969482421875 136.2687530517578125 131.25 123.53749847412109375
117.1999969482421875 125.21875 134.8937530517578125 142.350006103515625 144.6999969482421875 144.524993896484375 145.193756103515625 142.8874969482421875 137.3000030517578125 141.7312469482421875 147.0812530517578125 147.40625 146.2375030517578125 143.600006103515625 142.712493896484375 146.125 145.649993896484375 146.818756103515625 152.9562530517578125 158.5625 163.28125 170.3312530517578125 181.3874969482421875 184.6999969482421875 171.556243896484375 156.84375 146.100006103515625 135.6125030517578125 125.4499969482421875 113.58750152587890625 107.65625 97.91249847412109375 96.86875152587890625 105.21875 110.6875 119.1437530517578125 123.4187469482421875 129.631256103515625 133.006256103515625 134.7312469482421875 136.7687530517578125 131.9562530517578125 125.65000152587890625 117.68125152587890625
113.06874847412109375 116.0625 124.19374847412109375 133.256256103515625 135.9499969482421875 136.943756103515625 137.837493896484375 135.850006103515625 134.631256103515625 137.125 139.65625 137.5500030517578125 136.6687469482421875 135.006256103515625 133.725006103515625 135.3125 136.8562469482421875 139.8874969482421875 141.7687530517578125 148.850006103515625 158.0187530517578125 163.0124969482421875 166.556243896484375 168.6875 161.006256103515625 148.2312469482421875 137.15625 126.66249847412109375 116.5124969482421875 107.84375 99.71875 92.9499969482421875 92.4375 95.59375 101.6875 108.6687469482421875 112.46250152587890625 118.78125 123.33750152587890625 128.4499969482421875 130.287506103515625 130.28125 121.6374969482421875 115.41249847412109375
107.0749969482421875 109.6687469482421875 118.05625152587890625 120.5500030517578125 125.13124847412109375 124.56874847412109375 124.9875030517578125 126.8562469482421875 126.1999969482421875 129.837493896484375 131.193756103515625 129.037506103515625 128.3874969482421875 128.1875 127.625 128.5187530517578125 131.693756103515625 131.0124969482421875 134.774993896484375 141.100006103515625 147.337493896484375 151.818756103515625 156.725006103515625 154.6125030517578125 148.1750030517578125 138.149993896484375 127.69374847412109375 117.66249847412109375 111.0625 102.91249847412109375 93.9812469482421875 88.03125 87.0124969482421875 88.84375 93.94374847412109375 99.86875152587890625 103.8562469482421875 109.40000152587890625 113.4499969482421875 115.4499969482421875 120.49375152587890625 117.53125 113.11875152587890625 107.95000457763671875
97.3249969482421875 102.2687530517578125 107.75624847412109375 110.0812530517578125 111.44374847412109375 112.91249847412109375 112.9875030517578125 117.5 119.5124969482421875 120.84375 122.3874969482421875 123.18125152587890625 122.34375 120.0124969482421875 119.65625 120.3125 120.65625 122.80625152587890625 124.34999847412109375 128.1374969482421875 134.899993896484375 138.274993896484375 142.625 137.7937469482421875 132.9375 125.6374969482421875 115.7062530517578125 107.50624847412109375 101.6750030517578125 94.3562469482421875 87.78749847412109375 82.15000152587890625 81.0124969482421875 83 86.1125030517578125 90.11875152587890625 96.4562530517578125 99.34999847412109375 100.15000152587890625 102.65000152587890625 108.0124969482421875 107.05625152587890625 103.61875152587890625 98.2375030517578125
89.5812530517578125 93.2312469482421875 93.95624542236328125 99 102.05625152587890625 104.84375 105.5124969482421875 108.00624847412109375 110.42499542236328125 112.66249847412109375 115.31874847412109375 114.8312530517578125 116.98749542236328125 112.39374542236328125 110.625 111.7375030517578125 114.61875152587890625 112.75624847412109375 111.6750030517578125 117.6437530517578125 124.1437530517578125 127.0625 128.9812469482421875 122.4375 116.59999847412109375 114.03749847412109375 105.53749847412109375 96.4875030517578125 89.30625152587890625 85.15000152587890625 80.53125 77.30625152587890625 77.0749969482421875 79.125 81.2312469482421875 82.84999847412109375 86.65000152587890625 91.3312530517578125 90.00624847412109375 88.8125 92.0187530517578125 94.38124847412109375 92.4375 87.5
81.9499969482421875 81.5124969482421875 82.03749847412109375 84.69374847412109375 89.03125 93.25624847412109375 96.8625030517578125 99.03125 102.4499969482421875 103.30625152587890625 106.5500030517578125 108.75624847412109375 108.1687469482421875 108.1687469482421875 106.77500152587890625 106.3125 106.44374847412109375 104.59375 102.36875152587890625 107.88124847412109375 110.7375030517578125 113.9499969482421875 114.15625 108.29999542236328125 105.3562469482421875 100.46875 93.65000152587890625 87.63124847412109375 79.6125030517578125 76.8249969482421875 74.97499847412109375 72.5124969482421875 71.86875152587890625 73.53749847412109375 76.0749969482421875 76.4187469482421875 79.86875152587890625 79.38124847412109375 78.6374969482421875 80.08750152587890625 82.4375 82.4812469482421875 80.9562530517578125 80.0749969482421875
73.03125 71.8000030517578125 70.96250152587890625 72.46250152587890625 76.03125 79.59375 83.75624847412109375 86.875 88.25624847412109375 93.09375 98.69374847412109375 98.75624847412109375 100.03749847412109375 102.25 101.41249847412109375 98.33750152587890625 95.5812530517578125 97.21875 97.2937469482421875 100.7687530517578125 101.7062530517578125 101.52500152587890625 99.6687469482421875 96.0437469482421875 94.33750152587890625 89.35625457763671875 84.72499847412109375 77.9499969482421875 72.8125 69.7624969482421875 68.21875 66.1750030517578125 64.8312530517578125 66.53749847412109375 69.8312530517578125 71.7312469482421875 71.24375152587890625 70.6999969482421875 70.61875152587890625 73.8125 75.6999969482421875 76.3562469482421875 72.8125 72.84375
64.625 63.575000762939453125 63.71875 64.74375152587890625 65.9375 66.9812469482421875 70.1062469482421875 71.47499847412109375 76.40625 79.8312530517578125 85.80625152587890625 89.38124847412109375 92.78749847412109375 93.78749847412109375 92.6687469482421875 88.84375 87.28749847412109375 87.97499847412109375 88.2062530517578125 90.25 91.7937469482421875 89.2624969482421875 89.21250152587890625 86.4499969482421875 82.47499847412109375 77.93125152587890625 73.84375 69.6999969482421875 65.2062530517578125 63.450000762939453125 62.443752288818359375 60.58750152587890625 59.46875 61.65000152587890625 64.0500030517578125 64.56874847412109375 62.97499847412109375 63.08750152587890625 64.96250152587890625 66.75624847412109375 68.98749542236328125 70.5500030517578125 70.33750152587890625 68.875
57.63124847412109375 55.03125 56.38124847412109375 56.606250762939453125 57.94374847412109375 58.75 59.65000152587890625 60.731250762939453125 62.96875 67 73.84999847412109375 80.1999969482421875 87.1999969482421875 90.1374969482421875 86.28125 82.53125 79.94374847412109375 79.61875152587890625 80.99375152587890625 81.0437469482421875 81.7687530517578125 81.6125030517578125 80.0187530517578125 76.98749542236328125 73.15625 68.6374969482421875 65.2687530517578125 61.71875 57.831249237060546875 54.19374847412109375 53.96250152587890625 54.77500152587890625 54.91249847412109375 56.331249237060546875 56.97499847412109375 57.28125 57.262500762939453125 58.668750762939453125 59.387500762939453125 59.831249237060546875 60.99375152587890625 61.181247711181640625 63.88124847412109375 63.66249847412109375
50.49375152587890625 49.28125 50.86875152587890625 50.049999237060546875 50.700000762939453125 50.75 51.481250762939453125 51.950000762939453125 53.41249847412109375 55.712497711181640625 61.331249237060546875 68.83750152587890625 77.9187469482421875 79.2937469482421875 78.02500152587890625 75.21875 73.36875152587890625 72.25 71.6687469482421875 71.96250152587890625 69.4562530517578125 70.91249847412109375 68.65000152587890625 65.5 61.268749237060546875 59.68125152587890625 56.9375 54.03749847412109375 50.706249237060546875 48.262500762939453125 48.22499847412109375 49.668750762939453125 49.69374847412109375 51.15000152587890625 51.97499847412109375 51.43125152587890625 52.15000152587890625 52.9375 54.88124847412109375 55.487499237060546875 55.0625 55.9375 55.768749237060546875 56.231250762939453125
43.63124847412109375 43.69374847412109375 44.5 43.512500762939453125 43.90000152587890625 44.643749237060546875 44.91249847412109375 44.887500762939453125 45.13124847412109375 45.00624847412109375 50.30625152587890625 58.47499847412109375 65.6687469482421875 68.05625152587890625 68.55625152587890625 67.2062530517578125 65.30625152587890625 63.456249237060546875 62.543750762939453125 62.799999237060546875 60.1875 59.06874847412109375 57.58750152587890625 55.94374847412109375 52.46250152587890625 50.59999847412109375 48.61875152587890625 45.956249237060546875 43.52500152587890625 43.15625 43.13124847412109375 43.625 43.65625 45.0625 45.956249237060546875 45.15625 45.706249237060546875 48.231250762939453125 50.549999237060546875 50.40000152587890625 49.46875 50.174999237060546875 49.856250762939453125 51.53125
36.84999847412109375 37.68125152587890625 37.450000762939453125 37.950000762939453125 38.30625152587890625 38.731250762939453125 38.96875 38.77500152587890625 38.96875 38.0625 45.362499237060546875 52.22499847412109375 56.518749237060546875 59.325000762939453125 60.612499237060546875 59.9375 56.856250762939453125 56.856250762939453125 55.018749237060546875 54.637500762939453125 53.05625152587890625 51.25 48.831249237060546875 47.58750152587890625 45.581249237060546875 43.77500152587890625 41.77500152587890625 39.75 37.987499237060546875 37.456249237060546875 36.237499237060546875 37.49375152587890625 37.737499237060546875 39.299999237060546875 39.25 38.44374847412109375 40.8125 42.74375152587890625 44.725002288818359375 45.13124847412109375 44.66249847412109375 46.46875 45.88124847412109375 43.674999237060546875
