data/historical-monthly-weather-data/wc2.1_cruts4.09_10m_prec_1979-02.asc
ncols        51
nrows        45
xllcorner    -63.500000000000
yllcorner    -7.500000000000
cellsize     0.166666666667
NODATA_value -9999
[rows 20 to 39 of 45, columns 0 to 43 of 51]
95.65625 93.27500152587890625 95.0812530517578125 97.79375457763671875 102.0500030517578125 109.43125152587890625 117.9812469482421875 127.28125 138.7874908447265625 150.587493896484375 161.4375 169.0812530517578125 176.756256103515625 184.1062469482421875 181.625 174.0625 168.256256103515625 166.9562530517578125 170.256256103515625 174.8249969482421875 185.7375030517578125 196.7687530517578125 206.4250030517578125 214.806243896484375 223.3562469482421875 232.2624969482421875 240.037506103515625 247.568756103515625 255.975006103515625 263.09375 264.318756103515625 259.36248779296875 245.40625 226.5500030517578125 209.4812469482421875 229.3125 263.806243896484375 294.162506103515625 317.600006103515625 333.818756103515625 342.95001220703125 347.25 351.76251220703125 355.0625
93.97499847412109375 92.4375 94.8625030517578125 98.6875 103.125 110.86875152587890625 119.6125030517578125 129.0500030517578125 140.1374969482421875 150.28125 158.8874969482421875 164.3312530517578125 169.5437469482421875 173.9250030517578125 175.068756103515625 172.2624969482421875 169.1750030517578125 168.9375 170.806243896484375 174.274993896484375 180.931243896484375 188.8312530517578125 197.912506103515625 206.287506103515625 215.7937469482421875 226.4187469482421875 236.1437530517578125 245.243743896484375 255.631256103515625 264.71875 269.568756103515625 266.306243896484375 255.25 242.875 236.024993896484375 251.0187530517578125 277.63751220703125 301.70623779296875 319.5625 332.16876220703125 341.04998779296875 345.95001220703125 349.63751220703125 351.90625
93.6875 93.0187530517578125 95.49375152587890625 99.61875152587890625 104.2312469482421875 112.5124969482421875 120.80625152587890625 130.4375 141.3625030517578125 149.21875 154.96875 157.9250030517578125 160.568756103515625 164.6750030517578125 168.4875030517578125 169.256256103515625 168.318756103515625 169.100006103515625 170.1437530517578125 171.600006103515625 176.1750030517578125 181.118743896484375 187.3249969482421875 195.662506103515625 206.5749969482421875 218.931243896484375 229.837493896484375 240.8125 253.537506103515625 265.149993896484375 273.95623779296875 277.399993896484375 269.225006103515625 262.787506103515625 265.350006103515625 281.15625 299.98748779296875 315.693756103515625 326.850006103515625 333.368743896484375 339.54998779296875 343.774993896484375 346.837493896484375 348.98748779296875
94.83750152587890625 94.4499969482421875 97 100.3874969482421875 104.91249847412109375 113.03125 121.65000152587890625 130.4250030517578125 140.537506103515625 146.96875 151.6875 153.875 153.943756103515625 159.556243896484375 164.743743896484375 166.850006103515625 167.243743896484375 168.6999969482421875 169.25 169.568756103515625 172.1125030517578125 175.0187530517578125 179.149993896484375 187.100006103515625 198.087493896484375 209.4187469482421875 222.306243896484375 235.5 249.03125 262.493743896484375 273.79998779296875 280.25 277.67498779296875 277.149993896484375 284.76873779296875 302.818756103515625 317.65625 324.83123779296875 330.23126220703125 333.9375 338.662506103515625 341.4375 344.625 348
97.84375 97.0749969482421875 99.13124847412109375 102.33750152587890625 106.8562469482421875 113.94374847412109375 121.9375 129.8874969482421875 138.131256103515625 144.787506103515625 149.7687530517578125 152.899993896484375 155.8687591552734375 160.7062530517578125 164.1125030517578125 166.5687408447265625 168.056243896484375 169.0500030517578125 168.9812469482421875 168.3000030517578125 169.368743896484375 169.868743896484375 171.431243896484375 177.9812469482421875 187.96875 201.8874969482421875 214.943756103515625 229.8125 244.0437469482421875 257.39373779296875 268.48748779296875 276.04376220703125 279.181243896484375 283.225006103515625 291.83123779296875 304.943756103515625 316.756256103515625 322.706268310546875 327.162506103515625 330.881256103515625 335.350006103515625 338.056243896484375 342.118743896484375 347.975006103515625
102.9875030517578125 101.8937530517578125 102.8562469482421875 105.38124847412109375 109.11875152587890625 115.65000152587890625 122.38124847412109375 129.3562469482421875 136.78125 143.318756103515625 148.6875 153.368743896484375 158.3625030517578125 162.899993896484375 165.9499969482421875 167.8874969482421875 169.368743896484375 169.962493896484375 169.90625 168.524993896484375 167.725006103515625 165.6437530517578125 164.3249969482421875 168.4812469482421875 179.931243896484375 194.6937408447265625 210.318756103515625 224.7312469482421875 239.5 251.65625 262.1875 270.875 276.5625 282.756256103515625 291.04376220703125 301.28125 310.67498779296875 317.14373779296875 320.5 324.90625 329.875 333.46875 337.462493896484375 344.26873779296875
106.3000030517578125 104.5187530517578125 105.1750030517578125 107.7062530517578125 110.69374847412109375 116.1374969482421875 122.3874969482421875 128.0749969482421875 134.725006103515625 141.2062530517578125 146.993743896484375 151.975006103515625 157.3562469482421875 162.3874969482421875 165.65625 168.71875 170.787506103515625 172.0749969482421875 172.1875 170.84375 169.0124969482421875 166.1125030517578125 162.556243896484375 164.818756103515625 177.787506103515625 192.5812530517578125 207.712493896484375 222.1437530517578125 235.787506103515625 247.506256103515625 258.32501220703125 266.26873779296875 272.54998779296875 280.943756103515625 287.375 296.5 304.79998779296875 310.04376220703125 314.57501220703125 318.82501220703125 323.46875 327.25 331.70623779296875 338.78125
109.3937530517578125 106.59375 107.4875030517578125 109.56874847412109375 112.02500152587890625 116.50624847412109375 122.27500152587890625 128.0749969482421875 133.8937530517578125 139.993743896484375 145.25 150.2312469482421875 155.375 160.4250030517578125 164.8125 169.100006103515625 172.1125030517578125 175.037506103515625 175.7375030517578125 175.399993896484375 173.818756103515625 170.806243896484375 169.2624969482421875 172.2624969482421875 181.4187469482421875 194.1062469482421875 207.8937530517578125 221.5437469482421875 234.2375030517578125 245.5187530517578125 255.8312530517578125 264.631256103515625 272.181243896484375 277.98126220703125 283.493743896484375 291.743743896484375 297.875 303.868743896484375 307.975006103515625 311.631256103515625 316.1875 321.493743896484375 326.89373779296875 336.11248779296875
112.0812530517578125 108.96250152587890625 109.5124969482421875 111.3937530517578125 113.7312469482421875 117.63124847412109375 122.6875 127.78749847412109375 133.212493896484375 138.8000030517578125 143.6999969482421875 148.4875030517578125 153.306243896484375 159 164.587493896484375 170.5 175.381256103515625 178.5437469482421875 181.03125 181.243743896484375 180.1999969482421875 177.5124969482421875 177.443756103515625 181.0250091552734375 187.5625 197.350006103515625 210.0812530517578125 222.625 235.46875 246.068756103515625 254.96875 264.08123779296875 270.118743896484375 275.26873779296875 280.79376220703125 287.024993896484375 293.475006103515625 299.131256103515625 304.51873779296875 306.931243896484375 308.70001220703125 313.76873779296875 322.993743896484375 336.875
116.44374847412109375 112.8125 113.0187530517578125 114.21875 116.36875152587890625 119.44374847412109375 123.09375 127.0749969482421875 131.462493896484375 136.5812530517578125 141.40625 147.09375 152.8312530517578125 159.3625030517578125 165.8937530517578125 171.7062530517578125 177.6687469482421875 182.5500030517578125 185.5812530517578125 185.743743896484375 184.587493896484375 183.3312530517578125 184.0625 187.8312530517578125 193.8125 202.681243896484375 214.25 225.7375030517578125 237.587493896484375 246.7624969482421875 255.912506103515625 264.556243896484375 269.48126220703125 274.59375 279.131256103515625 285.34375 290.337493896484375 296.20623779296875 299.587493896484375 301.587493896484375 306.73126220703125 314.25 323.25 338.212493896484375
120.1374969482421875 116.5187530517578125 115.9562530517578125 116.8874969482421875 118.24375152587890625 120.625 123.24375152587890625 126.3125 130.037506103515625 134.25 139.53125 146.2624969482421875 153.3562469482421875 159.993743896484375 166.5625 173.431243896484375 180.162506103515625 185.78125 189.931243896484375 190.1437530517578125 189.125 188.0187530517578125 188.787506103515625 193.006256103515625 199.1374969482421875 207.8312530517578125 218.4875030517578125 229.587493896484375 240.618743896484375 248.818756103515625 257.037506103515625 265.149993896484375 270.91876220703125 276.0625 280.67498779296875 284.693756103515625 289.475006103515625 295.42498779296875 297.85626220703125 298.67498779296875 304.506256103515625 314.962493896484375 325.274993896484375 336.35626220703125
122.94374847412109375 119.59375 118.90000152587890625 119.5437469482421875 120.16249847412109375 121.3937530517578125 123.1875 124.8125 127.8937530517578125 132.0812530517578125 137 144.649993896484375 152.8874969482421875 160.868743896484375 167.8874969482421875 175.537506103515625 181.225006103515625 186.3125 190.2375030517578125 191.8249969482421875 191.756256103515625 191.7624969482421875 192.318756103515625 197.25 204.056243896484375 212.2937469482421875 222.2062530517578125 232.90625 243.537506103515625 251.9250030517578125 259.63751220703125 266.837493896484375 272.493743896484375 277.26873779296875 282.037506103515625 285.806243896484375 290.287506103515625 294.76873779296875 296.17498779296875 299.76251220703125 307.899993896484375 318.48126220703125 328.65625 340.412506103515625
129.5749969482421875 126.46875 125.05625152587890625 124.2375030517578125 123.2937469482421875 123.25624847412109375 123.3312530517578125 123.94374847412109375 126.77500152587890625 130.787506103515625 136.3249969482421875 144.6875 154.5749969482421875 164.0124969482421875 171.181243896484375 177.5187530517578125 182.6687469482421875 187.681243896484375 190.493743896484375 192.3937530517578125 193.412506103515625 193.556243896484375 194.4499969482421875 199.0124969482421875 205.649993896484375 213.5187530517578125 223.2937469482421875 234.6687469482421875 245.59375 253.6999969482421875 262.20001220703125 269.381256103515625 274.39373779296875 279.82501220703125 285.193756103515625 289.92498779296875 294.118743896484375 296.962493896484375 297.98748779296875 304.337493896484375 311.76873779296875 321.475006103515625 332.40625 345.28125
137.09375 133.681243896484375 131.09375 129.1125030517578125 126.7062530517578125 124.94374847412109375 123.65625 123.1999969482421875 124.80625152587890625 128.4875030517578125 134.193756103515625 144.4499969482421875 156.3937530517578125 166.912506103515625 174.006256103515625 179.7937469482421875 184.375 188.493743896484375 190.9812469482421875 192.84375 193.6374969482421875 193.743743896484375 195.1125030517578125 199.375 205.7375030517578125 213.181243896484375 223.4375 234.806243896484375 246.5500030517578125 255.8312530517578125 264.92498779296875 272.806243896484375 278.73748779296875 283.79998779296875 288.14373779296875 293.368743896484375 297.35626220703125 300.34375 302.08123779296875 307.193756103515625 312.70623779296875 322.09375 334.84375 348.35626220703125
144.6374969482421875 141.431243896484375 137.6750030517578125 133.7062530517578125 130.225006103515625 127.21875 124.13124847412109375 122.08750152587890625 122.6875 125.61875152587890625 131.9875030517578125 144.5812530517578125 158.712493896484375 170.5500030517578125 176.9499969482421875 181.9375 185.3687591552734375 188.537506103515625 191.25 192.493743896484375 193.8625030517578125 193.59375 194.618743896484375 198.256256103515625 204.600006103515625 211.368743896484375 222.5124969482421875 234.8937530517578125 247.2312469482421875 257.60626220703125 266.912506103515625 276.79376220703125 282.63751220703125 288.04376220703125 292.21875 296.337493896484375 299.57501220703125 304.98126220703125 306.89373779296875 308.681243896484375 312.79998779296875 320.01873779296875 330.975006103515625 343.412506103515625
154.024993896484375 150.2312469482421875 145.1875 139.6750030517578125 134.7062530517578125 131.287506103515625 127.4812469482421875 124.28749847412109375 123.71250152587890625 125.88124847412109375 132.7375030517578125 145.7937469482421875 160.3125 171.9812469482421875 177.9812469482421875 182.40625 185.8937530517578125 188.5625 189.9812469482421875 191.6437530517578125 192.6062469482421875 193.09375 193.556243896484375 197.712493896484375 203.1999969482421875 209.9812469482421875 221.399993896484375 235.0500030517578125 247.850006103515625 258.92498779296875 270.23748779296875 281.337493896484375 287.95001220703125 293.46875 296.54998779296875 299.23748779296875 304.46875 307.649993896484375 308.256256103515625 310.681243896484375 315.006256103515625 319.75 326.98748779296875 337.64373779296875
164.40625 159.65625 152.943756103515625 147.0625 140.78125 136.59375 132.193756103515625 128.056243896484375 125.8874969482421875 124.6875 133.618743896484375 149.5124969482421875 162.3312530517578125 171.618743896484375 177.806243896484375 181.943756103515625 185.193756103515625 187.537506103515625 189.412506103515625 190.2375030517578125 190.7062530517578125 190.743743896484375 191.3562469482421875 195.5437469482421875 200.8125 207.931243896484375 219.725006103515625 233.3562469482421875 247.34375 259.76251220703125 272.60626220703125 284.931243896484375 292.54376220703125 298.068756103515625 301.76251220703125 305.475006103515625 308.11248779296875 310.274993896484375 310.431243896484375 311.28125 313.243743896484375 316.89373779296875 322.243743896484375 329.743743896484375
174.34375 169.037506103515625 161.5749969482421875 154.431243896484375 147.693756103515625 142.9875030517578125 138.506256103515625 134.3125 132.6687469482421875 130.193756103515625 144.1500091552734375 159.78125 167.806243896484375 173.2312469482421875 178.375 181.931243896484375 183.875 186.068756103515625 186.993743896484375 187.0812530517578125 187.5437469482421875 187.1999969482421875 188.243743896484375 192.412506103515625 198.118743896484375 205.4499969482421875 217.3625030517578125 231.6437530517578125 246.2687530517578125 260.837493896484375 274.125 287.95623779296875 295.78125 302.07501220703125 305.61248779296875 309.149993896484375 311.068756103515625 312.66876220703125 312.0625 311.306243896484375 311.006256103515625 313.17498779296875 315.443756103515625 319.54376220703125
181.90625 177.037506103515625 169.5500030517578125 163.09375 156.2624969482421875 152.03125 148.7687530517578125 146.3125 147.662506103515625 155.056243896484375 170.943756103515625 175.693756103515625 177.756256103515625 180.2375030517578125 183.3312530517578125 184.462493896484375 185.087493896484375 185.725006103515625 185.1062469482421875 184.337493896484375 183.806243896484375 183.3937530517578125 185.1687469482421875 189.375 195.4312591552734375 203.868743896484375 216.0749969482421875 230.46875 245.7125091552734375 260.75 276.125 290.11248779296875 297.725006103515625 304.256256103515625 310.59375 313.17498779296875 313.587493896484375 315.08123779296875 313.16876220703125 309.8125 308.98126220703125 309.537506103515625 311.26251220703125 314.08123779296875
189.2624969482421875 185.4562530517578125 178.537506103515625 171.743743896484375 165.3937530517578125 162.024993896484375 159.3249969482421875 159 162.412506103515625 170.3000030517578125 179.506256103515625 184.381256103515625 186.774993896484375 187.8312530517578125 188.681243896484375 188.368743896484375 187.1750030517578125 186.1999969482421875 183.931243896484375 182.212493896484375 179.931243896484375 179.162506103515625 180.4375 185.1437530517578125 192.787506103515625 201.7062530517578125 214.53125 229.2062530517578125 245 260.61248779296875 275.96875 292.431243896484375 302.60626220703125 309.181243896484375 314.14373779296875 316.16876220703125 315.38751220703125 314.67498779296875 312.58123779296875 307.881256103515625 305.65625 305.95001220703125 306.66876220703125 307.51873779296875
