data/historical-monthly-weather-data/wc2.1_cruts4.09_10m_prec_1955-03.asc
ncols        45
nrows        45
xllcorner    -63.500000000000
yllcorner    -7.500000000000
cellsize     0.166666666667
NODATA_value -9999
[rows 20 to 39 of 45, columns 0 to 44 of 45]
304.243743896484375 307.29376220703125 311.537506103515625 316.17498779296875 321.70001220703125 330.88751220703125 339.63751220703125 346.193756103515625 351.42498779296875 352.725006103515625 351.225006103515625 351.212493896484375 352.03125 354.51873779296875 346.131256103515625 331.587493896484375 318.78125 310.45001220703125 306.375 302.82501220703125 303.28125 304.274993896484375 305.087493896484375 313.1875 323.212493896484375 334.1875 346.131256103515625 358.024993896484375 369.23748779296875 375.837493896484375 375.693756103515625 369.524993896484375 354.98748779296875 335.225006103515625 316.16876220703125 341.837493896484375 378 399.125 408.5625 410.64373779296875 408.649993896484375 403.649993896484375 396.375 390.36248779296875 385.98126220703125
297.443756103515625 301.631256103515625 308.443756103515625 314.45623779296875 321.4375 333.100006103515625 344.225006103515625 353.58123779296875 359.38751220703125 357.34375 350.037506103515625 344.32501220703125 339.88751220703125 338.38751220703125 333.08123779296875 324.98126220703125 317.5625 310.006256103515625 304.274993896484375 299.149993896484375 295.95001220703125 294.256256103515625 296.662506103515625 303.89373779296875 314.149993896484375 327.33123779296875 343.61248779296875 356.04376220703125 367.04376220703125 372.556243896484375 371.21875 365.41876220703125 354.774993896484375 343.46875 338.993743896484375 355.70001220703125 383.962493896484375 404.600006103515625 413.899993896484375 414.212493896484375 410.65625 405.506256103515625 399.11248779296875 393.41876220703125 389.693756103515625
294.399993896484375 300.64373779296875 307.287506103515625 314.29998779296875 321.51873779296875 333.26251220703125 345.10626220703125 358.837493896484375 368.20623779296875 361.04376220703125 348.14373779296875 334.8125 324.5 321.95623779296875 321.38751220703125 318.13751220703125 312.98126220703125 306.26873779296875 299.618743896484375 293.51873779296875 288.912506103515625 284.54376220703125 283.631256103515625 290.38751220703125 302.92498779296875 318.54376220703125 336.23748779296875 350.975006103515625 362.274993896484375 366.90625 367.54376220703125 367.506256103515625 366.58123779296875 364.774993896484375 371.45623779296875 385.693756103515625 404.53125 418.82501220703125 423.412506103515625 420.837493896484375 414.931243896484375 408.78125 402.5625 395.881256103515625 392.393768310546875
295.100006103515625 301.100006103515625 307.649993896484375 314.36248779296875 321.118743896484375 332.01873779296875 345.08123779296875 358.493743896484375 365.89373779296875 356.35626220703125 340.837493896484375 327.087493896484375 312.306243896484375 310.67498779296875 313.03125 312.412506103515625 309.57501220703125 303.537506103515625 295.068756103515625 287.40625 280.96875 274.600006103515625 271.40625 277.5 288.225006103515625 303.524993896484375 322.225006103515625 340.287506103515625 354.91876220703125 364.037506103515625 370.59375 375.23748779296875 380.193756103515625 386.29376220703125 397.875 413.29376220703125 427.89373779296875 433.9375 432.17498779296875 426.993743896484375 420.118743896484375 411.92498779296875 404.618743896484375 396.26251220703125 394.337493896484375
301.96875 305.868743896484375 309.15625 314.787506103515625 321.91876220703125 332.16876220703125 342 351.243743896484375 354.337493896484375 348.412506103515625 337.975006103515625 324.875 315.16876220703125 311.375 310.306243896484375 310.324981689453125 307.54376220703125 301.51251220703125 293.16876220703125 282.837493896484375 273.225006103515625 264.58123779296875 258.42498779296875 261.381256103515625 272.899993896484375 291.54998779296875 310.51873779296875 332.0625 349.64373779296875 364.65625 374.91876220703125 383.5 393.75 404.21875 416.443756103515625 425.818756103515625 436.875 441.76251220703125 437.79998779296875 433.42498779296875 426.037506103515625 416.118743896484375 405.3125 398.712493896484375 391.45623779296875
313.037506103515625 316.32501220703125 315.15625 318.65625 322.09375 330.006256103515625 337.65625 343.95623779296875 344.75 340.59375 333.54376220703125 325.63751220703125 318.82501220703125 313.9375 311.693756103515625 311.256256103515625 307.556243896484375 301.61248779296875 293.368743896484375 280.51251220703125 269.91876220703125 257.01873779296875 245.975006103515625 244.993743896484375 258.65625 280.73748779296875 304.318756103515625 326.13751220703125 346.850006103515625 365.331268310546875 380.118743896484375 393.79998779296875 408.07501220703125 418.725006103515625 428.962493896484375 435.51873779296875 443.20001220703125 447.36248779296875 444.14373779296875 438.649993896484375 431.59375 419.45623779296875 404.181243896484375 395.26251220703125 388.743743896484375
323.625 322.024993896484375 321.087493896484375 321.51873779296875 322.61248779296875 328.26251220703125 332.881256103515625 336.4375 336.46875 334.774993896484375 331.1875 325.774993896484375 320.70623779296875 316.89373779296875 315.20001220703125 313.83123779296875 312.04376220703125 304.79998779296875 295.306243896484375 283.8125 270.375 255.537506103515625 239.618743896484375 236.3562469482421875 253.806243896484375 275.76873779296875 300.28125 322.162506103515625 343.85626220703125 363.70623779296875 381.537506103515625 400.181243896484375 418.67498779296875 428.431243896484375 437.23748779296875 443.625 451.149993896484375 454.912506103515625 452.29376220703125 447.868743896484375 438.95001220703125 424.162506103515625 405.91876220703125 393.350006103515625 395.79998779296875
334.850006103515625 330.100006103515625 327.70623779296875 326.4375 324.375 327.08123779296875 331.212493896484375 332.85626220703125 332.493743896484375 331.462493896484375 328.4375 324.5625 321.45623779296875 319.006256103515625 317.899993896484375 316.787506103515625 315.89373779296875 311.037506103515625 302.181243896484375 291.08123779296875 277.70001220703125 262.11248779296875 250.7687530517578125 249.71875 261.54998779296875 279.76251220703125 301.58123779296875 323.35626220703125 344.068756103515625 362.212493896484375 379.850006103515625 397.787506103515625 417.287506103515625 429.38751220703125 440.42498779296875 448.29998779296875 454.36248779296875 460.64373779296875 459.95001220703125 458.318756103515625 453.92498779296875 436.125 411.831268310546875 397.20001220703125 410.96875
344.618743896484375 337.98126220703125 334.10626220703125 330.256256103515625 328.693756103515625 328.83123779296875 328.91876220703125 329.206268310546875 329.15625 327.899993896484375 326.600006103515625 324.212493896484375 321.98126220703125 321.056243896484375 321.85626220703125 322.84375 324.28125 320.26251220703125 313.181243896484375 303.318756103515625 290.04376220703125 275.29998779296875 265.618743896484375 264.631256103515625 273.79376220703125 287.037506103515625 305.61248779296875 325.63751220703125 345.01873779296875 362.13751220703125 377.125 392.9375 412.756256103515625 428.431243896484375 442.375 451.431243896484375 457.618743896484375 464.76873779296875 465.287506103515625 463.73748779296875 464.83123779296875 446.125 421.243743896484375 415.712493896484375 433
353.01251220703125 345.193756103515625 339.487518310546875 334.26873779296875 331.01251220703125 328.024993896484375 326.82501220703125 325.868743896484375 325.637481689453125 324.26873779296875 323.42498779296875 323.42498779296875 323.88751220703125 324.5 326.38751220703125 328.57501220703125 330.78125 332.306243896484375 327.556243896484375 315.54376220703125 301.600006103515625 287.975006103515625 278.037506103515625 277.912506103515625 284.04376220703125 294.9124755859375 310.98126220703125 327.881256103515625 344.412506103515625 359.600006103515625 374.17498779296875 388.181243896484375 407.45001220703125 426.86248779296875 443.39373779296875 452.71875 460.118743896484375 469.118743896484375 465.70623779296875 464.35626220703125 466.8125 460.4375 447.34375 448.943756103515625 456.274993896484375
357.95001220703125 349.17498779296875 342.368743896484375 337.35626220703125 333.412506103515625 328.01251220703125 326.024993896484375 323.54376220703125 322.45623779296875 321.23748779296875 320.912506103515625 321.59375 323.712493896484375 324.98126220703125 328.431243896484375 332.662506103515625 338.34375 341.33123779296875 340.95623779296875 328.71875 313.837493896484375 298.88751220703125 289.412506103515625 288.70001220703125 292.556243896484375 302.524993896484375 315.225006103515625 328.631256103515625 343.58123779296875 357.506256103515625 371.5 386.475006103515625 406.162506103515625 426.39373779296875 444.61248779296875 453.65625 462.4375 473.11248779296875 468.5 458.818756103515625 464.98126220703125 472.5 473.67498779296875 478.068756103515625 485.837493896484375
359.774993896484375 350.6875 343.381256103515625 337.76251220703125 333.681243896484375 327.33123779296875 324.26251220703125 320.03125 318.306243896484375 317.04376220703125 316.837493896484375 318.32501220703125 320.625 324.5 330.03125 336.14373779296875 340.04376220703125 342.89373779296875 342.837493896484375 335.368743896484375 320.681243896484375 307.64373779296875 296.90625 295.524993896484375 300.618743896484375 307.66876220703125 317.3125 329.837493896484375 341.431243896484375 355.61248779296875 370.037506103515625 385.09375 404.11248779296875 424.9375 444.28125 454.89373779296875 467.01251220703125 477.399993896484375 470.4375 466.881256103515625 479.618743896484375 494.649993896484375 503.45623779296875 517.15625 529.82501220703125
358.274993896484375 350.51251220703125 343.037506103515625 337.04376220703125 331.475006103515625 326.04998779296875 321.10626220703125 315.837493896484375 312.5 311.71875 314.212493896484375 315.662506103515625 319.53125 326.38751220703125 331.868743896484375 336.95001220703125 339.71875 342.70001220703125 341.51873779296875 336.087493896484375 325.068756103515625 313.006256103515625 302.15625 301.79998779296875 305.11248779296875 310.11248779296875 318.131256103515625 328.59375 340.20001220703125 353.943756103515625 368.54376220703125 383.993743896484375 404.462493896484375 425.881256103515625 444.73748779296875 459.524993896484375 473.26873779296875 483.681243896484375 481.48748779296875 491.0625 506.54998779296875 523.2562255859375 539.32501220703125 558.1875 585.54998779296875
355.86248779296875 349.024993896484375 343.29998779296875 337.41876220703125 331.54998779296875 324.556243896484375 317.95623779296875 311.925018310546875 307.443756103515625 305.82501220703125 307.962493896484375 312.98126220703125 318.63751220703125 324.3125 329.306243896484375 335.21875 339.693756103515625 341.78125 339.431243896484375 334.962493896484375 326.53125 315.60626220703125 306.54998779296875 304.618743896484375 306.725006103515625 309.54376220703125 317.28125 326.01251220703125 338.068756103515625 351.725006103515625 365.86248779296875 383.193756103515625 405.26251220703125 426.943756103515625 448.6875 464.92498779296875 479.26251220703125 490.681243896484375 499.29376220703125 513.6312255859375 529.4749755859375 548.6187744140625 572.5250244140625 596.9375 630.2125244140625
353.443756103515625 348.45001220703125 343.40625 337.14373779296875 329.399993896484375 322.29998779296875 314.193756103515625 308.006256103515625 301.225006103515625 297.8125 301.01873779296875 308.92498779296875 317.42498779296875 324.04376220703125 330.29376220703125 334.4375 338.58123779296875 340.068756103515625 338.01251220703125 333.899993896484375 326.9375 316.53125 307.649993896484375 304.79998779296875 306.20623779296875 308.524993896484375 314.60626220703125 323.41876220703125 333.331268310546875 348.42498779296875 364.88751220703125 383.068756103515625 405.33123779296875 428.59375 450.162506103515625 466.29376220703125 481.931243896484375 501.274993896484375 515.48748779296875 531.36248779296875 549.3812255859375 567.90625 593 620.20001220703125 648.96875
351.59375 346.350006103515625 340.82501220703125 334.51873779296875 327.212493896484375 319.16876220703125 311.45001220703125 302.88751220703125 293.98126220703125 290.26251220703125 293.66876220703125 303.381256103515625 315.181243896484375 324.287506103515625 329.70001220703125 333.875 336.17498779296875 337.056243896484375 336.26873779296875 333.58123779296875 326.36248779296875 316.131256103515625 306.76873779296875 304.125 304.193756103515625 305.29376220703125 310.65625 319.037506103515625 328.58123779296875 344.15625 362.40625 381.11248779296875 402.412506103515625 426.82501220703125 448.60626220703125 464.625 484.1875 504.006256103515625 516.98126220703125 534.64373779296875 554.625 572.6937255859375 593.7562255859375 621.1500244140625 643.23126220703125
348.337493896484375 344.037506103515625 338.943756103515625 332.48126220703125 326.056243896484375 318.64373779296875 310.056243896484375 300.90625 289.58123779296875 281.193756103515625 287.850006103515625 304.26873779296875 317.087493896484375 324.600006103515625 330 332.3125 332.943756103515625 333.287506103515625 333.21875 329.11248779296875 322.66876220703125 313.16876220703125 304.587493896484375 300.29998779296875 299.149993896484375 299.818756103515625 304.962493896484375 313.70623779296875 322.71875 339.868743896484375 358.73748779296875 378.20623779296875 401.350006103515625 426.14373779296875 447.631256103515625 465.70623779296875 485.70001220703125 506.01873779296875 519.9312744140625 533.96875 551.1812744140625 568.67498779296875 589.5875244140625 614.51251220703125 634.42498779296875
346.649993896484375 343.375 337.90625 332.14373779296875 327.13751220703125 320.625 312.662506103515625 302.975006103515625 293.26251220703125 282.681243896484375 297.649993896484375 314.79376220703125 322.78125 327.881256103515625 330.118743896484375 331.11248779296875 329.13751220703125 328.51873779296875 327.024993896484375 322.08123779296875 314.462493896484375 306.193756103515625 299.899993896484375 295.04376220703125 293.45001220703125 294.16876220703125 298.9375 307.931243896484375 317.54998779296875 335.26873779296875 353.975006103515625 373.806243896484375 397.33123779296875 422.774993896484375 443.79998779296875 464.068756103515625 484.03125 501.625 517.4749755859375 532.83123779296875 545.73748779296875 563.54998779296875 580.5 596.9437255859375 614.89373779296875
348.61248779296875 345.337493896484375 340.899993896484375 335.95001220703125 331.42498779296875 324.54998779296875 318.91876220703125 312.09375 308.34375 313.212493896484375 330.01873779296875 332.600006103515625 331.993743896484375 332.63751220703125 332.85626220703125 331.5625 327.931243896484375 325.03125 320.875 314.23126220703125 305.29998779296875 297.60626220703125 291.95623779296875 288.350006103515625 287.431243896484375 289.056243896484375 294.587493896484375 302.631256103515625 312.35626220703125 329.36248779296875 348.26251220703125 365.96875 387.006256103515625 410.824981689453125 434.90625 452.57501220703125 470.056243896484375 488.649993896484375 501.21875 512.89373779296875 524.54376220703125 540.9375 554.2125244140625 568.81878662109375 580.73748779296875
351.95623779296875 348.875 344.96875 339.98748779296875 336.66876220703125 332.82501220703125 327.431243896484375 325.36248779296875 325.056243896484375 329.087493896484375 336.493743896484375 340.212493896484375 339.92498779296875 337.98126220703125 336.850006103515625 333.20623779296875 327.92498779296875 322.42498779296875 315 307.1875 297.181243896484375 289.337493896484375 282.73748779296875 279.743743896484375 280.63751220703125 283.26873779296875 288.631256103515625 297.181243896484375 306.600006103515625 322.0625 338.40625 357.82501220703125 380.29998779296875 401.23748779296875 422.86248779296875 440.39373779296875 455.131256103515625 471.16876220703125 484.037506103515625 491.46875 499.96875 513.60626220703125 524.6812744140625 535.40625 544.1875
