data/historical-monthly-weather-data/wc2.1_cruts4.09_10m_prec_1986-06.asc
ncols        45
nrows        45
xllcorner    -63.500000000000
yllcorner    -7.500000000000
cellsize     0.166666666667
NODATA_value -9999
[rows 19 to 37 of 45, columns 0 to 43 of 45]
119.7312469482421875 119.28749847412109375 118.13124847412109375 115.74375152587890625 115.56874847412109375 118.78749847412109375 118.80625152587890625 117.3312530517578125 120.3625030517578125 121.5625 121.02500152587890625 117.8000030517578125 112.625 107.0124969482421875 102.34999847412109375 93.0437469482421875 87.53125 90.375 87.27500152587890625 90.6437530517578125 91.86875152587890625 102.9187469482421875 120.78125 131.243743896484375 134.881256103515625 138.9562530517578125 143.4375 156.787506103515625 158.0124969482421875 156.1687469482421875 158.9812469482421875 179.068756103515625 187.537506103515625 191.6875 198.5 214.0812530517578125 223.9875030517578125 220.4499969482421875 213.40625 202.725006103515625 182.9187469482421875 159.8000030517578125 157.4812469482421875 155.3249969482421875
105.90000152587890625 111.03125 113.1062469482421875 111.7375030517578125 108.125 109.15000152587890625 111.8312530517578125 112.5124969482421875 114.41249847412109375 114.72499847412109375 115.72499847412109375 112.68125152587890625 107.9375 101.13124847412109375 94.94374847412109375 90.91249847412109375 85.09375 84.5187530517578125 88.5437469482421875 89.8125 102.03125 114.41249847412109375 129.34375 144.09375 151.1750030517578125 151.524993896484375 144.568756103515625 149.0124969482421875 154.1437530517578125 160.03125 165.662506103515625 178.537506103515625 175.2624969482421875 177.8125 182.443756103515625 196.806243896484375 208.774993896484375 210.78125 199.787506103515625 188.3000030517578125 175.368743896484375 157.8312530517578125 153.2062530517578125 152.5749969482421875
99.46875 99.1062469482421875 103.2312469482421875 105.2624969482421875 103.6437530517578125 103.27500152587890625 105.0187530517578125 105.6062469482421875 107.08750152587890625 109.875 110.71875 106.53125 102.0437469482421875 99.2062530517578125 96.3249969482421875 89.5749969482421875 91.80625152587890625 89.80625152587890625 94.2687530517578125 96.71875 103.28749847412109375 119.5500030517578125 134.4875030517578125 142.087493896484375 146.381256103515625 148.850006103515625 153.6125030517578125 152.193756103515625 161.7062530517578125 167.462493896484375 166.712493896484375 164.868743896484375 165.8000030517578125 173.600006103515625 175.4499969482421875 182.2312469482421875 191.4499969482421875 198.3375091552734375 193.125 184.537506103515625 172.2687530517578125 160.0625 155.3000030517578125 155.6374969482421875
93.6687469482421875 98.81874847412109375 102.30625152587890625 103.55625152587890625 102.16249847412109375 100.66249847412109375 97.03749847412109375 96.7312469482421875 101.72499847412109375 103.99375152587890625 104.53125 104.1999969482421875 104.8625030517578125 104.06874847412109375 100.78125 96.43125152587890625 92.1374969482421875 91.5500030517578125 95.09375 100.3249969482421875 112.30625152587890625 122.09999847412109375 131.037506103515625 140.181243896484375 151.7687530517578125 155.09375 153.75 155.7375030517578125 161.53125 158.475006103515625 156.5812530517578125 158.1437530517578125 157.181243896484375 158.875 167.6750030517578125 169.09375 173.0187530517578125 180.875 183.6437530517578125 180.462493896484375 170.25 161.46875 155.993743896484375 152.8125
85.97499847412109375 92.2062530517578125 98.7375030517578125 97.71250152587890625 95.3625030517578125 94.18125152587890625 95.59375 95.19374847412109375 95.6999969482421875 95.83750152587890625 100.65625 105.2062530517578125 104.6875 106.24375152587890625 100.71875 97.0749969482421875 94.3125 97.2687530517578125 100.07500457763671875 103.91249847412109375 114.41249847412109375 127.05625152587890625 134.4562530517578125 149.087493896484375 155.162506103515625 156.1750030517578125 161.037506103515625 153.9250030517578125 152.818756103515625 152.0437469482421875 149.337493896484375 149.46875 151.1374969482421875 150.28125 156.8874969482421875 157.024993896484375 163.90625 171.84375 172.493743896484375 169.399993896484375 163.5500030517578125 158.1687469482421875 154.225006103515625 152.5500030517578125
77.80625152587890625 85.27500152587890625 90.36875152587890625 93.1750030517578125 92.4562530517578125 91.59999847412109375 91.8249969482421875 93.2062530517578125 93.30625152587890625 96.5500030517578125 98.46875 100.71250152587890625 104.1374969482421875 102.4250030517578125 97.84375 95.1875 94.6125030517578125 95.89374542236328125 100.16249847412109375 106.69374847412109375 116.63124847412109375 126.15625 139.8625030517578125 152.375 153.9375 155.3625030517578125 154.3000030517578125 151.181243896484375 148.0437469482421875 146.9499969482421875 139.6062469482421875 135.5187530517578125 136.993743896484375 141.506256103515625 145.975006103515625 149.9187469482421875 155.462493896484375 159.493743896484375 163.725006103515625 162.6374969482421875 158.5812530517578125 155.9499969482421875 154.662506103515625 149.0124969482421875
72.9875030517578125 81.8125 82.6062469482421875 85.40625 84.65625 85.2687530517578125 85.29999542236328125 87.28749847412109375 85.72499847412109375 86.47499847412109375 91.84375 94.7624969482421875 98.2687530517578125 98.70624542236328125 96.9875030517578125 92.94374847412109375 92.93125152587890625 96.9875030517578125 101.81874847412109375 105.21875 115.43125152587890625 125.99375152587890625 137.7624969482421875 147.9499969482421875 154.03125 153.162506103515625 151.3874969482421875 148.1374969482421875 141.3375091552734375 137.71875 130.3125 125.68125152587890625 127.2624969482421875 130.600006103515625 134.6999969482421875 142.631256103515625 148.943756103515625 150.84375 151.7937469482421875 155.149993896484375 152.256256103515625 142.125 140.3312530517578125 140.462493896484375
65.625 68.91249847412109375 72.78125 75.03749847412109375 75.22499847412109375 76.90000152587890625 77.97499847412109375 76.77500152587890625 77.52500152587890625 82.9499969482421875 88.7624969482421875 91.9499969482421875 94.03125 96.3312530517578125 96.1999969482421875 95.46250152587890625 93.9187469482421875 94.68125152587890625 100.2062530517578125 103.6437530517578125 110.90625 121.02500152587890625 133.306243896484375 148.21875 148.5124969482421875 148.2375030517578125 146.6437530517578125 141.037506103515625 134.7062530517578125 129.34375 124.72499847412109375 116.90625 117.74375152587890625 121.96250152587890625 127.15625 133.225006103515625 141.975006103515625 144.4812469482421875 143.318756103515625 148.162506103515625 148.8625030517578125 141.65625 134.5812530517578125 131.7375030517578125
59.012500762939453125 59.15000152587890625 62.299999237060546875 63.41249847412109375 64.43125152587890625 67.6750030517578125 69.9812469482421875 70.3625030517578125 72.8312530517578125 78.4562530517578125 82.8249969482421875 87.13124847412109375 89.47499847412109375 91.5 91.5124969482421875 91.22499847412109375 90.5124969482421875 93.53749847412109375 95.3125 100.53749847412109375 108.41249847412109375 115.04375457763671875 127.78125 137.118743896484375 140.375 139.4562530517578125 137.7687530517578125 132.4499969482421875 130.1999969482421875 126.84999847412109375 120.5437469482421875 115.125 114.53749847412109375 114.4812469482421875 122.69374847412109375 128.3312530517578125 136.881256103515625 139.0124969482421875 140.725006103515625 143.774993896484375 144.9499969482421875 142.024993896484375 128.693756103515625 127.6875
51.59375 52.65625 52.956249237060546875 53.61875152587890625 55.887500762939453125 57.1875 60.46250152587890625 64.0625 68.53749847412109375 72.58750152587890625 77.52500152587890625 81.59375 85.81874847412109375 88.84375 89.15625 89.375 90.2375030517578125 91.44374847412109375 95.05625152587890625 99.8125 104.2624969482421875 109.35625457763671875 116.81874847412109375 124.2687530517578125 128.537506103515625 127.8937530517578125 129.59375 128.6374969482421875 125.21875 119.0437469482421875 112.2687530517578125 109.0187530517578125 108.38750457763671875 112.3937530517578125 116.84999847412109375 122.02500152587890625 132.28125 132.193756103515625 134.618743896484375 135.84375 134.8249969482421875 129.4499969482421875 123.3625030517578125 125.59999847412109375
46.36875152587890625 46.08750152587890625 46.71250152587890625 47.05625152587890625 48.606250762939453125 51.643749237060546875 54.72499847412109375 59.91249847412109375 63.831249237060546875 68.65625 73.5437469482421875 78.6062469482421875 83.46875 87.28125 87.0437469482421875 86.44374847412109375 86.77500152587890625 90.0500030517578125 90.0500030517578125 90.99375152587890625 97.34999847412109375 102.09375 108.1437530517578125 114.53125 116.5500030517578125 120.6125030517578125 120.8125 119.0124969482421875 116.84375 110.86875152587890625 105.83750152587890625 102.53749847412109375 104.58750152587890625 109.0625 115.46250152587890625 118.1374969482421875 129.8937530517578125 130.40625 126.5625 133.243743896484375 131.5749969482421875 125.84375 123.58750152587890625 119.1374969482421875
42.424999237060546875 41.38124847412109375 41.52500152587890625 42.387500762939453125 43.90000152587890625 46.762500762939453125 50.799999237060546875 55.1875 59.168750762939453125 64.65625 70.09999847412109375 74.2937469482421875 80.49375152587890625 81.08750152587890625 82.40000152587890625 85.24375152587890625 86.68125152587890625 86.8937530517578125 87.18125152587890625 88.8125 92.19374847412109375 94.27500152587890625 99.1125030517578125 105.19374847412109375 107.9499969482421875 111.9187469482421875 111.4250030517578125 110.7312469482421875 108.3312530517578125 104.21250152587890625 103.4562530517578125 101.21250152587890625 102.0187530517578125 104.13124847412109375 109.65000152587890625 113.1687469482421875 122.58750152587890625 126.4812469482421875 123.69374847412109375 120.7624969482421875 122.8562469482421875 118.22499847412109375 115.5749969482421875 113.0812530517578125
38.700000762939453125 37.63124847412109375 37.34999847412109375 38.6875 41.106250762939453125 43.987499237060546875 47.393749237060546875 51.24375152587890625 55.762500762939453125 60.05625152587890625 63.96875 68.9187469482421875 72.6875 77.11875152587890625 80.21875 82.2062530517578125 81.4562530517578125 81.5124969482421875 82.3562469482421875 84.05625152587890625 86.28125 88.7375030517578125 90.21875 94.44374847412109375 99.25624847412109375 101.66249847412109375 102.7687530517578125 102.6125030517578125 100.59375 102 100.03125 97.8249969482421875 99.74375152587890625 101.31874847412109375 105.4499969482421875 107.65000152587890625 113.8312530517578125 114.9187469482421875 116.16249847412109375 115.7312469482421875 118.53125 115.18125152587890625 111.16249847412109375 108.53125
36.887500762939453125 36.02500152587890625 36.424999237060546875 37.612499237060546875 38.581249237060546875 41.299999237060546875 44.50624847412109375 48.31874847412109375 51.93125152587890625 56.22499847412109375 62.262500762939453125 66.4250030517578125 70.90625 76.96250152587890625 80.3625030517578125 79.9375 78.9250030517578125 80.59999847412109375 81.1062469482421875 81.8874969482421875 81.58750152587890625 82.28125 84.46875 88.0500030517578125 90.7937469482421875 93.3000030517578125 93.9499969482421875 93.59999847412109375 93.7312469482421875 95.71875 95.77500152587890625 92.8874969482421875 95.44374847412109375 99.6750030517578125 102.11875152587890625 103.97499847412109375 106.1437530517578125 107.16249847412109375 108.4499969482421875 112.8125 115.34999847412109375 111.8562469482421875 106.3312530517578125 102.91249847412109375
35.28749847412109375 35.03125 36.1875 36.78125 37.22499847412109375 39.325000762939453125 42.575000762939453125 45.02500152587890625 48.331249237060546875 52.125 58.125 64.3874969482421875 69.46250152587890625 73.6750030517578125 75.93125152587890625 78.09999847412109375 79.40625 78.94374847412109375 77.28749847412109375 77.7312469482421875 78.1125030517578125 77.80625152587890625 80.28125 81.25 84.0124969482421875 84.44374847412109375 86.7062530517578125 86.96250152587890625 88.93125152587890625 90.56874847412109375 92.38124847412109375 92.66249847412109375 91.58750152587890625 93.875 98.0187530517578125 99.875 101.03749847412109375 101.5625 103.4187469482421875 105.90000152587890625 105.84999847412109375 105.6125030517578125 102.8312530517578125 94.9562530517578125
34.66249847412109375 33.81874847412109375 35.237499237060546875 36.450000762939453125 36.737499237060546875 37.481250762939453125 39.237499237060546875 41.9375 45.31874847412109375 49.00624847412109375 56.375 63.293750762939453125 69.13124847412109375 76.2312469482421875 78.6875 78.9499969482421875 78.25624847412109375 75.4499969482421875 73.53749847412109375 70.92499542236328125 73.3625030517578125 71.88124847412109375 72.40625 73.21250152587890625 77.41249847412109375 78.68125152587890625 79.9250030517578125 79.5187530517578125 80.86875152587890625 82.66875457763671875 85.83750152587890625 88.1875 86.7312469482421875 88.46875 90.40625 93.36875152587890625 92.71250152587890625 97.71875 96.7937469482421875 99.0124969482421875 99.18125152587890625 96.65625 95.5500030517578125 91.0437469482421875
35.450000762939453125 34.46250152587890625 35.27500152587890625 36.40000152587890625 37.02500152587890625 37.918750762939453125 39.31874847412109375 40.83750152587890625 43.25624847412109375 46.40625 51.674999237060546875 61.25 69.21250152587890625 75.2312469482421875 78.06874847412109375 78.75624847412109375 77.33750152587890625 72.61875152587890625 69.61875152587890625 66.09999847412109375 66.13124847412109375 67.625 67.1374969482421875 67.5500030517578125 70.68125152587890625 71.49375152587890625 72.375 72.2937469482421875 74.625 76.2624969482421875 78.02500152587890625 80.77500152587890625 81.44374847412109375 81.90625 81.9250030517578125 84.6999969482421875 88.3874969482421875 88.8312530517578125 89.61875152587890625 92.31874847412109375 92.58750152587890625 89.43125152587890625 87.96875 87
35.200000762939453125 35.581249237060546875 35.40000152587890625 36.53125 37.63124847412109375 38.418750762939453125 39.34999847412109375 41.174999237060546875 42.99375152587890625 43.5625 50.293750762939453125 61.737499237060546875 70.2937469482421875 74.43125152587890625 77.1750030517578125 77.6687469482421875 76.75624847412109375 72.69374847412109375 68.8000030517578125 63.09375 61.63124847412109375 63.424999237060546875 62.58750152587890625 63.21250152587890625 63.74375152587890625 64.4562530517578125 66.9375 66.8249969482421875 67.1125030517578125 67.78125 71.8249969482421875 73.11875152587890625 74.91249847412109375 76.4250030517578125 76.3625030517578125 78.5500030517578125 81.8312530517578125 84.63124847412109375 83.50624847412109375 83.2937469482421875 83.25624847412109375 83.2375030517578125 80 84.8000030517578125
34.581249237060546875 35.112499237060546875 35.78749847412109375 37.27500152587890625 37.96875 39 40.424999237060546875 41.99375152587890625 44.3125 44.450000762939453125 54.487499237060546875 65.3249969482421875 71.06874847412109375 75.5437469482421875 75.94374847412109375 76.00624847412109375 74.65625 71.3625030517578125 68.1062469482421875 63.4375 60.46250152587890625 59.950000762939453125 58.03125 58.52500152587890625 58.21250152587890625 59.84999847412109375 61.799999237060546875 61.44374847412109375 61.44374847412109375 61.450000762939453125 63.625 67.5812530517578125 69.875 70.02500152587890625 70.31874847412109375 72.71875 74.9875030517578125 76.24375152587890625 79.7937469482421875 78.09375 76.8937530517578125 77.97499847412109375 74.28749847412109375 73.91249847412109375
