data/historical-monthly-weather-data/wc2.1_cruts4.09_10m_prec_1998-03.asc
ncols        45
nrows        45
xllcorner    -63.500000000000
yllcorner    -7.500000000000
cellsize     0.166666666667
NODATA_value -9999
[rows 20 to 39 of 45, columns 0 to 44 of 45]
226.306243896484375 233.9250030517578125 243.3125 253.5187530517578125 264.41876220703125 275.806243896484375 286.568756103515625 295.443756103515625 301.725006103515625 304.399993896484375 304.375 303.90625 303.84375 305.21875 297.34375 284.25 272.75 265.662506103515625 262.26873779296875 259.41876220703125 260.25 261.625 262.181243896484375 264.92498779296875 268.54376220703125 272.86248779296875 278.36248779296875 283.743743896484375 288.90625 292.868743896484375 291.993743896484375 286.318756103515625 273.368743896484375 256.475006103515625 240.7937469482421875 262.162506103515625 292.399993896484375 311.66876220703125 323.818756103515625 330.58123779296875 334.056243896484375 334.89373779296875 333.774993896484375 333.26873779296875 331.88751220703125
225.806243896484375 234.5625 246.868743896484375 259.274993896484375 272.45623779296875 286.01873779296875 298.70623779296875 309.818756103515625 316.256256103515625 315.54376220703125 309.95623779296875 304.54376220703125 300.08123779296875 298.1875 292.78125 284.899993896484375 277.73748779296875 270.89373779296875 265.681243896484375 261.01251220703125 257.90625 256.16876220703125 257.34375 258.90625 262.32501220703125 268.11248779296875 276.5625 281.8125 286.274993896484375 289.225006103515625 287.337493896484375 281.8125 271.41876220703125 260.51251220703125 255.5 269.806243896484375 293.70001220703125 312.33123779296875 324.32501220703125 329.73126220703125 331.96875 332.51873779296875 331.95001220703125 331.54376220703125 330.800018310546875
228.6125030517578125 239.431243896484375 252.506256103515625 266.8125 281.17498779296875 294.818756103515625 307.91876220703125 322.64373779296875 331.91876220703125 325.993743896484375 314.76873779296875 302.41876220703125 292.73748779296875 290.01873779296875 288.64373779296875 284.850006103515625 279.40625 272.86248779296875 266.443756103515625 260.51873779296875 255.5 250.6875 248.34375 249.212493896484375 254.318756103515625 261.806243896484375 271.024993896484375 277.662506103515625 281.9375 284.037506103515625 283.57501220703125 282.32501220703125 278.818756103515625 274.5 277.225006103515625 289.443756103515625 305.96875 319.537506103515625 327.931243896484375 331.181243896484375 331.625 331.29998779296875 330.756256103515625 329.46875 329
237.993743896484375 249.7624969482421875 263.212493896484375 277.64373779296875 291.875 304.131256103515625 317.412506103515625 330.962493896484375 337.8125 328.850006103515625 314.29998779296875 301.087493896484375 286.868743896484375 284.71875 285.75 283.975006103515625 280.287506103515625 274.04376220703125 265.712493896484375 258.087493896484375 251.193756103515625 244.350006103515625 239.7937469482421875 240.0187530517578125 243.6437530517578125 250.931243896484375 261.01251220703125 270.29376220703125 277.100006103515625 282.537506103515625 286.493743896484375 288.537506103515625 288.662506103515625 289.318756103515625 294.743743896484375 307.125 319.71875 326.431243896484375 330.0625 331.46875 331.39373779296875 329.743743896484375 328.618743896484375 326.23748779296875 327.274993896484375
253.131256103515625 264.462493896484375 275.506256103515625 289.337493896484375 304.118743896484375 314.9375 324.193756103515625 332.78125 334.91876220703125 328.45001220703125 317.756256103515625 304.53125 294.556243896484375 290.03125 287.581268310546875 286.056243896484375 282.0625 275.5625 267.0625 256.743743896484375 246.78125 237.725006103515625 230.3874969482421875 227.912506103515625 232.3312530517578125 242.5437469482421875 252.9250030517578125 265.01873779296875 274.09375 283.975006103515625 290.618743896484375 295.42498779296875 298.662506103515625 301.51251220703125 306.337493896484375 313.399993896484375 322.48748779296875 327.58123779296875 329.618743896484375 331.84375 331.61248779296875 328.98748779296875 325.42498779296875 324.818756103515625 321.66876220703125
272.3125 284.274993896484375 291.618743896484375 303.649993896484375 314.962493896484375 322.8125 329.01251220703125 333.806243896484375 333.118743896484375 327.625 319.4375 310.649993896484375 302.98748779296875 297.08123779296875 293.125 290.8125 285.59375 278.91876220703125 270.28125 257.36248779296875 246.3000030517578125 233.193756103515625 221.3562469482421875 215.4562530517578125 221.899993896484375 235.149993896484375 249.40625 261.75 273.25 285.712493896484375 295.65625 304.0625 309.26251220703125 311.04376220703125 313.25 317.35626220703125 323.08123779296875 326.912506103515625 329.53125 331.09375 331.318756103515625 327.35626220703125 320.70623779296875 318.524993896484375 316.181243896484375
291.8125 299.28125 305.73126220703125 313.51251220703125 321.14373779296875 326.59375 329.83123779296875 331.931243896484375 330.45001220703125 327.23126220703125 322.243743896484375 315.58123779296875 309.306243896484375 304.131256103515625 300.225006103515625 296.53125 292.600006103515625 284.625 274.774993896484375 263.056243896484375 249.3874969482421875 234.4812469482421875 218.1999969482421875 210.306243896484375 220.2375030517578125 233.5625 248.7687530517578125 261.287506103515625 273.625 286.9375 298.95623779296875 310.70623779296875 317.51873779296875 316.818756103515625 316.318756103515625 319.29376220703125 323.92498779296875 326.6875 329.63751220703125 332.03125 331.01251220703125 325.600006103515625 317.26251220703125 312.70623779296875 317.76251220703125
312.787506103515625 316.9375 320.537506103515625 324.899993896484375 327.756256103515625 330.14373779296875 333.04376220703125 333.375 331.524993896484375 328.975006103515625 324.462493896484375 319.087493896484375 314.51251220703125 310.40625 306.556243896484375 302.54376220703125 299.006256103515625 293.212493896484375 283.91876220703125 272.54998779296875 258.90625 243.318756103515625 231.1750030517578125 224.9187469482421875 229.693756103515625 239.7937469482421875 252.7624969482421875 265.225006103515625 276.78125 288.48748779296875 300.09375 310.75 316.774993896484375 316.056243896484375 315.57501220703125 318.58123779296875 321.274993896484375 325.006256103515625 329.20623779296875 333.64373779296875 336.149993896484375 329.15625 316.962493896484375 311.38751220703125 325.54998779296875
332.350006103515625 334.068756103515625 334.63751220703125 334.618743896484375 336.337493896484375 336.04998779296875 335.10626220703125 334.28125 332.850006103515625 330.17498779296875 327.40625 323.36248779296875 319.5 316.66876220703125 314.21875 311.693756103515625 309.912506103515625 304.818756103515625 297.1875 286.912506103515625 273.42498779296875 258.61248779296875 247.9375 241.381256103515625 243.5124969482421875 249.125 259.306243896484375 270.318756103515625 280.76873779296875 291.324981689453125 300.375 308.79376220703125 313.625 314.03125 314.181243896484375 316.96875 318.78125 322.23126220703125 326.95001220703125 331.26873779296875 337.59375 330.39373779296875 318.38751220703125 320.318756103515625 337.274993896484375
345.29998779296875 344.64373779296875 342.34375 339.899993896484375 339.037506103515625 336.162506103515625 334.70001220703125 333.4375 332.48748779296875 330.26873779296875 328.48126220703125 326.83123779296875 325.475006103515625 324.024993896484375 322.48126220703125 320.98748779296875 319.79376220703125 319.91876220703125 314.368743896484375 301.92498779296875 287.90625 274.29376220703125 263.46875 257.537506103515625 256.86248779296875 260.375 268.41876220703125 276.787506103515625 284.793731689453125 292.881256103515625 300.493743896484375 306.40625 309.931243896484375 312.274993896484375 313.318756103515625 314.899993896484375 316.07501220703125 319.38751220703125 320.193756103515625 323.381256103515625 329.475006103515625 330.46875 326.806243896484375 333.537506103515625 342.53125
354.14373779296875 351.07501220703125 346.65625 343.45001220703125 341.193756103515625 336.51873779296875 335.212493896484375 333.26873779296875 332.125 330.774993896484375 330.087493896484375 329.11248779296875 329.34375 328.443756103515625 328.40625 328.86248779296875 330.96875 332.46875 331.01873779296875 318.168731689453125 303.412506103515625 288.73126220703125 278.475006103515625 271.95001220703125 269.16876220703125 271.98748779296875 276.975006103515625 282.350006103515625 288.88751220703125 294.912506103515625 300.868743896484375 306.38751220703125 309.32501220703125 311.45623779296875 312.806243896484375 312.75 313.38751220703125 316.368743896484375 315.11248779296875 311.399993896484375 318.600006103515625 328.20001220703125 333.86248779296875 341.70623779296875 350.625
359.287506103515625 354.46875 348.65625 344.056243896484375 341.10626220703125 336.125 334.54998779296875 331.662506103515625 330.60626220703125 329.899993896484375 329.98126220703125 329.82501220703125 330.162506103515625 331.83123779296875 333.962493896484375 336.35626220703125 336.73126220703125 338.10626220703125 336.9375 328.649993896484375 314.243743896484375 301.60626220703125 290.337493896484375 283.20001220703125 281.61248779296875 281.86248779296875 284.03125 288.57501220703125 292.087493896484375 297.25 302.32501220703125 306.6875 308.28125 310.07501220703125 311.381256103515625 311.04376220703125 312.506256103515625 313.881256103515625 309.8125 308.931243896484375 319.162506103515625 332.59375 342.36248779296875 355.587493896484375 367.412506103515625
356.95001220703125 352.58123779296875 346.743743896484375 342.11248779296875 337.96875 334.587493896484375 331.73126220703125 328.4375 326.54376220703125 327.212493896484375 330.90625 330.70623779296875 332.5625 337.29998779296875 339.868743896484375 341.79376220703125 341.58123779296875 343.35626220703125 341.23748779296875 335.068756103515625 324.28125 312.681243896484375 301.33123779296875 295.318756103515625 292.23126220703125 290.712493896484375 291.149993896484375 293.67498779296875 296.85626220703125 300.537506103515625 304.51873779296875 308.068756103515625 309.9375 311.41876220703125 311.5625 312.82501220703125 314.03125 314.037506103515625 311.368743896484375 317.262481689453125 327.243743896484375 339.86248779296875 352.506256103515625 367.181243896484375 387.850006103515625
353 348.756256103515625 345.04998779296875 341.024993896484375 337.10626220703125 332.725006103515625 328.8125 325.350006103515625 323.068756103515625 323.743743896484375 327.868743896484375 331.475006103515625 335.100006103515625 338.625 341.274993896484375 344.787506103515625 346.962493896484375 348.15625 345.068756103515625 340 331.931243896484375 321.41876220703125 311.931243896484375 304.54376220703125 300.53125 297.11248779296875 297.125 297.806243896484375 301.068756103515625 303.524993896484375 305.875 309.79376220703125 312.10626220703125 313.006256103515625 314.35626220703125 315.32501220703125 315.600006103515625 314.85626220703125 317.274993896484375 324.11248779296875 332.15625 344.287506103515625 359.75 375.774993896484375 398.756256103515625
349.08123779296875 346.024993896484375 343.35626220703125 339.5 334.162506103515625 330.225006103515625 325.29376220703125 322.21875 318.212493896484375 317.71875 323.693756103515625 330.649993896484375 337.493743896484375 342.23126220703125 346.850006103515625 349.23748779296875 351.76251220703125 352.618743896484375 349.962493896484375 345.368743896484375 338.818756103515625 328.79998779296875 319.51873779296875 311.45623779296875 307.118743896484375 303.51251220703125 301.75 302.29998779296875 303.3125 305.89373779296875 308.92498779296875 312.33123779296875 313.98126220703125 315.350006103515625 315.806243896484375 315.53125 315.46875 318.53125 322.6875 328.506256103515625 335.86248779296875 345.67498779296875 359.78125 375.431243896484375 394.10626220703125
345.818756103515625 342.712493896484375 340.037506103515625 336.693756103515625 332.287506103515625 327.556243896484375 323.131256103515625 317.6875 311.600006103515625 310.931243896484375 317.443756103515625 327.8125 339.899993896484375 348.931243896484375 353.54998779296875 356.725006103515625 358 358.28125 356.912506103515625 353.67498779296875 346.38751220703125 336.037506103515625 325.850006103515625 318.46875 313.35626220703125 309.024993896484375 306.66876220703125 306.899993896484375 307.41876220703125 309.131256103515625 312.26251220703125 314.78125 315.20623779296875 317.11248779296875 317.381256103515625 316.42498779296875 318.337493896484375 320.993743896484375 323.4375 329.368743896484375 336.90625 345.21875 355.54998779296875 369.84375 383.087493896484375
341.193756103515625 339.381256103515625 337.66876220703125 334.65625 331.61248779296875 327.67498779296875 322.42498779296875 316.418731689453125 307.84375 302.23748779296875 312.57501220703125 331.818756103515625 346.975006103515625 356.17498779296875 361.75 363.70623779296875 363.787506103515625 363.556243896484375 362.89373779296875 357.89373779296875 350.899993896484375 340.712493896484375 330.899993896484375 322.29998779296875 316.64373779296875 312.51251220703125 310.11248779296875 310.868743896484375 310.82501220703125 312.71875 314.925018310546875 316.73126220703125 318.1875 320.087493896484375 319.75 319.70001220703125 321.306243896484375 323.63751220703125 325.84375 328.73748779296875 333.73126220703125 340.59375 349.64373779296875 361.23126220703125 371.88751220703125
337.787506103515625 337.23126220703125 335.67498779296875 333.90625 332.818756103515625 330.01251220703125 325.568756103515625 319.193756103515625 312.54998779296875 304.82501220703125 324.66876220703125 346.35626220703125 358.08123779296875 366.5 369.54998779296875 370.89373779296875 368.756256103515625 367.51251220703125 365.212493896484375 359.08123779296875 350.25 340.73126220703125 332.98748779296875 324.26251220703125 318.76873779296875 315.3125 312.806243896484375 314.11248779296875 314.662506103515625 316.03125 316.86248779296875 317.899993896484375 319.53125 321.931243896484375 321.125 322.29376220703125 323.443756103515625 323.51873779296875 326.29376220703125 329.274993896484375 330.899993896484375 337.07501220703125 342.818756103515625 348.493743896484375 357.07501220703125
335.91876220703125 335.28125 335.11248779296875 334.71875 334.662506103515625 332.09375 330.712493896484375 328.01251220703125 328.506256103515625 338.350006103515625 361.337493896484375 368.29998779296875 371.693756103515625 376.29998779296875 378.350006103515625 378.35626220703125 375.48126220703125 371.912506103515625 366.67498779296875 358.54376220703125 347.5 337.868743896484375 330.26251220703125 323.03125 318.556243896484375 316.387481689453125 315.10626220703125 315.850006103515625 317.006256103515625 318.131256103515625 319.54998779296875 319.162506103515625 320.024993896484375 322.58123779296875 325.20001220703125 324.899993896484375 324.6875 325.71875 326.3125 326.899993896484375 327.73126220703125 333.350006103515625 337.20001220703125 342.149993896484375 347.79998779296875
335.07501220703125 334.45623779296875 335.21875 335.256256103515625 336.91876220703125 338.17498779296875 337.806243896484375 340.912506103515625 346.04376220703125 356.01251220703125 369.837493896484375 379.04998779296875 383.82501220703125 386.53125 388.375 387.07501220703125 383.418731689453125 377.10626220703125 368.125 358.568756103515625 345.506256103515625 334.90625 325.631256103515625 319.14373779296875 316.95001220703125 316.181243896484375 315.23126220703125 317.100006103515625 318.475006103515625 318.850006103515625 318.618743896484375 320.66876220703125 324.32501220703125 326.04376220703125 328.23748779296875 328.38751220703125 326.64373779296875 326.350006103515625 327.17498779296875 324.91876220703125 323.806243896484375 328.15625 331.131256103515625 334.274993896484375 338.76873779296875
