data/historical-monthly-weather-data/wc2.1_cruts4.09_10m_prec_1989-04.asc
ncols        51
nrows        45
xllcorner    -63.500000000000
yllcorner    -7.500000000000
cellsize     0.166666666667
NODATA_value -9999
[rows 0 to 19 of 45, columns 0 to 43 of 51]
294.85626220703125 299.54998779296875 296.14373779296875 297.412506103515625 293.21875 283.20623779296875 271.86248779296875 256.54376220703125 245.368743896484375 238.381256103515625 234.868743896484375 233.1875 230.6750030517578125 226.7937469482421875 225.2062530517578125 224.568756103515625 225.0812530517578125 223.2687530517578125 223.9250030517578125 224.756256103515625 225.806243896484375 227.993743896484375 229.993743896484375 236.46875 241.618743896484375 250.068756103515625 262.01873779296875 276.86248779296875 291.118743896484375 307.10626220703125 324.412506103515625 342.20623779296875 356.25 372.38751220703125 387.193756103515625 394.756256103515625 398.256256103515625 401.26251220703125 403.09375 401.774993896484375 400.23126220703125 397.90625 391.73126220703125 388.149993896484375
307.58123779296875 312.818756103515625 318.21875 322.162506103515625 324.443756103515625 313.431243896484375 300.34375 289.42498779296875 279.462493896484375 271.40625 266.5625 262.493743896484375 258.743743896484375 254.0812530517578125 249.6437530517578125 248.162506103515625 245.8562469482421875 246.0437469482421875 247.431243896484375 248.256256103515625 249.6937408447265625 251.6374969482421875 255.6125030517578125 261.35626220703125 268.618743896484375 276.79376220703125 287.5625 301.506256103515625 313.287506103515625 329.087493896484375 348.118743896484375 368.368743896484375 382.32501220703125 398.850006103515625 411.600006103515625 417.412506103515625 422.46875 424.649993896484375 424.85626220703125 421.38751220703125 417.73748779296875 415.431243896484375 409.09375 402.4375
313.48126220703125 321.65625 326.868743896484375 334.475006103515625 339.818756103515625 333.443756103515625 325.57501220703125 319.09375 314.45001220703125 307.25 300.09375 293.537506103515625 288.787506103515625 281.162506103515625 275.58123779296875 272.1875 268.58123779296875 268.23748779296875 268.131256103515625 269.36248779296875 272.29998779296875 275.9375 279.475006103515625 286.10626220703125 295.175018310546875 304.20001220703125 315.70001220703125 325.274993896484375 334.16876220703125 350.35626220703125 368.20623779296875 386.29376220703125 402.881256103515625 418.118743896484375 428.787506103515625 432.90625 439.649993896484375 443.85626220703125 442.40625 439.15625 435.26873779296875 430.01873779296875 423.29376220703125 416.993743896484375
313.26251220703125 322.42498779296875 333.13751220703125 340.006256103515625 346.79998779296875 347.818756103515625 346.82501220703125 346.36248779296875 347.41876220703125 344.85626220703125 336.89373779296875 326.70001220703125 317.23748779296875 309.20001220703125 301.76251220703125 297.01251220703125 293 291.33123779296875 290.15625 291.024993896484375 295.95623779296875 300.568756103515625 303.75 312.57501220703125 322.493743896484375 330.83123779296875 342.350006103515625 349.068756103515625 356.431243896484375 373.462493896484375 390.26873779296875 407.15625 419.51251220703125 433.16876220703125 443.23748779296875 450.118743896484375 455.60626220703125 459.600006103515625 460.79998779296875 455.53125 451.350006103515625 447.274993896484375 437.26873779296875 428.40625
328.07501220703125 332.024993896484375 334.625 342.65625 354.01873779296875 359.225006103515625 361.70623779296875 367.88751220703125 375.91876220703125 380.306243896484375 370.131256103515625 353.48748779296875 342.9375 334.6875 326.03125 319.85626220703125 314.087493896484375 312.087493896484375 310.193756103515625 310.25 317.125 322.068756103515625 326.818756103515625 338.443756103515625 346.774993896484375 355.806243896484375 364.07501220703125 373.41876220703125 382.04376220703125 395.54998779296875 411.29376220703125 423.03125 433.76873779296875 447.08123779296875 457.82501220703125 464.11248779296875 467.98748779296875 472.5 474.618743896484375 470.149993896484375 467.73126220703125 458.29376220703125 449.024993896484375 441.98126220703125
333.71875 339.21875 342.324981689453125 342.98126220703125 353.21875 361.149993896484375 365.225006103515625 372.95001220703125 382.375 391.13751220703125 378.60626220703125 363.45001220703125 354.506256103515625 347.32501220703125 338.46875 333.08123779296875 325.76251220703125 324.15625 325.33123779296875 327.162506103515625 332.993743896484375 338.45001220703125 346.64373779296875 356.48126220703125 366.087493896484375 376.10626220703125 383.0625 390.712493896484375 397.962493896484375 409.681243896484375 423.381256103515625 436.875 443 454.26251220703125 466.32501220703125 470.962493896484375 477.4375 482 483.61248779296875 482.337493896484375 475.131256103515625 465.66876220703125 457.931243896484375 451.90625
340.82501220703125 345.731231689453125 348.79998779296875 348.212493896484375 349.01873779296875 352.48126220703125 357.09375 363.78125 368.631256103515625 371.26251220703125 370.087493896484375 364.75 362.225006103515625 356.20001220703125 349.287506103515625 345.587493896484375 339.39373779296875 335.48748779296875 335.75 340.193756103515625 348.34375 356.3125 364.92498779296875 372.274993896484375 382.64373779296875 393.36248779296875 400.78125 405.256256103515625 410.962493896484375 421.993743896484375 435.412506103515625 446.33123779296875 453.131256103515625 459.556243896484375 469.38751220703125 474.006256103515625 477.90625 483.70001220703125 489.14373779296875 487.29998779296875 475.818756103515625 468.01873779296875 461.9375 456.493743896484375
348.75 350.6875 351.21875 352.537506103515625 353.54376220703125 354.11248779296875 350.66876220703125 346.6875 343.45623779296875 346.399993896484375 356.76873779296875 362.95001220703125 365.600006103515625 364.350006103515625 360.600006103515625 356.33123779296875 350.600006103515625 347.306243896484375 345.60626220703125 351.48126220703125 362.67498779296875 372.98748779296875 381.29376220703125 388.98748779296875 401.01873779296875 408.649993896484375 414.58123779296875 418.712493896484375 424.07501220703125 434.806243896484375 443.524993896484375 452.79376220703125 458.212493896484375 463.625 470.3125 470.20001220703125 474.024993896484375 477.712493896484375 480.087493896484375 476.649993896484375 469.15625 464.64373779296875 458.95623779296875 452.53125
354.25 356.243743896484375 356.100006103515625 355.25 355.59375 353.756256103515625 350.881256103515625 344.625 334.256256103515625 331.475006103515625 346.28125 357.20623779296875 368.068756103515625 369.225006103515625 365.818756103515625 363.506256103515625 360.41876220703125 359.07501220703125 360.037506103515625 363.818756103515625 369.225006103515625 382.59375 391.23126220703125 402.375 413.51251220703125 418.725006103515625 422.79376220703125 427.34375 432.01873779296875 440.662506103515625 449.76251220703125 453.912506103515625 455.73126220703125 456.337493896484375 461.51251220703125 461.818756103515625 465.243743896484375 465.4375 467.225006103515625 463.493743896484375 457.5 451.899993896484375 448.899993896484375 445.337493896484375
359.100006103515625 358.76873779296875 359.1875 358.618743896484375 357.4375 356.1875 354.475006103515625 349.037506103515625 345.212493896484375 347.33123779296875 357.212493896484375 363.60626220703125 371.57501220703125 373.45001220703125 373.20001220703125 370.84375 369.23748779296875 370.068756103515625 371.649993896484375 378.693756103515625 384.318756103515625 393.20001220703125 401.306243896484375 414.556243896484375 421.45001220703125 424.162506103515625 427.225006103515625 430.92498779296875 436.70001220703125 446.71875 449.86248779296875 449.743743896484375 448.868743896484375 448.300018310546875 450.59375 451.83123779296875 451.01251220703125 450.63751220703125 451.26251220703125 450.649993896484375 448.01251220703125 443.63751220703125 439.431243896484375 430.837493896484375
363.9375 364.26873779296875 363.618743896484375 362.256256103515625 359.03125 358.66876220703125 358.26251220703125 355.162506103515625 356.33123779296875 361.024993896484375 370.34375 378.25 379.15625 380.21875 378.34375 376.09375 376.125 378.92498779296875 383.193756103515625 389.83123779296875 401.125 408.79998779296875 413.15625 414.149993896484375 425.587493896484375 428.84375 428.42498779296875 430.59375 433.725006103515625 441.618743896484375 442.868743896484375 440.64373779296875 439.068756103515625 437.20001220703125 437.787506103515625 434.412506103515625 432.506256103515625 432.1875 434.07501220703125 434.48126220703125 432.056243896484375 428.181243896484375 427.600006103515625 422.85626220703125
365.33123779296875 364.618743896484375 363.5625 365.88751220703125 364.524993896484375 362.42498779296875 364.32501220703125 365.21875 369.162506103515625 375.01251220703125 384.17498779296875 392.60626220703125 388.60626220703125 385.837493896484375 383.20623779296875 381.45623779296875 380.67498779296875 383.681243896484375 388.95623779296875 396.806243896484375 407.537506103515625 415.506256103515625 420.868743896484375 425.568756103515625 426.5 422.725006103515625 421.03125 420.693756103515625 423.368743896484375 426.54998779296875 427.01251220703125 425.256256103515625 421.693756103515625 419.912506103515625 419.725006103515625 417.64373779296875 417.45623779296875 418.006256103515625 416.756256103515625 414.524993896484375 413.875 412.23748779296875 410.83123779296875 402.54376220703125
367.46875 366.21875 365.662506103515625 366.681243896484375 367.34375 369.756256103515625 370.26251220703125 370.85626220703125 374.71875 383.443756103515625 392.26873779296875 400.35626220703125 397.54376220703125 386.20001220703125 382.84375 383.45001220703125 381.324981689453125 384.23126220703125 391.100006103515625 397.15625 408.09375 414.16876220703125 415.84375 419.056243896484375 410.41876220703125 403.975006103515625 406.36248779296875 405.86248779296875 409.73126220703125 410.54376220703125 409.787506103515625 406.743743896484375 402.568756103515625 400.60626220703125 398.79376220703125 399.54376220703125 400.39373779296875 401.34375 402.024993896484375 400.412506103515625 393.962493896484375 395.287506103515625 391.193756103515625 384.443756103515625
368.225006103515625 366.725006103515625 365.01873779296875 365.5625 368.662506103515625 371.03125 371.54998779296875 373.32501220703125 379.006256103515625 385.975006103515625 391.037506103515625 393.79376220703125 392.84375 386.212493896484375 379.118743896484375 380.774993896484375 378.587493896484375 379.087493896484375 386.23748779296875 390.243743896484375 399.34375 403.006256103515625 405.82501220703125 402.350006103515625 396.462493896484375 391.78125 391.931243896484375 392.26251220703125 393.975006103515625 394.537506103515625 392.51873779296875 389.84375 382.79376220703125 380.38751220703125 380.04998779296875 382.506256103515625 384.04998779296875 387.5625 390.881256103515625 387.743743896484375 377.28125 371.693756103515625 374.67498779296875 378.86248779296875
367.118743896484375 366.04376220703125 365.29998779296875 366.5 370.381256103515625 372.5625 374.631256103515625 376.38751220703125 379.64373779296875 383.725006103515625 387.25 389.243743896484375 386.91876220703125 381.29998779296875 372.88751220703125 370 369.4375 374.20623779296875 379.993743896484375 384.100006103515625 390.118743896484375 395.756256103515625 395.86248779296875 391.631256103515625 386.037506103515625 383.181243896484375 381.975006103515625 382.73748779296875 384.381256103515625 382.556243896484375 377.118743896484375 369.837493896484375 366.58123779296875 362.274993896484375 360.274993896484375 362.21875 370.8125 379.85626220703125 383.41876220703125 377.84375 368.92498779296875 368.100006103515625 375.84375 375.70623779296875
363.73126220703125 362.57501220703125 364.39373779296875 367.41876220703125 370.693756103515625 373.04998779296875 374.931243896484375 377.09375 381.98126220703125 384.04998779296875 385.64373779296875 386.225006103515625 384.024993896484375 376.90625 366.149993896484375 355.431243896484375 359.48126220703125 368.95623779296875 373.0625 377.712493896484375 383.51873779296875 386.5625 385.631256103515625 381.787506103515625 375.931243896484375 374.412506103515625 371.649993896484375 373.16876220703125 374.41876220703125 372.98126220703125 369.79376220703125 361.45623779296875 350.29998779296875 343.59375 338.45001220703125 348.818756103515625 358.318756103515625 369.118743896484375 374.912506103515625 376.14373779296875 371.350006103515625 372.662506103515625 374.35626220703125 370.95623779296875
358.681243896484375 359.375 363.01251220703125 367.21875 370.41876220703125 372.91876220703125 377.125 379.443756103515625 381.681243896484375 383.774993896484375 383.818756103515625 383.98748779296875 380.45001220703125 373.75 365.556243896484375 358.462493896484375 353.60626220703125 359.818756103515625 367.087493896484375 373.149993896484375 378.35626220703125 382.306243896484375 381.056243896484375 372.662506103515625 366.90625 363.818756103515625 362.41876220703125 363.51873779296875 366.21875 366.131256103515625 361.95001220703125 353.875 343.743743896484375 336.118743896484375 337.82501220703125 343.618743896484375 354.537506103515625 367.36248779296875 379.85626220703125 379.931243896484375 377.35626220703125 376.04376220703125 370.725006103515625 365.693756103515625
352.08123779296875 355.774993896484375 359.868743896484375 367.212493896484375 371.337493896484375 375.537506103515625 380.993743896484375 382.0625 383.41876220703125 383.162506103515625 381.10626220703125 380.20623779296875 376.3125 371.712493896484375 364.92498779296875 359.875 354.537506103515625 349.41876220703125 360.45623779296875 367.443756103515625 375.068756103515625 377.6875 376.36248779296875 367.98126220703125 363.0625 360.068756103515625 355.0625 359.162506103515625 363.056243896484375 361.350006103515625 351.868743896484375 335.01873779296875 333.01873779296875 331.54998779296875 331.337493896484375 341.61248779296875 352.59375 364.118743896484375 373.925018310546875 380.53125 375.318756103515625 371.98126220703125 366.54376220703125 360.256256103515625
344.056243896484375 350.118743896484375 357.36248779296875 364.25 370.13751220703125 376.51251220703125 381.543731689453125 385.90625 387.274993896484375 385.6875 380.76251220703125 375.04376220703125 371.58123779296875 369.66876220703125 360.29376220703125 355.5 351.70001220703125 348.29376220703125 350 357.037506103515625 371.15625 377.26251220703125 365.29376220703125 362.5 361.181243896484375 361.818756103515625 360.76251220703125 361.79998779296875 365.85626220703125 361.693756103515625 351.67498779296875 336.26251220703125 328.48748779296875 317.962493896484375 316.66876220703125 327.79998779296875 340.649993896484375 351.850006103515625 364.962493896484375 369.76873779296875 371.149993896484375 368.193756103515625 361.506256103515625 355.09375
335.462493896484375 344.04376220703125 351.65625 357.774993896484375 367.20623779296875 377.67498779296875 385.837493896484375 388.568756103515625 389.46875 387.306243896484375 380.35626220703125 376.087493896484375 371.83123779296875 367.693756103515625 356.806243896484375 345.40625 338.48126220703125 343.20001220703125 344.212493896484375 350.181243896484375 358.006256103515625 360.962493896484375 362.98126220703125 361.274993896484375 360.556243896484375 360.67498779296875 361.881256103515625 366.54998779296875 366.818756103515625 358.350006103515625 344.375 336.26873779296875 323.256256103515625 306.63751220703125 298.04998779296875 309.125 328.837493896484375 346.068756103515625 357.693756103515625 364.381256103515625 364.9375 362.149993896484375 356.29998779296875 349.9375
