data/historical-monthly-weather-data/wc2.1_cruts4.09_10m_prec_1977-06.asc
ncols        45
nrows        45
xllcorner    -63.500000000000
yllcorner    -7.500000000000
cellsize     0.166666666667
NODATA_value -9999
[rows 19 to 37 of 45, columns 0 to 42 of 45]
261.20001220703125 263.068756103515625 258.368743896484375 250.1875 246.125 245.1875 236.9812469482421875 225.625 220.975006103515625 212.725006103515625 202.6374969482421875 193.256256103515625 181.71875 169.431243896484375 157.162506103515625 138.181243896484375 125.3000030517578125 122.52500152587890625 111.69374847412109375 108.1374969482421875 95.56874847412109375 92.2312469482421875 94.8625030517578125 96.375 93.65000152587890625 91.6999969482421875 92.3125 98.875 97.86875152587890625 96.3000030517578125 97.84375 109.8125 113.74375152587890625 114.81874847412109375 117.7375030517578125 127.4499969482421875 134.118743896484375 132.8125 129.8312530517578125 124.58750152587890625 113.6999969482421875 101.2624969482421875 101.875
236.9187469482421875 251.09375 253.3000030517578125 246.875 235.056243896484375 229.712493896484375 227.131256103515625 220.149993896484375 213.8000030517578125 204.4124908447265625 197.318756103515625 187.743743896484375 176.274993896484375 161.65625 147.1875 136.46875 123.2062530517578125 115.75 114.25624847412109375 107.8874969482421875 107.24375152587890625 104.46250152587890625 103.7687530517578125 107.24375152587890625 105.3874969482421875 99.58750152587890625 92.46875 93.2937469482421875 94.7375030517578125 98.09375 101.53125 109.19374847412109375 105.7312469482421875 105.59375 106.9250030517578125 115.6125030517578125 123.1999969482421875 125.0124969482421875 119.71875 114.06874847412109375 107.49375152587890625 98.4250030517578125 97.3000030517578125
228.368743896484375 229.931243896484375 236.8000030517578125 237.8125 229.975006103515625 221.493743896484375 217.068756103515625 210.087493896484375 203.59375 199.399993896484375 192.368743896484375 180.287506103515625 168.59375 159.931243896484375 150.662506103515625 135.75 134.3000030517578125 124.00624847412109375 122.3000030517578125 116.8125 109.7687530517578125 111.18125152587890625 110.63124847412109375 107.5124969482421875 102.61875152587890625 97.46250152587890625 97.6999969482421875 94.6750030517578125 98.6999969482421875 102.13124847412109375 101.875 100.68125152587890625 99.55625152587890625 102.2624969482421875 101.7062530517578125 105.71250152587890625 111.4187469482421875 115.9250030517578125 114.0124969482421875 110.11875152587890625 103.9562530517578125 98.15000152587890625 96.8312530517578125
220.7687530517578125 235.243743896484375 240.46875 239.381256103515625 231.600006103515625 220.2312469482421875 204.350006103515625 195.7687530517578125 196.8625030517578125 192.2375030517578125 185.0187530517578125 179.0124969482421875 175.1687469482421875 168.975006103515625 158.818756103515625 147.375 135.975006103515625 127.3000030517578125 123.9499969482421875 121.71250152587890625 120.65625 115.8562469482421875 110.43125152587890625 107.7312469482421875 106.99375152587890625 101.24375152587890625 97.28125 96.36875152587890625 98.0437469482421875 96.24375152587890625 95.4562530517578125 96.46875 94.03749847412109375 92.91249847412109375 96.15625 96.84375 99.25624847412109375 104.0500030517578125 106.6875 105.9812469482421875 101.11875152587890625 97.34375 95.5124969482421875
207.9499969482421875 224.3625030517578125 237.3375091552734375 231.2687530517578125 221.5187530517578125 210.8312530517578125 205.6062469482421875 196.5124969482421875 188.631256103515625 180.1750030517578125 180.8625030517578125 182.5124969482421875 175.587493896484375 172.412506103515625 158.524993896484375 148.212493896484375 139.100006103515625 135.1875 130.537506103515625 126.26250457763671875 123.7937469482421875 122.0625 115.25 116.00624847412109375 110.24375152587890625 102.21875 102.1125030517578125 95.3874969482421875 92.8937530517578125 92.53749847412109375 91.2937469482421875 91.47499847412109375 90.3874969482421875 87.5187530517578125 89.2624969482421875 88.8249969482421875 92.44374847412109375 96.83750152587890625 98.1437530517578125 97.5124969482421875 95.28749847412109375 93.68125152587890625 92.93125152587890625
193.1125030517578125 212.125 222.225006103515625 225.975006103515625 220.337493896484375 210 201.8874969482421875 196.3125 187.306243896484375 184.59375 179.6062469482421875 176.318756103515625 175.212493896484375 165.881256103515625 153.5749969482421875 144.962493896484375 139.25 133.100006103515625 130.625 129.774993896484375 127.0812530517578125 122.6437530517578125 121.71875 120.0500030517578125 110.21250152587890625 102.05625152587890625 98.09999847412109375 93.94374847412109375 90.25624847412109375 89.74375152587890625 85.69374847412109375 83.2312469482421875 81.9875030517578125 82.1374969482421875 82.4375 83.7375030517578125 86.16249847412109375 87.9499969482421875 91.1750030517578125 91.68125152587890625 90.5812530517578125 90.74375152587890625 91.7062530517578125
187.056243896484375 209.225006103515625 208.943756103515625 213.212493896484375 207.71875 200.8312530517578125 192.131256103515625 187.8874969482421875 175.537506103515625 168.256256103515625 170.024993896484375 167.375 165.7624969482421875 159.3625030517578125 151.681243896484375 141.056243896484375 136.256256103515625 134.3125 132.618743896484375 128.024993896484375 126.5500030517578125 123.8125 121.71875 117.99375152587890625 111.1437530517578125 101.0812530517578125 96.6750030517578125 92.4499969482421875 86.5500030517578125 84.5187530517578125 80.3937530517578125 77.56874847412109375 76.2062530517578125 75.5124969482421875 75.40625 78.6062469482421875 81.03749847412109375 81.30625152587890625 82.6687469482421875 85.63124847412109375 85.1999969482421875 81.1999969482421875 81.9250030517578125
179.006256103515625 188.28125 195.5812530517578125 197.5625 193.2312469482421875 188.4499969482421875 181.681243896484375 170.037506103515625 162.431243896484375 164.431243896484375 166.65625 163.4375 158.287506103515625 154.131256103515625 148.9812469482421875 143.431243896484375 136.412506103515625 130 129.5687408447265625 125.46250152587890625 121.5187530517578125 119.58750152587890625 118.8625030517578125 119.4875030517578125 108.5 99.1062469482421875 94.96250152587890625 89.30625152587890625 83.71250152587890625 80.4499969482421875 77.86875152587890625 72.8312530517578125 70.63124847412109375 70.0625 70.1875 72.02500152587890625 75.4562530517578125 75.8249969482421875 76.0124969482421875 79.6750030517578125 81.30625152587890625 79.31874847412109375 77.36875152587890625
172.6062469482421875 174.556243896484375 179.3312530517578125 177.118743896484375 173.975006103515625 173.068756103515625 169.068756103515625 160.6437530517578125 156.431243896484375 158.625 157.7062530517578125 155.75 150.256256103515625 145.0187530517578125 140.1750030517578125 135.568756103515625 129.993743896484375 127.1999969482421875 122.1999969482421875 120.88124847412109375 118.6374969482421875 114.08750152587890625 114.94374847412109375 111.7312469482421875 103.8312530517578125 94.63124847412109375 90.5749969482421875 85.22499847412109375 82.25624847412109375 80.0749969482421875 76.25 72.46875 68.875 65.3125 66.66249847412109375 67.9812469482421875 70.99375152587890625 70.93125152587890625 72.59999847412109375 75.3000030517578125 77.21875 77.91249847412109375 72.83750152587890625
162.756256103515625 168.5437469482421875 164.068756103515625 159.506256103515625 159.15625 152.975006103515625 151.631256103515625 150.6875 150.8125 149.5500030517578125 149.5625 146.631256103515625 143.6875 139.5124969482421875 135.118743896484375 131.274993896484375 128.068756103515625 122.9562530517578125 120.74375152587890625 119.1437530517578125 113.9187469482421875 108.81874847412109375 105.9875030517578125 102.4250030517578125 96.41249847412109375 88.19374847412109375 86.69374847412109375 84.27500152587890625 80.55625152587890625 76.33124542236328125 71.96250152587890625 69.30625152587890625 65.33750152587890625 63.71875 62.625 63.424999237060546875 67.0124969482421875 65.63124847412109375 67.5437469482421875 69.19374847412109375 69.875 69.3562469482421875 68.5124969482421875
158.3249969482421875 159.181243896484375 155.4250030517578125 149.618743896484375 147.0437469482421875 145.225006103515625 142.5625 144.8562469482421875 143.28125 143.3562469482421875 142.8874969482421875 141.6125030517578125 139.412506103515625 136.1437530517578125 130.443756103515625 124.97499847412109375 120.74375152587890625 118.90000152587890625 112.5625 107.1750030517578125 105.63124847412109375 101.71250152587890625 98.83124542236328125 95.8249969482421875 89.3625030517578125 85.5500030517578125 83.2312469482421875 80.2687530517578125 77.3312530517578125 72.66249847412109375 68.77500152587890625 65.61875152587890625 63.16249847412109375 61.74375152587890625 61.487499237060546875 60.668750762939453125 64.59999847412109375 63.174999237060546875 61.65625 65.6062469482421875 65.65000152587890625 64.8312530517578125 65.91249847412109375
156.756256103515625 154.1374969482421875 148.318756103515625 144.037506103515625 141.2312469482421875 138.243743896484375 137.5 137.024993896484375 135.368743896484375 136.712493896484375 137.0812530517578125 134.0187530517578125 134.1750030517578125 125.72499847412109375 122.0812530517578125 121.21250152587890625 118.15625 112.5500030517578125 107.09999847412109375 103.1437530517578125 99.3125 93.90000152587890625 91.22499847412109375 89.3562469482421875 84.7312469482421875 81.83124542236328125 79.18125152587890625 77.0625 73.90000152587890625 69.84375 68.1687469482421875 65.16249847412109375 61.762500762939453125 58.893749237060546875 58.125 57.481250762939453125 59.893749237060546875 59.80625152587890625 58.450000762939453125 57.362499237060546875 58.84375 58.299999237060546875 58.88124847412109375
153.8625030517578125 150.350006103515625 142.587493896484375 140.1125030517578125 140.5749969482421875 136.818756103515625 133.774993896484375 131.3312530517578125 130.681243896484375 128.9812469482421875 126.13750457763671875 124.7062530517578125 120.91249847412109375 118.6999969482421875 117.3937530517578125 114.90625 108.7062530517578125 103.5 99.40000152587890625 96.1750030517578125 92.21250152587890625 88.31874847412109375 83.6062469482421875 81.4562530517578125 79.75624847412109375 76.71875 75.4499969482421875 73.77500152587890625 70.78749847412109375 70 66.8937530517578125 63.41249847412109375 60.606250762939453125 57.331249237060546875 55.737499237060546875 54.21250152587890625 54.768749237060546875 53.15625 53.375 53.11875152587890625 54.543750762939453125 54.40000152587890625 54.09375
152.6062469482421875 149.40625 145.3125 143.193756103515625 139.4187469482421875 136.3625030517578125 133.625 131.8625030517578125 127.96250152587890625 125.1437530517578125 125.40625 121.3625030517578125 117.78125 117 115.4875030517578125 109.1437530517578125 102.47499847412109375 99.7312469482421875 95.68125152587890625 91.875 86.09375 81.4812469482421875 78.52500152587890625 77.13124847412109375 75.0749969482421875 73.19374847412109375 71.78749847412109375 70.05625152587890625 68.5812530517578125 67.7312469482421875 65.46875 61.03125 58.612499237060546875 56.893749237060546875 54.36875152587890625 52.512500762939453125 51.03749847412109375 49.293750762939453125 49.1875 50.72499847412109375 51.612499237060546875 50.96875 49.518749237060546875
150.5 149.743743896484375 149.71875 146.4812469482421875 141.7937469482421875 137.5187530517578125 136.068756103515625 131.1750030517578125 125.4812469482421875 120.46875 119.7062530517578125 118.78749847412109375 115.1750030517578125 110.59375 107.03749847412109375 104.1062469482421875 100.2062530517578125 95.15000152587890625 89.1062469482421875 85.4875030517578125 81.3562469482421875 76.61875152587890625 74.8312530517578125 72.2624969482421875 71.44374847412109375 68.86875152587890625 69.02500152587890625 67.8000030517578125 67.72499847412109375 66.19374847412109375 64.59999847412109375 61.8125 56.93125152587890625 54.168750762939453125 52.612499237060546875 50.71875 48.662502288818359375 46.56874847412109375 46.40000152587890625 46.75 46.125 46.450000762939453125 45.78749847412109375
150.9375 147.412506103515625 149.618743896484375 150.09375 145.6125030517578125 137.274993896484375 131.9499969482421875 128.8874969482421875 123.1750030517578125 117.23749542236328125 118.7687530517578125 118.28749847412109375 114.75624847412109375 113.2687530517578125 109.11875152587890625 102.8312530517578125 96.0749969482421875 88.66249847412109375 82.83750152587890625 76.5 75.4875030517578125 70.4250030517578125 67.6750030517578125 66.08750152587890625 67.6750030517578125 66.71250152587890625 66.27500152587890625 64.56874847412109375 64.0625 62.387500762939453125 61.46250152587890625 59.77500152587890625 54.66249847412109375 51.6875 49.05625152587890625 47.787502288818359375 44.862499237060546875 44.856250762939453125 43.1875 43.125 42.3125 41.24375152587890625 40.94374847412109375
149.818756103515625 146.21875 146.25 146.818756103515625 144.4187469482421875 137.84375 132.443756103515625 126.6687469482421875 119.5437469482421875 113.58750152587890625 111.9562530517578125 117.1374969482421875 116.84375 112.74375152587890625 107.7687530517578125 100.77500152587890625 92.21250152587890625 83.01874542236328125 76.65000152587890625 70.0749969482421875 67.34999847412109375 66.13124847412109375 63.168750762939453125 62 63.424999237060546875 62.77500152587890625 62.325000762939453125 61.106250762939453125 61.625 59.65000152587890625 57.55625152587890625 56.09375 52.56874847412109375 49.03125 45.55625152587890625 44.481250762939453125 43.899997711181640625 41.90000152587890625 40.97499847412109375 41.075000762939453125 40.19374847412109375 38.56874847412109375 37.825000762939453125
143.756256103515625 146.068756103515625 142.4812469482421875 143.475006103515625 143.5124969482421875 137.5 131.6374969482421875 127.90000152587890625 120.15625 108.84375 111.90000152587890625 120.94374847412109375 120.88124847412109375 112.7937469482421875 106.34999847412109375 97.7687530517578125 88.90000152587890625 80.88124847412109375 74.0749969482421875 65.75 62.16249847412109375 61.93125152587890625 59.30625152587890625 58.96250152587890625 58.68125152587890625 58.512500762939453125 59.78125 58.74375152587890625 57.700000762939453125 54.97499847412109375 54.612499237060546875 52.09375 49.59375 46.96250152587890625 43.625 42.424999237060546875 41.88124847412109375 41.168750762939453125 39.337497711181640625 38.09375 37.043750762939453125 36.543750762939453125 34.75624847412109375
139.162506103515625 142.0187530517578125 141.8249969482421875 144.306243896484375 142.8000030517578125 138.3000030517578125 134.5812530517578125 130.4375 124.66249847412109375 112.53125 123.3562469482421875 130.212493896484375 123.84999847412109375 115.33750152587890625 104.3625030517578125 94.31874847412109375 84.3000030517578125 77.53125 71.86875152587890625 65.0625 60.47499847412109375 58.50624847412109375 55.40625 55.424999237060546875 54.887500762939453125 56.075000762939453125 57.143749237060546875 56.03749847412109375 54.887500762939453125 51.65625 49.918750762939453125 49.518749237060546875 47.61875152587890625 44.331249237060546875 41.46875 40.59999847412109375 39.71250152587890625 38.424999237060546875 38.887500762939453125 36.893749237060546875 35.25624847412109375 35.075000762939453125 32.862499237060546875
