data/historical-monthly-weather-data/wc2.1_cruts4.09_10m_prec_1982-07.asc
ncols        51
nrows        45
xllcorner    -63.500000000000
yllcorner    -7.500000000000
cellsize     0.166666666667
NODATA_value -9999
[rows 0 to 18 of 45, columns 0 to 43 of 51]
397.04376220703125 397.350006103515625 385.524993896484375 379.60626220703125 367.756256103515625 353.875 339.51251220703125 322.58123779296875 312.962493896484375 306.006256103515625 293.75 282.462493896484375 270.118743896484375 262.118743896484375 256.524993896484375 248.2624969482421875 239.899993896484375 228.0124969482421875 218.537506103515625 212.475006103515625 208.587493896484375 199.65625 192.5 186.943756103515625 183.8125 177.71875 175.7062530517578125 174.3249969482421875 170.3125 165.78125 154.1750030517578125 146.837493896484375 144.193756103515625 138.6750030517578125 133.212493896484375 128.03125 120.8249969482421875 120.3125 115.5625 112.1125030517578125 112.83750152587890625 114.59375 112.90625 113.0625
382.818756103515625 383.8125 375.125 373.225006103515625 368.04998779296875 356.10626220703125 342.006256103515625 328.32501220703125 319 308.443756103515625 295.53125 281.975006103515625 269.162506103515625 258.381256103515625 248.5187530517578125 239.46875 229.5437469482421875 219.15625 211.412506103515625 204.6062469482421875 195.493743896484375 190.8625030517578125 185.8874969482421875 184.4499969482421875 177.2062530517578125 172.5187530517578125 170.96875 169.993743896484375 164.6437530517578125 157.59375 150.756256103515625 148.5124969482421875 145.40625 143.149993896484375 138.7937469482421875 131.75 124.99375152587890625 122.83750152587890625 117.8000030517578125 115.86875152587890625 117.9875030517578125 117.5812530517578125 116.74375152587890625 114.7937469482421875
345.64373779296875 355.63751220703125 357.32501220703125 354.287506103515625 348.256256103515625 336.13751220703125 326.53125 320.725006103515625 313.83123779296875 303.61248779296875 291.01873779296875 275.181243896484375 264.79998779296875 249.3937530517578125 237.725006103515625 226.9499969482421875 217.5749969482421875 207.306243896484375 198.431243896484375 193.1999969482421875 184.7937469482421875 181.09375 177.693756103515625 175.087493896484375 170.03125 163.212493896484375 166.2375030517578125 164.399993896484375 160.5124969482421875 155.493743896484375 149.7375030517578125 142.8625030517578125 141.037506103515625 141.40625 133.1062469482421875 125.41249847412109375 121.84375 121.3125 115.91249847412109375 114.4250030517578125 115.7937469482421875 116.36875152587890625 114.5812530517578125 114.03749847412109375
312.76873779296875 317.25 326.662506103515625 333.368743896484375 328.225006103515625 315.8125 306.837493896484375 307.431243896484375 306.35626220703125 299.26873779296875 282.20623779296875 266.41876220703125 254.056243896484375 243.7624969482421875 229.0625 215.125 203.4562530517578125 194.475006103515625 188.306243896484375 187.274993896484375 180.443756103515625 172.1125030517578125 168.037506103515625 167.0749969482421875 163.443756103515625 158.28125 158.1374969482421875 153.4875030517578125 152.9250030517578125 153.037506103515625 148.3562469482421875 141.4499969482421875 135.756256103515625 131.100006103515625 124.74375152587890625 123.8625030517578125 122.27500152587890625 116.7687530517578125 113.28125 111.1687469482421875 114.1437530517578125 116.5 115.0812530517578125 114.1062469482421875
313.850006103515625 305.75 294.29998779296875 302.45623779296875 310.243743896484375 298.67498779296875 294.787506103515625 295.78125 293.850006103515625 285.806243896484375 276.868743896484375 259.681243896484375 247.0187530517578125 234.9562530517578125 219.46875 205.649993896484375 192.8125 185.556243896484375 176.25 173.850006103515625 170.1875 162.3125 157.149993896484375 160.3125 156.125 150.65625 148.399993896484375 149.2937469482421875 148.193756103515625 144.8249969482421875 142.625 138.9812469482421875 135.9562530517578125 130.399993896484375 124.2062530517578125 119 117.26250457763671875 114.6437530517578125 110.43125152587890625 109.78125 111.81874847412109375 111.4562530517578125 113 113.9562530517578125
297.3125 298.350006103515625 291.006256103515625 268.09375 280.006256103515625 289.118743896484375 284.65625 281.8125 282.712493896484375 274.024993896484375 262.587493896484375 248.1125030517578125 236.837493896484375 220 208.806243896484375 196.056243896484375 181.462493896484375 171.5187530517578125 165.868743896484375 164.806243896484375 160.743743896484375 155.1687469482421875 152.306243896484375 149.4250030517578125 147.9875030517578125 144.2624969482421875 142.4375 142.431243896484375 140.368743896484375 138.0812530517578125 136.65625 137.1999969482421875 133 130.600006103515625 123.9250030517578125 120.4499969482421875 114.0812530517578125 111.9250030517578125 111.6750030517578125 112.9875030517578125 110.5500030517578125 112 111.78125 111.1374969482421875
285.71875 287.912506103515625 282.875 273.82501220703125 266.60626220703125 257.6875 261.649993896484375 264.70623779296875 260.59375 255.7062530517578125 248.4187469482421875 231.03125 223.2375030517578125 209.806243896484375 196.0437469482421875 185.962493896484375 175.2687530517578125 162.306243896484375 152.774993896484375 155.056243896484375 150.899993896484375 145.399993896484375 141.306243896484375 141.34375 139.28125 138.287506103515625 139.6437530517578125 135.681243896484375 132.09375 134.3125 132.8562469482421875 130.006256103515625 126.78749847412109375 127.2062530517578125 125.1750030517578125 120.2624969482421875 113.875 110.46875 111.33750152587890625 113.4875030517578125 110.53749847412109375 109.31874847412109375 110.19374847412109375 109.13124847412109375
278.943756103515625 276.6875 274.86248779296875 271.725006103515625 269.149993896484375 269.23126220703125 256.70623779296875 237.568756103515625 229.4875030517578125 226.6999969482421875 222.65625 214.1437530517578125 206.4562530517578125 194.225006103515625 184.931243896484375 175.4812469482421875 164.3000030517578125 153.4812469482421875 145.4499969482421875 140.6437530517578125 141.756256103515625 139.587493896484375 134.7375030517578125 134.287506103515625 134.556243896484375 130.068756103515625 130.837493896484375 126.2375030517578125 126.36875152587890625 125.71875 128.875 127.09999847412109375 125.8874969482421875 123.8937530517578125 121.0187530517578125 115.03125 109.9562530517578125 107.34375 105.71250152587890625 104.84375 103.46875 104.13124847412109375 104.3125 102.52500152587890625
271.57501220703125 270.524993896484375 266.649993896484375 267.76251220703125 268.587493896484375 262.743743896484375 253.537506103515625 242.2062530517578125 226.693756103515625 210.931243896484375 203.0749969482421875 192.337493896484375 191.9812469482421875 180.9187469482421875 172.40625 163.725006103515625 156.59375 150.625 147.7687530517578125 137.100006103515625 132.337493896484375 133.9562530517578125 129.875 131.399993896484375 130.8249969482421875 123.65625 121.2687530517578125 123.21875 124.13124847412109375 122.8125 126.81874847412109375 122.43125152587890625 116.6750030517578125 113.36875152587890625 112.34999847412109375 112.09999847412109375 110.41249847412109375 109.40625 105.8125 102.46250152587890625 100.03125 99.4812469482421875 100.02500152587890625 97.19374847412109375
260.662506103515625 261.850006103515625 261.350006103515625 262.756256103515625 263.518768310546875 261.681243896484375 252.3562469482421875 241.756256103515625 229.1437530517578125 217.71875 202.125 183.993743896484375 179.337493896484375 171.25 164.337493896484375 158.40625 149.3312530517578125 147.8874969482421875 145.850006103515625 139.8187408447265625 134.1062469482421875 127.53749847412109375 121.46875 123.13124847412109375 121.625 119.7375030517578125 117.41249847412109375 118.13124847412109375 117.2375030517578125 117.0437469482421875 118.9875030517578125 115.08750152587890625 112.4562530517578125 109.27500152587890625 107.0437469482421875 108.18125152587890625 108.16249847412109375 108.0437469482421875 105.09375 104.40625 103.71250152587890625 101.11875152587890625 97.3000030517578125 92.0187530517578125
254.9875030517578125 256.98126220703125 255.337493896484375 258.48748779296875 258.399993896484375 256.83123779296875 249.6750030517578125 234.2312469482421875 217.5124969482421875 206.600006103515625 196.5812530517578125 182.46875 167.024993896484375 161.3562469482421875 152.412506103515625 146.6374969482421875 142.9875030517578125 141.9812469482421875 140.1062469482421875 140.40625 138.7687530517578125 130.3249969482421875 119.21250152587890625 111.34375 115.5749969482421875 120.375 118.875 116.9499969482421875 111.93125152587890625 111.68125152587890625 112.02500152587890625 111.71250152587890625 110.4375 106.75624847412109375 106.38124847412109375 106.33750152587890625 106.8000030517578125 104.3625030517578125 106.50624847412109375 104.49375152587890625 101.1062469482421875 97.5625 96.02500152587890625 88.3125
247.9937591552734375 247.3625030517578125 246.837493896484375 250.78125 252.556243896484375 251.1875 246.3625030517578125 231.9812469482421875 212.337493896484375 195.40625 183.7687530517578125 175.5812530517578125 158.568756103515625 150.0812530517578125 147.368743896484375 139.3937530517578125 135.899993896484375 134.96875 134.0749969482421875 136.5749969482421875 139.587493896484375 133.28125 126.15000152587890625 115.96875 113.0187530517578125 108.59375 107.88124847412109375 108.90625 106.7624969482421875 105.84999847412109375 103.36249542236328125 103.1687469482421875 103.5500030517578125 102.69374847412109375 104.02500152587890625 105.66249847412109375 104.6125030517578125 105.63124847412109375 101.40000152587890625 99.61875152587890625 95.7062530517578125 94.2624969482421875 88.5625 79.94374847412109375
233.568756103515625 236.649993896484375 238.8312530517578125 239.3874969482421875 238.6875 237.90625 230.71875 215.7687530517578125 198.4812469482421875 186.818756103515625 177.3249969482421875 166.375 157.3249969482421875 139.75 132.743743896484375 131.493743896484375 128.306243896484375 128.8000030517578125 128.5500030517578125 128.725006103515625 129.2687530517578125 124.31874847412109375 120.3625030517578125 113.15000152587890625 104.77500152587890625 100.8562469482421875 101.4499969482421875 103.1437530517578125 102.0500030517578125 100.2062530517578125 97.63124847412109375 94.6062469482421875 97 97.40625 98.52500152587890625 101.0812530517578125 104.0187530517578125 107.5 107.69374847412109375 100.9562530517578125 93.1062469482421875 89.15000152587890625 80.65625 74.74375152587890625
221.90625 224.0500030517578125 226.506256103515625 225.850006103515625 223.662506103515625 219.506256103515625 211.818756103515625 199.71875 189.8000030517578125 176.03125 166.2937469482421875 157.7937469482421875 146.3000030517578125 133.7624969482421875 119.27500152587890625 120.59375 116.875 118.53125 117.22499847412109375 118.1875 117.46250152587890625 115.41249847412109375 112.44374847412109375 107.96875 100.7937469482421875 95.99375152587890625 94.93125152587890625 93.6999969482421875 92.6437530517578125 91.40625 92.9187469482421875 91.6750030517578125 90.94374847412109375 91.50624847412109375 93.3249969482421875 99.4375 106.65625 113.81874847412109375 116.09375 108.09999847412109375 91.34375 81.8312530517578125 80.38124847412109375 84.7687530517578125
213.556243896484375 212.618743896484375 212.368743896484375 212.78125 208.2687530517578125 202.212493896484375 199.287506103515625 187.975006103515625 176.6999969482421875 164.34375 154.8625030517578125 145.3937530517578125 136.9499969482421875 127.6875 109.99375152587890625 107.3312530517578125 105.03125 105.875 105.68125152587890625 107.5187530517578125 109.125 107.125 104.91249847412109375 104.0437469482421875 100.9187469482421875 97.7312469482421875 96.0749969482421875 93.18125152587890625 92.6374969482421875 92.34999847412109375 89.2687530517578125 89.1125030517578125 91.9812469482421875 90.96875 88.33750152587890625 93.08750152587890625 105.9375 119.3562469482421875 123.3000030517578125 114.49375152587890625 103.15000152587890625 95.15625 98.11875152587890625 94.3249969482421875
200.6125030517578125 200.100006103515625 200.4562530517578125 198.0500030517578125 194.837493896484375 192.5625 183.6125030517578125 173.756256103515625 164.3000030517578125 155.8937530517578125 145.2937469482421875 137.09375 129.75 121.16249847412109375 107.11875152587890625 91.06874847412109375 91.63124847412109375 94.4875030517578125 94.03749847412109375 96.5625 97.5187530517578125 98.5187530517578125 98.65000152587890625 103.09375 102.31874847412109375 99.0437469482421875 95.24375152587890625 90.2624969482421875 89.96875 90.18125152587890625 92.72499847412109375 88.84375 86.7937469482421875 84.68125152587890625 83.47499847412109375 96.21250152587890625 107.2312469482421875 119.2312469482421875 127.0625 128.0124969482421875 122.46875 114.21250152587890625 107.8000030517578125 98.625
188.5437469482421875 188.3249969482421875 189.3937530517578125 188.7687530517578125 186.8312530517578125 179.46875 173.46875 164.5437469482421875 155.9875030517578125 148.1062469482421875 139.006256103515625 129.7687530517578125 121.15000152587890625 114.9562530517578125 108.58750152587890625 96.6374969482421875 84.9187469482421875 83.11875152587890625 87.3312530517578125 89.1875 89.71875 91.46875 95.03749847412109375 102.23749542236328125 105.25624847412109375 95.94374847412109375 88.6750030517578125 84.5500030517578125 86.25 89.15000152587890625 92.1875 94.0749969482421875 91.4375 90.0749969482421875 98.31874847412109375 106.1062469482421875 119.91249847412109375 137.274993896484375 149.25 139.3125 130.5124969482421875 118.74375152587890625 106.31874847412109375 99.15000152587890625
177.1999969482421875 179.8125 178.9499969482421875 180.0500030517578125 177.912506103515625 168.9875030517578125 161.899993896484375 155.1062469482421875 147.181243896484375 136.0749969482421875 128.15625 122.9875030517578125 115.53749847412109375 109.7312469482421875 106.0187530517578125 99.40625 89.21250152587890625 76.8562469482421875 82.3937530517578125 83.36875152587890625 83.71875 84.9187469482421875 91.30625152587890625 97.4875030517578125 99.4875030517578125 90.625 83.2062530517578125 81.21250152587890625 83.90625 84.90625 83.53749847412109375 84.3562469482421875 97.4499969482421875 103.06874847412109375 103.6999969482421875 116.4499969482421875 133.5 144.71875 150.274993896484375 142.8874969482421875 126.6437530517578125 115.06874847412109375 103.53749847412109375 96.5749969482421875
166.78125 169.46875 167.056243896484375 166.681243896484375 166.8312530517578125 160.318756103515625 151.5812530517578125 146.5 140.256256103515625 130.475006103515625 122.59999847412109375 114.81874847412109375 109.3000030517578125 105.9250030517578125 99.2062530517578125 95.8000030517578125 89.86875152587890625 80.74375152587890625 74.59999847412109375 74.1875 78.1875 85.5187530517578125 77.34375 84.58750152587890625 87.71250152587890625 86.6062469482421875 82.68125152587890625 79.4250030517578125 82.4499969482421875 84.6750030517578125 85.26874542236328125 88.08750152587890625 97.8125 101.0187530517578125 104.9499969482421875 115.46250152587890625 124.4875030517578125 131.6125030517578125 136.96875 127.97499847412109375 118.71250152587890625 106.8312530517578125 98.4875030517578125 92.2937469482421875
