data/historical-monthly-weather-data/wc2.1_cruts4.09_10m_prec_1992-02.asc
ncols        51
nrows        45
xllcorner    -63.500000000000
yllcorner    -7.500000000000
cellsize     0.166666666667
NODATA_value -9999
[rows 20 to 39 of 45, columns 0 to 44 of 51]
193.7687530517578125 198.0437469482421875 205.2937469482421875 213.5437469482421875 224.287506103515625 234.975006103515625 246.587493896484375 258.412506103515625 269.29998779296875 279.212493896484375 288.01251220703125 298.35626220703125 309.88751220703125 320.35626220703125 311.881256103515625 294.693756103515625 280.162506103515625 268.868743896484375 264.71875 260.61248779296875 253.337493896484375 244.506256103515625 235.368743896484375 230.9562530517578125 227.743743896484375 225.7937469482421875 227.850006103515625 230.431243896484375 233.993743896484375 237.806243896484375 236.493743896484375 229.243743896484375 211.3000030517578125 189.5625 170.118743896484375 179.037506103515625 197.96875 212.2375030517578125 219.993743896484375 222.037506103515625 219.5124969482421875 215.84375 212.71875 209.4562530517578125 207.0437469482421875
191.118743896484375 196.943756103515625 205.4499969482421875 216.1125030517578125 227.2375030517578125 238.881256103515625 251.037506103515625 263.39373779296875 274.162506103515625 281.73748779296875 287.04998779296875 292.1875 297.806243896484375 301.8125 300.006256103515625 291.51873779296875 281.98126220703125 272.975006103515625 266.993743896484375 262.04376220703125 251.725006103515625 241.9499969482421875 234.6687469482421875 229.8625030517578125 226.90625 225.9812469482421875 229.375 232.881256103515625 237.7375030517578125 243.225006103515625 245.0749969482421875 239.0812530517578125 223.2687530517578125 206.524993896484375 194.84375 199.2937469482421875 211.818756103515625 221.256256103515625 224.850006103515625 224.2562408447265625 221.3874969482421875 218.100006103515625 214.4812469482421875 210.587493896484375 208.3312530517578125
191.2624969482421875 198.75 207.412506103515625 218.818756103515625 230.4187469482421875 243.318756103515625 254.6437530517578125 267.57501220703125 278.71875 282.63751220703125 283.15625 282.71875 282.350006103515625 284.787506103515625 287.912506103515625 286 280.60626220703125 273.881256103515625 267.181243896484375 260.10626220703125 249.6687469482421875 238.9937591552734375 230.5625 225.7062530517578125 223.9250030517578125 224.375 228.4812469482421875 233.3312530517578125 239.975006103515625 247.6999969482421875 253.0625 252.9187469482421875 239.193756103515625 227.0749969482421875 222.65625 226.899993896484375 232.631256103515625 235.28125 233.5187530517578125 228.3249969482421875 223.4499969482421875 219.71875 215.6750030517578125 211.693756103515625 209.681243896484375
194.625 202.087493896484375 211.2062530517578125 221.537506103515625 233.4187469482421875 246.03125 258.01873779296875 269.13751220703125 278.806243896484375 280.256256103515625 278.943756103515625 276 269.98126220703125 274.118743896484375 279.625 280.162506103515625 277.243743896484375 272.556243896484375 266.01251220703125 258.14373779296875 246.7062530517578125 235.34375 226.1374969482421875 221.6125030517578125 220.5437469482421875 220.443756103515625 226.462493896484375 233.21875 240.34375 249.6062469482421875 257.068756103515625 259.412506103515625 250.5749969482421875 243.4187469482421875 242.993743896484375 248.375 250.1999969482421875 245.6437530517578125 239.118743896484375 231.5 225.337493896484375 220.5 216.443756103515625 213.0625 212.4562530517578125
201.8562469482421875 207.881256103515625 216.3625030517578125 226.962493896484375 239.431243896484375 249.725006103515625 260.287506103515625 269.58123779296875 275.67498779296875 277.743743896484375 276.90625 274.587493896484375 272.443756103515625 274.118743896484375 276.45001220703125 277.743743896484375 276.83123779296875 272.23126220703125 265.61248779296875 257.15625 245.306243896484375 232.375 221.4375 216.15625 214.837493896484375 218.2937469482421875 224.443756103515625 232.6750030517578125 240.243743896484375 249.21875 256.23126220703125 259.36248779296875 255.84375 252.8125 253.2624969482421875 254.243743896484375 253.337493896484375 247.568756103515625 240.0187530517578125 232.118743896484375 225.5 220.475006103515625 216.8874969482421875 214.8937530517578125 214.0124969482421875
214.625 219.5500030517578125 225.9250030517578125 235.375 246.4187469482421875 255.350006103515625 262.962493896484375 270.15625 274.76251220703125 276.850006103515625 276.774993896484375 276.375 276.681243896484375 276.875 278.399993896484375 278.600006103515625 277.712493896484375 272.96875 267 258.17498779296875 245.100006103515625 230.1125030517578125 216.7937469482421875 209.412506103515625 210.837493896484375 216.056243896484375 224.912506103515625 232.4812469482421875 240.3937530517578125 248 254.256256103515625 258.287506103515625 257.32501220703125 256.443756103515625 256.76251220703125 255.2562408447265625 252.368743896484375 246.943756103515625 238.368743896484375 230.787506103515625 224.368743896484375 219.774993896484375 216.0124969482421875 214.5 215.8249969482421875
230.3937530517578125 233.9875030517578125 238.3125 246.1062469482421875 253.8312530517578125 259.70001220703125 265.79998779296875 269.975006103515625 273.806243896484375 276.662506103515625 278.068756103515625 278.537506103515625 279.71875 280.71875 281.443756103515625 282.287506103515625 281.04998779296875 276.524993896484375 269.98748779296875 260.6875 246.868743896484375 231.7375030517578125 216.3249969482421875 207.5 211.787506103515625 217.875 226.4250030517578125 234.1374969482421875 240.931243896484375 247.9187469482421875 254.2375030517578125 257.350006103515625 257.125 258.48748779296875 257.350006103515625 255.2375030517578125 251.818756103515625 245.725006103515625 238.056243896484375 230.350006103515625 223.587493896484375 218.78125 214.9187469482421875 213.2312469482421875 217.0437469482421875
247.631256103515625 249.1687469482421875 252.125 256.712493896484375 261.118743896484375 263.98748779296875 268.46875 272.51873779296875 275.443756103515625 278.54376220703125 279.756256103515625 280.743743896484375 281.91876220703125 283.04998779296875 284.41876220703125 285.8125 284.70623779296875 281.61248779296875 274.82501220703125 266.29376220703125 253.443756103515625 238.8312530517578125 226.743743896484375 219.243743896484375 219.368743896484375 223.6437530517578125 230.806243896484375 237.693756103515625 243.5187530517578125 249.912506103515625 255.462493896484375 259.15625 260.287506103515625 259.39373779296875 257.63751220703125 255.162506103515625 250.318756103515625 245.1999969482421875 237.2687530517578125 229.100006103515625 222.28125 218.131256103515625 214.4499969482421875 213.7624969482421875 219.681243896484375
263.20623779296875 264.056243896484375 264.337493896484375 266.25 268.48126220703125 269.431243896484375 272.056243896484375 274.48126220703125 277.462493896484375 280.5 281.88751220703125 282.89373779296875 283.774993896484375 286.149993896484375 288.40625 291.10626220703125 291.699981689453125 287.85626220703125 282.868743896484375 274.36248779296875 262.725006103515625 249.1125030517578125 239.443756103515625 232.975006103515625 230.125 231.375 237.3249969482421875 242.9187469482421875 248.8625030517578125 254.28125 258.17498779296875 262 261.774993896484375 260.48126220703125 258.96875 255.09375 250.9812469482421875 245.9499969482421875 239.149993896484375 230.0749969482421875 221.2624969482421875 216.7375030517578125 215.3874969482421875 217.431243896484375 224.96875
273.29376220703125 272.20001220703125 271.23126220703125 271.100006103515625 272.631256103515625 273.04376220703125 274.131256103515625 275.693756103515625 277.625 280.73748779296875 282.806243896484375 285.1875 287.231231689453125 290.543731689453125 293.85626220703125 295.78125 297.649993896484375 296.61248779296875 292.4375 283.76251220703125 271.88751220703125 260.212493896484375 251.46875 244.787506103515625 240.8562469482421875 240.78125 245.0625 249.193756103515625 253.8687591552734375 257.912506103515625 262.14373779296875 265.61248779296875 264.57501220703125 263.51873779296875 261.39373779296875 258.15625 253.4812469482421875 249.3625030517578125 241.7624969482421875 233.15625 227.506256103515625 225.212493896484375 224.162506103515625 227.4812469482421875 231.399993896484375
280.118743896484375 278.20623779296875 275.11248779296875 274.26251220703125 274.087493896484375 274.649993896484375 275.33123779296875 276.75 278.4375 280.79376220703125 284.70001220703125 288.61248779296875 292.462493896484375 295.125 298.0625 301.375 304.181243896484375 304.48748779296875 302.3125 293.774993896484375 281.92498779296875 270.243743896484375 261.36248779296875 254.756256103515625 250.6062469482421875 249.96875 252.8249969482421875 256.181243896484375 259.71875 262.806243896484375 266.243743896484375 269.381256103515625 269.38751220703125 268.60626220703125 266.88751220703125 262.26251220703125 258.09375 254.7937469482421875 247.256256103515625 238.5187530517578125 234.225006103515625 234.8312530517578125 235.4250030517578125 236.71875 240.7687530517578125
282.212493896484375 280.08123779296875 276.943756103515625 275.725006103515625 274.48126220703125 274.26873779296875 275.1875 275.4375 276.98748779296875 280.53125 284.625 290.024993896484375 295.399993896484375 299.943756103515625 303.23748779296875 307.506256103515625 308.212493896484375 307.899993896484375 305.712493896484375 299.59375 289.17498779296875 279.0625 269.82501220703125 263.875 260.32501220703125 258.89373779296875 260.431243896484375 262.943756103515625 265.79998779296875 269.037506103515625 271.98748779296875 274.21875 274.38751220703125 273.53125 272.29376220703125 268.04376220703125 264.243743896484375 260.375 252.975006103515625 247.5 245.993743896484375 247.556243896484375 248.7624969482421875 251.274993896484375 256.818756103515625
277.493743896484375 275.975006103515625 273.899993896484375 272.443756103515625 270.58123779296875 270.287506103515625 270.10626220703125 270.76251220703125 273.399993896484375 278.024993896484375 284.725006103515625 291.475006103515625 299.725006103515625 306.568756103515625 310.01251220703125 311.90625 311.63751220703125 311.59375 308 302.743743896484375 294.41876220703125 284.88751220703125 276.48126220703125 270.8125 267.85626220703125 266.60626220703125 267.51873779296875 270.23126220703125 272.79998779296875 275.07501220703125 278.14373779296875 279.756256103515625 279.64373779296875 279.943756103515625 279.76251220703125 276.9375 273.318756103515625 268.61248779296875 262.65625 261.5 261.306243896484375 263.631256103515625 266.86248779296875 271.61248779296875 282.475006103515625
272.35626220703125 270.475006103515625 268.712493896484375 267.96875 266.16876220703125 264.962493896484375 264.66876220703125 265.524993896484375 267.26251220703125 272.71875 281.14373779296875 291.806243896484375 303.8125 312.399993896484375 315.65625 316.587493896484375 315.399993896484375 314.1875 310.46875 305.556243896484375 297.431243896484375 288.375 281.225006103515625 276.16876220703125 273.962493896484375 273.043731689453125 274.0625 276.15625 279.04376220703125 281.76251220703125 284.61248779296875 286.26251220703125 287.42498779296875 287.88751220703125 287.243743896484375 285.368743896484375 282 278.100006103515625 274.79998779296875 274.86248779296875 275.23126220703125 279.087493896484375 285.65625 292.649993896484375 305.131256103515625
266.83123779296875 265.71875 264.318756103515625 262.5625 261.45001220703125 260.1875 258.587493896484375 258.40625 259.493743896484375 264.83123779296875 276.01873779296875 291.837493896484375 308.25 319.35626220703125 321.462493896484375 321.07501220703125 318.125 315.65625 312.725006103515625 307.23748779296875 300.51251220703125 291.42498779296875 284.306243896484375 279.42498779296875 278.3125 277.350006103515625 279.15625 281.91876220703125 284.91876220703125 288.006256103515625 290.087493896484375 293.118743896484375 294.600006103515625 295.98126220703125 295.756256103515625 293.32501220703125 289.787506103515625 288.92498779296875 287.818756103515625 287.056243896484375 288.42498779296875 292.15625 299.118743896484375 307.14373779296875 318.25
261.443756103515625 260.88751220703125 259.306243896484375 256.962493896484375 255.1437530517578125 254.34375 252.399993896484375 250.962493896484375 250.756256103515625 255.4250030517578125 268.58123779296875 287.65625 307.524993896484375 320.98126220703125 323.431243896484375 322.962493896484375 320.84375 317.850006103515625 312.943756103515625 308.32501220703125 301.4375 293.818756103515625 286.29998779296875 282.54376220703125 280.63751220703125 280.01873779296875 282.1875 286.51251220703125 289.84375 292.556243896484375 295.5625 298.868743896484375 301.662506103515625 303.975006103515625 303.40625 300.63751220703125 300.125 298.162506103515625 296.79376220703125 297.649993896484375 300.3125 303.181243896484375 308.32501220703125 316.51251220703125 324.95001220703125
257.256256103515625 256.712493896484375 254.375 253.431243896484375 251.25 250.15625 248.0749969482421875 245.75 243.506256103515625 242.4499969482421875 260.475006103515625 287.33123779296875 306.92498779296875 318.98126220703125 323.20623779296875 323.25 321.693756103515625 318.368743896484375 314.38751220703125 308.66876220703125 301.34375 293.48126220703125 286.556243896484375 283.149993896484375 281.26251220703125 281.42498779296875 284.23126220703125 288.66876220703125 293.399993896484375 296.42498779296875 299.774993896484375 303.29376220703125 307.712493896484375 310.931243896484375 311.92498779296875 311.306243896484375 309.40625 307.524993896484375 306.568756103515625 306.743743896484375 308.037506103515625 311.225006103515625 316.07501220703125 323.024993896484375 330.13751220703125
253.3000030517578125 252.975006103515625 251.037506103515625 249.7687530517578125 248.462493896484375 247.4562530517578125 246.21875 244.818756103515625 244.6062469482421875 242.2062530517578125 270.14373779296875 298.412506103515625 311.725006103515625 319.48748779296875 323.318756103515625 323.618743896484375 320.89373779296875 317.78125 312.5625 305.943756103515625 299.037506103515625 291.006256103515625 285.11248779296875 282.056243896484375 281.087493896484375 281.83123779296875 284.98126220703125 290.42498779296875 295.875 300.32501220703125 302.89373779296875 307.056243896484375 312.193756103515625 316.931243896484375 318.51873779296875 318.912506103515625 317.475006103515625 316.16876220703125 315.21875 314.524993896484375 314.42498779296875 317.32501220703125 320.4375 325.412506103515625 331.931243896484375
251.368743896484375 250.25 248.306243896484375 248.28125 247.09375 247.350006103515625 248.6999969482421875 250.9499969482421875 256.975006103515625 273.28125 304.78125 314.20623779296875 318.38751220703125 322.881256103515625 325.46875 324.037506103515625 321.4375 316.82501220703125 309.98126220703125 302.850006103515625 294.66876220703125 286.774993896484375 282.20001220703125 279.23126220703125 278.743743896484375 281 284.70623779296875 290.399993896484375 296.61248779296875 301.193756103515625 305.631256103515625 309.462493896484375 314.01873779296875 318.649993896484375 323.024993896484375 323.28125 321.29998779296875 320.82501220703125 318.90625 315.818756103515625 315.39373779296875 316.70001220703125 319.26251220703125 322.975006103515625 328.243743896484375
249.806243896484375 248.4250030517578125 247.087493896484375 246.5 246.149993896484375 248.0812530517578125 250.71875 256.868743896484375 266.95623779296875 284.42498779296875 304.287506103515625 315.34375 321.9375 325.95001220703125 327.243743896484375 326.125 322.943756103515625 316.931243896484375 308.38751220703125 300.58123779296875 289.86248779296875 281.60626220703125 276.462493896484375 274.256256103515625 276.068756103515625 278.993743896484375 283.66876220703125 289.88751220703125 296.79998779296875 301.75 305.806243896484375 311.9375 318.70001220703125 322.84375 325.41876220703125 325.962493896484375 323.787506103515625 321.95623779296875 320.11248779296875 315.818756103515625 314.068756103515625 314.943756103515625 316.29376220703125 317.73748779296875 322.48126220703125
