data/historical-monthly-weather-data/wc2.1_cruts4.09_10m_prec_1992-10.asc
ncols        45
nrows        45
xllcorner    -63.500000000000
yllcorner    -7.500000000000
cellsize     0.166666666667
NODATA_value -9999
[rows 0 to 18 of 45, columns 0 to 43 of 45]
125.36875152587890625 123.8000030517578125 119.99375152587890625 117.91249847412109375 114.8874969482421875 110.55625152587890625 104.6687469482421875 99.22499847412109375 94.86875152587890625 91.72499847412109375 90.0437469482421875 89.36875152587890625 88.5 86.72499847412109375 86.6374969482421875 86.6750030517578125 86.6374969482421875 85.8562469482421875 85.6062469482421875 85.08750152587890625 83.80625152587890625 82.0437469482421875 80.66249847412109375 79.8937530517578125 79.5124969482421875 79.59999847412109375 80.8562469482421875 82.55625152587890625 84.22499847412109375 83.5187530517578125 82.68125152587890625 81.88124847412109375 80.7937469482421875 79.875 79.1687469482421875 78.2312469482421875 77.15000152587890625 75.9875030517578125 75.1750030517578125 74.2624969482421875 73.4499969482421875 73.24375152587890625 72.52500152587890625 71.19374847412109375
123.1437530517578125 122.5500030517578125 121.75624847412109375 122.6999969482421875 123.4562530517578125 118.8249969482421875 113.38124847412109375 109.09999847412109375 105.81874847412109375 102.5124969482421875 99.6875 97.7062530517578125 95.6374969482421875 93.3312530517578125 92.3125 91.75624847412109375 90.58750152587890625 90.63124847412109375 91.09999847412109375 91.47499847412109375 89.91249847412109375 88.34999847412109375 86.9562530517578125 85.9499969482421875 85.0500030517578125 84.18125152587890625 85.09375 86.19374847412109375 86.8625030517578125 84.7062530517578125 83.375 82.3874969482421875 81.29375457763671875 80.56874847412109375 79.33750152587890625 77.75624847412109375 76.5437469482421875 74.93125152587890625 73.9499969482421875 72.72499847412109375 71.78125 71.59999847412109375 70.9562530517578125 69.5812530517578125
117.13124847412109375 117.47499847412109375 117.74375152587890625 120.2312469482421875 122.46250152587890625 120.6125030517578125 118.6125030517578125 117.5 116.1750030517578125 113.59375 110.18125152587890625 106.9375 103.71250152587890625 100.3312530517578125 98.47499847412109375 97.0187530517578125 95.6437530517578125 95.09999847412109375 94.84375 94.61875152587890625 92.6750030517578125 91.22499847412109375 89.59999847412109375 88.03125 86.6437530517578125 85.6687469482421875 86.06874847412109375 86.78125 86.43125152587890625 84.4250030517578125 83.125 81.59375 80.2624969482421875 79.4499969482421875 78.25 76.4499969482421875 74.625 72.9250030517578125 71.875 70.46250152587890625 69.28749847412109375 69.0437469482421875 68.52500152587890625 67.6062469482421875
109.9499969482421875 110.31874847412109375 112.53125 114.75624847412109375 118.15625 119.34375 121.41249847412109375 124.16249847412109375 126.21875 125.2687530517578125 120.90000152587890625 115.90625 111.13124847412109375 106.9250030517578125 104.8874969482421875 102.65000152587890625 100.59375 99.51874542236328125 98.6125030517578125 97.8125 95.65000152587890625 93.28125 90.8125 89.0500030517578125 87.22499847412109375 85.65625 85.65000152587890625 85.72499847412109375 85.21875 83.08750152587890625 81.59999847412109375 80.2937469482421875 78.3312530517578125 76.8312530517578125 75.0625 73.77500152587890625 72.05625152587890625 70.0812530517578125 68.9562530517578125 67.4875030517578125 65.6437530517578125 65.53125 65.21250152587890625 64.71250152587890625
107.8562469482421875 105.81874847412109375 105.6875 108.09375 112.875 117.0437469482421875 121.9375 127.76250457763671875 134.0749969482421875 136.693756103515625 130.46875 122.63124847412109375 117.0500030517578125 112.90000152587890625 110.18125152587890625 107.3874969482421875 105.1687469482421875 102.7937469482421875 100.91249847412109375 99.3562469482421875 97.3249969482421875 94.3937530517578125 91.50624847412109375 89.53749847412109375 87.3000030517578125 85.38124847412109375 84.5124969482421875 84.5437469482421875 84.19374847412109375 81.40625 79.6062469482421875 77.9499969482421875 76.15000152587890625 74.375 72.68125152587890625 70.8937530517578125 68.9875030517578125 67.02500152587890625 65.4875030517578125 63.71875 61.668750762939453125 61.21250152587890625 61.22499847412109375 60.91249847412109375
105.74375152587890625 103.7375030517578125 101.44374847412109375 100.6062469482421875 106.0812530517578125 112.28125 117.81874847412109375 123.96875 130.9875030517578125 136.28125 129.2624969482421875 121.8625030517578125 117.65625 114.09999847412109375 111.5812530517578125 109.7062530517578125 107.28125 104.50624847412109375 102.41249847412109375 100.3125 97.9562530517578125 95.0749969482421875 92.16249847412109375 89.15000152587890625 86.5124969482421875 84.09375 82.7375030517578125 81.96250152587890625 81.65000152587890625 78.80625152587890625 76.9499969482421875 75.81874847412109375 73.7312469482421875 71.9812469482421875 70.25 68.6062469482421875 66.6875 65.0187530517578125 63.84375 61.36875152587890625 58.143749237060546875 57.66249847412109375 57.418750762939453125 57.40000152587890625
106 103.63124847412109375 101.09999847412109375 99.4375 102.7624969482421875 107.03749847412109375 111.3000030517578125 115.0625 118.22499847412109375 119.46875 118.80625152587890625 116.9250030517578125 115.49375152587890625 113.9499969482421875 112.24375152587890625 111 109.1750030517578125 105.8125 102.9250030517578125 100.8125 98.4875030517578125 95.6437530517578125 92.36875152587890625 89.0124969482421875 85.8874969482421875 82.8937530517578125 81.34999847412109375 79.91249847412109375 78.53749847412109375 76.1875 74.41249847412109375 72.9499969482421875 70.80625152587890625 69.15000152587890625 67.58750152587890625 65.5812530517578125 63.65625 61.9375 61.262500762939453125 57.8125 54.09999847412109375 52.90000152587890625 52.65000152587890625 52.86875152587890625
107.1374969482421875 104.21875 102.6437530517578125 102.4562530517578125 103.68125152587890625 105.9375 106.5124969482421875 105.1125030517578125 102.3562469482421875 102.84999847412109375 107.2624969482421875 110.21875 112.30625152587890625 112.90000152587890625 112.8625030517578125 112.09375 110.6687469482421875 107.0625 103.8562469482421875 101.6875 99.3937530517578125 96.2624969482421875 92.78125 89.1062469482421875 85.4250030517578125 81.59375 79.31874847412109375 77.05625152587890625 75.125 72.34999847412109375 70.8125 69.66249847412109375 67.7062530517578125 66.1062469482421875 64.21875 62.00624847412109375 59.418750762939453125 57.21875 55.206249237060546875 51.875 48.168750762939453125 46.674999237060546875 45.90625 45.65000152587890625
109.15625 106.96875 106.33750152587890625 106.03125 106.65625 107.0812530517578125 105.93125152587890625 101.63124847412109375 94.65000152587890625 92.6687469482421875 99.6437530517578125 105.2624969482421875 109.5124969482421875 111.38124847412109375 111.9499969482421875 111.81874847412109375 110.71875 108.3249969482421875 106.15625 103.75 100.9375 97.77500152587890625 93.25624847412109375 89.56874847412109375 84.93125152587890625 80.21250152587890625 76.96250152587890625 75.02500152587890625 72.96250152587890625 69.8874969482421875 68.3937530517578125 67.1750030517578125 64.88124847412109375 62.856250762939453125 60.65000152587890625 58.53125 56.0625 53.15000152587890625 50.262500762939453125 46.893749237060546875 43.174999237060546875 41.15625 39.987499237060546875 38.80625152587890625
111.71250152587890625 109.8874969482421875 109.25624847412109375 109.5500030517578125 110.40625 110.40000152587890625 108.53749847412109375 103.84999847412109375 98.3249969482421875 96.5187530517578125 99.7375030517578125 103.8312530517578125 108.27500152587890625 110.90000152587890625 111.7062530517578125 111.8000030517578125 110.86875152587890625 109.6437530517578125 108.36875152587890625 107.2624969482421875 103.75 99.66249847412109375 94.2687530517578125 89.1999969482421875 83.25624847412109375 78.05625152587890625 75.02500152587890625 72.44374847412109375 70.3937530517578125 67.56874847412109375 65.5187530517578125 64.28125 61.950000762939453125 59.93125152587890625 57.88124847412109375 55.53749847412109375 52.68125152587890625 49.456249237060546875 46.268749237060546875 42.43125152587890625 38.575000762939453125 36.206249237060546875 34.1875 32.46875
114.52500152587890625 112.78749847412109375 112.09999847412109375 112.49375152587890625 113.53749847412109375 115.24375152587890625 113.94374847412109375 108.75624847412109375 104.09999847412109375 102.2624969482421875 103.3312530517578125 105.78749847412109375 108.51874542236328125 111.28749847412109375 111.91249847412109375 111.5437469482421875 111.08750152587890625 110.7062530517578125 110.5437469482421875 110.38124847412109375 107.7624969482421875 102.3874969482421875 95.59375 88.22499847412109375 82.3000030517578125 77.25624847412109375 74.21250152587890625 71.50624847412109375 68.66249847412109375 65.875 63.84999847412109375 62.38124847412109375 60.018749237060546875 57.78125 55.293750762939453125 52.5625 49.512500762939453125 45.84999847412109375 42.34999847412109375 38.331249237060546875 34.33750152587890625 31.725000381469726562 29.575000762939453125 27.306249618530273438
117.36875152587890625 115.5 115.0187530517578125 115.8249969482421875 117.2687530517578125 119.53749847412109375 119.5187530517578125 113.75624847412109375 109.6374969482421875 107.3312530517578125 107.00624847412109375 108.2062530517578125 109.4375 111.34375 112.28749847412109375 111.8562469482421875 111.65000152587890625 111.6062469482421875 111.8937530517578125 112.8000030517578125 111.6062469482421875 105.65625 97.6062469482421875 89.1750030517578125 81.88124847412109375 75.81874847412109375 72.21875 69.9499969482421875 67.6750030517578125 65.2312469482421875 62.799999237060546875 61.06874847412109375 58.33750152587890625 55.90625 53.450000762939453125 50.50624847412109375 47.21875 43.68125152587890625 39.75 35.58750152587890625 31.268749237060546875 28.506250381469726562 26.243749618530273438 24.15625
119.6062469482421875 117.93125152587890625 117.49375152587890625 117.88124847412109375 119.0749969482421875 120.50624847412109375 119.33124542236328125 115.97499847412109375 112.8562469482421875 111.49375152587890625 110.9375 110.56874847412109375 110.96250152587890625 110.83750152587890625 111.51874542236328125 111.88124847412109375 111.43125152587890625 111.8312530517578125 112.4375 113.05625152587890625 112.8874969482421875 107.28125 98.6374969482421875 89.90625 79.8874969482421875 73.1437530517578125 71.27500152587890625 69.0749969482421875 67.16249847412109375 64.66249847412109375 62.08750152587890625 59.71875 57 54.15000152587890625 51.59999847412109375 48.75 45.46875 42.18125152587890625 38.31874847412109375 33.487499237060546875 29.106250762939453125 26.543750762939453125 24.0625 20.806249618530273438
120.8312530517578125 119.0437469482421875 118.6687469482421875 118.77500152587890625 119.15000152587890625 119.83750152587890625 118.8249969482421875 117.1125030517578125 115.50624847412109375 114.15000152587890625 113.28125 112.06874847412109375 111.2312469482421875 110.74375152587890625 110.1374969482421875 110.63124847412109375 110.0812530517578125 110.11875152587890625 110.1875 110.24375152587890625 109.2062530517578125 104.31874847412109375 97.83750152587890625 90.28749847412109375 81.7624969482421875 75.3625030517578125 72.43125152587890625 69.58750152587890625 67.00624847412109375 63.78125 60.793750762939453125 58.40625 55.456249237060546875 52.581249237060546875 50.049999237060546875 47.418750762939453125 44.481250762939453125 41.65000152587890625 37.856250762939453125 33.28125 28.375 24.924999237060546875 22.299999237060546875 19.893749237060546875
120.11875152587890625 118.7312469482421875 117.9812469482421875 118.125 118.375 118.68125152587890625 118.91249847412109375 118.0749969482421875 116.4562530517578125 115.3937530517578125 114.58750152587890625 112.7312469482421875 111.13124847412109375 110.1374969482421875 109.0812530517578125 109.30625152587890625 108.2687530517578125 107.2937469482421875 106.47499847412109375 106.3937530517578125 105.22499847412109375 102.0625 97.8937530517578125 93.1374969482421875 87.36875152587890625 81.31874847412109375 76.4562530517578125 71.90000152587890625 67.81874847412109375 63.53125 59.868747711181640625 57.03749847412109375 54.08750152587890625 51.637500762939453125 49.174999237060546875 46.53749847412109375 44.237499237060546875 42.543750762939453125 40.075000762939453125 35.59375 30.325000762939453125 26.462499618530273438 23.5625 21.043750762939453125
118.2624969482421875 116.9250030517578125 116.59375 116.9250030517578125 117.1999969482421875 118.03749847412109375 118.4250030517578125 117.8625030517578125 116.8562469482421875 116.09999847412109375 114.6875 111.72499847412109375 109.65000152587890625 108.40625 107.7062530517578125 107.06874847412109375 104.90000152587890625 103.40000152587890625 102.22499847412109375 101.59999847412109375 100.375 99.19374847412109375 97.9187469482421875 96.72499847412109375 92.84375 86.74375152587890625 80.8312530517578125 74.78749847412109375 69.08750152587890625 63.424999237060546875 59.05625152587890625 55.49375152587890625 52.33750152587890625 49.96250152587890625 47.31874847412109375 44.575000762939453125 43.700000762939453125 42.862499237060546875 41.862499237060546875 38.30625152587890625 33.893749237060546875 29.556249618530273438 25.762500762939453125 22.450000762939453125
115 114.16249847412109375 114.78125 115.69374847412109375 116.1374969482421875 117.1687469482421875 117.91249847412109375 117.8312530517578125 117.0749969482421875 115.71250152587890625 113.8874969482421875 110.3125 107.1374969482421875 104.99375152587890625 103.7937469482421875 102.4875030517578125 99.36875152587890625 97.4812469482421875 96.4562530517578125 96.1125030517578125 95.30625152587890625 95.46875 96.9562530517578125 99.1374969482421875 97.99375152587890625 90.5187530517578125 83.90000152587890625 76.2937469482421875 69.05625152587890625 62.68125152587890625 58.112499237060546875 54.956249237060546875 50.66249847412109375 47.018749237060546875 44.09375 42.887500762939453125 42.8125 44.65625 46.456249237060546875 42.47499847412109375 37.80625152587890625 32.8125 27.962499618530273438 24.256250381469726562
110.36875152587890625 110.2312469482421875 111.65000152587890625 112.94374847412109375 113.88124847412109375 115.4562530517578125 116.5 116.4499969482421875 115.72499847412109375 114.61875152587890625 112.85625457763671875 108.40000152587890625 104.2687530517578125 100.78749847412109375 98.63124847412109375 96.34999847412109375 93.1687469482421875 90.84375 90.31874847412109375 89.90625 89.6437530517578125 90.50624847412109375 92.96875 96.40000152587890625 96.53749847412109375 91.125 85.77500152587890625 77.4812469482421875 68.95624542236328125 61.47499847412109375 56.40000152587890625 53.125 50.106250762939453125 47.43125152587890625 43.31874847412109375 39.331249237060546875 41.61875152587890625 44.643749237060546875 45.737499237060546875 43.637500762939453125 39.381252288818359375 34.731250762939453125 30.056249618530273438 26.34375
104.8249969482421875 106.0124969482421875 108.1374969482421875 110.1437530517578125 111.90000152587890625 113.5124969482421875 114.61875152587890625 114.9562530517578125 114.9875030517578125 113.58750152587890625 110.91249847412109375 106.1125030517578125 100.88124847412109375 96.22499847412109375 93.38124847412109375 91.21250152587890625 88.0625 85.3625030517578125 84.7375030517578125 84.1062469482421875 83.9375 86.40625 87.50624847412109375 90.75 91.46250152587890625 89.21250152587890625 84.31874847412109375 76.8937530517578125 69.1374969482421875 60.86875152587890625 54.643749237060546875 53.34375 53.018749237060546875 49.90625 45.97499847412109375 42.78125 43.25 44.40000152587890625 44.700000762939453125 43.143749237060546875 39.93125152587890625 36.762500762939453125 32.21250152587890625 28.581249237060546875
