data/historical-monthly-weather-data/wc2.1_cruts4.09_10m_prec_1966-06.asc
ncols        45
nrows        45
xllcorner    -63.500000000000
yllcorner    -7.500000000000
cellsize     0.166666666667
NODATA_value -9999
[rows 19 to 37 of 45, columns 0 to 42 of 45]
124.13750457763671875 127.69374847412109375 130 130.787506103515625 133.875 139.7375030517578125 141.71875 141.6687469482421875 146.087493896484375 148.125 148.2687530517578125 146.431243896484375 142.21875 137.25 133.3937530517578125 123.1125030517578125 117.44374847412109375 122.0500030517578125 118.46250152587890625 122.97499847412109375 120.8312530517578125 131.0187530517578125 149.0437469482421875 154.21875 150.5625 147.40625 143.649993896484375 147.96875 140.6687469482421875 132.5437469482421875 128.756256103515625 137.9812469482421875 136.600006103515625 131.46875 128.0187530517578125 129.7687530517578125 127.25624847412109375 117.22499847412109375 107.2624969482421875 96.30625152587890625 82.40625 70.75624847412109375 69.00624847412109375
105.6999969482421875 114.71875 120.4375 122.52500152587890625 121.81874847412109375 125.15000152587890625 130.2062530517578125 132.787506103515625 135.975006103515625 137.118743896484375 139.243743896484375 137.431243896484375 133.537506103515625 126.9375 121.1999969482421875 117.9375 112.0625 112.43125152587890625 118.78125 120.80625152587890625 133.4875030517578125 145.399993896484375 159.5500030517578125 168.65625 167.4562530517578125 158.9875030517578125 142.90625 138.46875 134.818756103515625 133.4875030517578125 131.975006103515625 135.506256103515625 125.53125 119.74375152587890625 115.3874969482421875 116.96250152587890625 116.34375 110.0124969482421875 98.7375030517578125 88.06874847412109375 77.84375 68.61875152587890625 65.53749847412109375
94.9250030517578125 98.2624969482421875 105.9187469482421875 111.53749847412109375 113.19374847412109375 114.9812469482421875 118.9812469482421875 121.52500152587890625 124.3625030517578125 128.5749969482421875 130.6374969482421875 127.3312530517578125 123.63124847412109375 121.8562469482421875 120.41249847412109375 113.96875 118.7624969482421875 117.74375152587890625 125.15000152587890625 129.2062530517578125 134.631256103515625 151.7937469482421875 166.068756103515625 165.850006103515625 160.96875 154.46875 149.8312530517578125 139.3000030517578125 138.9875030517578125 137.431243896484375 130.7937469482421875 123.2687530517578125 116.7937469482421875 114.8249969482421875 108.8937530517578125 106.28749847412109375 104.77500152587890625 101.75 93.86875152587890625 84.97499847412109375 75.3125 68.27500152587890625 64.9375
85.0812530517578125 93.4875030517578125 100.5437469482421875 105.5625 107.6687469482421875 108.47499847412109375 106.65625 108.2375030517578125 115.1999969482421875 118.96250152587890625 120.81874847412109375 121.95624542236328125 124.28125 124.9375 123.3125 120.28749847412109375 117.09375 118.43125152587890625 125.03125 133.1875 145.9812469482421875 155.1062469482421875 162.09375 163.193756103515625 165.7312469482421875 159.28125 148.0187530517578125 140.4562530517578125 136.5625 127.9875030517578125 120.9499969482421875 116.4812469482421875 109 103.2687530517578125 102.0812530517578125 96.7687530517578125 92.9187469482421875 91.09375 87.69374847412109375 81.72499847412109375 73.2375030517578125 67.5812530517578125 63.762500762939453125
73.09999847412109375 81.8562469482421875 91.56874847412109375 94.53125 95.94374847412109375 97.375 101.24375152587890625 103.05625152587890625 105.24375152587890625 106.8874969482421875 113.7624969482421875 120.5187530517578125 121.52500152587890625 125.05625152587890625 121.11875152587890625 119.3000030517578125 118.38124847412109375 124.81874847412109375 131.0625 137.9375 149.1062469482421875 162.162506103515625 167.3249969482421875 173.975006103515625 169.2687530517578125 159.5749969482421875 153.993743896484375 137.5500030517578125 127.71875 121.38124847412109375 114.1125030517578125 108.9375 103.4875030517578125 96.25 93.8937530517578125 88.09375 86.02500152587890625 84.3874969482421875 80.40625 74.9812469482421875 68.86875152587890625 64.9812469482421875 62.075000762939453125
61.3125 70.24375152587890625 78.30625152587890625 84.875 88.1999969482421875 90.38124847412109375 93.36875152587890625 97.3625030517578125 99.46875 104.7937469482421875 108.68125152587890625 112.84999847412109375 118.34375 118.1875 115.6374969482421875 115.30625152587890625 117.4375 122.1687469482421875 130.837493896484375 141.75 152.5625 161.9562530517578125 175.2062530517578125 178.4562530517578125 167.8562469482421875 158.1374969482421875 146.6062469482421875 133.881256103515625 122.44374847412109375 116.09375 105.6437530517578125 97.80625152587890625 92.68125152587890625 89.3249969482421875 85.90000152587890625 82.40000152587890625 79.72499847412109375 76.2624969482421875 74.36875152587890625 70.2312469482421875 65.3249969482421875 62.91249847412109375 61.387500762939453125
52.668750762939453125 61.88124847412109375 66.27500152587890625 72.6125030517578125 75.9562530517578125 79.78749847412109375 82.8625030517578125 87.68125152587890625 88.33750152587890625 91.1750030517578125 98.8562469482421875 103.7937469482421875 109.33750152587890625 111.69374847412109375 112.6875 110.96250152587890625 113.9875030517578125 122.6687469482421875 132.493743896484375 139.7687530517578125 151.462493896484375 162.6875 173.84375 174.006256103515625 167.975006103515625 155.3812408447265625 143.087493896484375 130.1750030517578125 115.7624969482421875 107.72499847412109375 97.65625 89.8125 85.03125 81.1750030517578125 77.77500152587890625 76.6687469482421875 74.4375 70.09375 67.0437469482421875 65.2687530517578125 61.200000762939453125 56.206249237060546875 54.84375
42.56874847412109375 46.72499847412109375 52.90000152587890625 58.4375 62.46250152587890625 67.40625 71.71875 73.65625 76.9499969482421875 84.84375 93.22499847412109375 98.60625457763671875 102.7312469482421875 107.28749847412109375 110.1999969482421875 112.56874847412109375 113.9250030517578125 118.6437530517578125 129.4187469482421875 136.96875 145.475006103515625 157.0437469482421875 169.6374969482421875 175.6062469482421875 162.9250030517578125 150.912506103515625 138.78125 123.80625152587890625 109.90625 100.6999969482421875 92.97499847412109375 83 77.65625 74.3312530517578125 71.4875030517578125 69.4250030517578125 68.43125152587890625 64.5500030517578125 60.81874847412109375 59.918750762939453125 57.612499237060546875 54.25 51.31874847412109375
33.40625 34.762500762939453125 39.981250762939453125 44.362499237060546875 48.74375152587890625 54.96250152587890625 60.5 64.18125152587890625 69.43125152587890625 77.69374847412109375 84.77500152587890625 91.4812469482421875 96.0500030517578125 100.3937530517578125 103.4375 106.25624847412109375 108.56874847412109375 116.0437469482421875 122.08750152587890625 132 142.100006103515625 149.9812469482421875 164.09375 163.787506103515625 154.975006103515625 142.7312469482421875 130.6750030517578125 116.2312469482421875 105.8874969482421875 98.34999847412109375 89.40000152587890625 81.18125152587890625 74.58750152587890625 68.33750152587890625 67.03125 64.6750030517578125 63.52500152587890625 59.46875 57.21250152587890625 55.75 53.862499237060546875 52.58750152587890625 47.78749847412109375
24.731250762939453125 25.862499237060546875 29.1875 33.049999237060546875 37.99375152587890625 42.668750762939453125 48.887500762939453125 55.418750762939453125 62.59375 69.5 77.2937469482421875 83.8625030517578125 90.5187530517578125 96.0500030517578125 99.4499969482421875 102.8125 106.99375152587890625 112.28749847412109375 120.61875152587890625 130.0500030517578125 136.3625030517578125 143.037506103515625 151.2062530517578125 149.6125030517578125 142.868743896484375 131.5124969482421875 123.31874847412109375 112.9875030517578125 101.71875 91.9812469482421875 82.8312530517578125 76.3312530517578125 69.6062469482421875 65.65625 62.043750762939453125 59.424999237060546875 58.99375152587890625 54.112499237060546875 52.3125 50.31874847412109375 47.90625 46.081249237060546875 44.33750152587890625
20.087499618530273438 20.168750762939453125 23.143751144409179688 26.350000381469726562 30.274999618530273438 35.956249237060546875 41.862499237060546875 49.56874847412109375 56.299999237060546875 63.893749237060546875 71.65000152587890625 79.27500152587890625 86.69374847412109375 93.13124847412109375 95.77500152587890625 97.96250152587890625 101.24375152587890625 108.78125 112.4187469482421875 116.77500152587890625 126.08750152587890625 133.0749969482421875 140.1750030517578125 138.53125 130.443756103515625 125.08750152587890625 115.91249847412109375 105.3000030517578125 95.4562530517578125 85.74375152587890625 77.7062530517578125 70.9875030517578125 66.00624847412109375 62.262500762939453125 59.46875 55.46250152587890625 55.450000762939453125 50.737499237060546875 46.50624847412109375 46.47499847412109375 43.831249237060546875 42 41.68125152587890625
16.668750762939453125 16.143749237060546875 18.462499618530273438 21.4375 24.90625 30.287500381469726562 36.72499847412109375 43.66249847412109375 50.331249237060546875 58.481250762939453125 66.72499847412109375 73.53125 82.34375 85.44374847412109375 89.4250030517578125 95.16249847412109375 99.47499847412109375 103.1687469482421875 106.96875 112.09375 118.11875152587890625 122.27500152587890625 128.506256103515625 127.7687530517578125 121.6999969482421875 117.2062530517578125 107.90000152587890625 98.84375 89.21875 80.72499847412109375 75.55625152587890625 69.25624847412109375 63.27500152587890625 57.99375152587890625 54.756252288818359375 51.15000152587890625 50 46.643749237060546875 42.83750152587890625 39.47499847412109375 38.118747711181640625 36.71250152587890625 36.25624847412109375
13.962499618530273438 13.1875 14.987500190734863281 17.681249618530273438 21.237499237060546875 26.481250762939453125 32.33750152587890625 38.6875 45.74375152587890625 52.71250152587890625 59.4375 66.90625 73.19374847412109375 80.2062530517578125 85.8562469482421875 90.3874969482421875 91.96250152587890625 95.1437530517578125 99.2687530517578125 104.30625152587890625 109.22499847412109375 114.3000030517578125 116.77500152587890625 114.99375152587890625 112.55625152587890625 107.44374847412109375 100.47499847412109375 92.46250152587890625 83.48749542236328125 79.1999969482421875 72.71250152587890625 66.15625 60.78749847412109375 55.125 51.03125 46.84999847412109375 44.34999847412109375 40.16249847412109375 37.881252288818359375 35.375 34.22499847412109375 33.237499237060546875 32.393749237060546875
14.581250190734863281 13.856249809265136719 15.318750381469726562 17.368749618530273438 19.59375 24.149999618530273438 29.318750381469726562 35.081249237060546875 41.16249847412109375 47.97499847412109375 56.418750762939453125 63.143749237060546875 70.18125152587890625 78.81874847412109375 84.6374969482421875 86.34999847412109375 87.45624542236328125 92.2062530517578125 95.6999969482421875 99.36875152587890625 101.1687469482421875 103.97499847412109375 107.5124969482421875 106.3000030517578125 102.9812469482421875 99.28749847412109375 92.6750030517578125 85.3000030517578125 78.75 74.7937469482421875 69.5749969482421875 62.325000762939453125 57.356250762939453125 53.143749237060546875 48.16249847412109375 43.8125 39.84375 35.831249237060546875 33.768749237060546875 32.88124847412109375 31.643749237060546875 30.418750762939453125 28.950000762939453125
15.512499809265136719 15.018750190734863281 16.268749237060546875 17.475000381469726562 18.856250762939453125 22.5 27.112499237060546875 31.424999237060546875 37.03125 43.16249847412109375 51.356250762939453125 59.91249847412109375 67.53125 74.2624969482421875 78.6875 82.9187469482421875 86.30625152587890625 88.46875 89.25624847412109375 92.24375152587890625 94.74375152587890625 96.24375152587890625 100.2687530517578125 97.0437469482421875 95.11875152587890625 90.4250030517578125 86.3625030517578125 80.1750030517578125 75.72499847412109375 71.2937469482421875 67.08750152587890625 61.68125152587890625 54.33750152587890625 49.106250762939453125 45 40.799999237060546875 36.543750762939453125 32.50624847412109375 30.725000381469726562 29.4375 27.643749237060546875 27.09375 26.074998855590820312
16.90625 16.100000381469726562 17.075000762939453125 18.112499237060546875 18.912500381469726562 21.293750762939453125 24.431249618530273438 28.362499237060546875 33.731250762939453125 39.5625 48.637500762939453125 57.72499847412109375 66.0500030517578125 75.6999969482421875 80.25 82.41249847412109375 83.5437469482421875 82.90625 83.09999847412109375 82.28749847412109375 87.0124969482421875 86.96875 88.6062469482421875 86.3562469482421875 87.375 84.68125152587890625 80.3312530517578125 74.19374847412109375 69.8312530517578125 65.6125030517578125 62.38124847412109375 58.34375 50.86875152587890625 45.50624847412109375 40.5625 37.112499237060546875 32.487499237060546875 30.137498855590820312 27.6875 26.456249237060546875 24.850000381469726562 23.543750762939453125 22.806249618530273438
19.96875 19.043750762939453125 19.625 20.475000381469726562 21.256250381469726562 23.256250381469726562 25.693750381469726562 28.368749618530273438 32.543750762939453125 37.418750762939453125 44.18125152587890625 55.24375152587890625 65.3125 73.6999969482421875 78.49375152587890625 80.9499969482421875 81.18125152587890625 78.27500152587890625 76.97499847412109375 74.84375 76.375 79.52500152587890625 79.78125 77.99375152587890625 78.7687530517578125 76.6062469482421875 72.9875030517578125 68.25624847412109375 65.6687469482421875 61.41249847412109375 57.22499847412109375 53.606250762939453125 47.84999847412109375 42.212497711181640625 36.80625152587890625 33.887500762939453125 31.381250381469726562 28.012500762939453125 26.231250762939453125 25.243749618530273438 23.712499618530273438 22.125 21.143749237060546875
22.350000381469726562 22.206249237060546875 22.149999618530273438 22.96875 23.899999618530273438 25.393749237060546875 27.100000381469726562 29.5625 32.862499237060546875 35.206249237060546875 42.768749237060546875 55.16249847412109375 65.58750152587890625 71.9875030517578125 76.52500152587890625 78.6875 79.3625030517578125 76.90000152587890625 74.4562530517578125 69.74375152587890625 69.2624969482421875 72.3874969482421875 72.1062469482421875 71.28749847412109375 70 68.6374969482421875 67.65625 63.83750152587890625 60.18125152587890625 55.456249237060546875 53.18125152587890625 48.762500762939453125 44.18125152587890625 39.543750762939453125 34.518749237060546875 31.818750381469726562 29.712499618530273438 27.524999618530273438 25.299999237060546875 23.575000762939453125 22.056249618530273438 21.181249618530273438 19.606250762939453125
23.868749618530273438 23.924999237060546875 24.362499237060546875 25.462499618530273438 26.075000762939453125 27.431249618530273438 29.168748855590820312 31.143749237060546875 34.46875 36.206249237060546875 46.25624847412109375 58.03125 65.72499847412109375 72.2687530517578125 74.40000152587890625 76.0124969482421875 76.0749969482421875 74.1999969482421875 72.22499847412109375 68.51250457763671875 66.1750030517578125 66.43125152587890625 64.8312530517578125 64.4375 62.9375 63.293750762939453125 62.581249237060546875 59.33750152587890625 56.137500762939453125 51.18125152587890625 47.762500762939453125 45.543750762939453125 41.74375152587890625 36.75 32.362499237060546875 30.225000381469726562 28.1875 25.9375 25.293750762939453125 23.174999237060546875 21.350000381469726562 20.6875 18.887500762939453125
