data/historical-monthly-weather-data/wc2.1_cruts4.09_10m_prec_1962-11.asc
ncols        51
nrows        45
xllcorner    -63.500000000000
yllcorner    -7.500000000000
cellsize     0.166666666667
NODATA_value -9999
[rows 0 to 18 of 45, columns 0 to 43 of 51]
217.6125030517578125 219.2062530517578125 217.306243896484375 220.1062469482421875 222.3125 225.9250030517578125 227.9250030517578125 229.6374969482421875 230.28125 229.4812469482421875 228.2687530517578125 222.3937530517578125 216.46875 207.1374969482421875 198 188.1125030517578125 179.006256103515625 169.1374969482421875 160.1687469482421875 152.625 146.875 141.475006103515625 136.9812469482421875 132.024993896484375 127.9812469482421875 124.65000152587890625 122.59999847412109375 120.6999969482421875 119.34999847412109375 123.65625 129.3312530517578125 135.975006103515625 142.7375030517578125 150.65625 158.0500030517578125 164.7375030517578125 171.787506103515625 177.8562469482421875 180.681243896484375 183.25 184.162506103515625 185.3874969482421875 184.3625030517578125 183.0500030517578125
220.681243896484375 219.65625 219.65625 222.53125 226.943756103515625 229.975006103515625 231.0500030517578125 234.5 234.8937530517578125 233.118743896484375 230.881256103515625 223.1374969482421875 214.4875030517578125 205.412506103515625 194.9250030517578125 186.0124969482421875 175.75 165.462493896484375 155.193756103515625 146.618743896484375 140.4187469482421875 134.8625030517578125 130.5812530517578125 127.84999847412109375 124.08750152587890625 121.43125152587890625 120.7062530517578125 119.58750152587890625 119.375 124.0124969482421875 130.087493896484375 137.15625 143.4875030517578125 153.037506103515625 161.84375 169.006256103515625 176.537506103515625 183.1999969482421875 185.4812469482421875 187.65625 189.34375 189.6750030517578125 189.3562469482421875 186.1875
220.131256103515625 219 217.7312469482421875 218.256256103515625 221.693756103515625 223.9375 228.0625 231.4187469482421875 233.0812530517578125 231.5625 227.4375 218.587493896484375 209.631256103515625 199.881256103515625 189.28125 179.506256103515625 170.34375 161.2375030517578125 151.46875 143.5124969482421875 137.962493896484375 132.8874969482421875 129.0124969482421875 127.3312530517578125 124.9250030517578125 122.72499847412109375 122.43125152587890625 122.23125457763671875 122.1437530517578125 126.9499969482421875 134.4187469482421875 141.806243896484375 151.4812469482421875 161.7937469482421875 172.6999969482421875 180.756256103515625 189.556243896484375 199.6374969482421875 203.3249969482421875 206.943756103515625 209.0437469482421875 207.600006103515625 205.9250030517578125 202.631256103515625
214.0812530517578125 211.9375 211.9562530517578125 210.5749969482421875 212.71875 215.037506103515625 218.587493896484375 223.850006103515625 227.587493896484375 227.350006103515625 221.8562469482421875 211.662506103515625 201.90625 191.84375 181.7937469482421875 172.568756103515625 164.368743896484375 155.90625 147.9499969482421875 141.90625 137.21875 132.4562530517578125 128.193756103515625 126.78749847412109375 125.45624542236328125 124.30625152587890625 124.63124847412109375 123.7687530517578125 124.66249847412109375 131.056243896484375 138.931243896484375 147.850006103515625 157.712493896484375 169.587493896484375 181.943756103515625 194.2624969482421875 206.4875030517578125 218.2937469482421875 224.125 228.78125 230.068756103515625 229.118743896484375 224.5 219.412506103515625
213.2375030517578125 207.306243896484375 199.53125 198.774993896484375 201.9187469482421875 204.5999908447265625 208.100006103515625 214.1125030517578125 220.181243896484375 222.2624969482421875 213.6187591552734375 200.975006103515625 191.131256103515625 182.5124969482421875 173.462493896484375 165.6125030517578125 157.850006103515625 151.3249969482421875 144.600006103515625 138.5 135.681243896484375 131.5749969482421875 127.99375152587890625 128.037506103515625 126.40000152587890625 125.66249847412109375 124.7687530517578125 125.5124969482421875 127.55625152587890625 133.4875030517578125 141.787506103515625 151.431243896484375 163.03125 176.806243896484375 191.5187530517578125 206.118743896484375 221.3312530517578125 236.587493896484375 245.5749969482421875 249.318756103515625 252.34375 248.4875030517578125 243.1999969482421875 237.2062530517578125
207.1687469482421875 201.75 194.1750030517578125 187.318756103515625 191.53125 197.5187530517578125 201.8937530517578125 206.2312469482421875 211.1875 214.1687469482421875 204.7062530517578125 192.90625 184.59375 176.8249969482421875 168.443756103515625 160.8874969482421875 154.40625 148.6062469482421875 143.2624969482421875 137.381256103515625 135 132.6374969482421875 130.1437530517578125 129.818756103515625 129.8249969482421875 129.024993896484375 128.524993896484375 128.693756103515625 130.306243896484375 135.7062530517578125 142.524993896484375 153.3562469482421875 165.024993896484375 179.881256103515625 195.1062469482421875 212.524993896484375 230.443756103515625 248.881256103515625 261.61248779296875 268.54998779296875 268.28125 264.868743896484375 259.40625 254.149993896484375
202.5 199.1062469482421875 192.0812530517578125 185.443756103515625 185.375 187.6687469482421875 191.100006103515625 193.75 194.0187530517578125 191.3000030517578125 187.8874969482421875 181.243743896484375 175.9812469482421875 170.0437469482421875 163.7624969482421875 157.78125 152.006256103515625 146.524993896484375 140.6750030517578125 136.9875030517578125 135.59375 134.1750030517578125 132.8125 132.9375 133.337493896484375 133.75 132.712493896484375 131.962493896484375 131.600006103515625 136.5749969482421875 143.5749969482421875 152.912506103515625 165.5124969482421875 181.03125 198.0187530517578125 216.09375 235.1875 256.70623779296875 276.118743896484375 283.98126220703125 283.26251220703125 279.193756103515625 274.125 268.5
200.0437469482421875 196.0625 190.6875 187.3874969482421875 186.7312469482421875 185.46875 182.274993896484375 177.225006103515625 171.5500030517578125 168.9875030517578125 170.6125030517578125 169.2937469482421875 166.7937469482421875 162.975006103515625 158.4875030517578125 154.34375 149.399993896484375 144.287506103515625 139.475006103515625 135.743743896484375 136.912506103515625 137.1999969482421875 136.1062469482421875 136.8625030517578125 138.53125 137.412506103515625 135.5749969482421875 133.649993896484375 133.2687530517578125 136.631256103515625 142.59375 152.2375030517578125 165.25 180.5625 198.0124969482421875 216.2375030517578125 237.53125 258.51251220703125 274.73748779296875 284.493743896484375 287.70001220703125 285.04998779296875 280.649993896484375 275
198.350006103515625 195.75 192.399993896484375 189.71875 188.1062469482421875 185.318756103515625 180.6750030517578125 173.681243896484375 162.5437469482421875 156.431243896484375 160.0500030517578125 161.225006103515625 161.006256103515625 158.756256103515625 155.7375030517578125 152.2062530517578125 148.212493896484375 144.806243896484375 142.868743896484375 140.0187530517578125 140.5500030517578125 141.9812469482421875 141.181243896484375 143.462493896484375 143.8937530517578125 141.931243896484375 138.6062469482421875 136.368743896484375 135.162506103515625 136.193756103515625 141.7624969482421875 151.568756103515625 162.9875030517578125 176.7375030517578125 192.399993896484375 211.056243896484375 231.131256103515625 250.756256103515625 265.681243896484375 278.14373779296875 284.0625 281.962493896484375 280.23748779296875 276.287506103515625
197.318756103515625 194.462493896484375 191.8874969482421875 190.087493896484375 189.087493896484375 186.899993896484375 181.3312530517578125 173.4562530517578125 164.78125 159.6999969482421875 158.75 157.1875 157.34375 155.6374969482421875 153.006256103515625 150.34375 147.40625 146.3249969482421875 145.65625 145.537506103515625 147.350006103515625 148.8562469482421875 147.9812469482421875 149.40625 148.337493896484375 146.3125 143.34375 139.625 137.0187530517578125 136.0625 140.443756103515625 149.0625 159.90625 173.162506103515625 188.037506103515625 205.9875030517578125 225.618743896484375 243.03125 258.20623779296875 271.48748779296875 280.649993896484375 280.756256103515625 278.45001220703125 273.625
196.774993896484375 194.3000030517578125 191.5749969482421875 190.024993896484375 189.125 188.8000030517578125 184.1687469482421875 175.493743896484375 167.306243896484375 161.649993896484375 159.375 156.743743896484375 155.006256103515625 152.8874969482421875 150.03125 147.412506103515625 145.618743896484375 146.4875030517578125 148.006256103515625 150.6374969482421875 157.006256103515625 158.65625 156.5 153.78125 153.287506103515625 152.6875 149.5437469482421875 145.6937408447265625 141.2937469482421875 139.2062530517578125 142.4499969482421875 149.34375 159.881256103515625 171.850006103515625 184.6437530517578125 200.431243896484375 217.600006103515625 234.649993896484375 252.399993896484375 267.087493896484375 277.193756103515625 279.03125 278.45001220703125 275.07501220703125
196.8937530517578125 194.493743896484375 191.8937530517578125 191.318756103515625 190.631256103515625 190.306243896484375 186.8562469482421875 178.100006103515625 169.899993896484375 163.8312530517578125 159.818756103515625 156.556243896484375 152.1999969482421875 149.131256103515625 146.4187469482421875 144.068756103515625 143 144.9499969482421875 148.712493896484375 154.681243896484375 164.5625 167.774993896484375 164.943756103515625 160.3562469482421875 157.9375 156.4875030517578125 153.118743896484375 149.774993896484375 147.306243896484375 145.0437469482421875 145.8562469482421875 149.912506103515625 158.28125 168.381256103515625 180.4250030517578125 195.1437530517578125 210.556243896484375 227.318756103515625 244.318756103515625 260.337493896484375 273.25 275.649993896484375 275.92498779296875 273.73126220703125
196.6437530517578125 194.9875030517578125 192.6374969482421875 190.90625 189.243743896484375 188.0749969482421875 183.9250030517578125 176.993743896484375 169.693756103515625 164.212493896484375 159.4562530517578125 155.625 150.649993896484375 144.225006103515625 140.78125 138.8874969482421875 138.46875 142.756256103515625 148.0812530517578125 155.225006103515625 167.962493896484375 172.9499969482421875 170.375 167.024993896484375 162.5187530517578125 159.399993896484375 157.9812469482421875 155.068756103515625 153.0625 150.631256103515625 149.875 151.493743896484375 156.9562530517578125 164.8937530517578125 175.350006103515625 188.7937469482421875 203.34375 218.9187469482421875 237.4562530517578125 252.631256103515625 268.131256103515625 272.98748779296875 270.79998779296875 258.068756103515625
195.943756103515625 193.2687530517578125 190.806243896484375 188.5749969482421875 186.6750030517578125 183.743743896484375 179.6687469482421875 174.375 168.881256103515625 163.1875 158.006256103515625 151.693756103515625 145.9875030517578125 139.475006103515625 133.600006103515625 131.8000030517578125 132.181243896484375 137.0625 142.9875030517578125 150.0437469482421875 162.087493896484375 169.2687530517578125 170.899993896484375 169.5124969482421875 167.2687530517578125 165.3249969482421875 164.850006103515625 162.5437469482421875 159.75 155.9562530517578125 154.0124969482421875 153.4562530517578125 156.4562530517578125 161.8687591552734375 171.443756103515625 184.6437530517578125 198.3249969482421875 215.4375 232.53125 250.6125030517578125 263.868743896484375 261.36248779296875 256.1875 253.7375030517578125
193.7624969482421875 191.09375 188.693756103515625 186.3625030517578125 184.024993896484375 180.649993896484375 177.149993896484375 172.3625030517578125 166.7312469482421875 160.912506103515625 155.1062469482421875 148.118743896484375 141.0625 133.78125 126.1062469482421875 123.6125030517578125 124.56874847412109375 129.8937530517578125 136.09375 143.03125 155.006256103515625 164.3937530517578125 169.881256103515625 172.212493896484375 173.868743896484375 174.40625 173.4875030517578125 170.774993896484375 167.375 161.6750030517578125 157.5 154.71875 157.0124969482421875 161.3562469482421875 168.5749969482421875 180.75 196.2937469482421875 215.5625 234.5500030517578125 248.443756103515625 255.1687469482421875 256.274993896484375 258.46875 259.837493896484375
190.4250030517578125 187.774993896484375 186 183.600006103515625 181.274993896484375 178.2687530517578125 174.1125030517578125 169.5124969482421875 164.8000030517578125 159.881256103515625 153.381256103515625 145.556243896484375 137.693756103515625 128.943756103515625 120.46250152587890625 114.9812469482421875 117.41249847412109375 124.15000152587890625 130.256256103515625 137.0124969482421875 150.256256103515625 161.9250030517578125 170.0812530517578125 175.162506103515625 179.6687469482421875 183.975006103515625 184.4875030517578125 181.375 175.4187469482421875 167.0749969482421875 160.8625030517578125 156.8625030517578125 157.5812530517578125 161.837493896484375 166.431243896484375 180.412506103515625 197.9187469482421875 212.181243896484375 229.037506103515625 242.03125 253.5812530517578125 258.59375 261.318756103515625 257
186.618743896484375 185.006256103515625 182.7624969482421875 180.412506103515625 178.568756103515625 175.4437408447265625 172.0749969482421875 167.475006103515625 163.162506103515625 158.0749969482421875 152.1374969482421875 144.118743896484375 135.475006103515625 126.56874847412109375 118.66249847412109375 113.46250152587890625 112.625 118.31874847412109375 125.0625 132.431243896484375 146.7687530517578125 160.2687530517578125 170.662506103515625 177.024993896484375 184.2375030517578125 192.9187469482421875 196.837493896484375 191.443756103515625 181.5812530517578125 171.5500030517578125 164.4875030517578125 161.5625 160.9812469482421875 163.587493896484375 173.4375 190.8937530517578125 204.09375 219.850006103515625 237.6750030517578125 248.087493896484375 260.51251220703125 265.649993896484375 262.524993896484375 261.399993896484375
181.556243896484375 180.2937469482421875 178.787506103515625 176.96875 174.7687530517578125 172.818756103515625 169.9625091552734375 165.631256103515625 161.6125030517578125 156.662506103515625 150.868743896484375 143.037506103515625 133.7687530517578125 125.69374847412109375 119.21250152587890625 114.08750152587890625 111.56874847412109375 113.0625 119.96875 127.28749847412109375 143.774993896484375 157.9250030517578125 169.7312469482421875 178.662506103515625 188.462493896484375 198.90625 207.537506103515625 199.412506103515625 185.4375 171.46875 162.662506103515625 159.243743896484375 164.3625030517578125 174.899993896484375 187.1062469482421875 196.9250030517578125 212.225006103515625 228.399993896484375 240.087493896484375 256.45001220703125 266.868743896484375 269.57501220703125 268.274993896484375 266.84375
175.868743896484375 175.756256103515625 174.443756103515625 173 171.5437469482421875 169.712493896484375 166.8874969482421875 163.5749969482421875 160.381256103515625 156.524993896484375 150.625 142.5625 133.5500030517578125 125.8625030517578125 119.0625 114.1374969482421875 111.0812530517578125 110.7062530517578125 114.34999847412109375 121.3000030517578125 140.618743896484375 159.0749969482421875 168.462493896484375 179.006256103515625 190.443756103515625 201.087493896484375 206.3125 200.350006103515625 188.149993896484375 172.131256103515625 160.306243896484375 161.03125 174.306243896484375 185.1687469482421875 194.600006103515625 208.7375030517578125 222.5187530517578125 236.4937591552734375 250.7062530517578125 264.350006103515625 274.23126220703125 280.04998779296875 276.556243896484375 273.39373779296875
