data/historical-monthly-weather-data/wc2.1_cruts4.09_10m_prec_2020-04.asc
ncols        45
nrows        45
xllcorner    -63.500000000000
yllcorner    -7.500000000000
cellsize     0.166666666667
NODATA_value -9999
[rows 0 to 19 of 45, columns 0 to 44 of 45]
246.4375 250.25 251.5812530517578125 257.774993896484375 259.65625 258.149993896484375 255.5 248.693756103515625 244.743743896484375 244.662506103515625 247.837493896484375 250.9250030517578125 252.806243896484375 252.850006103515625 253.212493896484375 254.3000030517578125 256.587493896484375 255.5437469482421875 257.23748779296875 259.131256103515625 261.462493896484375 265.131256103515625 268.118743896484375 273.3125 276.42498779296875 282.46875 287.756256103515625 295.0625 300.96875 305.79998779296875 311.068756103515625 316.39373779296875 318.63751220703125 322.524993896484375 324.850006103515625 320.60626220703125 312.75 304.131256103515625 293.54376220703125 280.21875 266.399993896484375 251.1999969482421875 233.4562530517578125 217.71875 204.28125
253.3562469482421875 256.5 263.875 270.90625 277.087493896484375 274.34375 269.95001220703125 267.1875 264.89373779296875 264.212493896484375 266.318756103515625 267.28125 268.20623779296875 267.899993896484375 266.162506103515625 267.26873779296875 267.118743896484375 267.54998779296875 268.931243896484375 269.76873779296875 271.725006103515625 274.28125 278.712493896484375 282.76251220703125 288.01251220703125 293.64373779296875 298.90625 306.73748779296875 311.33123779296875 315.350006103515625 321.306243896484375 328.037506103515625 330.01873779296875 334.07501220703125 334.256256103515625 326.40625 317.17498779296875 305.29376220703125 290.75 273.3125 255.5625 238.40625 218.881256103515625 199.8874969482421875 184.8125
256.23126220703125 261.61248779296875 267.975006103515625 276.993743896484375 284.67498779296875 284.66876220703125 283.6875 283.86248779296875 285.931243896484375 285.66876220703125 285.162506103515625 283.837493896484375 283.96875 280.96875 278.76251220703125 278.46875 277.65625 278.193756103515625 278.625 280.38751220703125 283.58123779296875 287.5 290.899993896484375 295.399993896484375 301.90625 308.04376220703125 314.90625 319.38751220703125 322.256256103515625 326.975006103515625 332 336.837493896484375 340.274993896484375 342.08123779296875 339.5 329.100006103515625 319.79376220703125 307.88751220703125 290.21875 270.88751220703125 251.162506103515625 231.5812530517578125 211.443756103515625 192.2624969482421875 177.1437530517578125
254.3625030517578125 260.600006103515625 270.631256103515625 278.037506103515625 285.743743896484375 290.4375 293.787506103515625 297.76873779296875 303.88751220703125 307.087493896484375 305.350006103515625 300.837493896484375 296.76873779296875 293.67498779296875 290.306243896484375 289.32501220703125 288.76251220703125 288.881256103515625 289.225006103515625 291.375 296.337493896484375 300.76251220703125 303.399993896484375 309.48748779296875 316.25 321.3125 329.01251220703125 331.92498779296875 334.45623779296875 340.41876220703125 344.806243896484375 348.725006103515625 347.556243896484375 346.86248779296875 342.57501220703125 333.17498779296875 321.76251220703125 308.38751220703125 290.58123779296875 268.04376220703125 246.412506103515625 226.90625 204.943756103515625 184.568756103515625 170.431243896484375
264.6875 266.76873779296875 269.568756103515625 277.056243896484375 287.54376220703125 294.29998779296875 299.11248779296875 307.243743896484375 318.212493896484375 326.506256103515625 322.29998779296875 312.274993896484375 307.375 304.306243896484375 300.381256103515625 298.568756103515625 296.868743896484375 297.42498779296875 297.82501220703125 299.818756103515625 306.350006103515625 310.6875 314.46875 322.82501220703125 327.600006103515625 333.087493896484375 338.57501220703125 345.100006103515625 349.86248779296875 352.96875 356.66876220703125 356.368743896484375 353.04998779296875 351.068756103515625 346.26873779296875 335.631256103515625 322.287506103515625 308.35626220703125 289.493743896484375 265.78125 243.6062469482421875 221.0124969482421875 199.3562469482421875 179.8125 165.149993896484375
267.79998779296875 271.45001220703125 274.89373779296875 276.675018310546875 286.34375 295.149993896484375 301.068756103515625 310.15625 321.67498779296875 332.95001220703125 326.125 317.0625 313.26251220703125 310.850006103515625 306.537506103515625 305.23748779296875 301.875 302.36248779296875 305.193756103515625 308.399993896484375 313.64373779296875 318.23126220703125 325.162506103515625 332.08123779296875 338.412506103515625 345.23748779296875 350.024993896484375 355.537506103515625 359.568756103515625 360.91876220703125 362.712493896484375 363.75 356.76873779296875 353.29998779296875 349.83123779296875 339.28125 329.256256103515625 316.625 297.35626220703125 275.20623779296875 250.1875 227.7312469482421875 207.006256103515625 188.1875 174.8874969482421875
272.0625 275.64373779296875 279.431243896484375 280.59375 282.98748779296875 288.14373779296875 294.381256103515625 302.5 309.5 314.76873779296875 316.875 315.743743896484375 317.04998779296875 315.23748779296875 312.32501220703125 312.20623779296875 309.51873779296875 307.29376220703125 308.587493896484375 313.524993896484375 320.662506103515625 327.40625 334.57501220703125 339.61248779296875 347.193756103515625 355.181243896484375 360.868743896484375 364.006256103515625 367.006256103515625 367.65625 368.90625 367.600006103515625 361.506256103515625 354.64373779296875 350.087493896484375 341.29376220703125 331.475006103515625 321.53125 305.162506103515625 282.86248779296875 255.6437530517578125 234.4562530517578125 214.9499969482421875 196.868743896484375 185.46875
277.11248779296875 278.6875 280.818756103515625 283.88751220703125 286.774993896484375 289.625 289.225006103515625 288.3125 287.95623779296875 292.73748779296875 303.962493896484375 312.16876220703125 317.493743896484375 319.443756103515625 318.931243896484375 317.899993896484375 315.21875 313.01251220703125 311.98126220703125 317.631256103515625 327.225006103515625 335.86248779296875 342.631256103515625 348.368743896484375 357.881256103515625 363.53125 368.34375 371.6875 374.837493896484375 375.14373779296875 372.29998779296875 369.64373779296875 362.85626220703125 355.70623779296875 349.41876220703125 338.98126220703125 331.181243896484375 321.787506103515625 304.431243896484375 281.95623779296875 257.787506103515625 238.993743896484375 220.306243896484375 202.537506103515625 191.256256103515625
281.09375 283.07501220703125 284.85626220703125 286.368743896484375 288.88751220703125 289.83123779296875 289.943756103515625 287.193756103515625 280.774993896484375 280.631256103515625 295.54376220703125 307.71875 320.118743896484375 324.056243896484375 323.212493896484375 323.17498779296875 322.21875 321.681243896484375 322.975006103515625 326.637481689453125 330.818756103515625 341.92498779296875 348.75 357.443756103515625 366.068756103515625 369.58123779296875 373.01873779296875 377.037506103515625 380.01251220703125 379.225006103515625 377.475006103515625 371.318756103515625 362.29998779296875 352.11248779296875 345.61248779296875 336.90625 330.45001220703125 320.3125 304.20623779296875 283.181243896484375 261.32501220703125 242.8937530517578125 226.443756103515625 210.912506103515625 198.8874969482421875
284.70623779296875 285.17498779296875 287.587493896484375 289.449981689453125 290.837493896484375 292.375 293.53125 291.524993896484375 290.70001220703125 294.837493896484375 305.725006103515625 314.15625 324.14373779296875 328.70623779296875 329.92498779296875 329.01873779296875 328.70001220703125 330.024993896484375 331.95001220703125 338.53125 342.67498779296875 349.506256103515625 355.587493896484375 365.975006103515625 370.67498779296875 371.89373779296875 374.71875 378.318756103515625 382.64373779296875 383.931243896484375 378.0625 369.3125 358.899993896484375 348.568756103515625 340.73126220703125 334.08123779296875 326.087493896484375 317.149993896484375 302.03125 284.70623779296875 266.375 249.399993896484375 233.09375 215.9375 206.8125
288.46875 289.756256103515625 291.524993896484375 292.881256103515625 292.725006103515625 295.04998779296875 297.368743896484375 297.399993896484375 300.856231689453125 307.350006103515625 317.912506103515625 327.71875 331.618743896484375 335.350006103515625 334.5 333 333.51873779296875 336.54998779296875 340.912506103515625 347.131256103515625 356.087493896484375 361.568756103515625 364.10626220703125 363.54998779296875 372.149993896484375 373.818756103515625 373.9375 376.57501220703125 379.04998779296875 379.48748779296875 373.11248779296875 363.67498779296875 353.51251220703125 342.875 334.568756103515625 325.693756103515625 318.28125 310.83123779296875 298.375 283.537506103515625 266.95623779296875 251.243743896484375 237.806243896484375 223.399993896484375 214.756256103515625
290.48748779296875 291.11248779296875 292.57501220703125 296.9375 298.368743896484375 299.300018310546875 303.568756103515625 306.993743896484375 312.943756103515625 320.574981689453125 331.100006103515625 340.837493896484375 339.71875 339.51251220703125 337.962493896484375 336.962493896484375 336.8125 340.068756103515625 345.375 352.681243896484375 361.006256103515625 366.5625 369.85626220703125 372.61248779296875 372.131256103515625 367.90625 367.587493896484375 368.774993896484375 371.649993896484375 369.23126220703125 363.456268310546875 355.54376220703125 344.3125 334.287506103515625 325.875 318.475006103515625 312.806243896484375 306.66876220703125 293.662506103515625 278.912506103515625 265.318756103515625 251.912506103515625 238.8312530517578125 223.225006103515625 215.318756103515625
293.274993896484375 293.587493896484375 295.46875 298.82501220703125 301.91876220703125 306.631256103515625 309.774993896484375 313.024993896484375 318.993743896484375 329.20001220703125 339.481231689453125 348.1875 347.28125 338.75 336.63751220703125 337.90625 336.743743896484375 339.98126220703125 346.73748779296875 352.48126220703125 360.818756103515625 364.58123779296875 364.524993896484375 366.1875 357.5625 351.287506103515625 355.162506103515625 356.95001220703125 361.6875 358.375 352.79998779296875 344.90625 333.70001220703125 323.98748779296875 314.79376220703125 309.975006103515625 305.48748779296875 300.193756103515625 290.162506103515625 277.60626220703125 261.70001220703125 251.118743896484375 237.2312469482421875 223.181243896484375 218.59375
294.88751220703125 295.10626220703125 296.087493896484375 299.068756103515625 304.20001220703125 308.850006103515625 312.043731689453125 316.287506103515625 323.88751220703125 332.712493896484375 339.693756103515625 343.04376220703125 342.88751220703125 337.818756103515625 332.48748779296875 334.831268310546875 333.76873779296875 334.943756103515625 341.975006103515625 345.95001220703125 352.58123779296875 354.118743896484375 354.993743896484375 351.024993896484375 345.0625 340.662506103515625 343.17498779296875 346.32501220703125 349.881256103515625 347.431243896484375 341.9375 335.375 322.21875 312.58123779296875 305 301.868743896484375 298.23126220703125 295.368743896484375 288.568756103515625 276.243743896484375 258.818756103515625 244.6687469482421875 236.1687469482421875 229.4250030517578125 227.8125
294.375 295.08123779296875 296.875 300.443756103515625 306.274993896484375 310.7874755859375 315.243743896484375 319.512481689453125 325.04376220703125 331.34375 336.943756103515625 339.318756103515625 337.631256103515625 333.13751220703125 326.712493896484375 325.175018310546875 325.649993896484375 330.6875 336.662506103515625 340.79998779296875 344.61248779296875 347.73126220703125 346.212493896484375 342.09375 336.95623779296875 334.67498779296875 336.45623779296875 340.45623779296875 344.51873779296875 340.9375 333.40625 323.73748779296875 314.118743896484375 303.11248779296875 294.4375 290.95001220703125 292.899993896484375 294.29998779296875 287.649993896484375 273.506256103515625 257.274993896484375 247.3937530517578125 243.1875 234.7062530517578125 231.03125
291.9375 292.70623779296875 296.649993896484375 301.75 307.09375 311.76873779296875 316.074981689453125 320.63751220703125 327.54376220703125 332.125 335.931243896484375 336.868743896484375 335.018768310546875 329.01251220703125 320.587493896484375 312.29998779296875 316.931243896484375 326.23126220703125 330.82501220703125 335.524993896484375 339.037506103515625 339.76251220703125 337.337493896484375 334.018768310546875 329.256256103515625 328.67498779296875 329.54376220703125 334.64373779296875 338.837493896484375 336.48126220703125 331.89373779296875 322.037506103515625 305.63751220703125 292.73748779296875 281.70623779296875 285.149993896484375 287.82501220703125 290.556243896484375 285.4375 276.01873779296875 262.462493896484375 255.024993896484375 247.975006103515625 238.4312591552734375 233.337493896484375
288.056243896484375 290.412506103515625 295.868743896484375 301.931243896484375 307.25 311.98126220703125 318.1875 322.875 327.5625 332.20001220703125 334.681243896484375 335.068756103515625 331.85626220703125 326.08123779296875 319.98126220703125 314.943756103515625 311.83123779296875 318.381256103515625 325.881256103515625 331.931243896484375 334.850006103515625 336.256256103515625 333.51251220703125 326.725006103515625 322.568756103515625 321.118743896484375 323.587493896484375 328.67498779296875 334.649993896484375 334.36248779296875 329.743743896484375 320.82501220703125 305.39373779296875 291.693756103515625 286.4375 286 289.756256103515625 293.98748779296875 293.71875 282.881256103515625 270.506256103515625 261.912506103515625 251.0625 241.3000030517578125 235.024993896484375
282.09375 286.88751220703125 292.59375 301.07501220703125 307.01251220703125 313.006256103515625 320.118743896484375 323.67498779296875 327.95001220703125 330.96875 332.024993896484375 331.743743896484375 328.443756103515625 324.67498779296875 319.868743896484375 316.693756103515625 313.17498779296875 309.76873779296875 320.70001220703125 327.65625 332.82501220703125 333.149993896484375 330.45623779296875 324.118743896484375 321.1875 320.26251220703125 319.76251220703125 327.85626220703125 335.29376220703125 334.23126220703125 325.45001220703125 309.03125 301.493743896484375 293.64373779296875 287.131256103515625 290.693756103515625 294.649993896484375 297.96875 295.53125 289.41876220703125 274.693756103515625 264.162506103515625 252.6999969482421875 241.65625 235.96875
274.90625 281.60626220703125 289.681243896484375 297.61248779296875 304.79998779296875 312.412506103515625 318.962493896484375 325.193756103515625 329.92498779296875 332.29998779296875 331.350006103515625 327.181243896484375 324.5625 323.375 316.36248779296875 313.40625 311.287506103515625 309.462493896484375 312.149993896484375 319.23126220703125 330.29376220703125 333.84375 321.91876220703125 320.912506103515625 321.625 324.399993896484375 327.806243896484375 333.493743896484375 341.524993896484375 338.875 330.20623779296875 315.600006103515625 303.08123779296875 287.46875 280.51251220703125 285.256256103515625 291.149993896484375 294.54376220703125 295.04376220703125 287.57501220703125 277.537506103515625 266.60626220703125 253.506256103515625 241.7312469482421875 236.493743896484375
267.337493896484375 276.04998779296875 284.225006103515625 291.33123779296875 301.212493896484375 312.037506103515625 321.09375 325.89373779296875 330.58123779296875 332.912506103515625 330.64373779296875 328.100006103515625 325.08123779296875 322.25 313.92498779296875 305.14373779296875 300.26251220703125 305.649993896484375 307.78125 313.9375 319.568756103515625 320.475006103515625 321.11248779296875 321.5 323.23126220703125 326.006256103515625 331.774993896484375 341.131256103515625 346.04376220703125 339.962493896484375 328.149993896484375 320.96875 303.881256103515625 282.975006103515625 269.931243896484375 275.131256103515625 287.537506103515625 296.475006103515625 295.86248779296875 289.83123779296875 278.95623779296875 267.475006103515625 254.2687530517578125 241.8874969482421875 234.837493896484375
