data/historical-monthly-weather-data/wc2.1_cruts4.09_10m_prec_1968-10.asc
ncols        45
nrows        45
xllcorner    -63.500000000000
yllcorner    -7.500000000000
cellsize     0.166666666667
NODATA_value -9999
[rows 0 to 18 of 45, columns 0 to 43 of 45]
77.24375152587890625 72.5749969482421875 70.08750152587890625 69.1999969482421875 67.8625030517578125 66.6999969482421875 64.6687469482421875 62.918750762939453125 61.987499237060546875 61.84999847412109375 62.71250152587890625 64.55625152587890625 66.2312469482421875 67.21250152587890625 69.7062530517578125 72.21875 74.5500030517578125 75.9375 77.6687469482421875 78.8937530517578125 78.4875030517578125 77.4375 76.80625152587890625 77.11875152587890625 77.8562469482421875 79.03125 81.5437469482421875 84.5500030517578125 87.50624847412109375 88.0187530517578125 88.3937530517578125 89.0124969482421875 90.44374847412109375 92.3125 94.61875152587890625 96.881256103515625 99.15625 101.25 102.6999969482421875 103.90000152587890625 105.00624847412109375 105.40000152587890625 104.77500152587890625 103.40000152587890625
74.8874969482421875 70.71250152587890625 69.61875152587890625 70.03125 70.52500152587890625 68.90000152587890625 66.9499969482421875 65.7062530517578125 65.41249847412109375 65.125 65.21250152587890625 66.28749847412109375 67.25 68.03749847412109375 70.11875152587890625 72.4812469482421875 74.2312469482421875 76.9250030517578125 79.8125 82.3000030517578125 81.6875 80.8625030517578125 80.22499847412109375 80.25 80.44374847412109375 80.68125152587890625 83.25624847412109375 86.0625 88.5437469482421875 88.52500152587890625 89.46875 90.94374847412109375 93.18125152587890625 96.15000152587890625 98.7375030517578125 101.16249847412109375 104.3000030517578125 106.8125 108.53125 109.66875457763671875 110.9187469482421875 111.4187469482421875 110.8312530517578125 109.24375152587890625
72.11875152587890625 68.69374847412109375 67.91249847412109375 68.81874847412109375 69.6875 69.0749969482421875 68.49375152587890625 68.52500152587890625 69.0625 68.93125152587890625 68.40000152587890625 68.65625 68.90000152587890625 69.02500152587890625 70.80625152587890625 72.81874847412109375 74.66249847412109375 76.74375152587890625 78.9250030517578125 80.77500152587890625 79.9187469482421875 79.2687530517578125 78.5437469482421875 78.4499969482421875 78.55625152587890625 79.09999847412109375 81.46875 84.22499847412109375 85.96250152587890625 86.375 87.61875152587890625 88.83750152587890625 91.4375 95.02500152587890625 98.4499969482421875 101.66249847412109375 105.1687469482421875 108.82500457763671875 111.1999969482421875 112.75624847412109375 114.3562469482421875 114.90625 114.5625 113.6437530517578125
68.83750152587890625 65.7624969482421875 65.8249969482421875 66.1999969482421875 67.30625152587890625 67.7687530517578125 68.81874847412109375 70.375 72.3937530517578125 72.8000030517578125 71.3874969482421875 70.6062469482421875 69.9187469482421875 69.5812530517578125 71.53125 73.28749847412109375 74.8312530517578125 76.2687530517578125 77.6374969482421875 78.77500152587890625 77.78125 76.4375 75.11875152587890625 75.3125 75.50624847412109375 75.9562530517578125 78.25624847412109375 80.6687469482421875 82.52500152587890625 82.9187469482421875 84.06874847412109375 85.6875 88.125 91.5749969482421875 95.03749847412109375 99.96875 104.875 109.46250152587890625 112.68125152587890625 114.9562530517578125 116.2312469482421875 117.24375152587890625 117.3000030517578125 117.09999847412109375
68.7062530517578125 64.33124542236328125 62.768749237060546875 62.96250152587890625 64.5437469482421875 66.1374969482421875 68.16249847412109375 70.78125 74.61875152587890625 76.63124847412109375 73.8625030517578125 71.43125152587890625 70.28125 69.9875030517578125 71.6875 73.2687530517578125 74.7937469482421875 74.8937530517578125 75.06874847412109375 75.3000030517578125 74.44374847412109375 72.8000030517578125 71.30625152587890625 71.74375152587890625 72.09375 72.65000152587890625 74.46250152587890625 77.09375 79.30625152587890625 79.1687469482421875 80.0437469482421875 81.40000152587890625 84.49375152587890625 88.1999969482421875 92.49375152587890625 97.78125 103.6437530517578125 109.63124847412109375 113.1687469482421875 115.90625 117.6374969482421875 118.2312469482421875 119.0625 119.1687469482421875
68.46875 64.43125152587890625 61.58750152587890625 59.88124847412109375 61.94374847412109375 64.52500152587890625 66.66249847412109375 69.21875 73.16249847412109375 76.31874847412109375 72.83750152587890625 70.44374847412109375 69.94374847412109375 69.81874847412109375 71.1750030517578125 72.90625 73.8562469482421875 72.93125152587890625 72.19374847412109375 71.46875 70.6437530517578125 69.46250152587890625 68.43125152587890625 68.46875 68.8874969482421875 69.3937530517578125 70.9499969482421875 72.9375 75.22499847412109375 75 75.72499847412109375 77.53749847412109375 80.46250152587890625 84.3562469482421875 88.83750152587890625 94.8249969482421875 101.36875152587890625 108.5749969482421875 113.74375152587890625 116.30625152587890625 116.7062530517578125 117.55625152587890625 118.16249847412109375 119.0500030517578125
69.78125 65.7937469482421875 62.831249237060546875 60.643749237060546875 61.487499237060546875 62.831249237060546875 64.0749969482421875 65.08750152587890625 66.6437530517578125 67.25 67.0124969482421875 67.49375152587890625 68.3874969482421875 69.2624969482421875 70.53125 72.0749969482421875 72.8562469482421875 70.6999969482421875 68.59375 67.1687469482421875 66.72499847412109375 66.05625152587890625 65.25 65.46250152587890625 65.9187469482421875 66.3249969482421875 67.8562469482421875 69.3562469482421875 70.75624847412109375 70.93125152587890625 71.5812530517578125 72.9499969482421875 75.83750152587890625 79.93125152587890625 84.68125152587890625 90.59375 97.5437469482421875 105.24375152587890625 112.19374847412109375 113.84375 114.03125 113.8249969482421875 114.625 116.2624969482421875
71.68125152587890625 67.6374969482421875 65.3000030517578125 64 63.55625152587890625 63.518749237060546875 62.41249847412109375 60.325000762939453125 58.3125 58.30625152587890625 60.72499847412109375 63.731250762939453125 66.4562530517578125 68.34375 69.9812469482421875 71.13124847412109375 71.5 68.44374847412109375 65.375 63.325000762939453125 63.168750762939453125 62.799999237060546875 62.30625152587890625 62.706249237060546875 63.11875152587890625 63.231250762939453125 64.30625152587890625 65.21250152587890625 66.1999969482421875 65.90000152587890625 66.71250152587890625 68.27500152587890625 71.3625030517578125 75.4812469482421875 79.91249847412109375 85.6999969482421875 91.84375 98.8874969482421875 103.88124847412109375 106.1687469482421875 106.7062530517578125 106 105.86875152587890625 106.59999847412109375
74.21875 70.81874847412109375 69.02500152587890625 67.5812530517578125 66.7062530517578125 65.5187530517578125 63.375 59.5625 55.09375 53.65000152587890625 57.612499237060546875 62.08750152587890625 66.03749847412109375 68.4375 69.2624969482421875 69.5 68.94374847412109375 66.5 64.0625 61.90000152587890625 61.66249847412109375 61.543750762939453125 60.674999237060546875 61.268749237060546875 61.19374847412109375 60.8125 61.268749237060546875 62.581249237060546875 63.55625152587890625 63.293750762939453125 64.4499969482421875 66.1875 68.9250030517578125 72.49375152587890625 76.3000030517578125 81.84999847412109375 87.6687469482421875 93 96.1687469482421875 98.09375 98.375 96.59375 95.75624847412109375 94.4812469482421875
77.1999969482421875 74.19374847412109375 72.3625030517578125 71.21875 70.4187469482421875 68.9375 66.3125 62.19374847412109375 58.518749237060546875 57.206249237060546875 59.049999237060546875 62.65000152587890625 66.7062530517578125 69.43125152587890625 69.09999847412109375 68.0124969482421875 66.28749847412109375 64.5187530517578125 62.71875 61.418750762939453125 61.049999237060546875 60.66249847412109375 59.512500762939453125 59.393749237060546875 58.543750762939453125 57.90625 58.68125152587890625 59.58750152587890625 60.69374847412109375 61.012500762939453125 61.99375152587890625 64 66.6125030517578125 70.0500030517578125 73.8562469482421875 78.6999969482421875 83.41249847412109375 87.5 89.8249969482421875 90.47499847412109375 90.0124969482421875 87.46250152587890625 84.7375030517578125 82.20000457763671875
80.47499847412109375 77.6687469482421875 75.75624847412109375 74.6125030517578125 73.8874969482421875 73.47499847412109375 71.1437530517578125 66.6437530517578125 63.4375 62.09375 62.712497711181640625 65.2375030517578125 68.15625 70.66249847412109375 69.08750152587890625 66.38124847412109375 63.84375 62.46250152587890625 61.40000152587890625 60.731250762939453125 61.143749237060546875 60.3125 58.625 57.22499847412109375 56.518749237060546875 56.174999237060546875 57.106250762939453125 58.09999847412109375 58.75624847412109375 59.456249237060546875 60.799999237060546875 62.856250762939453125 65.4250030517578125 68.4875030517578125 71.625 75.53125 79.31874847412109375 81.99375152587890625 83.3562469482421875 83.1999969482421875 81.93125152587890625 78.7312469482421875 75.6999969482421875 71.81874847412109375
84.15625 81.25624847412109375 79.40625 78.46875 77.96875 78.00624847412109375 76.5625 71.68125152587890625 68.8562469482421875 67.2937469482421875 67.03125 67.9499969482421875 68.93125152587890625 69.96875 68.31874847412109375 65.44374847412109375 62.91249847412109375 61.78749847412109375 61.05625152587890625 61.081249237060546875 62.41249847412109375 61.44374847412109375 59.200000762939453125 57.21875 55.68125152587890625 54.65625 55.393749237060546875 57.012500762939453125 58.362499237060546875 59.643749237060546875 60.825000762939453125 62.825000762939453125 64.94374847412109375 67.66249847412109375 70.59375 73.75 76.55625152587890625 78.74375152587890625 78.875 78.05625152587890625 75.5124969482421875 71.84375 68.3625030517578125 64.7375030517578125
87.52500152587890625 84.71250152587890625 82.83750152587890625 81.55625152587890625 80.86875152587890625 80.5 78.4562530517578125 75.20000457763671875 73.05625152587890625 72.21250152587890625 71.75624847412109375 70.65625 69.8937530517578125 68.63124847412109375 66.7062530517578125 64.3562469482421875 61.74375152587890625 60.981250762939453125 60.52500152587890625 60.481250762939453125 62.46250152587890625 61.75624847412109375 59.28749847412109375 57.22499847412109375 53.90625 52.393749237060546875 54.674999237060546875 56.606250762939453125 58.556247711181640625 60.03125 61.3125 62.77500152587890625 64.84999847412109375 66.94374847412109375 69.50624847412109375 72.3312530517578125 74.5749969482421875 76.59999847412109375 76.59375 74.03749847412109375 71.0187530517578125 67.6875 63.53125 56.71250152587890625
90.08750152587890625 87.1750030517578125 85.2937469482421875 83.78749847412109375 82.55625152587890625 81.8312530517578125 80.03125 77.9875030517578125 76.8937530517578125 76.1437530517578125 75.4250030517578125 72.7687530517578125 70.1062469482421875 67.6374969482421875 64.8625030517578125 62.668750762939453125 60.106250762939453125 59.231250762939453125 58.612499237060546875 58.34999847412109375 59.84999847412109375 59.581249237060546875 58.393749237060546875 57.112499237060546875 54.893749237060546875 53.768749237060546875 55.674999237060546875 57.44374847412109375 59.174999237060546875 60.21250152587890625 61.21250152587890625 62.75 64.4875030517578125 66.41249847412109375 68.75 71.5 73.84375 76.18125152587890625 76.1999969482421875 74.1374969482421875 69.7624969482421875 64.1437530517578125 59.543750762939453125 54.862499237060546875
90.56874847412109375 87.86875152587890625 85.74375152587890625 84.3312530517578125 83.0812530517578125 82.25624847412109375 81.46250152587890625 80.09999847412109375 78.9375 78.28749847412109375 77.49375152587890625 73.97499847412109375 70.3625030517578125 67.18125152587890625 64.1687469482421875 61.9375 59.237499237060546875 57.88124847412109375 56.83750152587890625 56.53749847412109375 57.875 58.49375152587890625 58.637500762939453125 59.31874847412109375 59.24375152587890625 58.768749237060546875 59.71250152587890625 60.49375152587890625 61.19374847412109375 61.393749237060546875 61.78749847412109375 62.80625152587890625 64.41249847412109375 66.6750030517578125 68.99375152587890625 71.40000152587890625 74.44374847412109375 78.61875152587890625 81.27500152587890625 79.4562530517578125 74.2624969482421875 67.7624969482421875 62.75624847412109375 58.106250762939453125
90.0749969482421875 87.3249969482421875 85.5749969482421875 84.3874969482421875 83.24375152587890625 82.94374847412109375 82.41249847412109375 81.3562469482421875 80.5124969482421875 79.96250152587890625 78.5812530517578125 74.0187530517578125 69.8000030517578125 66.18125152587890625 63.481250762939453125 60.887500762939453125 57.674999237060546875 56.106250762939453125 54.90000152587890625 54.362499237060546875 55.5625 57.15000152587890625 58.96250152587890625 62.15625 63.75 63.668750762939453125 64.3000030517578125 64.24375152587890625 63.78125 62.74375152587890625 62.424999237060546875 62.61875152587890625 63.799999237060546875 65.9812469482421875 67.7624969482421875 69.65000152587890625 74.59375 80.0124969482421875 85.4875030517578125 85.625 82.53749847412109375 75.2624969482421875 68.3125 61.91249847412109375
88.4562530517578125 85.9812469482421875 84.97499847412109375 84.28125 83.33124542236328125 83.28125 83.1374969482421875 82.4812469482421875 81.77500152587890625 80.7062530517578125 78.9250030517578125 73.7375030517578125 68.5625 64.2375030517578125 61.34375 58.56874847412109375 55 53.262500762939453125 52.18125152587890625 51.78749847412109375 53.09375 55.33750152587890625 58.731250762939453125 64.34375 68.16249847412109375 67.5 68.02500152587890625 66.96250152587890625 65.25 63.518749237060546875 62.918750762939453125 63.487499237060546875 63.16249847412109375 63.43125152587890625 64.41249847412109375 68.1437530517578125 74.1437530517578125 84.28749847412109375 95.55625152587890625 95.18125152587890625 91.75 83.2062530517578125 73.91249847412109375 66.8000030517578125
85.625 83.31874847412109375 82.7937469482421875 82.3000030517578125 81.65625 81.93125152587890625 81.91249847412109375 81.21875 80.625 79.8562469482421875 78.2624969482421875 72.6999969482421875 67.1687469482421875 62.30625152587890625 59.00624847412109375 55.81874847412109375 52.325000762939453125 50.3125 49.456249237060546875 48.981250762939453125 50.43125152587890625 52.90625 56.768749237060546875 63.393749237060546875 68.4250030517578125 69.5500030517578125 71.30625152587890625 69.8625030517578125 67.03125 64.0124969482421875 62.63124847412109375 62.8125 63.924999237060546875 65.4375 64.63124847412109375 63.80625152587890625 73.50624847412109375 85.8000030517578125 95.3312530517578125 98.6125030517578125 96.0812530517578125 88.47499847412109375 79.7062530517578125 72.71875
82.05625152587890625 80.33750152587890625 80.2312469482421875 80.2062530517578125 80.03125 80.2062530517578125 80.11875152587890625 79.6374969482421875 79.6750030517578125 78.8562469482421875 76.78749847412109375 71.34999847412109375 65.46250152587890625 60.174999237060546875 56.612499237060546875 53.606250762939453125 50.27500152587890625 47.987499237060546875 47.02500152587890625 46.362499237060546875 47.71875 50.97499847412109375 53.90625 60.50624847412109375 66.0749969482421875 69.6875 71.90625 71.2624969482421875 69.13124847412109375 65.08750152587890625 62.174999237060546875 64.5187530517578125 69.09999847412109375 70.31874847412109375 70.03125 70.8312530517578125 77.8937530517578125 86.90000152587890625 94.4875030517578125 98.46875 98 94.15625 85.8125 79.11875152587890625
