data/historical-monthly-weather-data/wc2.1_cruts4.09_10m_prec_1996-10.asc
ncols        45
nrows        45
xllcorner    -63.500000000000
yllcorner    -7.500000000000
cellsize     0.166666666667
NODATA_value -9999
[rows 19 to 37 of 45, columns 0 to 43 of 45]
165.3874969482421875 170.2062530517578125 176.2624969482421875 182.5 188.5187530517578125 194.118743896484375 198.524993896484375 200.962493896484375 199.962493896484375 196.725006103515625 191.0124969482421875 184.6437530517578125 178.25 172.1187591552734375 169.1999969482421875 167.587493896484375 163.75 163.125 163.8312530517578125 166.0187530517578125 166.399993896484375 170.5749969482421875 178.8562469482421875 184 184.3000030517578125 178.5187530517578125 167.412506103515625 154.0500030517578125 136.3874969482421875 118.84999847412109375 106.5500030517578125 104.9812469482421875 104.1999969482421875 103.0124969482421875 100.1125030517578125 93.06874847412109375 88.2312469482421875 85.4812469482421875 82.3000030517578125 77.74375152587890625 72.3125 66.9499969482421875 59.668750762939453125 52.987499237060546875
157.662506103515625 164.837493896484375 173.5187530517578125 181.9875030517578125 189.881256103515625 196.2375030517578125 202.125 205.6750030517578125 205.149993896484375 200.993743896484375 194.71875 186.850006103515625 179.1374969482421875 170.9250030517578125 167.3187408447265625 164.4499969482421875 161.024993896484375 159.84375 162.65625 164.6062469482421875 167.5 172.0812530517578125 176.7312469482421875 179.068756103515625 179.5187530517578125 175.78125 166.2062530517578125 151.9187469482421875 138.1125030517578125 127.15000152587890625 118.90000152587890625 115.40625 113.65625 113.3312530517578125 113.11875152587890625 104.7624969482421875 95.90625 89.97499847412109375 84.68125152587890625 79.4499969482421875 73.91249847412109375 68.55625152587890625 62.09375 56.075000762939453125
150.475006103515625 160.068756103515625 170.649993896484375 180.9375 190.899993896484375 198.881256103515625 205.7062530517578125 210.850006103515625 211.8499908447265625 207.125 199.256256103515625 190.1125030517578125 181.4875030517578125 174.2624969482421875 169.7312469482421875 166.8562469482421875 164.756256103515625 164.0812530517578125 165.662506103515625 167.899993896484375 168.375 171.431243896484375 175.7062530517578125 176.1750030517578125 174.399993896484375 170.6374969482421875 163.875 153.537506103515625 143.850006103515625 135.7375030517578125 128.931243896484375 124.75624847412109375 122.02500152587890625 120.78125 117.90625 110.63124847412109375 101.5124969482421875 93.6437530517578125 87.1687469482421875 81.5749969482421875 75.8249969482421875 70.4187469482421875 64.7375030517578125 58.862499237060546875
145.787506103515625 157.8937530517578125 170.1374969482421875 181.78125 192.0437469482421875 200.6875 208.756256103515625 216.0812530517578125 219.931243896484375 213.475006103515625 204.087493896484375 193.21875 184.9437408447265625 178.78125 174 170.65625 168.5625 168.8562469482421875 169.943756103515625 171.2624969482421875 172.1125030517578125 173.0687408447265625 174.9187469482421875 174.243743896484375 171.3562469482421875 165.712493896484375 160.84375 155.193756103515625 147.493743896484375 141.6125030517578125 137.1125030517578125 133.618743896484375 129.5749969482421875 126.78749847412109375 122.52500152587890625 114.78749847412109375 105.75 96.71875 89.7687530517578125 84.88124847412109375 79.44374847412109375 74.0124969482421875 68.31874847412109375 62.256252288818359375
143.9187469482421875 157.6374969482421875 171.9187469482421875 183 193.118743896484375 201.5812530517578125 209.0500030517578125 216.7375030517578125 220.0124969482421875 214.462493896484375 204.7375030517578125 195.274993896484375 187.6437530517578125 181.8125 178.100006103515625 175.1750030517578125 173.6999969482421875 173.9375 174.6687469482421875 175.462493896484375 176.1125030517578125 177.225006103515625 176.975006103515625 174.4562530517578125 169.818756103515625 162.3874969482421875 156.056243896484375 153.149993896484375 149.6999969482421875 146.1875 142.875 139.6374969482421875 135.5 131.5437469482421875 126.91249847412109375 119.90625 111.16249847412109375 101.84999847412109375 95.08750152587890625 89.52500152587890625 83.90625 78.53749847412109375 72.6999969482421875 66.34375
146.850006103515625 160.024993896484375 174.90625 184.6437530517578125 194.149993896484375 201.6437530517578125 207.8312530517578125 213.225006103515625 215.006256103515625 211.993743896484375 205.7062530517578125 197.8249969482421875 191.3249969482421875 186.0812530517578125 182.7375030517578125 180.7937469482421875 179.4250030517578125 179.774993896484375 180.3937530517578125 181.1875 181.25 180.5 180.375 176.350006103515625 171.15625 165.6437530517578125 159.53125 155.8874969482421875 152.7375030517578125 149.8937530517578125 146.875 143.0749969482421875 139.7062530517578125 135.412506103515625 130.943756103515625 123.7375030517578125 116.3625030517578125 108.8562469482421875 101.6999969482421875 95.90625 89.9375 84.2624969482421875 78.1875 72.11875152587890625
151.600006103515625 162.681243896484375 173.931243896484375 184.6875 193.5500030517578125 199.868743896484375 205.006256103515625 209.1875 211.118743896484375 210.2687530517578125 204.84375 199.46875 193.8874969482421875 189.3937530517578125 187.537506103515625 186.087493896484375 185.5500030517578125 185.631256103515625 186.462493896484375 187.1062469482421875 186.875 185.53125 184.6750030517578125 180.2624969482421875 175.181243896484375 170.15625 164.8937530517578125 160.056243896484375 156.0749969482421875 153.40625 149.3249969482421875 146.46875 143.4875030517578125 139.1125030517578125 135.15625 128.4499969482421875 121.6875 115.38124847412109375 108.7624969482421875 102.7937469482421875 96.74375152587890625 91.0437469482421875 84.6999969482421875 78.56874847412109375
157.5437469482421875 164 172.9812469482421875 181.787506103515625 189.368743896484375 195.7062530517578125 200.46875 204.4499969482421875 205.881256103515625 205.03125 203.318756103515625 199.806243896484375 195.868743896484375 192.59375 191.037506103515625 190.6687469482421875 189.774993896484375 190.693756103515625 191.368743896484375 191.84375 191.6750030517578125 190.2687530517578125 188.881256103515625 185.6750030517578125 179.8874969482421875 174.7375030517578125 168.931243896484375 163.537506103515625 159.212493896484375 155.8874969482421875 152.743743896484375 148.756256103515625 146.212493896484375 142.5500030517578125 138.3125 132.506256103515625 126.5500030517578125 120.83750152587890625 115.13124847412109375 110.0124969482421875 104.3125 98.99375152587890625 92.8937530517578125 86.5437469482421875
162.8874969482421875 166.225006103515625 172.75 179.631256103515625 185.5749969482421875 191.274993896484375 196.443756103515625 199.875 201.3000030517578125 201.9375 201.068756103515625 199.0749969482421875 197.274993896484375 194.6062469482421875 194.1875 194.375 194.725006103515625 194.912506103515625 196.100006103515625 197.462493896484375 196.649993896484375 195.193756103515625 194.662506103515625 190.193756103515625 184.306243896484375 179.1937408447265625 173.4812469482421875 167.8187408447265625 161.9250030517578125 158.131256103515625 154.21875 150.662506103515625 148.25 144.90625 141.8874969482421875 136.21875 130.443756103515625 126.10625457763671875 120.9562530517578125 116.9250030517578125 113.02500152587890625 107.5749969482421875 100.63124847412109375 95
168.162506103515625 169.1062469482421875 172.8249969482421875 177.9875030517578125 182.412506103515625 186.837493896484375 191.037506103515625 194.84375 197.0124969482421875 199.03125 199.943756103515625 199.212493896484375 198.1999969482421875 196.493743896484375 197.2312469482421875 197.931243896484375 199.1374969482421875 199.6687469482421875 200.6937408447265625 202.162506103515625 201.0625 200.118743896484375 199.3625030517578125 194.337493896484375 188.193756103515625 183.2312469482421875 177.149993896484375 170.850006103515625 165.4562530517578125 160.78125 155.84375 152.0500030517578125 149.7937469482421875 146.8874969482421875 144.2375030517578125 139.3874969482421875 134.181243896484375 129.7687530517578125 124.8312530517578125 121.31874847412109375 118.65000152587890625 113.43125152587890625 106.90625 102.9250030517578125
173.587493896484375 172.524993896484375 174.125 176.2312469482421875 179.1999969482421875 182.087493896484375 186.0500030517578125 190.193756103515625 193.5749969482421875 195.712493896484375 198.3000030517578125 198.274993896484375 198.9499969482421875 198.681243896484375 199.506256103515625 201.056243896484375 201.524993896484375 203.149993896484375 203.931243896484375 204.1437530517578125 203.90625 203.40625 202.225006103515625 196.4250030517578125 190.743743896484375 186.431243896484375 179.931243896484375 173.0124969482421875 166.5749969482421875 161.774993896484375 157.475006103515625 153.53125 150.975006103515625 148.5625 145.6875 141.03125 135.96875 132.087493896484375 126.13124847412109375 121.74375152587890625 118.86875152587890625 116.5749969482421875 112.375 110.44374847412109375
178.556243896484375 175.274993896484375 175.243743896484375 174.537506103515625 175.912506103515625 179.2687530517578125 182.6062469482421875 186.4499969482421875 189.7937469482421875 192.5124969482421875 196.350006103515625 198.162506103515625 200.600006103515625 201.5500030517578125 201.9562530517578125 203.5500030517578125 204.943756103515625 205.7937469482421875 206.431243896484375 207.006256103515625 206.2687530517578125 206.0187530517578125 205.068756103515625 199.0187530517578125 193.2937469482421875 188.25 181.5187530517578125 174.3000030517578125 167.412506103515625 162.506256103515625 158.725006103515625 154.881256103515625 152.1875 149.9499969482421875 147.125 142.0187530517578125 137.40625 133.7687530517578125 127.1374969482421875 119.69374847412109375 117.3000030517578125 117.875 117.1125030517578125 115.8000030517578125
182.3562469482421875 177.399993896484375 174.9499969482421875 173.8000030517578125 174.9375 176.3312530517578125 179.006256103515625 182.53125 186.09375 189.6750030517578125 193.90625 197.4562530517578125 200.431243896484375 203.0500030517578125 204.84375 206.368743896484375 206.7937469482421875 206.71875 208.4250030517578125 208.9749908447265625 208.21875 207.875 207.1062469482421875 200.6687469482421875 195.0500030517578125 189.5124969482421875 182.431243896484375 175.1374969482421875 167.875 163.46875 159.7375030517578125 155.6062469482421875 152.9875030517578125 151.0749969482421875 147.71875 143.0124969482421875 138.7312469482421875 135.0625 127.7937469482421875 121.4875030517578125 119.96250152587890625 121.72499847412109375 121.91249847412109375 122.1062469482421875
187.4250030517578125 181.693756103515625 178.243743896484375 176.5187530517578125 175.5187530517578125 175.7687530517578125 176.881256103515625 178.8000030517578125 181.8562469482421875 185.837493896484375 192.993743896484375 196.649993896484375 201.4375 205.9875030517578125 207.381256103515625 207.8125 207.0749969482421875 207.21875 208.2312469482421875 208.725006103515625 207.71875 207.1062469482421875 205.78125 200.243743896484375 194.6062469482421875 189.1374969482421875 182.1374969482421875 174.5437469482421875 167.556243896484375 164.125 160.587493896484375 156.881256103515625 152.90625 150.8312530517578125 148.5749969482421875 145.0500030517578125 140.5500030517578125 135.943756103515625 130.462493896484375 127.6999969482421875 126.9562530517578125 128.3000030517578125 129.243743896484375 129.8249969482421875
191.256256103515625 185.881256103515625 182.2062530517578125 179.4875030517578125 176.1875 175.3562469482421875 174.993743896484375 175.600006103515625 177.306243896484375 181.493743896484375 187.71875 195.131256103515625 203.162506103515625 207.131256103515625 208.943756103515625 208.493743896484375 207.3000030517578125 207.5500030517578125 207.2687530517578125 208.1374969482421875 206.774993896484375 205.6062469482421875 204.0749969482421875 198.056243896484375 193.2624969482421875 188.1437530517578125 180.7624969482421875 173.306243896484375 166.931243896484375 163.774993896484375 161.1750030517578125 158.2375030517578125 154.7624969482421875 151.3874969482421875 149.475006103515625 145.993743896484375 141.381256103515625 137.0812530517578125 134.125 133.306243896484375 132.681243896484375 134.28125 136.5500030517578125 138.0625
194.7937469482421875 190.125 185.087493896484375 181.5 177.1125030517578125 174.9499969482421875 173.0625 172.587493896484375 172.5250091552734375 176.1125030517578125 183.2937469482421875 192.84375 203.3562469482421875 210.1062469482421875 209.6687469482421875 208.5124969482421875 207.0437469482421875 206.837493896484375 206.600006103515625 206.28125 205.056243896484375 203.181243896484375 201.375 195.3249969482421875 190.78125 186.024993896484375 179.3312530517578125 172.7312469482421875 166.6062469482421875 163.537506103515625 161.1062469482421875 159.006256103515625 155.4875030517578125 152.59375 149.743743896484375 145.662506103515625 141.3000030517578125 138.6875 137.350006103515625 137.21875 137.5625 138.962493896484375 141.725006103515625 143.6875
196.850006103515625 192.493743896484375 188.225006103515625 183.618743896484375 179.15625 176.3625030517578125 172.9250030517578125 170.5500030517578125 169.0187530517578125 170.6374969482421875 178.243743896484375 189.068756103515625 201.287506103515625 208.4375 208.6687469482421875 207.006256103515625 204.850006103515625 204.743743896484375 204.4250030517578125 203.506256103515625 202.15625 200.4187469482421875 197.149993896484375 191.7937469482421875 187.3562469482421875 182.6062469482421875 176.493743896484375 170.7937469482421875 165.443756103515625 163.125 160.8625030517578125 158.8937530517578125 155.5124969482421875 153.193756103515625 149.7375030517578125 145.649993896484375 143.649993896484375 141.087493896484375 140.350006103515625 140.375 141.3125 142.962493896484375 144.0625 146.3937530517578125
198.756256103515625 194.9562530517578125 190.8125 186.443756103515625 182.006256103515625 177.899993896484375 173.243743896484375 169.21875 165.7062530517578125 163.7687530517578125 172.3000030517578125 187.649993896484375 198.318756103515625 204.0437469482421875 205.40625 204.4375 201.8874969482421875 201.743743896484375 200.7624969482421875 199.2750091552734375 197.46875 195.1437530517578125 192.4375 187.118743896484375 182.649993896484375 178.568756103515625 173.2062530517578125 168.53125 164.506256103515625 162.399993896484375 160.756256103515625 158.350006103515625 156.1125030517578125 153.8249969482421875 149.6875 147.4250030517578125 145.7062530517578125 144.399993896484375 143.787506103515625 143.537506103515625 144.2062530517578125 144.6437530517578125 146.193756103515625 148.8000030517578125
201.0500030517578125 197.78125 193.5812530517578125 189.443756103515625 185.25 180.34375 175.9562530517578125 171.1687469482421875 167.2062530517578125 162.693756103515625 175.774993896484375 190.7062530517578125 197.881256103515625 202.3312530517578125 202.962493896484375 201.7375030517578125 198.8312530517578125 198.1875 197.15625 194.9187469482421875 192.2937469482421875 188.8249969482421875 185.84375 180.868743896484375 177.537506103515625 174.225006103515625 169.5437469482421875 165.9875030517578125 162.9499969482421875 161.556243896484375 159.5 157.993743896484375 156.21875 153.649993896484375 150.631256103515625 148.3249969482421875 147.8625030517578125 146.6437530517578125 147.0187530517578125 147.243743896484375 146.4187469482421875 147.3125 147.6999969482421875 149.2375030517578125
