data/historical-monthly-weather-data/wc2.1_cruts4.09_10m_prec_1963-11.asc
ncols        45
nrows        45
xllcorner    -63.500000000000
yllcorner    -7.500000000000
cellsize     0.166666666667
NODATA_value -9999
[rows 20 to 39 of 45, columns 0 to 43 of 45]
250.443756103515625 256.0625 258.58123779296875 260.399993896484375 261.106231689453125 262.82501220703125 264.149993896484375 263.78125 262.10626220703125 257.85626220703125 252.1125030517578125 245.756256103515625 237.7062530517578125 226.9499969482421875 218.618743896484375 209.9875030517578125 202.6437530517578125 199.337493896484375 200.9875030517578125 201.5437469482421875 202.0187530517578125 199.71875 195.4250030517578125 195.125 195.337493896484375 193.2937469482421875 188.350006103515625 179.350006103515625 168.806243896484375 160.975006103515625 155.125 155.5749969482421875 159.34375 164.774993896484375 170.181243896484375 174.8000030517578125 177.2687530517578125 179.5437469482421875 178.181243896484375 176.4499969482421875 173.28125 169.4250030517578125 164.162506103515625 158.256256103515625
238.9562530517578125 243.4499969482421875 247.09375 249.875 252.306243896484375 255.149993896484375 258.681243896484375 260.375 261.993743896484375 260.54376220703125 256.850006103515625 252.9875030517578125 246.4499969482421875 235.899993896484375 226.0812530517578125 216.375 209.318756103515625 204.243743896484375 202.399993896484375 202.006256103515625 199.4499969482421875 197.1062469482421875 195.381256103515625 195.756256103515625 195.912506103515625 195.0187530517578125 193.0625 186.65625 180.1437530517578125 174.6875 168.9499969482421875 168.556243896484375 172.024993896484375 179.024993896484375 186.2125091552734375 190.375 192.524993896484375 193.625 189.868743896484375 186.8937530517578125 182.5625 178.03125 172.931243896484375 167.881256103515625
227.774993896484375 233.993743896484375 237.462493896484375 240.600006103515625 243.8125 247.3125 250.993743896484375 255.881256103515625 260.42498779296875 261 260.6875 258.9375 257.756256103515625 248.506256103515625 234.662506103515625 222.40625 213.7312469482421875 208.006256103515625 204.0500030517578125 201.568756103515625 199.03125 196.4562530517578125 194.53125 195.40625 197.59375 198.6437530517578125 197.1999969482421875 194.3249969482421875 189.4562530517578125 185.087493896484375 181.71875 181.4187469482421875 186.7062530517578125 194.5875091552734375 201.850006103515625 206.475006103515625 208.53125 207.131256103515625 201.6875 197.131256103515625 192.5812530517578125 187.21875 181.7687530517578125 176.537506103515625
215.806243896484375 221.975006103515625 225.806243896484375 228.306243896484375 232.21875 237.6999969482421875 242.9875030517578125 249.399993896484375 253.931243896484375 256.45001220703125 258.16876220703125 262.0625 264.95623779296875 255.2687530517578125 239.8312530517578125 227.1687469482421875 217.899993896484375 211.9375 206.875 202.5625 199.7375030517578125 196.9562530517578125 194.2062530517578125 195.725006103515625 198.6437530517578125 200.3625030517578125 202.71875 199.5749969482421875 197.5 194.5812530517578125 193.6875 194.5812530517578125 200.2687530517578125 207.96875 216.2062530517578125 222.462493896484375 224.7312469482421875 220.9812469482421875 214.5437469482421875 208.3874969482421875 202.3312530517578125 196.1374969482421875 190.0500030517578125 184.125
206.8312530517578125 211.462493896484375 215.068756103515625 217.868743896484375 222.743743896484375 227.931243896484375 233.350006103515625 239.75 245.274993896484375 248.912506103515625 252.4499969482421875 254.475006103515625 255.9187469482421875 249.756256103515625 238.6750030517578125 228.0500030517578125 219.6437530517578125 213.225006103515625 208.3312530517578125 203.818756103515625 200.2624969482421875 196.118743896484375 194.193756103515625 195.7375030517578125 198.5187530517578125 203.1125030517578125 205.649993896484375 205.725006103515625 204.556243896484375 204.46875 204.0437469482421875 205.712493896484375 211.8125 219.693756103515625 227.1062469482421875 231.787506103515625 234.3312530517578125 231.181243896484375 224.8625030517578125 218.8249969482421875 211.712493896484375 204.6875 198.9812469482421875 193.8625030517578125
201.1062469482421875 205.337493896484375 205.8125 209.037506103515625 212.306243896484375 217.1374969482421875 222.28125 228.4875030517578125 233.975006103515625 238.431243896484375 242.0812530517578125 244.2687530517578125 243.993743896484375 240.037506103515625 233.3937530517578125 226.1687469482421875 219.962493896484375 214.431243896484375 209.850006103515625 205.7312469482421875 201.649993896484375 197.287506103515625 194.068756103515625 194.556243896484375 199.0187530517578125 205.381256103515625 209.8874969482421875 212.1062469482421875 213 213.975006103515625 213.9875030517578125 215.7937469482421875 222.375 228.9562530517578125 235.943756103515625 239.5812530517578125 241.28125 240.1750030517578125 235.443756103515625 229.1062469482421875 222.25 214.5437469482421875 206.3562469482421875 201.8249969482421875
197.2687530517578125 198.5500030517578125 198.9250030517578125 200.618743896484375 202.6125030517578125 206.712493896484375 213 218.506256103515625 222.4875030517578125 227.3312530517578125 232.5124969482421875 235.0625 235.212493896484375 233.1437530517578125 228.9875030517578125 223.15625 218.65625 214.587493896484375 210.868743896484375 206.587493896484375 202.59375 198.34375 194.662506103515625 195.6750030517578125 201.943756103515625 208.6750030517578125 213.3937530517578125 216.631256103515625 219.506256103515625 219.9124908447265625 221.149993896484375 223.25 231.0749969482421875 238.5 244.412506103515625 247.8125 249.625 248.71875 245.5437469482421875 240.3000030517578125 233.9562530517578125 224.9375 215.8312530517578125 209.1125030517578125
193.3249969482421875 191.8187408447265625 191.506256103515625 191.881256103515625 193.412506103515625 196.787506103515625 202.337493896484375 208.1437530517578125 212.943756103515625 217.9875030517578125 222.21875 225.381256103515625 226.431243896484375 225.6999969482421875 223.868743896484375 220.1687469482421875 216.6374969482421875 214.318756103515625 211.34375 208.100006103515625 205.337493896484375 201.506256103515625 200.3562469482421875 203.006256103515625 208.28125 213.912506103515625 217.9375 221.8625030517578125 224.7624969482421875 225.399993896484375 225.7687530517578125 228.243743896484375 236.818756103515625 244.25 252.1125030517578125 255.618743896484375 257.53125 258.649993896484375 254.600006103515625 252.2062530517578125 248.212493896484375 238.618743896484375 224.3874969482421875 215.5625
189.443756103515625 185.46875 183.3000030517578125 183.0124969482421875 183.931243896484375 186.9250030517578125 191.868743896484375 197.537506103515625 203.618743896484375 208.725006103515625 213.4187469482421875 216.4562530517578125 218.774993896484375 219.0625 218.443756103515625 217.537506103515625 216.431243896484375 214.181243896484375 212.0812530517578125 209.9499969482421875 208.681243896484375 206.3937530517578125 206.6875 210.7687530517578125 215.506256103515625 220.193756103515625 224.381256103515625 227.2312469482421875 230.2687530517578125 229.912506103515625 230.256256103515625 232.0749969482421875 240.2375030517578125 248.943756103515625 258.462493896484375 262.46875 265.34375 266.493743896484375 263.037506103515625 259.806243896484375 258.17498779296875 247 234.2062530517578125 229.024993896484375
189.1374969482421875 183.15625 179.649993896484375 176.475006103515625 176.7624969482421875 179.9562530517578125 184.7375030517578125 190.34375 196.274993896484375 200.84375 205.7562408447265625 209.681243896484375 212.8937530517578125 215.068756103515625 215.5 215.587493896484375 214.125 213.837493896484375 212.1374969482421875 210.7937469482421875 210.4812469482421875 211.03125 212.4375 215.78125 220.2687530517578125 225.1999969482421875 228.631256103515625 230.5437469482421875 232.524993896484375 233.6750030517578125 234.524993896484375 236.8562469482421875 245.462493896484375 255.743743896484375 265.48126220703125 269.21875 271.993743896484375 275.59375 270.59375 267.04376220703125 265.787506103515625 263.287506103515625 256.3125 254.6750030517578125
188.1687469482421875 180.8249969482421875 176.256256103515625 172.287506103515625 170.7937469482421875 174.631256103515625 179.274993896484375 184.256256103515625 189.0625 194.475006103515625 199.79998779296875 204.368743896484375 208.9875030517578125 211.0124969482421875 212.631256103515625 213.756256103515625 214.3625030517578125 213.96875 212.2312469482421875 213.375 214.75 216.337493896484375 218.5124969482421875 221.71875 225.100006103515625 229.912506103515625 231.9312591552734375 233.524993896484375 234.662506103515625 236.1875 238.368743896484375 242.0812530517578125 251 262.95623779296875 272.23748779296875 276.443756103515625 280.76873779296875 286.899993896484375 281.54998779296875 271.65625 273.46875 278.881256103515625 279.21875 279.26873779296875
186.462493896484375 178.662506103515625 173.5749969482421875 170.037506103515625 168.7312469482421875 170.506256103515625 174.40625 178.40625 183.0124969482421875 188.09375 193.6687469482421875 199.2937469482421875 204.274993896484375 208.2062530517578125 211.65625 213.9499969482421875 215.3000030517578125 215.5500030517578125 215.662506103515625 217.7937469482421875 220.037506103515625 221.818756103515625 223.931243896484375 226.59375 230.4499969482421875 233.8812408447265625 234.6125030517578125 235.350006103515625 235.6374969482421875 238.875 242.3312530517578125 246.443756103515625 256.58123779296875 268.274993896484375 280.04376220703125 285.693756103515625 291.38751220703125 296.91876220703125 291.11248779296875 286.375 293.743743896484375 303.79998779296875 309.23126220703125 317.212493896484375
184.537506103515625 177.756256103515625 172.743743896484375 169.337493896484375 167.3625030517578125 167.6437530517578125 169.9187469482421875 172.75 176.600006103515625 181.462493896484375 188.568756103515625 194.337493896484375 200.9375 207.875 211.712493896484375 215.0625 216.71875 219.506256103515625 221.3625030517578125 223.868743896484375 226.0124969482421875 226.71875 227.3249969482421875 229.256256103515625 232.381256103515625 234.693756103515625 234.9375 234.8125 235.868743896484375 240.337493896484375 245.399993896484375 251.100006103515625 262.100006103515625 274.32501220703125 288.04998779296875 296.193756103515625 304.9375 311.26873779296875 308.6875 314.84375 325.506256103515625 337.850006103515625 350.443756103515625 367.04998779296875
182.068756103515625 176.625 171.881256103515625 168.712493896484375 165.7937469482421875 165.0625 165.1687469482421875 166.9499969482421875 170.4812469482421875 174.881256103515625 181.600006103515625 189.8249969482421875 198.65625 206.212493896484375 211.212493896484375 215.7312469482421875 219.556243896484375 223.4562530517578125 226.618743896484375 229.9812469482421875 231.1999969482421875 231.1750030517578125 230.975006103515625 231.5187530517578125 233.337493896484375 234.25 234.59375 233.818756103515625 234.8312530517578125 240.756256103515625 247.725006103515625 256.09375 268.443756103515625 281.881256103515625 297.056243896484375 308.23748779296875 317.787506103515625 324.54376220703125 331 343.912506103515625 357.23748779296875 373.51251220703125 394.83123779296875 419.57501220703125
180.600006103515625 176.15625 171.6875 167.7624969482421875 164.6374969482421875 162.6750030517578125 161.1687469482421875 161.65625 163.381256103515625 168.037506103515625 175.59375 185.931243896484375 196.537506103515625 206.7062530517578125 213.381256103515625 217.5812530517578125 222.681243896484375 227.5749969482421875 231.6062469482421875 235.243743896484375 236.3562469482421875 235.53125 234.0437469482421875 232.556243896484375 232.125 232.625 231.9562530517578125 231.8249969482421875 232.524993896484375 240.256256103515625 249.9250030517578125 260 273.33123779296875 289.11248779296875 303.89373779296875 315.368743896484375 326.45001220703125 341.95623779296875 353.818756103515625 368.243743896484375 386.08123779296875 404.149993896484375 428.28125 455.26873779296875
180.912506103515625 176.75 172.5875091552734375 168.475006103515625 165.125 162.693756103515625 160.475006103515625 158.556243896484375 158.4875030517578125 161.287506103515625 169.375 181.0812530517578125 194.350006103515625 206.868743896484375 213.7624969482421875 220.287506103515625 224.9562530517578125 230.6125030517578125 235.8874969482421875 240.850006103515625 241.0625 237.8687591552734375 234.837493896484375 232.2062530517578125 230.350006103515625 229.15625 228.537506103515625 228.618743896484375 229.7937469482421875 238.0124969482421875 249.96875 261.28125 276.318756103515625 292.600006103515625 306.475006103515625 318.193756103515625 336.38751220703125 352.96875 365.337493896484375 382.48748779296875 402.76251220703125 420.23748779296875 441.86248779296875 467.38751220703125
181.5187530517578125 178.0187530517578125 174.368743896484375 170.693756103515625 167.056243896484375 164.162506103515625 160.71875 157.431243896484375 155.1437530517578125 154.03125 163.3874969482421875 180.7375030517578125 195.024993896484375 206.4875030517578125 214.3125 221.212493896484375 226.681243896484375 232.274993896484375 237.8249969482421875 242.256256103515625 241.368743896484375 237.443756103515625 233.756256103515625 229.75 226.4562530517578125 224.899993896484375 223.2687530517578125 224.0625 224.993743896484375 235.6062469482421875 248.600006103515625 263.10626220703125 278.58123779296875 295.725006103515625 310.33123779296875 325.149993896484375 344.14373779296875 362.91876220703125 378.01251220703125 392.73748779296875 411.20001220703125 427.41876220703125 447.375 471.63751220703125
183.931243896484375 180.3937530517578125 176.7375030517578125 173.4812469482421875 169.837493896484375 166.7312469482421875 163.3249969482421875 159.6687469482421875 156.899993896484375 154.0187530517578125 168.5625 187.2687530517578125 198.506256103515625 208.2562408447265625 215.6875 222.443756103515625 228.1437530517578125 232.9812469482421875 237.318756103515625 239.2687530517578125 238.5124969482421875 235.2312469482421875 231.600006103515625 225.993743896484375 222.0812530517578125 219.6875 218.1125030517578125 218.899993896484375 220.681243896484375 233.412506103515625 245.3125 260.381256103515625 277.5 295.29998779296875 311.42498779296875 329.20623779296875 349.76873779296875 368.75 387.26251220703125 404.100006103515625 417.443756103515625 433.793731689453125 448.493743896484375 466.71875
184.84375 181.693756103515625 179.0187530517578125 176.1374969482421875 172.75 170.181243896484375 167.9250030517578125 165.850006103515625 167.024993896484375 174.0437469482421875 190.65625 198.412506103515625 204.9499969482421875 212.75 218.7687530517578125 224.3625030517578125 229.5187530517578125 233.3125 235.568756103515625 237.0625 235.006256103515625 231.2312469482421875 228.1750030517578125 223.3937530517578125 218.4875030517578125 216.1437530517578125 215.0625 215.743743896484375 217.96875 229.431243896484375 241.618743896484375 255.149993896484375 271.17498779296875 287.90625 307.75 326.76873779296875 344.88751220703125 365.83123779296875 382.51251220703125 392.91876220703125 404.149993896484375 418.5625 427.20623779296875 441.725006103515625
185.4875030517578125 183.087493896484375 180.9187469482421875 178.431243896484375 176.5812530517578125 175.462493896484375 174.100006103515625 174.6125030517578125 178.412506103515625 185.712493896484375 195.962493896484375 204.21875 210.3000030517578125 216.868743896484375 222.193756103515625 226.7375030517578125 231.725006103515625 233.962493896484375 234.9375 235.4375 231.8874969482421875 227.7062530517578125 223.506256103515625 218.618743896484375 215.15625 212.381256103515625 211.600006103515625 212.8125 214.9812469482421875 224.78125 235.34375 250.7937469482421875 268.46875 284.975006103515625 304.537506103515625 322.11248779296875 338.73748779296875 356.618743896484375 372.54998779296875 379.462493896484375 388.375 398.787506103515625 404.818756103515625 411.837493896484375
