data/historical-monthly-weather-data/wc2.1_cruts4.09_10m_prec_1959-12.asc
ncols        51
nrows        45
xllcorner    -63.500000000000
yllcorner    -7.500000000000
cellsize     0.166666666667
NODATA_value -9999
[rows 20 to 39 of 45, columns 0 to 43 of 51]
202.6750030517578125 195.7624969482421875 190.962493896484375 187.3312530517578125 184.9562530517578125 186.9812469482421875 189.149993896484375 191.181243896484375 195.100006103515625 197.868743896484375 198.6750030517578125 197.337493896484375 195.149993896484375 191.3312530517578125 185.381256103515625 178.193756103515625 171.3000030517578125 165.756256103515625 162.3312530517578125 159.225006103515625 158.125 157.15625 156.5749969482421875 158.287506103515625 161.287506103515625 163.5812530517578125 164.0124969482421875 160.40625 154.125 147.806243896484375 143.5625 143.3312530517578125 141.9250030517578125 141.4499969482421875 141.381256103515625 141.5187530517578125 143.274993896484375 145.1750030517578125 144.8187408447265625 141.0187530517578125 134.381256103515625 126.55625152587890625 120.41249847412109375 114.90000152587890625
202.5500030517578125 194.962493896484375 191.2937469482421875 189.4875030517578125 188.0500030517578125 190.625 193.931243896484375 197.0187530517578125 200.712493896484375 203.09375 203.006256103515625 201.1062469482421875 198.46875 194.212493896484375 188.524993896484375 181.7937469482421875 175.274993896484375 169.681243896484375 165.1374969482421875 161.131256103515625 158.25 157.0187530517578125 157.2312469482421875 159.0437469482421875 162.4187469482421875 167 170.9499969482421875 168.875 163.9562530517578125 159.8937530517578125 157.118743896484375 156.3625030517578125 153.475006103515625 152.21875 150.9499969482421875 150.3625030517578125 151.9250030517578125 154.0500030517578125 152.399993896484375 146.75 139.743743896484375 131.962493896484375 125.1999969482421875 119.1875
203.306243896484375 197.09375 193.0812530517578125 191.256256103515625 190.7312469482421875 194.7937469482421875 198.5812530517578125 202.806243896484375 207.462493896484375 208.6687469482421875 207.59375 204.4187469482421875 201.8937530517578125 197.8312530517578125 191.931243896484375 185.212493896484375 178.4812469482421875 172.2062530517578125 167 161.756256103515625 158.25 156.149993896484375 155.3625030517578125 157.4250030517578125 161.743743896484375 168.375 175.5 175.3249969482421875 171.8562469482421875 170.149993896484375 169.4375 169.2937469482421875 166.1437530517578125 163.024993896484375 160.443756103515625 157.712493896484375 159.475006103515625 164.1999969482421875 161.7624969482421875 154.2062530517578125 145.9375 137.5124969482421875 130.287506103515625 123.74375152587890625
206.5625 200.6999969482421875 196.024993896484375 193.9499969482421875 193.78125 198.4562530517578125 203.568756103515625 207.8625030517578125 211.84375 212.1062469482421875 210.6062469482421875 207.962493896484375 205.4437408447265625 201.8562469482421875 195.4562530517578125 188.3312530517578125 181.4562530517578125 174.8937530517578125 168.756256103515625 162.712493896484375 157.78125 154.568756103515625 152.368743896484375 154.693756103515625 158.9499969482421875 165.3625030517578125 172.806243896484375 176.4499969482421875 177.7062530517578125 178.681243896484375 180.5374908447265625 181.1437530517578125 178.6750030517578125 175.1374969482421875 171.975006103515625 167.149993896484375 167.881256103515625 172.1374969482421875 169.2687530517578125 161.1687469482421875 151.9812469482421875 143.225006103515625 135.15625 127.90000152587890625
212.9375 206.8249969482421875 200.725006103515625 199.78125 200.4375 204.5500030517578125 209.118743896484375 212.3125 214.7687530517578125 215.3562469482421875 214.056243896484375 211.28125 208.662506103515625 205.09375 198.7687530517578125 191.6125030517578125 184.40625 177.475006103515625 170.5437469482421875 163.693756103515625 157.537506103515625 152.462493896484375 149.1750030517578125 150.7624969482421875 155.3249969482421875 162.381256103515625 170.568756103515625 176.9499969482421875 181.5749969482421875 185.9812469482421875 190.4562530517578125 192.8874969482421875 191.375 188.1374969482421875 184.1875 179.9812469482421875 179.53125 179.3937530517578125 175.3625030517578125 167.9812469482421875 158.537506103515625 149.3000030517578125 140.2624969482421875 133.149993896484375
223.412506103515625 220.09375 213.399993896484375 210.818756103515625 208.53125 211.524993896484375 214.53125 216.5749969482421875 218.0500030517578125 217.7687530517578125 216.0812530517578125 214.056243896484375 211.431243896484375 208.024993896484375 202.0437469482421875 194.975006103515625 187.3125 179.993743896484375 172.556243896484375 164.9499969482421875 158.587493896484375 151.524993896484375 145.9250030517578125 145.9250030517578125 151.9812469482421875 160.3312530517578125 170.2375030517578125 178.6125030517578125 185.712493896484375 192.537506103515625 199.09375 204.8625030517578125 204.8125 201.2937469482421875 197.681243896484375 193.0625 191.006256103515625 189 183.9187469482421875 176.587493896484375 166.9250030517578125 155.743743896484375 145.056243896484375 136.462493896484375
229.34375 226.9562530517578125 223.46875 221.350006103515625 218.8874969482421875 220.256256103515625 220.818756103515625 220.8937530517578125 220.4499969482421875 219.9875030517578125 219.0749969482421875 217.1687469482421875 214.4499969482421875 211.524993896484375 205.774993896484375 199.243743896484375 191.9562530517578125 184.568756103515625 176.9499969482421875 168.5500030517578125 161.306243896484375 153.368743896484375 146.28125 144.8125 152.1125030517578125 160.96875 171.6437530517578125 181.2687530517578125 190.475006103515625 198.5625 207.118743896484375 214.806243896484375 216.6437530517578125 213.350006103515625 209.8000030517578125 205.8625030517578125 202.7937469482421875 200.037506103515625 194.53125 187.600006103515625 177.9812469482421875 164.162506103515625 150.037506103515625 139.693756103515625
235.375 233.931243896484375 233.2375030517578125 232.5 230.318756103515625 229.9875030517578125 228.537506103515625 225.9375 223.881256103515625 222.1437530517578125 220.2937469482421875 218.6875 217.318756103515625 215.0625 209.725006103515625 203.181243896484375 196.649993896484375 189.1125030517578125 181.6687469482421875 173.337493896484375 166.03125 158.381256103515625 152.743743896484375 152.4875030517578125 157.568756103515625 165.181243896484375 175.1750030517578125 184.9187469482421875 194.625 203.524993896484375 212.4499969482421875 220.28125 222.5749969482421875 221.6312408447265625 219.600006103515625 216.5812530517578125 214.193756103515625 211.962493896484375 207.0749969482421875 201.125 192.2687530517578125 176.256256103515625 156.2937469482421875 144.03125
239.868743896484375 239.9499969482421875 242.243743896484375 244.4375 242.7062530517578125 239.34375 235.09375 230.618743896484375 227.087493896484375 223.7687530517578125 221.7687530517578125 220.931243896484375 219.962493896484375 218.5812530517578125 213.4375 208.162506103515625 202.181243896484375 195.024993896484375 187.6374969482421875 179.5625 172.3874969482421875 165.412506103515625 160.8562469482421875 160.8125 164.8249969482421875 171.1374969482421875 180.412506103515625 190.056243896484375 199.9812469482421875 208.4375 216.962493896484375 224.3312530517578125 227.1999969482421875 227.5500030517578125 227.475006103515625 226.193756103515625 225.4375 223.9499969482421875 219.212493896484375 214.506256103515625 207.9375 189.3249969482421875 167.837493896484375 157
243.337493896484375 245.087493896484375 250.1125030517578125 255.1687469482421875 255.4499969482421875 247.850006103515625 240.2687530517578125 234.21875 229.256256103515625 224.9250030517578125 222.5749969482421875 221.5749969482421875 221.962493896484375 221.868743896484375 217.9875030517578125 213.2687530517578125 208.5437469482421875 203.181243896484375 196.2312469482421875 188.100006103515625 180.7062530517578125 174.1437530517578125 169.243743896484375 169.6437530517578125 173.193756103515625 178.787506103515625 186.4312591552734375 195.9562530517578125 205.1750030517578125 213.1750030517578125 221.056243896484375 227.9250030517578125 231.9375 233.5812530517578125 235.03125 234.96875 235.6750030517578125 235.34375 231.556243896484375 227.024993896484375 219.90625 205.4812469482421875 188.0562591552734375 177.881256103515625
244.4187469482421875 247.7687530517578125 253.3562469482421875 259.76251220703125 260.287506103515625 250.8000030517578125 242.1437530517578125 234.6687469482421875 228.7687530517578125 225.0500030517578125 222.662506103515625 222.3874969482421875 223.6437530517578125 224.1374969482421875 221.2624969482421875 218.225006103515625 215.5437469482421875 210.306243896484375 204.8125 197.0187530517578125 189.3562469482421875 182.6500091552734375 177.9875030517578125 178.350006103515625 181.1875 185.8874969482421875 193.118743896484375 201.9375 210.5625 218.375 225.493743896484375 231.850006103515625 236.125 239.337493896484375 241.875 243.59375 246.068756103515625 247.243743896484375 243.7937469482421875 238.662506103515625 233.1437530517578125 222.350006103515625 209.399993896484375 197.7062530517578125
244.087493896484375 247.2687530517578125 251.9375 255.0500030517578125 253.7937469482421875 247.193756103515625 239.6750030517578125 231.96875 226.71875 222.8874969482421875 221.1875 222.256256103515625 224.625 226.037506103515625 225.2062530517578125 223.6875 220.8312530517578125 215.850006103515625 210.5437469482421875 203.618743896484375 196.8312530517578125 190.4375 185.4812469482421875 185.818756103515625 189.287506103515625 193.2937469482421875 199.649993896484375 207.96875 216.306243896484375 223.725006103515625 230.243743896484375 236.256256103515625 240.0625 244.131256103515625 248.212493896484375 252.306243896484375 255.5500030517578125 257.681243896484375 255.2624969482421875 251.5749969482421875 249.4499969482421875 242.806243896484375 234.524993896484375 226.399993896484375
244.537506103515625 245.59375 247.2312469482421875 248.774993896484375 247.149993896484375 241.4187469482421875 234.100006103515625 226.806243896484375 221.943756103515625 219.2624969482421875 220.368743896484375 222.5812530517578125 226.5749969482421875 230.443756103515625 230.524993896484375 229.350006103515625 226.6937408447265625 222.6687469482421875 216.28125 209.943756103515625 203.9375 198.4499969482421875 193.868743896484375 193.943756103515625 196.993743896484375 201.1374969482421875 207.15625 214.0437469482421875 222.21875 228.818756103515625 235.3125 241.125 245.5437469482421875 250.1687469482421875 255.03125 259.79376220703125 264.131256103515625 267.59375 266.66876220703125 267.73126220703125 267.899993896484375 265.61248779296875 264.04998779296875 265.0625
244.09375 243.34375 243.65625 242.993743896484375 239.712493896484375 234.212493896484375 227.837493896484375 221.09375 216.4375 214.40625 216.2375030517578125 222.1750030517578125 228.756256103515625 233.431243896484375 235.0500030517578125 234.59375 233.1437530517578125 229.2062530517578125 222.5124969482421875 216.375 210.912506103515625 205.6437530517578125 201.1374969482421875 201.3874969482421875 203.8125 207.556243896484375 213.743743896484375 220.618743896484375 228.618743896484375 234.21875 240.0749969482421875 246.118743896484375 251.037506103515625 256.29376220703125 261.350006103515625 266.568756103515625 272.318756103515625 275.912506103515625 278.70623779296875 282.712493896484375 286.26251220703125 288.26251220703125 292.36248779296875 300.70001220703125
242.943756103515625 241.431243896484375 240.318756103515625 237.725006103515625 233.9187469482421875 228.0812530517578125 221.4250030517578125 214.774993896484375 209.381256103515625 208.09375 212.1999969482421875 220.9562530517578125 231.2375030517578125 238.931243896484375 241.5 241.71875 240.21875 235.7624969482421875 229.6437530517578125 222.5124969482421875 217.9562530517578125 212.3937530517578125 208.7312469482421875 208.587493896484375 210.274993896484375 213.8000030517578125 219.65625 226.6875 234.212493896484375 239.462493896484375 245.0124969482421875 250.7312469482421875 256.32501220703125 262.40625 267.86248779296875 272.86248779296875 278.399993896484375 284.66876220703125 290.087493896484375 295.26251220703125 301.64373779296875 306.618743896484375 314 325.037506103515625
243.1750030517578125 240.6687469482421875 238.100006103515625 234.587493896484375 229.6999969482421875 223.7687530517578125 216.3312530517578125 208.6687469482421875 202.287506103515625 199.725006103515625 206.162506103515625 219.493743896484375 234.212493896484375 244.2062530517578125 248.2062530517578125 249.162506103515625 247.8687591552734375 243.2687530517578125 236.306243896484375 228.837493896484375 224.1999969482421875 219.8874969482421875 215.693756103515625 215.375 217.1687469482421875 219.9375 225.556243896484375 231.9187469482421875 238.693756103515625 244.1750030517578125 249.9812469482421875 255.274993896484375 261.40625 267.1875 272.587493896484375 276.76251220703125 283.625 289.868743896484375 295.32501220703125 301.41876220703125 308.59375 315.8125 323.53125 334.318756103515625
243.243743896484375 240.09375 236.837493896484375 232.993743896484375 228.056243896484375 222.25 215.3625030517578125 206.631256103515625 197.625 190.6437530517578125 201.6750030517578125 224.068756103515625 240.318756103515625 250.2937469482421875 255.1875 256.6875 256 250.7687530517578125 243.912506103515625 236.2062530517578125 231.15625 226.443756103515625 222.3125 221.7624969482421875 222.837493896484375 225.4875030517578125 230.1875 236.8249969482421875 243.65625 249.149993896484375 254.681243896484375 259.875 266.024993896484375 272.35626220703125 277.45623779296875 282.725006103515625 288.806243896484375 294.431243896484375 298.78125 304.649993896484375 311.53125 319.181243896484375 327.59375 338.149993896484375
242.4562530517578125 239.3562469482421875 236.368743896484375 232.5 228.368743896484375 222.881256103515625 217.40625 210.037506103515625 202.09375 193.087493896484375 215.8625030517578125 240.725006103515625 252.4250030517578125 259.868743896484375 263.9375 265.493743896484375 264.306243896484375 259.17498779296875 251.40625 243.75 237.399993896484375 232.1374969482421875 228.256256103515625 227.3249969482421875 227.806243896484375 230.03125 235.2937469482421875 241.3874969482421875 247.7624969482421875 253.6875 258.625 264.04376220703125 270.34375 276.818756103515625 282.01873779296875 287.01873779296875 292.26873779296875 296.774993896484375 301.33123779296875 306.337493896484375 312.11248779296875 319.587493896484375 327.36248779296875 337.149993896484375
239.1125030517578125 236.4812469482421875 234.5749969482421875 232.1374969482421875 228.850006103515625 225.125 221.818756103515625 219.149993896484375 219.3562469482421875 229.1437530517578125 256.837493896484375 263.86248779296875 266.89373779296875 271.15625 273.6875 274.67498779296875 273.23126220703125 266.85626220703125 258.76251220703125 250.5 243.09375 236.649993896484375 232.2937469482421875 231.28125 231.850006103515625 233.881256103515625 238.225006103515625 244.0749969482421875 250.068756103515625 256.14373779296875 261.96875 266.225006103515625 271.9375 277.600006103515625 283.57501220703125 288.07501220703125 292.381256103515625 296.36248779296875 299.89373779296875 303.67498779296875 309.0625 314.73126220703125 320.79376220703125 328.26251220703125
236.4812469482421875 234.4250030517578125 233.443756103515625 232.149993896484375 230.4875030517578125 229.587493896484375 229.337493896484375 231.53125 236.993743896484375 249.1437530517578125 266.8125 275.85626220703125 278.92498779296875 282.35626220703125 284.57501220703125 284.63751220703125 282.506256103515625 276.243743896484375 266.95623779296875 257.743743896484375 247.8874969482421875 239.7062530517578125 234.318756103515625 232.6125030517578125 234.0187530517578125 236.6750030517578125 241.375 247.0124969482421875 252.431243896484375 258.806243896484375 264.006256103515625 269.350006103515625 274.9375 279.73126220703125 284.306243896484375 287.28125 291.412506103515625 294.493743896484375 297.068756103515625 299.443756103515625 302.850006103515625 307.493743896484375 312.70623779296875 318.45623779296875
