data/historical-monthly-weather-data/wc2.1_cruts4.09_10m_prec_1996-09.asc
ncols        45
nrows        45
xllcorner    -63.500000000000
yllcorner    -7.500000000000
cellsize     0.166666666667
NODATA_value -9999
[rows 0 to 18 of 45, columns 0 to 43 of 45]
220.4499969482421875 225.100006103515625 225.65625 229.3125 229.462493896484375 225.7375030517578125 216.100006103515625 204.625 196.5625 189.462493896484375 185.131256103515625 182.3937530517578125 179.6687469482421875 174.6062469482421875 170.1750030517578125 164.5749969482421875 160.7062530517578125 153.993743896484375 148.7937469482421875 142.7312469482421875 138.868743896484375 133.162506103515625 128.5 122.78125 116.56874847412109375 112.28125 108.47499847412109375 104.6062469482421875 99.3562469482421875 93.91249847412109375 87.70000457763671875 82.5187530517578125 78.44374847412109375 72.9375 68.43125152587890625 66.3249969482421875 65.3125 64.3937530517578125 64.83750152587890625 65.75624847412109375 66.96250152587890625 68.5500030517578125 69.4812469482421875 70.56874847412109375
209.25 213.6875 219.6125030517578125 228.7375030517578125 238.306243896484375 230.5124969482421875 219.225006103515625 212.4250030517578125 204.962493896484375 197.818756103515625 193.037506103515625 189.125 185.5187530517578125 179.100006103515625 173.818756103515625 169.149993896484375 163.306243896484375 156.837493896484375 150.600006103515625 144.537506103515625 139.5500030517578125 135.7937469482421875 130.7937469482421875 125.3562469482421875 117.7687530517578125 112.49375152587890625 108.75624847412109375 104.72499847412109375 98.3000030517578125 92.1687469482421875 85.75624847412109375 80.65000152587890625 75.4562530517578125 70.68125152587890625 66.02500152587890625 63.575000762939453125 62.09999847412109375 61.08750152587890625 61.393749237060546875 62.293750762939453125 63.612499237060546875 65.3937530517578125 67.0812530517578125 67.71250152587890625
190.7062530517578125 197.5625 205.2312469482421875 216.7624969482421875 227.1125030517578125 225.4937591552734375 218.7624969482421875 213.4187469482421875 208.6125030517578125 203.3125 199.225006103515625 194.881256103515625 190.8937530517578125 183.96875 177.1999969482421875 172.5124969482421875 166.0062408447265625 159.9187469482421875 153.8249969482421875 148.2687530517578125 143.0812530517578125 138.225006103515625 133.5187530517578125 127.25624847412109375 119 111.8625030517578125 108.7937469482421875 103.44374847412109375 96.9187469482421875 90.34999847412109375 83.47499847412109375 78.125 74.02500152587890625 69.3000030517578125 64.74375152587890625 61.65625 59.61875152587890625 58.27500152587890625 58.55625152587890625 59.41249847412109375 60.643749237060546875 62.125 64.18125152587890625 65.3000030517578125
169.28125 176.475006103515625 190.774993896484375 200.9812469482421875 211.2375030517578125 213.493743896484375 213.28125 214.7624969482421875 213.1750030517578125 210.4499969482421875 206.1875 201.443756103515625 194.4250030517578125 188.4375 181.274993896484375 175.350006103515625 169.3562469482421875 163.6374969482421875 159.4562530517578125 155.0124969482421875 149.287506103515625 142.21875 135.6062469482421875 128.1999969482421875 118.49375152587890625 110.9250030517578125 106.2062530517578125 99.21875 93.19374847412109375 87.33750152587890625 81.3625030517578125 75.3937530517578125 70.84999847412109375 66.40000152587890625 61.71250152587890625 59.643749237060546875 57.71250152587890625 55.793750762939453125 55.99375152587890625 56.15000152587890625 56.63124847412109375 58.05625152587890625 59.99375152587890625 61.63124847412109375
166.4375 168.3874969482421875 173.181243896484375 183.287506103515625 197.6125030517578125 203.931243896484375 207.1999969482421875 212.3937530517578125 215.15625 214.4250030517578125 211.2687530517578125 204.0437469482421875 198.3312530517578125 194.1374969482421875 186.8562469482421875 179.962493896484375 173.024993896484375 167.506256103515625 163.4875030517578125 158.3937530517578125 153.618743896484375 144.125 137.4375 128.8125 118.1750030517578125 109.4562530517578125 102.33750152587890625 96.08750152587890625 89.71250152587890625 83.4250030517578125 77.97499847412109375 71.78749847412109375 67.18125152587890625 63.38124847412109375 59.549999237060546875 56.83750152587890625 54.5 52.74375152587890625 52.77500152587890625 52.674999237060546875 52.71250152587890625 53.856250762939453125 55.36875152587890625 57.356250762939453125
164.6750030517578125 165.6062469482421875 167.3125 168.2874908447265625 182.212493896484375 195.649993896484375 202.8249969482421875 207.631256103515625 210.9499969482421875 213.2312469482421875 210.34375 203.4562530517578125 198.631256103515625 195.381256103515625 188.03125 182.837493896484375 176.712493896484375 171.118743896484375 167.368743896484375 163.537506103515625 155.412506103515625 145.7687530517578125 137.2937469482421875 126.55625152587890625 116.36875152587890625 106.5124969482421875 99.00624847412109375 93.02500152587890625 86.31874847412109375 79.9187469482421875 74.52500152587890625 70.46250152587890625 66.02500152587890625 62.049999237060546875 58.06874847412109375 55.91249847412109375 53.456249237060546875 51.924999237060546875 51.825000762939453125 51.06874847412109375 49.21875 50.03125 51.25 53.27500152587890625
165.5625 166.84375 168.100006103515625 168.8312530517578125 176.193756103515625 183.6687469482421875 193.243743896484375 201.087493896484375 203.350006103515625 204.0187530517578125 204.34375 200.5 197.7687530517578125 194.625 189.2624969482421875 184.9875030517578125 180.381256103515625 177.100006103515625 173.0625 168.006256103515625 157.475006103515625 146.59375 135.212493896484375 123.6374969482421875 113.59999847412109375 103.93125152587890625 96.4499969482421875 90.1437530517578125 82.875 76.44374847412109375 71.58750152587890625 67.05625152587890625 63.393749237060546875 60.13124847412109375 56.712497711181640625 53.83750152587890625 51.512500762939453125 50.450000762939453125 50.78749847412109375 48.46875 45.84999847412109375 45.825000762939453125 46.71875 48.625
167.181243896484375 168.162506103515625 169.5437469482421875 173.6312408447265625 180.7062530517578125 188.787506103515625 192.6999969482421875 192.09375 190.631256103515625 193.09375 197.5500030517578125 196.6750030517578125 195.631256103515625 193.1750030517578125 190.818756103515625 185.9250030517578125 182.431243896484375 181.0500030517578125 178.2312469482421875 170.5187530517578125 159.3625030517578125 146.5124969482421875 134.0437469482421875 121.09999847412109375 110.15625 100.24375152587890625 92.28125 85.3125 78.9250030517578125 72.90625 68.28125 63.9187469482421875 60.46875 57.768749237060546875 54.09999847412109375 51.112499237060546875 48.56874847412109375 46.83750152587890625 45.606250762939453125 43.299999237060546875 40.518749237060546875 40.112499237060546875 40.762500762939453125 41.918750762939453125
170.6937408447265625 172.75 175.649993896484375 179.6687469482421875 186.1062469482421875 192.0187530517578125 195.8312530517578125 195.375 190.5625 187.537506103515625 191.506256103515625 191.25 192.7687530517578125 190.3874969482421875 188.9812469482421875 186.0500030517578125 183.600006103515625 181.993743896484375 180.087493896484375 171.756256103515625 157.7687530517578125 145.1999969482421875 130.1687469482421875 118.72499847412109375 106.71875 95.9250030517578125 88.21875 82.11875152587890625 76.6687469482421875 70.7937469482421875 66.90625 61.356250762939453125 56.94374847412109375 53.106250762939453125 49.81874847412109375 47.66249847412109375 45.47499847412109375 43.13124847412109375 40.987499237060546875 38.52500152587890625 35.793750762939453125 34.99375152587890625 35.206249237060546875 35.893749237060546875
172.4812469482421875 175.368743896484375 179.0187530517578125 183.3125 190.6875 196.681243896484375 200.2937469482421875 199.1687469482421875 195.600006103515625 193.34375 193.100006103515625 190.006256103515625 189.6437530517578125 188.9375 186.850006103515625 186.318756103515625 183.318756103515625 181.037506103515625 178.4749908447265625 172.431243896484375 158.131256103515625 142.5124969482421875 126.53749847412109375 114.0625 101.15625 90.7937469482421875 83.86875152587890625 78.1374969482421875 73.1062469482421875 68.3874969482421875 63.31874847412109375 57.84375 53.28749847412109375 49.856250762939453125 46.65625 44.18125152587890625 42.03749847412109375 39.518749237060546875 36.71250152587890625 34.075000762939453125 31.393749237060546875 30.524999618530273438 29.481250762939453125 29.537500381469726562
176.59375 179.537506103515625 183.462493896484375 187.556243896484375 194.1062469482421875 201.6999969482421875 205.649993896484375 201.96875 197.0187530517578125 194.8000030517578125 194.587493896484375 192.2687530517578125 188.5812530517578125 185.5187530517578125 183.3562469482421875 182.6437530517578125 179.65625 177.149993896484375 174.318756103515625 169.8249969482421875 158.318756103515625 142.28125 124.96875 107.38124847412109375 96.13124847412109375 88.5124969482421875 82.02500152587890625 75.4187469482421875 69.4875030517578125 64.75 60.075000762939453125 54.83750152587890625 50.424999237060546875 46.606250762939453125 43.299999237060546875 40.643749237060546875 38.268749237060546875 35.65625 33.15000152587890625 30.056249618530273438 27.056249618530273438 25.75 25.056249618530273438 24.231250762939453125
178.118743896484375 181.1125030517578125 185.193756103515625 190.7624969482421875 197.0187530517578125 203.662506103515625 208.6125030517578125 205.2312469482421875 198.3125 193.7624969482421875 193.0187530517578125 191.75 185.6437530517578125 180.5500030517578125 180.412506103515625 178.475006103515625 176.0749969482421875 171.5124969482421875 168.5749969482421875 166.912506103515625 158.0187530517578125 141.8874969482421875 123.47499847412109375 104.9187469482421875 92.6437530517578125 83.90000152587890625 77.1687469482421875 71.02500152587890625 64.8937530517578125 60.44374847412109375 55.831249237060546875 51.018749237060546875 46.799999237060546875 43.543750762939453125 40.90000152587890625 38.225002288818359375 35.674999237060546875 33.125 29.818750381469726562 26.331249237060546875 23.299999237060546875 21.71875 20.90625 19.931249618530273438
178.193756103515625 181.087493896484375 184.59375 188.5 193.350006103515625 198.725006103515625 201.40625 198.9375 194.78125 191.118743896484375 188.5437469482421875 187.912506103515625 183.7312469482421875 174.9812469482421875 172.0500030517578125 171.5749969482421875 169.056243896484375 165.15625 162.53125 160.21875 152.6374969482421875 138.618743896484375 120.66249847412109375 103.375 88.4562530517578125 79 73.2312469482421875 67.6437530517578125 62.03125 57.19374847412109375 52.00624847412109375 47.231250762939453125 43.518749237060546875 39.956249237060546875 37.331249237060546875 35.362499237060546875 33.78125 31.743749618530273438 28.806249618530273438 24.375 20.487499237060546875 19.15625 17.950000762939453125 15.556249618530273438
176.8249969482421875 179.03125 180.975006103515625 183.96875 188.368743896484375 190.8562469482421875 191.9562530517578125 191.743743896484375 188.125 185.6125030517578125 181.618743896484375 178.09375 174.75 168.28125 161.9875030517578125 162.0749969482421875 160 155.587493896484375 151.6750030517578125 149.3312530517578125 141.7062530517578125 128.537506103515625 114.1750030517578125 101.11875152587890625 87.96250152587890625 77.5 70.86875152587890625 64.6437530517578125 58.543750762939453125 53.793750762939453125 49.549999237060546875 44.5625 40.50624847412109375 37.03125 34.668750762939453125 33.643749237060546875 33.0625 32.34999847412109375 29.737499237060546875 25.618749618530273438 19.931249618530273438 16.956249237060546875 15.762499809265136719 14.668749809265136719
174.087493896484375 174.975006103515625 176.193756103515625 178.75 182.59375 181.7312469482421875 183.6437530517578125 182.71875 179.306243896484375 177.931243896484375 172.8625030517578125 168.8312530517578125 164.4875030517578125 158.537506103515625 150.881256103515625 148.0625 146.943756103515625 144.256256103515625 139.8249969482421875 137.6374969482421875 131.0625 121.0625 110.00624847412109375 100.2624969482421875 90.6999969482421875 80.84999847412109375 72.70624542236328125 64.52500152587890625 57.293750762939453125 52.40000152587890625 46.72499847412109375 41.768749237060546875 38.237499237060546875 34.69374847412109375 31.612499237060546875 31.581249237060546875 33.043750762939453125 34.61875152587890625 33.237499237060546875 28.381250381469726562 22.918750762939453125 19.318750381469726562 17.418750762939453125 15.743749618530273438
169.5500030517578125 169.693756103515625 171.443756103515625 173.2375030517578125 174.712493896484375 175.4187469482421875 175.59375 174.100006103515625 171.899993896484375 170.631256103515625 165.475006103515625 160.024993896484375 154.78125 149.2624969482421875 142.037506103515625 135.4250030517578125 133.78125 132.9562530517578125 129.3000030517578125 127.8562469482421875 121.2937469482421875 114.6125030517578125 107.7937469482421875 101.5124969482421875 93.55625152587890625 83.2687530517578125 73.6687469482421875 65.19374847412109375 57.799999237060546875 51.84999847412109375 47.012500762939453125 41.28749847412109375 36.88124847412109375 33.637500762939453125 30.056249618530273438 31.475000381469726562 34.71875 36.643749237060546875 36.46875 32.15625 27.162500381469726562 22.649999618530273438 19.0625 16.350000381469726562
162.8562469482421875 163.6374969482421875 166.006256103515625 167.84375 168.71875 169.4375 169.0749969482421875 168.243743896484375 165.899993896484375 163.21875 159.149993896484375 153.2312469482421875 146.3562469482421875 140.09375 135.306243896484375 129.78125 123.21875 121.40000152587890625 120.43125152587890625 118.81874847412109375 112.75 107.86875152587890625 104.8249969482421875 102.46250152587890625 96.6125030517578125 84.8000030517578125 74.6125030517578125 65.90625 58.47499847412109375 52.75 48.5625 44.46250152587890625 39.34375 35.34375 34.21250152587890625 34.8125 36.97499847412109375 41.125 43.018749237060546875 35.96875 28.587499618530273438 23.618749618530273438 19.331249237060546875 16.850000381469726562
156.4250030517578125 157.912506103515625 159.15625 161.2062530517578125 163.6875 164.6374969482421875 163.7375030517578125 162.15625 160.5625 156.8125 152.375 146.4187469482421875 139.368743896484375 133.0374908447265625 128.087493896484375 123.6875 118.00624847412109375 111.0124969482421875 112.02500152587890625 110.1875 105.6750030517578125 100.78125 98.9812469482421875 98.6875 94.88124847412109375 84.49375152587890625 75.53125 66.97499847412109375 58.96250152587890625 52.5 47.793750762939453125 43.75624847412109375 42.981250762939453125 42.112499237060546875 39.09999847412109375 36.831249237060546875 39.674999237060546875 42.674999237060546875 41.50624847412109375 35.69374847412109375 27.643749237060546875 22.831249237060546875 19.100000381469726562 17.25
149.7062530517578125 150.8625030517578125 152.1125030517578125 155.181243896484375 157.506256103515625 158.875 158.21875 158.306243896484375 156.03125 152.1999969482421875 147.274993896484375 140.475006103515625 132.837493896484375 126.71250152587890625 121.0812530517578125 118.13124847412109375 114.00624847412109375 106.5749969482421875 103.5 102.02500152587890625 100.0625 100.9812469482421875 91.83750152587890625 91.3312530517578125 89.55625152587890625 84.5 77.18125152587890625 68.34375 61.637500762939453125 54.34375 48.59375 47.668750762939453125 50.24375152587890625 49.125 46.47499847412109375 43.71250152587890625 42.55625152587890625 41.21250152587890625 38.08750152587890625 32.362499237060546875 25.825000762939453125 21.75 18.737499237060546875 17.1875
