data/historical-monthly-weather-data/wc2.1_cruts4.09_10m_prec_2021-12.asc
ncols        45
nrows        45
xllcorner    -63.500000000000
yllcorner    -7.500000000000
cellsize     0.166666666667
NODATA_value -9999
[rows 20 to 39 of 45, columns 0 to 44 of 45]
218.5 218.2937469482421875 218.15625 219.0812530517578125 221.118743896484375 225.1062469482421875 228.7062530517578125 231.9375 235.65625 237.6750030517578125 237.912506103515625 239.125 239.8562469482421875 238.631256103515625 235.3000030517578125 230.287506103515625 225.256256103515625 221.3312530517578125 220 218.868743896484375 219.6687469482421875 220.4250030517578125 221.368743896484375 223.28125 226.662506103515625 228.78125 226.8625030517578125 219.3000030517578125 208.3625030517578125 197.931243896484375 190.506256103515625 189.3312530517578125 191.524993896484375 195.850006103515625 201.2312469482421875 209.287506103515625 220.556243896484375 232.65625 241.71875 245.25 243.2687530517578125 237.6999969482421875 234.568756103515625 232.0437469482421875 228.475006103515625
217.75 217.2624969482421875 218.875 222.4250030517578125 226.0124969482421875 230.243743896484375 234.6687469482421875 238.725006103515625 242.5625 244.6374969482421875 244.2375030517578125 244.4375 244.181243896484375 242.0500030517578125 239.1125030517578125 234.806243896484375 230.4499969482421875 226.618743896484375 223.9250030517578125 221.662506103515625 219.84375 220.131256103515625 222.024993896484375 224.09375 228.024993896484375 233.306243896484375 236.125 230.3625030517578125 220.9812469482421875 212.850006103515625 206.631256103515625 204.1437530517578125 204.3625030517578125 207.6125030517578125 211.274993896484375 218.3562469482421875 229.3000030517578125 241.712493896484375 249.1687469482421875 250.162506103515625 248.21875 243.412506103515625 239.78125 236.975006103515625 233.9250030517578125
217.600006103515625 218.962493896484375 220.725006103515625 224.868743896484375 230.068756103515625 235.8000030517578125 240.3625030517578125 245.412506103515625 250.837493896484375 252.087493896484375 250.90625 249.256256103515625 248.681243896484375 246.412506103515625 243.2312469482421875 239.1125030517578125 234.587493896484375 229.943756103515625 226.4875030517578125 222.5749969482421875 219.8000030517578125 218.712493896484375 219.068756103515625 221.4875030517578125 226.7312469482421875 234.90625 241.881256103515625 238.524993896484375 230.7937469482421875 225.1125030517578125 220.8625030517578125 218.524993896484375 218.306243896484375 219.0812530517578125 220.899993896484375 224.943756103515625 236.0812530517578125 252.412506103515625 259.16876220703125 257.70623779296875 254.3249969482421875 249.1062469482421875 245.318756103515625 242.225006103515625 238.7312469482421875
218.212493896484375 218.943756103515625 220.681243896484375 225.649993896484375 232.350006103515625 239.287506103515625 245.7937469482421875 251.3000030517578125 256.38751220703125 256.96875 255.6437530517578125 254.3249969482421875 253.3625030517578125 251.318756103515625 247.506256103515625 242.8874969482421875 238.2375030517578125 233.2062530517578125 228.5 223.475006103515625 218.6750030517578125 216 214.337493896484375 217 222.0437469482421875 229.75 236.962493896484375 238.59375 236.975006103515625 234.381256103515625 232.9875030517578125 231.09375 231.6875 231.8000030517578125 232.756256103515625 234.125 243.8562469482421875 259.45623779296875 265.90625 264.09375 259.71875 254.46875 249.6687469482421875 245.7624969482421875 244.118743896484375
221.7249908447265625 221.0812530517578125 222.125 229.5812530517578125 238.5500030517578125 245.4187469482421875 251.787506103515625 256.45623779296875 260.1875 261.618743896484375 260.88751220703125 259.131256103515625 257.625 255.2624969482421875 251.5124969482421875 246.84375 241.78125 236.274993896484375 230.4375 224.3125 217.837493896484375 212.53125 209.2687530517578125 210.7687530517578125 216.125 224.59375 232.618743896484375 237.6999969482421875 240.28125 241.8000030517578125 243.2687530517578125 243.256256103515625 244.8562469482421875 245.274993896484375 245.125 247.6687469482421875 255.9812469482421875 265.20623779296875 270.181243896484375 269.98126220703125 265.725006103515625 260.181243896484375 254.1437530517578125 251.118743896484375 247.65625
230.181243896484375 231.631256103515625 232.90625 239.725006103515625 246.3625030517578125 252.493743896484375 257.5 261.35626220703125 264.33123779296875 265.149993896484375 264.243743896484375 263.037506103515625 261.100006103515625 258.568756103515625 255.1875 250.59375 244.9562530517578125 238.9562530517578125 232.443756103515625 225.3000030517578125 218.5437469482421875 210.5124969482421875 204.006256103515625 203.1999969482421875 210.4875030517578125 220.587493896484375 230.6875 238.193756103515625 243.71875 248.006256103515625 251.693756103515625 255.4187469482421875 258.725006103515625 258.70001220703125 258.943756103515625 261.193756103515625 267.431243896484375 274.0625 277.84375 278.243743896484375 274.29376220703125 266.20001220703125 257.90625 252.8249969482421875 251.193756103515625
239.1062469482421875 241.25 245.1875 251.4812469482421875 256.962493896484375 261.42498779296875 263.98126220703125 265.91876220703125 266.79376220703125 267.54998779296875 267.66876220703125 266.11248779296875 263.431243896484375 260.9375 257.662506103515625 253.712493896484375 248.556243896484375 242.618743896484375 236.056243896484375 228.0749969482421875 220.318756103515625 211.2687530517578125 202.84375 199.899993896484375 208.6999969482421875 219.2062530517578125 230 238.78125 246.71875 252.568756103515625 258.73748779296875 264.837493896484375 270.61248779296875 271.100006103515625 271.587493896484375 274.412506103515625 278.756256103515625 283.868743896484375 287.274993896484375 288.743743896484375 285.60626220703125 274.6875 262.01251220703125 255.006256103515625 259.618743896484375
249.25 252.3249969482421875 258.068756103515625 264.38751220703125 268.756256103515625 271.399993896484375 272.087493896484375 271.29376220703125 270.399993896484375 269.73748779296875 268.76873779296875 266.993743896484375 265.287506103515625 263.0625 260.11248779296875 256.056243896484375 251.837493896484375 245.868743896484375 239.8000030517578125 232.1374969482421875 224.5187530517578125 216.1374969482421875 209.912506103515625 208.53125 214.006256103515625 222.493743896484375 231.9499969482421875 240.4375 248.662506103515625 255.524993896484375 262.23748779296875 268.58123779296875 275.037506103515625 278.618743896484375 281.149993896484375 284.58123779296875 289.199981689453125 294.399993896484375 298.962493896484375 302.381256103515625 301.212493896484375 288.725006103515625 268.181243896484375 259.21875 273.40625
257.66876220703125 262.193756103515625 269.92498779296875 277.912506103515625 281.33123779296875 280.662506103515625 278.524993896484375 275.89373779296875 273.40625 270.975006103515625 269.82501220703125 268.462493896484375 266.70623779296875 265.04998779296875 262.068756103515625 259.45623779296875 255.8312530517578125 250.568756103515625 244.7624969482421875 237.712493896484375 230.568756103515625 223.3562469482421875 218.7937469482421875 217.53125 221.3562469482421875 227.787506103515625 235.8000030517578125 243.7624969482421875 251.837493896484375 258.243743896484375 264.600006103515625 270.5625 277.76251220703125 283.04376220703125 288.056243896484375 293.0625 298.975006103515625 304.53125 309.28125 314.725006103515625 317.662506103515625 302.899993896484375 281.98126220703125 277.25 292.04376220703125
262.725006103515625 268.16876220703125 278.01251220703125 288.25 293.11248779296875 287.58123779296875 281.73126220703125 277.350006103515625 273.23748779296875 269.57501220703125 268.024993896484375 266.462493896484375 266.274993896484375 266.01251220703125 264.125 261.64373779296875 259.15625 256.212493896484375 251.243743896484375 244.350006103515625 237.21875 230.850006103515625 226.03125 225.2687530517578125 228.1875 233.4000091552734375 239.068756103515625 246.5187530517578125 253.5812530517578125 260.03125 266.350006103515625 272.33123779296875 280.90625 287.65625 294.32501220703125 299.931243896484375 306.649993896484375 312.631256103515625 317.837493896484375 322.662506103515625 324.01251220703125 316.20001220703125 303.068756103515625 300.368743896484375 306.024993896484375
264.84375 270.912506103515625 280.443756103515625 291.25 295.53125 287.8125 280.774993896484375 274.79376220703125 269.5625 266.681243896484375 265.087493896484375 264.38751220703125 265.274993896484375 265.649993896484375 264.431243896484375 263.381256103515625 262.899993896484375 260.14373779296875 257.118743896484375 250.9187469482421875 243.71875 237.4499969482421875 233.15625 232.1750030517578125 233.9875030517578125 237.787506103515625 242.6374969482421875 249.0124969482421875 255.243743896484375 262.131256103515625 268.42498779296875 274.57501220703125 283.368743896484375 291.837493896484375 299.556243896484375 306.381256103515625 314.1875 320.975006103515625 325.58123779296875 328.46875 331.181243896484375 328.743743896484375 323.11248779296875 318.587493896484375 320.78125
264.5625 269.462493896484375 277.10626220703125 283.29998779296875 284.70001220703125 280.243743896484375 274.58123779296875 268.4375 263.98748779296875 260.943756103515625 260.11248779296875 261.056243896484375 263.29998779296875 264.712493896484375 265.36248779296875 265.493743896484375 264.243743896484375 261.806243896484375 259.09375 254.131256103515625 248.2312469482421875 242.5812530517578125 238.0625 236.9875030517578125 239.3625030517578125 242.087493896484375 245.662506103515625 251.2375030517578125 257.100006103515625 264.20001220703125 270.63751220703125 277.131256103515625 285.33123779296875 294.625 303.92498779296875 312.73126220703125 320.412506103515625 327.32501220703125 332.087493896484375 335.75 342.03125 345.212493896484375 346.65625 348.037506103515625 354.79998779296875
259.63751220703125 262.087493896484375 266.306243896484375 270.649993896484375 271.60626220703125 268.506256103515625 263.51873779296875 258.1875 254.118743896484375 252.28125 254.618743896484375 257.07501220703125 261.381256103515625 265.76873779296875 266.88751220703125 266.787506103515625 265.21875 263.774993896484375 259.787506103515625 255.5500030517578125 250.618743896484375 246.118743896484375 242.118743896484375 240.78125 242.625 245.4812469482421875 248.6062469482421875 252.40625 258.162506103515625 265.01251220703125 272.212493896484375 279.212493896484375 288.09375 297.818756103515625 307.868743896484375 317.11248779296875 325.79998779296875 333.83123779296875 338.962493896484375 347.10626220703125 354.6875 362.11248779296875 371.443756103515625 384.931243896484375 408.64373779296875
252.8312530517578125 253.443756103515625 256.28125 258.29998779296875 257.61248779296875 255.2062530517578125 251.75 247.3874969482421875 243.537506103515625 242.28125 245.2687530517578125 252.1687469482421875 259.631256103515625 264.993743896484375 267.350006103515625 267.381256103515625 266.64373779296875 265.16876220703125 260.78125 256.76873779296875 252.4875030517578125 248.21875 244.256256103515625 243.1999969482421875 244.3312530517578125 246.6999969482421875 250.0625 253.8937530517578125 259.51873779296875 265.9375 273.23748779296875 281.212493896484375 290.600006103515625 300.912506103515625 310.9375 320.46875 330.59375 338.3125 346.375 356.29998779296875 366.21875 377.14373779296875 391.756256103515625 412.92498779296875 442.85626220703125
244.875 244.806243896484375 246.2687530517578125 246.350006103515625 245.274993896484375 242.875 239.537506103515625 235.6687469482421875 231.09375 230.6750030517578125 236.1750030517578125 246.287506103515625 258.04998779296875 266.90625 269.774993896484375 269.993743896484375 268.712493896484375 266.506256103515625 262.725006103515625 257.524993896484375 254.25 249.5187530517578125 246.5812530517578125 245.118743896484375 245.399993896484375 247.5187530517578125 250.5812530517578125 254.65625 259.881256103515625 266.57501220703125 274.29376220703125 282.59375 292.65625 303.725006103515625 313.993743896484375 323.04376220703125 332.662506103515625 343.20001220703125 352.92498779296875 362.475006103515625 374.01873779296875 386.36248779296875 402.58123779296875 424.28125 449.743743896484375
235.8937530517578125 235.0500030517578125 235.09375 234.28125 232.149993896484375 229.774993896484375 225.75 221.068756103515625 216.381256103515625 215.537506103515625 224.1937408447265625 239.381256103515625 256 267.38751220703125 271.64373779296875 272.53125 271.287506103515625 268.70001220703125 263.837493896484375 258.087493896484375 254.53125 251.162506103515625 247.493743896484375 245.943756103515625 246.4250030517578125 247.8312530517578125 250.90625 254.537506103515625 259.26873779296875 266.587493896484375 274.98748779296875 283.131256103515625 293.60626220703125 304.006256103515625 313.943756103515625 322.08123779296875 333.28125 343.78125 353.212493896484375 363.45001220703125 375.287506103515625 388.681243896484375 403.17498779296875 422 440.006256103515625
226.4187469482421875 225.225006103515625 224.6437530517578125 223.537506103515625 221.4562530517578125 219.3249969482421875 216.056243896484375 210.6125030517578125 204.3937530517578125 199.975006103515625 214.1875 238.975006103515625 257.13751220703125 268.475006103515625 273.600006103515625 274.9375 274.274993896484375 270.79376220703125 265.84375 259.693756103515625 255.53125 251.53125 247.818756103515625 246.1437530517578125 245.962493896484375 247.3249969482421875 249.756256103515625 254.0437469482421875 259.13751220703125 266.84375 275.274993896484375 283.54376220703125 293.8125 304.5 313.85626220703125 323.26873779296875 333.649993896484375 343.51251220703125 351.475006103515625 361.212493896484375 372.29376220703125 384.5 397.79998779296875 413.91876220703125 425.67498779296875
216.693756103515625 215.725006103515625 215.4187469482421875 214.3312530517578125 213.1062469482421875 211.399993896484375 209.6374969482421875 205.912506103515625 201.881256103515625 196.5437469482421875 223.3562469482421875 250.71875 264.118743896484375 272.993743896484375 277.256256103515625 278.67498779296875 277.57501220703125 273.98748779296875 267.85626220703125 261.61248779296875 255.8937530517578125 251.149993896484375 247.6125030517578125 245.631256103515625 244.931243896484375 245.962493896484375 249.3625030517578125 253.4375 258.39373779296875 266.79376220703125 274.84375 283.54998779296875 293.70623779296875 304.25 313.443756103515625 322.556243896484375 332.01251220703125 340.58123779296875 348.625 357.162506103515625 366.506256103515625 377.04376220703125 387.84375 401.01873779296875 410.943756103515625
207.212493896484375 206.381256103515625 206.9124908447265625 207 206.40625 206.2312469482421875 206.4250030517578125 207.193756103515625 211.287506103515625 224.818756103515625 256.306243896484375 265.962493896484375 271.41876220703125 277.931243896484375 281.51251220703125 283.274993896484375 282.67498779296875 277.6875 270.96875 263.85626220703125 256.850006103515625 250.662506103515625 246.4875030517578125 244.6437530517578125 244.3312530517578125 245.3937530517578125 248.375 252.7624969482421875 257.806243896484375 266.10626220703125 274.787506103515625 281.96875 291.243743896484375 300.631256103515625 310.38751220703125 318.6875 326.84375 334.59375 341.274993896484375 348.193756103515625 356.82501220703125 364.90625 373.29998779296875 383.225006103515625 390.631256103515625
198.75 198.149993896484375 199.2624969482421875 200.212493896484375 200.9499969482421875 203.1125030517578125 205.9187469482421875 211.0187530517578125 219.837493896484375 235.1999969482421875 256.08123779296875 268.59375 275.318756103515625 282.212493896484375 286.61248779296875 288.574981689453125 288.23126220703125 283.243743896484375 275.04998779296875 266.73126220703125 256.993743896484375 248.881256103515625 243.506256103515625 241.193756103515625 241.962493896484375 244.006256103515625 247.8562469482421875 252.6687469482421875 257.61248779296875 265.931243896484375 273.51251220703125 281.431243896484375 290.274993896484375 298.443756103515625 306.45623779296875 312.82501220703125 320.475006103515625 326.975006103515625 332.375 337.506256103515625 343.66876220703125 350.381256103515625 357.618743896484375 365.368743896484375 371.76251220703125
