data/historical-monthly-weather-data/wc2.1_cruts4.09_10m_prec_1958-01.asc
ncols        45
nrows        45
xllcorner    -63.500000000000
yllcorner    -7.500000000000
cellsize     0.166666666667
NODATA_value -9999
[rows 20 to 39 of 45, columns 0 to 44 of 45]
349.64373779296875 350.056243896484375 354.04998779296875 360.774993896484375 368.07501220703125 378.85626220703125 390.8125 399.399993896484375 404.41876220703125 406.0625 406.9375 412.70001220703125 423.100006103515625 434.48748779296875 422.95001220703125 398.23748779296875 380.46875 370.01251220703125 368.17498779296875 366.475006103515625 371.38751220703125 374.806243896484375 376.88751220703125 382.3125 389.10626220703125 396.48126220703125 402.212493896484375 408.63751220703125 413.95623779296875 415.975006103515625 408.53125 395.431243896484375 379.48126220703125 363.162506103515625 348.86248779296875 369.46875 402.25 424.38751220703125 428.26251220703125 417.181243896484375 396.693756103515625 375.36248779296875 359.5 346.6875 336.024993896484375
347.59375 346.08123779296875 350.14373779296875 358.78125 369.506256103515625 381.53125 393.850006103515625 405.67498779296875 411.16876220703125 407.306243896484375 400.83123779296875 394.568756103515625 393.274993896484375 396.71875 394.21875 383.76873779296875 376.42498779296875 370.3125 367.29376220703125 366.20001220703125 366.5 369.1875 373.36248779296875 379.818756103515625 387.806243896484375 397.006256103515625 406.76251220703125 410.618743896484375 411.51251220703125 407.26251220703125 394.33123779296875 380.36248779296875 371.993743896484375 368.61248779296875 369.149993896484375 388.61248779296875 422.51873779296875 449.73748779296875 453.26873779296875 437.399993896484375 412.70623779296875 388.5 369.75 354.40625 341.57501220703125
345.95623779296875 344.3125 346.100006103515625 354.67498779296875 367.85626220703125 383.243743896484375 396.712493896484375 410.125 418.993743896484375 408.774993896484375 391.07501220703125 372.04376220703125 359.85626220703125 360.725006103515625 367.78125 370.181243896484375 368.54998779296875 365.899993896484375 363.587493896484375 361.95623779296875 362.40625 363.375 365.399993896484375 371.67498779296875 382.61248779296875 395.693756103515625 407.20001220703125 410.256256103515625 408.0625 397.662506103515625 382.54998779296875 370.306243896484375 373.82501220703125 380.38751220703125 391.92498779296875 411.006256103515625 445.475006103515625 484.51251220703125 484.256256103515625 455.45623779296875 425.412506103515625 399.90625 376.48748779296875 359.0625 345.32501220703125
345.60626220703125 341.40625 341.21875 350.631256103515625 366.29376220703125 381.51251220703125 396.375 409.51873779296875 415.149993896484375 401.037506103515625 379.01251220703125 356.681243896484375 332.850006103515625 336.774993896484375 350.962493896484375 358.41876220703125 360.53125 359.67498779296875 358.287506103515625 357.212493896484375 355.587493896484375 355.04376220703125 356.04998779296875 361.58123779296875 374.01251220703125 387.34375 400.86248779296875 403.087493896484375 400.58123779296875 393.274993896484375 382.32501220703125 375.118743896484375 382.70623779296875 394.375 409.8125 429.725006103515625 459.850006103515625 493.95001220703125 492.181243896484375 463.493743896484375 432.506256103515625 404.91876220703125 380.86248779296875 362.39373779296875 349.306243896484375
347.20001220703125 341.556243896484375 338.899993896484375 351.693756103515625 371.399993896484375 384.587493896484375 396 405.287506103515625 405.024993896484375 393.61248779296875 375.04376220703125 355.45623779296875 338.993743896484375 337.51873779296875 345.375 352.899993896484375 356.67498779296875 357.600006103515625 355.51873779296875 351.64373779296875 348.668731689453125 345.29376220703125 344.350006103515625 348.79376220703125 360.256256103515625 375.61248779296875 387.20001220703125 394.875 396.162506103515625 394.14373779296875 389.01251220703125 387.568756103515625 395.51251220703125 408.743743896484375 424.63751220703125 440.36248779296875 463.26873779296875 479.962493896484375 476.806243896484375 457.993743896484375 431.29376220703125 405.21875 382.0625 365.5625 349.13751220703125
356.85626220703125 355.01251220703125 354.1875 365.66876220703125 379.412506103515625 389.912506103515625 397.368743896484375 400.76251220703125 397.48126220703125 387.506256103515625 374.443756103515625 361.23126220703125 349.087493896484375 344.26251220703125 347.056243896484375 352.14373779296875 356.287506103515625 357.01251220703125 354.48126220703125 348.91876220703125 344.868743896484375 337.193756103515625 333.11248779296875 334.09375 346.42498779296875 363.82501220703125 379.149993896484375 388.8125 394.8125 393.850006103515625 396.04998779296875 399.26251220703125 410.087493896484375 421.368743896484375 436.087493896484375 447.774993896484375 462.1875 470.131256103515625 464.64373779296875 448.712493896484375 426.79998779296875 401.96875 378.306243896484375 363.162506103515625 351
370.0625 370.07501220703125 373.20001220703125 381.15625 389.3125 395.899993896484375 400.462493896484375 399.23748779296875 394.09375 387.274993896484375 377.73126220703125 367.5625 357.743743896484375 351.993743896484375 352.26251220703125 355.75 358.70001220703125 358.71875 356.86248779296875 349.45001220703125 341.681243896484375 334.14373779296875 324.850006103515625 323.625 338.943756103515625 355.8125 370.84375 382.33123779296875 391.10626220703125 393.993743896484375 399.88751220703125 405.6875 420.3125 432.618743896484375 444.48126220703125 454.787506103515625 464.712493896484375 467.04376220703125 457.70623779296875 443.681243896484375 423.012481689453125 397.29998779296875 374.662506103515625 360.649993896484375 359.20623779296875
386.73126220703125 386.756256103515625 391.67498779296875 397.600006103515625 402.743743896484375 404.28125 404.42498779296875 400.6875 395.34375 388.306243896484375 380.5625 372.475006103515625 363.23748779296875 356.943756103515625 356.63751220703125 359.256256103515625 361.087493896484375 363.48748779296875 359.118743896484375 352.95001220703125 346.475006103515625 336.26251220703125 331.48126220703125 331.287506103515625 341.42498779296875 354.399993896484375 367.59375 378.006256103515625 387.662506103515625 394.57501220703125 400.28125 407.17498779296875 423.006256103515625 436.33123779296875 449.73748779296875 458.837493896484375 464.84375 466.76251220703125 458.11248779296875 442.66876220703125 424.26251220703125 399.51873779296875 374.67498779296875 362.53125 377.23126220703125
400.274993896484375 402.212493896484375 407.006256103515625 413.03125 416.23748779296875 413.4375 407.625 403.15625 396.38751220703125 390.01251220703125 383.84375 375.84375 367.462493896484375 362.98748779296875 362.975006103515625 365.98748779296875 370.368743896484375 370.36248779296875 366.868743896484375 360.681243896484375 352.881256103515625 343.20001220703125 338.67498779296875 339.712493896484375 346.381256103515625 355.48126220703125 366.78125 376.32501220703125 386.66876220703125 394.225006103515625 399.212493896484375 405.949981689453125 422.556243896484375 439.3125 454.95623779296875 462.600006103515625 469.306243896484375 470.79376220703125 463.09375 447.931243896484375 427.09375 404.04998779296875 385.287506103515625 382.42498779296875 399.662506103515625
405.54376220703125 408.32501220703125 415.45001220703125 423.01251220703125 424.943756103515625 417.806243896484375 408.96875 403.48126220703125 396.243743896484375 389.0625 384.48748779296875 379.20623779296875 372.95001220703125 369.26251220703125 370.681243896484375 372.73748779296875 375.14373779296875 376.40625 375.15625 367.64373779296875 358.73748779296875 351.08123779296875 345.243743896484375 345.024993896484375 350.118743896484375 357.318756103515625 366.118743896484375 374.087493896484375 383.431243896484375 390.90625 398.26873779296875 406.243743896484375 422.162506103515625 441.09375 457.100006103515625 466.125 472.837493896484375 478.087493896484375 471.149993896484375 459.54376220703125 445.09375 427.92498779296875 415.087493896484375 414.07501220703125 419.79998779296875
405.693756103515625 409.45623779296875 414.675018310546875 422.375 426.28125 415.256256103515625 407.08123779296875 400.54376220703125 393.54376220703125 387.98126220703125 385.14373779296875 381.57501220703125 377.40625 373.67498779296875 375.875 377.524993896484375 380.287506103515625 382.71875 381.96875 375.03125 364.806243896484375 355.681243896484375 350.625 349.29376220703125 351.818756103515625 358.64373779296875 365.962493896484375 372.34375 381.381256103515625 388.881256103515625 397.5625 407.181243896484375 423.09375 442.23126220703125 459.09375 469.443756103515625 477.17498779296875 485.818756103515625 483.21875 475.08123779296875 466.5625 454.274993896484375 445.306243896484375 440.125 443.068756103515625
400.6875 403.92498779296875 407.63751220703125 412.15625 413.100006103515625 405.556243896484375 401.03125 394.34375 388.625 384.337493896484375 382.59375 380.693756103515625 378.65625 377.818756103515625 380.36248779296875 381.46875 381.54998779296875 383.13751220703125 380.993743896484375 376.17498779296875 365.83123779296875 356.85626220703125 352.20623779296875 350.181243896484375 353.350006103515625 358.23126220703125 363.475006103515625 369.59375 376.243743896484375 386.381256103515625 396.350006103515625 407.162506103515625 424.181243896484375 443.70623779296875 461.556243896484375 472.26873779296875 484.20623779296875 491.899993896484375 490.28125 487.193756103515625 487.681243896484375 480.337493896484375 474.57501220703125 474.600006103515625 477.675018310546875
386.774993896484375 389.662506103515625 393.13751220703125 395.92498779296875 394.51873779296875 388.818756103515625 383.48126220703125 378.51873779296875 373.04998779296875 373.274993896484375 376.70001220703125 377.76873779296875 380.774993896484375 384.024993896484375 384.38751220703125 383.26873779296875 380.79998779296875 379.48748779296875 376.4375 372.493743896484375 363.600006103515625 355.45001220703125 350.225006103515625 350.162506103515625 352.16876220703125 356.443756103515625 360.5625 363.79998779296875 369.83123779296875 382.96875 394.162506103515625 404.899993896484375 423.149993896484375 443.899993896484375 461.32501220703125 474.3125 486.33123779296875 495.568756103515625 494.568756103515625 500.149993896484375 503.743743896484375 501.4375 501.46875 507.13751220703125 520.09375
370.5625 373.39373779296875 375.76251220703125 377.60626220703125 374.71875 370.212493896484375 365.850006103515625 361.024993896484375 357.774993896484375 358.48126220703125 365.0625 373.96875 382.649993896484375 387.524993896484375 386.787506103515625 382.85626220703125 379.625 377.5625 372.493743896484375 367.16876220703125 359.600006103515625 352.662506103515625 347.95001220703125 347.318756103515625 348.86248779296875 351.600006103515625 354.34375 358.149993896484375 364.79376220703125 377.51873779296875 391.556243896484375 404.5 422.662506103515625 444.256256103515625 462.524993896484375 476 487.537506103515625 495.75 500.693756103515625 508.587493896484375 514.04998779296875 517.01251220703125 522.6624755859375 532.7562255859375 548.57501220703125
356.375 357.881256103515625 359.4375 359.162506103515625 356.91876220703125 353.225006103515625 347.82501220703125 343 338.29376220703125 341.40625 353.337493896484375 367.82501220703125 384.256256103515625 393.462493896484375 390.59375 383.21875 377.04376220703125 372.693756103515625 367.243743896484375 359.83123779296875 353.993743896484375 348.068756103515625 343.91876220703125 342.64373779296875 343.943756103515625 344.5625 347.95623779296875 352.20623779296875 358.399993896484375 371.61248779296875 387.287506103515625 403.48126220703125 422.756256103515625 442.91876220703125 460.975006103515625 474.32501220703125 484.649993896484375 497.568756103515625 504.90625 511.943756103515625 519.7750244140625 524.0687255859375 532.70623779296875 543.7249755859375 555.7562255859375
343.600006103515625 343.67498779296875 343.92498779296875 342.60626220703125 339.95623779296875 334.493743896484375 329.28125 322.506256103515625 316.149993896484375 317.587493896484375 332.243743896484375 354.100006103515625 376.45001220703125 389.20623779296875 387.26873779296875 380.1875 372.162506103515625 366.79998779296875 360.493743896484375 352.662506103515625 346.36248779296875 341.83123779296875 337.38751220703125 335.42498779296875 336.20623779296875 337.86248779296875 340.8125 345.08123779296875 351.681243896484375 365.537506103515625 382.875 399.618743896484375 420.056243896484375 440.368743896484375 457.756256103515625 468.606231689453125 482.3125 492.899993896484375 497.193756103515625 504.17498779296875 512.35626220703125 518.3687744140625 525.9312744140625 536.8125 544.57501220703125
330.73126220703125 330.162506103515625 328.618743896484375 326.63751220703125 323.556243896484375 318.568756103515625 314.1875 306.40625 296.725006103515625 291.337493896484375 311.48126220703125 346.068756103515625 370.381256103515625 381.068756103515625 380.73748779296875 374.79376220703125 366.818756103515625 360.54376220703125 353.36248779296875 344.649993896484375 339.07501220703125 333.225006103515625 329.38751220703125 327.475006103515625 328.443756103515625 330.73748779296875 333.85626220703125 338.76873779296875 345.29376220703125 360.26251220703125 378.118743896484375 395.725006103515625 416.881256103515625 437.506256103515625 454.4375 465.162506103515625 475.85626220703125 483.67498779296875 488.243743896484375 492.875 497.662506103515625 503.693756103515625 513.3812255859375 522.95623779296875 528.3499755859375
318.537506103515625 317.3125 314.962493896484375 313.26873779296875 310.693756103515625 307.756256103515625 303.65625 297.51873779296875 289.712493896484375 282.17498779296875 317.631256103515625 353.25 369.48126220703125 376.131256103515625 375.29998779296875 369.368743896484375 360.71875 354.787506103515625 347.725006103515625 338.649993896484375 331.943756103515625 325 320.475006103515625 318.83123779296875 319.912506103515625 322.95001220703125 325.818756103515625 330.774993896484375 337.8125 354.40625 372.225006103515625 389.14373779296875 410.01873779296875 431.037506103515625 447.481231689453125 457.350006103515625 464.506256103515625 471.618743896484375 475.931243896484375 478.78125 481.162506103515625 488.39373779296875 495.600006103515625 501.8125 508.118743896484375
312.399993896484375 308.54376220703125 306.631256103515625 304.681243896484375 302.712493896484375 300.5 297.618743896484375 297.21875 301.21875 319.01251220703125 359.79376220703125 368.193756103515625 370.25 372.506256103515625 370.75 364.850006103515625 358.068756103515625 350.66876220703125 342.462493896484375 333.42498779296875 324.20623779296875 316.76251220703125 312.28125 310.95623779296875 311.899993896484375 314.943756103515625 319.32501220703125 325.375 333.64373779296875 350.57501220703125 366.975006103515625 382.3125 399.82501220703125 416.04998779296875 433.51251220703125 441.850006103515625 446.84375 452.92498779296875 455.125 454.98748779296875 456.800018310546875 461.70623779296875 466.42498779296875 473.399993896484375 478.868743896484375
307.381256103515625 302.931243896484375 299.96875 296.725006103515625 296.368743896484375 295.92498779296875 295.76873779296875 300.35626220703125 310.83123779296875 330.03125 352.48748779296875 363.83123779296875 366.57501220703125 368.193756103515625 365.962493896484375 361.79376220703125 356.024993896484375 348.70623779296875 338.212493896484375 327.64373779296875 315.1875 307.600006103515625 302.993743896484375 301.84375 303.64373779296875 306.79998779296875 312.59375 320.5 329.212493896484375 344.54998779296875 359.024993896484375 374.506256103515625 391.11248779296875 404.54376220703125 416.07501220703125 422.787506103515625 426.693756103515625 430.75 431.32501220703125 429.818756103515625 431.10626220703125 434.4375 436.975006103515625 442.07501220703125 447.368743896484375
