data/historical-monthly-weather-data/wc2.1_cruts4.09_10m_prec_2011-12.asc
ncols        45
nrows        45
xllcorner    -63.500000000000
yllcorner    -7.500000000000
cellsize     0.166666666667
NODATA_value -9999
[rows 0 to 19 of 45, columns 0 to 44 of 45]
139.6062469482421875 133.274993896484375 126.38124847412109375 121.44374847412109375 115.65625 111.40625 106.81874847412109375 101.7062530517578125 98.0500030517578125 94.9499969482421875 93.53125 92.68125152587890625 92.63124847412109375 91.6999969482421875 91.8874969482421875 92.31874847412109375 93.0812530517578125 93.1125030517578125 94.1687469482421875 95.31874847412109375 97.0437469482421875 98.49375152587890625 100.1750030517578125 103.0812530517578125 106.2312469482421875 109.3874969482421875 114.5437469482421875 120.27500152587890625 126.5500030517578125 134.681243896484375 142.625 151.8312530517578125 161.28125 170.712493896484375 179.693756103515625 188.4875030517578125 195.2937469482421875 201.337493896484375 202.625 203.850006103515625 204.125 201.4812469482421875 198.4375 193.943756103515625 189.287506103515625
142.4499969482421875 135.8625030517578125 130.931243896484375 127.00624847412109375 122.8562469482421875 118.125 112.83750152587890625 109.125 106.59999847412109375 103.99375152587890625 102.0500030517578125 100.4187469482421875 99.8562469482421875 99.09999847412109375 98.8562469482421875 99.03749847412109375 99.6125030517578125 100.5 101.84999847412109375 104.1374969482421875 105.84375 107.3000030517578125 109.58750152587890625 112.9250030517578125 116.5 120.09999847412109375 125.31874847412109375 130.7312469482421875 136.912506103515625 146.5625 155.975006103515625 166.725006103515625 176.318756103515625 187.0500030517578125 198.274993896484375 205.868743896484375 216.118743896484375 224.1750030517578125 224.881256103515625 225.725006103515625 225.6062469482421875 222.212493896484375 218.475006103515625 211.46875 204.712493896484375
142.9499969482421875 137.1374969482421875 132.875 129.100006103515625 125.5 121.46250152587890625 118.09999847412109375 115.91249847412109375 114.2937469482421875 112.2312469482421875 110.03125 108.4187469482421875 107.96875 107.2312469482421875 107.0625 106.77500152587890625 107.3562469482421875 108.08750152587890625 109.56874847412109375 111.5187530517578125 113.6437530517578125 116 118.84375 122.59375 126.7624969482421875 131.774993896484375 137.256256103515625 142.618743896484375 149.2687530517578125 158.2624969482421875 168.381256103515625 179.600006103515625 191.8562469482421875 202.274993896484375 213.9250030517578125 224.4499969482421875 234.375 243.0437469482421875 245.28125 246.2375030517578125 245.6875 240.8125 234.375 227.993743896484375 218.087493896484375
141.8000030517578125 137.431243896484375 134.5124969482421875 130.162506103515625 127.21250152587890625 124.65000152587890625 123 122.1875 121.4187469482421875 120.68125152587890625 118.8937530517578125 117.5187530517578125 116.53749847412109375 115.8937530517578125 115.3937530517578125 115.375 115.7624969482421875 115.6875 116.99375152587890625 119.7375030517578125 122.5500030517578125 125.3125 127.84999847412109375 132.556243896484375 137.212493896484375 143.337493896484375 149.2312469482421875 154.2375030517578125 161.3937530517578125 171.4375 181.475006103515625 191.9562530517578125 205.5625 218.693756103515625 230.7624969482421875 242.0124969482421875 251.993743896484375 262.04998779296875 266.07501220703125 267 265.225006103515625 258.86248779296875 250.8562469482421875 243.524993896484375 231.1750030517578125
146.6750030517578125 139.618743896484375 134.15625 130.9187469482421875 128.7375030517578125 127.93125152587890625 127.33750152587890625 127.63124847412109375 128.6999969482421875 129.1125030517578125 127.33750152587890625 125.59375 125.24375152587890625 124.93125152587890625 124.2624969482421875 124.0749969482421875 124.1125030517578125 123.8874969482421875 125.28749847412109375 128.506256103515625 131.9187469482421875 134.3625030517578125 137.1999969482421875 142.59375 148.1125030517578125 155.1750030517578125 160.149993896484375 165.3562469482421875 172.600006103515625 183.381256103515625 194.118743896484375 204.3625030517578125 217.993743896484375 232.162506103515625 245.4375 258.306243896484375 270.837493896484375 281.4375 285.962493896484375 286.76873779296875 284.63751220703125 276.506256103515625 267.649993896484375 257.08123779296875 243.6062469482421875
149.743743896484375 143.1062469482421875 136.5687408447265625 130.8874969482421875 129.337493896484375 130.3000030517578125 130.899993896484375 131.3249969482421875 132.4812469482421875 133.337493896484375 132.1374969482421875 131.34375 132.0124969482421875 132.2312469482421875 132.7375030517578125 133.037506103515625 133.6875 133.0187530517578125 135.475006103515625 138.1062469482421875 140.84375 144.193756103515625 147.181243896484375 152.8312530517578125 158.8562469482421875 165.381256103515625 171.6062469482421875 176.8874969482421875 183.318756103515625 193.8000030517578125 204.8562469482421875 216.193756103515625 227.381256103515625 239.618743896484375 255.2312469482421875 268.48748779296875 280.67498779296875 294.04376220703125 299.60626220703125 298.90625 293.20623779296875 284.79376220703125 273.64373779296875 263.881256103515625 250.649993896484375
154.0625 147.1750030517578125 140.743743896484375 134.5 131.0500030517578125 131.399993896484375 132.5749969482421875 133.1125030517578125 133.6125030517578125 133.587493896484375 134.875 135.818756103515625 138.287506103515625 139.4812469482421875 140.75 142.1687469482421875 144.368743896484375 146.4250030517578125 149.056243896484375 150.1125030517578125 151.7312469482421875 154.962493896484375 157.6312408447265625 162.90625 169.806243896484375 175.993743896484375 181.53125 188.287506103515625 194.725006103515625 204.28125 214.9187469482421875 225.725006103515625 237.475006103515625 248.625 261.631256103515625 274.08123779296875 287.51873779296875 300.79998779296875 310.29998779296875 307.931243896484375 299.868743896484375 289.193756103515625 278.975006103515625 267.881256103515625 252.681243896484375
158.4187469482421875 150.9812469482421875 144.8562469482421875 139.9562530517578125 136.59375 135.78125 134.868743896484375 133.09375 131.993743896484375 133.4499969482421875 137.3000030517578125 141.0187530517578125 144.256256103515625 147.524993896484375 149.28125 151.693756103515625 154.5187530517578125 158.5875091552734375 161.8937530517578125 160.4250030517578125 161.4499969482421875 163.6875 166.3312530517578125 171.318756103515625 179.100006103515625 186.2937469482421875 191.3562469482421875 197.6062469482421875 205.71875 215.587493896484375 224.0812530517578125 234.068756103515625 245.53125 255.6374969482421875 268.568756103515625 278.100006103515625 290.462493896484375 301.95623779296875 308.318756103515625 307.32501220703125 301.76873779296875 291.23748779296875 281.14373779296875 269.6875 252.037506103515625
163.568756103515625 156.25 150.806243896484375 146.3000030517578125 142.556243896484375 142.0500030517578125 140.881256103515625 138.25 135.1437530517578125 135.524993896484375 141.0437469482421875 146.2937469482421875 150.7312469482421875 154.21875 156.1999969482421875 158.462493896484375 161.25 165.5124969482421875 168.8187408447265625 167.056243896484375 166.8562469482421875 169.4875030517578125 173.0437469482421875 180.125 187.506256103515625 194.506256103515625 199.53125 206.0749969482421875 213.225006103515625 221.4875030517578125 230.756256103515625 238.5437469482421875 248.274993896484375 258.54376220703125 269.04376220703125 277.96875 286.8125 294.725006103515625 298.67498779296875 299.274993896484375 294.087493896484375 285.443756103515625 277.96875 268.649993896484375 253.181243896484375
167.59375 160.818756103515625 156.1187591552734375 152.5500030517578125 149.056243896484375 148.600006103515625 147.75 145.8687591552734375 145 145.818756103515625 149.4562530517578125 153.0749969482421875 158.1437530517578125 160.881256103515625 162.931243896484375 164.5 166.1999969482421875 168.5812530517578125 170.256256103515625 169.84375 171.087493896484375 174.337493896484375 178.962493896484375 187.1687469482421875 194.475006103515625 201.4250030517578125 206.6750030517578125 212.7687530517578125 220.1374969482421875 227.381256103515625 234.149993896484375 240.78125 248.9250030517578125 257.04998779296875 266.837493896484375 276.11248779296875 282.625 288.25 289.412506103515625 289.33123779296875 286.45001220703125 280.75 273.149993896484375 265.23126220703125 251.7624969482421875
172.65625 165.9312591552734375 161.2312469482421875 157.4187469482421875 155.0625 155.7375030517578125 155.5437469482421875 153.7687530517578125 153.5500030517578125 155.2062530517578125 158.4187469482421875 162.0437469482421875 165.71875 168.4187469482421875 169.100006103515625 169.7375030517578125 169.9187469482421875 171.037506103515625 171.256256103515625 171.037506103515625 174.756256103515625 179.1374969482421875 184.875 191.4375 201.71875 209.243743896484375 213.556243896484375 217.8874969482421875 222.975006103515625 229.1875 234.875 241.21875 248.3562469482421875 255.5749969482421875 263.600006103515625 270.45001220703125 276.01251220703125 280.51251220703125 282.98126220703125 282.23126220703125 279.78125 274.85626220703125 269.931243896484375 264.09375 250.524993896484375
177.5500030517578125 170.71875 166.4250030517578125 163.5124969482421875 161.350006103515625 162.3000030517578125 163.0187530517578125 161.8874969482421875 162.100006103515625 164.6062469482421875 168.0500030517578125 171.5 172.9499969482421875 174.256256103515625 174.475006103515625 173.587493896484375 172.875 172.4875030517578125 172.25 172.568756103515625 176.2687530517578125 182.2375030517578125 190.2624969482421875 198.068756103515625 208.0124969482421875 215.5749969482421875 218.3937530517578125 220.837493896484375 223.8937530517578125 228.774993896484375 233.1687469482421875 238.5625 244.837493896484375 251.8562469482421875 259.443756103515625 265.8125 270.587493896484375 274.931243896484375 276.29376220703125 275.662506103515625 273.381256103515625 269.537506103515625 265.40625 259.89373779296875 244.975006103515625
182.09375 175.806243896484375 172.0500030517578125 168.9499969482421875 167.274993896484375 167.818756103515625 168.25 168.287506103515625 169.3562469482421875 172.6374969482421875 176.5437469482421875 179.4562530517578125 179.9812469482421875 179.0187530517578125 178.8312530517578125 177.2937469482421875 175.6062469482421875 175.524993896484375 175 174.6125030517578125 177.1437530517578125 184.756256103515625 195.5124969482421875 204.5 212.443756103515625 218.506256103515625 220.7312469482421875 222.787506103515625 225.0625 226.9499969482421875 229.78125 233.4812469482421875 238.6687469482421875 245.506256103515625 252.875 260.08123779296875 265.75 269.96875 270.756256103515625 268.63751220703125 265.63751220703125 263.943756103515625 259.13751220703125 249.5625 235.0625
185.337493896484375 179.3562469482421875 175.725006103515625 173.0562591552734375 171.100006103515625 171.618743896484375 172.1062469482421875 173.4562530517578125 176.1750030517578125 179.25 182 183.8562469482421875 184.5187530517578125 183.568756103515625 181.78125 180.9437408447265625 178.7937469482421875 178.181243896484375 177.600006103515625 177.6062469482421875 182.3249969482421875 190.4375 200.6374969482421875 208.5625 215.8000030517578125 221.756256103515625 224.087493896484375 223.7062530517578125 223.8125 223.78125 224.962493896484375 226.71875 232.024993896484375 238.087493896484375 246.0625 253.3874969482421875 260.13751220703125 266.5625 268.8125 268.51873779296875 261.84375 254.4812469482421875 248.662506103515625 243.125 231.712493896484375
187.899993896484375 181.9562530517578125 178.975006103515625 176.350006103515625 174.7125091552734375 175.181243896484375 176.7062530517578125 178.34375 181.087493896484375 183.693756103515625 186.162506103515625 187.6999969482421875 187.568756103515625 186.9187469482421875 184.78125 183.787506103515625 180.96875 180.28125 179.7624969482421875 181.40625 187.4375 196.149993896484375 205.5124969482421875 212.3625030517578125 219.100006103515625 224.225006103515625 225.3625030517578125 224.3125 222.6374969482421875 219.381256103515625 217.774993896484375 218.931243896484375 224.056243896484375 230.7687530517578125 239.2687530517578125 245.8125 255.1750030517578125 266.07501220703125 274.162506103515625 273.975006103515625 265.337493896484375 256.5 249.6875 243.3000030517578125 228.4250030517578125
189.0437469482421875 183.625 180.993743896484375 179.1687469482421875 177.725006103515625 178.743743896484375 180.412506103515625 181.524993896484375 184.3125 187.7937469482421875 189.90625 190.71875 190.475006103515625 189.462493896484375 187.756256103515625 184.9875030517578125 182.1687469482421875 182.537506103515625 182.306243896484375 184.1062469482421875 192.162506103515625 201.2375030517578125 210.725006103515625 216.5437469482421875 222.75 228.568756103515625 228.5625 225.962493896484375 221.59375 214.743743896484375 210.6374969482421875 209.25 212.40625 218.631256103515625 225.9562530517578125 234.274993896484375 246.9562530517578125 262.90625 277.443756103515625 279.6875 271.243743896484375 260.125 250.3625030517578125 238.7062530517578125 225.243743896484375
189.381256103515625 184.6062469482421875 181.368743896484375 180.2375030517578125 179.6125030517578125 180.462493896484375 182.6125030517578125 184.875 188.3249969482421875 191.28125 193.34375 193.337493896484375 192.6750030517578125 191.3874969482421875 189.7937469482421875 186.6125030517578125 182.274993896484375 182.90625 184.1687469482421875 186.3562469482421875 195.6687469482421875 205.9187469482421875 215.9875030517578125 220.9250030517578125 226.8249969482421875 233.15625 233.225006103515625 228.100006103515625 218.9499969482421875 208.943756103515625 202.4562530517578125 200.34375 201.056243896484375 202.75 207.3562469482421875 217.524993896484375 234.975006103515625 260.07501220703125 288.20623779296875 286.306243896484375 274.16876220703125 260.35626220703125 246.212493896484375 235.5500030517578125 222.243743896484375
187.975006103515625 183.631256103515625 180.84375 180.1374969482421875 179.850006103515625 181.7062530517578125 183.8625030517578125 185.8000030517578125 189.318756103515625 193.256256103515625 196.024993896484375 195.8562469482421875 194.3312530517578125 192.881256103515625 190.756256103515625 187.2312469482421875 182.9499969482421875 180.8625030517578125 183.681243896484375 186.1125030517578125 197.34375 208.84375 219.3000030517578125 224.600006103515625 230.2312469482421875 236.5187530517578125 237.943756103515625 228.8937530517578125 215.1437530517578125 201.118743896484375 191.84375 188.3562469482421875 190.649993896484375 193.5 193.9375 195.71875 221.2312469482421875 251.4562530517578125 274.381256103515625 278.03125 266.837493896484375 253.9187469482421875 242.9250030517578125 233.9562530517578125 221.5187530517578125
185.306243896484375 181.3000030517578125 179.431243896484375 179.037506103515625 179.15625 181.5 183.818756103515625 186.818756103515625 190.850006103515625 195.125 197.2937469482421875 196.2937469482421875 195.375 194.412506103515625 191.631256103515625 187.649993896484375 183.4375 181.056243896484375 180.6875 183.756256103515625 197.5187530517578125 212.4375 221.28125 227.3000030517578125 233.5812530517578125 239.1687469482421875 238.15625 229.1750030517578125 213.8187408447265625 195.9562530517578125 182.3562469482421875 183 188.9187469482421875 191.3812408447265625 190.9375 196.5500030517578125 217.0749969482421875 239.7937469482421875 257.818756103515625 261.868743896484375 255.4187469482421875 245.8312530517578125 237.693756103515625 231.5187530517578125 221.8125
181.725006103515625 178.2937469482421875 176.40625 176.399993896484375 177.2937469482421875 180.631256103515625 183.912506103515625 187.368743896484375 192.125 195.75 198.4937591552734375 198.6374969482421875 197.9562530517578125 196.006256103515625 192.0749969482421875 186.6125030517578125 181.6437530517578125 180.443756103515625 180.1687469482421875 182.7624969482421875 195.40625 209.1875 222.375 229.1999969482421875 235.225006103515625 239.899993896484375 237.7375030517578125 230.787506103515625 216.8937530517578125 199 187.4250030517578125 188.2687530517578125 192.8874969482421875 197.5 201.9499969482421875 208.0812530517578125 221.743743896484375 237.34375 248.71875 252.03125 247.306243896484375 237.6125030517578125 233.71875 230.4875030517578125 222.6687469482421875
