data/historical-monthly-weather-data/wc2.1_cruts4.09_10m_prec_1960-05.asc
ncols        45
nrows        45
xllcorner    -63.500000000000
yllcorner    -7.500000000000
cellsize     0.166666666667
NODATA_value -9999
[rows 20 to 39 of 45, columns 0 to 43 of 45]
160.931243896484375 163.774993896484375 163.0749969482421875 159.2937469482421875 155.587493896484375 158.475006103515625 159.524993896484375 158.8249969482421875 159.71875 158.9499969482421875 158.09375 153.3187408447265625 145.28125 137.1750030517578125 127.5437469482421875 119.59375 110.44374847412109375 107.34999847412109375 107.86875152587890625 107.4250030517578125 116.6875 126.27500152587890625 135.2937469482421875 142.4499969482421875 148.256256103515625 150.34375 148.993743896484375 151.149993896484375 153.5625 155.818756103515625 160.0625 166.0124969482421875 163.493743896484375 162.28125 164.756256103515625 170.8000030517578125 175.7062530517578125 178.256256103515625 177.475006103515625 174.28125 171.0562591552734375 165.90625 163.587493896484375 165.225006103515625
151.443756103515625 149.1875 150.774993896484375 150.868743896484375 147.4875030517578125 148.350006103515625 150.818756103515625 152.193756103515625 153.756256103515625 153.65625 152.350006103515625 147.0124969482421875 139.9812469482421875 132.5500030517578125 125.8000030517578125 116.86875152587890625 113.69374847412109375 109.7624969482421875 109.7062530517578125 108.61875152587890625 113.2312469482421875 121.80625152587890625 130.5812530517578125 135.8125 139.1374969482421875 144.1875 149.3249969482421875 151.568756103515625 158.118743896484375 162.287506103515625 164.2937469482421875 165.8874969482421875 166.3874969482421875 167.21875 166.3625030517578125 169.0187530517578125 173.75 176.024993896484375 174.8125 171.975006103515625 169.7312469482421875 165.381256103515625 162.7687530517578125 162.756256103515625
142.5124969482421875 144.806243896484375 144.8562469482421875 144.15625 140.3937530517578125 140.625 138.6750030517578125 140.9499969482421875 146.243743896484375 147.1125030517578125 145.09375 140.524993896484375 137.149993896484375 131.3125 124.75624847412109375 117.3312530517578125 112.0437469482421875 109.49375152587890625 108.18125152587890625 107.6062469482421875 113.25 118.24375152587890625 125.38124847412109375 130.350006103515625 136.78125 141.443756103515625 144.7624969482421875 151.1437530517578125 158.381256103515625 162.306243896484375 163.881256103515625 168.3249969482421875 170.9187469482421875 170.6875 170.8000030517578125 168 169.2624969482421875 172.78125 174.712493896484375 171.7062530517578125 168.068756103515625 164.4875030517578125 161.5 160.756256103515625
131.8874969482421875 135.84375 137.181243896484375 134.53125 130.0187530517578125 129.431243896484375 132.975006103515625 134.662506103515625 137.056243896484375 137.9250030517578125 138.21875 138.4375 136.056243896484375 133.162506103515625 125.74375152587890625 118.3937530517578125 112.8937530517578125 111.33750152587890625 110.5187530517578125 110.46875 113.5812530517578125 118.41249847412109375 123.31874847412109375 130.5749969482421875 135.5187530517578125 138.1687469482421875 143.4875030517578125 150.5625 159.3125 167.037506103515625 173.5 179.337493896484375 181.9375 180.34375 178.53125 172.2062530517578125 174.506256103515625 175.056243896484375 174.412506103515625 171.8312530517578125 167.318756103515625 164.8937530517578125 162.5437469482421875 159.8312530517578125
124.66249847412109375 129.087493896484375 128.618743896484375 127.08750152587890625 123.1687469482421875 123.8562469482421875 124.40000152587890625 126.94374847412109375 129.212493896484375 131.6062469482421875 132.399993896484375 132.9562530517578125 134.368743896484375 132.8125 125.5187530517578125 119.36875152587890625 115.38124847412109375 113.43125152587890625 111.78125 111.6374969482421875 115.71250152587890625 118.8625030517578125 124.1062469482421875 130.3874969482421875 135.306243896484375 142.306243896484375 148.0124969482421875 156.09375 164.71875 175.774993896484375 183.65625 194.381256103515625 195.8562469482421875 193.0437469482421875 186.3125 180.6374969482421875 179.7375030517578125 175.5124969482421875 173.587493896484375 170.9499969482421875 167.4187469482421875 163.75 161.306243896484375 156.899993896484375
120.3312530517578125 125.3249969482421875 121.0625 118.22499847412109375 112.59375 113.375 114.5124969482421875 117.22499847412109375 118.66249847412109375 120.125 125.0500030517578125 128.725006103515625 130.2375030517578125 130.9499969482421875 127.1062469482421875 121.15000152587890625 117.28125 115.40625 113.6750030517578125 112.8625030517578125 116.5437469482421875 119.33750152587890625 124.15000152587890625 129.1125030517578125 136.3312530517578125 143.3562469482421875 153.225006103515625 161.9375 170.6875 182.756256103515625 195.3937530517578125 212.131256103515625 213.9875030517578125 204.8937530517578125 195.3125 189.2624969482421875 183.3249969482421875 178.5437469482421875 172.1687469482421875 168.649993896484375 165.743743896484375 160.6750030517578125 156.337493896484375 153.818756103515625
112.125 112.13124847412109375 110.6437530517578125 108.0500030517578125 104.0625 105.53749847412109375 107.0187530517578125 108.3312530517578125 111.2312469482421875 116.8249969482421875 121.46250152587890625 125.30625152587890625 130.0749969482421875 133.318756103515625 129.9562530517578125 125.6062469482421875 120.875 118.05625152587890625 118.50624847412109375 117.05625152587890625 118.9562530517578125 121.83750152587890625 126.0625 133.3000030517578125 140.5562591552734375 148.212493896484375 158.1437530517578125 167.337493896484375 177.375 187.850006103515625 203.5187530517578125 220.375 225.59375 212.162506103515625 199.1687469482421875 191.25 187.2937469482421875 180.024993896484375 173.412506103515625 169.506256103515625 165.3937530517578125 160.100006103515625 155.493743896484375 150.84375
104.19374847412109375 101.24375152587890625 99.96250152587890625 97.4812469482421875 95.80625152587890625 98.40000152587890625 100.77500152587890625 101.8249969482421875 106.1875 112.0437469482421875 116.81874847412109375 122.30625152587890625 129.068756103515625 133.8562469482421875 132.21875 127.1437530517578125 124.41249847412109375 123.9499969482421875 124.09999847412109375 122.99375152587890625 124.2687530517578125 125.5500030517578125 130.53125 137.0437469482421875 144.84375 151.600006103515625 162.15625 171.625 182.537506103515625 193.4375 207.118743896484375 220.931243896484375 221.96875 211.0500030517578125 201.600006103515625 193.75 187.287506103515625 182.4812469482421875 177.2312469482421875 170.78125 165.006256103515625 160.8874969482421875 156.0500030517578125 151.8937530517578125
95.22499847412109375 91.3625030517578125 89.875 88.9375 88.47499847412109375 89.75 91.8125 95.5 102 106.8937530517578125 112.52500152587890625 120.36875152587890625 128.306243896484375 136.131256103515625 136.34375 134.125 131.5749969482421875 130.056243896484375 129.256256103515625 128.3125 129.287506103515625 129.8312530517578125 133.2062530517578125 139.46875 146.912506103515625 152.40625 163.25 174.59375 185.431243896484375 194.6125030517578125 206.431243896484375 215.381256103515625 213.5812530517578125 205.7687530517578125 200.3125 193.649993896484375 188.506256103515625 182.381256103515625 177.125 170.568756103515625 162.2062530517578125 156.2312469482421875 154.381256103515625 153.625
92.08750152587890625 87.72499847412109375 85.5625 83.63124847412109375 83.08750152587890625 85.86875152587890625 88.3937530517578125 93.18125152587890625 99.13124847412109375 103.77500152587890625 110.3937530517578125 119.25 128.524993896484375 137.8312530517578125 139.681243896484375 139.4875030517578125 138.4375 139.21875 137.5437469482421875 134.931243896484375 135.587493896484375 136.7937469482421875 139.1437530517578125 144.024993896484375 148.962493896484375 157.181243896484375 165.306243896484375 173.4250030517578125 183.412506103515625 191.7937469482421875 201.568756103515625 207.3312530517578125 205.5749969482421875 201.3625030517578125 197.5187530517578125 190.8125 190 185.243743896484375 179.068756103515625 176.318756103515625 170.7937469482421875 163.631256103515625 157.962493896484375 153.8937530517578125
89.7062530517578125 84.90000152587890625 82.1687469482421875 81.11875152587890625 81.0625 83.58750152587890625 87.2375030517578125 90.81874847412109375 96.90000152587890625 102.8562469482421875 109.7062530517578125 118.3125 129.881256103515625 138.09375 141.71875 144.725006103515625 146.4499969482421875 146.087493896484375 145.2937469482421875 144.037506103515625 142.3125 141.962493896484375 143.7375030517578125 146.4812469482421875 150.8125 159.600006103515625 166.3312530517578125 172.6875 181.806243896484375 187.8125 196.28125 199.056243896484375 197.475006103515625 195.1750030517578125 191.993743896484375 186.1687469482421875 185.9375 185.1437530517578125 182.6062469482421875 178.8874969482421875 176.850006103515625 168.993743896484375 162.34375 155.4499969482421875
86.3000030517578125 81.53125 79.5124969482421875 79.125 79.9187469482421875 81.83750152587890625 86.40625 88.8249969482421875 94.7687530517578125 100.6437530517578125 107.55625152587890625 116.0625 127.47499847412109375 138.381256103515625 143.350006103515625 148.868743896484375 150.2687530517578125 149.868743896484375 149.2624969482421875 148.5187530517578125 145.8625030517578125 145.368743896484375 146.024993896484375 149.15625 155.368743896484375 160.9250030517578125 167.1062469482421875 171.78125 177.4187469482421875 183.0625 186.431243896484375 189.462493896484375 187.6687469482421875 186.21875 185.306243896484375 181.71875 181.274993896484375 182.181243896484375 179.9250030517578125 180.9187469482421875 179.243743896484375 172.8625030517578125 166.881256103515625 162.7312469482421875
87.8249969482421875 83.94374847412109375 81.84999847412109375 81.8249969482421875 81.5 83.15000152587890625 86.74375152587890625 89.49375152587890625 95.1062469482421875 101.59999847412109375 110.2937469482421875 119.0812530517578125 130.0812530517578125 141.9562530517578125 147.5 152.0749969482421875 155.006256103515625 156.649993896484375 154.2062530517578125 153.118743896484375 149.875 149.8937530517578125 149.1999969482421875 152.899993896484375 157.556243896484375 162.662506103515625 166.600006103515625 171.0187530517578125 174.0500030517578125 176.96875 179.725006103515625 180.7312469482421875 177.9562530517578125 179.631256103515625 178.5437469482421875 178.6125030517578125 176.4250030517578125 177.7062530517578125 176.193756103515625 179.5625 178.15625 175.006256103515625 170.787506103515625 168.90625
90.05625152587890625 86.1750030517578125 85.22499847412109375 84.71875 84.84999847412109375 85.69374847412109375 87.96250152587890625 89.96250152587890625 94.88124847412109375 101.0812530517578125 109.11875152587890625 120.1750030517578125 130.5687408447265625 141.037506103515625 148.90625 156.3625030517578125 161.34375 161.993743896484375 158.087493896484375 155.381256103515625 154.2062530517578125 154.25 153.3562469482421875 154.65625 158.5124969482421875 161.506256103515625 163.993743896484375 166.8562469482421875 170.649993896484375 171.8562469482421875 172.90625 172.6062469482421875 171.09375 170.5437469482421875 171.125 170.9250030517578125 171.21875 169.9250030517578125 171.6687469482421875 173.743743896484375 173.0124969482421875 173.3874969482421875 173.53125 173.131256103515625
91.6750030517578125 88.375 87.8625030517578125 87.96875 88.0749969482421875 88.5749969482421875 88.7687530517578125 90.59375 93.59375 99.7624969482421875 108.4187469482421875 119.77500152587890625 132.59375 144.993743896484375 153.193756103515625 160.743743896484375 165.837493896484375 166.256256103515625 162.3562469482421875 157.506256103515625 156.25 154.75 154.8562469482421875 155.131256103515625 157.256256103515625 159.3000030517578125 163.006256103515625 165.9250030517578125 168.2937469482421875 168.787506103515625 167.225006103515625 165.600006103515625 162.4499969482421875 162.693756103515625 159.0437469482421875 160.28125 159.3312530517578125 163.556243896484375 165.318756103515625 166.350006103515625 166.631256103515625 166.125 167.4375 169.9250030517578125
96.9875030517578125 94.6125030517578125 93.28749847412109375 92.88124847412109375 92.38124847412109375 92.4499969482421875 91.8562469482421875 93.39374542236328125 96.11875152587890625 100.15625 107.61875152587890625 121.4499969482421875 136.274993896484375 147.837493896484375 157.306243896484375 164.3312530517578125 169.274993896484375 167.2687530517578125 164.912506103515625 159.71875 158.337493896484375 156.712493896484375 155.787506103515625 156.100006103515625 156.631256103515625 157.243743896484375 162.03125 164.7687530517578125 164.537506103515625 163.587493896484375 161.931243896484375 159.443756103515625 155.9250030517578125 152.5625 150.1750030517578125 150.131256103515625 154.287506103515625 154.3249969482421875 156.181243896484375 159.9562530517578125 159.7624969482421875 161.975006103515625 162.3312530517578125 164.8937530517578125
102.8625030517578125 101.2624969482421875 99.69374847412109375 98.9812469482421875 98.77500152587890625 97.6999969482421875 97.0437469482421875 96.625 98.19374847412109375 98.90625 110.0625 129.28125 142.9812469482421875 153.0187530517578125 161.318756103515625 167.9250030517578125 171.1875 168.3562469482421875 165.6687469482421875 159.4499969482421875 158.5749969482421875 157.0812530517578125 154.7624969482421875 154.399993896484375 154.6750030517578125 156.399993896484375 159.0812530517578125 160.65625 160.212493896484375 159.1999969482421875 157.6750030517578125 155.5437469482421875 151.09375 145.53125 143.493743896484375 145.149993896484375 147.256256103515625 148.8937530517578125 149.4499969482421875 150.8562469482421875 150.84375 151.3937530517578125 155.881256103515625 159.5187530517578125
107.88124847412109375 106.25624847412109375 105.8312530517578125 104.78125 105.15000152587890625 104.43125152587890625 103.6374969482421875 102.34999847412109375 103.59375 103.9499969482421875 122.5124969482421875 142.368743896484375 152.46875 160.881256103515625 167.1062469482421875 172.1687469482421875 174.162506103515625 171.587493896484375 166.556243896484375 161.712493896484375 157.9875030517578125 156.1875 153.84375 152.868743896484375 152.4250030517578125 153.0625 153.46875 157.8625030517578125 158.3125 155.28125 152.024993896484375 149.6125030517578125 146.212493896484375 139.725006103515625 135.1875 136.9375 140.368743896484375 141.3562469482421875 144.287506103515625 143.868743896484375 144.287506103515625 145.625 145.693756103515625 146.931243896484375
106.44374847412109375 105.5187530517578125 105.74375152587890625 106.2375030517578125 105.81874847412109375 106.5749969482421875 108.25 110.7687530517578125 116.84375 129.03125 151.899993896484375 160.4562530517578125 163.2062530517578125 168.7375030517578125 172.78125 175.84375 177.1750030517578125 173.462493896484375 168.6062469482421875 162.2624969482421875 156.375 152 150.3625030517578125 150.4250030517578125 148.600006103515625 148.46875 150.75 154.256256103515625 153.0812530517578125 151.84375 147.1437530517578125 141.381256103515625 139.25 136.306243896484375 135.3249969482421875 135.6125030517578125 136.3625030517578125 139.100006103515625 138.225006103515625 136.0437469482421875 138.118743896484375 138.78125 137.4875030517578125 139.8000030517578125
105.75624847412109375 105.08750152587890625 106.78125 107.97499847412109375 109.25624847412109375 111.18125152587890625 113.40625 120.4812469482421875 130.037506103515625 143.2937469482421875 157.2937469482421875 167.337493896484375 170.15625 173.431243896484375 177.875 178.0124969482421875 176.9875030517578125 172.4499969482421875 166.431243896484375 161.15625 153.5812530517578125 149.037506103515625 144.5812530517578125 144.2312469482421875 143.9375 144.6374969482421875 145.6999969482421875 147.8874969482421875 147.181243896484375 145.818756103515625 143.412506103515625 141.381256103515625 138.7687530517578125 137.056243896484375 136 135.03125 134.524993896484375 136.350006103515625 134.931243896484375 130.3125 130.5437469482421875 130.90625 128.4499969482421875 128.0250091552734375
