data/historical-monthly-weather-data/wc2.1_cruts4.09_10m_prec_2022-01.asc
ncols        45
nrows        45
xllcorner    -63.500000000000
yllcorner    -7.500000000000
cellsize     0.166666666667
NODATA_value -9999
[rows 20 to 39 of 45, columns 0 to 44 of 45]
259.693756103515625 262.32501220703125 266.537506103515625 272.70001220703125 279.274993896484375 288.306243896484375 298.225006103515625 305.8125 311.837493896484375 315.46875 318 320.837493896484375 326.64373779296875 333.056243896484375 321.631256103515625 300.36248779296875 284.65625 275.037506103515625 271.975006103515625 268.98126220703125 270.493743896484375 270.850006103515625 270.899993896484375 277.23126220703125 285.274993896484375 294.149993896484375 304.131256103515625 315.118743896484375 325.29376220703125 332.60626220703125 332.231231689453125 326.068756103515625 311.818756103515625 296.537506103515625 283.79998779296875 303.79998779296875 335.01873779296875 357.756256103515625 364.181243896484375 357.64373779296875 342.837493896484375 326.85626220703125 315.4375 306.51873779296875 299.45001220703125
252.5812530517578125 253.693756103515625 257.71875 264.931243896484375 273.787506103515625 283.91876220703125 294.381256103515625 304.67498779296875 310.95623779296875 310.29376220703125 307.162506103515625 301.42498779296875 299.068756103515625 300.16876220703125 296.03125 285.85626220703125 278.25 272.36248779296875 268.875 266.84375 265.92498779296875 266.699981689453125 269.181243896484375 276.8125 286.193756103515625 296.88751220703125 310.118743896484375 319.26873779296875 326.118743896484375 328.78125 324.21875 317.54376220703125 309.943756103515625 305.662506103515625 305.29376220703125 324.61248779296875 357.08123779296875 384.26251220703125 390.01873779296875 378.76873779296875 359.649993896484375 340.462493896484375 325.83123779296875 314.15625 304.95623779296875
245.90625 246.8625030517578125 249.0437469482421875 255.899993896484375 266.243743896484375 278.95623779296875 290.524993896484375 302.20001220703125 310.89373779296875 305.475006103515625 294.03125 279.48126220703125 269.76873779296875 269.67498779296875 272.96875 272.61248779296875 269.443756103515625 266.54998779296875 264.087493896484375 262.1875 262.20001220703125 262.63751220703125 264.368743896484375 272.3125 284.28125 298.28125 312.975006103515625 321.618743896484375 326.087493896484375 324.068756103515625 317.88751220703125 312.875 315.65625 320.149993896484375 329.399993896484375 348.54376220703125 381.75 419.23126220703125 421.33123779296875 398.212493896484375 373.6875 352.631256103515625 333.21875 319.131256103515625 309.056243896484375
239.9812469482421875 239.15625 240.125 247.693756103515625 259.86248779296875 272.41876220703125 284.95001220703125 296.45001220703125 302.806243896484375 294.774993896484375 280.54376220703125 264.57501220703125 247.212493896484375 250.1875 259.131256103515625 262.75 262.58123779296875 261.431243896484375 260.10626220703125 259.07501220703125 258.01251220703125 257.83123779296875 259.20623779296875 266.83123779296875 280.100006103515625 294.51251220703125 310.79376220703125 318.743743896484375 322.89373779296875 323.29376220703125 320.54376220703125 319.90625 326.89373779296875 336.5625 349.86248779296875 369.48126220703125 398.64373779296875 431.431243896484375 431.82501220703125 408.34375 382.53125 359.13751220703125 338.712493896484375 323.368743896484375 314.100006103515625
235.46875 233.681243896484375 233.212493896484375 243.318756103515625 258.38751220703125 269.493743896484375 279.537506103515625 288.26251220703125 290.462493896484375 284.66876220703125 273.4375 260.506256103515625 249.6875 249.46875 253.9875030517578125 257.8125 259.10626220703125 259.67498779296875 258.274993896484375 255.649993896484375 253.9875030517578125 252.09375 252.40625 259.318756103515625 272.024993896484375 288.100006103515625 302.82501220703125 314.975006103515625 322.11248779296875 326.818756103515625 328.95001220703125 333.443756103515625 341.61248779296875 353.59375 368.149993896484375 383.76873779296875 406.056243896484375 422.881256103515625 421.65625 406.399993896484375 383.91876220703125 361.42498779296875 341.36248779296875 327.51251220703125 315.568756103515625
236.5625 237.4187469482421875 238.524993896484375 247.9187469482421875 259.006256103515625 268.28125 275.60626220703125 280.225006103515625 280.443756103515625 275.96875 269.131256103515625 261.899993896484375 255.287506103515625 253.5 254.53125 256.75 258.51251220703125 259.306243896484375 257.975006103515625 254.4875030517578125 252.3874969482421875 247.662506103515625 245.9499969482421875 250.3874969482421875 263.83123779296875 281.59375 299.23126220703125 312.95001220703125 323.912506103515625 329.51251220703125 337.83123779296875 346.5625 358.01251220703125 369.23748779296875 383.48748779296875 395.225006103515625 409.40625 417.850006103515625 414.181243896484375 401.11248779296875 382.53125 360.756256103515625 339.899993896484375 327.068756103515625 319.131256103515625
241.131256103515625 243.1687469482421875 247.125 254.3312530517578125 261.8125 268.493743896484375 273.931243896484375 275.51873779296875 274.86248779296875 273.04998779296875 269.3125 265.40625 261.725006103515625 260.337493896484375 259.84375 261.118743896484375 262.20001220703125 262.543731689453125 261.73748779296875 256.90625 252.2937469482421875 247.837493896484375 242.4375 245.193756103515625 260.975006103515625 278.443756103515625 295.931243896484375 311.162506103515625 324.45623779296875 333.056243896484375 344.46875 355.350006103515625 370.23748779296875 382.46875 394.33123779296875 405.024993896484375 415.375 418.962493896484375 411.83123779296875 400.431243896484375 382.868743896484375 360.287506103515625 340.399993896484375 328.587493896484375 330.09375
247.9499969482421875 249.868743896484375 255.193756103515625 261.26873779296875 266.943756103515625 270.41876220703125 273 273.087493896484375 272.756256103515625 271.28125 269.431243896484375 268.1875 266.1875 265.54998779296875 264.962493896484375 265.818756103515625 266.29376220703125 268.41876220703125 265.706268310546875 261.806243896484375 258.3125 252.09375 250.2062530517578125 253.8874969482421875 265.89373779296875 280.53125 296.743743896484375 311.21875 325.306243896484375 337.20001220703125 348.23748779296875 359.931243896484375 375.837493896484375 388.90625 402.11248779296875 411.975006103515625 419.125 422.537506103515625 416.11248779296875 403.375 387.83123779296875 366.256256103515625 344.4375 334.462493896484375 350.53125
253.0500030517578125 256.03125 261.381256103515625 267.725006103515625 272.318756103515625 273.13751220703125 271.943756103515625 271.774993896484375 270.881256103515625 270.350006103515625 270.162506103515625 270.0625 269.881256103515625 271.6875 271.75 273.225006103515625 275.868743896484375 276.23126220703125 274.149993896484375 270.17498779296875 265.881256103515625 260.212493896484375 258.76251220703125 263.54376220703125 273.04998779296875 284.76873779296875 299.66876220703125 313.58123779296875 328.35626220703125 340.618743896484375 350.818756103515625 362.149993896484375 378.6875 394.806243896484375 410.024993896484375 418.82501220703125 426.875 430.10626220703125 424.556243896484375 412.068756103515625 394.225006103515625 374.28125 358.16876220703125 356.95623779296875 375.26251220703125
256.256256103515625 259.07501220703125 265.8125 273.10626220703125 276.881256103515625 275.024993896484375 272.01873779296875 271.35626220703125 270.48748779296875 269.83123779296875 271.16876220703125 273.46875 275.34375 278.350006103515625 280.318756103515625 281.96875 283.90625 285.25 284.73126220703125 279.649993896484375 274.48748779296875 270.42498779296875 268.024993896484375 271.931243896484375 280.337493896484375 290.693756103515625 303.57501220703125 316.15625 330.01873779296875 341.82501220703125 353.57501220703125 365.54998779296875 381.70001220703125 400.04376220703125 415.89373779296875 426.212493896484375 434.53125 441.36248779296875 436.375 426.90625 414.73126220703125 399.943756103515625 389.16876220703125 389.537506103515625 397
256.818756103515625 259.4375 264.737518310546875 272.037506103515625 277.01873779296875 272.75 270.3125 269.11248779296875 268.78125 269.60626220703125 272.537506103515625 276.4375 280.26873779296875 283.756256103515625 287.26251220703125 289.64373779296875 292.774993896484375 295.03125 294.79376220703125 289.96875 283.774993896484375 278.59375 276.85626220703125 279.9375 286.38751220703125 296.568756103515625 308.23748779296875 319.41876220703125 332.9375 344.243743896484375 356.631256103515625 369.57501220703125 385.91876220703125 404.82501220703125 421.79998779296875 433.556243896484375 443.08123779296875 453.256256103515625 452.10626220703125 445.59375 438.6875 428.17498779296875 420.75 417 421.70001220703125
253.65625 255.256256103515625 259.48748779296875 264.66876220703125 267.70623779296875 265.91876220703125 266.16876220703125 265.112518310546875 265.90625 267.84375 271.837493896484375 277.256256103515625 283.03125 289.225006103515625 294.01873779296875 297.0625 299.100006103515625 300.787506103515625 299.306243896484375 295.9375 289.60626220703125 284.48126220703125 283.07501220703125 285.58123779296875 292.61248779296875 301.23126220703125 311.100006103515625 321.993743896484375 333.25 346.431243896484375 359.36248779296875 372.837493896484375 390.40625 409.993743896484375 428.181243896484375 440.51251220703125 454.10626220703125 463.53125 463.087493896484375 461.08123779296875 462.40625 456.25 451.587493896484375 452.556243896484375 457.306243896484375
242.131256103515625 243.7375030517578125 248.243743896484375 252.7687530517578125 254.7937469482421875 255.2687530517578125 256.08123779296875 257.04998779296875 257.79998779296875 262.48748779296875 269.89373779296875 277.73126220703125 287.681243896484375 297.58123779296875 301.88751220703125 304.4375 305.537506103515625 305.01873779296875 302.681243896484375 299.83123779296875 294.35626220703125 289.649993896484375 287.57501220703125 291.42498779296875 297.23748779296875 305.20001220703125 314.024993896484375 322.318756103515625 332.91876220703125 348.29376220703125 361.681243896484375 374.568756103515625 393.381256103515625 414.306243896484375 432.25 446.60626220703125 460.100006103515625 470.79376220703125 470.64373779296875 476.54998779296875 480.58123779296875 478.91876220703125 479.493743896484375 485.60626220703125 499.743743896484375
228.7375030517578125 230.7312469482421875 235.0124969482421875 239.4562530517578125 241.1125030517578125 243.5 246.162506103515625 248.15625 250.1374969482421875 254.693756103515625 263.993743896484375 277.774993896484375 292.45623779296875 304.256256103515625 308.868743896484375 310.51251220703125 312.14373779296875 311.068756103515625 306.92498779296875 302.774993896484375 298.08123779296875 294.118743896484375 292.1875 295.23748779296875 300.36248779296875 306.73126220703125 314.23748779296875 322.9375 333.96875 348.443756103515625 363.818756103515625 378.1875 396.962493896484375 418.88751220703125 437.787506103515625 452.412506103515625 465.23126220703125 474.649993896484375 479.881256103515625 487.725006103515625 493.243743896484375 496.256256103515625 501.90625 512.0062255859375 528.8062744140625
216.4499969482421875 218 222.2624969482421875 225.806243896484375 228.40625 232.28125 235.243743896484375 238.0812530517578125 238.9812469482421875 245.1062469482421875 258.20001220703125 276.40625 297.431243896484375 313.25 317.4375 317.587493896484375 317.88751220703125 314.962493896484375 310.29998779296875 304.21875 300.681243896484375 297.26873779296875 295.537506103515625 297.662506103515625 302.256256103515625 306.4375 314.337493896484375 323.29998779296875 333.743743896484375 348.118743896484375 364.40625 381.243743896484375 401.13751220703125 421.88751220703125 440.64373779296875 454.899993896484375 466.26873779296875 479.9375 487.14373779296875 493.881256103515625 501.375 505.431243896484375 513.65625 524.3812255859375 537.34375
203.9875030517578125 204.975006103515625 208.5562591552734375 211.5500030517578125 214.03125 217.0437469482421875 220.3874969482421875 222.2937469482421875 223.587493896484375 230.225006103515625 246.943756103515625 270.975006103515625 296.73748779296875 315.64373779296875 321.493743896484375 322.850006103515625 322.39373779296875 318.58123779296875 313.037506103515625 306.368743896484375 302.10626220703125 299.51873779296875 297.181243896484375 298.118743896484375 301.649993896484375 306.225006103515625 313.29376220703125 321.86248779296875 332.28125 346.92498779296875 364.431243896484375 381.462493896484375 402.337493896484375 423.17498779296875 441.13751220703125 452.51251220703125 466.57501220703125 477.51251220703125 481.60626220703125 488.17498779296875 495.912506103515625 501.58123779296875 508.756256103515625 519.29998779296875 527.79376220703125
191.318756103515625 192.1875 194.756256103515625 197.412506103515625 199.693756103515625 203.193756103515625 207.2687530517578125 208.931243896484375 209.7375030517578125 213.3249969482421875 235.9875030517578125 270.20623779296875 297.787506103515625 315.231231689453125 323.23748779296875 326.4375 326.70001220703125 322.10626220703125 315.625 307.931243896484375 303.91876220703125 299.806243896484375 297.600006103515625 297.95001220703125 301.037506103515625 305.631256103515625 312.375 321.100006103515625 331.03125 346.431243896484375 364.131256103515625 381.712493896484375 403.118743896484375 424.11248779296875 441.4375 452.15625 462.743743896484375 470.475006103515625 474.662506103515625 478.850006103515625 483.20623779296875 488.92498779296875 498.20001220703125 507.45623779296875 513.23126220703125
178.5812530517578125 179.3249969482421875 181.6062469482421875 184.53125 187.306243896484375 192.3874969482421875 196.96875 200.2624969482421875 204.2062530517578125 208.1750030517578125 244.59375 280.75 302.5625 317.181243896484375 325.600006103515625 329.681243896484375 330.068756103515625 325.774993896484375 319.28125 311.0625 305.631256103515625 300.11248779296875 296.875 296.899993896484375 299.53125 304.256256103515625 310.23126220703125 318.51873779296875 328.493743896484375 345.118743896484375 362.524993896484375 379.14373779296875 400.131256103515625 421.368743896484375 437.98748779296875 447.375 454.01873779296875 460.54998779296875 464.368743896484375 466.73748779296875 468.681243896484375 475.568756103515625 482.4375 488.40625 494.70001220703125
166.71875 166.3874969482421875 169.3937530517578125 172.6999969482421875 176.318756103515625 182.287506103515625 188.118743896484375 195.7624969482421875 208.756256103515625 232.5812530517578125 274.850006103515625 292.34375 304.962493896484375 317.76873779296875 326.35626220703125 331.08123779296875 333.662506103515625 328.40625 321.118743896484375 313.100006103515625 305.01873779296875 298.63751220703125 295.068756103515625 294.975006103515625 297.10626220703125 301.475006103515625 308.118743896484375 316.63751220703125 327.0625 343.975006103515625 359.98126220703125 374.98748779296875 392.381256103515625 408.54998779296875 425.868743896484375 433.649993896484375 437.98748779296875 443.5 445.23126220703125 444.70001220703125 446.118743896484375 450.70623779296875 455.149993896484375 461.837493896484375 467.26873779296875
154.850006103515625 154.6374969482421875 157.662506103515625 160.837493896484375 165.8874969482421875 173.412506103515625 181.4562530517578125 192.90625 211 236.537506103515625 265.899993896484375 287.63751220703125 303.087493896484375 317.51251220703125 326.537506103515625 333.42498779296875 337.48126220703125 332.693756103515625 323.600006103515625 314.33123779296875 302.787506103515625 295.85626220703125 291.837493896484375 291.54998779296875 294.193756103515625 298.25 305.5 314.975006103515625 325.11248779296875 340.368743896484375 354.537506103515625 369.681243896484375 385.850006103515625 398.88751220703125 410.006256103515625 416.100006103515625 419.399993896484375 422.90625 423.037506103515625 421.23126220703125 422.149993896484375 425.212493896484375 427.5 432.337493896484375 437.53125
