data/historical-monthly-weather-data/wc2.1_cruts4.09_10m_prec_1963-11.asc
ncols        45
nrows        45
xllcorner    -63.500000000000
yllcorner    -7.500000000000
cellsize     0.166666666667
NODATA_value -9999
[rows 0 to 19 of 45, columns 0 to 43 of 45]
362.212493896484375 366.556243896484375 358.09375 356.45001220703125 353.60626220703125 350.76251220703125 345.068756103515625 339.17498779296875 332.274993896484375 323.350006103515625 314.04376220703125 299.399993896484375 284.98748779296875 266.375 248.881256103515625 230.6750030517578125 213.774993896484375 197.0187530517578125 181.681243896484375 168.5500030517578125 159.59375 151.46875 144.28125 135.837493896484375 128.3562469482421875 121.8125 117.02500152587890625 112.5187530517578125 108.1687469482421875 106.71875 106.1999969482421875 106.5 106.875 108.0625 109.0187530517578125 110.86875152587890625 113.13124847412109375 114.80625152587890625 115.2375030517578125 115.65000152587890625 115.00624847412109375 114.4875030517578125 112.5812530517578125 110.6687469482421875
372.506256103515625 374.01873779296875 370.568756103515625 370.95001220703125 373.462493896484375 370.84375 364.649993896484375 362.26873779296875 355.32501220703125 345.087493896484375 334.399993896484375 316.662506103515625 298 279.056243896484375 258.57501220703125 240.462493896484375 221.006256103515625 202.5812530517578125 184.59375 169.28125 159.4562530517578125 150.912506103515625 143.568756103515625 136.21875 127.6999969482421875 120.63124847412109375 116.0437469482421875 111.2624969482421875 107.0812530517578125 105.38124847412109375 104.6750030517578125 104.77500152587890625 104.48125457763671875 106.4875030517578125 108.0625 110.15625 112.71875 114.7937469482421875 115.2375030517578125 115.7937469482421875 115.98749542236328125 115.15625 113.88124847412109375 111.0500030517578125
371.337493896484375 372.92498779296875 369.193756103515625 367.64373779296875 370.693756103515625 369.4375 370.84375 370.8125 367.368743896484375 358.79998779296875 346.21875 326.70001220703125 307.306243896484375 286.98126220703125 265.274993896484375 244.9937591552734375 226.100006103515625 208.96875 191.4499969482421875 176.712493896484375 166.4812469482421875 157.21875 149.006256103515625 140.506256103515625 131.068756103515625 122.38124847412109375 116.90625 111.84375 106.72499847412109375 104.3625030517578125 104.0124969482421875 103.5500030517578125 104.81874847412109375 106.4187469482421875 108.47499847412109375 110.3625030517578125 112.8562469482421875 116.24375152587890625 117.30625152587890625 118.56874847412109375 118.99375152587890625 117.6750030517578125 116.24375152587890625 113.9499969482421875
359.899993896484375 359.70623779296875 360.068756103515625 357.568756103515625 360.806243896484375 362.787506103515625 366.57501220703125 372.89373779296875 374.96875 370.125 356.587493896484375 334.73126220703125 313.75 292.475006103515625 270.412506103515625 249.774993896484375 231.2937469482421875 214.837493896484375 199.6374969482421875 187.181243896484375 176.5437469482421875 166.0625 155.6875 144.9187469482421875 134.037506103515625 124.16249847412109375 117.9187469482421875 111.0437469482421875 105.8312530517578125 103.9250030517578125 103.04375457763671875 102.8937530517578125 103.4250030517578125 105.09999847412109375 107.11875152587890625 110.5812530517578125 114.0812530517578125 117.46875 119.38124847412109375 120.96250152587890625 120.875 120.40625 118.1437530517578125 115.6062469482421875
357.14373779296875 350.524993896484375 339.38751220703125 339.912506103515625 347.024993896484375 352.625 359.568756103515625 370.443756103515625 378.89373779296875 379.993743896484375 362.35626220703125 336.13751220703125 314.67498779296875 295.274993896484375 273.706268310546875 254.1687469482421875 235.5749969482421875 221.7624969482421875 208.3000030517578125 195.631256103515625 185.850006103515625 174.274993896484375 162.875 151.068756103515625 137.1687469482421875 125.49375152587890625 116.78125 110.4250030517578125 105.28125 102.31874847412109375 101.1374969482421875 100.84375 101.8249969482421875 103.93125152587890625 106.49375152587890625 110.3125 114.44374847412109375 118.65625 121.6999969482421875 122.46875 123.11875152587890625 121.6437530517578125 119.69374847412109375 117.3000030517578125
345.26873779296875 339.26873779296875 328.712493896484375 319.15625 328.38751220703125 340.54998779296875 350.10626220703125 359.20623779296875 367.11248779296875 371.10626220703125 353.16876220703125 328.850006103515625 310.350006103515625 292.79376220703125 273.04376220703125 254.7375030517578125 238.8874969482421875 227.2312469482421875 216.8937530517578125 204.9562530517578125 193.28125 181.2874908447265625 168.662506103515625 154.3125 140.462493896484375 127.27500152587890625 118.27500152587890625 110.93125152587890625 105.04375457763671875 101.68125152587890625 99.46250152587890625 100.0124969482421875 101.1437530517578125 103.99375152587890625 106.83750152587890625 111.53749847412109375 116.24375152587890625 121.18125152587890625 125.0812530517578125 126.46875 124.7375030517578125 123.2375030517578125 121.0124969482421875 118.8625030517578125
335.67498779296875 332.725006103515625 323.181243896484375 314.04998779296875 316.07501220703125 322.456268310546875 330.956268310546875 337.85626220703125 338.743743896484375 334.068756103515625 327.756256103515625 313.118743896484375 300.48748779296875 286.71875 271.48126220703125 256.75 243.0812530517578125 233.243743896484375 223.3625030517578125 215.443756103515625 202.4250030517578125 188.493743896484375 174.4875030517578125 158.53125 143.412506103515625 130.056243896484375 119.96250152587890625 111.4499969482421875 103.75624847412109375 100.24375152587890625 98.3249969482421875 98.03749847412109375 100.03125 103.5500030517578125 107.5124969482421875 111.96250152587890625 116.56874847412109375 122.2062530517578125 128.1750030517578125 128.931243896484375 126.125 123.90625 121.59375 119.0500030517578125
329.618743896484375 325.45001220703125 318.712493896484375 315.350006103515625 316.524993896484375 317.412506103515625 315.0625 309.20001220703125 300.574981689453125 297.08123779296875 300.537506103515625 295.875 288.66876220703125 279.20623779296875 268.318756103515625 258.03125 246.993743896484375 238.8249969482421875 231.6437530517578125 224.100006103515625 212.087493896484375 197.274993896484375 180.618743896484375 163.350006103515625 147.9250030517578125 131.7062530517578125 120.4812469482421875 110.74375152587890625 102.96250152587890625 98.53125 96.19374847412109375 96.3937530517578125 98.9875030517578125 102.71250152587890625 107.1750030517578125 111.3000030517578125 116.4187469482421875 121.15000152587890625 124.7312469482421875 125.41249847412109375 123.5812530517578125 121.53125 119.11875152587890625 116.2937469482421875
324.79376220703125 322.850006103515625 319.58123779296875 317.368743896484375 317.11248779296875 315.46875 310.73126220703125 301.51873779296875 283.39373779296875 273.693756103515625 280.5625 280.368743896484375 277.21875 270.89373779296875 265.0625 258.649993896484375 251.5437469482421875 245.71875 242.4499969482421875 235.2062530517578125 219.4875030517578125 203.818756103515625 185.350006103515625 168.8625030517578125 151.287506103515625 133.7687530517578125 121.2937469482421875 111.5500030517578125 103.4562530517578125 98.09375 96.34999847412109375 97.4562530517578125 99.66249847412109375 103.0812530517578125 107.1875 111.68125152587890625 116.30625152587890625 120.375 122.66249847412109375 123.7062530517578125 122.19374847412109375 119.63124847412109375 117.65000152587890625 114.93125152587890625
320.993743896484375 318.587493896484375 316.725006103515625 316.11248779296875 316.931243896484375 316.274993896484375 309.962493896484375 299.23748779296875 285.375 277.36248779296875 276.11248779296875 271.07501220703125 268.58123779296875 263.524993896484375 261.118743896484375 259.350006103515625 256.57501220703125 254.0124969482421875 251.631256103515625 247.4562530517578125 230.899993896484375 212.381256103515625 191.618743896484375 173.131256103515625 153.3625030517578125 135.5625 123.61875152587890625 112.875 104.05625152587890625 98.13124847412109375 96.4812469482421875 97.74375152587890625 100.25 104.03125 108.28125 112.6374969482421875 117.1999969482421875 120.2062530517578125 121.9562530517578125 122.58750152587890625 121.61875152587890625 119.22499847412109375 116.25624847412109375 112.5625
317.70623779296875 315.95001220703125 313.962493896484375 313.86248779296875 314.993743896484375 317.41876220703125 312.63751220703125 300.57501220703125 287.462493896484375 278.375 274.71875 268.03125 262.48748779296875 257.381256103515625 257.056243896484375 258.087493896484375 259.54376220703125 259.681243896484375 259.806243896484375 258.85626220703125 246.462493896484375 224.7937469482421875 199.7624969482421875 175.381256103515625 155.962493896484375 139.243743896484375 127.2687530517578125 116.59375 106.68125152587890625 100.6374969482421875 99.00624847412109375 99.8937530517578125 102.74375152587890625 106.31874847412109375 109.875 113.28125 116.7937469482421875 119.77500152587890625 122.2312469482421875 122.74375152587890625 121.43125152587890625 119.03749847412109375 116.09375 112.4187469482421875
314.75 313.274993896484375 311.625 313.256256103515625 314.743743896484375 316.91876220703125 313.90625 301.54376220703125 288.21875 278.225006103515625 271.625 265.76251220703125 258.037506103515625 253.1999969482421875 253.59375 255.3000030517578125 258.100006103515625 259.212493896484375 262.16876220703125 265.625 256.54998779296875 234.631256103515625 206.806243896484375 179.931243896484375 158.4562530517578125 141.306243896484375 129.53125 119.71250152587890625 111.6374969482421875 106.0187530517578125 103.2375030517578125 102.77500152587890625 104.75 107.6437530517578125 111.375 114.78125 118.0187530517578125 121.40000152587890625 123.27500152587890625 124.00624847412109375 123.47499847412109375 120.75 117.6374969482421875 113.9499969482421875
310.95001220703125 310.875 309.743743896484375 309.59375 309.524993896484375 309.95623779296875 305.412506103515625 295.85626220703125 283.83123779296875 274.53125 266.76873779296875 262.29376220703125 256.100006103515625 247.6687469482421875 246.84375 249.0562591552734375 252.7062530517578125 257.068756103515625 261.73748779296875 265.96875 259.58123779296875 238.506256103515625 209.71875 184.3125 160.96875 142.5812530517578125 133.037506103515625 123.9562530517578125 116.63124847412109375 111.44374847412109375 108.1062469482421875 106.49375152587890625 106.9250030517578125 108.9187469482421875 112.21250152587890625 115.5812530517578125 119.0500030517578125 122.44374847412109375 125.02500152587890625 124.97499847412109375 125.2375030517578125 123.1437530517578125 118.38124847412109375 109.7937469482421875
306.57501220703125 305.087493896484375 303.868743896484375 302.95001220703125 302.45623779296875 299.66876220703125 294.90625 287.743743896484375 278.493743896484375 268.681243896484375 260.337493896484375 253.8874969482421875 248.7687530517578125 242.125 236.9812469482421875 239.0124969482421875 243.7062530517578125 248.3937530517578125 253.306243896484375 256.48748779296875 248.4187469482421875 230.0749969482421875 206.462493896484375 184.03125 163.681243896484375 146.8125 138.443756103515625 130.181243896484375 122.54375457763671875 116.8625030517578125 113.1750030517578125 110.50624847412109375 109.59375 110.2937469482421875 113.49375152587890625 117.375 120.96250152587890625 125.8562469482421875 127.59999847412109375 128.868743896484375 127.71875 121.65625 115.05625152587890625 110.46875
301.743743896484375 300.21875 298.92498779296875 297.71875 296.3125 292.524993896484375 288.375 281.868743896484375 272.524993896484375 262.70623779296875 253.65625 246.9562530517578125 240.493743896484375 233.2249908447265625 224.631256103515625 224.9562530517578125 230.350006103515625 235.8125 241.1999969482421875 244.131256103515625 235.6125030517578125 220.274993896484375 201.600006103515625 184.6062469482421875 169.21875 155.306243896484375 146.7687530517578125 138.3562469482421875 130.4187469482421875 123.40625 118.21875 114.0812530517578125 112.76250457763671875 112.84375 114.71875 118.3312530517578125 123.61875152587890625 130.4250030517578125 134.1062469482421875 134.068756103515625 130.368743896484375 125.20000457763671875 120.8562469482421875 116.84375
295.39373779296875 293.818756103515625 293.34375 291.78125 290.20623779296875 286.70623779296875 281.20623779296875 274.756256103515625 267.17498779296875 259.068756103515625 249.2375030517578125 241.8625030517578125 234.7937469482421875 225.5 215.225006103515625 209.7624969482421875 217.506256103515625 225.5812530517578125 230.881256103515625 233.493743896484375 226.5124969482421875 213.868743896484375 198.2375030517578125 185.524993896484375 174.149993896484375 164.506256103515625 157.462493896484375 148.818756103515625 138.9499969482421875 129.975006103515625 123.30625152587890625 118.3562469482421875 115.90625 115.99375152587890625 116.1875 121.40625 128.40625 132.6125030517578125 136.2375030517578125 136.9875030517578125 136.75 132.6374969482421875 127.23125457763671875 119.4250030517578125
288.512481689453125 288.51873779296875 287.118743896484375 285.51251220703125 284.51873779296875 280.59375 276.131256103515625 269.556243896484375 262.725006103515625 254.556243896484375 245.84375 238.806243896484375 231.024993896484375 221.96875 212.53125 207.375 208.8874969482421875 215.1999969482421875 221.875 225.6437530517578125 219.7312469482421875 208.9499969482421875 195.837493896484375 185.681243896484375 178.256256103515625 173.556243896484375 169.7624969482421875 159.274993896484375 146.318756103515625 136.03125 128.7312469482421875 124.66249847412109375 121.16249847412109375 120.0625 124.0437469482421875 131.818756103515625 136.0625 141.4812469482421875 146.3625030517578125 146.2937469482421875 147.068756103515625 142.1437530517578125 132.6875 125.47499847412109375
280.9375 281.45623779296875 281.35626220703125 280.70623779296875 279.36248779296875 277.53125 274.09375 268.07501220703125 261.462493896484375 253.2312469482421875 244.431243896484375 237.25 227.9875030517578125 220.0500030517578125 213.068756103515625 208.037506103515625 206.587493896484375 206.056243896484375 214.100006103515625 218.712493896484375 215.9375 205.9187469482421875 194.681243896484375 188.2687530517578125 184.412506103515625 182.09375 182.537506103515625 169.4875030517578125 152.8874969482421875 139.09375 130.212493896484375 125.61875152587890625 126.4250030517578125 131.0749969482421875 136.5812530517578125 138.5749969482421875 143.90625 149.256256103515625 150.1062469482421875 153.412506103515625 152.943756103515625 147.306243896484375 139.5437469482421875 132.725006103515625
272.600006103515625 274.92498779296875 275.29998779296875 275.45001220703125 275.48126220703125 274.15625 271.068756103515625 266.91876220703125 261.33123779296875 254.4250030517578125 245.0812530517578125 236.8687591552734375 227.4812469482421875 219.7062530517578125 212.1125030517578125 207.462493896484375 205.131256103515625 202.181243896484375 205.568756103515625 210.681243896484375 212.243743896484375 207.9562530517578125 193.6687469482421875 190.024993896484375 188.84375 187.649993896484375 185.306243896484375 174.0812530517578125 158.743743896484375 142.868743896484375 131.256256103515625 129.8625030517578125 136.899993896484375 141.59375 144.7937469482421875 149.399993896484375 153.149993896484375 156.568756103515625 158.5749969482421875 159.806243896484375 158.725006103515625 155.7312469482421875 147.7312469482421875 140.8625030517578125
263.23126220703125 266.84375 267.51251220703125 268.65625 269.524993896484375 269.725006103515625 268.337493896484375 265.29376220703125 261.243743896484375 255.787506103515625 248.306243896484375 240.4187469482421875 231.0124969482421875 221.118743896484375 213.3562469482421875 206.7687530517578125 200.493743896484375 200.2312469482421875 201.8562469482421875 205.462493896484375 204.962493896484375 199.3125 193.3625030517578125 191.6687469482421875 190.6750030517578125 187.6999969482421875 183.0749969482421875 176.318756103515625 163.068756103515625 147.8125 138.2937469482421875 140.662506103515625 146.0812530517578125 152.3874969482421875 157.3125 160.568756103515625 164.225006103515625 167.837493896484375 167.912506103515625 166.8562469482421875 165.056243896484375 161.943756103515625 155.5124969482421875 150.0437469482421875
