data/historical-monthly-weather-data/wc2.1_cruts4.09_10m_prec_1978-06.asc
ncols        45
nrows        45
xllcorner    -63.500000000000
yllcorner    -7.500000000000
cellsize     0.166666666667
NODATA_value -9999
[rows 0 to 19 of 45, columns 0 to 43 of 45]
371.46875 372.943756103515625 369.20623779296875 376.524993896484375 377.96875 379.318756103515625 372.818756103515625 364.068756103515625 348.962493896484375 345.89373779296875 345.625 340.3125 335.381256103515625 326.600006103515625 316.79376220703125 308.91876220703125 298.67498779296875 288.931243896484375 279.08123779296875 272.78125 271.48748779296875 261.962493896484375 254.2937469482421875 244.84375 237.600006103515625 232.1374969482421875 232.1062469482421875 234.4812469482421875 229.7687530517578125 221.8937530517578125 209.056243896484375 202.431243896484375 199.0812530517578125 191.837493896484375 185.537506103515625 181.1750030517578125 176.5437469482421875 173.618743896484375 168.600006103515625 165.84375 165.756256103515625 169.875 168.024993896484375 168.4187469482421875
364.125 366.45001220703125 372.181243896484375 378.29998779296875 386.993743896484375 388.600006103515625 382.118743896484375 372.89373779296875 366.29998779296875 362.04376220703125 357.337493896484375 348.5625 333.806243896484375 321.899993896484375 309.212493896484375 298.67498779296875 285.693756103515625 273.125 262.975006103515625 258.10626220703125 255.1125030517578125 246.8000030517578125 241.5 234.4250030517578125 226.9187469482421875 220.131256103515625 220.024993896484375 219.3625030517578125 215.193756103515625 204.28125 195.96875 193.625 188.756256103515625 183.7937469482421875 179.506256103515625 173.274993896484375 170.5 167.381256103515625 163.7062530517578125 162.3812408447265625 165.181243896484375 162.3249969482421875 165.59375 166.25
342.57501220703125 353.96875 359.32501220703125 359.743743896484375 369.29376220703125 376.34375 375.712493896484375 378.67498779296875 374.42498779296875 370.0625 361.89373779296875 347.54998779296875 334.125 314.431243896484375 298.91876220703125 286.212493896484375 270.70623779296875 258.712493896484375 249.068756103515625 242 239.15625 236.056243896484375 229.662506103515625 226.131256103515625 215.225006103515625 206.84375 209.8874969482421875 207.024993896484375 199.931243896484375 194.712493896484375 185.037506103515625 179.4875030517578125 174.3000030517578125 170.8249969482421875 164.725006103515625 156.0500030517578125 155.537506103515625 155.537506103515625 153.5 153.631256103515625 158.462493896484375 158.5437469482421875 160.2375030517578125 160.34375
318.587493896484375 322.76873779296875 334.20623779296875 340.962493896484375 345.8125 354.350006103515625 363.024993896484375 370.86248779296875 373.931243896484375 373.4375 361.95623779296875 343.443756103515625 324.581268310546875 303.79998779296875 288.443756103515625 274.412506103515625 255.4187469482421875 244.8937530517578125 235.556243896484375 235.2937469482421875 230.0187530517578125 221.0625 216.15625 213.8562469482421875 202.5187530517578125 194.256256103515625 194.2375030517578125 189.274993896484375 185.962493896484375 181.681243896484375 174.375 166.5625 161.100006103515625 153.649993896484375 147.875 147.774993896484375 148.03125 146.2937469482421875 144.693756103515625 145.59375 149.6999969482421875 154.0500030517578125 156.0500030517578125 156.1437530517578125
319.274993896484375 318.431243896484375 309.412506103515625 318.26873779296875 331.33123779296875 336.225006103515625 347.21875 363.475006103515625 375.10626220703125 377.306243896484375 365.318756103515625 335.41876220703125 315.82501220703125 296.662506103515625 277.100006103515625 261.51251220703125 245.212493896484375 229.662506103515625 220.087493896484375 217.6437530517578125 212.0625 206.8249969482421875 202.7624969482421875 198.774993896484375 187.9187469482421875 180.8125 178.15625 178.337493896484375 175.537506103515625 167.875 163.556243896484375 158.212493896484375 151.2312469482421875 145.3874969482421875 142.15625 138.881256103515625 138.943756103515625 139.8312530517578125 137.8312530517578125 137.65625 142.506256103515625 147.100006103515625 151.03125 154.756256103515625
301.04998779296875 304.85626220703125 298.14373779296875 286.17498779296875 302.76251220703125 321.13751220703125 328.381256103515625 340.600006103515625 357.48126220703125 362.993743896484375 345.54376220703125 318.875 301.337493896484375 283.73748779296875 262.881256103515625 248.0625 231.475006103515625 217.193756103515625 211.0437469482421875 206.350006103515625 203.1750030517578125 196.84375 191.243743896484375 182.7312469482421875 176.0749969482421875 170.125 165.9250030517578125 166.087493896484375 164.1750030517578125 157.8625030517578125 156.193756103515625 152.1437530517578125 148.6437530517578125 142.5625 136.625 138.9812469482421875 137.1374969482421875 133.462493896484375 135.0812530517578125 139.806243896484375 141.6687469482421875 147.412506103515625 149.34375 152.3625030517578125
289.9375 289.23748779296875 284.3125 278.58123779296875 275.443756103515625 280.59375 288.0625 306.96875 313.01873779296875 318.38751220703125 311.29998779296875 292.75 281.89373779296875 269.6875 251.8874969482421875 237.0500030517578125 224.2624969482421875 211.1750030517578125 200.25 196.5749969482421875 187.9499969482421875 182.34375 175.6062469482421875 170.28125 167.587493896484375 161.725006103515625 157.15625 155.274993896484375 153.40625 153.806243896484375 148.743743896484375 143.15625 139.5812530517578125 138.1437530517578125 137.774993896484375 136.850006103515625 132.4562530517578125 131.7062530517578125 132.6750030517578125 138.1374969482421875 139.931243896484375 143.8625030517578125 147.96875 151.0124969482421875
275.73126220703125 268.73748779296875 265.09375 267.32501220703125 265.306243896484375 273.625 267.26251220703125 262.26873779296875 257.568756103515625 267.693756103515625 272.34375 266.32501220703125 261.16876220703125 251.6750030517578125 241.712493896484375 228.90625 213.712493896484375 202.53125 191.6999969482421875 181.9875030517578125 183.006256103515625 174.3874969482421875 166.162506103515625 160.28125 157.412506103515625 149.9499969482421875 146.787506103515625 145.068756103515625 143.681243896484375 141.162506103515625 143.0437469482421875 138.056243896484375 136.2687530517578125 134.4562530517578125 131.0625 130.024993896484375 129.024993896484375 128.712493896484375 126.9375 128.5437469482421875 132.2375030517578125 138.7937469482421875 139.3249969482421875 139.493743896484375
260.38751220703125 255.9499969482421875 249.587493896484375 248.774993896484375 249.3625030517578125 250.631256103515625 254.2687530517578125 254.625 241.006256103515625 233.75 235.4375 236.09375 240.3312530517578125 235.0749969482421875 228.037506103515625 215.962493896484375 210.0124969482421875 202.1999969482421875 193.8312530517578125 181.2687530517578125 169.8562469482421875 168.7687530517578125 156.5374908447265625 155.493743896484375 148.787506103515625 142.556243896484375 139.868743896484375 140.1687469482421875 142.40625 139.9875030517578125 142.912506103515625 133.25 126.9562530517578125 124.71875 125.9499969482421875 130.162506103515625 131.931243896484375 133.78125 131.9187469482421875 130.09375 130.0437469482421875 130.350006103515625 136.21875 135.818756103515625
246.15625 242.5187530517578125 237.368743896484375 236.2375030517578125 235.84375 235.7312469482421875 237.6125030517578125 234.0625 230.600006103515625 225.881256103515625 220.587493896484375 211.2062530517578125 218.34375 218.5749969482421875 215.3125 209.1999969482421875 201.6062469482421875 200.8312530517578125 193.90625 185.6125030517578125 170.5812530517578125 160.7375030517578125 147.3937530517578125 143.837493896484375 136.4562530517578125 133.631256103515625 132.3249969482421875 131.7312469482421875 131.6624908447265625 133.881256103515625 135.46875 130.0124969482421875 128.0437469482421875 127.21875 125.75624847412109375 128.4875030517578125 132.568756103515625 136.600006103515625 136.662506103515625 139.3625030517578125 141.287506103515625 140.75 135.5437469482421875 129.0124969482421875
235.8312530517578125 230.068756103515625 224.8625030517578125 222.09375 219.306243896484375 222.0500030517578125 218.5749969482421875 215.568756103515625 215.5187530517578125 214.037506103515625 212.118743896484375 204.8312530517578125 200.475006103515625 202.5437469482421875 200.193756103515625 197.4812469482421875 192.8937530517578125 188.2687530517578125 186.4875030517578125 185.2624969482421875 180.3000030517578125 165.006256103515625 145.3125 127.92499542236328125 126.59375 130.5187530517578125 130.9499969482421875 128.2375030517578125 125.7062530517578125 126.83750152587890625 128.4499969482421875 126.46250152587890625 126.9187469482421875 127.6062469482421875 128.03125 128.4250030517578125 132.787506103515625 135.443756103515625 141.1062469482421875 142.087493896484375 142.7937469482421875 139.3562469482421875 137.056243896484375 125.9187469482421875
222.7249908447265625 218.3125 216.5749969482421875 210.8312530517578125 208.8625030517578125 207.4875030517578125 209.3874969482421875 208.25 207.243743896484375 200.3312530517578125 201.40625 197.5812530517578125 185.6999969482421875 187.40625 190.962493896484375 187.8000030517578125 183.7937469482421875 181.4375 182.15625 188.1062469482421875 184.306243896484375 170.9375 149.78125 128.5 122.2375030517578125 120.4250030517578125 119.36875152587890625 120.33750152587890625 121.9875030517578125 122.09375 119.16249847412109375 121.1437530517578125 123.1374969482421875 122.2687530517578125 125.6999969482421875 130.850006103515625 137.5124969482421875 141.693756103515625 140.006256103515625 144.693756103515625 145.78125 140.899993896484375 128.6062469482421875 110.75624847412109375
214.556243896484375 209.006256103515625 205.537506103515625 200.2062530517578125 199.3000030517578125 195.8874969482421875 195.818756103515625 195.162506103515625 191.5500030517578125 188.568756103515625 188.087493896484375 187.068756103515625 182.3125 171.4812469482421875 171.1687469482421875 172.4562530517578125 170.9812469482421875 171.818756103515625 167.5 172.09375 172.28125 160.9875030517578125 145.1999969482421875 128.162506103515625 114.4875030517578125 110.9499969482421875 113.43125152587890625 116.03125 119.41249847412109375 122.0749969482421875 118.6687469482421875 116.50624847412109375 121.2687530517578125 119.3874969482421875 122.5 129.71875 140.4187469482421875 147.7062530517578125 155.131256103515625 154.6062469482421875 148.181243896484375 140.5 121.56874847412109375 106.6999969482421875
204.587493896484375 199.662506103515625 194.9875030517578125 190.556243896484375 186.2687530517578125 184.462493896484375 182.15625 182.8937530517578125 181.649993896484375 177.3625030517578125 175.837493896484375 171.375 169.09375 163.225006103515625 152.3874969482421875 156.899993896484375 155.068756103515625 153.8562469482421875 152.7062530517578125 155.725006103515625 154.8062591552734375 145.6999969482421875 133.8312530517578125 124.16249847412109375 115 108.15625 107.65000152587890625 108.78749847412109375 111.8000030517578125 114.0437469482421875 116.0625 116.06874847412109375 118.40625 121.2687530517578125 121.5437469482421875 134.40625 149.625 162.274993896484375 170.181243896484375 165.9499969482421875 145.5500030517578125 131.0812530517578125 124.9562530517578125 124.3625030517578125
190.912506103515625 186.993743896484375 184.8562469482421875 182.0187530517578125 177.5124969482421875 175.318756103515625 174.306243896484375 172.712493896484375 170.6999969482421875 167.881256103515625 164.5625 160.8125 157.4187469482421875 149.931243896484375 137.662506103515625 139.7937469482421875 139.4499969482421875 141.6374969482421875 137.837493896484375 139.212493896484375 140.068756103515625 133.806243896484375 127.53749847412109375 122.3000030517578125 119.13124847412109375 114.22499847412109375 114.1750030517578125 114.4499969482421875 118.3000030517578125 116.34999847412109375 113.56874847412109375 116.15625 123.43125152587890625 121.74375152587890625 118.28749847412109375 124.8000030517578125 147.8625030517578125 171.7062530517578125 177.6437530517578125 169.8125 159.568756103515625 150.8874969482421875 148.3312530517578125 136.037506103515625
180.3000030517578125 175.0812530517578125 173.350006103515625 169.1437530517578125 168.337493896484375 166.962493896484375 164.6125030517578125 161.6125030517578125 161.9250030517578125 162.337493896484375 158.6875 153.6999969482421875 149.7562408447265625 142.568756103515625 132.4875030517578125 120.03749847412109375 122.8125 127.80625152587890625 124.9812469482421875 126.0124969482421875 126.125 123.21250152587890625 121.43125152587890625 121.59375 120.33750152587890625 117.16249847412109375 115.7062530517578125 117.5625 119.52500152587890625 122.93125152587890625 122.38124847412109375 120.5625 117.2937469482421875 113.7937469482421875 111.375 133.318756103515625 146.3874969482421875 164.2437591552734375 177.587493896484375 183.5124969482421875 184.1374969482421875 175.1062469482421875 159.90625 140.631256103515625
168.4250030517578125 165.181243896484375 161.6374969482421875 160.725006103515625 159.681243896484375 159.006256103515625 156.537506103515625 154.662506103515625 151.4187469482421875 150.15625 149.7624969482421875 146.149993896484375 139.6125030517578125 132.78125 128.024993896484375 117.3000030517578125 104.99375152587890625 108.71875 111.6437530517578125 111.9812469482421875 111.27500152587890625 112.46250152587890625 112.63124847412109375 118.43125152587890625 118.7624969482421875 113.2312469482421875 112.59999847412109375 114.25624847412109375 120.7062530517578125 125.4562530517578125 128.524993896484375 130.15625 127.02500152587890625 128.381256103515625 138.787506103515625 149.6687469482421875 166.1999969482421875 181.412506103515625 195.131256103515625 191.181243896484375 192.3249969482421875 177.0749969482421875 155.837493896484375 140.875
154.7937469482421875 152.9250030517578125 152.587493896484375 151.818756103515625 151.3000030517578125 152.2687530517578125 148.9562530517578125 146.3249969482421875 143.274993896484375 139.462493896484375 137.0500030517578125 135.818756103515625 128.774993896484375 123.16249847412109375 120.4375 113.1125030517578125 101.77500152587890625 91.59999847412109375 100.6062469482421875 97.97499847412109375 98.21250152587890625 100.5437469482421875 105.74375152587890625 111.46250152587890625 115.59375 111.43125152587890625 109.15000152587890625 115.94374847412109375 121.8937530517578125 124.0187530517578125 121.25624847412109375 119.15625 137.837493896484375 144.1437530517578125 150.03125 178.087493896484375 191.9499969482421875 191.0749969482421875 195.4812469482421875 193.71875 178.1687469482421875 160.943756103515625 144.5812530517578125 134.3312530517578125
142.5500030517578125 143.118743896484375 142.975006103515625 143.131256103515625 143.46875 142 139.5749969482421875 136.600006103515625 135.1312408447265625 133.2624969482421875 129.8562469482421875 122.34999847412109375 116.8312530517578125 113.20624542236328125 108.6687469482421875 103.5625 99.55625152587890625 87.94374847412109375 83.22499847412109375 82.9375 87.7375030517578125 94.4187469482421875 91.03125 100.34375 105.4875030517578125 111.36875152587890625 113.9875030517578125 115.1062469482421875 123.7312469482421875 125.59999847412109375 124.875 129.3000030517578125 140.4875030517578125 145.006256103515625 156.7062530517578125 177.6374969482421875 183.96875 181.2687530517578125 183.5187530517578125 175.625 162.100006103515625 143.3874969482421875 134.4250030517578125 129.5812530517578125
132.962493896484375 134.2687530517578125 133.087493896484375 130.243743896484375 129.71875 131.7624969482421875 130.056243896484375 126.71875 128.006256103515625 127.3562469482421875 125.0124969482421875 120.4187469482421875 113.96250152587890625 107.13124847412109375 101.1999969482421875 90.81874847412109375 84.22499847412109375 85.03749847412109375 80.25624847412109375 80.90625 76.6125030517578125 80.0437469482421875 88.8874969482421875 95.06874847412109375 96.8125 99.0749969482421875 102.99375152587890625 113.5437469482421875 115.5124969482421875 115.65625 119.3249969482421875 135.993743896484375 142.8562469482421875 146.306243896484375 151.8937530517578125 164.9812469482421875 173.96875 172.4562530517578125 167.6875 159.9250030517578125 144.850006103515625 127.0812530517578125 125.7687530517578125 124.6062469482421875
