data/historical-monthly-weather-data/wc2.1_cruts4.09_10m_prec_1975-10.asc
ncols        45
nrows        45
xllcorner    -63.500000000000
yllcorner    -7.500000000000
cellsize     0.166666666667
NODATA_value -9999
[rows 0 to 18 of 45, columns 0 to 43 of 45]
168.8125 166.34375 161.0124969482421875 158.037506103515625 153.712493896484375 147.350006103515625 138.9250030517578125 130.9375 123.55625152587890625 117.66249847412109375 113.5812530517578125 110.1687469482421875 106.4375 101.74375152587890625 99 96.4812469482421875 94.09999847412109375 91.53749847412109375 89.71250152587890625 87.78125 85.5124969482421875 82.8312530517578125 80.6875 79.86875152587890625 79.53125 79.75624847412109375 81.6750030517578125 84.1062469482421875 86.46875 86.15625 85.69374847412109375 85.3625030517578125 85.66249847412109375 86.34375 87.36875152587890625 88.5124969482421875 89.58750152587890625 90.5437469482421875 91.2062530517578125 91.68125152587890625 92.0812530517578125 92.00624847412109375 91.05625152587890625 89.5
168.0812530517578125 166.3937530517578125 164.5625 165.0437469482421875 165.25 158.0812530517578125 149.8625030517578125 143.037506103515625 136.649993896484375 130.1437530517578125 124.19374847412109375 118.80625152587890625 113.3562469482421875 107.8249969482421875 103.91249847412109375 100.68125152587890625 97.00624847412109375 95.1374969482421875 93.8562469482421875 92.6750030517578125 90.05625152587890625 87.5437469482421875 85.3625030517578125 84.03125 82.96250152587890625 82.03125 83.7312469482421875 85.74375152587890625 87.34375 86.3125 86.1687469482421875 86.50624847412109375 87.3874969482421875 88.90000152587890625 90.0124969482421875 91.2687530517578125 93.15000152587890625 94.53125 95.6062469482421875 96.27500152587890625 97.0437469482421875 97.24375152587890625 96.5 94.9499969482421875
162.8312530517578125 162.09375 160.5124969482421875 161.7624969482421875 162.6750030517578125 158.462493896484375 154.09375 150.7687530517578125 146.5124969482421875 140.5749969482421875 133.625 126.61875152587890625 119.77500152587890625 112.99375152587890625 108.28125 104.2062530517578125 100.4375 98 96.05625152587890625 94.2624969482421875 91.18125152587890625 88.69374847412109375 86.15625 84.21250152587890625 82.5625 81.4562530517578125 82.68125152587890625 84.3625030517578125 85.03125 84.28125 84.28749847412109375 84.1999969482421875 85.19374847412109375 86.93125152587890625 88.5124969482421875 90.1875 92.13124847412109375 94.25 95.8125 96.80625152587890625 97.8625030517578125 98.3125 98.0500030517578125 97.3562469482421875
155.8312530517578125 154.912506103515625 154.8249969482421875 154.40625 155.524993896484375 154.537506103515625 154.75 155.625 155.1999969482421875 150.875 142.556243896484375 133.5124969482421875 124.9875030517578125 117.36875152587890625 112.6125030517578125 107.88124847412109375 103.55625152587890625 100.69374847412109375 98.18125152587890625 95.8312530517578125 92.4499969482421875 88.94374847412109375 85.47499847412109375 83.27500152587890625 81.1125030517578125 79.3937530517578125 80.24375152587890625 81.3625030517578125 81.90625 81.0124969482421875 80.8125 80.9875030517578125 81.5124969482421875 82.8625030517578125 84.1687469482421875 87.02500152587890625 89.81874847412109375 92.3874969482421875 94.56874847412109375 96.0749969482421875 96.81874847412109375 97.86875152587890625 98.25624847412109375 98.41249847412109375
155.71875 151.0625 146.75 145.4875030517578125 147.4187469482421875 149.6125030517578125 152.75 156.78125 161.087493896484375 160.7375030517578125 150.006256103515625 137.806243896484375 128.53125 121.1062469482421875 115.8125 110.66249847412109375 106.3000030517578125 102.21875 98.7687530517578125 95.7375030517578125 92.34375 88.22499847412109375 84.27500152587890625 81.80625152587890625 79.21875 77.11875152587890625 77.1875 78.27500152587890625 79.00624847412109375 77.46875 76.90625 76.71875 77.59375 78.8625030517578125 80.5749969482421875 83.40000152587890625 86.6374969482421875 90 92.2624969482421875 94.06874847412109375 95.11875152587890625 96.0500030517578125 97.31874847412109375 98.0187530517578125
154.337493896484375 149.381256103515625 141.743743896484375 135.9812469482421875 138.756256103515625 143.181243896484375 146.618743896484375 150.5500030517578125 155.399993896484375 157.9875030517578125 146.3562469482421875 134.8249969482421875 127.19374847412109375 120.5749969482421875 115.56874847412109375 111.43125152587890625 106.9187469482421875 102.33750152587890625 98.53749847412109375 94.8562469482421875 91.1374969482421875 87.02500152587890625 83.0500030517578125 79.7062530517578125 76.81874847412109375 74.3562469482421875 74.0625 74.43125152587890625 75.1875 73.53125 72.8000030517578125 72.9812469482421875 73.5 74.6875 76.27500152587890625 79.34999847412109375 82.7687530517578125 86.71250152587890625 90.02500152587890625 91.40625 91.2375030517578125 92.36875152587890625 93.46250152587890625 94.80625152587890625
156.225006103515625 150.3562469482421875 142.149993896484375 135.068756103515625 134.868743896484375 136.431243896484375 137.837493896484375 138.493743896484375 138.71875 136.71875 132.5749969482421875 127.4812469482421875 123.08750152587890625 118.7375030517578125 114.68125152587890625 111.24375152587890625 107.3625030517578125 102.0437469482421875 97.31874847412109375 93.4375 89.75 85.65625 81.375 77.8125 74.59375 71.71250152587890625 71.2937469482421875 71.1437530517578125 70.97499847412109375 69.6875 68.8937530517578125 68.59999847412109375 68.90000152587890625 70.0124969482421875 71.6125030517578125 74.25624847412109375 77.65000152587890625 81.6437530517578125 86 86.4499969482421875 86 86.24375152587890625 87.4375 89.3249969482421875
159.274993896484375 152.193756103515625 145.0999908447265625 139.774993896484375 136.4812469482421875 134.9562530517578125 131.3000030517578125 125.4499969482421875 118.84375 116.2624969482421875 118.1062469482421875 118.5749969482421875 118.13124847412109375 116.1374969482421875 113.84999847412109375 110.96250152587890625 107.44374847412109375 101.75 96.5187530517578125 92.4250030517578125 88.69374847412109375 84.34999847412109375 79.86875152587890625 76.1062469482421875 72.46875 68.96250152587890625 68.02500152587890625 67.1999969482421875 66.56874847412109375 64.8125 64.125 64 64.2937469482421875 65.25 66.33750152587890625 68.625 71.11875152587890625 74.30625152587890625 76.9562530517578125 77.7624969482421875 77.4250030517578125 77.28125 77.7312469482421875 78.875
162.475006103515625 156.212493896484375 150.318756103515625 144.71875 140.4812469482421875 136.34375 130.34375 120.9187469482421875 109.5 104.25 109.1125030517578125 112.59999847412109375 114.5124969482421875 113.88750457763671875 112.1999969482421875 109.83750152587890625 106.5500030517578125 101.84375 97.41249847412109375 92.8874969482421875 88.59375 84.125 78.71875 74.99375152587890625 70.68125152587890625 66.5187530517578125 64.78125 64.375 63.625 61.706249237060546875 61.112499237060546875 60.918750762939453125 60.77500152587890625 61.08750152587890625 61.53749847412109375 63.575000762939453125 65.72499847412109375 67.5500030517578125 68.8000030517578125 69.3312530517578125 68.84999847412109375 67.8874969482421875 67.78125 67.3874969482421875
166.3000030517578125 160.25 154.306243896484375 149.475006103515625 145.46875 140.4875030517578125 133.3625030517578125 123.2624969482421875 113.3874969482421875 108.21875 108.77500152587890625 110.5812530517578125 112.6750030517578125 112.8562469482421875 111.31874847412109375 109.06874847412109375 105.8125 102.0187530517578125 98.1750030517578125 94.5749969482421875 89.56874847412109375 84.21250152587890625 78.02500152587890625 73.21250152587890625 67.91249847412109375 63.46875 62.012500762939453125 61.075000762939453125 60.424999237060546875 58.793750762939453125 57.81874847412109375 57.643749237060546875 57.30625152587890625 57.418750762939453125 57.75 59.19374847412109375 60.46875 61.38124847412109375 62.00624847412109375 61.637500762939453125 60.6875 59.25 57.793750762939453125 56.5
170.28125 164.1437530517578125 158.0625 153.3249969482421875 149.4875030517578125 146.493743896484375 139.75 128.7687530517578125 119.6687469482421875 114.2624969482421875 112.2375030517578125 112.21250152587890625 112.4812469482421875 112.77500152587890625 110.94374847412109375 108.1125030517578125 105.1437530517578125 101.96875 98.91249847412109375 95.9375 91.5 84.91249847412109375 77.52500152587890625 70.94374847412109375 65.7937469482421875 61.58750152587890625 60.206249237060546875 59.24375152587890625 58.00624847412109375 56.53125 55.65000152587890625 55.33750152587890625 54.80625152587890625 54.518749237060546875 54.27500152587890625 54.97499847412109375 55.59999847412109375 55.581249237060546875 55.55625152587890625 54.700000762939453125 53.28749847412109375 51.424999237060546875 49.78125 47.59999847412109375
173.2375030517578125 166.9187469482421875 161.1125030517578125 156.9375 153.587493896484375 151.1687469482421875 145.912506103515625 134.125 125.57500457763671875 119.5 115.9250030517578125 114.5812530517578125 113.34999847412109375 112.77500152587890625 111.1437530517578125 108.1125030517578125 105.2624969482421875 102.25624847412109375 99.47499847412109375 97.2937469482421875 93.78125 86.46875 77.8562469482421875 70.5625 64.4812469482421875 59.61875152587890625 57.831249237060546875 57.25 56.518749237060546875 55.43125152587890625 54.268749237060546875 53.768749237060546875 52.84375 52.27500152587890625 51.887500762939453125 52.081249237060546875 52.08750152587890625 51.84375 51.13124847412109375 49.96875 47.84999847412109375 45.68125152587890625 43.737499237060546875 41.71875
175.068756103515625 169.056243896484375 163.368743896484375 158.649993896484375 155.006256103515625 151.5812530517578125 144.96875 136.1374969482421875 128.743743896484375 123.72499847412109375 119.86875152587890625 116.9250030517578125 114.8625030517578125 112.28749847412109375 110.2937469482421875 107.8874969482421875 104.69374847412109375 102.0124969482421875 99.43125152587890625 96.8562469482421875 93.9499969482421875 86.6437530517578125 77.41249847412109375 70.0625 62.00624847412109375 56.75 56.387500762939453125 55.88124847412109375 55.512500762939453125 54.418750762939453125 53.22499847412109375 52.21250152587890625 51.231250762939453125 50.21875 49.61875152587890625 49.637500762939453125 49.34375 49.075000762939453125 48.368747711181640625 46.206249237060546875 43.93125152587890625 42 39.63124847412109375 35.581249237060546875
175.556243896484375 169.443756103515625 163.90625 158.875 154.2312469482421875 149.9437408447265625 143.6374969482421875 136.850006103515625 131.2375030517578125 126.27500152587890625 122.11875152587890625 118.3125 115.09999847412109375 112.19374847412109375 108.8312530517578125 106.47499847412109375 103.0625 100.02500152587890625 96.9562530517578125 93.84999847412109375 90.0625 83.19374847412109375 75.56874847412109375 69.27500152587890625 62.59999847412109375 57.731250762939453125 56.625 55.65625 54.80625152587890625 53.21875 51.71250152587890625 50.72499847412109375 49.481250762939453125 48.375 47.66249847412109375 47.674999237060546875 47.50624847412109375 47.47499847412109375 46.81874847412109375 45.018749237060546875 42 38.72499847412109375 36.15000152587890625 33.543750762939453125
174.556243896484375 168.756256103515625 162.5812530517578125 157.524993896484375 152.649993896484375 147.9375 143.212493896484375 137.506256103515625 131.962493896484375 127.34999847412109375 123.31874847412109375 118.91249847412109375 114.93125152587890625 111.5437469482421875 107.69374847412109375 105.0500030517578125 101.1687469482421875 97.24375152587890625 93.40000152587890625 90.25 86.28749847412109375 80.71250152587890625 74.81874847412109375 70.7687530517578125 66.3562469482421875 61.893749237060546875 59.40625 57.16249847412109375 55.143749237060546875 52.762500762939453125 50.75624847412109375 49.40000152587890625 48.08750152587890625 47.262500762939453125 46.518749237060546875 46.30625152587890625 46.53749847412109375 47.55625152587890625 48.081249237060546875 46.075000762939453125 42.418750762939453125 39.08750152587890625 36.706249237060546875 34.46875
172.1125030517578125 166.1374969482421875 160.4187469482421875 155.475006103515625 150.6062469482421875 146.5812530517578125 142.09375 136.8000030517578125 132.0374908447265625 127.88124847412109375 123.24375152587890625 117.74375152587890625 113.3249969482421875 109.71250152587890625 106.25624847412109375 102.8000030517578125 97.86875152587890625 93.49375152587890625 89.4562530517578125 85.91249847412109375 81.91249847412109375 77.8562469482421875 74.11875152587890625 72.8625030517578125 70.00624847412109375 65.66249847412109375 62.47499847412109375 59.18125152587890625 55.887500762939453125 52.456249237060546875 49.91249847412109375 47.96875 46.393749237060546875 45.53125 44.49375152587890625 43.943752288818359375 45.362499237060546875 46.97499847412109375 48.6875 47.387500762939453125 44.72499847412109375 41.4375 38.481250762939453125 35.68125152587890625
167.8312530517578125 162.3562469482421875 157.8249969482421875 153.6125030517578125 148.8249969482421875 145.087493896484375 141.087493896484375 136.337493896484375 131.96875 127.2312469482421875 122.24375152587890625 116.15625 110.6750030517578125 106.21875 102.30625152587890625 98.28125 92.56874847412109375 87.97499847412109375 84.1999969482421875 81.0500030517578125 77.3874969482421875 74.3937530517578125 72.7312469482421875 74.09999847412109375 73.4375 68.16249847412109375 64.5437469482421875 60.0625 55.63124847412109375 51.65625 49.00624847412109375 47.40625 44.78749847412109375 42.66249847412109375 41.21250152587890625 41.893749237060546875 43.893749237060546875 48.112499237060546875 52.575000762939453125 50.606250762939453125 47.55625152587890625 44 40.27500152587890625 37.424999237060546875
162.837493896484375 158 154.4499969482421875 150.5812530517578125 146.2874908447265625 143.225006103515625 139.568756103515625 134.8562469482421875 130.4875030517578125 125.9812469482421875 121.0437469482421875 114.03749847412109375 107.65625 101.93125152587890625 97.1750030517578125 92.3249969482421875 86.7375030517578125 81.9375 78.8000030517578125 75.78749847412109375 72.6750030517578125 70.36875152587890625 69.5124969482421875 71.81874847412109375 72.15625 68.5 65.86875152587890625 60.893749237060546875 55.46875 50.625 47.549999237060546875 45.80625152587890625 44.24375152587890625 42.950000762939453125 40.331249237060546875 38.237499237060546875 42.393749237060546875 47.75624847412109375 51.393749237060546875 51.575000762939453125 49.125 45.96250152587890625 42.375 39.518749237060546875
156.6437530517578125 153.3562469482421875 150.693756103515625 147.6437530517578125 144.2312469482421875 141.1999969482421875 137.600006103515625 133.3312530517578125 129.7375030517578125 124.84999847412109375 118.8874969482421875 111.5500030517578125 104.0625 97.2624969482421875 91.9499969482421875 87.34999847412109375 81.94374847412109375 76.97499847412109375 73.9187469482421875 70.90000152587890625 67.9875030517578125 67.0625 65.2624969482421875 67.47499847412109375 68.25 66.9812469482421875 64.6687469482421875 60.38124847412109375 55.55625152587890625 50.112499237060546875 46.06874847412109375 46.02500152587890625 46.768749237060546875 45.106250762939453125 42.6875 41.41249847412109375 43.84375 47.22499847412109375 50.03125 50.887500762939453125 49.706249237060546875 48.21250152587890625 44.58750152587890625 41.75624847412109375
