data/historical-monthly-weather-data/wc2.1_cruts4.09_10m_prec_1986-01.asc
ncols        45
nrows        45
xllcorner    -63.500000000000
yllcorner    -7.500000000000
cellsize     0.166666666667
NODATA_value -9999
[rows 20 to 39 of 45, columns 0 to 44 of 45]
280.01251220703125 281.92498779296875 285.46875 290.975006103515625 296.89373779296875 305.068756103515625 314.056243896484375 320.38751220703125 324.350006103515625 325.6875 326.09375 328.649993896484375 334.5 341.04376220703125 329.5625 308 292.037506103515625 281.756256103515625 278.118743896484375 274.13751220703125 272.225006103515625 268.70623779296875 264.57501220703125 264.76251220703125 266.23748779296875 268.29998779296875 271.01873779296875 274.506256103515625 277.493743896484375 280.162506103515625 276.71875 268.756256103515625 255.1999969482421875 241.0749969482421875 228.818756103515625 240.6125030517578125 260.318756103515625 273.01251220703125 274.506256103515625 266.45001220703125 252.649993896484375 239.2687530517578125 229.524993896484375 221.7687530517578125 215.84375
277.087493896484375 277.65625 281.243743896484375 288.243743896484375 296.868743896484375 305.89373779296875 314.98126220703125 323.75 328 324.899993896484375 319.48126220703125 312.96875 310.23748779296875 311.149993896484375 306.95623779296875 296.587493896484375 288.70623779296875 281.79376220703125 277.26873779296875 273.82501220703125 269.03125 265.58123779296875 263.431243896484375 264.20623779296875 266.212493896484375 269.29998779296875 274.73748779296875 276.45623779296875 276.568756103515625 275.34375 268.5625 260.256256103515625 251.556243896484375 245.743743896484375 242.84375 253.6062469482421875 273.787506103515625 289.475006103515625 290.443756103515625 279.087493896484375 262.381256103515625 247.0187530517578125 235.256256103515625 225.7624969482421875 218.399993896484375
274.506256103515625 275.13751220703125 276.9375 283.86248779296875 294.375 305.98126220703125 315.89373779296875 325.774993896484375 332.631256103515625 324.45001220703125 310.20001220703125 294.131256103515625 283.375 282.837493896484375 286.3125 285.96875 282.51251220703125 278.33123779296875 274.41876220703125 270.67498779296875 266.51873779296875 262.399993896484375 259.181243896484375 259.78125 263.65625 269.21875 275.806243896484375 277.03125 275.08123779296875 270.04376220703125 262.07501220703125 255.1437530517578125 254.287506103515625 254.71875 258.625 268.774993896484375 288.931243896484375 311.83123779296875 310.04998779296875 290.20001220703125 269.881256103515625 253.5625 238.725006103515625 227.8125 219.8625030517578125
272.600006103515625 271.25 271.6875 279.51251220703125 292.256256103515625 303.756256103515625 314.743743896484375 324.42498779296875 328.756256103515625 317.51873779296875 299.98748779296875 281.787506103515625 262.387481689453125 264.693756103515625 273.85626220703125 277.48748779296875 276.91876220703125 274.181243896484375 271.0625 267.899993896484375 262.587493896484375 257.82501220703125 254.28125 254.431243896484375 259.375 265.16876220703125 273.26251220703125 274.04998779296875 272.006256103515625 269.125 264.087493896484375 260.649993896484375 262.25 265.649993896484375 271.625 281.54998779296875 298.037506103515625 316.943756103515625 313.943756103515625 294.07501220703125 273.15625 255.6374969482421875 240.5625 229.131256103515625 221.7937469482421875
272.20623779296875 269.75 268.506256103515625 279.29998779296875 295.48126220703125 305.412506103515625 313.681243896484375 320.32501220703125 320.024993896484375 311.006256103515625 296.350006103515625 280.756256103515625 267.64373779296875 266.100006103515625 270.29376220703125 273.912506103515625 274.59375 273.306243896484375 269.73126220703125 264.59375 258.64373779296875 252.2312469482421875 247.6875 247.1750030517578125 251.568756103515625 258.875 265.837493896484375 270.48126220703125 271.131256103515625 271.95623779296875 271.024993896484375 271.66876220703125 273.0625 277.01873779296875 282.73748779296875 289.04998779296875 299.962493896484375 306.881256103515625 302.850006103515625 289.256256103515625 271.04998779296875 254.681243896484375 240.318756103515625 230.3000030517578125 221.149993896484375
278.39373779296875 279.04376220703125 279.493743896484375 289.53125 301.1875 309.024993896484375 314.181243896484375 316.193756103515625 313.568756103515625 305.73748779296875 295.51251220703125 285.41876220703125 276.17498779296875 272.375 272.58123779296875 274.20623779296875 275.118743896484375 273.71875 269.89373779296875 263.568756103515625 257.14373779296875 247.9250030517578125 241.443756103515625 238.618743896484375 243.7687530517578125 252.6875 262.38751220703125 268.5625 272.57501220703125 274.21875 278.48126220703125 282.462493896484375 285.274993896484375 287.21875 291.493743896484375 294.3125 298.875 299.53125 293.89373779296875 282.09375 266.943756103515625 251.537506103515625 237.0625 228.0749969482421875 221.818756103515625
288.95623779296875 291.41876220703125 295 302.243743896484375 309.462493896484375 314.149993896484375 316.975006103515625 315.337493896484375 311.287506103515625 306.03125 298.67498779296875 291.443756103515625 284.524993896484375 280.4375 278.662506103515625 279.006256103515625 278.95001220703125 276.975006103515625 273.625 265.85626220703125 256.912506103515625 248.087493896484375 238.1125030517578125 233.8937530517578125 241.5187530517578125 250.381256103515625 260.1875 267.86248779296875 273.975006103515625 278.14373779296875 284.84375 290.3125 294.625 295.95001220703125 297.087493896484375 298.40625 299.587493896484375 296.29998779296875 288.20623779296875 277.70001220703125 263.412506103515625 247.712493896484375 234.1687469482421875 226.0812530517578125 226.6687469482421875
302.512481689453125 305.41876220703125 310.45001220703125 315.98126220703125 320.73748779296875 321.35626220703125 320.649993896484375 316.975006103515625 312.837493896484375 307.45623779296875 301.681243896484375 296.54998779296875 290.625 286.54376220703125 284.35626220703125 283.975006103515625 283.024993896484375 282.85626220703125 277.46875 270.600006103515625 262.86248779296875 252.3249969482421875 245.868743896484375 242.5187530517578125 246.600006103515625 252.9499969482421875 261.73748779296875 268.931243896484375 275.84375 282.6875 289.01873779296875 294.88751220703125 298.79998779296875 299.42498779296875 300.38751220703125 300.38751220703125 298.681243896484375 294.875 287.21875 275.86248779296875 263.068756103515625 248.256256103515625 233.625 226.943756103515625 237.7062530517578125
314.131256103515625 318.899993896484375 323.76251220703125 329.29376220703125 332.381256103515625 329.46875 323.9375 319.63751220703125 314.381256103515625 309.60626220703125 305.193756103515625 300.5625 295.82501220703125 293.67498779296875 291.787506103515625 291.76873779296875 292.83123779296875 290.6875 285.86248779296875 278.88751220703125 270.36248779296875 260.4375 254.431243896484375 252.1125030517578125 253.8312530517578125 257.64373779296875 265.337493896484375 272.149993896484375 279.78125 286.787506103515625 292.23126220703125 297.46875 300.79998779296875 302.556243896484375 303.88751220703125 302.412506103515625 300.743743896484375 296.33123779296875 289.193756103515625 277.98126220703125 263.71875 250.1875 239.5749969482421875 238.9187469482421875 251.3625030517578125
322.20001220703125 327.412506103515625 333.89373779296875 340.337493896484375 342.087493896484375 335.381256103515625 327.14373779296875 321.78125 316.131256103515625 310.712493896484375 307.618743896484375 305.29376220703125 302.443756103515625 301.14373779296875 300.875 300.60626220703125 300.54376220703125 299.375 296.149993896484375 288.068756103515625 278.85626220703125 270.70001220703125 263.9375 260.95623779296875 261.881256103515625 264.73748779296875 270.868743896484375 276.71875 283.67498779296875 289.63751220703125 295.57501220703125 300.568756103515625 302.83123779296875 305.693756103515625 306.76873779296875 305.59375 303.33123779296875 300.75 293.6875 284.337493896484375 273.71875 263.83123779296875 256.96875 257.48748779296875 262.76251220703125
326.86248779296875 332.5 337.074981689453125 343.29376220703125 346.25 336.04376220703125 328.006256103515625 321.53125 316.04376220703125 311.91876220703125 310.23126220703125 309.368743896484375 308.350006103515625 307.225006103515625 308.193756103515625 308.2249755859375 309 308.743743896484375 305.818756103515625 297.98126220703125 287.9375 278.899993896484375 273.03125 269.537506103515625 268.98126220703125 272.01873779296875 277.26873779296875 282.131256103515625 288.899993896484375 293.67498779296875 299.225006103515625 304.131256103515625 305.868743896484375 308.524993896484375 309.82501220703125 308.881256103515625 306.65625 305.618743896484375 300.79998779296875 293.125 285.774993896484375 278.856231689453125 274.381256103515625 272.331268310546875 275.912506103515625
327.743743896484375 332.5 335.493743896484375 338.787506103515625 338.962493896484375 331.28125 325.95623779296875 319.14373779296875 314.58123779296875 311.399993896484375 310.587493896484375 311.131256103515625 311.92498779296875 313.35626220703125 315.21875 315.5 314.693756103515625 313.787506103515625 309.625 303.412506103515625 293.48126220703125 284.8125 279.5625 275.962493896484375 276.39373779296875 278.399993896484375 282.29376220703125 287.149993896484375 292.08123779296875 297.693756103515625 302.76873779296875 307.23748779296875 309.29998779296875 311.90625 313.51873779296875 312.20623779296875 312.068756103515625 309.8125 305.125 300.149993896484375 297.931243896484375 293.881256103515625 291.306243896484375 292.418731689453125 296.125
323.100006103515625 326.9375 329.568756103515625 331.3125 329.4375 323.262481689453125 317.318756103515625 311.86248779296875 307.087493896484375 307.118743896484375 310.08123779296875 312.79998779296875 317.54998779296875 322.3125 323.07501220703125 322.28125 320.087493896484375 316.88751220703125 311.95623779296875 306.443756103515625 297.73126220703125 289.8125 284.287506103515625 282.743743896484375 282.82501220703125 284.962493896484375 288.23748779296875 291.07501220703125 295.568756103515625 302.38751220703125 306.962493896484375 310.09375 312.8125 316.16876220703125 317.29376220703125 317.100006103515625 316.54376220703125 314.8125 310.03125 309.92498779296875 309.09375 307.63751220703125 308.08123779296875 312.20001220703125 321.92498779296875
316.73126220703125 319.88751220703125 321.412506103515625 322.306243896484375 319.01873779296875 313.89373779296875 308.818756103515625 303.46875 300.01873779296875 299.96875 305.100006103515625 314.08123779296875 323.32501220703125 329.35626220703125 329.91876220703125 327.64373779296875 325.51873779296875 321.79998779296875 315.125 308.45001220703125 300.881256103515625 294.0625 289.100006103515625 287.63751220703125 288 289.462493896484375 291.943756103515625 295.431243896484375 300.54376220703125 305.818756103515625 311.20623779296875 314.73126220703125 317.0625 320.91876220703125 322.48126220703125 322.162506103515625 320.85626220703125 318.04376220703125 316.493743896484375 317.34375 317.17498779296875 318.318756103515625 321.600006103515625 327.875 339.225006103515625
312.006256103515625 313.368743896484375 314.03125 312.95001220703125 310.13751220703125 305.725006103515625 299.78125 294.41876220703125 289.3125 290.899993896484375 300.28125 313.79376220703125 329.45001220703125 339.0625 338.46875 333.98748779296875 330 324.41876220703125 317.381256103515625 308.899993896484375 302.89373779296875 297 292.67498779296875 291.212493896484375 292 292.306243896484375 295.59375 299.70623779296875 304.462493896484375 309 314.35626220703125 319.20001220703125 322.125 324.881256103515625 326.1875 325.48126220703125 323.01251220703125 322.9375 322.462493896484375 322.3125 323.13751220703125 324.506256103515625 329.024993896484375 335.287506103515625 344.068756103515625
308.26251220703125 308.14373779296875 307.58123779296875 305.537506103515625 302.274993896484375 296.3125 290.625 283.5625 277.037506103515625 277.34375 289.381256103515625 309.225006103515625 329.875 342.34375 342.64373779296875 338.51873779296875 332.993743896484375 326.568756103515625 318.86248779296875 310.04998779296875 303.681243896484375 299.04376220703125 294.556243896484375 292.806243896484375 293.537506103515625 295.11248779296875 298.1875 302.524993896484375 307.71875 312.125 318.125 322.76873779296875 326.82501220703125 329.98748779296875 331.09375 328.818756103515625 328.84375 327.32501220703125 324.662506103515625 324.306243896484375 325.131256103515625 327.11248779296875 330.443756103515625 336.16876220703125 341.868743896484375
304.462493896484375 303.57501220703125 301.3125 298.600006103515625 294.912506103515625 289.35626220703125 284.412506103515625 276.4375 266.931243896484375 261.287506103515625 278.73748779296875 310.04998779296875 332.368743896484375 342.725006103515625 344.4375 341.29376220703125 335.725006103515625 328.587493896484375 320.17498779296875 310.600006103515625 304.868743896484375 299.08123779296875 295.20623779296875 293.79376220703125 295.037506103515625 297.54376220703125 300.98748779296875 306.07501220703125 311.29376220703125 316.10626220703125 321.837493896484375 326.67498779296875 331.587493896484375 335.381256103515625 336.45623779296875 334.34375 332.568756103515625 329.38751220703125 326.774993896484375 324.693756103515625 323.17498779296875 324.70623779296875 328.91876220703125 333.337493896484375 337.037506103515625
301.04376220703125 299.29998779296875 296.20623779296875 293.693756103515625 290.39373779296875 286.762481689453125 282.068756103515625 275.537506103515625 267.66876220703125 260.100006103515625 292.20623779296875 324.82501220703125 339.712493896484375 346.09375 347.243743896484375 343.962493896484375 337.681243896484375 330.899993896484375 322.66876220703125 312.79376220703125 306.01873779296875 299.1875 294.787506103515625 293.85626220703125 295.54376220703125 299.0625 302.39373779296875 307.662506103515625 313.45001220703125 319.337493896484375 324.61248779296875 328.54998779296875 333.73126220703125 338.431243896484375 339.649993896484375 337.256256103515625 333.306243896484375 329.912506103515625 327.01873779296875 323.612518310546875 320.324981689453125 322.225006103515625 324.40625 326.26251220703125 330.11248779296875
301.42498779296875 297.024993896484375 294.337493896484375 291.58123779296875 288.837493896484375 285.95623779296875 282.45623779296875 281.35626220703125 284.587493896484375 300.868743896484375 338.693756103515625 346.45001220703125 348.29376220703125 350.568756103515625 350.34375 346.40625 341.243743896484375 333.181243896484375 324.024993896484375 314.25 305.149993896484375 297.881256103515625 293.48748779296875 292.837493896484375 294.431243896484375 297.975006103515625 302.412506103515625 308.412506103515625 315.225006103515625 322.34375 327.40625 330.98126220703125 334.568756103515625 336.70001220703125 339.850006103515625 336.912506103515625 331.774993896484375 328.068756103515625 323.76873779296875 318.287506103515625 314.65625 315.056243896484375 315.64373779296875 318.056243896484375 321.41876220703125
302.693756103515625 297.51873779296875 293.787506103515625 289.806243896484375 288.65625 287.5625 286.79998779296875 290.631256103515625 300.33123779296875 318.449981689453125 339.693756103515625 350.48748779296875 353.024993896484375 354.625 353.287506103515625 350.20623779296875 345.274993896484375 337.350006103515625 326.100006103515625 314.98748779296875 302.743743896484375 295.29998779296875 290.82501220703125 290.26873779296875 292.63751220703125 296.21875 301.712493896484375 309.125 316.225006103515625 323.037506103515625 327.73126220703125 332.806243896484375 337 338.07501220703125 337.662506103515625 334.10626220703125 328.681243896484375 323.931243896484375 318.51251220703125 312.081268310546875 308.137481689453125 307.54376220703125 306.6875 307.96875 311.356231689453125
