data/historical-monthly-weather-data/wc2.1_cruts4.09_10m_prec_1983-04.asc
ncols        45
nrows        45
xllcorner    -63.500000000000
yllcorner    -7.500000000000
cellsize     0.166666666667
NODATA_value -9999
[rows 0 to 19 of 45, columns 0 to 43 of 45]
384.587493896484375 396.79998779296875 402.743743896484375 416.125 422.04376220703125 418.806243896484375 413.181243896484375 400.306243896484375 388.899993896484375 383.26873779296875 382.21875 377.95001220703125 371.29376220703125 361.618743896484375 350.587493896484375 340.212493896484375 331.76873779296875 320.912506103515625 313.818756103515625 307.375 304.14373779296875 302.92498779296875 300.5 298.9375 294.725006103515625 293.59375 292.537506103515625 293.5 293.256256103515625 294.774993896484375 297.07501220703125 299.61248779296875 300.89373779296875 303.98126220703125 306.78125 310.54376220703125 312.237518310546875 313.931243896484375 317.28125 318.64373779296875 319.743743896484375 319.67498779296875 316.42498779296875 315.243743896484375
392.774993896484375 404.087493896484375 419.868743896484375 434.9375 447.975006103515625 441.806243896484375 432.23748779296875 424.78125 414.57501220703125 406.38751220703125 402.125 393.28125 384.006256103515625 372.76873779296875 358.375 347.70001220703125 335.45623779296875 324.33123779296875 314.36248779296875 304.350006103515625 299.64373779296875 296.16876220703125 294.493743896484375 291.537506103515625 289.5625 288.056243896484375 288.181243896484375 290.975006103515625 290.600006103515625 290.34375 291.88751220703125 294.556243896484375 296.70623779296875 301.35626220703125 303.931243896484375 307.57501220703125 311.681243896484375 314.037506103515625 316.9375 317.524993896484375 317.837493896484375 318.40625 315.76251220703125 312.85626220703125
389.28125 403.337493896484375 416.01251220703125 432.40625 446.037506103515625 443.08123779296875 437.875 433.962493896484375 429.54376220703125 421.131256103515625 412.11248779296875 399.76873779296875 389.1875 374.412506103515625 359.71875 347.58123779296875 334.868743896484375 324.34375 313.73126220703125 304.9375 300.100006103515625 296.306243896484375 291.712493896484375 287.193756103515625 284.225006103515625 281.350006103515625 283.368743896484375 283.88751220703125 282.875 283.306243896484375 283.89373779296875 284.912506103515625 289.350006103515625 293.28125 294.837493896484375 297.89373779296875 303.82501220703125 308.32501220703125 310.5 311.725006103515625 312.4375 311.725006103515625 309.818756103515625 308.17498779296875
377.587493896484375 391.95623779296875 408.225006103515625 419.9375 431.431243896484375 434.368743896484375 434.506256103515625 435.037506103515625 435.63751220703125 431.39373779296875 420.01251220703125 403.46875 387.556243896484375 373.125 357.63751220703125 345.11248779296875 333.38751220703125 323.306243896484375 313.67498779296875 305.98748779296875 301.368743896484375 296.04376220703125 288.618743896484375 283.131256103515625 277.756256103515625 271.65625 274.712493896484375 274.868743896484375 274.506256103515625 276.193756103515625 276.32501220703125 276.881256103515625 278.48748779296875 281.493743896484375 282.95623779296875 288.34375 293.95001220703125 298.868743896484375 303.16876220703125 303.51251220703125 304.556243896484375 305.631256103515625 302.67498779296875 300.23126220703125
383.58123779296875 390.98748779296875 394.76251220703125 404.65625 418.1875 422.70001220703125 423.693756103515625 428.83123779296875 435.14373779296875 436.9375 421.899993896484375 398.71875 382.46875 368.70623779296875 353.29998779296875 340.54376220703125 328.274993896484375 319.63751220703125 311.068756103515625 303.8125 299.162506103515625 291.78125 283.48748779296875 277.65625 268.13751220703125 260.48748779296875 262.11248779296875 266.0625 268.39373779296875 268.01251220703125 267.8125 265.38751220703125 266.20001220703125 269.08123779296875 271.212493896484375 276.618743896484375 281.60626220703125 287.256256103515625 292.399993896484375 293.71875 296.39373779296875 294.88751220703125 293.45001220703125 293.23126220703125
378.181243896484375 387.087493896484375 391.17498779296875 392.07501220703125 403.556243896484375 410.006256103515625 411.587493896484375 417.03125 423.48126220703125 428.818756103515625 410.6875 389.649993896484375 375.46875 363.13751220703125 348.318756103515625 337.037506103515625 323.712493896484375 314.899993896484375 308.53125 301.95001220703125 294.54376220703125 285.787506103515625 278.73748779296875 270.78125 261.899993896484375 254.6374969482421875 255.912506103515625 259.431243896484375 261.568756103515625 260.17498779296875 258.693756103515625 257.46875 255.6062469482421875 257.16876220703125 260 264.39373779296875 270.899993896484375 276.53125 281.28125 284.54376220703125 284.368743896484375 282.92498779296875 282.45001220703125 282.90625
373.993743896484375 382.01873779296875 386.07501220703125 385.79376220703125 386.53125 387.212493896484375 388.600006103515625 391.962493896484375 392.462493896484375 390.350006103515625 384.162506103515625 373.79376220703125 366.36248779296875 355.42498779296875 343.23748779296875 334.20001220703125 322.41876220703125 310.45001220703125 302.03125 296.506256103515625 289.38751220703125 280.931243896484375 272.493743896484375 262.493743896484375 254.1875 247.475006103515625 249.587493896484375 251.6999969482421875 253.412506103515625 251.7375030517578125 250.125 247.475006103515625 246.0124969482421875 244.8562469482421875 246.3249969482421875 250.5812530517578125 255.506256103515625 261.631256103515625 268.306243896484375 271.17498779296875 268.63751220703125 268.006256103515625 268.306243896484375 268.88751220703125
370.693756103515625 375.287506103515625 376.618743896484375 378.51873779296875 379.51873779296875 376.45623779296875 368.59375 360.10626220703125 351.84375 349.693756103515625 354.86248779296875 356.17498779296875 354 347.90625 339.243743896484375 330.14373779296875 319.149993896484375 306.9375 295.78125 290.25 283.92498779296875 275.46875 265.20001220703125 255.274993896484375 247.875 239.287506103515625 240.9375 243.4812469482421875 245.618743896484375 244.0124969482421875 240.024993896484375 236.7312469482421875 234.6125030517578125 232.9562530517578125 232.7062530517578125 234.431243896484375 239.0625 243.8312530517578125 248.537506103515625 250.3812408447265625 250 250.912506103515625 251.1374969482421875 250.9499969482421875
367.08123779296875 371.54376220703125 371.98126220703125 371.412506103515625 371.54998779296875 366.125 359.131256103515625 348.67498779296875 333.53125 325.98126220703125 335.70623779296875 342.037506103515625 348.149993896484375 344.70623779296875 336.087493896484375 328.350006103515625 319.36248779296875 308.306243896484375 298.712493896484375 290.524993896484375 278.33123779296875 270.725006103515625 259.443756103515625 251.2624969482421875 242.912506103515625 232.681243896484375 233.350006103515625 236.2687530517578125 238.306243896484375 236.7937469482421875 234.4562530517578125 229.8249969482421875 226.1999969482421875 222.287506103515625 221.375 222.9375 226.899993896484375 229.4625091552734375 233.3125 234.5437469482421875 234.568756103515625 234.4375 235.5625 236.53125
363.01251220703125 364.875 365.65625 365.15625 363.54998779296875 359.024993896484375 353.618743896484375 344.399993896484375 336.14373779296875 333.506256103515625 338.35626220703125 340.64373779296875 344.35626220703125 342.01251220703125 335.79998779296875 327.475006103515625 319.256256103515625 309.506256103515625 299.756256103515625 293.3125 279.818756103515625 267.42498779296875 254.618743896484375 247.181243896484375 235.912506103515625 224.225006103515625 224.4250030517578125 226.9250030517578125 229.7687530517578125 230.375 226.618743896484375 221.40625 216.8625030517578125 212.6125030517578125 210.412506103515625 212.0625 213.5 215.274993896484375 218.0124969482421875 220.274993896484375 221.524993896484375 221.5812530517578125 221.6125030517578125 219.5749969482421875
359.037506103515625 361.381256103515625 360.88751220703125 359.399993896484375 355.61248779296875 352.243743896484375 348.431243896484375 341.899993896484375 338.681243896484375 338.587493896484375 342.818756103515625 346.64373779296875 344.118743896484375 341.243743896484375 333.21875 324.53125 317.29376220703125 308.662506103515625 300.506256103515625 292.92498779296875 282.16876220703125 267.33123779296875 250.8312530517578125 235.787506103515625 227.2375030517578125 215.96875 214.5187530517578125 216.318756103515625 218.0749969482421875 218.9625091552734375 215.9562530517578125 211.274993896484375 206.8312530517578125 202.2312469482421875 199.412506103515625 198.6374969482421875 199.1750030517578125 200.568756103515625 203.462493896484375 205.75 206.662506103515625 206.493743896484375 207.8312530517578125 207.368743896484375
353.899993896484375 355.14373779296875 354.11248779296875 356.006256103515625 353.9375 348.9375 347.431243896484375 344.787506103515625 344.33123779296875 345.36248779296875 349.337493896484375 352.875 345.20001220703125 338.39373779296875 329.587493896484375 321.3125 313.350006103515625 304.756256103515625 297.23126220703125 290.256256103515625 278.09375 262.48126220703125 245.818756103515625 233.381256103515625 219.8000030517578125 205.962493896484375 204.181243896484375 204.8625030517578125 206.6374969482421875 206.337493896484375 204.350006103515625 201.15625 196.350006103515625 192.2624969482421875 189.4562530517578125 189.3937530517578125 190.787506103515625 192.6125030517578125 193.931243896484375 194.868743896484375 196.4375 196.8312530517578125 197.1999969482421875 194.5187530517578125
349.73748779296875 350.462493896484375 349.75 350.1875 349.931243896484375 349.274993896484375 346.431243896484375 343.5625 343.149993896484375 346.95001220703125 350.58123779296875 352.943756103515625 345.59375 330.71875 321.368743896484375 315.13751220703125 306.162506103515625 297.5625 291.26251220703125 282.875 270.17498779296875 252.7687530517578125 233.743743896484375 221.568756103515625 204.53125 190.806243896484375 191.274993896484375 192.006256103515625 194.587493896484375 194.225006103515625 192.868743896484375 190.225006103515625 185.6999969482421875 181.975006103515625 178.899993896484375 180.25 182.21875 184.3249969482421875 186.4812469482421875 187.6437530517578125 186.3249969482421875 187.649993896484375 186.212493896484375 183.8125
344.350006103515625 344.818756103515625 342.86248779296875 342.662506103515625 344.524993896484375 343.818756103515625 341.01251220703125 339.26873779296875 340.65625 342.96875 343.243743896484375 340.26873779296875 333.91876220703125 322.70001220703125 310.33123779296875 305.08123779296875 296.225006103515625 285.993743896484375 280.11248779296875 270.5 256.475006103515625 237.625 219.587493896484375 205.2375030517578125 191.2312469482421875 179.7312469482421875 179.412506103515625 180.618743896484375 182.3562469482421875 182.806243896484375 181.931243896484375 180.443756103515625 175.100006103515625 171.5749969482421875 169.4937591552734375 171.693756103515625 174.0187530517578125 177.318756103515625 180.556243896484375 180.8499908447265625 177.506256103515625 175.2062530517578125 176.7937469482421875 179.274993896484375
337.95001220703125 338.875 337.756256103515625 338.07501220703125 340.53125 339.475006103515625 337.95623779296875 336.024993896484375 335.006256103515625 334.58123779296875 333.29998779296875 329.04998779296875 320.96875 310.212493896484375 296.90625 288.11248779296875 280.756256103515625 274.337493896484375 268.037506103515625 259.0625 243.493743896484375 226.4499969482421875 207.7375030517578125 194.6750030517578125 182.59375 173.3937530517578125 172.5625 173.8874969482421875 175.5812530517578125 175.537506103515625 173.7687530517578125 170.756256103515625 167.318756103515625 163.03125 160.274993896484375 162.0187530517578125 167.274993896484375 172.7312469482421875 175.3562469482421875 173.75 170.556243896484375 171 175.4499969482421875 176.5187530517578125
329.64373779296875 330.568756103515625 331.73126220703125 333.587493896484375 335.34375 334.306243896484375 332.42498779296875 330.67498779296875 330.83123779296875 328.45623779296875 325.23126220703125 319.20623779296875 310.631256103515625 298.306243896484375 283.274993896484375 268.6875 265 262.5625 255.65625 247.7062530517578125 232.587493896484375 214.6750030517578125 196.375 185.181243896484375 174.693756103515625 167.537506103515625 166.1125030517578125 167.662506103515625 169.1437530517578125 169.787506103515625 169.6750030517578125 166.712493896484375 159.7312469482421875 154.399993896484375 150.2687530517578125 155.524993896484375 160.8937530517578125 166.7937469482421875 169.618743896484375 170.25 168.337493896484375 170.3937530517578125 172.84375 173.131256103515625
319.85626220703125 322.48748779296875 325.193756103515625 327.9375 329.4375 328.274993896484375 328.1875 326.33123779296875 324.024993896484375 321.48748779296875 316.78125 309.92498779296875 299.806243896484375 287.53125 274.59375 262.787506103515625 252.568756103515625 248.350006103515625 244.2312469482421875 237.7937469482421875 222.931243896484375 206.2062530517578125 188.600006103515625 176.681243896484375 167.787506103515625 161.212493896484375 160.5187530517578125 161.774993896484375 163.875 165.6062469482421875 165.618743896484375 163.287506103515625 156.7687530517578125 150.993743896484375 149.806243896484375 152.787506103515625 158.524993896484375 164.9812469482421875 170.1750030517578125 169.600006103515625 168.193756103515625 169.5812530517578125 169.5187530517578125 169.65625
308.23126220703125 313.587493896484375 316.399993896484375 321.506256103515625 323.399993896484375 323.125 323.462493896484375 320.006256103515625 316.88751220703125 312.4375 306.17498779296875 298.48126220703125 288.21875 277.681243896484375 265.90625 255.6875 245.21875 233.6687469482421875 232.6062469482421875 227.4250030517578125 215.4499969482421875 199.5749969482421875 183.475006103515625 172.75 165.3000030517578125 159.600006103515625 157.375 159.8937530517578125 162.5812530517578125 164.024993896484375 162.1062469482421875 156.024993896484375 153.056243896484375 149.75 147.368743896484375 151.9625091552734375 157.3125 162.8000030517578125 166.9187469482421875 169.5 167.131256103515625 167.5124969482421875 167.2687530517578125 166.774993896484375
295.5625 302.95623779296875 308.13751220703125 312.387481689453125 315.350006103515625 316.26873779296875 315.537506103515625 314.212493896484375 311.068756103515625 305.66876220703125 297.28125 285.98748779296875 276.274993896484375 267.912506103515625 254.443756103515625 244.5124969482421875 235.2687530517578125 225.443756103515625 218.84375 214.462493896484375 207.837493896484375 195.5875091552734375 175.787506103515625 168.8625030517578125 163.9875030517578125 160.7062530517578125 160.3000030517578125 161.4375 164.1999969482421875 165.03125 163.3625030517578125 158.3249969482421875 152.368743896484375 144.5625 141.3874969482421875 145.9812469482421875 151.693756103515625 156.662506103515625 162.53125 164.6687469482421875 165.5625 165.962493896484375 164.881256103515625 164.087493896484375
282.625 292.08123779296875 297.16876220703125 300.3125 305.743743896484375 309.41876220703125 310.537506103515625 307.29376220703125 303.79376220703125 298.09375 288.399993896484375 278.48748779296875 268.412506103515625 258.61248779296875 244.3000030517578125 230.087493896484375 219.125 215.181243896484375 208.756256103515625 204.3625030517578125 195.8937530517578125 183.8874969482421875 172.943756103515625 167.431243896484375 163.600006103515625 160.7062530517578125 161.368743896484375 164.09375 165.2312469482421875 164.5749969482421875 161.5812530517578125 160.3312530517578125 151.556243896484375 140.53125 133.774993896484375 137.975006103515625 146.350006103515625 153.649993896484375 158.993743896484375 162.2687530517578125 162.993743896484375 163.274993896484375 162.337493896484375 161.337493896484375
