data/historical-monthly-weather-data/wc2.1_cruts4.09_10m_prec_1957-02.asc
ncols        45
nrows        45
xllcorner    -63.500000000000
yllcorner    -7.500000000000
cellsize     0.166666666667
NODATA_value -9999
[rows 0 to 19 of 45, columns 0 to 44 of 45]
45.59999847412109375 39.68125152587890625 37.231250762939453125 36.081249237060546875 34.84375 36.393749237060546875 37.956249237060546875 39.03125 41.043750762939453125 43.90000152587890625 48.08750152587890625 53.09375 58.075000762939453125 61.24375152587890625 65.8562469482421875 70.59999847412109375 75.625 78.4187469482421875 83.125 87.97499847412109375 91.6750030517578125 95.25624847412109375 100 104.61875152587890625 109.9187469482421875 115.84999847412109375 122.21875 129.0437469482421875 136.006256103515625 139.056243896484375 142.1687469482421875 145.475006103515625 146.962493896484375 148.6062469482421875 150.662506103515625 151.7687530517578125 151.2624969482421875 150.375 150.4875030517578125 149.3874969482421875 149.256256103515625 149.9562530517578125 149.65625 151.3000030517578125 150.587493896484375
48.918750762939453125 42.19374847412109375 39.46875 37.25 35.731250762939453125 37.700000762939453125 39.61875152587890625 41.90625 45.46875 49.131252288818359375 53.262500762939453125 58.012500762939453125 62.65000152587890625 66.625 71.3249969482421875 75.90000152587890625 80.8125 85.7312469482421875 91.875 97.8125 101.65000152587890625 105.9250030517578125 110.9250030517578125 115.40625 119.96875 125.75624847412109375 131.412506103515625 138.0749969482421875 144.1750030517578125 145.9812469482421875 146.725006103515625 149.193756103515625 150.256256103515625 151.8874969482421875 152.7312469482421875 152.756256103515625 151.568756103515625 149.556243896484375 148.931243896484375 147.375 146.5187530517578125 146.618743896484375 145.8000030517578125 146.524993896484375 145.5625
57.018749237060546875 50.31874847412109375 47.018749237060546875 44.356250762939453125 42.549999237060546875 44.268749237060546875 46.649997711181640625 49.668750762939453125 54.18125152587890625 58.18125152587890625 61.84999847412109375 66.2062530517578125 70.27500152587890625 73.72499847412109375 78.1062469482421875 82.40000152587890625 86.71250152587890625 91.7312469482421875 97.3125 103.0124969482421875 106.93125152587890625 112.0187530517578125 116.65625 121.1437530517578125 126.84999847412109375 131.9187469482421875 137.4875030517578125 144.181243896484375 149.181243896484375 149.8249969482421875 150.7937469482421875 152.162506103515625 153.181243896484375 153.3249969482421875 154.25 152.90625 151.5625 150.087493896484375 148.5500030517578125 146.7375030517578125 145.3562469482421875 144.681243896484375 143.537506103515625 142.5625 142.1062469482421875
65.81874847412109375 59.41249847412109375 56.15625 53.21875 51.668750762939453125 52.93125152587890625 55.52500152587890625 59.08750152587890625 64.53125 69.2312469482421875 72.31874847412109375 75.49375152587890625 78.0812530517578125 80.59999847412109375 84.875 88.97499847412109375 92.99375152587890625 96.4375 101.4812469482421875 107.74375152587890625 112.2375030517578125 116.80625152587890625 120.8874969482421875 125.74375152587890625 131.193756103515625 136.506256103515625 142.649993896484375 148.8000030517578125 153.399993896484375 154.056243896484375 153.875 155.556243896484375 155.2312469482421875 155.1062469482421875 154.6062469482421875 153.600006103515625 151.9250030517578125 149.8249969482421875 148.693756103515625 146.881256103515625 144.256256103515625 142.96875 141.3937530517578125 139.443756103515625 138.78125
76.72499847412109375 69.5749969482421875 65.25 62.362499237060546875 60.862499237060546875 62.3125 64.65000152587890625 68.8937530517578125 76.0437469482421875 82.0437469482421875 83.03749847412109375 84.15000152587890625 86.15625 88.1687469482421875 91.7062530517578125 95.59375 99.34999847412109375 101.3312530517578125 105.9562530517578125 111.9562530517578125 116.78125 120.47499847412109375 124.7375030517578125 129.9562530517578125 135.2624969482421875 140.9250030517578125 145.6999969482421875 151.068756103515625 157.181243896484375 157.84375 157.6062469482421875 157.6125030517578125 157.6062469482421875 157.068756103515625 155.818756103515625 154.5 153.0437469482421875 151.006256103515625 149.6687469482421875 146.912506103515625 144.2624969482421875 141.7062530517578125 139.0187530517578125 136.568756103515625 134.84375
86.8125 80.13124847412109375 75.1687469482421875 71.5124969482421875 69.75 71.7687530517578125 74.72499847412109375 79.1750030517578125 87.0187530517578125 94.21875 93.5187530517578125 93.71875 95.36875152587890625 97.3125 100.52500152587890625 104.4375 107.1875 108.34999847412109375 112.375 117.65625 121.6062469482421875 125.36875152587890625 129.5187530517578125 134.181243896484375 138.8562469482421875 144.7375030517578125 149.6750030517578125 154.5187530517578125 159.6750030517578125 160.368743896484375 160.375 160.537506103515625 159.71875 160.475006103515625 159.9250030517578125 158.6750030517578125 157.625 155.881256103515625 155.024993896484375 152.100006103515625 147.96875 144.5500030517578125 141.162506103515625 137.931243896484375 134.5625
97.78749847412109375 91.13124847412109375 86.1437530517578125 81.59999847412109375 79.33750152587890625 80.8625030517578125 83.625 86.90000152587890625 93.08750152587890625 97.5187530517578125 99.3625030517578125 101.5 103.7375030517578125 106.13124847412109375 109.625 113.40625 116.88124847412109375 118.59375 121.13124847412109375 123.5437469482421875 125.86875152587890625 129.3937530517578125 132.59375 136.8625030517578125 142.787506103515625 148.037506103515625 152.8125 157.931243896484375 161.5625 161.881256103515625 162.9499969482421875 163.431243896484375 163.4187469482421875 162.5812530517578125 162.225006103515625 162.4562530517578125 161.59375 160.6875 160.818756103515625 157.625 151.96875 147.9812469482421875 144.2062530517578125 140.21875 136
108.90000152587890625 101.6750030517578125 96.4250030517578125 92.5187530517578125 89.90625 90.40625 91.5187530517578125 92.69374847412109375 95.78125 99.31874847412109375 103.5500030517578125 108.3625030517578125 112.1999969482421875 114.8312530517578125 118.1750030517578125 122 125.50624847412109375 127.5625 129.537506103515625 128.6062469482421875 129.287506103515625 132.0187530517578125 134.962493896484375 139.5749969482421875 145.5 150.75 155.337493896484375 159.6750030517578125 163.7624969482421875 164.1875 164.4187469482421875 165.756256103515625 165.850006103515625 165.6750030517578125 165.2375030517578125 165.149993896484375 164.8249969482421875 164.0875091552734375 163.537506103515625 160.712493896484375 155.90625 152.100006103515625 148.100006103515625 143.2624969482421875 139.65625
118.90000152587890625 111.6687469482421875 106.3000030517578125 102.4187469482421875 99.34999847412109375 98.66249847412109375 99.03749847412109375 98.93125152587890625 100.21875 103.40625 109.03749847412109375 115.83750152587890625 121.0187530517578125 124.43125152587890625 126.1875 128.631256103515625 130.6062469482421875 131.7937469482421875 133.5500030517578125 131.84375 131.6125030517578125 134.0749969482421875 137.212493896484375 143.256256103515625 149.212493896484375 154.3312530517578125 158.162506103515625 162.162506103515625 166.4499969482421875 167.0749969482421875 168.100006103515625 169.912506103515625 170.0749969482421875 169.774993896484375 169.5 170.1875 170.368743896484375 170.0437469482421875 170.024993896484375 167.743743896484375 163.4375 159.96875 156.53125 152.225006103515625 149.5124969482421875
128.9749908447265625 121.72499847412109375 116.6062469482421875 112.31874847412109375 108.7624969482421875 107.53749847412109375 107.6687469482421875 107.3249969482421875 109.8937530517578125 113.5500030517578125 119.11875152587890625 125.15000152587890625 131.2312469482421875 134.4562530517578125 134.53125 133.881256103515625 133.256256103515625 133.3000030517578125 132.6999969482421875 131.5437469482421875 132.28125 135.306243896484375 139.493743896484375 146.837493896484375 152.912506103515625 157.7312469482421875 161.6125030517578125 164.743743896484375 169.274993896484375 170.4875030517578125 171.21875 173.1062469482421875 173.787506103515625 174.537506103515625 175.0437469482421875 175.8937530517578125 176.568756103515625 176.125 176.25 175.068756103515625 172.2687530517578125 169.5187530517578125 165.8874969482421875 161.225006103515625 159.7062530517578125
138.7937469482421875 131.4625091552734375 126.3625030517578125 121.96250152587890625 118.0749969482421875 116.71250152587890625 116.5500030517578125 117 120.56874847412109375 125.1062469482421875 131.037506103515625 137.1374969482421875 142.243743896484375 144.818756103515625 142.475006103515625 139.037506103515625 135.4375 133.6687469482421875 131.90625 130.8249969482421875 131.6750030517578125 135.15625 141.1374969482421875 147.9875030517578125 156.212493896484375 160.8125 163.8562469482421875 167.4250030517578125 171.024993896484375 172.3000030517578125 174.100006103515625 176.3312530517578125 177.1062469482421875 178.287506103515625 180.131256103515625 181.837493896484375 182.1437530517578125 182.8000030517578125 183.100006103515625 181.9000091552734375 179.84375 177.2375030517578125 174.1125030517578125 169.9499969482421875 168.4875030517578125
148.100006103515625 140.506256103515625 135.0500030517578125 130.806243896484375 127.21250152587890625 126.1750030517578125 126.375 128.068756103515625 132.3125 137.65625 144.2062530517578125 149.5999908447265625 152.1437530517578125 152.443756103515625 149.350006103515625 144.6687469482421875 140.28125 137.149993896484375 134.037506103515625 131.774993896484375 132.1125030517578125 136.162506103515625 144.0500030517578125 153.1437530517578125 160.8937530517578125 164.2312469482421875 166.6062469482421875 169.875 173.6437530517578125 176.037506103515625 178.3249969482421875 180.40625 181.65625 182.9187469482421875 184.9562530517578125 187.412506103515625 189.524993896484375 190.993743896484375 191.5500030517578125 190.662506103515625 189.09375 186.149993896484375 181.5124969482421875 175.8312530517578125 173.3625030517578125
155.806243896484375 148.5 143.537506103515625 139.3000030517578125 136.4250030517578125 136.149993896484375 137.2937469482421875 139.318756103515625 144.09375 150.725006103515625 157.5 161.4250030517578125 161.71875 158.9499969482421875 155.0124969482421875 149.681243896484375 144.8562469482421875 141.4875030517578125 138.256256103515625 134.993743896484375 133.5187530517578125 138.006256103515625 146.7562408447265625 155.337493896484375 161.21875 164.493743896484375 168.2312469482421875 171.96875 175.7624969482421875 178.818756103515625 181.7937469482421875 184.375 185.03125 186.806243896484375 189.3625030517578125 192.15625 194.96875 198.3249969482421875 199.625 199.2062530517578125 198.59375 194.681243896484375 187.3625030517578125 179.8625030517578125 175.6999969482421875
162.6750030517578125 155.5500030517578125 150.975006103515625 147.287506103515625 145.068756103515625 145.462493896484375 147.7375030517578125 150.5500030517578125 156.1374969482421875 162.875 169.181243896484375 170.4562530517578125 168.75 165.3312530517578125 160.0749969482421875 155.068756103515625 149.693756103515625 146.600006103515625 143.243743896484375 140.774993896484375 140.975006103515625 144.625 150.96875 156.787506103515625 161.431243896484375 164.743743896484375 169.2312469482421875 173.28125 177.7062530517578125 180.53125 184.0625 186.818756103515625 187.524993896484375 189.625 192.287506103515625 196.15625 200.9187469482421875 205.743743896484375 208.6062469482421875 208.78125 206.725006103515625 199.4875030517578125 192.1437530517578125 185.2937469482421875 181.412506103515625
167.975006103515625 160.6374969482421875 156.712493896484375 154.2624969482421875 152.0812530517578125 153.6687469482421875 157.162506103515625 160.4875030517578125 166.631256103515625 173.381256103515625 178.850006103515625 179.662506103515625 177.462493896484375 173.681243896484375 168.7687530517578125 163.431243896484375 158.493743896484375 155.193756103515625 152.2687530517578125 150.649993896484375 151.15625 153.306243896484375 157.5749969482421875 161.6437530517578125 164.8937530517578125 168.462493896484375 173.0187530517578125 176.881256103515625 181.1125030517578125 184.4375 187.1187591552734375 189.100006103515625 189.868743896484375 191.09375 193.868743896484375 198.0749969482421875 205.0187530517578125 212.618743896484375 218.03125 219.6687469482421875 216.149993896484375 208.818756103515625 200.875 192.2687530517578125 187.375
172.1062469482421875 164.774993896484375 161.59375 159.837493896484375 158.8125 161.3562469482421875 165.649993896484375 169.4375 176.1875 183.7375030517578125 189.462493896484375 190.1125030517578125 187.837493896484375 183.4499969482421875 178.431243896484375 172.006256103515625 168.006256103515625 165.53125 163.2312469482421875 161.912506103515625 161.399993896484375 162.21875 164.6062469482421875 167.9250030517578125 169.6062469482421875 171.7375030517578125 175.693756103515625 180.193756103515625 185.087493896484375 188.681243896484375 191.6062469482421875 192.337493896484375 190.556243896484375 190.287506103515625 191.537506103515625 197.100006103515625 206.2062530517578125 217.21875 227.318756103515625 231.5749969482421875 229.131256103515625 219.131256103515625 208.3125 197.756256103515625 191.46875
174.5124969482421875 168.1687469482421875 165.568756103515625 164.5749969482421875 164.587493896484375 168.100006103515625 173.162506103515625 178.1999969482421875 185.5124969482421875 193.743743896484375 200.725006103515625 201.8937530517578125 200.118743896484375 195.837493896484375 190.412506103515625 183.787506103515625 178.4250030517578125 175.4562530517578125 173.274993896484375 172.3625030517578125 171.631256103515625 171.350006103515625 171.7375030517578125 173.8125 175.037506103515625 175.006256103515625 177.8625030517578125 183.1062469482421875 189.0187530517578125 193.8937530517578125 196.556243896484375 196.350006103515625 192.09375 187.537506103515625 187.625 193.556243896484375 204.056243896484375 220.1875 237.8000030517578125 241.1125030517578125 237.131256103515625 225.625 212.274993896484375 200.3000030517578125 194.4875030517578125
175.0500030517578125 169.274993896484375 168 168.03125 168.600006103515625 172.8562469482421875 178.6999969482421875 184.568756103515625 192.6437530517578125 201.4499969482421875 210.0187530517578125 213.9250030517578125 214.931243896484375 211.774993896484375 206.587493896484375 199.8562469482421875 191.9499969482421875 186.0749969482421875 184.9562530517578125 183.8625030517578125 183.131256103515625 180.8000030517578125 178.1750030517578125 178.256256103515625 178.681243896484375 178.600006103515625 180.9499969482421875 187.2312469482421875 194.4187469482421875 200.2624969482421875 202.4562530517578125 197.9562530517578125 191.287506103515625 184.681243896484375 181.9375 185.4562530517578125 199.34375 216.0625 231.8937530517578125 236.8874969482421875 233.118743896484375 223.1999969482421875 212.3249969482421875 202.6437530517578125 197.306243896484375
174.693756103515625 169.75 169.1687469482421875 169.4187469482421875 170.8625030517578125 176.631256103515625 182.787506103515625 189.962493896484375 199.375 208.84375 219.0500030517578125 224.9250030517578125 229.1750030517578125 230.2624969482421875 224.037506103515625 214.524993896484375 205.1062469482421875 197.162506103515625 194.3625030517578125 193.8937530517578125 192.662506103515625 189.0749969482421875 182.1125030517578125 181.2062530517578125 181.3562469482421875 182.1999969482421875 186.1437530517578125 192.618743896484375 200.743743896484375 208.024993896484375 210.868743896484375 204.21875 193.2312469482421875 181.381256103515625 174.4250030517578125 178.743743896484375 192.875 208.5749969482421875 221.8000030517578125 226.8125 225.5749969482421875 217.9187469482421875 210.6374969482421875 204.037506103515625 199.3625030517578125
174.6875 169.5749969482421875 169.600006103515625 170.524993896484375 173.1750030517578125 179.9812469482421875 187.537506103515625 194.8249969482421875 204.8562469482421875 215.1999969482421875 225.6999969482421875 233.6374969482421875 241.993743896484375 248.6750030517578125 240.243743896484375 225.568756103515625 213.1062469482421875 205.9499969482421875 202.712493896484375 201.7937469482421875 196.71875 190.037506103515625 184.6687469482421875 183.443756103515625 183.5500030517578125 184.587493896484375 190.21875 198.0812530517578125 205.368743896484375 212.100006103515625 213.6374969482421875 209.1374969482421875 194.6999969482421875 178.2312469482421875 166.4187469482421875 172.787506103515625 189.787506103515625 205.625 216.1875 220.631256103515625 218.8125 212.7937469482421875 209.693756103515625 206.15625 202.2937469482421875
