data/historical-monthly-weather-data/wc2.1_cruts4.09_10m_prec_2000-11.asc
ncols        45
nrows        45
xllcorner    -63.500000000000
yllcorner    -7.500000000000
cellsize     0.166666666667
NODATA_value -9999
[rows 20 to 39 of 45, columns 0 to 43 of 45]
244.4375 247.8125 250.21875 252.2624969482421875 253.274993896484375 255.2937469482421875 256.96875 256.912506103515625 255.100006103515625 250.6687469482421875 244.693756103515625 237.756256103515625 229.131256103515625 217.868743896484375 208.4812469482421875 198.7937469482421875 190.2687530517578125 184.4499969482421875 183 179.537506103515625 169.818756103515625 156.5500030517578125 142.181243896484375 133.34375 125.4499969482421875 116.83750152587890625 109.78125 101.18125152587890625 92.3874969482421875 86.8625030517578125 82.7375030517578125 81.59375 79.3874969482421875 77.46250152587890625 75.46875 73.68125152587890625 70.97499847412109375 68.1875 64.5437469482421875 60.856250762939453125 56.97499847412109375 54.637500762939453125 52.11875152587890625 49.71250152587890625
245.975006103515625 248.181243896484375 251.881256103515625 255.1374969482421875 257.98126220703125 261 264.662506103515625 266.32501220703125 267.274993896484375 265.03125 260.4375 255.5500030517578125 247.962493896484375 236.2937469482421875 224.6999969482421875 213.2624969482421875 204.28125 195.5 189.6125030517578125 184.225006103515625 171.21875 157.5124969482421875 144.693756103515625 135.162506103515625 126 117.1125030517578125 111.53125 104.2937469482421875 97.63124847412109375 93.6750030517578125 89.9562530517578125 88.53125 85.7624969482421875 84.0437469482421875 82.36875152587890625 80.0187530517578125 76.83750152587890625 73.28749847412109375 68.4875030517578125 64.1062469482421875 59.59999847412109375 56.68125152587890625 53.90000152587890625 51.450000762939453125
247.850006103515625 251.84375 255.587493896484375 259.493743896484375 263.350006103515625 266.78125 270.306243896484375 274.96875 278.5625 277.73126220703125 275.95001220703125 272.818756103515625 270.350006103515625 259.26873779296875 242.6062469482421875 227.71875 216.2624969482421875 205.4375 196.2312469482421875 187.78125 174.068756103515625 159.78125 146.40625 136.243743896484375 127.3249969482421875 118.65000152587890625 113.1374969482421875 107.7375030517578125 101.88124847412109375 98.78749847412109375 96.6875 95.5187530517578125 93.2062530517578125 91.31874847412109375 89.1062469482421875 86.49375152587890625 82.8874969482421875 77.9875030517578125 72.3000030517578125 67.16249847412109375 62.34999847412109375 58.875 55.6875 52.9375
250.8125 254.8249969482421875 259 262.0625 266.57501220703125 271.368743896484375 275.649993896484375 281.024993896484375 283.787506103515625 284.13751220703125 283.61248779296875 285.58123779296875 286.462493896484375 273.625 254.0187530517578125 237.587493896484375 224.556243896484375 212.3562469482421875 201.0500030517578125 190.03125 175.9875030517578125 161.618743896484375 147.7312469482421875 137.556243896484375 128.6125030517578125 119.8625030517578125 116.47499847412109375 110.8312530517578125 106.41249847412109375 104.2624969482421875 103.63124847412109375 103.2062530517578125 100.5437469482421875 97.96250152587890625 95.52500152587890625 92.8000030517578125 88.40625 81.8874969482421875 75.625 69.8000030517578125 64.4250030517578125 60.793750762939453125 57.543750762939453125 54.69374847412109375
257.649993896484375 259.90625 263.70001220703125 267 272.42498779296875 275.912506103515625 279.131256103515625 283.39373779296875 286.4375 287.13751220703125 287.64373779296875 286.5625 284.8125 274.524993896484375 258.375 243 229.8625030517578125 216.1500091552734375 204.0437469482421875 192.087493896484375 177.3874969482421875 162.162506103515625 149.1687469482421875 138.618743896484375 129.131256103515625 121.8125 118.46875 114.59375 110.59375 110.1125030517578125 109.91249847412109375 109.9562530517578125 106.99375152587890625 103.91249847412109375 100.52500152587890625 96.3000030517578125 91.15625 84.1687469482421875 77.8312530517578125 71.96875 66.21875 62.53125 59.625 57.1875
269.106231689453125 270.899993896484375 270.274993896484375 273.725006103515625 276.70623779296875 278.64373779296875 280.375 283.256256103515625 285.35626220703125 286.08123779296875 285.756256103515625 283.837493896484375 279.0625 270.09375 257.76873779296875 245.125 233.40625 219.625 206.9499969482421875 194.71875 179.5500030517578125 164.28125 150.462493896484375 138.868743896484375 130.212493896484375 123.72499847412109375 121.47499847412109375 118.75624847412109375 115.82500457763671875 116.0124969482421875 116.1687469482421875 116.3125 113.0187530517578125 108.625 104.40000152587890625 98.9250030517578125 92.69374847412109375 85.8249969482421875 79.9250030517578125 73.9187469482421875 68.2312469482421875 64.56874847412109375 61.18125152587890625 59.15000152587890625
283.631256103515625 282.274993896484375 279.9375 279.5625 279.131256103515625 278.962493896484375 281.13751220703125 282.09375 281.193756103515625 281.33123779296875 281.693756103515625 278.850006103515625 273.162506103515625 265.03125 254.8125 243.125 232.774993896484375 220.3000030517578125 208.318756103515625 195.787506103515625 180.9187469482421875 166.0812530517578125 152.21875 141.1374969482421875 133.868743896484375 127.66249847412109375 125.59999847412109375 123.4875030517578125 121.625 121.31874847412109375 121.9562530517578125 121.90625 118 112.65625 106.75624847412109375 100.55625152587890625 93.84999847412109375 86.66249847412109375 81.2937469482421875 75.66249847412109375 70.1999969482421875 66.5124969482421875 63.268749237060546875 60.96250152587890625
299.01873779296875 294.41876220703125 289.125 284.568756103515625 281.48748779296875 279.037506103515625 279.26873779296875 279.631256103515625 278.693756103515625 277.89373779296875 275.91876220703125 272.48748779296875 266.493743896484375 258.631256103515625 250.4875030517578125 240.6999969482421875 230.962493896484375 220.256256103515625 208.931243896484375 197.381256103515625 183.850006103515625 169.6125030517578125 157.9562530517578125 148.068756103515625 139.9812469482421875 133.118743896484375 130.6437530517578125 128.9562530517578125 127.0812530517578125 126.68125152587890625 126.5812530517578125 126.3312530517578125 121.4875030517578125 114.7624969482421875 108.4875030517578125 101.7624969482421875 94.6750030517578125 87.84375 82.1750030517578125 77.47499847412109375 72.77500152587890625 69.34999847412109375 65.0500030517578125 62.52500152587890625
313.431243896484375 305.58123779296875 295.46875 287.76251220703125 281.943756103515625 277.818756103515625 276.287506103515625 275.57501220703125 275.38751220703125 273.64373779296875 271.17498779296875 266.431243896484375 260.76251220703125 252.96875 245.693756103515625 238.5500030517578125 231.0437469482421875 220.306243896484375 209.84375 199.337493896484375 187.4187469482421875 174.7062530517578125 164.3937530517578125 155.5625 147.056243896484375 139.568756103515625 137.21875 134.899993896484375 133.0812530517578125 131.743743896484375 131.2062530517578125 130.0687408447265625 123.7624969482421875 116.41249847412109375 109.77500152587890625 102.6875 95.5124969482421875 88.34999847412109375 82.84375 77.9187469482421875 73.9499969482421875 70.44374847412109375 67 65.8562469482421875
320.45001220703125 310.01873779296875 297.743743896484375 285.48748779296875 278.76873779296875 274.64373779296875 272.51251220703125 271.42498779296875 270.54376220703125 267.568756103515625 264.84375 260.725006103515625 255.6062469482421875 249.46875 243.0437469482421875 236.6999969482421875 228.5437469482421875 219.96875 210.03125 200.443756103515625 189.899993896484375 180.149993896484375 171.15625 162.212493896484375 154.0812530517578125 147.225006103515625 144.493743896484375 141.649993896484375 139.056243896484375 137.412506103515625 135.84375 133.6999969482421875 126.8125 119.47499847412109375 112.2687530517578125 104.38124847412109375 96.55625152587890625 89.6999969482421875 83.3874969482421875 78.09375 74.0437469482421875 73.03749847412109375 71.34375 71.28125
324.162506103515625 312.118743896484375 298.54376220703125 285.29998779296875 276.125 272.79376220703125 270.149993896484375 267.868743896484375 264.993743896484375 262.743743896484375 260.15625 256.41876220703125 252.5 245.7312469482421875 240.375 234.8937530517578125 228.71875 220.118743896484375 210.274993896484375 203.256256103515625 194.743743896484375 186.350006103515625 178.4187469482421875 169.9562530517578125 161.6062469482421875 155.287506103515625 151.7375030517578125 148.712493896484375 145.443756103515625 142.649993896484375 140.3000030517578125 137.53125 129.96875 122.8125 114.78749847412109375 106.375 98.44374847412109375 91.8125 85 77.5812530517578125 74.1750030517578125 75.27500152587890625 75.59375 76.03749847412109375
325.118743896484375 312.96875 299.037506103515625 287.149993896484375 278.725006103515625 271.88751220703125 267.98126220703125 264.087493896484375 260.59375 257.53125 254.9812469482421875 252.181243896484375 248.3312530517578125 243.350006103515625 239.8000030517578125 235.274993896484375 229.587493896484375 221.6999969482421875 213.78125 207.8249969482421875 200.568756103515625 192.837493896484375 185.368743896484375 177.212493896484375 169.993743896484375 163.3562469482421875 159.0625 155.5 151.5124969482421875 148.318756103515625 145.100006103515625 141.09375 133.3937530517578125 125.4875030517578125 117.9812469482421875 109.38124847412109375 101.25 93.84999847412109375 86.53125 80.3000030517578125 78.0749969482421875 80.2687530517578125 81.8937530517578125 84.375
316.46875 306.4375 294.29376220703125 284.29998779296875 276.26873779296875 268.212493896484375 262.875 258.268768310546875 253.962493896484375 250.7562408447265625 250.274993896484375 247.475006103515625 245.3249969482421875 243.537506103515625 240.056243896484375 236.350006103515625 230.6750030517578125 225.537506103515625 219.46875 214.006256103515625 207.1875 199.1062469482421875 191.0500030517578125 183.600006103515625 177.243743896484375 170.9812469482421875 166.5124969482421875 162.368743896484375 158.65625 154.6999969482421875 150.743743896484375 146.100006103515625 138.100006103515625 129.899993896484375 122.72499847412109375 114.49375152587890625 106.84375 99.13124847412109375 92.46250152587890625 89.00624847412109375 87.3000030517578125 89.63124847412109375 92.59375 96.86875152587890625
305.51251220703125 298.006256103515625 288.068756103515625 280.318756103515625 272.4375 264.13751220703125 256.8125 251.84375 247.2937469482421875 243.693756103515625 242.9250030517578125 243.193756103515625 243.506256103515625 242.131256103515625 239.681243896484375 236.875 233.15625 229.3000030517578125 224.7312469482421875 220.2687530517578125 213.225006103515625 205.131256103515625 197.1437530517578125 190.09375 184.337493896484375 178.3625030517578125 174.1125030517578125 169.475006103515625 165.4875030517578125 160.837493896484375 156.28125 151.625 143.524993896484375 135.287506103515625 128.1875 120.53125 112.5124969482421875 104.43125152587890625 100.1687469482421875 98.38124847412109375 97 99.78125 104.4250030517578125 110.15000152587890625
295.76873779296875 290.17498779296875 282.25 274.90625 268.212493896484375 259.38751220703125 250.8562469482421875 245.1062469482421875 238.4187469482421875 235.537506103515625 236.25 239.2687530517578125 241.625 243.0437469482421875 242.1437530517578125 238.556243896484375 235.8562469482421875 233.21875 229.712493896484375 225.78125 219.381256103515625 211.318756103515625 203.0812530517578125 195.90625 189.9875030517578125 185.149993896484375 180.3312530517578125 176.212493896484375 171.7624969482421875 166.6687469482421875 162.0500030517578125 156.875 148.59375 140.975006103515625 133.256256103515625 125.27500152587890625 117.4375 111.84999847412109375 108.94374847412109375 107.2624969482421875 106.84375 109.53125 114.25 119.9499969482421875
285.38751220703125 280.5 273.756256103515625 266.818756103515625 260.54376220703125 252.3625030517578125 244.1374969482421875 236.100006103515625 228.056243896484375 223.8000030517578125 226.4250030517578125 231.806243896484375 237.9812469482421875 242.537506103515625 241.7312469482421875 240.462493896484375 237.125 235.774993896484375 234.087493896484375 232.0500030517578125 225.6437530517578125 216.3000030517578125 207.662506103515625 200.975006103515625 195.375 190.4875030517578125 186.125 182.4749908447265625 178.443756103515625 172.34375 167.931243896484375 162.3874969482421875 154.8125 147.40625 139.2750091552734375 131.7375030517578125 127.03125 122.08750152587890625 119.2062530517578125 118.28749847412109375 118.50624847412109375 120.69374847412109375 124.36875152587890625 129.3937530517578125
274.96875 271.35626220703125 265.9375 260.15625 254.0500030517578125 246.5124969482421875 237.90625 229.1812591552734375 219.3000030517578125 210.943756103515625 216.412506103515625 229.743743896484375 237.5437469482421875 241.1687469482421875 241.3125 240.2687530517578125 237.693756103515625 236.868743896484375 236.1687469482421875 234.3562469482421875 227.96875 219.0124969482421875 210.8312530517578125 204.4875030517578125 199.193756103515625 195.368743896484375 190.7062530517578125 188.024993896484375 183.9187469482421875 178.350006103515625 173.274993896484375 168.7062530517578125 161.1437530517578125 154.2312469482421875 146.506256103515625 140.7062530517578125 136.850006103515625 133.1374969482421875 131.131256103515625 129.337493896484375 128.975006103515625 130.412506103515625 133.2624969482421875 137.587493896484375
268.39373779296875 264.91876220703125 259.743743896484375 254.899993896484375 249.2062530517578125 242.40625 235.03125 226.9124908447265625 217.381256103515625 207.5812530517578125 220.537506103515625 235.75 239.975006103515625 241.881256103515625 241.568756103515625 240.2687530517578125 237.931243896484375 236.96875 235.84375 232.462493896484375 227.350006103515625 220.15625 213.1750030517578125 206.8249969482421875 202.46875 199.2375030517578125 195.09375 192.8562469482421875 189.6125030517578125 184.6687469482421875 177.693756103515625 172.787506103515625 166.3874969482421875 160.131256103515625 153.475006103515625 149.59375 147.006256103515625 143.881256103515625 143.1125030517578125 141.9499969482421875 139.7937469482421875 140.912506103515625 141.71875 143.9562530517578125
267.024993896484375 263.287506103515625 258.71875 253.59375 247.524993896484375 241.0187530517578125 234.787506103515625 228.556243896484375 224.431243896484375 227.5812530517578125 242.399993896484375 243.662506103515625 242.7624969482421875 243.1437530517578125 241.9187469482421875 240.1125030517578125 238.006256103515625 236.8125 234.4250030517578125 231.4812469482421875 226.350006103515625 219.8000030517578125 214.3874969482421875 209.3312530517578125 204.4562530517578125 201.681243896484375 198.2312469482421875 196.125 193.65625 188.912506103515625 183.375 178.587493896484375 172.993743896484375 167.5500030517578125 164.0749969482421875 161.412506103515625 158.2937469482421875 156.6062469482421875 155.3125 151.8312530517578125 149.0437469482421875 149.8125 148.8125 150.256256103515625
266.462493896484375 262.824981689453125 257.91876220703125 252.318756103515625 247.462493896484375 242.1875 236.443756103515625 232.975006103515625 231.993743896484375 235.006256103515625 241.21875 243.837493896484375 243.40625 243.375 242.274993896484375 240.2375030517578125 238.9187469482421875 236.9875030517578125 234.149993896484375 231.125 225.681243896484375 219.9499969482421875 214.475006103515625 209.6437530517578125 206.4250030517578125 203.5124969482421875 200.524993896484375 199.131256103515625 197.068756103515625 192.6125030517578125 187.6062469482421875 186.03125 183.3125 179.193756103515625 177.024993896484375 174.2312469482421875 170.90625 168.40625 167.1062469482421875 162.1125030517578125 158.537506103515625 158.1437530517578125 156.399993896484375 155.537506103515625
