data/historical-monthly-weather-data/wc2.1_cruts4.09_10m_prec_1984-03.asc
ncols        51
nrows        45
xllcorner    -63.500000000000
yllcorner    -7.500000000000
cellsize     0.166666666667
NODATA_value -9999
[rows 20 to 39 of 45, columns 0 to 44 of 51]
236.431243896484375 244.256256103515625 252.7375030517578125 261.76251220703125 271.51873779296875 282.38751220703125 292.681243896484375 301.07501220703125 307.38751220703125 310.11248779296875 310.16876220703125 310.08123779296875 310.45623779296875 312.4375 305.287506103515625 292.79376220703125 281.962493896484375 276.056243896484375 274.04376220703125 272.46875 274.212493896484375 276.45001220703125 277.806243896484375 281.5625 286.28125 291.806243896484375 298.82501220703125 305.82501220703125 312.64373779296875 318.443756103515625 319.01251220703125 314.70623779296875 304.681243896484375 290.131256103515625 276.35626220703125 304.899993896484375 344.3125 371.181243896484375 388.350006103515625 398.881256103515625 405.287506103515625 407.48126220703125 407.10626220703125 407.54376220703125 407.42498779296875
233.350006103515625 242.537506103515625 253.774993896484375 264.71875 276.51873779296875 289.60626220703125 301.943756103515625 312.73126220703125 319.40625 318.943756103515625 313.587493896484375 308.70001220703125 304.78125 303.556243896484375 299.306243896484375 292.57501220703125 286.618743896484375 281.5625 278.26251220703125 275.36248779296875 273.524993896484375 273.006256103515625 275.556243896484375 278.25 282.90625 290.14373779296875 300.28125 306.95623779296875 312.83123779296875 317.056243896484375 315.95623779296875 311.287506103515625 303.83123779296875 295.86248779296875 294.23126220703125 314.693756103515625 346.70001220703125 372.76251220703125 389.681243896484375 398.506256103515625 403.36248779296875 405.26251220703125 405.587493896484375 406.21875 407.17498779296875
233.6125030517578125 245.037506103515625 256.868743896484375 269.443756103515625 282.16876220703125 295.368743896484375 308.26873779296875 322.837493896484375 332.53125 327.14373779296875 316.399993896484375 304.75 295.76873779296875 293.86248779296875 294.04376220703125 291.806243896484375 287.98126220703125 283.806243896484375 279.787506103515625 276.087493896484375 272.693756103515625 269.32501220703125 268.475006103515625 270.59375 277.25 286.51251220703125 297.412506103515625 305.493743896484375 310.91876220703125 313.774993896484375 313.76251220703125 313.350006103515625 313.399993896484375 312.868743896484375 320.274993896484375 338.5625 362.08123779296875 382.212493896484375 394.82501220703125 401.01251220703125 403.649993896484375 404.46875 404.881256103515625 404.48748779296875 406.04998779296875
239.649993896484375 252.1062469482421875 264.306243896484375 277.04376220703125 289.6875 301.756256103515625 315.13751220703125 328.868743896484375 336.41876220703125 328.318756103515625 314.61248779296875 302.399993896484375 289.162506103515625 288.118743896484375 291.068756103515625 291.28125 289.618743896484375 286.01873779296875 280.25 274.95001220703125 269.649993896484375 264.193756103515625 261.0625 262.618743896484375 267.837493896484375 277.03125 288.83123779296875 299.65625 307.71875 313.92498779296875 318.41876220703125 321.36248779296875 325.45623779296875 330.64373779296875 341.3125 360.181243896484375 379.48748779296875 391.743743896484375 398.70623779296875 402.681243896484375 404.662506103515625 403.78125 403.387481689453125 401.625 405.34375
251.274993896484375 263.381256103515625 273.23748779296875 285.40625 298.681243896484375 309.662506103515625 319.40625 328.58123779296875 331.743743896484375 326.42498779296875 316.912506103515625 305.037506103515625 296.38751220703125 293.306243896484375 293.08123779296875 293.91876220703125 292.306243896484375 288.67498779296875 282.96875 274.95623779296875 266.42498779296875 258.57501220703125 252.399993896484375 251.125 257.381256103515625 269.98748779296875 282.03125 295.912506103515625 306.34375 317.23748779296875 324.38751220703125 330.09375 337.63751220703125 345.412506103515625 355.537506103515625 368.506256103515625 383.943756103515625 394.48126220703125 399.5625 404.54998779296875 406.350006103515625 404.14373779296875 400.66876220703125 401.024993896484375 399.85626220703125
266.649993896484375 279.587493896484375 285.95623779296875 296.5 306.568756103515625 314.91876220703125 321.993743896484375 327.787506103515625 328.42498779296875 324.32501220703125 317.60626220703125 310.506256103515625 304.51873779296875 300.39373779296875 299.024993896484375 299.45001220703125 296.91876220703125 293.337493896484375 287.618743896484375 277.01873779296875 267.3125 255.056243896484375 243.9250030517578125 238.90625 247.5 263.662506103515625 280.04998779296875 294.118743896484375 307.15625 320.70623779296875 331.287506103515625 340.78125 350.60626220703125 357.287506103515625 364.54998779296875 374.26873779296875 385.95623779296875 395.13751220703125 400.962493896484375 405.131256103515625 407.48126220703125 403.59375 396.193756103515625 394.60626220703125 394.662506103515625
281.524993896484375 290.48126220703125 296.78125 304.0625 311.381256103515625 317.649993896484375 322.006256103515625 325.306243896484375 325.32501220703125 323.662506103515625 320.3125 315.71875 311.556243896484375 308.58123779296875 307.556243896484375 306.83123779296875 305.881256103515625 300.837493896484375 293.693756103515625 284.212493896484375 271.61248779296875 257.29998779296875 241.162506103515625 233.881256103515625 246.4187469482421875 262.70623779296875 280.13751220703125 294.33123779296875 308.29998779296875 322.774993896484375 335.6875 348.943756103515625 361.04376220703125 365.412506103515625 369.95001220703125 378.462493896484375 388.95001220703125 396.85626220703125 403.131256103515625 408.431243896484375 409.29376220703125 403.82501220703125 394.5 390.118743896484375 399.39373779296875
297.34375 303.63751220703125 308.125 313.193756103515625 316.881256103515625 320.40625 324.5625 326.26873779296875 326.07501220703125 325.243743896484375 322.587493896484375 319.6875 317.66876220703125 316.193756103515625 315.506256103515625 314.71875 314.368743896484375 311.493743896484375 304.78125 295.506256103515625 282.85626220703125 267.73126220703125 256.13751220703125 250.743743896484375 257.61248779296875 270.318756103515625 285.225006103515625 299.34375 312.368743896484375 325.09375 337.506256103515625 349.618743896484375 361.268768310546875 366.09375 371.09375 379.70623779296875 387.84375 396.912506103515625 404.787506103515625 412.65625 418.01251220703125 410.79998779296875 396.89373779296875 391.4375 412.20001220703125
312.256256103515625 316.73748779296875 319.28125 321.118743896484375 324.556243896484375 325.743743896484375 326.243743896484375 326.931243896484375 327.29998779296875 326.475006103515625 325.743743896484375 324.54998779296875 323.65625 323.875 324.912506103515625 325.96875 327.73126220703125 325.5625 320.48126220703125 312.318756103515625 299.75 285.4375 275.46875 269.76873779296875 273.699981689453125 281.38751220703125 293.08123779296875 305.493743896484375 317.20001220703125 328.65625 338.32501220703125 348.068756103515625 358.774993896484375 365.3125 371.462493896484375 379.868743896484375 386.9375 395.693756103515625 404.26873779296875 412.056243896484375 422.32501220703125 415.08123779296875 401.649993896484375 405.89373779296875 430.40625
325.5 328.04376220703125 327.975006103515625 327.58123779296875 328.631256103515625 327.131256103515625 326.9375 327.024993896484375 327.83123779296875 327.524993896484375 327.787506103515625 329.25 331.20623779296875 333.17498779296875 335.39373779296875 337.756256103515625 340.399993896484375 343.899993896484375 341.193756103515625 330.73748779296875 317.45001220703125 304.3125 294.03125 288.65625 289.037506103515625 294 302.89373779296875 311.975006103515625 320.64373779296875 329.837493896484375 338.587493896484375 346.181243896484375 355.79998779296875 364.98748779296875 372.54998779296875 379.693756103515625 386.118743896484375 394.850006103515625 398.75 405.368743896484375 415.51251220703125 418.88751220703125 416.26873779296875 427.056243896484375 441.70623779296875
335.725006103515625 336.193756103515625 334.07501220703125 332.88751220703125 332.462493896484375 329.006256103515625 328.743743896484375 327.943756103515625 328.568756103515625 329.08123779296875 330.506256103515625 332.85626220703125 336.73126220703125 339.5625 343.54376220703125 348.1875 354.600006103515625 359.756256103515625 361.70623779296875 350.868743896484375 336.600006103515625 322.0625 312.225006103515625 305.6875 303.23748779296875 306.875 311.899993896484375 317.181243896484375 323.95001220703125 331.41876220703125 339.0625 346.95001220703125 356.381256103515625 365.75 374.087493896484375 379.431243896484375 385.337493896484375 393.818756103515625 395.350006103515625 393.38751220703125 405.193756103515625 419.868743896484375 429.51251220703125 442.25 457.15625
343.28125 342.212493896484375 338.587493896484375 335.89373779296875 334.64373779296875 330.618743896484375 329.84375 327.850006103515625 328.431243896484375 329.48748779296875 331.61248779296875 335.04998779296875 339.3125 345.118743896484375 351.51873779296875 358.375 363.125 368.29998779296875 370.61248779296875 364.850006103515625 350.76873779296875 338.29376220703125 327.07501220703125 319.368743896484375 317.725006103515625 318.01251220703125 319.443756103515625 323.393768310546875 326.48126220703125 333.462493896484375 340.712493896484375 347.943756103515625 356.29376220703125 365.712493896484375 374.399993896484375 379.600006103515625 386.75 393.443756103515625 391.618743896484375 393.493743896484375 409.462493896484375 429.5 444.975006103515625 465.20623779296875 484.375
348.36248779296875 347.350006103515625 343.16876220703125 339.84375 336.89373779296875 333.9375 331.431243896484375 328.57501220703125 327.66876220703125 329.5 334.743743896484375 338.350006103515625 344.54998779296875 353.86248779296875 360.725006103515625 366.98748779296875 371.01251220703125 376.71875 378.087493896484375 374.66876220703125 364.51251220703125 353.006256103515625 341.524993896484375 334.82501220703125 331.23748779296875 329.25 328.51873779296875 329.9375 332.431243896484375 337.475006103515625 343.16876220703125 349.23126220703125 358.431243896484375 368.125 376.0625 383.787506103515625 391.17498779296875 396.71875 396.962493896484375 407.76873779296875 423.931243896484375 443.38751220703125 463.087493896484375 485.76251220703125 516.9437255859375
352.587493896484375 351.29376220703125 348.568756103515625 345.193756103515625 341.84375 337.337493896484375 333.25 329.66876220703125 327.73126220703125 328.837493896484375 333.98126220703125 341.681243896484375 350.07501220703125 358.46875 365.32501220703125 373.10626220703125 379.5625 384.70001220703125 385.0625 382.90625 375.625 365.243743896484375 355.712493896484375 347.181243896484375 342.35626220703125 338.006256103515625 336.556243896484375 335.73748779296875 338.08123779296875 341.25 344.63751220703125 350.78125 360.98126220703125 370.681243896484375 380.76251220703125 388.818756103515625 395.6875 400.881256103515625 407.98748779296875 420.462493896484375 434.57501220703125 453.84375 477.75 502.712493896484375 537.3812255859375
356.86248779296875 356.40625 354.243743896484375 350.475006103515625 345.112518310546875 340.625 335 331.35626220703125 327.01873779296875 326.337493896484375 332.868743896484375 344.03125 355.912506103515625 365.756256103515625 374.54998779296875 380.9375 387.57501220703125 392.39373779296875 393.350006103515625 391.743743896484375 386.01251220703125 376.006256103515625 366.475006103515625 356.9375 351.41876220703125 346.58123779296875 342.943756103515625 341.79998779296875 341.36248779296875 344.17498779296875 347.76873779296875 352.875 362.837493896484375 373.756256103515625 383.443756103515625 390.568756103515625 397.662506103515625 408.337493896484375 418.068756103515625 429.681243896484375 443.375 459.993743896484375 482.51873779296875 507.350006103515625 536.35626220703125
362.29998779296875 361.73126220703125 359.774993896484375 356.78125 352.53125 347.17498779296875 342.03125 335.806243896484375 328.98748779296875 327.92498779296875 334.86248779296875 348.48748779296875 364.631256103515625 377.75 386.0625 392.89373779296875 397.774993896484375 402.006256103515625 404.462493896484375 404.381256103515625 397.462493896484375 386.60626220703125 375.618743896484375 366.274993896484375 359.29376220703125 353.14373779296875 348.75 347.225006103515625 346.118743896484375 347.056243896484375 349.662506103515625 352.881256103515625 361.70001220703125 373.743743896484375 383.66876220703125 390.51251220703125 400.63751220703125 411.381256103515625 419.375 431.59375 445.9375 460.73748779296875 478.318756103515625 501.399993896484375 522.54998779296875
366.34375 367.100006103515625 366.51251220703125 364.243743896484375 361.73748779296875 357.26873779296875 351.17498779296875 344.26873779296875 334.48126220703125 327.899993896484375 338.84375 360.92498779296875 378.912506103515625 390.67498779296875 399.443756103515625 404.443756103515625 407.587493896484375 411.225006103515625 414.54998779296875 412.443756103515625 405.462493896484375 394.29998779296875 383.256256103515625 371.868743896484375 363.64373779296875 357.20623779296875 352.73126220703125 351.837493896484375 349.962493896484375 350.106231689453125 350.51873779296875 351.96875 362.21875 374.6875 384.42498779296875 392.9375 403.26251220703125 414.20623779296875 422.36248779296875 431.04998779296875 442.443756103515625 455.412506103515625 471.33123779296875 490.70623779296875 507.76873779296875
371.6875 373.70001220703125 373.58123779296875 373.037506103515625 373.01873779296875 369.88751220703125 364.70001220703125 357.306243896484375 349.29998779296875 340.100006103515625 361.693756103515625 385.59375 398.462493896484375 407.92498779296875 413.21875 416.92498779296875 416.96875 419.26873779296875 420.54998779296875 416.899993896484375 407.25 396.381256103515625 387.25 375.149993896484375 366.5625 360.40625 355.70623779296875 355.36248779296875 354.01251220703125 352.6875 350.51251220703125 350.20001220703125 360.61248779296875 373.79998779296875 383.21875 393.568756103515625 403.83123779296875 412.40625 421.65625 430.850006103515625 438.131256103515625 450.23126220703125 461.71875 472.95001220703125 486.61248779296875
379.100006103515625 380.07501220703125 381.78125 383.21875 384.8125 382.337493896484375 381.03125 378.087493896484375 378.28125 389.13751220703125 415.006256103515625 422.256256103515625 425.38751220703125 430.006256103515625 432.91876220703125 433.681243896484375 431.375 429.66876220703125 426.21875 418.95001220703125 405.931243896484375 394.225006103515625 384.60626220703125 373.88751220703125 366.118743896484375 361.09375 357.35626220703125 355.91876220703125 354.725006103515625 352.76873779296875 350.881256103515625 348.506256103515625 356.70623779296875 368.51873779296875 380.618743896484375 389 397.475006103515625 407.125 413.66876220703125 419.78125 426.01251220703125 437.03125 445.600006103515625 455.40625 464.33123779296875
387.75 387.66876220703125 390.712493896484375 393.149993896484375 397.287506103515625 399.756256103515625 400.125 404.48748779296875 410.412506103515625 421.92498779296875 437.868743896484375 447.60626220703125 451.993743896484375 453.912506103515625 455.125 452.662506103515625 447.75 441.25 431.875 421.493743896484375 405.29376220703125 391.743743896484375 379.556243896484375 369.40625 364.01251220703125 360.274993896484375 356.39373779296875 355.631256103515625 354.193756103515625 351.131256103515625 347.23748779296875 347.04998779296875 356.774993896484375 365.9375 375.88751220703125 384.45001220703125 390.92498779296875 398.76873779296875 405.60626220703125 408.16876220703125 411.850006103515625 420.84375 427.89373779296875 434.837493896484375 441.53125
