data/historical-monthly-weather-data/wc2.1_cruts4.09_10m_prec_1959-09.asc
ncols        45
nrows        45
xllcorner    -63.500000000000
yllcorner    -7.500000000000
cellsize     0.166666666667
NODATA_value -9999
[rows 0 to 18 of 45, columns 0 to 43 of 45]
142.162506103515625 145.6374969482421875 149.975006103515625 157.037506103515625 161.8937530517578125 165.100006103515625 163.9375 160.7687530517578125 158.962493896484375 157.5812530517578125 158.1687469482421875 158.9499969482421875 159.5187530517578125 157.931243896484375 156.2624969482421875 153.3937530517578125 152.0437469482421875 147.9562530517578125 145.2062530517578125 141.3625030517578125 138.46875 133.5 129.59375 124.90000152587890625 119.65625 116.3125 113.2062530517578125 109.9812469482421875 105.4187469482421875 101.6750030517578125 97.16249847412109375 93.9562530517578125 93.22499847412109375 91.0437469482421875 89.80625152587890625 89.9499969482421875 91.34375 92.61875152587890625 93.3874969482421875 94.47499847412109375 95.8125 96.88124847412109375 96.86875152587890625 97.2375030517578125
132.09375 134.40625 140.6875 149.649993896484375 159.3125 158.6999969482421875 155.600006103515625 155.2687530517578125 153.6687469482421875 152.0187530517578125 151.943756103515625 151.6374969482421875 151.381256103515625 148.7937469482421875 147.0124969482421875 145.681243896484375 143.225006103515625 139.875 136.5437469482421875 133.087493896484375 129.193756103515625 126.16249847412109375 122.11875152587890625 118.38124847412109375 112.6750030517578125 109.1125030517578125 107.28749847412109375 105.15625 100.6875 97.27500152587890625 93.65625 91.59999847412109375 90.53749847412109375 90.21250152587890625 89.8125 90.36875152587890625 92.0625 94.0187530517578125 94.83750152587890625 96.0625 97.7375030517578125 99.06874847412109375 100.03749847412109375 99.58750152587890625
120.90625 124.65000152587890625 130.5187530517578125 139.2312469482421875 147.431243896484375 148.78125 146.850006103515625 145.7375030517578125 144.9562530517578125 143.8000030517578125 143.399993896484375 142.618743896484375 142.0625 139.25 136.931243896484375 136.193756103515625 133.8000030517578125 130.943756103515625 127.8625030517578125 124.9499969482421875 121.2624969482421875 117.65625 114.34999847412109375 110.96250152587890625 105.93125152587890625 101.8562469482421875 101.74375152587890625 99.5437469482421875 96.1125030517578125 92.90000152587890625 89.3625030517578125 87.53749847412109375 88.03749847412109375 88.05625152587890625 88.1687469482421875 88.81874847412109375 90.7687530517578125 93.3937530517578125 95.15000152587890625 97.27500152587890625 99.6875 100.68125152587890625 102.3125 102.53125
108.30625152587890625 112.33750152587890625 121.08750152587890625 127.2687530517578125 133.506256103515625 135.1437530517578125 135.28125 136.59375 136.756256103515625 136.256256103515625 134.868743896484375 133.693756103515625 131.0812530517578125 129.15625 127.22499847412109375 126.1875 124.8000030517578125 122.36875152587890625 120.86875152587890625 118.96250152587890625 115.1875 110.24375152587890625 105.90625 102.67499542236328125 97.71250152587890625 94.375 93.90625 91.30625152587890625 89.38124847412109375 87.3937530517578125 85.22499847412109375 83.11875152587890625 83.1999969482421875 83.5437469482421875 83.6374969482421875 86.58750152587890625 89.81874847412109375 92.7687530517578125 95.63124847412109375 97.7375030517578125 100.00624847412109375 101.11875152587890625 102.66249847412109375 103.71875
107.54999542236328125 108.2312469482421875 109.8937530517578125 114.71250152587890625 122.0500030517578125 124.34375 124.72499847412109375 126.43125152587890625 127.9562530517578125 127.63124847412109375 126.0749969482421875 123.28125 121.5437469482421875 120.8937530517578125 119.4375 118.2624969482421875 116.71875 114.46250152587890625 112.94374847412109375 110.5625 107.88124847412109375 101.72499847412109375 97.90000152587890625 94.6999969482421875 90.1999969482421875 87.0437469482421875 85.52500152587890625 84.55625152587890625 83.1750030517578125 81.18125152587890625 79.8625030517578125 77.7687530517578125 77.7375030517578125 78.83750152587890625 80.1374969482421875 82.88124847412109375 86.4875030517578125 90.77500152587890625 94.53125 97.46875 100.09999847412109375 100.97499847412109375 101.86875152587890625 103.7062530517578125
107.74375152587890625 107.8000030517578125 107.34999847412109375 106.28125 113.2312469482421875 119.3562469482421875 121.3874969482421875 122.0749969482421875 123.1750030517578125 123.84999847412109375 121.7687530517578125 118.84999847412109375 117.3249969482421875 116.83750152587890625 114.90625 114.3312530517578125 112.77500152587890625 109.58750152587890625 107.2687530517578125 105.0437469482421875 100.81874847412109375 95.68125152587890625 91.55625152587890625 87.8625030517578125 84.61875152587890625 81.3625030517578125 79.9499969482421875 79.61875152587890625 78.24375152587890625 76.1687469482421875 74.81874847412109375 74.88124847412109375 74.94374847412109375 75.6875 76.5625 80.3874969482421875 84.21875 89.41249847412109375 94.21875 97.41249847412109375 97.72499847412109375 98.6374969482421875 99.65625 102.0749969482421875
109.7624969482421875 110.0812530517578125 109.2624969482421875 107.9875030517578125 110.78749847412109375 112.8562469482421875 115.88124847412109375 117.88124847412109375 117.6999969482421875 116.78749847412109375 115.9562530517578125 114.3562469482421875 113.6374969482421875 112.8312530517578125 111.41249847412109375 110.7375030517578125 109.4187469482421875 106.6125030517578125 103 99.19374847412109375 94.38124847412109375 89.5625 84.61875152587890625 81.2312469482421875 78.8562469482421875 76.49375152587890625 75.5187530517578125 75.15000152587890625 73.5187530517578125 71.40625 70.4562530517578125 69.8312530517578125 70.5 71.8125 73.125 76.09375 80.1875 86.49375152587890625 93.1875 94.72499847412109375 94.78125 94.72499847412109375 95.77500152587890625 98.6999969482421875
112.2937469482421875 112.43125152587890625 111.63124847412109375 112.4187469482421875 114.90000152587890625 116.8625030517578125 115.9562530517578125 112.4812469482421875 109.625 109.25624847412109375 110.2062530517578125 109.9250030517578125 109.8249969482421875 108.99375152587890625 108.55625152587890625 106.73125457763671875 105.2687530517578125 102.58750152587890625 98.71875 92.84375 88.4499969482421875 83.5187530517578125 78.84999847412109375 75.40000152587890625 73.09999847412109375 71.1374969482421875 70.05625152587890625 69.31874847412109375 68.5124969482421875 66.74375152587890625 65.8937530517578125 65.28125 65.91249847412109375 67.5437469482421875 68.2687530517578125 70.9499969482421875 74.6750030517578125 79.71875 84.21875 86.44374847412109375 86.78749847412109375 86.68125152587890625 87.91249847412109375 90.00624847412109375
115.97499847412109375 116.6750030517578125 116.75 117.35625457763671875 119.30625152587890625 119.84375 118.7937469482421875 115.34375 110.5 106.9375 107.63124847412109375 107.65000152587890625 108.9375 107.8937530517578125 106.58750152587890625 104.2687530517578125 102.03749847412109375 99.1062469482421875 95.81874847412109375 89.81874847412109375 84.375 80.09999847412109375 74.40625 72.0500030517578125 69.1999969482421875 66.68125152587890625 65.72499847412109375 65.5749969482421875 65.5187530517578125 63.831249237060546875 63.612499237060546875 61.72499847412109375 61.112499237060546875 61.03749847412109375 61.69374847412109375 64.94374847412109375 68.5 71.9250030517578125 74.65000152587890625 76.5187530517578125 77.0124969482421875 76.74375152587890625 77.8937530517578125 79.79375457763671875
118.49375152587890625 119.58750152587890625 120.05625152587890625 120.72499847412109375 123.19374847412109375 123.77500152587890625 122.625 118.7687530517578125 114.59999847412109375 111.4562530517578125 109.78125 108.19374847412109375 108.4562530517578125 108.15000152587890625 104.90625 102.21875 98.2937469482421875 95 91.6125030517578125 87.13124847412109375 81.9875030517578125 76.47499847412109375 70.6374969482421875 67.72499847412109375 64.30625152587890625 61.956249237060546875 61.40000152587890625 61.40000152587890625 61.543750762939453125 60.77500152587890625 59.362499237060546875 57.387500762939453125 56.34375 56.4375 56.768749237060546875 59.043750762939453125 62.03125 64.49375152587890625 65.78749847412109375 67.06874847412109375 67.46250152587890625 67.6125030517578125 66.6437530517578125 67.75
122.69374847412109375 123.6750030517578125 124.16249847412109375 124.5625 126.43125152587890625 128.0500030517578125 127.15625 121.7624969482421875 116.7937469482421875 113.68125152587890625 112.05625152587890625 110.7624969482421875 108.9562530517578125 106.96250152587890625 102.3625030517578125 98.18125152587890625 93.15000152587890625 89.8249969482421875 86.55625152587890625 83.1374969482421875 79.75624847412109375 74.4250030517578125 68.25624847412109375 62.47499847412109375 59.9375 59.34375 59.0625 58.362499237060546875 57.68125152587890625 56.793750762939453125 55.643749237060546875 53.71875 52.612499237060546875 51.96875 51.862499237060546875 53.34999847412109375 55.375 56.97499847412109375 58.43125152587890625 58.56874847412109375 57.97499847412109375 57.49375152587890625 57.71250152587890625 57.174999237060546875
125.2375030517578125 126.02500152587890625 126.56874847412109375 127.8937530517578125 129.537506103515625 130.7687530517578125 130.6999969482421875 125.63124847412109375 119.6062469482421875 115.28125 113.34999847412109375 111.66249847412109375 107.2624969482421875 103.09375 99.46250152587890625 94.55625152587890625 89.80625152587890625 85.65000152587890625 82.59999847412109375 80.72499847412109375 78.7312469482421875 73.5124969482421875 66.8125 60.46875 57.24375152587890625 55.72499847412109375 55.15000152587890625 54.625 53.612499237060546875 52.799999237060546875 51.50624847412109375 49.77500152587890625 48.581249237060546875 48.19374847412109375 48.49375152587890625 49.549999237060546875 50.78125 51.91249847412109375 51.581249237060546875 50.5625 49.34375 48.30625152587890625 48.38124847412109375 47.612499237060546875
126.83750152587890625 127.30625152587890625 127.40000152587890625 127.625 128.375 129.09375 127.9375 123.7375030517578125 119.63124847412109375 116.03749847412109375 113.03125 110.55625152587890625 105.9562530517578125 98.6687469482421875 93.53749847412109375 89.66249847412109375 85.1062469482421875 81.5124969482421875 78.83750152587890625 76.8562469482421875 75.46250152587890625 71.2624969482421875 64.8562469482421875 59.15625 54.22499847412109375 52.0625 52.00624847412109375 51.799999237060546875 51.112499237060546875 49.875 47.862499237060546875 45.96250152587890625 44.99375152587890625 43.99375152587890625 43.94374847412109375 45.331249237060546875 47.34999847412109375 48.77500152587890625 48.950000762939453125 46.03749847412109375 42.84375 42.375 41.65000152587890625 37.56874847412109375
127.27500152587890625 127.08750152587890625 126.08750152587890625 125.7062530517578125 126.25624847412109375 125.3874969482421875 123.5812530517578125 121.1125030517578125 117.55625152587890625 114.84999847412109375 111.00624847412109375 105.81874847412109375 100.63124847412109375 93.8000030517578125 86.97499847412109375 83.6875 79.625 76.0124969482421875 72.9375 71.13124847412109375 69.58750152587890625 65.6750030517578125 61.02500152587890625 57.5625 53.600002288818359375 50.74375152587890625 50.081249237060546875 49.331249237060546875 48.137500762939453125 46.84375 45.56874847412109375 43.293750762939453125 41.768749237060546875 40.575000762939453125 40.549999237060546875 42.75 45.75624847412109375 48.956249237060546875 49.887500762939453125 47.893749237060546875 41.41249847412109375 37.5 36.762500762939453125 35.78749847412109375
126.00624847412109375 124.84375 123.40625 122.8312530517578125 123.11875152587890625 120.2937469482421875 119.3125 116.65000152587890625 113.21250152587890625 111.22499847412109375 106.6437530517578125 100.84999847412109375 94.8000030517578125 88.1062469482421875 80.7937469482421875 76.33750152587890625 73.125 70.5124969482421875 67.3000030517578125 65.6437530517578125 64.47499847412109375 62 58.96250152587890625 57.24375152587890625 55.41249847412109375 53.03749847412109375 51.487499237060546875 49.375 47.21875 45.78125 43.1875 40.80625152587890625 39.637500762939453125 38.21250152587890625 37.15625 40.31874847412109375 45.956249237060546875 52.668750762939453125 56.50624847412109375 54.33750152587890625 49.206249237060546875 43.94374847412109375 41.5625 38.987499237060546875
123.2937469482421875 121.6125030517578125 120.6437530517578125 119.6374969482421875 118.46250152587890625 116.93125152587890625 115.05625152587890625 112.2312469482421875 109.55625152587890625 107.59999847412109375 102.875 96.0437469482421875 89.3125 82.80625152587890625 76.0124969482421875 69.8937530517578125 66.71250152587890625 65.1374969482421875 62.40625 61.143749237060546875 59.856250762939453125 58.91249847412109375 58.02500152587890625 58.206249237060546875 57.393749237060546875 54.831249237060546875 52.356250762939453125 50.049999237060546875 47.78749847412109375 45.5 43.674999237060546875 40.575000762939453125 38.487499237060546875 37.299999237060546875 35.549999237060546875 40.47499847412109375 48.59999847412109375 56.25 63.112499237060546875 63.387500762939453125 60.731250762939453125 53.231250762939453125 46.5 41.09999847412109375
118.90000152587890625 117.72499847412109375 117.2687530517578125 116.3874969482421875 114.88124847412109375 113.53125 111.52500152587890625 109.28125 106.52500152587890625 103.6437530517578125 99.5749969482421875 92.34375 84.58750152587890625 77.65000152587890625 72.3874969482421875 67.06874847412109375 61.61875152587890625 59.66249847412109375 58.30625152587890625 57.012500762939453125 55.81874847412109375 55.63124847412109375 56.65625 59.018749237060546875 59.512500762939453125 56.049999237060546875 53.21875 50.77500152587890625 48.52500152587890625 46.512500762939453125 45.36875152587890625 43.99375152587890625 41.33750152587890625 39.487499237060546875 40.831249237060546875 45.09999847412109375 52.231250762939453125 63.8125 75.77500152587890625 72.7312469482421875 66.0749969482421875 57.200000762939453125 48.268749237060546875 43.00624847412109375
114.28125 113.59375 112.28749847412109375 111.5187530517578125 111.0625 109.81874847412109375 107.38124847412109375 104.65000152587890625 102.52500152587890625 99.15000152587890625 95.0625 88.1999969482421875 80.7062530517578125 74.0812530517578125 68.91249847412109375 64.33750152587890625 59.456249237060546875 54.893749237060546875 54.512500762939453125 53.0625 52.481250762939453125 52.08750152587890625 53.5625 56.950000762939453125 58.606250762939453125 56.03749847412109375 54.13124847412109375 51.90625 49.28749847412109375 46.674999237060546875 45.043750762939453125 43.737499237060546875 45.71875 47.69374847412109375 47.356250762939453125 48.65000152587890625 57.31874847412109375 67.78125 74.4499969482421875 72.90000152587890625 64.1875 55.59999847412109375 48.11875152587890625 44.518749237060546875
109.3874969482421875 108.4375 107.09999847412109375 106.97499847412109375 106.34999847412109375 105.3000030517578125 102.9562530517578125 101.24375152587890625 98.8625030517578125 95.63750457763671875 91.46250152587890625 84.5 77.1125030517578125 70.9562530517578125 65.58750152587890625 61.918750762939453125 57.887500762939453125 53.05625152587890625 50.637500762939453125 49.33750152587890625 49.84999847412109375 52.268749237060546875 49.75 52.8125 55.512500762939453125 56.262500762939453125 55.59375 53.30625152587890625 51.918750762939453125 48.737499237060546875 46.206249237060546875 48.15625 54.081249237060546875 56.4375 57.262500762939453125 58.84375 62.9375 67.22499847412109375 69.5625 66.7062530517578125 59.862499237060546875 53.012500762939453125 47.46875 44.825000762939453125
