data/historical-monthly-weather-data/wc2.1_cruts4.09_10m_prec_1961-06.asc
ncols        51
nrows        45
xllcorner    -63.500000000000
yllcorner    -7.500000000000
cellsize     0.166666666667
NODATA_value -9999
[rows 0 to 18 of 45, columns 0 to 42 of 51]
304.649993896484375 301.16876220703125 299.475006103515625 307.76873779296875 311.912506103515625 319.631256103515625 321.412506103515625 321.11248779296875 315.024993896484375 319.70623779296875 326.98126220703125 328.462493896484375 330.131256103515625 327.73126220703125 322.631256103515625 319.162506103515625 312.9375 305.90625 298.462493896484375 294.643768310546875 295.912506103515625 288.068756103515625 281.837493896484375 271.71875 263.76873779296875 257.381256103515625 254.787506103515625 254.381256103515625 247.1687469482421875 241.350006103515625 230.75 226.868743896484375 226.9812469482421875 222.65625 219.181243896484375 217.318756103515625 214.993743896484375 214.4250030517578125 209.475006103515625 207.056243896484375 207.8312530517578125 213.3249969482421875 211.225006103515625
300.70623779296875 295.88751220703125 299.48126220703125 304.29998779296875 311.993743896484375 318.899993896484375 320.01873779296875 318.774993896484375 320.41876220703125 324.20623779296875 327.53125 326.0625 318.64373779296875 313.431243896484375 306.118743896484375 300.556243896484375 291.975006103515625 281.71875 273.493743896484375 270.70623779296875 269.712493896484375 263.04998779296875 259.431243896484375 253.337493896484375 246.6062469482421875 240.2375030517578125 239.0625 236.931243896484375 231.662506103515625 222.774993896484375 217.1750030517578125 218.2062530517578125 216.8312530517578125 215.3249969482421875 214.3562469482421875 209.625 208.7687530517578125 207.1687469482421875 202.9875030517578125 201.4562530517578125 204.9562530517578125 201.306243896484375 205.2312469482421875
291.337493896484375 293.868743896484375 295.300018310546875 293.243743896484375 299.443756103515625 308.73126220703125 312.693756103515625 319.91876220703125 322.524993896484375 325.26251220703125 324.524993896484375 317.54998779296875 311.07501220703125 298.274993896484375 288.337493896484375 280.71875 269.774993896484375 260.524993896484375 253.1999969482421875 248.4375 248.068756103515625 247.40625 243.2312469482421875 241.9499969482421875 232.6062469482421875 225.5437469482421875 228.75 225.1125030517578125 217.475006103515625 215.21875 208.46875 206.225006103515625 204.7312469482421875 205.212493896484375 202.131256103515625 193.631256103515625 194.8312530517578125 196.306243896484375 193.2624969482421875 192.6437530517578125 197.84375 196.9812469482421875 198.056243896484375
280.34375 277.04998779296875 282.0625 283.29376220703125 283.58123779296875 291.9375 301.337493896484375 310.51873779296875 317.84375 322.568756103515625 317.774993896484375 306.65625 294.82501220703125 280.70623779296875 270.993743896484375 262.181243896484375 248.037506103515625 240.693756103515625 234.2062530517578125 236.743743896484375 234.40625 228.318756103515625 226.306243896484375 227.100006103515625 218.2687530517578125 212.1875 212.8249969482421875 207.6750030517578125 204.84375 203.9812469482421875 200.1875 195.6437530517578125 194.0437469482421875 189.9562530517578125 187.287506103515625 188.7937469482421875 190.350006103515625 188.9562530517578125 185.5812530517578125 185.1374969482421875 188.6750030517578125 192.2062530517578125 192.743743896484375
290.42498779296875 282.568756103515625 268.45623779296875 269.818756103515625 275.287506103515625 278.79998779296875 288.225006103515625 302.48126220703125 315.59375 321.306243896484375 315.01251220703125 293.54998779296875 280.6875 267.76873779296875 254.212493896484375 243.9375 232.506256103515625 220.712493896484375 214.306243896484375 214.850006103515625 212.631256103515625 210.756256103515625 210.1125030517578125 209.8625030517578125 202.274993896484375 198.15625 196.53125 197.6750030517578125 195.9250030517578125 191.524993896484375 191.2375030517578125 189.756256103515625 186.3000030517578125 184.100006103515625 184.5812530517578125 181.40625 182.0187530517578125 183.3249969482421875 178.71875 176.15625 179.993743896484375 183.162506103515625 185.381256103515625
281.46875 277.79998779296875 265.225006103515625 248.399993896484375 256.96875 271.443756103515625 277.225006103515625 287.54376220703125 304.274993896484375 311.912506103515625 299.837493896484375 280.131256103515625 268.131256103515625 255.7375030517578125 240.3000030517578125 230.0187530517578125 217.7062530517578125 206.850006103515625 203.5 201.6750030517578125 202.3000030517578125 199.899993896484375 198.225006103515625 193.774993896484375 191.15625 188.8000030517578125 185.6750030517578125 187.006256103515625 186.3562469482421875 182.725006103515625 184.774993896484375 183.912506103515625 183.125 178.962493896484375 174.3312530517578125 177.1437530517578125 174.0500030517578125 168.4875030517578125 168.3625030517578125 171.806243896484375 171.7312469482421875 176.3125 176.337493896484375
278.64373779296875 270.73748779296875 259.57501220703125 247.9875030517578125 239.5500030517578125 242.537506103515625 248.2062530517578125 264.03125 270.78125 277.3125 273.106231689453125 259.274993896484375 252.149993896484375 243.662506103515625 230.193756103515625 219.1875 209.787506103515625 199.774993896484375 191.600006103515625 190.4875030517578125 186.1125030517578125 184.8625030517578125 182.399993896484375 181.7249908447265625 183.8562469482421875 182.0625 178.6999969482421875 177.837493896484375 177.193756103515625 180.6062469482421875 177.8312530517578125 174.056243896484375 171.3125 170.962493896484375 171.475006103515625 168.725006103515625 161.4187469482421875 158.6125030517578125 157.587493896484375 161.7687530517578125 161.59375 164.274993896484375 167.1437530517578125
272.318756103515625 258.41876220703125 248.475006103515625 244.1687469482421875 236.537506103515625 242.087493896484375 235.318756103515625 230.0625 226.625 236.5187530517578125 241.774993896484375 238.0500030517578125 235.125 228.2687530517578125 221.15625 211.306243896484375 199.1125030517578125 190.618743896484375 182.28125 175.2062530517578125 180.556243896484375 176.7375030517578125 173.1999969482421875 172.306243896484375 174.618743896484375 171.368743896484375 169.5749969482421875 168.8937530517578125 168.681243896484375 167.8125 172.2937469482421875 168.2312469482421875 165.96875 163.431243896484375 158.6062469482421875 154.649993896484375 150.6062469482421875 147.5 143.3249969482421875 143.056243896484375 145.1750030517578125 150.9937591552734375 150.25
262.243743896484375 251.0124969482421875 238.78125 232.125 227.28125 226.431243896484375 228.28125 227.4250030517578125 215.7624969482421875 209.9875030517578125 212.2312469482421875 214.037506103515625 219.1999969482421875 215.6999969482421875 210.587493896484375 200.743743896484375 196.59375 191.193756103515625 185.21875 175.443756103515625 168.8312530517578125 172.7062530517578125 165.1374969482421875 169.350006103515625 167.4250030517578125 165.2937469482421875 163.5812530517578125 164.71875 168.131256103515625 165.962493896484375 170.131256103515625 158.96875 149.9562530517578125 145.537506103515625 144.9812469482421875 146.5500030517578125 145.09375 143.8874969482421875 139.806243896484375 136.037506103515625 134.318756103515625 133.7624969482421875 139.100006103515625
252.649993896484375 242.443756103515625 231.725006103515625 225.1750030517578125 219.8000030517578125 217.537506103515625 217.587493896484375 212.943756103515625 210.1437530517578125 206.399993896484375 202.149993896484375 194.475006103515625 202.056243896484375 203.2312469482421875 201.056243896484375 196.1125030517578125 189.9187469482421875 191.1437530517578125 186.587493896484375 181.056243896484375 171.15625 166.4375 157.568756103515625 158.875 155.8625030517578125 157.3312530517578125 156.6125030517578125 156.1062469482421875 156.0500030517578125 157.868743896484375 158.7937469482421875 151.2062530517578125 146.0437469482421875 142.006256103515625 137.2375030517578125 136.53125 137 137.618743896484375 135.6999969482421875 136.6687469482421875 137.03125 136.0812530517578125 130.7375030517578125
246.631256103515625 234.4499969482421875 223.975006103515625 216.243743896484375 209.006256103515625 209.318756103515625 204.2062530517578125 199.881256103515625 199.962493896484375 199.0187530517578125 197.71875 191.6125030517578125 188.2687530517578125 190.868743896484375 189.0500030517578125 186.7937469482421875 182.975006103515625 180.4562530517578125 180.84375 182.243743896484375 182.7624969482421875 172.881256103515625 157.4562530517578125 143.306243896484375 146.662506103515625 155.8000030517578125 156.5749969482421875 152.8312530517578125 149.125 148.3874969482421875 147.931243896484375 143.087493896484375 139.600006103515625 136.212493896484375 132.462493896484375 128.75 129 127.88124847412109375 131.4375 130.931243896484375 130.3562469482421875 127.1750030517578125 125.28749847412109375
236.09375 225.662506103515625 219.0187530517578125 208.6062469482421875 202.412506103515625 198.931243896484375 198.899993896484375 196.2937469482421875 195.431243896484375 189.25 190.649993896484375 187.493743896484375 176.71875 178.743743896484375 182.4375 179.6875 176.3125 175.875 178.631256103515625 187.149993896484375 189.09375 181.4499969482421875 164.5687408447265625 145.600006103515625 142.875 144.443756103515625 142.4375 142.087493896484375 142.28125 139.412506103515625 132.9875030517578125 131.9375 129.787506103515625 124.49375152587890625 123.6374969482421875 124.4562530517578125 126.4875030517578125 126.49375152587890625 123.6875 126.8562469482421875 127.0187530517578125 123.00624847412109375 112.66249847412109375
230.431243896484375 219.037506103515625 210.8937530517578125 201.149993896484375 196.287506103515625 190.899993896484375 189.1125030517578125 187.006256103515625 183.6062469482421875 181.03125 180.84375 180.1125030517578125 175.78125 165.6062469482421875 165.493743896484375 167 166.037506103515625 168.5749969482421875 166.2375030517578125 173.287506103515625 179.0625 173.25 161.7937469482421875 146.8625030517578125 134.8125 133.5749969482421875 134.7687530517578125 135.34375 136.4875030517578125 135.65625 128.024993896484375 121.86875152587890625 122.31874847412109375 115.90000152587890625 114.5124969482421875 117.03125 122.3312530517578125 124.7937469482421875 130.03125 129.131256103515625 123.4875030517578125 117.6125030517578125 102.2624969482421875
222.6687469482421875 212.1687469482421875 203.0187530517578125 194.412506103515625 186.40625 182.75 178.84375 178.1999969482421875 177.0062408447265625 173.056243896484375 171.774993896484375 167.5 165.368743896484375 159.712493896484375 149.3000030517578125 153.962493896484375 152.59375 152.9562530517578125 153.5437469482421875 158.8249969482421875 163.0625 159.0625 151.25 143.7624969482421875 136.225006103515625 130.318756103515625 127.0749969482421875 125.0500030517578125 125.0187530517578125 123.1875 120.90000152587890625 116.55625152587890625 114.16249847412109375 112.24375152587890625 107.9875030517578125 115.03749847412109375 123.4875030517578125 129.712493896484375 135.225006103515625 131.6062469482421875 115.3249969482421875 104.63124847412109375 100.56874847412109375
210.493743896484375 201.1687469482421875 194.875 188.100006103515625 180 176.0124969482421875 173.5437469482421875 170.7312469482421875 168.7937469482421875 166.256256103515625 163.1999969482421875 159.6437530517578125 156.4375 149.1875 137.21875 139.6125030517578125 139.7375030517578125 143.318756103515625 140.912506103515625 144.287506103515625 149.868743896484375 148.306243896484375 146.0500030517578125 142.2312469482421875 140.2937469482421875 135.5437469482421875 131.84375 127.9250030517578125 127.8625030517578125 121.08750152587890625 113.6437530517578125 111.65625 113.8249969482421875 107.63124847412109375 100.25 101.75 116.1125030517578125 130.2062530517578125 132.3874969482421875 124.7375030517578125 116.11875152587890625 111.7624969482421875 112.49375152587890625
201.443756103515625 190.7062530517578125 185.0124969482421875 176.9875030517578125 172.8937530517578125 169.8874969482421875 166.2125091552734375 162.1125030517578125 162.5 163.181243896484375 159.7687530517578125 155.0625 151.399993896484375 144.443756103515625 134.556243896484375 122.22499847412109375 125.46250152587890625 131.7624969482421875 130.1125030517578125 132.8562469482421875 137.1500091552734375 138.6687469482421875 140.837493896484375 141.881256103515625 140.65625 136.556243896484375 130.4250030517578125 127.50624847412109375 124.7375030517578125 123.0500030517578125 117.4875030517578125 110.97499847412109375 103.46250152587890625 96.0500030517578125 89.9250030517578125 103.44374847412109375 109.2062530517578125 117.9375 123.75624847412109375 124.2375030517578125 122.00624847412109375 119.66249847412109375 113.8125
190.8625030517578125 182.3125 174.8000030517578125 170.4187469482421875 166.1687469482421875 164.0749969482421875 160.3937530517578125 157.5500030517578125 154.3249969482421875 153.337493896484375 153.21875 149.96875 143.6875 137.09375 132.6437530517578125 121.8937530517578125 109.53125 114.34999847412109375 118.44374847412109375 120.21875 123.0500030517578125 128.475006103515625 132.181243896484375 138.4187469482421875 137.537506103515625 129.4187469482421875 123.65000152587890625 120.09375 121.4375 120.77500152587890625 118.36875152587890625 114.72499847412109375 107.11875152587890625 103.41249847412109375 106.81874847412109375 110.625 117.92499542236328125 123.58750152587890625 127.52500152587890625 119.8249969482421875 116.94374847412109375 112.34375 104.27500152587890625
178.6062469482421875 171.4812469482421875 167.537506103515625 163.375 159.806243896484375 159.5749969482421875 155.1875 151.6875 148.6687469482421875 145.006256103515625 142.8000030517578125 142.0749969482421875 135.28125 129.931243896484375 127.5500030517578125 120.2312469482421875 108.65625 98.52500152587890625 109.0749969482421875 107.31874847412109375 110.2937469482421875 115.90625 124.375 129.212493896484375 131.3125 123.59375 115.7624969482421875 117.15000152587890625 117.4562530517578125 114.34999847412109375 106.99375152587890625 100.59375 111.13124847412109375 111.125 110.39374542236328125 125.78125 130.4375 124.8625030517578125 123.15625 117.8312530517578125 105.5437469482421875 98.6062469482421875 92.5124969482421875
167.693756103515625 163.225006103515625 159.568756103515625 156.4875030517578125 153.899993896484375 151.306243896484375 148.0187530517578125 144.2937469482421875 142.9187469482421875 141.2375030517578125 137.975006103515625 130.618743896484375 125.40625 122.1437530517578125 117.74375152587890625 112.7312469482421875 108.90000152587890625 96.8874969482421875 92.38124847412109375 92.8249969482421875 100.03749847412109375 109.69374847412109375 107.1374969482421875 115.125 117.3125 119.6750030517578125 116.5625 111.6687469482421875 114.0625 110.8249969482421875 105.50624847412109375 104.55625152587890625 108.5187530517578125 106.90000152587890625 110.15625 120.09375 119.71250152587890625 113.65625 111.96250152587890625 104.4187469482421875 94.53125 85.4812469482421875 82.4187469482421875
