data/historical-monthly-weather-data/wc2.1_cruts4.09_10m_prec_1974-07.asc
ncols        51
nrows        45
xllcorner    -63.500000000000
yllcorner    -7.500000000000
cellsize     0.166666666667
NODATA_value -9999
[rows 0 to 18 of 45, columns 0 to 43 of 51]
409.42498779296875 401.23126220703125 391.037506103515625 388.34375 379.91876220703125 372.08123779296875 363.98748779296875 352.537506103515625 347.743743896484375 345.693756103515625 337.256256103515625 327.41876220703125 315.875 309.08123779296875 302.71875 292.90625 282.84375 268.32501220703125 256.59375 249.03125 244.7687530517578125 234.7312469482421875 226.556243896484375 219.03125 214.1750030517578125 205.7312469482421875 201.1687469482421875 197.2687530517578125 191.587493896484375 192.4250030517578125 185.899993896484375 184.056243896484375 187.556243896484375 187.162506103515625 186.306243896484375 183.5 177.1750030517578125 180.193756103515625 174.837493896484375 170.8937530517578125 173.1875 176.3249969482421875 173.9375 174.100006103515625
394.08123779296875 385.16876220703125 375.962493896484375 375.0625 371.412506103515625 364.649993896484375 356.087493896484375 347.57501220703125 342.931243896484375 336.78125 327.600006103515625 315.46875 303.73748779296875 293.931243896484375 283.34375 273.39373779296875 262.09375 248.65625 238.0437469482421875 228.7375030517578125 218.2937469482421875 213.0437469482421875 207.2937469482421875 204.943756103515625 196.1062469482421875 190.0749969482421875 187.5124969482421875 185.600006103515625 179.693756103515625 176.6062469482421875 174.3249969482421875 177.2624969482421875 179.100006103515625 182.03125 181.975006103515625 176.225006103515625 170.306243896484375 170.1999969482421875 164.3874969482421875 162.524993896484375 166.318756103515625 166.162506103515625 165.337493896484375 162.6437530517578125
356.39373779296875 357.0625 356.39373779296875 352.20001220703125 345.71875 337.20623779296875 331.712493896484375 330.01873779296875 327.024993896484375 320.58123779296875 311.306243896484375 296.818756103515625 287.868743896484375 273.193756103515625 261.10626220703125 249.743743896484375 239.7312469482421875 227.4187469482421875 216.4375 209.631256103515625 200.287506103515625 196.256256103515625 192.443756103515625 189.0187530517578125 182.818756103515625 174.850006103515625 177.7062530517578125 175.375 171.5500030517578125 170.2687530517578125 168.6875 165.681243896484375 168.649993896484375 174.381256103515625 169.087493896484375 162.5625 160.9375 163.006256103515625 156.806243896484375 155.6062469482421875 158.1374969482421875 159.0625 156.6437530517578125 155.71875
323.225006103515625 319.056243896484375 324.60626220703125 328.125 320.66876220703125 310.35626220703125 304.068756103515625 307.28125 309.25 305.26873779296875 290.84375 276.631256103515625 265.725006103515625 256.743743896484375 242.006256103515625 227.899993896484375 215.9875030517578125 206.1875 199.2312469482421875 197.7312469482421875 190.493743896484375 181.7687530517578125 177.431243896484375 175.84375 171.3937530517578125 165.443756103515625 165.212493896484375 160.3125 160.225006103515625 164.0812530517578125 163.318756103515625 159.9812469482421875 158.1875 157.524993896484375 154.350006103515625 156.5812530517578125 157.681243896484375 153.3937530517578125 149.8249969482421875 147.774993896484375 152.3249969482421875 155.318756103515625 153.100006103515625 151.40625
324.67498779296875 307.693756103515625 291.1875 294.681243896484375 298.431243896484375 287.79376220703125 285.274993896484375 287.58123779296875 287.774993896484375 282.100006103515625 275.46875 260.07501220703125 249.087493896484375 238.443756103515625 223.5437469482421875 210.1437530517578125 197.6374969482421875 190.46875 181.1437530517578125 178.881256103515625 175.2624969482421875 167.2375030517578125 161.9499969482421875 164.756256103515625 159.943756103515625 153.9250030517578125 151.8000030517578125 152.9499969482421875 152.46875 152.162506103515625 153.4875030517578125 153.25 154.21875 152.34375 149.3000030517578125 146.1687469482421875 147.0500030517578125 146.475006103515625 142.118743896484375 142.024993896484375 145.256256103515625 144.431243896484375 145.850006103515625 146.493743896484375
305.350006103515625 298.13751220703125 285.818756103515625 259.1875 267.074981689453125 275.96875 272.59375 270.875 273.399993896484375 266.806243896484375 257.38751220703125 244.649993896484375 234.899993896484375 219.4875030517578125 209.0437469482421875 196.899993896484375 182.818756103515625 173.0749969482421875 167.65625 166.850006103515625 162.943756103515625 157.524993896484375 154.8125 151.8125 150.225006103515625 146.3874969482421875 144.787506103515625 145.1062469482421875 143.5812530517578125 143.3312530517578125 144.2375030517578125 147.3562469482421875 145.806243896484375 146.3000030517578125 141.78125 140.3625030517578125 135.34375 135.0625 135.787506103515625 138.274993896484375 136.0625 137.743743896484375 137.2312469482421875 136.21875
290.837493896484375 285.28125 275.58123779296875 262.662506103515625 252.34375 244.03125 248.46875 252.1750030517578125 249.5437469482421875 246.274993896484375 240.649993896484375 224.943756103515625 218.475006103515625 206.368743896484375 193.4562530517578125 184.1125030517578125 174.024993896484375 161.40625 152.1437530517578125 154.631256103515625 150.806243896484375 145.662506103515625 141.899993896484375 142.25 140.46875 139.756256103515625 141.462493896484375 137.806243896484375 134.600006103515625 137.9187469482421875 137.6125030517578125 135.8937530517578125 134.131256103515625 136.2375030517578125 135.7312469482421875 132.306243896484375 127.1687469482421875 125.11249542236328125 127.2937469482421875 130.78125 128.3249969482421875 127.13124847412109375 128.256256103515625 127.0812530517578125
281.42498779296875 271.82501220703125 265.59375 258.631256103515625 252.875 252.9375 241.6875 224.2624969482421875 217.625 216.03125 213.21875 205.9875030517578125 199.475006103515625 188.4875030517578125 180.056243896484375 171.412506103515625 160.9562530517578125 150.618743896484375 142.868743896484375 138.34375 139.881256103515625 138.193756103515625 133.8625030517578125 134 134.875 130.9875030517578125 132.15625 127.83750152587890625 128.2687530517578125 127.77500152587890625 131.118743896484375 129.5124969482421875 128.662506103515625 127.09999847412109375 124.71875 119.73125457763671875 115.72499847412109375 114.21875 113.59375 113.75 113.24375152587890625 114.46250152587890625 115.05625152587890625 113.4812469482421875
271.48748779296875 263.706268310546875 255.899993896484375 253.318756103515625 251 245.46875 237.2375030517578125 227.0812530517578125 213.4812469482421875 199.681243896484375 193.256256103515625 183.9187469482421875 184.4562530517578125 174.649993896484375 166.9499969482421875 159.0187530517578125 152.53125 147.006256103515625 144.524993896484375 134.3937530517578125 130.21875 132.3625030517578125 128.8937530517578125 131.0437469482421875 131.1437530517578125 124.55625152587890625 122.41249847412109375 124.56874847412109375 125.625 123.9187469482421875 127.5187530517578125 122.71250152587890625 116.56874847412109375 112.9250030517578125 111.65000152587890625 111.90000152587890625 110.84999847412109375 110.5124969482421875 107.84375 105.3874969482421875 103.78125 103.8125 104.97499847412109375 102.5437469482421875
258.14373779296875 253.243743896484375 249.0749969482421875 247.125 245.006256103515625 243.1062469482421875 234.6999969482421875 225.193756103515625 214.46875 204.8874969482421875 191.2937469482421875 175.037506103515625 171.537506103515625 164.6437530517578125 158.5 153.162506103515625 144.8125 143.8125 142.2312469482421875 136.7937469482421875 131.8125 125.98125457763671875 120.63124847412109375 122.90000152587890625 122.0625 120.7375030517578125 118.49375152587890625 119.27500152587890625 118.2937469482421875 117.3249969482421875 118.3562469482421875 113.5812530517578125 109.9499969482421875 105.8000030517578125 102.7687530517578125 103.71250152587890625 103.6750030517578125 103.6437530517578125 101.5625 101.75624847412109375 101.93125152587890625 100.1750030517578125 97.11875152587890625 92.53749847412109375
250.25 246.6437530517578125 241.756256103515625 241.7375030517578125 239.0500030517578125 237.3249969482421875 230.837493896484375 216.8000030517578125 202.3312530517578125 193.306243896484375 185.006256103515625 172.681243896484375 158.9812469482421875 154.431243896484375 146.306243896484375 141.131256103515625 137.993743896484375 137.524993896484375 136.193756103515625 137.0625 136.2312469482421875 128.712493896484375 118.44374847412109375 111.24375152587890625 116.0625 121.4499969482421875 119.90000152587890625 117.81874847412109375 112.50624847412109375 111.11875152587890625 110.1374969482421875 108.4875030517578125 105.65625 100.5187530517578125 98.6875 97.96875 97.8312530517578125 95.21875 97.8249969482421875 96.75 94.4187469482421875 92 91.4187469482421875 84.91249847412109375
241.8625030517578125 236.3562469482421875 232.774993896484375 233.6875 232.9187469482421875 231.306243896484375 226.875 213.787506103515625 196.631256103515625 182.0500030517578125 172.193756103515625 165.318756103515625 150.0124969482421875 142.6750030517578125 140.5500030517578125 133.287506103515625 130.337493896484375 130.024993896484375 129.7687530517578125 132.881256103515625 136.725006103515625 131.506256103515625 125.3625030517578125 115.83750152587890625 113.4187469482421875 109.38124847412109375 108.3874969482421875 109 106.3000030517578125 104.0625 100.1999969482421875 98.5500030517578125 97.25624847412109375 94.7375030517578125 94.33750152587890625 94.9812469482421875 93.30625152587890625 93.69374847412109375 90.5812530517578125 89.7937469482421875 87.03749847412109375 86.59999847412109375 82.16249847412109375 74.93125152587890625
226.46875 225.15625 224.4375 222.3625030517578125 219.493743896484375 218.368743896484375 211.681243896484375 198.0187530517578125 183.0437469482421875 173.287506103515625 165.4562530517578125 155.850006103515625 147.90625 131.8937530517578125 125.69374847412109375 124.875 122.28125 123.375 123.84999847412109375 124.7687530517578125 126.31874847412109375 122.5 119.625 112.96875 105.05625152587890625 101.40000152587890625 101.4375 102.4250030517578125 100.55625152587890625 97.2312469482421875 93.19374847412109375 88.7937469482421875 89.3874969482421875 88.06874847412109375 87.4499969482421875 88.8000030517578125 90.5500030517578125 92.94374847412109375 93.80625152587890625 88.8312530517578125 82.74375152587890625 80.06874847412109375 73.15625 68.5124969482421875
213.9250030517578125 212.2624969482421875 212.0812530517578125 209.125 205.0625 200.818756103515625 193.587493896484375 182.5124969482421875 174.28125 162.5687408447265625 154.431243896484375 146.993743896484375 136.6750030517578125 125.3249969482421875 112.09999847412109375 113.71875 110.61875152587890625 112.86875152587890625 112.34375 114.09375 114.46250152587890625 113.59375 111.7312469482421875 107.72499847412109375 100.91249847412109375 96.28125 94.4187469482421875 92.25 90.25624847412109375 87.53125 87.30625152587890625 84.50624847412109375 82.21875 81.03125 81.03125 85.3249969482421875 90.53749847412109375 95.84375 98.50624847412109375 92.6374969482421875 79.0812530517578125 71.6374969482421875 71.18125152587890625 75.88124847412109375
204.9375 200.649993896484375 198.100006103515625 196.34375 190.337493896484375 184.337493896484375 181.443756103515625 171.0625 161.5187530517578125 151.056243896484375 143.087493896484375 134.6437530517578125 127.03749847412109375 118.6999969482421875 102.5500030517578125 100.40625 98.63124847412109375 100.0749969482421875 100.59375 103.125 105.81874847412109375 105.1437530517578125 104.11875152587890625 103.5187530517578125 100.53749847412109375 97.3000030517578125 94.65000152587890625 90.65000152587890625 88.9187469482421875 87.0124969482421875 82.4562530517578125 80.6374969482421875 81.52500152587890625 78.9250030517578125 75.08750152587890625 78.0749969482421875 87.80625152587890625 97.94374847412109375 101.3000030517578125 94.34999847412109375 85.44374847412109375 80.18125152587890625 84.28749847412109375 82.4812469482421875
191.725006103515625 188.0875091552734375 186.287506103515625 182.1125030517578125 177.4562530517578125 174.9187469482421875 166.524993896484375 157.4812469482421875 149.506256103515625 142.568756103515625 133.4875030517578125 126.16249847412109375 119.50624847412109375 111.7312469482421875 99.05625152587890625 84.5 85.3625030517578125 88.58750152587890625 88.83750152587890625 91.9875030517578125 94.1062469482421875 96.40625 97.75 102.25 101.33750152587890625 97.7937469482421875 92.8625030517578125 86.66249847412109375 85.03749847412109375 83.5500030517578125 84.13124847412109375 78.91249847412109375 75.4250030517578125 71.98749542236328125 69.3874969482421875 78.8249969482421875 86.7312469482421875 95.2375030517578125 100.83750152587890625 101.03125 96.52500152587890625 92.27500152587890625 89.65625 84.125
179.412506103515625 176.28125 175.2937469482421875 172.8874969482421875 169.506256103515625 162.34375 156.631256103515625 148.412506103515625 141.225006103515625 134.712493896484375 126.97499847412109375 118.6125030517578125 110.7624969482421875 105.15000152587890625 99.59375 88.8874969482421875 78.4250030517578125 77.28749847412109375 81.84999847412109375 84.3125 86.08750152587890625 89.1999969482421875 94.0124969482421875 101.00624847412109375 103.6062469482421875 93.93125152587890625 85.4812469482421875 80.06874847412109375 80.1875 81.18125152587890625 82.125 81.9562530517578125 77.88124847412109375 74.9187469482421875 79.875 84.9187469482421875 94.55625152587890625 106.6999969482421875 114.4499969482421875 105.44374847412109375 98.08750152587890625 92.1374969482421875 85.58750152587890625 82.4187469482421875
167.818756103515625 167.2687530517578125 164.524993896484375 163.7624969482421875 160.21875 151.71875 145.100006103515625 138.8249969482421875 132.2624969482421875 122.8625030517578125 116.21875 111.5812530517578125 104.8000030517578125 99.5500030517578125 96.40625 90.66249847412109375 81.63124847412109375 70.7937469482421875 76.46250152587890625 78.05625152587890625 79.68125152587890625 82.3249969482421875 89.9375 95.6875 97.02500152587890625 87.66249847412109375 79.0437469482421875 75.6437530517578125 76.5749969482421875 75.875 73.0625 72.15000152587890625 81.34375 83.97499847412109375 82.4375 91.0749969482421875 102.93125152587890625 110.0437469482421875 113.0187530517578125 106.3562469482421875 93.78749847412109375 87.5749969482421875 81.31874847412109375 78.00624847412109375
157.1437530517578125 156.6687469482421875 152.524993896484375 150.475006103515625 149.0500030517578125 142.774993896484375 134.71875 130.0625 125 116.8625030517578125 110.31874847412109375 103.3562469482421875 98.33124542236328125 95.30625152587890625 89.44374847412109375 86.61875152587890625 81.4812469482421875 73.66249847412109375 68.50624847412109375 68.71250152587890625 73.8125 82.3249969482421875 75.75624847412109375 82.40625 84.6687469482421875 82.68125152587890625 77.3625030517578125 72.6999969482421875 73.8000030517578125 74.21875 73.1750030517578125 73.94374847412109375 80.0749969482421875 80.55625152587890625 81.53125 88.28125 93.8000030517578125 97.8312530517578125 101.1750030517578125 94.0812530517578125 87.1374969482421875 80.03125 75.5437469482421875 72.3312530517578125
