data/historical-monthly-weather-data/wc2.1_cruts4.09_10m_prec_1983-03.asc
ncols        45
nrows        45
xllcorner    -63.500000000000
yllcorner    -7.500000000000
cellsize     0.166666666667
NODATA_value -9999
[rows 20 to 39 of 45, columns 0 to 43 of 45]
260.28125 274.35626220703125 287.21875 300.524993896484375 314.475006103515625 327.39373779296875 339.23748779296875 348.743743896484375 354.868743896484375 356.6875 355.75 356.506256103515625 358.149993896484375 361.524993896484375 353.962493896484375 340.087493896484375 327.725006103515625 318.943756103515625 314.36248779296875 309.600006103515625 304.29998779296875 298.806243896484375 292.774993896484375 291.5 291.4375 291.975006103515625 292.756256103515625 293.1875 293.256256103515625 292.14373779296875 286.25 275.48126220703125 256.11248779296875 233.5812530517578125 212.756256103515625 222.693756103515625 238.4375 243.818756103515625 242.8312530517578125 237.5124969482421875 230.568756103515625 226.7312469482421875 222.399993896484375 219.25
248.181243896484375 262.6875 277.306243896484375 291.399993896484375 306.28125 320.96875 334.537506103515625 346.318756103515625 353.162506103515625 352.037506103515625 345.712493896484375 340.818756103515625 337.17498779296875 336.4375 332 324.73748779296875 318.04376220703125 310.75 305.17498779296875 299.524993896484375 291.8125 285.056243896484375 281.73126220703125 279.600006103515625 279.537506103515625 281.787506103515625 286.443756103515625 287.54998779296875 287.76251220703125 286.51873779296875 280.51251220703125 270.70623779296875 254.0187530517578125 237.0625 225.587493896484375 228.9812469482421875 239.15625 243.8874969482421875 242.774993896484375 236.475006103515625 228.6999969482421875 224.493743896484375 220.3249969482421875 217.1062469482421875
239.0625 254.5187530517578125 268.587493896484375 283.243743896484375 297.96875 312.23126220703125 325.943756103515625 341.443756103515625 351.84375 346.318756103515625 335.162506103515625 323.14373779296875 313.912506103515625 312.17498779296875 312.33123779296875 309.91876220703125 305.618743896484375 299.762481689453125 293.956268310546875 288.087493896484375 280.212493896484375 272.131256103515625 266.725006103515625 264.274993896484375 266.13751220703125 270.399993896484375 276.45623779296875 279.76873779296875 280.556243896484375 279.306243896484375 275.58123779296875 270.618743896484375 260.556243896484375 249.4875030517578125 244.5437469482421875 245.368743896484375 248.6999969482421875 248.9312591552734375 244.875 236.943756103515625 227.90625 222.9562530517578125 218.6687469482421875 214.725006103515625
230.5124969482421875 243.25 257.20001220703125 272.087493896484375 286.931243896484375 300.48748779296875 315.318756103515625 330.618743896484375 339.631256103515625 332.76251220703125 320.068756103515625 308.51251220703125 295.79376220703125 295.4375 298.631256103515625 298.9375 297.20001220703125 292.625 285.712493896484375 278.95623779296875 270.068756103515625 260.818756103515625 253.912506103515625 250.993743896484375 251.3687591552734375 255.4187469482421875 262.625 268.89373779296875 272.54376220703125 275.17498779296875 276.34375 275.10626220703125 268.70001220703125 262.256256103515625 259.54376220703125 259.65625 258.86248779296875 252.962493896484375 245.100006103515625 235.7937469482421875 226.4250030517578125 220.693756103515625 216.162506103515625 211.7624969482421875
226.1687469482421875 234.649993896484375 246.09375 260.70001220703125 276.493743896484375 289.71875 301.850006103515625 313.58123779296875 319.15625 316.462493896484375 309.51251220703125 299.46875 292.381256103515625 290.618743896484375 290.82501220703125 291.98126220703125 290.58123779296875 286.63751220703125 280.556243896484375 271.881256103515625 260.600006103515625 249.837493896484375 240.725006103515625 235.181243896484375 236.399993896484375 243.462493896484375 251.0625 260.26873779296875 266.399993896484375 273.85626220703125 278.15625 280.04376220703125 276.79998779296875 272.5 269.256256103515625 264.23748779296875 259.98126220703125 252.399993896484375 243.274993896484375 234.5437469482421875 225.09375 218.8874969482421875 212.975006103515625 209.9812469482421875
225.65625 231.375 239.568756103515625 252.8312530517578125 265.90625 277.34375 287.8125 297.212493896484375 301.318756103515625 300.95001220703125 297.868743896484375 293.4375 289.806243896484375 287.70623779296875 287.15625 288.125 286.1875 282.92498779296875 277.54376220703125 267.087493896484375 255.537506103515625 241.381256103515625 228.318756103515625 219.462493896484375 222.787506103515625 232.84375 244.375 253.8937530517578125 262.524993896484375 272.83123779296875 280.774993896484375 286.54376220703125 285.3125 280.125 274.61248779296875 266.60626220703125 259.162506103515625 250.2937469482421875 241.59375 232.4312591552734375 223.368743896484375 216.5625 208.9250030517578125 205.287506103515625
231.3625030517578125 232.774993896484375 239.6999969482421875 248.8625030517578125 258.3125 267.60626220703125 275.53125 282.60626220703125 286.45623779296875 288.75 289.375 287.95001220703125 286.693756103515625 286.3125 286.70623779296875 287.193756103515625 287.399993896484375 283.23748779296875 277.01251220703125 268.26251220703125 254.7312469482421875 239.5124969482421875 222.506256103515625 211.8874969482421875 218.8125 228.943756103515625 241.318756103515625 250.9187469482421875 260.337493896484375 271.63751220703125 281.83123779296875 290.92498779296875 290.98748779296875 283.318756103515625 275.181243896484375 266.01251220703125 257.54376220703125 247.7624969482421875 239.4250030517578125 231.03125 221.350006103515625 214.4250030517578125 206.625 202.1999969482421875
238.5812530517578125 237.162506103515625 241.318756103515625 247.15625 252.2062530517578125 258.79376220703125 266.306243896484375 271.88751220703125 275.787506103515625 279.175018310546875 280.806243896484375 281.48126220703125 282.71875 284.3125 285.67498779296875 286.787506103515625 288.15625 286.524993896484375 281.181243896484375 273.20001220703125 260.475006103515625 245.3249969482421875 233.125 224.256256103515625 225.943756103515625 232.787506103515625 242.8562469482421875 252.287506103515625 260.868743896484375 270.837493896484375 280.82501220703125 289.087493896484375 288.287506103515625 280.48126220703125 272.20623779296875 263.068756103515625 253.006256103515625 244.006256103515625 236.774993896484375 229.943756103515625 222.8874969482421875 215.837493896484375 206.5124969482421875 202.2687530517578125
245.34375 241.8937530517578125 243.21875 245.087493896484375 248.600006103515625 252.962493896484375 257.25 261.743743896484375 266.20001220703125 269.76251220703125 273.29998779296875 275.88751220703125 278.60626220703125 282.181243896484375 285.662506103515625 289.08123779296875 292.98126220703125 292.381256103515625 288.96875 282.53125 270.71875 257.16876220703125 247.09375 238.0437469482421875 237.1062469482421875 239.5625 246.837493896484375 254.837493896484375 262.350006103515625 271.29998779296875 279.006256103515625 285.356231689453125 283.39373779296875 276.493743896484375 268.71875 259.381256103515625 248.649993896484375 239.5124969482421875 232.868743896484375 226.1750030517578125 221.9812469482421875 215.71875 207.5 208.962493896484375
255.0124969482421875 249.46875 247.78125 246.8249969482421875 247.368743896484375 248.6999969482421875 251.4812469482421875 254.5500030517578125 258.693756103515625 262.024993896484375 265.86248779296875 270.681243896484375 276.01873779296875 281.26873779296875 286.100006103515625 290.975006103515625 295.92498779296875 300.38751220703125 299.193756103515625 291.037506103515625 279.399993896484375 267.76873779296875 258.225006103515625 250.3249969482421875 247.037506103515625 247.899993896484375 253.4375 259.28125 264.78125 271.193756103515625 277.26251220703125 280.931243896484375 277.79376220703125 272.67498779296875 265.71875 255.4875030517578125 244.375 235.243743896484375 226.131256103515625 219.0749969482421875 215.087493896484375 214.962493896484375 212.993743896484375 218.2937469482421875
263.056243896484375 255.3937530517578125 251.131256103515625 248.46875 246.8625030517578125 245.6750030517578125 247.3000030517578125 248.6875 251.881256103515625 255.1125030517578125 259.20001220703125 264.743743896484375 271.65625 277.73748779296875 284.256256103515625 291.29376220703125 299.66876220703125 305.42498779296875 308.16876220703125 299.95623779296875 288.399993896484375 276.481231689453125 268.181243896484375 260.350006103515625 255.6750030517578125 256.36248779296875 259.45001220703125 262.943756103515625 267.475006103515625 271.65625 275.71875 278.649993896484375 274.975006103515625 269.71875 263.056243896484375 251.5749969482421875 240.1999969482421875 230.943756103515625 220.7062530517578125 209.287506103515625 206.524993896484375 212.681243896484375 217.5749969482421875 224.3625030517578125
269.631256103515625 260.36248779296875 253.931243896484375 249.0437469482421875 245.6875 243 243.131256103515625 242.5437469482421875 244.8562469482421875 247.75 251.6374969482421875 257.83123779296875 264.98126220703125 273.350006103515625 281.931243896484375 290.943756103515625 298.006256103515625 303.51873779296875 306.368743896484375 302.54376220703125 291.96875 282.66876220703125 274.03125 266.412506103515625 263.587493896484375 262.53125 263.5625 266.79376220703125 269.006256103515625 272.20001220703125 275.212493896484375 276.84375 271.95001220703125 266.46875 259.850006103515625 248.350006103515625 237.75 227.5124969482421875 215.6374969482421875 206.5749969482421875 206.131256103515625 215.337493896484375 223.556243896484375 234.5124969482421875
278.04998779296875 268.774993896484375 260.76251220703125 254.1062469482421875 248.193756103515625 244.743743896484375 242.0187530517578125 239.256256103515625 239.3499908447265625 241.625 246.7375030517578125 252.4187469482421875 260.431243896484375 270.95001220703125 279.5625 287.82501220703125 294.037506103515625 299.26873779296875 300.66876220703125 298.35626220703125 291.23126220703125 283.087493896484375 274.76251220703125 269.32501220703125 266.25 264.618743896484375 265.018768310546875 267.29376220703125 270.087493896484375 272.60626220703125 275.26251220703125 276.743743896484375 272.28125 266.60626220703125 259.175018310546875 249.443756103515625 239.149993896484375 228.4499969482421875 218.4562530517578125 214.850006103515625 214.9375 223.5500030517578125 233.462493896484375 245.1999969482421875
286.36248779296875 276.92498779296875 268.881256103515625 260.837493896484375 253.2937469482421875 247.0812530517578125 241.5625 236.7624969482421875 234.881256103515625 235.4875030517578125 239.318756103515625 247.2312469482421875 256.15625 265.25 273.45001220703125 282.493743896484375 290.1875 294.21875 294.09375 292.23748779296875 287.443756103515625 280.399993896484375 274.01251220703125 268.53125 265.912506103515625 263.79998779296875 264.818756103515625 266.46875 270.306243896484375 272.524993896484375 274.51873779296875 277.11248779296875 273.20623779296875 267.13751220703125 260.88751220703125 251.40625 240.9562530517578125 230.25 224.8625030517578125 222.9499969482421875 222.587493896484375 230.712493896484375 242.1125030517578125 254.4187469482421875
294.71875 285.975006103515625 277.287506103515625 267.71875 257.399993896484375 249.631256103515625 241.4562530517578125 235.1750030517578125 230.443756103515625 228.6374969482421875 232.2687530517578125 241.7062530517578125 252.193756103515625 261.412506103515625 270.40625 277.8125 285.024993896484375 288.04998779296875 287.712493896484375 285.76873779296875 282.225006103515625 275.73748779296875 269.8125 265.01873779296875 263.35626220703125 262.29376220703125 262.875 265.475006103515625 268.34375 271.693756103515625 275.337493896484375 278.375 274.181243896484375 268.681243896484375 261.899993896484375 252.118743896484375 242.162506103515625 235.056243896484375 231.881256103515625 230.28125 230.3562469482421875 236.725006103515625 246.8312530517578125 258.48748779296875
304.193756103515625 295.412506103515625 286.162506103515625 276.318756103515625 265.98748779296875 256.443756103515625 247.462493896484375 238.1999969482421875 230.568756103515625 227.318756103515625 229.943756103515625 239.3125 250.8249969482421875 260.318756103515625 266.89373779296875 272.524993896484375 276.556243896484375 278.36248779296875 278.66876220703125 277.5625 273.83123779296875 267.649993896484375 261.64373779296875 258.625 257.475006103515625 256.943756103515625 258.32501220703125 261.92498779296875 265.78125 270.556243896484375 276.57501220703125 280.96875 276.45623779296875 271.96875 265.71875 256.899993896484375 250.100006103515625 244.1750030517578125 240.568756103515625 239.899993896484375 240.84375 245.96875 253.125 263.537506103515625
312.53125 304.91876220703125 296.0625 285.98748779296875 276.162506103515625 266.181243896484375 255.368743896484375 244.5124969482421875 233.6125030517578125 225.412506103515625 229.4875030517578125 242.693756103515625 253.2937469482421875 259.631256103515625 264.16876220703125 266.243743896484375 266.98126220703125 267.70623779296875 268.13751220703125 265.54376220703125 262.462493896484375 257.037506103515625 252.0187530517578125 249.181243896484375 248.6875 249.40625 252.068756103515625 257.412506103515625 262.25 269.456268310546875 277.21875 283.33123779296875 280.57501220703125 276.681243896484375 270.681243896484375 264.23748779296875 258.96875 254.46875 251.556243896484375 249.3937530517578125 249.162506103515625 253.0124969482421875 258.89373779296875 266.981231689453125
321.587493896484375 315.17498779296875 306.068756103515625 296.66876220703125 288 277.943756103515625 266.70623779296875 254.40625 243.5187530517578125 232.2937469482421875 242.0749969482421875 254.381256103515625 259.287506103515625 261.774993896484375 261.64373779296875 260.5 257.193756103515625 256.4375 255.2375030517578125 251.618743896484375 247.6875 243.412506103515625 240.625 238.7687530517578125 239.4250030517578125 241.712493896484375 245.5187530517578125 252.5187530517578125 259.28125 268.26873779296875 277.225006103515625 284.95623779296875 283.375 280.725006103515625 275.25 271.412506103515625 267.5 262.79376220703125 261.149993896484375 259.79376220703125 257.59375 260.712493896484375 263.762481689453125 267.01251220703125
330.381256103515625 323.625 316.07501220703125 308.20623779296875 300.67498779296875 290.61248779296875 281.67498779296875 271.837493896484375 265.287506103515625 266.14373779296875 276.774993896484375 275.3125 271.07501220703125 267.681243896484375 263.32501220703125 257.64373779296875 250.625 247.0187530517578125 242.96875 237.5124969482421875 232.9250030517578125 229.59375 227.806243896484375 227.9375 230.1937408447265625 234.2312469482421875 240.131256103515625 247.8937530517578125 256.399993896484375 266.818756103515625 278.04376220703125 286.337493896484375 285.95623779296875 285.399993896484375 284.681243896484375 280.59375 276.399993896484375 273.3125 270.28125 267.29998779296875 264.76251220703125 267.568756103515625 269.193756103515625 271.881256103515625
339.90625 332.837493896484375 326.57501220703125 319.5625 314.012481689453125 307.318756103515625 299.09375 293.875 289.76251220703125 289.32501220703125 291.39373779296875 288.881256103515625 282.57501220703125 274.61248779296875 266.368743896484375 255.96875 245.1062469482421875 238.475006103515625 231.181243896484375 224.3000030517578125 219.375 216.462493896484375 214.5 215.9250030517578125 220.4812469482421875 226.256256103515625 233.4499969482421875 243.149993896484375 253.056243896484375 264.350006103515625 275.75 287.899993896484375 292.0625 292.875 293.743743896484375 290.95001220703125 286.15625 282.59375 280.08123779296875 274.931243896484375 270.95001220703125 272.89373779296875 273.868743896484375 275.15625
