data/historical-monthly-weather-data/wc2.1_cruts4.09_10m_prec_1984-09.asc
ncols        45
nrows        45
xllcorner    -63.500000000000
yllcorner    -7.500000000000
cellsize     0.166666666667
NODATA_value -9999
[rows 0 to 18 of 45, columns 0 to 43 of 45]
281.243743896484375 282.86248779296875 284.48126220703125 290.85626220703125 293.04376220703125 292.100006103515625 283.64373779296875 272.274993896484375 263.962493896484375 256.64373779296875 252.649993896484375 248.7687530517578125 244.5187530517578125 236.850006103515625 228.34375 218.0437469482421875 210.1062469482421875 198.6750030517578125 189.287506103515625 179.25 173.8937530517578125 166.5500030517578125 160.71875 154.8562469482421875 148.4499969482421875 144.3249969482421875 139.9499969482421875 135.3562469482421875 130.2624969482421875 132.7687530517578125 135.125 138.806243896484375 144.21875 147.09375 150.931243896484375 153.78125 158.2687530517578125 162.131256103515625 162.5500030517578125 163.0812530517578125 163.912506103515625 163.625 161.4187469482421875 159.6687469482421875
269.07501220703125 269.0625 275.61248779296875 286.91876220703125 299.1875 292.48126220703125 281.57501220703125 276.08123779296875 268.706268310546875 261.431243896484375 256.92498779296875 251.568756103515625 246.2624969482421875 237.0124969482421875 227.818756103515625 219.25 209 197.0749969482421875 185.375 174.5437469482421875 168.0812530517578125 163.568756103515625 157.993743896484375 154.381256103515625 148.375 144.8125 141.9875030517578125 138.524993896484375 133.1437530517578125 135.631256103515625 138.774993896484375 143.75 147.8312530517578125 152.6437530517578125 156.850006103515625 159.212493896484375 162.9187469482421875 166.7937469482421875 166.3625030517578125 166.256256103515625 166.881256103515625 166.90625 166.3125 163.2375030517578125
249.1999969482421875 252.2624969482421875 259.28125 271.493743896484375 282.631256103515625 282.26251220703125 276.01873779296875 271.33123779296875 266.86248779296875 261.693756103515625 257.76251220703125 251.875 246.2375030517578125 236.568756103515625 225.868743896484375 217.693756103515625 207.1437530517578125 196.493743896484375 185.899993896484375 176.65625 171.5749969482421875 167.399993896484375 163.8937530517578125 161.375 156.568756103515625 152.537506103515625 151.8562469482421875 147.556243896484375 142.7312469482421875 145.1374969482421875 147.943756103515625 153 159.4875030517578125 164.787506103515625 169.5749969482421875 171.0500030517578125 174.3125 178.462493896484375 178.8312530517578125 179.524993896484375 180.662506103515625 179.256256103515625 179.037506103515625 176.2624969482421875
225.2624969482421875 229.0500030517578125 243.1062469482421875 251.806243896484375 260.850006103515625 263.818756103515625 264.368743896484375 267.0625 266.07501220703125 263.693756103515625 259.193756103515625 252.8874969482421875 243.587493896484375 235.3625030517578125 224.631256103515625 215.287506103515625 205.899993896484375 196.868743896484375 189.75 183.118743896484375 179.256256103515625 174.3000030517578125 170.287506103515625 168.5500030517578125 163.875 161.1125030517578125 159.256256103515625 153.3125 149.8249969482421875 153.6437530517578125 158.2624969482421875 162.3125 167.9562530517578125 173.693756103515625 178.1437530517578125 183.368743896484375 188.2687530517578125 192.15625 193.8125 193.5625 193.5500030517578125 191.475006103515625 190.1437530517578125 187.9812469482421875
225.2062530517578125 221.8937530517578125 222.53125 229.712493896484375 242.3937530517578125 249.118743896484375 252.7937469482421875 258.92498779296875 262.66876220703125 262.26873779296875 258.76251220703125 249.5124969482421875 241.9812469482421875 236.181243896484375 225.6687469482421875 215.5437469482421875 205.5437469482421875 197.8562469482421875 192.1062469482421875 185.96875 185.1062469482421875 179.0749969482421875 176.78125 175.5124969482421875 171.5437469482421875 168.8874969482421875 164.3000030517578125 160.1062469482421875 156.524993896484375 159.5749969482421875 165.1062469482421875 168.5 173.5 180.600006103515625 187.3312530517578125 191.412506103515625 196.2624969482421875 202.2437591552734375 205.100006103515625 205.725006103515625 205.6374969482421875 202.212493896484375 198.90625 197.6062469482421875
224.15625 219.2562408447265625 215.71875 211.3625030517578125 223.587493896484375 238.725006103515625 246.712493896484375 251.8937530517578125 255.9375 258.82501220703125 255.3125 246.318756103515625 239.7312469482421875 234.9250030517578125 224.6062469482421875 216.725006103515625 208.056243896484375 201.287506103515625 196.8937530517578125 193.40625 190.3874969482421875 186.037506103515625 183.149993896484375 180.162506103515625 177.6999969482421875 174.068756103515625 169.0437469482421875 165.4875030517578125 161.28125 163.3125 168.0500030517578125 175.350006103515625 179.868743896484375 185.475006103515625 190.5437469482421875 196.53125 201.2937469482421875 208.850006103515625 213.774993896484375 214.5875091552734375 209.1374969482421875 205.962493896484375 203.181243896484375 203.274993896484375
226.318756103515625 221.600006103515625 217.2937469482421875 212.537506103515625 216.625 224.212493896484375 234.8625030517578125 243.443756103515625 245.818756103515625 246.3937530517578125 246.46875 240.962493896484375 236.693756103515625 231.8874969482421875 224.09375 217.5749969482421875 211.0124969482421875 207.9499969482421875 204.2937469482421875 200.4499969482421875 196.46875 192.3562469482421875 187.25 183.850006103515625 182.212493896484375 179.493743896484375 174.6437530517578125 170.6125030517578125 165.125 166.087493896484375 170.84375 175.774993896484375 180.868743896484375 187.056243896484375 192.3874969482421875 195.7062530517578125 200.662506103515625 210.600006103515625 219.8625030517578125 216.631256103515625 210.350006103515625 205.3874969482421875 203.125 204.818756103515625
229.3312530517578125 223.912506103515625 219.6999969482421875 219.056243896484375 222.568756103515625 230.5812530517578125 234.037506103515625 232.068756103515625 229.662506103515625 232.131256103515625 236.8625030517578125 234.725006103515625 232.3312530517578125 228.2312469482421875 224.2312469482421875 217.2937469482421875 212.4187469482421875 212.53125 211.337493896484375 205.4375 202.431243896484375 197.5500030517578125 192.431243896484375 187.681243896484375 185.131256103515625 182.350006103515625 176.524993896484375 171.006256103515625 166.837493896484375 167.399993896484375 171.381256103515625 175.274993896484375 179.4187469482421875 185.681243896484375 188.4875030517578125 190.6062469482421875 194.375 201.1125030517578125 205.4250030517578125 204.068756103515625 198.6374969482421875 194.1125030517578125 192.912506103515625 193.53125
233.743743896484375 229.6875 227.4875030517578125 226.806243896484375 229.5437469482421875 234.693756103515625 237.712493896484375 235.662506103515625 229.1687469482421875 224.9187469482421875 229.024993896484375 227.600006103515625 228.21875 224.274993896484375 221.9375 217.8937530517578125 214.8625030517578125 215.493743896484375 216.118743896484375 210.2624969482421875 204.912506103515625 201.5625 193.600006103515625 191.09375 186.5437469482421875 181.7062530517578125 175.850006103515625 171.537506103515625 168.7312469482421875 167.7375030517578125 171.431243896484375 170.100006103515625 169.75 170.5 172.3874969482421875 176.25 179.899993896484375 182.943756103515625 183.6374969482421875 182.1687469482421875 177.868743896484375 173.7937469482421875 173.2312469482421875 174.2624969482421875
235.537506103515625 232.6750030517578125 231.649993896484375 231.5 235.556243896484375 240.537506103515625 243.0437469482421875 239.9499969482421875 234.837493896484375 231.46875 230.4812469482421875 225.65625 223.9875030517578125 222.087493896484375 219.537506103515625 218.9812469482421875 215.96875 216.462493896484375 217.03125 214.662506103515625 210.0625 203.649993896484375 194.84375 190.337493896484375 183.625 178.7312469482421875 173.7062530517578125 169.587493896484375 166.868743896484375 166.4250030517578125 164.850006103515625 161.256256103515625 158.7624969482421875 159.068756103515625 159.475006103515625 160.975006103515625 163.53125 164.600006103515625 162.462493896484375 160.381256103515625 156.649993896484375 154.2312469482421875 149.6437530517578125 149.693756103515625
240.3937530517578125 237.649993896484375 237.087493896484375 236.8874969482421875 240.0437469482421875 246.7687530517578125 249.3874969482421875 242.9562530517578125 236.118743896484375 232.7375030517578125 231.7062530517578125 227.837493896484375 222.3000030517578125 217.78125 215.625 215.368743896484375 212.9250030517578125 213.7624969482421875 214.600006103515625 214.774993896484375 214.868743896484375 208.96875 198.837493896484375 185.4562530517578125 180.631256103515625 180.5625 175.9875030517578125 169.4875030517578125 164 161.4562530517578125 158.625 153.5437469482421875 149.943756103515625 147.556243896484375 146.1687469482421875 145.75 146.1750030517578125 145.5500030517578125 144.493743896484375 140.3562469482421875 135.0124969482421875 131.7937469482421875 130.506256103515625 127.5
241.225006103515625 238.837493896484375 238.6999969482421875 240.5 243.3937530517578125 248.8125 252.4499969482421875 246.2312469482421875 236.931243896484375 230.71875 229.056243896484375 226.8687591552734375 218.975006103515625 212.475006103515625 212.787506103515625 211.087493896484375 209.3562469482421875 208.149993896484375 209.3125 213.5437469482421875 217.837493896484375 212.6437530517578125 201.28125 185.53125 178.1062469482421875 174.868743896484375 169.024993896484375 162.8312530517578125 155.993743896484375 152.399993896484375 147.818756103515625 142.09375 137.78125 135.8125 135.287506103515625 133.8000030517578125 132.381256103515625 130.84375 125.9250030517578125 119.68125152587890625 113.58750152587890625 109.74375152587890625 108.66249847412109375 105.6875
239.975006103515625 237.84375 237.193756103515625 237.15625 238.537506103515625 242.350006103515625 243.1437530517578125 237.96875 231.9250030517578125 226.681243896484375 222.868743896484375 221.943756103515625 216.9250030517578125 206.587493896484375 203.600006103515625 203.524993896484375 201.6062469482421875 201.462493896484375 203.368743896484375 207.181243896484375 213.6062469482421875 211.712493896484375 201.21875 186.868743896484375 173.5625 167.818756103515625 163.381256103515625 157.8937530517578125 151.5437469482421875 145.5250091552734375 137.8312530517578125 130.681243896484375 126.63124847412109375 122.65000152587890625 121.0187530517578125 120.6687469482421875 121.6125030517578125 121.03749847412109375 117.71875 107.38124847412109375 97.2937469482421875 95.1687469482421875 92.72499847412109375 82.8312530517578125
236.9375 234.3000030517578125 231.9187469482421875 230.975006103515625 232.0812530517578125 232.337493896484375 231.1999969482421875 228.681243896484375 223.274993896484375 219.34375 213.9187469482421875 210.03125 206.5187530517578125 199.287506103515625 192.2624969482421875 192.7624969482421875 191.3000030517578125 190.6999969482421875 191.1125030517578125 194.9499969482421875 201.0250091552734375 199.881256103515625 194.5749969482421875 186.6437530517578125 175.881256103515625 167.4499969482421875 160.662506103515625 153.193756103515625 145.0187530517578125 137.8874969482421875 131.34375 122.38124847412109375 116.53749847412109375 111.9187469482421875 110.1687469482421875 112.16249847412109375 115.75624847412109375 119.5437469482421875 118.125 110.1062469482421875 92.78749847412109375 83.21250152587890625 81.0500030517578125 78.3000030517578125
233.03125 228.756256103515625 225.524993896484375 224.149993896484375 224.6125030517578125 220.8562469482421875 220.7375030517578125 217.4562530517578125 212.3562469482421875 209.8937530517578125 203.3249969482421875 199.006256103515625 194.506256103515625 188.0187530517578125 179.2937469482421875 176.287506103515625 175.8625030517578125 176.9562530517578125 176.375 180.0187530517578125 187.0437469482421875 190.2687530517578125 190.131256103515625 187.318756103515625 182.899993896484375 175.600006103515625 165.4499969482421875 153.3312530517578125 142.037506103515625 133.975006103515625 123.0500030517578125 113.59999847412109375 108.77500152587890625 103.56874847412109375 99.19374847412109375 104.0437469482421875 114.3874969482421875 126.66875457763671875 131.71875 122.9250030517578125 108.4812469482421875 96.0812530517578125 90.49375152587890625 84.4187469482421875
226.8874969482421875 221.712493896484375 219.243743896484375 216.9875030517578125 214.631256103515625 212.8312530517578125 210.6437530517578125 206.712493896484375 203.2062530517578125 200.993743896484375 194.40625 188.5812530517578125 183.118743896484375 177.2375030517578125 168.993743896484375 161.375 160.2062530517578125 163.149993896484375 163.149993896484375 167.2937469482421875 173.912506103515625 181.8812408447265625 188.7937469482421875 191.662506103515625 189.975006103515625 181.431243896484375 167.9187469482421875 155 143.1312408447265625 132.0374908447265625 122.8562469482421875 111.0749969482421875 103.7375030517578125 99.30625152587890625 93.2375030517578125 102.61875152587890625 119.0500030517578125 133.181243896484375 144.78125 141.125 131.78125 114.7937469482421875 100.00624847412109375 88.03749847412109375
218.0124969482421875 213.7624969482421875 212.1999969482421875 210.068756103515625 207.006256103515625 205.28125 202.5437469482421875 199.4499969482421875 195.850006103515625 192.037506103515625 186.837493896484375 180.5749969482421875 173.2624969482421875 166.5500030517578125 161.1062469482421875 154.7624969482421875 147.587493896484375 148.96875 151.8249969482421875 155.3625030517578125 162.1875 172.524993896484375 185.65625 195.131256103515625 197.118743896484375 185.0124969482421875 170.09375 156.506256103515625 144.46875 133.631256103515625 125.81874847412109375 118.25 109.3937530517578125 103.15625 105.0437469482421875 112.43125152587890625 125.90000152587890625 148.868743896484375 171.2687530517578125 159.5625 141.2937469482421875 121.6999969482421875 102.50624847412109375 91.0437469482421875
210.181243896484375 206.75 203.7375030517578125 201.9562530517578125 200.9499969482421875 199.681243896484375 196.4250030517578125 192.625 189.8874969482421875 184.818756103515625 179.118743896484375 172.693756103515625 165.0500030517578125 158.1374969482421875 152.4875030517578125 147.4499969482421875 141.2375030517578125 135.6875 140.2312469482421875 142.662506103515625 150.975006103515625 160.5187530517578125 174.96875 187.1875 192.2624969482421875 182.5749969482421875 170.3874969482421875 157.3249969482421875 144.056243896484375 131.225006103515625 121.9375 114.4187469482421875 117.86875152587890625 121.6999969482421875 119.2375030517578125 118.90000152587890625 135.818756103515625 155.9375 166.3375091552734375 158.46875 136.149993896484375 117.06874847412109375 100.84375 92.80625152587890625
202.068756103515625 198.0437469482421875 195.1187591552734375 194.662506103515625 193.5625 192.9562530517578125 190.212493896484375 188.5124969482421875 184.962493896484375 179.743743896484375 173.431243896484375 165.806243896484375 157.3562469482421875 150.5812530517578125 144.100006103515625 140.774993896484375 136.34375 129.6687469482421875 128.4375 130.5812530517578125 141.818756103515625 159.649993896484375 161.6687469482421875 172.1750030517578125 179.9250030517578125 180.493743896484375 171.9812469482421875 158.59375 148.6750030517578125 133.875 121.90000152587890625 122.50624847412109375 135.84375 140.5437469482421875 140.993743896484375 141.0749969482421875 146.6437530517578125 152.4562530517578125 153.6687469482421875 143.743743896484375 126.125 110.58750152587890625 98.2375030517578125 91.96250152587890625
