data/historical-monthly-weather-data/wc2.1_cruts4.09_10m_prec_2011-09.asc
ncols        51
nrows        45
xllcorner    -63.500000000000
yllcorner    -7.500000000000
cellsize     0.166666666667
NODATA_value -9999
[rows 0 to 18 of 45, columns 0 to 42 of 51]
171.1374969482421875 168.056243896484375 166.0124969482421875 166.868743896484375 165.287506103515625 161.90625 154.4749908447265625 145.75 139.600006103515625 134.2062530517578125 130.8625030517578125 129.443756103515625 128.1374969482421875 125.38124847412109375 124.1437530517578125 122.1999969482421875 121.5187530517578125 118.8874969482421875 117.375 114.8000030517578125 112.33750152587890625 108.0749969482421875 104.83750152587890625 101.59999847412109375 98.0124969482421875 96.1437530517578125 95.6875 95.31874847412109375 93.40625 90.5500030517578125 86.7312469482421875 83.94374847412109375 82.59999847412109375 79.8125 77.84999847412109375 76.90000152587890625 76.9499969482421875 76.91249847412109375 76.74375152587890625 76.86875152587890625 77.25624847412109375 77.88124847412109375 77.6999969482421875
164.1875 161.006256103515625 162.443756103515625 166.6750030517578125 171.243743896484375 164.46875 155.3937530517578125 149.625 143.4375 137.4812469482421875 133.3874969482421875 130.84375 128.65625 124.7312469482421875 122.8249969482421875 121.5749969482421875 119.5500030517578125 118.00624847412109375 116.66249847412109375 114.91249847412109375 111.6437530517578125 108.96250152587890625 105.46250152587890625 102.53749847412109375 97.93125152587890625 95.30625152587890625 95.0124969482421875 94.5812530517578125 91.74375152587890625 88.2937469482421875 84.3874969482421875 81.83124542236328125 79.5625 77.86875152587890625 76.0625 75.0749969482421875 74.99375152587890625 75.1687469482421875 74.90000152587890625 75 75.53749847412109375 76.34375 76.90625
152.8000030517578125 152.125 154.0374908447265625 158.9187469482421875 162.8937530517578125 159.725006103515625 153.2062530517578125 147.78125 143.024993896484375 138 134.024993896484375 131.037506103515625 128.4812469482421875 124.1687469482421875 121.38124847412109375 120.21875 117.78125 115.9875030517578125 114.15625 112.27500152587890625 108.8125 105.27500152587890625 102.0812530517578125 99.02500152587890625 94.5749969482421875 91.0437469482421875 91.78125 90.69374847412109375 88.2312469482421875 84.5124969482421875 80.2624969482421875 77.5187530517578125 76.40625 74.75 73.15625 71.9812469482421875 71.86875152587890625 72.30625152587890625 72.6374969482421875 73.34999847412109375 74.34999847412109375 74.8562469482421875 75.96250152587890625
138.8937530517578125 139.1999969482421875 145.524993896484375 148.40625 151.243743896484375 150.0625 147.4187469482421875 146.006256103515625 143.0187530517578125 139.375 134.96875 131.587493896484375 126.96875 123.28749847412109375 120.40625 118.55625152587890625 116.5 114.21250152587890625 112.8937530517578125 111.13124847412109375 107.13124847412109375 101.97499847412109375 97.46875 94.15000152587890625 89.30625152587890625 86.06874847412109375 85.9562530517578125 83.97499847412109375 82.38124847412109375 79.4375 76.09375 72.81874847412109375 71.1875 69.68125152587890625 67.91249847412109375 68.4187469482421875 69.0437469482421875 69.5 70.52500152587890625 71.1374969482421875 71.9187469482421875 72.55625152587890625 73.6125030517578125
139.65625 135.96875 134.287506103515625 136.375 141.4562530517578125 142.5 141.6125030517578125 142.056243896484375 141.587493896484375 138.881256103515625 134.8874969482421875 129.837493896484375 126.00624847412109375 123.43125152587890625 120.58750152587890625 118.1750030517578125 115.4875030517578125 112.5812530517578125 110.4562530517578125 107.5 104.1062469482421875 97.3562469482421875 92.9250030517578125 89.2624969482421875 84.3874969482421875 80.88124847412109375 79.3312530517578125 78.375 76.83750152587890625 73.61875152587890625 70.8000030517578125 67.33124542236328125 65.5 64.5625 63.662502288818359375 63.862499237060546875 64.5812530517578125 65.84375 67.43125152587890625 68.5437469482421875 69.5437469482421875 70.0500030517578125 70.69374847412109375
140.056243896484375 135.6437530517578125 131.475006103515625 126.73749542236328125 131.71875 137.493743896484375 138.71875 138.34375 137.9499969482421875 136.9812469482421875 132.943756103515625 128.068756103515625 124.74375152587890625 122.6374969482421875 119.3249969482421875 117.53749847412109375 114.83750152587890625 110.8874969482421875 107.8625030517578125 104.9187469482421875 99.59375 93.38124847412109375 88.2312469482421875 83.58750152587890625 79.46250152587890625 75.4812469482421875 73.80625152587890625 73.2062530517578125 71.5124969482421875 68.28125 65.56874847412109375 64.05625152587890625 62.31874847412109375 61.068752288818359375 59.93125152587890625 60.931247711181640625 61.862499237060546875 63.793750762939453125 66.1125030517578125 67.41249847412109375 66.80625152587890625 67.375 68.1374969482421875
142.568756103515625 138.4562530517578125 133.806243896484375 128.787506103515625 128.943756103515625 130.068756103515625 132.5500030517578125 133.7687530517578125 132.443756103515625 130.2687530517578125 128.1437530517578125 125.11875152587890625 123.0437469482421875 120.90000152587890625 118.30625152587890625 116.5500030517578125 114.2062530517578125 110.65000152587890625 106.34999847412109375 101.71875 95.3562469482421875 89.00624847412109375 82.625 77.80625152587890625 74.0749969482421875 70.5500030517578125 69.05625152587890625 68.28749847412109375 66.25 63.09999847412109375 60.918750762939453125 58.97499847412109375 57.856250762939453125 57.15000152587890625 56.424999237060546875 56.856250762939453125 58.049999237060546875 60.856250762939453125 64.49375152587890625 64.6875 64 63.950000762939453125 64.74375152587890625
145.6437530517578125 141.274993896484375 136.649993896484375 134.087493896484375 133.7937469482421875 134.756256103515625 132.6875 127.71250152587890625 123.84375 122.75624847412109375 123.1437530517578125 121.91249847412109375 120.86875152587890625 119 117.6437530517578125 114.8000030517578125 112.43125152587890625 109.0749969482421875 104.5187530517578125 97.6750030517578125 91.3312530517578125 84.40625 77.91249847412109375 72.6374969482421875 68.59375 65.15000152587890625 63.41249847412109375 62.1875 60.84375 58.125 56.19374847412109375 54.4375 53.36875152587890625 53.049999237060546875 51.96250152587890625 52.299999237060546875 53.38124847412109375 55.40625 57.625 58.387500762939453125 57.987499237060546875 57.93125152587890625 58.875
149.6125030517578125 146.056243896484375 142.568756103515625 139.875 138.9812469482421875 138.1750030517578125 135.806243896484375 130.75 124.6062469482421875 119.9875030517578125 120.1374969482421875 119.30625152587890625 119.84999847412109375 117.875 115.80625152587890625 112.71250152587890625 109.7375030517578125 106.03125 101.9499969482421875 94.8312530517578125 87.21875 80.7624969482421875 73.1062469482421875 68.8625030517578125 64.3249969482421875 60.393749237060546875 58.77500152587890625 58.08750152587890625 57.4375 54.96250152587890625 53.69374847412109375 51.012500762939453125 49.09999847412109375 47.606250762939453125 46.71250152587890625 47.68125152587890625 48.83750152587890625 49.9375 51.081249237060546875 51.71875 51.518749237060546875 51.362499237060546875 52.21250152587890625
151.9562530517578125 149.118743896484375 146.2687530517578125 143.7624969482421875 143.5625 142.681243896484375 140.006256103515625 134.3562469482421875 128.899993896484375 124.71875 122.1687469482421875 119.5625 118.9562530517578125 117.8249969482421875 113.9250030517578125 110.74375152587890625 106.1374969482421875 101.94374847412109375 97.65000152587890625 91.96250152587890625 84.4875030517578125 76.65000152587890625 68.7937469482421875 64.05625152587890625 59.0625 55.38124847412109375 54.200000762939453125 53.674999237060546875 53.24375152587890625 51.71250152587890625 49.61875152587890625 47.05625152587890625 44.96250152587890625 43.75 42.77500152587890625 43.25 44.21250152587890625 44.84375 45.106250762939453125 45.450000762939453125 45.268749237060546875 45.375 44.799999237060546875
156.3874969482421875 153.5187530517578125 150.850006103515625 148.1687469482421875 147.3625030517578125 147.524993896484375 144.96875 137.399993896484375 131.006256103515625 126.8249969482421875 124.28125 122.0500030517578125 119.19374847412109375 116.31874847412109375 111.1750030517578125 106.5812530517578125 100.99375152587890625 96.6750030517578125 92.375 87.6750030517578125 81.90000152587890625 74.15000152587890625 65.8562469482421875 58.46875 54.418750762939453125 52.375 51.44374847412109375 50.331249237060546875 49.25 47.78125 46.0625 43.731250762939453125 41.706249237060546875 40.08750152587890625 38.94374847412109375 39.018749237060546875 39.46875 39.674999237060546875 40.168750762939453125 39.799999237060546875 39.03749847412109375 38.706249237060546875 38.90625
158.46875 155.6750030517578125 153.181243896484375 151.681243896484375 150.649993896484375 150.2687530517578125 148.537506103515625 141.2624969482421875 133.6437530517578125 128.09375 125.22499847412109375 122.74375152587890625 117.3312530517578125 112.28749847412109375 108.2375030517578125 102.88124847412109375 97.61875152587890625 92.3312530517578125 88.15625 85.05625152587890625 80.5625 72.7312469482421875 63.887500762939453125 56.06874847412109375 51.50624847412109375 48.75624847412109375 47.625 46.6875 45.362499237060546875 44.075000762939453125 42.38124847412109375 40.34375 38.43125152587890625 37.143749237060546875 36.4375 36.30625152587890625 36.331249237060546875 36.356250762939453125 35.6875 34.59999847412109375 33.44374847412109375 32.74375152587890625 32.831249237060546875
159.274993896484375 156.4499969482421875 153.556243896484375 150.875 148.9187469482421875 147.912506103515625 144.9250030517578125 138.600006103515625 133.118743896484375 128.381256103515625 124.375 121.28749847412109375 115.94374847412109375 107.71250152587890625 102.0500030517578125 97.80625152587890625 92.68125152587890625 87.94374847412109375 84.1125030517578125 80.8249969482421875 76.90000152587890625 70.0625 61.450000762939453125 54.362499237060546875 48.38124847412109375 45.18125152587890625 44.543750762939453125 43.90000152587890625 42.875 41.31874847412109375 39.18125152587890625 37.11875152587890625 35.5 33.862499237060546875 33.049999237060546875 33.3125 34.043750762939453125 34.375 34.09375 31.712499618530273438 29.268749237060546875 28.943750381469726562 28.46875
158.774993896484375 155.443756103515625 151.3937530517578125 148.131256103515625 146.087493896484375 143.2624969482421875 139.5187530517578125 135.162506103515625 130.3312530517578125 126.5812530517578125 121.69374847412109375 115.88124847412109375 110.16249847412109375 102.6437530517578125 95.1125030517578125 91.46250152587890625 86.86875152587890625 82.09375 77.80625152587890625 74.6750030517578125 70.66249847412109375 64.15625 57.30625152587890625 52.40625 47.41249847412109375 43.68125152587890625 42.543750762939453125 41.456249237060546875 40.03749847412109375 38.543750762939453125 37.09999847412109375 34.86875152587890625 32.90000152587890625 31.237499237060546875 30.512500762939453125 31.5 33.049999237060546875 34.72499847412109375 34.956249237060546875 33.231250762939453125 28.512500762939453125 25.78125 25.318750381469726562
156.850006103515625 152.40625 147.8625030517578125 144.4499969482421875 142.1750030517578125 137.131256103515625 134.337493896484375 129.8249969482421875 125.1750030517578125 122.3125 116.6875 110.34999847412109375 103.8000030517578125 96.53125 88.4499969482421875 83.5 79.7937469482421875 76.1374969482421875 71.78749847412109375 68.875 65.3125 60.28749847412109375 54.99375152587890625 51.793750762939453125 48.72499847412109375 45.4375 43.518749237060546875 41.25 39.0625 37.52500152587890625 35.075000762939453125 32.80625152587890625 31.225000381469726562 29.443750381469726562 28.03125 29.818750381469726562 33.34375 37.56874847412109375 39.831249237060546875 37.875 34.00624847412109375 30.337499618530273438 28.693750381469726562
153.2937469482421875 148.1999969482421875 144.2937469482421875 140.431243896484375 136.5187530517578125 132.9875030517578125 129.21875 124.53749847412109375 120.8562469482421875 118.09375 112.40000152587890625 105.0124969482421875 97.80625152587890625 90.7937469482421875 83.25 76.44374847412109375 72.7624969482421875 70.34375 66.5500030517578125 64.1437530517578125 60.52500152587890625 57.03749847412109375 53.768749237060546875 52.3125 50.200000762939453125 46.74375152587890625 44.02500152587890625 41.625 39.33750152587890625 37.15625 35.40000152587890625 32.625 30.318750381469726562 28.774999618530273438 26.899999618530273438 30.018751144409179688 35.424999237060546875 40.33750152587890625 44.69374847412109375 44.40000152587890625 42.137500762939453125 36.90000152587890625 32.22499847412109375
147.75 143.287506103515625 140.0625 136.412506103515625 132.1687469482421875 128.875 125 121.0124969482421875 117.2624969482421875 113.55625152587890625 108.6687469482421875 100.90000152587890625 92.63124847412109375 85.1999969482421875 79.3312530517578125 73.36875152587890625 67.2062530517578125 64.3874969482421875 62.16249847412109375 59.799999237060546875 56.34999847412109375 53.674999237060546875 52.19374847412109375 52.74375152587890625 51.78749847412109375 47.58750152587890625 44.58750152587890625 42.03749847412109375 39.793750762939453125 37.86875152587890625 36.737499237060546875 35.36875152587890625 32.606250762939453125 30.524999618530273438 30.9375 33.575000762939453125 38.231250762939453125 45.97499847412109375 53.918750762939453125 51.16249847412109375 46.03125 39.768749237060546875 33.543750762939453125
142.443756103515625 138.493743896484375 134.2687530517578125 130.75 127.76250457763671875 124.69374847412109375 120.44374847412109375 116.0187530517578125 112.96875 108.71875 103.78749847412109375 96.375 88.33750152587890625 81.21250152587890625 75.46250152587890625 70.3312530517578125 64.8000030517578125 59.262500762939453125 58.200000762939453125 55.768749237060546875 53.043750762939453125 50.28749847412109375 49.325000762939453125 50.90000152587890625 51.02500152587890625 47.61875152587890625 45.34999847412109375 42.981250762939453125 40.418750762939453125 38.043750762939453125 36.56874847412109375 35.25624847412109375 36.174999237060546875 36.993747711181640625 36.00624847412109375 36.325000762939453125 42.08750152587890625 49.00624847412109375 53.15000152587890625 51.450000762939453125 44.81874847412109375 38.72499847412109375 33.456249237060546875
136.850006103515625 132.53125 128.274993896484375 125.53125 122.36875152587890625 119.63124847412109375 115.625 112.4499969482421875 109.09375 104.9562530517578125 99.90000152587890625 92.3249969482421875 84.34999847412109375 77.6750030517578125 71.72499847412109375 67.5812530517578125 63.049999237060546875 57.30625152587890625 54.137500762939453125 52 50.487499237060546875 50.5625 45.862499237060546875 47.237499237060546875 48.368747711181640625 47.83750152587890625 46.612499237060546875 44.1875 42.612499237060546875 39.799999237060546875 37.61875152587890625 38.987499237060546875 42.956249237060546875 43.91249847412109375 43.65625 44.075000762939453125 46.33750152587890625 48.74375152587890625 49.78749847412109375 47.206249237060546875 41.91249847412109375 36.981250762939453125 33.02500152587890625
