data/historical-monthly-weather-data/wc2.1_cruts4.09_10m_prec_1980-04.asc
ncols        51
nrows        45
xllcorner    -63.500000000000
yllcorner    -7.500000000000
cellsize     0.166666666667
NODATA_value -9999
[rows 0 to 19 of 45, columns 0 to 44 of 51]
217.53125 225.774993896484375 236.1687469482421875 252.068756103515625 264.287506103515625 274.41876220703125 283.337493896484375 286.79998779296875 291.037506103515625 299.36248779296875 311.13751220703125 319.11248779296875 325.04376220703125 328 327.73748779296875 327.83123779296875 329.4375 326.3125 326.64373779296875 327.45001220703125 330 334.537506103515625 337.25 337.21875 333.649993896484375 332.693756103515625 326.625 321.649993896484375 316.01873779296875 317.743743896484375 321.33123779296875 325.181243896484375 327.693756103515625 332.212493896484375 336.51873779296875 342.475006103515625 346.28125 350.0625 355.431243896484375 358.54998779296875 361.375 362.67498779296875 360.33123779296875 360.193756103515625 358.45623779296875
218.4375 224.149993896484375 237.8625030517578125 252.3874969482421875 266.774993896484375 274.537506103515625 280.65625 287.881256103515625 294.20623779296875 301.9375 312.306243896484375 317.787506103515625 322.63751220703125 325.51251220703125 323.75 325 324.20623779296875 321.181243896484375 318.79998779296875 316.125 316.95001220703125 318.850006103515625 322.318756103515625 321.71875 321.787506103515625 321.5625 317.98126220703125 316.274993896484375 311.64373779296875 311.23748779296875 313.48126220703125 317 320.45001220703125 326.67498779296875 330.76251220703125 336.38751220703125 342.631256103515625 346.95623779296875 351.618743896484375 353.6875 355.45623779296875 357.4375 355.76873779296875 353.67498779296875 351.4375
222.7062530517578125 230.4499969482421875 242.006256103515625 256.756256103515625 270.64373779296875 277.4375 283.26873779296875 290.13751220703125 299.01251220703125 305.462493896484375 311.193756103515625 313.5625 317.118743896484375 316.83123779296875 315.34375 315.743743896484375 315.056243896484375 313.32501220703125 310.962493896484375 310.20623779296875 311.76251220703125 314.181243896484375 315.45001220703125 314.39373779296875 314.743743896484375 314.33123779296875 313.64373779296875 310.21875 305.618743896484375 306.20623779296875 307.57501220703125 309.53125 315.524993896484375 321.04998779296875 324.04376220703125 328.9375 337.08123779296875 343.649993896484375 347.4375 350.16876220703125 352.29376220703125 352.475006103515625 351.32501220703125 350.318756103515625 348.16876220703125
224.0812530517578125 232.96875 246.587493896484375 258.32501220703125 270.21875 277.212493896484375 282.60626220703125 288.88751220703125 298.82501220703125 306.212493896484375 308.51251220703125 307.087493896484375 305.850006103515625 305.337493896484375 303.51251220703125 303.95623779296875 304.537506103515625 304.07501220703125 303.5625 304.70623779296875 307.48126220703125 309.412506103515625 308.881256103515625 308.131256103515625 307.25 304.693756103515625 306.01251220703125 302.899993896484375 299.756256103515625 302.037506103515625 303.212493896484375 304.868743896484375 307.881256103515625 312.475006103515625 315.41876220703125 322.818756103515625 330.5 337.41876220703125 343.59375 345.23126220703125 347.64373779296875 349.5 346.631256103515625 344.350006103515625 343.76251220703125
236.787506103515625 242.4812469482421875 248.4875030517578125 258.881256103515625 271.524993896484375 276.5 278.868743896484375 284.73748779296875 295.96875 305.20623779296875 302.89373779296875 295.662506103515625 293.243743896484375 292.493743896484375 290.79998779296875 291.125 291.38751220703125 292.868743896484375 294.04998779296875 296.29998779296875 299.91876220703125 300.83123779296875 300.493743896484375 300.756256103515625 296.837493896484375 293.98748779296875 294.475006103515625 296.33123779296875 296.76873779296875 297.087493896484375 298.10626220703125 296.6875 298.899993896484375 303.48126220703125 307.23126220703125 314.524993896484375 321.412506103515625 329.03125 336.068756103515625 338.681243896484375 342.756256103515625 341.26251220703125 339.70001220703125 339.5625 337.45623779296875
246.1999969482421875 254.0124969482421875 260.375 264.98748779296875 276.4375 282.20001220703125 284.256256103515625 289.60626220703125 299.33123779296875 309.1875 302.45623779296875 294.725006103515625 292.03125 290.67498779296875 287.875 287.95623779296875 285.89373779296875 286.54376220703125 289.256256103515625 291.837493896484375 293.524993896484375 294.056243896484375 296.162506103515625 295.36248779296875 293.368743896484375 292.14373779296875 292.631256103515625 294.26251220703125 294.71875 293.725006103515625 293.14373779296875 292.89373779296875 292.20001220703125 295.54376220703125 300.26873779296875 306.274993896484375 314.681243896484375 322.0625 328.23126220703125 332.66876220703125 333 331.318756103515625 330.712493896484375 331.15625 330.625
257.399993896484375 265.92498779296875 272.51873779296875 276.20001220703125 280.23748779296875 281.806243896484375 283.48126220703125 287.043731689453125 290.89373779296875 293.29998779296875 292.95623779296875 290.98126220703125 291.506256103515625 289.274993896484375 286.743743896484375 286.89373779296875 284.51873779296875 281.475006103515625 281.506256103515625 284.48126220703125 287.193756103515625 289.07501220703125 290.95001220703125 289.10626220703125 288.962493896484375 289.51251220703125 291.287506103515625 291.475006103515625 291.587493896484375 290.07501220703125 289.03125 286.912506103515625 286.837493896484375 287.274993896484375 290.64373779296875 296.29376220703125 302.61248779296875 310.3125 318.350006103515625 321.806243896484375 318.806243896484375 317.90625 318.050018310546875 318.556243896484375 320
269.45623779296875 276.71875 281.493743896484375 286.693756103515625 290.818756103515625 289.412506103515625 283.881256103515625 278.068756103515625 273.58123779296875 274.118743896484375 280.8125 286.04998779296875 288.86248779296875 288.725006103515625 287.29998779296875 285.54998779296875 282.149993896484375 278.04998779296875 274.806243896484375 277.212493896484375 281.32501220703125 284.16876220703125 285.15625 284.443756103515625 286.51873779296875 285.850006103515625 287.38751220703125 288.212493896484375 288.85626220703125 287.20623779296875 283.10626220703125 279.993743896484375 279.26873779296875 279.306243896484375 280.84375 283.337493896484375 289.07501220703125 294.90625 300.16876220703125 301.868743896484375 300.9375 301.662506103515625 301.587493896484375 301.024993896484375 300.975006103515625
279.912506103515625 287.537506103515625 291.54376220703125 294.693756103515625 298.024993896484375 294.600006103515625 289.556243896484375 281.82501220703125 271.162506103515625 266.76873779296875 276.75 285.34375 294.225006103515625 295.28125 292.462493896484375 290.45623779296875 287.524993896484375 283.98748779296875 281.962493896484375 281.70623779296875 280.212493896484375 284.149993896484375 284.306243896484375 285.67498779296875 286.774993896484375 284.225006103515625 284.38751220703125 285.4375 285.78125 283.98748779296875 281.568756103515625 276.631256103515625 274.11248779296875 271.5 272.29998779296875 274.48126220703125 279.33123779296875 282.29998779296875 286.212493896484375 286.712493896484375 285.82501220703125 285.01873779296875 285.78125 286.33123779296875 283.087493896484375
290.07501220703125 295.931243896484375 300.10626220703125 303.100006103515625 304.82501220703125 302.01873779296875 298.0625 291.037506103515625 285.51873779296875 284.89373779296875 290.837493896484375 295.631256103515625 301.9375 303.07501220703125 301.037506103515625 297.07501220703125 293.537506103515625 290.79376220703125 288.45623779296875 289.787506103515625 287.225006103515625 286.506256103515625 285.11248779296875 287.32501220703125 284.9375 280.3125 279.631256103515625 279.95623779296875 281.037506103515625 281.5625 277.14373779296875 271.1875 267.506256103515625 264.5 263.73126220703125 265.92498779296875 267.57501220703125 269.462493896484375 271.67498779296875 273.11248779296875 273.32501220703125 272.41876220703125 271.568756103515625 268.21875 266.975006103515625
300.193756103515625 306.662506103515625 309.693756103515625 311.67498779296875 311.33123779296875 309.39373779296875 306.76251220703125 301.78125 300.3125 301.70001220703125 307.10626220703125 312.8125 312.98126220703125 312.83123779296875 307.88751220703125 302.26873779296875 298.462493896484375 296.337493896484375 295.23748779296875 295.368743896484375 295.743743896484375 292.6875 287.412506103515625 280.57501220703125 280.943756103515625 276.412506103515625 273.350006103515625 272.57501220703125 272.07501220703125 272.6875 268.850006103515625 263.231231689453125 259.631256103515625 256.14373779296875 254.5500030517578125 253.631256103515625 254.0625 255.3625030517578125 257.48748779296875 258.662506103515625 258.13751220703125 256.712493896484375 257.243743896484375 255.5812530517578125 253.431243896484375
306.587493896484375 311.743743896484375 314.149993896484375 319.08123779296875 320.193756103515625 317.043731689453125 316.8125 315.59375 316.58123779296875 319.068756103515625 324.39373779296875 329.787506103515625 324.76873779296875 320.54998779296875 314.51873779296875 308.95623779296875 304.118743896484375 301.462493896484375 300.431243896484375 300.64373779296875 299.274993896484375 295.07501220703125 289.20001220703125 284.443756103515625 277.5 268.350006103515625 264.5 262.149993896484375 261.5625 260.51251220703125 257.625 253.5625 249.350006103515625 246.350006103515625 244.6875 244.59375 246.068756103515625 247.8937530517578125 247.8625030517578125 247.100006103515625 247.2312469482421875 246.40625 245.6062469482421875 241.0437469482421875 238.631256103515625
313.506256103515625 317.71875 320.274993896484375 323.868743896484375 326.618743896484375 327.8125 326.800018310546875 325.73748779296875 326.875 332.08123779296875 337.212493896484375 341.381256103515625 336.20623779296875 323.70623779296875 316.875 313.1875 307.11248779296875 303.79376220703125 303.3125 301.412506103515625 298.962493896484375 292.17498779296875 282.70623779296875 276.774993896484375 263.65625 252.975006103515625 251.774993896484375 249.4312591552734375 249.787506103515625 248.3937530517578125 246.0437469482421875 242.399993896484375 238.350006103515625 235.65625 233.4499969482421875 235.15625 237.381256103515625 239.5062408447265625 240.431243896484375 239.8125 236.1437530517578125 236.3562469482421875 233.181243896484375 228.868743896484375 229.0812530517578125
319.10626220703125 322.61248779296875 323.912506103515625 326.86248779296875 331.681243896484375 333.25 332.67498779296875 333.087493896484375 336.087493896484375 340.024993896484375 342 340.774993896484375 336.20623779296875 326.787506103515625 316.67498779296875 313.84375 307.649993896484375 301.92498779296875 301.162506103515625 297.125 292.337493896484375 282.8125 273.29998779296875 262.899993896484375 251.756256103515625 242.3125 239.8312530517578125 238.0812530517578125 237.318756103515625 236.725006103515625 234.743743896484375 232.318756103515625 226.993743896484375 224.40625 223.3625030517578125 226.1374969482421875 228.806243896484375 232.46875 234.7062530517578125 232.837493896484375 226.4187469482421875 222.006256103515625 222.5812530517578125 224.28125 226.8312530517578125
321.75 325.443756103515625 327.54376220703125 331.07501220703125 336.67498779296875 338.34375 339.506256103515625 340.193756103515625 341.20001220703125 342.75 343.506256103515625 341.58123779296875 335.662506103515625 326.98126220703125 315.818756103515625 309.39373779296875 304.70623779296875 302.368743896484375 300.412506103515625 296.13751220703125 287.931243896484375 278.556243896484375 266.15625 255.1750030517578125 244.3000030517578125 236.03125 232.7624969482421875 231.34375 230.65625 229.1750030517578125 225.7375030517578125 221.068756103515625 218.0812530517578125 214.337493896484375 212.306243896484375 214.506256103515625 221.0124969482421875 227.59375 229.09375 224.8312530517578125 218.662506103515625 217.631256103515625 221.743743896484375 221.568756103515625 222.037506103515625
322.181243896484375 325.58123779296875 329.956268310546875 335.193756103515625 340.32501220703125 342.4375 343.73126220703125 345.07501220703125 347.71875 347.59375 346.725006103515625 343.568756103515625 337.75 327.743743896484375 314.631256103515625 301.78125 301.17498779296875 302.76251220703125 299.381256103515625 295.306243896484375 285.79376220703125 273.29998779296875 259.1875 248.3625030517578125 237.368743896484375 230 225.8562469482421875 224.962493896484375 224.162506103515625 223.3249969482421875 221.7375030517578125 216.837493896484375 209.125 203.899993896484375 199.9375 206.806243896484375 213.524993896484375 220.6875 222.587493896484375 221.34375 216.8562469482421875 217.78125 219.256256103515625 217.975006103515625 217.212493896484375
321.018768310546875 325.95001220703125 332.006256103515625 338.350006103515625 343.475006103515625 345.975006103515625 349.6875 351.45001220703125 351.806243896484375 351.806243896484375 349.649993896484375 346.1875 339.212493896484375 329.568756103515625 318.756256103515625 309.03125 301 299.96875 299.29376220703125 296.1875 285.03125 271.79376220703125 256.274993896484375 242.3000030517578125 231.40625 223.1374969482421875 219.899993896484375 218.787506103515625 218.96875 219.34375 217.5812530517578125 213.212493896484375 206.037506103515625 200.1437530517578125 200.0812530517578125 203.9375 211.1687469482421875 219.100006103515625 224.1999969482421875 221.431243896484375 217.6125030517578125 217.6125030517578125 215.7937469482421875 214.274993896484375 212.506256103515625
318.181243896484375 326.07501220703125 332.61248779296875 341.92498779296875 347.96875 352.10626220703125 357.08123779296875 357.73126220703125 357.350006103515625 355.28125 351.337493896484375 347.274993896484375 340.35626220703125 332.875 323.46875 315.70001220703125 307.38751220703125 297.23126220703125 300.39373779296875 298.462493896484375 287.806243896484375 271.88751220703125 254.84375 240.625 230.21875 221.9312591552734375 216.46875 217.21875 218.1875 217.8625030517578125 213.2062530517578125 203.6437530517578125 201.0437469482421875 198.4375 196.806243896484375 202.8312530517578125 209.5500030517578125 216.287506103515625 220.056243896484375 221.568756103515625 216.600006103515625 215.443756103515625 213.556243896484375 211.2937469482421875 210.0625
313.88751220703125 324.21875 333.76873779296875 342.73126220703125 350.493743896484375 356.725006103515625 361.32501220703125 365.100006103515625 364.84375 361.600006103515625 355.100006103515625 346.962493896484375 340.881256103515625 336.25 324.662506103515625 317.318756103515625 310.61248779296875 302.431243896484375 298.41876220703125 297.0625 290.287506103515625 275.350006103515625 249.2687530517578125 238.6125030517578125 230.4562530517578125 224.34375 221.2687530517578125 220.1374969482421875 221.2312469482421875 219.6875 214.9250030517578125 206.375 199.850006103515625 191.3249969482421875 188.649993896484375 194.725006103515625 201.96875 208.0437469482421875 214.28125 215.3874969482421875 214.8000030517578125 213.850006103515625 211.0749969482421875 208.59375 207.75
309.13751220703125 322.09375 332.04376220703125 340.368743896484375 351.57501220703125 361.73748779296875 369.33123779296875 371.5 370.875 367.125 358.725006103515625 352.29376220703125 345.83123779296875 339.5 326.618743896484375 313.431243896484375 304.16876220703125 303.681243896484375 299.587493896484375 297.67498779296875 285.274993896484375 267.01251220703125 250.0625 239.787506103515625 231.8125 225.1875 223.46875 224.524993896484375 223.350006103515625 219.431243896484375 212.4812469482421875 208.5437469482421875 198.3625030517578125 185.6750030517578125 178.212493896484375 183.7937469482421875 194.6374969482421875 203.868743896484375 209.568756103515625 212.274993896484375 211.662506103515625 210.743743896484375 208.3312530517578125 205.78125 203.40625
