data/historical-monthly-weather-data/wc2.1_cruts4.09_10m_prec_1973-02.asc
ncols        51
nrows        45
xllcorner    -63.500000000000
yllcorner    -7.500000000000
cellsize     0.166666666667
NODATA_value -9999
[rows 0 to 19 of 45, columns 0 to 44 of 51]
77.0812530517578125 71.3625030517578125 66.83750152587890625 63.893749237060546875 60.387500762939453125 59.481250762939453125 58.200000762939453125 56.237499237060546875 55.50624847412109375 56.03125 58.15000152587890625 61.375 64.58750152587890625 65.83750152587890625 69.02500152587890625 72.44374847412109375 76.1875 77.86875152587890625 81.5124969482421875 85.33750152587890625 88.4187469482421875 91.4375 95.7312469482421875 100.8625030517578125 106.86875152587890625 113.6437530517578125 121.5124969482421875 130.0625 138.7375030517578125 142.7312469482421875 146.6687469482421875 150.975006103515625 153.975006103515625 157.3125 161.225006103515625 164.493743896484375 166.15625 167.3937530517578125 169.53125 170.256256103515625 171.9562530517578125 173.368743896484375 173.4187469482421875 175.943756103515625 177.068756103515625
82.06874847412109375 76.2937469482421875 72.71250152587890625 69.25624847412109375 66.4812469482421875 66.6999969482421875 66.2375030517578125 66.21875 67.4250030517578125 68.63124847412109375 70.4375 72.9812469482421875 75.46875 77.2375030517578125 80.00624847412109375 82.69374847412109375 85.93125152587890625 89.55625152587890625 94.56874847412109375 99.4562530517578125 102.8625030517578125 106.84375 111.6687469482421875 116.74375152587890625 122 128.65625 135.5500030517578125 143.6125030517578125 151.28125 155.493743896484375 158.850006103515625 164.162506103515625 167.6687469482421875 171.899993896484375 175.4562530517578125 178.71875 180.8000030517578125 181.8874969482421875 183.8625030517578125 184.587493896484375 185.9312591552734375 186.6999969482421875 185.9375 187.381256103515625 187.912506103515625
89.08750152587890625 83.618743896484375 80.36875152587890625 77.60625457763671875 75.75 76.78749847412109375 78.34999847412109375 80.6125030517578125 83.7687530517578125 85.81874847412109375 87.2312469482421875 89.125 90.69374847412109375 91.5749969482421875 93.3874969482421875 95.2687530517578125 97.4250030517578125 100.97499847412109375 105.3125 109.9499969482421875 113.7624969482421875 118.97499847412109375 123.7937469482421875 129.1999969482421875 135.9875030517578125 142.1437530517578125 148.75 156.587493896484375 162.899993896484375 166.2312469482421875 170.381256103515625 175.0812530517578125 179.1875 182.3937530517578125 186.78125 189.0500030517578125 191.587493896484375 193.9187469482421875 195.0625 195.7312469482421875 196.618743896484375 196.4375 195.2937469482421875 194.5187530517578125 195.412506103515625
95.75624847412109375 90.7937469482421875 88.8562469482421875 87.0812530517578125 87.19374847412109375 89.0187530517578125 92.5187530517578125 97.2687530517578125 102.84999847412109375 106.6875 107.8000030517578125 107.91249847412109375 107.3000030517578125 106.7375030517578125 107.8249969482421875 108.88124847412109375 110.21250152587890625 111.86875152587890625 115.56874847412109375 120.94374847412109375 125.7375030517578125 130.881256103515625 135.587493896484375 141.6999969482421875 148.6062469482421875 155.3125 162.3125 169.1687469482421875 174.7062530517578125 178.25 181.375 186.90625 190.056243896484375 193.6374969482421875 197.037506103515625 200.34375 203.0625 205.15625 207.1125030517578125 207.9562530517578125 207.2687530517578125 206.306243896484375 204.5500030517578125 202.3625030517578125 202.587493896484375
104.97499847412109375 99.0625 96.65000152587890625 96.2375030517578125 97.75624847412109375 101.5 106.3249969482421875 113.90000152587890625 123.3562469482421875 130.306243896484375 128.943756103515625 126.0187530517578125 124.50624847412109375 123.1125030517578125 122.68125152587890625 122.91249847412109375 123.53125 123.41249847412109375 126.84375 132.15625 137.806243896484375 142.399993896484375 147.7937469482421875 154.625 161.662506103515625 169 174.0437469482421875 179.6062469482421875 186.5437469482421875 190.3249969482421875 193.7375030517578125 197.631256103515625 201.8562469482421875 205.6875 208.90625 212.4375 216.125 218.9250030517578125 220.9562530517578125 220.5812530517578125 219.975006103515625 217.1687469482421875 213.600006103515625 210.5187530517578125 208.71875
112.9562530517578125 107.8874969482421875 104.96875 103.90625 105.34999847412109375 110.5124969482421875 116.9250030517578125 125.34999847412109375 136.5500030517578125 146.162506103515625 143.0437469482421875 139.34375 137.8125 136.725006103515625 136.3125 137.0124969482421875 136.71875 136.381256103515625 139.9375 145.25 150.131256103515625 155.0124969482421875 160.40625 166.5500030517578125 172.71875 180.2437591552734375 185.3562469482421875 190.162506103515625 195.899993896484375 199.9250030517578125 203.899993896484375 208.34375 211.9562530517578125 217.9812469482421875 222.587493896484375 226.5749969482421875 231.15625 234.6687469482421875 237.7375030517578125 237.368743896484375 234.618743896484375 230.4625091552734375 225.9250030517578125 221.568756103515625 216.743743896484375
121.66249847412109375 116.75624847412109375 114.1750030517578125 112.1875 113.1125030517578125 117.9375 124.41249847412109375 131.5 140.712493896484375 146.837493896484375 148.6875 148.7375030517578125 148.7687530517578125 148.9875030517578125 149.7937469482421875 151.006256103515625 152.368743896484375 153.850006103515625 156.774993896484375 159.5812530517578125 162.662506103515625 167.34375 171.5625 177.0124969482421875 184.59375 191.125 195.9499969482421875 201.0124969482421875 204.806243896484375 208.5625 214.162506103515625 219.318756103515625 224.375 228.649993896484375 233.8874969482421875 240.25 245.3312530517578125 250.337493896484375 255.2624969482421875 254.6875 249.600006103515625 244.6374969482421875 239.5187530517578125 233.912506103515625 227.1750030517578125
130.3000030517578125 124.80625152587890625 122.13124847412109375 121.21875 121.9187469482421875 125.6999969482421875 130.2312469482421875 134.65625 139.875 145.381256103515625 151.5500030517578125 156.318756103515625 159.3312530517578125 160.59375 162.243743896484375 164.5625 166.975006103515625 170.25 173.8625030517578125 173.46875 174.537506103515625 178.212493896484375 182.100006103515625 187.868743896484375 195.3125 201.649993896484375 206.100006103515625 210.0437469482421875 214.381256103515625 218.350006103515625 222.993743896484375 229.40625 234.9375 240.4499969482421875 245.875 251.96875 257.975006103515625 263.39373779296875 267.556243896484375 267.78125 264.212493896484375 259.693756103515625 254.3249969482421875 247.2687530517578125 241.0625
138.524993896484375 133.212493896484375 130.4812469482421875 129.681243896484375 129.806243896484375 132.1750030517578125 135.818756103515625 138.5500030517578125 141.2375030517578125 146.337493896484375 154.587493896484375 162.40625 167.5500030517578125 170.3874969482421875 171.6437530517578125 174.0500030517578125 176.0500030517578125 178.8000030517578125 182.625 181.5625 181.625 185.25 189.743743896484375 197.600006103515625 205.225006103515625 211.5812530517578125 214.9812469482421875 218.443756103515625 222.9375 226.556243896484375 231.53125 237.912506103515625 243.40625 248.6687469482421875 254.28125 261.54998779296875 268.41876220703125 274.54376220703125 280.024993896484375 281.649993896484375 279.412506103515625 275.899993896484375 271.90625 266.09375 261.118743896484375
146.7375030517578125 141.618743896484375 139.287506103515625 137.9812469482421875 137.5124969482421875 139.28125 142.712493896484375 145.306243896484375 149.8625030517578125 155.5625 163.6374969482421875 170.4375 176.975006103515625 179.9875030517578125 181.0124969482421875 181.381256103515625 181.8249969482421875 183.5625 184.40625 184.3249969482421875 186.037506103515625 190.84375 197.1125030517578125 207.1437530517578125 215.2062530517578125 221.25 224.787506103515625 227.0187530517578125 231.7312469482421875 235.3000030517578125 238.8625030517578125 244.4250030517578125 250.3937530517578125 257.056243896484375 263.681243896484375 271.26251220703125 278.875 284.88751220703125 291.08123779296875 295.08123779296875 296.006256103515625 294.21875 290.41876220703125 284.274993896484375 281.20623779296875
154.5500030517578125 149.5187530517578125 147.225006103515625 145.8249969482421875 144.9499969482421875 146.6687469482421875 149.837493896484375 153.5687408447265625 159.462493896484375 166.3125 174.8249969482421875 181.9499969482421875 187.4562530517578125 190.1687469482421875 189.818756103515625 188.506256103515625 186.756256103515625 186.4875030517578125 185.9187469482421875 186.193756103515625 188.412506103515625 194.25 203.537506103515625 213.1687469482421875 224.59375 230.5749969482421875 232.881256103515625 235.6687469482421875 238.90625 241.649993896484375 245.631256103515625 250.681243896484375 256.48126220703125 263.54376220703125 271.912506103515625 280.712493896484375 287.681243896484375 295.40625 302.38751220703125 306.975006103515625 309.70623779296875 308.71875 306.25 301.42498779296875 298.243743896484375
162.287506103515625 157.118743896484375 154.5437469482421875 153.375 152.9187469482421875 154.962493896484375 158.493743896484375 163.725006103515625 170.350006103515625 178.09375 187.399993896484375 194.6999969482421875 198.162506103515625 199.162506103515625 198.3125 195.712493896484375 193.193756103515625 191.28125 189.087493896484375 187.931243896484375 189.8562469482421875 197.068756103515625 209.65625 222.8937530517578125 233.9875030517578125 238.3249969482421875 239.4499969482421875 241.5749969482421875 244.756256103515625 248.212493896484375 251.9250030517578125 255.8937530517578125 261.787506103515625 268.431243896484375 276.5 285.850006103515625 295.006256103515625 303.54376220703125 311.34375 317.17498779296875 321.475006103515625 320.381256103515625 315.76873779296875 308.65625 303.625
168.2312469482421875 163.568756103515625 161.59375 160.5124969482421875 160.931243896484375 163.818756103515625 168.375 173.8625030517578125 180.9812469482421875 190.1875 199.7375030517578125 206.4375 208.6374969482421875 207.1125030517578125 205.3874969482421875 201.9375 198.875 196.850006103515625 194.7937469482421875 192.46875 192.337493896484375 200.7375030517578125 215.1875 228.037506103515625 236.693756103515625 241.1374969482421875 244.09375 246.6125030517578125 249.5124969482421875 253.0500030517578125 256.743743896484375 260.462493896484375 264.912506103515625 271.693756103515625 279.875 289.006256103515625 298.462493896484375 309.318756103515625 318.73126220703125 325.95001220703125 332.556243896484375 330.350006103515625 321.625 311.71875 303.78125
173.318756103515625 168.993743896484375 167.556243896484375 167.125 168.3312530517578125 171.8937530517578125 177.6750030517578125 183.9499969482421875 191.9250030517578125 201.068756103515625 210.03125 214.6125030517578125 215.7375030517578125 214.7312469482421875 211.4875030517578125 208.475006103515625 204.681243896484375 203.287506103515625 201.3000030517578125 200.4499969482421875 203.3562469482421875 211.21875 222.818756103515625 231.9187469482421875 239 243.71875 247.53125 250.2937469482421875 253.712493896484375 256.056243896484375 259.58123779296875 262.61248779296875 266.537506103515625 273.162506103515625 280.82501220703125 290.82501220703125 302.462493896484375 314.850006103515625 326.70623779296875 335.11248779296875 339.693756103515625 332.649993896484375 324.70001220703125 316.662506103515625 309.32501220703125
177.40625 173.1437530517578125 172.600006103515625 173.7375030517578125 175.125 180.037506103515625 187.100006103515625 193.881256103515625 202.506256103515625 211.649993896484375 219.649993896484375 224.0749969482421875 225.181243896484375 224.256256103515625 221.4499969482421875 217.9499969482421875 214.7624969482421875 213.3125 212.2375030517578125 212.9499969482421875 217.0625 223.6125030517578125 232.850006103515625 239.493743896484375 244.4499969482421875 249.46875 253.087493896484375 255.193756103515625 257.95001220703125 260.3125 261.83123779296875 263.08123779296875 266.65625 271.59375 278.89373779296875 288.65625 302.67498779296875 318.162506103515625 331.600006103515625 339.743743896484375 340.125 335.274993896484375 329.393768310546875 321.087493896484375 312.84375
180.368743896484375 176.375 176.837493896484375 178.931243896484375 181.78125 187.71875 195.59375 202.7937469482421875 212.1374969482421875 222.2312469482421875 230.59375 235.212493896484375 236.6999969482421875 235.368743896484375 232.46875 227.46875 225.4875030517578125 225.4250030517578125 225.5187530517578125 227.024993896484375 230.5625 236.100006103515625 243.381256103515625 248.8874969482421875 251.5 254.256256103515625 256.64373779296875 259.337493896484375 262.60626220703125 264.60626220703125 265.787506103515625 264.625 264.287506103515625 266.725006103515625 271.36248779296875 282.306243896484375 298.587493896484375 317.86248779296875 335.568756103515625 344.743743896484375 344.756256103515625 338.3125 331.04376220703125 322.48126220703125 312.868743896484375
181.59375 178.9375 180.21875 183.306243896484375 187.4875030517578125 194.4562530517578125 203.1374969482421875 211.693756103515625 221.649993896484375 232.5500030517578125 242.4375 248.024993896484375 250.4812469482421875 249.71875 246.3249969482421875 241.024993896484375 237.2937469482421875 236.7937469482421875 237.3375091552734375 239.756256103515625 243.9375 248.868743896484375 254.181243896484375 257.83123779296875 259.587493896484375 258.92498779296875 259.35626220703125 262.6875 266.98126220703125 270.056243896484375 270.131256103515625 267.037506103515625 262.98126220703125 259.17498779296875 261.774993896484375 272.556243896484375 289.975006103515625 315.493743896484375 341.73126220703125 347.26873779296875 343.57501220703125 336.649993896484375 327.756256103515625 319.04998779296875 311.04376220703125
181.3562469482421875 179.7624969482421875 182.71875 187.256256103515625 192.306243896484375 200.1875 209.818756103515625 219.350006103515625 230.0749969482421875 241.4812469482421875 253.0500030517578125 261.712493896484375 267.4375 267.9375 264.98126220703125 259.75 252.8937530517578125 248.774993896484375 250.9562530517578125 253.53125 258.89373779296875 262.399993896484375 264.431243896484375 264.83123779296875 264.79376220703125 263.45623779296875 262.53125 266.71875 272.125 275.83123779296875 274.524993896484375 265.149993896484375 257.693756103515625 251 249.4875030517578125 256.64373779296875 278.375 304.306243896484375 328.34375 336.96875 334.125 328.068756103515625 321.23748779296875 314.71875 307.975006103515625
180.3562469482421875 180.0124969482421875 184.006256103515625 189.0124969482421875 195.318756103515625 205 215.0124969482421875 226.125 238.287506103515625 250.2375030517578125 263.53125 274.193756103515625 283.537506103515625 289.08123779296875 285.03125 276.46875 267.79376220703125 261.25 261.36248779296875 265.09375 271.08123779296875 274.21875 271.131256103515625 269.64373779296875 268.54998779296875 267.912506103515625 268.57501220703125 272.3125 278.29998779296875 283.162506103515625 282.024993896484375 269.28125 256.09375 242.375 235.0437469482421875 243.1374969482421875 264.850006103515625 289.056243896484375 310.0625 319.76251220703125 321.212493896484375 316.51873779296875 312.76251220703125 309.068756103515625 303.73126220703125
179.681243896484375 179.5437469482421875 184.4250030517578125 190.412506103515625 198.3125 209.25 220.9625091552734375 232.2062530517578125 244.943756103515625 257.75 271.15625 283.92498779296875 297.850006103515625 310 303.33123779296875 288.45623779296875 276.08123779296875 270.818756103515625 270.625 274.056243896484375 275.63751220703125 275.462493896484375 275.587493896484375 273.212493896484375 271.46875 270.524993896484375 272.95623779296875 277.96875 282.006256103515625 285.375 281.837493896484375 271.53125 253.868743896484375 234.1875 220.412506103515625 231.0625 256.225006103515625 280.40625 298.23748779296875 308.01873779296875 309.268768310546875 305.40625 305.79376220703125 305.125 301.33123779296875
