data/historical-monthly-weather-data/wc2.1_cruts4.09_10m_prec_2008-09.asc
ncols        51
nrows        45
xllcorner    -63.500000000000
yllcorner    -7.500000000000
cellsize     0.166666666667
NODATA_value -9999
[rows 19 to 37 of 45, columns 0 to 43 of 51]
128.7937469482421875 127.4250030517578125 124.4499969482421875 122.5812530517578125 121.0437469482421875 120.375 118.40625 115.46875 113.78749847412109375 110.25624847412109375 105.6875 99.25 91.9499969482421875 84.8562469482421875 78.34375 73.2624969482421875 67.49375152587890625 66.0124969482421875 63.53749847412109375 64.4812469482421875 67.36875152587890625 71.99375152587890625 79.75 85.5625 89.6687469482421875 90.72499847412109375 89.97499847412109375 89 84.1750030517578125 78.6062469482421875 75.74375152587890625 83.34375 90.97499847412109375 101.2312469482421875 108.46250152587890625 106.3562469482421875 102.8312530517578125 100.2624969482421875 97.25 91.1374969482421875 81.80625152587890625 71.875 68.83750152587890625 68.44374847412109375
120.75 120.69374847412109375 119.3874969482421875 118.1687469482421875 116.91249847412109375 115.66249847412109375 114.6999969482421875 112.9499969482421875 112.3562469482421875 110.1999969482421875 106.0124969482421875 100.77500152587890625 93.69374847412109375 85.6875 79.78749847412109375 73.18125152587890625 67.53125 64.33750152587890625 63.862499237060546875 62.72499847412109375 67.4812469482421875 73.56874847412109375 79.5500030517578125 85.125 90.53749847412109375 92.7062530517578125 91.38124847412109375 88.72499847412109375 85.97499847412109375 85.69374847412109375 86.3125 92.52500152587890625 100.91249847412109375 112.74375152587890625 125.94374847412109375 119.50624847412109375 107.53749847412109375 99.9375 94.2375030517578125 88.59999847412109375 82.6437530517578125 76.3625030517578125 73.21875 72.28125
114.4812469482421875 113.2312469482421875 112.39374542236328125 111.875 112.15000152587890625 112.34375 111.6062469482421875 111.34999847412109375 111.3562469482421875 110.0437469482421875 106.93125152587890625 102.6750030517578125 97.47499847412109375 90.53125 84.0124969482421875 76.41249847412109375 70.6374969482421875 66.99375152587890625 66.0500030517578125 64.82500457763671875 67 72.0625 77.40625 82.5749969482421875 87.03749847412109375 90.4187469482421875 92.63124847412109375 91.3562469482421875 91.84375 92.93125152587890625 94.1750030517578125 98.125 105.13124847412109375 114.47499847412109375 118.98125457763671875 115.08750152587890625 104.9562530517578125 98.03125 92.4375 88.4875030517578125 85.25 81.8874969482421875 80.6875 79.83750152587890625
109.1437530517578125 109.21250152587890625 107.80625152587890625 107.74375152587890625 108.11875152587890625 108.63124847412109375 109.1999969482421875 109.72499847412109375 111.25 109.99375152587890625 109.125 106.24375152587890625 103.5 97.5625 88.8125 80.68125152587890625 73.77500152587890625 70.3625030517578125 67.8312530517578125 66.3312530517578125 68.19374847412109375 72.1437530517578125 76.03125 79.7312469482421875 84.7687530517578125 88.47499847412109375 90.8125 93.3937530517578125 94.63124847412109375 95.47499847412109375 97.96250152587890625 102.2062530517578125 106.53125 110.66249847412109375 110.86875152587890625 104.9562530517578125 99.00624847412109375 93.7375030517578125 90.4875030517578125 89.8125 90.02500152587890625 88.21875 87.5749969482421875 86.9875030517578125
105.9562530517578125 104.6687469482421875 104.15625 103.61875152587890625 103.38124847412109375 105.27500152587890625 106.55625152587890625 107.2375030517578125 108.8249969482421875 108.53125 107.75 107.63124847412109375 107.7624969482421875 101.90000152587890625 92.21250152587890625 83.5500030517578125 76.75 73.0625 70.3249969482421875 68.0187530517578125 69.3937530517578125 71.8625030517578125 75.6062469482421875 79.3562469482421875 83.4812469482421875 86.22499847412109375 88.61875152587890625 91.46875 95.3000030517578125 97.2312469482421875 99.59375 103.63124847412109375 105.8312530517578125 107.4812469482421875 106.88124847412109375 100.71875 96.9812469482421875 94.8625030517578125 93.38124847412109375 95.0124969482421875 95.97499847412109375 95.13124847412109375 95.75 95.88124847412109375
104.24375152587890625 102.16249847412109375 100.83750152587890625 99.9375 102.40625 103.72499847412109375 104.53125 105.38124847412109375 106.4562530517578125 107.03749847412109375 107.00624847412109375 105.9812469482421875 104.90000152587890625 100.8125 93.2062530517578125 85.27500152587890625 79.0812530517578125 74.8625030517578125 71.65625 69.61875152587890625 70.71250152587890625 72.25 75.90000152587890625 79.61875152587890625 82.03749847412109375 85.78125 88.34375 91.69374847412109375 95.65000152587890625 98.46875 100.59999847412109375 103.6437530517578125 106.3625030517578125 107.09375 105.43125152587890625 101.4562530517578125 100.40625 99.6750030517578125 99.03749847412109375 100.65000152587890625 102.09375 102.9375 104.3312530517578125 107.30625152587890625
104.78125 103.6999969482421875 100.8125 100.60625457763671875 101.0437469482421875 101.875 102.99375152587890625 103.5812530517578125 104.3625030517578125 105.25 104.3000030517578125 103.44374847412109375 101.90625 98.24375152587890625 92.4499969482421875 86.08750152587890625 80.2312469482421875 76.53125 73.125 70.7312469482421875 71.3874969482421875 72.3000030517578125 75.5187530517578125 79.22499847412109375 81.94374847412109375 84.6875 88.7062530517578125 93.3000030517578125 96.875 99.84375 102.0625 105.43125152587890625 106.1750030517578125 106.5 106.38124847412109375 106.43125152587890625 105.6062469482421875 105.7375030517578125 107.1750030517578125 108.3874969482421875 111.00624847412109375 111.59999847412109375 113.1875 117.2624969482421875
107.24375152587890625 104.8000030517578125 102.375 101.8249969482421875 101.125 101.77500152587890625 102.06874847412109375 101.77500152587890625 101.43125152587890625 102.1437530517578125 102.3000030517578125 101.68125152587890625 99.8312530517578125 97.0625 92.21250152587890625 86.7624969482421875 82.3125 78.09999847412109375 74.78749847412109375 72.25 72.69374847412109375 73.0749969482421875 75.21250152587890625 80.0749969482421875 82.5187530517578125 85.61875152587890625 89.84999847412109375 93.65000152587890625 97.5625 100.3249969482421875 102.59375 104.90000152587890625 107.7687530517578125 108.9499969482421875 108.8937530517578125 110.55625152587890625 111.80625152587890625 112.38124847412109375 114.28749847412109375 116.4499969482421875 118.1875 119.5 121.7624969482421875 123.65625
109.6374969482421875 107.0749969482421875 104.96250152587890625 102.77500152587890625 101.94374847412109375 101.53749847412109375 101.4875030517578125 100.9187469482421875 99.94374847412109375 100.5812530517578125 100.3625030517578125 99.65000152587890625 98.1750030517578125 96.65625 92.1875 87.46250152587890625 83.2062530517578125 79.3625030517578125 76.09999847412109375 74.0437469482421875 73.8000030517578125 73.9812469482421875 75.52500152587890625 79.7624969482421875 83.4812469482421875 86.38124847412109375 90.375 94.40000152587890625 98.375 101.7624969482421875 103.25624847412109375 105.72499847412109375 109.5625 111.2624969482421875 112.7312469482421875 114.91875457763671875 118.59999847412109375 121.125 123.3937530517578125 125.63124847412109375 127.7937469482421875 129.3249969482421875 128.537506103515625 131.0749969482421875
112.59999847412109375 109.5124969482421875 106.1750030517578125 103.3562469482421875 101.65000152587890625 100.46250152587890625 99.74375152587890625 99.33750152587890625 98.75624847412109375 98.65625 98.1750030517578125 97.2937469482421875 97.1750030517578125 95.4250030517578125 91.4375 88.65625 86.0187530517578125 80.53749847412109375 77.15625 75.2062530517578125 74.9875030517578125 75.1062469482421875 76.38124847412109375 80.59375 83.4875030517578125 87.06874847412109375 91.1374969482421875 95.8625030517578125 100.96250152587890625 102.96875 103.9812469482421875 106.27500152587890625 109.78125 113.15625 117.2687530517578125 120.0437469482421875 125.53125 130.256256103515625 133.743743896484375 136 134.8874969482421875 133.587493896484375 134.756256103515625 138.0500030517578125
116.4562530517578125 112.8562469482421875 107.8000030517578125 104.125 101.5625 100.4250030517578125 99.59375 98.88124847412109375 98.09375 97.4187469482421875 96.6875 96.7312469482421875 96.52500152587890625 95.34375 93 89.8562469482421875 86.6687469482421875 82.77500152587890625 78.875 76.7937469482421875 76.7687530517578125 77.2687530517578125 77.6875 81.0124969482421875 84.8125 89.0812530517578125 92.72499847412109375 96.71875 100.56874847412109375 103.46250152587890625 106.05625152587890625 108.8874969482421875 112.1875 115.9499969482421875 120.9562530517578125 125.3625030517578125 131.96875 139.3625030517578125 140.8000030517578125 145.725006103515625 147.0437469482421875 144.09375 142.131256103515625 144.0500030517578125
118.28749847412109375 114.5187530517578125 110.27500152587890625 105.16249847412109375 102.44374847412109375 101.34999847412109375 99.4187469482421875 98.2062530517578125 97.66249847412109375 97.21875 96.30625152587890625 96.1750030517578125 97.72499847412109375 96.4812469482421875 93.9562530517578125 91.08750152587890625 89.19374847412109375 85.625 81.77500152587890625 80.1875 79.77500152587890625 80.30625152587890625 80.71875 83.3249969482421875 86.3937530517578125 90.49375152587890625 93.97499847412109375 97.5749969482421875 101.31874847412109375 103.1374969482421875 106.9499969482421875 110.63124847412109375 114.11875152587890625 120.0500030517578125 125.625 129.46875 136.9499969482421875 146.0812530517578125 150.837493896484375 155.7062530517578125 156.899993896484375 152.5812530517578125 148.9375 148.412506103515625
120.90000152587890625 115.4875030517578125 110.5749969482421875 106.24375152587890625 104.19374847412109375 101.94374847412109375 100.0187530517578125 98.6125030517578125 98.1999969482421875 97.3000030517578125 96.71250152587890625 96.5124969482421875 96.4562530517578125 96.78125 95.78749847412109375 94.9250030517578125 92.68125152587890625 89.5 86.7687530517578125 85.78749847412109375 85.33750152587890625 83.875 83.9812469482421875 85.68125152587890625 89.6062469482421875 91.75624847412109375 94.4562530517578125 98.88124847412109375 102.3874969482421875 104.75 108.59999847412109375 111.4812469482421875 115.96875 121.9562530517578125 127.59999847412109375 132.15625 139.8000030517578125 147.7312469482421875 153.3249969482421875 158.931243896484375 162.3125 157.806243896484375 154.3562469482421875 151.9562530517578125
120.74375152587890625 116.44374847412109375 111.3625030517578125 107.6374969482421875 105.43125152587890625 103.4250030517578125 101.8874969482421875 99.71250152587890625 98.97499847412109375 97.5437469482421875 99.30625152587890625 98.15625 98.46875 100.5437469482421875 99.93125152587890625 100.09375 98.91249847412109375 97.36875152587890625 94.9250030517578125 93.8312530517578125 92.34999847412109375 90.46875 88.8249969482421875 90.0812530517578125 92.8937530517578125 94.02500152587890625 96.4187469482421875 100.11875152587890625 103.4250030517578125 107.22499847412109375 110.24375152587890625 113.50624847412109375 117.1999969482421875 122.91249847412109375 129.2062530517578125 133.743743896484375 139.993743896484375 145.443756103515625 150.7062530517578125 157.524993896484375 161.28125 158.193756103515625 155.90625 153.162506103515625
119.25624847412109375 116.33750152587890625 112.8249969482421875 109.4812469482421875 106.8125 104.8249969482421875 103.5625 101.53125 99.93125152587890625 99.3625030517578125 99.50624847412109375 101.03125 101.5124969482421875 101.8937530517578125 103.33750152587890625 104.31874847412109375 105.6687469482421875 105.03749847412109375 103.7937469482421875 102.71875 100.6125030517578125 97.50624847412109375 94.875 94.5187530517578125 95.2937469482421875 95.7062530517578125 97.71875 100.9562530517578125 103.6437530517578125 107.31874847412109375 111.11875152587890625 114.7687530517578125 118.65000152587890625 123.49375152587890625 129.46875 136.024993896484375 140.125 144.4375 149.5812530517578125 153.9875030517578125 157.0749969482421875 157.3562469482421875 157.193756103515625 155.3874969482421875
118.6437530517578125 116.3000030517578125 113.6437530517578125 111.5187530517578125 109.34999847412109375 106.6875 105.625 103.68125152587890625 101.15625 100.61875152587890625 101.7062530517578125 104.22499847412109375 105.09999847412109375 105.9812469482421875 108.05625152587890625 110.46875 112.3625030517578125 111.8249969482421875 112.8249969482421875 111.65000152587890625 109.5 105.47499847412109375 100.8000030517578125 98.8000030517578125 97.27500152587890625 97.6999969482421875 99.8249969482421875 101.9499969482421875 104.22499847412109375 107.44374847412109375 111.16249847412109375 114.28125 118.3874969482421875 123.2624969482421875 128.0812530517578125 132.693756103515625 137.743743896484375 143.9562530517578125 147.2375030517578125 151.4562530517578125 151.9375 151.443756103515625 153.5124969482421875 151.9375
117.4250030517578125 115 113.3312530517578125 111.75 109.96875 108.19374847412109375 106.13124847412109375 105.31874847412109375 103.4499969482421875 102.46250152587890625 104.0437469482421875 106.53125 109.1687469482421875 111.3125 113.56874847412109375 116.4875030517578125 118.42499542236328125 119.34375 120.7062530517578125 121.28125 117.31874847412109375 112.4499969482421875 106.1374969482421875 102.6437530517578125 100.8625030517578125 100.22499847412109375 101.2687530517578125 103.24375152587890625 105.31874847412109375 107.75 111.125 114.2624969482421875 117.08750152587890625 121.34375 125.35625457763671875 128.40625 134.693756103515625 139.1999969482421875 141.84375 144.71875 146.899993896484375 146 145.9375 145.5187530517578125
116.09999847412109375 114.31874847412109375 112.74375152587890625 111.03125 110.6437530517578125 109.25624847412109375 108.06874847412109375 107.1125030517578125 106.00624847412109375 104.1999969482421875 107.0500030517578125 113.28749847412109375 116.2687530517578125 118.1437530517578125 120.7624969482421875 122.73125457763671875 125.05625152587890625 125.0812530517578125 125.6687469482421875 125.7624969482421875 122.91249847412109375 116.15000152587890625 109.75624847412109375 105.31874847412109375 102.9875030517578125 102.16249847412109375 102.3562469482421875 103.4499969482421875 105.21250152587890625 107.6687469482421875 110.28749847412109375 113.2312469482421875 116.28749847412109375 119.8937530517578125 123.2312469482421875 126.52500152587890625 130.993743896484375 135.443756103515625 136.5625 137.8562469482421875 139.2312469482421875 137.975006103515625 138.774993896484375 139.1999969482421875
114.5 113.6750030517578125 112.6750030517578125 110.9812469482421875 111.125 110.83750152587890625 110.46875 110.49375152587890625 110.41249847412109375 108.9875030517578125 118.34375 123.9375 125.0500030517578125 125.7312469482421875 127.58124542236328125 129.53125 129.4562530517578125 129.3562469482421875 128.056243896484375 126.27500152587890625 123.90625 117.65000152587890625 111.84375 107.05625152587890625 104 102.3874969482421875 103 104.13124847412109375 105.5500030517578125 107.7375030517578125 108.34375 110.53749847412109375 113.46250152587890625 118.02500152587890625 121.41249847412109375 122.1125030517578125 125.5812530517578125 128.8562469482421875 131.6875 133.243743896484375 132.274993896484375 133.4375 131.649993896484375 130.993743896484375
