data/historical-monthly-weather-data/wc2.1_cruts4.09_10m_prec_1985-10.asc
ncols        51
nrows        45
xllcorner    -63.500000000000
yllcorner    -7.500000000000
cellsize     0.166666666667
NODATA_value -9999
[rows 20 to 39 of 45, columns 0 to 43 of 51]
176.875 179.868743896484375 184.5625 188.837493896484375 192.5625 196.181243896484375 199.537506103515625 200.7312469482421875 199 193.9562530517578125 186.9250030517578125 178.3625030517578125 170.0437469482421875 161.3625030517578125 156.9562530517578125 153.3000030517578125 149.1125030517578125 146.600006103515625 147.7062530517578125 147.6062469482421875 145.631256103515625 144.537506103515625 143.5625 142.556243896484375 140.225006103515625 134.8562469482421875 126.22499847412109375 114.3562469482421875 103.2062530517578125 95.6125030517578125 90.2062530517578125 88.44374847412109375 88.5187530517578125 89.8562469482421875 91.58750152587890625 88.20624542236328125 84.4187469482421875 83.0124969482421875 82.1875 81.3937530517578125 80.24375152587890625 78.9812469482421875 76.08750152587890625 73.15000152587890625
169.3937530517578125 175.0625 181.6687469482421875 187.618743896484375 193.25 198.5500030517578125 202.881256103515625 205.6875 205.4250030517578125 199.84375 191.287506103515625 181.5500030517578125 172.4375 164.6875 159.40625 155.7375030517578125 152.8000030517578125 150.65625 150.6062469482421875 150.7375030517578125 147.0124969482421875 145.0437469482421875 144.243743896484375 141.631256103515625 137.4250030517578125 131.881256103515625 125.3562469482421875 116.3937530517578125 108.2375030517578125 102.69374847412109375 98.36875152587890625 96.0187530517578125 95.03749847412109375 95.3000030517578125 94.5500030517578125 91.8874969482421875 87.80625152587890625 84.59375 82.6687469482421875 81.5437469482421875 80.16249847412109375 79.00624847412109375 77.25 74.84375
164.75 173.181243896484375 181.34375 188.4250030517578125 194.068756103515625 200.0625 205.712493896484375 210.725006103515625 213.256256103515625 205.9812469482421875 195.975006103515625 184.625 175.868743896484375 169.181243896484375 163.65625 159.5500030517578125 156.5124969482421875 155.2624969482421875 154.6687469482421875 154 150.868743896484375 147.53125 145.056243896484375 141.4562530517578125 136.2312469482421875 129.1125030517578125 124.0124969482421875 118.55625152587890625 111.83750152587890625 107.90000152587890625 105.2375030517578125 103.33750152587890625 100.9812469482421875 99.58750152587890625 97.3312530517578125 94.0749969482421875 89.875 85.50624847412109375 83.16249847412109375 82.7312469482421875 81.76874542236328125 80.8249969482421875 79.33750152587890625 77.1374969482421875
163.5437469482421875 174.1125030517578125 184.0812530517578125 189.9812469482421875 194.9812469482421875 200.8625030517578125 206.100006103515625 211.625 213.6062469482421875 207.1687469482421875 196.7687530517578125 186.806243896484375 178.712493896484375 172.3562469482421875 167.78125 163.931243896484375 161.475006103515625 160.1687469482421875 159.306243896484375 158.212493896484375 155.162506103515625 152.2312469482421875 148.2624969482421875 143.1687469482421875 136.4875030517578125 127.9250030517578125 121.6687469482421875 118.3125 114.7687530517578125 112.5187530517578125 110.63124847412109375 108.77500152587890625 105.86875152587890625 103.0437469482421875 100.00624847412109375 96.9187469482421875 92.65000152587890625 87.7937469482421875 85.75624847412109375 84.84375 83.8625030517578125 83.1687469482421875 81.75 79.6062469482421875
167.90625 178.118743896484375 188.2687530517578125 192.056243896484375 195.8625030517578125 200.8312530517578125 205.068756103515625 208.53125 209.0625 205.037506103515625 197.962493896484375 189.53125 182.5187530517578125 176.712493896484375 172.4187469482421875 169.4499969482421875 167 165.8312530517578125 164.899993896484375 163.875 160.524993896484375 156.25 152.6437530517578125 146.28125 139.056243896484375 131.9499969482421875 125.8000030517578125 121.84375 118.47499847412109375 116.6062469482421875 114.80625152587890625 112.28749847412109375 109.46875 105.8249969482421875 102.3625030517578125 98.65000152587890625 95.0437469482421875 91.4187469482421875 89.22499847412109375 88.3312530517578125 87.2687530517578125 86.46875 85.02500152587890625 83.6750030517578125
174.0749969482421875 182.1624908447265625 187.9499969482421875 192.4375 195.2375030517578125 199.15625 202.5187530517578125 204.9875030517578125 205.65625 203.6999969482421875 197.4375 191.4250030517578125 185.337493896484375 180.21875 177.2624969482421875 174.6687469482421875 172.943756103515625 171.556243896484375 170.8249969482421875 169.75 166.3562469482421875 161.8562469482421875 157.8625030517578125 151.125 143.9499969482421875 137.1374969482421875 131.600006103515625 126.66249847412109375 122.56874847412109375 120.68125152587890625 117.90625 115.90625 112.80625152587890625 108.4499969482421875 104.77500152587890625 100.9499969482421875 97.34375 94.3562469482421875 92.75624847412109375 91.94374847412109375 91.0812530517578125 90.61875152587890625 89.30625152587890625 88.49375152587890625
179.712493896484375 182.412506103515625 186.368743896484375 189.587493896484375 191.837493896484375 195.931243896484375 198.9375 201.212493896484375 201.3249969482421875 199.3000030517578125 196.5187530517578125 192.28125 187.7375030517578125 183.787506103515625 181.056243896484375 179.412506103515625 177.28125 176.649993896484375 175.7687530517578125 174.568756103515625 171.5437469482421875 167.2624969482421875 163.118743896484375 157.4875030517578125 149.725006103515625 142.850006103515625 136.84375 131.4499969482421875 127.0437469482421875 124.5124969482421875 122.28749847412109375 119.15625 115.58750152587890625 110.93125152587890625 106.21875 102.44374847412109375 98.9499969482421875 95.96250152587890625 95.21875 95.3937530517578125 95.21875 96.2062530517578125 96.41249847412109375 96.5812530517578125
184.1999969482421875 183.243743896484375 185.3000030517578125 187.46875 188.9499969482421875 192.524993896484375 195.9375 197.6437530517578125 197.712493896484375 197.006256103515625 194.9562530517578125 192.1687469482421875 189.6687469482421875 186.256256103515625 184.537506103515625 183.3874969482421875 182.3874969482421875 181.03125 180.618743896484375 180.2375030517578125 176.912506103515625 172.9375 169.8312530517578125 163.212493896484375 155.4375 148.6125030517578125 142.712493896484375 137.068756103515625 131.381256103515625 128.3125 125.3000030517578125 122.21875 117.9187469482421875 112.5437469482421875 107.86249542236328125 103.55625152587890625 99.5749969482421875 97.15000152587890625 96.91249847412109375 98.15000152587890625 99.97499847412109375 102.1999969482421875 103.08750152587890625 105.43125152587890625
188.4875030517578125 184.850006103515625 184.625 185.931243896484375 186.75 189.1437530517578125 191.5749969482421875 193.631256103515625 194.350006103515625 194.931243896484375 194.524993896484375 192.931243896484375 191.15625 188.65625 188.006256103515625 187.2687530517578125 187.03125 185.975006103515625 185.3874969482421875 185.131256103515625 181.84375 178.662506103515625 175.6750030517578125 168.7312469482421875 160.8249969482421875 154.2375030517578125 148.03125 141.8562469482421875 136.5500030517578125 132.568756103515625 128.5 124.9250030517578125 119.9250030517578125 114 108.7624969482421875 104.36249542236328125 100.09999847412109375 96.99375152587890625 96.8312530517578125 98.45624542236328125 101.46250152587890625 104.94374847412109375 107.52500152587890625 112.91249847412109375
192.7375030517578125 187.537506103515625 185.725006103515625 184.5812530517578125 184.5625 185.493743896484375 187.693756103515625 190.118743896484375 191.9812469482421875 192.6374969482421875 193.818756103515625 192.837493896484375 192.5875091552734375 191.3874969482421875 190.8312530517578125 190.9499969482421875 190.024993896484375 189.943756103515625 189.100006103515625 187.6999969482421875 185.4375 182.912506103515625 179.850006103515625 172.5 165.287506103515625 159.53125 153 146.318756103515625 140.100006103515625 135.65625 131.7062530517578125 127.59999847412109375 122 116.125 110.2687530517578125 105.0812530517578125 99.94374847412109375 96.28125 94.6875 94.91249847412109375 97.0124969482421875 102.9187469482421875 107.9562530517578125 115.625
196.399993896484375 189.5437469482421875 186.7312469482421875 183.34375 182.28125 183.806243896484375 185.381256103515625 187.4875030517578125 189.287506103515625 190.4875030517578125 192.8562469482421875 193.5500030517578125 194.9499969482421875 194.818756103515625 193.8937530517578125 194.1062469482421875 194.087493896484375 193.25 192.212493896484375 191.131256103515625 188.65625 186.649993896484375 184.0625 176.8312530517578125 169.90625 163.818756103515625 157.15625 150.2375030517578125 143.59375 138.631256103515625 134.6374969482421875 130.193756103515625 124.19374847412109375 118.1875 112.0187530517578125 105.5124969482421875 99.64374542236328125 95.1062469482421875 92.25624847412109375 89.41249847412109375 91 98.88124847412109375 106.8625030517578125 115.0124969482421875
198.600006103515625 190.756256103515625 186.09375 182.96875 182.274993896484375 181.875 182.8125 184.6437530517578125 186.6750030517578125 188.6999969482421875 191.399993896484375 193.75 195.537506103515625 196.96875 197.431243896484375 197.6437530517578125 196.75 194.9937591552734375 194.9250030517578125 193.837493896484375 191.5812530517578125 189.75 187.5812530517578125 180.3625030517578125 173.9124908447265625 167.6750030517578125 160.7937469482421875 153.84375 146.8562469482421875 141.931243896484375 137.506256103515625 132.381256103515625 126.21250152587890625 120.2624969482421875 113.34375 106.21250152587890625 99.5812530517578125 94.05625152587890625 89.9875030517578125 87.21875 88.61875152587890625 96.9812469482421875 105.49375152587890625 114.71875
201.6875 193.600006103515625 188.4812469482421875 185.3125 182.9250030517578125 181.6875 181.3249969482421875 181.78125 183.368743896484375 185.8625030517578125 191.506256103515625 193.931243896484375 197.46875 200.71875 200.850006103515625 200.100006103515625 198.131256103515625 196.618743896484375 195.899993896484375 194.774993896484375 192.3874969482421875 190.4250030517578125 187.899993896484375 181.84375 175.756256103515625 169.943756103515625 163.2937469482421875 156.193756103515625 149.5437469482421875 145.181243896484375 140.60626220703125 135.5812530517578125 128.2312469482421875 122.2062530517578125 116.1125030517578125 109.49375152587890625 102.22499847412109375 95.5187530517578125 91.6750030517578125 90.34375 91.1687469482421875 97.96875 105.6687469482421875 113.8000030517578125
203.34375 196.2062530517578125 191.4375 187.78125 183.506256103515625 181.506256103515625 179.943756103515625 179.3562469482421875 179.725006103515625 182.4812469482421875 187.2937469482421875 193.4375 200.131256103515625 202.8125 203.431243896484375 201.875 199.5625 198.1750030517578125 196.25 195.5187530517578125 192.868743896484375 190.4812469482421875 187.9250030517578125 181.75 176.8312530517578125 171.681243896484375 164.868743896484375 158.068756103515625 152.037506103515625 147.6999969482421875 143.618743896484375 139.006256103515625 132.09375 125.02500152587890625 119.25624847412109375 112.3625030517578125 104.625 97.6687469482421875 94.50624847412109375 93.3249969482421875 92.9250030517578125 98.41249847412109375 105.41249847412109375 112.61875152587890625
204.7062530517578125 198.875 193.1875 189.162506103515625 184.212493896484375 181.1750030517578125 178.3874969482421875 177.006256103515625 175.6374969482421875 177.9499969482421875 183.8249969482421875 192.1374969482421875 201.3125 206.693756103515625 205.21875 203.0625 200.5625 198.75 196.9312591552734375 195.131256103515625 192.6999969482421875 189.75 187.0437469482421875 181.2062530517578125 176.8625030517578125 172.4187469482421875 166.375 160.5124969482421875 154.8125 150.287506103515625 146.1062469482421875 141.9812469482421875 135.1437530517578125 128.587493896484375 122.1062469482421875 114.5 106.71875 100.6125030517578125 97.61875152587890625 95.7937469482421875 94.8874969482421875 98.69374847412109375 104.31874847412109375 110.0749969482421875
204.725006103515625 199.5124969482421875 194.868743896484375 189.9812469482421875 185.181243896484375 181.806243896484375 177.712493896484375 174.681243896484375 172.1500091552734375 172.7062530517578125 179.3125 189.068756103515625 200.09375 206.024993896484375 205.2937469482421875 202.7375030517578125 199.662506103515625 198.0749969482421875 196.2624969482421875 193.975006103515625 191.600006103515625 188.899993896484375 184.962493896484375 179.875 175.756256103515625 171.4250030517578125 166.0187530517578125 161.024993896484375 156.068756103515625 152.28125 148.21875 144.2624969482421875 137.8125 132.125 125.4499969482421875 118.1687469482421875 112.58750152587890625 106.81874847412109375 104.1062469482421875 102.25 101.49375152587890625 104.28125 107.28749847412109375 111.71875
204.6750030517578125 200.2375030517578125 195.931243896484375 191.4499969482421875 186.850006103515625 182.431243896484375 177.3937530517578125 172.9499969482421875 168.6875 165.962493896484375 173.8000030517578125 188.3249969482421875 197.9499969482421875 202.618743896484375 203.149993896484375 201.3874969482421875 198.0124969482421875 196.5500030517578125 194.2062530517578125 191.506256103515625 188.84375 185.743743896484375 182.4562530517578125 177.4875030517578125 173.4499969482421875 169.8312530517578125 165.1437530517578125 161.1687469482421875 157.5124969482421875 153.9499969482421875 150.506256103515625 146.212493896484375 141.1750030517578125 135.8625030517578125 128.9812469482421875 123.65000152587890625 118.74375152587890625 114.3562469482421875 111.78749847412109375 109.68125152587890625 108.5749969482421875 109.28749847412109375 111.19374847412109375 114.21875
205.0812530517578125 201.462493896484375 197.25 193.131256103515625 188.9812469482421875 183.9875030517578125 179.46875 174.506256103515625 170.068756103515625 164.9562530517578125 177.693756103515625 191.943756103515625 198.2624969482421875 201.7937469482421875 201.7312469482421875 199.8625030517578125 196.2375030517578125 194.4250030517578125 192.2062530517578125 188.90625 185.6062469482421875 181.556243896484375 178.15625 173.5500030517578125 170.7062530517578125 167.8562469482421875 163.8249969482421875 160.9187469482421875 158.212493896484375 155.4187469482421875 151.6437530517578125 148.3125 144.0500030517578125 138.943756103515625 133.412506103515625 128.4562530517578125 125.0812530517578125 121.18125152587890625 119.4499969482421875 117.71875 115.3000030517578125 115.22499847412109375 114.9375 115.75
208.0437469482421875 204.1062469482421875 200.337493896484375 196.1999969482421875 191.8874969482421875 187.0500030517578125 182.7687530517578125 180.118743896484375 178.34375 182.5 195.493743896484375 199.46875 200.412506103515625 201.556243896484375 201.506256103515625 199.75 196.21875 193.6312408447265625 190.0437469482421875 186.7062530517578125 181.868743896484375 177.243743896484375 173.8125 169.868743896484375 166.881256103515625 165.1999969482421875 162.875 161.34375 159.375 156.975006103515625 154.7937469482421875 151.912506103515625 147.881256103515625 143.4812469482421875 139.912506103515625 136.4562530517578125 132.53125 129.243743896484375 127.46250152587890625 124.15625 122.06874847412109375 121.5500030517578125 120.47499847412109375 120.6687469482421875
211.837493896484375 207.725006103515625 204.15625 200.2687530517578125 195.59375 191.8249969482421875 187.743743896484375 186.6437530517578125 186.90625 191.350006103515625 197.6374969482421875 201.556243896484375 202.75 202.443756103515625 202.256256103515625 199.899993896484375 196.618743896484375 193.3937530517578125 188.6062469482421875 183.600006103515625 178.0124969482421875 172.6437530517578125 168.4250030517578125 165.1125030517578125 163.712493896484375 162.524993896484375 161.399993896484375 161.3625030517578125 160.7312469482421875 159.1687469482421875 157.1875 155.7687530517578125 154 150.631256103515625 148.2687530517578125 144.5749969482421875 140.4562530517578125 137.2687530517578125 135.4812469482421875 131.1062469482421875 128.1999969482421875 127.61875152587890625 126.16249847412109375 125.8125
