data/historical-monthly-weather-data/wc2.1_cruts4.09_10m_prec_1969-04.asc
ncols        45
nrows        45
xllcorner    -63.500000000000
yllcorner    -7.500000000000
cellsize     0.166666666667
NODATA_value -9999
[rows 0 to 19 of 45, columns 0 to 44 of 45]
269.33123779296875 276.881256103515625 278.0625 283.95001220703125 284.90625 281.08123779296875 275.92498779296875 266.475006103515625 260.89373779296875 259.57501220703125 261.78125 264.3125 265.662506103515625 265.068756103515625 264.8125 265.318756103515625 267.01251220703125 264.756256103515625 265.274993896484375 266.16876220703125 268.568756103515625 272.506256103515625 275.90625 282.443756103515625 287.03125 294.76251220703125 302.0625 311.63751220703125 320.95001220703125 336.087493896484375 353.32501220703125 371.01251220703125 384.9375 401.118743896484375 416.568756103515625 428.73748779296875 437.42498779296875 445.73748779296875 453.61248779296875 458.243743896484375 462.48126220703125 464.774993896484375 462.38751220703125 462.57501220703125 459.024993896484375
276.42498779296875 284.01873779296875 293 301.09375 308.01873779296875 303.61248779296875 297.225006103515625 292.79376220703125 289.5625 288.16876220703125 289.912506103515625 290.5625 291.23748779296875 290.48126220703125 287.756256103515625 288.03125 286.881256103515625 285.912506103515625 285.85626220703125 285.48748779296875 287.76873779296875 290.975006103515625 296.14373779296875 300.95001220703125 307.04376220703125 313.587493896484375 319.98748779296875 329.181243896484375 336.08123779296875 349.45623779296875 366.54998779296875 384.899993896484375 397.60626220703125 413.118743896484375 425.39373779296875 435.14373779296875 444.993743896484375 452.04998779296875 457.556243896484375 459.29376220703125 460.787506103515625 463.15625 460.92498779296875 457.8125 452.79376220703125
275.681243896484375 285.54376220703125 294.837493896484375 306.85626220703125 317.26873779296875 317.837493896484375 317.0625 317.631256103515625 320.368743896484375 320.537506103515625 320.381256103515625 318.943756103515625 319.09375 315.60626220703125 312.024993896484375 310.48126220703125 308.318756103515625 307.70623779296875 307 308.01873779296875 312.274993896484375 317.631256103515625 322.3125 327.537506103515625 334.875 341.662506103515625 348.487518310546875 352.506256103515625 356.04998779296875 369.63751220703125 385.256256103515625 401.25 416.79998779296875 431.07501220703125 441.318756103515625 448.96875 460.1875 468.95001220703125 472.04376220703125 473.29998779296875 473.79998779296875 472.10626220703125 468.63751220703125 465.25 459.600006103515625
269.193756103515625 279.60626220703125 294.28125 306.35626220703125 318.75 326.71875 333.024993896484375 340.006256103515625 348.837493896484375 354.26873779296875 353.806243896484375 349.17498779296875 344.806243896484375 341.40625 336.13751220703125 333.40625 331.29376220703125 330.57501220703125 330.20623779296875 332.181243896484375 339.1875 345.912506103515625 350.375 357.40625 364.96875 370.23126220703125 376.58123779296875 377.024993896484375 378.524993896484375 393.03125 407.66876220703125 422.51251220703125 434.01873779296875 447.056243896484375 456.943756103515625 467.162506103515625 476.67498779296875 484.75 489.899993896484375 488.243743896484375 487.59375 486.125 478.08123779296875 470.975006103515625 466.66876220703125
275.40625 281.131256103515625 289.337493896484375 303.100006103515625 320.23748779296875 332.63751220703125 342.75 356.63751220703125 372.70001220703125 385.53125 383.350006103515625 372.5625 367.618743896484375 364.45623779296875 358.3125 354.38751220703125 350.8125 351.118743896484375 351.48748779296875 353.96875 363.556243896484375 370.85626220703125 377.193756103515625 386.89373779296875 391.95623779296875 397.35626220703125 399.662506103515625 402.587493896484375 404.98748779296875 415.725006103515625 429.26873779296875 438.818756103515625 448.881256103515625 461.875 472.662506103515625 481.818756103515625 489.068756103515625 497.07501220703125 502.337493896484375 500.63751220703125 500.975006103515625 492.774993896484375 484.556243896484375 478.65625 471.53125
273.67498779296875 280.5625 289.524993896484375 297.20001220703125 313.60626220703125 329.399993896484375 342.17498779296875 358.5625 376.443756103515625 394.037506103515625 389.881256103515625 380.89373779296875 377.806243896484375 376.08123779296875 370.26873779296875 367.818756103515625 363.16876220703125 365.01873779296875 369.993743896484375 375.475006103515625 383.76873779296875 391.375 401.45623779296875 409.08123779296875 415.5625 422.09375 422.79376220703125 423.6875 424.431243896484375 432.71875 443.556243896484375 454.36248779296875 459.274993896484375 469.76251220703125 481.431243896484375 487.6875 496.318756103515625 503.01251220703125 506.5625 507.125 501.381256103515625 492.756256103515625 485.84375 480.78125 475.556243896484375
272.89373779296875 279.20001220703125 288.399993896484375 295.375 303.84375 316.54998779296875 330.79376220703125 347.100006103515625 360.66876220703125 372.07501220703125 379.443756103515625 380.60626220703125 384.3125 384 380.912506103515625 380.96875 378.29998779296875 378.60626220703125 383.618743896484375 393 403.78125 413.931243896484375 424.181243896484375 429.006256103515625 436.54376220703125 443.975006103515625 445.14373779296875 442.46875 441.34375 448.35626220703125 458.162506103515625 465.600006103515625 470.712493896484375 475.756256103515625 484.524993896484375 489.399993896484375 493.806243896484375 500.212493896484375 506.506256103515625 505.3125 494.131256103515625 486.925018310546875 481.53125 476.85626220703125 474.337493896484375
272.887481689453125 276.743743896484375 284.11248779296875 292.943756103515625 301.98126220703125 313.20623779296875 321.15625 328.11248779296875 333.806243896484375 345.23126220703125 364.01251220703125 376.975006103515625 386.131256103515625 391.0625 392.08123779296875 392.29376220703125 390.912506103515625 392.912506103515625 396.712493896484375 408.568756103515625 422.774993896484375 435.3125 444.899993896484375 450.20001220703125 459.76873779296875 463.743743896484375 463.212493896484375 460.10626220703125 458.48748779296875 464.600006103515625 468.83123779296875 473.95001220703125 477.17498779296875 480.712493896484375 485.681243896484375 484.40625 487.23748779296875 489.962493896484375 491.818756103515625 487.787506103515625 479.73126220703125 475.51251220703125 470.25 464.337493896484375 459.587493896484375
272.681243896484375 276.837493896484375 283.787506103515625 290.98126220703125 299.61248779296875 308.95001220703125 317.65625 322.76251220703125 321.76251220703125 327.5625 350.70623779296875 368.58123779296875 386.53125 394.45001220703125 396.95001220703125 400.431243896484375 403.100006103515625 408.024993896484375 415.57501220703125 425.625 433.149993896484375 449.29998779296875 459.306243896484375 468.412506103515625 476.743743896484375 477.75 475 472.21875 469.806243896484375 473.681243896484375 478.306243896484375 477.96875 477.16876220703125 475.443756103515625 478.506256103515625 476.58123779296875 477.818756103515625 475.73748779296875 475.693756103515625 470.037506103515625 462.350006103515625 456.475006103515625 453.4375 450.037506103515625 440.60626220703125
272.20001220703125 274.818756103515625 282.337493896484375 289.83123779296875 297.26251220703125 307.256256103515625 317.175018310546875 323.287506103515625 329.037506103515625 340.13751220703125 358.881256103515625 372.537506103515625 387.85626220703125 397.09375 404.14373779296875 408.90625 414.36248779296875 422.462493896484375 431.36248779296875 445.84375 453.78125 464.743743896484375 474.087493896484375 485.45623779296875 488.600006103515625 486.48748779296875 482.524993896484375 478.774993896484375 477.556243896484375 483.01873779296875 481.38751220703125 476.57501220703125 472.76873779296875 469.59375 469.306243896484375 467.368743896484375 463.15625 459.399993896484375 456.91876220703125 453.20001220703125 447.73126220703125 442.506256103515625 437.76251220703125 428.931243896484375 422.96875
271.931243896484375 275.3125 282.181243896484375 289.131256103515625 294.993743896484375 305.79376220703125 317.01251220703125 325.462493896484375 336.26873779296875 350.368743896484375 369.006256103515625 384.743743896484375 393.29376220703125 402.193756103515625 408.6875 414.725006103515625 423.09375 434.037506103515625 446.66876220703125 461.29376220703125 476.14373779296875 485.86248779296875 490.88751220703125 487.61248779296875 495.90625 494.23126220703125 486.23126220703125 480.79376220703125 476.73748779296875 480.125 476.59375 469.681243896484375 465.03125 460.33123779296875 458.01873779296875 450.556243896484375 444.399993896484375 439.79376220703125 437.600006103515625 433.84375 427.60626220703125 422.33123779296875 420.6875 415.29376220703125 408.225006103515625
271.125 273.975006103515625 280.537506103515625 290.40625 297.806243896484375 306.95001220703125 319.90625 331.850006103515625 345.350006103515625 360.6875 379.38751220703125 396.037506103515625 399.9375 405.25 411.443756103515625 418.58123779296875 426.54998779296875 438.16876220703125 452.40625 468.95623779296875 483.875 494.681243896484375 501.5625 502.65625 498.524993896484375 488.66876220703125 479.306243896484375 471.16876220703125 466.79998779296875 465.33123779296875 461.23748779296875 455.03125 448.42498779296875 443.975006103515625 440.96875 434.943756103515625 430.618743896484375 426.9375 421.16876220703125 414.318756103515625 409.431243896484375 405.850006103515625 402.84375 393.48748779296875 386.306243896484375
271.243743896484375 273.89373779296875 280.850006103515625 289.73748779296875 298.725006103515625 311.33123779296875 322.79376220703125 334.20623779296875 347.51873779296875 365.506256103515625 383.84375 400.399993896484375 405.90625 402.568756103515625 408.35626220703125 418.350006103515625 425.193756103515625 437.04998779296875 453.4375 468.26873779296875 484.17498779296875 493.631256103515625 496.837493896484375 496.33123779296875 481.037506103515625 468.225006103515625 463.837493896484375 455.806243896484375 453.01251220703125 449.225006103515625 444.09375 436.79998779296875 429.6875 425.21875 420.75 417.91876220703125 414.912506103515625 411.787506103515625 407.73126220703125 401.20623779296875 390.17498779296875 389.006256103515625 382.88751220703125 374.5625 371.95001220703125
270.162506103515625 272.89373779296875 279.01873779296875 287.48126220703125 298.34375 310.556243896484375 321.61248779296875 333.70623779296875 348.48126220703125 364.618743896484375 379.087493896484375 390.38751220703125 397.800018310546875 399.462493896484375 401.54376220703125 412.850006103515625 419.84375 429.212493896484375 446.07501220703125 458.787506103515625 473.25 480.587493896484375 485.86248779296875 477.66876220703125 465.76873779296875 455.23748779296875 448.48126220703125 441.64373779296875 436.756256103515625 432.912506103515625 426.66876220703125 419.96875 409.96875 405.162506103515625 402.45623779296875 401.600006103515625 399.5 399.149993896484375 397.524993896484375 389.0625 373.712493896484375 365.39373779296875 365.9375 367.95001220703125 369.25
266.899993896484375 270.412506103515625 277.46875 286.631256103515625 298.26251220703125 310.149993896484375 322.33123779296875 334.212493896484375 346.48748779296875 359.556243896484375 372.17498779296875 382.375 388.11248779296875 390.54376220703125 391.13751220703125 397.48126220703125 406.068756103515625 420.21875 435.63751220703125 448.64373779296875 460.25 470.79376220703125 473.631256103515625 464.96875 453.787506103515625 445.65625 437.618743896484375 431.58123779296875 426.85626220703125 420.42498779296875 410.45623779296875 398.787506103515625 392.88751220703125 386.11248779296875 381.63751220703125 380.350006103515625 385.693756103515625 391.006256103515625 388.95001220703125 377.350006103515625 363.068756103515625 359.868743896484375 365.537506103515625 363.79998779296875 361.45623779296875
261.88751220703125 265.806243896484375 274.98748779296875 285.71875 297.03125 308.85626220703125 320.66876220703125 332.681243896484375 346.09375 356.975006103515625 367.412506103515625 375.912506103515625 381.475006103515625 382.13751220703125 380.225006103515625 378.08123779296875 391.381256103515625 410.681243896484375 424.256256103515625 438.037506103515625 450.162506103515625 458.512481689453125 460.931243896484375 453.10626220703125 441.98126220703125 435.75 426.243743896484375 421.368743896484375 416.45623779296875 410.45001220703125 402.868743896484375 389.993743896484375 375.556243896484375 366.212493896484375 358.48126220703125 366.100006103515625 372.412506103515625 379.45623779296875 379.056243896484375 373.51873779296875 362.70001220703125 362.04998779296875 362.48748779296875 358.15625 353.35626220703125
255.46875 261.15625 271.881256103515625 283.693756103515625 295.087493896484375 306.899993896484375 320.45623779296875 332.42498779296875 343.212493896484375 353.82501220703125 362.443756103515625 370.26251220703125 374.21875 375.0625 375.78125 377.412506103515625 381.14373779296875 396.850006103515625 413.912506103515625 429.45623779296875 441.743743896484375 452.068756103515625 454.943756103515625 442.131256103515625 431.45623779296875 423.73748779296875 416.118743896484375 411 407.962493896484375 403.412506103515625 394.631256103515625 381.962493896484375 368.5625 358.20001220703125 357.618743896484375 360.34375 368.037506103515625 376.96875 382.725006103515625 375.33123779296875 366.15625 363.337493896484375 357.493743896484375 352.068756103515625 345.38751220703125
246.399993896484375 254.6062469482421875 265.95001220703125 280.42498779296875 292.868743896484375 306.07501220703125 320.70623779296875 331.649993896484375 341.65625 350.10626220703125 356.73126220703125 363.20001220703125 366.4375 369.056243896484375 370.95623779296875 374.60626220703125 377.662506103515625 380.9375 401.912506103515625 418.493743896484375 434.662506103515625 444.737518310546875 448.66876220703125 436.375 427.14373779296875 419.84375 408.118743896484375 406.475006103515625 404.76873779296875 398.25 383.556243896484375 361.29376220703125 356.53125 352.587493896484375 349.818756103515625 357.006256103515625 364.48126220703125 371.89373779296875 375.399993896484375 375.087493896484375 363.8125 358.90625 352.76873779296875 345.95623779296875 340.024993896484375
236.274993896484375 246.443756103515625 260.29998779296875 274.712493896484375 288.75 303.71875 317.943756103515625 331.743743896484375 341.881256103515625 349.25 353.274993896484375 354.875 358.149993896484375 363.04376220703125 362.13751220703125 365.71875 370.13751220703125 375.16876220703125 385.66876220703125 402.149993896484375 426.78125 442.20001220703125 434.76251220703125 429.712493896484375 425.07501220703125 422.36248779296875 415.125 409.850006103515625 408.16876220703125 398.725006103515625 383.16876220703125 362.225006103515625 351.074981689453125 337.35626220703125 333.337493896484375 341.287506103515625 350.475006103515625 357.45623779296875 365.068756103515625 363.85626220703125 359.73126220703125 355.018768310546875 347.375 340.14373779296875 334.756256103515625
225.975006103515625 238.068756103515625 252.3562469482421875 266.42498779296875 283.368743896484375 301.5625 318.39373779296875 330.850006103515625 340.631256103515625 347.58123779296875 349.78125 352.54376220703125 354.84375 357.337493896484375 354.67498779296875 351.26873779296875 352.100006103515625 365.5 375.193756103515625 390.493743896484375 408.66876220703125 421.33123779296875 431.3125 428.068756103515625 424.537506103515625 421.568756103515625 416.90625 415.64373779296875 409.54998779296875 395.068756103515625 375.01251220703125 361.76251220703125 344.84375 324.53125 312.76251220703125 320.57501220703125 336.743743896484375 349.79376220703125 356.4375 357.850006103515625 353.556243896484375 348.875 341.76873779296875 334.36248779296875 326.48126220703125
