data/historical-monthly-weather-data/wc2.1_cruts4.09_10m_prec_1983-01.asc
ncols        45
nrows        45
xllcorner    -63.500000000000
yllcorner    -7.500000000000
cellsize     0.166666666667
NODATA_value -9999
[rows 0 to 19 of 45, columns 0 to 43 of 45]
32.375 30.28125 28.924999237060546875 28.212499618530273438 27.331249237060546875 27.831249237060546875 28.081249237060546875 28.006250381469726562 28.799999237060546875 30.074998855590820312 31.887500762939453125 34.96250152587890625 37.918750762939453125 40.081249237060546875 43.94374847412109375 48.5625 53.19374847412109375 56.66249847412109375 62.768749237060546875 68.69374847412109375 73.03749847412109375 77.9562530517578125 83.11875152587890625 88.2624969482421875 94.69374847412109375 100.9812469482421875 108.5187530517578125 117.36875152587890625 125.75624847412109375 124.59375 122.03749847412109375 119.34375 116.36875152587890625 114.3125 111.34999847412109375 110.4875030517578125 108.3249969482421875 105.72499847412109375 105.27500152587890625 104.84999847412109375 104.09375 104.1437530517578125 103.75 103.875
32.831249237060546875 30.693750381469726562 29.518749237060546875 28.637500762939453125 28.043750762939453125 28.393749237060546875 28.481250762939453125 28.725000381469726562 29.84375 31.106250762939453125 32.4375 35.081249237060546875 37.625 40.34375 44.34999847412109375 48.65625 53.018749237060546875 58.72499847412109375 66.06874847412109375 74.0812530517578125 79.40000152587890625 84.4250030517578125 90.0749969482421875 95.90000152587890625 101.3312530517578125 107.0500030517578125 114.78125 123.1437530517578125 130.506256103515625 129.8249969482421875 126.9187469482421875 123.63124847412109375 121.2375030517578125 120.6437530517578125 118.3125 117.0625 117.1062469482421875 115.4562530517578125 115.13124847412109375 115.0500030517578125 115.08750152587890625 114.99375152587890625 113.8312530517578125 113.61875152587890625
35.88124847412109375 34.1875 33.143749237060546875 32.4375 31.931249618530273438 31.818750381469726562 31.637500762939453125 31.6875 32.5625 33.549999237060546875 34.46875 36.80625152587890625 39.24375152587890625 41.59375 45.71875 49.75 54.125 59.43125152587890625 65.7937469482421875 73.5625 78.71875 83.9875030517578125 89.14374542236328125 94.3562469482421875 99.5437469482421875 105.00624847412109375 113.0500030517578125 121.68125152587890625 128.3874969482421875 126.71875 124.28125 121.2687530517578125 119.5812530517578125 116.6875 115.1687469482421875 114.0437469482421875 113.7937469482421875 113.11875152587890625 112.9187469482421875 112.55625152587890625 113.02500152587890625 113.0437469482421875 112.625 112.5187530517578125
39.237499237060546875 38.125 37.768749237060546875 37.30625152587890625 37.15625 35.893749237060546875 35.28749847412109375 35.081249237060546875 35.90625 36.69374847412109375 36.875 38.706249237060546875 40.706249237060546875 42.80625152587890625 47.143749237060546875 51.356250762939453125 55.24375152587890625 58.96250152587890625 64.41249847412109375 71.8125 77.19374847412109375 81.77500152587890625 85.1687469482421875 90.43125152587890625 95.74375152587890625 101.3000030517578125 109.84999847412109375 117.69374847412109375 124.5749969482421875 122.9375 119.8125 117.34375 114.8125 111.71875 108.88124847412109375 108.6750030517578125 107.96250152587890625 107.56874847412109375 107.84999847412109375 108.21875 108 109.0124969482421875 109.34375 109.22499847412109375
44.4375 43.25 42.6875 42.63124847412109375 42.53125 40.943752288818359375 39.30625152587890625 38.61875152587890625 39.450000762939453125 40.018749237060546875 39.3125 40.674999237060546875 42.55625152587890625 44.643749237060546875 49.125 53.375 56.84375 58.38124847412109375 63.21250152587890625 70.1999969482421875 75.22499847412109375 78.50624847412109375 81.11875152587890625 85.7624969482421875 90.80625152587890625 96.97499847412109375 104.3625030517578125 112.52500152587890625 121.0500030517578125 118.96250152587890625 115.4812469482421875 111.0437469482421875 108.8625030517578125 106.2375030517578125 103.2624969482421875 102.875 102.90625 101.84999847412109375 102.3874969482421875 102.7375030517578125 103.65625 104.7062530517578125 105.875 105.99375152587890625
50.93125152587890625 50.450000762939453125 49.86875152587890625 49.43125152587890625 49.13124847412109375 47.143749237060546875 45.13124847412109375 43.668750762939453125 44.08750152587890625 44.47499847412109375 43.231250762939453125 44.762500762939453125 46.625 48.84999847412109375 52.77500152587890625 57.299999237060546875 60.21875 60.19374847412109375 63.981250762939453125 69.1687469482421875 72.78125 75.0437469482421875 77.58750152587890625 81.5124969482421875 86.46250152587890625 92.21250152587890625 99.90000152587890625 107.97499847412109375 115.9812469482421875 114.6875 110.96875 106.99375152587890625 103.6374969482421875 101.0749969482421875 99.1750030517578125 98.84999847412109375 98.9875030517578125 98.78125 99.6875 100.7687530517578125 101 102.31874847412109375 103.09375 103.33750152587890625
58.174999237060546875 58.34375 57.86875152587890625 56.88124847412109375 55.887500762939453125 52.90625 50.206249237060546875 47.950000762939453125 47.34999847412109375 46.61875152587890625 46.3125 48.52500152587890625 51.262500762939453125 53.887500762939453125 57.774997711181640625 62.200000762939453125 65.9250030517578125 66.40625 67.6125030517578125 68.56874847412109375 69.2375030517578125 70.6999969482421875 71.9187469482421875 75.80625152587890625 80.84375 86.06874847412109375 93.7624969482421875 102.1437530517578125 109.4187469482421875 108.2312469482421875 105.8249969482421875 102.40625 98.8125 95.61875152587890625 93.2624969482421875 94.0437469482421875 94.68125152587890625 95.375 97.4375 98.1374969482421875 98.22499847412109375 99.2937469482421875 99.9875030517578125 100.27500152587890625
66.30625152587890625 66.19374847412109375 65.5187530517578125 64.59375 63.19374847412109375 59.700000762939453125 55.700000762939453125 51.49375152587890625 49.30625152587890625 48.875 49.61875152587890625 52.90625 56.549999237060546875 59.387500762939453125 63.03749847412109375 67.0124969482421875 70.80625152587890625 70.40625 69.71250152587890625 66.15625 64.49375152587890625 64.70624542236328125 65.46875 69.38124847412109375 74.43125152587890625 79.38124847412109375 86.71250152587890625 94.8874969482421875 102.7624969482421875 102.19374847412109375 99.59999847412109375 96.875 93.3125 89.99375152587890625 87.44374847412109375 88.5625 89.96250152587890625 91.33750152587890625 93.40000152587890625 95.03749847412109375 95.96250152587890625 97.0625 97.7624969482421875 97.81874847412109375
74.28749847412109375 74.09375 73.2312469482421875 71.7062530517578125 70.2312469482421875 66.1687469482421875 61.737499237060546875 57.31874847412109375 54.33750152587890625 53.362499237060546875 55.65000152587890625 59.99375152587890625 64.6687469482421875 67.7937469482421875 69.08750152587890625 70.1125030517578125 71.0437469482421875 69.4812469482421875 67.38124847412109375 62.68125152587890625 60.237499237060546875 60.15000152587890625 60.5625 65.0187530517578125 69.75 74.3937530517578125 81.53749847412109375 89.0437469482421875 96.69374847412109375 96.8937530517578125 95.3874969482421875 92.71250152587890625 89.4250030517578125 85.88124847412109375 83.28125 84.5187530517578125 86.6999969482421875 88.6125030517578125 91.1999969482421875 93.58750152587890625 94.99375152587890625 96.1374969482421875 97.71875 98.6437530517578125
82.6125030517578125 82.22499847412109375 80.6437530517578125 79.00624847412109375 77.44374847412109375 73.5500030517578125 69.16249847412109375 65.25 63.3125 63.25624847412109375 64.9375 69.5625 74.4499969482421875 77.53749847412109375 75.36875152587890625 72.3249969482421875 69.0124969482421875 65.3562469482421875 61.200000762939453125 56.65000152587890625 54.637500762939453125 54.481250762939453125 55.143749237060546875 59.90625 64.1062469482421875 68.3000030517578125 75.1374969482421875 82.5625 89.5 90.25624847412109375 89.40000152587890625 87.8125 85.0124969482421875 81.8625030517578125 79.5187530517578125 80.91249847412109375 83.2687530517578125 85.78749847412109375 88.8937530517578125 91.94374847412109375 94.66875457763671875 96.2062530517578125 97.7624969482421875 98.41249847412109375
91.84375 91.2937469482421875 88.96875 86.8562469482421875 84.77500152587890625 81.28749847412109375 77.49375152587890625 74.7062530517578125 73.875 74.4187469482421875 76.625 81.22499847412109375 85.1437530517578125 87.1125030517578125 80.94374847412109375 73.36875152587890625 65.8125 60.33750152587890625 54.96875 50.049999237060546875 48.668750762939453125 48.40000152587890625 49.518749237060546875 53.606250762939453125 58.31874847412109375 61.956249237060546875 68.2375030517578125 75.3125 81.83750152587890625 82.625 82.6750030517578125 82.3625030517578125 80.13124847412109375 77.41249847412109375 75.2312469482421875 77.30625152587890625 79.97499847412109375 82.56874847412109375 86.55625152587890625 90.52500152587890625 93.8874969482421875 95.1999969482421875 96.875 97.84375
100.65000152587890625 99.4499969482421875 97.0625 95.2624969482421875 93.28125 90.05625152587890625 87.1999969482421875 85.96875 86.3625030517578125 87.6125030517578125 90.375 93.6125030517578125 93.86875152587890625 92.30625152587890625 84.50624847412109375 75.21250152587890625 66.55625152587890625 59.6875 53.700000762939453125 48.081249237060546875 46.02500152587890625 45.450000762939453125 46.606250762939453125 51.137500762939453125 55.03125 57.56874847412109375 63.34375 69.875 76.2375030517578125 78.09999847412109375 78.9375 79.15000152587890625 77.22499847412109375 74.66249847412109375 72.7062530517578125 74.9875030517578125 77.86875152587890625 80.65000152587890625 85.03125 89.71250152587890625 93.5749969482421875 94.8874969482421875 95.40000152587890625 95.6875
110.3562469482421875 108.78125 106.34375 104.1687469482421875 102.13124847412109375 100.24375152587890625 98.28749847412109375 97.43125152587890625 98.9250030517578125 101.40000152587890625 104.46250152587890625 104.9375 101.6437530517578125 95.44374847412109375 86.5437469482421875 76.8562469482421875 67.4812469482421875 60.387500762939453125 53.700000762939453125 47.44374847412109375 43.78749847412109375 42.94374847412109375 43.90625 47.3125 49.59999847412109375 51.94374847412109375 58.11875152587890625 64.93125152587890625 71.1062469482421875 73.71875 75.4187469482421875 76.2375030517578125 74.27500152587890625 71.80625152587890625 69.99375152587890625 72.3874969482421875 75.25 78.16249847412109375 82.7687530517578125 87.8312530517578125 92.5500030517578125 93.52500152587890625 92.13124847412109375 90.7375030517578125
119.25 117.52500152587890625 115.00624847412109375 112.8625030517578125 111.1374969482421875 109.33750152587890625 108.3874969482421875 109.15000152587890625 111.50624847412109375 114.81874847412109375 117.1437530517578125 113.78749847412109375 106.53125 98.0812530517578125 87.9875030517578125 78.44374847412109375 68.7062530517578125 61.43125152587890625 54.293750762939453125 47.893749237060546875 44.174999237060546875 42.325000762939453125 41.549999237060546875 43.856250762939453125 45.581249237060546875 47.94374847412109375 53.674999237060546875 60.00624847412109375 66.28749847412109375 69.4250030517578125 71.90625 73.46875 71.4875030517578125 68.83750152587890625 67.21875 69.5500030517578125 72.57500457763671875 75.84999847412109375 80.3312530517578125 85.03749847412109375 88.93125152587890625 87.61249542236328125 86.6750030517578125 86.75624847412109375
125.31874847412109375 123.59999847412109375 121.625 119.8125 118.9375 118.05625152587890625 118.27500152587890625 119.2312469482421875 121.5 124.16249847412109375 126.24375152587890625 120.90000152587890625 112.5500030517578125 103.1374969482421875 92.83750152587890625 83.06874847412109375 73.3000030517578125 65.4187469482421875 58.19374847412109375 51.887500762939453125 47.65000152587890625 44.325000762939453125 42.293750762939453125 43.5 45.143749237060546875 47.200000762939453125 52.293750762939453125 58.27500152587890625 64.06874847412109375 67.88124847412109375 70.8312530517578125 72.53749847412109375 70.78125 67.75 65.7312469482421875 67.58750152587890625 70.55625152587890625 73.86875152587890625 77.53749847412109375 79.3625030517578125 79.81874847412109375 80.3562469482421875 82.2937469482421875 84.0625
130.475006103515625 128.649993896484375 127.1875 125.8937530517578125 125.6750030517578125 125.6687469482421875 126.8000030517578125 128.2312469482421875 130.0187530517578125 132.774993896484375 134.475006103515625 128.09375 118.84375 108.5437469482421875 98.5124969482421875 87.78749847412109375 78.31874847412109375 70.3000030517578125 62.71250152587890625 56.200000762939453125 51.56874847412109375 47.25624847412109375 43.924999237060546875 44.24375152587890625 45.174999237060546875 46.65625 51.09375 56.8125 62.518749237060546875 67.0124969482421875 70.6374969482421875 72.6125030517578125 69.75 66.34375 63.8125 65.9812469482421875 68.78749847412109375 71.4499969482421875 73.90000152587890625 74.125 72.79375457763671875 74.49375152587890625 77.99375152587890625 80.38124847412109375
134.381256103515625 132.850006103515625 131.3937530517578125 130.818756103515625 131.443756103515625 132.2062530517578125 134.1875 136.1125030517578125 138.0250091552734375 140.28125 142.0500030517578125 135.3562469482421875 125.3125 114.3000030517578125 104.3937530517578125 93.99375152587890625 82.78749847412109375 74.4812469482421875 67.30625152587890625 61.137500762939453125 55.512500762939453125 50.237499237060546875 45.69374847412109375 45.05625152587890625 45.4375 46.0625 49.88124847412109375 55.15000152587890625 60.97499847412109375 66.36875152587890625 71.02500152587890625 73.4499969482421875 69.7312469482421875 65.3000030517578125 62.956249237060546875 64.91249847412109375 67.1999969482421875 69.9250030517578125 72.7624969482421875 71.50624847412109375 69.90625 71.68125152587890625 74.53125 77.34375
136.8874969482421875 135.462493896484375 134.0500030517578125 133.9187469482421875 134.274993896484375 135.4875030517578125 137.462493896484375 139.3874969482421875 141.443756103515625 144.2062530517578125 145.568756103515625 140.681243896484375 132.0187530517578125 121.8249969482421875 111.84999847412109375 100.8562469482421875 89.40625 79.90625 73.80625152587890625 67.71875 61.143749237060546875 54.237499237060546875 48.106250762939453125 46.625 46.19374847412109375 46.34999847412109375 49.65000152587890625 55.112499237060546875 61.456249237060546875 68.02500152587890625 73.22499847412109375 74.46875 70.125 65.625 62.450000762939453125 63.956249237060546875 66.6999969482421875 69.1999969482421875 71.21250152587890625 71.4875030517578125 70.11875152587890625 70.9250030517578125 72.90625 75.2624969482421875
137.53125 136.4562530517578125 135.40625 135.7375030517578125 136.5437469482421875 137.78125 138.8874969482421875 141.149993896484375 143.837493896484375 147 148.712493896484375 143.868743896484375 137.375 130.024993896484375 119.5437469482421875 107.2937469482421875 95.1875 85.53125 78.6125030517578125 73.36875152587890625 66.38124847412109375 58.350002288818359375 49.74375152587890625 47.893749237060546875 46.91249847412109375 46.762500762939453125 50.46250152587890625 55.47499847412109375 61.924999237060546875 69.5187530517578125 75.9187469482421875 76.84375 71.0749969482421875 64.5625 60.40000152587890625 62.31874847412109375 65.2687530517578125 67.49375152587890625 70.2312469482421875 71.0437469482421875 70.44374847412109375 70.4812469482421875 71.6062469482421875 73.5437469482421875
138.0500030517578125 137.1125030517578125 136.2937469482421875 136.100006103515625 137.306243896484375 139.368743896484375 140.71875 142.2687530517578125 145.09375 148.40625 150.118743896484375 146.568756103515625 142.90625 138.7062530517578125 126.47499847412109375 111.68125152587890625 98.6875 90.50624847412109375 84 78.4562530517578125 69.75 59.799999237060546875 51.18125152587890625 48.71250152587890625 47.356250762939453125 47.043750762939453125 50.72499847412109375 55.78749847412109375 61.36875152587890625 68.6374969482421875 75.11875152587890625 77.2937469482421875 70.5812530517578125 62.71250152587890625 57.643749237060546875 59.75624847412109375 63.86875152587890625 67.34999847412109375 70.3562469482421875 71.63124847412109375 71.1437530517578125 70.13124847412109375 71.0124969482421875 72.40000152587890625
