data/historical-monthly-weather-data/wc2.1_cruts4.09_10m_prec_1971-02.asc
ncols        51
nrows        45
xllcorner    -63.500000000000
yllcorner    -7.500000000000
cellsize     0.166666666667
NODATA_value -9999
[rows 0 to 19 of 45, columns 0 to 43 of 51]
208.1999969482421875 203.09375 195.0187530517578125 190.2937469482421875 183.15625 179.587493896484375 174.287506103515625 166.399993896484375 158.75 154.15625 153.3249969482421875 151.462493896484375 148.837493896484375 141.40625 136.037506103515625 131.0500030517578125 127.09999847412109375 121.03749847412109375 118.3937530517578125 116.58750152587890625 116.6687469482421875 117.1062469482421875 119.02500152587890625 121.875 125.61875152587890625 130.131256103515625 136.4250030517578125 143.375 151.0124969482421875 157.8625030517578125 165.6125030517578125 173.9375 180.618743896484375 187.8312530517578125 195.8249969482421875 202.431243896484375 207.09375 211.15625 215.28125 217.4875030517578125 220.84375 223.1999969482421875 223.662506103515625 227.2062530517578125
219.5500030517578125 214.943756103515625 210.3249969482421875 204.9499969482421875 200.6437530517578125 200.193756103515625 196.75 194.0250091552734375 190.6875 186.6999969482421875 183.5749969482421875 178.3874969482421875 172.600006103515625 165.087493896484375 157.5437469482421875 150.1374969482421875 144.0187530517578125 138.399993896484375 135.0187530517578125 132.350006103515625 132.225006103515625 133.443756103515625 135.53125 137.6875 139.912506103515625 143.6750030517578125 148.6687469482421875 154.9812469482421875 161.28125 167.350006103515625 173.1750030517578125 181.256256103515625 187.3625030517578125 194.399993896484375 200.756256103515625 206.5875091552734375 211.0812530517578125 214.375 218.006256103515625 220.056243896484375 222.818756103515625 224.537506103515625 224.399993896484375 226.743743896484375
228.4187469482421875 224.3249969482421875 220.3937530517578125 216.8000030517578125 214.90625 216.4250030517578125 218.5812530517578125 221.8812408447265625 223.256256103515625 220.7937469482421875 215.9875030517578125 208.443756103515625 199.96875 190.0812530517578125 179.868743896484375 170.181243896484375 161.712493896484375 156.2312469482421875 152.2062530517578125 149.337493896484375 149.3249969482421875 151.65625 153.1437530517578125 154.4187469482421875 156.9812469482421875 158.837493896484375 162.693756103515625 168.0187530517578125 172.100006103515625 176.4812469482421875 182.3937530517578125 189.024993896484375 195.25 200.59375 207.350006103515625 211.818756103515625 216.631256103515625 221.21875 223.90625 225.962493896484375 228.2062530517578125 228.875 228.34375 228.118743896484375
234.212493896484375 230.881256103515625 229.774993896484375 228.25 231.068756103515625 234.4375 241.475006103515625 250.78125 257.70623779296875 259.11248779296875 253.149993896484375 241.2062530517578125 227.850006103515625 214.8625030517578125 202.78125 191.0625 180.9562530517578125 173.4499969482421875 169.631256103515625 168.681243896484375 169.6374969482421875 171.3125 171.931243896484375 172.506256103515625 173.4499969482421875 174.3000030517578125 177.5812530517578125 180.9250030517578125 183.2624969482421875 187.15625 191.25 197.975006103515625 202.6687469482421875 207.9875030517578125 213.21875 218.6374969482421875 223.5749969482421875 227.7937469482421875 231.493743896484375 233.84375 234.4562530517578125 234.243743896484375 233.0437469482421875 231.287506103515625
245.15625 239.0625 236.2375030517578125 237.537506103515625 243.0749969482421875 251.024993896484375 260.962493896484375 276.70001220703125 292.25 300.431243896484375 288.70623779296875 270.26251220703125 255.2687530517578125 240.837493896484375 225.6437530517578125 212.21875 200.8874969482421875 191.8249969482421875 188.9499969482421875 189.006256103515625 190.6875 190.9375 191.587493896484375 191.368743896484375 190.618743896484375 190.46875 190.6125030517578125 191.662506103515625 194.5812530517578125 197.881256103515625 201.4187469482421875 205.5812530517578125 210.818756103515625 215.787506103515625 220.2937469482421875 225.6875 231.4375 236.2312469482421875 240 241.1437530517578125 241.90625 239.774993896484375 236.662506103515625 234.0500030517578125
251.899993896484375 247.4499969482421875 243.5500030517578125 243.225006103515625 248.3562469482421875 259.118743896484375 272.10626220703125 288.931243896484375 307.712493896484375 321.45623779296875 306.41876220703125 286.993743896484375 272.45623779296875 259.20001220703125 245.0500030517578125 233.2937469482421875 221.2687530517578125 213.056243896484375 211.6687469482421875 212.6374969482421875 212.100006103515625 211.287506103515625 210.5437469482421875 208.1750030517578125 205.1687469482421875 204.149993896484375 203.850006103515625 203.5749969482421875 204.725006103515625 207.318756103515625 210.399993896484375 214.03125 217.6437530517578125 223.899993896484375 228.78125 233.78125 239.537506103515625 244.2687530517578125 248.6750030517578125 249.5187530517578125 247.8562469482421875 244.53125 240.6999969482421875 237.0749969482421875
259.01251220703125 254.5812530517578125 251.600006103515625 249.412506103515625 253.212493896484375 262.57501220703125 274.96875 288.01251220703125 302.04998779296875 308.412506103515625 305 294.4375 283.756256103515625 273.66876220703125 263.23748779296875 253.743743896484375 245.631256103515625 241.6875 240.681243896484375 238.943756103515625 234.3312530517578125 231.4749908447265625 227.5812530517578125 223.1374969482421875 220.8000030517578125 217.618743896484375 216.4812469482421875 216.1125030517578125 214.6999969482421875 215.993743896484375 219.5749969482421875 222.75 226.7062530517578125 229.9875030517578125 234.337493896484375 240.65625 245.8562469482421875 251.056243896484375 256.756256103515625 257.04998779296875 252.8000030517578125 248.962493896484375 244.975006103515625 240.4187469482421875
265.17498779296875 259.181243896484375 256.10626220703125 256.381256103515625 259.54998779296875 266.20623779296875 273.86248779296875 280.76873779296875 286.46875 292.100006103515625 298.193756103515625 297.82501220703125 293.524993896484375 286.16876220703125 279.100006103515625 273.3125 268.48748779296875 268.9375 270.51873779296875 264.86248779296875 255.743743896484375 249.693756103515625 243.7375030517578125 238.587493896484375 235.03125 230.631256103515625 228.6437530517578125 226.6999969482421875 225.412506103515625 225.8937530517578125 227.350006103515625 230.631256103515625 233.9187469482421875 237.318756103515625 240.631256103515625 245.5500030517578125 250.5 255.006256103515625 259.256256103515625 259.84375 256.868743896484375 253.7624969482421875 249.875 244.306243896484375
271.600006103515625 265.82501220703125 262.693756103515625 263.037506103515625 264.881256103515625 268.475006103515625 274.16876220703125 277.5625 278.162506103515625 282.912506103515625 292.98748779296875 298.649993896484375 298.587493896484375 294.725006103515625 290.04376220703125 287.600006103515625 284.90625 284.662506103515625 286.350006103515625 279.256256103515625 267.506256103515625 260.20623779296875 254.0500030517578125 251.087493896484375 247.2312469482421875 242.3312530517578125 238.962493896484375 236.368743896484375 235.0625 234.693756103515625 235.931243896484375 238.5812530517578125 241.0500030517578125 243.3249969482421875 245.9187469482421875 250.8625030517578125 255.431243896484375 259.399993896484375 263.931243896484375 265.01251220703125 262.693756103515625 260.443756103515625 257.91876220703125 253.6687469482421875
277.46875 272.01873779296875 269.58123779296875 268.837493896484375 269.28125 271.73126220703125 277.03125 280.149993896484375 284.09375 289.681243896484375 298.899993896484375 302.631256103515625 305.09375 302.20001220703125 300.54998779296875 298.618743896484375 296.51873779296875 294.631256103515625 291.09375 285.006256103515625 274.850006103515625 268.306243896484375 263.6875 263.037506103515625 259.25 253.631256103515625 250.2312469482421875 246.1875 245 244.162506103515625 243.475006103515625 244.787506103515625 246.993743896484375 249.8125 252.5 256.5625 260.568756103515625 263.193756103515625 267.32501220703125 269.65625 269.431243896484375 268.58123779296875 266.143768310546875 261.675018310546875
281.92498779296875 276.556243896484375 274.193756103515625 273.118743896484375 272.65625 274.975006103515625 279.681243896484375 284.850006103515625 290.98748779296875 298.193756103515625 307.681243896484375 312.08123779296875 313.162506103515625 310.66876220703125 309.975006103515625 308.806243896484375 306.112518310546875 300.95623779296875 294.712493896484375 288.756256103515625 278.65625 272.85626220703125 271.61248779296875 270.21875 270.381256103515625 264.412506103515625 259.51251220703125 255.9875030517578125 253.1125030517578125 251 250.3249969482421875 250.6437530517578125 251.9812469482421875 254.4250030517578125 258.01251220703125 262.09375 264.38751220703125 267.40625 271.274993896484375 273.193756103515625 273.787506103515625 273.33123779296875 271.91876220703125 268.600006103515625
286.34375 281.068756103515625 278.131256103515625 277.381256103515625 277.51251220703125 279.89373779296875 284.587493896484375 291.78125 298.462493896484375 306.41876220703125 316.73748779296875 323.368743896484375 323.537506103515625 320.587493896484375 319.743743896484375 316.84375 313.225006103515625 305.40625 296.568756103515625 288.368743896484375 277.75 273.73748779296875 276.6875 280.225006103515625 280.237518310546875 272.612518310546875 266.29998779296875 261.875 258.76873779296875 257.15625 255.868743896484375 254.806243896484375 256.037506103515625 257.899993896484375 260.931243896484375 265.25 269.20623779296875 272.63751220703125 276.78125 279.350006103515625 280.875 279.875 276.162506103515625 270.48748779296875
287.274993896484375 283.162506103515625 281.32501220703125 280.568756103515625 282.01251220703125 285.256256103515625 290.92498779296875 297.64373779296875 304.38751220703125 313.899993896484375 324.0625 332.17498779296875 333.431243896484375 329.16876220703125 327.14373779296875 322.725006103515625 318.056243896484375 310.131256103515625 301.524993896484375 291.568756103515625 277.787506103515625 275.23126220703125 280.46875 284.006256103515625 281.8125 275.0625 270.774993896484375 266.681243896484375 263.100006103515625 261.28125 259.75 258.23126220703125 257.912506103515625 259.78125 262.84375 266.8125 270.89373779296875 276.212493896484375 281.42498779296875 284.875 288.024993896484375 285.5625 277.82501220703125 269.337493896484375
286.806243896484375 283.54376220703125 282.42498779296875 282.587493896484375 285.068756103515625 288.725006103515625 295.5625 302.66876220703125 310.0625 318.60626220703125 327.431243896484375 334.42498779296875 336.962493896484375 336.09375 331.82501220703125 327.90625 321.9375 315.01873779296875 306.63751220703125 298.943756103515625 289.20001220703125 285.337493896484375 286.381256103515625 285.76873779296875 282.568756103515625 276.98748779296875 273.73748779296875 269.818756103515625 266.70623779296875 263.462493896484375 261.51251220703125 259.11248779296875 258.193756103515625 259.850006103515625 262.318756103515625 266.9375 272.806243896484375 279.243743896484375 286.100006103515625 289.91876220703125 290.76251220703125 283.90625 276.681243896484375 269.6875
287.056243896484375 283.662506103515625 283.412506103515625 285.45001220703125 287.4375 292.41876220703125 300.306243896484375 307.29376220703125 315.20623779296875 323.38751220703125 330.42498779296875 337.537506103515625 340.58123779296875 340.381256103515625 336.5625 331.51873779296875 326.25 319.46875 312.73126220703125 307.537506103515625 299.75 294.149993896484375 292.35626220703125 289.737518310546875 285.34375 281.28125 278.037506103515625 273.493743896484375 269.693756103515625 266.274993896484375 262.100006103515625 257.78125 256.350006103515625 256.243743896484375 258.20001220703125 262.368743896484375 270.0625 278.64373779296875 285.037506103515625 286.618743896484375 282.38751220703125 278.65625 274.86248779296875 269.11248779296875
285.756256103515625 282.493743896484375 283.16876220703125 285.9375 289.399993896484375 295.024993896484375 303.11248779296875 309.756256103515625 318.368743896484375 327.6875 335.0625 342.443756103515625 346.20623779296875 345.64373779296875 341.29998779296875 333.67498779296875 329.90625 325.381256103515625 320.568756103515625 316.725006103515625 308.462493896484375 301.850006103515625 298.03125 295.287506103515625 289.5625 284.225006103515625 279.96875 276.15625 272.98748779296875 269.01873779296875 264.28125 257.40625 252.068756103515625 249.4562530517578125 248.875 253.90625 263.32501220703125 274.625 282.625 282.787506103515625 276.61248779296875 273.10626220703125 270.14373779296875 265.88751220703125
281.73126220703125 280.193756103515625 281.493743896484375 285.006256103515625 289.71875 296.037506103515625 304.274993896484375 311.993743896484375 321.11248779296875 331.20001220703125 340.42498779296875 349.024993896484375 354.17498779296875 354.431243896484375 349.006256103515625 340.600006103515625 333.95001220703125 328.95623779296875 324.975006103515625 322.5625 315.76251220703125 309.056243896484375 303.5 299.850006103515625 294.600006103515625 286.756256103515625 280.67498779296875 277.743743896484375 275.76873779296875 272.75 266.70001220703125 257.78125 248.71875 240.2062530517578125 237.6687469482421875 242.4375 252.618743896484375 268.774993896484375 282.25 277.58123779296875 267.287506103515625 264.58123779296875 261.84375 258.75
275.506256103515625 275.34375 278.71875 283.83123779296875 289.26251220703125 296.306243896484375 305.25 313.725006103515625 323.256256103515625 333.34375 344.13751220703125 355.76873779296875 364.287506103515625 365.39373779296875 360.012481689453125 351.287506103515625 340.01873779296875 330.006256103515625 328.04376220703125 325.79376220703125 322.149993896484375 315.40625 307.65625 301.399993896484375 295.25 287.76251220703125 280.568756103515625 278.78125 278.162506103515625 275.83123779296875 268.57501220703125 253.6999969482421875 241.3000030517578125 229.9875030517578125 223.662506103515625 225.0749969482421875 238.787506103515625 255.0437469482421875 267.48126220703125 266.51873779296875 257.837493896484375 255.0437469482421875 252.962493896484375 250.8874969482421875
268.29376220703125 269.73748779296875 274.1875 279.45001220703125 286.13751220703125 295.274993896484375 304.15625 314.20623779296875 324.993743896484375 335.09375 347.3125 360.1875 371.993743896484375 378.54376220703125 371.037506103515625 357.5625 343.76251220703125 330.64373779296875 325.856231689453125 325.11248779296875 324 318.98748779296875 307.35626220703125 300.256256103515625 294.09375 288.32501220703125 283.243743896484375 281.20623779296875 281.32501220703125 280.25 273.256256103515625 255.3000030517578125 237.3625030517578125 219.524993896484375 207.9562530517578125 210.125 223.556243896484375 238.21875 249.3625030517578125 250.8874969482421875 246.806243896484375 244.0812530517578125 243.0437469482421875 242.09375
261.318756103515625 262.76251220703125 267.931243896484375 274.01873779296875 282.34375 292.725006103515625 303.36248779296875 313.01251220703125 324 334.631256103515625 346.256256103515625 360.4375 376.57501220703125 390.131256103515625 378.86248779296875 357.35626220703125 339 327.82501220703125 322.67498779296875 321.725006103515625 317.29998779296875 310.70623779296875 304.875 297.95623779296875 292.024993896484375 286.850006103515625 283.98748779296875 283.48126220703125 281.79998779296875 279.45623779296875 270.40625 255.087493896484375 232.899993896484375 209.6437530517578125 192.4875030517578125 196.806243896484375 212.868743896484375 227.2937469482421875 236.787506103515625 239.618743896484375 236.40625 233.443756103515625 234.46875 234.8874969482421875
