data/historical-monthly-weather-data/wc2.1_cruts4.09_10m_prec_2013-08.asc
ncols        45
nrows        45
xllcorner    -63.500000000000
yllcorner    -7.500000000000
cellsize     0.166666666667
NODATA_value -9999
[rows 20 to 39 of 45, columns 0 to 43 of 45]
119.3625030517578125 120.81874847412109375 119.74375152587890625 117.3000030517578125 112.05625152587890625 108.9499969482421875 106.1374969482421875 102.6437530517578125 101.0124969482421875 97.34999847412109375 93.43125152587890625 88.09375 78.375 68.7624969482421875 60.38124847412109375 53.143749237060546875 46.331249237060546875 42.68125152587890625 43.84999847412109375 45.91249847412109375 53.587497711181640625 63.93125152587890625 76.0812530517578125 89.41249847412109375 103.2624969482421875 109.0500030517578125 106.28749847412109375 104.1437530517578125 101.7687530517578125 99.34999847412109375 99.6374969482421875 106.1999969482421875 113.1062469482421875 122.40000152587890625 136.899993896484375 146.587493896484375 156.9187469482421875 163.462493896484375 161.3937530517578125 156.2375030517578125 145.068756103515625 136.274993896484375 129.09375 120.33750152587890625
110.3312530517578125 110.1374969482421875 109.93125152587890625 109.1687469482421875 105.91249847412109375 102.5 101.2312469482421875 97.47499847412109375 96.9499969482421875 93.75624847412109375 92.19374847412109375 90.09375 85.68125152587890625 76.80625152587890625 67.28125 57.46250152587890625 52.06874847412109375 48.75624847412109375 48.59375 50.34375 54.5625 62.88124847412109375 74.1125030517578125 86.34999847412109375 97.6374969482421875 105.58750152587890625 111.3937530517578125 109.0749969482421875 108.36875152587890625 105.7062530517578125 104.7312469482421875 106.6750030517578125 112.02500152587890625 120.1875 127.44374847412109375 136.837493896484375 149.3937530517578125 159.1875 159.1875 153.600006103515625 143.9812469482421875 135.431243896484375 126.61875152587890625 121.40625
101.7937469482421875 104.78749847412109375 105.625 103.53749847412109375 101.1125030517578125 98.4499969482421875 95.0187530517578125 91.4499969482421875 92.56874847412109375 93.2687530517578125 94.61875152587890625 95.09999847412109375 94.15000152587890625 86.43125152587890625 74.86875152587890625 64.1687469482421875 56.46250152587890625 53.15625 52.299999237060546875 52.75624847412109375 56.9375 64.27500152587890625 73.47499847412109375 81.27500152587890625 94.0124969482421875 105.3249969482421875 110.9562530517578125 112.8000030517578125 110.8937530517578125 105.8312530517578125 103.90625 105.71250152587890625 109.84999847412109375 113.8937530517578125 117.94374847412109375 121.50624847412109375 133.524993896484375 149.881256103515625 154.493743896484375 148.806243896484375 141.931243896484375 132.6999969482421875 124.59375 119.125
94.2312469482421875 97.8874969482421875 99.90625 96.38124847412109375 93.5437469482421875 92.11875152587890625 91.13124847412109375 90.0812530517578125 88.86875152587890625 91.15000152587890625 93.77500152587890625 98.5124969482421875 100.03749847412109375 91.99375152587890625 80.71250152587890625 70.2062530517578125 62.575000762939453125 58.518749237060546875 56.66249847412109375 56.950000762939453125 60.75 66.7687530517578125 73.3000030517578125 82.16249847412109375 92.3937530517578125 100.8874969482421875 108.68125152587890625 108.40625 108.3562469482421875 105.5749969482421875 104.4187469482421875 104.83750152587890625 108.09999847412109375 108.66875457763671875 110.68125152587890625 111.93125152587890625 121.7687530517578125 137.806243896484375 144.34375 140.787506103515625 134.868743896484375 127.71250152587890625 120.08750152587890625 113.94374847412109375
88.6687469482421875 91.03749847412109375 92.6687469482421875 91.84999847412109375 90.2375030517578125 88.77500152587890625 87.4499969482421875 87.25 87.94374847412109375 90.3874969482421875 92.0500030517578125 94.96250152587890625 96.22499847412109375 90.9187469482421875 82.21875 73.9499969482421875 67.22499847412109375 62.875 60.5 60.36875152587890625 63.774997711181640625 68.21875 73.6999969482421875 81.4812469482421875 88.96250152587890625 98.2062530517578125 102.1062469482421875 103.11875152587890625 103.86875152587890625 102.8249969482421875 101.5437469482421875 101.3625030517578125 104.0749969482421875 106.34375 107.36875152587890625 108.6062469482421875 117.125 125.7937469482421875 131.193756103515625 131.274993896484375 127.4375 122.68125152587890625 116.72499847412109375 111.8937530517578125
85.5 86.65625 85.94374847412109375 86.78125 84.625 83.9187469482421875 83.4250030517578125 84.69374847412109375 84.3249969482421875 85.40000152587890625 87.4250030517578125 89.52500152587890625 90.25 85.9499969482421875 80.75 74.0187530517578125 68.91249847412109375 65.55625152587890625 62.637500762939453125 62.793750762939453125 65.9250030517578125 69.0437469482421875 74.11875152587890625 79.46875 85.53125 92.61875152587890625 96.8312530517578125 98.34999847412109375 100.21250152587890625 100.30625152587890625 98.9812469482421875 99.09375 100.34999847412109375 101.91249847412109375 102.78749847412109375 106.61875152587890625 112.6374969482421875 117.24375152587890625 122.4499969482421875 121.6374969482421875 119.99375152587890625 116.43125152587890625 112.9187469482421875 109.9562530517578125
83.15625 82.28749847412109375 82.47499847412109375 82.46250152587890625 81.15000152587890625 80.6750030517578125 81.53125 81.52500152587890625 80.4250030517578125 82.5625 84.68125152587890625 84.2937469482421875 83.9250030517578125 81.1875 78.0124969482421875 73.15625 69.5749969482421875 66.4875030517578125 64.70000457763671875 63.612499237060546875 65.0500030517578125 68.30625152587890625 71.6374969482421875 77.3625030517578125 82.46250152587890625 86.375 91.2687530517578125 93.3937530517578125 94.69374847412109375 94.25624847412109375 94.69374847412109375 93.9812469482421875 96.31874847412109375 98.2937469482421875 98.6750030517578125 102.4187469482421875 105.5625 109.875 112.27500152587890625 111.77500152587890625 110.58750152587890625 108.58750152587890625 108.5812530517578125 105.03125
82.28125 77.97499847412109375 78.375 78.6750030517578125 78.38124847412109375 77.3625030517578125 78.0187530517578125 78.41249847412109375 78.3312530517578125 79.53125 79.5124969482421875 78.65625 78.1125030517578125 76.9562530517578125 74.03749847412109375 71.1875 69.2687530517578125 66.84999847412109375 65.40625 64.15625 65.3000030517578125 66.0812530517578125 69.86875152587890625 74.34375 78.05625152587890625 80.4375 84.8249969482421875 87.83750152587890625 89.86875152587890625 90.0625 89.5625 88.8625030517578125 91.31874847412109375 92.5749969482421875 95.2687530517578125 97.40625 99.0500030517578125 102.1687469482421875 105.0625 105.9562530517578125 104.81874847412109375 104.71250152587890625 105.0187530517578125 105.8562469482421875
78.875 76.19374847412109375 75.34375 75.59999847412109375 74.0187530517578125 73.4499969482421875 73.26250457763671875 72.88124847412109375 74.7062530517578125 74.71250152587890625 74.66249847412109375 73.56874847412109375 72.8000030517578125 72.31874847412109375 70.7687530517578125 68.96875 68.46875 66.97499847412109375 65.6750030517578125 64.8312530517578125 65.1999969482421875 65.4499969482421875 67.74375152587890625 70.5124969482421875 73.8874969482421875 75.21250152587890625 79.4562530517578125 81.99375152587890625 83.77500152587890625 84.1750030517578125 83.7312469482421875 83.9812469482421875 85.11875152587890625 85.96875 88.9875030517578125 92.88124847412109375 95.50624847412109375 98.50624847412109375 101.2624969482421875 101.11875152587890625 98.41249847412109375 98.96250152587890625 101.03125 104.53125
76.8312530517578125 74.86875152587890625 73.6750030517578125 72.0500030517578125 71.03125 70.65000152587890625 69.875 70.4875030517578125 70.83750152587890625 70.21250152587890625 70.44374847412109375 69.97499847412109375 69.19374847412109375 68.3937530517578125 67.40000152587890625 66.1750030517578125 65.1875 65.2375030517578125 65.50624847412109375 63.53125 63.299999237060546875 64.1999969482421875 65.97499847412109375 67.78749847412109375 69.66249847412109375 72.1062469482421875 74.25624847412109375 76.2937469482421875 76.45624542236328125 76.7375030517578125 77.1687469482421875 78.1999969482421875 79.38124847412109375 81.0500030517578125 84.03125 86.75 91.99375152587890625 95.9375 97.52500152587890625 99.9812469482421875 100.1062469482421875 99.58750152587890625 98.1750030517578125 99.65625
74.72499847412109375 72.30625152587890625 69.8625030517578125 69.25 69.99375152587890625 68.78125 68.08750152587890625 67.21250152587890625 66.72499847412109375 66.00624847412109375 65.52500152587890625 66.4562530517578125 66.9499969482421875 66.1999969482421875 64.22499847412109375 63.1875 63.49375152587890625 63.768749237060546875 64.4875030517578125 63.4375 62.58750152587890625 61.40625 62.25624847412109375 63.674999237060546875 64.96875 67.3562469482421875 68.19374847412109375 70.30625152587890625 71.274993896484375 71.97499847412109375 72.9375 73.36875152587890625 74.0625 76.0124969482421875 80.1750030517578125 82.6750030517578125 87.46250152587890625 91.78125 95.83750152587890625 100.4812469482421875 100.91249847412109375 96.71250152587890625 93.4875030517578125 95.78125
72.21875 70.25624847412109375 67.80625152587890625 66.8562469482421875 67.78125 66.4375 65.09375 63.21875 62.84999847412109375 62.418750762939453125 61.893749237060546875 62.356250762939453125 62.174999237060546875 62.331249237060546875 61.325000762939453125 61.99375152587890625 61.737499237060546875 61.65000152587890625 61.47499847412109375 61.03749847412109375 60.40000152587890625 60.393749237060546875 59.66249847412109375 59.331249237060546875 60.59999847412109375 62.24375152587890625 63.05625152587890625 64.99375152587890625 65.55625152587890625 65.9812469482421875 67.5500030517578125 67.7937469482421875 68.8874969482421875 71.44374847412109375 73.3125 75.6125030517578125 80.3249969482421875 85.22499847412109375 89.83750152587890625 94.44374847412109375 95.03125 90.84999847412109375 89.1374969482421875 88.4562530517578125
68.84375 66.7062530517578125 64.90000152587890625 64.41249847412109375 63.74375152587890625 62.02500152587890625 61.30625152587890625 59.981250762939453125 58.88124847412109375 58.862499237060546875 59.643749237060546875 58.981250762939453125 58.47499847412109375 59.356250762939453125 58.606250762939453125 59.38124847412109375 59.200000762939453125 59.40000152587890625 58.88124847412109375 58.28125 57.5 56.950000762939453125 56.43125152587890625 57.362499237060546875 58.22499847412109375 58.55625152587890625 59.41249847412109375 59.362499237060546875 60.28125 60.424999237060546875 61.90625 62.02500152587890625 62.950000762939453125 64.5812530517578125 66.40625 68.5749969482421875 72.7312469482421875 76.6125030517578125 80.36875152587890625 84.08750152587890625 84.13124847412109375 81.91249847412109375 80.22499847412109375 78.7375030517578125
65.4499969482421875 64.4875030517578125 62.625 62.58750152587890625 59.75624847412109375 58.63124847412109375 58.325000762939453125 57.08750152587890625 55.75 55.081249237060546875 55.03125 55.22499847412109375 55.762500762939453125 54.706249237060546875 55.106250762939453125 55.13124847412109375 55.856250762939453125 55.46875 54.68125152587890625 54.575000762939453125 54.200000762939453125 53.737499237060546875 53.612499237060546875 53.72499847412109375 54.793750762939453125 55.293750762939453125 55.706249237060546875 55.200000762939453125 56.56874847412109375 57.02500152587890625 57.69374847412109375 57.393749237060546875 57.21250152587890625 57.625 59.50624847412109375 61.543750762939453125 65.0500030517578125 67.94374847412109375 70.9250030517578125 72.59375 74.3000030517578125 73.40625 71.6437530517578125 69.6687469482421875
62.981250762939453125 61.856250762939453125 60.46875 58.875 57.09999847412109375 55.90000152587890625 55.09999847412109375 54.00624847412109375 51.75 51.450000762939453125 51.206249237060546875 52.13124847412109375 51.875 52.11875152587890625 52.34999847412109375 52.862499237060546875 53.3125 52.643749237060546875 51.793750762939453125 51.612499237060546875 51.450000762939453125 50.78125 50.081249237060546875 50.5625 50.96250152587890625 51.706249237060546875 51.918750762939453125 51.59999847412109375 52.924999237060546875 53.481250762939453125 52.924999237060546875 52 51.65625 51.40000152587890625 52.40625 54.09999847412109375 56.106250762939453125 59.27500152587890625 61.83750152587890625 63.05625152587890625 63.5 62.924999237060546875 62.418750762939453125 61.09375
60.987499237060546875 60.112499237060546875 58.03125 56.09999847412109375 54.53125 52.549999237060546875 51.200000762939453125 49.47499847412109375 47.893749237060546875 47.81874847412109375 48.549999237060546875 48.856250762939453125 49.581249237060546875 49.8125 50.137500762939453125 50.924999237060546875 50.63124847412109375 50.53749847412109375 49.09375 48.581249237060546875 48.71875 49.174999237060546875 48.356250762939453125 48.825000762939453125 48.700000762939453125 48.75 48.637500762939453125 49.65000152587890625 49.69374847412109375 49.43125152587890625 48.75 47.862499237060546875 45.9375 45.94374847412109375 45.96250152587890625 46.33750152587890625 48.81874847412109375 51.375 52.53749847412109375 54.237499237060546875 54.71250152587890625 55.387500762939453125 54.00624847412109375 53.3125
57.46875 56.5 54.34375 52.8125 51.34375 49.75 48.36875152587890625 47.16249847412109375 45.19374847412109375 44.1875 46.325000762939453125 48.299999237060546875 49.206249237060546875 48.81874847412109375 49.331249237060546875 48.918750762939453125 48.41249847412109375 47.799999237060546875 46.825000762939453125 45.78749847412109375 46.03125 46.5625 46.21250152587890625 46.84375 47.09999847412109375 46.28125 46.612499237060546875 47.09375 46.112499237060546875 45.74375152587890625 45.362499237060546875 43.887500762939453125 42.19374847412109375 40.93125152587890625 40.47499847412109375 40.887500762939453125 42.71875 45.03125 45.72499847412109375 47.08750152587890625 47.231250762939453125 47.831249237060546875 46.71250152587890625 46.47499847412109375
54.91249847412109375 54.168750762939453125 51.581249237060546875 50.69374847412109375 49.450000762939453125 47.5625 46.15000152587890625 44.71875 43.75 42.61875152587890625 47.137500762939453125 49.293750762939453125 48.52500152587890625 48.625 49.03125 48.05625152587890625 46.63124847412109375 45.31874847412109375 45.168750762939453125 44.03749847412109375 44.19374847412109375 44.143749237060546875 44.049999237060546875 44.637500762939453125 45.012500762939453125 44.91249847412109375 45.25 45.612499237060546875 45.05625152587890625 44.049999237060546875 42.668750762939453125 41.81874847412109375 40.262500762939453125 37.46875 36.0625 35.856250762939453125 38.09375 40.262500762939453125 41.125 42.19374847412109375 40.77500152587890625 40.40625 39.887500762939453125 39.52500152587890625
53.13124847412109375 51.362499237060546875 49.625 48.112499237060546875 47.393749237060546875 45.8125 44.6875 43.50624847412109375 43.59375 46.112499237060546875 50.75 49.53125 47.24375152587890625 46.90625 46.40000152587890625 45.606250762939453125 45.106250762939453125 44.424999237060546875 42.987499237060546875 43.27500152587890625 42.981250762939453125 42.56874847412109375 42.762500762939453125 42.97499847412109375 43.3125 43.15000152587890625 43.66249847412109375 44.481250762939453125 44.206249237060546875 42.981250762939453125 41.74375152587890625 40.893749237060546875 39.168750762939453125 35.768749237060546875 34.231250762939453125 35.00624847412109375 36.06874847412109375 37.53749847412109375 38.52500152587890625 37.825000762939453125 36.83750152587890625 36.3125 35.59999847412109375 35.106250762939453125
50.9375 49.40625 47.549999237060546875 46.11875152587890625 44.868747711181640625 43.75 42.18125152587890625 41.68125152587890625 42.518749237060546875 44.83750152587890625 46.63124847412109375 47.11875152587890625 46.125 45.106250762939453125 44.78749847412109375 44.5625 43.424999237060546875 42.4375 41.22499847412109375 42.012500762939453125 42.362499237060546875 41.33750152587890625 41.5625 41.674999237060546875 41.956249237060546875 41.875 42.38124847412109375 42.924999237060546875 42.25624847412109375 42 41.34375 41.3125 39.125 36.27500152587890625 35.293750762939453125 35.231250762939453125 34.90625 36.05625152587890625 36.25624847412109375 34.575000762939453125 33.325000762939453125 32.981250762939453125 32.3125 31.4375
