data/historical-monthly-weather-data/wc2.1_cruts4.09_10m_prec_1990-07.asc
ncols        45
nrows        45
xllcorner    -63.500000000000
yllcorner    -7.500000000000
cellsize     0.166666666667
NODATA_value -9999
[rows 19 to 37 of 45, columns 0 to 43 of 45]
116.3000030517578125 120.03749847412109375 121.7312469482421875 123.3937530517578125 124.0749969482421875 127.71250152587890625 124.90625 124.7312469482421875 123.875 119.3874969482421875 116.02500152587890625 116.6125030517578125 113.77500152587890625 110.71875 104.0625 95.99375152587890625 91.43125152587890625 99.59999847412109375 94.78749847412109375 93.2937469482421875 89.84375 97.6875 110.5625 121.3625030517578125 127.5812530517578125 126.8125 129.725006103515625 138.556243896484375 142.1062469482421875 143.3625030517578125 153.84375 175.5749969482421875 188.3000030517578125 201.118743896484375 217.0437469482421875 236.8874969482421875 250.0749969482421875 257.39373779296875 258.23748779296875 247.4875030517578125 225.318756103515625 203.0625 192.875 179.600006103515625
103.91249847412109375 113.6437530517578125 120.24375152587890625 119.71250152587890625 118.55625152587890625 121.91249847412109375 121.28749847412109375 121.6999969482421875 119.8312530517578125 116.96250152587890625 112.5124969482421875 112.8562469482421875 111.5812530517578125 107.4562530517578125 101.2624969482421875 95.2937469482421875 92.34999847412109375 93.2375030517578125 96.18125152587890625 91.6437530517578125 98.0749969482421875 105.72499847412109375 115.6875 128.587493896484375 135.100006103515625 133.2125091552734375 128.7375030517578125 136.100006103515625 145.0124969482421875 149.9187469482421875 163.600006103515625 178.6062469482421875 183.6875 197.8625030517578125 213.9812469482421875 229.6875 242.587493896484375 244.537506103515625 239.0187530517578125 227.6374969482421875 213.3625030517578125 200.9812469482421875 187.96875 177.5
99.5 102.59999847412109375 110.56874847412109375 114.30625152587890625 116.0500030517578125 114.71875 114.90625 115.43125152587890625 115.1437530517578125 112.875 110.8937530517578125 107.7687530517578125 105.16249847412109375 105.9499969482421875 104.28125 98.6374969482421875 98.6875 97.5 98.4250030517578125 98.0437469482421875 99.25 106.2062530517578125 116.1062469482421875 123.0500030517578125 126.4562530517578125 127.77500152587890625 135.4187469482421875 137.4375 151.03125 161.625 168.3125 174.9875030517578125 181.274993896484375 191.587493896484375 201.3312530517578125 218.212493896484375 229.556243896484375 232.4187469482421875 227.9562530517578125 219.506256103515625 208.3937530517578125 198.9562530517578125 189.09375 178.962493896484375
94.9812469482421875 102.6062469482421875 108.27500152587890625 110.58750152587890625 111.625 111.92499542236328125 106.649993896484375 107.05625152587890625 108.5749969482421875 111.3312530517578125 111.03749847412109375 108.0500030517578125 107.9875030517578125 106.9187469482421875 107.4562530517578125 106.0812530517578125 101.9187469482421875 98.52500152587890625 97.95624542236328125 100.0437469482421875 106.9187469482421875 110.1062469482421875 115.66249847412109375 122.0812530517578125 130.100006103515625 130.087493896484375 132.506256103515625 140.693756103515625 148.8312530517578125 155.0124969482421875 160.84375 169.15625 173.8125 178.8625030517578125 190.587493896484375 198.8937530517578125 212.0749969482421875 212.912506103515625 214.662506103515625 211.9250030517578125 204.256256103515625 192.4187469482421875 184.6437530517578125 175.368743896484375
87.59999847412109375 97.3312530517578125 105.6999969482421875 107.41249847412109375 108.375 106.5 107.0500030517578125 105.4375 103.90625 103.03749847412109375 104.09375 108.27500152587890625 108.3249969482421875 109.06874847412109375 106.78125 105.43125152587890625 100.84999847412109375 101.3000030517578125 100.1999969482421875 104.24375152587890625 107.2687530517578125 114.09999847412109375 118.88124847412109375 129.162506103515625 135.9250030517578125 134.931243896484375 140.1125030517578125 139.837493896484375 144.3312530517578125 148.399993896484375 153.6750030517578125 159.2687530517578125 160.6687469482421875 162.6374969482421875 177.53125 181.3125 195.3312530517578125 203.5500030517578125 205.318756103515625 201.850006103515625 197.0812530517578125 186.7062530517578125 180.2062530517578125 170.2375030517578125
83.09375 93.375 103.05625152587890625 106.09999847412109375 107.8249969482421875 104.36875152587890625 103.9187469482421875 102.6999969482421875 101.3562469482421875 102.84999847412109375 104.0500030517578125 102.4562530517578125 106.59375 106.5812530517578125 103.94374847412109375 100.5625 99.0625 100.86875152587890625 102.09375 104.5437469482421875 109.7937469482421875 115.1374969482421875 125.1687469482421875 132.375 135.0187530517578125 141.412506103515625 138.3249969482421875 137.399993896484375 138 140.75 138.7624969482421875 139.1437530517578125 145.5437469482421875 149.5812530517578125 156.9875030517578125 166.649993896484375 181.600006103515625 188.2937469482421875 192.693756103515625 192.625 186.3562469482421875 180.1875 174.90625 164.5812530517578125
83.43125152587890625 93.13124847412109375 97.6125030517578125 102.2062530517578125 103.75624847412109375 101.65000152587890625 100.6999969482421875 99.13124847412109375 96.8874969482421875 94.58750152587890625 100.21875 100.97499847412109375 100.0749969482421875 101.0187530517578125 100.125 98.6687469482421875 96.7624969482421875 98.71250152587890625 101.2937469482421875 102.96250152587890625 111.30625152587890625 117.84999847412109375 127.38124847412109375 134.993743896484375 136.8937530517578125 138.318756103515625 137.3625030517578125 133.4812469482421875 129.850006103515625 127.40000152587890625 124.3625030517578125 122 125.34999847412109375 132.21875 144.149993896484375 154.8125 168.0437469482421875 178.881256103515625 182.618743896484375 182.9562530517578125 182.649993896484375 173.03125 166.0187530517578125 155.693756103515625
79.7312469482421875 85.4375 91.7687530517578125 96.4562530517578125 97.68125152587890625 97.1062469482421875 97.06874847412109375 95.16249847412109375 91.46250152587890625 94.4812469482421875 98.1750030517578125 98.84999847412109375 98.5625 97.0500030517578125 95.4875030517578125 96.6125030517578125 95.28125 95.375 98.78125 102.19374847412109375 107.125 114.0749969482421875 124.6999969482421875 135.306243896484375 134.381256103515625 130.90625 128.8625030517578125 126.30625152587890625 123.05625152587890625 115.6125030517578125 113.46250152587890625 106.91249847412109375 109.43125152587890625 122.66249847412109375 132.8562469482421875 146.1875 154.5625 165.368743896484375 170.9562530517578125 174.2312469482421875 177.587493896484375 170.3562469482421875 160.9499969482421875 149.6187591552734375
76.41249847412109375 78.6062469482421875 83.86875152587890625 89.66249847412109375 91.1437530517578125 91.4562530517578125 91.72499847412109375 90.11875152587890625 89.44374847412109375 91.30625152587890625 93.25624847412109375 92.5749969482421875 92.8000030517578125 92.22499847412109375 90.46875 90.46250152587890625 90.5 91.8125 92.4375 96.71250152587890625 104.28749847412109375 109.5437469482421875 114.6750030517578125 123.8937530517578125 126.625 124.38124847412109375 121.91249847412109375 119.1125030517578125 115.66249847412109375 111.08750152587890625 106.38124847412109375 102.81874847412109375 105.9875030517578125 113.375 124.4250030517578125 136.1875 144.118743896484375 155.25 162.2937469482421875 169.84375 172.7375030517578125 171.118743896484375 157.881256103515625 148.0625
72.61875152587890625 74.40625 79.7687530517578125 81.09999847412109375 83.83750152587890625 83.09375 83.0500030517578125 84.0437469482421875 83.78125 86.46250152587890625 87.71875 87.25624847412109375 87.88124847412109375 88.5437469482421875 87.34999847412109375 86.9812469482421875 88.1750030517578125 86.9812469482421875 88.8125 92.58750152587890625 97.93125152587890625 102.4562530517578125 108.09999847412109375 113.8874969482421875 117.02500152587890625 116.56874847412109375 114.3000030517578125 111.68125152587890625 111.5187530517578125 107.3000030517578125 101.52500152587890625 98.6687469482421875 101.3249969482421875 107.25624847412109375 117.1875 127.84375 136.1999969482421875 146.568756103515625 152.9562530517578125 156.256256103515625 163.375 157.368743896484375 149.15625 140.2624969482421875
70.46875 73.59999847412109375 76.6999969482421875 77.5187530517578125 77.6437530517578125 77.6374969482421875 76.69374847412109375 78.91249847412109375 80.2624969482421875 81.28749847412109375 82.625 84.13124847412109375 84.6875 83.94374847412109375 83.1374969482421875 82.84999847412109375 82.3625030517578125 83.09999847412109375 83.4250030517578125 85.49375152587890625 90.84375 94.1687469482421875 98.9562530517578125 101.9562530517578125 105.39374542236328125 106.3937530517578125 104.0812530517578125 102.71875 102.94374847412109375 99.4250030517578125 96.0437469482421875 93.375 95.9375 102.09375 109.71875 118.08750152587890625 129.8249969482421875 136.875 139.03125 143.287506103515625 151.21875 148.0625 141.131256103515625 131.875
69.9375 71.8125 71.09999847412109375 73.59375 74.49375152587890625 74.75 73.5 73.74375152587890625 75.1875 76.71250152587890625 78.6687469482421875 79.34375 81.9562530517578125 79.65625 78.09375 78.4250030517578125 79.9187469482421875 77.88124847412109375 76.4250030517578125 79.96875 84.82500457763671875 87.41249847412109375 90.06874847412109375 91.02500152587890625 92.80625152587890625 96.88124847412109375 95.375 92.7687530517578125 91.1687469482421875 90.6999969482421875 89.2624969482421875 89.1687469482421875 92.8000030517578125 99.21875 105.71250152587890625 111.18125152587890625 119.6875 129.399993896484375 128.756256103515625 127.9562530517578125 133.15625 134.96875 130.3000030517578125 121.56874847412109375
69.43125152587890625 67.78125 66.5812530517578125 67.0625 68.75 69.65625 69.96250152587890625 69.5 71.36875152587890625 71.71875 73.8625030517578125 76.27500152587890625 76.9187469482421875 77.7937469482421875 76.69374847412109375 76.1437530517578125 75.9562530517578125 73.9187469482421875 71.6062469482421875 74.84375 76.93125152587890625 79.375 80.375 81.02500152587890625 84.2624969482421875 85.65625 85.05625152587890625 84.8312530517578125 81.96250152587890625 82.7375030517578125 84.1750030517578125 84.8874969482421875 88 94.03749847412109375 101.1437530517578125 105 113.19374847412109375 115.58750152587890625 115.77500152587890625 118.96875 123.1437530517578125 121.86875152587890625 117.97499847412109375 115.1374969482421875
70.0625 67.5187530517578125 64.91249847412109375 64.3874969482421875 65.56874847412109375 66.0124969482421875 66.7937469482421875 66.8312530517578125 66.36875152587890625 68.65000152587890625 71.625 71.8249969482421875 73.125 75.0812530517578125 74.56874847412109375 72.3625030517578125 70.27500152587890625 70.7624969482421875 70.06874847412109375 71.8937530517578125 72.47499847412109375 72.3562469482421875 71.625 72.91249847412109375 76.0812530517578125 76.52500152587890625 77.2937469482421875 75.84999847412109375 75.4375 75.8937530517578125 77.59999847412109375 78.69374847412109375 80.83750152587890625 86.78125 94.8625030517578125 100.80625152587890625 103.3000030517578125 105.40625 106.5749969482421875 112.4187469482421875 116.09999847412109375 116.2937469482421875 109.8249969482421875 108.75624847412109375
70.56874847412109375 67.9187469482421875 66.0812530517578125 65.05625152587890625 64.08750152587890625 62.33750152587890625 62.424999237060546875 61.012500762939453125 62.737499237060546875 63.106250762939453125 65.6437530517578125 67.75 69.97499847412109375 70.4499969482421875 69.88124847412109375 67.31874847412109375 66.3312530517578125 66.1687469482421875 65.5500030517578125 66.3874969482421875 67.3125 65.3249969482421875 65.6125030517578125 66.71875 67.1750030517578125 67.0187530517578125 67.6875 68.21875 68.03125 69.75624847412109375 72.00624847412109375 73.21875 75.5625 82.0812530517578125 88.9375 92.7687530517578125 93.4187469482421875 96.2687530517578125 100.40000152587890625 104.18125152587890625 108.52500152587890625 110.59375 109.6687469482421875 106.75624847412109375
71.25 66.6062469482421875 66.1062469482421875 64.21250152587890625 63.487499237060546875 61.456249237060546875 59.549999237060546875 57.799999237060546875 56.737499237060546875 57.15625 60.018749237060546875 63.825000762939453125 68.3312530517578125 69.6999969482421875 67.03749847412109375 64.6125030517578125 62.90625 62.00624847412109375 62.28749847412109375 61.625 61.84375 61.46875 60.43125152587890625 60.581249237060546875 60.299999237060546875 59.393749237060546875 60.15000152587890625 60.737499237060546875 60.75 60.22499847412109375 63.106250762939453125 67.2937469482421875 71.0625 76.49375152587890625 80.81874847412109375 84.09999847412109375 86.7312469482421875 91.3937530517578125 93.7312469482421875 95.4375 98.1374969482421875 98.4375 102.59999847412109375 102.00624847412109375
69.71875 66.7624969482421875 66.84999847412109375 63.731250762939453125 62.40625 59.674999237060546875 57.706249237060546875 55.456249237060546875 53.83750152587890625 52.950000762939453125 55.206249237060546875 59.918750762939453125 65.81874847412109375 65.2312469482421875 63.97499847412109375 61.637500762939453125 60.018749237060546875 58.41249847412109375 57.22499847412109375 56.80625152587890625 54.53125 55.41249847412109375 53.706249237060546875 52.96875 51.50624847412109375 52.30625152587890625 52.90625 53.4375 53.375 53.950000762939453125 56.99375152587890625 61.81874847412109375 65.2062530517578125 70.49375152587890625 74.80625152587890625 76.4250030517578125 79.75 83.02500152587890625 87.21875 89.125 89.2312469482421875 90.82500457763671875 90.65625 91.4187469482421875
67.05625152587890625 66.0625 65.4375 62.112499237060546875 60.68125152587890625 59.00624847412109375 56.606250762939453125 53.90000152587890625 51.112499237060546875 48.03749847412109375 50.743747711181640625 56.21250152587890625 60.387500762939453125 60.106250762939453125 59.6875 57.893749237060546875 55.65000152587890625 53.40000152587890625 51.99375152587890625 51.637500762939453125 49.21250152587890625 48.081249237060546875 46.893749237060546875 46.72499847412109375 45.15625 45.018749237060546875 45.625 45.65625 45.86875152587890625 48.53125 51.5 55.03125 58.08750152587890625 62.987499237060546875 67.0625 67.8562469482421875 70.4187469482421875 76.0124969482421875 80.6750030517578125 81.28749847412109375 80.53749847412109375 82.0500030517578125 81.7937469482421875 84.77500152587890625
63.4375 63.856250762939453125 61.768749237060546875 60.8125 59.475002288818359375 57.49375152587890625 55.200000762939453125 52.299999237060546875 49.575000762939453125 45.59375 51.16249847412109375 55.549999237060546875 56.65625 56.356250762939453125 56.19374847412109375 54.41249847412109375 50.625 49.91249847412109375 47.71250152587890625 46.875 45.27500152587890625 43.55625152587890625 41.481250762939453125 41.13124847412109375 40.25 39.61875152587890625 39.643749237060546875 39.71875 40.049999237060546875 42.299999237060546875 43.612499237060546875 47.80625152587890625 50.75624847412109375 55.52500152587890625 57.831249237060546875 58.16249847412109375 63.11875152587890625 67.46250152587890625 71.46250152587890625 72.875 72.8625030517578125 76.25624847412109375 75.75624847412109375 72.4375
