data/historical-monthly-weather-data/wc2.1_cruts4.09_10m_prec_1966-09.asc
ncols        51
nrows        45
xllcorner    -63.500000000000
yllcorner    -7.500000000000
cellsize     0.166666666667
NODATA_value -9999
[rows 19 to 37 of 45, columns 0 to 43 of 51]
95.06874847412109375 98.1437530517578125 100.4499969482421875 103.75 107.1750030517578125 110.46875 112.43125152587890625 113.3249969482421875 114.5812530517578125 113.74375152587890625 111.7375030517578125 107.46875 102.05625152587890625 96.59375 91.8937530517578125 88.58750152587890625 84.15625 84.74375152587890625 83.94374847412109375 87.59999847412109375 93.47499847412109375 101.7062530517578125 114.05625152587890625 121.68125152587890625 126.47499847412109375 126.84999847412109375 123.96250152587890625 120.81874847412109375 112.55625152587890625 103.3937530517578125 97.9562530517578125 106.0437469482421875 114.27500152587890625 125.65000152587890625 132.912506103515625 127.80625152587890625 121.125 115.81874847412109375 110.2687530517578125 101.4499969482421875 89.58124542236328125 77.83750152587890625 73.81874847412109375 72.71250152587890625
85.7937469482421875 89.7312469482421875 93.31874847412109375 97.15625 100.8312530517578125 103.5437469482421875 106.3562469482421875 108.3562469482421875 110.6875 111.3625030517578125 109.8562469482421875 106.9499969482421875 101.8249969482421875 95.44374847412109375 91.5437469482421875 86.5625 82.40000152587890625 81.13124847412109375 83.2062530517578125 84.33750152587890625 93.0124969482421875 103.53749847412109375 113.69374847412109375 121.25624847412109375 128.212493896484375 130.3937530517578125 126.61875152587890625 121.0187530517578125 115.4499969482421875 113.0812530517578125 111.8937530517578125 117.9562530517578125 127.09375 140.4375 154.9937591552734375 144.399993896484375 127.4499969482421875 116.24375152587890625 107.53125 99.24375152587890625 91.00624847412109375 83.0749969482421875 78.7624969482421875 76.96250152587890625
78.05625152587890625 81.03749847412109375 84.88124847412109375 89.1687469482421875 94.05625152587890625 97.9250030517578125 100.8874969482421875 104.2687530517578125 107.2312469482421875 108.83124542236328125 108.5500030517578125 106.71875 103.71875 98.7062530517578125 94.3562469482421875 88.53749847412109375 84.5 83.11875152587890625 84.99375152587890625 86.3937530517578125 91.8125 101.09999847412109375 110.56874847412109375 117.84375 123.8000030517578125 127.97499847412109375 129.09375 125.18125152587890625 123.7687530517578125 122.9812469482421875 122.33750152587890625 125.27500152587890625 132.6999969482421875 143.0625 147.0625 139.7375030517578125 125.11875152587890625 114.7624969482421875 106.1374969482421875 99.71875 94.3937530517578125 89.4875030517578125 87.08750152587890625 85.19374847412109375
71.1750030517578125 74.96875 78.3874969482421875 83.0124969482421875 87.96875 92.03749847412109375 96.06874847412109375 100.1374969482421875 104.5625 106.3562469482421875 108.46250152587890625 108.11875152587890625 107.80625152587890625 104.13124847412109375 97.7062530517578125 91.59999847412109375 86.5625 85.9499969482421875 86.28125 87.68125152587890625 92.9499969482421875 100.97499847412109375 108.6062469482421875 114.06874847412109375 121.16249847412109375 126.0187530517578125 127.25 128.5625 127.9875030517578125 126.6750030517578125 127.49375152587890625 130.6125030517578125 134.71875 138.681243896484375 137.5812530517578125 128.056243896484375 118.7062530517578125 110.46250152587890625 104.59375 101.83750152587890625 100.27500152587890625 96.86875152587890625 94.90000152587890625 93.1062469482421875
65.4375 68.08750152587890625 72.16249847412109375 76.5124969482421875 81.00624847412109375 86.16249847412109375 90.7937469482421875 95.00624847412109375 99.55625152587890625 102.3874969482421875 104.71875 107.34999847412109375 110.2062530517578125 106.93125152587890625 99.9250030517578125 93.59999847412109375 89.02500152587890625 88.50624847412109375 88.99375152587890625 89.7312469482421875 94.63124847412109375 100.8125 108.44374847412109375 114.09375 119.9562530517578125 123.53125 124.7312469482421875 126.28125 129.09375 129.09375 129.53125 132.34375 133.868743896484375 134.90625 132.9875030517578125 123.3937530517578125 116.9187469482421875 112.5500030517578125 108.7062530517578125 108.53125 107.7312469482421875 105.3249969482421875 104.61875152587890625 103.50624847412109375
60.674999237060546875 62.625 66.24375152587890625 70.46250152587890625 77.0749969482421875 81.78749847412109375 86.0749969482421875 90.44374847412109375 94.6875 98.44374847412109375 101.65000152587890625 103.53749847412109375 105.3312530517578125 104.0749969482421875 99.5812530517578125 94.36875152587890625 90.8249969482421875 90.0625 90.31874847412109375 91.74375152587890625 96.5 101.63124847412109375 109.40625 115.09375 118.5625 123.6062469482421875 124.875 126.91249847412109375 129.693756103515625 130.7312469482421875 130.7687530517578125 132.193756103515625 134.53125 134.5749969482421875 131.537506103515625 124.79375457763671875 121.7312469482421875 119.0749969482421875 116.15000152587890625 115.84999847412109375 115.53125 114.93125152587890625 115.0124969482421875 116.875
57.293750762939453125 59.700000762939453125 62.581249237060546875 67.44374847412109375 72.71250152587890625 77.15000152587890625 81.7687530517578125 86.03749847412109375 90.08750152587890625 94.2624969482421875 96.77500152587890625 99.02500152587890625 100.5 99.84999847412109375 97.40625 94.1374969482421875 91.21875 91.38124847412109375 91.75624847412109375 93.0625 97.4499969482421875 101.96875 109.34999847412109375 115.15000152587890625 119.09375 122.6875 125.84999847412109375 129.3562469482421875 131.412506103515625 132.46875 132.475006103515625 134.2687530517578125 134.2312469482421875 133.9812469482421875 133.0749969482421875 131.4625091552734375 128.7375030517578125 127.18125152587890625 126.59375 125.72499847412109375 126.625 125.6687469482421875 125.8874969482421875 128.8874969482421875
55.387500762939453125 56.737499237060546875 59.81874847412109375 64.28749847412109375 68.65625 73.18125152587890625 77.41249847412109375 81.27500152587890625 84.65000152587890625 88.9375 92.75624847412109375 95.4812469482421875 96.9250030517578125 97.44374847412109375 96.13124847412109375 93.9562530517578125 92.71875 92.49375152587890625 93.19374847412109375 94.50624847412109375 98.94374847412109375 103.09375 109.2624969482421875 116.7062530517578125 120.21250152587890625 124.2375030517578125 127.40000152587890625 129.493743896484375 131.725006103515625 132.4875030517578125 132.5625 132.9812469482421875 136.03125 137.2687530517578125 136.787506103515625 137.2375030517578125 137.1125030517578125 136.0437469482421875 135.943756103515625 136.0437469482421875 135.84375 135.618743896484375 136.568756103515625 137.131256103515625
53.38124847412109375 54.3125 57.46875 60.837497711181640625 64.9812469482421875 69.03749847412109375 73.34375 77.2937469482421875 80.5500030517578125 85.0625 88.8874969482421875 91.84375 93.9375 95.94374847412109375 95.1125030517578125 93.81874847412109375 92.94374847412109375 93.2687530517578125 94.13124847412109375 96.27500152587890625 100.1374969482421875 104.3625030517578125 110.02500152587890625 116.5749969482421875 121.8249969482421875 125.4187469482421875 127.9562530517578125 130.0625 132.087493896484375 133.6125030517578125 132.65625 133.3375091552734375 138.037506103515625 140.4187469482421875 142.2312469482421875 143.443756103515625 146.2937469482421875 147.568756103515625 147.787506103515625 147.837493896484375 147.9375 147.9250030517578125 145.3874969482421875 146.65625
52.00624847412109375 52.274997711181640625 54.61875152587890625 57.450000762939453125 60.83750152587890625 64.59375 68.6875 72.96875 76.8312530517578125 81.0500030517578125 84.91249847412109375 87.97499847412109375 91.63124847412109375 93.65000152587890625 93.3874969482421875 94.21250152587890625 95.21250152587890625 93.8312530517578125 94.6687469482421875 97.05625152587890625 101.2312469482421875 105.77500152587890625 111.40625 117.88124847412109375 121.8625030517578125 126.34375 128.6687469482421875 131.412506103515625 134.6437530517578125 134.3000030517578125 132.7937469482421875 133.3562469482421875 138.0437469482421875 142.9250030517578125 148.5 150.5500030517578125 155.693756103515625 159.6999969482421875 161.274993896484375 161.2062530517578125 157.375 154.09375 153.7937469482421875 155.962493896484375
54.018749237060546875 53.34999847412109375 54.3125 56.15000152587890625 58.518749237060546875 62.200000762939453125 66.15625 70.19374847412109375 74.0625 77.9812469482421875 81.7937469482421875 85.9187469482421875 89.6999969482421875 92.5437469482421875 93.9375 94.3937530517578125 94.83750152587890625 95.1999969482421875 95.46250152587890625 97.6687469482421875 102.28749847412109375 107.52500152587890625 112.1374969482421875 117.28125 122.46250152587890625 127.81874847412109375 129.375 130.9250030517578125 132.412506103515625 133.53125 134.3937530517578125 135.96875 140.587493896484375 146.181243896484375 153.037506103515625 157.3937530517578125 164.1374969482421875 171.7062530517578125 170.899993896484375 174.1999969482421875 173.274993896484375 168.1062469482421875 164.2375030517578125 164.9812469482421875
55.643749237060546875 54.09999847412109375 54.81874847412109375 55.33750152587890625 57.081249237060546875 60.625 63.8125 67.4562530517578125 71.59375 75.85625457763671875 79.7375030517578125 83.8874969482421875 89.53749847412109375 92.5625 93.875 94.6125030517578125 96.4250030517578125 97.19374847412109375 97.53125 100.43125152587890625 104.69374847412109375 110.24375152587890625 115.09999847412109375 119.1437530517578125 123.1875 128.181243896484375 129.337493896484375 130.1875 131.475006103515625 131.568756103515625 134.40625 137.4499969482421875 142.462493896484375 150.90625 158.693756103515625 162.625 170.8312530517578125 180.8562469482421875 184.3249969482421875 187.725006103515625 186.7937469482421875 180.09375 174.3937530517578125 172.4562530517578125
58.268749237060546875 55.21875 54.893749237060546875 55.125 56.65625 59.356250762939453125 62.40625 65.79999542236328125 70.1437530517578125 74.18125152587890625 78.4562530517578125 82.75 87.1374969482421875 91.8125 94.625 97.46250152587890625 98.97499847412109375 100.21250152587890625 102 105.75624847412109375 110.21250152587890625 113.3562469482421875 117.97499847412109375 120.6687469482421875 125.8000030517578125 127.94374847412109375 127.90000152587890625 129.7687530517578125 130.7062530517578125 131.899993896484375 135.256256103515625 137.7062530517578125 144.149993896484375 152.7937469482421875 160.8249969482421875 165.9562530517578125 174.71875 183.662506103515625 188.537506103515625 193.243743896484375 195.3125 188.556243896484375 183.2312469482421875 179.256256103515625
63.40000152587890625 60.41249847412109375 59.03125 58.59999847412109375 59.19374847412109375 61.40625 64.0812530517578125 66.41249847412109375 70.1999969482421875 73.6062469482421875 79.46875 83.05625152587890625 87.84999847412109375 94.25 97.5437469482421875 101.49375152587890625 104.2624969482421875 107.3312530517578125 109.5625 113.3125 116.46875 119.05625152587890625 121.15625 123.1437530517578125 126.61875152587890625 127.28749847412109375 126.99375152587890625 128.024993896484375 128.9187469482421875 132.46875 135.3562469482421875 138.8312530517578125 144.4562530517578125 152.8312530517578125 161.78125 167.243743896484375 174.65625 180.9375 186.243743896484375 193.2937469482421875 196.6125030517578125 191.875 188.2062530517578125 184.0749969482421875
68.3125 65.72499847412109375 64.1999969482421875 62.96875 62.362499237060546875 63.84375 66.0124969482421875 67.8000030517578125 70.65000152587890625 74.3562469482421875 78.69374847412109375 84.45000457763671875 89.49375152587890625 94.38124847412109375 99.65000152587890625 104.49375152587890625 109.9250030517578125 114.0187530517578125 117.65000152587890625 121.47499847412109375 123.8249969482421875 124.7687530517578125 125.49375152587890625 125.1875 125.78125 125.44374847412109375 124.8562469482421875 125.46250152587890625 125.84375 129.84375 134.337493896484375 138.8625030517578125 144.899993896484375 152.3000030517578125 160.912506103515625 169.274993896484375 174.40625 179.743743896484375 185.71875 190.743743896484375 194.1062469482421875 193.90625 193.1437530517578125 190.3625030517578125
73.72499847412109375 71.19374847412109375 69.3000030517578125 67.8562469482421875 66.6687469482421875 67.05625152587890625 68.6750030517578125 69.88124847412109375 71.7062530517578125 75.0812530517578125 79.84999847412109375 86.3562469482421875 91.7687530517578125 97.1750030517578125 103.1062469482421875 109.40000152587890625 115.4499969482421875 119.6062469482421875 125.6437530517578125 129.2937469482421875 131.475006103515625 131.1687469482421875 129.1750030517578125 126.6374969482421875 124.16249847412109375 123.7624969482421875 123.5187530517578125 122.97499847412109375 123.1374969482421875 127.1374969482421875 132.193756103515625 136.6875 143.087493896484375 150.587493896484375 157.912506103515625 164.21875 170.931243896484375 179.0812530517578125 183.5500030517578125 189.212493896484375 190.1125030517578125 189.3625030517578125 191.756256103515625 189.587493896484375
79.6062469482421875 76.9250030517578125 75.34999847412109375 73.9187469482421875 72.65625 72.84999847412109375 73.0812530517578125 74.31874847412109375 75.9875030517578125 78.46875 83.1062469482421875 89.21875 95.74375152587890625 101.97499847412109375 107.9187469482421875 114.5500030517578125 120.46250152587890625 125.7937469482421875 131.912506103515625 137.2375030517578125 136.9187469482421875 135.2312469482421875 130.90625 126.43125152587890625 123.5749969482421875 121.8625030517578125 120.63124847412109375 120.34999847412109375 120.65625 124.19374847412109375 129.3125 134.274993896484375 139.3312530517578125 146.1999969482421875 152.6750030517578125 157.4250030517578125 166.087493896484375 172.524993896484375 176.631256103515625 181.006256103515625 184.4562530517578125 183.587493896484375 183.71875 183.337493896484375
85.41249847412109375 83.09999847412109375 81.40000152587890625 79.69374847412109375 79.1125030517578125 78.8562469482421875 78.93125152587890625 79.34999847412109375 80.9499969482421875 82.1687469482421875 87.24375152587890625 96.11875152587890625 102.625 108.33750152587890625 114.44374847412109375 119.96250152587890625 126.0187530517578125 130.068756103515625 134.84375 139.09375 139.4499969482421875 135.006256103515625 130.243743896484375 124.6125030517578125 121.05625152587890625 119.08750152587890625 117.28125 116.3937530517578125 116.7375030517578125 120.7375030517578125 125.4187469482421875 130.5 136.0500030517578125 142.2624969482421875 148.0812530517578125 153.53125 160.3312530517578125 167.1374969482421875 169.6999969482421875 172.443756103515625 175.212493896484375 174.2624969482421875 175.850006103515625 176.9250030517578125
90.4812469482421875 88.8874969482421875 87.4499969482421875 85.5812530517578125 85.2375030517578125 85.2062530517578125 85.24375152587890625 85.7937469482421875 87.6062469482421875 88.5812530517578125 98.65000152587890625 106.71875 111.33750152587890625 115.61875152587890625 120.7375030517578125 126.03749847412109375 129.399993896484375 132.84375 135.056243896484375 136.6437530517578125 136.806243896484375 132.412506103515625 127.8125 121.8249969482421875 117.4375 114.59999847412109375 113.6750030517578125 113.2375030517578125 113.59999847412109375 117.64374542236328125 120.40625 124.94374847412109375 130.3937530517578125 137.787506103515625 143.818756103515625 146.4562530517578125 152.381256103515625 158.0500030517578125 162.993743896484375 166.3562469482421875 166.4812469482421875 168.912506103515625 167.53125 167.493743896484375
