data/historical-monthly-weather-data/wc2.1_cruts4.09_10m_prec_1979-04.asc
ncols        45
nrows        45
xllcorner    -63.500000000000
yllcorner    -7.500000000000
cellsize     0.166666666667
NODATA_value -9999
[rows 0 to 19 of 45, columns 0 to 44 of 45]
267.23126220703125 267.54998779296875 267.95623779296875 273.962493896484375 275.443756103515625 273.6875 270.82501220703125 263.5 259.01873779296875 258.61248779296875 261.618743896484375 264.20001220703125 265.5 264.837493896484375 264.225006103515625 264.34375 265.725006103515625 263.70623779296875 264.506256103515625 265.61248779296875 267.587493896484375 271.006256103515625 273.70001220703125 278.51873779296875 281.199981689453125 286.850006103515625 291.600006103515625 298.399993896484375 304.274993896484375 312.32501220703125 321.506256103515625 330.96875 337.6875 346.368743896484375 354.38751220703125 360.712493896484375 364.17498779296875 367.375 370.85626220703125 371.73126220703125 372.29376220703125 371.51251220703125 367.03125 364.787506103515625 360.89373779296875
275.475006103515625 274.82501220703125 281.399993896484375 288.068756103515625 293.868743896484375 290.756256103515625 286.01251220703125 282.96875 280.20001220703125 279.11248779296875 280.9375 281.26873779296875 281.537506103515625 280.462493896484375 277.631256103515625 277.75 276.53125 275.76873779296875 275.98126220703125 275.73748779296875 277.26251220703125 279.506256103515625 283.63751220703125 287.337493896484375 292.26251220703125 297.51873779296875 302.368743896484375 309.756256103515625 314.337493896484375 321.256256103515625 330.78125 341.418731689453125 348.23748779296875 357.58123779296875 364.125 369.024993896484375 374.03125 376.6875 378.61248779296875 377.506256103515625 376.16876220703125 375.70001220703125 371.493743896484375 366.86248779296875 362.125
278.375 280.068756103515625 285.287506103515625 293.66876220703125 300.712493896484375 300.493743896484375 299.39373779296875 299.493743896484375 301.368743896484375 300.76251220703125 299.899993896484375 297.88751220703125 297.36248779296875 293.58123779296875 290.274993896484375 288.95623779296875 287.07501220703125 286.5625 285.92498779296875 286.725006103515625 289.54998779296875 293.16876220703125 296.287506103515625 300.42498779296875 306.587493896484375 312.337493896484375 318.79376220703125 322.8125 325.712493896484375 333.681243896484375 342.631256103515625 351.837493896484375 361.381256103515625 369.806243896484375 374.725006103515625 377.84375 383.90625 387.912506103515625 387.89373779296875 386.46875 384.46875 381.23748779296875 376.681243896484375 372.35626220703125 367.21875
275.975006103515625 278.58123779296875 287.368743896484375 293.70623779296875 300.4375 305.15625 308.64373779296875 312.787506103515625 319.006256103515625 322.131256103515625 320.024993896484375 314.79998779296875 309.95623779296875 306.1875 301.71875 299.71875 298.15625 297.399993896484375 296.88751220703125 298.29998779296875 302.943756103515625 307.125 309.42498779296875 315.162506103515625 321.556243896484375 326.1875 333.475006103515625 335.912506103515625 338.537506103515625 348.23126220703125 357.09375 366.04998779296875 372.149993896484375 379.475006103515625 384.087493896484375 389.162506103515625 393.61248779296875 396.88751220703125 398.54376220703125 394.75 391.949981689453125 389.524993896484375 382.006256103515625 375.350006103515625 371.381256103515625
286.556243896484375 284.537506103515625 285.34375 291.41876220703125 300.73126220703125 307.612518310546875 312.66876220703125 321.193756103515625 332.568756103515625 341.068756103515625 336.54376220703125 325.6875 320.16876220703125 316.51873779296875 311.5625 308.76873779296875 306.131256103515625 306.03125 305.8125 307.25 313.5625 317.681243896484375 321.181243896484375 329.181243896484375 333.53125 338.58123779296875 343.61248779296875 349.73126220703125 354.662506103515625 361.943756103515625 370.70623779296875 375.88751220703125 380.89373779296875 388.1875 393.524993896484375 397.631256103515625 400.07501220703125 403.14373779296875 404.90625 401.193756103515625 399.318756103515625 392.125 385.11248779296875 379.962493896484375 373.84375
287.92498779296875 287.48126220703125 288.756256103515625 288.57501220703125 296.88751220703125 305.912506103515625 312.20623779296875 321.84375 333.9375 345.774993896484375 338.774993896484375 329.14373779296875 324.95623779296875 322.16876220703125 317.068756103515625 315.0625 310.9375 311.037506103515625 313.568756103515625 316.5 321.53125 325.931243896484375 332.64373779296875 339.199981689453125 345.17498779296875 351.59375 355.95623779296875 360.993743896484375 365.29376220703125 371.306243896484375 378.59375 385.618743896484375 386.53125 391.85626220703125 398.07501220703125 400 403.756256103515625 405.98126220703125 406.649993896484375 405.037506103515625 398.58123779296875 391.162506103515625 385.33123779296875 380.95001220703125 376.381256103515625
290.25 289.600006103515625 291.04376220703125 290.04998779296875 290.625 295.95001220703125 302.725006103515625 311.42498779296875 319.01251220703125 324.82501220703125 327.350006103515625 326.15625 327.443756103515625 325.45001220703125 322.100006103515625 321.600006103515625 318.493743896484375 316.0625 317.26873779296875 322.23748779296875 329.23748779296875 335.837493896484375 342.84375 347.51251220703125 354.76873779296875 362.4375 367.712493896484375 370.38751220703125 373.70623779296875 379.41876220703125 386.76251220703125 391.78125 393.11248779296875 394.04998779296875 398.056243896484375 399.13751220703125 399.76873779296875 402.08123779296875 405.26873779296875 402.60626220703125 392.131256103515625 385.912506103515625 381.29376220703125 377.26873779296875 374.893768310546875
293.287506103515625 290.443756103515625 290.037506103515625 290.837493896484375 291.79376220703125 294.818756103515625 294.912506103515625 294.45623779296875 294.681243896484375 300.17498779296875 312.25 320.84375 326.431243896484375 328.51251220703125 327.9375 326.806243896484375 323.975006103515625 321.837493896484375 320.9375 326.83123779296875 336.462493896484375 345.037506103515625 351.63751220703125 357.068756103515625 366.306243896484375 371.600006103515625 375.962493896484375 378.78125 382.25 387.98126220703125 391.431243896484375 395.23748779296875 395.287506103515625 395.16876220703125 396.20001220703125 392.600006103515625 392.32501220703125 392.0625 392.07501220703125 387.58123779296875 380.006256103515625 376.23748779296875 371.818756103515625 366.850006103515625 362.75
295.07501220703125 292.774993896484375 291.962493896484375 291.15625 291.70001220703125 292.75 293.32501220703125 290.98748779296875 285.17498779296875 285.78125 301.65625 314.443756103515625 327.42498779296875 331.756256103515625 331.118743896484375 331.274993896484375 330.53125 330.26251220703125 331.96875 335.993743896484375 340.193756103515625 351.46875 358.306243896484375 366.756256103515625 375.100006103515625 378.10626220703125 380.631256103515625 383.67498779296875 386.45623779296875 390.48748779296875 394.46875 393.975006103515625 390.86248779296875 386.587493896484375 386.28125 382.64373779296875 381.58123779296875 378.03125 377.149993896484375 371.993743896484375 365.33123779296875 360.568756103515625 358.162506103515625 355.39373779296875 347.600006103515625
296.42498779296875 292.693756103515625 292.568756103515625 292.09375 291.537506103515625 293.09375 294.618743896484375 293.04998779296875 293.0625 298.11248779296875 310.01251220703125 319.10626220703125 329.79376220703125 334.95623779296875 336.70623779296875 336.306243896484375 336.46875 338.337493896484375 340.82501220703125 348.024993896484375 352.399993896484375 359.462493896484375 365.681243896484375 375.899993896484375 380.16876220703125 380.756256103515625 382.16876220703125 384.23748779296875 387.79998779296875 393.20001220703125 392.162506103515625 388.149993896484375 382.73748779296875 377.462493896484375 374.649993896484375 371.493743896484375 366.662506103515625 362.337493896484375 360.15625 357.14373779296875 352.837493896484375 348.91876220703125 345.443756103515625 338.625 333.58123779296875
297.931243896484375 295.20623779296875 294.399993896484375 293.443756103515625 291.318756103515625 293.618743896484375 296.212493896484375 296.65625 301.068756103515625 308.61248779296875 320.26251220703125 330.912506103515625 335.5625 340.08123779296875 340.024993896484375 339.287506103515625 340.58123779296875 344.381256103515625 349.51251220703125 356.524993896484375 366.04998779296875 371.95623779296875 374.725006103515625 373.681243896484375 381.918731689453125 382.86248779296875 380.962493896484375 381.443756103515625 382.48748779296875 386.15625 383.73126220703125 378.17498779296875 372.25 365.91876220703125 361.6875 354.58123779296875 348.67498779296875 344.20623779296875 342.756256103515625 340.287506103515625 335.90625 332.28125 331.53125 327.66876220703125 321.70623779296875
297.96875 294.818756103515625 293.78125 295.86248779296875 295.29998779296875 296.125 300.568756103515625 304.318756103515625 311.1875 319.899993896484375 331.524993896484375 342.14373779296875 341.85626220703125 342.462493896484375 341.774993896484375 341.63751220703125 342.381256103515625 346.53125 352.787506103515625 361.11248779296875 370.318756103515625 376.662506103515625 380.48126220703125 382.712493896484375 381.41876220703125 376 372.70623779296875 370.64373779296875 371.0625 370.818756103515625 367.993743896484375 363.118743896484375 355.725006103515625 349.70001220703125 345.01251220703125 339.16876220703125 334.806243896484375 331.181243896484375 327.28125 322.76873779296875 319.774993896484375 317.774993896484375 316.193756103515625 309.443756103515625 303.45001220703125
298.875 295.618743896484375 295.08123779296875 296.16876220703125 297.26873779296875 301.71875 304.95001220703125 308.38751220703125 315.287506103515625 326.524993896484375 337.868743896484375 347.48748779296875 347.5 339.83123779296875 338.65625 340.86248779296875 340.59375 344.868743896484375 352.75 359.618743896484375 369.20623779296875 374.087493896484375 374.806243896484375 375.725006103515625 365.89373779296875 358.09375 358.181243896484375 355.725006103515625 356.96875 354.84375 351.28125 345.587493896484375 337.943756103515625 332 326.256256103515625 322.943756103515625 319.681243896484375 316.537506103515625 314.225006103515625 310.23748779296875 302.806243896484375 302.931243896484375 299.1875 293.48126220703125 291.0625
298.58123779296875 295.475006103515625 294.118743896484375 294.881256103515625 297.993743896484375 302.33123779296875 305.46875 309.787506103515625 318.21875 328.03125 336.0625 340.34375 341.13751220703125 337.006256103515625 332.63751220703125 335.931243896484375 335.84375 338.131256103515625 346.375 351.57501220703125 359.743743896484375 362.73748779296875 364.70623779296875 359.6875 352.350006103515625 346.149993896484375 344.04998779296875 342.07501220703125 341.26873779296875 339.100006103515625 334.71875 329.587493896484375 319.78125 313.693756103515625 309.399993896484375 307.6875 305.149993896484375 304.23126220703125 303.95623779296875 298.743743896484375 288.225006103515625 283.024993896484375 284.649993896484375 287.225006103515625 287.84375
296.318756103515625 293.899993896484375 293.443756103515625 294.868743896484375 298.743743896484375 302.931243896484375 307.318756103515625 311.60626220703125 317.86248779296875 325.01873779296875 331.475006103515625 334.64373779296875 333.76873779296875 330.11248779296875 324.64373779296875 324 325.42498779296875 331.625 338.78125 344.243743896484375 349.943756103515625 355.024993896484375 354.90625 349.256256103515625 342.193756103515625 337.54376220703125 334.08123779296875 332.3125 331.306243896484375 327.23126220703125 320.118743896484375 311.28125 304.837493896484375 297.34375 291.85626220703125 289.85626220703125 293.100006103515625 296.46875 295.837493896484375 288.193756103515625 278.506256103515625 277.36248779296875 283.087493896484375 282.88751220703125 280.618743896484375
292.20623779296875 290.006256103515625 291.79998779296875 294.818756103515625 298.3125 302.64373779296875 306.868743896484375 311.46875 318.868743896484375 324.14373779296875 328.681243896484375 330.21875 329.056243896484375 323.79376220703125 316.32501220703125 308.96875 314.40625 324.837493896484375 330.631256103515625 336.712493896484375 342.53125 345.681243896484375 344.943756103515625 339.631256103515625 332.337493896484375 328.84375 323.90625 322.662506103515625 321.17498779296875 317.54376220703125 312.46875 302.91876220703125 289.975006103515625 280.662506103515625 272.8125 277.681243896484375 281.693756103515625 286.38751220703125 286.92498779296875 283.82501220703125 276.75 277.681243896484375 279.51251220703125 277.381256103515625 273.193756103515625
286.63751220703125 286.17498779296875 289.556243896484375 293.63751220703125 297.181243896484375 301.60626220703125 307.70001220703125 312.38751220703125 317.462493896484375 322.54998779296875 325.568756103515625 326.4375 323.78125 318.649993896484375 313.443756103515625 309.274993896484375 307.04998779296875 314.70623779296875 323.35626220703125 330.82501220703125 336.449981689453125 340.79376220703125 340.08123779296875 330.756256103515625 323.524993896484375 318.63751220703125 314.787506103515625 313.006256103515625 312.67498779296875 310.287506103515625 304.51251220703125 295.3125 283.29376220703125 273.274993896484375 270.9375 272.131256103515625 277.193756103515625 283.32501220703125 288.431243896484375 283.881256103515625 278.024993896484375 277.38751220703125 274.5 271.5625 265.881256103515625
278.83123779296875 281 284.774993896484375 291.34375 295.61248779296875 301.337493896484375 308.36248779296875 311.993743896484375 316.40625 319.631256103515625 320.975006103515625 320.975006103515625 318.068756103515625 314.73126220703125 310.70001220703125 308.29998779296875 305.631256103515625 303.42498779296875 315.35626220703125 323.6875 331.92498779296875 335.5625 335.25 325.993743896484375 319.48126220703125 314.63751220703125 307.493743896484375 308.16876220703125 308.743743896484375 305.118743896484375 295.07501220703125 278.73748779296875 273.443756103515625 268.41876220703125 264.45623779296875 269.08123779296875 274.04998779296875 279.131256103515625 282.48126220703125 283.212493896484375 275.725006103515625 273.225006103515625 269.837493896484375 265.662506103515625 260.54376220703125
269.875 274.087493896484375 280.36248779296875 286.524993896484375 292.14373779296875 299.493743896484375 306.0625 312.306243896484375 316.875 319.15625 318.26873779296875 314.3125 311.85626220703125 310.875 304.649993896484375 302.38751220703125 300.98748779296875 300.29376220703125 304.068756103515625 312.45001220703125 326.818756103515625 334.09375 324.774993896484375 320.568756103515625 317.17498779296875 315.42498779296875 311.5625 309.399993896484375 309.931243896484375 304.306243896484375 293.98126220703125 278.96875 268.83123779296875 256.368743896484375 251.5500030517578125 256.837493896484375 263.212493896484375 268.037506103515625 274.412506103515625 274.399993896484375 272.20001220703125 269.60626220703125 264.743743896484375 259.98748779296875 255.306243896484375
260.58123779296875 266.95623779296875 273.48126220703125 279.03125 287.375 297.850006103515625 306.84375 311.70001220703125 316 317.95623779296875 315.53125 312.975006103515625 309.993743896484375 307.26251220703125 299.712493896484375 291.79998779296875 287.681243896484375 293.899993896484375 297.125 304.618743896484375 313.78125 318.66876220703125 322.149993896484375 318.91876220703125 316.006256103515625 313.76873779296875 311.693756103515625 312.45001220703125 309.58123779296875 300.493743896484375 287.04998779296875 278.25 263.75 246.306243896484375 235.712493896484375 240.9875030517578125 252.6750030517578125 262.13751220703125 267.756256103515625 269.59375 267.17498779296875 264.300018310546875 259.556243896484375 254.4250030517578125 247.8125
