data/historical-monthly-weather-data/wc2.1_cruts4.09_10m_prec_1997-05.asc
ncols        51
nrows        45
xllcorner    -63.500000000000
yllcorner    -7.500000000000
cellsize     0.166666666667
NODATA_value -9999
[rows 0 to 19 of 45, columns 0 to 43 of 51]
330.82501220703125 328.14373779296875 324.59375 326.774993896484375 326.01251220703125 323.087493896484375 316.006256103515625 311.21875 307.412506103515625 306.375 303.70001220703125 299.462493896484375 297.225006103515625 295.86248779296875 294.493743896484375 295.068756103515625 294.375 292.1875 292.462493896484375 295 297.04376220703125 298.54998779296875 303.51251220703125 305.09375 308.07501220703125 313.068756103515625 317.21875 323.274993896484375 326.45623779296875 330.350006103515625 329.61248779296875 331.23126220703125 332.975006103515625 332.79376220703125 332.90625 335.71875 337.23126220703125 335.943756103515625 335.63751220703125 337.32501220703125 336.32501220703125 336.75 334.256256103515625 336.287506103515625
328.493743896484375 325.125 326.625 331.868743896484375 336.837493896484375 335.975006103515625 329.86248779296875 326.181243896484375 324.524993896484375 320.95001220703125 318.475006103515625 313.493743896484375 308.6875 304.537506103515625 300.649993896484375 297.600006103515625 294.912506103515625 292.45001220703125 295.306243896484375 299.068756103515625 301.84375 305.23748779296875 308.64373779296875 312.568756103515625 314.90625 317.45001220703125 322.51873779296875 327.256256103515625 330.48126220703125 330.84375 328.84375 332.5 330.787506103515625 332.0625 330.662506103515625 328.29998779296875 331.09375 330.118743896484375 331.818756103515625 328.23126220703125 326.83123779296875 330.96875 328.60626220703125 325.587493896484375
315.98748779296875 315.975006103515625 321.8125 327.743743896484375 332.625 335.662506103515625 336.57501220703125 338.587493896484375 339.28125 336.95001220703125 333.90625 326.73126220703125 319.34375 310.95001220703125 305.59375 301.95001220703125 296.39373779296875 291.881256103515625 293.274993896484375 296.82501220703125 299.912506103515625 305.48748779296875 309.475006103515625 312.368743896484375 314.42498779296875 319.368743896484375 325.274993896484375 327.76251220703125 328.1875 327.693756103515625 325.60626220703125 326.45623779296875 328.29998779296875 326.96875 327.29376220703125 323.931243896484375 324.725006103515625 324.631256103515625 324.45001220703125 323.29998779296875 324.85626220703125 323.681243896484375 323.962493896484375 321.46875
298.881256103515625 297.243743896484375 310.34375 317.57501220703125 324.98126220703125 330.4375 336.35626220703125 344.84375 352.381256103515625 353.28125 348.212493896484375 338.85626220703125 326.8125 316.568756103515625 309.39373779296875 303.006256103515625 295.193756103515625 290.118743896484375 289.96875 294.84375 302.506256103515625 306.818756103515625 309.318756103515625 312.875 314.993743896484375 317.70001220703125 323.493743896484375 323.28125 322.8125 324.58123779296875 322.84375 322.712493896484375 322.26873779296875 320.056243896484375 317.46875 319.600006103515625 321.5625 320.943756103515625 321.29376220703125 321.13751220703125 320.70001220703125 323.100006103515625 319.41876220703125 316.07501220703125
300.57501220703125 295.58123779296875 294.07501220703125 302.056243896484375 313.162506103515625 320.625 331.53125 345.32501220703125 360.01251220703125 366.90625 358.23126220703125 343.1875 332.606231689453125 322.287506103515625 313.42498779296875 304.23748779296875 294.20001220703125 288.61248779296875 287.399993896484375 293.0625 301.0625 304.725006103515625 306.212493896484375 313.131256103515625 313.73748779296875 316.01873779296875 315.61248779296875 318.431243896484375 318.67498779296875 318.59375 318.631256103515625 316.45623779296875 314.806243896484375 315.587493896484375 314.743743896484375 314.23748779296875 317.350006103515625 319.087493896484375 320.618743896484375 319.86248779296875 321.11248779296875 319.412506103515625 316.53125 315.04998779296875
295.662506103515625 291.15625 288.131256103515625 283.8125 295.34375 308.568756103515625 320.45623779296875 332.506256103515625 349.162506103515625 359.149993896484375 353.556243896484375 338.118743896484375 331 323.506256103515625 312.793731689453125 306.818756103515625 295.66876220703125 288.774993896484375 288.66876220703125 295.493743896484375 301.04998779296875 305.600006103515625 309.51873779296875 310.04376220703125 311.01873779296875 312.368743896484375 312.006256103515625 312.09375 313.6875 314.54376220703125 314.82501220703125 314.912506103515625 313.431243896484375 313.73126220703125 312.70623779296875 314.337493896484375 316.21875 317.70623779296875 323.318756103515625 323.10626220703125 321.256256103515625 320.26873779296875 316.337493896484375 314.25
292.943756103515625 286.774993896484375 282.993743896484375 279.4375 281.42498779296875 288.85626220703125 299.65625 311.181243896484375 316.90625 327.90625 331.4375 326.006256103515625 324.01251220703125 320.631256103515625 313.76251220703125 307.21875 301.912506103515625 297.96875 296.618743896484375 303.024993896484375 304.837493896484375 306.149993896484375 305.412506103515625 307.38751220703125 308.8125 311.875 309.381256103515625 308.14373779296875 305.912506103515625 307.73748779296875 309.524993896484375 308.087493896484375 306.04376220703125 306.8125 307.76873779296875 311.79376220703125 312.95623779296875 315.087493896484375 321.45623779296875 324.35626220703125 321.131256103515625 317.45623779296875 313.70001220703125 313.149993896484375
289.23748779296875 281.92498779296875 277.743743896484375 276.412506103515625 277.75 284.875 286.10626220703125 281.38751220703125 278.33123779296875 291.943756103515625 308.26251220703125 312.98748779296875 318.26873779296875 317.806243896484375 314.60626220703125 312 308.45001220703125 307.743743896484375 306.73748779296875 307.53125 310.61248779296875 308.63751220703125 306.64373779296875 303.45001220703125 305.868743896484375 302.35626220703125 303.024993896484375 300.11248779296875 298.26873779296875 300.5 302.36248779296875 301.21875 301.15625 299.95001220703125 298.743743896484375 301.662506103515625 305.16876220703125 309.868743896484375 313.524993896484375 312.287506103515625 313.29376220703125 310.23126220703125 308.04376220703125 304.631256103515625
285.875 278.818756103515625 276.3125 273.73126220703125 273.46875 278.131256103515625 278.86248779296875 275.98748779296875 267.29998779296875 268.76251220703125 285.318756103515625 298.3125 310.48126220703125 312.618743896484375 311.8125 312.83123779296875 312.118743896484375 314.21875 317.125 311.943756103515625 306.76873779296875 307.39373779296875 300.443756103515625 303.76251220703125 299.618743896484375 294.64373779296875 291.76873779296875 292.75 294.91876220703125 295.225006103515625 299 296.5625 291.056243896484375 287.54998779296875 288.96875 293.399993896484375 298.07501220703125 303.556243896484375 309.3125 307.037506103515625 304.46875 301.20001220703125 302.13751220703125 302.375
281.65625 276.368743896484375 274.16876220703125 272.993743896484375 270.037506103515625 274.274993896484375 276.23748779296875 275.70623779296875 274.443756103515625 278.65625 287.96875 292.074981689453125 305.71875 308.83123779296875 311.48126220703125 311.212493896484375 311.57501220703125 314.274993896484375 318.71875 319.25 310.431243896484375 302.162506103515625 295.79376220703125 295.993743896484375 289.25 284.41876220703125 281.32501220703125 282.368743896484375 286.45001220703125 290.61248779296875 290.118743896484375 286.45001220703125 284.39373779296875 282.087493896484375 280.54998779296875 284.600006103515625 288.57501220703125 294.899993896484375 301.131256103515625 304.70623779296875 306.618743896484375 306.5625 299.84375 293.868743896484375
277.48126220703125 273.95001220703125 271.08123779296875 270.48748779296875 267.76251220703125 272.962493896484375 276.03125 274.64373779296875 276.024993896484375 283.287506103515625 293.29998779296875 300.79998779296875 301.806243896484375 307.20001220703125 307.78125 307.3125 308.681243896484375 313.01251220703125 317.29376220703125 321.568756103515625 322.1875 308.45623779296875 295.48748779296875 279.375 279.712493896484375 278.931243896484375 275.96875 276.39373779296875 276.131256103515625 277.118743896484375 278.787506103515625 277.65625 275.20001220703125 272.79998779296875 270.693756103515625 272.212493896484375 276.381256103515625 284.118743896484375 293.837493896484375 300.08123779296875 303.91876220703125 301.90625 301 291.07501220703125
276.38751220703125 271.89373779296875 269.9375 269.46875 268.51873779296875 270.681243896484375 276.20623779296875 278.70001220703125 283.118743896484375 286.76873779296875 295.787506103515625 305.54998779296875 300.600006103515625 302.63751220703125 305.381256103515625 302.76873779296875 303.70001220703125 307.88751220703125 313.4375 322.01251220703125 326.5625 318.506256103515625 303.45001220703125 283.73748779296875 271.306243896484375 263.51873779296875 259.274993896484375 260.10626220703125 262.993743896484375 263.76251220703125 261.95001220703125 260.9375 259.09375 257.10626220703125 258.1875 263.35626220703125 269.76873779296875 275.79376220703125 283.443756103515625 290.95001220703125 297.79998779296875 296.21875 289.962493896484375 271.45623779296875
276.287506103515625 269.993743896484375 267.57501220703125 267.5 266.1875 270.40625 273.5 275.23748779296875 280.86248779296875 288.631256103515625 296.649993896484375 303.20623779296875 302.36248779296875 292.287506103515625 292.024993896484375 294.725006103515625 295.54998779296875 300.07501220703125 305.287506103515625 313.70623779296875 322.25 313.6875 300.07501220703125 280.381256103515625 254.4499969482421875 242.5437469482421875 246.0187530517578125 248.475006103515625 252.631256103515625 254.4812469482421875 250.7937469482421875 245.899993896484375 243.21875 240.756256103515625 243.09375 251.443756103515625 259.85626220703125 269.58123779296875 280.17498779296875 287.51873779296875 291.95001220703125 290.82501220703125 275.75 261.0625
270.212493896484375 265.068756103515625 264.100006103515625 263.70623779296875 264.04998779296875 266.65625 268.86248779296875 271.681243896484375 279.306243896484375 286.53125 288.931243896484375 291.306243896484375 290.01251220703125 285.243743896484375 275.149993896484375 280.712493896484375 281.64373779296875 284.443756103515625 291.6875 300.45623779296875 305.787506103515625 300.36248779296875 290.29376220703125 275.21875 254.6687469482421875 240.8937530517578125 238.4499969482421875 237.0812530517578125 239.53125 238.7687530517578125 238.8937530517578125 233.1687469482421875 230.5187530517578125 228.6437530517578125 229.787506103515625 241.149993896484375 253.9562530517578125 267.07501220703125 279.412506103515625 283.8125 277.63751220703125 267.39373779296875 264.1875 263.649993896484375
263.256256103515625 260.100006103515625 260.20001220703125 259.61248779296875 259.306243896484375 262.318756103515625 267.181243896484375 271.662506103515625 276.51251220703125 279.73748779296875 280.587493896484375 280.462493896484375 276.07501220703125 270.29376220703125 256.23748779296875 259.70001220703125 262.79998779296875 269.193756103515625 276.03125 283.01873779296875 289.193756103515625 288.0625 283.76251220703125 278 267.131256103515625 256.399993896484375 248.256256103515625 243.53125 240.6875 236.931243896484375 228.8937530517578125 221.743743896484375 222.037506103515625 216.524993896484375 212.9875030517578125 221.4875030517578125 243.993743896484375 263.07501220703125 272.66876220703125 272.35626220703125 264.6875 261.875 267.306243896484375 265.53125
255.5187530517578125 252.40625 254.2937469482421875 255.1875 254.5500030517578125 259.3125 264.78125 268.64373779296875 270.956268310546875 274.03125 272.931243896484375 270.32501220703125 264.92498779296875 260.193756103515625 249.462493896484375 237.943756103515625 244.5437469482421875 256.34375 260.48748779296875 266.993743896484375 273.82501220703125 280.20001220703125 283.41876220703125 284.15625 276.631256103515625 265.399993896484375 255.1875 246.462493896484375 241.3249969482421875 237.756256103515625 232.618743896484375 223.4250030517578125 213.1125030517578125 203.4875030517578125 198.568756103515625 218.3874969482421875 234.149993896484375 250.7062530517578125 262.368743896484375 267.45623779296875 264.85626220703125 262.274993896484375 262.90625 256.04998779296875
249.181243896484375 247.0500030517578125 247.5124969482421875 249.8562469482421875 252.1374969482421875 255.0124969482421875 258.899993896484375 261.84375 265.4375 267.54376220703125 267.306243896484375 265.45001220703125 258.725006103515625 252.1125030517578125 244.556243896484375 236.556243896484375 227.0812530517578125 236.75 245.1750030517578125 252.6437530517578125 260.78125 268.73748779296875 278.725006103515625 286.95001220703125 286.337493896484375 267.83123779296875 254.5187530517578125 246.1125030517578125 240.475006103515625 236.3125 232.15625 226.6437530517578125 217.6875 209.8937530517578125 215.837493896484375 224.7312469482421875 239.7937469482421875 255.493743896484375 270.931243896484375 268.63751220703125 263.64373779296875 258.26251220703125 251.9375 248.9875030517578125
240.3562469482421875 240.3125 242.337493896484375 244.03125 246.5500030517578125 251.9187469482421875 254.3312530517578125 255.84375 257.712493896484375 260.350006103515625 260.318756103515625 260.587493896484375 251.5 246.4875030517578125 239.7375030517578125 233.4499969482421875 224.9562530517578125 217.743743896484375 233.96875 239.712493896484375 247.274993896484375 257.193756103515625 268.375 278.07501220703125 280.506256103515625 266.89373779296875 250.024993896484375 244.337493896484375 239.84375 232.149993896484375 220.3562469482421875 211.024993896484375 219.537506103515625 222.125 223.7624969482421875 241.662506103515625 256.01873779296875 262.36248779296875 269.65625 268.850006103515625 256.587493896484375 249.8937530517578125 243.9562530517578125 241.875
231.462493896484375 232.34375 234.1687469482421875 238.287506103515625 242.2937469482421875 245.881256103515625 249.2312469482421875 252.0625 253.837493896484375 257.5 255.868743896484375 248.850006103515625 241.8125 237.6875 231.787506103515625 228.181243896484375 223.756256103515625 213.975006103515625 214.649993896484375 221.875 231.1125030517578125 245.125 243.743743896484375 255.8187408447265625 259.875 258.8125 250.65625 240.243743896484375 235.943756103515625 228.1437530517578125 219.493743896484375 216.556243896484375 222.90625 225.4812469482421875 230.1687469482421875 243.631256103515625 250.4375 253.3125 260.381256103515625 255.993743896484375 246.3000030517578125 238.381256103515625 235.9562530517578125 236.8125
221.725006103515625 223.6750030517578125 226.8125 229.3125 234.3000030517578125 242.0812530517578125 246.850006103515625 249.4499969482421875 251.1687469482421875 251.818756103515625 252.5187530517578125 249.9187469482421875 246.4250030517578125 238.25 230.15625 217.9749908447265625 208.337493896484375 210.4375 209.693756103515625 213.6750030517578125 215.462493896484375 224.28125 236.5437469482421875 241.6125030517578125 241.90625 237.1687469482421875 234.399993896484375 233.4562530517578125 225.556243896484375 216.1999969482421875 213.181243896484375 221.806243896484375 224.162506103515625 224.59375 231.506256103515625 240.818756103515625 246.087493896484375 248.6875 248.868743896484375 245.912506103515625 234.631256103515625 227.0562591552734375 228.6374969482421875 230.0812530517578125
