data/historical-monthly-weather-data/wc2.1_cruts4.09_10m_prec_1992-04.asc
ncols        45
nrows        45
xllcorner    -63.500000000000
yllcorner    -7.500000000000
cellsize     0.166666666667
NODATA_value -9999
[rows 0 to 19 of 45, columns 0 to 44 of 45]
232.3312530517578125 237.006256103515625 238.3562469482421875 244.100006103515625 245.5812530517578125 242.4812469482421875 238.162506103515625 230.0124969482421875 224.381256103515625 222.350006103515625 223.3562469482421875 224.818756103515625 225.287506103515625 224.318756103515625 224.662506103515625 225.818756103515625 228.2375030517578125 228.712493896484375 231.806243896484375 234.9375 237.193756103515625 240.493743896484375 243.1437530517578125 247.75 250.53125 256.23126220703125 263.20001220703125 272.46875 280.15625 284.506256103515625 288.850006103515625 293.3125 295.51251220703125 299.34375 302.35626220703125 303.131256103515625 301.28125 299.350006103515625 299.068756103515625 296.84375 294.681243896484375 293.568756103515625 289.875 287.95623779296875 284.787506103515625
237.6999969482421875 242.3125 249.881256103515625 257 262.975006103515625 258.35626220703125 251.943756103515625 247.0625 242.34375 239.0749969482421875 238.4875030517578125 237.6437530517578125 236.931243896484375 235.318756103515625 233.6999969482421875 234.7687530517578125 234.993743896484375 237.087493896484375 240.25 242.625 244.0187530517578125 245.600006103515625 248.912506103515625 252.2687530517578125 256.8125 262.006256103515625 269.125 279.04376220703125 285.649993896484375 288.90625 293.462493896484375 298.837493896484375 301.024993896484375 305.26873779296875 306.86248779296875 306.17498779296875 305.28125 302.600006103515625 300.774993896484375 296.75 292.85626220703125 291.625 287.837493896484375 283.66876220703125 279.10626220703125
238.462493896484375 245.3312530517578125 252.118743896484375 261.25 268.73126220703125 266.493743896484375 262.962493896484375 260.48126220703125 259.399993896484375 256.17498779296875 252.912506103515625 249.8937530517578125 248.3125 244.318756103515625 242.350006103515625 242.337493896484375 241.9499969482421875 243.5500030517578125 245.1875 247.6687469482421875 249.431243896484375 251.4875030517578125 253.1875 256.649993896484375 261.993743896484375 267.4375 276.100006103515625 283.212493896484375 288.48126220703125 292.524993896484375 296.34375 300.212493896484375 304.38751220703125 307.41876220703125 307.34375 305.337493896484375 305.48748779296875 304.09375 300.95623779296875 296.931243896484375 292.774993896484375 289.462493896484375 285.46875 281.649993896484375 277.11248779296875
234.6750030517578125 242.399993896484375 252.65625 260.35626220703125 267.88751220703125 269.875 270.09375 270.818756103515625 273.125 272.70623779296875 268.100006103515625 262.20001220703125 256.875 252.7624969482421875 249.962493896484375 249.46875 249.3249969482421875 249.7624969482421875 250.40625 252.318756103515625 254.818756103515625 256.5 256.83123779296875 261.3125 266.57501220703125 270.86248779296875 280.375 286.350006103515625 291.618743896484375 296.95001220703125 300.40625 303.818756103515625 304.662506103515625 306.33123779296875 305.693756103515625 305.462493896484375 304.612518310546875 302.912506103515625 301.350006103515625 295.899993896484375 291.443756103515625 288.912506103515625 282.88751220703125 277.53125 274.350006103515625
242.212493896484375 246.2312469482421875 249.8312530517578125 257.64373779296875 267.76251220703125 271.4375 272.73126220703125 276.9375 283.34375 287.13751220703125 280.13751220703125 269.431243896484375 263.431243896484375 259.368743896484375 256.14373779296875 255.03125 253.881256103515625 253.818756103515625 253.5187530517578125 254.3125 257.34375 258.23748779296875 258.868743896484375 264.881256103515625 268.21875 272.662506103515625 280.381256103515625 289.625 297.0625 300.23126220703125 303.46875 303.61248779296875 303.350006103515625 304.6875 304.4375 303.70623779296875 301.67498779296875 300.225006103515625 299.087493896484375 294.08123779296875 290.67498779296875 284.787506103515625 279.274993896484375 275.20623779296875 270.95623779296875
244.068756103515625 249.59375 253.625 255.90625 265.04376220703125 270.3125 272.306243896484375 277.07501220703125 283.79376220703125 290.125 280.90625 271.193756103515625 266.29998779296875 262.868743896484375 259.13751220703125 258.181243896484375 255.2062530517578125 254.0187530517578125 254.568756103515625 255.2375030517578125 256.76251220703125 257.556243896484375 260.45001220703125 265.04998779296875 269.48126220703125 274.79998779296875 281.931243896484375 290.32501220703125 297.23126220703125 299.712493896484375 302.17498779296875 304.3125 301.399993896484375 301.818756103515625 302.91876220703125 301.48748779296875 301.48126220703125 300.34375 298.84375 295.79376220703125 289.368743896484375 283.33123779296875 278.618743896484375 275.09375 272.23126220703125
247.1125030517578125 252.6125030517578125 256.78125 258.26873779296875 260.375 262.04376220703125 264.100006103515625 267.787506103515625 270.57501220703125 271.787506103515625 270.462493896484375 267.78125 267.39373779296875 264.574981689453125 261.76251220703125 261.42498779296875 258.59375 254 252.006256103515625 252.96875 255.625 257.89373779296875 260.71875 263.63751220703125 268.83123779296875 274.899993896484375 282.65625 289.13751220703125 295.287506103515625 298.024993896484375 301.03125 302.193756103515625 300.399993896484375 298.21875 298.45623779296875 297.51251220703125 296.337493896484375 296.375 297.243743896484375 293.83123779296875 284.84375 279.64373779296875 275.725006103515625 272.42498779296875 271.368743896484375
250.881256103515625 254.600006103515625 257.01873779296875 259.975006103515625 262.287506103515625 261.568756103515625 257.48748779296875 253.0625 249.5812530517578125 250.625 257.287506103515625 262.70001220703125 265.875 266.28125 265.04376220703125 263.46875 260.07501220703125 254.4812469482421875 249.462493896484375 249.9250030517578125 254.162506103515625 257.649993896484375 259.89373779296875 263.181243896484375 269.61248779296875 273.71875 280.743743896484375 287.28125 293.631256103515625 296.88751220703125 297.568756103515625 298.493743896484375 296.51873779296875 294.368743896484375 293.274993896484375 289.899993896484375 289.181243896484375 288.41876220703125 287.462493896484375 283.149993896484375 276.64373779296875 273.20623779296875 269.32501220703125 265.28125 263.181243896484375
254.0437469482421875 257.899993896484375 259.6875 260.90625 262.587493896484375 260.23126220703125 256.712493896484375 250.8312530517578125 242.2624969482421875 239.2687530517578125 249.225006103515625 258.13751220703125 267.368743896484375 269.38751220703125 266.725006103515625 264.61248779296875 261.48748779296875 256.8125 253.34375 251.8562469482421875 251.649993896484375 256.756256103515625 258.84375 264.181243896484375 269.787506103515625 272.15625 277.92498779296875 284.75 290.79376220703125 293.71875 295.931243896484375 294.73126220703125 291.287506103515625 286.931243896484375 285.693756103515625 283.1875 282.82501220703125 280.45001220703125 279.3125 274.881256103515625 269.29376220703125 265.01873779296875 262.42498779296875 259.83123779296875 255.0124969482421875
256.943756103515625 259.131256103515625 261.149993896484375 262.35626220703125 262.756256103515625 261 258.568756103515625 253.4812469482421875 249.84375 250.5124969482421875 257.068756103515625 262.899993896484375 270.23748779296875 272.6875 270.39373779296875 266.100006103515625 262.131256103515625 258.631256103515625 255.443756103515625 255.9375 255.4562530517578125 257.100006103515625 258.45001220703125 264.850006103515625 267.412506103515625 268.04998779296875 273.11248779296875 279.32501220703125 286.16876220703125 291.125 290.787506103515625 288.149993896484375 283.90625 279.693756103515625 277.462493896484375 276.125 273.76873779296875 271.58123779296875 269.89373779296875 267.412506103515625 263.85626220703125 260.056243896484375 256.5 250.75 247.837493896484375
259.98126220703125 262.631256103515625 263.73126220703125 264.162506103515625 262.91876220703125 261.98126220703125 260.75 257.587493896484375 257.712493896484375 260.4375 266.71875 273.625 275.818756103515625 277.350006103515625 272.17498779296875 266.024993896484375 261.587493896484375 259.118743896484375 257.600006103515625 257.587493896484375 260.4375 260.79376220703125 259.368743896484375 257.82501220703125 263.087493896484375 263.943756103515625 266.800018310546875 271.993743896484375 277.256256103515625 281.875 281.64373779296875 278.975006103515625 275.1875 270.96875 268.462493896484375 264.90625 262.443756103515625 260.837493896484375 260.04376220703125 258.25 254.8249969482421875 251.15625 249.4875030517578125 245.774993896484375 242.1125030517578125
261.67498779296875 263.36248779296875 263.98748779296875 266.92498779296875 266.95623779296875 264.962493896484375 265.65625 265.631256103515625 268.037506103515625 271.850006103515625 278.09375 284.0625 281.056243896484375 278.40625 272.337493896484375 266.40625 261.25 258.881256103515625 258.01873779296875 258.71875 260.79376220703125 260.931243896484375 259.78125 260.51873779296875 259.38751220703125 256.118743896484375 258.287506103515625 261.9375 267 269.51873779296875 269.82501220703125 268.42498779296875 264.056243896484375 260.51873779296875 258.125 255.9187469482421875 255.03125 254.431243896484375 251.7375030517578125 248.243743896484375 245.8312530517578125 243.4250030517578125 241.225006103515625 235.3812408447265625 231.5625
264.09375 265.13751220703125 265.943756103515625 267.806243896484375 269.23126220703125 270.76251220703125 270.67498779296875 270.712493896484375 273.33123779296875 279.556243896484375 285.618743896484375 289.6875 285.625 275.17498779296875 268.556243896484375 264.45001220703125 258.524993896484375 256.16876220703125 256.399993896484375 255.90625 257.774993896484375 256.40625 252.7624969482421875 252.7312469482421875 246.0124969482421875 241.34375 245.96875 249.53125 255.4124908447265625 257.25 257.71875 256.375 252.2062530517578125 249.100006103515625 246.2687530517578125 246.3000030517578125 246.5625 246.649993896484375 245.100006103515625 241.8874969482421875 235.850006103515625 235.181243896484375 231.40625 226.381256103515625 225.25
265.35626220703125 266.006256103515625 265.850006103515625 267.212493896484375 270.34375 272.056243896484375 272.243743896484375 273.39373779296875 277.625 282.818756103515625 286.131256103515625 284.818756103515625 280.38751220703125 271.868743896484375 262.631256103515625 259.462493896484375 253.7312469482421875 249.899993896484375 250.4187469482421875 248.693756103515625 249.21875 246.193756103515625 243.162506103515625 239.287506103515625 234.524993896484375 231.15625 234.443756103515625 238.4812469482421875 243.1125030517578125 245.4562530517578125 245.943756103515625 245.618743896484375 240.1500091552734375 237.212493896484375 235.7937469482421875 237.318756103515625 238.4812469482421875 240.618743896484375 240.875 236.850006103515625 228.443756103515625 223.4812469482421875 223.7687530517578125 225.006256103515625 226.1374969482421875
264.14373779296875 265.16876220703125 265.76873779296875 267.693756103515625 271.475006103515625 273.212493896484375 274.73748779296875 276 278.36248779296875 281.3125 283.28125 280.73126220703125 274.556243896484375 266.1875 256.212493896484375 250.181243896484375 245.8249969482421875 245.0500030517578125 244.8937530517578125 243.399993896484375 241.9375 240.037506103515625 235.3874969482421875 231.462493896484375 227.306243896484375 225.3562469482421875 227.8249969482421875 232.087493896484375 236.71875 238.087493896484375 236.9875030517578125 234.2312469482421875 231.4499969482421875 227.587493896484375 225.375 226.9187469482421875 232.881256103515625 239.03125 240.8937530517578125 236.8874969482421875 230.5187530517578125 227.556243896484375 229.537506103515625 227.024993896484375 225.2937469482421875
261.149993896484375 262.20001220703125 264.737518310546875 268.09375 271.537506103515625 273.556243896484375 275.09375 276.79998779296875 280.181243896484375 281.493743896484375 281.79998779296875 277.631256103515625 270.96875 261.118743896484375 249.681243896484375 238.65625 237.6437530517578125 240.162506103515625 239.1750030517578125 238.21875 236.568756103515625 233.03125 227.84375 224.5124969482421875 220.600006103515625 219.8000030517578125 221.3874969482421875 226.0437469482421875 230.4375 232.4812469482421875 233.318756103515625 230.375 222.7624969482421875 217.556243896484375 213.6125030517578125 220.7624969482421875 227.6750030517578125 235.5 240.375 242.3874969482421875 239.875 237.256256103515625 234.100006103515625 228.2937469482421875 224.3625030517578125
256.79998779296875 259.256256103515625 263.193756103515625 267.462493896484375 270.91876220703125 273.125 276.48126220703125 278.36248779296875 279.712493896484375 280.89373779296875 279.881256103515625 275.01251220703125 266.91876220703125 257.04998779296875 247.5187530517578125 239.0625 232.306243896484375 232.9562530517578125 234.193756103515625 234.3125 232.2624969482421875 229.2312469482421875 223.8562469482421875 218.225006103515625 214.7937469482421875 213.3874969482421875 215.8000030517578125 220.162506103515625 225.46875 228.7937469482421875 229.506256103515625 227.1687469482421875 220.3625030517578125 214.662506103515625 215.193756103515625 219.7312469482421875 227.875 237.5 248.0500030517578125 250.7375030517578125 250.693756103515625 245.618743896484375 236.9875030517578125 229.1687469482421875 223.431243896484375
250.274993896484375 255.03125 259.23748779296875 265.649993896484375 269.625 272.83123779296875 276.8125 277.57501220703125 278.41876220703125 278.08123779296875 275.806243896484375 270.506256103515625 262.54998779296875 254.4562530517578125 246.0187530517578125 239.087493896484375 232.0812530517578125 225.5187530517578125 229.399993896484375 230.306243896484375 229.8937530517578125 226.1437530517578125 220.875 215.625 213.09375 212.09375 212.4562530517578125 218.7312469482421875 224.9499969482421875 227.681243896484375 225.4499969482421875 217.712493896484375 216.1374969482421875 214.34375 213.6125030517578125 221.056243896484375 229.287506103515625 238.0500030517578125 246.5187530517578125 253.118743896484375 251.09375 245.5500030517578125 237.899993896484375 230.1125030517578125 224.5625
242.631256103515625 249.2312469482421875 255.5749969482421875 261.48748779296875 266.57501220703125 271.03125 274.32501220703125 277.225006103515625 278.25 277.225006103515625 273.20001220703125 264.9375 257.806243896484375 252 242 235.34375 229.4875030517578125 224.2312469482421875 222.3249969482421875 223.475006103515625 227.225006103515625 225.75 214.337493896484375 212.7624969482421875 212.7062530517578125 214.225006103515625 217.1750030517578125 221.78125 228.350006103515625 230.0187530517578125 227.881256103515625 221.3937530517578125 215.9875030517578125 208.2062530517578125 206.7062530517578125 214.681243896484375 224.0749969482421875 232.4875030517578125 242.59375 247.287506103515625 249.181243896484375 245.0437469482421875 237.9375 231.1687469482421875 225.71875
234.8249969482421875 243.3375091552734375 249.78125 255.0124969482421875 262.4375 269.48748779296875 274.70001220703125 276.11248779296875 276.98126220703125 275.78125 270.568756103515625 263.82501220703125 256.64373779296875 249.7375030517578125 238.850006103515625 227.9499969482421875 220.225006103515625 220.40625 218.2624969482421875 218.9187469482421875 219.0625 215.9499969482421875 213.131256103515625 212.537506103515625 213.2062530517578125 214.7624969482421875 219.243743896484375 226.2937469482421875 230.756256103515625 230.1437530517578125 225.8312530517578125 224.4499969482421875 215.506256103515625 203.475006103515625 197.0749969482421875 204.962493896484375 218.868743896484375 231.2062530517578125 239.7937469482421875 245.125 246.068756103515625 243 237.649993896484375 231.8562469482421875 224.4749908447265625
