data/historical-monthly-weather-data/wc2.1_cruts4.09_10m_prec_1951-03.asc
ncols        45
nrows        45
xllcorner    -63.500000000000
yllcorner    -7.500000000000
cellsize     0.166666666667
NODATA_value -9999
[rows 20 to 39 of 45, columns 0 to 44 of 45]
195.5500030517578125 199.8937530517578125 206.818756103515625 214.537506103515625 223.1999969482421875 234.837493896484375 246.53125 256.931243896484375 266.34375 272.837493896484375 276.76873779296875 279.131256103515625 281.70001220703125 285.762481689453125 281.837493896484375 272.86248779296875 265.1875 261.79376220703125 261.987518310546875 262.443756103515625 265.5625 269.068756103515625 272.162506103515625 280.318756103515625 290.006256103515625 300.462493896484375 311.631256103515625 322.73126220703125 333.350006103515625 340.693756103515625 342.01873779296875 337.712493896484375 324.92498779296875 307.162506103515625 290.087493896484375 314.475006103515625 348.743743896484375 369.20001220703125 378.58123779296875 381.10626220703125 379.912506103515625 376.118743896484375 370.26873779296875 365.45001220703125 361.5
192.131256103515625 197.431243896484375 206.3562469482421875 215.381256103515625 225.4562530517578125 238.8312530517578125 252.21875 264.618743896484375 274.25 277.90625 277.024993896484375 275.149993896484375 273.881256103515625 274.98126220703125 273.274993896484375 269.21875 265.756256103515625 262.881256103515625 261.506256103515625 260.443756103515625 260.118743896484375 260.98748779296875 265.274993896484375 272.962493896484375 283.21875 296.100006103515625 311.274993896484375 322.90625 333.41876220703125 339.774993896484375 340.037506103515625 335.975006103515625 326.39373779296875 316.056243896484375 312.04376220703125 328.024993896484375 354.79998779296875 374.58123779296875 383.6875 384.431243896484375 381.67498779296875 377.86248779296875 372.962493896484375 368.61248779296875 365.53125
191.15625 198.0124969482421875 207.1999969482421875 217.368743896484375 227.9875030517578125 241.412506103515625 255.193756103515625 270.71875 282.85626220703125 282.26251220703125 276.70001220703125 268.98748779296875 263.26873779296875 263.73126220703125 265.649993896484375 265.306243896484375 263.443756103515625 261.04376220703125 258.73748779296875 256.649993896484375 254.90625 253.131256103515625 254.2937469482421875 261.8125 274.48126220703125 289.88751220703125 306.48126220703125 320.29998779296875 331.10626220703125 336.662506103515625 338.693756103515625 339.86248779296875 338.95623779296875 337.024993896484375 343.024993896484375 356.51873779296875 374.368743896484375 388.037506103515625 392.63751220703125 390.568756103515625 385.5 380.82501220703125 376.17498779296875 371.01873779296875 368.506256103515625
192.881256103515625 199.787506103515625 209.3312530517578125 219.8000030517578125 230.6125030517578125 243.1999969482421875 257.45623779296875 272.337493896484375 282.70623779296875 279.975006103515625 272.03125 264.175018310546875 255.056243896484375 256.45001220703125 260.53125 262.0625 261.875 259.83123779296875 255.787506103515625 252.1374969482421875 248.806243896484375 245.2937469482421875 244.4812469482421875 251.5625 262.850006103515625 278.181243896484375 295.78125 312.693756103515625 326.58123779296875 336.14373779296875 343.53125 348.912506103515625 353.225006103515625 358.38751220703125 368.70001220703125 382.9375 396.524993896484375 402.1875 400.6875 396.01251220703125 389.881256103515625 383.15625 377.36248779296875 370.60626220703125 370.20001220703125
198.6999969482421875 204.412506103515625 212.2375030517578125 222.5812530517578125 234.1437530517578125 245.9875030517578125 257.38751220703125 268.625 275.350006103515625 275.0625 270.92498779296875 263.768768310546875 259.10626220703125 258.956268310546875 260.03125 261.83123779296875 261.40625 259.20001220703125 255.0437469482421875 248.912506103515625 242.8312530517578125 237.381256103515625 233.9375 238.34375 250.5 269.131256103515625 287.056243896484375 307.243743896484375 323.86248779296875 338.837493896484375 349.568756103515625 358.51251220703125 367.581268310546875 376.600006103515625 387.256256103515625 395.53125 405.381256103515625 409.54998779296875 405.79376220703125 401.662506103515625 394.868743896484375 386.381256103515625 377.14373779296875 372.006256103515625 367.23748779296875
207.4250030517578125 212.975006103515625 218.2375030517578125 227.556243896484375 236.8874969482421875 246.71875 256.037506103515625 264.568756103515625 269.23126220703125 270.0625 268.412506103515625 265.73748779296875 263.76251220703125 263.01873779296875 262.91876220703125 264.10626220703125 262.6875 260.39373779296875 256.16876220703125 247.6999969482421875 240.850006103515625 231.6750030517578125 223.875 224.756256103515625 239.037506103515625 261.006256103515625 283.32501220703125 303.850006103515625 323.46875 341.61248779296875 356.475006103515625 370.10626220703125 382.743743896484375 391.712493896484375 400.28125 405.54376220703125 411.850006103515625 414.975006103515625 411.649993896484375 406.3125 399.64373779296875 388.95001220703125 375.443756103515625 368.068756103515625 364.556243896484375
216.318756103515625 218.75 223.850006103515625 230.5437469482421875 237.59375 245.649993896484375 252.649993896484375 259 263.01873779296875 265.725006103515625 266.975006103515625 266.662506103515625 266.556243896484375 267.112518310546875 267.46875 267.774993896484375 267.86248779296875 264.41876220703125 259.07501220703125 251.8000030517578125 242.59375 231.8249969482421875 219.693756103515625 218.493743896484375 236.3625030517578125 258.381256103515625 281.725006103515625 302.38751220703125 323.01873779296875 342.36248779296875 359.975006103515625 378.137481689453125 394.51251220703125 402.337493896484375 409.28125 414.162506103515625 420.118743896484375 422.65625 419.743743896484375 415.26251220703125 406.743743896484375 393.63751220703125 377.462493896484375 366.75 371.61248779296875
225.8312530517578125 226.318756103515625 229.943756103515625 234.78125 238.8625030517578125 244.649993896484375 251.3125 256.225006103515625 259.98126220703125 263.274993896484375 265.0625 266.38751220703125 268.39373779296875 270.506256103515625 271.34375 271.774993896484375 272.57501220703125 271.1875 266.412506103515625 259.54376220703125 250.6125030517578125 239.4250030517578125 231.71875 232.65625 245.4875030517578125 264.20001220703125 285.13751220703125 305.8125 325.58123779296875 343.26251220703125 360.59375 377.931243896484375 395.01873779296875 404.73126220703125 413.537506103515625 419.60626220703125 424.01251220703125 428.70623779296875 427.462493896484375 425.46875 421.056243896484375 405.25 383.53125 370.962493896484375 386.368743896484375
234.787506103515625 234.0437469482421875 236.09375 238.337493896484375 242.0625 245.875 249.5 253.375 257.41876220703125 260.58123779296875 263.85626220703125 266.79998779296875 269.98126220703125 273.79998779296875 276.318756103515625 278.54998779296875 281.38751220703125 280.756256103515625 277.587493896484375 271.881256103515625 263.35626220703125 253.2312469482421875 247.3562469482421875 248.524993896484375 259 273.1875 291.149993896484375 310.29376220703125 328.881256103515625 345.48748779296875 360.149993896484375 375.318756103515625 392.506256103515625 405.40625 416.73126220703125 423.75 428.125 433.48126220703125 433.23126220703125 431.17498779296875 431.79376220703125 415.23126220703125 393.07501220703125 389.118743896484375 407.787506103515625
244.4000091552734375 242.40625 242.28125 242.5437469482421875 244.1374969482421875 245.3249969482421875 247.774993896484375 250.5187530517578125 254.4812469482421875 257.681243896484375 261.45001220703125 266.61248779296875 272.318756103515625 277.79998779296875 281.725006103515625 285.5 289.462493896484375 293.71875 292.57501220703125 284.962493896484375 275.931243896484375 267.01873779296875 261.056243896484375 263.08123779296875 270.79376220703125 282.774993896484375 298.462493896484375 314.693756103515625 330.57501220703125 345.212493896484375 359.306243896484375 372.5625 389.350006103515625 405.9375 419.806243896484375 427.01251220703125 432.443756103515625 439.46875 435.51251220703125 433.57501220703125 435.443756103515625 430.38751220703125 419.287506103515625 422.162506103515625 431.5625
252.0437469482421875 248.7937469482421875 246.90625 246.21875 246.3312530517578125 245.40625 247.03125 248.4250030517578125 251.78125 255.2062530517578125 259.53125 265.475006103515625 272.837493896484375 279.20001220703125 285.01251220703125 291.17498779296875 298.725006103515625 304.32501220703125 307.043731689453125 299.13751220703125 289.375 279.381256103515625 273.96875 275.5 281.10626220703125 292.33123779296875 304.76873779296875 317.693756103515625 332.07501220703125 345.350006103515625 358.693756103515625 372.743743896484375 390.01873779296875 407.54998779296875 423.181243896484375 430.056243896484375 436.73748779296875 445.3125 440.125 430.318756103515625 435.625 443.662506103515625 446.03125 451.64373779296875 461.57501220703125
258.131256103515625 254 250.693756103515625 248.5187530517578125 247.5437469482421875 245.5187530517578125 246.0625 245.881256103515625 248.71875 252.162506103515625 256.625 263.35626220703125 271.056243896484375 279.89373779296875 288.068756103515625 296.46875 302.993743896484375 308.48126220703125 311.381256103515625 307.66876220703125 298.09375 289.899993896484375 283.375 284.26873779296875 291.037506103515625 299.48126220703125 309.006256103515625 321.125 332.26251220703125 345.64373779296875 359.21875 373.193756103515625 389.975006103515625 408.306243896484375 425.131256103515625 433.5 443.29376220703125 451.57501220703125 444.08123779296875 439.993743896484375 451.46875 466.70001220703125 476.381256103515625 490.95623779296875 505.66876220703125
264.943756103515625 260.975006103515625 256.631256103515625 253.2624969482421875 250.3499908447265625 248.4562530517578125 247.068756103515625 245.5812530517578125 246.7062530517578125 250.068756103515625 256.34375 262.912506103515625 271.881256103515625 283.337493896484375 291.993743896484375 300.125 306.20623779296875 311.8125 313.53125 311.45001220703125 304.95001220703125 297.399993896484375 290.51251220703125 292.15625 297.068756103515625 303.381256103515625 311.443756103515625 321.6875 333 346.006256103515625 359.76251220703125 374.1875 392.618743896484375 411.806243896484375 428.443756103515625 441 452.493743896484375 460.95623779296875 458.07501220703125 466.524993896484375 480.774993896484375 497.60626220703125 514.1624755859375 533.65625 562.45623779296875
271.524993896484375 267.41876220703125 263.51873779296875 259.34375 255.40625 251.725006103515625 248.5124969482421875 245.875 245.5812530517578125 247.774993896484375 253.318756103515625 262.649993896484375 273.006256103515625 283.45623779296875 292.16876220703125 301.662506103515625 309.82501220703125 314.631256103515625 315.08123779296875 313.6875 309.243743896484375 302.36248779296875 296.86248779296875 296.70623779296875 300.21875 304.23748779296875 312.15625 320.90625 332.82501220703125 345.79998779296875 359.118743896484375 375.48126220703125 395.76873779296875 415.506256103515625 435.23126220703125 449.40625 461.662506103515625 471.23126220703125 478.82501220703125 491.98748779296875 506.756256103515625 525.9312744140625 549.91876220703125 574.65625 609.1500244140625
278.162506103515625 274.71875 270.568756103515625 265.33123779296875 259.14373779296875 254.774993896484375 249.806243896484375 246.5187530517578125 243.850006103515625 244.0812530517578125 250.0500030517578125 261.587493896484375 274.20001220703125 285.412506103515625 295.693756103515625 304.193756103515625 312.54998779296875 316.70623779296875 317.28125 315.993743896484375 312.53125 305.73748779296875 300.03125 298.70001220703125 301.26251220703125 304.61248779296875 310.98748779296875 319.993743896484375 329.943756103515625 344.399993896484375 360.118743896484375 377.399993896484375 398.14373779296875 419.774993896484375 439.65625 453.912506103515625 467.65625 485.100006103515625 498.225006103515625 513.0374755859375 530.0875244140625 548.5999755859375 573.71875 601.0625 631.07501220703125
286.131256103515625 282.13751220703125 277.243743896484375 271.65625 265.431243896484375 259.73126220703125 254.475006103515625 248.649993896484375 243.6687469482421875 243.125 248.850006103515625 261.45001220703125 276.48126220703125 289.475006103515625 299.07501220703125 307.649993896484375 314.36248779296875 317.73748779296875 319.243743896484375 319.006256103515625 314.76251220703125 307.568756103515625 300.85626220703125 299.375 300.29376220703125 302.149993896484375 307.86248779296875 316.51251220703125 326.20001220703125 341.35626220703125 359.056243896484375 377.149993896484375 397.33123779296875 420.493743896484375 441.01873779296875 455.5 473.431243896484375 491.70623779296875 503.86248779296875 520.64373779296875 539.8499755859375 557.96875 579.23126220703125 606.79998779296875 630.07501220703125
293.068756103515625 289.5625 284.8125 278.79998779296875 272.98748779296875 267.26251220703125 260.631256103515625 253.6875 246.068756103515625 241.03125 249.1437530517578125 267.20623779296875 282.76251220703125 293.92498779296875 303.475006103515625 310.350006103515625 315.39373779296875 318.056243896484375 319.98748779296875 318.024993896484375 313.95623779296875 306.875 300.36248779296875 296.868743896484375 296.243743896484375 297.399993896484375 302.875 311.92498779296875 321.193756103515625 338.162506103515625 356.774993896484375 375.90625 398.32501220703125 422.29376220703125 442.931243896484375 459.85626220703125 478.61248779296875 497.76251220703125 511.056243896484375 524.57501220703125 541.2750244140625 558.8812255859375 579.98126220703125 605.1812744140625 626.01873779296875
300.66876220703125 297.806243896484375 292.556243896484375 286.98126220703125 282.181243896484375 276.70623779296875 270.08123779296875 262.16876220703125 255.3625030517578125 247.9499969482421875 263.20623779296875 281.78125 292.67498779296875 301.33123779296875 307.83123779296875 313.38751220703125 315.774993896484375 317.25 317.5 314.375 308.556243896484375 302.037506103515625 297.243743896484375 292.8125 291.46875 292.431243896484375 297.524993896484375 306.881256103515625 316.806243896484375 334.54998779296875 353.243743896484375 372.993743896484375 396.16876220703125 421.1875 441.743743896484375 461.256256103515625 480.40625 497.243743896484375 512.6937255859375 527.6875 540.3125 558.26251220703125 575.4124755859375 592.15625 610.7249755859375
307.76251220703125 305.056243896484375 300.91876220703125 296.287506103515625 292.118743896484375 286.46875 282.01251220703125 276.64373779296875 275.037506103515625 281.350006103515625 298.65625 304.14373779296875 306.91876220703125 311.01251220703125 315.006256103515625 317.662506103515625 317.8125 316.70623779296875 314.04998779296875 308.875 301.243743896484375 294.76251220703125 290.13751220703125 286.8125 286.01251220703125 287.78125 293.587493896484375 301.899993896484375 311.881256103515625 328.943756103515625 347.881256103515625 365.60626220703125 386.42498779296875 410.01251220703125 433.8125 451 467.987518310546875 486.07501220703125 498.412506103515625 509.931243896484375 521.4124755859375 537.91876220703125 551.3187255859375 566.1187744140625 578.4937744140625
315.48748779296875 313.17498779296875 309.806243896484375 305.462493896484375 302.662506103515625 300.024993896484375 296.0625 295.25 296.850006103515625 302.63751220703125 311.712493896484375 317.868743896484375 320.493743896484375 321.58123779296875 323.54998779296875 323.149993896484375 320.881256103515625 316.850006103515625 310.631256103515625 303.95001220703125 294.73126220703125 287.587493896484375 281.61248779296875 278.756256103515625 279.73126220703125 282.45623779296875 287.96875 296.73126220703125 306.32501220703125 321.837493896484375 338.23126220703125 357.70001220703125 380.09375 400.91876220703125 422.45001220703125 439.76251220703125 454.29998779296875 470.131256103515625 482.881256103515625 490.256256103515625 498.70623779296875 512.4000244140625 523.57501220703125 534.39373779296875 543.40625
