data/historical-monthly-weather-data/wc2.1_cruts4.09_10m_prec_1986-03.asc
ncols        51
nrows        45
xllcorner    -63.500000000000
yllcorner    -7.500000000000
cellsize     0.166666666667
NODATA_value -9999
[rows 20 to 39 of 45, columns 0 to 44 of 51]
270.375 277.28125 284.8125 292.850006103515625 301.725006103515625 312.962493896484375 323.73748779296875 332.40625 338.993743896484375 341.6875 341.587493896484375 342.48748779296875 344.08123779296875 347.399993896484375 340.40625 327.35626220703125 315.88751220703125 308.90625 306.09375 303.399993896484375 302.149993896484375 301.056243896484375 298.9375 298.95001220703125 299.79376220703125 301.318756103515625 303.774993896484375 305.962493896484375 307.92498779296875 309.087493896484375 305.306243896484375 296.743743896484375 281.76251220703125 263.037506103515625 245.662506103515625 265.556243896484375 294.03125 311.10626220703125 320.537506103515625 324.524993896484375 325.506256103515625 325.631256103515625 324.08123779296875 323.337493896484375 322.92498779296875
264.78125 273.181243896484375 283.568756103515625 293.42498779296875 304.28125 317.931243896484375 330.95001220703125 342.29998779296875 349.39373779296875 348.70001220703125 342.806243896484375 338.10626220703125 334.556243896484375 333.943756103515625 329.931243896484375 323.14373779296875 317.04376220703125 310.9375 306.61248779296875 302.431243896484375 297.60626220703125 293.95623779296875 293.48126220703125 292.256256103515625 292.88751220703125 295.993743896484375 301.743743896484375 303.82501220703125 305.04998779296875 305.13751220703125 300.23748779296875 291.79998779296875 279.38751220703125 266.743743896484375 260.13751220703125 272.73126220703125 294.693756103515625 311.08123779296875 320.38751220703125 323.024993896484375 322.868743896484375 322.51251220703125 321.274993896484375 320.493743896484375 320.79376220703125
262.59375 273.337493896484375 284.17498779296875 295.600006103515625 307.256256103515625 321.056243896484375 334.75 350.25 360.73126220703125 354.856231689453125 343.26251220703125 330.975006103515625 321.60626220703125 319.92498779296875 320.54998779296875 318.568756103515625 314.693756103515625 309.48748779296875 304.350006103515625 299.306243896484375 293.16876220703125 286.91876220703125 283.20623779296875 281.35626220703125 283.91876220703125 288.95001220703125 295.625 299.287506103515625 300.306243896484375 299.5 296.08123779296875 292.01251220703125 286.61248779296875 280.524993896484375 281.649993896484375 291.92498779296875 306.29376220703125 317.51251220703125 323.243743896484375 323.82501220703125 321.89373779296875 320.5625 319.21875 317.45001220703125 318.162506103515625
264.125 275.25 286.73126220703125 298.73748779296875 310.743743896484375 323.5625 338.04376220703125 352.91876220703125 361.23126220703125 352.743743896484375 338.243743896484375 325.399993896484375 311.45623779296875 310.631256103515625 314.100006103515625 314.63751220703125 313.04376220703125 308.600006103515625 301.70623779296875 295.149993896484375 287.26251220703125 279.125 273.29376220703125 270.92498779296875 271.98748779296875 276.96875 284.631256103515625 291.125 294.83123779296875 297.51873779296875 298.662506103515625 297.9375 296.131256103515625 294.993743896484375 298.649993896484375 308.850006103515625 319.056243896484375 323.318756103515625 324.399993896484375 323.33123779296875 321.0625 318.59375 316.86248779296875 314.21875 316.649993896484375
271.256256103515625 281.181243896484375 290.431243896484375 302.35626220703125 315.53125 327.5 338.42498779296875 348.73748779296875 352.556243896484375 347.318756103515625 337.587493896484375 325.23748779296875 316.26251220703125 313.193756103515625 313.1875 314.287506103515625 312.65625 308.318756103515625 301.662506103515625 292.40625 281.42498779296875 271.09375 262.381256103515625 257.16876220703125 259.32501220703125 267.743743896484375 275.712493896484375 285.212493896484375 291.274993896484375 298.625 302.48748779296875 304.493743896484375 305.70623779296875 306.67498779296875 309.537506103515625 314.212493896484375 320.76251220703125 323.33123779296875 322.98748779296875 322.881256103515625 320.662506103515625 317.443756103515625 313.59375 312.89373779296875 311.5625
282.412506103515625 292.556243896484375 298.42498779296875 309.068756103515625 319.33123779296875 328.818756103515625 337.162506103515625 344.193756103515625 345.524993896484375 341.86248779296875 335.32501220703125 328.125 322.006256103515625 317.86248779296875 316.537506103515625 317.100006103515625 314.4375 310.23748779296875 303.76251220703125 291.92498779296875 280.01873779296875 265.40625 251.8562469482421875 242.943756103515625 247.5500030517578125 259.506256103515625 271.725006103515625 281.41876220703125 289.98748779296875 299.975006103515625 307.21875 312.8125 315.90625 315.587493896484375 315.631256103515625 317.181243896484375 320.23126220703125 321.48126220703125 321.850006103515625 321.243743896484375 319.67498779296875 315.493743896484375 308.931243896484375 307.006256103515625 306.70001220703125
294.287506103515625 300.506256103515625 306.368743896484375 313.61248779296875 321.04376220703125 328.29998779296875 333.756256103515625 338.149993896484375 338.975006103515625 338.01251220703125 335.21875 330.84375 326.82501220703125 324.006256103515625 323.01873779296875 322.32501220703125 321.318756103515625 315.568756103515625 307.59375 297.04998779296875 282.375 265.943756103515625 247.524993896484375 236.524993896484375 245.2062530517578125 257.33123779296875 270.537506103515625 280.33123779296875 289.725006103515625 300.631256103515625 310.08123779296875 319.09375 323.65625 320.649993896484375 317.774993896484375 317.912506103515625 319.61248779296875 319.54376220703125 320.381256103515625 320.82501220703125 318.287506103515625 313.375 305.943756103515625 302.36248779296875 309.537506103515625
307.10626220703125 311.01873779296875 315.037506103515625 319.962493896484375 323.587493896484375 327.962493896484375 333.15625 335.86248779296875 336.568756103515625 336.60626220703125 334.70623779296875 332.256256103515625 330.649993896484375 329.568756103515625 328.912506103515625 328.100006103515625 327.6875 324.20001220703125 316.64373779296875 306.375 291.91876220703125 274.92498779296875 261.375 252.25 255.149993896484375 263.67498779296875 274.32501220703125 283.931243896484375 292.36248779296875 301.60626220703125 310.63751220703125 318.556243896484375 322.225006103515625 319.07501220703125 316.08123779296875 315.98748779296875 315.48126220703125 316.14373779296875 318.337493896484375 320.943756103515625 322.056243896484375 316.39373779296875 306.04998779296875 302.17498779296875 318.60626220703125
318.75 321.34375 323.443756103515625 325.04376220703125 328.475006103515625 330.412506103515625 331.79376220703125 333.39373779296875 334.75 334.899993896484375 335.10626220703125 334.54376220703125 334.26873779296875 335.050018310546875 336.1875 337.256256103515625 338.975006103515625 336.1875 330.3125 321.212493896484375 307.09375 291.1875 279.475006103515625 269.993743896484375 269.837493896484375 273.35626220703125 280.79998779296875 288.712493896484375 295.850006103515625 303.881256103515625 310.29998779296875 316.006256103515625 318.36248779296875 316.25 313.75 313.16876220703125 311.5 311.70001220703125 314.487518310546875 317.100006103515625 322.14373779296875 317.006256103515625 307.60626220703125 311.71875 331.318756103515625
328.84375 329.975006103515625 329.64373779296875 329.16876220703125 330.25 329.42498779296875 330.006256103515625 330.912506103515625 332.600006103515625 333.16876220703125 334.29998779296875 336.40625 339.024993896484375 341.61248779296875 344 346.46875 349.162506103515625 352.181243896484375 348.774993896484375 337.399993896484375 322.75 308.26251220703125 296.40625 287.38751220703125 283.79376220703125 284.73126220703125 289.618743896484375 294.54998779296875 299.024993896484375 304.59375 309.73126220703125 313.01873779296875 314.006256103515625 313.76873779296875 312.04998779296875 309.9375 307.306243896484375 307.037506103515625 306.01251220703125 307.587493896484375 312.35626220703125 315.41876220703125 314.493743896484375 323.712493896484375 335.89373779296875
335.756256103515625 335.399993896484375 333.25 332.14373779296875 331.91876220703125 329.07501220703125 329.5 329.38751220703125 330.756256103515625 331.993743896484375 334.15625 337.125 341.618743896484375 345.01251220703125 349.26251220703125 354.13751220703125 360.73126220703125 365.412506103515625 366.6875 355.04376220703125 339.63751220703125 324 312.79998779296875 302.76873779296875 296.51251220703125 296.32501220703125 297.73748779296875 299.32501220703125 302.225006103515625 305.774993896484375 309.368743896484375 312.42498779296875 312.787506103515625 312.274993896484375 310.73126220703125 306.65625 303.149993896484375 302.212493896484375 299.17498779296875 294.13751220703125 299.962493896484375 311.399993896484375 319.743743896484375 330.443756103515625 342.899993896484375
339.92498779296875 338.58123779296875 335.17498779296875 332.712493896484375 331.743743896484375 328.3125 328.14373779296875 326.774993896484375 327.96875 329.65625 332.381256103515625 336.350006103515625 341.125 347.431243896484375 354.17498779296875 361.34375 366.243743896484375 370.90625 372.54376220703125 366.04376220703125 351.068756103515625 337.76251220703125 325.39373779296875 314.48748779296875 309.306243896484375 306.068756103515625 304.287506103515625 304.88751220703125 304.54376220703125 307.3125 310.17498779296875 312.193756103515625 311.14373779296875 310.243743896484375 308.57501220703125 303.9375 300.899993896484375 298.15625 292.38751220703125 290.024993896484375 298.631256103515625 313.84375 326.35626220703125 342.51873779296875 358.193756103515625
341.631256103515625 340.59375 336.600006103515625 333.51251220703125 330.774993896484375 328.375 326.41876220703125 324.13751220703125 323.90625 326.35626220703125 332.212493896484375 336.243743896484375 342.84375 352.54998779296875 359.67498779296875 366.1875 370.32501220703125 375.28125 375.73748779296875 371.48748779296875 360.587493896484375 348.42498779296875 336.03125 326.631256103515625 320.0625 315.09375 311.42498779296875 309.774993896484375 309.024993896484375 310.225006103515625 311.868743896484375 313.006256103515625 312.287506103515625 311.100006103515625 308.29376220703125 305.243743896484375 301.92498779296875 297.837493896484375 293.45001220703125 297.46875 305.818756103515625 319.90625 334.73748779296875 351.88751220703125 376.024993896484375
342.51251220703125 341.38751220703125 338.79998779296875 335.54998779296875 332.35626220703125 328.39373779296875 324.88751220703125 321.86248779296875 320.649993896484375 322.443756103515625 328.162506103515625 336.14373779296875 344.78125 353.431243896484375 360.45001220703125 368.39373779296875 374.850006103515625 379 378.256256103515625 375.100006103515625 367.15625 356.25 345.993743896484375 335.42498779296875 328.23748779296875 321.5625 317.381256103515625 313.76251220703125 313.01873779296875 312.837493896484375 312.725006103515625 314.181243896484375 313.92498779296875 312.21875 310.66876220703125 307.35626220703125 303.11248779296875 298.3125 298.76873779296875 303.76251220703125 310.28125 323.41876220703125 340.32501220703125 358.20001220703125 384.287506103515625
343.48126220703125 343.3125 341.15625 337.399993896484375 332.181243896484375 328.13751220703125 323.068756103515625 319.96875 316.443756103515625 316.5 323.53125 334.76873779296875 346.693756103515625 356.61248779296875 365.46875 371.962493896484375 378.53125 382.125 381.756256103515625 378.98748779296875 372.681243896484375 362.306243896484375 352.32501220703125 341.412506103515625 334.29376220703125 327.71875 321.712493896484375 317.975006103515625 314.86248779296875 314.73126220703125 315.26873779296875 316.125 315.274993896484375 314.11248779296875 311.79376220703125 307.34375 302.90625 301.82501220703125 304.006256103515625 308.100006103515625 313.98748779296875 324.462493896484375 339.48126220703125 356.318756103515625 377.78125
345.70623779296875 345.100006103515625 342.756256103515625 339.368743896484375 334.875 329.76873779296875 324.92498779296875 319.149993896484375 313.149993896484375 312.67498779296875 319.85626220703125 333.381256103515625 349.393768310546875 362.48126220703125 370.787506103515625 377.65625 382.431243896484375 385.26251220703125 386.17498779296875 384.79376220703125 377.625 366.85626220703125 355.881256103515625 346.037506103515625 338.399993896484375 331.399993896484375 325.118743896484375 321.35626220703125 318.04376220703125 317.16876220703125 317.868743896484375 317.899993896484375 316.006256103515625 315.600006103515625 313.33123779296875 308.83123779296875 306.91876220703125 306.006256103515625 306.850006103515625 311.337493896484375 317.54998779296875 326.1875 337.068756103515625 352 367.274993896484375
346.63751220703125 346.88751220703125 345.431243896484375 342.32501220703125 339.09375 334.57501220703125 328.618743896484375 321.98126220703125 313.100006103515625 307.287506103515625 317.931243896484375 339.3125 357.006256103515625 368.82501220703125 377.493743896484375 382.568756103515625 385.649993896484375 387.774993896484375 389.318756103515625 385.975006103515625 379.04998779296875 368.38751220703125 357.89373779296875 346.98748779296875 339.068756103515625 332.600006103515625 326.73126220703125 323.95001220703125 320.399993896484375 319.837493896484375 319.66876220703125 319.13751220703125 318.48748779296875 318.287506103515625 315.71875 312.76251220703125 311.287506103515625 310.73748779296875 311.693756103515625 313.54998779296875 317.57501220703125 324.39373779296875 333.48126220703125 345.181243896484375 356.912506103515625
348.70623779296875 349.84375 348.431243896484375 346.5625 345.287506103515625 341.70623779296875 336.375 329.100006103515625 321.79376220703125 313.443756103515625 333.556243896484375 356.38751220703125 369.20001220703125 378.84375 384.21875 388.01251220703125 388.20623779296875 389.01251220703125 388.625 383.90625 374.887481689453125 364.90625 356.618743896484375 345.931243896484375 338.51873779296875 333.10626220703125 327.537506103515625 325.73126220703125 323.20001220703125 322.256256103515625 320.8125 319.625 319.38751220703125 319.912506103515625 317.193756103515625 316.08123779296875 314.875 312.78125 314.59375 316.79376220703125 317.78125 323.54376220703125 329 334.45623779296875 343.28125
352.01873779296875 352.4375 352.524993896484375 352.212493896484375 352.1875 348.95623779296875 346.875 343.40625 343.3125 352.943756103515625 376.274993896484375 383.3125 386.712493896484375 391.493743896484375 394.568756103515625 395.66876220703125 393.78125 391.399993896484375 387.274993896484375 379.89373779296875 368.412506103515625 358.25 350.056243896484375 341.243743896484375 335.1875 331.4375 327.67498779296875 325.806243896484375 324.381256103515625 323.475006103515625 322.868743896484375 320.506256103515625 319.76251220703125 320.712493896484375 321.681243896484375 319.59375 317.53125 316.818756103515625 316.65625 316.65625 316.91876220703125 322.125 325.6875 330.350006103515625 336.11248779296875
356.34375 356.131256103515625 357.28125 357.63751220703125 359.631256103515625 360.58123779296875 359.743743896484375 362.537506103515625 367.16876220703125 376.86248779296875 390.556243896484375 399.29376220703125 403.34375 405.23126220703125 406.70623779296875 404.931243896484375 400.84375 394.774993896484375 386.024993896484375 376.524993896484375 362.8125 351.58123779296875 341.60626220703125 333.875 330.48748779296875 328.475006103515625 325.524993896484375 325.33123779296875 324.65625 323.306243896484375 321.337493896484375 321.66876220703125 323.98748779296875 324.40625 325.212493896484375 324.01251220703125 320.899993896484375 319.29376220703125 319.48748779296875 316.756256103515625 315.16876220703125 319.1875 321.881256103515625 324.774993896484375 329.287506103515625
