data/historical-monthly-weather-data/wc2.1_cruts4.09_10m_prec_1978-11.asc
ncols        51
nrows        45
xllcorner    -63.500000000000
yllcorner    -7.500000000000
cellsize     0.166666666667
NODATA_value -9999
[rows 0 to 19 of 45, columns 0 to 43 of 51]
117.90625 111.53125 106.34999847412109375 104.0812530517578125 101.75624847412109375 101.13124847412109375 99.9499969482421875 98.9187469482421875 98.6875 98.05625152587890625 97.6125030517578125 97.33750152587890625 97.3625030517578125 96.0749969482421875 96.7062530517578125 97.1437530517578125 97.6999969482421875 97.16249847412109375 96.74375152587890625 96.5437469482421875 94.6437530517578125 92.43125152587890625 90.7624969482421875 88.68125152587890625 87.1374969482421875 86.15000152587890625 86.8125 87.65000152587890625 87.69374847412109375 84.69374847412109375 81.59999847412109375 79.1687469482421875 77.0749969482421875 75.56874847412109375 73.90000152587890625 72.84999847412109375 72.0124969482421875 70.8125 69.3312530517578125 67.875 65.875 64.1687469482421875 61.762500762939453125 59.518749237060546875
121.6687469482421875 114.27500152587890625 110.1062469482421875 107.84999847412109375 106.5500030517578125 105.6374969482421875 104 103.6437530517578125 103.1062469482421875 101.78749847412109375 100.6750030517578125 99.41249847412109375 98.09999847412109375 96.78125 96.5749969482421875 97.3000030517578125 97.25 97.9812469482421875 98.58750152587890625 99.21250152587890625 97.00624847412109375 94.4562530517578125 92.59999847412109375 90.86875152587890625 88.2312469482421875 86.5187530517578125 86.9499969482421875 87.21250152587890625 87.08750152587890625 84.40000152587890625 81.7624969482421875 79.78749847412109375 77.6437530517578125 77.21250152587890625 76.40625 75.8625030517578125 75.5749969482421875 74.96250152587890625 73.66249847412109375 72.4875030517578125 71.125 69.2062530517578125 67.08750152587890625 64.25
125.40625 118.4562530517578125 113.58750152587890625 110.1062469482421875 108.28749847412109375 107.05625152587890625 106.875 106.4562530517578125 106.3874969482421875 105.0500030517578125 102.90625 100.88124847412109375 99.09375 97.15000152587890625 96.6875 96.72499847412109375 96.9499969482421875 97.41249847412109375 97.2312469482421875 97.27500152587890625 94.6437530517578125 91.6374969482421875 89.27500152587890625 87.5187530517578125 85.1437530517578125 83.125 83.40625 83.90625 83.4812469482421875 80.59375 78.4875030517578125 76.31874847412109375 75.41249847412109375 74.65000152587890625 74.15625 73.40625 73.0124969482421875 73.15000152587890625 72.1750030517578125 71.3562469482421875 70.06874847412109375 68.1125030517578125 66.2312469482421875 63.96875
126.4562530517578125 119.53749847412109375 115.5187530517578125 111.0812530517578125 108.71250152587890625 107.59999847412109375 107.2687530517578125 107.8874969482421875 108.77500152587890625 107.9250030517578125 104.9499969482421875 101.8937530517578125 99.28749847412109375 96.78749847412109375 96.3249969482421875 96.41249847412109375 96.72499847412109375 96.0500030517578125 95.375 95.1374969482421875 92.0625 88.31874847412109375 84.8000030517578125 82.5625 80.3312530517578125 78.5187530517578125 78.96250152587890625 78.8000030517578125 78.8125 76.5625 74.2624969482421875 72.46250152587890625 70.9875030517578125 70.21875 69.59375 69.77500152587890625 69.81874847412109375 69.74375152587890625 69.13124847412109375 68.34375 66.69374847412109375 65.58750152587890625 63.65000152587890625 61.618747711181640625
130.6374969482421875 122.0187530517578125 113.7624969482421875 109.78749847412109375 108.1437530517578125 107.3937530517578125 107.1999969482421875 108.33750152587890625 110.43125152587890625 110.6875 105.90000152587890625 101.16249847412109375 98.0500030517578125 95.8249969482421875 95.4812469482421875 95.94374847412109375 95.9562530517578125 94.86875152587890625 93.2687530517578125 91.4375 88.5 84.25624847412109375 80.375 78.40625 75.4562530517578125 73.4562530517578125 72.96250152587890625 73.7062530517578125 74.2624969482421875 71.5187530517578125 69.2375030517578125 67.52500152587890625 66.3125 65.71875 65.25 65.4812469482421875 65.70000457763671875 65.88124847412109375 65.73749542236328125 64.375 63.125 61.856250762939453125 60.49375152587890625 58.93125152587890625
131.506256103515625 123.5 115.27500152587890625 107.78125 106.84999847412109375 107.8000030517578125 107.8937530517578125 108 109.53749847412109375 110.18125152587890625 104.78749847412109375 100.2375030517578125 97.6750030517578125 95.59999847412109375 94.86875152587890625 94.65625 94.50624847412109375 92.4375 90.2375030517578125 87.2062530517578125 83.7062530517578125 79.875 76.0812530517578125 73.47499847412109375 71.1750030517578125 68.88124847412109375 68.6374969482421875 69.0437469482421875 69.3625030517578125 66.74375152587890625 64.125 63.15625 61.799999237060546875 61.27500152587890625 60.637500762939453125 61.112499237060546875 61.450000762939453125 61.856250762939453125 62.18125152587890625 61.293750762939453125 59.06874847412109375 57.956249237060546875 56.66249847412109375 55.43125152587890625
133.34375 126.90000152587890625 118.78749847412109375 111.1999969482421875 107.77500152587890625 106.47499847412109375 105.84999847412109375 104.8874969482421875 103.9250030517578125 101.56874847412109375 99.1999969482421875 97.09999847412109375 95.9812469482421875 94.65625 94.19374847412109375 93.9875030517578125 93.28749847412109375 89.94374847412109375 85.91249847412109375 82.86875152587890625 79.22499847412109375 75.34375 71.66249847412109375 68.94374847412109375 66.56874847412109375 64.71875 64.28125 64.3125 63.762500762939453125 61.418750762939453125 59.36875152587890625 58.09375 56.987499237060546875 56.44374847412109375 56 56.11875152587890625 56.21250152587890625 56.72499847412109375 58.05625152587890625 57.09999847412109375 54.706249237060546875 53.43125152587890625 52.24375152587890625 51.00624847412109375
136.618743896484375 130.0437469482421875 122.8249969482421875 117.09375 113.13124847412109375 109.46250152587890625 104.77500152587890625 99.34375 95.06874847412109375 92.78125 93.08750152587890625 93.69374847412109375 93.9250030517578125 93.49375152587890625 93.0812530517578125 92.88124847412109375 91.6062469482421875 87.0749969482421875 82.2624969482421875 77.8937530517578125 74.90625 71.375 67.33750152587890625 64.6374969482421875 62.668750762939453125 60.03749847412109375 59.38124847412109375 58.99375152587890625 58.625 56.09375 54.13124847412109375 53.325000762939453125 52.31874847412109375 51.481250762939453125 50.918750762939453125 50.6875 50.825000762939453125 50.77500152587890625 51.11875152587890625 50.38124847412109375 48.75 47.71875 46.65625 45.5
139.4187469482421875 133.850006103515625 127.90000152587890625 122.4875030517578125 117.8625030517578125 113.1062469482421875 107.40000152587890625 100.65000152587890625 93.15000152587890625 88.83750152587890625 90.3312530517578125 92.18125152587890625 93.59375 93.6875 92.53749847412109375 90.9375 88.66249847412109375 84.4375 80.71875 76.21875 72.2312469482421875 68.65625 64.34375 62.27500152587890625 59.737499237060546875 56.84375 55.731250762939453125 55.40625 54.862499237060546875 52.02500152587890625 50.49375152587890625 50.206249237060546875 48.84999847412109375 47.66249847412109375 46.75 46.59999847412109375 46.456249237060546875 46.09375 46.0625 45.72499847412109375 44.512500762939453125 43.5 42.83750152587890625 41.94374847412109375
142.6750030517578125 136.993743896484375 131.5749969482421875 126.6999969482421875 122.4812469482421875 117.94374847412109375 111.44374847412109375 103.94374847412109375 97.65000152587890625 93.83750152587890625 92.72499847412109375 92.9250030517578125 94.4375 94.47499847412109375 91.8562469482421875 88.8625030517578125 85.5124969482421875 82 78.4812469482421875 74.9562530517578125 70.8937530517578125 66.7312469482421875 61.97499847412109375 59.46875 56.393749237060546875 53.643749237060546875 52.86875152587890625 52.15000152587890625 51.30625152587890625 48.356250762939453125 47.018749237060546875 46.80625152587890625 45.5 44.34999847412109375 43.36875152587890625 43.081249237060546875 42.83750152587890625 42.08750152587890625 41.99375152587890625 41.66249847412109375 40.899997711181640625 40.206249237060546875 39.40000152587890625 38.40000152587890625
146.3874969482421875 140.993743896484375 135.4812469482421875 130.818756103515625 126.6687469482421875 123.25 117.1062469482421875 108.84375 102.6687469482421875 98.40000152587890625 96.46875 95.7687530517578125 95.8625030517578125 95.18125152587890625 90.9250030517578125 86.27500152587890625 82.0625 79.03749847412109375 76.19374847412109375 73.5124969482421875 70.8249969482421875 65.93125152587890625 60.237499237060546875 56.106250762939453125 53.40000152587890625 51.262500762939453125 50.606250762939453125 50.05625152587890625 48.81874847412109375 46.075000762939453125 44.875 44.53749847412109375 43.25624847412109375 41.893749237060546875 40.50624847412109375 39.81874847412109375 39.18125152587890625 38.450000762939453125 38.68125152587890625 38.487499237060546875 37.78125 37.28125 36.700000762939453125 35.887500762939453125
150.0625 144.6875 139.2375030517578125 135.256256103515625 131.2375030517578125 127.99375152587890625 122.71875 114.375 108.1875 103.68125152587890625 100.5749969482421875 98.40000152587890625 95.65000152587890625 93.2687530517578125 88.8000030517578125 84.13124847412109375 80.13750457763671875 77.34375 75.3125 73.7624969482421875 71.81874847412109375 66.75 60.19374847412109375 55.34999847412109375 51.950000762939453125 49.606250762939453125 48.96250152587890625 48.59999847412109375 48.137500762939453125 45.806247711181640625 44.28125 43.44374847412109375 41.78749847412109375 40.15625 38.84999847412109375 38.21875 37.5625 37.049999237060546875 37.174999237060546875 37.125 36.768749237060546875 36.31874847412109375 35.80625152587890625 35.15625
153.5187530517578125 148.631256103515625 143.3312530517578125 138.5 133.868743896484375 130.256256103515625 124.75 117.74375152587890625 112.15625 108.08750152587890625 104.3937530517578125 100.59375 96.02500152587890625 90.3249969482421875 85.30625152587890625 81.03125 77.46875 75.69374847412109375 74.1125030517578125 72.71250152587890625 71.2312469482421875 66.1687469482421875 59.206249237060546875 54.762500762939453125 50.72499847412109375 47.88124847412109375 47.86875152587890625 47.706249237060546875 47.47499847412109375 45.549999237060546875 43.981250762939453125 42.806247711181640625 40.58750152587890625 38.65625 37.25 36.69374847412109375 36.200000762939453125 35.80625152587890625 36.1875 35.99375152587890625 35.956249237060546875 35.80625152587890625 34.96250152587890625 32.931247711181640625
156.5625 150.868743896484375 145.475006103515625 140.3000030517578125 135.568756103515625 130.962493896484375 125.75624847412109375 120.0187530517578125 115.71250152587890625 111.53749847412109375 107.4187469482421875 100.8125 94.4562530517578125 87.6750030517578125 81.11875152587890625 77.0500030517578125 74.05625152587890625 72.4562530517578125 71.00624847412109375 69.33750152587890625 67.0625 62.456249237060546875 56.668750762939453125 52.90625 49.66249847412109375 47.19374847412109375 47.47499847412109375 47.512500762939453125 47.143749237060546875 45.268749237060546875 43.80625152587890625 42.40625 39.74375152587890625 37.399997711181640625 36.03125 35.69374847412109375 35.34375 35.46250152587890625 35.65000152587890625 35.893749237060546875 35.53749847412109375 34.34999847412109375 33.05625152587890625 32.30625152587890625
157.4562530517578125 151.65625 146.368743896484375 141.2375030517578125 136.3000030517578125 131.5812530517578125 126.99375152587890625 121.7687530517578125 117.2937469482421875 112.90625 108.21875 100.7624969482421875 93.08750152587890625 85.50624847412109375 77.94374847412109375 73.6875 71.2624969482421875 70.05625152587890625 68.86875152587890625 67.1687469482421875 64.41249847412109375 60.15000152587890625 55.268749237060546875 52.59999847412109375 50.43125152587890625 48.61875152587890625 48.706249237060546875 48.59999847412109375 48.08750152587890625 46.012500762939453125 44.293750762939453125 42.581249237060546875 39.84375 37.356250762939453125 35.63124847412109375 35.299999237060546875 35.5 36.22499847412109375 37.075000762939453125 37.06874847412109375 36.125 35.125 34.40000152587890625 33.75624847412109375
157.256256103515625 151.368743896484375 146.6999969482421875 141.618743896484375 136.8000030517578125 132.59375 127.7375030517578125 122.77500152587890625 118.8874969482421875 115.00624847412109375 109.68125152587890625 101.3125 92.80625152587890625 84.0124969482421875 76.02500152587890625 70.15625 68.90625 68.65625 67.5187530517578125 65.75 63.03749847412109375 59.0625 54.53125 52.581249237060546875 51.174999237060546875 50.27500152587890625 50.706249237060546875 50.456249237060546875 49.262500762939453125 46.799999237060546875 44.875 43.143749237060546875 40.08750152587890625 37.65000152587890625 35.44374847412109375 35.65625 36.4375 36.481250762939453125 37.4375 37.78749847412109375 37.88124847412109375 37.112499237060546875 36 34.174999237060546875
156.625 151.5187530517578125 146.524993896484375 141.5749969482421875 137.225006103515625 133.09375 129.024993896484375 124.1999969482421875 120.53749847412109375 116.4562530517578125 111.3874969482421875 102.66249847412109375 93.3249969482421875 84.22499847412109375 76.625 71.02500152587890625 67.96875 67.2687530517578125 66.65000152587890625 65.22499847412109375 62.418750762939453125 58.450000762939453125 54.13124847412109375 52.393749237060546875 51.65625 51.825000762939453125 53.09999847412109375 52.19374847412109375 49.96875 47.4375 45.668750762939453125 44.52500152587890625 41.143749237060546875 38.325000762939453125 37.28749847412109375 38.24375152587890625 38.22499847412109375 38.65625 40.049999237060546875 40.268749237060546875 40.72499847412109375 39.66249847412109375 37.31874847412109375 35.58750152587890625
154.850006103515625 149.787506103515625 145.287506103515625 140.6750030517578125 136 132.78125 129.0749969482421875 124.45000457763671875 121.08750152587890625 117.2312469482421875 112.3625030517578125 103.96250152587890625 94.3937530517578125 86.02500152587890625 79.3562469482421875 73.8249969482421875 69.8312530517578125 67.0124969482421875 66.9562530517578125 65.8249969482421875 63.28125 58.74375152587890625 54.231250762939453125 53.09375 52.950000762939453125 53.46250152587890625 55.96875 54.30625152587890625 50.981250762939453125 47.6875 45.762500762939453125 44.71875 42.84999847412109375 41.78125 41.05625152587890625 40.237499237060546875 40.52500152587890625 40.918750762939453125 41.11875152587890625 42.168750762939453125 42.19374847412109375 40.856250762939453125 38.924999237060546875 37.25
152.4749908447265625 148.162506103515625 143.71875 139.3000030517578125 135.0749969482421875 131.9375 128.21875 124.3625030517578125 121.7624969482421875 118.8562469482421875 114.0625 105.75 96.625 88.72499847412109375 81.88124847412109375 76.5124969482421875 72.25 68.59999847412109375 67.1750030517578125 66.2312469482421875 64.3312530517578125 60.63124847412109375 54.44374847412109375 53.56874847412109375 53.768749237060546875 54.22499847412109375 55.75624847412109375 54.643749237060546875 51.84375 48.28125 45.793750762939453125 46.21250152587890625 46.412502288818359375 45.200000762939453125 43.625 43.52500152587890625 43.31874847412109375 43.11875152587890625 43.53749847412109375 43.881252288818359375 43.63124847412109375 42.94374847412109375 40.887500762939453125 39.137500762939453125
149.7937469482421875 146.03125 141.5437469482421875 137.4375 133.431243896484375 130.875 127.80625152587890625 124.34375 122.68125152587890625 120.6999969482421875 117.1062469482421875 109.46875 100.7937469482421875 92.34999847412109375 85.44374847412109375 79.2937469482421875 73.6062469482421875 70.83750152587890625 68.78125 67.28125 64.1374969482421875 59.28749847412109375 54.80625152587890625 54.02500152587890625 53.84375 53.41249847412109375 54.15000152587890625 54.34375 52.268749237060546875 49.38124847412109375 48.075000762939453125 50.168750762939453125 49.72499847412109375 48.856250762939453125 47.625 47.05625152587890625 46.768749237060546875 46.575000762939453125 46.299999237060546875 45.86875152587890625 45.268749237060546875 44.450000762939453125 42.731250762939453125 41.293750762939453125
