data/historical-monthly-weather-data/wc2.1_cruts4.09_10m_prec_1978-08.asc
ncols        51
nrows        45
xllcorner    -63.500000000000
yllcorner    -7.500000000000
cellsize     0.166666666667
NODATA_value -9999
[rows 19 to 37 of 45, columns 0 to 43 of 51]
99.65625 100.43125152587890625 100.15625 100.63124847412109375 99.9187469482421875 99.02500152587890625 97 94.31874847412109375 93.2375030517578125 90.4187469482421875 86.61875152587890625 80.61875152587890625 71.86875152587890625 63.362499237060546875 56.74375152587890625 50.274997711181640625 42.8125 40.825000762939453125 40.762500762939453125 43.21875 45.331249237060546875 50.143749237060546875 59.143749237060546875 67.13124847412109375 73.3874969482421875 76.72499847412109375 77.4187469482421875 75.4187469482421875 71.15000152587890625 64.2624969482421875 62.143749237060546875 71.1999969482421875 80.50624847412109375 92.1875 105.4562530517578125 115.9562530517578125 124.49375152587890625 132.2624969482421875 133.7937469482421875 130 120.84375 113.40625 108.1125030517578125 102.9562530517578125
91.43125152587890625 94.50624847412109375 96.40625 97.34375 95.81874847412109375 95.0124969482421875 94.25 92.78125 92.21875 89.6687469482421875 86.7937469482421875 82.2375030517578125 73.4875030517578125 64.75 57.03749847412109375 50.41249847412109375 44.012500762939453125 40.268749237060546875 41.03125 42.299999237060546875 46.83750152587890625 52.9375 60.037502288818359375 68.19374847412109375 76.40000152587890625 78.66249847412109375 75.84375 73.71250152587890625 71.59375 70.3125 71.03125 76.3000030517578125 82.0500030517578125 89.61875152587890625 101.31874847412109375 110.5437469482421875 120.625 127.9187469482421875 128.193756103515625 125.84375 118.41249847412109375 112.8874969482421875 108.50624847412109375 102.65625
86.56874847412109375 88.25 90.9499969482421875 93.5124969482421875 93.86875152587890625 92.5500030517578125 92.9250030517578125 90.8937530517578125 91.15000152587890625 88.78125 87.875 86.22499847412109375 82.2687530517578125 74 64.9187469482421875 55.518749237060546875 50.30625152587890625 46.59375 45.862499237060546875 46.63124847412109375 48.137500762939453125 52.75 59.36875152587890625 66.6125030517578125 72.8000030517578125 76.50624847412109375 79.7687530517578125 77.4499969482421875 76.4812469482421875 75.03749847412109375 74.9250030517578125 76.90625 81.27500152587890625 87.72499847412109375 93.68125152587890625 102.40000152587890625 113.8625030517578125 123.34999847412109375 125.1999969482421875 122.49375152587890625 116.33750152587890625 111.02500152587890625 105.25624847412109375 102.4250030517578125
82.03125 86.3312530517578125 90.13124847412109375 91.82500457763671875 93.0437469482421875 92.1999969482421875 90.25 88.06874847412109375 89.68125152587890625 90.8000030517578125 92.53125 93.2312469482421875 92.52500152587890625 85.1062469482421875 73.6687469482421875 63.068752288818359375 55.34375 51.36875152587890625 49.737499237060546875 49.168750762939453125 50.65625 54.575000762939453125 59.71875 63.40625 70.68125152587890625 76.7375030517578125 79.83750152587890625 80.4499969482421875 78.55625152587890625 75.4375 74.6374969482421875 76.52500152587890625 79.74375152587890625 82.84999847412109375 86.16249847412109375 90.18125152587890625 100.78749847412109375 114.9375 120.2312469482421875 117.4250030517578125 113.5 107.61875152587890625 102.4562530517578125 99.41249847412109375
79.33750152587890625 84.56874847412109375 89.40000152587890625 89.53749847412109375 90.03749847412109375 89.81874847412109375 89.65000152587890625 89.3874969482421875 88.4187469482421875 90.86875152587890625 93.65000152587890625 98.38124847412109375 99.88124847412109375 91.7937469482421875 80.25 69.53749847412109375 61.606250762939453125 56.69374847412109375 53.94374847412109375 53.03749847412109375 54.25 57.125 60.174999237060546875 64.75624847412109375 70.16249847412109375 74.21875 78.9187469482421875 77.9562530517578125 77.36875152587890625 75.78749847412109375 75.5187530517578125 76.25 78.5749969482421875 78.875 80.375 82.3312530517578125 90.8249969482421875 104.22499847412109375 110.8562469482421875 109.75624847412109375 106.65000152587890625 102.5500030517578125 97.88124847412109375 94.4187469482421875
78.34375 82.9875030517578125 87.4187469482421875 89.8249969482421875 91.1125030517578125 90.28749847412109375 89.21250152587890625 89.2624969482421875 89.9187469482421875 92.28749847412109375 93.8625030517578125 96.5437469482421875 97.55625152587890625 91.84375 82.49375152587890625 73.625 66.34375 60.981250762939453125 57.5625 56.168750762939453125 57.13124847412109375 58.75 61.06874847412109375 64.90625 68.28125 73.03749847412109375 74.9187469482421875 74.88124847412109375 74.8562469482421875 74.41249847412109375 73.9499969482421875 74.15000152587890625 75.7937469482421875 77.0187530517578125 77.5 79.1437530517578125 86.30625152587890625 93.72499847412109375 99.375 101.03749847412109375 99.59999847412109375 97.53125 94.34375 92.1125030517578125
79.5437469482421875 83.5812530517578125 85.6062469482421875 89.25 89.53749847412109375 88.91249847412109375 88.18125152587890625 89.21875 88.47499847412109375 89.21875 90.9250030517578125 92.59375 92.78749847412109375 87.76250457763671875 81.625 74.03749847412109375 68.0812530517578125 63.575000762939453125 59.549999237060546875 58.356250762939453125 59.19374847412109375 59.84375 62.03125 63.987499237060546875 66.41249847412109375 69.71875 71.8625030517578125 72.2062530517578125 72.9562530517578125 73.27500152587890625 72.6750030517578125 72.96250152587890625 73.2624969482421875 73.66249847412109375 73.71875 76.9187469482421875 81.90625 86 91.3562469482421875 92.3562469482421875 92.6687469482421875 91.65000152587890625 90.5625 90.0124969482421875
81.8000030517578125 83.78125 86.0187530517578125 87.9562530517578125 88.25624847412109375 87.5749969482421875 87.9875030517578125 87.4875030517578125 85.75624847412109375 87.46250152587890625 89.0812530517578125 87.90000152587890625 86.71875 83.0625 78.78125 72.8874969482421875 68.31874847412109375 64.08750152587890625 61.18125152587890625 58.90625 58.47499847412109375 59.56874847412109375 60.575000762939453125 63.08750152587890625 65 66.08750152587890625 68.84375 69.66875457763671875 70.0437469482421875 69.8562469482421875 70.4499969482421875 69.9812469482421875 70.63124847412109375 70.8125 70.1062469482421875 72.90000152587890625 75.46250152587890625 79.03125 82.2937469482421875 83.52500152587890625 84.24375152587890625 84.7687530517578125 86.84375 86.1374969482421875
85.68125152587890625 83.875 85.53125 86.84375 87.36875152587890625 85.75624847412109375 85.80625152587890625 85.5749969482421875 84.75 85.3000030517578125 84.52500152587890625 82.6125030517578125 80.99375152587890625 78.7375030517578125 74.56874847412109375 70.52500152587890625 67.5 63.981250762939453125 61.487499237060546875 59.13124847412109375 58.72499847412109375 57.97499847412109375 59.700000762939453125 61.46875 62.5 62.61875152587890625 65.13750457763671875 66.69374847412109375 67.625 67.8249969482421875 67.6125030517578125 66.97499847412109375 67.2937469482421875 66.5124969482421875 67.02500152587890625 68.31874847412109375 69.52500152587890625 71.9812469482421875 75.5124969482421875 77.84375 78.71250152587890625 81.0500030517578125 83.7937469482421875 87.06874847412109375
86.55625152587890625 86.1125030517578125 85.625 86.03749847412109375 84.2375030517578125 82.9375 81.9250030517578125 80.74375152587890625 81.875 81.02500152587890625 80.06874847412109375 77.72499847412109375 75.6875 73.96250152587890625 71.0437469482421875 67.9250030517578125 66.14374542236328125 63.625 61.31874847412109375 59.46250152587890625 58.61875152587890625 57.69374847412109375 58.450000762939453125 59.06874847412109375 60.112499237060546875 59.61875152587890625 62.137500762939453125 63.456249237060546875 64.2375030517578125 64.47499847412109375 64.16249847412109375 64.0749969482421875 63.075000762939453125 61.643749237060546875 62.03125 64.26250457763671875 65.84999847412109375 67.93125152587890625 71.3625030517578125 72.9250030517578125 72.6875 75.8000030517578125 80.25624847412109375 85.99375152587890625
85.4875030517578125 85.3000030517578125 84.1125030517578125 82.08750152587890625 80.74375152587890625 79.6999969482421875 78.15625 78.15625 77.7312469482421875 76.21250152587890625 75.5625 73.7937469482421875 71.66249847412109375 69.5124969482421875 67.17499542236328125 64.6437530517578125 62.38124847412109375 61.356250762939453125 60.549999237060546875 57.71875 56.543750762939453125 56.418750762939453125 56.99375152587890625 57.18125152587890625 57.40000152587890625 58.19374847412109375 59.30625152587890625 60.41249847412109375 60.0625 60.012500762939453125 60.06874847412109375 60.375 59.28749847412109375 58.41249847412109375 58.63124847412109375 59.6875 62.625 64.9375 67.25624847412109375 70.41249847412109375 72.0812530517578125 74.5124969482421875 76.38124847412109375 80.46250152587890625
83.78749847412109375 82.4562530517578125 79.61875152587890625 78.6437530517578125 79.15000152587890625 77.27500152587890625 75.9812469482421875 74.43125152587890625 73.125 71.5749969482421875 70.18125152587890625 69.8874969482421875 68.9875030517578125 66.8249969482421875 63.49375152587890625 61.15000152587890625 60.15625 59.33750152587890625 58.981250762939453125 57.012500762939453125 55.5 53.731250762939453125 53.737499237060546875 54.05625152587890625 54.22499847412109375 55.393749237060546875 55.65000152587890625 57.03125 57.450000762939453125 57.47499847412109375 57.72499847412109375 57.331249237060546875 55.81874847412109375 55.112499237060546875 56.106250762939453125 56.625 58.81874847412109375 60.93125152587890625 64.5749969482421875 68.91249847412109375 70.61875152587890625 70.40625 70.90000152587890625 75.5
81.1875 79.81874847412109375 76.8125 75.3562469482421875 76.00624847412109375 74.1125030517578125 72.25 69.75 68.6687469482421875 67.5 66.1687469482421875 65.31874847412109375 63.674999237060546875 62.399997711181640625 60.06874847412109375 59.387500762939453125 57.862499237060546875 56.725002288818359375 55.55625152587890625 54.22499847412109375 53.0625 52.537502288818359375 51.387500762939453125 50.5625 51.13124847412109375 52.043750762939453125 52.487499237060546875 53.887500762939453125 54.125 53.80625152587890625 54.36875152587890625 53.66249847412109375 52.456249237060546875 52.19374847412109375 51.53749847412109375 51.65625 53.481250762939453125 55.637500762939453125 59.21875 63.143749237060546875 64.65000152587890625 64.2687530517578125 65.73125457763671875 67.90000152587890625
75.06874847412109375 73.2624969482421875 71.16249847412109375 70.41249847412109375 69.53125 67.5 66.56874847412109375 64.9812469482421875 63.387500762939453125 62.9375 63.21250152587890625 61.16249847412109375 59.200000762939453125 58.575000762939453125 56.606250762939453125 56.106250762939453125 54.71250152587890625 53.875 52.40625 50.93125152587890625 49.75624847412109375 48.8125 47.9375 48.456249237060546875 48.950000762939453125 49.012500762939453125 49.6875 49.637500762939453125 50.30625152587890625 49.93125152587890625 50.575000762939453125 49.93125152587890625 48.74375152587890625 47.956249237060546875 47.34375 47.34375 48.71875 50.06874847412109375 52.668750762939453125 55.456249237060546875 56.06874847412109375 56.47499847412109375 57.40625 58.40625
68.72499847412109375 68.02500152587890625 66.08750152587890625 66.0812530517578125 63.09999847412109375 62.012500762939453125 61.75624847412109375 60.518749237060546875 58.96250152587890625 58.081249237060546875 57.71250152587890625 56.61875152587890625 55.66249847412109375 53.174999237060546875 52.41249847412109375 51.299999237060546875 50.90000152587890625 49.53125 47.86875152587890625 46.862499237060546875 46.05625152587890625 45.25 44.81874847412109375 44.88124847412109375 45.78749847412109375 46.268749237060546875 46.725002288818359375 46.43125152587890625 47.625 47.700000762939453125 47.862499237060546875 47.043750762939453125 45.13124847412109375 43.543750762939453125 43.168750762939453125 43.0625 43.993747711181640625 44.625 46.293750762939453125 47.299999237060546875 48.52500152587890625 49.24375152587890625 49.52500152587890625 49.668750762939453125
63.53749847412109375 62.512500762939453125 61.24375152587890625 59.793750762939453125 58.143749237060546875 57.1875 56.63124847412109375 55.74375152587890625 53.49375152587890625 53.231250762939453125 52.875 52.581249237060546875 50.90625 49.737499237060546875 48.94374847412109375 48.418750762939453125 47.8125 46.24375152587890625 44.53125 43.487499237060546875 42.918750762939453125 41.987499237060546875 41.15000152587890625 41.737499237060546875 42.293750762939453125 43.16249847412109375 43.637500762939453125 43.643749237060546875 44.9375 45.28125 44.625 43.418750762939453125 41.53125 39.59999847412109375 38.71875 38.46250152587890625 38.381252288818359375 39.24375152587890625 40.393749237060546875 40.75 40.78125 41.16249847412109375 41.74375152587890625 41.862499237060546875
58.75624847412109375 57.86875152587890625 55.887500762939453125 54.03125 52.58750152587890625 50.856250762939453125 49.762500762939453125 48.25 46.8125 46.856250762939453125 47.549999237060546875 47.05625152587890625 46.84375 46.143749237060546875 45.637500762939453125 45.549999237060546875 44.46250152587890625 43.43125152587890625 41.22499847412109375 39.93125152587890625 39.71875 39.831249237060546875 39.00624847412109375 39.731250762939453125 40.05625152587890625 40.481250762939453125 40.793750762939453125 42.018749237060546875 42.38124847412109375 42.293750762939453125 41.793750762939453125 40.862499237060546875 37.84999847412109375 36.299999237060546875 34.86875152587890625 33.84999847412109375 34.362499237060546875 34.97499847412109375 35.21875 35.88124847412109375 35.83750152587890625 36.63124847412109375 36.200000762939453125 36.299999237060546875
52.72499847412109375 51.65625 49.53125 47.99375152587890625 46.53125 45.15000152587890625 44.03125 43.02500152587890625 41.36875152587890625 40.55625152587890625 42.59999847412109375 44.049999237060546875 44.49375152587890625 43.71875 43.59375 42.65000152587890625 41.549999237060546875 40.112499237060546875 38.331249237060546875 36.637500762939453125 36.606250762939453125 36.90625 36.5625 37.56874847412109375 38.34375 38.206249237060546875 38.981250762939453125 39.862499237060546875 39.46250152587890625 39.50624847412109375 39.518749237060546875 38.31874847412109375 35.63124847412109375 33.200000762939453125 31.568750381469726562 30.756250381469726562 31.049999237060546875 31.725000381469726562 31.649999618530273438 32.125 31.799999237060546875 32.262500762939453125 31.625 31.637498855590820312
47.84999847412109375 46.96250152587890625 44.40000152587890625 43.299999237060546875 41.94374847412109375 40.33750152587890625 39.143749237060546875 37.981250762939453125 37.268749237060546875 36.418750762939453125 40.38124847412109375 42.31874847412109375 41.72499847412109375 41.831249237060546875 41.831249237060546875 40.59999847412109375 38.91249847412109375 36.987499237060546875 35.950000762939453125 34.28125 34.268749237060546875 34.22499847412109375 34.22499847412109375 35.299999237060546875 36.293750762939453125 36.88124847412109375 37.75624847412109375 38.643749237060546875 38.700000762939453125 38.424999237060546875 37.768749237060546875 37.28125 34.81874847412109375 31.231250762939453125 28.975000381469726562 27.850000381469726562 28.649999618530273438 29.362499237060546875 29.481250762939453125 29.768749237060546875 28.325000762939453125 27.881250381469726562 27.381250381469726562 27.037500381469726562
