data/historical-monthly-weather-data/wc2.1_cruts4.09_10m_prec_1972-10.asc
ncols        51
nrows        45
xllcorner    -63.500000000000
yllcorner    -7.500000000000
cellsize     0.166666666667
NODATA_value -9999
[rows 0 to 19 of 45, columns 0 to 43 of 51]
315.53125 322.33123779296875 315.662506103515625 312.33123779296875 305.65625 291.07501220703125 271.806243896484375 253.399993896484375 235.0625 219.5500030517578125 207.225006103515625 194.7624969482421875 181.662506103515625 166.9562530517578125 154.818756103515625 143.274993896484375 132.3874969482421875 122.63124847412109375 114.3937530517578125 106.65625 101.11875152587890625 95.63124847412109375 90.96250152587890625 88.43125152587890625 86.5749969482421875 85.40625 86.44374847412109375 88.06874847412109375 89.7624969482421875 89.27500152587890625 88.71250152587890625 88.3249969482421875 88.41249847412109375 88.84999847412109375 89.61875152587890625 90.21250152587890625 90.71875 91.00624847412109375 90.81874847412109375 90.38124847412109375 89.84999847412109375 88.9250030517578125 87.15625 84.8625030517578125
310.756256103515625 320.287506103515625 322.20001220703125 327.64373779296875 331.756256103515625 316.01251220703125 297.350006103515625 281.33123779296875 264.78125 247.8375091552734375 231.8249969482421875 215.3625030517578125 198.8125 182.2375030517578125 167.631256103515625 154.368743896484375 140.9187469482421875 130.6750030517578125 121.72499847412109375 113.8125 107.8249969482421875 102.65000152587890625 98.0749969482421875 95.3312530517578125 93.0187530517578125 90.90625 91.6437530517578125 92.7312469482421875 93.5812530517578125 92.71250152587890625 92.9499969482421875 93.6875 94.69374847412109375 96.28125 97.40625 98.1750030517578125 99.5187530517578125 100.25624847412109375 100.41249847412109375 100.06874847412109375 99.83750152587890625 99.15000152587890625 97.53125 95.14374542236328125
291.743743896484375 302.787506103515625 307.04998779296875 316.118743896484375 323.743743896484375 315.14373779296875 305.212493896484375 297.04376220703125 285.04998779296875 269.568756103515625 251.868743896484375 232.3937530517578125 213.337493896484375 194.5625 178.2312469482421875 163.306243896484375 149.4812469482421875 138.837493896484375 129.381256103515625 121.06874847412109375 114.68125152587890625 109.66875457763671875 104.71250152587890625 101.18125152587890625 98.0812530517578125 95.66249847412109375 95.7687530517578125 96.3874969482421875 96.11875152587890625 95.8249969482421875 96.6999969482421875 97.375 98.65625 100.7375030517578125 102.50624847412109375 103.58750152587890625 104.8249969482421875 106.15625 106.69374847412109375 106.4875030517578125 106.36875152587890625 105.77500152587890625 104.40625 102.6374969482421875
269.25 279.306243896484375 287.95623779296875 295.73748779296875 305.76251220703125 304.85626220703125 305.162506103515625 306.42498779296875 302.57501220703125 290.6875 270.79376220703125 247.568756103515625 225.524993896484375 205.3625030517578125 188.7375030517578125 172.368743896484375 157.556243896484375 147.087493896484375 137.662506103515625 129.2624969482421875 122.6999969482421875 116.5500030517578125 110.5500030517578125 106.53749847412109375 102.66249847412109375 99.3312530517578125 98.8625030517578125 98.69374847412109375 98.2062530517578125 98.09375 99.1750030517578125 100.58750152587890625 101.53749847412109375 103.28125 104.86875152587890625 107.28125 109.34999847412109375 111.02500152587890625 112.0625 112.21250152587890625 111.47499847412109375 111.31874847412109375 110.40625 109.28749847412109375
259.625 263.04998779296875 265.381256103515625 273.068756103515625 286.0625 292.48748779296875 299.61248779296875 308.10626220703125 314.181243896484375 310.537506103515625 286.506256103515625 257.537506103515625 234.3000030517578125 214.65625 196.9812469482421875 179.850006103515625 165.0437469482421875 153.681243896484375 143.943756103515625 135.4375 129.1750030517578125 122.34375 115.78749847412109375 111.28749847412109375 106.68125152587890625 102.6750030517578125 101.08750152587890625 100.81874847412109375 100.53125 99.94374847412109375 101.0437469482421875 102.46875 104.08750152587890625 106.0437469482421875 108.34999847412109375 110.71875 113.2687530517578125 115.84375 116.875 117.16875457763671875 116.52500152587890625 115.99375152587890625 115.84999847412109375 115.09375
251.274993896484375 254.40625 251.15625 250.6125030517578125 264.91876220703125 275.975006103515625 284.11248779296875 292.88751220703125 300.45623779296875 302.90625 277.71875 250.5625 230.837493896484375 213.149993896484375 197 182.5625 168.4875030517578125 157.7687530517578125 148.912506103515625 140.6125030517578125 133.9499969482421875 126.99375152587890625 120.2375030517578125 114.2312469482421875 108.91249847412109375 104.1750030517578125 102.06874847412109375 100.875 100.6999969482421875 100.21250152587890625 101.5 103.8937530517578125 105.5 107.90625 110.63124847412109375 113.66875457763671875 116.71250152587890625 120.40000152587890625 122.9375 122.6875 120.3937530517578125 120.03749847412109375 119.65625 119.65625
248.649993896484375 250.787506103515625 246.9187469482421875 244.28125 252.962493896484375 258.79998779296875 263.40625 266.162506103515625 265.26873779296875 259.58123779296875 249.375 235.056243896484375 221.8625030517578125 208.806243896484375 195.5187530517578125 183.462493896484375 171.568756103515625 161.2375030517578125 152.4812469482421875 145.21875 138.6437530517578125 131.5500030517578125 124.09999847412109375 117.4875030517578125 111.3937530517578125 105.78125 103.46250152587890625 101.5187530517578125 100.15625 100.4375 101.99375152587890625 104.16249847412109375 105.96250152587890625 108.8937530517578125 112.27500152587890625 115.06874847412109375 118.50624847412109375 122.6374969482421875 127 125.46250152587890625 122.63124847412109375 121.0749969482421875 120.9250030517578125 121.6999969482421875
247.9562530517578125 248.6687469482421875 247.1374969482421875 248.024993896484375 251.4187469482421875 251.818756103515625 247.2062530517578125 238.0187530517578125 224.618743896484375 218.34375 219.9499969482421875 216.6062469482421875 211.1687469482421875 202.9124908447265625 194.0500030517578125 184.2375030517578125 174.2937469482421875 164.774993896484375 156.662506103515625 150.2312469482421875 143.712493896484375 136.0749969482421875 128.181243896484375 120.96875 113.96250152587890625 107.1687469482421875 103.9562530517578125 101.0500030517578125 99.0500030517578125 98.7624969482421875 100.7375030517578125 103.4562530517578125 105.75 109.0187530517578125 112.16249847412109375 114.8249969482421875 117.22499847412109375 120.6062469482421875 122.7312469482421875 121.81874847412109375 119.1875 117.1125030517578125 115.96875 115.86875152587890625
249.4250030517578125 251.7687530517578125 252.2937469482421875 252.725006103515625 254.3937530517578125 250.337493896484375 241.84375 226.2624969482421875 204.0187530517578125 192.9187469482421875 200.131256103515625 202.53125 201.493743896484375 196.1062469482421875 190.5 184.056243896484375 176.46875 168.993743896484375 162.3000030517578125 155.34375 147.96875 140.125 130.681243896484375 123.53125 115.3625030517578125 107.46250152587890625 103.1374969482421875 100.8625030517578125 98.77500152587890625 97.93125152587890625 99.7375030517578125 102.1125030517578125 103.8312530517578125 106.34999847412109375 108.8125 111.53749847412109375 113.97499847412109375 115.7312469482421875 115.9875030517578125 114.96875 112.30625152587890625 109.1374969482421875 107.3562469482421875 105.15000152587890625
252.068756103515625 254.993743896484375 255.3000030517578125 256.89373779296875 258.89373779296875 253.7312469482421875 243.6374969482421875 227.3499908447265625 208.118743896484375 197.0812530517578125 196.1999969482421875 195.5187530517578125 194.8000030517578125 191.1999969482421875 188.162506103515625 184.5124969482421875 179.2312469482421875 173.568756103515625 167.850006103515625 162.4812469482421875 153.90625 144.600006103515625 133.774993896484375 124.81874847412109375 114.9875030517578125 106.5749969482421875 102.75624847412109375 99.7624969482421875 97.7937469482421875 97.03749847412109375 97.7312469482421875 99.7937469482421875 101.2937469482421875 103.6750030517578125 106.2062530517578125 108.41249847412109375 109.8562469482421875 110.59375 110.18125152587890625 107.8874969482421875 104.65625 100.7312469482421875 96.90000152587890625 93.3625030517578125
254.65625 257.643768310546875 257.60626220703125 259.13751220703125 261.33123779296875 260.03125 251.1875 233.868743896484375 216.118743896484375 204.5749969482421875 198.881256103515625 195.0124969482421875 191.3312530517578125 188.431243896484375 186.9499969482421875 184.6437530517578125 181.90625 177.59375 173.2687530517578125 169.006256103515625 161.5124969482421875 150.149993896484375 137.181243896484375 125.1062469482421875 115.46875 107.4812469482421875 103.78749847412109375 100.81874847412109375 97.88124847412109375 96.9499969482421875 97.3874969482421875 98.8125 100.1374969482421875 101.97499847412109375 103.56874847412109375 104.7687530517578125 105.5 104.8562469482421875 103.5500030517578125 100.55625152587890625 96.65625 92.0625 87.97499847412109375 82.9499969482421875
255.5062408447265625 258.1875 258.53125 260.89373779296875 263.837493896484375 263.537506103515625 257.4375 238.9437408447265625 222.193756103515625 209.318756103515625 200.899993896484375 196.34375 191.9250030517578125 189.2375030517578125 188.506256103515625 186.0749969482421875 183.6999969482421875 179.7062530517578125 175.8937530517578125 173.087493896484375 167.53125 155.0124969482421875 140.087493896484375 126.8249969482421875 115.6750030517578125 106.6062469482421875 102.43125152587890625 100.36875152587890625 98.4187469482421875 97.75624847412109375 97.25 97.97499847412109375 98.4187469482421875 99.63124847412109375 100.88124847412109375 101.1750030517578125 100.7687530517578125 99.72499847412109375 97.1125030517578125 93.59375 88.4375 83.46875 79.0124969482421875 74.4562530517578125
254.5374908447265625 257.54376220703125 257.943756103515625 259.25 261.51873779296875 259.337493896484375 250.8249969482421875 237.618743896484375 222.8625030517578125 211.693756103515625 202.96875 197.5812530517578125 194.0124969482421875 189.8312530517578125 188.618743896484375 187.087493896484375 183.9562530517578125 180.506256103515625 177.0500030517578125 173.587493896484375 169.381256103515625 157.15625 141.274993896484375 128.056243896484375 113.4562530517578125 103.8312530517578125 102.4499969482421875 100.75 99.5812530517578125 98.5500030517578125 97.53125 96.90000152587890625 97.0749969482421875 97.25624847412109375 97.94374847412109375 97.875 96.86875152587890625 95.78749847412109375 93.1687469482421875 87.7624969482421875 82.27500152587890625 77.8937530517578125 72.83750152587890625 64.7624969482421875
251.71875 254.3625030517578125 254.756256103515625 255.34375 255.6875 251.8562469482421875 243.78125 234.125 222.3874969482421875 211.243743896484375 202.1687469482421875 197.225006103515625 193.774993896484375 190.912506103515625 187.4250030517578125 185.725006103515625 182.024993896484375 177.8937530517578125 173.5437469482421875 169.193756103515625 163.649993896484375 152.475006103515625 139.7375030517578125 128.6687469482421875 116.7312469482421875 107.9875030517578125 105.46250152587890625 103.13750457763671875 101.1999969482421875 98.8312530517578125 96.75624847412109375 95.7375030517578125 95.27500152587890625 95.1374969482421875 95.50624847412109375 95.40625 94.625 94.05625152587890625 91.5625 86.8249969482421875 79.9187469482421875 73.0812530517578125 67.68125152587890625 62.18125152587890625
248.0124969482421875 251.087493896484375 250.2624969482421875 250.4875030517578125 250.125 245.287506103515625 239.5812530517578125 231.618743896484375 220.2624969482421875 210.006256103515625 201.4562530517578125 196.25 192.3874969482421875 189.3687591552734375 184.9250030517578125 182.4562530517578125 177.6875 171.931243896484375 166.2062530517578125 161.7624969482421875 156.25 147.8874969482421875 138.7375030517578125 132.2687530517578125 124.91249847412109375 117.21875 112.30625152587890625 107.74375152587890625 103.7312469482421875 99.55625152587890625 96.1687469482421875 94.15625 93.4812469482421875 93.88124847412109375 94.2062530517578125 93.78125 94.02500152587890625 95.7375030517578125 96.1750030517578125 91.5187530517578125 83.58750152587890625 75.9812469482421875 70.36875152587890625 65.06874847412109375
242.475006103515625 245.1750030517578125 244.7312469482421875 244.8625030517578125 244.149993896484375 240.100006103515625 234.5124969482421875 226.975006103515625 217.243743896484375 208.0812530517578125 198.912506103515625 192.4875030517578125 188.5187530517578125 185.568756103515625 181.6062469482421875 177.412506103515625 170.568756103515625 164.0187530517578125 157.8874969482421875 152.8125 147.5 142.318756103515625 137.6062469482421875 136.818756103515625 132.837493896484375 125.71875 119.6687469482421875 113.2312469482421875 106.875 100.3625030517578125 95.59375 92.15625 90.9375 91.2624969482421875 90.9562530517578125 90.02500152587890625 92.875 96.1687469482421875 99.65000152587890625 97.02500152587890625 91.3249969482421875 83.09999847412109375 75.54999542236328125 68.5124969482421875
234.506256103515625 237.78125 238.875 239.8125 239.037506103515625 235.15625 230.056243896484375 223.2687530517578125 214.3874969482421875 204.5 195.0500030517578125 188.162506103515625 182.8125 178.774993896484375 173.8249969482421875 168.3687591552734375 159.9375 152.931243896484375 147.2312469482421875 142.806243896484375 138.462493896484375 135.587493896484375 135.087493896484375 139.662506103515625 140.306243896484375 131.850006103515625 125.15625 116.5749969482421875 108.00624847412109375 100.09375 94.7312469482421875 91.71250152587890625 88.3874969482421875 86.21250152587890625 85.02500152587890625 86.7687530517578125 91.03749847412109375 99.9875030517578125 109.9187469482421875 106.3562469482421875 100.1062469482421875 90.66249847412109375 80.7375030517578125 73.06874847412109375
226.162506103515625 230.8125 233.4812469482421875 235.024993896484375 235.181243896484375 232.368743896484375 227.806243896484375 220.9499969482421875 211.787506103515625 201.993743896484375 192.3125 183.5625 176.287506103515625 169.712493896484375 163.1875 156.2062530517578125 147.8125 140.381256103515625 135.6999969482421875 131.4562530517578125 128.4562530517578125 127.21250152587890625 128.6875 135.3625030517578125 138.25 133.193756103515625 128.506256103515625 118.96875 108.4250030517578125 98.53125 92.05625152587890625 88.59999847412109375 87.4499969482421875 87.0812530517578125 83.6999969482421875 79.8625030517578125 88.8874969482421875 100.47499847412109375 108.5437469482421875 109.30625152587890625 104.1437530517578125 95.5437469482421875 86.02500152587890625 78.33750152587890625
216.3125 223.681243896484375 227.78125 230.7687530517578125 232.506256103515625 229.774993896484375 225.25 219.0812530517578125 210.8125 200.024993896484375 188.2874908447265625 178.462493896484375 168.8625030517578125 159.9812469482421875 152.368743896484375 145.712493896484375 137.568756103515625 129.774993896484375 125.1437530517578125 120.80625152587890625 118.55625152587890625 120.19374847412109375 120.34375 127.0625 131 130.774993896484375 126.78125 118.6062469482421875 109.1875 97.78749847412109375 89.19374847412109375 88.8125 92.4499969482421875 91.71250152587890625 89.0437469482421875 87.1750030517578125 92.84999847412109375 100.50624847412109375 106.5625 108.4375 105.71875 100.88124847412109375 91.53749847412109375 83.9812469482421875
205.462493896484375 215.46875 220.725006103515625 225.0749969482421875 228.4250030517578125 227.3000030517578125 224.0124969482421875 218.5500030517578125 209.725006103515625 198.9499969482421875 186.212493896484375 174.037506103515625 162.5124969482421875 151.6875 143.40625 136.4812469482421875 128.0625 122.49375152587890625 118.0625 114.96875 112.08750152587890625 111.9499969482421875 115.18125152587890625 121.33750152587890625 125.3000030517578125 125.375 122.9187469482421875 118.46875 109.74375152587890625 99.74375152587890625 93.2687530517578125 95.8562469482421875 99.125 102.1437530517578125 103.6999969482421875 101.77500152587890625 102.28125 105.25 107.8312530517578125 108.7624969482421875 107.97499847412109375 104.3249969482421875 96.84375 89.46875
