data/historical-monthly-weather-data/wc2.1_cruts4.09_10m_prec_1977-03.asc
ncols        45
nrows        45
xllcorner    -63.500000000000
yllcorner    -7.500000000000
cellsize     0.166666666667
NODATA_value -9999
[rows 20 to 39 of 45, columns 0 to 44 of 45]
226.068756103515625 228.087493896484375 233.3312530517578125 239.4375 246.399993896484375 256.53125 266.54376220703125 275.09375 282.993743896484375 287.875 290.181243896484375 291.662506103515625 293.5 296.8125 291.600006103515625 281.1875 272.375 268.82501220703125 269.068756103515625 270.662506103515625 281.20001220703125 293.14373779296875 303.875 315.524993896484375 328.125 340.79998779296875 348.881256103515625 355.84375 361.962493896484375 363.14373779296875 357.756256103515625 346.568756103515625 326.48748779296875 302.16876220703125 279.36248779296875 296.274993896484375 321.4375 333.287506103515625 337.1875 335.25 330.274993896484375 324.51873779296875 317.28125 310.95001220703125 305.149993896484375
220.2687530517578125 222.649993896484375 229.5625 236.53125 244.475006103515625 256.306243896484375 267.975006103515625 278.587493896484375 286.82501220703125 288.95001220703125 286.4375 283.51873779296875 281.35626220703125 281.600006103515625 278.787506103515625 273.600006103515625 269.20001220703125 266.15625 264.82501220703125 264.556243896484375 269.787506103515625 276.899993896484375 287.056243896484375 297.42498779296875 310.01251220703125 324.76251220703125 337.4375 345.35626220703125 351.725006103515625 352.51251220703125 346.831268310546875 336.83123779296875 321.04376220703125 304.92498779296875 295.36248779296875 304.57501220703125 323.149993896484375 335.006256103515625 339.024993896484375 335.92498779296875 329.837493896484375 323.41876220703125 316.181243896484375 309.431243896484375 303.5625
217.131256103515625 220.368743896484375 227.024993896484375 234.6437530517578125 242.6187591552734375 254.3625030517578125 266.4375 280.256256103515625 291.20623779296875 289.1875 282.20623779296875 273.41876220703125 266.78125 266.39373779296875 267.35626220703125 266.04998779296875 263.38751220703125 260.83123779296875 258.506256103515625 256.975006103515625 259.15625 261.76873779296875 266.86248779296875 276.256256103515625 290.6875 307.45001220703125 321.75 332.256256103515625 339.375 340.03125 336.962493896484375 333.01251220703125 326.45001220703125 319.037506103515625 319.212493896484375 326.26873779296875 336.9375 343.75 344.149993896484375 339 331.23126220703125 323.61248779296875 316.04376220703125 308.03125 301.65625
215.8125 217.568756103515625 224.131256103515625 231.7687530517578125 239.681243896484375 250.7312469482421875 263.662506103515625 277.162506103515625 286.600006103515625 282.850006103515625 273.9375 265.28125 255.462493896484375 256.17498779296875 259.53125 260.318756103515625 259.506256103515625 257.337493896484375 253.2312469482421875 249.9812469482421875 249.524993896484375 249.1687469482421875 251.0437469482421875 258.75 270.40625 285.837493896484375 301.08123779296875 314.96875 325.51251220703125 330.9375 333.98126220703125 334.84375 333.66876220703125 333.118743896484375 337.32501220703125 345.162506103515625 352.125 352.181243896484375 347.88751220703125 341.20623779296875 333.29998779296875 324.756256103515625 317.024993896484375 308.118743896484375 301.868743896484375
218.8249969482421875 217.5812530517578125 221.8000030517578125 228.962493896484375 237.443756103515625 248.0437469482421875 258.475006103515625 268.73748779296875 274.86248779296875 274.01873779296875 269.399993896484375 261.76251220703125 256.600006103515625 255.9375 256.5 257.78125 256.943756103515625 254.587493896484375 250.375 244.537506103515625 240.475006103515625 237.1437530517578125 235.350006103515625 239.193756103515625 250.443756103515625 267.90625 283.29376220703125 300.462493896484375 313.931243896484375 325.193756103515625 332.162506103515625 337.09375 340.587493896484375 343.743743896484375 348.36248779296875 351.087493896484375 355.13751220703125 354.45623779296875 348.96875 343.54998779296875 335.899993896484375 326.89373779296875 317.29998779296875 310.34375 298.79998779296875
225.0124969482421875 221.837493896484375 222.9250030517578125 228.7375030517578125 234.725006103515625 243.6125030517578125 252.3874969482421875 260.381256103515625 264.743743896484375 265.381256103515625 263.58123779296875 260.568756103515625 258.23748779296875 257.13751220703125 256.78125 257.70001220703125 256.08123779296875 253.693756103515625 249.443756103515625 241.21875 235.5812530517578125 227.743743896484375 220.806243896484375 220.243743896484375 232.412506103515625 251.8937530517578125 271.287506103515625 288.693756103515625 305.03125 319.73748779296875 331.17498779296875 341.01251220703125 347.850006103515625 350.95623779296875 353.787506103515625 354.193756103515625 355.568756103515625 354.524993896484375 350.21875 344.51873779296875 337.79998779296875 327.90625 315.6875 307.53125 295.737518310546875
231.9875030517578125 224.618743896484375 225.3125 228.3625030517578125 232.056243896484375 239.28125 245.90625 251.90625 255.649993896484375 258.10626220703125 259.08123779296875 258.287506103515625 257.625 257.70623779296875 258.149993896484375 258.60626220703125 258.868743896484375 255.6125030517578125 250.5124969482421875 243.631256103515625 235.2624969482421875 225.381256103515625 213.7375030517578125 210.5124969482421875 225.256256103515625 243.7937469482421875 263.587493896484375 280.73126220703125 297.64373779296875 313.57501220703125 327.84375 341.962493896484375 351.506256103515625 352.899993896484375 353.73126220703125 353.850006103515625 355.07501220703125 353.818756103515625 350.412506103515625 346.10626220703125 338.462493896484375 327.212493896484375 313.40625 303.118743896484375 299.04376220703125
239.618743896484375 229.306243896484375 228.306243896484375 229.462493896484375 230.25 235.3562469482421875 241.774993896484375 246.443756103515625 249.868743896484375 252.8312530517578125 254.2375030517578125 254.837493896484375 256.01251220703125 257.4375 258.693756103515625 259.73748779296875 261.07501220703125 260.125 255.881256103515625 249.568756103515625 241.087493896484375 230.3937530517578125 222.6125030517578125 220.6750030517578125 229.6062469482421875 243.9875030517578125 260.912506103515625 277.54998779296875 293.26873779296875 307.76873779296875 321.98748779296875 335.46875 344.98748779296875 347.356231689453125 349.225006103515625 350.443756103515625 350.556243896484375 351.33123779296875 349.850006103515625 348.162506103515625 344.51873779296875 331.618743896484375 313.90625 302.70001220703125 308.243743896484375
246.1437530517578125 233.8625030517578125 231.193756103515625 229.868743896484375 230.375 233.693756103515625 237.3000030517578125 241.0749969482421875 244.693756103515625 247.4499969482421875 250.1875 252.125 254.2062530517578125 257.100006103515625 260.243743896484375 263.35626220703125 267 267.04998779296875 264.618743896484375 259.625 251.181243896484375 241.1374969482421875 234.693756103515625 232.15625 237.96875 247.225006103515625 260.9375 275.70623779296875 289.96875 303.46875 315.38751220703125 326.95623779296875 335.86248779296875 340.256256103515625 343.6875 345.649993896484375 345.837493896484375 347.287506103515625 346.981231689453125 345.693756103515625 346.5 333.5 315.975006103515625 312.181243896484375 321.13751220703125
251.6062469482421875 238.2375030517578125 233.9124908447265625 231.125 230.0187530517578125 231.0124969482421875 233.568756103515625 236.3625030517578125 239.743743896484375 242.3312530517578125 245.368743896484375 249.3312530517578125 253.712493896484375 258.087493896484375 262.39373779296875 266.787506103515625 271.34375 275.993743896484375 275.556243896484375 268.85626220703125 260.087493896484375 251.3249969482421875 244.8874969482421875 242.975006103515625 245.931243896484375 252.962493896484375 264.38751220703125 276.337493896484375 287.96875 298.90625 309.350006103515625 318.28125 325.71875 332.15625 336.66876220703125 338.181243896484375 338.66876220703125 340.89373779296875 337.29376220703125 335.693756103515625 337 332.912506103515625 324.09375 325.33123779296875 327.131256103515625
254.5812530517578125 240.4499969482421875 234.9562530517578125 231.875 229.8874969482421875 229.0187530517578125 230.912506103515625 232.4562530517578125 235.125 237.725006103515625 241.1125030517578125 245.725006103515625 251.6062469482421875 256.743743896484375 262.54998779296875 268.868743896484375 276.51251220703125 282.32501220703125 285.48126220703125 278.625 269.41876220703125 259.875 254.1125030517578125 251.6875 252.618743896484375 258.787506103515625 267.212493896484375 276.13751220703125 286.20001220703125 294.98748779296875 303.693756103515625 312.17498779296875 318.868743896484375 324.931243896484375 329.76251220703125 330.33123779296875 331.243743896484375 334.006256103515625 329.09375 321.17498779296875 324.46875 329.712493896484375 330.67498779296875 333.46875 335.70001220703125
255.375 241.0812530517578125 234.8625030517578125 230.899993896484375 228.40625 226.6750030517578125 227.625 227.7375030517578125 229.8312530517578125 232.350006103515625 235.756256103515625 241.125 247.3249969482421875 254.6750030517578125 262.36248779296875 270.45623779296875 276.83123779296875 282.443756103515625 285.70001220703125 282.787506103515625 273.993743896484375 266.399993896484375 259.79376220703125 256.818756103515625 258.79998779296875 262.48126220703125 268.23748779296875 276.368743896484375 283.48126220703125 291.412506103515625 299.225006103515625 306.5625 311.662506103515625 317.15625 321.84375 322.88751220703125 325.475006103515625 327.431243896484375 320.412506103515625 316.256256103515625 323.318756103515625 332.912506103515625 338.443756103515625 346.875 352.41876220703125
254.350006103515625 241.46875 234.756256103515625 230.0749969482421875 226.0812530517578125 224.4562530517578125 223.53125 222.46875 223.399993896484375 226.306243896484375 231.7937469482421875 237.3125 244.9562530517578125 254.8874969482421875 262.71875 270.149993896484375 275.774993896484375 281.243743896484375 283.28125 281.83123779296875 276.125 269.431243896484375 262.82501220703125 260.98748779296875 261.6875 263.84375 268.41876220703125 275.01873779296875 282.181243896484375 288.943756103515625 295.912506103515625 302.506256103515625 307.34375 311.818756103515625 314.787506103515625 317.8125 320.59375 321.600006103515625 316.86248779296875 320.306243896484375 327.712493896484375 336.993743896484375 345.993743896484375 356.475006103515625 371.01873779296875
252.743743896484375 241.0812530517578125 235.2375030517578125 230.125 225.4250030517578125 222.181243896484375 219.5437469482421875 217.431243896484375 217.5749969482421875 219.912506103515625 225.2375030517578125 233.587493896484375 242.8000030517578125 252.0500030517578125 259.63751220703125 267.86248779296875 274.962493896484375 279.45001220703125 280.20001220703125 279.28125 275.712493896484375 269.943756103515625 264.95623779296875 262.037506103515625 262.01873779296875 262.60626220703125 267.20623779296875 272.625 280.29998779296875 286.14373779296875 291.8125 298.90625 303.54376220703125 306.693756103515625 310.26251220703125 313.20623779296875 315.39373779296875 316.100006103515625 317.212493896484375 322.225006103515625 328.318756103515625 337.79376220703125 350.23748779296875 362.737518310546875 380.14373779296875
251.4187469482421875 241.524993896484375 235.774993896484375 229.9187469482421875 223.4499969482421875 219.5812530517578125 215.34375 212.6437530517578125 211.1125030517578125 212.193756103515625 218.2375030517578125 228.78125 240.2937469482421875 250.4562530517578125 259.17498779296875 266.1875 273.13751220703125 276.868743896484375 277.54998779296875 276.662506103515625 274.20001220703125 268.837493896484375 264.024993896484375 260.73748779296875 260.53125 261.10626220703125 264.631256103515625 270.45623779296875 276.48126220703125 282.850006103515625 289.58123779296875 296.40625 299.806243896484375 302.66876220703125 304.76873779296875 306.649993896484375 308.79998779296875 313.60626220703125 317.01251220703125 321.5625 327.5625 335.36248779296875 347.14373779296875 359.96875 374.037506103515625
252.0625 242.1437530517578125 235.6062469482421875 229.15625 222.4375 217.4375 212.9812469482421875 208.181243896484375 204.8000030517578125 205.2624969482421875 210.993743896484375 222.5500030517578125 236.256256103515625 248.15625 256.4375 263.75 269.431243896484375 272.462493896484375 273.899993896484375 273.90625 271.037506103515625 265.67498779296875 260.475006103515625 258.28125 257.95623779296875 258.431243896484375 261.95623779296875 267.993743896484375 274.193756103515625 280.943756103515625 289 296.087493896484375 297.89373779296875 300.61248779296875 301.881256103515625 302.943756103515625 306.88751220703125 311.181243896484375 312.912506103515625 317.662506103515625 323.82501220703125 330.28125 338.51873779296875 350.25 359.85626220703125
251.9875030517578125 242.84375 236.131256103515625 228.9875030517578125 222.318756103515625 217.2687530517578125 211.7375030517578125 206.09375 200.631256103515625 197.3874969482421875 204.943756103515625 220.9875030517578125 235.162506103515625 245.6687469482421875 254.162506103515625 260.350006103515625 264.92498779296875 267.306243896484375 269.04998779296875 267.625 265.16876220703125 260.21875 255.662506103515625 253.068756103515625 252.868743896484375 253.993743896484375 258 264.90625 271.20623779296875 279.399993896484375 288.024993896484375 295.63751220703125 298.024993896484375 300.037506103515625 300.13751220703125 301.8125 305.274993896484375 309.08123779296875 310.524993896484375 312.26873779296875 315.943756103515625 321.0625 328.149993896484375 337.4375 345.32501220703125
252.3000030517578125 244.2312469482421875 236.899993896484375 229.78125 223.649993896484375 218.78125 213.274993896484375 206.90625 202.212493896484375 197.162506103515625 210.225006103515625 226.537506103515625 236.912506103515625 245.475006103515625 251.71875 257.087493896484375 259.818756103515625 261.274993896484375 261.618743896484375 259.32501220703125 255.7062530517578125 251.5749969482421875 248.868743896484375 246.75 247.181243896484375 249.337493896484375 253.712493896484375 261.48748779296875 268.90625 277.875 286.64373779296875 294.73126220703125 297.068756103515625 299.01873779296875 298.28125 300.76873779296875 303.51873779296875 304.943756103515625 306.850006103515625 308.59375 309.037506103515625 313.58123779296875 317.6875 321.66876220703125 328.32501220703125
251.0812530517578125 244.662506103515625 238.537506103515625 232.3000030517578125 226.743743896484375 221.631256103515625 217.725006103515625 213.274993896484375 212.625 218.256256103515625 232.6062469482421875 238.3125 242.0437469482421875 246.806243896484375 251.2062530517578125 254.5062408447265625 255.7312469482421875 255.506256103515625 253.9499969482421875 250.4812469482421875 245.8249969482421875 242.125 240 239.46875 241.131256103515625 244.7312469482421875 250.6437530517578125 258.5625 267.125 276.912506103515625 287.40625 295.375 297.850006103515625 300.756256103515625 303.837493896484375 304.58123779296875 305.45623779296875 307.23126220703125 306.91876220703125 306.28125 305.88751220703125 310.04376220703125 312.57501220703125 316.087493896484375 320.493743896484375
250.15625 245.7687530517578125 240.6437530517578125 234.78125 230.375 227.4812469482421875 223.78125 222.662506103515625 224.3125 229.3125 236.931243896484375 242.9187469482421875 246.306243896484375 248.5625 251.5749969482421875 252.7375030517578125 252.375 250.350006103515625 246.524993896484375 242.375 236.899993896484375 233.087493896484375 230.2624969482421875 230.7312469482421875 234.431243896484375 239.5 246.162506103515625 255.5 264.90625 275.08123779296875 285.181243896484375 296.524993896484375 302.60626220703125 305.79998779296875 309.29998779296875 310.056243896484375 308.83123779296875 308.75 308.443756103515625 305.03125 302.70001220703125 305.82501220703125 307.70623779296875 309.76251220703125 313.493743896484375
