data/historical-monthly-weather-data/wc2.1_cruts4.09_10m_prec_1995-11.asc
ncols        51
nrows        45
xllcorner    -63.500000000000
yllcorner    -7.500000000000
cellsize     0.166666666667
NODATA_value -9999
[rows 20 to 39 of 45, columns 0 to 44 of 51]
326.79376220703125 330.83123779296875 335.399993896484375 339.8125 343 348.381256103515625 353.46875 356.0625 355.07501220703125 350.337493896484375 343.79998779296875 338.006256103515625 330 317.92498779296875 308.662506103515625 298.73126220703125 290.64373779296875 289.29998779296875 295.256256103515625 301.5 318.443756103515625 333.149993896484375 342.29998779296875 344.76251220703125 345.875 342.149993896484375 328.743743896484375 307.90625 284.743743896484375 264.40625 247.6875 242.0124969482421875 245.131256103515625 251.399993896484375 257.66876220703125 263.712493896484375 266.61248779296875 269.64373779296875 269.78125 269.79376220703125 267.45623779296875 263.10626220703125 256.350006103515625 247.9562530517578125 237.256256103515625
327.91876220703125 330.306243896484375 336.79376220703125 343.08123779296875 348.98748779296875 355.993743896484375 364.100006103515625 369.35626220703125 372.46875 370.90625 366.39373779296875 363.081268310546875 356.056243896484375 343.10626220703125 330.98748779296875 318.837493896484375 310.45001220703125 305.01873779296875 304.32501220703125 307.26873779296875 315.475006103515625 325.306243896484375 334.26251220703125 335.868743896484375 335.337493896484375 332.39373779296875 324.14373779296875 308.13751220703125 292.024993896484375 275.806243896484375 259.274993896484375 252.03125 254.90625 263.681243896484375 272.88751220703125 278.881256103515625 282.131256103515625 284.287506103515625 281.756256103515625 280.73748779296875 277.28125 271.537506103515625 264.600006103515625 257.04376220703125 246.0500030517578125
329.48126220703125 334.243743896484375 340.96875 348.28125 355.787506103515625 363.600006103515625 371.743743896484375 381.443756103515625 388.39373779296875 389.01873779296875 388.493743896484375 387.1875 386.95623779296875 374.568756103515625 355.475006103515625 338.65625 326.962493896484375 318.79998779296875 313.17498779296875 310.912506103515625 315.162506103515625 320.20001220703125 324.725006103515625 325.368743896484375 326.756256103515625 325.86248779296875 318.375 308.36248779296875 295.17498779296875 280.82501220703125 268.01873779296875 260.756256103515625 266.506256103515625 276.712493896484375 286.306243896484375 293.693756103515625 297.79376220703125 297.32501220703125 293.381256103515625 291.006256103515625 288.04998779296875 280.943756103515625 273.243743896484375 265.03125 252.475006103515625
332.46875 337.625 344.818756103515625 350.975006103515625 359.256256103515625 368.91876220703125 378.193756103515625 388.90625 394.75 397.131256103515625 398.399993896484375 403.76251220703125 407.712493896484375 392.524993896484375 369.725006103515625 351.23748779296875 337.63751220703125 327.26873779296875 318.100006103515625 311.162506103515625 312.29376220703125 314.1875 314.79376220703125 314.91876220703125 316.212493896484375 315.29998779296875 313.85626220703125 303.76873779296875 295.21875 283.6875 274.9375 269.60626220703125 275.88751220703125 285.774993896484375 296.712493896484375 307.212493896484375 312.600006103515625 310.04998779296875 306.08123779296875 302.73748779296875 298.875 291.79998779296875 284.32501220703125 275.78125 266.32501220703125
340.59375 343.76873779296875 350.48748779296875 356.79376220703125 366.20001220703125 374.08123779296875 381.88751220703125 391.08123779296875 397.375 400.274993896484375 402.975006103515625 403.4375 402.962493896484375 390.943756103515625 373.48748779296875 357.09375 343.70001220703125 330.743743896484375 319.95001220703125 310.8125 308.38751220703125 305.73126220703125 305.29376220703125 304.068756103515625 303.818756103515625 306.29998779296875 305.0625 300.087493896484375 293.13751220703125 286.287506103515625 278.693756103515625 274.76251220703125 281.60626220703125 291.65625 301.537506103515625 310.73126220703125 317.54376220703125 317.087493896484375 314.73748779296875 313.04376220703125 309.0625 302.337493896484375 296.962493896484375 290.51873779296875 277.306243896484375
354.34375 357.29376220703125 358.131256103515625 364.59375 370.6875 376.46875 382.26251220703125 389.54376220703125 394.57501220703125 397.57501220703125 399.08123779296875 397.73126220703125 392.318756103515625 381.625 369.89373779296875 357.806243896484375 346.837493896484375 333.51873779296875 321.506256103515625 311.29376220703125 305.67498779296875 300.34375 295.76873779296875 291.712493896484375 292.837493896484375 296.8125 298.25 296.40625 292.506256103515625 287.57501220703125 281.068756103515625 277.681243896484375 285.23748779296875 293.568756103515625 303.037506103515625 311.60626220703125 318.274993896484375 321.600006103515625 322.73748779296875 322 319.85626220703125 313.662506103515625 306.193756103515625 301.568756103515625 288.48748779296875
369.587493896484375 368.20001220703125 367.14373779296875 368.931243896484375 370.76251220703125 373.86248779296875 380.34375 385.10626220703125 386.13751220703125 388.368743896484375 390.837493896484375 387.70001220703125 380.443756103515625 370.46875 361.78125 351.28125 342.431243896484375 330.98748779296875 319.95001220703125 308.850006103515625 301.431243896484375 294.16876220703125 287.14373779296875 282.95001220703125 285.806243896484375 289.350006103515625 290.70623779296875 290.04998779296875 288.76873779296875 283.59375 279.32501220703125 276.818756103515625 285.962493896484375 295.399993896484375 303.493743896484375 311.59375 318.25 321.899993896484375 325.712493896484375 327.26251220703125 326.693756103515625 319.756256103515625 312.11248779296875 305.42498779296875 294.03125
385.306243896484375 379.5 374.98126220703125 371.73126220703125 370.475006103515625 370.73126220703125 374.693756103515625 378.76873779296875 379.8125 380.899993896484375 380.162506103515625 375.75 367.493743896484375 357.48748779296875 351.631256103515625 343.962493896484375 336.11248779296875 327.16876220703125 317.068756103515625 307.131256103515625 299.59375 290.912506103515625 285.73748779296875 282.899993896484375 283.256256103515625 284.34375 284.306243896484375 284.25 282.806243896484375 278.54998779296875 273.875 272.40625 282.625 292.20001220703125 302.6875 310.6875 317.16876220703125 323.212493896484375 326.33123779296875 332.237518310546875 335.649993896484375 329.006256103515625 315.28125 306.743743896484375 303.60626220703125
399.431243896484375 389.350006103515625 379.006256103515625 372.09375 367.600006103515625 365.79998779296875 367.524993896484375 370.193756103515625 372.34375 372.23126220703125 370.82501220703125 364.193756103515625 355.931243896484375 345.631256103515625 340.84375 336.88751220703125 332.20001220703125 323.1875 314.3125 305.662506103515625 298.42498779296875 290.01251220703125 285.08123779296875 283.08123779296875 281.6875 280.550018310546875 280.25 278.475006103515625 276.993743896484375 272.0625 268.0625 266.45623779296875 276.181243896484375 287.26873779296875 299.61248779296875 307.82501220703125 315.0625 320.85626220703125 324.90625 329.90625 336.662506103515625 328.54376220703125 317.64373779296875 315.07501220703125 317.11248779296875
403.16876220703125 390.09375 377.15625 364.524993896484375 358.92498779296875 357.26251220703125 358.318756103515625 360.618743896484375 361.82501220703125 360.024993896484375 358.28125 352.5 344.975006103515625 336.818756103515625 332.54376220703125 328.91876220703125 322.79376220703125 316.88751220703125 308.89373779296875 301.51251220703125 294.787506103515625 289.350006103515625 284.89373779296875 280.881256103515625 278.20623779296875 276.45001220703125 274.806243896484375 271.631256103515625 268.70001220703125 265.70001220703125 262.57501220703125 261.618743896484375 270.962493896484375 282.643768310546875 294.100006103515625 300.9375 307.024993896484375 314.524993896484375 315.65625 318.98748779296875 324.64373779296875 326.48748779296875 322.462493896484375 323.631256103515625 320.118743896484375
402.45623779296875 387.76873779296875 373.368743896484375 359.568756103515625 350.850006103515625 350.36248779296875 350.962493896484375 351.78125 350.337493896484375 349.51251220703125 347.912506103515625 342.681243896484375 336.83123779296875 327.76873779296875 324.15625 320.86248779296875 316.79376220703125 310.912506103515625 303.181243896484375 299.475006103515625 294.29998779296875 289.29998779296875 284.84375 279.64373779296875 274.48748779296875 271.662506103515625 267.96875 264.193756103515625 260.149993896484375 257.837493896484375 256.475006103515625 257.13751220703125 265.67498779296875 277.875 287.54376220703125 293.84375 300.556243896484375 309.649993896484375 309.35626220703125 304.32501220703125 311.818756103515625 321.16876220703125 324.42498779296875 326.3125 324.86248779296875
398.274993896484375 383.86248779296875 369.15625 357.07501220703125 349.337493896484375 344.53125 343.59375 342.39373779296875 340.1875 338.287506103515625 336.756256103515625 332.82501220703125 327.13751220703125 320.41876220703125 318.350006103515625 315.48126220703125 311.40625 306.51251220703125 301.725006103515625 299.462493896484375 294.725006103515625 289.100006103515625 283.70001220703125 276.9375 271.51873779296875 266.193756103515625 260.65625 255.6374969482421875 250.4812469482421875 250.09375 250.2624969482421875 251.3499908447265625 260 270.5 281.368743896484375 288.09375 295.15625 302.443756103515625 300.64373779296875 300.09375 311.95001220703125 324.26873779296875 331.25 340.162506103515625 344.82501220703125
382.287506103515625 370.875 358.118743896484375 348.068756103515625 340.5 333.71875 330.493743896484375 327.96875 324.850006103515625 323 324.40625 320.743743896484375 317.600006103515625 315.162506103515625 312.33123779296875 309.5 304.59375 303.306243896484375 301.149993896484375 299.57501220703125 295.100006103515625 288.493743896484375 281.61248779296875 274.10626220703125 267.91876220703125 261.337493896484375 254.53125 247.7937469482421875 242.625 242.556243896484375 243.381256103515625 244.962493896484375 252.556243896484375 261.51873779296875 272.26251220703125 279.82501220703125 288.318756103515625 294.78125 294.537506103515625 302.85626220703125 315.243743896484375 326.931243896484375 338.412506103515625 353.0625 372.85626220703125
363.60626220703125 355.556243896484375 345.23126220703125 337.524993896484375 329.725006103515625 322.26873779296875 315.98748779296875 312.556243896484375 309.350006103515625 307.287506103515625 308.53125 309.09375 309.375 307.587493896484375 305.14373779296875 302.337493896484375 299.024993896484375 299.193756103515625 299.056243896484375 298.787506103515625 293.743743896484375 286.943756103515625 279.681243896484375 270.943756103515625 263.58123779296875 255.568756103515625 248.09375 239.75 233.6437530517578125 233.8874969482421875 235.493743896484375 238.40625 245.2312469482421875 253.162506103515625 263.04998779296875 271.662506103515625 279.21875 284.54998779296875 290.45623779296875 302.243743896484375 314.14373779296875 326.59375 342.8125 361.35626220703125 384.21875
346.45001220703125 340.95001220703125 332.774993896484375 325.25 318.537506103515625 310.01873779296875 301.89373779296875 297.08123779296875 291.40625 290.42498779296875 293.631256103515625 297.78125 300.8125 302.618743896484375 301.15625 296.33123779296875 293.274993896484375 294.70001220703125 295.818756103515625 296.149993896484375 291.693756103515625 284.681243896484375 276.65625 266.17498779296875 256.84375 248.8000030517578125 239.6374969482421875 231.28125 224.0749969482421875 224.90625 227.806243896484375 231.006256103515625 236.6750030517578125 244.4375 251.8625030517578125 259.056243896484375 266.399993896484375 277.337493896484375 285.618743896484375 295.993743896484375 308.76873779296875 320.01873779296875 335.5 352.59375 369.03125
328.20623779296875 323.67498779296875 316.84375 309.756256103515625 303.475006103515625 295.399993896484375 287.306243896484375 279.41876220703125 271.76873779296875 268.61248779296875 273.57501220703125 280.506256103515625 288.175018310546875 293.78125 292 289.493743896484375 285.193756103515625 287.71875 290.61248779296875 292.899993896484375 288.131256103515625 279.225006103515625 270.45001220703125 260.51873779296875 251.3937530517578125 243.125 234.4499969482421875 226.537506103515625 219.712493896484375 219.056243896484375 221.9250030517578125 224.1062469482421875 229.0124969482421875 234.96875 239.5749969482421875 245.443756103515625 256.756256103515625 266.818756103515625 273.83123779296875 284.368743896484375 296.850006103515625 305.743743896484375 317.0625 330.65625 339.67498779296875
309.912506103515625 306.881256103515625 301.600006103515625 295.850006103515625 289.743743896484375 282.162506103515625 273.33123779296875 264.36248779296875 254.2312469482421875 245.850006103515625 253.462493896484375 269.51251220703125 279 283.375 282.38751220703125 279.712493896484375 275.881256103515625 278.40625 281.899993896484375 283.881256103515625 278.75 270.118743896484375 261.818756103515625 252.46875 243.9375 237.0625 228.0187530517578125 221.2687530517578125 214.25 213.7937469482421875 215.21875 217.9250030517578125 220.868743896484375 225.225006103515625 228.287506103515625 234.875 244.962493896484375 254.84375 262.125 269.131256103515625 278.412506103515625 284.8125 293.29376220703125 304.17498779296875 309.443756103515625
296.274993896484375 293.38751220703125 288.40625 283.71875 278.04998779296875 271.068756103515625 263.38751220703125 254.90625 244.9187469482421875 234.600006103515625 250.0124969482421875 267.76873779296875 273.04376220703125 275.381256103515625 273.5 270.162506103515625 266.26251220703125 268.037506103515625 270.337493896484375 269.83123779296875 265.875 259.125 252.1125030517578125 243.0187530517578125 235.881256103515625 229.8874969482421875 221.6750030517578125 215.506256103515625 209.537506103515625 209.318756103515625 207.9250030517578125 209.287506103515625 211.6999969482421875 214.6437530517578125 217.056243896484375 224.068756103515625 233.462493896484375 241.71875 249.6999969482421875 256.493743896484375 260.899993896484375 266.306243896484375 270.399993896484375 276.42498779296875 279.306243896484375
290.23748779296875 287.056243896484375 282.63751220703125 277.54998779296875 271.399993896484375 264.587493896484375 258.04376220703125 251.475006103515625 247.1875 250.962493896484375 267.63751220703125 269.162506103515625 268.274993896484375 268.61248779296875 265.95001220703125 262.33123779296875 258.943756103515625 259.806243896484375 259.95001220703125 259.23126220703125 254.78125 248.556243896484375 243.1875 236.0500030517578125 228.8625030517578125 223.931243896484375 217.506256103515625 212.462493896484375 208.1437530517578125 207.587493896484375 207.125 207.818756103515625 209.743743896484375 212.1437530517578125 217.2375030517578125 224.1125030517578125 230.6687469482421875 239.087493896484375 245.056243896484375 247.0500030517578125 249.59375 254.1125030517578125 255.0437469482421875 259.53125 261.70623779296875
285.368743896484375 282.20001220703125 277.287506103515625 271.587493896484375 266.61248779296875 260.98126220703125 254.7624969482421875 250.9812469482421875 249.693756103515625 252.693756103515625 259.11248779296875 261.637481689453125 260.868743896484375 260.45001220703125 258.25 254.9499969482421875 252.75 252.212493896484375 251.118743896484375 249.65625 244.524993896484375 238.90625 233.3125 226.96875 222.15625 217.6687469482421875 212.90625 209.8000030517578125 206.8000030517578125 206.0187530517578125 205.368743896484375 208.774993896484375 212.7375030517578125 215.475006103515625 220.65625 225.5500030517578125 229.931243896484375 235.1999969482421875 240.03125 239.1687469482421875 239.8249969482421875 242.4499969482421875 242.524993896484375 243.412506103515625 244.3249969482421875
