data/historical-monthly-weather-data/wc2.1_cruts4.09_10m_prec_1965-01.asc
ncols        45
nrows        45
xllcorner    -63.500000000000
yllcorner    -7.500000000000
cellsize     0.166666666667
NODATA_value -9999
[rows 0 to 19 of 45, columns 0 to 44 of 45]
309.53125 315.79998779296875 307.07501220703125 301.42498779296875 292.39373779296875 286.57501220703125 276.725006103515625 262.556243896484375 247.7062530517578125 236.2937469482421875 227.131256103515625 216.71875 204.4375 187.443756103515625 173.443756103515625 162.0437469482421875 151.3874969482421875 140.34375 135.993743896484375 131.78125 131.3625030517578125 132.618743896484375 133.8562469482421875 135.868743896484375 139.5812530517578125 142.693756103515625 148.3125 155.493743896484375 163.7624969482421875 172.2624969482421875 181.774993896484375 191.712493896484375 200.4375 211.274993896484375 220.53125 229.0187530517578125 234.3125 237.881256103515625 240.125 241.431243896484375 241.71875 242.118743896484375 241.256256103515625 240.8625030517578125 241.0500030517578125
325.568756103515625 330.95623779296875 325.6875 319.91876220703125 315.149993896484375 310.17498779296875 300.568756103515625 290.73126220703125 278.66876220703125 266.67498779296875 253.0812530517578125 237.4375 220.3625030517578125 204.1374969482421875 188.0500030517578125 173.318756103515625 159.5500030517578125 148.7937469482421875 141.6750030517578125 136.837493896484375 137.2312469482421875 138.2312469482421875 139.975006103515625 143.725006103515625 146.8000030517578125 150.0812530517578125 156.943756103515625 164.5500030517578125 172.53125 181.931243896484375 191.024993896484375 199.96875 209.056243896484375 221.756256103515625 231.0749969482421875 236.568756103515625 243.9250030517578125 247.100006103515625 247.3562469482421875 247.1750030517578125 247.2624969482421875 246.9562530517578125 244.3000030517578125 243.068756103515625 242.243743896484375
332.34375 338.225006103515625 333.1875 328.58123779296875 325.375 321.4375 315.75 310.193756103515625 299.82501220703125 288.100006103515625 273.61248779296875 255.5 237.40625 218.59375 200.681243896484375 183.037506103515625 168.15625 157.524993896484375 149.618743896484375 145.806243896484375 146.931243896484375 149.306243896484375 151.037506103515625 153.7624969482421875 156.3000030517578125 159.0749969482421875 166.5749969482421875 174.8000030517578125 182.243743896484375 191.4187469482421875 202.5749969482421875 213.350006103515625 224.8625030517578125 234.40625 246.2062530517578125 251.9312591552734375 258.600006103515625 263.46875 263.32501220703125 261.725006103515625 261.899993896484375 259.693756103515625 256.306243896484375 253.25 249.712493896484375
333.931243896484375 340.056243896484375 339.743743896484375 335.993743896484375 335.625 327.76873779296875 326.13751220703125 325.92498779296875 319.993743896484375 310.98748779296875 294.024993896484375 273.04376220703125 252.65625 232.5124969482421875 213.4375 194.225006103515625 176.875 164.6687469482421875 158.024993896484375 156.7624969482421875 160.1062469482421875 162.681243896484375 162.3000030517578125 165.0187530517578125 167.3562469482421875 169.818756103515625 178.0437469482421875 184.9875030517578125 192.837493896484375 203.5 215.350006103515625 228.9499969482421875 240.431243896484375 250.881256103515625 261.225006103515625 269.443756103515625 275.17498779296875 280.743743896484375 281.14373779296875 280.625 277.993743896484375 275.48748779296875 270.681243896484375 264.8125 260.11248779296875
345.537506103515625 346.506256103515625 342.29376220703125 340.67498779296875 339.90625 336.193756103515625 333.625 336.587493896484375 336.23126220703125 330.787506103515625 311.1875 288.45623779296875 268.306243896484375 248.556243896484375 228.0749969482421875 207.25 187.75 172.625 168.631256103515625 170.6437530517578125 175.46875 176.9499969482421875 176.100006103515625 177.46875 178.7062530517578125 181.8249969482421875 187.8625030517578125 195.181243896484375 205.818756103515625 217.149993896484375 230.1374969482421875 241.46875 255.0749969482421875 267.98126220703125 279.212493896484375 287.3125 295.04998779296875 298.51251220703125 299.056243896484375 297.787506103515625 297.23126220703125 291.85626220703125 286.0625 277.91876220703125 271.475006103515625
349.693756103515625 351.95623779296875 347.618743896484375 343.20001220703125 341.618743896484375 338.60626220703125 337.10626220703125 337.70623779296875 337.76873779296875 334.92498779296875 316.068756103515625 296.875 278.40625 260.975006103515625 241.0749969482421875 224.0124969482421875 204.8625030517578125 189.59375 188.056243896484375 190.443756103515625 192.818756103515625 192.0812530517578125 190.9875030517578125 190.41876220703125 191.34375 193.5500030517578125 200.381256103515625 207.8125 218.0187530517578125 231 243.4250030517578125 255.65625 266.662506103515625 279.899993896484375 294.35626220703125 302.431243896484375 310.131256103515625 315.66876220703125 317.274993896484375 318.243743896484375 315.412506103515625 310.537506103515625 303.25 294.85626220703125 287.38751220703125
352.08123779296875 354.20001220703125 350.67498779296875 343.5625 338.38751220703125 331.712493896484375 328.73748779296875 326.76251220703125 323.024993896484375 316.274993896484375 308.70001220703125 297.287506103515625 286.068756103515625 272.868743896484375 257.51873779296875 243.9812469482421875 231.3312530517578125 224.056243896484375 221.743743896484375 218.0187530517578125 212.350006103515625 208.8125 203.6750030517578125 202.6687469482421875 203.7624969482421875 204.78125 211.943756103515625 220.443756103515625 229.6750030517578125 242.493743896484375 257.15625 269.925018310546875 280.149993896484375 291.618743896484375 304.42498779296875 315.524993896484375 324.1875 332.068756103515625 337.5625 337.13751220703125 333.71875 328.21875 320.8125 312.40625 303.67498779296875
355.51873779296875 352.45001220703125 347.73126220703125 342.04376220703125 335.631256103515625 328.743743896484375 320.6875 309.462493896484375 299.25 297.787506103515625 300.118743896484375 297.431243896484375 292.76873779296875 283.04376220703125 273.35626220703125 264.337493896484375 257.83123779296875 256.225006103515625 257.26873779296875 246.068756103515625 232.274993896484375 223.7687530517578125 216.5 215.2375030517578125 216.337493896484375 216.5437469482421875 223.243743896484375 231.75 242.8874969482421875 256.51251220703125 269.712493896484375 283.0625 292.837493896484375 303.5625 315.35626220703125 326.9375 337.38751220703125 346.75 352.10626220703125 354.818756103515625 353.95623779296875 348.73126220703125 341.48126220703125 332.131256103515625 324.4375
357.51251220703125 353.568756103515625 348.912506103515625 341.412506103515625 335.79376220703125 326.82501220703125 317.5 306.131256103515625 292.493743896484375 288.11248779296875 298.350006103515625 301.131256103515625 301.1875 294.70623779296875 287.79376220703125 280.943756103515625 275.83123779296875 274.212493896484375 273.100006103515625 259.4375 242.537506103515625 233.318756103515625 225.0749969482421875 226.375 227.0812530517578125 226.943756103515625 234.131256103515625 242.056243896484375 253.743743896484375 268.118743896484375 282.35626220703125 293.756256103515625 303.625 313.09375 324.0625 334.993743896484375 347.212493896484375 357.431243896484375 364.006256103515625 368.75 369.056243896484375 364.54998779296875 361.20623779296875 355.225006103515625 346.756256103515625
358.149993896484375 353.45001220703125 346.475006103515625 339.818756103515625 334.693756103515625 327.23126220703125 318.76251220703125 310.743743896484375 303.11248779296875 303 308.61248779296875 311.243743896484375 311.10626220703125 306.23748779296875 300.712493896484375 295.23748779296875 288.90625 282.35626220703125 274.024993896484375 261.693756103515625 246.7937469482421875 238.1437530517578125 231.8000030517578125 235.53125 235.28125 234.4812469482421875 242.1875 251.40625 262.39373779296875 276.537506103515625 289.993743896484375 302.01251220703125 312.53125 322.76873779296875 333.85626220703125 344.087493896484375 355.53125 366.82501220703125 374.600006103515625 381.006256103515625 385.693756103515625 383.26251220703125 380.70623779296875 374.3125 367.618743896484375
359.568756103515625 354.306243896484375 345.51873779296875 338.100006103515625 331.76873779296875 326.32501220703125 320.54376220703125 317.67498779296875 314.875 316.57501220703125 323.149993896484375 325.5 322.10626220703125 316.1875 310.41876220703125 304.318756103515625 296.125 284.96875 272.04998779296875 258.306243896484375 247.412506103515625 239.5562591552734375 237 239.681243896484375 243.03125 241.2375030517578125 248.712493896484375 258.649993896484375 269.8125 281.75 294.962493896484375 308.01873779296875 319.5 330.475006103515625 341.287506103515625 353.006256103515625 364.26873779296875 374.318756103515625 384.66876220703125 393.90625 400.287506103515625 397.681243896484375 396.537506103515625 392.14373779296875 385.95001220703125
358.60626220703125 352.98126220703125 345.15625 339.78125 334.443756103515625 328.73748779296875 325.14373779296875 326.57501220703125 326.78125 328.96875 336.10626220703125 341.8125 335.92498779296875 327.41876220703125 319.73126220703125 310.006256103515625 300.01873779296875 284.181243896484375 269.443756103515625 253.6374969482421875 242.0437469482421875 235.9499969482421875 236.9875030517578125 245.0749969482421875 247.8625030517578125 243.9187469482421875 251.943756103515625 262.53125 275.212493896484375 288.943756103515625 302.212493896484375 314.51873779296875 326.29376220703125 337.350006103515625 348.51873779296875 360.431243896484375 371.975006103515625 381.756256103515625 392.42498779296875 403.125 410.36248779296875 408.21875 403.125 396.712493896484375 387.600006103515625
358.65625 353.918731689453125 347.10626220703125 341.3125 336.21875 333.54998779296875 331.100006103515625 331.39373779296875 333.087493896484375 336.837493896484375 343.587493896484375 350.34375 346.149993896484375 334.037506103515625 324.587493896484375 313.456268310546875 300.712493896484375 285.368743896484375 269.01873779296875 251.75 234.8874969482421875 230.975006103515625 234.9499969482421875 241.53125 240.34375 238.96875 252.100006103515625 266.98126220703125 281.087493896484375 295.693756103515625 309.21875 321.09375 331.8125 342.59375 353.600006103515625 365.38751220703125 376.11248779296875 385.743743896484375 395.86248779296875 406.67498779296875 416.306243896484375 413.287506103515625 400.806243896484375 387.98748779296875 376.67498779296875
355.58123779296875 352.350006103515625 346.07501220703125 340.90625 336.962493896484375 332.8125 331.33123779296875 334.17498779296875 336.399993896484375 340.23748779296875 343.64373779296875 348.056243896484375 343.98748779296875 336.15625 324.07501220703125 313.48126220703125 299.4375 284.962493896484375 268.287506103515625 252.337493896484375 238.943756103515625 233.8000030517578125 232.806243896484375 237.662506103515625 237.4499969482421875 239.868743896484375 254.287506103515625 270.412506103515625 287.59375 302.0625 315.649993896484375 327.53125 337.23748779296875 346.462493896484375 357.787506103515625 368.756256103515625 379.818756103515625 390.66876220703125 399.399993896484375 407.70001220703125 412.95001220703125 399.431243896484375 389.01251220703125 382.850006103515625 376.1875
353.3125 350.70001220703125 345.70001220703125 340.962493896484375 338.6875 335.41876220703125 335.0625 336.14373779296875 337.256256103515625 338.63751220703125 341.212493896484375 342.837493896484375 339.600006103515625 332.787506103515625 320.087493896484375 307.96875 293.66876220703125 278.40625 263.76251220703125 251.212493896484375 241.399993896484375 234.78125 233.1437530517578125 237.375 242.024993896484375 247.600006103515625 261.84375 279.006256103515625 296.056243896484375 311.51873779296875 324.20001220703125 333.95623779296875 344.76873779296875 352.65625 362.368743896484375 371.95623779296875 384.037506103515625 396.899993896484375 406.212493896484375 405.243743896484375 397.462493896484375 388.59375 386.29998779296875 383.39373779296875 373.568756103515625
349.274993896484375 346.78125 342.681243896484375 338.5625 337.024993896484375 334.20001220703125 333.90625 333.993743896484375 333.40625 334.73126220703125 336.33123779296875 336.956268310546875 333.78125 326.931243896484375 314.806243896484375 298.73126220703125 285.118743896484375 271.26251220703125 257.38751220703125 246.725006103515625 241.5124969482421875 237.1062469482421875 235.5500030517578125 240.881256103515625 247.350006103515625 255.1125030517578125 269.09375 287.84375 306.65625 323.100006103515625 335.662506103515625 343.837493896484375 349.46875 355.95001220703125 363.40625 376.14373779296875 389.056243896484375 400.58123779296875 409.26873779296875 405.39373779296875 391.806243896484375 384.037506103515625 384.04376220703125 379.162506103515625 370.6875
341.962493896484375 340.60626220703125 336.03125 333.09375 332.73126220703125 330.01251220703125 329.64373779296875 328.96875 328.09375 327.86248779296875 329.375 330.20623779296875 326.70623779296875 319.600006103515625 307.39373779296875 291.725006103515625 272.125 258.96875 248.431243896484375 241.5625 238.875 237.7624969482421875 237.7937469482421875 244.100006103515625 253.443756103515625 262.087493896484375 275.8125 295.149993896484375 316.8125 335.07501220703125 349.04376220703125 356.181243896484375 358.056243896484375 359.92498779296875 369.48126220703125 382.67498779296875 394.118743896484375 408.3125 424.212493896484375 416.431243896484375 403.54998779296875 391.787506103515625 383.725006103515625 377.087493896484375 368.91876220703125
334.23748779296875 333.70623779296875 329.20001220703125 327.10626220703125 325.8125 323.67498779296875 322.756256103515625 321.28125 319.51251220703125 318.931243896484375 317.82501220703125 319.943756103515625 316.962493896484375 309.60626220703125 296.524993896484375 279.08123779296875 259.23748779296875 242.9187469482421875 236.162506103515625 230.8125 233.6374969482421875 236.600006103515625 239.9250030517578125 248.056243896484375 258.11248779296875 268.95623779296875 281.443756103515625 303.26873779296875 328.51251220703125 349.149993896484375 361.350006103515625 359.34375 359.76251220703125 363.631256103515625 370.6875 383.506256103515625 400.04998779296875 414.86248779296875 424.41876220703125 423.58123779296875 410.475006103515625 394.962493896484375 384.600006103515625 377.60626220703125 369.287506103515625
322.431243896484375 323.181243896484375 319.57501220703125 318.51873779296875 317.975006103515625 315.681243896484375 312.350006103515625 311.08123779296875 309.293731689453125 307.912506103515625 305.693756103515625 304.443756103515625 302.57501220703125 298.625 283.60626220703125 263.14373779296875 242.056243896484375 225.962493896484375 216.412506103515625 214.1750030517578125 224.1437530517578125 233.8312530517578125 237.431243896484375 249.568756103515625 261.89373779296875 275.743743896484375 292.17498779296875 312.618743896484375 338.899993896484375 360.875 374.4375 367.36248779296875 362.6875 358.118743896484375 361.61248779296875 379.162506103515625 399.32501220703125 414.13751220703125 425.868743896484375 425.04376220703125 414.318756103515625 397.20001220703125 385.61248779296875 379.33123779296875 370.48748779296875
309.056243896484375 310.462493896484375 307.368743896484375 304.86248779296875 304.931243896484375 304.20001220703125 301.181243896484375 297.893768310546875 295.39373779296875 293.21875 289.618743896484375 287.787506103515625 288.149993896484375 287.462493896484375 268.375 242.90625 220.5812530517578125 208.6875 200.4812469482421875 198.0437469482421875 209.587493896484375 221.0124969482421875 233.2312469482421875 247.774993896484375 263.26873779296875 281.08123779296875 298.743743896484375 320.431243896484375 342.181243896484375 358.58123779296875 368.16876220703125 364.100006103515625 356.23748779296875 346.368743896484375 345.95623779296875 366.73126220703125 396.662506103515625 421.225006103515625 432.95001220703125 432.5625 420.83123779296875 400.33123779296875 390.793731689453125 384.1875 374.23748779296875
