data/historical-monthly-weather-data/wc2.1_cruts4.09_10m_prec_2022-04.asc
ncols        45
nrows        45
xllcorner    -63.500000000000
yllcorner    -7.500000000000
cellsize     0.166666666667
NODATA_value -9999
[rows 0 to 19 of 45, columns 0 to 44 of 45]
298.51873779296875 307.649993896484375 310.756256103515625 319.32501220703125 322.243743896484375 318.787506103515625 313.625 303.375 296.493743896484375 294.318756103515625 295.98126220703125 297.024993896484375 296.537506103515625 293.806243896484375 290.818756103515625 288.54376220703125 287.64373779296875 283.04376220703125 281.48748779296875 280.41876220703125 281.53125 284.381256103515625 286.48748779296875 291.14373779296875 293.64373779296875 299.15625 303.600006103515625 310.100006103515625 314.98748779296875 318.35626220703125 322.0625 325.774993896484375 326.306243896484375 328.45001220703125 329.837493896484375 329.837493896484375 327.14373779296875 324.181243896484375 321.837493896484375 317.14373779296875 312.16876220703125 306.15625 297.149993896484375 290.17498779296875 283.162506103515625
303.65625 313.60626220703125 325.681243896484375 336.975006103515625 346.787506103515625 342.16876220703125 334.993743896484375 329.881256103515625 325.07501220703125 322.25 322.756256103515625 321.23126220703125 319.58123779296875 316.35626220703125 310.625 308.13751220703125 304.10626220703125 300.28125 297.40625 294.375 295.13751220703125 296.993743896484375 300.88751220703125 304.693756103515625 309.837493896484375 315.300018310546875 319.818756103515625 326.931243896484375 330.462493896484375 332.73748779296875 336.92498779296875 341.76873779296875 341.51251220703125 343.26251220703125 342.125 339.75 337.306243896484375 332.67498779296875 327.89373779296875 320.5 312.90625 306.13751220703125 296.399993896484375 286.54376220703125 277.85626220703125
300.11248779296875 313.725006103515625 326.76873779296875 342.98748779296875 357.01873779296875 356.83123779296875 354.61248779296875 353.756256103515625 354.66876220703125 352.57501220703125 350.09375 345.76873779296875 343.13751220703125 336.625 330.0625 325.681243896484375 320.6875 317.381256103515625 313.962493896484375 312.443756103515625 315.100006103515625 318.975006103515625 322.287506103515625 326.806243896484375 333.58123779296875 339.75 345.83123779296875 349.100006103515625 350.40625 352.84375 355.33123779296875 357.54998779296875 358.34375 357.368743896484375 352.98126220703125 348.48748779296875 346.743743896484375 342.943756103515625 335.875 327.5625 318.82501220703125 309.75 299.75 290.149993896484375 280.96875
290.29376220703125 305.65625 325.29376220703125 342.162506103515625 358.76251220703125 365.58123779296875 369.66876220703125 374.40625 380.82501220703125 383.368743896484375 379.587493896484375 371.33123779296875 363.493743896484375 356.818756103515625 348.57501220703125 343.09375 338.26251220703125 335.100006103515625 332.35626220703125 332.068756103515625 337.38751220703125 342.46875 345.45623779296875 352.006256103515625 359.26251220703125 364.33123779296875 371.15625 372.287506103515625 372.818756103515625 375.89373779296875 376.899993896484375 377.381256103515625 372.82501220703125 368.76251220703125 362.26873779296875 359.274993896484375 355.9375 351.274993896484375 345.149993896484375 334.21875 324.287506103515625 315.98748779296875 303.83123779296875 292.60626220703125 284.26251220703125
294.037506103515625 305.681243896484375 319.100006103515625 338.64373779296875 361.118743896484375 371.66876220703125 378.51873779296875 389.381256103515625 402.38751220703125 411.71875 405.087493896484375 389.92498779296875 381.074981689453125 374.368743896484375 365.25 358.600006103515625 352.412506103515625 350.51873779296875 348.75 349.14373779296875 356.9375 362.54376220703125 367.36248779296875 376.76873779296875 381.875 387.54376220703125 391.59375 396.524993896484375 399.10626220703125 398.306243896484375 397.868743896484375 392.943756103515625 385.61248779296875 379.806243896484375 372.399993896484375 368.399993896484375 363.39373779296875 358.6875 352.29998779296875 340.975006103515625 331.45623779296875 319.337493896484375 307.837493896484375 297.98748779296875 287.95001220703125
289.01251220703125 303.09375 319.41876220703125 334.350006103515625 357.84375 371.962493896484375 381.01873779296875 393.881256103515625 407.899993896484375 421.25 411.48126220703125 397.54376220703125 390.087493896484375 384.274993896484375 375.09375 369.537506103515625 361.875 361.118743896484375 363.51251220703125 366.54998779296875 373.17498779296875 379.243743896484375 387.92498779296875 395.66876220703125 402.600006103515625 409.8125 412.89373779296875 416.51251220703125 418.0625 415.162506103515625 412.38751220703125 408.76873779296875 396.89373779296875 388.95001220703125 382.45623779296875 377.818756103515625 375.73126220703125 371.79376220703125 365.04376220703125 355.899993896484375 342.73748779296875 330.412506103515625 319.774993896484375 310.51873779296875 301.73126220703125
284.850006103515625 299.5625 318.41876220703125 335.006256103515625 351.556243896484375 362.006256103515625 372.26251220703125 384.58123779296875 393.149993896484375 399.131256103515625 400.85626220703125 397.024993896484375 396.04376220703125 391.068756103515625 384.14373779296875 380.600006103515625 374.41876220703125 371.681243896484375 373.64373779296875 380.07501220703125 389.256256103515625 397.993743896484375 407.10626220703125 412.57501220703125 420.95001220703125 429.506256103515625 433.587493896484375 434.23748779296875 434.46875 430.6875 427.318756103515625 420.91876220703125 409.493743896484375 397.20001220703125 388.91876220703125 385.23748779296875 382.256256103515625 380.34375 376.84375 367.375 351.006256103515625 339.6875 330.04376220703125 321.0625 314.21875
281.625 294.993743896484375 313.931243896484375 334.899993896484375 354.04998779296875 362.60626220703125 365.33123779296875 366.88751220703125 366.337493896484375 371.88751220703125 385.350006103515625 393.42498779296875 397.58123779296875 397.443756103515625 394.13751220703125 390.225006103515625 384.86248779296875 383.29998779296875 383.625 392.056243896484375 404.57501220703125 415.787506103515625 424.45001220703125 430.774993896484375 441.53125 447.20623779296875 450.131256103515625 450.850006103515625 451.14373779296875 446.931243896484375 438.693756103515625 430.64373779296875 417.975006103515625 404.850006103515625 394.08123779296875 387.4375 385.506256103515625 383.037506103515625 377.631256103515625 367.26251220703125 354.131256103515625 345.181243896484375 335.67498779296875 325.95623779296875 317.8125
279.774993896484375 294.48126220703125 314.01251220703125 334.10626220703125 353.6875 360.875 365.212493896484375 365.25 357.056243896484375 356.274993896484375 374.3125 387.35626220703125 400.25 402.681243896484375 400.42498779296875 399.387481689453125 397.587493896484375 398.3125 401.67498779296875 407.818756103515625 413.6875 428.087493896484375 436.975006103515625 447.10626220703125 456.95623779296875 460.04998779296875 461.125 462.524993896484375 462.42498779296875 456.76251220703125 449.681243896484375 437.318756103515625 421.868743896484375 405.04376220703125 393.73748779296875 388.024993896484375 386.39373779296875 381.6875 376.787506103515625 367.131256103515625 355.875 346.087493896484375 338.506256103515625 330.79376220703125 319.60626220703125
277.868743896484375 291.90625 312.84375 334.04998779296875 353.01251220703125 361.89373779296875 368.60626220703125 370.51251220703125 369.41876220703125 373.899993896484375 386.649993896484375 394.743743896484375 404.42498779296875 407.6875 409.59375 409.34375 409.90625 413.14373779296875 417.181243896484375 426.975006103515625 432.85626220703125 442.024993896484375 450.01873779296875 462.493743896484375 467.58123779296875 467.91876220703125 468.09375 468.837493896484375 470.256256103515625 466.975006103515625 454.774993896484375 439.17498779296875 421.92498779296875 404.8125 391.76251220703125 387.29998779296875 382.61248779296875 378.01873779296875 373.20001220703125 367.0625 359.28125 350.368743896484375 341.70623779296875 330.100006103515625 321.71875
276.287506103515625 292.08123779296875 313.09375 334.41876220703125 352.225006103515625 363.03125 372.1875 377.54998779296875 381.88751220703125 389.14373779296875 401.3125 411.07501220703125 413.125 415.58123779296875 416.40625 417.03125 420.0625 425.5625 432.587493896484375 441.912506103515625 453.975006103515625 461.493743896484375 465.056243896484375 463.76251220703125 473.9375 474.9375 471.51251220703125 470.84375 469.84375 465.48748779296875 452.59375 436.100006103515625 419.087493896484375 401.57501220703125 387.83123779296875 379.86248779296875 374.693756103515625 370.71875 367.850006103515625 363.54376220703125 356.70001220703125 348.21875 342.32501220703125 333.587493896484375 324.53125
275.006256103515625 290.60626220703125 311.462493896484375 336.287506103515625 356.26873779296875 365.943756103515625 378.08123779296875 388.243743896484375 395.64373779296875 404.13751220703125 416.193756103515625 427.04376220703125 424.274993896484375 423.10626220703125 423.29376220703125 424.64373779296875 426.875 432.5625 440.743743896484375 451.39373779296875 462.67498779296875 470.32501220703125 474.868743896484375 477.79998779296875 476.36248779296875 469.693756103515625 465.293731689453125 462.368743896484375 461.48748779296875 453.71875 441.756256103515625 427.25 409.26873779296875 392.76873779296875 379.162506103515625 372.725006103515625 369.375 366.51251220703125 361.42498779296875 355.36248779296875 350.506256103515625 343.962493896484375 337.412506103515625 325.76873779296875 316.993743896484375
274.73126220703125 290.54376220703125 312 335.787506103515625 357.86248779296875 372.524993896484375 383.806243896484375 394.181243896484375 401.493743896484375 413.024993896484375 424.76873779296875 435.84375 435.068756103515625 424.975006103515625 424.5 428.462493896484375 429.225006103515625 434.76251220703125 444.66876220703125 453.23126220703125 464.58123779296875 469.95001220703125 470.193756103515625 471.625 459.65625 450.28125 450.881256103515625 448.274993896484375 449.4375 440.6875 429.149993896484375 414.949981689453125 397.3125 381.54376220703125 367.35626220703125 363.868743896484375 361.75 359.568756103515625 356.60626220703125 351.48748779296875 341.89373779296875 337.9375 329.212493896484375 318.82501220703125 314.16876220703125
273.556243896484375 289.63751220703125 310.1875 333.431243896484375 357.806243896484375 372.756256103515625 384.443756103515625 396.41876220703125 405.787506103515625 415.51873779296875 423.3125 429.07501220703125 430.86248779296875 426.4375 421.85626220703125 426.98126220703125 427.649993896484375 430.40625 440.5625 446.71875 455.868743896484375 458.350006103515625 459.806243896484375 453.86248779296875 445.225006103515625 438.08123779296875 436.61248779296875 435.412506103515625 434.8125 427.26873779296875 416.024993896484375 403.65625 383.98748779296875 368.712493896484375 356.73748779296875 355.274993896484375 354.193756103515625 354.71875 354.39373779296875 348.03125 334.98748779296875 325.087493896484375 322.5625 321.412506103515625 320.40625
271.756256103515625 288.15625 309.07501220703125 332.51251220703125 357.274993896484375 372.006256103515625 385.32501220703125 397.45623779296875 405.01873779296875 412.493743896484375 419.45623779296875 424.71875 425.243743896484375 422.118743896484375 416.024993896484375 415.98748779296875 418.4375 426.03125 434.70001220703125 440.962493896484375 446.4375 450.962493896484375 449.20623779296875 442.70623779296875 434.73126220703125 429.92498779296875 427.33123779296875 427.03125 426.868743896484375 417.931243896484375 404.287506103515625 388.287506103515625 373.274993896484375 356.73126220703125 343.89373779296875 342.70623779296875 349.04376220703125 355.399993896484375 354.618743896484375 345.04998779296875 332.46875 326.8125 328.574981689453125 323.79998779296875 319.82501220703125
268.46875 284.58123779296875 307.01251220703125 331.475006103515625 355.225006103515625 369.993743896484375 383.04998779296875 395.681243896484375 405.82501220703125 412.23126220703125 418.03125 422.08123779296875 422.931243896484375 418.29376220703125 409.537506103515625 400.649993896484375 408.1875 421.162506103515625 427.95001220703125 434.850006103515625 439.89373779296875 441.29376220703125 438.28125 432.42498779296875 424.475006103515625 421.493743896484375 417.54998779296875 418.5 418.412506103515625 410.95623779296875 400.91876220703125 384.76873779296875 361.92498779296875 343.53125 328.35626220703125 336.056243896484375 344.16876220703125 352.88751220703125 353.462493896484375 349.04998779296875 339.131256103515625 335.318756103515625 331.837493896484375 324.32501220703125 318.381256103515625
263.98748779296875 281.212493896484375 304.4375 329.26251220703125 352.35626220703125 367.04998779296875 382.337493896484375 395.20001220703125 403.58123779296875 411.149993896484375 416.34375 420.29376220703125 419.881256103515625 415.85626220703125 409.943756103515625 405.087493896484375 402.54998779296875 411.86248779296875 422.287506103515625 430.837493896484375 435.0625 437.3125 433.79998779296875 423.03125 415.45001220703125 411 408.95001220703125 409.76873779296875 411.78125 406.82501220703125 396.73126220703125 381.75 360.375 341.34375 333.274993896484375 337.149993896484375 347.40625 358.693756103515625 364.931243896484375 358.26251220703125 349.306243896484375 342.95001220703125 333.20001220703125 324.29998779296875 316.73126220703125
258.631256103515625 277.375 299.787506103515625 326.087493896484375 348.975006103515625 364.92498779296875 381.15625 392.76251220703125 401.86248779296875 408.875 413.51251220703125 416.79998779296875 416.274993896484375 414.79998779296875 410.475006103515625 407.9375 404.79998779296875 401.162506103515625 415.98126220703125 425.631256103515625 432.64373779296875 433.306243896484375 429.662506103515625 419.056243896484375 412.63751220703125 408.475006103515625 402.53125 406.993743896484375 410.712493896484375 404.6875 389.54998779296875 365.82501220703125 354.35626220703125 342.83123779296875 333.774993896484375 342.39373779296875 352.83123779296875 362.98126220703125 366.431243896484375 365.67498779296875 353.6875 344.899993896484375 334.462493896484375 323.90625 316.8125
252.2937469482421875 271.912506103515625 295.54998779296875 320.09375 343.36248779296875 360.83123779296875 376.23126220703125 391.131256103515625 402.0625 409.78125 413.256256103515625 411.76251220703125 412.01251220703125 413.75 406.506256103515625 404.193756103515625 402.8125 401.162506103515625 405.256256103515625 414.993743896484375 429.5 434.13751220703125 418.274993896484375 414.23126220703125 412.04376220703125 412.1875 410.95623779296875 412.20001220703125 416.38751220703125 408.26873779296875 393.13751220703125 371.54998779296875 354.78125 334.82501220703125 325.86248779296875 335.618743896484375 348.050018310546875 357.92498779296875 364.8125 362.20623779296875 356.23126220703125 347.1875 334.943756103515625 323.649993896484375 316.818756103515625
245.600006103515625 266.26251220703125 288.78125 311.13751220703125 336.193756103515625 357.118743896484375 375.393768310546875 388.78125 400.850006103515625 409.850006103515625 412.78125 413.48748779296875 413.243743896484375 412.82501220703125 403.86248779296875 393.962493896484375 388.91876220703125 396.568756103515625 399.881256103515625 408.368743896484375 415.64373779296875 416.693756103515625 416.962493896484375 414.318756103515625 412.956268310546875 412.712493896484375 414.225006103515625 419.82501220703125 419.95623779296875 407.568756103515625 388.631256103515625 375.85626220703125 354.256256103515625 328.756256103515625 313.193756103515625 323.20623779296875 342.92498779296875 359.15625 364.506256103515625 363.618743896484375 356.568756103515625 347.125 335.024993896484375 323.1875 313.712493896484375
