data/historical-monthly-weather-data/wc2.1_cruts4.09_10m_prec_2020-11.asc
ncols        51
nrows        45
xllcorner    -63.500000000000
yllcorner    -7.500000000000
cellsize     0.166666666667
NODATA_value -9999
[rows 20 to 39 of 45, columns 0 to 43 of 51]
207.9812469482421875 220.3562469482421875 234.375 248.6999969482421875 262.57501220703125 280.01873779296875 297.850006103515625 314.993743896484375 336.04998779296875 354.65625 369.78125 377.79998779296875 381.306243896484375 378.89373779296875 377.33123779296875 373.91876220703125 371.881256103515625 376.293731689453125 389.92498779296875 401.83123779296875 414.82501220703125 422.5625 422.625 410.243743896484375 395.743743896484375 375.95623779296875 344.475006103515625 306.54998779296875 268.71875 237.3312530517578125 210.7375030517578125 193.931243896484375 183 173.96875 164.7375030517578125 156.4250030517578125 146.0749969482421875 134.75 117.19374847412109375 98.74375152587890625 80.18125152587890625 64.8125 49.77500152587890625 37.143749237060546875
202.212493896484375 212.625 226.4499969482421875 240.53125 255.462493896484375 276.806243896484375 300.537506103515625 323.3125 349.774993896484375 373.037506103515625 392.17498779296875 405.63751220703125 413.193756103515625 412.29998779296875 408.04376220703125 402.26251220703125 400.212493896484375 399.556243896484375 404.54998779296875 412.193756103515625 414.41876220703125 416.78125 417.29376220703125 403.587493896484375 386.79376220703125 367.5 341.318756103515625 307.875 276.29998779296875 248.693756103515625 222.15625 203.868743896484375 192.412506103515625 184.850006103515625 177.1750030517578125 167.662506103515625 156.2937469482421875 143.274993896484375 123.1437530517578125 103.1687469482421875 83.2937469482421875 66.7687530517578125 50.987499237060546875 37.862499237060546875
196.6500091552734375 207.6437530517578125 220.537506103515625 234.15625 249.556243896484375 274 300.89373779296875 330.46875 361.92498779296875 388.850006103515625 414.024993896484375 432.5625 451.181243896484375 453.943756103515625 441.975006103515625 430.67498779296875 424.58123779296875 420.431243896484375 418.92498779296875 419.73126220703125 417.39373779296875 414.431243896484375 410.03125 394.98748779296875 380.1875 362.837493896484375 337.212493896484375 309.45623779296875 280.23126220703125 254.475006103515625 231.28125 212.8874969482421875 203.3249969482421875 196.4250030517578125 188.537506103515625 178.693756103515625 166.462493896484375 150.8249969482421875 128.7937469482421875 107.2312469482421875 86.63124847412109375 68.96250152587890625 52.28749847412109375 38.46875
190.5812530517578125 200.71875 214.6125030517578125 228.5187530517578125 245.524993896484375 272.51873779296875 301.693756103515625 333.61248779296875 365.20623779296875 394.98748779296875 423.48748779296875 452.0625 478.84375 481.131256103515625 464.462493896484375 450.556243896484375 441.587493896484375 434.21875 427.71875 422.0625 416.60626220703125 410.712493896484375 402.32501220703125 387.09375 372.412506103515625 355.20623779296875 335.95623779296875 307.6875 282.46875 258.912506103515625 238.8249969482421875 221.4375 211.743743896484375 204.1999969482421875 196.6937408447265625 187.3562469482421875 174.337493896484375 156.256256103515625 133.443756103515625 110.9187469482421875 89.55625152587890625 71.33750152587890625 54.168750762939453125 39.93125152587890625
187.2375030517578125 195.1999969482421875 209.8625030517578125 225.3625030517578125 244.5437469482421875 271.375 300.51873779296875 332.193756103515625 365.01873779296875 396.21875 427.40625 452.83123779296875 476.82501220703125 484.83123779296875 474.225006103515625 462.09375 452.70001220703125 441.45623779296875 432.350006103515625 423.54376220703125 414.36248779296875 403.6875 395.125 378.649993896484375 362.54376220703125 349.53125 330.41876220703125 307.125 282.95001220703125 263.33123779296875 243.7624969482421875 226.993743896484375 217.337493896484375 209.6062469482421875 201.037506103515625 189.6750030517578125 176.3249969482421875 158.4187469482421875 136.037506103515625 113.875 92.21875 73.6125030517578125 56.40625 42.03749847412109375
186.875 193.837493896484375 206.3937530517578125 223.4812469482421875 241.8937530517578125 268.162506103515625 296.45623779296875 327.26251220703125 359.35626220703125 391.01873779296875 421.53125 446.649993896484375 466.76251220703125 477.89373779296875 473.756256103515625 466.34375 459.412506103515625 447.25 436.16876220703125 425.79376220703125 413.46875 400.524993896484375 387.65625 368.10626220703125 354.15625 343.28125 327.07501220703125 306.681243896484375 284.993743896484375 266.70001220703125 247.587493896484375 230.7624969482421875 221.21875 211.868743896484375 202.6875 189.9499969482421875 175.5 158.818756103515625 137.8312530517578125 115.90000152587890625 94.59999847412109375 75.8874969482421875 57.981250762939453125 43.78125
188.0749969482421875 191.9375 204.40625 219.8125 236.40625 260.65625 289.100006103515625 317.399993896484375 345.42498779296875 375.625 406.65625 430.524993896484375 449.568756103515625 462.60626220703125 462.15625 456.4375 452.08123779296875 442.5625 433.006256103515625 421.850006103515625 408.79998779296875 395.10626220703125 380.537506103515625 361.5625 350.368743896484375 339.42498779296875 323.07501220703125 303.725006103515625 284.274993896484375 265.34375 247.8312530517578125 231.1999969482421875 221.6687469482421875 211.899993896484375 200.681243896484375 186.78125 171.5875091552734375 154.5437469482421875 134.90625 114.01874542236328125 93.5124969482421875 75.75 59.06874847412109375 45.487499237060546875
189.3125 190.2437591552734375 201.7687530517578125 215.3562469482421875 230.8000030517578125 252.8000030517578125 278.743743896484375 305.787506103515625 333.10626220703125 361.556243896484375 388.743743896484375 411.649993896484375 430.35626220703125 444.13751220703125 447.118743896484375 444.712493896484375 441.5 435.58123779296875 427.54998779296875 418.53125 407.14373779296875 393.4375 382.98748779296875 366.23126220703125 352.23126220703125 338.60626220703125 320.46875 301.487518310546875 281.54998779296875 263.08123779296875 244.8625030517578125 228.693756103515625 218.78125 207.899993896484375 197.2687530517578125 182.537506103515625 166.5812530517578125 150.25 130.5187530517578125 111.4875030517578125 92.4375 76.0749969482421875 59.66249847412109375 47
190.1062469482421875 188.2624969482421875 197.306243896484375 209.375 223.15625 243.256256103515625 266.79376220703125 291.83123779296875 319.181243896484375 345.6875 371.550018310546875 392.443756103515625 411.743743896484375 425.88751220703125 430.306243896484375 432.725006103515625 433.82501220703125 428.037506103515625 421.95001220703125 415.17498779296875 406.037506103515625 394.587493896484375 386.10626220703125 371.024993896484375 355.11248779296875 339.087493896484375 320.462493896484375 299.29998779296875 278.96875 259.462493896484375 241.5124969482421875 224.806243896484375 213.46875 202.649993896484375 192.3874969482421875 177.1062469482421875 160.9812469482421875 144.149993896484375 125.27500152587890625 106.53125 89.21875 74.3312530517578125 60.33750152587890625 50.08750152587890625
189.7687530517578125 185.568756103515625 191.3125 198.0437469482421875 208.90625 227.568756103515625 249.1125030517578125 272.287506103515625 297.462493896484375 321.16876220703125 345.475006103515625 366.78125 386.787506103515625 403.83123779296875 410.85626220703125 415.9375 417.07501220703125 415.712493896484375 410.89373779296875 406.11248779296875 399.04376220703125 393.131256103515625 386.712493896484375 369.993743896484375 353.399993896484375 337.40625 317.51251220703125 295.04998779296875 273.39373779296875 255.368743896484375 237.806243896484375 221.306243896484375 208.899993896484375 197.7062530517578125 186.118743896484375 169.3625030517578125 152.131256103515625 135.9187469482421875 117.16249847412109375 99.43125152587890625 83.6437530517578125 73.69374847412109375 63.487499237060546875 55.6875
187.943756103515625 182.037506103515625 184.5749969482421875 188.056243896484375 194.75 212.5437469482421875 232.3062591552734375 252.912506103515625 274.681243896484375 297.83123779296875 321.100006103515625 342.53125 364.17498779296875 380.54376220703125 390.40625 398.34375 404.368743896484375 403.40625 399.07501220703125 399.431243896484375 395.76251220703125 391.98126220703125 387.006256103515625 369.83123779296875 351.13751220703125 334.8125 312.875 290.09375 267.587493896484375 249.774993896484375 233.4375 218.006256103515625 204.2624969482421875 192.693756103515625 179.131256103515625 161.462493896484375 144.03125 128.1875 110.15625 91.4875030517578125 78.09999847412109375 72.5812530517578125 66.55625152587890625 61.05625152587890625
184.837493896484375 178.1999969482421875 178.28125 180.225006103515625 185.2062530517578125 199.0687408447265625 216.2375030517578125 233.8125 253.631256103515625 274.568756103515625 296.5625 318.70001220703125 340.1875 359.368743896484375 373.04376220703125 383.91876220703125 392.15625 392.84375 392.475006103515625 394.98748779296875 393.181243896484375 389.912506103515625 384.993743896484375 367.04998779296875 349.17498779296875 330.824981689453125 307.25 283.649993896484375 260.41876220703125 244.21875 229.0124969482421875 213.7312469482421875 199.537506103515625 186.125 172.78125 154.8000030517578125 137.056243896484375 120.33124542236328125 103.2312469482421875 87.6125030517578125 76.9875030517578125 74.375 71.5625 69.5437469482421875
178.1999969482421875 172.75 172.2562408447265625 173.649993896484375 176.9625091552734375 186.7375030517578125 199.2312469482421875 212.693756103515625 229.8125 248.818756103515625 271.29998779296875 292.90625 316.34375 340.125 354.57501220703125 367.625 376.85626220703125 382.38751220703125 385.42498779296875 388.88751220703125 387.5625 383.243743896484375 376.6875 359.193756103515625 341.912506103515625 323.462493896484375 299.693756103515625 275.443756103515625 253.3625030517578125 237.993743896484375 223.8625030517578125 209.537506103515625 194.743743896484375 180.3937530517578125 167.118743896484375 150.149993896484375 133.5625 117.1437530517578125 102.8937530517578125 92.41249847412109375 84.0124969482421875 82.4375 81.75624847412109375 82.09999847412109375
170.6125030517578125 166.618743896484375 165.9499969482421875 167.024993896484375 168.59375 174.743743896484375 181.96875 191.475006103515625 206.493743896484375 223.34375 243.6125030517578125 267.856231689453125 293.92498779296875 318.149993896484375 334.475006103515625 349.5 362.600006103515625 370.20001220703125 375.6875 380.84375 378.76873779296875 374.15625 367.33123779296875 349.78125 332.712493896484375 314.162506103515625 291.131256103515625 266.618743896484375 244.8625030517578125 230.5437469482421875 217.7937469482421875 205.34375 190.3000030517578125 175.4375 161.8625030517578125 146.1125030517578125 129.7624969482421875 113.8312530517578125 104.40000152587890625 97.83750152587890625 91.81874847412109375 91.65000152587890625 93.3125 95.7312469482421875
163.931243896484375 161.0625 160.1687469482421875 159.9875030517578125 160.5812530517578125 163.2687530517578125 166.3937530517578125 172.125 183.6374969482421875 199.162506103515625 218.75 244.5062408447265625 271.91876220703125 299.03125 317.787506103515625 332.506256103515625 347.79376220703125 357.04376220703125 363.993743896484375 369.76873779296875 368.36248779296875 363.42498779296875 355.8125 337.618743896484375 319.837493896484375 302.962493896484375 279.66876220703125 256.79998779296875 235.412506103515625 222.537506103515625 211.868743896484375 200.46875 185.1624908447265625 170.6999969482421875 156.068756103515625 140.631256103515625 125.40000152587890625 113.06874847412109375 107.0625 102.7937469482421875 99.77500152587890625 100.50624847412109375 103.09999847412109375 106.40000152587890625
158.056243896484375 155.600006103515625 154.693756103515625 154 154.03125 155.931243896484375 158.03125 160.8312530517578125 168.993743896484375 180.6750030517578125 198.7624969482421875 222.9812469482421875 250.4187469482421875 277.725006103515625 296.54376220703125 314.98748779296875 330.024993896484375 340.29376220703125 348.975006103515625 356.662506103515625 354.54376220703125 346.993743896484375 338.34375 321.868743896484375 305.556243896484375 289.649993896484375 268.71875 248.1374969482421875 228.9187469482421875 216.0812530517578125 206.8874969482421875 196.162506103515625 182.118743896484375 168.149993896484375 153.5437469482421875 140.149993896484375 129.8125 119.625 114.5187530517578125 111.7375030517578125 110.06874847412109375 110.7312469482421875 112.78125 115.9375
152.350006103515625 150.6125030517578125 149.8874969482421875 149.212493896484375 148.7312469482421875 150.2062530517578125 151.2312469482421875 152.556243896484375 157.2062530517578125 163.1125030517578125 180.306243896484375 207.5124969482421875 232.412506103515625 254.96875 274.73126220703125 293.962493896484375 310.51251220703125 320.41876220703125 329.131256103515625 335.95001220703125 332.89373779296875 325.36248779296875 317.181243896484375 302.46875 288.04376220703125 275.056243896484375 255.631256103515625 238.2937469482421875 220.774993896484375 209.912506103515625 201.0437469482421875 192.524993896484375 179.024993896484375 166.006256103515625 152.493743896484375 142.6062469482421875 134.931243896484375 127.6437530517578125 124.05625152587890625 121.03125 119.375 119.68125152587890625 121.3000030517578125 124.21250152587890625
148.1875 146.59375 145.6062469482421875 145.006256103515625 144.2937469482421875 145.587493896484375 146.693756103515625 147.631256103515625 150.78125 153.712493896484375 174.3312530517578125 199.8562469482421875 218.125 235.7624969482421875 254.5437469482421875 273.54376220703125 290.39373779296875 299.037506103515625 305.86248779296875 309.26873779296875 307.125 301.443756103515625 294.681243896484375 281.38751220703125 269.83123779296875 259.13751220703125 242.600006103515625 227.8937530517578125 213.4499969482421875 204.5500030517578125 194.6437530517578125 186.71875 175.212493896484375 163.53125 151.8937530517578125 145.5124969482421875 140.7687530517578125 135.6437530517578125 133.912506103515625 131.993743896484375 129.162506103515625 129.4875030517578125 129.5625 130.931243896484375
143.3249969482421875 142.0625 141.9187469482421875 141.6875 141.21875 142.78125 144.6999969482421875 146.8625030517578125 153.162506103515625 165.1875 186.975006103515625 200.7624969482421875 213.5749969482421875 228.3000030517578125 243.4375 258.75 272.912506103515625 280.337493896484375 285.03125 288.42498779296875 285.350006103515625 279.8125 274.693756103515625 264.568756103515625 253.96875 245.53125 232.75 221.118743896484375 210.131256103515625 202.118743896484375 194.1750030517578125 186.8812408447265625 177.4499969482421875 167.9749908447265625 160.7624969482421875 156.1999969482421875 151.4812469482421875 148.2312469482421875 146.125 142.0625 138.71875 138.850006103515625 137.3625030517578125 138.1437530517578125
138.1999969482421875 137.524993896484375 137.899993896484375 138.0875091552734375 138.9250030517578125 141.475006103515625 143.9250030517578125 148.03125 156.09375 167.6062469482421875 182.274993896484375 196.2062530517578125 208.4499969482421875 221.4375 233.462493896484375 244.881256103515625 256.443756103515625 262.20001220703125 266.056243896484375 268.96875 264.79998779296875 259.53125 253.943756103515625 245.5812530517578125 238.600006103515625 231.7125091552734375 222.5 214.787506103515625 206.9562530517578125 199.8937530517578125 192.8249969482421875 189.212493896484375 184.0812530517578125 177.4875030517578125 172.9499969482421875 168.71875 164.162506103515625 160.462493896484375 158.3562469482421875 152.8625030517578125 148.743743896484375 147.84375 145.725006103515625 144.4499969482421875
