data/historical-monthly-weather-data/wc2.1_cruts4.09_10m_prec_1997-12.asc
ncols        51
nrows        45
xllcorner    -63.500000000000
yllcorner    -7.500000000000
cellsize     0.166666666667
NODATA_value -9999
[rows 20 to 39 of 45, columns 0 to 43 of 51]
150.6062469482421875 149.568756103515625 153.0500030517578125 158.149993896484375 164.5 174.2687530517578125 184.318756103515625 194.21875 203.9812469482421875 212.274993896484375 218.556243896484375 222.65625 225.78125 227.1125030517578125 226.5500030517578125 224.274993896484375 221.712493896484375 219.3562469482421875 219.412506103515625 218.3125 211.475006103515625 203.5124969482421875 195.75 188.25 181.8312530517578125 174.568756103515625 165.3562469482421875 152.6437530517578125 138.7062530517578125 128.0500030517578125 120.08750152587890625 115.59375 109.1999969482421875 103.3125 97.4875030517578125 90.9562530517578125 85.0124969482421875 78.625 70.4187469482421875 60.418750762939453125 50.049999237060546875 43.456249237060546875 38.268749237060546875 34.0625
152.056243896484375 150.625 155.537506103515625 162.806243896484375 170.6437530517578125 181.1062469482421875 192.399993896484375 203.4812469482421875 212.96875 220.743743896484375 225.899993896484375 229.0124969482421875 231.2312469482421875 231.631256103515625 231.2624969482421875 229.5 227.431243896484375 225.3125 224.131256103515625 222.1437530517578125 213.4187469482421875 205.7375030517578125 199.443756103515625 191.7687530517578125 185.399993896484375 180.15625 174.0187530517578125 162.006256103515625 148.53125 139.368743896484375 132.193756103515625 126.77500152587890625 118.44374847412109375 111.1875 103.8125 96.2937469482421875 89.7687530517578125 83.0500030517578125 73.84999847412109375 62.737499237060546875 52.012500762939453125 45.08750152587890625 39.31874847412109375 34.63124847412109375
154.1875 154.03125 159.2062530517578125 167.1750030517578125 176.5062408447265625 188.506256103515625 200.3249969482421875 212.5812530517578125 223.0625 229.53125 233.40625 234.7062530517578125 236.6125030517578125 236.8625030517578125 236.118743896484375 234.337493896484375 232.024993896484375 229.2312469482421875 227.506256103515625 224.1062469482421875 215.1750030517578125 207.006256103515625 199.975006103515625 192.4875030517578125 186.9562530517578125 183.712493896484375 180.3937530517578125 169.6437530517578125 156.818756103515625 149.274993896484375 143.4187469482421875 138.0187530517578125 128.618743896484375 119.13124847412109375 110.1125030517578125 100.65000152587890625 93.7312469482421875 87.96250152587890625 77.98749542236328125 65.66249847412109375 54.137500762939453125 46.63124847412109375 40.41249847412109375 35.325000762939453125
158.65625 158.850006103515625 164.037506103515625 172.5187530517578125 182.90625 195.193756103515625 207.84375 219.7062530517578125 229.337493896484375 234.618743896484375 237.84375 239.3937530517578125 240.8874969482421875 241.3312530517578125 240.024993896484375 237.78125 235.443756103515625 232.6999969482421875 230.1687469482421875 226.1750030517578125 216.149993896484375 207.46875 199.4187469482421875 192.3312530517578125 186.6999969482421875 183.193756103515625 180.0749969482421875 172.7375030517578125 163.806243896484375 158.1999969482421875 154.0749969482421875 148.7062530517578125 138.993743896484375 128.28125 117.96875 106.15625 97.6437530517578125 90.7624969482421875 80.1875 67.38124847412109375 55.299999237060546875 47.72499847412109375 41.28125 36.075000762939453125
165.618743896484375 165.7624969482421875 170.40625 180.7687530517578125 192.8000030517578125 204.3000030517578125 215.850006103515625 226.0187530517578125 233.8000030517578125 239.306243896484375 242.5812530517578125 243.5812530517578125 244.568756103515625 244.65625 243.4499969482421875 241.256256103515625 238.649993896484375 235.9187469482421875 232.787506103515625 228.2062530517578125 217.4375 207.15625 198.4875030517578125 190.5749969482421875 185.3937530517578125 182.7375030517578125 180.2312469482421875 175.3562469482421875 169.125 166.1999969482421875 163.8937530517578125 159.4812469482421875 149.6062469482421875 138.1437530517578125 126.31874847412109375 113.70624542236328125 103.30625152587890625 92.97499847412109375 81.5 68.80625152587890625 56.44374847412109375 48.793750762939453125 42.18125152587890625 37.143749237060546875
175.962493896484375 178.59375 183.5625 193.462493896484375 203.587493896484375 213.7624969482421875 223.243743896484375 231.6937408447265625 238.28125 242.712493896484375 245.3874969482421875 246.8625030517578125 247.431243896484375 247.381256103515625 246.568756103515625 244.5500030517578125 241.5 238.7062530517578125 235.3874969482421875 230.3125 220.1999969482421875 208.181243896484375 197.256256103515625 187.4250030517578125 184.2624969482421875 183.1999969482421875 182.381256103515625 179.131256103515625 174.8062591552734375 173.693756103515625 172.7937469482421875 170.6062469482421875 160.850006103515625 148.0749969482421875 135.3625030517578125 121.24375152587890625 108.61875152587890625 96.1999969482421875 83.8000030517578125 70.8312530517578125 58.15625 49.981250762939453125 43.043750762939453125 37.793750762939453125
183.4812469482421875 186.899993896484375 193.9499969482421875 203.4187469482421875 212.5187530517578125 221.0625 228.162506103515625 234.6437530517578125 239.28125 243.65625 247.3125 248.6999969482421875 248.868743896484375 249.131256103515625 248.5625 247.28125 244.875 242.40625 239.3000030517578125 233.75 223.7624969482421875 211.912506103515625 200.056243896484375 188.5124969482421875 187.100006103515625 186.7687530517578125 186.568756103515625 184.2375030517578125 181.4812469482421875 181.1374969482421875 181.5749969482421875 180.412506103515625 170.7562408447265625 156.5812530517578125 142.4187469482421875 127.50624847412109375 113.11249542236328125 99.34375 86.4187469482421875 73.40000152587890625 60.59999847412109375 52.03125 44.58750152587890625 39.262500762939453125
191.4187469482421875 195.625 204.056243896484375 213.53125 221.649993896484375 228.5749969482421875 233.899993896484375 237.837493896484375 240.975006103515625 244.15625 246.90625 248.3874969482421875 249.818756103515625 250.6437530517578125 250.5500030517578125 249.287506103515625 247.9250030517578125 245.662506103515625 243.274993896484375 238.412506103515625 229.78125 219.837493896484375 211.125 201.0437469482421875 196.5437469482421875 194.556243896484375 193.1125030517578125 190.4187469482421875 187.681243896484375 187.7375030517578125 188.162506103515625 186.6062469482421875 176.0124969482421875 162.1374969482421875 147.6125030517578125 132.131256103515625 117.08750152587890625 102.6374969482421875 89.68125152587890625 76.75 63.97499847412109375 55.231250762939453125 46.59375 41.200000762939453125
198.4499969482421875 203.7687530517578125 213.6374969482421875 224.28125 231.4562530517578125 235.475006103515625 238.1999969482421875 240.3312530517578125 242.149993896484375 243.8125 246.506256103515625 248.712493896484375 250.3874969482421875 252.0437469482421875 252.100006103515625 252.34375 251.712493896484375 250.350006103515625 248.4499969482421875 244.5812530517578125 237.625 230.1374969482421875 224.1374969482421875 214.149993896484375 208.0625 204.274993896484375 201.475006103515625 198.1374969482421875 195.0875091552734375 194.3312530517578125 193.9499969482421875 191.506256103515625 180.212493896484375 166.0437469482421875 151.59375 136.1062469482421875 120.94374847412109375 105.9499969482421875 92.6999969482421875 79.9875030517578125 67.80625152587890625 58.799999237060546875 50.3125 45.77500152587890625
205.4875030517578125 210.899993896484375 221.71875 233.381256103515625 240.96875 240.631256103515625 239.881256103515625 240.2312469482421875 240.625 241.3312530517578125 243.756256103515625 245.9812469482421875 249.4375 252.6687469482421875 253.868743896484375 254.3312530517578125 254.90625 255.868743896484375 254.8249969482421875 251.3125 245.375 239.7937469482421875 234.5 225.506256103515625 219.0437469482421875 214.59375 209.7624969482421875 206.118743896484375 202.193756103515625 200.475006103515625 198.9187469482421875 195.375 184.34375 170.381256103515625 156.15625 140.399993896484375 125.0124969482421875 109.6374969482421875 96.47499847412109375 83.56874847412109375 71.1125030517578125 63.981250762939453125 57.262500762939453125 53.36875152587890625
210.850006103515625 215.975006103515625 225.618743896484375 236.7624969482421875 242.8562469482421875 240.1875 238.0187530517578125 236.631256103515625 236.100006103515625 237.5437469482421875 240.024993896484375 243.28125 247.96875 252.0500030517578125 253.962493896484375 255.90625 258.5 259.631256103515625 260.54376220703125 257.86248779296875 252.8625030517578125 248.493743896484375 244.6999969482421875 236.1750030517578125 229.25 224.087493896484375 218.649993896484375 214.118743896484375 209.4875030517578125 207.0187530517578125 204.1437530517578125 199.4812469482421875 188 174.587493896484375 160.350006103515625 144.6750030517578125 129.21875 113.6687469482421875 100.25624847412109375 86.9250030517578125 74.94374847412109375 69.53125 64.7937469482421875 60.950000762939453125
215.587493896484375 218.993743896484375 226.125 232.375 234.993743896484375 234.193756103515625 232.5187530517578125 230.381256103515625 230.399993896484375 231.6374969482421875 234.7687530517578125 239.6437530517578125 245.7312469482421875 250.9187469482421875 254.712493896484375 257.85626220703125 259.756256103515625 261.131256103515625 262.26251220703125 260.912506103515625 258.15625 255.4187469482421875 252.3312530517578125 244.493743896484375 238.9499969482421875 233.475006103515625 227.0500030517578125 221.975006103515625 217.0124969482421875 213.662506103515625 209.600006103515625 204.0187530517578125 191.556243896484375 178.2687530517578125 164.5 149.381256103515625 133.40625 117.55625152587890625 104.3937530517578125 91.5124969482421875 80.6875 77.03125 74.3000030517578125 72.0437469482421875
223.787506103515625 224.625 227.65625 230.9375 231.587493896484375 230.131256103515625 227.243743896484375 224.225006103515625 223.756256103515625 225.368743896484375 230.7375030517578125 236.5749969482421875 244.2062530517578125 251.912506103515625 256.14373779296875 259.137481689453125 260.75 262.98126220703125 262.681243896484375 261.95623779296875 260.23126220703125 258.8125 256.51873779296875 249.53125 244.65625 240.4375 234.256256103515625 228.21875 223.681243896484375 219.46875 215.1875 209.2375030517578125 197.0500030517578125 183.9375 170.506256103515625 155.59375 140.0124969482421875 124.6999969482421875 112.75624847412109375 102.4187469482421875 92.90625 90.50624847412109375 89.6687469482421875 90.1750030517578125
231.712493896484375 230.2624969482421875 230.725006103515625 230.4375 227.9812469482421875 225.25 221.8000030517578125 217.96875 216.7687530517578125 218.15625 223.4499969482421875 232.818756103515625 242.9499969482421875 251.1875 256.581268310546875 259.75 262.1875 264.256256103515625 263.38751220703125 262.743743896484375 261.64373779296875 260.350006103515625 258.23126220703125 252.7312469482421875 248.506256103515625 245.09375 239.962493896484375 234.712493896484375 230.6687469482421875 225.475006103515625 220.5 214.587493896484375 202.6875 189.9250030517578125 176.5 161.8249969482421875 146.975006103515625 131.787506103515625 122.25624847412109375 114.0437469482421875 106.5124969482421875 105.33750152587890625 106.03749847412109375 108.7687530517578125
238.837493896484375 236.0749969482421875 233.9875030517578125 230.5124969482421875 226.1999969482421875 221.712493896484375 216.65625 211.681243896484375 208.787506103515625 210.0500030517578125 216.8312530517578125 228.631256103515625 242.2624969482421875 253.337493896484375 259.15625 262.475006103515625 264.34375 265.512481689453125 265.04998779296875 263.07501220703125 262.79998779296875 260.96875 259.962493896484375 255.2062530517578125 251.4250030517578125 249.024993896484375 244.524993896484375 240.368743896484375 236.649993896484375 231.1750030517578125 225.8625030517578125 219.625 208.274993896484375 196.162506103515625 183.037506103515625 168.431243896484375 153.7624969482421875 140.2687530517578125 132.787506103515625 126.03125 120.4812469482421875 120.125 121.6125030517578125 125.0124969482421875
246.649993896484375 242.90625 239.0437469482421875 234.2687530517578125 228.3562469482421875 222.6437530517578125 215.587493896484375 208.443756103515625 203.462493896484375 202.399993896484375 210.5124969482421875 226.181243896484375 243.5437469482421875 256.1875 262.64373779296875 265.962493896484375 267.26873779296875 267.712493896484375 265.8125 262.95001220703125 262.01873779296875 261.14373779296875 259.16876220703125 255.0625 252.3937530517578125 250.1687469482421875 246.7624969482421875 243.350006103515625 240.162506103515625 235.40625 230.6437530517578125 224.4250030517578125 214.306243896484375 202.806243896484375 190.6999969482421875 177.4250030517578125 165.5749969482421875 153.943756103515625 147.475006103515625 142.0187530517578125 137.6125030517578125 138.03125 139.399993896484375 142.5625
254.1374969482421875 249.78125 245.037506103515625 239.6437530517578125 233.2937469482421875 226.587493896484375 218.9312591552734375 209.600006103515625 200.8625030517578125 194.3000030517578125 206.1999969482421875 230.25 248.3000030517578125 259.9375 266.5 269.51251220703125 270.693756103515625 269.8125 267.51873779296875 263.86248779296875 261.850006103515625 259.90625 257.625 254.0625 251.5 250.100006103515625 247.21875 245.631256103515625 243.931243896484375 239.725006103515625 235.1062469482421875 229.28125 220.09375 210.0437469482421875 198.90625 188.5 178.5 168.681243896484375 162.6437530517578125 158 154.274993896484375 154.75 156.09375 158.90625
260.76873779296875 256.462493896484375 251.7375030517578125 246.0500030517578125 240.131256103515625 232.7312469482421875 225.412506103515625 216.399993896484375 207.712493896484375 198.125 221.1875 247 259.45001220703125 267.600006103515625 272.40625 274.649993896484375 274.5625 273.131256103515625 269.243743896484375 265.11248779296875 261.056243896484375 257.868743896484375 255.462493896484375 252.2312469482421875 249.9250030517578125 249.006256103515625 248.21875 247.649993896484375 246.90625 243.7375030517578125 239.0749969482421875 234.0625 226.068756103515625 217.3562469482421875 207.6125030517578125 199.1750030517578125 190.943756103515625 182.6125030517578125 177.6687469482421875 173.4562530517578125 169.9499969482421875 170.1374969482421875 170.8625030517578125 173.0187530517578125
265.51251220703125 261.256256103515625 257.26251220703125 252.6374969482421875 247.1062469482421875 240.9250030517578125 235.212493896484375 230.381256103515625 229.1875 238.0437469482421875 265.431243896484375 272.056243896484375 274.71875 278.66876220703125 281.25 282.243743896484375 281.23126220703125 277.5625 272.39373779296875 266.70001220703125 260.85626220703125 255.7375030517578125 252.34375 249.6437530517578125 248.2062530517578125 247.875 247.524993896484375 248.2062530517578125 248.53125 246.5625 243.7624969482421875 238.84375 232.3874969482421875 225.21875 218.162506103515625 211.037506103515625 203.787506103515625 196.600006103515625 191.75 187.4187469482421875 184.350006103515625 183.881256103515625 183.96875 185.243743896484375
271.162506103515625 267 263.51251220703125 259.70001220703125 255.4499969482421875 251.7062530517578125 248.6999969482421875 248.412506103515625 251.7937469482421875 262.193756103515625 278.306243896484375 286.100006103515625 287.78125 289.95623779296875 291.51873779296875 290.98126220703125 288.58123779296875 283.975006103515625 276.54998779296875 268.9375 259.818756103515625 252.2937469482421875 247.3312530517578125 244.5124969482421875 244.625 245.756256103515625 247.1374969482421875 249.09375 250.2687530517578125 249.756256103515625 247.475006103515625 244.84375 240.4375 234.7937469482421875 228.90625 222.1999969482421875 216.3625030517578125 209.962493896484375 205.131256103515625 200.4375 196.725006103515625 196.0187530517578125 195.993743896484375 196.6437530517578125
