data/historical-monthly-weather-data/wc2.1_cruts4.09_10m_prec_1970-06.asc
ncols        45
nrows        45
xllcorner    -63.500000000000
yllcorner    -7.500000000000
cellsize     0.166666666667
NODATA_value -9999
[rows 0 to 18 of 45, columns 0 to 43 of 45]
335.850006103515625 334.8125 330.618743896484375 336.57501220703125 337.46875 339.381256103515625 334.475006103515625 327.725006103515625 316.28125 315.881256103515625 318.21875 316.53125 315.32501220703125 310.46875 304.462493896484375 300.243743896484375 293.46875 286.068756103515625 278.306243896484375 274.04998779296875 274.693756103515625 266.962493896484375 260.98126220703125 252.725006103515625 246.6750030517578125 242.131256103515625 241.899993896484375 243.899993896484375 238.78125 231.618743896484375 219.3937530517578125 213.712493896484375 211.7937469482421875 205.806243896484375 201.0500030517578125 200.118743896484375 199.100006103515625 200.0625 199.181243896484375 200.9187469482421875 205.8625030517578125 216.09375 218.8312530517578125 224.1687469482421875
329.45001220703125 329.32501220703125 333.712493896484375 338.71875 346.20623779296875 348.774993896484375 344.337493896484375 337.600006103515625 334.506256103515625 333.73748779296875 332.662506103515625 328.23748779296875 318.11248779296875 310.475006103515625 301.600006103515625 294.61248779296875 284.943756103515625 274.63751220703125 266.475006103515625 263.61248779296875 262.681243896484375 256.23126220703125 252.806243896484375 247.462493896484375 241.5749969482421875 236.0437469482421875 235.6374969482421875 234.3000030517578125 229.5812530517578125 219.59375 212.618743896484375 212.1437530517578125 209.068756103515625 205.78125 203.524993896484375 200.3625030517578125 201.2937469482421875 201.8000030517578125 201.4562530517578125 203.90625 211.524993896484375 211.962493896484375 220.375 225.056243896484375
311.15625 319.66876220703125 324.6875 325.57501220703125 334.92498779296875 343.03125 344.375 349.25 348.625 348.087493896484375 343.975006103515625 334.10626220703125 324.98126220703125 309.4375 297.26873779296875 287.64373779296875 274.88751220703125 265.006256103515625 257.32501220703125 252.3000030517578125 252.1062469482421875 251.712493896484375 247.78125 246.881256103515625 237.7937469482421875 230.90625 234.006256103515625 230.0500030517578125 221.837493896484375 218.25 209.993743896484375 206.368743896484375 203.625 202.943756103515625 199.1750030517578125 192.649993896484375 196.162506103515625 200.181243896484375 200.96875 204.431243896484375 214.0812530517578125 217.1125030517578125 222.256256103515625 224.9250030517578125
290.73126220703125 293.20001220703125 304.787506103515625 312.61248779296875 318.8125 328.91876220703125 339.35626220703125 349.274993896484375 355.78125 359.106231689453125 351.83123779296875 337.506256103515625 322.53125 305.274993896484375 292.63751220703125 281.09375 264.20001220703125 255.65625 248.1687469482421875 250.4375 248.350006103515625 242.34375 240.6374969482421875 241.8000030517578125 232.649993896484375 226.21875 225.8937530517578125 219.3125 215.125 212.7624969482421875 207.3249969482421875 201.28125 198.993743896484375 194.25 191.4375 195.4375 199.975006103515625 201.537506103515625 202.0500030517578125 205.837493896484375 214.0124969482421875 221.756256103515625 226.0124969482421875 227.399993896484375
292.86248779296875 291.1875 284.962493896484375 295.693756103515625 310.556243896484375 317.8125 330.975006103515625 349.493743896484375 364.5625 370.725006103515625 362.86248779296875 336.662506103515625 320.375 304.056243896484375 286.524993896484375 272.79998779296875 258.13751220703125 244.15625 236.381256103515625 236.431243896484375 234.412506103515625 232.9562530517578125 232.7937469482421875 232.600006103515625 224.1999969482421875 219.40625 215.8874969482421875 215.193756103515625 211.4187469482421875 205.162506103515625 203.462493896484375 200.681243896484375 196.975006103515625 194.774993896484375 195.818756103515625 195.53125 199.6687469482421875 204.6999969482421875 203.8000030517578125 205.212493896484375 213.943756103515625 221.1750030517578125 227.1999969482421875 232.90625
278.20623779296875 281.274993896484375 277.337493896484375 268.84375 287.25 307.756256103515625 317.868743896484375 332.993743896484375 353.375 362.85626220703125 349.225006103515625 325.475006103515625 310.60626220703125 295.28125 275.92498779296875 262.568756103515625 247.243743896484375 234.806243896484375 231.0749969482421875 229.131256103515625 230.162506103515625 227.84375 226.2062530517578125 220.662506103515625 217.1875 213.743743896484375 208.2125091552734375 207.5 204.78125 199.931243896484375 201.462493896484375 200.0812530517578125 200.587493896484375 197.6437530517578125 194.4187469482421875 201.3874969482421875 202.03125 199.5625 203.4562530517578125 211.84375 215.7062530517578125 224.5124969482421875 227.375 231.818756103515625
270.181243896484375 269.537506103515625 267.35626220703125 264.70001220703125 264.53125 272.618743896484375 283.149993896484375 305.13751220703125 314.787506103515625 323.82501220703125 320.09375 303.79998779296875 295.16876220703125 284.868743896484375 268.25 254.493743896484375 242.9187469482421875 232.087493896484375 223.524993896484375 223.100006103515625 218.15625 216.818756103515625 213.8937530517578125 212.1437530517578125 213.524993896484375 210.193756103515625 204.0812530517578125 200.71875 197.96875 201.556243896484375 198.537506103515625 194.8125 194.46875 197.212493896484375 201.287506103515625 202.7062530517578125 198.6374969482421875 199.681243896484375 202.149993896484375 211.2687530517578125 214.693756103515625 220.756256103515625 226.9499969482421875 231.412506103515625
259.25 253.100006103515625 252.131256103515625 257.09375 258.07501220703125 269.662506103515625 266.868743896484375 265.1875 263.462493896484375 276.95623779296875 284.84375 280.899993896484375 277.649993896484375 269.693756103515625 261.0625 249.181243896484375 234.7937469482421875 226.25 218.0500030517578125 210.975006103515625 217.53125 212.806243896484375 208.274993896484375 205.806243896484375 207.0062408447265625 201.4499969482421875 196.993743896484375 193.7375030517578125 191.4562530517578125 190.850006103515625 196.7375030517578125 193.350006103515625 194.837493896484375 196.3625030517578125 195.15625 195.568756103515625 195.7624969482421875 196.7687530517578125 194.6687469482421875 197.568756103515625 203.631256103515625 213.743743896484375 214.5 214.53125
247.056243896484375 243.6750030517578125 240.0124969482421875 241.9812469482421875 245.368743896484375 249.9562530517578125 256.98748779296875 260.631256103515625 249.5437469482421875 244.75 249.0500030517578125 251.6687469482421875 258.03125 254.274993896484375 248.9875030517578125 238.125 234.131256103515625 229.4625091552734375 224.181243896484375 213.8874969482421875 205.9562530517578125 210.5437469482421875 201.03125 204.7062530517578125 200.756256103515625 196.5187530517578125 192.256256103515625 191.274993896484375 193.3249969482421875 191.5437469482421875 197.5500030517578125 186.193756103515625 180.1750030517578125 179.818756103515625 184.2687530517578125 192.0437469482421875 196.0437469482421875 200.0500030517578125 198.0187530517578125 195.9187469482421875 196.431243896484375 197.1312408447265625 206.256256103515625 205.681243896484375
235.8562469482421875 233.462493896484375 230.9250030517578125 232.4875030517578125 234.818756103515625 237.9187469482421875 243.03125 242.4562530517578125 241.556243896484375 239.1374969482421875 235.850006103515625 227.3874969482421875 236.5812530517578125 238.4875030517578125 237.625 233.681243896484375 228.1062469482421875 231.568756103515625 228.0500030517578125 222.943756103515625 210.899993896484375 204.931243896484375 193.71875 193.943756103515625 188.774993896484375 188.9562530517578125 186.0812530517578125 183.381256103515625 181.6875 184.8125 187.368743896484375 180.3937530517578125 179.3937530517578125 180.09375 179.8125 184.993743896484375 192.024993896484375 198.993743896484375 200.068756103515625 204.9499969482421875 208.6750030517578125 208.46875 201.193756103515625 191.743743896484375
228.181243896484375 223.9875030517578125 221.337493896484375 221.181243896484375 221.03125 226.8125 226.25 226 228.375 229.125 229.25 222.7937469482421875 219.350006103515625 223.100006103515625 223.412506103515625 223.46875 221.506256103515625 220.5124969482421875 222.9562530517578125 226.3937530517578125 227.1750030517578125 214.8000030517578125 195.3562469482421875 176.53125 179.256256103515625 188.90625 187.9499969482421875 181.59375 175.787506103515625 176.149993896484375 177.3312530517578125 173.806243896484375 175.1812591552734375 177.1374969482421875 178.6750030517578125 180.15625 187.2312469482421875 191.943756103515625 201.25 203.9499969482421875 206.181243896484375 202.03125 199.4812469482421875 183.7062530517578125
217.3125 214.4812469482421875 215.1624908447265625 211.9499969482421875 212.5187530517578125 213.9375 218.712493896484375 220.243743896484375 221.4250030517578125 216.118743896484375 219.2937469482421875 216.818756103515625 205.34375 208.962493896484375 215.8625030517578125 215.318756103515625 213.90625 215.4375 220.818756103515625 233.181243896484375 235.899993896484375 226.4187469482421875 205.1875 180.412506103515625 175.71875 176.3312530517578125 172.4187469482421875 170.4875030517578125 169.6437530517578125 167.568756103515625 161.568756103515625 162.59375 165.287506103515625 164.399993896484375 169.399993896484375 176.912506103515625 186.5124969482421875 192.962493896484375 192.506256103515625 200.993743896484375 204.337493896484375 198.5749969482421875 182.1437530517578125 157.350006103515625
211.087493896484375 207.125 206.037506103515625 203.118743896484375 204.681243896484375 203.806243896484375 206.3625030517578125 208.181243896484375 206.3125 204.931243896484375 206.2624969482421875 207.162506103515625 203.8562469482421875 193.7312469482421875 196.087493896484375 200.412506103515625 201.7312469482421875 206.8249969482421875 205.84375 216.34375 223.9812469482421875 216.912506103515625 202.5625 182.850006103515625 166.7062530517578125 164.0749969482421875 164.4499969482421875 163.9875030517578125 164.625 165.1125030517578125 157.625 152.287506103515625 157.962493896484375 155.256256103515625 159.125 168.6875 182.8125 192.8874969482421875 205.1750030517578125 207.443756103515625 201.4375 192.3312530517578125 167.34375 147.431243896484375
203 199.6437530517578125 197.243743896484375 195.125 193.0625 193.7062530517578125 193.712493896484375 196.806243896484375 197.287506103515625 194.274993896484375 194.3125 191.6062469482421875 191.34375 186.9499969482421875 177.056243896484375 184.9250030517578125 185.5437469482421875 187.84375 190.3562469482421875 198.5500030517578125 204.3874969482421875 199.712493896484375 190.068756103515625 179.7937469482421875 169.368743896484375 161.1062469482421875 156.2937469482421875 153.0124969482421875 152.5187530517578125 151.774993896484375 150.8312530517578125 147.6750030517578125 149.5437469482421875 152.443756103515625 152.181243896484375 168.0749969482421875 186.9375 203.0749969482421875 216.1125030517578125 214.1750030517578125 190.631256103515625 173.287506103515625 166.5625 166.7937469482421875
190.850006103515625 188.40625 188.4812469482421875 187.912506103515625 185.524993896484375 185.6374969482421875 186.9312591552734375 187.46875 187.0437469482421875 185.568756103515625 183.568756103515625 181.78125 180.399993896484375 174.2062530517578125 162.2937469482421875 167.274993896484375 169.4562530517578125 175.5437469482421875 174.28125 179.9875030517578125 187.618743896484375 186.1750030517578125 183.65625 178.3125 175.2062530517578125 168.568756103515625 163.4437408447265625 158.0749969482421875 157.743743896484375 150.8499908447265625 143.274993896484375 142.96875 150.506256103515625 147.524993896484375 142.5124969482421875 149.84375 177.087493896484375 205.2062530517578125 212.9875030517578125 204.462493896484375 193.399993896484375 186.537506103515625 187.6374969482421875 175.4812469482421875
181.568756103515625 177.743743896484375 178.1437530517578125 176.0187530517578125 177.40625 178.3125 178.0812530517578125 177.006256103515625 179.0812530517578125 181.149993896484375 178.7937469482421875 175.756256103515625 173.9250030517578125 168.1750030517578125 158.6687469482421875 145.9375 151.6437530517578125 160.868743896484375 160.4250030517578125 165.28125 171.4250030517578125 173.931243896484375 177.181243896484375 178.25 176.3562469482421875 170.850006103515625 162.9375 159.0625 155.6125030517578125 155 149.6750030517578125 143.4250030517578125 138.0812530517578125 132.8625030517578125 128.96875 153.5124969482421875 167.6687469482421875 187.024993896484375 200.318756103515625 204.912506103515625 204.681243896484375 201.1687469482421875 191.212493896484375 173.9812469482421875
170.931243896484375 169.0500030517578125 167.4875030517578125 168.71875 169.78125 171.412506103515625 171.0187530517578125 171.149993896484375 169.193756103515625 169.337493896484375 170.587493896484375 169.212493896484375 164.462493896484375 159.0749969482421875 155.868743896484375 144.9875030517578125 131.8562469482421875 139.125 145.568756103515625 149.100006103515625 153.462493896484375 161 166.306243896484375 174.274993896484375 173.15625 162.931243896484375 155.7312469482421875 151.3000030517578125 153.21875 153.787506103515625 152.3625030517578125 149.71875 144.256256103515625 144.306243896484375 154.506256103515625 165.3937530517578125 182.2624969482421875 197.149993896484375 207.693756103515625 198.9812469482421875 197.6374969482421875 190.274993896484375 176.5812530517578125 167.0437469482421875
158.40625 157.8937530517578125 159.6687469482421875 161.149993896484375 162.8937530517578125 166.34375 165.1062469482421875 164.4375 162.618743896484375 159.743743896484375 158.556243896484375 159.7312469482421875 154.118743896484375 149.993743896484375 149.09375 142.25 130.068756103515625 119.2375030517578125 133.368743896484375 132.5 137.131256103515625 145.068756103515625 156.53125 163.0812530517578125 166.0749969482421875 156.65625 147.0124969482421875 149.0124969482421875 149.787506103515625 146.975006103515625 138.7937469482421875 132.149993896484375 150.6437530517578125 155.9562530517578125 160.587493896484375 189.1437530517578125 202.5812530517578125 200.0812530517578125 201.5187530517578125 196.556243896484375 179.21875 168.0749969482421875 157.8874969482421875 152.5
147.2062530517578125 149.131256103515625 151.212493896484375 153.756256103515625 156.556243896484375 157.4375 157.2312469482421875 156.162506103515625 156.03125 155.243743896484375 152.78125 146.3249969482421875 142.225006103515625 140.225006103515625 136.8625030517578125 132.587493896484375 129.618743896484375 116.55625152587890625 112.3249969482421875 114.00624847412109375 124 137.0437469482421875 134.881256103515625 145.6374969482421875 149.0812530517578125 152.806243896484375 149.3000030517578125 143.443756103515625 147.0437469482421875 143.806243896484375 137.931243896484375 138.212493896484375 147.9250030517578125 150.881256103515625 161.162506103515625 181.4875030517578125 186.8249969482421875 182.96875 184.0124969482421875 174.962493896484375 161.1999969482421875 146.6062469482421875 141.881256103515625 140.7062530517578125
