data/historical-monthly-weather-data/wc2.1_cruts4.09_10m_prec_2005-12.asc
ncols        45
nrows        45
xllcorner    -63.500000000000
yllcorner    -7.500000000000
cellsize     0.166666666667
NODATA_value -9999
[rows 0 to 19 of 45, columns 0 to 44 of 45]
303.443756103515625 297.60626220703125 284.493743896484375 274.774993896484375 262.54998779296875 250.8312530517578125 238.0187530517578125 223.943756103515625 211.625 200.493743896484375 192.75 184.5812530517578125 177.7624969482421875 169.087493896484375 161.1999969482421875 153.556243896484375 146.6312408447265625 139.5187530517578125 134.1125030517578125 129.225006103515625 127.9499969482421875 126.77500152587890625 125.8312530517578125 126.66249847412109375 127.75624847412109375 128.8125 132.4375 136.618743896484375 141.756256103515625 151.818756103515625 162.21875 174.1999969482421875 187.0124969482421875 199.9562530517578125 212.3874969482421875 224.3249969482421875 233.90625 242.4562530517578125 244.6374969482421875 246.6062469482421875 247.306243896484375 243.8312530517578125 239.7687530517578125 233.9875030517578125 228.2375030517578125
309.243743896484375 303.57501220703125 295.899993896484375 289.46875 281.79998779296875 268.912506103515625 254.287506103515625 243.087493896484375 232.8125 222.256256103515625 212.8874969482421875 202.5124969482421875 194.131256103515625 185.1999969482421875 175.962493896484375 167.2750091552734375 159.2375030517578125 151.4875030517578125 144.368743896484375 139.1374969482421875 137.4250030517578125 136.087493896484375 135.7937469482421875 137.131256103515625 138.774993896484375 140.443756103515625 144.2937469482421875 148.3562469482421875 153.7937469482421875 166.7062530517578125 180.0437469482421875 195.0124969482421875 208.6125030517578125 223.631256103515625 239.225006103515625 250.037506103515625 264.068756103515625 275.337493896484375 276.9375 278.51251220703125 278.83123779296875 274.375 269.35626220703125 260.399993896484375 252.212493896484375
306.17498779296875 302.40625 297.04376220703125 291.925018310546875 286.318756103515625 275.13751220703125 264.84375 256.975006103515625 248.524993896484375 238.943756103515625 228.837493896484375 218.2375030517578125 209.774993896484375 200.556243896484375 190.9187469482421875 180.899993896484375 172.53125 164.881256103515625 158.375 153.0749969482421875 151.9375 151.725006103515625 152.0500030517578125 153.34375 155.068756103515625 157.875 161.7062530517578125 165.4499969482421875 171.2562408447265625 183.806243896484375 198.4375 214.431243896484375 231.6125030517578125 246.6374969482421875 263.13751220703125 277.875 291.84375 304.212493896484375 308.07501220703125 310.25 310.368743896484375 304.11248779296875 295.76873779296875 287.67498779296875 276.318756103515625
298.96875 298.25 296.67498779296875 291.256256103515625 287.9375 280.20001220703125 273.75 268.89373779296875 262.193756103515625 255.306243896484375 245.943756103515625 235.537506103515625 225.8312530517578125 216.568756103515625 205.837493896484375 195.8125 186.787506103515625 178.6750030517578125 172.9875030517578125 169.75 169.6999969482421875 169.9812469482421875 169.774993896484375 171.524993896484375 173 176.412506103515625 180.34375 183.2375030517578125 189.34375 203.399993896484375 218.28125 233.75 252.943756103515625 271.662506103515625 289.0625 305.04998779296875 319.42498779296875 333.912506103515625 340.524993896484375 343.14373779296875 342.087493896484375 334.0625 323.743743896484375 314.631256103515625 301.01873779296875
304.693756103515625 298.475006103515625 292.10626220703125 289.993743896484375 289.143768310546875 285.4375 281.28125 278.743743896484375 275.931243896484375 271.306243896484375 261.837493896484375 250.5500030517578125 241.850006103515625 232.9562530517578125 221.5625 210.850006103515625 201.0500030517578125 193.756256103515625 189.40625 187.9812469482421875 188.806243896484375 188.53125 188.462493896484375 190.3125 191.9562530517578125 195.756256103515625 198.100006103515625 200.8937530517578125 206.868743896484375 221.96875 238.037506103515625 253.4875030517578125 273.11248779296875 293.51251220703125 312.818756103515625 331.243743896484375 349.256256103515625 364.85626220703125 372.662506103515625 375.662506103515625 374.5625 364.350006103515625 352.96875 339.787506103515625 325.631256103515625
308.693756103515625 303.8125 295.51251220703125 288.26251220703125 288.9375 288.993743896484375 287.21875 284.693756103515625 281.76873779296875 277.83123779296875 269.32501220703125 259.681243896484375 252.6999969482421875 244.6437530517578125 235.7062530517578125 226.1687469482421875 217.837493896484375 210.9562530517578125 209.556243896484375 208.318756103515625 207.618743896484375 207.875 207.28125 208.84375 210.5749969482421875 213.1687469482421875 216.96875 219.7062530517578125 224.600006103515625 239.34375 255.7937469482421875 272.6875 289.70001220703125 308.193756103515625 331.056243896484375 350.693756103515625 369 388.95623779296875 398.82501220703125 400.38751220703125 394.91876220703125 384.36248779296875 369.899993896484375 357.85626220703125 344.66876220703125
315.493743896484375 310.67498779296875 302.9375 294.73126220703125 291.318756103515625 289.725006103515625 288.89373779296875 286.28125 281.774993896484375 275.787506103515625 272.268768310546875 265.92498779296875 262.17498779296875 255.8000030517578125 248.7375030517578125 241.774993896484375 236.6750030517578125 235.4562530517578125 235.787506103515625 233.2624969482421875 230.024993896484375 229.068756103515625 227.0625 227.4187469482421875 229.7937469482421875 231.4499969482421875 234.274993896484375 238.84375 243.6750030517578125 257.274993896484375 273.08123779296875 289.29376220703125 307.537506103515625 325.21875 345.38751220703125 364.73126220703125 385.475006103515625 406.23126220703125 422.17498779296875 421.98126220703125 413.587493896484375 399.98126220703125 386.699981689453125 372.868743896484375 357.4375
322.3125 316.931243896484375 310.087493896484375 304.993743896484375 301.962493896484375 297.556243896484375 291.79998779296875 284 275.92498779296875 272.912506103515625 274.368743896484375 273.306243896484375 270.743743896484375 268.037506103515625 262.649993896484375 258.34375 255.3312530517578125 258.71875 261.568756103515625 256.08123779296875 251 247.4187469482421875 244.3937530517578125 243.7687530517578125 246.875 249.5187530517578125 251.59375 255.5625 262.57501220703125 276.493743896484375 289.48126220703125 304.631256103515625 323.03125 339.9375 360.6875 376.89373779296875 397.07501220703125 416.15625 428.45623779296875 430.556243896484375 425.88751220703125 412.41876220703125 399.23126220703125 384.868743896484375 366.350006103515625
331.41876220703125 326.59375 321.08123779296875 316.73748779296875 312.774993896484375 308.918731689453125 302.625 292.91876220703125 280.193756103515625 274.54376220703125 278.868743896484375 280.32501220703125 279.475006103515625 276.96875 274.16876220703125 272.118743896484375 271.28125 275.03125 277.506256103515625 270.9375 262.98126220703125 259.15625 256.806243896484375 258.96875 261.381256103515625 263.70623779296875 265.943756103515625 270.625 276.681243896484375 288.63751220703125 302.649993896484375 315.01873779296875 331.568756103515625 349.20623779296875 367.256256103515625 383.14373779296875 398.993743896484375 413.66876220703125 422.98126220703125 427.54998779296875 423.53125 412.693756103515625 403.16876220703125 391.8125 376.64373779296875
338.20623779296875 334.75 330.625 327.993743896484375 324.36248779296875 320.625 315.024993896484375 306.83123779296875 298.125 292.54376220703125 292.26873779296875 289.837493896484375 289.462493896484375 285.40625 285.34375 285.21875 285.14373779296875 285.53125 284.524993896484375 279.368743896484375 272.837493896484375 269.149993896484375 267.725006103515625 271.46875 273.78125 276.068756103515625 278.9375 283.375 290.131256103515625 300.85626220703125 311.631256103515625 322.57501220703125 337.412506103515625 352.631256103515625 370.181243896484375 387.0625 400.118743896484375 412.006256103515625 417.71875 421.587493896484375 420.96875 414.375 404.587493896484375 395.225006103515625 383.225006103515625
346.712493896484375 343.556243896484375 339.20001220703125 335.78125 334.375 333.024993896484375 328.79998779296875 320.725006103515625 312.725006103515625 308.024993896484375 306.131256103515625 303.23748779296875 299.962493896484375 296.056243896484375 296.04998779296875 297.21875 296.98748779296875 294.806243896484375 290.5625 284.91876220703125 281.524993896484375 278.78125 278.412506103515625 279.712493896484375 286.443756103515625 289.65625 291.631256103515625 294.08123779296875 298.212493896484375 307.662506103515625 317.024993896484375 327.6875 341.556243896484375 355.95001220703125 371.556243896484375 385.443756103515625 397.54376220703125 408.193756103515625 416.10626220703125 419.25 419.45001220703125 414 408.100006103515625 401.84375 389.76873779296875
352.70623779296875 349.41876220703125 345.90625 344.26251220703125 343.11248779296875 342.23748779296875 339.79998779296875 332.85626220703125 325.09375 321.375 319.462493896484375 318.28125 313.462493896484375 309.29998779296875 308.806243896484375 307.3125 305.399993896484375 299.962493896484375 294.26251220703125 288.85626220703125 284.70001220703125 283.712493896484375 286.29998779296875 289.743743896484375 296.399993896484375 300.162506103515625 300.65625 301.243743896484375 303.21875 310.95001220703125 318.59375 327.98748779296875 340.875 355.243743896484375 370.53125 383.85626220703125 394.899993896484375 405.431243896484375 411.912506103515625 415.41876220703125 416.03125 412.14373779296875 407.399993896484375 401.506256103515625 386.943756103515625
357.399993896484375 355.25 352.774993896484375 350.681243896484375 350.45623779296875 348.5625 345.36248779296875 340.66876220703125 334.024993896484375 331.09375 329.787506103515625 330.41876220703125 327.274993896484375 321.9375 320.662506103515625 317.431243896484375 313.193756103515625 307.53125 300.568756103515625 293.287506103515625 286.45623779296875 287.40625 293.57501220703125 299.14373779296875 303.48748779296875 305.78125 306.16876220703125 306.91876220703125 308.46875 312.23126220703125 317.71875 324.79998779296875 336.33123779296875 350.64373779296875 365.756256103515625 380.381256103515625 392.787506103515625 403.23748779296875 409.056243896484375 410.5 410.11248779296875 409.493743896484375 403.631256103515625 391.20001220703125 376.618743896484375
359.76873779296875 358.17498779296875 355.806243896484375 354.412506103515625 353.45001220703125 351.318756103515625 348.024993896484375 345.76873779296875 341.875 337.975006103515625 334.45001220703125 336.056243896484375 336.556243896484375 334.11248779296875 329.875 327.350006103515625 321.64373779296875 314.29376220703125 306.51251220703125 299.1875 294.993743896484375 295.837493896484375 300.51251220703125 304.993743896484375 309.056243896484375 311.868743896484375 313.100006103515625 311.149993896484375 310.29998779296875 311.45001220703125 314.64373779296875 319.04998779296875 330.83123779296875 344.181243896484375 360.38751220703125 375.274993896484375 389.368743896484375 403.193756103515625 411.5 415.95623779296875 409.993743896484375 400.443756103515625 392.82501220703125 386.506256103515625 376.274993896484375
363.66876220703125 361.943756103515625 360.462493896484375 358.774993896484375 358.087493896484375 355.375 353.70623779296875 351.59375 347.850006103515625 343.1875 339.51251220703125 341.95001220703125 342.64373779296875 341.981231689453125 336.85626220703125 333.5 326.13751220703125 318.20623779296875 310.225006103515625 305.181243896484375 302.350006103515625 303.368743896484375 306.28125 309.975006103515625 314.25 316.79376220703125 317.006256103515625 314.64373779296875 311.743743896484375 308.337493896484375 307.462493896484375 310.9375 322.51251220703125 336.90625 354.024993896484375 367.756256103515625 385.806243896484375 406.54376220703125 423.899993896484375 428.64373779296875 419.5 407.45623779296875 398.056243896484375 390.125 373.537506103515625
365.34375 364.23126220703125 363.04376220703125 362.537506103515625 361.75 359.631256103515625 357.693756103515625 354.10626220703125 350.71875 348.118743896484375 344.23748779296875 346.54376220703125 348.29376220703125 348.118743896484375 343.443756103515625 336.381256103515625 328.506256103515625 322.100006103515625 314.274993896484375 309.13751220703125 308.83123779296875 309.631256103515625 312.337493896484375 315.350006103515625 319.91876220703125 324.46875 323.625 319.587493896484375 313.28125 304.67498779296875 300.125 299.79998779296875 308.53125 322.23748779296875 337.58123779296875 353.95623779296875 377.01873779296875 405.60626220703125 433.068756103515625 441.63751220703125 432.70623779296875 416.76251220703125 402.443756103515625 385.79376220703125 370.568756103515625
365.91876220703125 365.73126220703125 362.9375 363.39373779296875 363.86248779296875 360.943756103515625 359.45623779296875 357.756256103515625 355.806243896484375 352.38751220703125 348.8125 350.54376220703125 352.66876220703125 352.850006103515625 348.10626220703125 339.79376220703125 328.76873779296875 322.61248779296875 317.14373779296875 312.337493896484375 313.40625 315.399993896484375 318.600006103515625 321.181243896484375 326.33123779296875 332.54998779296875 332.375 325.26251220703125 312.493743896484375 299.23126220703125 291.01873779296875 289.506256103515625 294.631256103515625 301.54998779296875 312.787506103515625 331.84375 362.21875 405.131256103515625 454.07501220703125 456.100006103515625 441.03125 420.48126220703125 398.850006103515625 383.4375 367.65625
366.07501220703125 366.837493896484375 364.90625 366.274993896484375 367.42498779296875 366.59375 365.15625 362.70623779296875 360.212493896484375 357.912506103515625 354.88751220703125 355.76251220703125 355.70623779296875 355.068756103515625 349.15625 340.068756103515625 329.0625 318.3125 315.79376220703125 311.631256103515625 315.5625 319.256256103515625 323.07501220703125 326.85626220703125 332.4375 339.32501220703125 341.506256103515625 329 309.73126220703125 290.26873779296875 277.631256103515625 273.76873779296875 281.149993896484375 289.88751220703125 294.83123779296875 301.068756103515625 344.09375 395.28125 435.743743896484375 445.931243896484375 431.725006103515625 412.17498779296875 395.29376220703125 382.26873779296875 367.23748779296875
364.274993896484375 365.774993896484375 365.84375 367.9375 370.10626220703125 370.375 369.36248779296875 368.96875 366.70623779296875 364.09375 359.01251220703125 357.462493896484375 357.58123779296875 357.037506103515625 349.712493896484375 339.71875 328.83123779296875 317.875 310.17498779296875 307.40625 315.34375 324.35626220703125 325.75 331.29998779296875 338.60626220703125 345.225006103515625 344.243743896484375 332.03125 310.462493896484375 284.98126220703125 265.59375 267.475006103515625 280.337493896484375 288.693756103515625 292.51873779296875 304.86248779296875 340.61248779296875 380.36248779296875 412.66876220703125 422.806243896484375 415.54998779296875 400.9375 388.337493896484375 379.475006103515625 368.274993896484375
360.28125 363.10626220703125 363.125 366.125 369.98126220703125 372.45001220703125 373.5 373.943756103515625 372.46875 367.850006103515625 362.98748779296875 362.537506103515625 362.09375 358.85626220703125 349.256256103515625 336.59375 324.381256103515625 315.868743896484375 308.70001220703125 305.337493896484375 311.725006103515625 319.20001220703125 327.51873779296875 334.90625 342.524993896484375 348.41876220703125 346.10626220703125 337.006256103515625 317.556243896484375 291.54376220703125 274.64373779296875 276.53125 287.818756103515625 299.818756103515625 311.58123779296875 325.181243896484375 350.756256103515625 379.60626220703125 401.056243896484375 409.46875 404.350006103515625 389.26873779296875 383.29376220703125 378.993743896484375 370.29998779296875
