data/historical-monthly-weather-data/wc2.1_cruts4.09_10m_prec_1975-02.asc
ncols        51
nrows        45
xllcorner    -63.500000000000
yllcorner    -7.500000000000
cellsize     0.166666666667
NODATA_value -9999
[rows 0 to 19 of 45, columns 0 to 44 of 51]
120.18125152587890625 115.125 109.0187530517578125 104.93125152587890625 99.75624847412109375 97.5500030517578125 94.59375 90.40000152587890625 87.34375 86.1374969482421875 87.21875 88.9250030517578125 90.41249847412109375 89.06874847412109375 89.7312469482421875 90.66249847412109375 92.13124847412109375 91.3874969482421875 93.05625152587890625 95.11875152587890625 97.38124847412109375 99.7062530517578125 103.4187469482421875 108.0812530517578125 113.66249847412109375 120.0124969482421875 127.7312469482421875 136.181243896484375 145.03125 150.8562469482421875 157.0812530517578125 163.8000030517578125 169.2062530517578125 175.0749969482421875 181.75 187.8125 192.181243896484375 196.125 200.600006103515625 203.412506103515625 207.3625030517578125 210.5625 212.056243896484375 216.443756103515625 218.09375
128.600006103515625 123.59375 119.2062530517578125 114.52500152587890625 110.71250152587890625 110.33750152587890625 108.5625 107.3562469482421875 107.05625152587890625 106.5749969482421875 106.81874847412109375 107.08750152587890625 107.13124847412109375 106.1437530517578125 105.7687530517578125 105.38124847412109375 105.75 106.46875 108.84999847412109375 111.40000152587890625 113.91249847412109375 117.25624847412109375 121.46875 125.8625030517578125 130.4250030517578125 136.4250030517578125 142.962493896484375 150.7125091552734375 158.318756103515625 164.100006103515625 169.40625 176.881256103515625 182.4375 188.899993896484375 194.743743896484375 200.5749969482421875 205.1875 208.6875 212.743743896484375 215.256256103515625 218.5187530517578125 220.8000030517578125 221.25 224.149993896484375 224.96875
139.5124969482421875 134.9250030517578125 131.024993896484375 127.4562530517578125 125.09375 125.8937530517578125 127.24375152587890625 129.475006103515625 132.006256103515625 132.537506103515625 131.868743896484375 130.7624969482421875 129.131256103515625 126.5500030517578125 124.46875 122.61875152587890625 121.34999847412109375 122.0625 123.7937469482421875 126.1687469482421875 129.1062469482421875 133.8562469482421875 138.068756103515625 142.431243896484375 148.212493896484375 153.2312469482421875 158.9875030517578125 166.024993896484375 171.712493896484375 176.2937469482421875 182.1687469482421875 188.7624969482421875 195.0437469482421875 200.506256103515625 207.399993896484375 212.243743896484375 217.506256103515625 222.5437469482421875 225.59375 228.0187530517578125 230.618743896484375 231.5062408447265625 231.181243896484375 231.125 232.337493896484375
149.7062530517578125 145.7937469482421875 143.8937530517578125 141.8249969482421875 142.556243896484375 144.4187469482421875 148.6875 154.6062469482421875 160.649993896484375 163.59375 162.1437530517578125 158.024993896484375 152.9562530517578125 148.037506103515625 144.618743896484375 141.274993896484375 138.712493896484375 137.412506103515625 138.8312530517578125 142.431243896484375 146.5812530517578125 151.2937469482421875 155.274993896484375 159.9562530517578125 165.3000030517578125 170.381256103515625 175.975006103515625 181.375 185.649993896484375 190.1437530517578125 194.625 201.8625030517578125 207.28125 213.3937530517578125 219.443756103515625 225.65625 231.3312530517578125 236.243743896484375 240.274993896484375 242.881256103515625 243.59375 243.2312469482421875 241.7687530517578125 239.712493896484375 240.0625
163.912506103515625 158.4187469482421875 155.6125030517578125 155.649993896484375 158.46875 163.25 169.318756103515625 179.4562530517578125 191.2062530517578125 198.6125030517578125 193.0749969482421875 184.181243896484375 177.5124969482421875 171.1999969482421875 165.34375 160.59375 156.931243896484375 153.8625030517578125 155.46875 159.524993896484375 164.693756103515625 168.7062530517578125 173.368743896484375 178.350006103515625 183.212493896484375 188.3625030517578125 191.2062530517578125 194.6125030517578125 199.8125 204.1999969482421875 208.6687469482421875 213.8874969482421875 220.59375 227.1687469482421875 233.25 239.868743896484375 246.806243896484375 252.6687469482421875 256.78125 257.943756103515625 258.631256103515625 255.7375030517578125 251.8000030517578125 248.368743896484375 246.274993896484375
176.6062469482421875 172.2687530517578125 168.600006103515625 167.4375 170.0625 176.7937469482421875 185.0812530517578125 196.193756103515625 210.3249969482421875 221.4375 213.037506103515625 202.7375030517578125 195.7937469482421875 189.7312469482421875 183.96875 179.8874969482421875 175.149993896484375 172.3125 174.75 179.306243896484375 183.256256103515625 187.15625 191.368743896484375 195.0187530517578125 198.399993896484375 203.306243896484375 205.9187469482421875 208.118743896484375 211.743743896484375 216.024993896484375 220.6687469482421875 226.1125030517578125 232.0625 241.056243896484375 248.6062469482421875 255.5437469482421875 263.23748779296875 269.662506103515625 274.712493896484375 275.625 273.618743896484375 269.087493896484375 263.899993896484375 258.931243896484375 253.256256103515625
190.4499969482421875 186.2375030517578125 182.975006103515625 180.274993896484375 181.943756103515625 187.8312530517578125 195.899993896484375 204.5812530517578125 215.4562530517578125 221.21875 220.2312469482421875 215.3937530517578125 210.53125 206.118743896484375 202.287506103515625 199.118743896484375 196.774993896484375 196.899993896484375 199.2937469482421875 201.337493896484375 202.5437469482421875 205.5812530517578125 207.806243896484375 210.1437530517578125 214.6750030517578125 218.006256103515625 219.962493896484375 222.21875 223.3937530517578125 226.96875 232.962493896484375 238.75 246.1687469482421875 253.1125030517578125 261.225006103515625 270.48748779296875 278.399993896484375 286.17498779296875 293 293.368743896484375 288.41876220703125 282.875 277.04376220703125 270.587493896484375 262.70623779296875
204.1125030517578125 198.8249969482421875 195.318756103515625 194.256256103515625 195.3937530517578125 199.3249969482421875 204.024993896484375 208.3125 212.9812469482421875 217.8249969482421875 223.318756103515625 225.337493896484375 224.5749969482421875 221.537506103515625 219.306243896484375 218.09375 217.506256103515625 220.6687469482421875 224.71875 223.1875 221.287506103515625 222.4250030517578125 223.625 225.84375 229.7375030517578125 232.399993896484375 233.681243896484375 234.412506103515625 235.8874969482421875 239.2937469482421875 243.8312530517578125 250.59375 258.337493896484375 266.556243896484375 274.70623779296875 283.29376220703125 291.86248779296875 299.649993896484375 305.21875 306.149993896484375 302.649993896484375 297.506256103515625 291.337493896484375 283.20001220703125 275.943756103515625
216.7937469482421875 211.625 207.943756103515625 206.912506103515625 207.037506103515625 208.625 211.8000030517578125 213.399993896484375 214.056243896484375 218.1062469482421875 226.5124969482421875 232.78125 234.84375 233.9187469482421875 232.4187469482421875 232.6999969482421875 232.774993896484375 235.1999969482421875 239.274993896484375 236.5 232.725006103515625 233.1750030517578125 234.59375 239.125 243.0749969482421875 245.5 245.475006103515625 245.600006103515625 247.181243896484375 250.0749969482421875 254.837493896484375 261.443756103515625 268.962493896484375 276.63751220703125 284.73126220703125 294.26251220703125 303.300018310546875 311.431243896484375 317.95623779296875 319.98748779296875 317.568756103515625 313.36248779296875 308.606231689453125 301.76251220703125 295.91876220703125
229.3562469482421875 224.306243896484375 221.118743896484375 219.1875 218.2375030517578125 218.8125 221.6437530517578125 222.8874969482421875 226.068756103515625 230.693756103515625 238.431243896484375 242.899993896484375 246.59375 245.8874969482421875 245.5437469482421875 244.868743896484375 244.256256103515625 245.125 244.787506103515625 242.7937469482421875 240.5749969482421875 241.9499969482421875 245.09375 252.09375 256.36248779296875 258.3125 258.36248779296875 257.006256103515625 258.8125 261.587493896484375 264.70623779296875 270.306243896484375 278.13751220703125 287.10626220703125 296.006256103515625 305.449981689453125 314.868743896484375 322.34375 329.10626220703125 333.23748779296875 333.86248779296875 331.381256103515625 326.64373779296875 319.29998779296875 315.587493896484375
241.037506103515625 235.943756103515625 232.725006103515625 230.506256103515625 228.7750091552734375 229.1624908447265625 231.4875030517578125 234.350006103515625 239.2062530517578125 245.1374969482421875 253.09375 257.8125 259.95623779296875 258.95001220703125 258.162506103515625 256.787506103515625 254.5124969482421875 252.412506103515625 249.693756103515625 247.681243896484375 245.5812530517578125 247.8249969482421875 254.3000030517578125 260.70001220703125 268.962493896484375 270.70623779296875 269.256256103515625 268.550018310546875 268.662506103515625 270.412506103515625 273.91876220703125 278.86248779296875 286.28125 295.42498779296875 305.993743896484375 316.381256103515625 324.61248779296875 333.51873779296875 340.662506103515625 344.875 347.04376220703125 345.15625 341.712493896484375 335.65625 331.75
251.256256103515625 245.875 242.100006103515625 240.149993896484375 238.9187469482421875 239.506256103515625 242.068756103515625 246.8625030517578125 252.306243896484375 259 267.76251220703125 273.91876220703125 274.67498779296875 272.59375 271.337493896484375 268.1875 264.837493896484375 260.17498779296875 254.8937530517578125 250.681243896484375 247.8937530517578125 251.5625 261.899993896484375 272.79376220703125 280.712493896484375 280.54998779296875 277.75 276.243743896484375 276.29376220703125 278.787506103515625 281.875 285.51251220703125 292.931243896484375 301.524993896484375 311.631256103515625 322.456268310546875 332.975006103515625 342.637481689453125 350.518768310546875 355.975006103515625 359.71875 357.42498779296875 351.26873779296875 342.45623779296875 336.462493896484375
258.39373779296875 253.712493896484375 250.7687530517578125 248.818756103515625 248.8000030517578125 250.375 254.0812530517578125 258.79998779296875 264.462493896484375 272.70001220703125 281.506256103515625 288.375 289.26251220703125 285.3125 282.83123779296875 278.23748779296875 273.818756103515625 268.693756103515625 263.23126220703125 257.13751220703125 251.274993896484375 256.13751220703125 268.53125 279.09375 284.29376220703125 284.51873779296875 283.88751220703125 282.89373779296875 282.59375 285.09375 288.10626220703125 291.375 297.09375 305.71875 315.83123779296875 326.3125 337.006256103515625 349.181243896484375 358.756256103515625 365.70623779296875 371.899993896484375 368.08123779296875 357.037506103515625 344.868743896484375 335.625
264.256256103515625 259.96875 257.649993896484375 256.48126220703125 257.45001220703125 259.70001220703125 264.774993896484375 270.21875 276.662506103515625 284.306243896484375 292.07501220703125 297.48126220703125 298.78125 297.100006103515625 292.475006103515625 288.181243896484375 282.475006103515625 277.850006103515625 272.181243896484375 267.725006103515625 265.368743896484375 269.056243896484375 277.42498779296875 283.53125 287.15625 287.993743896484375 288.5 287.84375 288.243743896484375 289.3125 292.006256103515625 294.42498779296875 299.4375 307.774993896484375 317.193756103515625 328.48126220703125 341.51873779296875 355.225006103515625 367.381256103515625 375.399993896484375 379.125 369.787506103515625 359.46875 349.26873779296875 340.70001220703125
269.51873779296875 264.712493896484375 263.131256103515625 263.631256103515625 264.162506103515625 267.868743896484375 274.300018310546875 279.949981689453125 287.212493896484375 294.79998779296875 301.26251220703125 306.98748779296875 308.868743896484375 307.850006103515625 303.71875 298.53125 293.45001220703125 288.600006103515625 283.98748779296875 281.375 280.29998779296875 281.89373779296875 287.087493896484375 290.587493896484375 292.274993896484375 294.037506103515625 294.631256103515625 293.524993896484375 293.399993896484375 294.337493896484375 294.587493896484375 294.818756103515625 299.287506103515625 305.59375 314.443756103515625 325.243743896484375 340.712493896484375 357.556243896484375 370.600006103515625 377.39373779296875 375.75 369.51251220703125 362.39373779296875 352.6875 343.375
273.162506103515625 268.149993896484375 267.28125 268.45623779296875 270.375 275.01873779296875 282.01873779296875 287.76251220703125 295.96875 304.962493896484375 312.037506103515625 318.36248779296875 321.20623779296875 320.04376220703125 315.61248779296875 308.193756103515625 304.537506103515625 301.38751220703125 298.149993896484375 296.40625 294.243743896484375 294.212493896484375 296.774993896484375 299.4375 298.975006103515625 298.712493896484375 298.28125 298.20001220703125 298.95001220703125 299.337493896484375 298.98126220703125 296.3125 296.225006103515625 299.54376220703125 305.23126220703125 317.16876220703125 334.899993896484375 355.618743896484375 372.45001220703125 379.29998779296875 376.45623779296875 369.306243896484375 361.743743896484375 352.681243896484375 342.181243896484375
274.1875 270.45623779296875 270.131256103515625 272.01251220703125 275.162506103515625 280.76873779296875 288.350006103515625 295.51873779296875 304.556243896484375 314.59375 323.756256103515625 331.649993896484375 336.11248779296875 335.98126220703125 330.70623779296875 322.64373779296875 316.36248779296875 312.412506103515625 309.556243896484375 308.75 307.20001220703125 306.23748779296875 306.23126220703125 307.26873779296875 306.506256103515625 302.9375 300.662506103515625 301.743743896484375 303.98126220703125 305.475006103515625 303.66876220703125 298.649993896484375 294.26251220703125 290.462493896484375 293.6875 305.225006103515625 324.024993896484375 351.34375 376.8125 378.79376220703125 371.381256103515625 364.39373779296875 355.931243896484375 347.443756103515625 338.95623779296875
272.725006103515625 269.79998779296875 271.53125 275.056243896484375 279.024993896484375 285.662506103515625 294.34375 302.625 312.350006103515625 322.712493896484375 333.73126220703125 345.0625 353.29376220703125 354.33123779296875 349.181243896484375 340.818756103515625 330.006256103515625 320.88751220703125 319.693756103515625 318.631256103515625 318.756256103515625 316.256256103515625 312.681243896484375 310.63751220703125 308.65625 305.20001220703125 301.975006103515625 304.60626220703125 308.64373779296875 310.912506103515625 307.625 295.61248779296875 287.36248779296875 280.20623779296875 278.67498779296875 286.01873779296875 309.40625 337.024993896484375 360.48126220703125 366.443756103515625 360.462493896484375 354.193756103515625 347.60626220703125 341.287506103515625 334.33123779296875
270.04998779296875 268.29998779296875 271.100006103515625 274.899993896484375 280.287506103515625 289.33123779296875 298.375 308.587493896484375 319.875 330.5625 343.33123779296875 356.51251220703125 368.631256103515625 375.51873779296875 368.375 355.26251220703125 341.83123779296875 329.21875 324.868743896484375 324.837493896484375 325.96875 323.462493896484375 314.368743896484375 311.024993896484375 308.774993896484375 306.98126220703125 306.287506103515625 309 314.17498779296875 317.912506103515625 314.868743896484375 299.193756103515625 284.506256103515625 269.42498779296875 261.350006103515625 269.60626220703125 292.774993896484375 318.32501220703125 339.056243896484375 347.006256103515625 346.33123779296875 341.20623779296875 337.443756103515625 333.76873779296875 328.475006103515625
267.54376220703125 265.399993896484375 269.037506103515625 273.850006103515625 281.08123779296875 291.71875 302.931243896484375 313.16876220703125 324.91876220703125 336.381256103515625 348.88751220703125 363.96875 381.068756103515625 395.587493896484375 384.61248779296875 363.1875 344.868743896484375 333.631256103515625 328.493743896484375 327.743743896484375 324.024993896484375 318.193756103515625 313.46875 309.931243896484375 307.774993896484375 306.45001220703125 308.40625 313.149993896484375 316.67498779296875 318.88751220703125 313.3125 300.51251220703125 280.84375 259.16876220703125 243.8874969482421875 254.875 281.65625 307.04376220703125 324.78125 333.475006103515625 333.11248779296875 328.618743896484375 328.95001220703125 328.20623779296875 324.725006103515625
