data/historical-monthly-weather-data/wc2.1_cruts4.09_10m_prec_2000-05.asc
ncols        51
nrows        45
xllcorner    -63.500000000000
yllcorner    -7.500000000000
cellsize     0.166666666667
NODATA_value -9999
[rows 20 to 39 of 45, columns 0 to 43 of 51]
305.475006103515625 322.70001220703125 330.587493896484375 332.04376220703125 332.76873779296875 340.193756103515625 342.431243896484375 339.59375 332.675018310546875 321.225006103515625 311.42498779296875 303.399993896484375 290.368743896484375 276.78125 258.568756103515625 243.443756103515625 225.2312469482421875 216.056243896484375 213.568756103515625 208.5124969482421875 217.7687530517578125 226.399993896484375 234.25 242.462493896484375 249.037506103515625 249.493743896484375 245.243743896484375 246.9499969482421875 248.9375 249.118743896484375 252.2687530517578125 259.368743896484375 260.83123779296875 265.59375 276.368743896484375 292.98126220703125 307.96875 318.993743896484375 323.875 324.100006103515625 323.73748779296875 318.10626220703125 317.462493896484375 324.15625
298.54998779296875 305.78125 318.71875 328.98126220703125 330.79376220703125 334.037506103515625 339.375 341.04376220703125 335.600006103515625 325.431243896484375 314.34375 302.82501220703125 289.09375 274.5625 261.881256103515625 244.6125030517578125 238.5437469482421875 226.5437469482421875 221.850006103515625 214.3687591552734375 214.0437469482421875 220.4250030517578125 227.368743896484375 231.3000030517578125 232.693756103515625 237.256256103515625 243.4562530517578125 245.1999969482421875 253.6125030517578125 256.100006103515625 254.868743896484375 254.5500030517578125 260.725006103515625 268.9375 274.375 285.38751220703125 300.037506103515625 310.66876220703125 315.09375 316.34375 318.287506103515625 314.443756103515625 313.54998779296875 317.3125
292.068756103515625 308.86248779296875 319.662506103515625 329.40625 331.193756103515625 332.86248779296875 327.73748779296875 331.462493896484375 334.806243896484375 326.649993896484375 313.4375 300.931243896484375 292.04998779296875 278.431243896484375 265.806243896484375 251.649993896484375 241.0124969482421875 230.912506103515625 222.6750030517578125 215.3625030517578125 216.34375 215.568756103515625 219.1374969482421875 221.743743896484375 227.3937530517578125 230.537506103515625 233.53125 241.837493896484375 251.0812530517578125 252.600006103515625 250.131256103515625 253.6374969482421875 263.0625 269.787506103515625 277.006256103515625 279.212493896484375 288.07501220703125 300.962493896484375 311.225006103515625 312.65625 312.324981689453125 310.243743896484375 308.875 311.412506103515625
281.431243896484375 300.65625 315.79998779296875 322.95623779296875 324.375 323.037506103515625 329.693756103515625 330.58123779296875 326.462493896484375 317.662506103515625 308.537506103515625 303.225006103515625 292.962493896484375 282.66876220703125 267.875 253.9562530517578125 242.881256103515625 234.34375 226.5625 219.75 215.568756103515625 214.399993896484375 213.8312530517578125 219.7624969482421875 222.243743896484375 221.59375 227.6437530517578125 236.8562469482421875 248.1875 255.3312530517578125 260.006256103515625 265.25 274.9375 279.88751220703125 284.45623779296875 281.931243896484375 293.4375 301.993743896484375 308.11248779296875 310.537506103515625 308.899993896484375 309.08123779296875 309.01251220703125 307.90625
277.256256103515625 296.71875 309.337493896484375 321.462493896484375 326.118743896484375 326.65625 323.975006103515625 325.33123779296875 320.01251220703125 314.162506103515625 304.931243896484375 297.10626220703125 291.61248779296875 281.181243896484375 266.350006103515625 255.037506103515625 247.193756103515625 237.412506103515625 227.412506103515625 220.03125 217.59375 213.1687469482421875 213.056243896484375 216.71875 218.587493896484375 224.3625030517578125 230.662506103515625 241.1125030517578125 251.931243896484375 263.76251220703125 270.20001220703125 282.243743896484375 290.587493896484375 294.206268310546875 291.67498779296875 291.41876220703125 298.743743896484375 300.11248779296875 304.318756103515625 306.83123779296875 307.16876220703125 305.118743896484375 304.912506103515625 300.5625
281.068756103515625 301.59375 306.193756103515625 316.462493896484375 317.118743896484375 316.40625 313.40625 313.6875 305.443756103515625 296.76873779296875 296.493743896484375 292.618743896484375 283.975006103515625 275.51873779296875 267.556243896484375 256.73748779296875 249.1687469482421875 239.1875 228.681243896484375 219.618743896484375 216.4375 211.381256103515625 210.375 211.350006103515625 216.46875 221.8000030517578125 234.2687530517578125 245.337493896484375 255.9875030517578125 269.01873779296875 282.056243896484375 302.38751220703125 311.862518310546875 306.912506103515625 300.8125 301.08123779296875 301.17498779296875 302.51873779296875 299.318756103515625 300.45001220703125 302.08123779296875 297.493743896484375 293.65625 292.98748779296875
286.225006103515625 296.40625 304.412506103515625 310.11248779296875 309.725006103515625 308.67498779296875 304.60626220703125 299.318756103515625 293.631256103515625 294.15625 291.48748779296875 284.399993896484375 279.193756103515625 272.95001220703125 265.32501220703125 257.6875 248.25 236.6687469482421875 230.7687530517578125 220.7624969482421875 214.1750030517578125 209.318756103515625 207.131256103515625 211.7624969482421875 216.787506103515625 222.8625030517578125 235.1437530517578125 246.6374969482421875 258.98748779296875 269.83123779296875 287.475006103515625 308.1875 323.5625 313.6875 303.600006103515625 301.149993896484375 304.42498779296875 301.681243896484375 298.225006103515625 298.806243896484375 298.42498779296875 293.8125 289.931243896484375 285.524993896484375
293.95001220703125 298.46875 302.256256103515625 301.568756103515625 301.443756103515625 301.23126220703125 297.95623779296875 290.0625 286.95001220703125 286.850006103515625 282.8125 276.212493896484375 271.931243896484375 265.98126220703125 261.181243896484375 251.806243896484375 246.1374969482421875 239.6062469482421875 233.3937530517578125 224.28125 216.462493896484375 208.681243896484375 207.5124969482421875 210.8312530517578125 216.5749969482421875 221.318756103515625 234.149993896484375 245.837493896484375 259.23748779296875 270.98748779296875 286.17498779296875 303.056243896484375 313.39373779296875 308.3125 304.51251220703125 302.149993896484375 301.26873779296875 302.375 301.38751220703125 297.743743896484375 294.556243896484375 292.51251220703125 288.70001220703125 285.725006103515625
295.818756103515625 298.86248779296875 296.931243896484375 294.681243896484375 292.431243896484375 285.993743896484375 280.54376220703125 279.09375 280.9375 277.100006103515625 273.875 269.98126220703125 265.20001220703125 262.756256103515625 260.568756103515625 256.23126220703125 250.5124969482421875 242.0625 234.243743896484375 225.7375030517578125 217.4562530517578125 208.3249969482421875 204.4375 207.4499969482421875 212.725006103515625 215.662506103515625 228.7312469482421875 242.8125 256.024993896484375 265.88751220703125 279.0625 289.98748779296875 296.89373779296875 296.912506103515625 299.556243896484375 298.88751220703125 299.818756103515625 298.58123779296875 297.556243896484375 293.76873779296875 286.037506103515625 280.912506103515625 282.850006103515625 286.53125
293.806243896484375 293.61248779296875 287.274993896484375 279.48748779296875 274.95001220703125 273.306243896484375 269.48126220703125 271.29998779296875 270.84375 265.774993896484375 264.399993896484375 262.20001220703125 259.48126220703125 258.768768310546875 257.29376220703125 254.25 249.2062530517578125 245.056243896484375 236.1374969482421875 225.274993896484375 216.7624969482421875 208.96875 203.5749969482421875 204.84375 206.875 213.8375091552734375 223.1875 232.8562469482421875 245.0437469482421875 255.03125 266.86248779296875 274.787506103515625 281.581268310546875 286.350006103515625 291.13751220703125 290.006256103515625 297.29376220703125 298.01873779296875 295.32501220703125 297.850006103515625 295.1875 288.118743896484375 283.274993896484375 280.712493896484375
290.46875 286.61248779296875 276.76251220703125 270.48126220703125 266.462493896484375 263.993743896484375 263.774993896484375 262.118743896484375 261.600006103515625 259.29998779296875 257.79998779296875 254.6437530517578125 256.037506103515625 252.368743896484375 251.7624969482421875 251.743743896484375 249.3625030517578125 243.2062530517578125 236.3312530517578125 228.2375030517578125 216.3000030517578125 206.4187469482421875 200.4187469482421875 199.1750030517578125 200.7624969482421875 208.725006103515625 216.2937469482421875 223.75 234.975006103515625 243.0749969482421875 254.5625 259.83123779296875 266.60626220703125 273.48126220703125 278.756256103515625 278.45001220703125 286.01251220703125 292.506256103515625 295.42498779296875 296.04998779296875 299.16876220703125 290.98126220703125 284.306243896484375 276.712493896484375
279.625 273.6875 265.193756103515625 260.26873779296875 258.23748779296875 254.1062469482421875 257.03125 252.212493896484375 251.1125030517578125 248.5124969482421875 247.15625 243.7937469482421875 244.9812469482421875 245.912506103515625 245.4812469482421875 247.243743896484375 242.368743896484375 236.3249969482421875 230.3125 223.5625 210.962493896484375 201.399993896484375 194.287506103515625 194.037506103515625 198.431243896484375 202.431243896484375 209.399993896484375 214.881256103515625 221.8562469482421875 230.5749969482421875 236.756256103515625 243.46875 249.506256103515625 256.92498779296875 264.818756103515625 267.26873779296875 273.96875 282.524993896484375 285.33123779296875 293.20001220703125 296.51873779296875 290.693756103515625 285.131256103515625 282.28125
261.23126220703125 257.306243896484375 250.1999969482421875 248 243.993743896484375 240.3874969482421875 241.318756103515625 238.756256103515625 238.0812530517578125 238.287506103515625 241.7937469482421875 239.5 240.1750030517578125 242.6374969482421875 241.0999908447265625 238.962493896484375 234.6999969482421875 231.931243896484375 223.7062530517578125 217.0749969482421875 204.8625030517578125 197.056243896484375 189.15625 190.318756103515625 193.274993896484375 197.09375 201.34375 206.46875 210.306243896484375 216.3937530517578125 222.725006103515625 227.5812530517578125 231.881256103515625 242.71875 249.7062530517578125 257.04998779296875 260.79998779296875 269.41876220703125 272.58123779296875 283.181243896484375 286.16876220703125 285.10626220703125 282.08123779296875 282.625
243.3125 238.9499969482421875 236.7687530517578125 234.9875030517578125 233.962493896484375 229.368743896484375 227.71875 224.5625 223.59375 224.4875030517578125 227.806243896484375 231.1687469482421875 231.375 231.8249969482421875 232.4375 232.71875 229.8625030517578125 225.743743896484375 216.1374969482421875 207.931243896484375 199.743743896484375 192.96875 185.7624969482421875 184.625 187.087493896484375 188.806243896484375 191.3375091552734375 194.568756103515625 199.3312530517578125 204.0187530517578125 209.0437469482421875 212.899993896484375 218.3562469482421875 225.5124969482421875 234.087493896484375 240.46875 247.3874969482421875 251.7062530517578125 258.868743896484375 266.36248779296875 269.481231689453125 273.337493896484375 276.63751220703125 279.07501220703125
224.4437408447265625 221.28125 221.4875030517578125 222.6125030517578125 222.8874969482421875 218.6750030517578125 213.1437530517578125 210.806243896484375 206.899993896484375 209.0500030517578125 214.84375 219.65625 225.03125 228.837493896484375 228.3937530517578125 227.056243896484375 223.1687469482421875 218.9187469482421875 209.9499969482421875 199.6999969482421875 192.506256103515625 184.9187469482421875 179.90625 178.1687469482421875 179.056243896484375 180.0812530517578125 184.0124969482421875 187.225006103515625 190.40625 194.78125 197.3125 200.0437469482421875 203.0187530517578125 210.4562530517578125 212.6437530517578125 220.368743896484375 224.881256103515625 236.53125 242.8562469482421875 247.868743896484375 251.662506103515625 253.375 257.79376220703125 263.962493896484375
209.1687469482421875 208.256256103515625 206.84375 207.037506103515625 206.3249969482421875 202.6374969482421875 196.96875 195.375 192.40625 191.493743896484375 196.037506103515625 206.6750030517578125 216.600006103515625 220.28125 221.631256103515625 219.4875030517578125 215.524993896484375 208.65625 202.3874969482421875 192.631256103515625 186.443756103515625 179.943756103515625 174.84375 173.65625 173.243743896484375 173.03125 178.131256103515625 181.087493896484375 181.3562469482421875 184.1999969482421875 186.693756103515625 188.4375 190.274993896484375 192.3937530517578125 195.3937530517578125 200.5749969482421875 211.4375 216.537506103515625 222.5124969482421875 231.037506103515625 233.756256103515625 239.0625 241.462493896484375 247.037506103515625
195.7312469482421875 196.375 194.8249969482421875 194.625 194.774993896484375 190.0812530517578125 185.837493896484375 181.649993896484375 177.8937530517578125 172.3625030517578125 183.9375 203.931243896484375 212.7312469482421875 215.1437530517578125 214.962493896484375 212.3874969482421875 206.743743896484375 199.53125 193.53125 183.475006103515625 179.0187530517578125 173.868743896484375 168.2687530517578125 166.90625 166.5749969482421875 167.881256103515625 170.65625 172.3125 172.34375 175.056243896484375 177.7624969482421875 179.8000030517578125 180.0812530517578125 178.8312530517578125 181.568756103515625 188.3874969482421875 195.774993896484375 202.4562530517578125 206.2687530517578125 211.056243896484375 213.7312469482421875 216.1125030517578125 224.0124969482421875 230.600006103515625
183.962493896484375 184.368743896484375 184.9375 184.0625 185.306243896484375 182.274993896484375 178.837493896484375 174.125 170.818756103515625 165.693756103515625 188.287506103515625 208.65625 212.6875 213.7312469482421875 211.068756103515625 206.9812469482421875 200.34375 194.100006103515625 186.0625 178.3000030517578125 171.7312469482421875 167.306243896484375 162.65625 161.024993896484375 160.243743896484375 160.681243896484375 161.0187530517578125 165.5812530517578125 166.5500030517578125 167.0625 167.6999969482421875 169.274993896484375 170.212493896484375 167.368743896484375 166.4250030517578125 172.600006103515625 181.0124969482421875 186.21875 192.8625030517578125 194.875 197.8625030517578125 201.0437469482421875 202.287506103515625 204.9812469482421875
172.7062530517578125 173.125 173.631256103515625 174.225006103515625 173.03125 171.78125 171.7312469482421875 172.556243896484375 176.399993896484375 188.443756103515625 214.743743896484375 217.7624969482421875 212.493743896484375 210.9187469482421875 207.212493896484375 202.4375 196.662506103515625 189.8312530517578125 182.506256103515625 173.743743896484375 165.75 159.475006103515625 156.3249969482421875 156.006256103515625 153.8937530517578125 153.5625 155.9562530517578125 159.693756103515625 159.006256103515625 160.962493896484375 159.537506103515625 156.8562469482421875 158.5124969482421875 159.193756103515625 162.0187530517578125 165.9875030517578125 170.493743896484375 177.4250030517578125 178.850006103515625 178.375 183.34375 185.412506103515625 184.75 188.8125
164.712493896484375 164.3937530517578125 165.9812469482421875 166.46875 166.774993896484375 166.40625 166.1750030517578125 172.65625 180.506256103515625 192.53125 204.743743896484375 210.5437469482421875 207.006256103515625 204.181243896484375 202.8249969482421875 196.65625 190.1062469482421875 183.056243896484375 175.087493896484375 168.056243896484375 159.181243896484375 153.537506103515625 148.193756103515625 147.53125 147.0749969482421875 147.6437530517578125 148.912506103515625 151.375 151.225006103515625 152.5124969482421875 152.96875 153.837493896484375 154.4562530517578125 156.087493896484375 158.375 160.4437408447265625 163.0500030517578125 168.381256103515625 168.9187469482421875 165.287506103515625 167.59375 169.2562408447265625 167.1125030517578125 167.443756103515625
