data/historical-monthly-weather-data/wc2.1_cruts4.09_10m_prec_2021-10.asc
ncols        51
nrows        45
xllcorner    -63.500000000000
yllcorner    -7.500000000000
cellsize     0.166666666667
NODATA_value -9999
[rows 0 to 19 of 45, columns 0 to 43 of 51]
133.4875030517578125 131.993743896484375 131.212493896484375 132.8249969482421875 133.600006103515625 134.587493896484375 133.774993896484375 133.03125 132.3625030517578125 133.006256103515625 135.212493896484375 136.15625 136.2687530517578125 134.493743896484375 132.662506103515625 130.6750030517578125 128.5500030517578125 124.8625030517578125 122.0187530517578125 119.2062530517578125 117.2375030517578125 114.88124847412109375 112.9250030517578125 111.125 109.78125 108.7687530517578125 107.3562469482421875 106.2062530517578125 105.47499847412109375 103.9375 102.59999847412109375 101.4499969482421875 100.8000030517578125 100.55625152587890625 100.47499847412109375 99.25 97.6999969482421875 95.71875 92.34375 88.4812469482421875 84.46250152587890625 79.80625152587890625 74.34999847412109375 68.65000152587890625
129.8562469482421875 128.1875 129.3249969482421875 132.8312530517578125 136.7062530517578125 137.399993896484375 137.431243896484375 138.5124969482421875 140.21875 141.6437530517578125 143.100006103515625 142.756256103515625 141.6687469482421875 139.787506103515625 137.181243896484375 134.9187469482421875 131.506256103515625 127.77500152587890625 124.5124969482421875 121.8000030517578125 119.40000152587890625 117.4375 115.7062530517578125 114.28125 113.0437469482421875 111.46875 110.53749847412109375 109.55625152587890625 108.4875030517578125 106.3125 105.5749969482421875 105.3249969482421875 105.21250152587890625 105.68125152587890625 105.3249969482421875 103.1062469482421875 101.13124847412109375 98.2312469482421875 94.03125 89.0625 84.11875152587890625 78.74375152587890625 72.5812530517578125 66.1687469482421875
124.66249847412109375 123.83750152587890625 125.49375152587890625 129.9875030517578125 134.7624969482421875 137.7937469482421875 141.0500030517578125 145.399993896484375 149.462493896484375 151.8312530517578125 152.5124969482421875 150.6374969482421875 148.193756103515625 145 141.537506103515625 138.337493896484375 135.0625 131.5749969482421875 128.399993896484375 125.8625030517578125 123.7624969482421875 122.75624847412109375 121.38124847412109375 119.80625152587890625 118.3625030517578125 117.15000152587890625 115.875 114.69374847412109375 112.5749969482421875 110.7624969482421875 110.27500152587890625 109.4875030517578125 108.91249847412109375 109.0749969482421875 108.55625152587890625 106.0500030517578125 103.31874847412109375 100.3312530517578125 95.4375 89.55625152587890625 83.6437530517578125 77.6999969482421875 71.21250152587890625 64.875
118.5187530517578125 117.75 121.02500152587890625 124.71250152587890625 130.1062469482421875 135.524993896484375 142.4875030517578125 150.537506103515625 158.368743896484375 162.53125 161.806243896484375 157.756256103515625 153.431243896484375 149.3125 145.881256103515625 141.8937530517578125 138.149993896484375 135.4187469482421875 132.9375 131.0187530517578125 129.65625 128.3249969482421875 126.6687469482421875 125.3312530517578125 123.7687530517578125 122.19374847412109375 120.58750152587890625 118.78125 116.61875152587890625 114.61875152587890625 113.9562530517578125 113.5 111.7375030517578125 110.65000152587890625 109.0625 107.43125152587890625 104.9875030517578125 101.68125152587890625 96.22499847412109375 89.5625 82.1374969482421875 75.9250030517578125 69.2937469482421875 63.049999237060546875
117.8249969482421875 114.46250152587890625 114.9250030517578125 118.43125152587890625 124.9187469482421875 132.78125 142.0437469482421875 152.7937469482421875 165.1875 173.4625091552734375 170.068756103515625 162.412506103515625 157.1374969482421875 153.2624969482421875 149.1999969482421875 144.75 141.212493896484375 138.181243896484375 135.90625 134.40625 134.162506103515625 132.96875 131.524993896484375 130.4499969482421875 128.7937469482421875 127.09375 124.49375152587890625 122.88124847412109375 121.1125030517578125 118.11875152587890625 116.96250152587890625 115.96250152587890625 114.16249847412109375 112.34999847412109375 110.6437530517578125 108.47499847412109375 106.06874847412109375 103.00624847412109375 96.5625 88.9250030517578125 80.5812530517578125 73.625 67.0500030517578125 60.78125
117.3000030517578125 114.1999969482421875 112.75624847412109375 113.22499847412109375 121.0437469482421875 131.1374969482421875 140.9375 151.8625030517578125 164.5187530517578125 175.4375 170.1999969482421875 162.350006103515625 158.3125 154.7687530517578125 151.024993896484375 147.931243896484375 144.3874969482421875 141.881256103515625 140.4499969482421875 139.256256103515625 139.2062530517578125 138.5437469482421875 137.6062469482421875 135.4499969482421875 133.600006103515625 131.537506103515625 128.3937530517578125 125.7062530517578125 124.0437469482421875 120.34375 118.4875030517578125 117.6875 115.08750152587890625 113 111 109.3937530517578125 107.4562530517578125 105.3249969482421875 99.5749969482421875 90.81874847412109375 80.74375152587890625 73.6999969482421875 66.80625152587890625 60.875
119.4562530517578125 116.2375030517578125 115.1687469482421875 115.3874969482421875 121.46875 129.3562469482421875 137.53125 145.25 152.306243896484375 157.0124969482421875 158.899993896484375 157.5437469482421875 156.5187530517578125 155.1125030517578125 152.506256103515625 150.3937530517578125 147.899993896484375 145.5749969482421875 144.1687469482421875 143.9562530517578125 144.556243896484375 144.462493896484375 143.431243896484375 141.2312469482421875 139.087493896484375 136.4812469482421875 133.131256103515625 129.506256103515625 126.22499847412109375 122.5812530517578125 120.0749969482421875 118.06874847412109375 114.9812469482421875 112.71250152587890625 110.71875 108.8937530517578125 107.4875030517578125 105.81874847412109375 101.1875 91.0124969482421875 80.2624969482421875 72.40625 65.6875 60.237499237060546875
122.69374847412109375 119.125 119.83750152587890625 122.49375152587890625 126.8125 132.3874969482421875 135.8312530517578125 136.65625 135.193756103515625 137.931243896484375 145.7375030517578125 150.2312469482421875 153.368743896484375 154.3562469482421875 154.181243896484375 153.006256103515625 151.40625 149.6750030517578125 148.84375 149.5187530517578125 150.71875 150.725006103515625 149.8562469482421875 147.5999908447265625 144.912506103515625 141.2375030517578125 136.7312469482421875 131.7937469482421875 127.5500030517578125 122.4375 119.5625 117.36875152587890625 114.21875 111.6875 108.96875 107.06874847412109375 104.9250030517578125 102.875 96.46250152587890625 86.8625030517578125 76.4375 68.53125 61.58750152587890625 56.049999237060546875
126.9875030517578125 124.74375152587890625 127 130.024993896484375 134.056243896484375 137.4562530517578125 138.7062530517578125 135.493743896484375 127.8937530517578125 126.75624847412109375 137.662506103515625 145.5 151.193756103515625 153.7312469482421875 155.462493896484375 156.3312530517578125 156.1875 156.493743896484375 157.3625030517578125 157.9375 158.71875 158.9187469482421875 156.5812530517578125 154.399993896484375 150.1687469482421875 144.9499969482421875 138.506256103515625 133.943756103515625 129.149993896484375 122.74375152587890625 119.15625 116.15000152587890625 112.125 108.72499847412109375 105.28125 103.56874847412109375 101.63124847412109375 98.375 90.9562530517578125 81.9375 72.125 63.950000762939453125 57.02500152587890625 50.875
132.068756103515625 130.743743896484375 133.4562530517578125 137.662506103515625 142.462493896484375 145.4375 145.71875 141.875 135.8000030517578125 134.5812530517578125 140.1125030517578125 145.5437469482421875 151.1999969482421875 154.712493896484375 157.931243896484375 160.53125 161.881256103515625 164.1437530517578125 166.506256103515625 169.243743896484375 169.2687530517578125 168.2624969482421875 164.5437469482421875 160.024993896484375 153.412506103515625 147.09375 140.7937469482421875 134.774993896484375 129.7062530517578125 122.90625 117.50624847412109375 113.78749847412109375 109.4375 105.90000152587890625 102.53749847412109375 100.41249847412109375 97.74375152587890625 93.84999847412109375 86.38124847412109375 77.0749969482421875 67.55625152587890625 59.30625152587890625 51.68125152587890625 45.33750152587890625
137.443756103515625 136.7937469482421875 139.9250030517578125 144.693756103515625 150.15625 155.556243896484375 156.6125030517578125 151.96875 146.693756103515625 145.131256103515625 147.399993896484375 150.3625030517578125 153.5187530517578125 157.2312469482421875 161.306243896484375 164.556243896484375 167.756256103515625 171.5625 175.8249969482421875 180.337493896484375 182.1125030517578125 179.2312469482421875 173.2375030517578125 164.5 157.71875 151.568756103515625 144.899993896484375 138.3125 131.412506103515625 123.875 117.71875 112.91249847412109375 108.24375152587890625 104.06874847412109375 99.8249969482421875 96.90000152587890625 93.69374847412109375 88.8625030517578125 81.2062530517578125 72.0749969482421875 62.768749237060546875 54.5625 47.21875 40.53749847412109375
142.399993896484375 142.0812530517578125 145.6999969482421875 151.318756103515625 157.5500030517578125 163.693756103515625 166.4875030517578125 160.868743896484375 156.0749969482421875 153.5 153.693756103515625 155.8562469482421875 157.993743896484375 161.5124969482421875 166.375 169.7312469482421875 173.5 177.84375 182.881256103515625 189.318756103515625 193.75 190.0124969482421875 181.6875 170.662506103515625 160.9812469482421875 152.4812469482421875 144.375 138.368743896484375 132.2375030517578125 124.91249847412109375 117.5187530517578125 111.86875152587890625 106.375 101.75624847412109375 97.38124847412109375 93.6374969482421875 89.50624847412109375 84.53749847412109375 76.5187530517578125 67.78125 58.450000762939453125 50.450000762939453125 43.331249237060546875 37.25
146.587493896484375 146.9375 150.881256103515625 156.1687469482421875 162.25 167.1750030517578125 168.1875 165.6875 161.9499969482421875 160.40625 160.2375030517578125 161.34375 163.65625 165.493743896484375 170.162506103515625 174.6687469482421875 178.024993896484375 183.1125030517578125 188.6999969482421875 194.65625 200.9812469482421875 197.8125 188.21875 176.28125 160.75 150.431243896484375 145.537506103515625 139.375 133.6750030517578125 125.75 117.69374847412109375 110.50624847412109375 104.8937530517578125 99.41249847412109375 94.68125152587890625 90.6875 86.06874847412109375 81.24375152587890625 73.78749847412109375 64.3249969482421875 55.36875152587890625 48.0625 40.90000152587890625 33.21250152587890625
149.8000030517578125 150.4562530517578125 154.6125030517578125 159.625 164.6750030517578125 168.4187469482421875 169.40625 169.0437469482421875 167.149993896484375 165.4187469482421875 164.7312469482421875 165.71875 167.631256103515625 170.15625 172.9812469482421875 177.662506103515625 180.7312469482421875 185.1437530517578125 189.7624969482421875 194.6437530517578125 199.3125 197.162506103515625 191.2687530517578125 181.118743896484375 168.1875 158.193756103515625 150.7937469482421875 142.96875 135.625 125.83750152587890625 116.5500030517578125 109.0625 102.90000152587890625 97.2937469482421875 92.46875 88.4499969482421875 84.06874847412109375 79.7062530517578125 72.7062530517578125 64.05625152587890625 54.46250152587890625 45.80625152587890625 38.731250762939453125 32.606250762939453125
152.2312469482421875 153.3562469482421875 156.774993896484375 161.53125 166.0749969482421875 169.006256103515625 171.4562530517578125 172.131256103515625 170.3562469482421875 169.1374969482421875 168.774993896484375 169.5625 171.125 173.556243896484375 175.743743896484375 179.9812469482421875 182.181243896484375 184.756256103515625 187.5749969482421875 191.931243896484375 195.962493896484375 196.53125 194.6687469482421875 189.431243896484375 181.5500030517578125 171.881256103515625 160.1999969482421875 148.6125030517578125 138.0749969482421875 126.0187530517578125 115.34375 106.94374847412109375 100.78125 95.9499969482421875 91.2062530517578125 86.78125 83.1125030517578125 80.4562530517578125 75.33750152587890625 66.27500152587890625 55.71250152587890625 47.0625 40.331249237060546875 34.59999847412109375
153.46875 154.5124969482421875 158.087493896484375 162.71875 166.962493896484375 170.3249969482421875 172.6999969482421875 173.5500030517578125 172.8125 172.2937469482421875 171.274993896484375 171.024993896484375 172.5437469482421875 175.1374969482421875 177.975006103515625 180.743743896484375 180.8562469482421875 182.2375030517578125 184.118743896484375 187.193756103515625 190.6437530517578125 194.4562530517578125 197.8562469482421875 199.1999969482421875 194.524993896484375 184.2687530517578125 170.0812530517578125 155.2624969482421875 141.193756103515625 126.21875 114.1125030517578125 104.36875152587890625 97.86875152587890625 93.19374847412109375 88.09999847412109375 83.08750152587890625 81.66249847412109375 80.0625 76.84999847412109375 68.71875 59.293750762939453125 50.668750762939453125 43.25624847412109375 36.862499237060546875
153.006256103515625 154.5500030517578125 159.024993896484375 164.1125030517578125 168.2375030517578125 171.5812530517578125 174.243743896484375 175.556243896484375 175.3562469482421875 174.1437530517578125 172.756256103515625 172.068756103515625 172.3312530517578125 173.9250030517578125 175.8562469482421875 177.381256103515625 175.5812530517578125 175.875 177.618743896484375 180.8125 184.4812469482421875 190.40625 198.8562469482421875 206.46875 206.8312530517578125 192.975006103515625 177.118743896484375 158.837493896484375 141.5625 125.05625152587890625 112.52500152587890625 103.5500030517578125 94.94374847412109375 87.96875 82.3312530517578125 79.91249847412109375 79.65000152587890625 82.56874847412109375 83.61875152587890625 73.96250152587890625 63.61875152587890625 54.575000762939453125 46.09999847412109375 39.625
152.09375 154.225006103515625 159.4875030517578125 164.743743896484375 169.28125 173.34375 176.3562469482421875 177.649993896484375 177.568756103515625 176.8000030517578125 175.537506103515625 173.368743896484375 172.024993896484375 171.2375030517578125 171.40625 170.993743896484375 168.743743896484375 167.7624969482421875 169.943756103515625 172.5187530517578125 176.3874969482421875 182.881256103515625 192.5 201.8125 203.943756103515625 193.743743896484375 180.3937530517578125 160.662506103515625 140.75 122.08750152587890625 108.66249847412109375 99.56874847412109375 93.6062469482421875 88.6875 81.03125 73.47499847412109375 77.58750152587890625 82.7687530517578125 82.4562530517578125 75.9875030517578125 66.1374969482421875 57.25 48.66249847412109375 41.893749237060546875
149.8874969482421875 153.5187530517578125 159.5 165.524993896484375 171.0187530517578125 175.087493896484375 178.125 179.9812469482421875 181.118743896484375 179.9562530517578125 177.193756103515625 174.2375030517578125 170.756256103515625 167.6687469482421875 166.431243896484375 166 163.556243896484375 161.3874969482421875 162.943756103515625 164.5500030517578125 167.868743896484375 176.774993896484375 182.7312469482421875 190.78125 193.1875 188.962493896484375 176.462493896484375 158.65625 140.3312530517578125 120.1687469482421875 104.59999847412109375 99.33750152587890625 98.625 93.2312469482421875 86.15000152587890625 80.15000152587890625 80.94374847412109375 82.71250152587890625 81.03125 75.53749847412109375 67.30625152587890625 60.25624847412109375 51.231250762939453125 44.15625
146.7062530517578125 151.975006103515625 158.5124969482421875 165.2687530517578125 171.743743896484375 177.056243896484375 181.1437530517578125 183.7687530517578125 184.8874969482421875 184.1750030517578125 180.818756103515625 175.75 170.3937530517578125 165.2312469482421875 162.8937530517578125 161.7937469482421875 158.524993896484375 158.4562530517578125 159.6750030517578125 162.3562469482421875 163.40625 168.25 177.21875 183.3125 184.662506103515625 179.943756103515625 169.6875 157.024993896484375 139.662506103515625 121.5124969482421875 108.65000152587890625 106.69374847412109375 105.40000152587890625 103.6374969482421875 100.28125 93.55625152587890625 89.15000152587890625 86.58750152587890625 82.11875152587890625 75.9875030517578125 68.9875030517578125 62.1875 53.737499237060546875 46.34999847412109375
