data/historical-monthly-weather-data/wc2.1_cruts4.09_10m_prec_2017-02.asc
ncols        45
nrows        45
xllcorner    -63.500000000000
yllcorner    -7.500000000000
cellsize     0.166666666667
NODATA_value -9999
[rows 0 to 19 of 45, columns 0 to 44 of 45]
139.4562530517578125 130.3625030517578125 123.1125030517578125 118.66249847412109375 112.8874969482421875 110 106.1999969482421875 100.9499969482421875 96.56874847412109375 94.1687469482421875 94.2312469482421875 94.6999969482421875 94.8562469482421875 92.09375 91.5437469482421875 91.3249969482421875 91.7312469482421875 90.34999847412109375 91.4499969482421875 92.90625 94.46250152587890625 96.03749847412109375 98.91249847412109375 102.52500152587890625 106.9250030517578125 112.15625 119.3625030517578125 127.34999847412109375 136.006256103515625 143.431243896484375 151.631256103515625 160.3312530517578125 166.65625 173.337493896484375 180.2624969482421875 183.0812530517578125 183.506256103515625 183.0437469482421875 181.15625 177.3249969482421875 174.274993896484375 170.25 164.7624969482421875 161.6875 158.0124969482421875
147.693756103515625 138.78125 133.649993896484375 128.65625 124.5124969482421875 123.52500152587890625 120.8249969482421875 118.6875 116.94374847412109375 114.90000152587890625 113.6062469482421875 112.1750030517578125 110.53749847412109375 107.90000152587890625 106.125 104.4562530517578125 103.6437530517578125 103.7062530517578125 105.46250152587890625 107.3562469482421875 109.03125 111.46875 114.72499847412109375 118.3562469482421875 122.15625 127.41875457763671875 133.899993896484375 141.6999969482421875 149.524993896484375 156.3874969482421875 162.943756103515625 171.5749969482421875 177.53125 184.2312469482421875 189.712493896484375 191.087493896484375 190.4562530517578125 188.337493896484375 185.0124969482421875 179.975006103515625 175.443756103515625 170.0812530517578125 163.3125 158.59375 153.9187469482421875
155.1437530517578125 146.6875 141.881256103515625 137.931243896484375 135.1999969482421875 135.5187530517578125 136.3625030517578125 138.006256103515625 139.2312469482421875 138.193756103515625 135.899993896484375 133.068756103515625 129.7687530517578125 125.625 122.25624847412109375 119.1999969482421875 116.86875152587890625 116.78125 117.7624969482421875 119.28749847412109375 121.06874847412109375 124.4812469482421875 127.40000152587890625 130.912506103515625 135.787506103515625 140.15625 146.256256103515625 153.8000030517578125 160.1875 165.6999969482421875 172.5187530517578125 179.9375 186.0749969482421875 191.274993896484375 197.1875 196.993743896484375 196.306243896484375 194.9187469482421875 190.1374969482421875 184.4499969482421875 178.9187469482421875 172.3312530517578125 164.943756103515625 158.1062469482421875 153.7624969482421875
160.806243896484375 153.0437469482421875 150.056243896484375 147.350006103515625 147.5625 149.125 153.1437530517578125 158.712493896484375 163.5500030517578125 165.0374908447265625 162.037506103515625 156.3874969482421875 149.8937530517578125 143.6875 139.1687469482421875 134.8562469482421875 131.375 129.243743896484375 129.6750030517578125 132.100006103515625 134.625 137.537506103515625 139.875 143.556243896484375 147.9187469482421875 152.287506103515625 158.6125030517578125 165.1062469482421875 170.568756103515625 175.875 181.149993896484375 188.8562469482421875 193.6687469482421875 198.90625 203.3874969482421875 203.868743896484375 202.975006103515625 200.912506103515625 196.412506103515625 190.375 182.9250030517578125 175.3249969482421875 167.1812591552734375 159.068756103515625 154.287506103515625
170.256256103515625 160.78125 156.625 155.662506103515625 157.600006103515625 162.181243896484375 168.181243896484375 178.006256103515625 188.5124969482421875 194.4187469482421875 187.681243896484375 177.7062530517578125 170.0437469482421875 162.8000030517578125 156.21875 150.78125 146.40625 142.3937530517578125 142.75 145.2375030517578125 148.2937469482421875 150.1750030517578125 152.7375030517578125 156.5500030517578125 160.40625 164.8125 169.068756103515625 174.1999969482421875 180.868743896484375 185.899993896484375 190.8937530517578125 196.3937530517578125 201.8625030517578125 206.9187469482421875 210.818756103515625 211.162506103515625 210.868743896484375 209.1125030517578125 204.1374969482421875 196.5124969482421875 188.712493896484375 179.287506103515625 169.5124969482421875 160.631256103515625 154.5187530517578125
177.6999969482421875 169.6687469482421875 164.5124969482421875 162.181243896484375 163.625 169.90625 177.8125 188.3249969482421875 201 210.59375 201.568756103515625 190.881256103515625 183.462493896484375 176.9250030517578125 170.756256103515625 166.21875 161.0124969482421875 156.9499969482421875 157.625 160.149993896484375 161.875 163.46875 165.4875030517578125 168.1062469482421875 170.662506103515625 174.8312530517578125 179.006256103515625 183.1937408447265625 188.5187530517578125 193.287506103515625 198.25 203.649993896484375 208.056243896484375 214.8625030517578125 219.7062530517578125 220.5187530517578125 221.193756103515625 220.21875 216.1437530517578125 208.431243896484375 198.787506103515625 188.399993896484375 178.037506103515625 168.375 160.3000030517578125
185.8000030517578125 178.193756103515625 173.368743896484375 169.3249969482421875 169.568756103515625 174.8125 182.2312469482421875 190.149993896484375 199.75 204.46875 202.962493896484375 198.0124969482421875 193.125 188.631256103515625 184.587493896484375 181.1687469482421875 178.3249969482421875 176.5749969482421875 176.662506103515625 176.46875 175.618743896484375 176.350006103515625 176.5749969482421875 178.0437469482421875 181.568756103515625 184.3937530517578125 188.056243896484375 192.368743896484375 195.5749969482421875 199.537506103515625 205.4499969482421875 210.9187469482421875 216.225006103515625 220.806243896484375 225.8562469482421875 229.1062469482421875 230.4875030517578125 231.1374969482421875 228.806243896484375 220.993743896484375 209.462493896484375 198.6687469482421875 188.1062469482421875 177.75 168.5625
193.46875 185.1750030517578125 179.9812469482421875 177.2687530517578125 176.75 179.975006103515625 184.0812530517578125 187.8125 191.8312530517578125 196.0187530517578125 200.756256103515625 202.5625 201.9499969482421875 199.1750030517578125 196.850006103515625 195.412506103515625 194.2687530517578125 194.837493896484375 195.875 192.131256103515625 188.524993896484375 187.556243896484375 186.8937530517578125 188.2375030517578125 191.212493896484375 193.475006103515625 196.649993896484375 199.75 203.28125 207.006256103515625 211.399993896484375 217.5124969482421875 222.7624969482421875 228.056243896484375 232.875 235.96875 238.4562530517578125 239.787506103515625 236.931243896484375 230.037506103515625 220.03125 209.8937530517578125 199.4375 188.2624969482421875 179.756256103515625
201.2312469482421875 193.287506103515625 187.806243896484375 184.8562469482421875 183.1374969482421875 184.1125030517578125 186.7375030517578125 187.975006103515625 188.5812530517578125 192.212493896484375 199.7062530517578125 205.618743896484375 207.881256103515625 207.3562469482421875 205.40625 204.9375 204.0437469482421875 203.931243896484375 205.037506103515625 200.3625030517578125 195.2624969482421875 193.8312530517578125 193.412506103515625 196.7062530517578125 199.712493896484375 201.8312530517578125 204.193756103515625 207.1125030517578125 211.03125 214.443756103515625 219.2312469482421875 225.3000030517578125 230.1875 234.8249969482421875 239.4375 243.6125030517578125 246.90625 248.9250030517578125 247.375 241.8249969482421875 233.087493896484375 224.0625 214.9562530517578125 204.943756103515625 197.725006103515625
208.8000030517578125 201.274993896484375 196.0187530517578125 191.9812469482421875 189.0500030517578125 189.0187530517578125 191.1999969482421875 192.087493896484375 195.0374908447265625 199.318756103515625 206.3625030517578125 210.993743896484375 215.0500030517578125 215.024993896484375 213.71875 211.868743896484375 209.9875030517578125 208.631256103515625 206.1999969482421875 202.4562530517578125 198.868743896484375 198.350006103515625 199.4375 204.743743896484375 208.006256103515625 209.818756103515625 212.5812530517578125 214.662506103515625 219.118743896484375 222.6999969482421875 226.306243896484375 231.6875 236.71875 242.2687530517578125 247.4250030517578125 251.8000030517578125 255.774993896484375 257.693756103515625 256.92498779296875 253.59375 247.681243896484375 240.399993896484375 231.743743896484375 221.774993896484375 216.4250030517578125
215.475006103515625 208.1875 202.774993896484375 198.2062530517578125 194.375 194.09375 195.712493896484375 197.931243896484375 202.399993896484375 207.96875 215.34375 220.4187469482421875 223.3874969482421875 223.28125 221.2062530517578125 218.3312530517578125 214.6875 211.0124969482421875 206.8625030517578125 203.3937530517578125 200.131256103515625 200.4499969482421875 204.350006103515625 209.181243896484375 215.7062530517578125 217.443756103515625 219.412506103515625 222.4375 225.899993896484375 228.899993896484375 233.0749969482421875 238.0812530517578125 242.6374969482421875 248.149993896484375 254.6187591552734375 260.04998779296875 263.399993896484375 266.89373779296875 267.024993896484375 264.42498779296875 260.3125 254.056243896484375 246.8937530517578125 238.274993896484375 233.2624969482421875
221.96875 214.681243896484375 208.681243896484375 204.274993896484375 200.743743896484375 200.5812530517578125 202.3000030517578125 206.0500030517578125 211.1999969482421875 217.5437469482421875 225.6437530517578125 231.381256103515625 232.59375 231.09375 228.587493896484375 224.2624969482421875 219.8000030517578125 214.2624969482421875 208.3249969482421875 203.34375 199.743743896484375 201.34375 208.431243896484375 217.0749969482421875 223.537506103515625 224.1062469482421875 225.618743896484375 228.662506103515625 232.6875 236.59375 240.693756103515625 244.806243896484375 249.3312530517578125 254.306243896484375 260.33123779296875 266.23748779296875 271.61248779296875 275.89373779296875 277.1875 276.131256103515625 273.774993896484375 267.649993896484375 258.868743896484375 248.5749969482421875 242.287506103515625
225.837493896484375 219.3562469482421875 214.100006103515625 209.600006103515625 207.024993896484375 207.587493896484375 210.2062530517578125 213.818756103515625 219.2687530517578125 227.068756103515625 235.2062530517578125 240.875 241.399993896484375 237.7062530517578125 234.2062530517578125 228.850006103515625 223.6999969482421875 218.1062469482421875 212.3562469482421875 206.1374969482421875 200.2624969482421875 202.9562530517578125 211.774993896484375 220.381256103515625 225.0124969482421875 226.2624969482421875 230.100006103515625 234.306243896484375 238.712493896484375 242.912506103515625 247.193756103515625 251.2312469482421875 254.2624969482421875 259.20623779296875 265.23126220703125 270.943756103515625 276.631256103515625 283.131256103515625 286.35626220703125 287.131256103515625 287.274993896484375 280.431243896484375 268.337493896484375 255.8874969482421875 247.3249969482421875
228.53125 222.662506103515625 217.9875030517578125 214.1750030517578125 212.4187469482421875 213.46875 217.1687469482421875 221.3249969482421875 227.4812469482421875 234.881256103515625 242.162506103515625 245.931243896484375 246.006256103515625 243.556243896484375 238.34375 233.3937530517578125 227.399993896484375 222.5437469482421875 216.9375 212.3312530517578125 209.4375 211.3249969482421875 217.118743896484375 222.5187530517578125 226.2375030517578125 228.350006103515625 233.6999969482421875 238.756256103515625 244.306243896484375 247.631256103515625 251.899993896484375 255.399993896484375 257.85626220703125 262.537506103515625 267.962493896484375 274.48748779296875 282.21875 290.21875 296.13751220703125 298.431243896484375 297.29998779296875 286.587493896484375 275.38751220703125 264.65625 256.60626220703125
230.6999969482421875 224.881256103515625 221.21875 219.2312469482421875 217.4499969482421875 219.8125 224.693756103515625 229.0625 235.6875 242.8312530517578125 248.774993896484375 252.3125 252.3625030517578125 250.0500030517578125 245.1999969482421875 239.568756103515625 234.1437530517578125 229.318756103515625 224.8249969482421875 221.943756103515625 220.462493896484375 221.125 224.84375 228.681243896484375 231.381256103515625 234.7062530517578125 240.3312530517578125 245.1750030517578125 250.4375 254.006256103515625 256.556243896484375 258.48748779296875 260.5 263.4375 268.41876220703125 274.662506103515625 284.568756103515625 295.34375 302.725006103515625 304.793731689453125 300.01251220703125 291.64373779296875 282.6875 272.068756103515625 263.162506103515625
231.462493896484375 225.962493896484375 223.4375 222.4562530517578125 222.2687530517578125 225.5625 230.9875030517578125 235.493743896484375 242.6999969482421875 250.6999969482421875 256.806243896484375 260.35626220703125 260.693756103515625 257.850006103515625 252.7375030517578125 245.337493896484375 241.100006103515625 237.8625030517578125 234.662506103515625 232.71875 230.8562469482421875 230.7624969482421875 232.9250030517578125 236.6687469482421875 238.21875 240.412506103515625 245.318756103515625 251.024993896484375 257.11248779296875 260.58123779296875 263.01251220703125 262.73748779296875 260.76873779296875 261.131256103515625 263.48748779296875 270.837493896484375 282.850006103515625 297.15625 308.412506103515625 311.337493896484375 306.14373779296875 296.850006103515625 287.21875 276.787506103515625 266.58123779296875
229.90625 226.0749969482421875 224.475006103515625 224.587493896484375 225.8625030517578125 230.09375 236.087493896484375 241.787506103515625 249.475006103515625 258.0625 265.61248779296875 270.006256103515625 271.23126220703125 268.837493896484375 262.98748779296875 255.1125030517578125 248.8625030517578125 245.2375030517578125 242.600006103515625 241.6687469482421875 240.8125 240.5 241.1875 244.225006103515625 246.0812530517578125 246.0625 249.493743896484375 256.149993896484375 263.54376220703125 268.32501220703125 269.875 267.79376220703125 262.024993896484375 256.13751220703125 256.443756103515625 263.681243896484375 276.899993896484375 297.181243896484375 316.412506103515625 315.868743896484375 307.32501220703125 297.96875 287.36248779296875 277.118743896484375 268.16876220703125
225.899993896484375 223.5500030517578125 224.1437530517578125 226.0687408447265625 228.3874969482421875 233.493743896484375 240.375 246.975006103515625 255.25 264.11248779296875 273.1875 280.46875 284.79376220703125 283.39373779296875 277.76873779296875 269.76251220703125 260.08123779296875 252.625 251.5 250.662506103515625 251.743743896484375 250.875 249.368743896484375 250.3125 251.46875 251.7312469482421875 254.162506103515625 261.899993896484375 270.662506103515625 276.274993896484375 276.625 268.28125 259.20001220703125 250.524993896484375 246.96875 250.993743896484375 268.837493896484375 290.01251220703125 307.53125 309.975006103515625 302.149993896484375 293.212493896484375 284.006256103515625 275.34375 267.39373779296875
220.9375 220.306243896484375 222.256256103515625 224.84375 228.725006103515625 235.850006103515625 242.962493896484375 251.1374969482421875 260.725006103515625 269.88751220703125 280.48748779296875 289.45623779296875 297.08123779296875 300.54998779296875 293.5 281.881256103515625 270.25 260.23126220703125 256.899993896484375 257.181243896484375 259.70623779296875 259.53125 254.193756103515625 254.368743896484375 255.5500030517578125 257.36248779296875 261.66876220703125 269.23748779296875 278.83123779296875 285.850006103515625 286.51873779296875 274.881256103515625 260 244.318756103515625 235.118743896484375 240.4499969482421875 258.79376220703125 278.850006103515625 293.9375 297.65625 293.78125 285.67498779296875 278.774993896484375 272.15625 265.3125
216.243743896484375 216 219.100006103515625 222.943756103515625 228.71875 237.162506103515625 246.024993896484375 254.15625 264.181243896484375 274.08123779296875 284.58123779296875 295.318756103515625 307.256256103515625 317.11248779296875 307.15625 289.08123779296875 273.756256103515625 265.037506103515625 261.306243896484375 261.33123779296875 260.537506103515625 258.256256103515625 256.9375 257.212493896484375 258.6875 261.03125 267.375 276.45623779296875 284.40625 290.13751220703125 288.54376220703125 279.462493896484375 260.087493896484375 238.3937530517578125 222.8249969482421875 231.0749969482421875 253.381256103515625 273.899993896484375 286.28125 290.23748779296875 286.225006103515625 278.506256103515625 274.881256103515625 270.53125 264.91876220703125
