data/historical-monthly-weather-data/wc2.1_cruts4.09_10m_prec_2021-05.asc
ncols        45
nrows        45
xllcorner    -63.500000000000
yllcorner    -7.500000000000
cellsize     0.166666666667
NODATA_value -9999
[rows 19 to 37 of 45, columns 0 to 43 of 45]
290.118743896484375 286.51251220703125 281.181243896484375 274.287506103515625 270.32501220703125 271.26251220703125 268.837493896484375 263.837493896484375 257.39373779296875 249.90625 243.0625 235.837493896484375 228.3249969482421875 216.725006103515625 205.5437469482421875 191.1374969482421875 179.3000030517578125 177.7624969482421875 173.8625030517578125 173.875 172.1062469482421875 175.84375 182.3874969482421875 184.662506103515625 183.5187530517578125 178.7375030517578125 176.1062469482421875 174.9875030517578125 168.6750030517578125 161.5 159.0625 165.09375 164.9499969482421875 163.118743896484375 164.8625030517578125 161.5187530517578125 153.78125 144.162506103515625 133.4562530517578125 121.2937469482421875 106.1750030517578125 96.28749847412109375 90.97499847412109375 86.21875
271.11248779296875 277.100006103515625 276.631256103515625 270.850006103515625 264.962493896484375 268.443756103515625 268.431243896484375 264.493743896484375 258.256256103515625 248.631256103515625 240.3562469482421875 233.556243896484375 222.931243896484375 212.1999969482421875 199.475006103515625 189.243743896484375 176.5437469482421875 171.287506103515625 171.4187469482421875 168.8874969482421875 174.59375 179.09375 182.4812469482421875 183.8625030517578125 183.537506103515625 178.9187469482421875 171.375 168.3125 165.875 164.1374969482421875 164.662506103515625 167.1750030517578125 162.7062530517578125 159.8000030517578125 159.462493896484375 155.9250030517578125 149.787506103515625 141.2624969482421875 130.0812530517578125 117.41249847412109375 105.7312469482421875 96.1750030517578125 89 84.7062530517578125
261.375 258.975006103515625 263.975006103515625 266.76873779296875 262.875 262.79376220703125 264.75 263.85626220703125 258.443756103515625 249.6125030517578125 240.100006103515625 230.4875030517578125 219.274993896484375 207.7624969482421875 199.2375030517578125 187.375 184.212493896484375 177.381256103515625 176.3562469482421875 172.556243896484375 171.3000030517578125 174.806243896484375 178.28125 176.681243896484375 172.8000030517578125 171.4499969482421875 171.34375 168.2375030517578125 170.056243896484375 170.1062469482421875 168.0500030517578125 165.943756103515625 163.943756103515625 162.4499969482421875 158.4250030517578125 152.225006103515625 146.6687469482421875 138.7062530517578125 127.83750152587890625 116.0437469482421875 105.4250030517578125 96.3000030517578125 88.8312530517578125 83.5812530517578125
252.21875 258.07501220703125 262.0625 265.399993896484375 262.38751220703125 260.881256103515625 254.3125 254.6999969482421875 255.8000030517578125 248.2937469482421875 237 226.5812530517578125 218.931243896484375 208.0500030517578125 199.587493896484375 190.162506103515625 183.5749969482421875 178.7937469482421875 175.5625 172.5187530517578125 173.024993896484375 171.618743896484375 173.162506103515625 170.8249969482421875 170.3562469482421875 168.068756103515625 165.7062530517578125 167.193756103515625 169.631256103515625 169.2937469482421875 166.7312469482421875 167.3625030517578125 166.8874969482421875 163.725006103515625 160.1750030517578125 149.4812469482421875 141.6999969482421875 135.59375 127.71250152587890625 116.2624969482421875 105.1062469482421875 96.43125152587890625 88.6374969482421875 82.9375
239.9187469482421875 248.306243896484375 256.125 257.66876220703125 254.7062530517578125 251.087493896484375 253.868743896484375 252.193756103515625 247.5749969482421875 239.600006103515625 231.4187469482421875 226.475006103515625 217.912506103515625 209.6437530517578125 199.743743896484375 190.6875 183.993743896484375 181.0187530517578125 178.837493896484375 176.868743896484375 173.8625030517578125 172.806243896484375 171.600006103515625 171.962493896484375 169.125 164.0500030517578125 163.8937530517578125 166.0124969482421875 169.868743896484375 173.568756103515625 175.9812469482421875 177.8000030517578125 176.693756103515625 171.5437469482421875 165.631256103515625 152.2375030517578125 146 138.118743896484375 128.75 118.06874847412109375 106.6999969482421875 98.66249847412109375 91.1374969482421875 84.2687530517578125
233.40625 242.2687530517578125 248.1687469482421875 253.806243896484375 253.537506103515625 251.631256103515625 247.4499969482421875 246.431243896484375 240.931243896484375 235.162506103515625 226.943756103515625 220.2375030517578125 215.3625030517578125 207.1437530517578125 197.4187469482421875 190.5124969482421875 186.506256103515625 183.21875 179.9562530517578125 178.193756103515625 177.25 174.181243896484375 173.8874969482421875 172.493743896484375 169.149993896484375 168.8562469482421875 168.7062530517578125 171.5 174.912506103515625 181.975006103515625 185.7937469482421875 192.318756103515625 189.34375 182.243743896484375 171.1999969482421875 158.8312530517578125 150.5 139.4375 129.6125030517578125 119.38124847412109375 109.0124969482421875 100.1687469482421875 92.5500030517578125 84.68125152587890625
233.118743896484375 242.8874969482421875 242.5 246.8562469482421875 243.8312530517578125 241.34375 237.350006103515625 235.850006103515625 228.350006103515625 220.59375 219.131256103515625 215.537506103515625 208.5187530517578125 201.9562530517578125 197.46875 191.131256103515625 187.5812530517578125 184.6750030517578125 181.625 179.068756103515625 178.21875 175.2937469482421875 174.850006103515625 171.40625 170.5812530517578125 169.9250030517578125 174.2687530517578125 177.306243896484375 180.4812469482421875 188.53125 197.125 209.3874969482421875 206.037506103515625 192.125 177.9562530517578125 165.6875 153.65625 142.7687530517578125 129.9625091552734375 119.58750152587890625 110.0812530517578125 100.50624847412109375 91.8125 85.13124847412109375
230.899993896484375 232.1999969482421875 235.1374969482421875 236.818756103515625 233.9250030517578125 232.0187530517578125 228.100006103515625 223.2687530517578125 218.25 217.8687591552734375 215.1875 209.75 205.75 201.25 197.1875 193.274993896484375 188.3937530517578125 184.350006103515625 185.024993896484375 181.90625 179.100006103515625 177.181243896484375 176.6062469482421875 176.21875 175.28125 175.118743896484375 179.2375030517578125 182.462493896484375 186.693756103515625 192.993743896484375 204.6062469482421875 216.881256103515625 216.618743896484375 198.4562530517578125 181.068756103515625 167.412506103515625 157.375 144.787506103515625 132.1374969482421875 121.8249969482421875 111.90000152587890625 102.61875152587890625 94.22499847412109375 86.6687469482421875
230.28125 226.8937530517578125 227.3312530517578125 225.087493896484375 223.4187469482421875 223 220.5500030517578125 214.6374969482421875 212.131256103515625 211.8249969482421875 208.7062530517578125 204.181243896484375 201.4562530517578125 197.625 195.7624969482421875 190.618743896484375 188.65625 188.506256103515625 189.068756103515625 186.868743896484375 183.912506103515625 180.4812469482421875 181.65625 180.256256103515625 179.8874969482421875 178.631256103515625 183.100006103515625 186.3625030517578125 191.2375030517578125 197.9187469482421875 207.53125 216.787506103515625 212.625 197.037506103515625 183.037506103515625 169.7062530517578125 157.8312530517578125 147.5500030517578125 136.25 124.3312530517578125 113.59999847412109375 105.58750152587890625 97.5187530517578125 90.5812530517578125
225.2312469482421875 220.881256103515625 217.84375 215.3937530517578125 213.1125030517578125 208.912506103515625 205.59375 205.1437530517578125 206.875 204.350006103515625 202.368743896484375 200.3249969482421875 197.743743896484375 196.993743896484375 197.2312469482421875 195.962493896484375 194.0437469482421875 192.4875030517578125 191.8125 190.2937469482421875 187.725006103515625 184.1125030517578125 183.743743896484375 182.243743896484375 181.5812530517578125 178.8625030517578125 183.59375 188.7312469482421875 193.4187469482421875 198.3562469482421875 206.1062469482421875 210.725006103515625 204.037506103515625 191.6687469482421875 181.5500030517578125 169.625 159.1999969482421875 148.1750030517578125 137.287506103515625 125.7062530517578125 113.5437469482421875 104.9187469482421875 99.40000152587890625 95.0187530517578125
218.65625 213.024993896484375 207.8312530517578125 202.399993896484375 199.431243896484375 199.1437530517578125 197.3625030517578125 199.725006103515625 200.274993896484375 197.412506103515625 197.375 196.975006103515625 196.3000030517578125 197.243743896484375 198.0749969482421875 197.806243896484375 196.3937530517578125 198.0749969482421875 196.306243896484375 192.6875 190.493743896484375 188.6999969482421875 187.6687469482421875 184.962493896484375 181.8249969482421875 182.8874969482421875 184.6999969482421875 186.4812469482421875 190.5 194.6999969482421875 200.4875030517578125 202.03125 195.5187530517578125 186.6437530517578125 178.1437530517578125 166.568756103515625 160.225006103515625 150.6875 139.587493896484375 131.318756103515625 121.5124969482421875 112.40625 104.78125 98.69374847412109375
211.3874969482421875 204.3937530517578125 197.8000030517578125 194.443756103515625 192.7624969482421875 192.243743896484375 193.3937530517578125 193.506256103515625 194.5124969482421875 194.256256103515625 194.6437530517578125 193.90625 196.7375030517578125 195.7375030517578125 197.2937469482421875 199.40625 200.0625 199.931243896484375 199.556243896484375 198.1125030517578125 193.443756103515625 190.375 189.3625030517578125 184.78125 181.71875 184.15625 184.5812530517578125 184.712493896484375 188.0500030517578125 189.912506103515625 194.475006103515625 193.1875 186.962493896484375 179.96875 172.21875 161.881256103515625 156.53125 150.693756103515625 143.0625 134.5749969482421875 127.8000030517578125 118.58750152587890625 110.72499847412109375 103.13124847412109375
198.8874969482421875 191.8125 187.1437530517578125 185.65625 186.1437530517578125 184.875 188.7687530517578125 187.0124969482421875 187.9875030517578125 187.8937530517578125 188.7687530517578125 188.1999969482421875 191.212493896484375 194.09375 195.8625030517578125 199.4375 198.006256103515625 197.6125030517578125 197.5625 196.993743896484375 191.943756103515625 189.5 187.806243896484375 184.6687469482421875 184.6437530517578125 184 184.1437530517578125 182.743743896484375 182.756256103515625 184.431243896484375 183.9812469482421875 183.1062469482421875 176.8562469482421875 170.850006103515625 165.350006103515625 157.399993896484375 152.306243896484375 148.34375 141.618743896484375 137.412506103515625 131.5187530517578125 123.8562469482421875 116.8937530517578125 111.46250152587890625
181.3625030517578125 177.056243896484375 173.9250030517578125 174.7062530517578125 174.2687530517578125 174.59375 178.3562469482421875 179.4187469482421875 180.787506103515625 182.6875 187.306243896484375 187.875 190.881256103515625 195.40625 196.443756103515625 196.9812469482421875 196.068756103515625 198.0812530517578125 195.693756103515625 194.743743896484375 189.4812469482421875 188.1374969482421875 185.3000030517578125 184.1062469482421875 183.5 183.375 181.681243896484375 180.53125 178.28125 177.4250030517578125 176.600006103515625 173.9187469482421875 166.931243896484375 163.96875 158.4187469482421875 154.0437469482421875 147.756256103515625 144.46875 139.3000030517578125 137.9375 133.1062469482421875 128.2312469482421875 122.8562469482421875 119.28125
164.568756103515625 161.243743896484375 161.931243896484375 163.2687530517578125 165.34375 166.2624969482421875 169.537506103515625 171.2937469482421875 172.4562530517578125 174.6999969482421875 179.056243896484375 184.2937469482421875 187.306243896484375 190.493743896484375 193.431243896484375 196.0749969482421875 196.368743896484375 196.899993896484375 192.8249969482421875 189.943756103515625 187.65625 186.6374969482421875 184.0124969482421875 181.193756103515625 180.899993896484375 179.524993896484375 176.931243896484375 174.756256103515625 173.868743896484375 171.493743896484375 169.181243896484375 165.412506103515625 159.756256103515625 154.881256103515625 151.0437469482421875 146.7312469482421875 142.881256103515625 137.899993896484375 136.243743896484375 134.962493896484375 131.587493896484375 129.8125 127.9562530517578125 125.7937469482421875
147.3874969482421875 145.9375 148.5625 152.100006103515625 155.431243896484375 157.6687469482421875 159.1687469482421875 162.412506103515625 161.4499969482421875 164.787506103515625 171.243743896484375 177.931243896484375 185.475006103515625 191.8562469482421875 194.0500030517578125 195.46875 194.84375 194.9375 190.931243896484375 185.625 183.53125 181.03125 180.0187530517578125 177.09375 175.9812469482421875 174.649993896484375 174.024993896484375 172.46875 170.587493896484375 167.6999969482421875 162.9375 158.0500030517578125 151.068756103515625 147.125 139.774993896484375 137.1374969482421875 132.6875 132.6750030517578125 131.8625030517578125 130.649993896484375 128.8874969482421875 126.90000152587890625 126.33750152587890625 126.7062530517578125
132.1687469482421875 132.5437469482421875 134.1999969482421875 137.125 139.774993896484375 142.306243896484375 143.5812530517578125 147.412506103515625 148.618743896484375 151.149993896484375 158.100006103515625 170.09375 181.9375 188.6750030517578125 192.53125 193.225006103515625 192.462493896484375 189.6687469482421875 187.475006103515625 181.9250030517578125 179.8874969482421875 177.4812469482421875 175.649993896484375 173.556243896484375 171.568756103515625 169.524993896484375 170.850006103515625 169.8187408447265625 165.9499969482421875 161.881256103515625 157.2312469482421875 151.7687530517578125 144.7062530517578125 137.8125 132.0187530517578125 128.8249969482421875 129.243743896484375 126.3125 125.93125152587890625 127.2375030517578125 125.3874969482421875 125.7937469482421875 124.8312530517578125 125.56874847412109375
118.3125 119.875 121.53749847412109375 124.2624969482421875 127.4562530517578125 129.181243896484375 131.2937469482421875 133.2624969482421875 135.3562469482421875 135.96875 150.131256103515625 170.59375 182.1125030517578125 188.274993896484375 190.899993896484375 191.1999969482421875 188.75 185.1125030517578125 182.5124969482421875 175.9499969482421875 174.6687469482421875 172.6437530517578125 169.5187530517578125 167.475006103515625 165.9562530517578125 165.868743896484375 165.6999969482421875 164.243743896484375 160.8125 156.9499969482421875 152.625 147.6437530517578125 140.006256103515625 131.431243896484375 126.2937469482421875 125.05625152587890625 124.25 123.0812530517578125 121.9187469482421875 121.53749847412109375 120.05625152587890625 119.4499969482421875 121.97499847412109375 123.8874969482421875
105.6750030517578125 107.25624847412109375 110.3000030517578125 112.6687469482421875 116.59375 119.44374847412109375 122.08750152587890625 123.8312530517578125 127.6999969482421875 130.0999908447265625 154.787506103515625 176.59375 184.875 190.475006103515625 191.149993896484375 190.181243896484375 186.818756103515625 183.537506103515625 178.4375 173.4375 169.2687530517578125 167.0749969482421875 164.1999969482421875 162.09375 160.493743896484375 159.90625 158.068756103515625 160.1687469482421875 158.225006103515625 152.625 146.78125 141.818756103515625 135.431243896484375 126.3625030517578125 119.3312530517578125 118.65625 119.4562530517578125 118.19374847412109375 119.1875 117.4875030517578125 116.5437469482421875 116.77500152587890625 116.06874847412109375 116.34375
