data/historical-monthly-weather-data/wc2.1_cruts4.09_10m_prec_2013-07.asc
ncols        51
nrows        45
xllcorner    -63.500000000000
yllcorner    -7.500000000000
cellsize     0.166666666667
NODATA_value -9999
[rows 19 to 37 of 45, columns 0 to 43 of 51]
130.71875 133.8125 135.7624969482421875 137.875 139.0437469482421875 144.4250030517578125 142.6374969482421875 143.78125 144.125 140.1687469482421875 137.524993896484375 140.118743896484375 138.6125030517578125 136.725006103515625 130.28125 121.8312530517578125 117.6062469482421875 129.9875030517578125 125.46875 125.39374542236328125 123.6437530517578125 137.71875 158.162506103515625 169.3562469482421875 172.712493896484375 166.381256103515625 163.0187530517578125 166.5 163.493743896484375 158.975006103515625 164.59375 181.3937530517578125 189.6687469482421875 197.8312530517578125 208.75 223.6125030517578125 231.7687530517578125 234.524993896484375 232.9187469482421875 221.1875 199.962493896484375 181.524993896484375 174.09375 163.649993896484375
115.1125030517578125 124.84999847412109375 132.2937469482421875 132.100006103515625 131.381256103515625 136.524993896484375 137.375 139.3249969482421875 138.5437469482421875 136.5124969482421875 132.568756103515625 134.681243896484375 134.8562469482421875 131.537506103515625 125.7062530517578125 119.9499969482421875 117.84375 120.8625030517578125 126.6062469482421875 122.5812530517578125 133.943756103515625 147.40625 163.181243896484375 176.287506103515625 178.9812469482421875 170.475006103515625 157.6062469482421875 159.024993896484375 162.1437530517578125 161.5812530517578125 170.1437530517578125 179.493743896484375 179.899993896484375 189.193756103515625 200.087493896484375 211.03125 219.1750030517578125 217.524993896484375 210.9562530517578125 199.587493896484375 186.1437530517578125 176.25 165.993743896484375 157.84375
108.50624847412109375 110.90625 119.875 124.41249847412109375 127.0124969482421875 127.15000152587890625 129.037506103515625 131.212493896484375 132.243743896484375 130.881256103515625 129.868743896484375 127.71250152587890625 126.09375 128.5812530517578125 128.381256103515625 123.18125152587890625 124.99375152587890625 125.65000152587890625 129 130.618743896484375 134.5437469482421875 146.3937530517578125 161.368743896484375 165.524993896484375 163.899993896484375 159.5 161.4812469482421875 156.40625 164.212493896484375 169.4875030517578125 170.3249969482421875 171.006256103515625 172.6062469482421875 178.100006103515625 183.068756103515625 195.2375030517578125 202.287506103515625 202.03125 196.9499969482421875 188.725006103515625 178.5625 171.1437530517578125 163.493743896484375 155.556243896484375
101.90625 109.1437530517578125 115.59999847412109375 118.6999969482421875 120.6125030517578125 122.65000152587890625 118.65000152587890625 120.7312469482421875 123.8125 128.2624969482421875 129.1999969482421875 127.125 128.4187469482421875 128.6062469482421875 131.193756103515625 131.4562530517578125 128.1999969482421875 126.24375152587890625 127.8312530517578125 132.7312469482421875 143.868743896484375 150.0437469482421875 158.375 161.1999969482421875 164.90625 158.4562530517578125 153.931243896484375 155.875 157.493743896484375 158.149993896484375 158.3562469482421875 160.837493896484375 161 161.693756103515625 168.4812469482421875 173.2375030517578125 182.2312469482421875 180.75 181.475006103515625 178.6875 171.8937530517578125 162.431243896484375 156.4812469482421875 149.2375030517578125
92.28125 101.94374847412109375 111.09999847412109375 113.49375152587890625 115.22499847412109375 115.0437469482421875 117.56874847412109375 117.59375 117.28749847412109375 117.6125030517578125 120.1437530517578125 126.34999847412109375 127.7687530517578125 130.087493896484375 129.350006103515625 129.756256103515625 126.125 129.1374969482421875 130.212493896484375 137.7937469482421875 143.4499969482421875 154.118743896484375 160.881256103515625 167.9312591552734375 169.0687408447265625 160.787506103515625 159.1125030517578125 151.3312530517578125 149.037506103515625 147.8625030517578125 147.8312530517578125 148.0124969482421875 145.2624969482421875 143.3125 152.8000030517578125 153.84375 163.568756103515625 168.53125 169.6437530517578125 166.681243896484375 162.774993896484375 155.024993896484375 150.53125 143.0812530517578125
85.91249847412109375 96.2937469482421875 106.65625 110.30625152587890625 112.7624969482421875 111.04375457763671875 112.59999847412109375 113.1750030517578125 113.1999969482421875 116.3000030517578125 119.0812530517578125 118.5 124.6374969482421875 126.03125 124.9875030517578125 122.9812469482421875 123.24375152587890625 128.024993896484375 132.1437530517578125 137.6875 145.9187469482421875 154.1374969482421875 167.462493896484375 169.5500030517578125 164.8625030517578125 164.8562469482421875 153.59375 145.287506103515625 139.181243896484375 137.0124969482421875 130.5124969482421875 126.4187469482421875 128.4875030517578125 128.5124969482421875 131.59375 137.693756103515625 148.162506103515625 152.0187530517578125 155.5812530517578125 155.743743896484375 151.056243896484375 147.21875 144.162506103515625 136.7687530517578125
84.28749847412109375 94.09999847412109375 99.08750152587890625 104.21250152587890625 106.5124969482421875 106.3562469482421875 107.52500152587890625 107.84375 106.96875 105.90000152587890625 113.66249847412109375 115.8000030517578125 115.97499847412109375 118.40625 119.4499969482421875 119.8562469482421875 119.6750030517578125 124.6750030517578125 130.5500030517578125 135.068756103515625 147.0187530517578125 156.4375 168.556243896484375 170.4875030517578125 164.1750030517578125 157.9562530517578125 149.28125 137.96875 127.9375 121.15625 114.3562469482421875 108.3874969482421875 108.0187530517578125 110.68125152587890625 117.56874847412109375 124.47499847412109375 133.475006103515625 140.6875 143.850006103515625 144.693756103515625 145.1062469482421875 138.9375 134.8625030517578125 127.84999847412109375
76.94374847412109375 82.38124847412109375 89.3625030517578125 95 97.42499542236328125 99.11875152587890625 101.49375152587890625 101.68125152587890625 99.4562530517578125 104.41249847412109375 110.1374969482421875 112.1875 113.0812530517578125 112.68125152587890625 112.9250030517578125 116.45624542236328125 116.9812469482421875 119.6750030517578125 126.5437469482421875 133.2624969482421875 140.631256103515625 150.431243896484375 163.8249969482421875 169.21875 159.2624969482421875 147.368743896484375 137.7687530517578125 128.1999969482421875 118.84999847412109375 107.7687530517578125 102.25624847412109375 93.1062469482421875 92.1125030517578125 100.02500152587890625 105.2937469482421875 113.96875 118.83750152587890625 125.69374847412109375 130.337493896484375 133.4875030517578125 136.975006103515625 133.28125 127.9250030517578125 120.68125152587890625
69.96875 71.6687469482421875 77.83750152587890625 84.8874969482421875 88.00624847412109375 90.83750152587890625 93.6687469482421875 94.43125152587890625 95.6687469482421875 99.50624847412109375 103.3874969482421875 103.93125152587890625 105.34999847412109375 105.97499847412109375 106.00624847412109375 108.13124847412109375 110.3000030517578125 114.38124847412109375 117.65625 125.38124847412109375 136.068756103515625 143.5124969482421875 149.6062469482421875 153.556243896484375 148.3625030517578125 138.131256103515625 128.274993896484375 118.7062530517578125 109.4499969482421875 101.46875 93.97499847412109375 87.72499847412109375 87.1687469482421875 90.0500030517578125 95.78749847412109375 102.91249847412109375 107.15000152587890625 113.91249847412109375 119.5437469482421875 125.94374847412109375 129.181243896484375 130.28125 122.6687469482421875 117.22499847412109375
62.700000762939453125 63.831249237060546875 70.18125152587890625 73.4562530517578125 78.09999847412109375 80.08750152587890625 82.6999969482421875 86.24375152587890625 88.03749847412109375 92.8562469482421875 96.0625 96.84375 98.6750030517578125 100.71250152587890625 101.3874969482421875 103.03125 106.5749969482421875 107.53749847412109375 112.21875 119.19374847412109375 126.9250030517578125 133.3625030517578125 140.118743896484375 139.9187469482421875 135.6062469482421875 127.74375152587890625 118.4562530517578125 109.375 103.5 96.06874847412109375 87.88124847412109375 82.46250152587890625 81.36875152587890625 82.9375 87.61875152587890625 93.5812530517578125 97.84375 103.71875 108.72499847412109375 111.93125152587890625 118.1125030517578125 116.19374847412109375 112.78749847412109375 108.40625
56.450000762939453125 58.731250762939453125 63.27500152587890625 66.3312530517578125 68.8312530517578125 71.83750152587890625 73.9499969482421875 78.9812469482421875 82.59999847412109375 85.8000030517578125 89.18125152587890625 92.19374847412109375 94.0124969482421875 94.5 95.47499847412109375 97.0625 98.375 101.53749847412109375 104.25 108.8937530517578125 116.71875 121.78749847412109375 127.6374969482421875 124.56874847412109375 121.30625152587890625 115.66249847412109375 106.83750152587890625 99.47499847412109375 94.27500152587890625 87.55625152587890625 81.5625 76.3625030517578125 75.1125030517578125 76.7375030517578125 79.46250152587890625 83.44374847412109375 89.6875 92.83124542236328125 94.44374847412109375 97.79999542236328125 103.94374847412109375 103.74375152587890625 101.08750152587890625 96.40000152587890625
51.856250762939453125 53.25 54.86875152587890625 59.3125 62.68125152587890625 66.24375152587890625 68.46875 71.88124847412109375 75.6750030517578125 79.4875030517578125 83.6374969482421875 85.78125 89.93125152587890625 88.7312469482421875 88.7062530517578125 90.7624969482421875 94.2937469482421875 94.0500030517578125 94.36875152587890625 100.71250152587890625 108.00624847412109375 112.3249969482421875 115.65000152587890625 110.6750030517578125 106.1687469482421875 104.5437469482421875 97.02500152587890625 88.86875152587890625 82.4375 78.59999847412109375 74.34375 71.3312530517578125 70.84375 72.4187469482421875 74.1125030517578125 75.75624847412109375 79.4187469482421875 84 83.4375 83.0437469482421875 86.7624969482421875 89.46250152587890625 88.03125 83.68125152587890625
47.71250152587890625 46.6875 47.950000762939453125 50.737499237060546875 54.612499237060546875 58.75624847412109375 62.55625152587890625 65.5187530517578125 69.875 72.6062469482421875 77.06874847412109375 81.18125152587890625 83.28749847412109375 85.6999969482421875 86.08750152587890625 87.02500152587890625 88.41249847412109375 88.0500030517578125 87.28125 93.0812530517578125 96.9499969482421875 101.19374847412109375 102.6437530517578125 97.9812469482421875 95.80625152587890625 91.80625152587890625 85.76874542236328125 80.40000152587890625 73.1687469482421875 70.5625 68.75 66.375 65.4499969482421875 66.6437530517578125 68.625 68.97499847412109375 72.15000152587890625 71.84375 71.6062469482421875 73.4187469482421875 76.04999542236328125 76.36875152587890625 75.1999969482421875 74.5749969482421875
44.86875152587890625 43.393749237060546875 43.4375 45.081249237060546875 48.09999847412109375 51.549999237060546875 55.487499237060546875 58.8125 61.34999847412109375 66.36249542236328125 72.11875152587890625 74.33750152587890625 77.5812530517578125 81.52500152587890625 82.4562530517578125 81.40000152587890625 80.43125152587890625 82.90625 83.9562530517578125 87.9499969482421875 89.96875 91.03125 90.40625 87.5 86.21250152587890625 81.90625 77.74375152587890625 71.5749969482421875 66.88124847412109375 63.887500762939453125 62.231250762939453125 60.112499237060546875 58.50624847412109375 59.625 62.1875 63.81874847412109375 63.34375 62.856250762939453125 62.99375152587890625 66.09375 68.0187530517578125 68.75 65.6750030517578125 65.78125
42.331249237060546875 41.012500762939453125 41.28749847412109375 42.22499847412109375 43.387500762939453125 44.956249237060546875 48.00624847412109375 49.875 54.41249847412109375 57.956249237060546875 63.52500152587890625 68.0187530517578125 72.6062469482421875 75.3125 76.0625 74.44374847412109375 74.5437469482421875 76.1125030517578125 77.15000152587890625 79.7687530517578125 82.18125152587890625 80.94374847412109375 81.77500152587890625 79.4250030517578125 75.8874969482421875 71.75624847412109375 67.9875030517578125 64.125 59.90625 57.96250152587890625 56.65625 54.59999847412109375 53.16249847412109375 54.63124847412109375 56.30625152587890625 56.575000762939453125 55.043750762939453125 55.037502288818359375 56.69374847412109375 58.293750762939453125 60.28749847412109375 61.674999237060546875 61.487499237060546875 60.21875
40.47499847412109375 38.09999847412109375 38.90625 38.981250762939453125 39.96250152587890625 41.13124847412109375 42.46875 43.90625 46.168750762939453125 49.78125 55.63124847412109375 61.94374847412109375 69.0749969482421875 73.1062469482421875 71.66249847412109375 70.1437530517578125 69.3937530517578125 69.9562530517578125 71.8874969482421875 72.625 74.1687469482421875 74.90000152587890625 74.18125152587890625 71.40625 67.8000030517578125 63.549999237060546875 60.33750152587890625 56.96875 53.21875 49.450000762939453125 48.75 49.00624847412109375 48.606250762939453125 49.3125 49.40000152587890625 49.418750762939453125 49.206249237060546875 50.21875 50.700000762939453125 50.96875 51.84999847412109375 51.96250152587890625 54.19374847412109375 53.9375
38.643749237060546875 37.200000762939453125 38.112499237060546875 37.25 37.59999847412109375 37.918750762939453125 38.799999237060546875 39.50624847412109375 41.0625 43.27500152587890625 48.15625 55.13124847412109375 63.66249847412109375 66.00624847412109375 66.33750152587890625 65.3000030517578125 64.9250030517578125 64.59375 64.65625 65.46875 63.862499237060546875 65.875 64.33750152587890625 61.40000152587890625 57.40625 55.856250762939453125 53.1875 50.387500762939453125 47.106250762939453125 44.28125 43.625 44.33750152587890625 43.74375152587890625 44.44374847412109375 44.612499237060546875 43.84999847412109375 44.200000762939453125 44.612499237060546875 46.09999847412109375 46.418750762939453125 45.90625 46.512500762939453125 46.28125 46.53125
36.512500762939453125 36.06874847412109375 36.362499237060546875 35.22499847412109375 35.25 35.862499237060546875 36.081249237060546875 36.13124847412109375 36.61875152587890625 36.83750152587890625 41.55625152587890625 48.91249847412109375 55.668750762939453125 58.47499847412109375 59.91249847412109375 59.731250762939453125 58.987499237060546875 57.83750152587890625 57.450000762939453125 58.125 56.174999237060546875 55.625 54.637500762939453125 53.09375 49.768749237060546875 47.950000762939453125 45.99375152587890625 43.40000152587890625 40.90000152587890625 39.893749237060546875 39.13124847412109375 38.86875152587890625 38.268749237060546875 38.84999847412109375 39.03749847412109375 38.043750762939453125 38.21250152587890625 40.03125 41.75624847412109375 41.4375 40.47499847412109375 40.90000152587890625 40.5 41.706249237060546875
33.90000152587890625 34.168750762939453125 33.524997711181640625 33.55625152587890625 33.46875 33.58750152587890625 33.55625152587890625 33.231250762939453125 33.575000762939453125 32.97499847412109375 39.55625152587890625 45.83750152587890625 49.893749237060546875 52.72499847412109375 54.581249237060546875 54.69374847412109375 52.518749237060546875 52.90000152587890625 51.518749237060546875 51.487499237060546875 50.33750152587890625 48.94374847412109375 46.918750762939453125 45.74375152587890625 43.8125 42.049999237060546875 40.043750762939453125 38.03125 36.125 34.90000152587890625 33.012500762939453125 33.424999237060546875 32.981250762939453125 33.72499847412109375 33.08750152587890625 32.06874847412109375 33.72499847412109375 35.012500762939453125 36.418750762939453125 36.52500152587890625 35.950000762939453125 37.21250152587890625 36.59375 34.66249847412109375
