data/historical-monthly-weather-data/wc2.1_cruts4.09_10m_prec_1995-12.asc
ncols        45
nrows        45
xllcorner    -63.500000000000
yllcorner    -7.500000000000
cellsize     0.166666666667
NODATA_value -9999
[rows 20 to 39 of 45, columns 0 to 43 of 45]
332.17498779296875 339.39373779296875 340.443756103515625 342.10626220703125 344.54376220703125 344.45001220703125 342.54376220703125 339.46875 335.131256103515625 327.86248779296875 318.35626220703125 311.63751220703125 304.63751220703125 294.912506103515625 280.681243896484375 264.618743896484375 249.0187530517578125 234.0187530517578125 222.0812530517578125 210.681243896484375 201.3000030517578125 192.0812530517578125 184.7687530517578125 187.568756103515625 193.1437530517578125 198.1374969482421875 202.412506103515625 201.743743896484375 197.1999969482421875 191.368743896484375 187.8312530517578125 190.1687469482421875 195.40625 202.756256103515625 211.0625 221.0124969482421875 234.1687469482421875 248.131256103515625 257.693756103515625 261.13751220703125 258.4375 250.006256103515625 243.9562530517578125 238.59375
325.837493896484375 332.08123779296875 334.787506103515625 339.274993896484375 343.0625 343.368743896484375 342.89373779296875 341.212493896484375 336.943756103515625 329.756256103515625 319.381256103515625 310.993743896484375 302.375 291.33123779296875 278.01873779296875 263.36248779296875 248.9875030517578125 234.625 221.7375030517578125 209.875 199.6687469482421875 191.787506103515625 186.756256103515625 189.9562530517578125 196.087493896484375 203.975006103515625 212.806243896484375 214.2062530517578125 211.5187530517578125 208.193756103515625 206.2062530517578125 207.631256103515625 211.149993896484375 217.6999969482421875 224.475006103515625 233.5500030517578125 246.587493896484375 261.056243896484375 268.837493896484375 269.40625 266.54376220703125 258.96875 252.5187530517578125 246.993743896484375
320.48126220703125 328.91876220703125 330.89373779296875 335.16876220703125 340.368743896484375 342.86248779296875 342.712493896484375 342.524993896484375 340.36248779296875 332.024993896484375 320.67498779296875 309.65625 300.32501220703125 289 275.88751220703125 262 248.006256103515625 233.4187469482421875 220.34375 207.6125030517578125 198.0437469482421875 190.5374908447265625 185.59375 189.350006103515625 196.7062530517578125 207.2437591552734375 220.1374969482421875 224.1125030517578125 223.306243896484375 222.693756103515625 222.96875 224.9124908447265625 228.3187408447265625 232.587493896484375 237.6437530517578125 243.6437530517578125 257.162506103515625 276.149993896484375 283.087493896484375 280.79998779296875 276.193756103515625 268.181243896484375 261.61248779296875 255.787506103515625
315.98748779296875 322.524993896484375 324.23748779296875 329.493743896484375 336.61248779296875 340.475006103515625 342.73748779296875 342.881256103515625 340.193756103515625 331.03125 319.631256103515625 309.09375 299.23748779296875 288.318756103515625 275.23748779296875 261.618743896484375 248.25 234.037506103515625 220.4562530517578125 207.381256103515625 196.618743896484375 188.3562469482421875 182.287506103515625 186.5124969482421875 193.912506103515625 204.2375030517578125 217.462493896484375 226.225006103515625 231.475006103515625 234.1125030517578125 237.5 240.2312469482421875 244.899993896484375 248.875 253.4437408447265625 256.98126220703125 269.5 288.26251220703125 294.89373779296875 292.056243896484375 286.16876220703125 277.73748779296875 269.66876220703125 262.662506103515625
315.587493896484375 319.118743896484375 319.65625 328.40625 338.54998779296875 341.837493896484375 343.443756103515625 342.13751220703125 337.568756103515625 329.693756103515625 319.225006103515625 308.162506103515625 297.76873779296875 286.662506103515625 274.4375 261.60626220703125 248.662506103515625 234.743743896484375 220.8562469482421875 207.431243896484375 195.6374969482421875 185.53125 178.5625 182.0437469482421875 189.912506103515625 201.1437530517578125 215.212493896484375 227.3562469482421875 236.90625 243.78125 250.34375 255.318756103515625 261.51251220703125 266.26251220703125 270.07501220703125 275.443756103515625 287.006256103515625 299.274993896484375 304.3125 303.15625 297.14373779296875 287.90625 278.056243896484375 271.59375
322.962493896484375 328.743743896484375 329.32501220703125 336.79998779296875 343.274993896484375 345.01251220703125 344.306243896484375 341.51873779296875 335.993743896484375 327.462493896484375 316.98748779296875 306.725006103515625 295.92498779296875 284.8125 273.75 261.850006103515625 249.0500030517578125 235.368743896484375 221.506256103515625 207.7437591552734375 196.1062469482421875 183.9562530517578125 174.5500030517578125 176.256256103515625 185.9875030517578125 198.899993896484375 215.056243896484375 229.7249908447265625 242.462493896484375 252.2937469482421875 261.350006103515625 270.556243896484375 279.149993896484375 284 288.8125 294.462493896484375 304.36248779296875 314.29376220703125 318.006256103515625 317.38751220703125 311.506256103515625 298.83123779296875 285.90625 276.73126220703125
337.07501220703125 344.162506103515625 347.64373779296875 353.29998779296875 356.98748779296875 355.412506103515625 350.5 344.443756103515625 336.10626220703125 327.537506103515625 318.306243896484375 307.774993896484375 296.243743896484375 285.36248779296875 274.95001220703125 264.23748779296875 252.368743896484375 238.84375 224.9812469482421875 210.4187469482421875 197.7312469482421875 184.556243896484375 173.4499969482421875 173.53125 184.8562469482421875 198.3937530517578125 215.537506103515625 231.774993896484375 247.2624969482421875 258.837493896484375 270.649993896484375 282.625 294.92498779296875 301.45001220703125 307.556243896484375 314.71875 323.318756103515625 332.193756103515625 335.493743896484375 335.943756103515625 330.631256103515625 313.875 295.118743896484375 283.131256103515625
354.13751220703125 363.118743896484375 368.149993896484375 372.45623779296875 373.23748779296875 368.006256103515625 359.48748779296875 349.01251220703125 338.28125 327.9375 317.48126220703125 306.84375 296.631256103515625 286.23748779296875 276.631256103515625 266.306243896484375 255.774993896484375 242.256256103515625 228.774993896484375 214.412506103515625 201.59375 188.725006103515625 179.3000030517578125 181.0500030517578125 189.8874969482421875 202.068756103515625 218.381256103515625 234.8000030517578125 250.975006103515625 263.71875 276.20001220703125 288.71875 302.76873779296875 313.86248779296875 323.36248779296875 332.11248779296875 341.89373779296875 351.66876220703125 356.337493896484375 358.95623779296875 355.631256103515625 335.91876220703125 306.975006103515625 291.993743896484375
369.26873779296875 380.806243896484375 387.681243896484375 393.03125 391.14373779296875 380.21875 366.9375 353.318756103515625 340.412506103515625 327.837493896484375 317.181243896484375 307.149993896484375 296.9375 287.26251220703125 278.024993896484375 269.58123779296875 259.975006103515625 247.1062469482421875 233.818756103515625 219.8874969482421875 207.1750030517578125 194.9875030517578125 186.725006103515625 188.9250030517578125 196.756256103515625 207.53125 223.037506103515625 239.3937530517578125 255.8937530517578125 268.381256103515625 280.618743896484375 292.98126220703125 308.85626220703125 322.943756103515625 336.41876220703125 347.931243896484375 360.29998779296875 371.32501220703125 376.399993896484375 381.475006103515625 382.84375 359.431243896484375 328.8125 317.78125
381.66876220703125 394.16876220703125 403.725006103515625 411.9375 411.537506103515625 393.28125 374.51873779296875 358.26873779296875 342.899993896484375 328.51251220703125 317.08123779296875 306.462493896484375 297.649993896484375 289.17498779296875 280.868743896484375 272.381256103515625 263.756256103515625 253.21875 240.71875 226.8625030517578125 213.78125 201.90625 193.118743896484375 195.943756103515625 203.2937469482421875 213.243743896484375 226.8125 242.993743896484375 258.712493896484375 271.67498779296875 284.331268310546875 297.25 315.587493896484375 332.36248779296875 348.82501220703125 362.524993896484375 377.337493896484375 390.350006103515625 396.875 402.01873779296875 402.125 386.84375 364.82501220703125 355.912506103515625
390.33123779296875 403.256256103515625 412.16876220703125 420.98748779296875 419.537506103515625 397.91876220703125 377.29998779296875 358.774993896484375 341.67498779296875 327.96875 316.1875 306.20001220703125 298.16876220703125 289.975006103515625 282.09375 274.837493896484375 267.993743896484375 257.712493896484375 247.1687469482421875 233.868743896484375 220.368743896484375 208.162506103515625 199.462493896484375 202.306243896484375 208.9250030517578125 217.868743896484375 230.9375 246.25 261.381256103515625 275.29376220703125 288.443756103515625 302.10626220703125 321.64373779296875 341.40625 360.20623779296875 376.918731689453125 394.73748779296875 410.306243896484375 417.16876220703125 420.84375 423.506256103515625 415.087493896484375 402.09375 390.82501220703125
395.35626220703125 405.79376220703125 411.79998779296875 413.993743896484375 408.5625 391.556243896484375 372.875 354.0625 337.850006103515625 323.82501220703125 312.82501220703125 304.4375 297.556243896484375 290.11248779296875 283.962493896484375 277.66876220703125 269.818756103515625 259.95623779296875 249.8562469482421875 237.84375 225.3000030517578125 213.337493896484375 204.193756103515625 207.037506103515625 214.350006103515625 222.46875 234.556243896484375 249.256256103515625 264.181243896484375 278.85626220703125 292.681243896484375 307.36248779296875 327.149993896484375 348.868743896484375 370.662506103515625 391.33123779296875 410.59375 427.85626220703125 436.0625 441.818756103515625 450.162506103515625 449.4375 445.63751220703125 441.89373779296875
391.587493896484375 397.274993896484375 398.58123779296875 398.837493896484375 393.431243896484375 378.51873779296875 360.850006103515625 343.3125 327.91876220703125 315.73126220703125 308.8125 301.875 296.95623779296875 292.26873779296875 286.318756103515625 279.46875 271.08123779296875 262.462493896484375 251.40625 240.3625030517578125 228.962493896484375 218.2375030517578125 209.649993896484375 212.056243896484375 218.6062469482421875 226.6374969482421875 238.2062530517578125 251.0437469482421875 265.82501220703125 280.79998779296875 296.17498779296875 312.08123779296875 333.524993896484375 356.70623779296875 380.42498779296875 402.76251220703125 424.46875 444.45623779296875 454.625 467.90625 479.65625 486.10626220703125 494.14373779296875 507.5
384.693756103515625 386.42498779296875 386.15625 383.73126220703125 376.67498779296875 362.943756103515625 347.5625 331.524993896484375 316.79998779296875 305.76873779296875 300.037506103515625 298.162506103515625 296.475006103515625 292.443756103515625 287.51251220703125 280.53125 272.78125 264.38751220703125 253.2624969482421875 242.743743896484375 232.3000030517578125 222.100006103515625 213.7687530517578125 216.0812530517578125 221.6374969482421875 228.881256103515625 240.443756103515625 253.1062469482421875 267.693756103515625 282.82501220703125 299.018768310546875 316.743743896484375 339.6875 364.506256103515625 389.15625 412.92498779296875 437.61248779296875 458.337493896484375 474.16876220703125 491.712493896484375 508.51873779296875 521.70001220703125 538.9749755859375 564.90625
375.8125 375.481231689453125 373.524993896484375 368.95623779296875 361.91876220703125 348.45001220703125 333.45623779296875 318.368743896484375 302.96875 293.38751220703125 291.087493896484375 293.04998779296875 296.037506103515625 295.48126220703125 290.78125 283.65625 275.100006103515625 266.23748779296875 256.0625 244.78125 235.6687469482421875 225.5 218.3312530517578125 219.9187469482421875 224.306243896484375 230.899993896484375 241.850006103515625 254.462493896484375 268.45623779296875 284.4375 301.78125 320.57501220703125 345.11248779296875 371.70001220703125 397.53125 421.556243896484375 446.431243896484375 471.95001220703125 491.631256103515625 510.412506103515625 531.3687744140625 548.63751220703125 570.5625 599.82501220703125
364.243743896484375 362.39373779296875 358.493743896484375 352.837493896484375 344.63751220703125 332.024993896484375 316.943756103515625 301.41876220703125 285.64373779296875 275.20623779296875 276.79376220703125 285.25 294.15625 296.556243896484375 293.068756103515625 286.274993896484375 277.524993896484375 268.79376220703125 258.125 246.9250030517578125 238.4187469482421875 230.256256103515625 223.024993896484375 224.068756103515625 227.9812469482421875 233.2624969482421875 243.381256103515625 254.6374969482421875 267.41876220703125 284.4375 303.149993896484375 322.34375 347.6875 373.774993896484375 399.38751220703125 421.787506103515625 448.26251220703125 473.375 493.09375 513.4437255859375 535.5875244140625 556.1812744140625 577.78125 605.2249755859375
351.71875 349.100006103515625 344.443756103515625 338.58123779296875 330.73748779296875 319.256256103515625 306.01873779296875 290.04998779296875 271.67498779296875 256.212493896484375 264.568756103515625 284.90625 295.818756103515625 298.26251220703125 295.399993896484375 288.70623779296875 280.33123779296875 271.1875 261.118743896484375 250.162506103515625 241.9250030517578125 234.0812530517578125 227.4812469482421875 227.90625 230.493743896484375 235.0187530517578125 243.53125 254.3874969482421875 266.712493896484375 284.556243896484375 303.899993896484375 323.787506103515625 349.13751220703125 375.787506103515625 400.78125 424.243743896484375 448.899993896484375 472.556243896484375 490.48748779296875 510.5 532.1624755859375 552.83123779296875 574.78125 600.54376220703125
339.662506103515625 337.13751220703125 332.875 327.100006103515625 320.662506103515625 310.29998779296875 299.8125 286.475006103515625 270.29376220703125 252.8312530517578125 276.23126220703125 299.26251220703125 304.28125 303.743743896484375 299.53125 292.537506103515625 283.4375 274.76251220703125 264.125 253.7375030517578125 244.875 237.193756103515625 231.4562530517578125 231.0749969482421875 232.5 236.006256103515625 244.431243896484375 254.056243896484375 265.34375 284.087493896484375 303.381256103515625 324.087493896484375 349.32501220703125 375.743743896484375 400.412506103515625 422.79376220703125 445.475006103515625 466.725006103515625 484.931243896484375 503.524993896484375 523.20001220703125 542.89373779296875 562.89373779296875 586.0999755859375
333.42498779296875 330.4375 326.60626220703125 321.743743896484375 315.41876220703125 306.73126220703125 298.46875 290.837493896484375 284.98748779296875 291.037506103515625 318.8125 318.70001220703125 313.38751220703125 309.524993896484375 304.23748779296875 297.318756103515625 288.649993896484375 278.96875 268.287506103515625 257.625 248.368743896484375 240.181243896484375 234.493743896484375 233.7937469482421875 234.9875030517578125 237.912506103515625 244.84375 253.681243896484375 263.91876220703125 281.5625 300.493743896484375 318.42498779296875 341.056243896484375 364.443756103515625 388.306243896484375 408.881256103515625 429.131256103515625 448.67498779296875 464.79998779296875 481.024993896484375 499.449981689453125 515.32501220703125 531.5250244140625 549.6312255859375
329.743743896484375 326.26873779296875 322.36248779296875 317.79376220703125 312.506256103515625 306.48748779296875 301.21875 298.899993896484375 298.943756103515625 306.73748779296875 320.649993896484375 323.28125 318.67498779296875 314.5625 309.8125 302.868743896484375 294.36248779296875 285.118743896484375 273.45001220703125 262.149993896484375 251.0500030517578125 241.8625030517578125 235.693756103515625 234.118743896484375 235.8000030517578125 238.993743896484375 245.8000030517578125 253.881256103515625 262.850006103515625 279.243743896484375 295.76873779296875 313.14373779296875 333.5 353.600006103515625 373.587493896484375 390.899993896484375 409.8125 427.03125 441.21875 454.79376220703125 469.48748779296875 482.91876220703125 496.82501220703125 511.13751220703125
