data/historical-monthly-weather-data/wc2.1_cruts4.09_10m_prec_2006-09.asc
ncols        51
nrows        45
xllcorner    -63.500000000000
yllcorner    -7.500000000000
cellsize     0.166666666667
NODATA_value -9999
[rows 0 to 18 of 45, columns 0 to 43 of 51]
130.1374969482421875 127.78749847412109375 126.81874847412109375 128.181243896484375 127.7937469482421875 126.6125030517578125 122.3125 116.9187469482421875 113.65000152587890625 110.9187469482421875 109.89374542236328125 110.5437469482421875 111.30625152587890625 110.8249969482421875 111.65625 111.8125 113.0500030517578125 112.1875 112.2624969482421875 111.15625 109.4812469482421875 105.93125152587890625 103.3000030517578125 100.41249847412109375 97.125 95.50624847412109375 95 94.4875030517578125 92.43125152587890625 89.06874847412109375 84.71875 81.40000152587890625 79.52500152587890625 76.30625152587890625 73.8874969482421875 72.65000152587890625 72.40625 72.0437469482421875 71.78125 71.8000030517578125 72.1062469482421875 72.71875 72.6374969482421875 72.94374847412109375
124.61875152587890625 121.8874969482421875 123.15000152587890625 126.6374969482421875 130.537506103515625 126.5187530517578125 120.8000030517578125 117.5812530517578125 114.2687530517578125 111.11875152587890625 109.4375 109.1687469482421875 109.2375030517578125 107.80625152587890625 108.1875 109.1125030517578125 109.2687530517578125 109.69374847412109375 110.1875 110.1062469482421875 107.66249847412109375 105.59999847412109375 102.6750030517578125 100.1062469482421875 95.84999847412109375 93.5 93.25624847412109375 92.86875152587890625 89.99375152587890625 85.97499847412109375 81.46875 78.25 75.5437469482421875 73.41249847412109375 71.18125152587890625 69.90625 69.49375152587890625 69.34999847412109375 68.9250030517578125 68.90000152587890625 69.3000030517578125 70.06874847412109375 70.6750030517578125 70.4250030517578125
117.71875 116.8937530517578125 118.22499847412109375 121.84375 124.90000152587890625 123.02500152587890625 118.7062530517578125 115.2375030517578125 112.7062530517578125 110.00624847412109375 108.1687469482421875 107.40000152587890625 107.0625 105.21875 104.9187469482421875 105.96250152587890625 105.8125 105.8937530517578125 105.84999847412109375 105.5124969482421875 102.86875152587890625 100 97.3937530517578125 94.84999847412109375 90.8625030517578125 87.7687530517578125 88.69374847412109375 87.8000030517578125 85.4875030517578125 81.3125 76.53749847412109375 73.21875 71.6062469482421875 69.5124969482421875 67.50624847412109375 65.99375152587890625 65.46875 65.4375 65.4250030517578125 65.8125 66.46250152587890625 66.9250030517578125 67.9375 68.15625
108.84999847412109375 108.8874969482421875 113.43125152587890625 115.2375030517578125 117.02500152587890625 116.1062469482421875 114.1125030517578125 113.19374847412109375 111.6687469482421875 109.69374847412109375 107.21875 106.0187530517578125 103.83750152587890625 102.40000152587890625 102.0749969482421875 102.5812530517578125 102.78749847412109375 102.28125 102.5124969482421875 102.1750030517578125 99.00624847412109375 94.6062469482421875 90.8000030517578125 88.11875152587890625 83.94374847412109375 81.28125 81.5124969482421875 79.9875030517578125 78.66249847412109375 75.36875152587890625 71.5749969482421875 67.8562469482421875 65.78749847412109375 63.862499237060546875 61.68125152587890625 61.637500762939453125 61.71250152587890625 61.59375 62.049999237060546875 62.13124847412109375 62.424999237060546875 62.91249847412109375 63.78125 64.5437469482421875
111.3249969482421875 108.24375152587890625 106.30625152587890625 107.28125 110.5812530517578125 110.90625 109.7375030517578125 109.75 109.75 108.2062530517578125 105.74375152587890625 103.02500152587890625 101.3249969482421875 100.71250152587890625 100.4187469482421875 100.49375152587890625 100.1374969482421875 98.8625030517578125 98.15000152587890625 96.5437469482421875 93.88124847412109375 88.09375 84.38124847412109375 81.47499847412109375 77.46875 74.6875 73.75624847412109375 73.3562469482421875 72.25624847412109375 68.78749847412109375 65.6125030517578125 61.84375 59.612499237060546875 58.168750762939453125 56.799999237060546875 56.387500762939453125 56.424999237060546875 56.918750762939453125 57.69374847412109375 58.02500152587890625 58.33750152587890625 58.612499237060546875 59.0625 60.268749237060546875
113.56874847412109375 109.8249969482421875 105.875 101.36875152587890625 104.63124847412109375 108.5749969482421875 108.9250030517578125 108.08750152587890625 107.91249847412109375 107.4187469482421875 104.6374969482421875 101.8312530517578125 100.3312530517578125 99.875 98.8874969482421875 99.18125152587890625 98.5187530517578125 95.96250152587890625 94.03125 92.125 87.8000030517578125 82.63124847412109375 78.43125152587890625 74.7937469482421875 71.6062469482421875 68.5187530517578125 67.5437469482421875 67.53125 66.33750152587890625 62.9375 59.90625 57.96875 55.75624847412109375 54.012500762939453125 52.299999237060546875 52.46875 52.518749237060546875 53.40625 54.55625152587890625 54.84999847412109375 53.706249237060546875 53.94374847412109375 54.418750762939453125 55.862499237060546875
117.5749969482421875 114.02500152587890625 109.5812530517578125 104.7687530517578125 104.1750030517578125 104.375 105.66249847412109375 105.96250152587890625 104.81874847412109375 103.11875152587890625 101.5625 99.9812469482421875 99.2687530517578125 98.5625 97.8125 97.7375030517578125 97 94.34375 90.8937530517578125 87.18125152587890625 82.0749969482421875 76.94374847412109375 71.81874847412109375 68.16249847412109375 65.47499847412109375 62.94374847412109375 62.168750762939453125 62.03125 60.581249237060546875 57.3125 54.8125 52.518749237060546875 50.831249237060546875 49.46875 48.06874847412109375 47.625 47.78749847412109375 49.1875 51.21875 50.450000762939453125 49.125 48.8125 49.237499237060546875 50.86875152587890625
122.0437469482421875 118.22499847412109375 113.71250152587890625 110.86875152587890625 109.8562469482421875 109.8625030517578125 107.36875152587890625 102.59999847412109375 99.21250152587890625 98.15000152587890625 98.375 98.03749847412109375 97.9499969482421875 97.25 97.0749969482421875 95.71250152587890625 94.5437469482421875 91.625 87.5625 81.65625 76.6374969482421875 71.21250152587890625 66.1062469482421875 62.237499237060546875 59.387500762939453125 57.00624847412109375 56.05625152587890625 55.53125 54.75624847412109375 51.93125152587890625 49.71250152587890625 47.643749237060546875 45.96875 44.88124847412109375 43.13124847412109375 42.55625152587890625 42.512500762939453125 43.1875 43.96250152587890625 43.612499237060546875 42.487499237060546875 42.11875152587890625 42.612499237060546875 43.69374847412109375
126.96250152587890625 123.6999969482421875 120.11875152587890625 117.09999847412109375 115.6125030517578125 114.125 111.31874847412109375 106.41249847412109375 101.1437530517578125 97.2062530517578125 97.24375152587890625 97.13124847412109375 98.27500152587890625 97.3000030517578125 95.96250152587890625 93.71875 91.46875 88.11875152587890625 84.3562469482421875 78.2062530517578125 72.1374969482421875 67.1125030517578125 61.09999847412109375 58.106250762939453125 54.856250762939453125 52.049999237060546875 51.206249237060546875 51.106250762939453125 50.887500762939453125 48.31874847412109375 46.71875 43.856250762939453125 41.4375 39.33750152587890625 37.75624847412109375 37.6875 37.72499847412109375 37.69374847412109375 37.66249847412109375 37.262500762939453125 36.356250762939453125 35.93125152587890625 36.3125 37.21250152587890625
130.4875030517578125 127.71875 124.66249847412109375 121.80625152587890625 120.9187469482421875 119.3312530517578125 116.2312469482421875 110.73749542236328125 106.00624847412109375 102.40000152587890625 100.24375152587890625 98.63124847412109375 98.7937469482421875 98.3625030517578125 94.90000152587890625 91.88124847412109375 87.6999969482421875 83.83750152587890625 79.875 74.88124847412109375 68.94374847412109375 62.8125 56.637500762939453125 53.237499237060546875 49.606250762939453125 46.99375152587890625 46.481250762939453125 46.46875 46.40000152587890625 44.6875 42.418750762939453125 39.71250152587890625 37.143749237060546875 35.299999237060546875 33.65625 33.200000762939453125 33.106250762939453125 32.768749237060546875 32.16249847412109375 31.637500762939453125 30.825000762939453125 30.606250762939453125 29.975000381469726562 30.443750381469726562
135.8625030517578125 132.9499969482421875 130.024993896484375 127.0124969482421875 125.6062469482421875 124.91249847412109375 121.8562469482421875 114.71250152587890625 109.1437530517578125 105.5500030517578125 103.3937530517578125 101.97499847412109375 100.15000152587890625 98.0749969482421875 93.02500152587890625 88.2937469482421875 82.7937469482421875 78.74375152587890625 74.7687530517578125 70.5625 66 59.91249847412109375 53.40625 47.83750152587890625 44.981250762939453125 43.74375152587890625 43.387500762939453125 42.83750152587890625 42.168750762939453125 40.549999237060546875 38.637500762939453125 36.19374847412109375 33.71875 31.5625 29.799999237060546875 29.075000762939453125 28.681249618530273438 28.106250762939453125 27.731250762939453125 26.8125 25.706249237060546875 25.193750381469726562 25.118749618530273438 24.825000762939453125
139.037506103515625 136.068756103515625 133.256256103515625 131.274993896484375 129.681243896484375 128.618743896484375 126.375 119.5187530517578125 112.8874969482421875 108.1062469482421875 105.65625 103.66249847412109375 99.21250152587890625 94.9250030517578125 90.6999969482421875 85.2687530517578125 80.0124969482421875 75.1374969482421875 71.24375152587890625 68.3125 64.6999969482421875 58.487499237060546875 51.50624847412109375 45.52500152587890625 42.168750762939453125 40.27500152587890625 39.63124847412109375 39.125 38.1875 36.74375152587890625 34.9375 32.799999237060546875 30.481250762939453125 28.662500381469726562 27.306249618530273438 26.524999618530273438 25.862499237060546875 25.231250762939453125 24.125 22.793750762939453125 21.543750762939453125 20.831249237060546875 20.65625 20.299999237060546875
141.068756103515625 137.975006103515625 134.806243896484375 131.78125 129.4250030517578125 127.9562530517578125 124.77500152587890625 118.8000030517578125 114.0124969482421875 109.9187469482421875 106.40625 103.48749542236328125 98.58750152587890625 91.1999969482421875 85.59999847412109375 81.1374969482421875 76.05625152587890625 71.6374969482421875 68.0124969482421875 64.90000152587890625 61.674999237060546875 56.174999237060546875 49.28749847412109375 43.83750152587890625 39.28749847412109375 36.94374847412109375 36.58750152587890625 36.237499237060546875 35.456249237060546875 33.84999847412109375 31.743749618530273438 29.662500381469726562 27.649999618530273438 25.637500762939453125 24.28125 23.862501144409179688 23.793750762939453125 23.418750762939453125 22.625 20.5 18.462499618530273438 18.006250381469726562 17.512500762939453125 15.774999618530273438
141.912506103515625 138.256256103515625 134.0437469482421875 130.53125 128.118743896484375 125.1875 121.49375152587890625 117.31874847412109375 113.0625 109.80625152587890625 105.4812469482421875 99.84375 94.21250152587890625 87.09375 79.9250030517578125 76.05625152587890625 71.4499969482421875 66.9875030517578125 63 60.03125 56.625 51.30625152587890625 45.75 42 38.16249847412109375 35.325000762939453125 34.49375152587890625 33.66249847412109375 32.543750762939453125 31.03125 29.537500381469726562 27.375 25.174999237060546875 23.200000762939453125 22.006250381469726562 22.137500762939453125 22.668750762939453125 23.231250762939453125 22.774999618530273438 21.075000762939453125 17.625 15.725000381469726562 15.25 14.818750381469726562
141.006256103515625 136.3312530517578125 131.681243896484375 128.087493896484375 125.5124969482421875 120.71875 117.9562530517578125 113.6999969482421875 109.6374969482421875 107.125 102.13124847412109375 95.88124847412109375 89.4250030517578125 82.40625 74.81874847412109375 69.94374847412109375 66.19374847412109375 62.674999237060546875 58.65625 55.83750152587890625 52.71875 48.43125152587890625 44 41.424999237060546875 39.02500152587890625 36.424999237060546875 34.84999847412109375 33.049999237060546875 31.25 29.731250762939453125 27.506250381469726562 25.431249618530273438 23.5625 21.549999237060546875 19.893749237060546875 20.625 22.5 24.71875 25.53125 23.637500762939453125 20.71875 18.237499237060546875 17.0625 15.975000381469726562
138.5187530517578125 133.25 129.2312469482421875 125.25624847412109375 121.28125 117.8874969482421875 114.31874847412109375 110.03125 106.7624969482421875 104.33750152587890625 99.24375152587890625 92.0187530517578125 84.90625 78.06874847412109375 70.97499847412109375 64.59999847412109375 60.94374847412109375 58.481250762939453125 54.90625 52.5 49.231250762939453125 46.100002288818359375 43.174999237060546875 41.84999847412109375 40.00624847412109375 37.143749237060546875 34.90000152587890625 32.88124847412109375 30.987499237060546875 29.012500762939453125 27.393749237060546875 24.950000762939453125 22.581249237060546875 20.756250381469726562 18.799999237060546875 20.431249618530273438 23.53125 26.137500762939453125 28.212499618530273438 27.299999237060546875 25.3125 21.893749237060546875 18.9375 16.71875
134.2062530517578125 129.5187530517578125 126.1125030517578125 122.3249969482421875 118.1125030517578125 114.99375152587890625 111.3937530517578125 107.7624969482421875 104.4375 101.1750030517578125 96.75624847412109375 89.13124847412109375 81.03749847412109375 73.7937469482421875 68.18125152587890625 62.58750152587890625 56.875 54.106250762939453125 51.84375 49.46250152587890625 46.22499847412109375 43.66249847412109375 42.043750762939453125 42.15625 41.09375 37.481250762939453125 34.90625 32.77500152587890625 30.856250762939453125 29.168750762939453125 28.056249618530273438 26.743749618530273438 23.962499618530273438 21.712499618530273438 21.331249237060546875 22.543750762939453125 25.03125 29.34375 33.52500152587890625 31.03125 27.28125 23.306249618530273438 19.481250762939453125 17.362499237060546875
129.912506103515625 125.69374847412109375 121.38124847412109375 117.75624847412109375 114.6437530517578125 111.75 107.8249969482421875 103.77500152587890625 101.1125030517578125 97.36875152587890625 92.9187469482421875 85.71875 77.90625 71 65.53749847412109375 60.681247711181640625 55.50624847412109375 50.44374847412109375 49.200000762939453125 46.799999237060546875 44.018749237060546875 41.1875 39.84999847412109375 40.612499237060546875 40.25 37.15625 35.125 33.081249237060546875 30.924999237060546875 28.931249618530273438 27.643749237060546875 26.412500381469726562 26.337499618530273438 26.075000762939453125 24.587499618530273438 24.131250381469726562 27.231250762939453125 30.893749237060546875 32.69374847412109375 30.90625 26.350000381469726562 22.556249618530273438 19.331249237060546875 17.899999618530273438
125.32500457763671875 120.74375152587890625 116.3937530517578125 113.49375152587890625 110.24375152587890625 107.65000152587890625 103.93125152587890625 101.00624847412109375 98.08750152587890625 94.4875030517578125 89.96250152587890625 82.6750030517578125 74.99375152587890625 68.59999847412109375 62.987499237060546875 59.018749237060546875 54.72499847412109375 49.450000762939453125 46.418750762939453125 44.28125 42.38124847412109375 41.71250152587890625 37.09999847412109375 37.606250762939453125 37.94374847412109375 36.97499847412109375 35.71250152587890625 33.59999847412109375 32.18125152587890625 29.912500381469726562 28.181249618530273438 28.981250762939453125 31.056249618530273438 30.706249237060546875 29.549999237060546875 28.981250762939453125 29.65625 30.356250762939453125 30.293750762939453125 28.106250762939453125 24.46875 21.412500381469726562 19 17.956249237060546875
