data/historical-monthly-weather-data/wc2.1_cruts4.09_10m_prec_2003-12.asc
ncols        45
nrows        45
xllcorner    -63.500000000000
yllcorner    -7.500000000000
cellsize     0.166666666667
NODATA_value -9999
[rows 0 to 19 of 45, columns 0 to 43 of 45]
55.375 53.3125 51.28125 50.02500152587890625 48.456249237060546875 47.956249237060546875 47.31874847412109375 46.450000762939453125 46.674999237060546875 47.15000152587890625 48.5 50.768749237060546875 53.59375 55.975002288818359375 59.625 63.512500762939453125 67.59999847412109375 70.875 74.90625 78.75 81.53749847412109375 83.88124847412109375 86.28125 89.05625152587890625 91.875 94.6875 98.91249847412109375 103.52500152587890625 108.43125152587890625 113.71250152587890625 118.6062469482421875 124.3249969482421875 129.3937530517578125 134.1999969482421875 138.6687469482421875 143.3625030517578125 146.537506103515625 149.2687530517578125 149.4312591552734375 149.6750030517578125 149.3937530517578125 147.84375 146.162506103515625 143.5749969482421875
54.86875152587890625 52.731250762939453125 51.41249847412109375 50.49375152587890625 49.52500152587890625 48.75 47.75624847412109375 47.47499847412109375 48.22499847412109375 48.96875 50.112499237060546875 52.143749237060546875 54.856250762939453125 57.5 61.19374847412109375 65.2312469482421875 69.56874847412109375 74.38124847412109375 79.6062469482421875 85.2312469482421875 88.0124969482421875 90.1999969482421875 92.9499969482421875 95.55625152587890625 98.16249847412109375 100.8249969482421875 104.75 108.84999847412109375 113.28125 118.99375152587890625 124.1374969482421875 130.1999969482421875 135.037506103515625 140.618743896484375 146.53125 150.100006103515625 155.631256103515625 159.6374969482421875 159.318756103515625 159.2312469482421875 158.625 156.681243896484375 154.618743896484375 150.431243896484375
55.6875 54 52.956249237060546875 52.106250762939453125 51.3125 50.43125152587890625 49.80625152587890625 49.77500152587890625 50.69374847412109375 51.512500762939453125 52.34375 54.41249847412109375 57.143749237060546875 59.86875152587890625 63.86875152587890625 67.90000152587890625 72.47499847412109375 76.96875 81.9875030517578125 87.00624847412109375 89.50624847412109375 91.7937469482421875 94.3312530517578125 96.65000152587890625 99.09999847412109375 102.3125 106.36875152587890625 110.38124847412109375 115.1875 120.41249847412109375 126.24375152587890625 132.7624969482421875 139.681243896484375 145.162506103515625 151.537506103515625 157.5 163.0749969482421875 167.806243896484375 168.556243896484375 168.5062408447265625 167.587493896484375 164.7624969482421875 161.024993896484375 157.53125
56.25624847412109375 55.27500152587890625 54.831249237060546875 53.762500762939453125 53.21250152587890625 52.46875 52.05625152587890625 52.13124847412109375 53.081249237060546875 54.200000762939453125 55.00624847412109375 57.112499237060546875 59.5625 62.356250762939453125 66.4375 70.9562530517578125 75.5749969482421875 79.02500152587890625 83.2937469482421875 88.22499847412109375 90.4875030517578125 92.27500152587890625 93.78749847412109375 96.1875 98.41249847412109375 101.8625030517578125 106.1875 110.05625152587890625 115.2624969482421875 121.5812530517578125 127.66249847412109375 133.9875030517578125 142.068756103515625 149.7312469482421875 156.6875 163.568756103515625 169.662506103515625 175.75 177.7312469482421875 177.6062469482421875 175.881256103515625 172.225006103515625 167.65625 163.7937469482421875
59.40000152587890625 57.50624847412109375 56.049999237060546875 55.46875 55.21250152587890625 54.768749237060546875 54.293750762939453125 54.34999847412109375 55.762500762939453125 57.049999237060546875 57.58750152587890625 59.456249237060546875 62.15625 65.0812530517578125 69.28749847412109375 73.9375 78.41249847412109375 81.1374969482421875 84.6687469482421875 89.0749969482421875 90.96875 91.7312469482421875 92.65625 94.9562530517578125 97.2687530517578125 100.80625152587890625 104.50624847412109375 108.6374969482421875 114 121.1062469482421875 128.1062469482421875 134.693756103515625 143.149993896484375 151.912506103515625 160.118743896484375 168.625 176.9875030517578125 183.975006103515625 186.2375030517578125 185.9812469482421875 183.9812469482421875 179.34375 174.412506103515625 168.662506103515625
62.86875152587890625 61.24375152587890625 59.28125 57.61875152587890625 57.575000762939453125 57.737499237060546875 57.581249237060546875 57.50624847412109375 58.706249237060546875 59.94374847412109375 60.5 62.6875 65.7937469482421875 68.8937530517578125 73.3625030517578125 77.90000152587890625 82.27500152587890625 83.6374969482421875 86.6125030517578125 89.40000152587890625 90.1999969482421875 91.03749847412109375 91.6062469482421875 93.75 96.0749969482421875 98.9875030517578125 103.4499969482421875 107.63124847412109375 112.52500152587890625 119.75 127.33750152587890625 135.131256103515625 142.962493896484375 151.5124969482421875 162.243743896484375 171.881256103515625 180.931243896484375 190.4875030517578125 193.243743896484375 191.662506103515625 187.1437530517578125 182.2375030517578125 175.7624969482421875 170.53125
67.21250152587890625 65.59999847412109375 63.63124847412109375 61.625 60.6875 60.4375 60.40625 60.206249237060546875 60.875 61.424999237060546875 62.86875152587890625 65.71250152587890625 69.61875152587890625 73.0625 77.40000152587890625 81.96250152587890625 86.5749969482421875 88.27500152587890625 89.84375 90.25 89.77500152587890625 90.09375 90.0749969482421875 91.75624847412109375 94.375 96.88124847412109375 100.9187469482421875 105.96250152587890625 110.88124847412109375 117.9375 125.6875 133.712493896484375 142.962493896484375 152.024993896484375 162.3249969482421875 172.4250030517578125 183.2312469482421875 193.6062469482421875 198.662506103515625 195.625 189.2937469482421875 182.8312530517578125 176.8937530517578125 170.7687530517578125
71.8000030517578125 70.03749847412109375 68.1374969482421875 66.6750030517578125 65.7312469482421875 64.8249969482421875 63.65000152587890625 62.237499237060546875 61.90625 62.887500762939453125 65.3000030517578125 69.375 73.5812530517578125 77.9250030517578125 81.78125 86.08750152587890625 90.15000152587890625 91.55625152587890625 91.91249847412109375 89.50624847412109375 88.1875 87.5437469482421875 87.22499847412109375 88.55625152587890625 91.3937530517578125 94.28749847412109375 98.0437469482421875 102.8125 108.6875 116.3312530517578125 123.41249847412109375 131.556243896484375 141.743743896484375 151.4250030517578125 162.8312530517578125 172.0437469482421875 183.087493896484375 193.037506103515625 195.8937530517578125 193.4375 188.443756103515625 181.962493896484375 175.993743896484375 169.59375
76.97499847412109375 75.11875152587890625 73.4250030517578125 72.0625 70.8625030517578125 70.08750152587890625 68.80625152587890625 66.97499847412109375 65.65625 66.15625 69.43125152587890625 74.36875152587890625 79.2687530517578125 83.5812530517578125 85.9875030517578125 88.38124847412109375 90.71250152587890625 91.50624847412109375 91.34999847412109375 88.38124847412109375 86.03749847412109375 85.2312469482421875 85.03125 87.18125152587890625 89.5749969482421875 92.15625 95.9250030517578125 100.81874847412109375 106.25 113.65625 121.86875152587890625 129.5812530517578125 139.681243896484375 150.4187469482421875 161.28125 170.2874908447265625 179.162506103515625 186.90625 188.256256103515625 186.8562469482421875 182.131256103515625 176.6999969482421875 172.212493896484375 166.993743896484375
81.84999847412109375 80.08750152587890625 78.625 77.59999847412109375 76.4187469482421875 75.71875 74.6437530517578125 73.1999969482421875 73.03125 73.8000030517578125 76.33750152587890625 80.56874847412109375 85.96875 89.68125152587890625 90.25624847412109375 90.0812530517578125 89.8125 89.0500030517578125 87.75 85.3125 83.4250030517578125 82.5625 82.53125 84.96250152587890625 87.1125030517578125 89.4562530517578125 93.3249969482421875 97.9875030517578125 103.59999847412109375 111.13124847412109375 118.8125 126.71250152587890625 136.78125 147.162506103515625 158.3562469482421875 167.6125030517578125 175.006256103515625 181.2312469482421875 180.9124908447265625 179.181243896484375 175.962493896484375 172.193756103515625 167.4562530517578125 162.931243896484375
87.55625152587890625 85.59999847412109375 83.97499847412109375 82.69374847412109375 82.02500152587890625 81.9875030517578125 81.3312530517578125 79.99375152587890625 80.22499847412109375 81.5437469482421875 83.96250152587890625 88.1875 92.7312469482421875 96.06874847412109375 94.05625152587890625 91.28125 88.36875152587890625 86.46250152587890625 84.24375152587890625 81.75 80.74375152587890625 80.05625152587890625 80.17499542236328125 81.65000152587890625 84.84375 87.2687530517578125 90.7687530517578125 94.6875 99.34375 106.9250030517578125 114.7312469482421875 123.1687469482421875 133.4499969482421875 144.1062469482421875 154.9812469482421875 162.6875 169.28125 174.6687469482421875 175.21875 173.2062530517578125 170.318756103515625 166.90625 163.6437530517578125 160.256256103515625
93.6062469482421875 91.24375152587890625 89.6875 88.7937469482421875 88.1750030517578125 88.5124969482421875 88.5625 87.7624969482421875 88.4187469482421875 90.43125152587890625 93 95.8937530517578125 97.6875 98.8625030517578125 96.1125030517578125 92.24375152587890625 88.59375 85.7375030517578125 83.13124847412109375 80.7312469482421875 79.34375 78.9250030517578125 79.6437530517578125 81.4562530517578125 84.31874847412109375 86.65000152587890625 89.7312469482421875 93.0749969482421875 97.08750152587890625 104.33750152587890625 111.84999847412109375 120.1125030517578125 130.2375030517578125 141.1062469482421875 151.931243896484375 158.774993896484375 164.118743896484375 168.78125 168.7937469482421875 167.1062469482421875 164.568756103515625 161.78125 158.962493896484375 155.71875
99.7624969482421875 97.27500152587890625 95.875 94.8000030517578125 94.4187469482421875 94.7687530517578125 94.96875 95.05625152587890625 96.43125152587890625 99.1687469482421875 102.03749847412109375 102.9812469482421875 102.3312530517578125 100.53125 97.31874847412109375 93.1374969482421875 88.9875030517578125 86.13124847412109375 83.2312469482421875 80.3312530517578125 78.0124969482421875 77.90625 79.3249969482421875 81.42499542236328125 83.32500457763671875 84.96250152587890625 88.0187530517578125 91.47499847412109375 95.3874969482421875 101.5749969482421875 108.5812530517578125 116.2624969482421875 125.93125152587890625 136.875 147.6125030517578125 154.2375030517578125 159.28125 163.181243896484375 162.962493896484375 160.6687469482421875 157.96875 156.493743896484375 153.256256103515625 147.5625
105.1437530517578125 102.4499969482421875 101.00624847412109375 100.09375 99.53749847412109375 100.16249847412109375 100.6999969482421875 101.84375 104.3874969482421875 107.25 109.4499969482421875 108.16249847412109375 105.6875 102.22499847412109375 97.96250152587890625 94.22499847412109375 89.8937530517578125 86.625 83.5187530517578125 80.61875152587890625 78.8000030517578125 78.3937530517578125 79.1437530517578125 80.65000152587890625 82.15000152587890625 83.71875 87.03125 89.7312469482421875 92.9812469482421875 98.5124969482421875 104.93125152587890625 111.7937469482421875 121.6062469482421875 132.2062530517578125 143.287506103515625 149.225006103515625 154.037506103515625 158.4562530517578125 159.2125091552734375 158.21875 153.5625 148.8312530517578125 145.0625 141.8125
108.50624847412109375 105.81874847412109375 104.8625030517578125 104.08750152587890625 103.90000152587890625 104.74375152587890625 106.18125152587890625 107.75624847412109375 110.2937469482421875 112.80625152587890625 114.6750030517578125 112.5187530517578125 108.77500152587890625 104.7687530517578125 100.34375 96.63124847412109375 92.06874847412109375 88.65625 85.49375152587890625 83.15625 81.31874847412109375 80.5500030517578125 80.46250152587890625 81.5437469482421875 82.9250030517578125 84.25624847412109375 87.2687530517578125 89.84999847412109375 92.46875 96.6374969482421875 101.71875 108.2062530517578125 117.77500152587890625 128.537506103515625 139.681243896484375 144.1750030517578125 149.375 155.350006103515625 159.243743896484375 158.2312469482421875 152.5 147.375 143.493743896484375 140.1125030517578125
110.80625152587890625 108.46250152587890625 107.875 107.77500152587890625 107.88124847412109375 109.34999847412109375 111.16249847412109375 112.64374542236328125 115.14374542236328125 118.09999847412109375 119.5500030517578125 116.40000152587890625 111.93125152587890625 107.2062530517578125 103.03749847412109375 98.5500030517578125 94.1125030517578125 91.15625 88.0187530517578125 85.5749969482421875 84.0187530517578125 82.7312469482421875 82.15625 82.8625030517578125 84.15625 85.88124847412109375 88.58750152587890625 90.6999969482421875 92.3249969482421875 94.9250030517578125 98.78749847412109375 103.875 112.13124847412109375 122.3249969482421875 132.350006103515625 136.899993896484375 142.868743896484375 150.662506103515625 157.850006103515625 158.118743896484375 152.568756103515625 146.649993896484375 141.6750030517578125 135.7312469482421875
112.5187530517578125 110.6125030517578125 109.78125 110.25 111.03125 112.625 114.98749542236328125 117.41875457763671875 120.3125 122.84375 124.1437530517578125 120.03125 114.8000030517578125 109.46875 105.46250152587890625 100.91875457763671875 95.78749847412109375 92.94374847412109375 90.46250152587890625 88.06874847412109375 86.4187469482421875 84.94374847412109375 84.0625 84.4812469482421875 85.75 87.7624969482421875 90.6687469482421875 91.9499969482421875 91.71250152587890625 92.875 95.4875030517578125 100.0437469482421875 106.66249847412109375 113.84999847412109375 121.72499847412109375 126.5749969482421875 134.375 146.3562469482421875 160.8312530517578125 158.6750030517578125 151.1687469482421875 144.2375030517578125 137.2937469482421875 132.274993896484375
112.1437530517578125 110.59375 110.03749847412109375 110.77500152587890625 111.7375030517578125 113.91249847412109375 116.2375030517578125 118.4187469482421875 121.53749847412109375 124.96250152587890625 126.9499969482421875 123.05625152587890625 117.68125152587890625 112.56874847412109375 108.3874969482421875 103.70624542236328125 98.6750030517578125 94.52500152587890625 93.0124969482421875 90.7624969482421875 89.3937530517578125 87.8000030517578125 86.58750152587890625 87.1062469482421875 88.375 90.4499969482421875 94.0749969482421875 93.90000152587890625 91.75 90.9187469482421875 91.96875 95.40625 101.875 108.72499847412109375 113.25624847412109375 113.0437469482421875 125.33124542236328125 140 151.587493896484375 152.6875 145.90625 139.556243896484375 134.4187469482421875 130.375
110.8562469482421875 109.58750152587890625 109.58750152587890625 110.4812469482421875 111.6875 114.0124969482421875 116.3000030517578125 119.09999847412109375 122.80625152587890625 126.74375152587890625 128.681243896484375 124.7687530517578125 120.3000030517578125 115.97499847412109375 111.53125 106.6374969482421875 101.68125152587890625 97.53749847412109375 94.53749847412109375 92.71875 91.97499847412109375 91.2624969482421875 88.8312530517578125 89.61875152587890625 91.2375030517578125 93.1437530517578125 95.94374847412109375 95.90000152587890625 93.03125 90.28749847412109375 88.9875030517578125 94.18125152587890625 101.7624969482421875 107.5187530517578125 110.77500152587890625 112.56874847412109375 121.8625030517578125 132.2312469482421875 141.21875 142.75 138.7937469482421875 134.2375030517578125 130.6437530517578125 128.118743896484375
109.25 108.4499969482421875 108.41249847412109375 109.53125 111.1437530517578125 113.96875 116.71875 119.68125152587890625 124.0500030517578125 127.8125 130.399993896484375 127.7624969482421875 124.00624847412109375 119.56874847412109375 114.5187530517578125 108.7937469482421875 103.43125152587890625 100.0500030517578125 97.2375030517578125 95.1999969482421875 93.5124969482421875 91.81874847412109375 90.8874969482421875 92.0124969482421875 93.6062469482421875 95.2375030517578125 97.72499847412109375 98.59375 96.3937530517578125 93.5812530517578125 93.25 98.59375 104.88124847412109375 111.06874847412109375 116.4875030517578125 118.30625152587890625 123.50624847412109375 129.774993896484375 135.2062530517578125 136.506256103515625 133.6125030517578125 129.0437469482421875 127.72499847412109375 126.78125
