data/historical-monthly-weather-data/wc2.1_cruts4.09_10m_prec_1982-01.asc
ncols        51
nrows        45
xllcorner    -63.500000000000
yllcorner    -7.500000000000
cellsize     0.166666666667
NODATA_value -9999
[rows 20 to 39 of 45, columns 0 to 44 of 51]
287.662506103515625 291.73126220703125 297.175018310546875 304.712493896484375 312.63751220703125 322.45623779296875 333.149993896484375 341.037506103515625 346.162506103515625 348.431243896484375 349.881256103515625 354.32501220703125 362.51251220703125 371.59375 361.462493896484375 340.149993896484375 325.08123779296875 318.04998779296875 318.67498779296875 320.70623779296875 336.368743896484375 352.09375 365.5 375.54998779296875 385.943756103515625 396.40625 402.09375 407.9375 412.71875 414.51251220703125 406.90625 394.193756103515625 381.54998779296875 368.66876220703125 358.01873779296875 386.45623779296875 429.131256103515625 461.78125 476.26251220703125 474.16876220703125 460.493743896484375 443.90625 432.95001220703125 424.881256103515625 417.350006103515625
279.6875 282.350006103515625 287.79376220703125 296.774993896484375 307.40625 318.131256103515625 328.95001220703125 339.462493896484375 345.04998779296875 342.85626220703125 338.3125 332.943756103515625 331.61248779296875 334.29998779296875 332.118743896484375 323.212493896484375 317.28125 314.51251220703125 314.662506103515625 317.587493896484375 328.587493896484375 342.806243896484375 357.54998779296875 368.818756103515625 380.66876220703125 393.23126220703125 402.931243896484375 406.17498779296875 406.54998779296875 402.056243896484375 389.04376220703125 375.48748779296875 370.037506103515625 369.86248779296875 374.087493896484375 401.29998779296875 445.01873779296875 483.15625 497.850006103515625 491.256256103515625 473.54376220703125 453.993743896484375 439.806243896484375 428.8125 419.20001220703125
272.037506103515625 274.6875 278.306243896484375 287.118743896484375 299.61248779296875 312.975006103515625 324.631256103515625 336.368743896484375 344.837493896484375 337.70001220703125 324.193756103515625 308.774993896484375 298.86248779296875 299.79376220703125 305.70623779296875 307.75 306.82501220703125 307.40625 308.625 311.33123779296875 321.824981689453125 333.63751220703125 345.643768310546875 356.78125 371.6875 388.25 399.649993896484375 402.118743896484375 399.46875 388.98748779296875 373.899993896484375 362.04376220703125 367.9375 377.243743896484375 392.181243896484375 418.975006103515625 463.17498779296875 513.7874755859375 525.23748779296875 505.41876220703125 482.506256103515625 461.86248779296875 442.443756103515625 429.212493896484375 419.01251220703125
264.274993896484375 264.693756103515625 267.01873779296875 276.743743896484375 291.40625 304.82501220703125 317.85626220703125 329.681243896484375 335.837493896484375 326.08123779296875 309.693756103515625 292.412506103515625 273.70623779296875 277.725006103515625 289.787506103515625 296.243743896484375 298.63751220703125 300.85626220703125 302.993743896484375 306.23126220703125 313.962493896484375 323.40625 333.45001220703125 343.631256103515625 359.76251220703125 376.41876220703125 389.8125 391.631256103515625 388.85626220703125 381.475006103515625 370.625 363.70001220703125 373.07501220703125 386.78125 404.993743896484375 432.381256103515625 471.63751220703125 516.5250244140625 526.8187255859375 508.03125 484.95623779296875 462.693756103515625 443.212493896484375 429.32501220703125 420.5625
257.943756103515625 256.962493896484375 257.79376220703125 270.40625 288.431243896484375 300.53125 311.162506103515625 320.287506103515625 322.125 315.087493896484375 302.1875 288.056243896484375 276.287506103515625 276.51251220703125 283.625 290.34375 294.350006103515625 298.16876220703125 299.83123779296875 300.63751220703125 306.306243896484375 312.11248779296875 319.399993896484375 328.20001220703125 343.125 361.45623779296875 373 380.256256103515625 381.3125 379.181243896484375 374.006256103515625 372.66876220703125 381.85626220703125 396.38751220703125 414.41876220703125 437.26873779296875 468.649993896484375 494.75 503.600006103515625 495.84375 478.106231689453125 458.23748779296875 440.45001220703125 429.443756103515625 417.350006103515625
257.837493896484375 259.45001220703125 262.08123779296875 274.024993896484375 287.73126220703125 298.11248779296875 306.08123779296875 311.037506103515625 310.96875 305.65625 297.756256103515625 289.625 282.21875 280.46875 283.73126220703125 288.693756103515625 293.193756103515625 296.993743896484375 298.381256103515625 297.73126220703125 301.625 302.662506103515625 306.15625 311.39373779296875 326.818756103515625 346.756256103515625 361.881256103515625 371.125 376.83123779296875 375.8125 377.73126220703125 380.818756103515625 392.131256103515625 404.100006103515625 420.21875 438.67498779296875 460.92498779296875 477.51251220703125 483.95623779296875 479.51873779296875 467.462493896484375 449.6875 431.98748779296875 423.118743896484375 416.54998779296875
262.125 264.681243896484375 270.3125 279.73126220703125 289.34375 297.14373779296875 303.39373779296875 305.337493896484375 304.462493896484375 302.23126220703125 297.85626220703125 293.149993896484375 288.631256103515625 287.04998779296875 288.568756103515625 292.431243896484375 296.1875 299.35626220703125 301.243743896484375 298.84375 298.79998779296875 299.07501220703125 297.056243896484375 299.806243896484375 317.60626220703125 336.625 351.368743896484375 362.29998779296875 370.66876220703125 373.38751220703125 378.962493896484375 384.475006103515625 398.556243896484375 410.506256103515625 422.88751220703125 439.04998779296875 455.78125 465.82501220703125 468.28125 466.11248779296875 455.84375 438.412506103515625 423.193756103515625 416.71875 423.0625
268.86248779296875 270.98748779296875 277.918731689453125 285.943756103515625 293.48126220703125 298.01873779296875 301.48748779296875 302.11248779296875 301.756256103515625 300.0625 297.82501220703125 295.743743896484375 292.743743896484375 291.64373779296875 293.04376220703125 296.4375 299.462493896484375 304.58123779296875 304.3125 302.78125 303.14373779296875 300.350006103515625 301.76873779296875 305.1875 317.856231689453125 332.899993896484375 345.78125 355.64373779296875 364.79376220703125 371.431243896484375 376.943756103515625 383.46875 397.79376220703125 409.662506103515625 422.45001220703125 436.368743896484375 448.1875 456.875 460.13751220703125 456.8125 449.537506103515625 434.6875 418.59375 415.51873779296875 440.912506103515625
274.024993896484375 276.975006103515625 283.731231689453125 291.787506103515625 298 299.85626220703125 299.462493896484375 300.087493896484375 299.243743896484375 298.70001220703125 298.381256103515625 297.28125 295.95001220703125 297.23748779296875 299.28125 303.29998779296875 308.725006103515625 311.837493896484375 312.243743896484375 310.54998779296875 309.149993896484375 306.131256103515625 307.212493896484375 311.46875 320.58123779296875 331.6875 342.65625 351.63751220703125 361.399993896484375 368.65625 373.54998779296875 379.86248779296875 394.04998779296875 408.125 421.975006103515625 433.412506103515625 444.75 452.068756103515625 456.212493896484375 453.443756103515625 444.0625 432.318756103515625 424.36248779296875 433.037506103515625 461.743743896484375
279.17498779296875 281.899993896484375 289.65625 298.17498779296875 302.875 301.5625 298.975006103515625 298.856231689453125 297.98126220703125 297.1875 298.48748779296875 300.006256103515625 300.90625 303.42498779296875 307.23126220703125 311.04998779296875 315.36248779296875 319.59375 321.83123779296875 318.89373779296875 316.08123779296875 314.40625 313.868743896484375 316.462493896484375 323.58123779296875 332.412506103515625 340.89373779296875 348.318756103515625 357.024993896484375 363.875 370.60626220703125 377.63751220703125 390.462493896484375 405.787506103515625 419.068756103515625 430.1875 439.83123779296875 449.08123779296875 452.67498779296875 452.29376220703125 448.762481689453125 443.350006103515625 442.181243896484375 452.98748779296875 468.631256103515625
281.850006103515625 284.375 290.01873779296875 297.806243896484375 303.17498779296875 298.85626220703125 296.60626220703125 295.625 295.16876220703125 295.912506103515625 298.868743896484375 302.13751220703125 305.181243896484375 308.20001220703125 313.256256103515625 317.45001220703125 322.64373779296875 327.90625 330.556243896484375 327.975006103515625 323.54998779296875 320.087493896484375 319.806243896484375 320.79376220703125 324.943756103515625 332.875 339.82501220703125 345.63751220703125 353.90625 360.381256103515625 367.89373779296875 375.975006103515625 388.09375 402.850006103515625 416.04376220703125 426.70001220703125 435.51873779296875 446.118743896484375 452.256256103515625 453.90625 455.162506103515625 454.5 457.256256103515625 463.399993896484375 475.975006103515625
281.725006103515625 283.087493896484375 286.818756103515625 291.54376220703125 293.962493896484375 291.78125 291.931243896484375 290.631256103515625 291.231231689453125 293.07501220703125 297.087493896484375 301.975006103515625 307.100006103515625 312.91876220703125 318.931243896484375 323.368743896484375 326.91876220703125 331.506256103515625 332.83123779296875 331.86248779296875 326.850006103515625 323.037506103515625 322.625 322.33123779296875 326.462493896484375 332.006256103515625 336.82501220703125 342.287506103515625 348.118743896484375 356.60626220703125 364.8125 373.41876220703125 385.856231689453125 400.212493896484375 413.418731689453125 422.79998779296875 433.675018310546875 441.71875 446.993743896484375 451.70623779296875 460.03125 463.53125 468.943756103515625 479.875 492.64373779296875
279.78125 280.475006103515625 283.350006103515625 286 285.88751220703125 284.26251220703125 283.118743896484375 282.375 282.53125 287.2125244140625 294.706268310546875 301.76873779296875 310.92498779296875 320.225006103515625 325.149993896484375 328.51873779296875 330.59375 332.63751220703125 332.962493896484375 332.60626220703125 328.524993896484375 325.14373779296875 323.89373779296875 324.899993896484375 327.35626220703125 331.8125 335.28125 337.774993896484375 342.71875 353.100006103515625 361.45623779296875 369.07501220703125 381.82501220703125 396.412506103515625 408.381256103515625 418.61248779296875 428.33123779296875 436.33123779296875 439.60626220703125 449.431243896484375 457.899993896484375 463.850006103515625 472.51873779296875 486.70001220703125 508.225006103515625
276.806243896484375 277.149993896484375 278.45623779296875 279.600006103515625 277.524993896484375 275.975006103515625 274.76251220703125 273.375 274.443756103515625 278.79998779296875 288.09375 301.16876220703125 314.8125 325.524993896484375 330.26251220703125 332.068756103515625 334.20623779296875 335.57501220703125 333.912506103515625 332.0625 328.912506103515625 326.36248779296875 325.3125 325.212493896484375 326.693756103515625 329.149993896484375 330.993743896484375 333.70623779296875 338.79376220703125 347.899993896484375 357.83123779296875 366.45001220703125 378.23126220703125 392.75 404.57501220703125 414.068756103515625 422.212493896484375 427.95623779296875 433.662506103515625 442.399993896484375 449.5625 457.46875 468.381256103515625 483.756256103515625 506.29376220703125
275.4375 274.42498779296875 274.46875 273.256256103515625 270.881256103515625 269.16876220703125 266.393768310546875 264.274993896484375 263.462493896484375 268.98748779296875 281.95001220703125 299.23748779296875 319.118743896484375 333.4375 337.037506103515625 336.649993896484375 336.818756103515625 336.04998779296875 333.79998779296875 329.787506103515625 327.90625 325.98126220703125 325.09375 323.91876220703125 324.662506103515625 324.6875 326.83123779296875 329.66876220703125 333.96875 342.556243896484375 352.96875 363.51251220703125 375.39373779296875 387.787506103515625 398.537506103515625 406.86248779296875 412.89373779296875 421.381256103515625 426.568756103515625 431.725006103515625 438.056243896484375 444.375 454.91876220703125 468.074981689453125 485.118743896484375
275.943756103515625 273.899993896484375 272.78125 270.61248779296875 267.631256103515625 263.85626220703125 260.493743896484375 256.09375 253.2562408447265625 256.84375 271.568756103515625 294.39373779296875 318.70001220703125 335.51251220703125 339.818756103515625 339.60626220703125 338.04376220703125 336.04998779296875 332.681243896484375 327.912506103515625 325.037506103515625 323.806243896484375 322.199981689453125 320.32501220703125 320.625 321.662506103515625 323.375 326.23126220703125 330.756256103515625 338.95001220703125 349.75 359.65625 371.712493896484375 383.381256103515625 392.73126220703125 398.16876220703125 406.33123779296875 412.087493896484375 413.681243896484375 417.70623779296875 423.050018310546875 428.756256103515625 436.118743896484375 446.625 456.91876220703125
276.649993896484375 274.13751220703125 271.51251220703125 268.681243896484375 265.125 261.037506103515625 257.618743896484375 251.631256103515625 245.306243896484375 242.631256103515625 261.65625 294.899993896484375 320.45001220703125 334.8125 340.256256103515625 340.84375 339.01251220703125 335.868743896484375 331.306243896484375 325.287506103515625 322.475006103515625 319.39373779296875 317.837493896484375 316.04998779296875 316.649993896484375 318.46875 320.381256103515625 323.88751220703125 328.20623779296875 336.45623779296875 346.524993896484375 356.07501220703125 367.88751220703125 378.91876220703125 387.01251220703125 391.67498779296875 396.649993896484375 399.45623779296875 400.48748779296875 401.756256103515625 403.38751220703125 407.20001220703125 414.17498779296875 421.29998779296875 426.600006103515625
277.381256103515625 274.381256103515625 271.01251220703125 268.350006103515625 265.03125 262.10626220703125 258.29376220703125 252.962493896484375 247.524993896484375 242.443756103515625 274.73748779296875 308.962493896484375 327.087493896484375 337.256256103515625 341.89373779296875 342.125 339.306243896484375 336.074981689453125 331.23748779296875 324.431243896484375 319.899993896484375 315.149993896484375 312.38751220703125 310.90625 311.774993896484375 314.4375 316.16876220703125 319.787506103515625 324.5625 333.524993896484375 342.64373779296875 350.66876220703125 361.537506103515625 372.274993896484375 379.274993896484375 382.568756103515625 384.01251220703125 385.63751220703125 385.78125 384.931243896484375 383.83123779296875 387.068756103515625 390.337493896484375 392.95001220703125 396.58123779296875
279.86248779296875 274.71875 271.943756103515625 269.23748779296875 266.61248779296875 264.41876220703125 261.70623779296875 261.36248779296875 266.03125 283.162506103515625 321.04376220703125 331.587493896484375 336.712493896484375 342.28125 345.11248779296875 344.20623779296875 342.056243896484375 336.899993896484375 330.48126220703125 323.193756103515625 315.631256103515625 309.71875 306.48748779296875 305.3125 306.15625 309.006256103515625 312.318756103515625 317.131256103515625 323.26251220703125 333.13751220703125 341.524993896484375 348.649993896484375 357 363.98748779296875 372.20001220703125 373.9375 373.162506103515625 373.618743896484375 371.76251220703125 368.23748779296875 366.487518310546875 367.88751220703125 369.25 372.537506103515625 375.67498779296875
282.88751220703125 277.350006103515625 273.875 270.26251220703125 269.39373779296875 269 268.943756103515625 273.368743896484375 284.04376220703125 302.90625 325.068756103515625 337.92498779296875 343.006256103515625 347.225006103515625 348.38751220703125 347.82501220703125 345.36248779296875 339.6875 330.537506103515625 321.243743896484375 309.850006103515625 303.162506103515625 299.29376220703125 298.29376220703125 300.131256103515625 303.1875 308.03125 314.79376220703125 321.65625 330.818756103515625 338.306243896484375 346.41876220703125 354.59375 359.662506103515625 363.181243896484375 363.350006103515625 361.375 359.85626220703125 356.45001220703125 351.625 349.34375 349.75 349.681243896484375 351.85626220703125 355.38751220703125
