data/historical-monthly-weather-data/wc2.1_cruts4.09_10m_prec_2016-05.asc
ncols        51
nrows        45
xllcorner    -63.500000000000
yllcorner    -7.500000000000
cellsize     0.166666666667
NODATA_value -9999
[rows 0 to 18 of 45, columns 0 to 43 of 51]
104.02500152587890625 84.4562530517578125 84.18125152587890625 88.72499847412109375 93.8312530517578125 105.86875152587890625 117.69374847412109375 130.25 143.7062530517578125 158.556243896484375 172.4875030517578125 184.943756103515625 198.1875 211.787506103515625 224.524993896484375 238.443756103515625 250.837493896484375 259.98126220703125 270.82501220703125 283.01251220703125 290.64373779296875 297.131256103515625 306.70001220703125 310.318756103515625 314.975006103515625 321.162506103515625 323.100006103515625 326.38751220703125 327.225006103515625 331.86248779296875 332.32501220703125 335.54998779296875 341.17498779296875 345.287506103515625 348.625 348.04376220703125 344.899993896484375 338.15625 328.381256103515625 319.8125 308.51873779296875 297.493743896484375 283.850006103515625 274.45001220703125
98.1750030517578125 76.5437469482421875 74.24375152587890625 75.8000030517578125 78.9187469482421875 90.2062530517578125 101.6062469482421875 113.8249969482421875 128.256256103515625 142.0437469482421875 156.2312469482421875 169.1374969482421875 181.6062469482421875 194.1125030517578125 206.618743896484375 219.2312469482421875 231.318756103515625 241.556243896484375 255.7062530517578125 269.73748779296875 277.36248779296875 284.70623779296875 291.818756103515625 297.481231689453125 301.38751220703125 305.162506103515625 309.381256103515625 312.95623779296875 315.600006103515625 318.98748779296875 320.743743896484375 328.443756103515625 333.16876220703125 341.375 345.40625 338.86248779296875 336.01251220703125 328.45623779296875 319.28125 304.337493896484375 291.45001220703125 282.756256103515625 268.38751220703125 254.243743896484375
95.15000152587890625 75.5124969482421875 72.46250152587890625 71.8874969482421875 72.4875030517578125 81.8625030517578125 92.3937530517578125 103.78749847412109375 117.4562530517578125 130.462493896484375 143.2624969482421875 155.162506103515625 166.475006103515625 176.6875 189.149993896484375 202.2624969482421875 213.037506103515625 221.350006103515625 233.4375 246.274993896484375 253.3125 261.65625 268.54376220703125 273.5625 277.70623779296875 284.26873779296875 290.743743896484375 294.04376220703125 296.106231689453125 301.068756103515625 305.225006103515625 312.48126220703125 322.41876220703125 329.662506103515625 336.912506103515625 329.45001220703125 324.29376220703125 317.42498779296875 306.100006103515625 293.14373779296875 282.556243896484375 269.04376220703125 256.774993896484375 243.1062469482421875
91.5812530517578125 73.36875152587890625 70.75624847412109375 68.53125 67.49375152587890625 74.30625152587890625 82.84999847412109375 92.84375 106.44374847412109375 118.8249969482421875 129.537506103515625 140.537506103515625 149.8312530517578125 159.2375030517578125 171.524993896484375 183.7375030517578125 193.5625 200.787506103515625 210.506256103515625 223.0500030517578125 232.7062530517578125 239.03125 244.0500030517578125 249.9562530517578125 254.7937469482421875 260.11248779296875 267.931243896484375 270.70623779296875 273.975006103515625 283.131256103515625 290.09375 298.725006103515625 307.95001220703125 315.774993896484375 321.287506103515625 319.524993896484375 315.45001220703125 307.96875 296.90625 284.618743896484375 272.0625 261.39373779296875 245.9187469482421875 231.850006103515625
93.86875152587890625 75.6062469482421875 68.3874969482421875 64.8000030517578125 62.799999237060546875 67.33750152587890625 74.05625152587890625 82.39374542236328125 95.5812530517578125 107.88124847412109375 116.09999847412109375 124.8874969482421875 134.7375030517578125 144.2062530517578125 156.15625 167.375 176.193756103515625 182.118743896484375 189.7375030517578125 201.1687469482421875 209.96875 215.0625 218.8125 227.443756103515625 231.78125 237.46875 241.743743896484375 248.600006103515625 254.1750030517578125 263.67498779296875 274.14373779296875 282.89373779296875 292.306243896484375 304.256256103515625 312.70001220703125 308.524993896484375 305.58123779296875 300.350006103515625 290.1875 277.193756103515625 265.875 251.84375 237.125 224.743743896484375
95.2624969482421875 78.71250152587890625 71.1437530517578125 64.69374847412109375 62.78125 67.75624847412109375 73.7624969482421875 80.66249847412109375 92.9499969482421875 104.63124847412109375 112.4187469482421875 120.0187530517578125 130.21875 139.899993896484375 149.4562530517578125 160.6999969482421875 167.337493896484375 169.9187469482421875 175.3562469482421875 184.7937469482421875 191.556243896484375 197.462493896484375 203.2687530517578125 208.306243896484375 213.9499969482421875 219.90625 225.15625 230.84375 238.287506103515625 249.100006103515625 260.29998779296875 271.63751220703125 281.98748779296875 294.17498779296875 303.20001220703125 301.73748779296875 298.26251220703125 293.475006103515625 287.431243896484375 275.25 261.774993896484375 249.212493896484375 234.6750030517578125 222.84375
97.53749847412109375 82.0187530517578125 74.46250152587890625 68.21250152587890625 64.2624969482421875 67.4562530517578125 72.5437469482421875 78.53749847412109375 86.5500030517578125 96.8000030517578125 105.65000152587890625 115.0749969482421875 125.875 135.9875030517578125 145.3249969482421875 154.337493896484375 162.2375030517578125 163.6999969482421875 165.412506103515625 171.587493896484375 176.09375 180.4250030517578125 183.912506103515625 190.7624969482421875 197.6750030517578125 205.8000030517578125 210.475006103515625 216.03125 221.412506103515625 233.1750030517578125 245.75 256.07501220703125 266.431243896484375 279.475006103515625 290.8125 292.412506103515625 289.08123779296875 285.681243896484375 280.85626220703125 271.931243896484375 257.962493896484375 244.3874969482421875 231.131256103515625 221.59375
99.58750152587890625 85.1999969482421875 77.7375030517578125 72.06874847412109375 67.90625 70.6750030517578125 72.8874969482421875 73.9875030517578125 78.22499847412109375 87.74375152587890625 99.1062469482421875 110.5812530517578125 122.96875 133.118743896484375 141.818756103515625 150.493743896484375 157.1374969482421875 157.7375030517578125 156.899993896484375 157.59375 162.756256103515625 165.84375 169.21875 173.850006103515625 182.087493896484375 186.881256103515625 194.2375030517578125 199.34375 205.6374969482421875 217.8874969482421875 230.649993896484375 241.462493896484375 253.8625030517578125 265.506256103515625 275.21875 276.48748779296875 276.193756103515625 276.006256103515625 269.48126220703125 257.818756103515625 248.306243896484375 236.493743896484375 225.71875 215.34375
102.2937469482421875 89.0812530517578125 82.2312469482421875 76.1687469482421875 71.6437530517578125 73.5625 75.30625152587890625 76.53749847412109375 79.03125 84.8249969482421875 96.02500152587890625 109.85625457763671875 124.53125 134.90625 140.6875 146.662506103515625 151.056243896484375 152.4499969482421875 153.568756103515625 151.287506103515625 152.412506103515625 156.8937530517578125 157.7624969482421875 165.9250030517578125 170.368743896484375 174.28125 179.568756103515625 187.3000030517578125 196.46875 207.693756103515625 222.1750030517578125 232.243743896484375 239.875 248.9875030517578125 260.48748779296875 263.76251220703125 265.32501220703125 266.61248779296875 262.556243896484375 250.75 239.162506103515625 228.5749969482421875 221.556243896484375 215.09375
104.77500152587890625 93.21250152587890625 86.55625152587890625 80.88124847412109375 75.53749847412109375 77.18125152587890625 78.99375152587890625 80.65625 85.4875030517578125 92.52500152587890625 101.90000152587890625 112.6437530517578125 128.0187530517578125 138.1437530517578125 141.318756103515625 142.006256103515625 142.8874969482421875 144.3562469482421875 146.506256103515625 147.40625 147.037506103515625 147.318756103515625 148.6062469482421875 154.8312530517578125 157.5812530517578125 161.318756103515625 166.537506103515625 174.3000030517578125 184.693756103515625 198.725006103515625 210.3625030517578125 219.59375 229.53125 239.131256103515625 247.6750030517578125 251.162506103515625 252.8562469482421875 255.649993896484375 252.662506103515625 246.3125 238.90625 231.850006103515625 220.274993896484375 210.53125
107.4375 97.49375152587890625 90.71875 85.25 79.90000152587890625 81.68125152587890625 83.6437530517578125 84.8625030517578125 90.69374847412109375 99.1374969482421875 109.1687469482421875 121.1374969482421875 131.0625 141.225006103515625 139.8249969482421875 136.431243896484375 134.3187408447265625 136.3249969482421875 138.7624969482421875 141.693756103515625 145.9499969482421875 143.96875 142.306243896484375 140.225006103515625 146.318756103515625 152.0437469482421875 157.506256103515625 165.068756103515625 172.818756103515625 184.712493896484375 197.7375030517578125 208.7624969482421875 217.881256103515625 226.743743896484375 234.2687530517578125 235.993743896484375 238.506256103515625 243.1750030517578125 243.8249969482421875 240.3312530517578125 235.1374969482421875 227.712493896484375 221.600006103515625 210.0124969482421875
112.65625 102.83750152587890625 96.4375 91.03125 86.2375030517578125 87.18125152587890625 89.9812469482421875 92.4875030517578125 99.71875 107.3562469482421875 117.08750152587890625 127.1062469482421875 130.899993896484375 136.475006103515625 135.506256103515625 131.0812530517578125 128.756256103515625 130.9812469482421875 134.3000030517578125 139.381256103515625 145.3625030517578125 146.1374969482421875 143.6437530517578125 139.8125 139.3125 141.03125 145.993743896484375 154.0187530517578125 163.837493896484375 175 184.868743896484375 195.09375 203.475006103515625 211.46875 220.6437530517578125 225.3874969482421875 229.8562469482421875 233.212493896484375 233.1062469482421875 231.7937469482421875 230.100006103515625 223.8249969482421875 214.5437469482421875 197.40625
118.5500030517578125 108.3125 101.84999847412109375 96.6374969482421875 91.75624847412109375 93.50624847412109375 95.61249542236328125 97.96875 105.9375 115.5 124.75624847412109375 129.9499969482421875 131.375 128.149993896484375 125.91249847412109375 124.38124847412109375 122.59375 125.2687530517578125 128.7687530517578125 134.006256103515625 141.631256103515625 142.0812530517578125 140.1875 136.25 128.6999969482421875 127.96250152587890625 137.225006103515625 146.506256103515625 157.337493896484375 168.756256103515625 176.65625 183.212493896484375 189.868743896484375 196.2687530517578125 205.381256103515625 212.649993896484375 218.75 225.225006103515625 228.40625 228.0500030517578125 225.4562530517578125 220.3000030517578125 205.118743896484375 191.3312530517578125
122.3562469482421875 113.00624847412109375 107.25 102.0187530517578125 97.8125 99.0749969482421875 101.00624847412109375 103.8249969482421875 112.53125 121.8874969482421875 128.2375030517578125 128.3562469482421875 125.84999847412109375 121.875 115.5500030517578125 115.84375 114.6437530517578125 116.93125152587890625 121.5124969482421875 127.08750152587890625 133.0625 134.65625 134.2062530517578125 132.274993896484375 127.31874847412109375 125.59375 132.09375 139.493743896484375 149.3874969482421875 158.443756103515625 168.2312469482421875 173.3937530517578125 179.087493896484375 184.9375 192.1687469482421875 201.649993896484375 211.212493896484375 220.3937530517578125 225.756256103515625 223.962493896484375 214.162506103515625 202.9375 197.462493896484375 194.7062530517578125
129.0124969482421875 120.6374969482421875 115.52500152587890625 110.36875152587890625 106.08750152587890625 107.64374542236328125 110.7312469482421875 114.03125 119.6374969482421875 124.90000152587890625 128.1999969482421875 125.66249847412109375 120.4187469482421875 114.96250152587890625 107.34999847412109375 107.3312530517578125 107.5749969482421875 111.5437469482421875 116.1437530517578125 121.08750152587890625 127.06874847412109375 130.1125030517578125 131.912506103515625 134.46875 134.5500030517578125 134.774993896484375 138.8937530517578125 144.9812469482421875 152.0124969482421875 158.8874969482421875 162.5124969482421875 165.90625 172.962493896484375 175.0500030517578125 177.493743896484375 183.875 200.6999969482421875 214.118743896484375 217.71875 213.056243896484375 203.09375 198.5124969482421875 200.493743896484375 197.524993896484375
135.3625030517578125 127.13124847412109375 123.13124847412109375 118.8625030517578125 114.59375 117.0437469482421875 120.59999847412109375 123.43125152587890625 125.53749847412109375 128.006256103515625 127.81874847412109375 122.9499969482421875 116.31874847412109375 110.55625152587890625 104.66249847412109375 98.91249847412109375 101.06874847412109375 107.52500152587890625 111.1374969482421875 115.96875 121.8937530517578125 127.875 132.8562469482421875 138.71875 140.7687530517578125 141.1062469482421875 144.5749969482421875 148.7375030517578125 154.6062469482421875 161.381256103515625 166.756256103515625 168.3562469482421875 166.6437530517578125 164.618743896484375 165.056243896484375 180.087493896484375 190.493743896484375 201.09375 206.912506103515625 207.287506103515625 201.9562530517578125 198.524993896484375 197.837493896484375 191.875
142.600006103515625 135.03125 130.53125 127.24375152587890625 124.55625152587890625 126.18125152587890625 128.9875030517578125 130.9749908447265625 131.28125 130.5 128.1875 122.58750152587890625 114.53125 107.3249969482421875 103.0625 99.16249847412109375 95 100.6750030517578125 106.21250152587890625 111.5187530517578125 117.7312469482421875 124.0500030517578125 131.875 141.5124969482421875 147.306243896484375 144.0812530517578125 146.0625 150.6125030517578125 156.25 162.3625030517578125 168.087493896484375 172.0437469482421875 170.90625 169.9375 178.943756103515625 184.1875 193.131256103515625 202.2624969482421875 211.3312530517578125 206.5 200.0124969482421875 195.274993896484375 190.1750030517578125 187.78125
151.368743896484375 145.287506103515625 142.03125 138.8000030517578125 136.4562530517578125 138.6750030517578125 139.7687530517578125 139.7624969482421875 136.1374969482421875 132.3249969482421875 127.22499847412109375 122.3937530517578125 113.38124847412109375 107.00624847412109375 103.25 100.22499847412109375 96.55625152587890625 94.9499969482421875 103.8625030517578125 108.2937469482421875 113.9499969482421875 120.84999847412109375 128.9562530517578125 139.2624969482421875 146.6125030517578125 145.875 145.806243896484375 151.8937530517578125 158.28125 161.6374969482421875 161.3312530517578125 161.712493896484375 173.21875 179.8312530517578125 184.78125 197.193756103515625 205.375 206.943756103515625 209.84375 206.5500030517578125 194.8625030517578125 189.2624969482421875 184.493743896484375 182.806243896484375
159.84375 154.78125 151.84375 150.568756103515625 149.431243896484375 149.818756103515625 150.3625030517578125 149.662506103515625 142.8562469482421875 136.1999969482421875 127.3562469482421875 118.90000152587890625 111.2062530517578125 105.5625 102.28749847412109375 100.56874847412109375 98.74375152587890625 95.84375 97.75624847412109375 102.69374847412109375 108.78749847412109375 117.2937469482421875 119.00624847412109375 130.193756103515625 138.0625 143.8249969482421875 148.53125 151.7312469482421875 158.068756103515625 160.9875030517578125 162.5749969482421875 167.53125 176.712493896484375 182.556243896484375 189.3375091552734375 198.037506103515625 200.2375030517578125 199.306243896484375 202.443756103515625 196.8249969482421875 187.4499969482421875 180.881256103515625 178.75 179.2375030517578125
