data/historical-monthly-weather-data/wc2.1_cruts4.09_10m_prec_1998-12.asc
ncols        45
nrows        45
xllcorner    -63.500000000000
yllcorner    -7.500000000000
cellsize     0.166666666667
NODATA_value -9999
[rows 0 to 18 of 45, columns 0 to 43 of 45]
141.3125 134.162506103515625 126.96250152587890625 121.8312530517578125 115.9187469482421875 112.00624847412109375 107.7937469482421875 103.01874542236328125 99.6125030517578125 96.79375457763671875 95.625 94.9187469482421875 94.9875030517578125 94.15000152587890625 94.2624969482421875 94.6750030517578125 95.40625 95.65625 97 98.3874969482421875 100.25624847412109375 101.80625152587890625 103.375 104.9375 106.46875 107.81874847412109375 110.4499969482421875 113.38124847412109375 116.22499847412109375 117.58750152587890625 118.0812530517578125 119.27500152587890625 119.8625030517578125 120.1374969482421875 120.19374847412109375 121.66249847412109375 121.96250152587890625 122.08750152587890625 121.4875030517578125 121.18125152587890625 120.5500030517578125 119.5749969482421875 118.5749969482421875 117.03125
145.774993896484375 137.8312530517578125 132.118743896484375 127.50624847412109375 122.84999847412109375 118.30625152587890625 113.31874847412109375 109.90625 107.65000152587890625 105.31874847412109375 103.63124847412109375 102.1062469482421875 101.69374847412109375 101.03749847412109375 100.78125 100.90625 101.47499847412109375 102.28749847412109375 103.5500030517578125 105.71875 107.15000152587890625 108.31874847412109375 110.1062469482421875 111.5187530517578125 112.90000152587890625 114.21875 116.64374542236328125 119.1374969482421875 121.5625 122.98125457763671875 123.2312469482421875 124.21875 123.8312530517578125 123.97499847412109375 124.46875 124.21250152587890625 125.6750030517578125 126.09999847412109375 124.90000152587890625 124.19374847412109375 123.22499847412109375 121.9875030517578125 120.78125 118.1062469482421875
149.7312469482421875 142.381256103515625 136.662506103515625 131.5 126.7062530517578125 122.43125152587890625 118.9875030517578125 116.75 115.2312469482421875 113.2937469482421875 111.1750030517578125 109.6062469482421875 109.1687469482421875 108.4562530517578125 108.28125 107.96250152587890625 108.55625152587890625 109.2062530517578125 110.5749969482421875 112.34375 113.6687469482421875 115.11875152587890625 116.77500152587890625 117.66249847412109375 118.625 120.34375 122.6750030517578125 124.8312530517578125 127.36875152587890625 127.65000152587890625 127.90000152587890625 128.631256103515625 129.318756103515625 128.4250030517578125 128.350006103515625 128.9375 129.21875 129.125 128.1812591552734375 127 125.38124847412109375 123.5 121.125 119.13124847412109375
152.287506103515625 146.287506103515625 141.34375 134.850006103515625 129.993743896484375 126.6750030517578125 124.4875030517578125 123.1999969482421875 122.2687530517578125 121.46250152587890625 119.5625 118.08750152587890625 117.0437469482421875 116.3249969482421875 115.8249969482421875 115.8249969482421875 116.21875 116.06874847412109375 117.3312530517578125 119.8249969482421875 121.24375152587890625 122.375 122.93125152587890625 123.6750030517578125 123.9812469482421875 125.6750030517578125 127.99375152587890625 129.6062469482421875 132.2312469482421875 132.9562530517578125 132.712493896484375 132.4499969482421875 133.3000030517578125 133.381256103515625 132.75 132.756256103515625 132.118743896484375 131.818756103515625 131.09375 129.2687530517578125 126.56874847412109375 124.1062469482421875 121.2375030517578125 119.16249847412109375
161.350006103515625 152.2624969482421875 143.96875 137.943756103515625 133.274993896484375 131.2312469482421875 129.618743896484375 129 129.6437530517578125 129.71875 127.625 125.6437530517578125 125.08750152587890625 124.5749969482421875 123.875 123.75 123.75 123.5187530517578125 124.8562469482421875 127.71875 129.03125 129.037506103515625 129.03125 129.306243896484375 129.2937469482421875 130.806243896484375 131.962493896484375 133.53125 135.96875 136.9187469482421875 136.8937530517578125 136.09375 136.3312530517578125 136.40625 135.774993896484375 135.8249969482421875 135.587493896484375 134.662506103515625 133.3937530517578125 130.8312530517578125 127.4499969482421875 124.30625152587890625 121.2687530517578125 117.99375152587890625
168.0437469482421875 159.1750030517578125 149.3625030517578125 140.4499969482421875 136.1999969482421875 135.662506103515625 134.9250030517578125 134.1125030517578125 134.600006103515625 134.8562469482421875 133.0812530517578125 131.8249969482421875 132.100006103515625 131.943756103515625 132.3562469482421875 132.537506103515625 133.03125 132.068756103515625 134.1687469482421875 136.0812530517578125 135.774993896484375 135.65625 134.84375 134.5812530517578125 134.2624969482421875 134.618743896484375 136.537506103515625 137.931243896484375 139.4875030517578125 140.1750030517578125 140.368743896484375 140.2937469482421875 138.90625 137.774993896484375 138.3625030517578125 138.318756103515625 137.618743896484375 137.59375 136.03125 132.0124969482421875 126.4250030517578125 122.88124847412109375 118.65000152587890625 115.6875
176.3249969482421875 166.8625030517578125 156.8874969482421875 147.0625 140.53125 139.024993896484375 138.5812530517578125 137.5500030517578125 137.100006103515625 136.181243896484375 136.681243896484375 136.962493896484375 138.8312530517578125 139.4499969482421875 140.4187469482421875 141.568756103515625 143.4187469482421875 144.818756103515625 146.7375030517578125 146.5625 144.1062469482421875 142.71875 140.600006103515625 139.2624969482421875 138.9875030517578125 138.4562530517578125 139.5625 141.850006103515625 143.256256103515625 143.28125 143.28125 142.9499969482421875 141.962493896484375 140.212493896484375 139.399993896484375 138.8249969482421875 138.5437469482421875 138.181243896484375 137.6125030517578125 132.056243896484375 124.8312530517578125 120.0124969482421875 115.9187469482421875 112.25
184.725006103515625 174.40625 164.462493896484375 155.8125 149.100006103515625 146.0124969482421875 142.9812469482421875 139.1999969482421875 136.787506103515625 137.1750030517578125 140.03125 142.9250030517578125 145.3625030517578125 147.850006103515625 149.125 151.118743896484375 153.3937530517578125 156.3312530517578125 158.443756103515625 155.28125 151.1062469482421875 147.6875 144.524993896484375 142.2937469482421875 142.118743896484375 141.84375 142.3125 144.0437469482421875 146.4562530517578125 146.8312530517578125 145.556243896484375 144.8937530517578125 143.8874969482421875 141.65625 140.850006103515625 138.7375030517578125 137.84375 136.4875030517578125 133.8937530517578125 128.2937469482421875 121.58750152587890625 116.46250152587890625 112.1125030517578125 108.15000152587890625
193.149993896484375 182.71875 173.3874969482421875 165.0625 157.787506103515625 154.756256103515625 151.15625 146.1999969482421875 141.493743896484375 140.618743896484375 145.0625 149.4124908447265625 152.90625 155.4499969482421875 156.8125 158.46875 160.53125 163.149993896484375 164.65625 160.5437469482421875 154.2624969482421875 150.1999969482421875 147.0187530517578125 146.024993896484375 145.087493896484375 144.256256103515625 144.524993896484375 146.287506103515625 147.931243896484375 147.625 147.399993896484375 145.875 144.1875 142.399993896484375 140.6437530517578125 138.4312591552734375 136.1125030517578125 133.3125 129.462493896484375 124.31874847412109375 117.46250152587890625 112.5500030517578125 108.6687469482421875 105.06874847412109375
200.212493896484375 190.21875 181.6687469482421875 174.337493896484375 167.1999969482421875 163.96875 160.4562530517578125 155.993743896484375 153.399993896484375 152.75 155.0749969482421875 157.568756103515625 161.5625 163.15625 164.443756103515625 165.274993896484375 166.0124969482421875 166.2312469482421875 165.5124969482421875 162.09375 156.25 151.850006103515625 148.7375030517578125 148.225006103515625 146.8625030517578125 145.6875 145.9562530517578125 147.243743896484375 148.9812469482421875 148.5 147.2937469482421875 145.6999969482421875 143.5437469482421875 141 139.2687530517578125 137.600006103515625 134.4562530517578125 130.8625030517578125 125.6875 120.06874847412109375 113.8937530517578125 109.55625152587890625 105 101.40000152587890625
208.5500030517578125 198.399993896484375 189.743743896484375 182.0625 176.1750030517578125 173.943756103515625 170.868743896484375 166.1999969482421875 164.1062469482421875 164.131256103515625 165.8312530517578125 168.162506103515625 170.524993896484375 171.9562530517578125 171.6750030517578125 171.4187469482421875 170.431243896484375 168.7937469482421875 166.0500030517578125 162.225006103515625 157.7624969482421875 153.4375 150.4812469482421875 148.256256103515625 148.868743896484375 147.8000030517578125 147.274993896484375 147.1875 147.375 146.837493896484375 145.6437530517578125 144.5437469482421875 142.287506103515625 139.712493896484375 137.4812469482421875 134.962493896484375 131.743743896484375 127.96250152587890625 123.2375030517578125 117.1437530517578125 110.90625 106.2687530517578125 102.13124847412109375 98.80625152587890625
215.600006103515625 205.193756103515625 197.0187530517578125 190.3312530517578125 184.5749969482421875 182.6125030517578125 180.431243896484375 176.350006103515625 174.556243896484375 175.34375 177.181243896484375 179.3562469482421875 179.4875030517578125 179.506256103515625 178.6437530517578125 176.7062530517578125 174.618743896484375 170.9499969482421875 167.21875 163.3125 158.0749969482421875 154.318756103515625 152.5187530517578125 151.0437469482421875 151.15625 149.962493896484375 148.287506103515625 146.8937530517578125 145.787506103515625 144.899993896484375 143.5187530517578125 142.412506103515625 140.1062469482421875 137.806243896484375 135.756256103515625 133.3625030517578125 130.125 126.5812530517578125 121.4250030517578125 115.40625 109.1750030517578125 104.4875030517578125 100.15625 96.4562530517578125
222.1062469482421875 212.243743896484375 204.662506103515625 197.7375030517578125 192.5124969482421875 190.087493896484375 187.53125 184.6750030517578125 183.693756103515625 185.212493896484375 187.4187469482421875 189.131256103515625 188.412506103515625 186.1624908447265625 184.7687530517578125 182.0187530517578125 178.743743896484375 174.806243896484375 170.1875 165 157.9000091552734375 154.8125 154.4875030517578125 153.681243896484375 152.1999969482421875 149.8499908447265625 147.787506103515625 146.118743896484375 144.556243896484375 142.3000030517578125 140.5500030517578125 139.0187530517578125 136.5437469482421875 134.5749969482421875 132.818756103515625 131.274993896484375 128.8562469482421875 125.5749969482421875 120.25624847412109375 113.6437530517578125 107.08750152587890625 102.81874847412109375 97.75624847412109375 92.0812530517578125
227.149993896484375 217.5625 210.09375 203.681243896484375 198.1374969482421875 195.662506103515625 193.1437530517578125 191.7312469482421875 192.4375 193.681243896484375 194.625 195.368743896484375 194.90625 192.756256103515625 189.600006103515625 187.4562530517578125 183.493743896484375 178.4562530517578125 173.193756103515625 167.8125 161.681243896484375 158.037506103515625 156.431243896484375 154.625 152.5749969482421875 150.15625 148.118743896484375 144.8249969482421875 141.9375 138.9875030517578125 136.8249969482421875 134.725006103515625 132.743743896484375 130.7687530517578125 129.75 128.6125030517578125 127.09999847412109375 125.1062469482421875 120.4187469482421875 114.49375152587890625 106.2624969482421875 99.4375 93.68125152587890625 89.2312469482421875
231.8125 222.0437469482421875 215.1999969482421875 208.725006103515625 203.475006103515625 200.8937530517578125 199.5500030517578125 198.3937530517578125 199.181243896484375 199.9250030517578125 200.6437530517578125 201.225006103515625 200.15625 198.40625 194.8562469482421875 192.462493896484375 187.681243896484375 182.2687530517578125 176.7687530517578125 172.5437469482421875 166.475006103515625 162.2062530517578125 159.037506103515625 156.3000030517578125 153.931243896484375 150.975006103515625 148.1374969482421875 144.399993896484375 140.40625 135.8000030517578125 132.337493896484375 130.274993896484375 128.475006103515625 127.0812530517578125 126.5187530517578125 125.0437469482421875 124.8125 124.83750152587890625 122.2687530517578125 115.7624969482421875 106.3000030517578125 99.25624847412109375 93.5625 89.09375
234.8874969482421875 225.443756103515625 218.9375 213.2937469482421875 208.1437530517578125 206.1687469482421875 204.9562530517578125 203.21875 204.125 205.9250030517578125 206.3562469482421875 206.337493896484375 205.3249969482421875 203.412506103515625 200.2375030517578125 195.931243896484375 191.03125 186.443756103515625 180.96875 176.493743896484375 171.1125030517578125 165.9375 161.9562530517578125 158.375 155.693756103515625 153.212493896484375 149.587493896484375 144.8000030517578125 139.1437530517578125 132.6125030517578125 127.99375152587890625 124.7624969482421875 122.08750152587890625 120.72499847412109375 119.7937469482421875 119.3249969482421875 120.78125 123.11875152587890625 122.8874969482421875 116.74375152587890625 106.9187469482421875 99.4562530517578125 93.24375152587890625 87.27500152587890625
237.1687469482421875 228.225006103515625 220.8625030517578125 215.975006103515625 211.6999969482421875 209.524993896484375 208.8625030517578125 208.443756103515625 210.149993896484375 211.4250030517578125 211.8937530517578125 211.1374969482421875 209.9000091552734375 207.8312530517578125 204.774993896484375 199.9187469482421875 193.3562469482421875 188.90625 184.78125 180.3249969482421875 174.9499969482421875 169.59375 165.1062469482421875 160.787506103515625 157.8874969482421875 155.7937469482421875 152.131256103515625 145.6687469482421875 137.006256103515625 128.84375 123.11875152587890625 119.78749847412109375 115.9375 112.2937469482421875 110.21875 110.96250152587890625 114.875 121.49375152587890625 126.83750152587890625 118.25 106.5812530517578125 98.5437469482421875 91.2375030517578125 85.97499847412109375
238.3562469482421875 229.631256103515625 222.625 218.1374969482421875 214.1374969482421875 213.212493896484375 212.6437530517578125 211.9250030517578125 213.618743896484375 215.9250030517578125 217.131256103515625 216.243743896484375 214.0625 211.84375 208.2375030517578125 203.0187530517578125 196.5437469482421875 189.5749969482421875 187.4250030517578125 183.3874969482421875 178.71875 173.2562408447265625 168.162506103515625 163.9250030517578125 160.8125 158.618743896484375 155.7062530517578125 146.5625 134.943756103515625 124.5187530517578125 117.34999847412109375 113.44374847412109375 110.59999847412109375 107.68125152587890625 103.4250030517578125 99.8625030517578125 107.86875152587890625 116.91249847412109375 120.36875152587890625 114.75624847412109375 103.8874969482421875 96.3000030517578125 90.18125152587890625 85.5625
238.1437530517578125 229.475006103515625 223.5124969482421875 219.274993896484375 215.71875 215.4562530517578125 215.1875 215.7312469482421875 217.96875 220.5437469482421875 220.9375 219.1374969482421875 217.662506103515625 216.0124969482421875 211.7062530517578125 206 199.6437530517578125 192.774993896484375 187.818756103515625 184.7375030517578125 181.4250030517578125 177.806243896484375 170.431243896484375 166.59375 163.899993896484375 161.15625 156.506256103515625 147.287506103515625 134.5812530517578125 121.9250030517578125 112.30625152587890625 111.1062469482421875 110.34999847412109375 107.0500030517578125 102.13124847412109375 100.2937469482421875 105.5437469482421875 110.9187469482421875 112.8312530517578125 108.1750030517578125 99.8937530517578125 93.59375 88.5500030517578125 84.82500457763671875
