data/historical-monthly-weather-data/wc2.1_cruts4.09_10m_prec_1964-05.asc
ncols        45
nrows        45
xllcorner    -63.500000000000
yllcorner    -7.500000000000
cellsize     0.166666666667
NODATA_value -9999
[rows 20 to 39 of 45, columns 0 to 44 of 45]
286.04376220703125 300.193756103515625 307.756256103515625 309.73748779296875 311.350006103515625 321.337493896484375 326.9375 327.86248779296875 325.318756103515625 318.29998779296875 312.79998779296875 308.693756103515625 299.33123779296875 289.243743896484375 274.95001220703125 263.618743896484375 248.5749969482421875 243.9187469482421875 246.8874969482421875 246.96875 264.806243896484375 282.39373779296875 298.056243896484375 306.54998779296875 311.587493896484375 308.61248779296875 297.11248779296875 292.743743896484375 289.037506103515625 283.98748779296875 282.475006103515625 285.443756103515625 282.837493896484375 283.975006103515625 291.25 302.84375 312.17498779296875 317.26251220703125 316.20623779296875 310.79998779296875 305.368743896484375 296.962493896484375 293.63751220703125 297.337493896484375 296.90625
275.625 280.40625 292.63751220703125 302.78125 305.61248779296875 311.806243896484375 320.5625 326.03125 325.01873779296875 319.443756103515625 312.743743896484375 305.13751220703125 295.037506103515625 284.006256103515625 275.587493896484375 262.13751220703125 260.61248779296875 253.649993896484375 254.8625030517578125 252.8125 259.13751220703125 273.63751220703125 287.91876220703125 291.25 290.274993896484375 292.787506103515625 294.068756103515625 289.618743896484375 293.14373779296875 290.51251220703125 283.84375 278.493743896484375 281.1875 286.212493896484375 287.993743896484375 294.087493896484375 303.493743896484375 308.61248779296875 307.506256103515625 303.4375 300.45623779296875 293.649993896484375 289.90625 290.73126220703125 289.6875
265.79376220703125 279.23748779296875 289.431243896484375 299.087493896484375 301.931243896484375 306.90625 306.09375 313.63751220703125 321.037506103515625 317.51251220703125 308.85626220703125 300.29998779296875 295.125 285.100006103515625 276.949981689453125 267.037506103515625 260.818756103515625 256.556243896484375 254.3625030517578125 253 260.85626220703125 266.41876220703125 276.29376220703125 278.20001220703125 282.837493896484375 283.82501220703125 281.20001220703125 284.54376220703125 288.912506103515625 285.08123779296875 277.024993896484375 275.837493896484375 282.20623779296875 285.712493896484375 289.58123779296875 286.85626220703125 290.75 298.60626220703125 303.59375 299.993743896484375 295.08123779296875 289.868743896484375 285.60626220703125 285.1875 283.28125
252.256256103515625 268.243743896484375 281.98748779296875 288.899993896484375 291.118743896484375 293.51251220703125 303.8125 308.96875 309.5 305.524993896484375 301.04998779296875 299.82501220703125 293.51873779296875 287.1875 277.118743896484375 267.73748779296875 261.375 259.28125 258.125 257.818756103515625 259.662506103515625 264.743743896484375 269.39373779296875 275.412506103515625 276.0625 272.29376220703125 273.32501220703125 277.587493896484375 284.162506103515625 286.63751220703125 286.36248779296875 286.86248779296875 293.368743896484375 295.01873779296875 296.100006103515625 288.681243896484375 295.48126220703125 299.23126220703125 300.399993896484375 298.04998779296875 292.162506103515625 289.26251220703125 286.350006103515625 282.649993896484375 278.837493896484375
244.756256103515625 261.20623779296875 272.36248779296875 283.20001220703125 287.98748779296875 292.32501220703125 294.393768310546875 300.25 299.850006103515625 298.92498779296875 294.5625 291.08123779296875 289.71875 283.51251220703125 273.66876220703125 267.34375 264.712493896484375 261.70001220703125 258.51251220703125 257.9375 261.91876220703125 263.125 268.337493896484375 271.431243896484375 271.17498779296875 275.1875 276.16876220703125 281.381256103515625 286.993743896484375 294.51873779296875 295.943756103515625 303.5 308.412506103515625 308.600006103515625 302.29376220703125 297.350006103515625 300.11248779296875 297.01251220703125 296.54998779296875 294.587493896484375 290.862518310546875 286.0625 283.25 276.73126220703125 266.975006103515625
243.743743896484375 261.26251220703125 265.225006103515625 274.11248779296875 275.23126220703125 278.662506103515625 280.64373779296875 285.693756103515625 282.725006103515625 279.21875 283.537506103515625 284.0374755859375 279.76873779296875 275.78125 273.118743896484375 267.57501220703125 265.51873779296875 262.681243896484375 259.3125 257.149993896484375 260.3125 260.818756103515625 264.95623779296875 264.57501220703125 268.20623779296875 271.51251220703125 279.587493896484375 285.07501220703125 290.10626220703125 298.681243896484375 307.118743896484375 323.256256103515625 329.20001220703125 320.337493896484375 310.34375 306.100006103515625 301.79376220703125 298.875 291.45623779296875 288.4375 286.225006103515625 279.287506103515625 273.368743896484375 270.412506103515625 262.787506103515625
240.493743896484375 248.3562469482421875 255.8125 261.649993896484375 262.837493896484375 266.36248779296875 267.83123779296875 268.225006103515625 267.9375 273.32501220703125 275.787506103515625 273.60626220703125 273.09375 271.625 269.475006103515625 267.26873779296875 263.337493896484375 258.837493896484375 260.73126220703125 257.58123779296875 257.0625 258.087493896484375 261.068756103515625 265.01873779296875 268.243743896484375 272.118743896484375 279.51251220703125 285.006256103515625 291.53125 297.556243896484375 310.9375 327.33123779296875 339.48126220703125 325.5625 311.600006103515625 304.73126220703125 303.73748779296875 296.95623779296875 289.537506103515625 286.20001220703125 282.306243896484375 275.54376220703125 269.76873779296875 263.53125 256.53125
238.774993896484375 241.1875 245.875 247.431243896484375 249.8874969482421875 254.537506103515625 257.10626220703125 255.59375 257.993743896484375 263.125 264.73126220703125 263.34375 264.100006103515625 263.26251220703125 263.92498779296875 259.931243896484375 259.95001220703125 260.92498779296875 262.64373779296875 260.75 259.193756103515625 257.131256103515625 261.73126220703125 263.84375 267.625 269.54376220703125 277.149993896484375 282.418731689453125 289.70001220703125 296.70001220703125 307.381256103515625 319.76873779296875 326.78125 318.118743896484375 310.86248779296875 304.256256103515625 299.23126220703125 296.431243896484375 291.600006103515625 284.443756103515625 278.131256103515625 273.943756103515625 268.368743896484375 263.61248779296875 253.1125030517578125
234.28125 234.8562469482421875 235.5124969482421875 236.587493896484375 237.9749908447265625 237.506256103515625 238.131256103515625 242.1687469482421875 249.087493896484375 251.0812530517578125 253.649993896484375 255.131256103515625 255.756256103515625 258.65625 261.993743896484375 263.23126220703125 263.337493896484375 262.39373779296875 262.39373779296875 261.35626220703125 259.54376220703125 256.306243896484375 257.82501220703125 259.337493896484375 262.28125 261.76251220703125 269.412506103515625 277.20001220703125 283.975006103515625 288.98126220703125 297.631256103515625 303.92498779296875 307.58123779296875 304.46875 304.04376220703125 299.350006103515625 296.318756103515625 291.350006103515625 286.8125 279.79998779296875 269.41876220703125 262.60626220703125 262.587493896484375 264.15625 257.04376220703125
238.9562530517578125 236.125 232.3000030517578125 227.899993896484375 226.256256103515625 228.1125030517578125 228.34375 233.6374969482421875 238.024993896484375 238.5749969482421875 242.524993896484375 245.712493896484375 248.5124969482421875 253.2937469482421875 257.26873779296875 259.70001220703125 260.443756103515625 263.912506103515625 262.5625 258.71875 256.76873779296875 255.368743896484375 255.256256103515625 254.524993896484375 253.3874969482421875 257.662506103515625 260.868743896484375 263.65625 269.51251220703125 274.943756103515625 282.537506103515625 286.03125 289.618743896484375 291.36248779296875 293.10626220703125 288.149993896484375 291.54998779296875 288.66876220703125 282.787506103515625 282.056243896484375 276.70623779296875 268.26251220703125 262.10626220703125 258.16876220703125 252.7937469482421875
244.4812469482421875 237.7375030517578125 229.71875 225.287506103515625 222.8125 222.25 223.7062530517578125 224.34375 228.0625 230.7312469482421875 234.243743896484375 236.6437530517578125 243.506256103515625 245.649993896484375 250.337493896484375 255.681243896484375 259.024993896484375 260.162506103515625 260.73126220703125 259.82501220703125 254.09375 250.34375 249.587493896484375 245.7375030517578125 244.0500030517578125 249.506256103515625 250.6875 251.149993896484375 256.118743896484375 259.88751220703125 267.493743896484375 268.600006103515625 272.17498779296875 276.03125 278.21875 274.32501220703125 278.15625 281.08123779296875 280.899993896484375 278.61248779296875 278.92498779296875 269.681243896484375 262.125 253.75 250.806243896484375
245.21875 235.868743896484375 227.6750030517578125 223.1125030517578125 221.056243896484375 217.462493896484375 219.943756103515625 216.2937469482421875 218.6687469482421875 220.287506103515625 223.2312469482421875 225.193756103515625 231.6374969482421875 238.0187530517578125 242.681243896484375 249.6437530517578125 250.212493896484375 250.9812469482421875 252.03125 252.212493896484375 245.59375 242.125 239.9250030517578125 237.34375 239.0749969482421875 239.78125 240.4562530517578125 238.9562530517578125 239.59375 244.399993896484375 246.8312530517578125 249.8562469482421875 252.75 257.118743896484375 261.92498779296875 260.962493896484375 264.193756103515625 269.26251220703125 269.29998779296875 274.15625 274.95001220703125 268.162506103515625 261.868743896484375 258.056243896484375 254.743743896484375
249.962493896484375 242.056243896484375 233.243743896484375 229.3625030517578125 223.9375 219.1875 218.618743896484375 215.25 215.4375 216.78125 221.53125 222.8125 227.256256103515625 233.725006103515625 236.9562530517578125 239.7624969482421875 240.712493896484375 244.3625030517578125 242.462493896484375 242.15625 235.350006103515625 233.2750091552734375 229.556243896484375 228.9562530517578125 229.21875 230.037506103515625 228.125 226.8000030517578125 224.6062469482421875 227.037506103515625 230.03125 231.53125 232.6999969482421875 240.4562530517578125 244.318756103515625 248.3312530517578125 248.881256103515625 254.212493896484375 255.04998779296875 262.89373779296875 263.774993896484375 261.625 257.8125 257.29998779296875 262.73748779296875
255.100006103515625 246.475006103515625 240.78125 235.587493896484375 231.28125 224.006256103515625 219.681243896484375 214.0812530517578125 211.40625 210.5625 212.3937530517578125 217.100006103515625 219.3625030517578125 222.25 227.056243896484375 232.037506103515625 234.125 235.8937530517578125 231.9562530517578125 229.2937469482421875 226.287506103515625 224.649993896484375 221.2375030517578125 218.1125030517578125 218.162506103515625 216.8625030517578125 213.693756103515625 211.0187530517578125 210.462493896484375 211.787506103515625 213.8000030517578125 214.618743896484375 216.975006103515625 221.056243896484375 226.462493896484375 229.7687530517578125 233.537506103515625 235.0437469482421875 240.024993896484375 245.443756103515625 246.875 249.4562530517578125 251.59375 252.931243896484375 262.975006103515625
256.88751220703125 249.368743896484375 244.90625 241.399993896484375 237.0437469482421875 228.556243896484375 218.8562469482421875 212.600006103515625 204.7687530517578125 202.912506103515625 204.899993896484375 209.28125 214.756256103515625 219.225006103515625 222.40625 225.2937469482421875 225.8625030517578125 226.90625 223.100006103515625 217.625 214.9375 211.6437530517578125 210.131256103515625 206.5562591552734375 205.1125030517578125 203.4250030517578125 202.4499969482421875 200.3625030517578125 198.6875 200.03125 199.806243896484375 199.818756103515625 199.78125 204.1437530517578125 203.4562530517578125 208.2624969482421875 210.0812530517578125 218.65625 223.225006103515625 226.7375030517578125 229.15625 229.9812469482421875 233.28125 238.1437530517578125 246.6125030517578125
259.41876220703125 254.78125 248.368743896484375 243.7312469482421875 238 228.943756103515625 217.8312530517578125 211.2937469482421875 203.3625030517578125 197.5812530517578125 197.6875 206.1374969482421875 214.006256103515625 216.024993896484375 218.868743896484375 218.7624969482421875 217.2312469482421875 214.6437530517578125 212.899993896484375 207.193756103515625 204.6999969482421875 201.6750030517578125 199.318756103515625 196.649993896484375 194.125 191.5250091552734375 192.712493896484375 191.25 187.274993896484375 187.3312530517578125 187.3312530517578125 186.5812530517578125 185.6125030517578125 184.96875 185.337493896484375 188.1437530517578125 196.256256103515625 199.1125030517578125 203.5500030517578125 210.40625 211.9875030517578125 216.1374969482421875 217.6687469482421875 222.056243896484375 224.243743896484375
262.64373779296875 260.443756103515625 253.71875 248.5500030517578125 243.806243896484375 232.318756103515625 221.4562530517578125 210.9375 201.21875 189.662506103515625 196.943756103515625 213.8625030517578125 218.475006103515625 216.756256103515625 215.78125 213 207.618743896484375 203.756256103515625 201.493743896484375 194.725006103515625 193.2062530517578125 190.7624969482421875 187.0812530517578125 184.493743896484375 182.5 182.03125 181.493743896484375 179.5437469482421875 176.118743896484375 176.3625030517578125 176.7375030517578125 176.4562530517578125 174.1437530517578125 170.4499969482421875 170.756256103515625 175.443756103515625 180.6750030517578125 185.287506103515625 187.868743896484375 191.431243896484375 193.0812530517578125 194.649993896484375 201.1687469482421875 206.493743896484375 207.993743896484375
267.743743896484375 265.337493896484375 261.33123779296875 255.0437469482421875 251.4375 240.631256103515625 229.3249969482421875 216.7375030517578125 206.3249969482421875 194.006256103515625 213.5062408447265625 229.5749969482421875 226.8937530517578125 221.368743896484375 215.6750030517578125 209.1875 200.8874969482421875 197.024993896484375 191.912506103515625 186.818756103515625 182.256256103515625 179.7624969482421875 176.5124969482421875 173.881256103515625 171.78125 170.743743896484375 168.4250030517578125 170.3000030517578125 168.5437469482421875 166.8125 165.3625030517578125 164.837493896484375 163.375 158.350006103515625 155.412506103515625 159.7937469482421875 166.2937469482421875 169.850006103515625 175.118743896484375 176.21875 178.256256103515625 180.5625 181.1687469482421875 183.0812530517578125 186.03125
276.91876220703125 273.256256103515625 268.01251220703125 262.631256103515625 254.3187408447265625 244.618743896484375 236.506256103515625 229.5500030517578125 226.3625030517578125 232.78125 255.1750030517578125 249.9812469482421875 235.40625 225.6687469482421875 217.1999969482421875 208.3249969482421875 199.25 193.318756103515625 187.53125 180.149993896484375 173.337493896484375 168.225006103515625 166.0437469482421875 165.087493896484375 161.9187469482421875 160.524993896484375 161.0749969482421875 162.806243896484375 160.0812530517578125 160.15625 156.9437408447265625 152.5749969482421875 152.256256103515625 151.03125 151.9375 154.412506103515625 157.4250030517578125 162.693756103515625 163.25 162.1062469482421875 165.943756103515625 167.3125 166.2624969482421875 169.4749908447265625 170.3312530517578125
290.83123779296875 284.41876220703125 279.600006103515625 272.64373779296875 265.20001220703125 255.306243896484375 245.493743896484375 245.1999969482421875 245.693756103515625 250.6125030517578125 254.7312469482421875 251.899993896484375 238.125 225.818756103515625 218.3562469482421875 206.3937530517578125 194.9812469482421875 187.3125 179.3937530517578125 172.506256103515625 164.100006103515625 159.1125030517578125 154.1437530517578125 153.056243896484375 152 151.9187469482421875 151.9250030517578125 153.0749969482421875 151.556243896484375 151.306243896484375 150.28125 149.625 148.6875 148.71875 149.4499969482421875 150.256256103515625 151.5749969482421875 155.4812469482421875 155.2062530517578125 151.181243896484375 152.625 153.693756103515625 151.34375 151.287506103515625 154.881256103515625
