data/historical-monthly-weather-data/wc2.1_cruts4.09_10m_prec_1967-03.asc
ncols        51
nrows        45
xllcorner    -63.500000000000
yllcorner    -7.500000000000
cellsize     0.166666666667
NODATA_value -9999
[rows 20 to 39 of 45, columns 0 to 44 of 51]
167.8000030517578125 171.6125030517578125 179.693756103515625 188.96875 199.4875030517578125 214.2312469482421875 229.5625 244 257.837493896484375 269 277.600006103515625 284.38751220703125 291.36248779296875 300.118743896484375 301.537506103515625 297.42498779296875 294.34375 295.95623779296875 301.40625 306.662506103515625 312.350006103515625 318.056243896484375 322.04998779296875 324.618743896484375 327.54376220703125 330.73748779296875 331.850006103515625 332.10626220703125 332.09375 331.45001220703125 325.506256103515625 314.51873779296875 296.67498779296875 275.087493896484375 254.8312530517578125 270.975006103515625 294.76873779296875 306.20001220703125 308.618743896484375 305.34375 299.6875 295.64373779296875 290.587493896484375 286.837493896484375 286.71875
159.962493896484375 164.46875 174.243743896484375 184.693756103515625 196.4875030517578125 212.8874969482421875 229.8937530517578125 246.412506103515625 260.57501220703125 269.162506103515625 273.149993896484375 275.625 278.51251220703125 283.943756103515625 287.587493896484375 288.76873779296875 290.475006103515625 293.45001220703125 298.056243896484375 302.306243896484375 304.4375 307.443756103515625 313.225006103515625 315.32501220703125 319.01873779296875 324.899993896484375 330.181243896484375 330.824981689453125 330.46875 328.76873779296875 321.693756103515625 310.881256103515625 295.76873779296875 280.537506103515625 271.412506103515625 279.806243896484375 296.899993896484375 307.57501220703125 309.84375 305.350006103515625 298.625 294.462493896484375 289.98748779296875 286.51251220703125 287.225006103515625
154.243743896484375 159.931243896484375 169.8874969482421875 181.2937469482421875 193.5812530517578125 210.1062469482421875 227.6125030517578125 247.100006103515625 263.70001220703125 268.5 268.212493896484375 264.96875 263.34375 267.9375 275.20001220703125 280.26251220703125 283.881256103515625 288.09375 292.399993896484375 296.1875 297.100006103515625 297.412506103515625 299.787506103515625 301.881256103515625 308.42498779296875 317.225006103515625 324 326.8125 326.631256103515625 324.100006103515625 318.66876220703125 312.57501220703125 304.92498779296875 296.618743896484375 295.493743896484375 301.125 310.14373779296875 315.381256103515625 314.01251220703125 307.42498779296875 299.04998779296875 294.162506103515625 289.837493896484375 285.67498779296875 287.006256103515625
150.0437469482421875 155.725006103515625 165.9187469482421875 177.5 189.90625 205.7937469482421875 223.875 243.006256103515625 258.212493896484375 261.431243896484375 259.34375 256.375 251.6999969482421875 257.4375 267.07501220703125 274.26251220703125 279.9375 285.20623779296875 288.206268310546875 290.774993896484375 290.17498779296875 288.67498779296875 288.899993896484375 290.506256103515625 295.506256103515625 304.28125 312.29376220703125 318.29998779296875 321.15625 322.493743896484375 321.98748779296875 319.51873779296875 315.962493896484375 313.15625 314.86248779296875 320.26251220703125 324.79998779296875 322.85626220703125 316.59375 308.125 299.15625 292.962493896484375 288.01873779296875 282.962493896484375 286.4375
148.787506103515625 153.649993896484375 162.4562530517578125 173.8312530517578125 186.7937469482421875 202.2375030517578125 218.09375 234.131256103515625 246.274993896484375 252.0437469482421875 253.993743896484375 252.256256103515625 252.4375 257.068756103515625 263.96875 271.75 277.537506103515625 283.225006103515625 286.818756103515625 287.125 283.618743896484375 280.006256103515625 277.26873779296875 275.818756103515625 281.899993896484375 294.40625 302.8125 312.16876220703125 317.625 324.037506103515625 326.51251220703125 327.024993896484375 327.006256103515625 326.78125 327.962493896484375 327.524993896484375 328.29998779296875 324.63751220703125 316.681243896484375 308.82501220703125 299.57501220703125 292.36248779296875 285.13751220703125 281.662506103515625 282.381256103515625
149.09375 153.806243896484375 160.7937469482421875 171.4375 182.6875 196.725006103515625 211.09375 225.0749969482421875 235.649993896484375 242.756256103515625 247.443756103515625 250.4375 253.78125 258.350006103515625 264.4375 271.962493896484375 277.068756103515625 283.306243896484375 287.46875 285.693756103515625 281.631256103515625 273.91876220703125 266.193756103515625 260.70001220703125 269.32501220703125 285.618743896484375 298.6875 308.243743896484375 316.4375 325.76251220703125 331.91876220703125 336.337493896484375 338.693756103515625 337.51251220703125 336.03125 332.368743896484375 329.61248779296875 324.649993896484375 317.15625 308.57501220703125 299.64373779296875 291.20623779296875 281.23126220703125 276.518768310546875 278.618743896484375
146.8937530517578125 148.399993896484375 155.662506103515625 164.84375 174.912506103515625 188.1437530517578125 201.225006103515625 213.9875030517578125 224.59375 234.056243896484375 242.0500030517578125 248.037506103515625 253.9562530517578125 260.462493896484375 267.35626220703125 274.23126220703125 281.23748779296875 286.57501220703125 289.8125 289.818756103515625 283.743743896484375 274.86248779296875 262.48126220703125 254.524993896484375 267.274993896484375 283.5 297.41876220703125 306.83123779296875 315.681243896484375 326.006256103515625 334.63751220703125 342.84375 347.33123779296875 343.806243896484375 339.774993896484375 334.98748779296875 331.13751220703125 325.1875 318.087493896484375 310.36248779296875 300.39373779296875 291.17498779296875 280.28125 273.95623779296875 282.46875
144 143.0812530517578125 149.8625030517578125 158.506256103515625 167.181243896484375 179.431243896484375 192.9375 205.2624969482421875 216.368743896484375 227.068756103515625 236.3125 244.587493896484375 253.243743896484375 262.006256103515625 269.6875 276.9375 284.912506103515625 292.806243896484375 297.068756103515625 298 293.14373779296875 284.662506103515625 278.212493896484375 272.274993896484375 278.66876220703125 290.76251220703125 301.568756103515625 310.4375 317.9375 326.48748779296875 334.73748779296875 341.95623779296875 346 343.006256103515625 339.431243896484375 334.85626220703125 329.162506103515625 324.274993896484375 318.54998779296875 312.850006103515625 306.23748779296875 296.125 282.38751220703125 275.65625 292.100006103515625
140.693756103515625 137.9375 144.21875 151.8937530517578125 160.993743896484375 172.618743896484375 184.618743896484375 196.8249969482421875 208.818756103515625 220.087493896484375 231.3625030517578125 241.806243896484375 252.337493896484375 263.431243896484375 273.04998779296875 282.381256103515625 292.79376220703125 301.881256103515625 308.375 311.20623779296875 307.85626220703125 301.6875 298.1875 291.98126220703125 295.024993896484375 301.51873779296875 308.475006103515625 315.181243896484375 320.975006103515625 328.274993896484375 333.837493896484375 338.875 342.04376220703125 340.743743896484375 338.337493896484375 333.73748779296875 327.3125 322.368743896484375 317.45001220703125 311.875 309.087493896484375 299.462493896484375 286.556243896484375 287.056243896484375 306.07501220703125
141.681243896484375 137.4499969482421875 142.125 148.274993896484375 155.71875 166 177.6125030517578125 189.462493896484375 201.8874969482421875 213.6875 225.943756103515625 238.868743896484375 252.3249969482421875 265.54998779296875 276.73748779296875 287.756256103515625 299.45001220703125 313.85626220703125 322.8125 323.91876220703125 321.006256103515625 317.29998779296875 314.587493896484375 309.26251220703125 308.82501220703125 312.631256103515625 316.73126220703125 320.068756103515625 322.95623779296875 327.84375 332.375 335.17498779296875 337.35626220703125 338.5625 337.53125 332.16876220703125 325.618743896484375 321.106231689453125 313.15625 307.462493896484375 305.368743896484375 304.368743896484375 300.01251220703125 305.875 317.95623779296875
142.0749969482421875 136.4187469482421875 139.59375 144.681243896484375 150.8125 160.0812530517578125 171.600006103515625 182.90625 195.34375 207.8562469482421875 221.0625 235.1750030517578125 250.625 265.125 278.26873779296875 291.73748779296875 307.21875 323.056243896484375 336.337493896484375 337.462493896484375 334.8125 330.9375 329.774993896484375 323.82501220703125 320.837493896484375 323.66876220703125 323.9375 323.61248779296875 324.79376220703125 327.837493896484375 331.08123779296875 334.03125 336.006256103515625 337.368743896484375 337.068756103515625 330.506256103515625 323.98748779296875 319.78125 310.649993896484375 299.20001220703125 299.306243896484375 307.543731689453125 313.04998779296875 321.149993896484375 333.51251220703125
142.462493896484375 135.8312530517578125 137.568756103515625 141.1437530517578125 146.09375 154.8249969482421875 165.7937469482421875 176.243743896484375 188.662506103515625 201.6062469482421875 215.381256103515625 230.59375 246.7937469482421875 264.0625 279.537506103515625 295.306243896484375 309.75 325.274993896484375 338.537506103515625 344.39373779296875 342.71875 341.91876220703125 340.225006103515625 333.67498779296875 332.11248779296875 331.86248779296875 328.787506103515625 327.506256103515625 325.36248779296875 327.96875 330.868743896484375 333.20001220703125 334.131256103515625 335.54998779296875 335.65625 329.443756103515625 324.42498779296875 319.256256103515625 308.243743896484375 300.568756103515625 304.600006103515625 317.70001220703125 328.39373779296875 342.881256103515625 358.54376220703125
149.4375 143.0437469482421875 143.03125 144.587493896484375 147.09375 154.75 163.368743896484375 171.9562530517578125 183.1437530517578125 196.243743896484375 211.8000030517578125 227.3937530517578125 245.2687530517578125 265.53125 281.631256103515625 297.15625 311.131256103515625 326.350006103515625 337.912506103515625 345.20623779296875 346.84375 346.70001220703125 344.66876220703125 339.83123779296875 336.899993896484375 334.962493896484375 330.662506103515625 327.881256103515625 326.25 328.0625 330.65625 332.95623779296875 334.86248779296875 336.5625 336.125 332.743743896484375 328.60626220703125 323.26251220703125 315.318756103515625 316.024993896484375 321.53125 334.84375 349.23126220703125 366.07501220703125 391.037506103515625
157.28125 151.1062469482421875 150.100006103515625 149.725006103515625 150.212493896484375 155.4812469482421875 161.6125030517578125 168.3000030517578125 178.5 190.8312530517578125 205.993743896484375 224.350006103515625 244.0124969482421875 263.85626220703125 280.0625 296.88751220703125 312.89373779296875 326.837493896484375 336.537506103515625 344.10626220703125 347.662506103515625 347.95001220703125 347.493743896484375 341.493743896484375 337.98748779296875 334.431243896484375 330.568756103515625 326.75 326.193756103515625 327.600006103515625 329.375 333.03125 336.0625 337.837493896484375 339.4375 336.943756103515625 333.08123779296875 328.274993896484375 327.381256103515625 331.068756103515625 336.568756103515625 350.368743896484375 368.493743896484375 387.61248779296875 415.67498779296875
165.7624969482421875 160.2624969482421875 158 155.693756103515625 153.587493896484375 157.0812530517578125 160.8249969482421875 165.9250030517578125 174.243743896484375 185.037506103515625 200.4375 220.8625030517578125 242.8874969482421875 263.931243896484375 281.71875 297.618743896484375 313.806243896484375 326.60626220703125 335.881256103515625 343 347.08123779296875 347.04998779296875 346.149993896484375 339.78125 336.29998779296875 333.018768310546875 328.243743896484375 325.41876220703125 323.493743896484375 326.056243896484375 329.625 333.693756103515625 336.806243896484375 339.787506103515625 341.26873779296875 338.756256103515625 335.962493896484375 336.618743896484375 339.40625 344.04998779296875 350.78125 363.125 380.66876220703125 400.20623779296875 424.274993896484375
178.962493896484375 173.2375030517578125 170.225006103515625 167.2750091552734375 164.5625 165.943756103515625 168.0500030517578125 170.149993896484375 175.568756103515625 184.556243896484375 198.6125030517578125 219.40625 243.318756103515625 265.881256103515625 283.25 299.5625 314.23126220703125 325.46875 334.78125 342.131256103515625 344.318756103515625 342.875 340.21875 334.631256103515625 330.45623779296875 326.67498779296875 322.58123779296875 320.84375 319.875 323.10626220703125 328.33123779296875 333.01251220703125 335.88751220703125 340.493743896484375 342.9375 341.70001220703125 343.14373779296875 345.42498779296875 347.787506103515625 353.98126220703125 362.225006103515625 373.431243896484375 387.350006103515625 405.89373779296875 424.087493896484375
192.09375 186.8625030517578125 183.6999969482421875 180.2062530517578125 177.350006103515625 177.4375 177.2624969482421875 177.225006103515625 179.4375 183.681243896484375 198.3562469482421875 223.1374969482421875 247.3125 268.193756103515625 285.78125 300.774993896484375 313.962493896484375 323.625 332.381256103515625 336.88751220703125 338.100006103515625 335.662506103515625 332.46875 325.60626220703125 320.91876220703125 317.53125 314.79998779296875 315.087493896484375 315.037506103515625 320.04376220703125 325.96875 331.53125 336.681243896484375 342.36248779296875 345.443756103515625 347.28125 350.70623779296875 354.84375 358.337493896484375 362.475006103515625 369.1875 379.181243896484375 391.95001220703125 407.76251220703125 422.91876220703125
204.318756103515625 199.8312530517578125 196.350006103515625 193.0812530517578125 190.662506103515625 189.975006103515625 188.743743896484375 186.9875030517578125 188.75 190.21875 209.787506103515625 234.8249969482421875 254.9812469482421875 273.556243896484375 288.51873779296875 302.4375 313.100006103515625 320.73126220703125 326.75 329.006256103515625 327.16876220703125 324.193756103515625 322.04376220703125 315.100006103515625 310.681243896484375 308.21875 306.66876220703125 308.83123779296875 310.818756103515625 316.78125 322.83123779296875 329.13751220703125 335.54376220703125 342.73748779296875 346.493743896484375 351.60626220703125 356.649993896484375 360.33123779296875 365.693756103515625 371.125 375.100006103515625 384.58123779296875 393.725006103515625 402.868743896484375 415.3125
208.524993896484375 205.381256103515625 203.7312469482421875 202.149993896484375 201.1999969482421875 201.068756103515625 202.024993896484375 202.6750030517578125 208.4562530517578125 220.912506103515625 242.8562469482421875 257.1875 269.78125 283.51251220703125 295.625 306.287506103515625 314.15625 318.41876220703125 320.631256103515625 319.899993896484375 315 310.912506103515625 308.056243896484375 303 300.081268310546875 299.399993896484375 300.0625 302.756256103515625 306.337493896484375 312.91876220703125 320.399993896484375 326.10626220703125 332.29998779296875 340.1875 348.23126220703125 352.51873779296875 356.818756103515625 362.256256103515625 365.631256103515625 368.71875 372.068756103515625 380.712493896484375 387.368743896484375 395.26251220703125 403.51873779296875
211.875 210.3312530517578125 210.524993896484375 210.4187469482421875 211.649993896484375 214.6750030517578125 217.037506103515625 222.0124969482421875 230.774993896484375 243.375 259.16876220703125 273.29376220703125 284.712493896484375 294.743743896484375 304.306243896484375 311.443756103515625 316.3125 316.88751220703125 314.70623779296875 311.600006103515625 303.962493896484375 298.100006103515625 293 289.09375 288.818756103515625 289.98126220703125 291.83123779296875 296.524993896484375 301.28125 307.818756103515625 314.36248779296875 323.20623779296875 332.75 340.32501220703125 348.399993896484375 353.73748779296875 356.931243896484375 361.41876220703125 365.33123779296875 365.46875 366.75 373.6875 378.975006103515625 384.33123779296875 390.443756103515625
