data/historical-monthly-weather-data/wc2.1_cruts4.09_10m_prec_1963-09.asc
ncols        51
nrows        45
xllcorner    -63.500000000000
yllcorner    -7.500000000000
cellsize     0.166666666667
NODATA_value -9999
[rows 19 to 37 of 45, columns 0 to 43 of 51]
179.5187530517578125 177.375 171.5999908447265625 167.09375 162.84375 158.75 152.7375030517578125 145.5749969482421875 140.274993896484375 132.806243896484375 124.5 115.28749847412109375 105.47499847412109375 95.9875030517578125 87.03125 79.78749847412109375 71.77500152587890625 67.1437530517578125 61.46250152587890625 58.15625 50.9375 44.081249237060546875 39.512500762939453125 38.15000152587890625 36.625 34.1875 32.94374847412109375 31.96875 29.799999237060546875 28.09375 27.412500381469726562 30.149999618530273438 30.649999618530273438 31.256250381469726562 30.637498855590820312 27.487499237060546875 24.237499237060546875 21.481250762939453125 18.962499618530273438 16.143749237060546875 13.168749809265136719 10.868749618530273438 9.8125 9.2687501907348632812
165.1750030517578125 164.787506103515625 161.1374969482421875 157.3000030517578125 153.274993896484375 148.5749969482421875 144.0500030517578125 138.600006103515625 134.9187469482421875 129.443756103515625 121.8874969482421875 114.16249847412109375 104.6875 94.3249969482421875 86.24375152587890625 77.5437469482421875 69.8937530517578125 63.86875152587890625 60.512500762939453125 55.700000762939453125 51 46.043750762939453125 41.1875 39.71875 38.581249237060546875 36.41249847412109375 34.8125 33.106250762939453125 31.606250762939453125 31.981250762939453125 32.8125 35.34375 35.856250762939453125 36.706249237060546875 37.43125152587890625 32.47499847412109375 26.581249237060546875 22.387500762939453125 19.125 16.262500762939453125 13.725000381469726562 11.899999618530273438 10.731249809265136719 10.03125
153.3625030517578125 151.368743896484375 148.2062530517578125 145.0812530517578125 142.8874969482421875 140.149993896484375 136.1062469482421875 132.6875 130.0187530517578125 125.86875152587890625 119.84375 113.3625030517578125 106.05625152587890625 96.98749542236328125 88.36875152587890625 78.84375 71.2687530517578125 64.99375152587890625 61.34375 56.75 50.83750152587890625 46.31874847412109375 42.200000762939453125 40.543750762939453125 38.893749237060546875 37.06874847412109375 36.78125 35.46875 35.09375 36.231250762939453125 37.606250762939453125 39.55625152587890625 39.424999237060546875 39.28749847412109375 37.28749847412109375 32.84999847412109375 27.206249237060546875 22.987499237060546875 19.575000762939453125 16.837499618530273438 14.606249809265136719 13.112500190734863281 12.131250381469726562 11.337499618530273438
142.912506103515625 142.618743896484375 138.568756103515625 135.8625030517578125 133.618743896484375 131.4187469482421875 129.1687469482421875 126.88124847412109375 126.2312469482421875 122.4875030517578125 119.2687530517578125 114.3312530517578125 109.68125152587890625 101.77500152587890625 91.03749847412109375 81.1687469482421875 72.61875152587890625 66.8249969482421875 61.90625 57.387500762939453125 52.0625 47.78125 43.65000152587890625 41.24375152587890625 39.762500762939453125 37.93125152587890625 37.63124847412109375 37.799999237060546875 37.668750762939453125 38.93125152587890625 41.09375 43.4375 42.13124847412109375 40.012500762939453125 36.55625152587890625 31.450000762939453125 26.84375 22.912500381469726562 19.90625 17.681249618530273438 15.862500190734863281 14.475000381469726562 13.449999809265136719 12.599999427795410156
134.4562530517578125 132.25 129.381256103515625 126.21250152587890625 123.3249969482421875 123.2687530517578125 122.34375 120.69374847412109375 120.4187469482421875 118.09375 115.27500152587890625 113.5 112.0625 104.40000152587890625 92.97499847412109375 82.81874847412109375 74.59999847412109375 68.9187469482421875 64.1374969482421875 59.293750762939453125 54.18125152587890625 49.49375152587890625 45.856250762939453125 43.47499847412109375 41.50624847412109375 39.200000762939453125 38.90000152587890625 39.174999237060546875 40.11875152587890625 41.86875152587890625 44.06874847412109375 46.424999237060546875 44.13124847412109375 41.02500152587890625 37.16249847412109375 31.581249237060546875 27.256250381469726562 23.793750762939453125 20.956249237060546875 18.987499237060546875 17.09375 15.762499809265136719 14.831250190734863281 13.962499618530273438
127.84375 124.4375 120.71875 117.24375152587890625 117.6999969482421875 117.30625152587890625 116.3625030517578125 115.3937530517578125 114.91249847412109375 113.8125 112.09999847412109375 109.61249542236328125 107.125 101.58750152587890625 92.5749969482421875 83.43125152587890625 76.06874847412109375 70.3000030517578125 65.52500152587890625 61.36875152587890625 56.59375 51.799999237060546875 48.66249847412109375 46.21250152587890625 43.237499237060546875 41.387500762939453125 41.125 41.59999847412109375 42.59999847412109375 44.77500152587890625 46.943752288818359375 48.88124847412109375 46.68125152587890625 43.043750762939453125 38.606250762939453125 33.262500762939453125 29.193750381469726562 25.587499618530273438 22.631250381469726562 20.393749237060546875 18.362499237060546875 17.168750762939453125 16.243749618530273438 15.706250190734863281
124.1687469482421875 121.84999847412109375 116.38124847412109375 113.81874847412109375 112.0187530517578125 111.4875030517578125 111.34375 110.55625152587890625 109.99375152587890625 109.52500152587890625 107.15000152587890625 105.0812530517578125 102.3562469482421875 97.5500030517578125 90.6062469482421875 83.2624969482421875 76.4562530517578125 71.6125030517578125 67.06874847412109375 63 58.55625152587890625 53.950000762939453125 51.11875152587890625 48.737499237060546875 45.81874847412109375 43.40625 43.831249237060546875 44.875 45.71875 47.96250152587890625 50.1875 52.299999237060546875 48.962497711181640625 44.93125152587890625 40.81874847412109375 36.3125 31.737499237060546875 27.8125 24.993749618530273438 22.331249237060546875 20.206249237060546875 18.837499618530273438 17.774999618530273438 17.3125
123.90625 120.125 115.5500030517578125 112.97499847412109375 110.2624969482421875 109.69374847412109375 108.7937469482421875 107.2687530517578125 105.68125152587890625 105.21250152587890625 104.1750030517578125 102.53749847412109375 99.68125152587890625 95.9375 90.15625 83.80625152587890625 78.47499847412109375 73.3000030517578125 68.9812469482421875 65.0124969482421875 61.03749847412109375 56.72499847412109375 53.731250762939453125 52.33750152587890625 49.3125 47.143749237060546875 47.731250762939453125 48.4375 49.450000762939453125 51.487499237060546875 53.50624847412109375 54.825000762939453125 52 47.75 43.09375 38.86875152587890625 34.625 30.5 27.506250381469726562 24.756250381469726562 22.231250762939453125 20.8125 19.756250381469726562 18.806249618530273438
123.625 119.86875152587890625 116.1062469482421875 112.125 109.71250152587890625 108.1374969482421875 106.94374847412109375 105.2312469482421875 103.15625 102.7687530517578125 101.4875030517578125 99.94374847412109375 97.66249847412109375 95.34375 90.0124969482421875 84.5187530517578125 79.5 74.78749847412109375 70.65625 67.28125 63.456249237060546875 59.65625 56.90000152587890625 55.34375 53.28125 51.081249237060546875 51.606250762939453125 52.46875 53.543750762939453125 55.69374847412109375 57.06874847412109375 58.15625 55.25 50.53125 45.862499237060546875 41.549999237060546875 37.825000762939453125 33.93125152587890625 30.706249237060546875 27.649999618530273438 24.856250762939453125 23.299999237060546875 21.587499618530273438 20.631250381469726562
123.90625 119.78125 115.08750152587890625 110.9250030517578125 108.0124969482421875 105.78749847412109375 104.05625152587890625 102.6374969482421875 101.13124847412109375 100.1125030517578125 98.75 97.15000152587890625 96.3937530517578125 93.96875 89.28749847412109375 85.77500152587890625 82.3937530517578125 76.21875 72.0500030517578125 68.9812469482421875 65.8874969482421875 62.84999847412109375 60.55625152587890625 59.262500762939453125 56.831249237060546875 55.22499847412109375 55.856250762939453125 57.19374847412109375 58.88124847412109375 60.00624847412109375 60.74375152587890625 61.38124847412109375 57.762500762939453125 53.25 49.15000152587890625 44.737499237060546875 41.356250762939453125 37.78125 34.53125 31.149999618530273438 27.375 25.15625 23.662500381469726562 22.71875
125.46250152587890625 121.1062469482421875 115.03749847412109375 110.40625 107.0187530517578125 105.13124847412109375 103.59375 102.1374969482421875 100.52500152587890625 99.0187530517578125 97.4499969482421875 96.83750152587890625 95.96875 94.13124847412109375 91.0625 87.24375152587890625 83.3625030517578125 78.6875 74.0625 70.97499847412109375 68.6687469482421875 66.61875152587890625 64.24375152587890625 62.862499237060546875 61.58750152587890625 60.887500762939453125 61.30625152587890625 62.24375152587890625 63.18125152587890625 64.2312469482421875 65.19374847412109375 65.52500152587890625 61.47499847412109375 56.96250152587890625 53.049999237060546875 49.049999237060546875 45.86875152587890625 42.918750762939453125 38.88124847412109375 35.96250152587890625 32.450000762939453125 29.8125 27.6875 26.543750762939453125
124.77500152587890625 120.6999969482421875 115.9499969482421875 110.2937469482421875 107.1062469482421875 105.63124847412109375 103.24375152587890625 101.5625 100.28749847412109375 99.09375 97.41249847412109375 96.59375 97.4375 95.50624847412109375 92.3000030517578125 88.75624847412109375 86.1750030517578125 81.80625152587890625 77.1750030517578125 74.6437530517578125 72.5437469482421875 71.2062530517578125 69.4187469482421875 68.0187530517578125 66.7687530517578125 66.46875 66.86875152587890625 67.55625152587890625 68.3937530517578125 68.05625152587890625 69.02500152587890625 69.21250152587890625 65.05625152587890625 61.49375152587890625 57.674999237060546875 53.25 50.262500762939453125 47.80625152587890625 44.56874847412109375 41.46875 37.72499847412109375 34.68125152587890625 32.1875 30.606250762939453125
124.59999847412109375 119.2062530517578125 114.28125 109.8937530517578125 107.84375 105.46875 103.41249847412109375 101.81874847412109375 100.8625030517578125 99.3312530517578125 98.09375 97.21875 96.4562530517578125 96.0812530517578125 94.40000152587890625 92.8312530517578125 89.90625 85.8937530517578125 82.34999847412109375 80.4250030517578125 78.8249969482421875 76.2312469482421875 74.80625152587890625 73.25 73.34999847412109375 72.0625 71.96250152587890625 73.3625030517578125 73.97499847412109375 73.3000030517578125 73.5749969482421875 72.55625152587890625 68.84375 65.28125 61.44374847412109375 57.237499237060546875 54.293750762939453125 51.44374847412109375 48.5625 45.78749847412109375 42.65625 39.52500152587890625 37.06874847412109375 35.13124847412109375
119.81874847412109375 115.96875 111.31874847412109375 108.00624847412109375 106.1750030517578125 104.4499969482421875 103.1875 101.2062530517578125 100.31874847412109375 98.7687530517578125 100.3312530517578125 98.7312469482421875 98.5500030517578125 100.13124847412109375 98.84375 98.30625152587890625 96.4375 93.97499847412109375 90.6750030517578125 88.6374969482421875 86.18125152587890625 83.3874969482421875 80.59999847412109375 79.3312530517578125 79.25624847412109375 77.81874847412109375 77.80625152587890625 78.9375 79.59999847412109375 79.5749969482421875 78.75 77.53749847412109375 73.34999847412109375 69.78749847412109375 66.4499969482421875 62.28125 58.875 55.28125 52.875 51.05625152587890625 48.46875 45.77500152587890625 43.68125152587890625 41.668750762939453125
113.5437469482421875 111.3562469482421875 108.72499847412109375 106.2375030517578125 104.3562469482421875 103.0625 102.46250152587890625 101.0749969482421875 99.86875152587890625 99.65625 100.08750152587890625 101.44374847412109375 101.6750030517578125 101.78749847412109375 102.59999847412109375 102.9187469482421875 103.5124969482421875 101.96250152587890625 99.77500152587890625 97.7375030517578125 94.77500152587890625 90.8937530517578125 87.40625 85.375 84.38124847412109375 83.0437469482421875 83.13124847412109375 84.24375152587890625 84.65000152587890625 84.22499847412109375 83.5749969482421875 82.28125 78.28749847412109375 74.40000152587890625 71.1125030517578125 68.08124542236328125 63.762500762939453125 59.88124847412109375 58.00624847412109375 56.03749847412109375 53.793750762939453125 52.28749847412109375 50.9375 49.206249237060546875
108.35625457763671875 106.97499847412109375 105.5437469482421875 104.5812530517578125 103.55625152587890625 102.0625 102.0187530517578125 101.09375 99.4812469482421875 99.78749847412109375 101.625 104.27500152587890625 105.1875 106.0187530517578125 107.58750152587890625 109.40000152587890625 110.61875152587890625 109.16249847412109375 109.1062469482421875 106.96250152587890625 104.03749847412109375 99.38124847412109375 94.15625 91.3312530517578125 89.02500152587890625 88.4375 89 89.52500152587890625 89.8249969482421875 88.78749847412109375 87.78749847412109375 85.8312530517578125 82.22499847412109375 78.7062530517578125 75.0812530517578125 71.3125 67.76250457763671875 65.0437469482421875 62.96250152587890625 61.53125 58.856250762939453125 57.25624847412109375 56.88124847412109375 55.331249237060546875
103.46250152587890625 101.96875 101.50624847412109375 101.09999847412109375 100.53125 100.0625 99.34999847412109375 99.7624969482421875 99.13124847412109375 99.31874847412109375 101.9250030517578125 104.9499969482421875 108.0812530517578125 110.63124847412109375 112.7312469482421875 115.38124847412109375 116.99375152587890625 117.0500030517578125 117.44374847412109375 117.0625 112.47499847412109375 107.1062469482421875 100.41249847412109375 96.46250152587890625 94.18125152587890625 92.94374847412109375 92.8312530517578125 93.59375 94.02500152587890625 92.5124969482421875 91.3562469482421875 89.68125152587890625 85.6999969482421875 82.4812469482421875 79.08750152587890625 75.13124847412109375 72.9875030517578125 70.11875152587890625 68.13124847412109375 66.53749847412109375 64.8312530517578125 63.21250152587890625 62.200000762939453125 61.16249847412109375
98.6999969482421875 97.71250152587890625 97.2937469482421875 96.7937469482421875 97.49375152587890625 97.59375 97.90625 98.40625 98.78749847412109375 98.53125 102.6125030517578125 109.71875 113.6999969482421875 116.5437469482421875 119.44374847412109375 121.56874847412109375 123.9187469482421875 123.2624969482421875 122.99375152587890625 122.25624847412109375 118.8562469482421875 111.71250152587890625 105.0500030517578125 100.40625 97.8625030517578125 96.65000152587890625 96.1125030517578125 96.38124847412109375 96.875 95.65625 94.1750030517578125 92.63750457763671875 89.5500030517578125 86.6374969482421875 83.5124969482421875 80.4499969482421875 78.09375 75.9375 73.52500152587890625 71.4562530517578125 69.6687469482421875 67.96875 67.4875030517578125 66.99375152587890625
93.6750030517578125 93.4562530517578125 93.53749847412109375 93.1125030517578125 94.28749847412109375 95.5625 96.83750152587890625 98.46875 100.11875152587890625 100.5812530517578125 111.11249542236328125 118.05625152587890625 120.81874847412109375 123.06874847412109375 125.6437530517578125 128.21875 128.6062469482421875 127.9875030517578125 126 123.5812530517578125 120.77500152587890625 114.2624969482421875 108.21875 103.4250030517578125 100.38124847412109375 98.63124847412109375 98.8000030517578125 99.4187469482421875 99.9250030517578125 98.77500152587890625 95.8000030517578125 94.03125 91.63124847412109375 90.25624847412109375 87.96250152587890625 83.90625 81.8249969482421875 79.7937469482421875 78.75 77.1437530517578125 74.30625152587890625 73.93125152587890625 72.15625 71.1875
