data/historical-monthly-weather-data/wc2.1_cruts4.09_10m_prec_1997-07.asc
ncols        45
nrows        45
xllcorner    -63.500000000000
yllcorner    -7.500000000000
cellsize     0.166666666667
NODATA_value -9999
[rows 0 to 18 of 45, columns 0 to 42 of 45]
258.46875 250.962493896484375 243 239.8937530517578125 233.256256103515625 226.774993896484375 220.15625 211.6687469482421875 207.7312469482421875 205.537506103515625 199.84375 195.287506103515625 189.9875030517578125 187.9562530517578125 188.625 187.59375 186.4499969482421875 182.4875030517578125 180.225006103515625 180.1062469482421875 178.7312469482421875 172.46875 167.65625 164.087493896484375 162.600006103515625 158.506256103515625 158.625 159.381256103515625 157.350006103515625 153.2937469482421875 142.431243896484375 135.53125 132.9499969482421875 127.61249542236328125 122.375 117.6374969482421875 111.1125030517578125 110.6999969482421875 106.3625030517578125 103.09375 103.78749847412109375 106.0625 105.15625
247.9187469482421875 240.5812530517578125 233.5500030517578125 231.7937469482421875 228.2375030517578125 222.0437469482421875 214.71875 207.5124969482421875 202.8937530517578125 197.4250030517578125 190.5437469482421875 184.1437530517578125 178.243743896484375 173.9187469482421875 171.59375 170.037506103515625 167.8937530517578125 166.1750030517578125 166.4499969482421875 166.631256103515625 160.693756103515625 157.662506103515625 154.28125 153.631256103515625 148.1437530517578125 144.9187469482421875 145.725006103515625 147.21875 144.2062530517578125 136.1812591552734375 127.7937469482421875 123.6062469482421875 119.93125152587890625 117.3000030517578125 113.00624847412109375 107.0187530517578125 101.375 99.4250030517578125 95.1374969482421875 93.33750152587890625 94.9499969482421875 95.2312469482421875 95.28125
224.375 223.40625 221.3249969482421875 217.0124969482421875 211.2375030517578125 203.5500030517578125 197.65625 194.0749969482421875 190.068756103515625 184.0437469482421875 176.881256103515625 168.912506103515625 164.4250030517578125 157.087493896484375 153.7937469482421875 151.2125091552734375 149.4875030517578125 146.975006103515625 145.256256103515625 145.4250030517578125 139.46875 136.4499969482421875 133.725006103515625 131.9812469482421875 128.431243896484375 123.91249847412109375 128.84375 130.337493896484375 129.4375 123.18125152587890625 115.7312469482421875 107.8625030517578125 105.31874847412109375 104.59999847412109375 97.625 91.8562469482421875 89.19374847412109375 88.8000030517578125 84.8312530517578125 83.72499847412109375 84.7937469482421875 85.71250152587890625 84.9812469482421875
203.8125 200.1125030517578125 201.506256103515625 201.4187469482421875 194.4875030517578125 185.318756103515625 178.5812530517578125 177.5 176.006256103515625 171.1624908447265625 160.8874969482421875 153 147.3249969482421875 143.100006103515625 138.287506103515625 134.1125030517578125 130.875 128.1125030517578125 126.96875 128.7062530517578125 123.25624847412109375 116.33750152587890625 112.5124969482421875 111.7687530517578125 109.4562530517578125 106.56874847412109375 109.65625 109.88124847412109375 112.15000152587890625 110.1062469482421875 103.90625 96.47499847412109375 91.3125 87.125 82.00624847412109375 81.4812469482421875 80.66249847412109375 77.25624847412109375 75.09999847412109375 73.88124847412109375 76.0500030517578125 78.125 77.66249847412109375
205.100006103515625 193.524993896484375 180.8125 180.306243896484375 179.818756103515625 170.09375 165.1750030517578125 163.087493896484375 160.306243896484375 154.34375 148.225006103515625 139.7062530517578125 133.868743896484375 128.71875 123.7937469482421875 119.91249847412109375 115.9812469482421875 113.25624847412109375 108.91249847412109375 108.34375 104.43125152587890625 97.49375152587890625 92.5749969482421875 94.125 91.6062469482421875 88.93125152587890625 91.1750030517578125 95.7624969482421875 98.2062530517578125 94.09375 89.93125152587890625 85.0749969482421875 81.8125 77.33750152587890625 72.7312469482421875 69.8562469482421875 69.1687469482421875 67.94374847412109375 65.8625030517578125 65.88750457763671875 67.52500152587890625 67.72499847412109375 69.0749969482421875
193.649993896484375 188.3125 178.131256103515625 159.0437469482421875 161.125 162.743743896484375 156.8562469482421875 152.024993896484375 150.3562469482421875 143.756256103515625 136.131256103515625 129.1062469482421875 124.0437469482421875 116.3312530517578125 113.1374969482421875 109.1875 103.53125 97.71250152587890625 93.91249847412109375 92.52500152587890625 88.21875 82.9250030517578125 79.46875 77.7624969482421875 77.125 75.75624847412109375 78.4250030517578125 82.59375 84.6062469482421875 81.52500152587890625 78.1999969482421875 76.16249847412109375 72.2687530517578125 69.5124969482421875 64.7624969482421875 63.049999237060546875 60.012500762939453125 59.268749237060546875 59.74375152587890625 61.15625 60.512500762939453125 61.84999847412109375 62.22499847412109375
185.256256103515625 181.024993896484375 172.493743896484375 161.8249969482421875 152.7312469482421875 143.8000030517578125 142.21875 140.1875 135.587493896484375 130.8375091552734375 125.23125457763671875 116.78125 113.53125 107.5500030517578125 102.34999847412109375 99.11875152587890625 94.84999847412109375 86.02500152587890625 78.69374847412109375 77.4875030517578125 73.2062530517578125 68.34999847412109375 64.5124969482421875 64.4375 63.71875 63.99375152587890625 68.3625030517578125 70.5625 71.875 71.6125030517578125 68.66249847412109375 65.0812530517578125 61.799999237060546875 60.33750152587890625 57.93125152587890625 55.71875 53.09999847412109375 51.86875152587890625 53.200000762939453125 55.18125152587890625 54.68125152587890625 54.731250762939453125 55.78749847412109375
180.068756103515625 173.287506103515625 166.9625091552734375 159.9375 153.475006103515625 149.024993896484375 137.75 123.61875152587890625 117.00624847412109375 113.3125 109.34375 105.40625 102.1999969482421875 96.78125 93.08750152587890625 89.3249969482421875 84 75.3562469482421875 67.6999969482421875 62.018749237060546875 60.143749237060546875 56.987499237060546875 53.11875152587890625 52.862499237060546875 53.262500762939453125 52.25 56.27500152587890625 58.28125 61.575000762939453125 60.1875 59.799999237060546875 57.1875 54.86875152587890625 52.25624847412109375 49.56874847412109375 47.11875152587890625 45.28749847412109375 44.575000762939453125 44.9375 45.71250152587890625 46.1875 47.21250152587890625 47.981250762939453125
174.5625 168.75 161.3625030517578125 157.0749969482421875 152.6687469482421875 144.8937530517578125 135.4499969482421875 125.3625030517578125 115.0124969482421875 104.9875030517578125 99.40625 94.47499847412109375 94.9875030517578125 89.96875 85.0187530517578125 79.8249969482421875 75.0812530517578125 68.63124847412109375 63.31874847412109375 55.112499237060546875 50.75 49.049999237060546875 45.487499237060546875 45.93125152587890625 45.97499847412109375 44.137500762939453125 46.71875 51.393749237060546875 55.012500762939453125 53.793750762939453125 54.25 51.08750152587890625 47.049999237060546875 44.09375 42.268749237060546875 42.18125152587890625 41.793750762939453125 41.768749237060546875 41.49375152587890625 41.375 41.512500762939453125 42.081249237060546875 43.075000762939453125
166.8312530517578125 162.693756103515625 157.5625 153.6125030517578125 149.3249969482421875 143.837493896484375 134.399993896484375 124.76250457763671875 116.00624847412109375 108.3000030517578125 99.00624847412109375 90.56874847412109375 89.08750152587890625 85.36875152587890625 79.53749847412109375 73.83750152587890625 66.72499847412109375 62.231250762939453125 57.299999237060546875 51.03125 46.325000762939453125 41.65000152587890625 37.63124847412109375 37.950000762939453125 37.56874847412109375 37.575000762939453125 40.13124847412109375 44.137500762939453125 46.950000762939453125 46.731250762939453125 46.80625152587890625 44.5 41.96875 39.21875 37.09375 37.481250762939453125 37.700000762939453125 38.03125 38.11875152587890625 39.137500762939453125 40.112499237060546875 40.049999237060546875 39.36875152587890625
162.6500091552734375 159.1437530517578125 153.506256103515625 150.7312469482421875 146.09375 140.868743896484375 132.7062530517578125 120.7062530517578125 110.1125030517578125 102.9250030517578125 96.5625 90.03125 83.0749969482421875 80.2937469482421875 72.21250152587890625 65.3000030517578125 59.5 55.09999847412109375 50.34375 46.424999237060546875 42.96250152587890625 37.68125152587890625 32.25624847412109375 29.887500762939453125 31.09375 32.88124847412109375 35.799999237060546875 38.875 40.237499237060546875 40.44374847412109375 40.431247711181640625 39.956249237060546875 38.106250762939453125 35.325000762939453125 33.893749237060546875 33.90000152587890625 34.30625152587890625 33.90000152587890625 35.81874847412109375 36.481250762939453125 36.56874847412109375 36.28125 36.643749237060546875
158.6062469482421875 153.625 148.8000030517578125 146.6437530517578125 143.2375030517578125 138.4250030517578125 131.8249969482421875 120.625 108.75 98.7687530517578125 91.68125152587890625 86.80625152587890625 77.75 72.50624847412109375 67.3625030517578125 59.518749237060546875 53.924999237060546875 49.74375152587890625 45.5625 42.450000762939453125 40.237499237060546875 35.375 30.862499237060546875 28.0625 27.450000762939453125 26.893749237060546875 29.662500381469726562 33.28749847412109375 35.518749237060546875 35.81874847412109375 35.206249237060546875 35.168750762939453125 34.125 32.46250152587890625 31.700000762939453125 32.293750762939453125 32.28749847412109375 33.043750762939453125 32.918750762939453125 33.66249847412109375 33.543750762939453125 34.0625 32.93125152587890625
149.9187469482421875 147.506256103515625 144.5187530517578125 140.53125 135.912506103515625 131.8937530517578125 124.47499847412109375 113.3937530517578125 103.0812530517578125 96.0437469482421875 90.0812530517578125 82.43125152587890625 75.8125 65.16249847412109375 58.293750762939453125 53.83750152587890625 48.68125152587890625 45.262500762939453125 41.487499237060546875 37.81874847412109375 34.77500152587890625 30.306249618530273438 26.568750381469726562 24.712499618530273438 23 22.643749237060546875 25.487499237060546875 29.012500762939453125 31.412500381469726562 31.725000381469726562 31.462499618530273438 30.8125 30.625 29.53125 28.825000762939453125 29.762500762939453125 31.006250381469726562 32.56874847412109375 33.9375 33.162502288818359375 31.818750381469726562 31.481248855590820312 29.356250762939453125
142.868743896484375 140.068756103515625 137.5 133.0124969482421875 127.81874847412109375 122.3562469482421875 115.1687469482421875 106.03749847412109375 99.80625152587890625 91.90000152587890625 85.78125 78.2687530517578125 69.28749847412109375 60.181247711181640625 50.34375 47.36875152587890625 42.412502288818359375 39.731250762939453125 35.9375 32.8125 29.462499618530273438 25.793750762939453125 22.299999237060546875 21.15625 19.924999237060546875 19.481248855590820312 21.725000381469726562 24.200000762939453125 26.368749618530273438 27.068750381469726562 28.362499237060546875 28.581249237060546875 27.543750762939453125 26.674999237060546875 26.28125 28.262500762939453125 30.787500381469726562 33.5 35.65625 34.674999237060546875 30.543750762939453125 28.325000762939453125 28.731250762939453125
137.2687530517578125 132.75 128.78125 125.25 119.03749847412109375 112.8625030517578125 108.6437530517578125 100.21875 93.25624847412109375 86.0437469482421875 79.9812469482421875 71.6999969482421875 63.86875152587890625 56.075000762939453125 45.262500762939453125 41.03125 37.081249237060546875 34.5 31.53125 28.96875 26.375 22.806249618530273438 19.568750381469726562 19.21875 18.893749237060546875 18.862499237060546875 20.924999237060546875 22.881250381469726562 25.137500762939453125 26.350000381469726562 26.556249618530273438 27.325000762939453125 27.462499618530273438 26.162500381469726562 24.587499618530273438 26.200000762939453125 30.381250381469726562 35.00624847412109375 37.84375 36.84999847412109375 34.674999237060546875 33.00624847412109375 34.981250762939453125
128.6374969482421875 124.6374969482421875 121.33750152587890625 116.4375 111.27500152587890625 107.5437469482421875 100.30625152587890625 92.93125152587890625 86.91249847412109375 81.6750030517578125 74.93125152587890625 67.1125030517578125 59.625 52.03125 43.018749237060546875 33.97499847412109375 31.518749237060546875 30.018749237060546875 27.337499618530273438 25.362499237060546875 22.818750381469726562 20.081249237060546875 17.387500762939453125 18.068750381469726562 18.262500762939453125 18.299999237060546875 19.868749618530273438 21.193750381469726562 23.368749618530273438 24.893749237060546875 26.981250762939453125 26.924999237060546875 25.65625 24.118749618530273438 23.049999237060546875 26.962499618530273438 30.681249618530273438 34.99375152587890625 39.19374847412109375 41.543750762939453125 41.59999847412109375 39.831249237060546875 38.456249237060546875
120.49375152587890625 116.9250030517578125 114.27500152587890625 110.6437530517578125 106.40625 100.03749847412109375 94.65625 87.96875 82.41249847412109375 77.4187469482421875 71.4250030517578125 62.950000762939453125 54.81874847412109375 48.25 42.575000762939453125 35.200000762939453125 28.524999618530273438 25.75 24.78125 22.856250762939453125 20.331249237060546875 17.856250762939453125 15.868749618530273438 17.012500762939453125 17.962499618530273438 17.037500381469726562 17.731250762939453125 19.049999237060546875 21.518749237060546875 23.918750762939453125 26.393749237060546875 28.287500381469726562 26.868749618530273438 25.512500762939453125 27.012500762939453125 29.637498855590820312 34.3125 40.387500762939453125 46.25 45.549999237060546875 44.74375152587890625 41.612499237060546875 37.9375
112.3000030517578125 110.5187530517578125 106.68125152587890625 104.03749847412109375 99.6750030517578125 92.4499969482421875 86.5124969482421875 81.0187530517578125 76.05625152587890625 69.66249847412109375 64.59999847412109375 58.612499237060546875 51.450000762939453125 45.4375 41.00624847412109375 35.71875 29.581249237060546875 23.518749237060546875 23.043750762939453125 21.081249237060546875 18.668750762939453125 16.262500762939453125 14.90625 15.925000190734863281 16.712499618530273438 15.887499809265136719 16.4375 18.0625 20.681249618530273438 22.762500762939453125 24.181249618530273438 25.875 29.206249237060546875 29.743749618530273438 28.975000381469726562 33.03749847412109375 38.71250152587890625 43.075000762939453125 46.94374847412109375 46.893749237060546875 43.43125152587890625 40.356250762939453125 36.99375152587890625
104.6687469482421875 102.97499847412109375 98.22499847412109375 94.75 91.65625 85.78125 78.9812469482421875 74.4187469482421875 70.5437469482421875 65.15000152587890625 60.375 53.61875152587890625 47.862499237060546875 43.299999237060546875 37.893749237060546875 33.99375152587890625 29.431249618530273438 24.431249618530273438 20.637500762939453125 18.549999237060546875 17.174999237060546875 16.225000381469726562 12.425000190734863281 13.637499809265136719 14.574999809265136719 15.074999809265136719 16.21875 17.524999618530273438 20.21875 22.850000381469726562 25.087499618530273438 27.700000762939453125 30.018749237060546875 29.774999618530273438 29.918750762939453125 33.331249237060546875 36.68125152587890625 39.706249237060546875 43.15000152587890625 42.143749237060546875 40.68125152587890625 37.46250152587890625 35.24375152587890625
