data/historical-monthly-weather-data/wc2.1_cruts4.09_10m_prec_1989-11.asc
ncols        51
nrows        45
xllcorner    -63.500000000000
yllcorner    -7.500000000000
cellsize     0.166666666667
NODATA_value -9999
[rows 20 to 39 of 45, columns 0 to 44 of 51]
189.131256103515625 199.368743896484375 210.1750030517578125 221.068756103515625 230.9562530517578125 240.5812530517578125 249.8312530517578125 257.29376220703125 261.524993896484375 262.83123779296875 262.412506103515625 260.6875 256.787506103515625 249.725006103515625 245.600006103515625 240.837493896484375 237.46875 240.2375030517578125 249.243743896484375 258.54998779296875 277.10626220703125 293.774993896484375 305.20001220703125 308.70623779296875 310.712493896484375 308.162506103515625 295.875 276.76873779296875 255.78125 238.5500030517578125 224.662506103515625 220.8000030517578125 225.318756103515625 232.7687530517578125 240.274993896484375 247.587493896484375 251.96875 256.42498779296875 257.350006103515625 258.0625 256.60626220703125 253.875 248.90625 242.4250030517578125 234.399993896484375
184.056243896484375 193.3937530517578125 205.5124969482421875 217.774993896484375 229.649993896484375 240.25 251.493743896484375 260.806243896484375 268.07501220703125 271.96875 273.41876220703125 274.125 271.662506103515625 264.61248779296875 258.693756103515625 252.537506103515625 249.3625030517578125 249.725006103515625 254.068756103515625 261.39373779296875 273.193756103515625 286.318756103515625 298.33123779296875 302.01251220703125 303.412506103515625 302.318756103515625 294.70001220703125 279.806243896484375 265.0625 251.2687530517578125 237.318756103515625 231.837493896484375 235.881256103515625 245.4375 255.5 262.54998779296875 267.11248779296875 270.48748779296875 268.79998779296875 268.45001220703125 265.90625 262.01873779296875 257.08123779296875 251.6687469482421875 243.993743896484375
179.243743896484375 189.9250030517578125 202.412506103515625 215.568756103515625 228.725006103515625 239.8125 250.931243896484375 263.23126220703125 273.287506103515625 278.95623779296875 283.675018310546875 286.45623779296875 289.793731689453125 283.95623779296875 273.25 263.912506103515625 258.54998779296875 257.70623779296875 258.92498779296875 262.70623779296875 271.875 281.556243896484375 290.368743896484375 293.95623779296875 297.95001220703125 299.42498779296875 292.5625 283.01251220703125 270.743743896484375 258.40625 247.625 241.9250030517578125 248.381256103515625 259.04998779296875 269.181243896484375 277.33123779296875 282.42498779296875 283.068756103515625 279.91876220703125 278.162506103515625 276.03125 270.98126220703125 265.443756103515625 259.65625 251.162506103515625
174.5749969482421875 184.931243896484375 198.006256103515625 210.943756103515625 224.9812469482421875 237.318756103515625 249.225006103515625 262.29998779296875 271.86248779296875 279.14373779296875 285.5625 294.10626220703125 301.5625 294.73748779296875 281.83123779296875 271.73126220703125 265.35626220703125 263.506256103515625 262.568756103515625 263.087493896484375 270.09375 277.48126220703125 283.243743896484375 286.88751220703125 291.26873779296875 293.13751220703125 291.850006103515625 282.07501220703125 273.899993896484375 263.79376220703125 256.412506103515625 252.212493896484375 258.962493896484375 269.087493896484375 280.26251220703125 291.037506103515625 297.04376220703125 295.39373779296875 291.962493896484375 289.087493896484375 285.850006103515625 280.618743896484375 275.118743896484375 269 264.84375
172.475006103515625 181.2937469482421875 194.443756103515625 208.087493896484375 223.28125 234.631256103515625 245.6687469482421875 257.79998779296875 267.899993896484375 275.86248779296875 283.73748779296875 289.524993896484375 294.600006103515625 291.056243896484375 282.693756103515625 274.631256103515625 268.84375 265.649993896484375 264.07501220703125 263.337493896484375 267.70001220703125 271.45623779296875 276.66876220703125 279.53125 282.931243896484375 288.337493896484375 287.23748779296875 282.07501220703125 275.225006103515625 269.125 262.48126220703125 259.256256103515625 266.25 276.29998779296875 286.1875 295.39373779296875 302.375 302.3125 300.13751220703125 298.537506103515625 294.95623779296875 289.76251220703125 286.01251220703125 281.89373779296875 275.475006103515625
173.399993896484375 181.6374969482421875 192.1125030517578125 206.3000030517578125 219.899993896484375 230.100006103515625 239.931243896484375 250.9250030517578125 260.368743896484375 268.712493896484375 276.13751220703125 281.38751220703125 283.712493896484375 281.95623779296875 278.28125 273.818756103515625 270.28125 267.40625 265.431243896484375 264.375 266.45623779296875 268.29376220703125 270.16876220703125 270.756256103515625 275.837493896484375 283.04376220703125 284.46875 282.17498779296875 278.0625 273.4375 267.431243896484375 264.39373779296875 271.76251220703125 279.88751220703125 289.07501220703125 297.337493896484375 303.743743896484375 306.95001220703125 307.850006103515625 306.875 304.76873779296875 299.86248779296875 293.85626220703125 291.5 286.412506103515625
176.899993896484375 182.3125 191.21875 202.125 212.693756103515625 221.5437469482421875 232.21875 242.006256103515625 249.4562530517578125 257.84375 266.5625 271.506256103515625 273.556243896484375 273.28125 272.193756103515625 269.118743896484375 267.42498779296875 266.13751220703125 265.118743896484375 263.48126220703125 264.506256103515625 265.15625 265.225006103515625 265.8125 272.65625 279.59375 280.90625 279.662506103515625 277.868743896484375 272.82501220703125 268.6875 266.23748779296875 274.850006103515625 283.71875 291.28125 298.82501220703125 304.962493896484375 308.225006103515625 311.51873779296875 312.631256103515625 311.962493896484375 306.5 300.537506103515625 296.274993896484375 292.537506103515625
180.7937469482421875 183.399993896484375 189.7624969482421875 197.131256103515625 205.2062530517578125 212.725006103515625 222.28125 232.100006103515625 240.125 248.3874969482421875 255.618743896484375 260.58123779296875 262.9375 263.568756103515625 264.84375 264.0625 263.318756103515625 264.09375 263.875 263.375 264.818756103515625 264.79998779296875 267.15625 269.225006103515625 273.899993896484375 278.61248779296875 278.512481689453125 277.76251220703125 275.712493896484375 271.26873779296875 266.51251220703125 264.850006103515625 274.16876220703125 282.818756103515625 292.35626220703125 299.54376220703125 305.256256103515625 310.568756103515625 313.11248779296875 318.33123779296875 321.412506103515625 316.48126220703125 304.95001220703125 299.04376220703125 302.8125
184.4499969482421875 184.243743896484375 186.875 191.431243896484375 196.943756103515625 203.5187530517578125 212.087493896484375 221.375 230.568756103515625 238.5625 245.96875 250.2375030517578125 253.475006103515625 254.743743896484375 257.07501220703125 259.318756103515625 261.25 262.01251220703125 262.85626220703125 263.54998779296875 265.79998779296875 266.67498779296875 269.850006103515625 272.9375 276.11248779296875 278.85626220703125 278.45001220703125 275.899993896484375 273.6875 268.40625 264.0625 262.006256103515625 270.58123779296875 280.38751220703125 291.48126220703125 298.60626220703125 304.837493896484375 309.6875 313.024993896484375 317.350006103515625 323.625 317.51873779296875 308.98126220703125 309.09375 317.5625
187.4499969482421875 184.34375 184.4250030517578125 184.8125 188.5500030517578125 194.9250030517578125 203 211.9375 220.71875 227.962493896484375 235.4312591552734375 240.65625 244.90625 248.2687530517578125 251.462493896484375 254.506256103515625 255.7062530517578125 258.82501220703125 260.17498779296875 261.818756103515625 264.70001220703125 268.58123779296875 272.600006103515625 273.86248779296875 275.8125 277.98748779296875 276.225006103515625 272.256256103515625 268.57501220703125 265.162506103515625 261.64373779296875 260.23126220703125 268.587493896484375 279.20623779296875 289.587493896484375 295.25 300.149993896484375 306.5625 307.10626220703125 309.875 315.274993896484375 319.20623779296875 317.774993896484375 322.024993896484375 324.806243896484375
189.1687469482421875 183.6125030517578125 181.5625 180.0437469482421875 181.0500030517578125 187.7624969482421875 195.399993896484375 203.350006103515625 210.71875 218.756256103515625 226.568756103515625 232.556243896484375 238.4562530517578125 241.662506103515625 245.850006103515625 249.681243896484375 253.0124969482421875 256.037506103515625 257.399993896484375 262.07501220703125 266.537506103515625 271.20623779296875 275.600006103515625 275.78125 275.34375 276.48748779296875 272.637481689453125 268.01251220703125 263.181243896484375 260.399993896484375 258.649993896484375 258.850006103515625 266.65625 278.087493896484375 286.91876220703125 291.95001220703125 297.29998779296875 305.13751220703125 304.32501220703125 298.962493896484375 306.368743896484375 318.131256103515625 324.45001220703125 329.91876220703125 334.67498779296875
190.118743896484375 183.087493896484375 179.475006103515625 177.4875030517578125 177.8562469482421875 181.993743896484375 188.5500030517578125 195.1125030517578125 202.09375 209.5812530517578125 217.5749969482421875 224.725006103515625 231.0625 236.412506103515625 242.306243896484375 247.087493896484375 250.9812469482421875 254.71875 258.399993896484375 264.28125 269.40625 273.787506103515625 277.556243896484375 276.21875 275.443756103515625 274.056243896484375 268.368743896484375 262.506256103515625 256.537506103515625 255.7375030517578125 255.5500030517578125 256.256256103515625 264.462493896484375 274.54998779296875 284.899993896484375 290.26251220703125 295.875 301.881256103515625 299.625 298.774993896484375 310.73748779296875 326.024993896484375 336.756256103515625 349.98748779296875 361.23126220703125
190.587493896484375 184.068756103515625 179.8249969482421875 177.2312469482421875 176.25 178.28125 182.524993896484375 187.3249969482421875 193.1875 200.131256103515625 209.4499969482421875 216.6687469482421875 224.7312469482421875 233.34375 239.256256103515625 244.818756103515625 248.6999969482421875 255.3249969482421875 261.09375 267.41876220703125 272.4375 275.54376220703125 277.46875 274.95001220703125 273.01873779296875 270.03125 263.287506103515625 256.03125 250.462493896484375 250.475006103515625 251.4375 253.1937408447265625 261.01873779296875 270.225006103515625 281.13751220703125 287.79376220703125 295.23748779296875 300.806243896484375 300.3125 308.71875 321.681243896484375 336.8125 352.54376220703125 372.256256103515625 399.98748779296875
190.3937530517578125 184.8000030517578125 180.162506103515625 177.162506103515625 174.5625 174.9749908447265625 176.350006103515625 179.5 184.6062469482421875 190.756256103515625 199.34375 209.131256103515625 219.537506103515625 228.6374969482421875 235.443756103515625 241.8125 247.75 255.5437469482421875 262.8125 270.14373779296875 274.13751220703125 276.443756103515625 277.46875 273.15625 269.51873779296875 264.67498779296875 257.587493896484375 249.131256103515625 243.037506103515625 243.96875 246.337493896484375 250.100006103515625 257.88751220703125 266.818756103515625 277.64373779296875 285.975006103515625 293 297.806243896484375 304.068756103515625 316.5625 329.61248779296875 345.88751220703125 367.01873779296875 391.38751220703125 423.11248779296875
191.118743896484375 186.212493896484375 181.25 176.868743896484375 173.4499969482421875 172.006256103515625 171.1374969482421875 172.3937530517578125 175.2624969482421875 181.3249969482421875 190.4812469482421875 202.3625030517578125 214.537506103515625 226.3249969482421875 234.475006103515625 240.0437469482421875 246.9187469482421875 255.681243896484375 263.84375 271.431243896484375 275.337493896484375 276.774993896484375 276.318756103515625 269.65625 263.39373779296875 258.04376220703125 249.5187530517578125 241.475006103515625 234.7062530517578125 236.868743896484375 241.2624969482421875 245.993743896484375 253.4187469482421875 263.056243896484375 272.07501220703125 279.54998779296875 286.92498779296875 298.33123779296875 307.59375 319.243743896484375 333.881256103515625 349.256256103515625 369.95001220703125 393.11248779296875 417.95623779296875
193.1125030517578125 188.431243896484375 183.6125030517578125 178.8625030517578125 175.0124969482421875 172.587493896484375 170.4375 168.65625 169.162506103515625 172.7687530517578125 182.056243896484375 195.024993896484375 209.712493896484375 223.6437530517578125 231.5437469482421875 239.068756103515625 244.9875030517578125 254.243743896484375 263.51873779296875 272.33123779296875 275 273.537506103515625 271.28125 264.193756103515625 257.28125 250.899993896484375 242.943756103515625 235.5500030517578125 229.4875030517578125 231.024993896484375 236.40625 241.0749969482421875 248.681243896484375 257.38751220703125 264.36248779296875 271.274993896484375 283.975006103515625 295.375 304 316.6875 331.85626220703125 344.91876220703125 361.274993896484375 380.75 396.63751220703125
195.3249969482421875 191.3312530517578125 186.96875 182.5625 178.256256103515625 174.868743896484375 170.931243896484375 167.181243896484375 164.90625 163.8937530517578125 174 192.6062469482421875 207.975006103515625 220.337493896484375 228.712493896484375 236.056243896484375 242.3249969482421875 251.0625 260.256256103515625 268.100006103515625 269.212493896484375 266.73126220703125 263.712493896484375 256.125 248.7937469482421875 243.037506103515625 234.71875 228.6750030517578125 222.681243896484375 225.412506103515625 230.4375 236.7624969482421875 243.34375 251.3874969482421875 257.725006103515625 266.45623779296875 278.95623779296875 291.29376220703125 301.125 310.693756103515625 323.17498779296875 333.5625 346.756256103515625 363.149993896484375 373.868743896484375
199.618743896484375 195.5749969482421875 191.100006103515625 187 182.524993896484375 178.443756103515625 174.0500030517578125 169.5 166.21875 162.8874969482421875 178 197.568756103515625 209.28125 219.3937530517578125 226.8312530517578125 233.5124969482421875 239.462493896484375 246.9187469482421875 254.3125 259.006256103515625 259.90625 257.86248779296875 254.850006103515625 246.5500030517578125 239.6999969482421875 234.0625 226.6125030517578125 221.274993896484375 216.6062469482421875 220.4499969482421875 223.40625 229.243743896484375 236.162506103515625 243.631256103515625 250.193756103515625 260.537506103515625 273.41876220703125 285.037506103515625 296.5625 306.806243896484375 314.3125 323.57501220703125 331.443756103515625 341.818756103515625 348.649993896484375
203.53125 199.631256103515625 195.9187469482421875 191.962493896484375 187.462493896484375 183.625 180.125 176.868743896484375 177.306243896484375 183.912506103515625 200.631256103515625 208.212493896484375 214.5 222.1374969482421875 227.806243896484375 233.006256103515625 238.0812530517578125 243.8125 248.306243896484375 251.8562469482421875 250.943756103515625 247.9875030517578125 245.412506103515625 238.756256103515625 231.6437530517578125 226.899993896484375 221.149993896484375 216.90625 213.806243896484375 217.09375 220.806243896484375 225.7375030517578125 232.1437530517578125 239.0812530517578125 248.868743896484375 259.6875 270.01873779296875 282.537506103515625 292.181243896484375 297.081268310546875 302.637481689453125 310.58123779296875 314.1875 322.162506103515625 327.0625
207.375 203.9812469482421875 200.5124969482421875 196.6750030517578125 193.506256103515625 190.9375 188.087493896484375 187.274993896484375 189.931243896484375 196.274993896484375 205.712493896484375 213.318756103515625 218.6687469482421875 224.5437469482421875 229.2375030517578125 233.1687469482421875 237.7937469482421875 241.225006103515625 243.6437530517578125 245.4812469482421875 242.5187530517578125 238.806243896484375 234.806243896484375 228.6687469482421875 223.868743896484375 219.475006103515625 215.3249969482421875 212.943756103515625 211.056243896484375 213.681243896484375 216.7375030517578125 224.149993896484375 232.6437530517578125 239.9187469482421875 249.8625030517578125 259.006256103515625 267.506256103515625 277.03125 285.71875 287.58123779296875 291.125 296.42498779296875 298.54998779296875 301.556243896484375 303.83123779296875
