data/historical-monthly-weather-data/wc2.1_cruts4.09_10m_prec_2015-02.asc
ncols        51
nrows        45
xllcorner    -63.500000000000
yllcorner    -7.500000000000
cellsize     0.166666666667
NODATA_value -9999
[rows 0 to 19 of 45, columns 0 to 43 of 51]
43.575000762939453125 38.59999847412109375 35.84999847412109375 34.1875 32.362499237060546875 32.52500152587890625 32.606250762939453125 32.375 33.424999237060546875 35.268749237060546875 38.268749237060546875 42.668750762939453125 47.16249847412109375 50.293750762939453125 55.25 60.387500762939453125 65.7624969482421875 69.1374969482421875 74.1750030517578125 79.28125 82.9499969482421875 86.4375 91.1062469482421875 96.1999969482421875 102.0437469482421875 108.6875 116.7375030517578125 125.5 134.6437530517578125 140.53125 146.725006103515625 153.350006103515625 158.193756103515625 163.40625 169.2312469482421875 173.8125 176.649993896484375 178.962493896484375 181.506256103515625 182.4499969482421875 184.3874969482421875 185.9499969482421875 186.037506103515625 188.774993896484375
45.25624847412109375 40.362499237060546875 38.143749237060546875 36.25 34.8125 35.65000152587890625 36.231250762939453125 37.19374847412109375 39.581249237060546875 42.09999847412109375 45.125 49.362499237060546875 53.65000152587890625 57.4375 62.43125152587890625 67.3249969482421875 72.5812530517578125 78.2375030517578125 85.0437469482421875 91.5812530517578125 95.6125030517578125 99.99375152587890625 105.15625 110.3249969482421875 115.65000152587890625 122.34375 129.5500030517578125 137.96875 146.100006103515625 151.0500030517578125 155.2624969482421875 161.462493896484375 166.0812530517578125 171.5437469482421875 176.306243896484375 180.3937530517578125 183.2624969482421875 185.037506103515625 187.118743896484375 187.806243896484375 189.1687469482421875 190.0500030517578125 189.4437408447265625 191.03125
48.793750762939453125 44.30625152587890625 42.649997711181640625 41.52500152587890625 40.918750762939453125 42.27500152587890625 44.00624847412109375 46.3125 49.956249237060546875 53.11875152587890625 56.043750762939453125 60.049999237060546875 63.90000152587890625 67.2375030517578125 71.8125 76.3625030517578125 80.9250030517578125 86.46875 92.6062469482421875 98.8125 103.0625 108.4562530517578125 113.5187530517578125 119.02500152587890625 125.8625030517578125 132.149993896484375 139.25 147.5749969482421875 154.4562530517578125 158.1687469482421875 162.600006103515625 167.6437530517578125 172.6125030517578125 176.806243896484375 182.181243896484375 185.243743896484375 188.53125 191.568756103515625 192.7375030517578125 193.3312530517578125 194.1437530517578125 193.9812469482421875 192.881256103515625 192.087493896484375
52.231250762939453125 48.34999847412109375 47.86875152587890625 47.793750762939453125 48.737499237060546875 50.61875152587890625 53.512500762939453125 57.331249237060546875 62.5 66.84375 69.66249847412109375 72.68125152587890625 75.15625 77.6125030517578125 81.9375 86.08750152587890625 90.21250152587890625 93.93125152587890625 99.2375030517578125 105.77500152587890625 110.78749847412109375 115.9250030517578125 120.69374847412109375 126.9499969482421875 133.9499969482421875 140.8625030517578125 148.462493896484375 156.056243896484375 162.3312530517578125 165.9187469482421875 168.9812469482421875 174.3937530517578125 178.25 182.6374969482421875 186.90625 190.9812469482421875 194.524993896484375 197.368743896484375 199.350006103515625 200.09375 199.3625030517578125 198.2937469482421875 196.46875 194.1687469482421875
57.18125152587890625 53.125 52.862499237060546875 54.02500152587890625 56.25624847412109375 59.393749237060546875 63.081249237060546875 68.6374969482421875 76.25624847412109375 82.625 83.8874969482421875 85 86.96875 88.93125152587890625 92.3562469482421875 96.11875152587890625 99.78125 101.74375152587890625 106.40625 112.53749847412109375 118.0749969482421875 122.6125030517578125 127.84375 134.837493896484375 142.056243896484375 149.6875 155.6750030517578125 162.25 169.90625 173.3874969482421875 176.2687530517578125 179.7375030517578125 184.318756103515625 188.7062530517578125 192.6062469482421875 196.875 201.3562469482421875 204.8937530517578125 206.899993896484375 206.53125 205.881256103515625 202.975006103515625 199.3562469482421875 196.131256103515625
62.28125 59.049999237060546875 58.71250152587890625 59.71875 62.13124847412109375 66.24375152587890625 71.09375 77.3874969482421875 86.1999969482421875 94.31874847412109375 94.44374847412109375 95.0625 97.0500030517578125 99.25624847412109375 102.52500152587890625 106.49375152587890625 109.2937469482421875 110.6062469482421875 114.8625030517578125 120.5124969482421875 125.40625 130.243743896484375 135.6062469482421875 142.131256103515625 148.78125 156.6437530517578125 162.743743896484375 168.631256103515625 175.1999969482421875 178.556243896484375 181.5812530517578125 185.118743896484375 188.6875 194.5500030517578125 199.181243896484375 203.556243896484375 208.5187530517578125 212.4499969482421875 215.350006103515625 215.0437469482421875 212.537506103515625 208.556243896484375 204.1437530517578125 199.8937530517578125
67.9562530517578125 65.24375152587890625 65.27500152587890625 65.91249847412109375 68.1875 72.30625152587890625 77.40000152587890625 83.06874847412109375 90.65000152587890625 96.4499969482421875 99.65000152587890625 102.6999969482421875 105.7375030517578125 108.83750152587890625 112.7375030517578125 116.8125 120.61875152587890625 122.83124542236328125 125.91875457763671875 128.9812469482421875 132.443756103515625 137.28125 141.818756103515625 147.9250030517578125 155.8937530517578125 163.056243896484375 168.912506103515625 175.056243896484375 179.8000030517578125 182.6374969482421875 186.71875 190.46875 194.7624969482421875 198.5 203.100006103515625 209.1374969482421875 214.1687469482421875 219.0625 223.537506103515625 223.1374969482421875 218.743743896484375 214.1999969482421875 209.5 204.2937469482421875
73.7624969482421875 71.1437530517578125 71.2687530517578125 72.69374847412109375 74.99375152587890625 78.6374969482421875 82.71875 86.83750152587890625 91.7937469482421875 97.0812530517578125 103.06874847412109375 109.2375030517578125 114.33750152587890625 118.1374969482421875 122.1875 126.66249847412109375 130.8312530517578125 133.8125 136.7624969482421875 136.6999969482421875 138.712493896484375 142.931243896484375 147.4187469482421875 153.90625 161.8937530517578125 169.0124969482421875 174.556243896484375 179.6875 184.837493896484375 187.587493896484375 190.53125 194.993743896484375 199.1437530517578125 203.3625030517578125 207.568756103515625 212.9187469482421875 218.3312530517578125 223.212493896484375 226.9187469482421875 227.25 224.350006103515625 220.350006103515625 215.631256103515625 209.375
79.875 77.56874847412109375 77.7312469482421875 79.22499847412109375 81.22499847412109375 84.125 87.7937469482421875 90.9250030517578125 94.3312530517578125 99.40625 106.8625030517578125 115.21250152587890625 121.90625 126.7687530517578125 129.524993896484375 132.943756103515625 135.8874969482421875 138.3312530517578125 141.4375 140.9250030517578125 142.306243896484375 146.618743896484375 151.6687469482421875 159.868743896484375 168.03125 175.118743896484375 179.725006103515625 184.381256103515625 189.59375 192.068756103515625 195.318756103515625 199.756256103515625 203.524993896484375 207.0812530517578125 210.993743896484375 216.868743896484375 222.5187530517578125 227.5437469482421875 232.0749969482421875 233.431243896484375 231.5500030517578125 228.5124969482421875 225.0749969482421875 220.006256103515625
86.19374847412109375 84.1750030517578125 84.59999847412109375 85.80625152587890625 87.4562530517578125 90.08750152587890625 93.75 96.9375 101.71875 107.3937530517578125 114.93125152587890625 122.69374847412109375 130.5250091552734375 135.475006103515625 136.868743896484375 137.4562530517578125 138.0812530517578125 139.7312469482421875 140.6750030517578125 141.0812530517578125 143.90625 149.2312469482421875 155.78125 165.6875 174.131256103515625 180.9875030517578125 185.618743896484375 189.15625 194.4875030517578125 197.0124969482421875 199.212493896484375 203.006256103515625 206.8249969482421875 211.125 215.4187469482421875 221.09375 226.8625030517578125 231.34375 236.125 239.1875 239.743743896484375 238.1999969482421875 235.037506103515625 229.8625030517578125
92.46250152587890625 90.6875 91.15625 92.25624847412109375 93.65000152587890625 96.38124847412109375 100.0437469482421875 104.1437530517578125 110.0437469482421875 116.72499847412109375 124.8000030517578125 132.8312530517578125 139.931243896484375 144.462493896484375 143.7312469482421875 141.7937469482421875 139.756256103515625 139.8625030517578125 139.899993896484375 140.7312469482421875 144.03125 150.25 159.21875 168.7312469482421875 179.78125 186.5124969482421875 190.03125 193.943756103515625 197.9562530517578125 199.9250030517578125 202.600006103515625 206.068756103515625 209.443756103515625 213.6687469482421875 219.006256103515625 225.21875 230.024993896484375 235.462493896484375 240.6125030517578125 243.8937530517578125 245.7375030517578125 244.8625030517578125 242.875 238.8874969482421875
99.40625 97.4875030517578125 97.75624847412109375 99.0124969482421875 100.7062530517578125 103.90000152587890625 108.0812530517578125 113.5124969482421875 120.19374847412109375 127.78749847412109375 136.618743896484375 143.9875030517578125 148.568756103515625 150.9187469482421875 149.625 146.65625 144.006256103515625 142.9187469482421875 141.8000030517578125 141.600006103515625 144.6750030517578125 151.931243896484375 163.4187469482421875 175.59375 186.2312469482421875 191.462493896484375 193.8874969482421875 197.0625 200.8874969482421875 203.568756103515625 206.1687469482421875 208.850006103515625 212.25 216.0812530517578125 221.0625 227.631256103515625 234.1125030517578125 240.118743896484375 245.837493896484375 249.975006103515625 252.975006103515625 252.0124969482421875 248.3249969482421875 242.5500030517578125
105.4875030517578125 103.74375152587890625 104.375 105.6875 107.99375152587890625 111.9875030517578125 117.21875 123.15625 130.5 139.493743896484375 148.6374969482421875 154.568756103515625 156.9250030517578125 156.256256103515625 154.2937469482421875 150.837493896484375 147.912506103515625 146.818756103515625 145.818756103515625 144.8000030517578125 146.3249969482421875 154.4562530517578125 167.350006103515625 179.0124969482421875 187.4499969482421875 192.556243896484375 196.243743896484375 199.556243896484375 202.9812469482421875 205.8125 208.59375 211.2312469482421875 213.4499969482421875 217.3249969482421875 222.337493896484375 228.7312469482421875 235.443756103515625 243.28125 250.149993896484375 255.3499908447265625 260.09375 258.23748779296875 251.3000030517578125 243.375
110.9250030517578125 109.34375 110.31874847412109375 112.08750152587890625 115.00624847412109375 119.75624847412109375 126.11875152587890625 132.9812469482421875 141.2375030517578125 150.462493896484375 159.306243896484375 162.625 162.9562530517578125 161.6374969482421875 158.493743896484375 155.556243896484375 152.21875 151.6374969482421875 150.75 150.8625030517578125 154.71875 162.4562530517578125 173.0625 181.5749969482421875 188.493743896484375 193.5625 197.693756103515625 200.9562530517578125 204.65625 206.6437530517578125 209.443756103515625 211.662506103515625 213.493743896484375 217.1999969482421875 221.8000030517578125 228.850006103515625 237.2687530517578125 246.2687530517578125 255 261.03125 264.118743896484375 258.48748779296875 252.162506103515625 245.7249908447265625
114.78749847412109375 113.4875030517578125 115.31874847412109375 118.4187469482421875 121.78125 127.75624847412109375 135.40625 142.9375 151.7624969482421875 161.068756103515625 169.15625 172.024993896484375 171.881256103515625 170.256256103515625 167.5625 164.375 161.625 161.03125 160.850006103515625 162.1062469482421875 166.7687530517578125 173.3874969482421875 182.056243896484375 188.193756103515625 192.96875 197.806243896484375 201.475006103515625 203.96875 206.881256103515625 208.96875 210.3312530517578125 211.2687530517578125 212.8000030517578125 215.15625 219.4499969482421875 226.306243896484375 236.5625 247.9187469482421875 257.774993896484375 263.475006103515625 263.25 259.412506103515625 254.8249969482421875 248.350006103515625
117.78125 116.93125152587890625 119.7624969482421875 123.84375 128.5500030517578125 135.587493896484375 144.162506103515625 152.3000030517578125 161.6999969482421875 171.774993896484375 180.125 182.868743896484375 182.7062530517578125 180.5124969482421875 177.787506103515625 173.649993896484375 171.9250030517578125 172.4375 173.15625 175.087493896484375 179.100006103515625 184.7687530517578125 191.6875 196.493743896484375 198.8937530517578125 201.412506103515625 203.7937469482421875 206.4250030517578125 209.5 211.4250030517578125 212.65625 211.818756103515625 210.2312469482421875 210.587493896484375 212.806243896484375 220.5749969482421875 232.568756103515625 246.837493896484375 259.86248779296875 266.26251220703125 265.681243896484375 260.73748779296875 255.2312469482421875 248.7062530517578125
119.56874847412109375 119.8937530517578125 123.56874847412109375 128.6750030517578125 134.649993896484375 142.693756103515625 152.15625 161.600006103515625 171.5749969482421875 182.274993896484375 191.837493896484375 195.181243896484375 195.5124969482421875 193.524993896484375 190.556243896484375 186.3249969482421875 183.399993896484375 183.6374969482421875 184.756256103515625 187.4250030517578125 191.7375030517578125 196.7437591552734375 201.8562469482421875 204.6687469482421875 205.8125 205.1062469482421875 205.5812530517578125 208.3937530517578125 212.006256103515625 214.881256103515625 215.381256103515625 213.149993896484375 208.600006103515625 204.037506103515625 204.649993896484375 212.2937469482421875 225.1374969482421875 244.181243896484375 263.70623779296875 267.212493896484375 263.725006103515625 258.524993896484375 251.9375 245.4250030517578125
120.0187530517578125 121.38124847412109375 126.4562530517578125 132.837493896484375 139.693756103515625 148.5187530517578125 158.7624969482421875 169.056243896484375 179.78125 191.1062469482421875 202.2312469482421875 208.3249969482421875 211.5812530517578125 210.84375 208.4562530517578125 204.412506103515625 199.1875 196.774993896484375 199.4187469482421875 202.337493896484375 207.350006103515625 210.837493896484375 212.943756103515625 212.5187530517578125 211.5625 209.681243896484375 208.6437530517578125 211.7687530517578125 215.9562530517578125 219.3312530517578125 218.818756103515625 211.5625 204.2687530517578125 197.375 194.75 199.5187530517578125 215.6750030517578125 234.9875030517578125 252.8625030517578125 258.84375 256.149993896484375 251.587493896484375 246.537506103515625 241.7375030517578125
119.8312530517578125 122.38124847412109375 128.4250030517578125 135.368743896484375 143.3625030517578125 153.587493896484375 164.162506103515625 175.6687469482421875 187.75 199.756256103515625 212.5437469482421875 220.6999969482421875 227.287506103515625 230.9812469482421875 227.943756103515625 221.40625 214.881256103515625 210.6875 211.9124908447265625 215.931243896484375 221.1750030517578125 223.9562530517578125 221.4187469482421875 218.8312530517578125 216.337493896484375 214.3562469482421875 214.162506103515625 216.556243896484375 220.837493896484375 225.1374969482421875 224.8125 214.899993896484375 202.9375 190.46875 183.256256103515625 188.75 204.806243896484375 222.7312469482421875 238.350006103515625 245.287506103515625 245.96875 242.4875030517578125 239.7624969482421875 237.118743896484375
120.0812530517578125 123.09999847412109375 129.975006103515625 137.881256103515625 147.2937469482421875 158.475006103515625 170.3125 182.006256103515625 194.6687469482421875 207.53125 220.662506103515625 230.9812469482421875 241.818756103515625 251.368743896484375 246.381256103515625 234.818756103515625 225.3562469482421875 222.3249969482421875 223.431243896484375 227.368743896484375 228.725006103515625 228.4375 228.1374969482421875 224.1999969482421875 220.5625 217.7375030517578125 218.568756103515625 221.5749969482421875 223.96875 227.056243896484375 224.84375 216.881256103515625 201.28125 184 171.712493896484375 179.149993896484375 197.8625030517578125 215.681243896484375 228.9375 236.0187530517578125 236.6312408447265625 233.7375030517578125 234.162506103515625 233.787506103515625
