data/historical-monthly-weather-data/wc2.1_cruts4.09_10m_prec_1997-07.asc
ncols        45
nrows        45
xllcorner    -63.500000000000
yllcorner    -7.500000000000
cellsize     0.166666666667
NODATA_value -9999
[rows 19 to 37 of 45, columns 0 to 42 of 45]
94.98749542236328125 94.8625030517578125 91.1999969482421875 87.2375030517578125 82.6687469482421875 80.1437530517578125 73.71250152587890625 69.3312530517578125 66.24375152587890625 61.61875152587890625 57.46875 53.612499237060546875 48.049999237060546875 42.72499847412109375 36.4375 30.287500381469726562 25.725000381469726562 24.987499237060546875 21.012500762939453125 17.956249237060546875 14.475000381469726562 12.6875 11.637499809265136719 12.331250190734863281 12.956250190734863281 13.03125 14.662500381469726562 17.206249237060546875 19.200000762939453125 21.274999618530273438 24.881250381469726562 30.100000381469726562 30.649999618530273438 30.46875 30.899999618530273438 33.58750152587890625 35.65000152587890625 37.043750762939453125 38.53125 38.40625 36.28749847412109375 33.862499237060546875 33.268749237060546875
84.56874847412109375 89.38124847412109375 89.2375030517578125 83.3562469482421875 77.3625030517578125 74.6687469482421875 69.65625 65.6750030517578125 62.168750762939453125 58.5625 54.09375 50.68125152587890625 46.4375 41.22499847412109375 35.27500152587890625 29.875 25.856250762939453125 23.1875 21.068750381469726562 17.356250762939453125 15.637499809265136719 13.831250190734863281 12.418749809265136719 13.231249809265136719 13.731249809265136719 13.574999809265136719 14.443750381469726562 16.84375 19.625 22.600000381469726562 27.25 31.837499618530273438 31.043750762939453125 31.024999618530273438 31.381250381469726562 33.393749237060546875 35.28749847412109375 35.71875 35.94374847412109375 35.34375 34.168750762939453125 33.11875152587890625 31.850000381469726562
80.78749847412109375 80.4187469482421875 81.3249969482421875 78.36875152587890625 74.09999847412109375 68.5625 64.24375152587890625 60.481250762939453125 57.94374847412109375 54.75 51.6875 47.28749847412109375 43.174999237060546875 40.475002288818359375 36.206249237060546875 30.837499618530273438 27.487499237060546875 24.075000762939453125 21.28125 18.3125 15.75 14.037500381469726562 12.800000190734863281 12.875 12.887499809265136719 12.9375 15.143750190734863281 17.012500762939453125 20.549999237060546875 24.837499618530273438 28.9375 32.506252288818359375 31.912500381469726562 31.181249618530273438 30.537500381469726562 32.61875152587890625 34.143749237060546875 34.53125 34.612499237060546875 34.16249847412109375 33.212497711181640625 32.41249847412109375 31.493749618530273438
76.90625 80.11875152587890625 78.90625 74.6687469482421875 69.7624969482421875 65.3125 58.125 54.543750762939453125 53.09375 52.46875 50.30625152587890625 46.456249237060546875 43.88124847412109375 40.83750152587890625 37.34375 33.15625 28.393749237060546875 24.25 21.043750762939453125 18.506250381469726562 16.950000762939453125 14.756250381469726562 13.09375 13.043749809265136719 13.375 13.193750381469726562 14.887499809265136719 17.537500381469726562 20.46875 24.393749237060546875 28.600000381469726562 32.74375152587890625 31.8125 30.174999237060546875 29.881250381469726562 30.53125 32.19374847412109375 32.05625152587890625 32.78749847412109375 32.96875 32.331249237060546875 31 30.256250381469726562
70.71250152587890625 75.6374969482421875 76.3249969482421875 71.5124969482421875 66.46875 61.11875152587890625 57.5 53.137500762939453125 50.28749847412109375 48.081249237060546875 46.768749237060546875 46.606250762939453125 44.5625 42.59999847412109375 37.96875 33.71875 28.700000762939453125 25.46875 21.987499237060546875 19.6875 17.443750381469726562 15.768750190734863281 13.987500190734863281 14.3125 14.506250381469726562 14.199999809265136719 16.399999618530273438 18.206249237060546875 20.799999237060546875 24.462499618530273438 28.693750381469726562 32.393749237060546875 30.8125 28.662500381469726562 28.899999618530273438 28.493749618530273438 29.84375 30.40625 31 30.943750381469726562 30.706249237060546875 29.649999618530273438 29.200000762939453125
66.8937530517578125 72.1999969482421875 73.75624847412109375 69.63124847412109375 64.96250152587890625 58.956249237060546875 55.15000152587890625 51.30625152587890625 48.6875 47.6875 46.5625 44.293750762939453125 44.53749847412109375 42.69374847412109375 37.981250762939453125 32.987499237060546875 28.918750762939453125 25.993749618530273438 22.96875 20.256250381469726562 18.350000381469726562 16.443750381469726562 15.293749809265136719 15.268750190734863281 15.012499809265136719 15.518750190734863281 16.918750762939453125 18.768749237060546875 20.912500381469726562 24.368749618530273438 27.1875 29.693750381469726562 29.200000762939453125 27.481250762939453125 26.518749237060546875 26.78125 27.887500762939453125 27.818750381469726562 28.662500381469726562 29.049999237060546875 28.518749237060546875 28.212499618530273438 28.043750762939453125
67.05625152587890625 71.78749847412109375 69.4375 66.4499969482421875 61.75 56.84375 53.081249237060546875 49.34375 46.424999237060546875 43.75624847412109375 44.8125 44.043750762939453125 42.65000152587890625 41.66249847412109375 37.71875 33.40000152587890625 29.149999618530273438 26.262500762939453125 23.543750762939453125 20.625 19.3125 17.537500381469726562 16.293750762939453125 16.34375 15.981249809265136719 15.962500572204589844 17.706249237060546875 19.243749618530273438 20.762500762939453125 23.231250762939453125 25.618749618530273438 27.318750381469726562 26.262500762939453125 25.231250762939453125 25.118749618530273438 25.325000762939453125 25.875 26.162500381469726562 26.774999618530273438 27.149999618530273438 27.487499237060546875 26.706249237060546875 26.337499618530273438
64.375 66.3874969482421875 66.1374969482421875 64.0124969482421875 59.71250152587890625 55.793750762939453125 52.56874847412109375 48.643749237060546875 44.96875 44.831249237060546875 45.06874847412109375 44.625 43.90000152587890625 42.22499847412109375 38.11875152587890625 34.80625152587890625 30.731250762939453125 27.25 24.774999618530273438 22.21875 20.274999618530273438 18.637500762939453125 17.662500381469726562 18.231250762939453125 17.53125 16.9375 18.537500381469726562 20.231250762939453125 21.737499237060546875 22.950000762939453125 25.075000762939453125 25.381250381469726562 23.893749237060546875 23.9375 23.256250381469726562 23.850000381469726562 23.662500381469726562 23.918750762939453125 24.756250381469726562 25.5 26.337499618530273438 25.956249237060546875 25.237499237060546875
62.112499237060546875 61.68125152587890625 61.49375152587890625 61.00624847412109375 57.59375 54.33750152587890625 51.3125 47.549999237060546875 45.34999847412109375 44.612499237060546875 44.09999847412109375 43.40000152587890625 43.30625152587890625 42.38124847412109375 38.34999847412109375 34.768749237060546875 31.318750381469726562 28.274999618530273438 25.049999237060546875 22.856250762939453125 21.568750381469726562 19.700000762939453125 17.96875 18.556249618530273438 18.46875 18.012500762939453125 19.549999237060546875 21.174999237060546875 22.549999237060546875 23.962499618530273438 25.212499618530273438 25.868749618530273438 24.087499618530273438 22.568750381469726562 21.793750762939453125 22.137500762939453125 21.893749237060546875 22.21875 23.231250762939453125 24.543750762939453125 25.268749237060546875 25.693750381469726562 24.431249618530273438
58.981250762939453125 58.612499237060546875 59.21875 56.424999237060546875 54.606250762939453125 51.012500762939453125 48 45.831249237060546875 43.918750762939453125 43.65625 42.88124847412109375 42.549999237060546875 42.950000762939453125 42.91249847412109375 39.27500152587890625 35.6875 32.75624847412109375 28.90625 26.131250381469726562 23.868749618530273438 22.225000381469726562 20.368749618530273438 18.899999618530273438 19.081249237060546875 19.125 18.981250762939453125 20.450000762939453125 22.037500381469726562 23.987499237060546875 25.118749618530273438 25.706249237060546875 26.137500762939453125 23.899999618530273438 21.8125 20.606250762939453125 20.743749618530273438 20.606250762939453125 20.825000762939453125 21.6875 22.325000762939453125 23.568750381469726562 23.299999237060546875 22.725000381469726562
54.75624847412109375 56.1875 56.043750762939453125 53.918750762939453125 51.36875152587890625 48.91249847412109375 45.99375152587890625 45.075000762939453125 44.21250152587890625 43.25624847412109375 42.637500762939453125 43.299999237060546875 43.637500762939453125 42.9375 39.9375 36.91249847412109375 33.825000762939453125 30.793750762939453125 27.631250381469726562 25.118749618530273438 23.850000381469726562 22 20.631250381469726562 20.4375 20.625 20.6875 21.90625 23.487499237060546875 25.256250381469726562 25.681249618530273438 25.975000381469726562 25.756250381469726562 23.40625 21.443750381469726562 19.856250762939453125 19.625 19.993749618530273438 19.674999237060546875 19.75 20.318750381469726562 21.46875 21.399999618530273438 20.868749618530273438
51.674999237060546875 52.862499237060546875 50.887500762939453125 50.950000762939453125 49.887500762939453125 48.268749237060546875 45.69374847412109375 44.174999237060546875 43.581249237060546875 43.043750762939453125 42.94374847412109375 43.09375 44.512500762939453125 42.9375 40.00624847412109375 37.856250762939453125 36.15625 32.112499237060546875 28.412500381469726562 26.681249618530273438 25.581249237060546875 23.756250381469726562 22.168750762939453125 21.606250762939453125 21.506250381469726562 22.274999618530273438 23.412500381469726562 24.4375 25.393749237060546875 25.774999618530273438 25.706249237060546875 25.518749237060546875 23.387500762939453125 21.512500762939453125 19.78125 18.975000381469726562 18.818750381469726562 18.875 18.387500762939453125 18.03125 18.59375 19.056249618530273438 18.668750762939453125
48.5 47.737499237060546875 46.293750762939453125 45.856250762939453125 46.16249847412109375 45.637500762939453125 44.69374847412109375 43.231250762939453125 43.21250152587890625 42.262500762939453125 42.487499237060546875 43.68125152587890625 43.981250762939453125 44.1875 41.924999237060546875 39.78749847412109375 37.6875 33.737499237060546875 29.725000381469726562 28.162500381469726562 26.4375 24.856250762939453125 23.100000381469726562 22.524999618530273438 22.931249618530273438 23.068750381469726562 24.199998855590820312 25.556249618530273438 25.806249618530273438 25.818750381469726562 25.850000381469726562 25.243749618530273438 22.981250762939453125 21.100000381469726562 19.600000381469726562 18.493749618530273438 18.237499237060546875 17.168750762939453125 16.65625 16.743749618530273438 16.987499237060546875 16.850000381469726562 16.412500381469726562
44.299999237060546875 43.15625 41.512500762939453125 41.09999847412109375 41.74375152587890625 41.66249847412109375 41.71875 41.299999237060546875 40.61875152587890625 41.59375 43.018749237060546875 43.262500762939453125 44.262500762939453125 45.456249237060546875 43.99375152587890625 41.387500762939453125 38.706249237060546875 36.206249237060546875 32.94374847412109375 31.024999618530273438 29 26.862499237060546875 24.78125 24.518749237060546875 25.043750762939453125 24.931249618530273438 26.181249618530273438 26.806249618530273438 27.418750762939453125 26.606250762939453125 25.981250762939453125 24.856250762939453125 22.362499237060546875 20.681249618530273438 19.5 18.774999618530273438 17.518749237060546875 16.381250381469726562 15.875 16.168750762939453125 16.174999237060546875 16.100000381469726562 15.143750190734863281
40.237499237060546875 39.256252288818359375 38.668750762939453125 38.575000762939453125 38.456249237060546875 37.637500762939453125 37.90000152587890625 37.231250762939453125 38.56874847412109375 39.106250762939453125 41.012500762939453125 42.83750152587890625 44.78749847412109375 45.47499847412109375 44.40625 42.02500152587890625 40.33750152587890625 37.71875 34.65000152587890625 32.543750762939453125 31.012498855590820312 28.350000381469726562 26.893749237060546875 26.712499618530273438 26.431249618530273438 26.087499618530273438 27.056249618530273438 28.100000381469726562 28.424999237060546875 27.362499237060546875 26.25 24.612499237060546875 22.143749237060546875 20.725000381469726562 19.4375 18.299999237060546875 16.706249237060546875 15.693750381469726562 15.518750190734863281 15.362500190734863281 15.3125 15.350000381469726562 15.037500381469726562
36.97499847412109375 35.05625152587890625 35.637500762939453125 35.50624847412109375 35.987499237060546875 35.52500152587890625 35.087497711181640625 34.75 34.91249847412109375 36.02500152587890625 38.74375152587890625 42.06874847412109375 45.950000762939453125 47.637500762939453125 45.66249847412109375 43.71250152587890625 41.956249237060546875 39.03125 36.6875 33.96875 32.424999237060546875 30.6875 28.84375 28.393749237060546875 27.887500762939453125 27.268749237060546875 28.075000762939453125 28.887500762939453125 28.956249237060546875 26.362499237060546875 25.006250381469726562 24.0625 22.100000381469726562 20.524999618530273438 18.806249618530273438 17.587499618530273438 16.393749237060546875 15.662500381469726562 15.112500190734863281 14.53125 14.15625 13.84375 14.112500190734863281
33.84999847412109375 32.793750762939453125 33.674999237060546875 32.99375152587890625 33.21875 32.706249237060546875 32.56874847412109375 32.262500762939453125 32.40625 33 35.643749237060546875 39.99375152587890625 45.393749237060546875 46.331249237060546875 45.97499847412109375 44.700000762939453125 43.56874847412109375 40.44374847412109375 37.44374847412109375 35.174999237060546875 32.41249847412109375 31.706249237060546875 29.668750762939453125 28.956249237060546875 27.9375 28.243749618530273438 28.84375 29.418750762939453125 29.200000762939453125 26.59375 24.956249237060546875 24.03125 22.018749237060546875 20.59375 18.975000381469726562 17.456249237060546875 16.443750381469726562 15.537500381469726562 15.274999618530273438 14.675000190734863281 13.850000381469726562 13.675000190734863281 13.28125
30.71875 30.512500762939453125 30.975000381469726562 30.200000762939453125 30.368749618530273438 30.6875 30.612499237060546875 30.318750381469726562 30.049999237060546875 29.518749237060546875 32.606250762939453125 37.81874847412109375 42.493747711181640625 44.162502288818359375 45.0625 44.78125 43.71250152587890625 40.418750762939453125 37.549999237060546875 35.61875152587890625 32.90000152587890625 31.206249237060546875 29.662500381469726562 29.443750381469726562 28.424999237060546875 28.350000381469726562 28.856250762939453125 28.975000381469726562 28.65625 26.868749618530273438 24.887500762939453125 23.25 21.299999237060546875 20.018749237060546875 18.543750762939453125 16.899999618530273438 15.850000381469726562 15.506250381469726562 15.375 14.506250381469726562 13.518750190734863281 13.287500381469726562 12.84375
27.1875 27.575000762939453125 27.362499237060546875 27.737499237060546875 28 28.368749618530273438 28.587499618530273438 28.481250762939453125 28.443750381469726562 27.612499237060546875 32.743747711181640625 37.612499237060546875 40.606250762939453125 42.63124847412109375 44.27500152587890625 44.543750762939453125 42.606250762939453125 40.862499237060546875 37.625 35.643749237060546875 33.63124847412109375 31.674999237060546875 29.625 29.456249237060546875 29 28.700000762939453125 28.681249618530273438 28.674999237060546875 28.34375 26.149999618530273438 23.1875 21.962499618530273438 20.25 19.237499237060546875 17.487499237060546875 15.856249809265136719 15.5625 15.081250190734863281 14.875 14.175000190734863281 13.287500381469726562 13.381250381469726562 12.824999809265136719
