data/historical-monthly-weather-data/wc2.1_cruts4.09_10m_prec_2019-04.asc
ncols        51
nrows        45
xllcorner    -63.500000000000
yllcorner    -7.500000000000
cellsize     0.166666666667
NODATA_value -9999
[rows 20 to 39 of 45, columns 0 to 43 of 51]
265.256256103515625 280.54998779296875 293.35626220703125 305.368743896484375 315.45001220703125 327.91876220703125 339.087493896484375 344.29376220703125 343.79998779296875 338.32501220703125 329.54998779296875 317.13751220703125 305.0625 294.95001220703125 280.86248779296875 268.881256103515625 259.45623779296875 254.9187469482421875 253.100006103515625 250.7375030517578125 253.0500030517578125 253.4499969482421875 252.193756103515625 253.6125030517578125 258.5 262.85626220703125 265.443756103515625 267.375 267.41876220703125 267.131256103515625 262.837493896484375 258.462493896484375 246.1875 231.6999969482421875 219.837493896484375 231.6374969482421875 250.3375091552734375 264.662506103515625 272.63751220703125 275.17498779296875 273.71875 272.443756103515625 266.60626220703125 262.76873779296875
254.5749969482421875 266.60626220703125 280.01873779296875 296.89373779296875 310.556243896484375 321.41876220703125 333.306243896484375 341.962493896484375 341.61248779296875 332.787506103515625 318.537506103515625 299.85626220703125 284.787506103515625 274.51251220703125 266.681243896484375 257.618743896484375 252.1687469482421875 247.5500030517578125 245.6062469482421875 243.100006103515625 241.662506103515625 242.625 245.475006103515625 248.806243896484375 255.0437469482421875 264.9375 279.368743896484375 280.943756103515625 279.806243896484375 278.71875 273.20001220703125 266.256256103515625 255.8125 246.3000030517578125 241.681243896484375 246.6750030517578125 259.95623779296875 271.45623779296875 275.92498779296875 276.08123779296875 274.14373779296875 271.149993896484375 265.100006103515625 260.100006103515625
245.5 262.38751220703125 276.85626220703125 292.787506103515625 306.625 317.78125 327.04998779296875 338.131256103515625 343.71875 328.46875 306.993743896484375 283.45623779296875 265.76873779296875 257.306243896484375 253.4437408447265625 249.3562469482421875 244.024993896484375 239.162506103515625 235.8937530517578125 232.3874969482421875 232.3125 233.2687530517578125 234.212493896484375 239.1374969482421875 249.337493896484375 262.60626220703125 279.28125 284.76251220703125 285.649993896484375 283.774993896484375 280.787506103515625 276.600006103515625 272.29376220703125 267.51251220703125 266.45001220703125 267.28125 274.087493896484375 281.3125 282.29376220703125 278.368743896484375 274.037506103515625 268.65625 262.243743896484375 256.556243896484375
240.0812530517578125 257.274993896484375 273.45001220703125 286.98126220703125 299.65625 309.868743896484375 320.850006103515625 328.962493896484375 331.23748779296875 315.04998779296875 293.26873779296875 272.806243896484375 251.15625 246.475006103515625 244.962493896484375 241.4875030517578125 236.337493896484375 233.818756103515625 229.9812469482421875 227.212493896484375 225.7937469482421875 224.131256103515625 224.193756103515625 230.787506103515625 240.618743896484375 250.0124969482421875 263.712493896484375 276.40625 283.35626220703125 288.20001220703125 290.6875 293.26251220703125 292.23126220703125 288.625 288.118743896484375 287.58123779296875 290.993743896484375 291.931243896484375 287.881256103515625 280.41876220703125 274.16876220703125 266.899993896484375 259.568756103515625 252.662506103515625
238.03125 255.3874969482421875 269.78125 283.899993896484375 297.11248779296875 304.66876220703125 311.46875 316.306243896484375 312.475006103515625 302.068756103515625 284.26251220703125 265.318756103515625 252.2062530517578125 242.9499969482421875 238.90625 235.256256103515625 232.4812469482421875 230.149993896484375 226.868743896484375 222.618743896484375 219.4937591552734375 216.4562530517578125 215.7062530517578125 220.274993896484375 228.274993896484375 241.7062530517578125 257.149993896484375 270.90625 283.04998779296875 295.75 304.774993896484375 312.6875 313.88751220703125 310.26251220703125 306.76251220703125 301.649993896484375 300.818756103515625 296.431243896484375 290.33123779296875 282.98126220703125 274.9375 265.96875 258.743743896484375 250.2624969482421875
243.662506103515625 259.368743896484375 268.03125 280.125 290.212493896484375 295.899993896484375 300.28125 301.962493896484375 294.70623779296875 284.29998779296875 273.04998779296875 261.600006103515625 250.9375 243.4250030517578125 237.2624969482421875 234.5812530517578125 231.287506103515625 228.8562469482421875 224.6687469482421875 218.7375030517578125 216.125 210.84375 207.0875091552734375 207.225006103515625 218.181243896484375 234.475006103515625 254.412506103515625 269.818756103515625 286.774993896484375 301.48748779296875 317.649993896484375 332.056243896484375 335.45001220703125 328.10626220703125 319.462493896484375 312.03125 307.20623779296875 300.931243896484375 292.625 284.318756103515625 276.131256103515625 265.556243896484375 256.162506103515625 245.993743896484375
248.34375 259.48748779296875 267.8125 276.14373779296875 282.13751220703125 287.068756103515625 288.649993896484375 287.225006103515625 280.98126220703125 276.506256103515625 270.118743896484375 260.91876220703125 253.006256103515625 246.975006103515625 241.8000030517578125 238.3625030517578125 234.6437530517578125 230.65625 227.118743896484375 222.100006103515625 216.337493896484375 209.412506103515625 202.5124969482421875 201.65625 215.181243896484375 230.625 251.5875091552734375 268.70001220703125 287.60626220703125 304.65625 324.600006103515625 342.96875 349.71875 339.57501220703125 328.42498779296875 318.768768310546875 312.03125 304.65625 294.600006103515625 285.79376220703125 275.962493896484375 266.53125 256.725006103515625 247.9562530517578125
254.75 262.21875 267.331268310546875 272.024993896484375 276.493743896484375 278.10626220703125 279.13751220703125 275.600006103515625 272.399993896484375 269.76251220703125 263.649993896484375 258.774993896484375 253.4562530517578125 250.2062530517578125 246.225006103515625 241.7062530517578125 238.8125 237.068756103515625 231.9625091552734375 227.75 222.3937530517578125 214.431243896484375 211.4250030517578125 211.1374969482421875 220.1999969482421875 234.0500030517578125 251.5187530517578125 269.131256103515625 287.08123779296875 304.943756103515625 322.712493896484375 338.95623779296875 343.98126220703125 337.850006103515625 330.73748779296875 320.975006103515625 314.88751220703125 307.868743896484375 297.95001220703125 288.287506103515625 278.868743896484375 269.79998779296875 260.5 253.84375
259.181243896484375 264.556243896484375 266.10626220703125 268.537506103515625 269.76873779296875 268.068756103515625 267.118743896484375 266.681243896484375 266.587493896484375 263.725006103515625 261 258.006256103515625 254.193756103515625 252.6437530517578125 251.337493896484375 250.1125030517578125 248.1999969482421875 243.71875 240.306243896484375 235.3562469482421875 230.5124969482421875 223.25 220.7375030517578125 222.443756103515625 228.5500030517578125 239.9187469482421875 255.6374969482421875 271.212493896484375 287.399993896484375 303.23748779296875 316.58123779296875 329.225006103515625 331.14373779296875 330.13751220703125 326.693756103515625 320.024993896484375 315.73126220703125 310.318756103515625 301.431243896484375 290.524993896484375 278.76251220703125 270.42498779296875 263.45001220703125 265.056243896484375
264.1875 266.681243896484375 266.350006103515625 264.03125 264.25 263.556243896484375 263.08123779296875 263.48748779296875 263.131256103515625 261.28125 260.774993896484375 259.23748779296875 259.51873779296875 259.45001220703125 258.58123779296875 257.087493896484375 255.5124969482421875 254.412506103515625 250.1374969482421875 243.431243896484375 236.8874969482421875 232.649993896484375 231.587493896484375 231.8125 235.4812469482421875 244.4375 258.600006103515625 270.993743896484375 284.98748779296875 297.75 308.79998779296875 317.125 319.649993896484375 321.493743896484375 321.39373779296875 317.181243896484375 315.42498779296875 312.006256103515625 302.79998779296875 295.412506103515625 287.64373779296875 281.587493896484375 275.32501220703125 277.506256103515625
267.03125 266.149993896484375 263.912506103515625 261.42498779296875 261.181243896484375 259.82501220703125 260.181243896484375 259.25 259.449981689453125 260.037506103515625 261.04998779296875 261.725006103515625 264.95001220703125 264.556243896484375 265.09375 264.65625 265.13751220703125 264.443756103515625 261.393768310546875 255.59375 248.6125030517578125 242.8000030517578125 240.256256103515625 238.118743896484375 239.274993896484375 249.7312469482421875 259.443756103515625 270.962493896484375 282.29998779296875 291.09375 300.40625 307.33123779296875 311.631256103515625 314.368743896484375 314.85626220703125 313.381256103515625 310.83123779296875 309.32501220703125 305.07501220703125 299.693756103515625 294.04376220703125 288.774993896484375 285.35626220703125 284.39373779296875
267.42498779296875 264.118743896484375 261.087493896484375 259.943756103515625 258.41876220703125 255.350006103515625 255.5124969482421875 254.287506103515625 255.024993896484375 256.1875 259.17498779296875 264.07501220703125 266.943756103515625 269.20623779296875 270.20623779296875 271.10626220703125 269.818756103515625 269.931243896484375 266.85626220703125 264.6875 258.431243896484375 252.475006103515625 247.806243896484375 245.556243896484375 248.493743896484375 254.4187469482421875 260.993743896484375 270.943756103515625 278.85626220703125 286.649993896484375 294.89373779296875 300.76873779296875 302.975006103515625 306.056243896484375 307.881256103515625 307.32501220703125 307.306243896484375 305.16876220703125 302.068756103515625 298.21875 298.087493896484375 295.57501220703125 292.725006103515625 292.35626220703125
266.33123779296875 260.83123779296875 258.09375 255.8562469482421875 255.037506103515625 251.9250030517578125 249.65625 249.350006103515625 249.756256103515625 252.8062591552734375 259.806243896484375 264.26251220703125 270.318756103515625 275.26251220703125 276.318756103515625 276.412506103515625 276.625 277.212493896484375 273.318756103515625 270.01873779296875 266.09375 260.524993896484375 255.2312469482421875 253.0687408447265625 255.5 257.21875 263.09375 269.306243896484375 275.70001220703125 283.10626220703125 288.618743896484375 292.29376220703125 294.04376220703125 297.537506103515625 300.068756103515625 301.462493896484375 301.58123779296875 301.0625 297.23748779296875 299.98126220703125 299.5 297.693756103515625 297.26251220703125 298.975006103515625
263.38751220703125 258.70001220703125 256.162506103515625 253.21875 250.84375 249.162506103515625 246.9812469482421875 244.6999969482421875 244.912506103515625 248.306243896484375 254.306243896484375 263.431243896484375 272.375 276.83123779296875 279.456268310546875 279.350006103515625 280.556243896484375 281.018768310546875 278.274993896484375 275.100006103515625 271.34375 266.65625 262.037506103515625 257.20001220703125 259.28125 259.60626220703125 262.3125 266.537506103515625 271.756256103515625 276.225006103515625 280.506256103515625 284.82501220703125 286.600006103515625 289.58123779296875 292.587493896484375 293.693756103515625 294.85626220703125 292.20001220703125 294.40625 297.243743896484375 296.79376220703125 297.66876220703125 299.45623779296875 302.82501220703125
258.75 255.71875 254.1750030517578125 249.806243896484375 246.5 243.78125 240.881256103515625 239.2062530517578125 237.881256103515625 239.7062530517578125 248.662506103515625 261.806243896484375 274.881256103515625 284.0625 285.712493896484375 285.75 284.91876220703125 282.82501220703125 282.431243896484375 277.787506103515625 275.899993896484375 270.125 265.9375 259.46875 259.38751220703125 260.774993896484375 262.399993896484375 263.693756103515625 267.57501220703125 272.15625 274.65625 278.337493896484375 278.73748779296875 282.125 284.01873779296875 284.38751220703125 283.712493896484375 288.21875 290.86248779296875 292.84375 292.90625 295.193756103515625 298.6875 302.274993896484375
256.04376220703125 254.625 252.4250030517578125 248.375 244.2062530517578125 239.8937530517578125 236.8812408447265625 233.506256103515625 229.5999908447265625 229.8312530517578125 237.6125030517578125 254.1875 272.475006103515625 283.66876220703125 286.40625 286.975006103515625 286.89373779296875 285.46875 284.67498779296875 282.91876220703125 279.11248779296875 274.493743896484375 266.73126220703125 261.462493896484375 259.08123779296875 259.368743896484375 260.943756103515625 262.51873779296875 265.20623779296875 267.73126220703125 269.681243896484375 271.337493896484375 271.51873779296875 275.11248779296875 275.48748779296875 273.306243896484375 277.5625 281.912506103515625 283.256256103515625 285.787506103515625 288.212493896484375 290.087493896484375 292.431243896484375 296.34375
254.024993896484375 254 251.068756103515625 247.5749969482421875 242.9875030517578125 238.4375 235.100006103515625 228.8312530517578125 221.6062469482421875 217.9187469482421875 228.15625 251.412506103515625 268.3125 278.056243896484375 283.875 285.9749755859375 284.631256103515625 284.331268310546875 284.5562744140625 281.131256103515625 277.993743896484375 272.73126220703125 265.3125 260.67498779296875 257.08123779296875 256.59375 258.73748779296875 260.631256103515625 262.04998779296875 263.024993896484375 265.274993896484375 267.149993896484375 267.13751220703125 267.912506103515625 267.36248779296875 267.66876220703125 271.70001220703125 276.631256103515625 279.837493896484375 279.70623779296875 281.962493896484375 283.33123779296875 286.712493896484375 289.67498779296875
254.806243896484375 253.100006103515625 249.3125 246.6062469482421875 242.1999969482421875 238.2062530517578125 233.5687408447265625 226.3000030517578125 220.25 214.5749969482421875 230.662506103515625 253.5500030517578125 266.975006103515625 275.64373779296875 280.79376220703125 283.58123779296875 281.78125 282.48126220703125 279.975006103515625 275.6875 272.45001220703125 266.8125 262.0625 257.556243896484375 253.712493896484375 254.2937469482421875 253.9875030517578125 257.21875 259.225006103515625 260.4375 260.087493896484375 261.6875 263.087493896484375 262.568756103515625 259.63751220703125 263.556243896484375 267.20623779296875 269.931243896484375 274.774993896484375 275.46875 275.462493896484375 277.39373779296875 278.17498779296875 279.4375
255.0187530517578125 250.8562469482421875 247.53125 245.600006103515625 242.943756103515625 237.8249969482421875 233.993743896484375 229.6374969482421875 229.462493896484375 235.868743896484375 252.3249969482421875 262.818756103515625 267.712493896484375 274.306243896484375 278.67498779296875 279.412506103515625 278.36248779296875 277.625 272.475006103515625 269.48748779296875 265.25 259.38751220703125 255.125 252.8312530517578125 250.5500030517578125 249.024993896484375 249.712493896484375 252.53125 254.34375 257.07501220703125 257.96875 257.01873779296875 258.162506103515625 259.34375 261.66876220703125 262.568756103515625 263.731231689453125 266.96875 268.67498779296875 267.17498779296875 267.64373779296875 269.76251220703125 269.256256103515625 271.3125
254.3562469482421875 250.7624969482421875 248.0749969482421875 246.6125030517578125 244.399993896484375 241.162506103515625 236.537506103515625 236.774993896484375 239.725006103515625 246.125 255.587493896484375 264.54998779296875 268.51251220703125 273.07501220703125 276.193756103515625 276.11248779296875 274.912506103515625 273.25 266.92498779296875 261.875 256.39373779296875 253.0187530517578125 246.5124969482421875 244.2312469482421875 245.162506103515625 244.868743896484375 246.0812530517578125 248.9375 250.96875 253.412506103515625 252.743743896484375 256.631256103515625 260.26873779296875 261.54998779296875 263.88751220703125 263.899993896484375 263.54376220703125 265.306243896484375 264.75 260.66876220703125 259.51251220703125 260.95623779296875 259.0625 260.118743896484375
