data/historical-monthly-weather-data/wc2.1_cruts4.09_10m_prec_1977-08.asc
ncols        45
nrows        45
xllcorner    -63.500000000000
yllcorner    -7.500000000000
cellsize     0.166666666667
NODATA_value -9999
[rows 19 to 37 of 45, columns 0 to 42 of 45]
76.75624847412109375 75.0749969482421875 73.47499847412109375 72.6125030517578125 71.08750152587890625 70.69374847412109375 69.69374847412109375 68.33750152587890625 68.7937469482421875 68.08750152587890625 66.375 61.981250762939453125 55.293750762939453125 48.83750152587890625 44.13124847412109375 39.46250152587890625 33.950000762939453125 32.731250762939453125 33.0625 35.28125 36.162502288818359375 38.88124847412109375 44.59375 49.11875152587890625 52.075000762939453125 52.93125152587890625 52.59375 50.5625 47.075000762939453125 42.018749237060546875 40.15625 45.09375 47.706249237060546875 50.63124847412109375 53.549999237060546875 53.77500152587890625 52.575000762939453125 50.887500762939453125 47.3125 42.268749237060546875 36.19374847412109375 31.84375 28.537500381469726562
70.33750152587890625 70.59375 70.65000152587890625 70.125 68.0187530517578125 67.69374847412109375 67.65000152587890625 67.1687469482421875 68.0124969482421875 67.4375 66.4499969482421875 63.34999847412109375 56.84375 50.33750152587890625 44.762500762939453125 39.96250152587890625 35.28749847412109375 32.75 33.831249237060546875 35.21875 38.28125 42.268749237060546875 46.793750762939453125 51.46250152587890625 55.756252288818359375 55.674999237060546875 52.706249237060546875 50.418750762939453125 48.24375152587890625 46.90625 47 49.625 50.03749847412109375 50.78749847412109375 53.15000152587890625 53.043750762939453125 52.78749847412109375 51.02500152587890625 46.887500762939453125 42.21875 36.49375152587890625 32.58750152587890625 29.431249618530273438
66.5749969482421875 65.96250152587890625 66.66249847412109375 67.30625152587890625 66.52500152587890625 65.8874969482421875 66.69374847412109375 65.84375 67.21875 66.7375030517578125 67.25 66.58750152587890625 64.0187530517578125 58.06874847412109375 51.49375152587890625 44.53749847412109375 40.825000762939453125 38.44374847412109375 38.49375152587890625 39.612499237060546875 40.387500762939453125 43.481250762939453125 48 52 54.78125 55.63124847412109375 56.83750152587890625 54.137500762939453125 52.53749847412109375 51.174999237060546875 50.793750762939453125 51.424999237060546875 51.08750152587890625 51.34375 50.91249847412109375 50.90625 51.66249847412109375 51.11875152587890625 47.46875 42.5 36.99375152587890625 32.981250762939453125 29.3125
63.08750152587890625 64.58750152587890625 66.08750152587890625 66.03749847412109375 65.8625030517578125 65.59999847412109375 64.77500152587890625 63.83750152587890625 66.18125152587890625 68.2624969482421875 70.7937469482421875 72.21250152587890625 72.4875030517578125 67.44374847412109375 59.075000762939453125 51.206249237060546875 45.512500762939453125 43.012500762939453125 42.46250152587890625 42.612499237060546875 43.59375 46.418750762939453125 50.05625152587890625 51.262500762939453125 54.893749237060546875 57.424999237060546875 58.362499237060546875 57.53749847412109375 55.137500762939453125 52.625 51.91249847412109375 52.59999847412109375 51.66249847412109375 50.106250762939453125 48.487499237060546875 46.49375152587890625 47.456249237060546875 49.40000152587890625 47.22499847412109375 42.09375 37.206249237060546875 32.90625 29.299999237060546875
61.0625 63.50624847412109375 65.75624847412109375 64.52500152587890625 63.77500152587890625 63.987499237060546875 64.5124969482421875 65.02500152587890625 65.4812469482421875 68.59375 71.9812469482421875 76.72499847412109375 78.9875030517578125 73.59375 65.19374847412109375 57.262500762939453125 51.481250762939453125 48.28749847412109375 46.856250762939453125 46.856250762939453125 47.731250762939453125 49.862499237060546875 51.91249847412109375 53.96875 56.3125 57.46250152587890625 59.53125 57.40625 55.78125 54.331249237060546875 53.96250152587890625 53.90625 52.518749237060546875 49.38124847412109375 46.91249847412109375 44.012500762939453125 44.24375152587890625 46.22499847412109375 44.8125 40.387500762939453125 35.8125 32.125 28.681249618530273438
60.356250762939453125 62.59375 64.50624847412109375 64.8562469482421875 64.6125030517578125 64.4499969482421875 64.38124847412109375 65.1687469482421875 66.875 69.96875 72.5187530517578125 75.83750152587890625 77.875 74.4875030517578125 67.9250030517578125 61.549999237060546875 56.33750152587890625 52.825000762939453125 50.90625 50.56874847412109375 51.362499237060546875 52.58750152587890625 54.206249237060546875 55.81874847412109375 56.643749237060546875 58.5625 58.40000152587890625 56.84375 55.5 54.831249237060546875 54.3125 53.893749237060546875 52.231250762939453125 49.90625 46.96875 43.84999847412109375 43.46875 42.88124847412109375 41.299999237060546875 38.16249847412109375 34.237499237060546875 31.262500762939453125 28.306249618530273438
61.13124847412109375 63.0625 63.237499237060546875 64.47499847412109375 63.55625152587890625 63.59999847412109375 63.831249237060546875 65.4250030517578125 66.06874847412109375 67.94374847412109375 70.56874847412109375 73.1999969482421875 74.6875 71.9562530517578125 68.0500030517578125 62.762500762939453125 58.75 55.987499237060546875 53.575000762939453125 53.512500762939453125 54.36875152587890625 54.924999237060546875 56.63124847412109375 56.75 56.981250762939453125 57.90000152587890625 57.918750762939453125 56.543750762939453125 55.69374847412109375 55.537502288818359375 54.862499237060546875 54.543750762939453125 52.049999237060546875 49.356250762939453125 46.30625152587890625 44.13124847412109375 42.700000762939453125 40.63124847412109375 39.09375 35.81874847412109375 32.66249847412109375 30.100000381469726562 27.818750381469726562
61.33750152587890625 61.8125 62.581249237060546875 63.15000152587890625 62.71875 62.856250762939453125 63.99375152587890625 64.5 64.33750152587890625 66.8249969482421875 69.3000030517578125 69.66249847412109375 70.05625152587890625 68.3937530517578125 66.13124847412109375 62.375 59.643749237060546875 57.206249237060546875 55.86875152587890625 54.893749237060546875 54.75 55.91249847412109375 56.731250762939453125 57.58750152587890625 57.55625152587890625 56.793750762939453125 57.4375 56.47499847412109375 55.3125 54.668750762939453125 54.762500762939453125 53.731250762939453125 51.56874847412109375 48.799999237060546875 45.3125 43.16249847412109375 40.700000762939453125 38.731250762939453125 36.49375152587890625 33.50624847412109375 30.643749237060546875 28.581249237060546875 27.225000381469726562
62.5 60.268749237060546875 61.137500762939453125 61.875 62.168750762939453125 61.768749237060546875 62.71250152587890625 63.44374847412109375 63.875 65.3562469482421875 65.84375 65.61875152587890625 65.625 65.06874847412109375 62.96875 60.875 59.59375 57.856250762939453125 56.956249237060546875 56.012500762939453125 56.03749847412109375 55.59999847412109375 57.331249237060546875 57.706249237060546875 57.112499237060546875 55.706249237060546875 56.262500762939453125 55.956249237060546875 55.299999237060546875 54.81874847412109375 54.112499237060546875 52.8125 50.481250762939453125 47.081249237060546875 44.512500762939453125 41.71875 38.825000762939453125 36.63124847412109375 34.768749237060546875 32.356250762939453125 29.612499237060546875 28.075000762939453125 26.8125
61.66249847412109375 60.543750762939453125 60.356250762939453125 61.00624847412109375 60.11875152587890625 60.043750762939453125 60.200000762939453125 60.24375152587890625 62.00624847412109375 62.28125 62.512500762939453125 61.875 61.512500762939453125 61.40625 60.387500762939453125 59.206249237060546875 59.106250762939453125 58.28125 57.606250762939453125 57.18125152587890625 56.96250152587890625 56.53125 57.50624847412109375 56.981250762939453125 56.643749237060546875 54.84375 55.55625152587890625 55.112499237060546875 54.34375 53.762500762939453125 52.83750152587890625 51.862499237060546875 48.58750152587890625 44.84375 42.356250762939453125 40.50624847412109375 38.112499237060546875 35.97499847412109375 34.168750762939453125 31.543750762939453125 28.431249618530273438 27.131250381469726562 26.387500762939453125
61.0625 60.34999847412109375 59.84999847412109375 58.90000152587890625 58.450000762939453125 58.36875152587890625 57.96250152587890625 58.700000762939453125 59.168750762939453125 58.81874847412109375 59.206249237060546875 59.06874847412109375 58.674999237060546875 58.25624847412109375 57.74375152587890625 57.03125 56.49375152587890625 56.987499237060546875 57.668750762939453125 56.299999237060546875 55.84999847412109375 56.33750152587890625 57.3125 56.5 55.549999237060546875 55.125 54.674999237060546875 54.200000762939453125 52.56874847412109375 51.58750152587890625 50.81874847412109375 50.00624847412109375 46.78749847412109375 43.56874847412109375 41.137500762939453125 38.875 37.71250152587890625 36 33.91249847412109375 32.262500762939453125 30.056249618530273438 28.506250381469726562 26.868749618530273438
60.28125 59.012500762939453125 57.40625 57.22499847412109375 58.18125152587890625 57.31874847412109375 56.90000152587890625 56.268749237060546875 55.987499237060546875 55.5 55.200000762939453125 56.25624847412109375 56.93125152587890625 56.58750152587890625 55.21250152587890625 54.65000152587890625 55.262500762939453125 55.90000152587890625 56.96250152587890625 56.375 55.706249237060546875 54.69374847412109375 55.206249237060546875 54.674999237060546875 53.831249237060546875 53.94374847412109375 52.83750152587890625 52.78749847412109375 51.924999237060546875 50.893749237060546875 50.081249237060546875 48.5625 45.08750152587890625 42.15000152587890625 40.41249847412109375 38.11875152587890625 36.893749237060546875 35.481250762939453125 34.44374847412109375 33.65625 31.587499618530273438 29.018749237060546875 26.950000762939453125
59.15000152587890625 58.08750152587890625 56.393749237060546875 55.86875152587890625 56.924999237060546875 55.84375 54.77500152587890625 53.231250762939453125 52.956249237060546875 52.65000152587890625 52.30625152587890625 52.950000762939453125 53.0625 53.50624847412109375 52.956249237060546875 53.84999847412109375 53.97499847412109375 54.24375152587890625 54.456249237060546875 54.450000762939453125 54.237499237060546875 54.543750762939453125 53.96875 52.38124847412109375 52.08750152587890625 52.08750152587890625 51.299999237060546875 51.393749237060546875 50.4375 48.99375152587890625 48.375 46.5 43.40000152587890625 40.956249237060546875 38.19374847412109375 35.99375152587890625 34.96875 33.99375152587890625 33.450000762939453125 32.9375 31.143749237060546875 28.65625 27.168750762939453125
57.331249237060546875 55.950000762939453125 54.65625 54.40625 54.018749237060546875 52.56874847412109375 51.924999237060546875 50.793750762939453125 49.887500762939453125 49.90625 50.63124847412109375 50.36875152587890625 50.262500762939453125 51.331249237060546875 50.99375152587890625 51.94374847412109375 52.081249237060546875 52.625 52.53749847412109375 52.393749237060546875 52.05625152587890625 51.918750762939453125 51.59375 51.481250762939453125 51.143749237060546875 50.3125 49.75624847412109375 48.46250152587890625 47.956249237060546875 46.53749847412109375 46.08750152587890625 44.356250762939453125 41.418750762939453125 38.75 36.268749237060546875 34.206249237060546875 33.143749237060546875 31.962499618530273438 31.543750762939453125 31.174999237060546875 29.518749237060546875 27.825000762939453125 26.481250762939453125
55.418750762939453125 54.90000152587890625 53.41249847412109375 53.46250152587890625 51.08750152587890625 50.06874847412109375 49.71875 48.59375 47.481250762939453125 46.924999237060546875 46.956249237060546875 47.450000762939453125 48.28749847412109375 47.731250762939453125 48.325000762939453125 48.56874847412109375 49.49375152587890625 49.487499237060546875 49.174999237060546875 49.46250152587890625 49.456249237060546875 49.36875152587890625 49.46250152587890625 48.893749237060546875 49.075000762939453125 48.71875 47.9375 46.38124847412109375 46.40625 45.450000762939453125 44.63124847412109375 42.825000762939453125 39.393749237060546875 36.28749847412109375 34.168750762939453125 32.262500762939453125 31.106250762939453125 29.756250381469726562 29.424999237060546875 28.6875 28.03125 26.96875 25.706249237060546875
54.22499847412109375 53.424999237060546875 52.19374847412109375 50.80625152587890625 49.24375152587890625 48.11875152587890625 47.33750152587890625 46.28125 44.34999847412109375 44.09375 43.981250762939453125 45.09375 45.262500762939453125 45.84375 46.293750762939453125 46.950000762939453125 47.581249237060546875 47.362499237060546875 46.981250762939453125 47.19374847412109375 47.38124847412109375 47.0625 46.63124847412109375 46.68125152587890625 46.549999237060546875 46.668750762939453125 45.84999847412109375 44.59375 44.737499237060546875 44.112499237060546875 42.5625 40.46875 37.268749237060546875 33.987499237060546875 31.6875 29.899999618530273438 28.262500762939453125 27.356250762939453125 27.256250381469726562 26.6875 25.856250762939453125 25.075000762939453125 24.399999618530273438
53.387500762939453125 52.65000152587890625 50.762500762939453125 48.956249237060546875 47.50624847412109375 45.700000762939453125 44.44374847412109375 42.862499237060546875 41.512500762939453125 41.46875 42.15625 42.706249237060546875 43.65625 44.15625 44.74375152587890625 45.700000762939453125 45.75624847412109375 46.043750762939453125 45.09999847412109375 45 45.424999237060546875 46.11875152587890625 45.55625152587890625 45.71250152587890625 45.262500762939453125 44.856250762939453125 43.86875152587890625 43.862499237060546875 43.03125 41.99375152587890625 40.612499237060546875 38.84375 34.75 32.049999237060546875 29.487499237060546875 27.306249618530273438 26.393749237060546875 25.5625 25.075000762939453125 24.931249618530273438 24.293750762939453125 24.118749618530273438 23.112499237060546875
51.125 50.19374847412109375 48.13124847412109375 46.61875152587890625 45.168750762939453125 43.69374847412109375 42.450000762939453125 41.34999847412109375 39.65625 38.78125 40.731250762939453125 42.66249847412109375 43.706249237060546875 43.606250762939453125 44.41249847412109375 44.40625 44.293750762939453125 44.13124847412109375 43.612499237060546875 43 43.5 44.25 44.081249237060546875 44.5 44.481250762939453125 43.393749237060546875 42.893749237060546875 42.5 40.856250762939453125 39.956249237060546875 39.11875152587890625 37.137500762939453125 33.46250152587890625 30.112499237060546875 27.543750762939453125 25.743749618530273438 24.862499237060546875 24.293750762939453125 23.712499618530273438 23.587499618530273438 22.893749237060546875 22.787500381469726562 21.887500762939453125
49.512500762939453125 48.78125 46.25624847412109375 45.268749237060546875 43.96250152587890625 42.25624847412109375 40.981250762939453125 39.69374847412109375 38.875 37.918750762939453125 42.018749237060546875 44.08750152587890625 43.575000762939453125 43.856250762939453125 44.63124847412109375 44.174999237060546875 43.268749237060546875 42.450000762939453125 42.68125152587890625 41.987499237060546875 42.34375 42.5 42.55625152587890625 43.018749237060546875 43.19374847412109375 42.887500762939453125 42.46875 42.049999237060546875 40.862499237060546875 39.575000762939453125 38.03749847412109375 36.75 33.375 29.006250381469726562 26.03125 24.112499237060546875 23.850000381469726562 23.53125 23.181249618530273438 23.049999237060546875 21.600000381469726562 21.075000762939453125 20.5
