data/historical-monthly-weather-data/wc2.1_cruts4.09_10m_prec_1973-08.asc
ncols        51
nrows        45
xllcorner    -63.500000000000
yllcorner    -7.500000000000
cellsize     0.166666666667
NODATA_value -9999
[rows 19 to 37 of 45, columns 0 to 42 of 51]
131.556243896484375 135.100006103515625 138.1062469482421875 142.381256103515625 144.9375 147.1999969482421875 147.7624969482421875 146.931243896484375 147.243743896484375 144.556243896484375 140.524993896484375 134.5187530517578125 123.5812530517578125 112.28125 103.77500152587890625 94.8249969482421875 83.3125 81.7312469482421875 83.9250030517578125 90.9875030517578125 94.34375 102.6437530517578125 118.56874847412109375 128.743743896484375 133.975006103515625 133.34375 128.3937530517578125 119.28125 107.2062530517578125 92.16249847412109375 84.6875 92 98.36875152587890625 106.3874969482421875 114.7375030517578125 117.3874969482421875 117.06874847412109375 115.71875 109.8125 100.2375030517578125 87.9499969482421875 79.8249969482421875 73.9562530517578125
122.4187469482421875 129.412506103515625 135.6750030517578125 140.818756103515625 142.34375 144.7375030517578125 147.125 148.1374969482421875 149.274993896484375 146.8874969482421875 144.225006103515625 140.2937469482421875 128.9187469482421875 116.875 106.46875 97.30625152587890625 87.86875152587890625 83.09375 87.33750152587890625 92.3937530517578125 101.53125 113.21250152587890625 126.08750152587890625 136.350006103515625 144.5500030517578125 140.943756103515625 128.8625030517578125 118.6062469482421875 108.9499969482421875 101.3937530517578125 97.03125 98.49375152587890625 100.11875152587890625 103.375 110.19374847412109375 111.9562530517578125 113.5749969482421875 112.15625 105.4499969482421875 97.3000030517578125 86.40625 79.53749847412109375 74.15000152587890625
117.6437530517578125 123.08750152587890625 130.6500091552734375 138.368743896484375 142.8249969482421875 144.40625 148.600006103515625 148.6875 151.15625 149.0625 149.6437530517578125 150.4499969482421875 147.3125 136.1062469482421875 123.75 109.7937469482421875 103.18125152587890625 99.03749847412109375 100.96250152587890625 105.6687469482421875 108.7624969482421875 118.1374969482421875 131.0124969482421875 139.274993896484375 143.2312469482421875 141.5812530517578125 139.068756103515625 126.9812469482421875 117.7062530517578125 109.0124969482421875 102.6374969482421875 99.21875 99.0812530517578125 101.125 101.93125152587890625 103.78125 107.3937530517578125 108.5 103.3249969482421875 95.0124969482421875 85.1687469482421875 78.30625152587890625 71.8312530517578125
113.56874847412109375 123.1875 132.5812530517578125 139.118743896484375 145.0187530517578125 147.3249969482421875 147.743743896484375 147.4562530517578125 152.256256103515625 156.056243896484375 161.243743896484375 166.21875 168.9250030517578125 159.4187469482421875 143.287506103515625 127.6374969482421875 116.4562530517578125 112.34375 112.9875030517578125 115.3937530517578125 119.08750152587890625 127.7687530517578125 138.1750030517578125 138.5625 144.5187530517578125 146.7624969482421875 142.875 134.4375 122.41249847412109375 110.4250030517578125 102.6062469482421875 98.63124847412109375 97.15625 95.49375152587890625 93.74375152587890625 91.5187530517578125 95.24375152587890625 101.3562469482421875 99.5500030517578125 91.375 83.3625030517578125 76.03749847412109375 69.8874969482421875
114.6437530517578125 127.0437469482421875 137.506256103515625 140.6374969482421875 144.4124908447265625 147.243743896484375 150.2312469482421875 152.9187469482421875 153.274993896484375 159.443756103515625 166.4875030517578125 178.5812530517578125 185.3062591552734375 174.431243896484375 158.537506103515625 143.162506103515625 132.118743896484375 126.56874847412109375 125.3249969482421875 127.58750152587890625 131.0062408447265625 137.7687530517578125 143.8000030517578125 146.193756103515625 148.318756103515625 146.7062530517578125 145.118743896484375 133.0062408447265625 122.28125 112.0812530517578125 104.4375 98.5625 95.93125152587890625 91.0437469482421875 87.4875030517578125 83.65625 85.9875030517578125 92.09999847412109375 91.93125152587890625 85.55625152587890625 78.46875 72.625 66.9812469482421875
118.38124847412109375 131.5500030517578125 140.8562469482421875 146.412506103515625 150.3625030517578125 151.8000030517578125 152.96875 155.8625030517578125 159.024993896484375 165.1437530517578125 170.15625 178.3000030517578125 183.7687530517578125 176.962493896484375 165.412506103515625 154.125 144.850006103515625 138.8000030517578125 136.600006103515625 138.212493896484375 141.443756103515625 145.6750030517578125 150.4187469482421875 151.274993896484375 149.181243896484375 149.243743896484375 141.6374969482421875 130.475006103515625 120.02500152587890625 111.21875 102.97499847412109375 96.15625 92.71875 89.03125 84.44374847412109375 80.49375152587890625 81.84375 83 82.53125 78.86875152587890625 73.41249847412109375 69.25 64.8249969482421875
124.78125 138.4375 143.399993896484375 150.225006103515625 151.662506103515625 153.0437469482421875 154.3937530517578125 158.875 159.5124969482421875 162.806243896484375 168.037506103515625 174.2062530517578125 177.850006103515625 171.9812469482421875 166.600006103515625 157.837493896484375 151.59375 147.618743896484375 144.15625 146.649993896484375 149.993743896484375 152.21875 157.0500030517578125 153.5812530517578125 149.625 146.899993896484375 139.5 128.337493896484375 118.66249847412109375 110.59375 101.8249969482421875 94.86875152587890625 89.8125 85.3000030517578125 80.40625 78.3125 77.7937469482421875 76.26874542236328125 75.9562530517578125 72.1374969482421875 68.3312530517578125 65.1687469482421875 62.387500762939453125
128.931243896484375 138.8249969482421875 144.8125 149.618743896484375 151.7687530517578125 153 156.2624969482421875 157.9187469482421875 157.125 162.681243896484375 168.3562469482421875 169.881256103515625 171.600006103515625 168.625 166.28125 160.2312469482421875 156.3625030517578125 152.131256103515625 150.556243896484375 149.681243896484375 149.725006103515625 153.087493896484375 155.0437469482421875 153.412506103515625 148.71875 141.693756103515625 135.6062469482421875 125.27500152587890625 114.8125 106 98.99375152587890625 91.0437469482421875 86.7312469482421875 82.3000030517578125 76.78125 74.41249847412109375 71.69374847412109375 69.90000152587890625 68.09375 64.86875152587890625 61.71875 59.90000152587890625 59.487499237060546875
134.899993896484375 138.09375 143.8874969482421875 148.725006103515625 152.256256103515625 151.8562469482421875 154.3874969482421875 156.462493896484375 157.756256103515625 161.693756103515625 163.3562469482421875 164.1999969482421875 165.774993896484375 166.1125030517578125 163.162506103515625 160.1999969482421875 159.024993896484375 155.3625030517578125 153.6999969482421875 151.756256103515625 151.681243896484375 150.21875 154.0437469482421875 151.024993896484375 144.8874969482421875 136.350006103515625 129.9812469482421875 121.1062469482421875 111.6437530517578125 103.3874969482421875 95.1875 87.1374969482421875 82.80625152587890625 77.56874847412109375 73.75624847412109375 69.94374847412109375 66.0124969482421875 63.393749237060546875 62.137500762939453125 60.03749847412109375 57.200000762939453125 56.831249237060546875 56.981250762939453125
136.318756103515625 141.1125030517578125 144.09375 148.375 148.6750030517578125 148.818756103515625 149.3249969482421875 149.5749969482421875 154.837493896484375 156.5437469482421875 158.274993896484375 158.7624969482421875 160.0749969482421875 161.931243896484375 161.0500030517578125 159.493743896484375 160.5812530517578125 158.306243896484375 156.193756103515625 154.6875 153.287506103515625 151.2375030517578125 152.5124969482421875 146.90625 141.2624969482421875 131.6750030517578125 125.46875 116.1875 106.53125 98.59375 90.4875030517578125 83.40000152587890625 77.74375152587890625 72.1062469482421875 68.5124969482421875 65.90000152587890625 62.41249847412109375 59.512500762939453125 58.293750762939453125 55.77500152587890625 52.362499237060546875 52.668750762939453125 54.11875152587890625
135.631256103515625 140.6374969482421875 142.625 142.8874969482421875 144.0812530517578125 144.8000030517578125 144.4375 147.03125 149.618743896484375 150.243743896484375 152.818756103515625 154.693756103515625 155.993743896484375 157.1125030517578125 157.399993896484375 157.0437469482421875 156.9375 158.306243896484375 160.03125 155.818756103515625 153.149993896484375 152.8562469482421875 153.2312469482421875 145.4499969482421875 136.818756103515625 129.3000030517578125 119.84375 110.18125152587890625 98.8625030517578125 91.25 84.625 78.75624847412109375 73.1374969482421875 68.2062530517578125 64.4375 60.74375152587890625 58.731250762939453125 56.08750152587890625 54.168750762939453125 53.09375 51.174999237060546875 51.09999847412109375 50.893749237060546875
134.1374969482421875 137.068756103515625 136.21875 138.212493896484375 142.725006103515625 142.1062469482421875 142.40625 142.2687530517578125 143.34375 144.0500030517578125 145.2375030517578125 150.2312469482421875 154.4499969482421875 155.725006103515625 153.7062530517578125 153.84375 157.006256103515625 159.118743896484375 162.212493896484375 160.3312530517578125 156.2624969482421875 150.9812469482421875 149.3312530517578125 140.8562469482421875 131.1125030517578125 123.6437530517578125 112.3312530517578125 103.34999847412109375 93.5625 86.83750152587890625 81.13124847412109375 74.9499969482421875 68.8937530517578125 64.1687469482421875 61.25624847412109375 57.112499237060546875 54.49375152587890625 51.78749847412109375 51.13124847412109375 51.106250762939453125 49.325000762939453125 47.543750762939453125 46.58750152587890625
131.2937469482421875 134.0124969482421875 132.806243896484375 133.962493896484375 138.7624969482421875 138.2687530517578125 137.6312408447265625 135.75 137.3125 138.787506103515625 140.09375 144.1062469482421875 146.743743896484375 150.193756103515625 150.4812469482421875 154.818756103515625 156.7312469482421875 158.0749969482421875 159.0625 158.9375 155.524993896484375 153.3249969482421875 147.9250030517578125 135.493743896484375 126.03749847412109375 117.40000152587890625 106.44374847412109375 97.5625 87.5749969482421875 80.93125152587890625 76.3562469482421875 70.27500152587890625 64.6999969482421875 60.52500152587890625 55.81874847412109375 51.52500152587890625 48.793750762939453125 46.331249237060546875 45.987499237060546875 45.987499237060546875 44.331249237060546875 42.700000762939453125 42.543750762939453125
123.693756103515625 125.350006103515625 125.625 128.056243896484375 130.118743896484375 129.431243896484375 130.681243896484375 130.587493896484375 130.568756103515625 132.9375 137.2312469482421875 139.149993896484375 141.5 147.0749969482421875 147.8125 152.2624969482421875 154.1437530517578125 156.462493896484375 156.8000030517578125 156.3874969482421875 152.7687530517578125 149.381256103515625 144.8249969482421875 136.243743896484375 126.55625152587890625 115.84375 104.72499847412109375 92.4562530517578125 82.93125152587890625 75.9499969482421875 71.30625152587890625 65.16249847412109375 59.706249237060546875 55 50.49375152587890625 46.25 43.262500762939453125 40.325000762939453125 39.84375 39.668750762939453125 38.03125 37.13124847412109375 36.75624847412109375
115.71875 118.9375 119.47499847412109375 123.2937469482421875 121.41249847412109375 122.5812530517578125 125.31874847412109375 125.91249847412109375 125.4187469482421875 126.18125152587890625 128.6437530517578125 132.931243896484375 138.2937469482421875 139.4875030517578125 142.881256103515625 145.1125030517578125 149.21875 150.024993896484375 149.725006103515625 150.8125 148.5124969482421875 145.5187530517578125 142.381256103515625 132.787506103515625 124.7062530517578125 115.09375 102.9562530517578125 89.49375152587890625 80.34375 73.56874847412109375 67.8125 61.15625 54.799999237060546875 49.331249237060546875 45.206249237060546875 41.100002288818359375 37.86875152587890625 34.58750152587890625 33.981250762939453125 33.15625 32.52500152587890625 32.02500152587890625 31.350000381469726562
109.46250152587890625 111.97499847412109375 113.6875 114.9187469482421875 115.59375 117.1062469482421875 119.40625 120.7312469482421875 118.1750030517578125 119.74375152587890625 121.75624847412109375 128.0187530517578125 131.7125091552734375 136.4375 139.4375 142.881256103515625 146.1875 146.412506103515625 145.993743896484375 147.0124969482421875 145.4562530517578125 141.9875030517578125 137.4812469482421875 129.8562469482421875 121.27500152587890625 113.0625 100.375 87.0500030517578125 77.6875 70.90625 63.518749237060546875 56.15000152587890625 49.981250762939453125 44.25624847412109375 39.799999237060546875 35.84375 32.049999237060546875 29.274999618530273438 28.737499237060546875 27.981250762939453125 27.006250381469726562 26.46875 26.106250762939453125
103.8125 106.84375 107.93125152587890625 109.09999847412109375 110.7312469482421875 110.8874969482421875 112.09375 112.1125030517578125 111.22499847412109375 113.53749847412109375 118.00624847412109375 122.53125 128.350006103515625 132.7937469482421875 136.693756103515625 141.7062530517578125 143.75 145.631256103515625 143.4250030517578125 143.46875 142.5 141.881256103515625 136.7375030517578125 129.5187530517578125 120.09375 110.78749847412109375 97.78125 87.0812530517578125 75.7624969482421875 67.53749847412109375 59.700000762939453125 52.22499847412109375 44.856250762939453125 39.84375 35.112499237060546875 30.943750381469726562 28.131250381469726562 25.625 24.712499618530273438 24.362499237060546875 23.5625 23.450000762939453125 22.587499618530273438
95.68125152587890625 98.625 100.00624847412109375 102.40000152587890625 104.65000152587890625 105.71875 107.03125 108.33750152587890625 106.75 107.0749969482421875 115.25 123.6437530517578125 129.65625 132.350006103515625 137.53125 140.243743896484375 142.3625030517578125 142.8125 141.96875 140.212493896484375 139.2937469482421875 138.693756103515625 134.556243896484375 128.15625 120.08750152587890625 109.08750152587890625 97.2937469482421875 85.81874847412109375 73.0500030517578125 64.3562469482421875 56.65000152587890625 48.362499237060546875 41.50624847412109375 35.78125 31.125 27.5625 24.993749618530273438 22.899999618530273438 21.950000762939453125 21.618749618530273438 20.787500381469726562 20.581249237060546875 19.706249237060546875
89.65000152587890625 93.0187530517578125 93.9875030517578125 98.0187530517578125 101.16249847412109375 101.84375 103.1437530517578125 104.11875152587890625 105.09999847412109375 105.4562530517578125 120.0625 129.0187530517578125 130.4875030517578125 134.4187469482421875 140.125 142.056243896484375 142.0749969482421875 140.4375 141.9250030517578125 139.8000030517578125 138.131256103515625 135.375 131.693756103515625 125.58750152587890625 118.25624847412109375 109.34999847412109375 97.7312469482421875 86.19374847412109375 73.99375152587890625 63.90625 54.393749237060546875 46.56874847412109375 40.018749237060546875 33.09375 28.043750762939453125 24.549999237060546875 22.793750762939453125 21.037500381469726562 20.331249237060546875 19.993749618530273438 18.537500381469726562 17.850000381469726562 17.162500381469726562
