data/historical-monthly-weather-data/wc2.1_cruts4.09_10m_prec_1988-01.asc
ncols        51
nrows        45
xllcorner    -63.500000000000
yllcorner    -7.500000000000
cellsize     0.166666666667
NODATA_value -9999
[rows 20 to 39 of 45, columns 0 to 44 of 51]
312.45001220703125 309.774993896484375 308.82501220703125 309.89373779296875 311.524993896484375 317.54998779296875 324.712493896484375 329.149993896484375 332.274993896484375 332.82501220703125 332.537506103515625 334.64373779296875 340.162506103515625 346.337493896484375 334.15625 311.79376220703125 295.181243896484375 284.48748779296875 280.524993896484375 276.512481689453125 276.28125 274.70001220703125 272.600006103515625 275.66876220703125 280.20623779296875 285.39373779296875 291.04998779296875 297.537506103515625 303.36248779296875 307.78125 305.337493896484375 297.975006103515625 285.07501220703125 271.45623779296875 259.66876220703125 274.63751220703125 298.75 314.98126220703125 317.79998779296875 309.537506103515625 294.33123779296875 278.506256103515625 266.75 257.368743896484375 250.100006103515625
308.01251220703125 304.07501220703125 303.16876220703125 305.73126220703125 310.11248779296875 317.225006103515625 324.67498779296875 331.818756103515625 335.29998779296875 331.39373779296875 325.193756103515625 318.09375 314.86248779296875 315.35626220703125 310.65625 299.712493896484375 291.318756103515625 284.07501220703125 279.274993896484375 275.83123779296875 272.64373779296875 271.09375 271.01251220703125 274.90625 280.26873779296875 286.806243896484375 295.48748779296875 300.193756103515625 302.92498779296875 303.018768310546875 296.725006103515625 288.84375 281.506256103515625 277.38751220703125 276.443756103515625 290.41876220703125 315.28125 335.125 337.45001220703125 325.350006103515625 306.743743896484375 288.6875 274.75 263.40625 254.46875
303.868743896484375 300.28125 297.42498779296875 299.86248779296875 306.20001220703125 316.118743896484375 324.618743896484375 333.11248779296875 339.29998779296875 330.29998779296875 315.16876220703125 298.38751220703125 287.087493896484375 286.131256103515625 289.23748779296875 288.51873779296875 284.66876220703125 280.1875 276.03125 272.3125 269.712493896484375 267.412506103515625 266.212493896484375 270.0625 277.59375 286.96875 297.03125 301.274993896484375 301.83123779296875 297.618743896484375 289.88751220703125 283.443756103515625 284.993743896484375 288.20001220703125 295.26873779296875 308.79376220703125 333.91876220703125 362.381256103515625 361.600006103515625 339.54998779296875 316.712493896484375 297.587493896484375 280.0625 267.125 257.462493896484375
299.90625 294.9375 290.70001220703125 294 302.537506103515625 312.57501220703125 322.462493896484375 331.04376220703125 334.756256103515625 322.73126220703125 304.350006103515625 285.493743896484375 265.46875 267.45623779296875 276.36248779296875 279.67498779296875 278.76873779296875 275.756256103515625 272.399993896484375 269.243743896484375 265.350006103515625 262.274993896484375 260.625 264.07501220703125 272.83123779296875 282.556243896484375 294.26873779296875 298.07501220703125 298.537506103515625 296.662506103515625 292.149993896484375 289.63751220703125 294.16876220703125 301.0625 310.85626220703125 324.568756103515625 345.95001220703125 370.28125 368.07501220703125 345.89373779296875 322.14373779296875 301.375 283.34375 269.587493896484375 260.475006103515625
297.53125 292.20001220703125 286.16876220703125 292.443756103515625 304.399993896484375 313.03125 320.42498779296875 326.212493896484375 325.3125 315.600006103515625 300.26251220703125 284.09375 270.48126220703125 268.5625 272.506256103515625 275.8125 276.199981689453125 274.649993896484375 270.82501220703125 265.649993896484375 261 256.08123779296875 253.3000030517578125 256.09375 264.33123779296875 275.693756103515625 286.17498779296875 294.15625 297.600006103515625 299.79998779296875 299.818756103515625 301.868743896484375 306.51251220703125 314.40625 324.33123779296875 334.368743896484375 349.787506103515625 360.48748779296875 357.04998779296875 342.037506103515625 321.29998779296875 301.600006103515625 284.193756103515625 271.868743896484375 260.41876220703125
301.95623779296875 300.693756103515625 296.462493896484375 301.725006103515625 308.887481689453125 315.587493896484375 320.08123779296875 321.399993896484375 318.21875 309.83123779296875 299.037506103515625 288.462493896484375 278.79998779296875 274.63751220703125 274.54376220703125 275.90625 276.524993896484375 274.868743896484375 270.743743896484375 264.36248779296875 259.118743896484375 251.225006103515625 246.337493896484375 246.743743896484375 255.774993896484375 268.86248779296875 282.29998779296875 291.943756103515625 299.131256103515625 302.225006103515625 307.975006103515625 313.78125 320.41876220703125 326.524993896484375 335.25 341.71875 350.181243896484375 353.86248779296875 348.45623779296875 335.45001220703125 318.125 299.28125 281.4375 270.100006103515625 261.86248779296875
308.774993896484375 309.662506103515625 309.65625 312.975006103515625 316.524993896484375 320.23126220703125 322.5 320.23126220703125 315.681243896484375 309.90625 302.068756103515625 294.38751220703125 287.09375 282.64373779296875 280.58123779296875 280.662506103515625 280.35626220703125 278.07501220703125 274.399993896484375 266.51251220703125 258.54998779296875 250.850006103515625 242.2062530517578125 241.131256103515625 252.6374969482421875 265.61248779296875 279.14373779296875 290.431243896484375 299.95623779296875 305.89373779296875 314.4375 322.100006103515625 331.112518310546875 337.29998779296875 343.193756103515625 348.36248779296875 353.287506103515625 352.649993896484375 344.21875 332.54376220703125 316.04376220703125 296.39373779296875 279.20623779296875 268.58123779296875 268.225006103515625
318.14373779296875 319.600006103515625 322.181243896484375 325.04376220703125 327.274993896484375 327.100006103515625 325.85626220703125 321.66876220703125 317.04998779296875 311.1875 304.9375 299.41876220703125 293.10626220703125 288.681243896484375 286.212493896484375 285.606231689453125 284.42498779296875 283.92498779296875 278.20623779296875 271.16876220703125 264.20001220703125 254.537506103515625 249.3125 249.181243896484375 257.08123779296875 267.449981689453125 279.91876220703125 290.743743896484375 301.1875 310.15625 318.375 326.67498779296875 335.95623779296875 342.16876220703125 348.58123779296875 352.693756103515625 354.58123779296875 353.556243896484375 345.58123779296875 332.71875 317.79998779296875 298.73126220703125 279.76251220703125 270.412506103515625 281.931243896484375
325.42498779296875 329.024993896484375 332.556243896484375 336.6875 338.412506103515625 334.90625 328.91876220703125 324.15625 318.45001220703125 313.21875 308.368743896484375 303.33123779296875 298.225006103515625 295.712493896484375 293.587493896484375 293.381256103515625 294.20623779296875 291.73126220703125 286.54998779296875 279.368743896484375 271.41876220703125 262.14373779296875 257.17498779296875 258.15625 263.70001220703125 271.41876220703125 282.79376220703125 293.274993896484375 304.556243896484375 313.837493896484375 321.243743896484375 329.087493896484375 338.38751220703125 346.631256103515625 354.1875 357.01873779296875 359.35626220703125 357.943756103515625 350.556243896484375 337.787506103515625 320.88751220703125 302.98126220703125 288.399993896484375 285.88751220703125 299.149993896484375
330.78125 335.29998779296875 341.09375 346.86248779296875 347.86248779296875 340.681243896484375 332.024993896484375 326.318756103515625 320.25 314.381256103515625 310.89373779296875 308.16876220703125 304.88751220703125 303.23748779296875 302.71875 302.225006103515625 301.91876220703125 300.399993896484375 296.818756103515625 288.45001220703125 279.60626220703125 271.899993896484375 265.962493896484375 266.1875 270.806243896484375 277.399993896484375 287.11248779296875 296.57501220703125 307.17498779296875 315.79376220703125 324.318756103515625 332.412506103515625 340.975006103515625 350.875 358.662506103515625 362.412506103515625 364.681243896484375 366.01251220703125 359.04998779296875 348.76873779296875 336.5 322.86248779296875 312.64373779296875 311.41876220703125 316.01251220703125
332.8125 338.337493896484375 342.79998779296875 348.912506103515625 351.73126220703125 341.17498779296875 332.84375 326.08123779296875 320.20623779296875 315.693756103515625 313.625 312.36248779296875 310.868743896484375 309.350006103515625 310.03125 309.818756103515625 310.337493896484375 309.73126220703125 306.4375 298.337493896484375 288.41876220703125 279.568756103515625 274.287506103515625 273.85626220703125 276.787506103515625 283.412506103515625 292.20623779296875 300.63751220703125 311.09375 318.96875 327.66876220703125 336.256256103515625 344.681243896484375 354.79998779296875 363.21875 367.931243896484375 370.83123779296875 374.64373779296875 370.85626220703125 363.01251220703125 355.068756103515625 345 337.60626220703125 333.193756103515625 335.600006103515625
331.11248779296875 336.3125 339.681243896484375 343.381256103515625 343.868743896484375 336.07501220703125 330.59375 323.568756103515625 318.693756103515625 315.181243896484375 314.01873779296875 314.162506103515625 314.5 315.475006103515625 317.068756103515625 317.068756103515625 315.98748779296875 314.73126220703125 310.21875 303.681243896484375 293.66876220703125 284.95001220703125 280.0625 279.306243896484375 283.024993896484375 288.40625 295.756256103515625 304.15625 312.725006103515625 322.024993896484375 330.83123779296875 339.556243896484375 348.76873779296875 359.212493896484375 368.46875 373.318756103515625 379.381256103515625 382.318756103515625 379.10626220703125 374.975006103515625 373.756256103515625 367.35626220703125 362.306243896484375 361.76873779296875 364.26251220703125
324.837493896484375 329.375 332.48748779296875 334.73126220703125 333.23748779296875 327.056243896484375 321.04376220703125 315.51873779296875 310.57501220703125 310.45623779296875 313.29376220703125 315.693756103515625 320.087493896484375 324.475006103515625 324.912506103515625 323.818756103515625 321.287506103515625 317.756256103515625 312.48748779296875 306.6875 297.76251220703125 289.70001220703125 284.399993896484375 285.35626220703125 288.29998779296875 293.431243896484375 300.006256103515625 306.162506103515625 314.256256103515625 325.34375 334.25 342.10626220703125 352.4375 364.0625 373.08123779296875 379.693756103515625 385.693756103515625 389.6875 386.79998779296875 389.243743896484375 390.28125 387.67498779296875 387.01251220703125 390.83123779296875 400.96875
317 321.03125 323.11248779296875 324.51251220703125 321.65625 316.61248779296875 311.60626220703125 306.28125 302.83123779296875 302.79998779296875 307.975006103515625 316.774993896484375 325.79376220703125 331.51873779296875 331.75 329.125 326.67498779296875 322.60626220703125 315.60626220703125 308.61248779296875 300.79376220703125 293.73748779296875 288.90625 289.506256103515625 292.256256103515625 296.256256103515625 301.818756103515625 308.587493896484375 317.225006103515625 327.20623779296875 337.63751220703125 346.5625 356.82501220703125 369.375 379.256256103515625 386.125 391.587493896484375 394.63751220703125 396.274993896484375 400.412506103515625 402.8125 404.212493896484375 407.90625 415.162506103515625 427.67498779296875
310.88751220703125 313.29998779296875 314.556243896484375 313.993743896484375 311.64373779296875 307.40625 301.61248779296875 296.375 291.399993896484375 293.181243896484375 302.73748779296875 316.21875 331.774993896484375 341.20623779296875 340.256256103515625 335.41876220703125 331.068756103515625 325.13751220703125 317.774993896484375 308.98748779296875 302.681243896484375 296.51251220703125 292.193756103515625 292.35626220703125 295.0625 297.42498779296875 303.600006103515625 310.818756103515625 319.068756103515625 328.725006103515625 339.70623779296875 350.67498779296875 361.975006103515625 373.556243896484375 383.431243896484375 390.10626220703125 394.443756103515625 401.17498779296875 404.5625 407.90625 412.04376220703125 414.46875 420.48126220703125 428.506256103515625 438.20001220703125
306.09375 306.912506103515625 306.89373779296875 305.3125 302.493743896484375 296.787506103515625 291.3125 284.46875 278.14373779296875 278.649993896484375 290.95001220703125 310.89373779296875 331.587493896484375 344.04998779296875 344.125 339.71875 333.89373779296875 327.193756103515625 319.1875 310.100006103515625 303.45001220703125 298.556243896484375 294.03125 293.556243896484375 295.75 298.95001220703125 304.568756103515625 311.631256103515625 320.01251220703125 329.875 341.943756103515625 353.08123779296875 365.64373779296875 377.70623779296875 387.318756103515625 391.912506103515625 399.03125 403.78125 404.625 407.868743896484375 412.25 416.006256103515625 421.181243896484375 429.14373779296875 435.57501220703125
301.36248779296875 301.212493896484375 299.412506103515625 297.118743896484375 293.8125 288.625 283.98126220703125 276.3125 267.04376220703125 261.649993896484375 279.399993896484375 310.899993896484375 333.425018310546875 343.931243896484375 345.53125 342.23748779296875 336.5 329.100006103515625 320.412506103515625 310.57501220703125 304.63751220703125 298.631256103515625 294.71875 294.16876220703125 296.462493896484375 300.17498779296875 305.743743896484375 313.16876220703125 321.26873779296875 331.83123779296875 344.024993896484375 355.70623779296875 369.212493896484375 381.931243896484375 391.412506103515625 395.92498779296875 400.506256103515625 402.96875 403.943756103515625 405.181243896484375 406.76251220703125 410.506256103515625 417.399993896484375 424.35626220703125 428.98126220703125
296.881256103515625 295.76873779296875 293.09375 290.962493896484375 288.03125 284.79376220703125 280.51251220703125 274.38751220703125 266.850006103515625 259.600006103515625 291.96875 324.88751220703125 340.08123779296875 346.76251220703125 347.931243896484375 344.631256103515625 338.274993896484375 331.29998779296875 322.79998779296875 312.71875 305.76251220703125 298.8125 294.32501220703125 293.899993896484375 296.25 300.537506103515625 305.59375 312.8125 321.16876220703125 332.993743896484375 344.931243896484375 355.8125 369.443756103515625 382.962493896484375 392.375 396.23748779296875 397.85626220703125 399.73126220703125 400.40625 400.10626220703125 399.64373779296875 404.337493896484375 409.149993896484375 413.35626220703125 418.76873779296875
295.868743896484375 292.118743896484375 289.881256103515625 287.54998779296875 285.225006103515625 282.83123779296875 279.79998779296875 279.118743896484375 282.756256103515625 299.375 337.506256103515625 345.67498779296875 347.912506103515625 350.556243896484375 350.493743896484375 346.649993896484375 341.556243896484375 333.375 324.07501220703125 314.16876220703125 304.95623779296875 297.556243896484375 293.11248779296875 292.8125 294.79376220703125 298.89373779296875 304.76251220703125 312.337493896484375 321.34375 333.899993896484375 345.01251220703125 354.88751220703125 365.943756103515625 375.63751220703125 386.412506103515625 389.212493896484375 389.17498779296875 390.399993896484375 389.375 386.600006103515625 385.70623779296875 388.462493896484375 391.25 396.087493896484375 400.75
295.662506103515625 291.193756103515625 287.975006103515625 284.48126220703125 283.79376220703125 283.225006103515625 282.95623779296875 287.26873779296875 297.399993896484375 315.89373779296875 337.57501220703125 348.8125 351.85626220703125 353.912506103515625 352.84375 349.98748779296875 345.26873779296875 337.32501220703125 326.037506103515625 314.89373779296875 302.59375 295.087493896484375 290.58123779296875 290.1875 292.76873779296875 296.693756103515625 303.274993896484375 311.975006103515625 320.868743896484375 332.381256103515625 342.337493896484375 353 363.73748779296875 371.306243896484375 377.16876220703125 378.86248779296875 378.20623779296875 377.931243896484375 375.57501220703125 371.65625 370.399993896484375 371.850006103515625 372.76251220703125 376.056243896484375 380.51873779296875
