data/historical-monthly-weather-data/wc2.1_cruts4.09_10m_prec_1978-01.asc
ncols        51
nrows        45
xllcorner    -63.500000000000
yllcorner    -7.500000000000
cellsize     0.166666666667
NODATA_value -9999
[rows 0 to 19 of 45, columns 0 to 44 of 51]
72.5500030517578125 70.09999847412109375 66.44374847412109375 63.862499237060546875 60.893749237060546875 60.15000152587890625 58.81874847412109375 56.78749847412109375 56.18125152587890625 56.512500762939453125 57.637500762939453125 60 62.049999237060546875 62.668750762939453125 64.96250152587890625 68.25 71.5187530517578125 73.125 78.00624847412109375 82.875 87.4375 92.96250152587890625 98.72499847412109375 104.4499969482421875 111.65625 118.46250152587890625 125.8625030517578125 134.4812469482421875 143.25 145.818756103515625 147.875 149.962493896484375 151.09375 153.556243896484375 155.1437530517578125 159.6687469482421875 162.506256103515625 164.8000030517578125 170.1062469482421875 175.46875 180.350006103515625 186.306243896484375 191.4875030517578125 197.118743896484375 203.587493896484375
77.05625152587890625 74.52500152587890625 71.63124847412109375 68.9875030517578125 66.91249847412109375 66.5500030517578125 65.53125 64.71875 65.2937469482421875 66.13124847412109375 66.78749847412109375 68.40000152587890625 69.6437530517578125 71.03125 73.05625152587890625 75.44374847412109375 77.9187469482421875 81.3562469482421875 86.84999847412109375 93.49375152587890625 99.46250152587890625 105.50624847412109375 112.2937469482421875 119.08750152587890625 125.24375152587890625 131.53125 138.881256103515625 146.5500030517578125 153.71875 156.75 158.2312469482421875 159.3125 160.399993896484375 163.912506103515625 165.350006103515625 168.681243896484375 174.0812530517578125 177.1437530517578125 181.912506103515625 187.056243896484375 192.4875030517578125 197.806243896484375 201.306243896484375 205.9562530517578125 211.0187530517578125
84.9375 83.33750152587890625 81.5625 80.3125 79.5500030517578125 79.375 78.9375 78.8562469482421875 79.6750030517578125 80.46875 80.6999969482421875 81.41249847412109375 82.1374969482421875 82.4187469482421875 83.78749847412109375 84.9375 86.8625030517578125 90.16249847412109375 94.97499847412109375 102.2062530517578125 109.0437469482421875 116.61875152587890625 123.90625 130.3000030517578125 136.462493896484375 142.5500030517578125 149.693756103515625 156.9250030517578125 162.556243896484375 164.2312469482421875 166.337493896484375 167.8625030517578125 170.350006103515625 171.149993896484375 174.2062530517578125 178.118743896484375 183.600006103515625 188.493743896484375 193.5812530517578125 198.2624969482421875 204.375 208.818756103515625 212.2937469482421875 215.9250030517578125 218.71875
93.06874847412109375 92.5812530517578125 93.59375 94.21875 95.6374969482421875 94.15625 94.3625030517578125 95.3937530517578125 97.1750030517578125 98.47499847412109375 97.47499847412109375 96.71875 96.0625 95.3249969482421875 96.03749847412109375 96.40625 96.89374542236328125 98.5625 103.36875152587890625 111.6875 120.46875 128.7312469482421875 134.8874969482421875 141.8874969482421875 148.5187530517578125 154.787506103515625 161.8249969482421875 166.8312530517578125 171.681243896484375 173.2624969482421875 174.5437469482421875 176.96875 178.9187469482421875 180.1062469482421875 181.931243896484375 188.024993896484375 193.3625030517578125 199.28125 205.381256103515625 211.5 216.09375 221.0437469482421875 224.1374969482421875 226.100006103515625 228.09375
105.40625 104.5749969482421875 106.08750152587890625 109.0124969482421875 111.88124847412109375 111.375 110.8312530517578125 112.55625152587890625 115.8874969482421875 117.9875030517578125 115.3312530517578125 113.08750152587890625 111.74375152587890625 110.47499847412109375 110.3562469482421875 109.6999969482421875 108.7062530517578125 107.7624969482421875 113.4187469482421875 123.44374847412109375 133.7375030517578125 141.743743896484375 148.1437530517578125 154.5749969482421875 160.8562469482421875 168.193756103515625 172.3125 176.5250091552734375 182.6437530517578125 183.4499969482421875 184.2937469482421875 183.8000030517578125 187.100006103515625 189.9562530517578125 192.381256103515625 198.850006103515625 206.1687469482421875 211.162506103515625 217.8625030517578125 223.868743896484375 230.537506103515625 233.90625 236.868743896484375 237.4812469482421875 238.1374969482421875
119.8000030517578125 120.5749969482421875 122.40625 124.75624847412109375 127.64374542236328125 127.25 127.03749847412109375 127.9875030517578125 131.1750030517578125 133.787506103515625 130.34375 128.5 126.96875 125.86875152587890625 124.9812469482421875 125.36875152587890625 123.78749847412109375 122.1687469482421875 129.162506103515625 139.2937469482421875 148.318756103515625 155.21875 161.9562530517578125 166.787506103515625 172.743743896484375 179.068756103515625 183.149993896484375 186.5500030517578125 191.4375 193.4187469482421875 193.7312469482421875 194.006256103515625 196.2937469482421875 200.524993896484375 206.3249969482421875 213.337493896484375 221.1062469482421875 227.875 234.8937530517578125 241.993743896484375 246.34375 249.756256103515625 251.193756103515625 251.3249969482421875 250.9812469482421875
135.6999969482421875 137.881256103515625 140.212493896484375 141.475006103515625 142.9812469482421875 141.037506103515625 140.162506103515625 140.087493896484375 141.193756103515625 141.3937530517578125 141.587493896484375 142.024993896484375 142.818756103515625 142.8249969482421875 142.96875 144.225006103515625 145.5625 148.787506103515625 155.28125 161.087493896484375 164.71875 170.1125030517578125 173.993743896484375 178.318756103515625 184.1750030517578125 189.037506103515625 192.600006103515625 196.068756103515625 199.318756103515625 201.2312469482421875 203.5500030517578125 204.618743896484375 207.537506103515625 211.9187469482421875 217.943756103515625 227.693756103515625 236.5999908447265625 245.3562469482421875 254.568756103515625 259.75 262.712493896484375 265.0625 265.875 265.524993896484375 263.899993896484375
153.431243896484375 155.006256103515625 157 158.725006103515625 159.5500030517578125 157.350006103515625 154.087493896484375 149.475006103515625 146.6750030517578125 148.5187530517578125 152.712493896484375 156.493743896484375 159.75 160.524993896484375 162.350006103515625 164.8000030517578125 168.774993896484375 175.2624969482421875 183.84375 183.8937530517578125 181.90625 183.899993896484375 186.350006103515625 190.256256103515625 195.806243896484375 199.493743896484375 201.75 204.28125 208.381256103515625 211.03125 212.4562530517578125 214.4375 218.3125 223.6062469482421875 230.2937469482421875 241.024993896484375 251.662506103515625 261.787506103515625 270.17498779296875 276.806243896484375 280.83123779296875 282.743743896484375 283.100006103515625 281.412506103515625 280.462493896484375
170.09375 171.899993896484375 173.8625030517578125 174.4812469482421875 175.4875030517578125 171.9562530517578125 167.725006103515625 162.649993896484375 157.46875 157.4375 165.7937469482421875 172.1687469482421875 177.6062469482421875 179.4562530517578125 181.381256103515625 183.431243896484375 186.8125 192.9562530517578125 199.90625 197.78125 193.037506103515625 194.1687469482421875 195.4375 201.21875 206.006256103515625 208.84375 210.7312469482421875 211.806243896484375 215.618743896484375 219.225006103515625 221.96875 223.0500030517578125 227.84375 233.1437530517578125 240.1750030517578125 250.9937591552734375 263.524993896484375 274.693756103515625 283.600006103515625 291.15625 295.368743896484375 296.774993896484375 299.23748779296875 299.41876220703125 297.331268310546875
187.287506103515625 189.3000030517578125 189.9250030517578125 190.6125030517578125 191.662506103515625 188.649993896484375 184.600006103515625 180.9562530517578125 178.587493896484375 180.875 186.9562530517578125 193.056243896484375 198.0500030517578125 200.0812530517578125 200.9499969482421875 201.75 202.2687530517578125 204.431243896484375 205.65625 203.84375 199.8937530517578125 200.8312530517578125 203.0812530517578125 210.5749969482421875 213.96875 215.625 217.100006103515625 218.443756103515625 220.943756103515625 224.8000030517578125 227.618743896484375 229.931243896484375 236.0625 242.850006103515625 250.8312530517578125 261.76251220703125 274.287506103515625 286.731231689453125 296.11248779296875 304.35626220703125 311.350006103515625 313.256256103515625 315.13751220703125 313.806243896484375 312.60626220703125
205.962493896484375 208.2937469482421875 207.625 207.556243896484375 207.625 205.618743896484375 203 202.368743896484375 202.6999969482421875 206.149993896484375 213.149993896484375 218.90625 221.1750030517578125 221.524993896484375 220.1062469482421875 218.0812530517578125 215.09375 213.0437469482421875 210.037506103515625 206.2062530517578125 204.475006103515625 205.193756103515625 209.9812469482421875 215.84375 221.7624969482421875 221.75 222.09375 223.1875 225.149993896484375 227.712493896484375 231.100006103515625 235.0124969482421875 242.7062530517578125 250.850006103515625 259.41876220703125 272.03125 284.92498779296875 296.756256103515625 307.76251220703125 317.725006103515625 325.4375 325.95623779296875 327.662506103515625 326.787506103515625 325.375
220.912506103515625 222.631256103515625 222.274993896484375 223.3312530517578125 223.9875030517578125 222.1875 221.443756103515625 224.2312469482421875 226.881256103515625 231.0437469482421875 239.0187530517578125 246.7937469482421875 246.381256103515625 243.850006103515625 240.524993896484375 235.3874969482421875 230.46875 223.7062530517578125 217.9812469482421875 211.09375 207.34375 208.2375030517578125 214.993743896484375 224.287506103515625 228.15625 224.556243896484375 224.4250030517578125 225.1999969482421875 227.743743896484375 232.1062469482421875 236.0500030517578125 239.881256103515625 247.9499969482421875 256.3125 265.26873779296875 278.01873779296875 291.09375 302.693756103515625 313.95623779296875 325.149993896484375 333.42498779296875 333.32501220703125 330.625 327.07501220703125 322.818756103515625
237.0500030517578125 238.806243896484375 238.881256103515625 239.524993896484375 240.3499908447265625 241.2624969482421875 242.0625 244.96875 249.100006103515625 255.006256103515625 263.3125 271.287506103515625 270.84375 264.125 259.149993896484375 252.756256103515625 245.2375030517578125 237.443756103515625 228.868743896484375 219.131256103515625 209.1875 210.618743896484375 218.743743896484375 225.0437469482421875 223.3625030517578125 220.399993896484375 224.0124969482421875 227.6999969482421875 230.712493896484375 236.1062469482421875 240.725006103515625 244.65625 252.024993896484375 260.193756103515625 269.01873779296875 281.54376220703125 293.82501220703125 305.181243896484375 316.11248779296875 327.46875 337.67498779296875 335.82501220703125 325.98126220703125 316.23126220703125 309.787506103515625
251.71875 253.962493896484375 254.212493896484375 255.2687530517578125 256.98748779296875 257.493743896484375 259.931243896484375 265.850006103515625 271.01251220703125 277.63751220703125 283.850006103515625 289.40625 287.712493896484375 283.03125 275.53125 269.34375 260.274993896484375 251.649993896484375 241.0625 230.756256103515625 222.068756103515625 220.806243896484375 222.7937469482421875 225.649993896484375 222.8312530517578125 221.5500030517578125 225.368743896484375 229.34375 234.2375030517578125 239.7624969482421875 244.875 249.1999969482421875 255.84375 262.73748779296875 271.725006103515625 283.368743896484375 295.65625 307.649993896484375 317.09375 325.993743896484375 332.1875 321.4375 312.868743896484375 308.131256103515625 305.350006103515625
264.17498779296875 266.493743896484375 267.76873779296875 269.36248779296875 272.818756103515625 274.868743896484375 279.35626220703125 285.08123779296875 290.17498779296875 295.587493896484375 302.04998779296875 306.274993896484375 306.01251220703125 302.662506103515625 294.756256103515625 287.368743896484375 277.756256103515625 266.76873779296875 256.162506103515625 247.03125 238.443756103515625 232.587493896484375 230.90625 230.350006103515625 229.381256103515625 228.537506103515625 231.274993896484375 235.4812469482421875 239.71875 245.881256103515625 250.256256103515625 252.8937530517578125 259.9375 265.368743896484375 272.60626220703125 282.306243896484375 294.36248779296875 306.60626220703125 313.16876220703125 311.35626220703125 304.912506103515625 300.506256103515625 301.61248779296875 302.32501220703125 298.03125
275.337493896484375 277.274993896484375 279.45623779296875 281.85626220703125 286.493743896484375 289.875 295.625 301.76873779296875 306.274993896484375 312.506256103515625 319.10626220703125 323.83123779296875 324.84375 322.350006103515625 315.33123779296875 304.193756103515625 294.96875 283.59375 271.65625 262.3125 254.6125030517578125 247.1125030517578125 241.84375 239.125 236.7687530517578125 235.193756103515625 236.8000030517578125 241.8000030517578125 246.9375 253.65625 257.743743896484375 258.98126220703125 261.64373779296875 265.51873779296875 270.48126220703125 281.524993896484375 293.10626220703125 302.82501220703125 305.23126220703125 297.681243896484375 284.73126220703125 284.01251220703125 290.29376220703125 292.59375 290.506256103515625
284.443756103515625 286.881256103515625 288.868743896484375 292.681243896484375 298.91876220703125 303.53125 310.631256103515625 317.45623779296875 322.506256103515625 328.10626220703125 335.67498779296875 342.1875 344.23748779296875 342.61248779296875 335.912506103515625 325.20623779296875 309.13751220703125 296.587493896484375 286.412506103515625 279.26873779296875 269.82501220703125 261.14373779296875 253.100006103515625 247.8125 245.03125 241.462493896484375 241.943756103515625 246.868743896484375 253.806243896484375 261.70001220703125 266.65625 266.86248779296875 266.193756103515625 266.037506103515625 271.912506103515625 282.287506103515625 291.70623779296875 302.01251220703125 306.725006103515625 293.618743896484375 279.649993896484375 278.443756103515625 281.48748779296875 284.881256103515625 284.04376220703125
294.04998779296875 296.931243896484375 299.462493896484375 304.79376220703125 311.149993896484375 317.60626220703125 325.73126220703125 333.293731689453125 338.16876220703125 344.100006103515625 349.806243896484375 359.568756103515625 363.92498779296875 363.33123779296875 356.11248779296875 343.274993896484375 326.225006103515625 309.100006103515625 303.375 297.118743896484375 287.26251220703125 275.4375 264.068756103515625 257.056243896484375 252.0812530517578125 248.125 246.662506103515625 253.125 262.337493896484375 271.681243896484375 274.918731689453125 267.868743896484375 265.225006103515625 265.618743896484375 268.70001220703125 277.75 289.8125 299.818756103515625 301.26873779296875 294.79998779296875 281.943756103515625 277.368743896484375 277.6875 279.931243896484375 279.53125
300.306243896484375 304.056243896484375 307.95623779296875 315.20001220703125 323.368743896484375 331.08123779296875 338.337493896484375 347.79376220703125 353.368743896484375 359.13751220703125 364.431243896484375 372.23126220703125 379.912506103515625 385.23748779296875 375.943756103515625 358.818756103515625 339.181243896484375 321.5625 312.225006103515625 309.568756103515625 301.42498779296875 289.181243896484375 270.13751220703125 263.899993896484375 258.399993896484375 254.8000030517578125 255.899993896484375 260.45623779296875 269.912506103515625 279.806243896484375 283.712493896484375 272.443756103515625 265.11248779296875 258.4375 258.04376220703125 269.475006103515625 283.03125 292.375 297.36248779296875 293.3125 283.850006103515625 276.96875 274.725006103515625 276.08123779296875 275.787506103515625
305.59375 309.76251220703125 314.787506103515625 321.537506103515625 331.51873779296875 342.318756103515625 351.431243896484375 360.087493896484375 365.42498779296875 370.71875 374.76873779296875 383.4375 395.96875 407.787506103515625 392.76251220703125 367.15625 344.100006103515625 331.6875 324.056243896484375 320.412506103515625 307.600006103515625 289.881256103515625 274.587493896484375 267.631256103515625 262.625 260.35626220703125 261.66876220703125 266.67498779296875 271.92498779296875 277.212493896484375 277.962493896484375 268.787506103515625 258.318756103515625 247.03125 243.131256103515625 255.9375 275.243743896484375 290.75 297.350006103515625 295.65625 287.037506103515625 276.806243896484375 274.550018310546875 274.537506103515625 273.975006103515625
