data/historical-monthly-weather-data/wc2.1_cruts4.09_10m_prec_2014-06.asc
ncols        51
nrows        45
xllcorner    -63.500000000000
yllcorner    -7.500000000000
cellsize     0.166666666667
NODATA_value -9999
[rows 19 to 37 of 45, columns 0 to 43 of 51]
105.84999847412109375 103.84999847412109375 106.34999847412109375 108.46875 113.03749847412109375 123.52500152587890625 131.162506103515625 136.693756103515625 146.2687530517578125 153.3312530517578125 158.243743896484375 160.600006103515625 160.03125 158.2312469482421875 157.600006103515625 148.8000030517578125 145.0500030517578125 153.993743896484375 152.4250030517578125 161.056243896484375 160.34375 175.84375 201.9187469482421875 210.618743896484375 207.2937469482421875 204.6125030517578125 201.28125 209.431243896484375 201.1750030517578125 191.0500030517578125 187.0437469482421875 202.6999969482421875 206.3625030517578125 205.25 206.743743896484375 215.993743896484375 218.6437530517578125 208.1062469482421875 195.03125 179.28125 156.962493896484375 135.9375 133.3249969482421875 130.96875
97.84375 101.08750152587890625 106.99375152587890625 110.55625152587890625 112.08750152587890625 120.34999847412109375 130.71875 138.600006103515625 146.3625030517578125 151.78125 158.0625 159.7937469482421875 158.787506103515625 154.2312469482421875 150.475006103515625 149.5124969482421875 144.7687530517578125 147.5437469482421875 158.056243896484375 162.65625 180.6125030517578125 197.4812469482421875 217.537506103515625 231.46875 231.443756103515625 221.4250030517578125 200.931243896484375 196.7312469482421875 193.5749969482421875 192.850006103515625 191.78125 198.71875 189.3249969482421875 186.6750030517578125 186.131256103515625 194.506256103515625 199.725006103515625 195.131256103515625 179.4812469482421875 164.125 148.662506103515625 132.568756103515625 127.91249847412109375 126.77500152587890625
96.2937469482421875 94.5187530517578125 102.8000030517578125 110.22499847412109375 114.1437530517578125 120.8000030517578125 130.0437469482421875 137.5437469482421875 144.318756103515625 152.4375 157.993743896484375 157.056243896484375 155.28125 155.8312530517578125 156.84375 151.1125030517578125 159.9812469482421875 160.087493896484375 171.3937530517578125 177.9375 185.125 208.21875 227.5625 228.5 223.287506103515625 215.7937469482421875 211.34375 198.6125030517578125 200.274993896484375 198.90625 190 180.34375 175.756256103515625 178.65625 175.3125 176.4812469482421875 179.556243896484375 180.21875 170.5625 158.5 144.162506103515625 132.7062530517578125 127.93125152587890625 127.52500152587890625
95.1687469482421875 99.0812530517578125 107.5 114.9187469482421875 119.5749969482421875 124.84375 127.05625152587890625 132.8874969482421875 144.03125 150.993743896484375 155.506256103515625 159.337493896484375 164.693756103515625 167.8562469482421875 168.1875 166.412506103515625 163.9250030517578125 166.274993896484375 175.743743896484375 187.1999969482421875 203.618743896484375 214.65625 223.068756103515625 225.618743896484375 230.587493896484375 223.1062469482421875 209.3937530517578125 200.875 197.3937530517578125 185.46875 175.5749969482421875 169.9812469482421875 163.5437469482421875 160.2874908447265625 164.0625 160.3937530517578125 159.0749969482421875 161.21875 159.431243896484375 152.6687469482421875 140.631256103515625 132.125 126.75 123.4875030517578125
92.8625030517578125 99.0500030517578125 111.13124847412109375 115.96250152587890625 119.16249847412109375 123.7687530517578125 131.568756103515625 136.53125 140.6750030517578125 143.806243896484375 154.09375 164.3874969482421875 166.912506103515625 172.9375 169.2937469482421875 168.5187530517578125 168.618743896484375 177.34375 185.5187530517578125 194.4250030517578125 208.2624969482421875 224.493743896484375 230.125 240.3562469482421875 235.337493896484375 223.3874969482421875 217.6687469482421875 196.556243896484375 184.412506103515625 175.5749969482421875 165.1062469482421875 158.2375030517578125 154.662506103515625 148.881256103515625 150.556243896484375 146.0500030517578125 147.6875 150.15625 147 140.8874969482421875 133.006256103515625 127.5625 123.65625 121.78125
89.375 98.40000152587890625 109.11875152587890625 118.4187469482421875 123.30625152587890625 127.40625 132.662506103515625 139.181243896484375 142.068756103515625 149.443756103515625 154.787506103515625 160.4812469482421875 168.0437469482421875 167.75 165.149993896484375 165.7624969482421875 169.537506103515625 175.0625 185.90625 199.78125 212.9187469482421875 223.9375 240.618743896484375 246.1999969482421875 233.0749969482421875 221.09375 206.9375 191.037506103515625 176.5124969482421875 167.4499969482421875 152.212493896484375 141.337493896484375 137.8937530517578125 137.6875 137.399993896484375 136.662506103515625 137.318756103515625 136.5812530517578125 136.9250030517578125 132.9375 126.95000457763671875 123.96875 122.3625030517578125 117.53125
88.8937530517578125 100.56874847412109375 106.2687530517578125 115.46250152587890625 119.8562469482421875 124.90625 128.7624969482421875 135.25 134.787506103515625 137.649993896484375 147.7937469482421875 153.5062408447265625 160.0812530517578125 162.225006103515625 163.9187469482421875 161.868743896484375 166.3249969482421875 176.875 188.6875 196.8125 210.993743896484375 224.4187469482421875 238.1437530517578125 239.443756103515625 232.6687469482421875 216.756256103515625 201.4875030517578125 185.287506103515625 166.40625 154.8125 140.0437469482421875 129.09375 125.94374847412109375 124.75 124.2687530517578125 127.3625030517578125 128.8000030517578125 126.47499847412109375 124.44374847412109375 124.49375152587890625 119.81874847412109375 111.24375152587890625 109.49375152587890625 109.3874969482421875
82.44374847412109375 87.5625 96.56874847412109375 104.1999969482421875 108.96250152587890625 114.8625030517578125 119.6062469482421875 120.5124969482421875 123.15625 133.056243896484375 143.4812469482421875 148.587493896484375 151.725006103515625 155.868743896484375 159.8625030517578125 163.337493896484375 165.100006103515625 169.818756103515625 182.9250030517578125 191.3625030517578125 201.024993896484375 214.84375 230.3874969482421875 239.6125030517578125 223.8000030517578125 208.806243896484375 193.7687530517578125 174.6437530517578125 156.5749969482421875 143.40625 132.1999969482421875 118.3625030517578125 114.58750152587890625 114.3125 114.81874847412109375 116.2062530517578125 119.6687469482421875 117.9187469482421875 114.40000152587890625 115.84375 114.31874847412109375 108.5187530517578125 103.1750030517578125 101.1374969482421875
76.25 77.5124969482421875 84.91249847412109375 90.0437469482421875 94.9812469482421875 102.5625 108.65625 111.50624847412109375 116.5124969482421875 126.4250030517578125 134.056243896484375 140.024993896484375 142.600006103515625 145.3625030517578125 149.068756103515625 152.8874969482421875 155.756256103515625 164.462493896484375 170.9250030517578125 182.7687530517578125 194.5625 203.2312469482421875 220.7375030517578125 221.3625030517578125 210.868743896484375 195.587493896484375 180.6750030517578125 162.3125 149.287506103515625 138.71875 125.9562530517578125 114.84999847412109375 109.6125030517578125 105.21875 108.40000152587890625 109.25624847412109375 112.38124847412109375 110.25624847412109375 109.21250152587890625 109.4250030517578125 108.46875 106.4187469482421875 96.84999847412109375 96.59375
68.59999847412109375 71.11875152587890625 74.0749969482421875 77.71250152587890625 83.625 87.71250152587890625 94.75 102.1687469482421875 110.02500152587890625 117.09375 125.25624847412109375 130.1125030517578125 134.8312530517578125 138.46875 142.2062530517578125 146.4812469482421875 151.7312469482421875 157.34375 167.118743896484375 178.2687530517578125 184.837493896484375 191.8562469482421875 201.28125 200.0500030517578125 192.3562469482421875 178.337493896484375 168.625 155.962493896484375 141.681243896484375 128.3249969482421875 115.6125030517578125 107.1437530517578125 101.93125152587890625 101.2312469482421875 100.9875030517578125 101.34375 105.66249847412109375 101.8249969482421875 101.47499847412109375 100.4250030517578125 98.1062469482421875 94.59999847412109375 90.86875152587890625 93.3249969482421875
62.25624847412109375 62.575000762939453125 65.4187469482421875 68 72.2375030517578125 78.3874969482421875 84.59375 93.96875 100.625 108.5812530517578125 116.36875152587890625 122.6750030517578125 128.3000030517578125 132.943756103515625 135.149993896484375 137.225006103515625 140.787506103515625 149.6374969482421875 153.087493896484375 157.493743896484375 168.1750030517578125 175.6374969482421875 183.5812530517578125 182.212493896484375 172.7062530517578125 166.7312469482421875 155.7375030517578125 142.725006103515625 130.524993896484375 117.88124847412109375 107.3562469482421875 99.1437530517578125 96.46875 96.09375 97.24375152587890625 95.36875152587890625 100.50624847412109375 97.0500030517578125 92.03749847412109375 94.93125152587890625 92.16249847412109375 88.59999847412109375 87.78125 85.3874969482421875
57.31874847412109375 56.299999237060546875 57.981250762939453125 60.81874847412109375 64.52500152587890625 69.94374847412109375 77.0812530517578125 84.72499847412109375 91.1437530517578125 99.875 108.21875 113.16249847412109375 120.8312530517578125 120.6437530517578125 124.33750152587890625 130.868743896484375 135.4250030517578125 139.118743896484375 142.9562530517578125 148.5437469482421875 154.8625030517578125 158.5625 165.381256103515625 165.1125030517578125 158.2062530517578125 153.3625030517578125 142.1750030517578125 131.256256103515625 119.50624847412109375 109.21250152587890625 103.3249969482421875 96.2624969482421875 92.28125 89.6374969482421875 89.9375 88.69374847412109375 91.78125 90.7937469482421875 86.625 82.7375030517578125 82.6374969482421875 79.93125152587890625 78.8874969482421875 77.9250030517578125
52.59375 51.262500762939453125 51.950000762939453125 55.018749237060546875 59.674999237060546875 64.6875 70.4812469482421875 76.91249847412109375 83.91249847412109375 90.4187469482421875 96.2062530517578125 102.30625152587890625 106.4187469482421875 111.84375 117.47499847412109375 121.84999847412109375 122.41249847412109375 125.5500030517578125 130.0625 135.6687469482421875 140.5625 145.556243896484375 147.568756103515625 145.806243896484375 143.5187530517578125 137.8249969482421875 129.662506103515625 120.1437530517578125 109.41249847412109375 105.3125 98.3125 91.4562530517578125 88.40000152587890625 85.18125152587890625 84.15625 81.8249969482421875 82.40000152587890625 79.5437469482421875 78.3000030517578125 76.1875 76.5625 74.8000030517578125 72.8937530517578125 71.83750152587890625
50.16249847412109375 49.043750762939453125 50.34999847412109375 52.78749847412109375 54.96875 59.512500762939453125 64.7687530517578125 70.84375 76.0749969482421875 82.21875 90.75 95.47499847412109375 100.4875030517578125 107.9562530517578125 113.28749847412109375 113.44374847412109375 113.08750152587890625 118.34999847412109375 122.1750030517578125 126.1374969482421875 127.18125152587890625 129.4875030517578125 132.9187469482421875 131.806243896484375 128.2624969482421875 124.24375152587890625 116.56874847412109375 107.86875152587890625 100.34999847412109375 97.1750030517578125 92.46875 85.17499542236328125 82.71875 81.65000152587890625 79.1875 76.63124847412109375 74.41249847412109375 71.71875 70.71875 71.90000152587890625 72.1125030517578125 70.0749969482421875 67.02500152587890625 65.27500152587890625
47.924999237060546875 47.674999237060546875 49.643749237060546875 50.924999237060546875 52.00624847412109375 55.43125152587890625 60.543750762939453125 64.4375 68.8625030517578125 73.90000152587890625 81.9250030517578125 89.4187469482421875 95.125 99.7937469482421875 102.86875152587890625 106.0124969482421875 108.28749847412109375 110.30625152587890625 110.8625030517578125 114.1125030517578125 116.1875 117.0437469482421875 121.1125030517578125 117.4375 115.5500030517578125 110.19374847412109375 105.66249847412109375 98.4812469482421875 93.6875 90.3562469482421875 87.5124969482421875 83.2624969482421875 77.5625 74.90000152587890625 73.7312469482421875 71.3249969482421875 68.5500030517578125 65.69374847412109375 65.1750030517578125 65.3125 64.05625152587890625 63.84375 62.24375152587890625 57.61875152587890625
46.96875 45.90000152587890625 47.94374847412109375 49.75 50.287502288818359375 51.65625 54.424999237060546875 58.41249847412109375 62.706249237060546875 67.28125 76.7624969482421875 84.9499969482421875 91.4375 99.66249847412109375 102.41249847412109375 102.4250030517578125 101.625 100.3625030517578125 100.34375 99.0812530517578125 104.0124969482421875 103.1875 104.52500152587890625 101.96875 103.40000152587890625 100.43125152587890625 95.49375152587890625 88.44374847412109375 83.7937469482421875 81.0187530517578125 79.77500152587890625 77.66249847412109375 71.75 68.725006103515625 66.0124969482421875 64.65000152587890625 60.96250152587890625 61.237499237060546875 59.15000152587890625 59.268749237060546875 58.24375152587890625 56.50624847412109375 55.75 53.043750762939453125
47.362499237060546875 46.174999237060546875 47.231250762939453125 48.69374847412109375 49.518749237060546875 50.78125 52.731250762939453125 54.75624847412109375 57.66249847412109375 61.4375 67.8874969482421875 79.2937469482421875 88.3625030517578125 94.875 97.59375 97.6687469482421875 95.59375 91.75624847412109375 90.1687469482421875 87.56874847412109375 88.8625030517578125 92 91.86875152587890625 89.8125 90.75624847412109375 88.34375 84.2375030517578125 78.88124847412109375 76.27500152587890625 73.6437530517578125 71.3312530517578125 69.875 66.125 62.40625 58.6875 57.731250762939453125 57.399997711181640625 55.19374847412109375 54.36875152587890625 54.856250762939453125 54.00624847412109375 51.78749847412109375 50.674999237060546875 49.875
46.40625 47.012500762939453125 46.65000152587890625 47.950000762939453125 49.28125 50.02500152587890625 51.05625152587890625 53.174999237060546875 55.193752288818359375 55.581249237060546875 63.74375152587890625 77.1374969482421875 86.5812530517578125 90.53125 92.65000152587890625 92.09999847412109375 90.41249847412109375 87.27500152587890625 84.5124969482421875 79.11875152587890625 78.31874847412109375 81.5187530517578125 80.93125152587890625 79.9250030517578125 78.4375 76.875 75.72499847412109375 71.43125152587890625 67.66249847412109375 64.52500152587890625 64.59375 62.106250762939453125 59.68125152587890625 57.15000152587890625 53.68125152587890625 52.762500762939453125 52.643749237060546875 52.331249237060546875 50.47499847412109375 49.34999847412109375 48.424999237060546875 47.924999237060546875 45.65000152587890625 48
45.549999237060546875 46.28749847412109375 46.88124847412109375 48.549999237060546875 49.11875152587890625 49.84375 51.125 52.543750762939453125 55.02500152587890625 54.81874847412109375 66.61875152587890625 78.77500152587890625 84.50624847412109375 88.63124847412109375 87.6875 86.38124847412109375 83.96875 81.61249542236328125 79.49375152587890625 75.41249847412109375 72.6750030517578125 72.8000030517578125 70.875 70.28749847412109375 68.5437469482421875 68.8000030517578125 67.94374847412109375 64.34375 61.137500762939453125 57.768749237060546875 56.40625 56.549999237060546875 54.91249847412109375 51.637500762939453125 48.81874847412109375 48.4375 48.081249237060546875 47.174999237060546875 48.293750762939453125 46.362499237060546875 44.78749847412109375 44.856250762939453125 42.231250762939453125 41.5625
