data/historical-monthly-weather-data/wc2.1_cruts4.09_10m_prec_1973-05.asc
ncols        51
nrows        45
xllcorner    -63.500000000000
yllcorner    -7.500000000000
cellsize     0.166666666667
NODATA_value -9999
[rows 20 to 39 of 45, columns 0 to 44 of 51]
368.59375 389.34375 404.712493896484375 413.45001220703125 421.79376220703125 441.15625 454.71875 461.41876220703125 459.931243896484375 451.53125 445.82501220703125 445.399993896484375 437.6875 428.618743896484375 413.149993896484375 401.70623779296875 383.618743896484375 378.725006103515625 385.20623779296875 385.29376220703125 401.34375 414.368743896484375 424.756256103515625 429.20623779296875 429.51251220703125 419.306243896484375 399.79376220703125 390.41876220703125 382.162506103515625 372.881256103515625 368.38751220703125 370.21875 368.17498779296875 371.506256103515625 382.45001220703125 396.25 406.462493896484375 410.850006103515625 405.462493896484375 394.28125 383.45623779296875 370.04998779296875 363.243743896484375 365.537506103515625 365.412506103515625
362.368743896484375 371.024993896484375 393.081268310546875 413.493743896484375 424.03125 438.51873779296875 456.65625 469.881256103515625 470.381256103515625 463.70001220703125 455.75 448.96875 438.693756103515625 426.943756103515625 419.85626220703125 404.83123779296875 407.493743896484375 398.5625 401.931243896484375 398.36248779296875 397.20623779296875 406.65625 415.98126220703125 413.20623779296875 405.03125 402.32501220703125 399.95623779296875 390.16876220703125 391.20001220703125 384.306243896484375 372.243743896484375 362.61248779296875 367.28125 375.64373779296875 379.33123779296875 385.85626220703125 396.16876220703125 400.58123779296875 395.34375 386.13751220703125 378.649993896484375 367.693756103515625 360.875 360.162506103515625 359.59375
356.61248779296875 377.09375 397.28125 417.962493896484375 429.26251220703125 442.118743896484375 446.40625 462.587493896484375 475.21875 471.087493896484375 459.631256103515625 450.068756103515625 445.6875 434.21875 427.17498779296875 417.368743896484375 412.506256103515625 407.39373779296875 404.98748779296875 402.17498779296875 404.087493896484375 400.881256103515625 404.631256103515625 399.82501220703125 399.48748779296875 394.443756103515625 386.506256103515625 387.131256103515625 389.0625 379.893768310546875 365.225006103515625 360.443756103515625 369.78125 376.1875 382.53125 377.42498779296875 380.60626220703125 388.64373779296875 391.443756103515625 382.962493896484375 373.193756103515625 364.61248779296875 357.48748779296875 355.625 354.35626220703125
346.318756103515625 370.73126220703125 396.556243896484375 414.07501220703125 424.818756103515625 433.125 452.73126220703125 464.493743896484375 466.243743896484375 460.67498779296875 454.568756103515625 454.318756103515625 446.537506103515625 439.09375 428.76251220703125 419.65625 414.39373779296875 412.693756103515625 411.899993896484375 410.962493896484375 404.39373779296875 401.712493896484375 398.88751220703125 400.13751220703125 394.0625 382.26873779296875 379.04998779296875 380.475006103515625 384.981231689453125 383.76251220703125 378.681243896484375 375.45623779296875 385.07501220703125 389.162506103515625 392.04998779296875 380.98748779296875 388.3125 391.287506103515625 389 381.931243896484375 370.76873779296875 364.78125 359.07501220703125 352.98748779296875 349.875
343.91876220703125 369.712493896484375 392.587493896484375 416.537506103515625 431.48126220703125 441.8125 448.11248779296875 459.774993896484375 459.337493896484375 457.681243896484375 450.85626220703125 445.462493896484375 443.399993896484375 434.587493896484375 424.1875 419.537506103515625 420.068756103515625 416.95001220703125 412.95623779296875 411.79376220703125 409.818756103515625 402.42498779296875 401.5625 398.61248779296875 391.16876220703125 390.23126220703125 386.32501220703125 388.48126220703125 391.04376220703125 395.95623779296875 392.42498779296875 397.806243896484375 405.443756103515625 407.8125 401.125 393.662506103515625 396.024993896484375 390.28125 385.76873779296875 379.01251220703125 370.33123779296875 361.5625 355.63751220703125 345.743743896484375 335.706268310546875
350.70001220703125 378.725006103515625 391.743743896484375 413.3125 422.756256103515625 430.71875 435.66876220703125 445.04998779296875 439.89373779296875 433.54376220703125 439.274993896484375 438.399993896484375 430.100006103515625 423.08123779296875 423.350006103515625 419.75 421.01873779296875 418.256256103515625 414.068756103515625 410.61248779296875 408.67498779296875 401.5625 400.29376220703125 392.40625 390.59375 388.54376220703125 394.20001220703125 396.11248779296875 397.25 403 408.162506103515625 424.149993896484375 433.412506103515625 424.193756103515625 412.912506103515625 406.681243896484375 400.01251220703125 394.8125 380.98748779296875 372.71875 365.76873779296875 354.04376220703125 343.85626220703125 338.26251220703125 331.1875
354.912506103515625 369.649993896484375 386.67498779296875 402.01251220703125 409.76873779296875 417.006256103515625 420.337493896484375 421.587493896484375 419.899993896484375 426.78125 428.774993896484375 422.024993896484375 417.63751220703125 412.912506103515625 413.40625 414.8125 413.006256103515625 407.89373779296875 412.381256103515625 407.912506103515625 401.631256103515625 397.056243896484375 395.381256103515625 394.32501220703125 392.04376220703125 390.85626220703125 395.11248779296875 396.568756103515625 399.274993896484375 401.337493896484375 412.91876220703125 429.20001220703125 447.5 432.618743896484375 416.83123779296875 407.35626220703125 405.28125 395.024993896484375 381.11248779296875 372.35626220703125 363.20623779296875 351.48126220703125 341.256256103515625 331.337493896484375 324.48748779296875
361.537506103515625 368.85626220703125 380.287506103515625 387.07501220703125 394.850006103515625 403.006256103515625 407.287506103515625 404.84375 406.71875 412.57501220703125 412.399993896484375 405.34375 401.131256103515625 395.76873779296875 400.03125 398.35626220703125 402.399993896484375 406.162506103515625 410.743743896484375 408.8125 402.475006103515625 394.6875 396.962493896484375 393.412506103515625 392.125 388.193756103515625 392.4375 393.13751220703125 396.48126220703125 399.78125 407.71875 418.850006103515625 431.33123779296875 424.35626220703125 418.274993896484375 409.399993896484375 402.08123779296875 397.20623779296875 386.681243896484375 372.78125 360.399993896484375 351.806243896484375 341.67498779296875 333.306243896484375 321.368743896484375
361.018768310546875 366.11248779296875 370.01251220703125 374.42498779296875 378.98748779296875 378.58123779296875 379.53125 385.625 394.21875 394.63751220703125 395.39373779296875 391.38751220703125 385.51251220703125 384.35626220703125 391.993743896484375 397.899993896484375 401.85626220703125 402.85626220703125 405.087493896484375 405.024993896484375 399.806243896484375 391.83123779296875 390.743743896484375 386.818756103515625 384.618743896484375 377.42498779296875 381.568756103515625 385.506256103515625 387.912506103515625 388.662506103515625 394.1875 397.73748779296875 406.53125 407.66876220703125 411.46875 405.412506103515625 400.9375 393.375 383.26873779296875 369.649993896484375 352.04376220703125 340.037506103515625 337.01873779296875 336.587493896484375 328.356231689453125
356.193756103515625 356.8125 354.33123779296875 350.67498779296875 351.14373779296875 356.149993896484375 358.5625 368.368743896484375 373.40625 371.806243896484375 374.912506103515625 373.29998779296875 370.39373779296875 371.524993896484375 378.712493896484375 384.931243896484375 388.568756103515625 396.25 396.59375 392.600006103515625 388.231231689453125 384.23748779296875 381.649993896484375 375.212493896484375 367.868743896484375 368.25 366.20623779296875 363.3125 364.79998779296875 367.39373779296875 372.98748779296875 374.33123779296875 383.46875 391.350006103515625 398.39373779296875 392.51251220703125 397.3125 393.068756103515625 381.86248779296875 377.33123779296875 366.83123779296875 353.100006103515625 342.631256103515625 335.57501220703125 329.100006103515625
349.83123779296875 345.54998779296875 337.84375 334.975006103515625 335.04998779296875 338.318756103515625 344.8125 349.350006103515625 353.850006103515625 355.82501220703125 358.48748779296875 355.631256103515625 358.59375 355.45623779296875 362.212493896484375 371.006256103515625 377.11248779296875 381.125 384.51873779296875 385.23126220703125 376.225006103515625 369.75 367.181243896484375 357.14373779296875 349.912506103515625 352.743743896484375 348.08123779296875 342.243743896484375 342.95623779296875 344.67498779296875 351.881256103515625 351.556243896484375 360.993743896484375 371.85626220703125 379.76873779296875 375.79998779296875 381.8125 386.10626220703125 383.493743896484375 377.73126220703125 375.64373779296875 361.399993896484375 349.64373779296875 337.15625 333.51873779296875
335.01873779296875 327.8125 320.8125 318.54376220703125 320.03125 320.45001220703125 330.181243896484375 329.90625 333.16876220703125 334.337493896484375 336.79376220703125 333.699981689453125 336.32501220703125 339.35626220703125 344.73748779296875 354.14373779296875 354.875 358.181243896484375 362.23748779296875 364.70623779296875 355.33123779296875 350.20001220703125 346.40625 339.17498779296875 337.681243896484375 334.48748779296875 329.54376220703125 321.40625 316.76251220703125 321.28125 323.21875 326.875 335.67498779296875 347.29998779296875 358.962493896484375 359.48748779296875 365.1875 373.09375 371.83123779296875 376.8125 376.3125 366.087493896484375 356.58123779296875 350.6875 346.256256103515625
313.931243896484375 309.087493896484375 302.51251220703125 302.17498779296875 299.86248779296875 299.5 305.09375 306.29998779296875 309.23748779296875 313.350006103515625 321.606231689453125 319.806243896484375 321.59375 326.3125 328.51251220703125 330.443756103515625 330.350006103515625 337.3125 337.15625 338.850006103515625 329.54998779296875 326.625 320.993743896484375 317.51251220703125 314.91876220703125 312.725006103515625 305.14373779296875 298.10626220703125 290.76251220703125 293.806243896484375 298.29998779296875 301.54998779296875 308.45001220703125 324.787506103515625 335.4375 343.45001220703125 346.16876220703125 355.23126220703125 356.368743896484375 367.01251220703125 367.9375 364.91876220703125 359.587493896484375 358.868743896484375 366.61248779296875
293.73748779296875 288.35626220703125 286.54376220703125 285.381256103515625 285.350006103515625 282.40625 283.287506103515625 282.32501220703125 284.04998779296875 288.23748779296875 295.399993896484375 300.75 301.75 303.350006103515625 306.725006103515625 310.04376220703125 310.181243896484375 314.162506103515625 311.26251220703125 309.65625 305.756256103515625 303.475006103515625 298.46875 292.412506103515625 290.42498779296875 286.34375 278.068756103515625 270.25 266.04376220703125 269.274993896484375 274.20001220703125 278.07501220703125 286.88751220703125 298.4375 311.399993896484375 318.98748779296875 326.8125 331.26251220703125 339.53125 348.26251220703125 351.306243896484375 355.8125 359.70623779296875 362.36248779296875 377.03125
272.14373779296875 268.20623779296875 268.29998779296875 269.51873779296875 269.931243896484375 266.20001220703125 261.056243896484375 259.806243896484375 257.09375 262.0625 271.48126220703125 278.318756103515625 285.65625 291.11248779296875 291.63751220703125 291.10626220703125 288.368743896484375 291.11248779296875 288.36248779296875 283.118743896484375 279.73126220703125 275.3125 273.01251220703125 267.162506103515625 263.993743896484375 260.193756103515625 255.625 249.4250030517578125 244.71875 249.431243896484375 253.056243896484375 257.20001220703125 263.16876220703125 275.131256103515625 279.912506103515625 290.006256103515625 295.587493896484375 310.649993896484375 319.45623779296875 326.66876220703125 332.26251220703125 335.037506103515625 341.38751220703125 349.881256103515625 362.75
253.993743896484375 252.8312530517578125 250.71875 250.4812469482421875 249.287506103515625 245.2312469482421875 238.8937530517578125 237.5437469482421875 235 235.056243896484375 241.725006103515625 254.9812469482421875 267.21875 271.76873779296875 273.337493896484375 270.568756103515625 266.587493896484375 264.743743896484375 264.48748779296875 258.962493896484375 255.96875 252.056243896484375 248.8937530517578125 244.524993896484375 240.1687469482421875 235.5625 234.368743896484375 229.75 223.1750030517578125 227.4375 232.506256103515625 236.6999969482421875 241.7312469482421875 247.181243896484375 253.4187469482421875 261.14373779296875 276.07501220703125 283.568756103515625 292.67498779296875 305.26251220703125 310.16876220703125 318.243743896484375 322.40625 330.70001220703125 334.725006103515625
237.90625 238.6999969482421875 236.2624969482421875 235.3937530517578125 234.96875 228.850006103515625 223.3125 217.943756103515625 213.506256103515625 207.056243896484375 221.068756103515625 244.662506103515625 254.693756103515625 256.975006103515625 255.6437530517578125 251.350006103515625 244.3874969482421875 241.1125030517578125 240.0124969482421875 233.287506103515625 231.618743896484375 228.6437530517578125 224.0500030517578125 219.9250030517578125 216.3874969482421875 214.568756103515625 211.9250030517578125 207.524993896484375 202.5124969482421875 207.962493896484375 214.537506103515625 220.28125 223.875 225.412506103515625 231.71875 242.443756103515625 253.7937469482421875 264.26873779296875 271.14373779296875 279.350006103515625 284.693756103515625 289.23748779296875 301.13751220703125 311.1875 314.524993896484375
224.3000030517578125 224.78125 224.743743896484375 222.8562469482421875 223.4499969482421875 218.5500030517578125 213.118743896484375 206.3249969482421875 201.6374969482421875 194.818756103515625 220.5 243.412506103515625 247.0812530517578125 247.0812530517578125 242.037506103515625 235.243743896484375 226.493743896484375 223.4375 219 214.34375 209.287506103515625 206.399993896484375 202.53125 198.5749969482421875 195.09375 192.8125 188.756256103515625 189.3312530517578125 186.96875 190.912506103515625 196.0124969482421875 202.0124969482421875 206.8249969482421875 206.7375030517578125 208.712493896484375 219.212493896484375 232.587493896484375 241.899993896484375 252.881256103515625 257.850006103515625 264.01873779296875 269.912506103515625 273.118743896484375 278.1875 283.943756103515625
214.125 214.1437530517578125 213.53125 212.96875 210.131256103515625 206.7687530517578125 204.8000030517578125 203.899993896484375 206.65625 218.84375 247.3000030517578125 248.9375 241.1374969482421875 237.524993896484375 231.1687469482421875 223.662506103515625 215.84375 211.100006103515625 206.3625030517578125 199.6062469482421875 192.274993896484375 186.59375 184.056243896484375 182.225006103515625 177.84375 175.462493896484375 175.1437530517578125 176.181243896484375 173.25 178.65625 181.068756103515625 181.868743896484375 187.4875030517578125 191.8312530517578125 198.631256103515625 206.59375 215.193756103515625 226.90625 231.1750030517578125 232.881256103515625 241.631256103515625 245.899993896484375 246.46875 253.193756103515625 255.3625030517578125
208.2624969482421875 206.850006103515625 207.09375 205.8312530517578125 204.3187408447265625 201.431243896484375 198.631256103515625 203.774993896484375 210.162506103515625 221.1062469482421875 231.9562530517578125 235.9250030517578125 229.5124969482421875 223.9562530517578125 220.25 211.4812469482421875 202.90625 196.9562530517578125 190.399993896484375 184.6125030517578125 175.8312530517578125 170.5124969482421875 165.1374969482421875 163.368743896484375 161.587493896484375 160.850006103515625 160.5812530517578125 161.462493896484375 160.256256103515625 164.53125 168.5187530517578125 172.9499969482421875 177.4375 183.09375 189.40625 195.225006103515625 201.6437530517578125 211.381256103515625 214.5625 212.2624969482421875 217.3937530517578125 220.9812469482421875 219.443756103515625 221 226.756256103515625
