data/historical-monthly-weather-data/wc2.1_cruts4.09_10m_prec_1989-06.asc
ncols        45
nrows        45
xllcorner    -63.500000000000
yllcorner    -7.500000000000
cellsize     0.166666666667
NODATA_value -9999
[rows 0 to 18 of 45, columns 0 to 43 of 45]
204.1999969482421875 191.375 186.524993896484375 189.006256103515625 189.350006103515625 194.993743896484375 197.5187530517578125 199.256256103515625 200.443756103515625 208.8874969482421875 219.5749969482421875 228.899993896484375 238.912506103515625 246.0749969482421875 252 259.28125 263.61248779296875 264.78125 264.89373779296875 267.88751220703125 274.1875 271.78125 270.9375 267.712493896484375 266.556243896484375 266.693756103515625 270.64373779296875 276.993743896484375 276.912506103515625 284.29376220703125 286.087493896484375 295.59375 310.125 318.556243896484375 326.65625 330.625 332.6875 336.29998779296875 326.875 320.462493896484375 318.60626220703125 321.32501220703125 312.17498779296875 306.67498779296875
201.6437530517578125 189.256256103515625 188.4187469482421875 189.34375 192.537506103515625 198.65625 201.7062530517578125 203.8625030517578125 211.2687530517578125 220.6687469482421875 230.1374969482421875 238.4187469482421875 242.399993896484375 247.774993896484375 251.40625 256.225006103515625 257.868743896484375 256.51873779296875 256.375 260.88751220703125 265.625 264.375 266.193756103515625 266.54998779296875 266.181243896484375 265.76251220703125 269.868743896484375 272.67498779296875 273.337493896484375 277.912506103515625 287.15625 304.550018310546875 316.39373779296875 327.26251220703125 337.84375 336.16876220703125 339.58123779296875 340.693756103515625 331.5625 325.837493896484375 327.875 316.256256103515625 316.15625 310.35626220703125
198.850006103515625 193.587493896484375 194.8125 194.962493896484375 200.806243896484375 209.8125 215.4812469482421875 223.993743896484375 232.4250030517578125 241.5 248.1999969482421875 251.5625 255.2375030517578125 253.118743896484375 253.0812530517578125 254.5875091552734375 252.4375 250.8562469482421875 250.71875 252.850006103515625 259.4375 265.6875 268.34375 275.256256103515625 272.899993896484375 272.08123779296875 280.23748779296875 279.399993896484375 274.95001220703125 286.16876220703125 292.256256103515625 303.70001220703125 314.04376220703125 326.9375 333.03125 324.087493896484375 330.243743896484375 336.006256103515625 328.6875 324.63751220703125 329.899993896484375 322.743743896484375 318.36248779296875 310.375
195.243743896484375 188.443756103515625 195.8937530517578125 202.4250030517578125 208.1999969482421875 218.087493896484375 228.5875091552734375 239.4875030517578125 251.7687530517578125 262.58123779296875 265.70001220703125 264.1875 261.59375 256.381256103515625 254.71875 253.4187469482421875 246.3249969482421875 245.3249969482421875 244.8000030517578125 254.024993896484375 259.962493896484375 261.73748779296875 268.14373779296875 279.09375 278.11248779296875 278.993743896484375 282.75 277.899993896484375 277.51251220703125 288.431243896484375 296.53125 302.631256103515625 311.725006103515625 316.10626220703125 321.625 328.899993896484375 335.443756103515625 335.90625 328.04998779296875 324.59375 327.631256103515625 328.100006103515625 322.975006103515625 313.618743896484375
206.850006103515625 198.9250030517578125 196.212493896484375 206.4250030517578125 219.818756103515625 227.3125 239.03125 255.5 273.225006103515625 285.1875 286.38751220703125 273.70623779296875 268.29998779296875 262.16876220703125 254.993743896484375 250.46875 244.3249969482421875 237.5124969482421875 236.149993896484375 242.8125 249.625 257.306243896484375 266.60626220703125 277.3125 278.20623779296875 282.03125 281.368743896484375 283.39373779296875 282.75 286.837493896484375 298.181243896484375 307.475006103515625 312.51873779296875 319.212493896484375 329.54998779296875 328.25 332.875 338.068756103515625 327.9375 320.86248779296875 325.024993896484375 325.40625 323.4375 320.70623779296875
208.84375 206.34375 205.375 201.975006103515625 218.6875 236.5749969482421875 246.4375 260.662506103515625 282.100006103515625 295.631256103515625 290.337493896484375 277.09375 270.774993896484375 263.524993896484375 252.725006103515625 246.774993896484375 238.4375 232.625 235.100006103515625 239.7312469482421875 250.806243896484375 258.662506103515625 267.26251220703125 272.037506103515625 279.10626220703125 284.881256103515625 281.125 282.8125 282.8125 286.524993896484375 300.29376220703125 309.33123779296875 318.53125 321.57501220703125 322.45001220703125 331.943756103515625 329.587493896484375 321.65625 320.100006103515625 324.66876220703125 322.037506103515625 325.58123779296875 320.125 316.712493896484375
215.8625030517578125 212.556243896484375 212.993743896484375 213.84375 216.4875030517578125 224.881256103515625 235.15625 255.5812530517578125 267.54376220703125 279.443756103515625 280.462493896484375 270.92498779296875 267.96875 263.26873779296875 252.9875030517578125 244.90625 238.725006103515625 234.1687469482421875 231.618743896484375 237.850006103515625 243.131256103515625 252.7687530517578125 260.4375 269.962493896484375 283.556243896484375 289.6875 284.743743896484375 282.368743896484375 281.70623779296875 295.46875 300.337493896484375 303.368743896484375 308.506256103515625 317.96875 328.38751220703125 327.40625 316.54998779296875 313.662506103515625 310.5625 317.149993896484375 314.712493896484375 315.337493896484375 315.75 313.462493896484375
220.0500030517578125 213.96875 215.5 222.631256103515625 226.09375 237.9187469482421875 236.9250030517578125 236.881256103515625 237.5749969482421875 252.306243896484375 262.25 261.850006103515625 262.04376220703125 257.756256103515625 253.3125 245.4875030517578125 235.181243896484375 232.556243896484375 230.1437530517578125 229.193756103515625 247.875 254.4250030517578125 260.83123779296875 269.71875 283.29998779296875 286.38751220703125 283.34375 280.79376220703125 280.26873779296875 285.88751220703125 302.07501220703125 303.475006103515625 309.212493896484375 314.431243896484375 314.20001220703125 310.58123779296875 305.774993896484375 302.20623779296875 292.868743896484375 290.98748779296875 293.537506103515625 301.181243896484375 295.256256103515625 288.475006103515625
221.09375 218.306243896484375 217.287506103515625 221.681243896484375 227.1875 232.6437530517578125 240.25 244.725006103515625 236.0749969482421875 233.287506103515625 239.0749969482421875 243.600006103515625 251.9250030517578125 250.4875030517578125 248.475006103515625 240.8000030517578125 240.274993896484375 241.4812469482421875 242.1374969482421875 237.7062530517578125 240.381256103515625 258.28125 258.618743896484375 275.32501220703125 281.73126220703125 286.306243896484375 283.42498779296875 284.212493896484375 290.01873779296875 293.037506103515625 308.45623779296875 296.15625 288.506256103515625 289.29998779296875 296.875 304.15625 304.481231689453125 304.681243896484375 295.162506103515625 285.76251220703125 280.399993896484375 275.625 282.48748779296875 276.006256103515625
222.1937408447265625 221.15625 220.90625 224.7375030517578125 229.118743896484375 232.9562530517578125 238.59375 238.6750030517578125 238.96875 237.78125 235.625 228.287506103515625 238.743743896484375 242.100006103515625 243.84375 242.556243896484375 239.899993896484375 249.6374969482421875 252.1437530517578125 253.6125030517578125 252.149993896484375 257.831268310546875 255.475006103515625 267.25 271.293731689453125 281.681243896484375 280.78125 279.006256103515625 279.08123779296875 288.587493896484375 297.712493896484375 290.96875 290.23126220703125 291.625 290.506256103515625 292.943756103515625 297.225006103515625 301.26873779296875 296.056243896484375 296.48126220703125 295.287506103515625 289.556243896484375 274.493743896484375 256.96875
225.75 223.6062469482421875 223.068756103515625 224.96875 226.65625 233.09375 232.75 232.8125 235.899993896484375 237.3312530517578125 238.1125030517578125 231.912506103515625 228.78125 233.3625030517578125 235.818756103515625 238.15625 238.78125 243.4375 252.3562469482421875 263.493743896484375 278.01873779296875 276.66876220703125 263.90625 248.9437408447265625 263.287506103515625 287.59375 289.725006103515625 282.412506103515625 276.03125 280.48748779296875 286.45001220703125 284.23748779296875 286.381256103515625 288.91876220703125 289.868743896484375 285.71875 289.54376220703125 289.625 296.41876220703125 293.3125 289.85626220703125 279.350006103515625 271.600006103515625 246.3125
223.024993896484375 222.21875 224.962493896484375 223.4812469482421875 225.7375030517578125 227.756256103515625 233.131256103515625 235.0500030517578125 236.587493896484375 231.2375030517578125 235 232.9562530517578125 221.212493896484375 225.7937469482421875 235.131256103515625 236.568756103515625 237.4187469482421875 244.537506103515625 256.53125 278.14373779296875 295.681243896484375 298.381256103515625 283.381256103515625 259.4375 262.70623779296875 272.57501220703125 270.11248779296875 269.83123779296875 271.368743896484375 271.318756103515625 264.868743896484375 269.318756103515625 273.587493896484375 271.443756103515625 278.162506103515625 284.10626220703125 292.212493896484375 295.037506103515625 286.681243896484375 291.493743896484375 289.21875 276.837493896484375 250.506256103515625 213.5500030517578125
224.2375030517578125 222.0749969482421875 222.7624969482421875 221.3625030517578125 224.649993896484375 224.25 227.3937530517578125 229.725006103515625 227.75 226.2312469482421875 227.806243896484375 229.556243896484375 226.712493896484375 216.34375 220.475006103515625 227.0625 230.649993896484375 241.381256103515625 245.462493896484375 264.4375 287.41876220703125 292.368743896484375 285.756256103515625 267.850006103515625 253.1750030517578125 257.306243896484375 261.618743896484375 263.88751220703125 267.993743896484375 271.681243896484375 262.125 255.53125 264.881256103515625 259.73126220703125 264.899993896484375 274.89373779296875 290.98126220703125 299.71875 309.837493896484375 304.337493896484375 287.70623779296875 270.962493896484375 233.024993896484375 202.9812469482421875
222.9812469482421875 221.337493896484375 220.3937530517578125 219.6437530517578125 218.756256103515625 220.1062469482421875 220.5749969482421875 224.4499969482421875 224.8562469482421875 221.21875 221.225006103515625 219.056243896484375 219.787506103515625 215.7624969482421875 205.65625 216.1999969482421875 218.6687469482421875 225.568756103515625 233.0812530517578125 248.818756103515625 268.45623779296875 275.20623779296875 273.63751220703125 268.16876220703125 261.17498779296875 256.04376220703125 252.21875 250.149993896484375 252.5124969482421875 253.65625 254.375 250.9562530517578125 254.024993896484375 258.51873779296875 256.95623779296875 278.118743896484375 302.618743896484375 321.256256103515625 332.04998779296875 319.399993896484375 276.662506103515625 248.006256103515625 235.625 233.3874969482421875
216.037506103515625 214.931243896484375 216.6125030517578125 217.4812469482421875 216.100006103515625 216.912506103515625 218.9875030517578125 220.09375 219.5812530517578125 217.7312469482421875 215.4812469482421875 214.712493896484375 214.5 208.537506103515625 195.506256103515625 202.7624969482421875 206.993743896484375 217.943756103515625 220.0124969482421875 231.9187469482421875 252.5500030517578125 262.10626220703125 269.225006103515625 269.98748779296875 273.45623779296875 270.53125 266.581268310546875 261.568756103515625 264.73126220703125 255.40625 244.568756103515625 245.818756103515625 259.024993896484375 253.78125 244.4875030517578125 252.6999969482421875 292.90625 333.13751220703125 339.431243896484375 319.818756103515625 296.79998779296875 280.03125 275.29998779296875 252.0500030517578125
211.71875 208.524993896484375 210.3937530517578125 209.28125 212.2624969482421875 214.1125030517578125 214.5187530517578125 213.837493896484375 216.399993896484375 218.9562530517578125 216.399993896484375 214.4812469482421875 214.1999969482421875 208.8874969482421875 198.4187469482421875 183.587493896484375 192.0500030517578125 206.59375 208.931243896484375 219.068756103515625 236.5124969482421875 250.056243896484375 264.318756103515625 273.787506103515625 278.4375 276.73748779296875 268.45623779296875 266.29998779296875 264.5 265.743743896484375 258.587493896484375 249.556243896484375 240.712493896484375 231.943756103515625 224.993743896484375 264.181243896484375 284.100006103515625 312.46875 332.587493896484375 338.54376220703125 335.318756103515625 319.01873779296875 292.20001220703125 257.20623779296875
205.431243896484375 204.1062469482421875 203.5 206.3312530517578125 208.8625030517578125 211.78125 212.1437530517578125 213.006256103515625 210.75 211.068756103515625 213.0437469482421875 213.5 209.774993896484375 205.03125 202.3062591552734375 189.381256103515625 173.318756103515625 184.8937530517578125 195.725006103515625 203.3937530517578125 217.024993896484375 236.2312469482421875 252.2375030517578125 271.306243896484375 276.337493896484375 266.23748779296875 259.100006103515625 256.14373779296875 263.70001220703125 266.875 266.29998779296875 263.431243896484375 254.806243896484375 255.75 274.181243896484375 290.46875 316.256256103515625 338.83123779296875 358.699981689453125 346.13751220703125 343.8125 317.26251220703125 280.556243896484375 254.181243896484375
197.306243896484375 197.149993896484375 200.712493896484375 203.9562530517578125 207.5500030517578125 213.09375 212.6062469482421875 212.6687469482421875 210.3625030517578125 206.587493896484375 205.28125 209.0187530517578125 204.024993896484375 200.6999969482421875 200.9375 192.943756103515625 177.618743896484375 164.3125 185.537506103515625 186.5625 198.84375 216.618743896484375 240.118743896484375 256.149993896484375 267.01251220703125 257.600006103515625 246.34375 254.4375 260.287506103515625 257.46875 244.7375030517578125 234.59375 269.14373779296875 280.23126220703125 289.73126220703125 338.537506103515625 358.993743896484375 351.64373779296875 354.8125 347.14373779296875 315.725006103515625 285.118743896484375 256.54376220703125 238.2624969482421875
190.1875 192.8312530517578125 196.818756103515625 201.6687469482421875 206.8000030517578125 209.4000091552734375 210.462493896484375 210.1437530517578125 209.90625 208.5437469482421875 205.306243896484375 198.756256103515625 195.5124969482421875 194.881256103515625 191.5437469482421875 186.8125 183.912506103515625 166.681243896484375 161.899993896484375 165.868743896484375 184.337493896484375 208.03125 209.068756103515625 230.6999969482421875 241.3874969482421875 252.78125 251.899993896484375 246.96875 257.931243896484375 254.2062530517578125 245.350006103515625 247.4562530517578125 267.193756103515625 274.96875 295.73126220703125 331.0625 338.17498779296875 328.79998779296875 329.29998779296875 311.868743896484375 285.181243896484375 251.4562530517578125 235.131256103515625 225.8000030517578125
