data/historical-monthly-weather-data/wc2.1_cruts4.09_10m_prec_1963-06.asc
ncols        51
nrows        45
xllcorner    -63.500000000000
yllcorner    -7.500000000000
cellsize     0.166666666667
NODATA_value -9999
[rows 19 to 37 of 45, columns 0 to 43 of 51]
163.1687469482421875 164.8562469482421875 164.6687469482421875 162.600006103515625 163.3937530517578125 167.46875 166.850006103515625 163.850006103515625 165.7687530517578125 164.9187469482421875 162.21875 158.1437530517578125 151.806243896484375 144.6812591552734375 138.1875 125.2624969482421875 117.41249847412109375 119.9562530517578125 114.5124969482421875 117.0187530517578125 113.6125030517578125 121.8249969482421875 137.4499969482421875 142.6875 140.0625 137.9375 135.912506103515625 141.71875 136.375 129.412506103515625 126.5749969482421875 136.568756103515625 135.8125 131.28125 128.53125 131.5999908447265625 130.587493896484375 121.96250152587890625 113.8312530517578125 104.49375152587890625 91.4187469482421875 79.43125152587890625 78.19374847412109375 77.03125
147.712493896484375 157.09375 161.462493896484375 160.7937469482421875 156.631256103515625 157.6437530517578125 160.7312469482421875 160.7375030517578125 161.1062469482421875 159.068756103515625 158.3874969482421875 154.1374969482421875 147.850006103515625 138.6687469482421875 129.9562530517578125 124.15000152587890625 115.78749847412109375 113.6374969482421875 117.5 117.0187530517578125 126.94374847412109375 136 147.274993896484375 155.631256103515625 154.78125 147.3625030517578125 133.8125 131.287506103515625 129.4187469482421875 129.1750030517578125 128.6999969482421875 133.181243896484375 124.05625152587890625 118.97499847412109375 115.40625 118.2937469482421875 119.21250152587890625 114.4187469482421875 104.75624847412109375 95.53749847412109375 86.31874847412109375 76.88124847412109375 74.09999847412109375 73.27500152587890625
142.181243896484375 143.662506103515625 151.056243896484375 155.34375 154 152.850006103515625 154.537506103515625 154.3625030517578125 154.2312469482421875 155.7375030517578125 154.8249969482421875 148.5 142.0124969482421875 137.850006103515625 133.5437469482421875 123.93125152587890625 126.55625152587890625 122.08750152587890625 126.22499847412109375 126.99375152587890625 129.2375030517578125 142.587493896484375 153.306243896484375 152.4812469482421875 147.743743896484375 141.6999969482421875 138.850006103515625 130.7062530517578125 132.100006103515625 131.787506103515625 126.5124969482421875 120.30625152587890625 114.71250152587890625 113.53125 108.47499847412109375 107.2375030517578125 107.21250152587890625 105.81874847412109375 99.59999847412109375 92.1687469482421875 83.46250152587890625 76.4375 73.25624847412109375 72.53749847412109375
137.2687530517578125 146.899993896484375 153.5812530517578125 156.868743896484375 155.84375 152.7937469482421875 146.28125 144.6437530517578125 149.806243896484375 150.681243896484375 149.2624969482421875 147.90625 148.1125030517578125 146.3249969482421875 141.375 134.9875030517578125 128.4562530517578125 125.6875 128.3499908447265625 132.59375 141.21875 146.2375030517578125 149.4812469482421875 149.368743896484375 150.90625 144.5437469482421875 135.662506103515625 130.3562469482421875 128.462493896484375 121.55625152587890625 116.0437469482421875 112.86875152587890625 106.41249847412109375 101.56874847412109375 101.3125 97.34375 94.94374847412109375 94.6875 93.03125 88.65625 81.21250152587890625 75.6125030517578125 71.8562469482421875 69.24375152587890625
129.537506103515625 140.625 152.2375030517578125 152.2687530517578125 149.8249969482421875 146.875 147.625 145.46875 143.7375030517578125 141.34375 146.037506103515625 151.0187530517578125 148.875 149.84375 141.5812530517578125 136.1312408447265625 131.6875 133.6624908447265625 135.181243896484375 137.3625030517578125 143.9499969482421875 152.21875 153.3312530517578125 157.931243896484375 152.537506103515625 143.056243896484375 139.462493896484375 126.27500152587890625 118.90625 114.28749847412109375 108.68125152587890625 104.9187469482421875 100.49375152587890625 94.22499847412109375 92.81874847412109375 88.36875152587890625 87.75 87.6875 85.34375 81.47499847412109375 76.55625152587890625 73.00624847412109375 70.3000030517578125 68.5812530517578125
120.5625 133.5625 143.25 149.5625 149.774993896484375 146.881256103515625 145.3562469482421875 145.53125 142.8625030517578125 144.899993896484375 145.0749969482421875 146.125 148.899993896484375 144.6374969482421875 137.59375 133.5124969482421875 132.118743896484375 131.725006103515625 135.225006103515625 140.9187469482421875 146.7687530517578125 151.162506103515625 159.350006103515625 160.493743896484375 149.6125030517578125 140.006256103515625 131.15625 121.52500152587890625 112.8625030517578125 108.34999847412109375 99.84999847412109375 93.625 89.5124969482421875 87.0500030517578125 84.5749969482421875 82.40625 81.15625 79.1999969482421875 79.0124969482421875 76.49375152587890625 72.83750152587890625 70.97499847412109375 69.93125152587890625 66.7312469482421875
116.84999847412109375 132.0124969482421875 135 141.462493896484375 141.556243896484375 140.7062530517578125 138.4375 139.256256103515625 133.806243896484375 131.993743896484375 137.28125 138.787506103515625 141.1374969482421875 139.3937530517578125 136.2624969482421875 130.193756103515625 129.524993896484375 133.0124969482421875 137.193756103515625 138.7375030517578125 145.1437530517578125 150.9250030517578125 156.8625030517578125 155.0124969482421875 148.037506103515625 135.8249969482421875 126.46250152587890625 116.8562469482421875 105.6374969482421875 99.6437530517578125 91.6125030517578125 85.46250152587890625 81.6875 78.71250152587890625 76.25624847412109375 76.4250030517578125 75.625 72.7375030517578125 71.2687530517578125 71.1875 68.4499969482421875 63.637500762939453125 62.75624847412109375 62.47499847412109375
110.58750152587890625 117.34375 124.7937469482421875 129.3937530517578125 129.993743896484375 130.462493896484375 129.493743896484375 124.80625152587890625 122.83124542236328125 128.125 133.787506103515625 135.0124969482421875 134.5625 134.875 133.8937530517578125 132.375 129.600006103515625 128.625 133.8874969482421875 135.6750030517578125 138.7687530517578125 144.631256103515625 151.5749969482421875 154.8625030517578125 142.100006103515625 130.537506103515625 121.44374847412109375 110.15000152587890625 99.52500152587890625 92.50624847412109375 86.66249847412109375 78.5187530517578125 74.16249847412109375 71.6750030517578125 69.68125152587890625 68.875 69.28125 66.8249969482421875 64.59375 65.34375 64.46875 61.38124847412109375 58.58750152587890625 57.33750152587890625
105.3125 107.19374847412109375 112.6687469482421875 114.2312469482421875 115.2375030517578125 118.09999847412109375 118.96875 116.5812530517578125 117.16249847412109375 122.59999847412109375 125.78125 128.118743896484375 127.46875 126.8625030517578125 125.9562530517578125 125.08750152587890625 123.4375 125.7062530517578125 126.09375 130.4812469482421875 134.8874969482421875 137.068756103515625 145.181243896484375 142.943756103515625 133.75 122.16249847412109375 113.28125 102.5437469482421875 95.19374847412109375 89.75624847412109375 82.8562469482421875 76.38124847412109375 70.81874847412109375 65.47499847412109375 64.93125152587890625 63.825000762939453125 64.05625152587890625 61.424999237060546875 60.643749237060546875 60.774997711181640625 60.299999237060546875 59.41249847412109375 54.356250762939453125 54.24375152587890625
97.3874969482421875 101.33750152587890625 100.9250030517578125 100.7312469482421875 103.28749847412109375 102.53749847412109375 105.09375 108.00624847412109375 111.75 114.5500030517578125 118.46875 120.03125 121.59375 121.9812469482421875 121.3625030517578125 121.06874847412109375 121.50624847412109375 121.40625 124.4187469482421875 128.3000030517578125 128.9187469482421875 129.8125 132.5562591552734375 129.3249969482421875 122.13124847412109375 111.4875030517578125 105.94374847412109375 98.90625 90.80625152587890625 83.4250030517578125 76.31874847412109375 71.4187469482421875 65.6999969482421875 62.49375152587890625 59.700000762939453125 58.299999237060546875 59.21250152587890625 55.668750762939453125 55.30625152587890625 54.75 53.55625152587890625 51.887500762939453125 50.143749237060546875 51.61875152587890625
89.33750152587890625 90.4250030517578125 90.5437469482421875 89.66249847412109375 90.8874969482421875 93.46250152587890625 95.8562469482421875 101.63124847412109375 104.3937530517578125 108.3874969482421875 112.11875152587890625 115.06874847412109375 117.375 118.65625 116.93125152587890625 115.11875152587890625 114.52500152587890625 117.3000030517578125 115.75 115.0625 118.96250152587890625 120.4562530517578125 122.4250030517578125 119.3625030517578125 111.19374847412109375 105.8000030517578125 99.40000152587890625 92.0187530517578125 85.06874847412109375 77.56874847412109375 71.3125 66.09999847412109375 61.94374847412109375 58.875 56.78125 53.94374847412109375 55.143749237060546875 51.75 48.737499237060546875 50.081249237060546875 48.487499237060546875 46.700000762939453125 46.393749237060546875 45.137500762939453125
82.96250152587890625 82.2687530517578125 81.3937530517578125 81.5625 82.74375152587890625 85.2062530517578125 89.44374847412109375 94.0124969482421875 96.875 101.9499969482421875 106.49375152587890625 108.08750152587890625 112.3312530517578125 109.18125152587890625 109.1750030517578125 111.55625152587890625 112.03125 110.90000152587890625 109.90625 110.3625030517578125 111.3000030517578125 110.40000152587890625 111.9499969482421875 109.84375 103.5625 99.02500152587890625 92.43125152587890625 86.2937469482421875 79.4187469482421875 72.84999847412109375 69.0812530517578125 64.15000152587890625 59 54.456249237060546875 51.84375 49.293750762939453125 49.237499237060546875 47.068752288818359375 44.34375 42 41.59375 40.15625 39.549999237060546875 38.96250152587890625
76.1750030517578125 75.1750030517578125 73.50624847412109375 74.6687469482421875 77.75 80.2687530517578125 83.5625 87.31874847412109375 91.1875 94.30625152587890625 96.6125030517578125 99.52500152587890625 100.53125 102.7062530517578125 104.75624847412109375 105.6125030517578125 103.0812530517578125 101.90000152587890625 101.7937469482421875 102.58750152587890625 102.78749847412109375 103.0749969482421875 101.5812530517578125 98.7687530517578125 95.78125 90.84375 86.13124847412109375 80.7687530517578125 74.3625030517578125 71.3874969482421875 66.28749847412109375 60.981250762939453125 56.34999847412109375 51.33750152587890625 47.862499237060546875 44.6875 43.168750762939453125 40 38.66249847412109375 37.018749237060546875 36.668750762939453125 35.55625152587890625 34.450000762939453125 33.706249237060546875
69.1687469482421875 68.46875 68.6062469482421875 69.90625 70.6437530517578125 73.3249969482421875 76.56874847412109375 80.58750152587890625 83.21875 86.66249847412109375 92.4250030517578125 94.3125 96.47499847412109375 100.8249969482421875 102.9187469482421875 100.3125 97.2624969482421875 98.1875 97.8000030517578125 97.61875152587890625 95.34999847412109375 94.15625 94.15000152587890625 92.0749969482421875 88.5500030517578125 84.9499969482421875 80.34375 75.21875 70.6875 67.69374847412109375 63.46875 57.25624847412109375 52.86875152587890625 49.112499237060546875 44.68125152587890625 41.206249237060546875 38.125 34.950000762939453125 33.55625152587890625 33.28749847412109375 32.59999847412109375 31.225000381469726562 29.5 28.356250762939453125
62.33750152587890625 62.768749237060546875 64.61875152587890625 65.3249969482421875 65.5812530517578125 67.47499847412109375 71.1062469482421875 73.18125152587890625 75.58750152587890625 78.61875152587890625 84.59375 89.6999969482421875 92.83750152587890625 94.8937530517578125 95.27500152587890625 95.71875 95.25 93.65625 90.8937530517578125 90.50624847412109375 89.47499847412109375 87.63124847412109375 88.4812469482421875 84.90625 82.7937469482421875 78.4250030517578125 75.8249969482421875 71.5124969482421875 68.58750152587890625 64.8937530517578125 61.268749237060546875 56.518749237060546875 49.78125 45.00624847412109375 41.268749237060546875 37.75624847412109375 34.27500152587890625 30.9375 29.5625 28.625 27.125 26.40625 25.200000762939453125 22.862499237060546875
57.450000762939453125 56.825000762939453125 59.36875152587890625 61.481250762939453125 61.799999237060546875 61.793750762939453125 63.22499847412109375 66.03749847412109375 68.91249847412109375 72.03125 80.16249847412109375 86.3562469482421875 90.58750152587890625 96.3562469482421875 96.65000152587890625 94.4187469482421875 91.41249847412109375 87.25624847412109375 84.33750152587890625 80.65000152587890625 82.3874969482421875 79.6437530517578125 78.88124847412109375 76.36875152587890625 77.03749847412109375 74.5500030517578125 71.5124969482421875 66.9875030517578125 63.887500762939453125 60.11875152587890625 57.125 53.34999847412109375 46.38124847412109375 41.34999847412109375 36.72499847412109375 33.78749847412109375 29.818750381469726562 27.924999237060546875 25.706249237060546875 24.581249237060546875 23.056249618530273438 21.643749237060546875 20.712499618530273438 19.118749618530273438
53.84999847412109375 53.081249237060546875 54.581249237060546875 56.49375152587890625 57.49375152587890625 58.0625 59.268749237060546875 60.49375152587890625 62.3125 64.99375152587890625 70.375 80.3937530517578125 87.72499847412109375 92.40000152587890625 93.24375152587890625 91.59999847412109375 87.88124847412109375 81.7937469482421875 77.875 73.41249847412109375 72.68125152587890625 73.55625152587890625 72.03749847412109375 70.125 70.77500152587890625 68.8874969482421875 66.28749847412109375 62.762500762939453125 61.0625 57 52.875 49.27500152587890625 43.72499847412109375 38.262500762939453125 33.125 30.493749618530273438 28.25 25.237499237060546875 23.512500762939453125 22.475000381469726562 20.950000762939453125 19.3125 18.168750762939453125 17.206249237060546875
49.03749847412109375 50.174999237060546875 50.231250762939453125 52.081249237060546875 53.825000762939453125 54.46250152587890625 55.28749847412109375 57.1875 58.41249847412109375 57.856250762939453125 65.3125 77.7624969482421875 86.0187530517578125 88.68125152587890625 89.5187530517578125 87.8249969482421875 84.9375 79.78125 75.0749969482421875 68.4375 66.3125 67.68125152587890625 66.11875152587890625 65.27500152587890625 64.19374847412109375 63.13124847412109375 62.762500762939453125 59.831249237060546875 56.918750762939453125 52.206249237060546875 49.65625 45.11875152587890625 40.5 35.875 30.90625 28.293750762939453125 26.243749618530273438 24.131250381469726562 21.893749237060546875 20.137500762939453125 18.556249618530273438 17.518749237060546875 15.925000190734863281 16.006250381469726562
44.543750762939453125 45.77500152587890625 46.924999237060546875 49.162502288818359375 50.30625152587890625 51.4375 53.049999237060546875 54.737499237060546875 56.793750762939453125 55.97499847412109375 67.34375 78.8937530517578125 83.8937530517578125 87.24375152587890625 85.58750152587890625 83.65000152587890625 80.52500152587890625 76.4250030517578125 72.5749969482421875 67.28749847412109375 63.75 62.83750152587890625 60.393749237060546875 60.075000762939453125 58.893749237060546875 59.47499847412109375 59.237499237060546875 56.612499237060546875 53.94374847412109375 48.825000762939453125 45.06874847412109375 42.46250152587890625 38.450000762939453125 33.38124847412109375 28.912500381469726562 26.674999237060546875 24.543750762939453125 22.21875 21.318750381469726562 19.143749237060546875 17.262500762939453125 16.40625 14.65625 13.693750381469726562
