data/historical-monthly-weather-data/wc2.1_cruts4.09_10m_prec_1963-05.asc
ncols        51
nrows        45
xllcorner    -63.500000000000
yllcorner    -7.500000000000
cellsize     0.166666666667
NODATA_value -9999
[rows 20 to 39 of 45, columns 0 to 43 of 51]
274.375 287.17498779296875 294.625 296.881256103515625 298.8125 308.91876220703125 314.875 316.33123779296875 314.318756103515625 307.993743896484375 303.01251220703125 298.962493896484375 289.712493896484375 279.787506103515625 265.662506103515625 254.4250030517578125 239.431243896484375 233.25 234.1875 231.0812530517578125 236.6875 240.125 242.0187530517578125 241.618743896484375 239.0749969482421875 231.0124969482421875 219.5500030517578125 213.931243896484375 209.1125030517578125 204.6875 203.0187530517578125 203.868743896484375 196.649993896484375 191.431243896484375 190.2687530517578125 191.443756103515625 190.78125 187.4562530517578125 181.1875 172.71875 164.8000030517578125 157.162506103515625 152.662506103515625 152
268.29376220703125 272.10626220703125 284.212493896484375 294.537506103515625 297.73126220703125 304.193756103515625 313.131256103515625 318.88751220703125 318.17498779296875 312.98748779296875 306.600006103515625 299.056243896484375 289.01873779296875 278.04376220703125 269.4375 255.90625 253.8000030517578125 244.9812469482421875 243.868743896484375 238.475006103515625 234.056243896484375 235.6999969482421875 237.243743896484375 232.53125 224.943756103515625 220.7937469482421875 218.743743896484375 212.9812469482421875 213.3937530517578125 211.024993896484375 205.993743896484375 201.193756103515625 197.75 195.1500091552734375 190.3000030517578125 187.9499969482421875 187.4875030517578125 184.256256103515625 177.9187469482421875 170.149993896484375 163.4250030517578125 156.506256103515625 151.6125030517578125 149.34375
262.67498779296875 275.03125 285.38751220703125 295.4375 298.76873779296875 303.931243896484375 303.306243896484375 311.006256103515625 318.42498779296875 314.98126220703125 306.40625 297.787506103515625 292.48748779296875 282.39373779296875 273.82501220703125 263.51873779296875 256.618743896484375 250.0812530517578125 245.3937530517578125 240.4875030517578125 238.0187530517578125 232.506256103515625 231.087493896484375 224.9875030517578125 221.46875 215.78125 210.71875 210.7375030517578125 211.78125 208.8249969482421875 203.0749969482421875 201.59375 200.78125 197.0500030517578125 193.5187530517578125 185.375 181.537506103515625 180.0812530517578125 177.2687530517578125 169.59375 161.681243896484375 155.4875030517578125 150.193756103515625 147.193756103515625
253.9250030517578125 268.975006103515625 283.068756103515625 290.51251220703125 293.1875 295.48126220703125 305.600006103515625 310.5625 310.79998779296875 306.53125 301.774993896484375 300.149993896484375 293.46875 286.70001220703125 275.943756103515625 265.881256103515625 258.58123779296875 254.100006103515625 250.28125 246.4375 238.912506103515625 233.7687530517578125 228.59375 225.7937469482421875 218.912506103515625 209.4250030517578125 207.118743896484375 207.756256103515625 210.4375 212.2375030517578125 212.350006103515625 212.1875 211.287506103515625 205.975006103515625 200.2624969482421875 188.475006103515625 186.0187530517578125 181.6999969482421875 176.412506103515625 169.3249969482421875 160.7687530517578125 155.806243896484375 151.21875 146.493743896484375
251.068756103515625 266.90625 278.51873779296875 290.07501220703125 295.337493896484375 299.225006103515625 300.65625 305.92498779296875 304.875 303.306243896484375 298.29998779296875 294.118743896484375 292.09375 285.15625 274.306243896484375 266.943756103515625 263.15625 257.662506103515625 251.84375 247.78125 243.006256103515625 235.056243896484375 231.0187530517578125 225.6875 217.8937530517578125 214.243743896484375 211.712493896484375 212.993743896484375 214.875 220.556243896484375 222.056243896484375 227.2687530517578125 224.8562469482421875 218.1437530517578125 206.9562530517578125 196.1062469482421875 190.475006103515625 181.412506103515625 175.037506103515625 168.068756103515625 160.6374969482421875 154.693756103515625 150.1999969482421875 144.0124969482421875
254.8562469482421875 272.068756103515625 276.3125 285.98748779296875 287.368743896484375 290 290.899993896484375 295.006256103515625 290.98126220703125 286.443756103515625 289.95623779296875 289.556243896484375 284.29376220703125 279.28125 275.38751220703125 268.5625 265.07501220703125 259.725006103515625 253.7375030517578125 248.21875 243.46875 235.71875 231.4250030517578125 223.2062530517578125 218.4875030517578125 214.149993896484375 217.0625 218.4375 219.8125 226.3562469482421875 233.3000030517578125 245.0812530517578125 242.96875 229.131256103515625 214.899993896484375 203.8312530517578125 193.024993896484375 183.6687469482421875 172.9499969482421875 165.3249969482421875 158.6999969482421875 151.631256103515625 145.53125 141.2937469482421875
256.431243896484375 264.01251220703125 271.662506103515625 277.6875 278.58123779296875 281.01873779296875 281.131256103515625 280.056243896484375 278.45623779296875 282.75 283.98126220703125 280.48748779296875 278.70623779296875 275.95001220703125 272.375 268.75 263.274993896484375 256.337493896484375 255.600006103515625 249.368743896484375 242.024993896484375 235.787506103515625 231.34375 227.0812530517578125 222.1374969482421875 218.3249969482421875 220.725006103515625 222.100006103515625 224.568756103515625 229.0500030517578125 239.5812530517578125 251.3874969482421875 253.25 234.875 217.1999969482421875 204.2375030517578125 195.53125 183.7062530517578125 172.90625 165.087493896484375 157.475006103515625 150.368743896484375 144.274993896484375 138.1999969482421875
259.73748779296875 261.89373779296875 266.212493896484375 267.11248779296875 268.806243896484375 272.16876220703125 273.14373779296875 269.8125 270.681243896484375 274.39373779296875 274.399993896484375 271.39373779296875 270.568756103515625 268.131256103515625 267.287506103515625 261.73748779296875 260.13751220703125 258.725006103515625 257.881256103515625 253.056243896484375 245.59375 237.40625 235.3249969482421875 229.693756103515625 225.399993896484375 220.15625 222.8125 224.03125 227.125 232.1125030517578125 240.375 248.806243896484375 246.350006103515625 231.34375 217.931243896484375 205.125 193.868743896484375 184.600006103515625 175.306243896484375 165.131256103515625 156.1125030517578125 150.318756103515625 144.1687469482421875 138.7375030517578125
258.04998779296875 258.681243896484375 258.375 258.350006103515625 258.58123779296875 256.48126220703125 255.4375 258.04376220703125 263.54376220703125 263.756256103515625 264.51251220703125 264.1875 262.943756103515625 264.0625 265.79998779296875 265.399993896484375 263.756256103515625 260.46875 258.037506103515625 254.2375030517578125 247.4562530517578125 239.1437530517578125 235.15625 229.4187469482421875 224.756256103515625 217.7687530517578125 220.65625 224 226.725006103515625 229.875 236.2062530517578125 239.53125 234.3625030517578125 223.212493896484375 214.4875030517578125 203.100006103515625 193.274993896484375 182.8000030517578125 173.7062530517578125 163.6687469482421875 152.412506103515625 145.1125030517578125 141.9375 139.8249969482421875
254.40625 252.375 248.2687530517578125 243.381256103515625 241.475006103515625 243.3625030517578125 243.556243896484375 248.931243896484375 252.225006103515625 251.243743896484375 253.78125 255.131256103515625 256 258.962493896484375 261.28125 262.056243896484375 261.024993896484375 262.1875 258.5 252.125 246.03125 240.3249969482421875 235.6374969482421875 228.6374969482421875 221.1999969482421875 218.962493896484375 218.3312530517578125 217.7312469482421875 219.8249969482421875 222.6687469482421875 227.368743896484375 227.7937469482421875 222.7062530517578125 215.4812469482421875 208.5062408447265625 197.287506103515625 192.09375 183.1687469482421875 173.4375 167.287506103515625 158.912506103515625 150.6437530517578125 144.1374969482421875 139.15625
249.912506103515625 244.9375 237.7687530517578125 234.068756103515625 232.5124969482421875 233.46875 236.6374969482421875 238.6437530517578125 241.787506103515625 243.3937530517578125 245.7937469482421875 246.3125 251.3125 251.4187469482421875 254.4499969482421875 258.17498779296875 259.756256103515625 258.67498779296875 256.975006103515625 253.649993896484375 244.65625 237.5749969482421875 233.125 224.149993896484375 217.0625 216.712493896484375 214.5437469482421875 212.1374969482421875 213.5437469482421875 214.318756103515625 218.2687530517578125 216.0812530517578125 211.243743896484375 205.9562530517578125 199.649993896484375 189.631256103515625 185.287506103515625 180.524993896484375 174.6374969482421875 167.774993896484375 162.8625030517578125 154.1875 146.9375 139.5687408447265625
239.53125 233.037506103515625 226.9187469482421875 224.2375030517578125 224.193756103515625 223.4250030517578125 229.125 228.03125 230.5187530517578125 231.7375030517578125 234.162506103515625 234.475006103515625 239.21875 243.850006103515625 246.90625 252.256256103515625 251.068756103515625 249.7624969482421875 248.6750030517578125 246.65625 237.556243896484375 231.600006103515625 226.6437530517578125 219.7312469482421875 216.6125030517578125 212.837493896484375 210.4875030517578125 206.462493896484375 204.2624969482421875 205.350006103515625 204.3312530517578125 203.149993896484375 198.131256103515625 193.71875 189.743743896484375 182.306243896484375 178.0187530517578125 175.1437530517578125 169.875 167.7687530517578125 163.46875 156.350006103515625 149.8937530517578125 145.118743896484375
225.818756103515625 221.318756103515625 215.881256103515625 214.975006103515625 212.681243896484375 211.78125 215.09375 215.4250030517578125 217.875 221.3249969482421875 227.9562530517578125 229.212493896484375 233.3874969482421875 239.46875 241.25 242.4187469482421875 241.6687469482421875 243.3937530517578125 239.537506103515625 237.2375030517578125 228.399993896484375 224.193756103515625 218.2937469482421875 214.2624969482421875 210.8874969482421875 208.1687469482421875 203.912506103515625 200.3937530517578125 195.96875 194.6875 193.693756103515625 190.9187469482421875 184.943756103515625 183.71875 179.524993896484375 176.056243896484375 170.3125 168.0812530517578125 164.0749969482421875 164.6999969482421875 161.131256103515625 157.09375 152.318756103515625 149.662506103515625
212.8249969482421875 208.1687469482421875 206.493743896484375 205.375 205.0500030517578125 202.7312469482421875 203.15625 202.375 204.125 207.7562408447265625 213.806243896484375 220.1875 223.774993896484375 227.6437530517578125 231.350006103515625 234.7624969482421875 235.2375030517578125 235.1750030517578125 229.4875030517578125 225.056243896484375 220.25 216.837493896484375 211.625 206.1812591552734375 203.71875 200.0625 195.087493896484375 190.693756103515625 187.962493896484375 185.431243896484375 183.212493896484375 179.6062469482421875 175.0187530517578125 171.4375 168.975006103515625 165.462493896484375 162.4250030517578125 158.09375 157.65625 157.6687469482421875 155.21875 154.524993896484375 153.743743896484375 152.462493896484375
198.899993896484375 195.493743896484375 195.493743896484375 196.40625 196.725006103515625 194.1875 190.618743896484375 189.993743896484375 188.6374969482421875 193.006256103515625 200.912506103515625 208.399993896484375 216.75 223.75 226.21875 227.818756103515625 226.993743896484375 226.431243896484375 221.0187530517578125 214.037506103515625 209.881256103515625 205.149993896484375 202.193756103515625 197.2062530517578125 194.306243896484375 191.162506103515625 188.6374969482421875 185.0749969482421875 181.5437469482421875 178.756256103515625 174.28125 169.774993896484375 163.6125030517578125 160.8625030517578125 154.3125 152.5749969482421875 148.75 149.875 149.943756103515625 149.506256103515625 148.4499969482421875 147.131256103515625 147.4812469482421875 148.850006103515625
188.7312469482421875 187.368743896484375 185.8125 185.7687530517578125 185.0124969482421875 182.431243896484375 178.1875 177.6875 176.6875 177.6750030517578125 183.875 196.3937530517578125 208.625 215.056243896484375 218.9562530517578125 219.368743896484375 218.118743896484375 214.350006103515625 211.225006103515625 204.225006103515625 200.5500030517578125 196.3625030517578125 192.90625 189.3249969482421875 185.899993896484375 182.40625 182.2624969482421875 179.587493896484375 174.225006103515625 170.3562469482421875 166.15625 161.1374969482421875 154.774993896484375 148.6687469482421875 143.649993896484375 141.1875 142.693756103515625 140.4875030517578125 140.912506103515625 143.193756103515625 141.912506103515625 143.1062469482421875 142.6875 144.1875
180.149993896484375 180.1999969482421875 178.443756103515625 177.931243896484375 177.84375 173.875 170.381256103515625 167.056243896484375 164.787506103515625 160.9812469482421875 173.2937469482421875 194.2687530517578125 205.056243896484375 209.818756103515625 211.875 211.5625 208.193756103515625 203.6125030517578125 200.212493896484375 192.412506103515625 189.9499969482421875 186.6125030517578125 182.1437530517578125 179.037506103515625 176.556243896484375 175.5187530517578125 174.09375 171.243743896484375 166.662506103515625 163.1437530517578125 159.3874969482421875 154.962493896484375 147.9250030517578125 139.8562469482421875 135.412506103515625 135.037506103515625 135.125 134.818756103515625 134.2937469482421875 134.618743896484375 133.7062530517578125 133.53125 136.806243896484375 139.3562469482421875
172.743743896484375 172.587493896484375 172.6999969482421875 171.537506103515625 172.350006103515625 169.506256103515625 166.318756103515625 162.0625 159.8000030517578125 155.9187469482421875 178.3625030517578125 199.475006103515625 205.34375 208.3937530517578125 207.7062530517578125 205.5500030517578125 200.899993896484375 196.8249969482421875 190.8874969482421875 185.0124969482421875 179.7937469482421875 176.65625 172.8625030517578125 170.056243896484375 167.8312530517578125 166.600006103515625 163.7062530517578125 164.850006103515625 162.0500030517578125 156.837493896484375 151.6125030517578125 147.225006103515625 141.4375 132.7687530517578125 126.1999969482421875 126.3249969482421875 128.0625 127.5812530517578125 129.350006103515625 128.212493896484375 127.8249969482421875 128.381256103515625 127.88124847412109375 128.40625
164.5749969482421875 164.5 164.6374969482421875 164.912506103515625 163.5187530517578125 162.274993896484375 162.225006103515625 163.0812530517578125 167.34375 179.5812530517578125 205.600006103515625 209.9875030517578125 206.493743896484375 206.5625 204.3874969482421875 201.1750030517578125 196.962493896484375 191.78125 186.056243896484375 178.7062530517578125 171.5437469482421875 166.037506103515625 163.4812469482421875 162.431243896484375 159.2624969482421875 157.7687530517578125 157.8000030517578125 158.9187469482421875 155.3312530517578125 152.318756103515625 145.9375 138.587493896484375 134.556243896484375 129.756256103515625 126.9250030517578125 125.86875152587890625 125.27500152587890625 126.56874847412109375 124.9562530517578125 122.2312469482421875 123.375 123.41249847412109375 121.78749847412109375 123.375
159.243743896484375 158.5124969482421875 159.787506103515625 160.0187530517578125 160.149993896484375 159.7687530517578125 159.5812530517578125 165.875 173.8562469482421875 186.0124969482421875 198.4250030517578125 205.056243896484375 202.693756103515625 200.9562530517578125 200.712493896484375 195.6999969482421875 190.2375030517578125 184.350006103515625 177.4562530517578125 171.375 162.912506103515625 157.712493896484375 152.5875091552734375 151.4875030517578125 150.4562530517578125 150.3125 149.931243896484375 150.53125 148.25 145.4375 141.6687469482421875 138.2375030517578125 134.1875 130.975006103515625 128.475006103515625 126.36875152587890625 124.74375152587890625 125.30625152587890625 123.19374847412109375 118.21875 117.7312469482421875 117.58750152587890625 114.9562530517578125 114.1875
