data/historical-monthly-weather-data/wc2.1_cruts4.09_10m_prec_1991-12.asc
ncols        51
nrows        45
xllcorner    -63.500000000000
yllcorner    -7.500000000000
cellsize     0.166666666667
NODATA_value -9999
[rows 19 to 37 of 45, columns 0 to 43 of 51]
173.5187530517578125 171.5500030517578125 170.037506103515625 170.21875 171.056243896484375 173.2937469482421875 175.243743896484375 177.2687530517578125 180.368743896484375 182.3125 183.3312530517578125 181.2937469482421875 178.3874969482421875 174.3249969482421875 168.3562469482421875 161.1999969482421875 154.212493896484375 148.5124969482421875 143.4312591552734375 138.5500030517578125 128.662506103515625 118.03749847412109375 108.74375152587890625 103.13124847412109375 98.2937469482421875 93.53125 89.59999847412109375 84.5812530517578125 77.61875152587890625 71.4562530517578125 67.8312530517578125 67.90625 64.6437530517578125 60.46250152587890625 56.22499847412109375 53.075000762939453125 51.643749237060546875 50.24375152587890625 48.11875152587890625 44.40000152587890625 39.799999237060546875 37.16249847412109375 35.86875152587890625 35.25
171.100006103515625 170.46875 169.943756103515625 170.2312469482421875 171.3937530517578125 174.274993896484375 176.881256103515625 179.3000030517578125 182.806243896484375 185.1125030517578125 185.5187530517578125 183.5 180.6125030517578125 176.2687530517578125 169.962493896484375 162.6125030517578125 155.4250030517578125 148.850006103515625 144.162506103515625 138.8937530517578125 130.068756103515625 120.58750152587890625 111.8562469482421875 106.3312530517578125 101.93125152587890625 97.40000152587890625 93.6750030517578125 88.2062530517578125 81.9875030517578125 78.33750152587890625 76.18125152587890625 75.56874847412109375 70.8249969482421875 65.9187469482421875 61.293750762939453125 57.81874847412109375 55.006252288818359375 52.15000152587890625 48.981250762939453125 44.768749237060546875 40.081249237060546875 37.487499237060546875 35.75 34.65625
168.868743896484375 167.75 168.1875 170.100006103515625 172.087493896484375 175.2687530517578125 178.71875 181.9187469482421875 185.243743896484375 187.25 186.9499969482421875 184.568756103515625 181.5 176.9375 171.0124969482421875 164.1437530517578125 157.4562530517578125 151.125 145.6875 140.0187530517578125 130.5500030517578125 121.8625030517578125 114.4499969482421875 108.7624969482421875 104.19374847412109375 100.59999847412109375 98.7062530517578125 93.7624969482421875 88.0500030517578125 85.8874969482421875 84.875 84.1999969482421875 78.03125 71.96875 66.125 61.84999847412109375 58.5 55.25624847412109375 51.28125 46.09375 40.987499237060546875 38.09375 35.887500762939453125 34.40000152587890625
167.25 167.3874969482421875 167.5625 169.4812469482421875 172.3125 176.6875 180.368743896484375 184.40625 188.631256103515625 189.693756103515625 188.6437530517578125 185.3249969482421875 182.5812530517578125 178.4312591552734375 172.399993896484375 165.681243896484375 158.8874969482421875 152.243743896484375 146.568756103515625 140.181243896484375 131.0749969482421875 122.66249847412109375 115.31874847412109375 109.66249847412109375 105.41249847412109375 102.8312530517578125 102.59375 98.5124969482421875 93.36875152587890625 92.77500152587890625 93.28125 93.1437530517578125 86.05625152587890625 78.22499847412109375 71.0437469482421875 65.2687530517578125 61.46875 58.606250762939453125 53.931247711181640625 47.731250762939453125 41.94374847412109375 38.58750152587890625 36.012500762939453125 34.168750762939453125
167.15625 166.96875 166.875 169.0187530517578125 172.5625 177.5124969482421875 182.375 186.475006103515625 190.21875 190.6125030517578125 189.3874969482421875 186.9812469482421875 184.600006103515625 181.21875 174.8937530517578125 167.881256103515625 161.1125030517578125 154.5437469482421875 148.431243896484375 141.743743896484375 132.1062469482421875 123.5437469482421875 115.81874847412109375 110.41249847412109375 106.1437530517578125 103.46875 103.55625152587890625 101.6687469482421875 99.0749969482421875 99.9875030517578125 101.97499847412109375 102.22499847412109375 94.6999969482421875 85.74375152587890625 77.34999847412109375 69.5124969482421875 64.08750152587890625 59.96250152587890625 54.69374847412109375 48.081249237060546875 41.793750762939453125 38.40000152587890625 35.637500762939453125 33.731250762939453125
169.40625 168.4375 167.506256103515625 171.1062469482421875 175.90625 180.4250030517578125 184.8125 187.975006103515625 190.537506103515625 191.431243896484375 190.618743896484375 188.475006103515625 186.462493896484375 183.46875 177.3249969482421875 170.350006103515625 163.412506103515625 156.912506103515625 150.4812469482421875 143.5 133.4562530517578125 124.0749969482421875 116.09999847412109375 110.28749847412109375 106.3562469482421875 104.24375152587890625 104.90000152587890625 104.6999969482421875 104 106.8562469482421875 110.40625 111.625 103.74375152587890625 93.94374847412109375 84.16249847412109375 75.1687469482421875 67.80625152587890625 60.78749847412109375 54.71875 48.081249237060546875 41.56874847412109375 38.106250762939453125 35.206249237060546875 33.512500762939453125
175.3125 176.149993896484375 175.09375 177.806243896484375 180.46875 184.1187591552734375 187.1750030517578125 189.3937530517578125 191.287506103515625 191.6062469482421875 190.725006103515625 189.65625 188.0625 185.6062469482421875 179.90625 173.068756103515625 165.8312530517578125 159.3562469482421875 152.818756103515625 145.53125 135.975006103515625 125.56874847412109375 116.33750152587890625 109.49375152587890625 106.8125 105.7375030517578125 107.61875152587890625 108.68125152587890625 109.4562530517578125 113.7375030517578125 118.5187530517578125 121.5437469482421875 113.4375 102.28749847412109375 91.44374847412109375 80.75624847412109375 71.2624969482421875 62.25 55.41249847412109375 48.49375152587890625 41.700000762939453125 37.887500762939453125 34.768749237060546875 32.893749237060546875
180.8125 182.256256103515625 183.318756103515625 185.7624969482421875 187.662506103515625 189.912506103515625 190.96875 191.649993896484375 192.0749969482421875 192.5124969482421875 192.5812530517578125 192.068756103515625 190.850006103515625 189.193756103515625 183.837493896484375 177.5749969482421875 170.7375030517578125 164.2687530517578125 157.681243896484375 149.8937530517578125 140.212493896484375 129.787506103515625 119.93125152587890625 112.18125152587890625 110.7687530517578125 110.3874969482421875 113.0187530517578125 115.0124969482421875 117.1125030517578125 121.9187469482421875 127.5812530517578125 131.25 122.41249847412109375 109.30625152587890625 96.5812530517578125 84.96250152587890625 73.9812469482421875 63.78125 56.49375152587890625 49.46875 42.549999237060546875 38.52500152587890625 35.06874847412109375 33.137500762939453125
187.0187530517578125 189.1999969482421875 191.8249969482421875 194.506256103515625 195.8000030517578125 196.5749969482421875 196.068756103515625 194.625 193.90625 193.475006103515625 193.0374908447265625 193.225006103515625 193.65625 193.03125 188.1437530517578125 181.943756103515625 175.8562469482421875 169.3249969482421875 162.943756103515625 155.34375 146.3125 136.837493896484375 128.725006103515625 121.93125152587890625 118.8874969482421875 117.8125 120.1374969482421875 122.3249969482421875 124.8312530517578125 129.8312530517578125 135.375 138.556243896484375 128.181243896484375 114.28749847412109375 100.33750152587890625 87.9812469482421875 76.28125 65.40625 57.96875 50.93125152587890625 44.03125 40.00624847412109375 35.75624847412109375 33.793750762939453125
192.3249969482421875 195.600006103515625 199.881256103515625 204.037506103515625 204.837493896484375 203.0749969482421875 200.337493896484375 197.4562530517578125 195.712493896484375 194.181243896484375 193.8562469482421875 195.125 196.3312530517578125 196.881256103515625 192.287506103515625 187.350006103515625 181.837493896484375 175.71875 169.4187469482421875 162.1750030517578125 153.975006103515625 145.78125 139.1750030517578125 132.5625 128.75 126.86875152587890625 128.774993896484375 131.0124969482421875 133.681243896484375 137.9812469482421875 142.75 144.9375 133.287506103515625 118.24375152587890625 103.49375152587890625 90.7937469482421875 78.7062530517578125 67.18125152587890625 59.362499237060546875 52.34375 45.737499237060546875 41.59375 37.575000762939453125 36.30625152587890625
198.03125 201.962493896484375 207.881256103515625 213.787506103515625 215.681243896484375 210.2937469482421875 204.7687530517578125 200.5812530517578125 197.75 195.46875 194.975006103515625 196.2624969482421875 198.8249969482421875 200.662506103515625 197.5124969482421875 193.337493896484375 189.212493896484375 184.6374969482421875 178.712493896484375 171.4375 163.6374969482421875 156.443756103515625 150.118743896484375 144.2687530517578125 140.5187530517578125 138.5500030517578125 139.4250030517578125 141.75 143.9562530517578125 146.806243896484375 149.78125 150.25 138.46875 123.34999847412109375 108.4375 95.11875152587890625 82.4562530517578125 70.26250457763671875 62 54.331249237060546875 47.08750152587890625 43.918750762939453125 40.981250762939453125 39.956249237060546875
202.1125030517578125 206.462493896484375 212.2062530517578125 218.631256103515625 220.131256103515625 213.0625 206.600006103515625 201.225006103515625 197.6750030517578125 196.0437469482421875 195.6437530517578125 197.625 201.0500030517578125 203.5749969482421875 201.6125030517578125 199.306243896484375 197.2624969482421875 192.818756103515625 188.0999908447265625 181.149993896484375 173.712493896484375 167.09375 161.5749969482421875 156.212493896484375 152.4187469482421875 150.3000030517578125 151.03125 153 154.756256103515625 156.193756103515625 157.056243896484375 155.7062530517578125 143.3625030517578125 128.53125 113.4499969482421875 99.7624969482421875 86.58750152587890625 73.75624847412109375 64.7687530517578125 56.237499237060546875 48.762500762939453125 46.31874847412109375 44.44374847412109375 43.15000152587890625
205.1750030517578125 208.5124969482421875 212.875 215.8874969482421875 215.2687530517578125 210.524993896484375 205 199.3874969482421875 196.462493896484375 194.806243896484375 195.024993896484375 198.28125 202.774993896484375 206.212493896484375 206.4375 205.806243896484375 203.868743896484375 199.6374969482421875 195.006256103515625 188.8874969482421875 182.818756103515625 177.1437530517578125 171.9812469482421875 167.212493896484375 164.625 162.53125 162.75 164.5500030517578125 166.100006103515625 165.9499969482421875 164.806243896484375 161.7375030517578125 148.443756103515625 133.618743896484375 118.7312469482421875 105.0124969482421875 91.0187530517578125 77.4812469482421875 68.03125 59.174999237060546875 51.81874847412109375 50.08750152587890625 49.143749237060546875 48.556247711181640625
209.1062469482421875 210.181243896484375 211.725006103515625 213.1875 212.0187530517578125 207.8249969482421875 202.28125 196.8625030517578125 194.0437469482421875 193.162506103515625 195.774993896484375 199.943756103515625 205.868743896484375 211.5812530517578125 212.881256103515625 212.90625 211.443756103515625 208.0625 202.399993896484375 196.78125 191.568756103515625 186.875 182.34375 178.1875 176.181243896484375 175.09375 175.462493896484375 176.462493896484375 178.1437530517578125 176.368743896484375 173.9187469482421875 169.5187530517578125 156.318756103515625 141.631256103515625 126.95624542236328125 113.00624847412109375 98.84375 85.1437530517578125 75.65625 67.56874847412109375 60.1875 58.65625 58.325000762939453125 59.03749847412109375
212.337493896484375 211.4250030517578125 211.618743896484375 210.9812469482421875 208.1999969482421875 204.006256103515625 199.1062469482421875 193.9187469482421875 191.068756103515625 190.556243896484375 193.618743896484375 201.056243896484375 209.274993896484375 215.712493896484375 218.743743896484375 219.7375030517578125 219.625 216.350006103515625 210.3312530517578125 204.84375 200.2312469482421875 195.8249969482421875 191.524993896484375 188.46875 186.96875 186.5437469482421875 187.5625 189.03125 190.8249969482421875 187.2312469482421875 183.0812530517578125 177.6999969482421875 164.5812530517578125 150.2062530517578125 135.506256103515625 121.36875152587890625 107.30625152587890625 93.15625 84.4250030517578125 76.74375152587890625 69.72499847412109375 68.25 68.2375030517578125 69.6999969482421875
214.975006103515625 213.0124969482421875 211.774993896484375 209.2874908447265625 205.818756103515625 201.1374969482421875 195.7874908447265625 190.4875030517578125 186.7312469482421875 186.693756103515625 191.6125030517578125 201.5 213.068756103515625 222.318756103515625 226.462493896484375 228.381256103515625 228.506256103515625 224.712493896484375 219.149993896484375 212.681243896484375 208.96875 204.2937469482421875 201.03125 198.506256103515625 197.368743896484375 197.71875 199.0124969482421875 201.1125030517578125 202.850006103515625 198.0437469482421875 192.493743896484375 185.8625030517578125 173.0812530517578125 159.25 144.787506103515625 130.2937469482421875 115.94374847412109375 102.5437469482421875 94.34999847412109375 86.7062530517578125 80.0812530517578125 78.46875 78.2687530517578125 79.47499847412109375
219.1687469482421875 216.274993896484375 213.6687469482421875 210.274993896484375 205.743743896484375 200.774993896484375 194.5 188.068756103515625 183.149993896484375 181.78125 188.681243896484375 202.631256103515625 218.1687469482421875 229.431243896484375 234.9875030517578125 237.681243896484375 237.9875030517578125 234.03125 227.618743896484375 220.7375030517578125 216.8312530517578125 213.274993896484375 209.4499969482421875 207.381256103515625 207.068756103515625 207.4625091552734375 209.1999969482421875 211.3625030517578125 212.9812469482421875 208.0749969482421875 202.3125 195.024993896484375 183.193756103515625 169.943756103515625 156.243743896484375 142.40625 129.806243896484375 117.375 109.46875 102.375 96.11875152587890625 94.625 93.94374847412109375 94.65625
223.2437591552734375 219.7312469482421875 216.46875 212.693756103515625 208.024993896484375 202.943756103515625 196.9499969482421875 189.28125 181.7624969482421875 176.0625 187.1687469482421875 209.4499969482421875 226.3312530517578125 237.4562530517578125 243.8937530517578125 247.1125030517578125 248.03125 243.399993896484375 237.0437469482421875 229.850006103515625 225.381256103515625 221.256256103515625 217.4562530517578125 215.7687530517578125 215.4562530517578125 216.4375 218.024993896484375 221.181243896484375 223.443756103515625 218.412506103515625 212.0437469482421875 204.506256103515625 193.3937530517578125 181.3937530517578125 168.443756103515625 156.4812469482421875 144.84375 133.368743896484375 125.40625 118.5437469482421875 112.46875 110.65625 109.6062469482421875 109.74375152587890625
226.181243896484375 222.756256103515625 219.681243896484375 215.850006103515625 211.8562469482421875 206.8874969482421875 202 195.368743896484375 188.625 180.90625 203.037506103515625 227.7687530517578125 240.28125 248.9250030517578125 254.5500030517578125 257.8125 258.231231689453125 253.6437530517578125 246.287506103515625 239.068756103515625 233.181243896484375 228.375 224.7624969482421875 223.2624969482421875 222.993743896484375 224.225006103515625 227.0625 230.3937530517578125 232.8625030517578125 228.2062530517578125 221.2375030517578125 213.8874969482421875 203.7937469482421875 192.9499969482421875 181.125 170.3874969482421875 159.743743896484375 149.0187530517578125 141.59375 134.743743896484375 128.556243896484375 126.28749847412109375 124.5187530517578125 123.9499969482421875
