data/historical-monthly-weather-data/wc2.1_cruts4.09_10m_prec_1957-06.asc
ncols        45
nrows        45
xllcorner    -63.500000000000
yllcorner    -7.500000000000
cellsize     0.166666666667
NODATA_value -9999
[rows 0 to 18 of 45, columns 0 to 43 of 45]
279.04376220703125 274.993743896484375 272.875 279.899993896484375 282.993743896484375 288.524993896484375 288.54998779296875 286.8125 280.393768310546875 283.63751220703125 289.35626220703125 290.875 292.75 291.16876220703125 288.125 286.71875 282.78125 278.243743896484375 273.287506103515625 271.39373779296875 272.962493896484375 265.92498779296875 260.4375 251.631256103515625 244.8625030517578125 239.5500030517578125 237.90625 238.368743896484375 231.6750030517578125 221.9812469482421875 207.4875030517578125 199.1750030517578125 193.850006103515625 184.6999969482421875 176.725006103515625 171.875 167 163.8562469482421875 159.2624969482421875 156.8937530517578125 157.15625 162.131256103515625 161.5187530517578125 162.71875
273.98126220703125 270.04998779296875 273.71875 278.51251220703125 285.67498779296875 290.506256103515625 289.76873779296875 287 287.193756103515625 289.375 291.26873779296875 289.98126220703125 283.556243896484375 279.26873779296875 274.03125 270.46875 264.25 257.287506103515625 252.1687469482421875 251.7062530517578125 251.181243896484375 245.0625 241.712493896484375 235.5625 228.787506103515625 222.4250030517578125 221.3625030517578125 219.493743896484375 213.931243896484375 200.5500030517578125 189.65625 184.662506103515625 177.6999969482421875 170.7624969482421875 164.600006103515625 157.443756103515625 153.556243896484375 149.5124969482421875 145.6062469482421875 143.9187469482421875 146.0500030517578125 144.274993896484375 148.1062469482421875 149.318756103515625
265.818756103515625 269.89373779296875 273.375 273.71875 281.212493896484375 288.024993896484375 289.20001220703125 293.45001220703125 293.76251220703125 294.274993896484375 291.84375 285 278.837493896484375 267.20623779296875 259.29998779296875 253.600006103515625 244.931243896484375 238.28125 233.412506103515625 230.5 229.9250030517578125 228.806243896484375 224.3625030517578125 221.9875030517578125 212.131256103515625 204.631256103515625 207.1999969482421875 203.7312469482421875 195.9375 188.6437530517578125 176.8937530517578125 169.2375030517578125 162.34375 157.1437530517578125 149.556243896484375 139.75 137.3937530517578125 135.537506103515625 132.475006103515625 131.3937530517578125 134.5124969482421875 134.6687469482421875 136.412506103515625 136.618743896484375
256.39373779296875 256.306243896484375 264.89373779296875 270.306243896484375 274.03125 279.806243896484375 285.48748779296875 290.86248779296875 294.837493896484375 296.41876220703125 289.5 278.14373779296875 266.4375 252.9812469482421875 244.96875 237.9187469482421875 226.0187530517578125 220.399993896484375 215.5437469482421875 218.6875 215.6750030517578125 208.9499969482421875 205.8874969482421875 204.818756103515625 194.993743896484375 187.931243896484375 187.9562530517578125 183.0437469482421875 179.5124969482421875 173.774993896484375 164.9499969482421875 155.7375030517578125 148.993743896484375 140.5187530517578125 133.5124969482421875 131.056243896484375 128.78125 124.90000152587890625 121.58750152587890625 120.51874542236328125 122.2624969482421875 125.3249969482421875 126.6750030517578125 126.3312530517578125
266.98748779296875 264.08123779296875 256.32501220703125 263.537506103515625 273.98126220703125 274.83123779296875 280.03125 289.79998779296875 298.618743896484375 300.34375 291.10626220703125 269.40625 256.04998779296875 243.0812530517578125 231.181243896484375 222.4562530517578125 212.625 202.2687530517578125 196.806243896484375 197.4250030517578125 194.006256103515625 190.631256103515625 188.3249969482421875 185.7937469482421875 176.7624969482421875 171.087493896484375 168.9875030517578125 169.493743896484375 166.931243896484375 158.462493896484375 152.962493896484375 146.506256103515625 138.6062469482421875 131.75 127.1437530517578125 121.40625 118.46250152587890625 116.2687530517578125 112.1875 109.71250152587890625 111.43125152587890625 114.09999847412109375 116.41249847412109375 118.50624847412109375
264.48748779296875 266.92498779296875 260.875 250.3125 264.118743896484375 275.98748779296875 277.399993896484375 283.087493896484375 295.068756103515625 297.96875 282.41876220703125 261.412506103515625 248.149993896484375 234.9187469482421875 220.462493896484375 210.96875 199.5500030517578125 189.287506103515625 185.84375 183.618743896484375 182.274993896484375 178.0625 174.4187469482421875 167.96875 163.09375 158.787506103515625 155.4187469482421875 156.0124969482421875 154.431243896484375 147.274993896484375 144.2624969482421875 138.9375 133.59375 125.91249847412109375 118.3000030517578125 116.9250030517578125 111.81874847412109375 105.49375152587890625 104.16249847412109375 105.2375030517578125 104.38124847412109375 107.66249847412109375 108.38124847412109375 109.8562469482421875
268.36248779296875 268.25 263.625 258.20623779296875 254.556243896484375 254.5749969482421875 255.8562469482421875 267.368743896484375 269.381256103515625 271.037506103515625 262.431243896484375 246.3000030517578125 236.975006103515625 226.774993896484375 213.225006103515625 202.212493896484375 192.7375030517578125 182.4562530517578125 173.8937530517578125 171.6374969482421875 165.443756103515625 161.9375 157.375 154.0500030517578125 153.03125 149.0437469482421875 145.46875 144.287506103515625 142.7937469482421875 141.84375 135.5875091552734375 128.756256103515625 122.74375152587890625 118.5124969482421875 114.99375152587890625 110.21875 102.75624847412109375 98.47499847412109375 96.53125 97.9250030517578125 96.83750152587890625 98.6999969482421875 100.90000152587890625 102.3562469482421875
268.79376220703125 263.83123779296875 260.350006103515625 262.350006103515625 259.38751220703125 262.03125 249.962493896484375 239.6687469482421875 231.3249969482421875 236.537506103515625 237.1750030517578125 230.3000030517578125 224.5437469482421875 215.318756103515625 206.912506103515625 196.21875 183.431243896484375 173.837493896484375 164.493743896484375 156.287506103515625 158.3625030517578125 152.2687530517578125 146.4812469482421875 142.787506103515625 141.743743896484375 136.475006103515625 134.2624969482421875 133.21875 132.181243896484375 128.4875030517578125 128.443756103515625 122.02500152587890625 117.0437469482421875 111.875 105.3312530517578125 100.2312469482421875 95.24375152587890625 91.06874847412109375 87.15000152587890625 85.7624969482421875 85.97499847412109375 89.44374847412109375 89.24375152587890625 88.875
265.537506103515625 263.399993896484375 256.79998779296875 255.5812530517578125 255.0812530517578125 251.006256103515625 248.5749969482421875 243.1062469482421875 225.8562469482421875 215.0500030517578125 212.806243896484375 211.1875 213.100006103515625 206.6687469482421875 199.493743896484375 188.1062469482421875 182.1437530517578125 174.712493896484375 166.818756103515625 155.6062469482421875 146.631256103515625 146.6999969482421875 137.131256103515625 137.568756103515625 133.0500030517578125 128.7375030517578125 126.7062530517578125 127.18125152587890625 129.1687469482421875 125.1750030517578125 125.65000152587890625 114.8625030517578125 105.7687530517578125 100.03749847412109375 97.09375 95.96250152587890625 92.9375 90.1374969482421875 86.1687469482421875 82.53125 80.3625030517578125 79.8249969482421875 82.96875 82.3125
262.537506103515625 261.35626220703125 255.631256103515625 253.787506103515625 252.0812530517578125 246.681243896484375 242.725006103515625 233.475006103515625 225.375 216.375 207.21875 195.8249969482421875 199.9875030517578125 197.868743896484375 192.9250030517578125 185.556243896484375 177.0500030517578125 175.087493896484375 167.8562469482421875 159.75 147.243743896484375 139.399993896484375 128.524993896484375 126.5437469482421875 121.24375152587890625 119.8312530517578125 118.7062530517578125 118.06874847412109375 117.59999847412109375 117.44374847412109375 116.3937530517578125 109.08124542236328125 103.30625152587890625 98.34375 93 90.7062530517578125 89.2312469482421875 87.84999847412109375 85.125 84.27500152587890625 83.1875 82.1687469482421875 78.65000152587890625 74.47499847412109375
262.662506103515625 259.23126220703125 253.1062469482421875 249.1875 244.681243896484375 242.53125 233.125 224.5437469482421875 219.6125030517578125 213.4499969482421875 207.1374969482421875 196.9187469482421875 189.806243896484375 188.9250030517578125 183.9375 178.65625 171.9250030517578125 166.03125 162.743743896484375 160.2062530517578125 155.9499969482421875 142.9812469482421875 126.25624847412109375 112.0187530517578125 111.8562469482421875 116.19374847412109375 116.28125 113.40625 110.4375 109.0437469482421875 107.7624969482421875 103.2375030517578125 99.2062530517578125 95.16249847412109375 90.9499969482421875 86.9250030517578125 85.63124847412109375 83.3562469482421875 84.08750152587890625 82.22499847412109375 80.4250030517578125 77.78749847412109375 76.0812530517578125 69.55625152587890625
255.9250030517578125 253.5812530517578125 251.2312469482421875 243.6999969482421875 240.0124969482421875 233.8312530517578125 230.8000030517578125 224.5500030517578125 218.649993896484375 206.7937469482421875 203.5625 196.493743896484375 181.8249969482421875 180.524993896484375 180.9875030517578125 175.024993896484375 168.4499969482421875 164.024993896484375 162.431243896484375 165.662506103515625 161.6125030517578125 149.3937530517578125 130.59375 112.5187530517578125 107.6374969482421875 106.4562530517578125 104.71250152587890625 104.56874847412109375 104.78125 102.3874969482421875 97.3125 96.09375 93.41249847412109375 88.38124847412109375 86.53125 85.90625 86.06874847412109375 84.75 81.20000457763671875 81.54999542236328125 80.03125 76.625 69.53125 59.549999237060546875
253.9375 249.725006103515625 245.1374969482421875 237.875 235.4562530517578125 227.3625030517578125 222.806243896484375 217.6125030517578125 209.1062469482421875 201.4250030517578125 196.712493896484375 192.4499969482421875 184.587493896484375 170.881256103515625 167.5187530517578125 165.850006103515625 161.53125 159.65625 153.024993896484375 154.725006103515625 153.475006103515625 142.1750030517578125 127.2375030517578125 112.3312530517578125 100.5187530517578125 97.38124847412109375 98.24375152587890625 98.9812469482421875 100.18125152587890625 99.75 94.27500152587890625 89.78125 89.3249969482421875 83.77500152587890625 81.8562469482421875 82.75 85.5124969482421875 86.08750152587890625 87.78125 85.15625 79.5812530517578125 74.7624969482421875 64.22499847412109375 56.03749847412109375
249.4250030517578125 245.443756103515625 239.15625 232.7687530517578125 226.2062530517578125 220.524993896484375 213.9187469482421875 210.8687591552734375 205.1125030517578125 196.024993896484375 190.3937530517578125 182.5500030517578125 177.3249969482421875 168.4250030517578125 154.412506103515625 156.0437469482421875 151.3562469482421875 147.318756103515625 143.3125 143.28125 140.399993896484375 130.25 117.99375152587890625 108.9812469482421875 100.65000152587890625 94.1437530517578125 91.96875 91.03125 91.5812530517578125 90.8125 89.71875 86.94374847412109375 84.71250152587890625 82.68125152587890625 78.90000152587890625 83.36875152587890625 88.74375152587890625 92.21875 94.00624847412109375 89.2375030517578125 76.33750152587890625 68.09999847412109375 64.46250152587890625 63.78749847412109375
239.368743896484375 235.912506103515625 232.5687408447265625 228.03125 221.0812530517578125 215.1687469482421875 210.462493896484375 205.068756103515625 198.787506103515625 191.649993896484375 184.306243896484375 177.631256103515625 171.6437530517578125 161.28125 145.5437469482421875 145.131256103515625 142.15625 141.3625030517578125 134.53125 132.84375 130.8625030517578125 122.2687530517578125 113.96875 107.84375 103.7687530517578125 98.09999847412109375 95.8000030517578125 93.68125152587890625 94.41249847412109375 90.27500152587890625 85.5437469482421875 84.75 86.09999847412109375 80.96250152587890625 74.94374847412109375 75.58750152587890625 85.69374847412109375 95.3625030517578125 95.43125152587890625 88.33750152587890625 80.6750030517578125 75.84999847412109375 74.5124969482421875 68.3125
232.5 226.6937408447265625 223.6999969482421875 217.25 214.962493896484375 210.3625030517578125 204.3312530517578125 197.568756103515625 194.4250030517578125 191.381256103515625 183.881256103515625 176.2125091552734375 170.0500030517578125 160.1999969482421875 146.506256103515625 130.4437408447265625 130.993743896484375 133.287506103515625 127.2312469482421875 125.0812530517578125 121.69374847412109375 115.2937469482421875 110.11875152587890625 107.75624847412109375 104.3000030517578125 99.21875 95.28125 94.0812530517578125 93.02500152587890625 92.91249847412109375 89.8562469482421875 85.79999542236328125 79.86875152587890625 73.83750152587890625 68.86875152587890625 78.8874969482421875 82.9499969482421875 89.13124847412109375 92.7687530517578125 92.30625152587890625 89.53125 85.11875152587890625 78.18125152587890625 69.1437530517578125
223.71875 219.875 214.3312530517578125 212.09375 209.3937530517578125 206.0500030517578125 200.1437530517578125 195.037506103515625 187.8000030517578125 183.1125030517578125 179.756256103515625 174.09375 165.256256103515625 155.962493896484375 148.21875 133.6374969482421875 117.50624847412109375 118.6999969482421875 118.8249969482421875 115.9187469482421875 111.09375 107.86875152587890625 103.65625 105.4375 102.40000152587890625 94.50624847412109375 90.97499847412109375 89.41249847412109375 91.58750152587890625 92.46250152587890625 92.0625 90.4499969482421875 84.47499847412109375 81.36875152587890625 83.84375 86.625 92.15000152587890625 96.33750152587890625 99.3249969482421875 93.27500152587890625 90.4562530517578125 83.5812530517578125 74.3312530517578125 67.8312530517578125
213.431243896484375 210.899993896484375 209.618743896484375 207.600006103515625 205.787506103515625 204.8312530517578125 198.0625 192.149993896484375 185.068756103515625 177.0687408447265625 171.2624969482421875 168.78125 159.3125 151.5749969482421875 146.337493896484375 135.524993896484375 120.0812530517578125 105.5625 113.1125030517578125 107.1125030517578125 102.2937469482421875 99.1437530517578125 98.56874847412109375 99.4875030517578125 98.91249847412109375 91.44374847412109375 86.41249847412109375 88.6687469482421875 90.19374847412109375 89.28749847412109375 85.0437469482421875 81.22499847412109375 89.8312530517578125 89.65625 88.90000152587890625 101.0500030517578125 104.46875 99.6999969482421875 98.03125 93.46875 83.0812530517578125 75.05625152587890625 67.84999847412109375 63.41249847412109375
204.443756103515625 204.912506103515625 203.9375 203.318756103515625 202.818756103515625 198.875 193.537506103515625 187.2687530517578125 182.21875 176.5062408447265625 169.28125 158.850006103515625 151.3874969482421875 146.162506103515625 138.7312469482421875 130.6374969482421875 123.97499847412109375 107.27500152587890625 99.2062530517578125 96.0812530517578125 95.38124847412109375 95.96250152587890625 85.93125152587890625 89.71250152587890625 89.5500030517578125 89.83750152587890625 88.41249847412109375 86.0437469482421875 89.34375 88.3937530517578125 85.8312530517578125 86.5500030517578125 89.96250152587890625 88.5124969482421875 91.1125030517578125 98.97499847412109375 98.3000030517578125 92.91249847412109375 90.84999847412109375 84.01250457763671875 75.25 66.28125 62.168750762939453125 59.987499237060546875
