data/historical-monthly-weather-data/wc2.1_cruts4.09_10m_prec_1972-11.asc
ncols        45
nrows        45
xllcorner    -63.500000000000
yllcorner    -7.500000000000
cellsize     0.166666666667
NODATA_value -9999
[rows 20 to 39 of 45, columns 0 to 43 of 45]
180.399993896484375 184.337493896484375 184.618743896484375 184.162506103515625 182.7312469482421875 181.0437469482421875 178.8562469482421875 175.631256103515625 172.649993896484375 168.1687469482421875 162.3937530517578125 154.3125 145.0625 134.431243896484375 125.05625152587890625 115.78125 107.90625 104.49375152587890625 104.03125 105.21875 119.80625152587890625 135.28125 148.8125 161.556243896484375 173.899993896484375 183.4187469482421875 187.4375 186.1875 181.8125 176.4375 172.462493896484375 175.2062530517578125 180.84375 188.25 195.7312469482421875 203.0812530517578125 208.1062469482421875 213.212493896484375 215.65625 217.943756103515625 217.899993896484375 213.868743896484375 207.53125 199.625
175.75 178.78125 179.693756103515625 179.693756103515625 179.212493896484375 178.024993896484375 177.0187530517578125 174.8312530517578125 173.806243896484375 170.943756103515625 166.34375 160.1750030517578125 152.225006103515625 141.881256103515625 131.2937469482421875 121.02500152587890625 112.9187469482421875 107.99375152587890625 105.16249847412109375 105.16249847412109375 116.25 129.34375 142.4875030517578125 155.5749969482421875 167.8937530517578125 178.6062469482421875 185.9250030517578125 188.03125 188.7375030517578125 186.806243896484375 183.75 186.243743896484375 192.368743896484375 202.350006103515625 212.743743896484375 220.3937530517578125 225.899993896484375 230.4187469482421875 230.3562469482421875 231.368743896484375 230.006256103515625 224.662506103515625 218.0187530517578125 210.6437530517578125
171.337493896484375 175.5437469482421875 176.1687469482421875 176.1999969482421875 176.056243896484375 175.024993896484375 173.8125 173.5124969482421875 174.25 172.475006103515625 169.9250030517578125 165.5 161.318756103515625 151.9250030517578125 138.46875 126.2624969482421875 116.8625030517578125 110.93125152587890625 106.3562469482421875 104.52500152587890625 113.78749847412109375 124.59999847412109375 135.631256103515625 148.881256103515625 162.9250030517578125 175.506256103515625 183.756256103515625 189.9375 193.125 193.1125030517578125 193.4187469482421875 196.7937469482421875 205.7937469482421875 217.662506103515625 229.0812530517578125 238.1750030517578125 244.5812530517578125 246.9875030517578125 245.3125 244.7312469482421875 243.28125 236.537506103515625 229.037506103515625 220.8874969482421875
167.0562591552734375 170.78125 171.5124969482421875 170.912506103515625 171.1687469482421875 171.4375 171.21875 171.787506103515625 172.337493896484375 171.6374969482421875 170.3000030517578125 169.8874969482421875 168.631256103515625 159.1062469482421875 144.0812530517578125 131.03125 120.71875 113.6999969482421875 107.6374969482421875 103.8937530517578125 111.3125 120.09375 128.8874969482421875 142.274993896484375 156.8125 169.931243896484375 182.149993896484375 188.962493896484375 195.78125 198.181243896484375 201.9499969482421875 207.53125 217.774993896484375 230.28125 243.5749969482421875 255.662506103515625 263.40625 264.131256103515625 261.975006103515625 260.09375 257.375 250.0500030517578125 242.100006103515625 233.087493896484375
165.1999969482421875 167.2312469482421875 167.5749969482421875 167.100006103515625 167.9375 167.8625030517578125 167.587493896484375 168.0500030517578125 169.1374969482421875 169.006256103515625 168.7624969482421875 167.524993896484375 165.8625030517578125 158.837493896484375 146.037506103515625 133.681243896484375 123.27500152587890625 115.05625152587890625 108.1062469482421875 103.25624847412109375 108.5812530517578125 114.75624847412109375 122.43125152587890625 135.556243896484375 149.787506103515625 165.162506103515625 178.0500030517578125 188.5812530517578125 197.15625 203.2937469482421875 208.5 215.787506103515625 227.306243896484375 240.8000030517578125 254.0250091552734375 265.34375 274.475006103515625 276.912506103515625 275.6875 274.649993896484375 271.29376220703125 263.556243896484375 256.6875 248.7937469482421875
166.431243896484375 167.662506103515625 165.2062530517578125 164.818756103515625 164.2312469482421875 163.6999969482421875 163.118743896484375 163.3312530517578125 164.2062530517578125 164.5 164.243743896484375 163.493743896484375 161.193756103515625 155.9375 145.649993896484375 134.9187469482421875 125.3249969482421875 116.61875152587890625 108.91249847412109375 103.2937469482421875 106.625 110.8937530517578125 116.21250152587890625 128.337493896484375 143.568756103515625 160.1687469482421875 175.1750030517578125 188.3625030517578125 199.743743896484375 207.75 214.3000030517578125 222.649993896484375 235.556243896484375 248.4187469482421875 262.037506103515625 273.16876220703125 282.36248779296875 288.16876220703125 289.57501220703125 288.875 286.54998779296875 278.38751220703125 268.787506103515625 261.71875
171.125 170.1062469482421875 166.899993896484375 164.6437530517578125 162.4250030517578125 161.0374908447265625 161.09375 160.5812530517578125 160.125 160.4375 161.056243896484375 160.8312530517578125 159.125 155.3312530517578125 146.524993896484375 136.4562530517578125 127.6125030517578125 119.1999969482421875 111.3562469482421875 104.90000152587890625 106.2624969482421875 108.4499969482421875 111.72499847412109375 123.73125457763671875 139.9187469482421875 156.6062469482421875 172.243743896484375 186.9187469482421875 200.8312530517578125 208.943756103515625 217.3125 226.65625 241.5500030517578125 256.04998779296875 269.17498779296875 280.92498779296875 291.118743896484375 297.993743896484375 301.706268310546875 302.78125 301.40625 291.068756103515625 279.693756103515625 269.35626220703125
176.431243896484375 173.25 168.6750030517578125 164.4375 161.162506103515625 158.8249969482421875 158.0749969482421875 157.556243896484375 157.4375 157.6062469482421875 157.3625030517578125 157.8000030517578125 156.9875030517578125 154.318756103515625 147.006256103515625 138.1437530517578125 129.6875 121.8125 113.8625030517578125 107.22499847412109375 107.125 107.3562469482421875 110.25 123.03749847412109375 138.5500030517578125 154.4250030517578125 170.087493896484375 186.03125 200.6374969482421875 209.5812530517578125 217.6999969482421875 227.962493896484375 244.3312530517578125 259.506256103515625 275.34375 288.09375 299.28125 309.274993896484375 312.33123779296875 317.35626220703125 319.256256103515625 307.462493896484375 288.662506103515625 275.068756103515625
181.84375 176.506256103515625 169.524993896484375 163.9250030517578125 159.493743896484375 156.4812469482421875 155.024993896484375 154.162506103515625 154.7937469482421875 154.756256103515625 154.649993896484375 155.1687469482421875 155.46875 153.693756103515625 147.2687530517578125 140.21875 133.118743896484375 124.8625030517578125 116.94374847412109375 110.16249847412109375 108.8249969482421875 107.71875 109.5625 122.8937530517578125 138.0187530517578125 153.225006103515625 169.5812530517578125 185.350006103515625 200.7562408447265625 209.3562469482421875 217.962493896484375 228.1125030517578125 244.6062469482421875 261.631256103515625 279.787506103515625 293.84375 306.912506103515625 317.662506103515625 321.65625 325.818756103515625 330.82501220703125 316.212493896484375 298.337493896484375 288.787506103515625
188.0812530517578125 180.9499969482421875 172.681243896484375 164.493743896484375 159.600006103515625 156.5 154.600006103515625 153.46875 153.8562469482421875 153.287506103515625 153.2375030517578125 154.3312530517578125 155.212493896484375 154.756256103515625 149.618743896484375 143.8000030517578125 136.9562530517578125 129.837493896484375 121.96250152587890625 115.2375030517578125 112.81874847412109375 111.50624847412109375 112.40625 124.50624847412109375 138.75 153.5187530517578125 169.506256103515625 184.818756103515625 199.5500030517578125 209.631256103515625 218.774993896484375 229.431243896484375 246.4812469482421875 265.10626220703125 283.568756103515625 297.681243896484375 310.993743896484375 324.756256103515625 326.70623779296875 330.068756103515625 334.92498779296875 330.300018310546875 318.70001220703125 312.54376220703125
193.318756103515625 184.8874969482421875 175.774993896484375 166.943756103515625 160.5749969482421875 157.774993896484375 155.40625 153.493743896484375 152.84375 152.850006103515625 153.0187530517578125 154.493743896484375 156.2624969482421875 155.662506103515625 152.03125 147.662506103515625 142.7312469482421875 135.53125 127.46875 121.84999847412109375 118.8125 116.36875152587890625 116.1437530517578125 127.1875 139.8937530517578125 153.8312530517578125 168.9187469482421875 184.2062530517578125 198.399993896484375 208.90625 219.2874908447265625 231.2062530517578125 248.493743896484375 268.818756103515625 286.73126220703125 301.73748779296875 317.068756103515625 333.98126220703125 335.32501220703125 330.587493896484375 338.5625 342.57501220703125 338.743743896484375 333.51873779296875
197.5625 188.725006103515625 179.256256103515625 171.118743896484375 165.131256103515625 160.118743896484375 156.8874969482421875 153.9187469482421875 152.9562530517578125 152.5500030517578125 152.8125 154.9250030517578125 156.8562469482421875 157.6125030517578125 155.962493896484375 153.1687469482421875 149.3249969482421875 142.506256103515625 135.4562530517578125 130.087493896484375 126.1437530517578125 122.22499847412109375 120.50624847412109375 130.1687469482421875 142.149993896484375 154.3312530517578125 168.4875030517578125 183.1687469482421875 196.6437530517578125 208.587493896484375 220.0124969482421875 232.1374969482421875 250.4812469482421875 270.368743896484375 290.73126220703125 307.51251220703125 324.63751220703125 340.899993896484375 341.38751220703125 342.40625 356.5 364.875 365.806243896484375 368.65625
199.6999969482421875 191.818756103515625 183.1312408447265625 175.899993896484375 169.975006103515625 164.1750030517578125 160.118743896484375 156.7312469482421875 154.899993896484375 153.96875 155.09375 156.962493896484375 159.6937408447265625 162.443756103515625 161.8000030517578125 160.600006103515625 157.6999969482421875 152.7687530517578125 146.818756103515625 141.625 137.431243896484375 132.681243896484375 129.71875 137.5749969482421875 147.6437530517578125 157.75 170.681243896484375 183.850006103515625 197.1062469482421875 209.225006103515625 221.118743896484375 233.7375030517578125 252.193756103515625 271.875 293.462493896484375 312.149993896484375 331.837493896484375 348.20623779296875 351.225006103515625 363.63751220703125 380.09375 390.306243896484375 399.006256103515625 411.0625
200.84375 194.287506103515625 186.65625 180.587493896484375 174.53125 168.53125 163.225006103515625 159.5812530517578125 157.1374969482421875 155.412506103515625 155.9187469482421875 159.40625 163.53125 166.46875 167.506256103515625 168.131256103515625 167.6062469482421875 163.6875 158.7312469482421875 154.1437530517578125 149.443756103515625 144.274993896484375 140.6062469482421875 146.1437530517578125 153.712493896484375 161.337493896484375 173.243743896484375 184.8625030517578125 196.9812469482421875 209.2624969482421875 221.725006103515625 235.625 254.5500030517578125 274.606231689453125 296.756256103515625 317.71875 337.350006103515625 353.193756103515625 364.82501220703125 383.03125 400.79998779296875 414.91876220703125 432.943756103515625 453.462493896484375
202.818756103515625 197.2687530517578125 190.6687469482421875 184.600006103515625 179.09375 172.6125030517578125 166.4375 162.225006103515625 157.931243896484375 156.2687530517578125 157.381256103515625 162.4499969482421875 167.7125091552734375 172.5749969482421875 175.6687469482421875 176.868743896484375 178.125 175.2937469482421875 171.131256103515625 166.899993896484375 162.287506103515625 156.693756103515625 152.0625 154.78125 159.212493896484375 165.006256103515625 174.899993896484375 185.774993896484375 196.4187469482421875 209.0437469482421875 222.6125030517578125 236.8312530517578125 255.7125091552734375 277.07501220703125 297.85626220703125 317.931243896484375 337.95001220703125 361.837493896484375 377.70623779296875 395.75 416.63751220703125 432.29376220703125 453.09375 475.787506103515625
205.524993896484375 200.350006103515625 194.34375 188.3312530517578125 182.9250030517578125 176.7062530517578125 170.556243896484375 164.625 159.256256103515625 156.6374969482421875 159.1687469482421875 165.693756103515625 173.412506103515625 180.287506103515625 183.774993896484375 187.15625 188.3125 186.7062530517578125 184.068756103515625 181.3874969482421875 176.618743896484375 169.71875 164.256256103515625 165.4187469482421875 168.03125 171.75 180.1374969482421875 189.625 199.1374969482421875 210.475006103515625 224.375 237.975006103515625 256.86248779296875 277.149993896484375 295.368743896484375 313.34375 338.08123779296875 360.71875 375.54376220703125 394.73748779296875 416.5 431.16876220703125 449.056243896484375 470.09375
208.368743896484375 203.993743896484375 198.743743896484375 193.399993896484375 187.9375 181.912506103515625 175.225006103515625 168.600006103515625 161.725006103515625 156.0437469482421875 160.8937530517578125 173.2312469482421875 182.0187530517578125 187.9875030517578125 192.4562530517578125 196.306243896484375 198.3312530517578125 197.3874969482421875 195.7937469482421875 193.4375 188.4812469482421875 181.5749969482421875 175.9250030517578125 175.4562530517578125 176.274993896484375 178.90625 184.899993896484375 193.2437591552734375 200.8562469482421875 212.4375 225.3937530517578125 240.0437469482421875 257.58123779296875 276.9375 294.068756103515625 312.5 335.1875 357.34375 373.1875 388.274993896484375 406.60626220703125 419.806243896484375 436.0625 455.95623779296875
213.625 209.225006103515625 204.056243896484375 199.28125 193.962493896484375 188.3249969482421875 182.2937469482421875 175.881256103515625 169.0500030517578125 162.1374969482421875 173.21875 187.306243896484375 193.15625 197.5500030517578125 201.806243896484375 205.649993896484375 208.0625 207.225006103515625 205.4875030517578125 201.9375 197.837493896484375 192.068756103515625 186.8562469482421875 184.475006103515625 184.125 185.318756103515625 189.625 196.274993896484375 202.9250030517578125 214.71875 224.9250030517578125 238.381256103515625 255.693756103515625 273.95001220703125 290.70001220703125 309.40625 330.881256103515625 350.587493896484375 368.087493896484375 383.70623779296875 395.787506103515625 409.1875 420.73126220703125 435.306243896484375
219.46875 215.0124969482421875 210.5187530517578125 205.71875 200.2687530517578125 195.0124969482421875 190.0812530517578125 185.25 182.875 186.600006103515625 200.0749969482421875 203.3187408447265625 205.0187530517578125 208.087493896484375 210.96875 213.649993896484375 215.59375 214.693756103515625 212.09375 209.09375 204.743743896484375 199.21875 194.9875030517578125 192.6437530517578125 190.618743896484375 191.056243896484375 194.2687530517578125 199.256256103515625 204.9375 215.15625 225.368743896484375 237.068756103515625 252.25 268.26251220703125 287.225006103515625 305.63751220703125 323.26873779296875 343.40625 358.399993896484375 367.368743896484375 376.993743896484375 388.806243896484375 395.09375 406.725006103515625
225.412506103515625 221.306243896484375 216.850006103515625 211.9187469482421875 207.725006103515625 203.7937469482421875 199.537506103515625 197.3249969482421875 197.931243896484375 202.1125030517578125 209.212493896484375 213.6999969482421875 215.681243896484375 218.2312469482421875 220.3937530517578125 221.9375 223.7312469482421875 222.225006103515625 219.443756103515625 216.53125 211.618743896484375 206.5124969482421875 201.806243896484375 198.631256103515625 197.131256103515625 196.3249969482421875 198.2687530517578125 202.1999969482421875 206.524993896484375 215.03125 223.75 237.181243896484375 252.850006103515625 267.462493896484375 284.943756103515625 300.64373779296875 315.493743896484375 331.42498779296875 345.149993896484375 350.431243896484375 357.54998779296875 365.9375 370.243743896484375 375.45623779296875
