data/historical-monthly-weather-data/wc2.1_cruts4.09_10m_prec_1963-05.asc
ncols        51
nrows        45
xllcorner    -63.500000000000
yllcorner    -7.500000000000
cellsize     0.166666666667
NODATA_value -9999
[rows 0 to 19 of 45, columns 0 to 43 of 51]
353.287506103515625 354.524993896484375 354.212493896484375 360.11248779296875 362.71875 362.443756103515625 357.38751220703125 354.649993896484375 351.85626220703125 351.98126220703125 349.912506103515625 344.306243896484375 340.70623779296875 337.875 333.48748779296875 331.11248779296875 327.4375 322.4375 320.256256103515625 320.75 321.92498779296875 322.70623779296875 327.1875 327.82501220703125 329.96875 334.04376220703125 336.20001220703125 340.181243896484375 341.5625 346.431243896484375 346.899993896484375 349.931243896484375 353.600006103515625 355.34375 357.01873779296875 359.23748779296875 359.65625 356.649993896484375 352.09375 349.193756103515625 343.337493896484375 337.881256103515625 329.368743896484375 325.443756103515625
349.54376220703125 349.6875 354.350006103515625 363.04376220703125 371.45001220703125 372.84375 368.29376220703125 366.26873779296875 365.537506103515625 362.493743896484375 360.42498779296875 353.9375 347.412506103515625 341.475006103515625 334.649993896484375 328.662506103515625 323.01873779296875 317.03125 316.743743896484375 317.71875 319.337493896484375 321.90625 324.506256103515625 327.59375 329.04998779296875 330.64373779296875 334.625 338.212493896484375 340.63751220703125 342.48126220703125 342.337493896484375 348.10626220703125 348.26873779296875 351.600006103515625 351.712493896484375 348.193756103515625 349.70001220703125 346.79998779296875 344.587493896484375 336.537506103515625 330.66876220703125 329.600006103515625 321.92498779296875 313.79998779296875
338.53125 342.46875 351.431243896484375 360.41876220703125 368.0625 372.20001220703125 373.743743896484375 376.45001220703125 377.212493896484375 374.556243896484375 370.92498779296875 361.6875 352.11248779296875 341.381256103515625 333.25 326.98126220703125 318.65625 311.13751220703125 309.89373779296875 311.17498779296875 313.256256103515625 318.15625 321.375 323.462493896484375 324.67498779296875 328.850006103515625 334.17498779296875 336.01873779296875 336.04376220703125 337.243743896484375 337.15625 340.01873779296875 343.256256103515625 343.10626220703125 344.23748779296875 338.774993896484375 337.125 334.21875 329.45623779296875 323.42498779296875 320.100006103515625 314.04998779296875 309.462493896484375 302.318756103515625
322.962493896484375 325.318756103515625 341.86248779296875 351.76251220703125 361.54998779296875 366.71875 371.931243896484375 379.92498779296875 386.95623779296875 386.66876220703125 379.806243896484375 367.868743896484375 353.068756103515625 340.274993896484375 330.537506103515625 321.70001220703125 311.45001220703125 304.212493896484375 302.1875 305.556243896484375 312.54998779296875 316.1875 317.95623779296875 320.787506103515625 322.11248779296875 324.118743896484375 329.75 329.28125 328.868743896484375 332.45001220703125 332.79376220703125 334.59375 334.71875 332.79998779296875 329.98748779296875 329.15625 327.57501220703125 323.068756103515625 318.118743896484375 312.399993896484375 306.600006103515625 304.20623779296875 296.274993896484375 288.800018310546875
327.98748779296875 327.01251220703125 327.149993896484375 337.41876220703125 350.756256103515625 356.712493896484375 365.806243896484375 378.006256103515625 391.524993896484375 396.556243896484375 384.806243896484375 366.475006103515625 353.068756103515625 340.11248779296875 328.850006103515625 317.38751220703125 305.20001220703125 298.17498779296875 295.756256103515625 300.45001220703125 307.90625 310.98126220703125 311.79998779296875 318.13751220703125 318.056243896484375 319.78125 319.46875 322.54998779296875 323.23126220703125 324.95623779296875 327.037506103515625 326.54376220703125 324.58123779296875 324.76873779296875 322.756256103515625 318.10626220703125 316.493743896484375 313.181243896484375 308.64373779296875 301.712493896484375 296.96875 290.962493896484375 284.225006103515625 278.90625
328.26251220703125 327.88751220703125 326.024993896484375 322.17498779296875 335.76251220703125 347.681243896484375 357.25 366.868743896484375 381.78125 389.306243896484375 379.96875 360.54998779296875 350.287506103515625 339.818756103515625 326.36248779296875 318.006256103515625 304.568756103515625 296.212493896484375 294.9375 300.83123779296875 305.88751220703125 310 313.462493896484375 313.64373779296875 314.318756103515625 315.42498779296875 315.443756103515625 316.024993896484375 318.21875 320.34375 322.01251220703125 323.04376220703125 319.681243896484375 317.59375 313.693756103515625 309.581268310546875 305.118743896484375 300.118743896484375 298.712493896484375 291.868743896484375 283.931243896484375 278.850006103515625 271.625 266.193756103515625
331.3125 329.09375 326.10626220703125 322.79376220703125 325.25 330.21875 338.25 346.9375 349.29998779296875 357.381256103515625 357.32501220703125 348.04376220703125 342.625 335.9375 326.181243896484375 317 309.287506103515625 303.86248779296875 301.21875 306.54376220703125 307.912506103515625 308.899993896484375 307.850006103515625 309.837493896484375 311.35626220703125 314.60626220703125 312.712493896484375 312.16876220703125 310.618743896484375 313.087493896484375 315.53125 314.118743896484375 308.5625 305.20001220703125 301.46875 298.16876220703125 291.48748779296875 285.64373779296875 284.287506103515625 279.83123779296875 270.51251220703125 263.462493896484375 256.85626220703125 253.149993896484375
333.03125 329.48126220703125 325.73748779296875 324.6875 326.10626220703125 330.29376220703125 327.024993896484375 317.056243896484375 309.32501220703125 320.0625 333.568756103515625 334.78125 336.618743896484375 332.48126220703125 326.26251220703125 320.86248779296875 314.73748779296875 312.40625 309.931243896484375 309.46875 312.193756103515625 309.98748779296875 307.818756103515625 304.95623779296875 307.806243896484375 304.73126220703125 306.212493896484375 304.162506103515625 303.037506103515625 305.34375 307.08123779296875 305.118743896484375 300.10626220703125 293.17498779296875 285.90625 280.21875 274.518768310546875 269.8125 265.57501220703125 257.381256103515625 251.6437530517578125 245.506256103515625 240.631256103515625 235.100006103515625
334.10626220703125 330.4375 328.381256103515625 325.54998779296875 324.86248779296875 326.20001220703125 322.32501220703125 314.40625 300.100006103515625 297.29376220703125 311.162506103515625 321.15625 330.16876220703125 328.51251220703125 324.78125 323.14373779296875 319.850006103515625 320.024993896484375 321.13751220703125 314.23748779296875 308.493743896484375 308.725006103515625 301.5 305.23126220703125 301.556243896484375 297.07501220703125 294.85626220703125 296.58123779296875 299.32501220703125 298.90625 301.787506103515625 297.681243896484375 286.39373779296875 276.5 271 266.068756103515625 260.76251220703125 256.08123779296875 253.1750030517578125 243.9812469482421875 235.2624969482421875 229.3125 227.1999969482421875 224.7937469482421875
333.98748779296875 331.931243896484375 329.881256103515625 328.5 324.318756103515625 325.21875 322.837493896484375 317.556243896484375 311.26251220703125 311.162506103515625 316.71875 316.84375 327.1875 326.29998779296875 326.20623779296875 323.287506103515625 321.09375 321.51873779296875 323.756256103515625 322.23748779296875 312.587493896484375 303.71875 296.9375 297.524993896484375 291.28125 286.91876220703125 284.35626220703125 285.9375 290.32501220703125 293.118743896484375 290.86248779296875 284.76873779296875 276.28125 266.912506103515625 258.012481689453125 252.2687530517578125 245.8312530517578125 241.4187469482421875 238.556243896484375 233.725006103515625 228.21875 224.8874969482421875 217.34375 210.756256103515625
333.462493896484375 333.100006103515625 329.95623779296875 328.98126220703125 324.86248779296875 326.993743896484375 325.95623779296875 319.625 316.10626220703125 319.162506103515625 325.243743896484375 328.76251220703125 325.181243896484375 326.61248779296875 324.350006103515625 321.23748779296875 320.07501220703125 321.875 323.524993896484375 325.40625 324.993743896484375 310.33123779296875 296.71875 280.89373779296875 281.78125 281.524993896484375 278.868743896484375 279.64373779296875 279.381256103515625 278.3125 277.587493896484375 273.375 264.006256103515625 254.15625 244.375 236.162506103515625 229.725006103515625 226.256256103515625 225.868743896484375 222.837493896484375 218.5124969482421875 213.9812469482421875 210.9187469482421875 201.975006103515625
334.48748779296875 332.53125 330.331268310546875 329.381256103515625 327.337493896484375 325.975006103515625 328.100006103515625 326.45001220703125 326.350006103515625 325.131256103515625 330.09375 336.5625 326.96875 325.20623779296875 325.149993896484375 319.568756103515625 317.76873779296875 319.11248779296875 321.756256103515625 327.618743896484375 330.65625 321.143768310546875 304.90625 285.318756103515625 273.21875 265.73748779296875 261.48748779296875 262.29376220703125 264.837493896484375 263.20623779296875 258.67498779296875 254.375 245.899993896484375 236.8000030517578125 230.318756103515625 225.774993896484375 221.7062530517578125 217.212493896484375 215.1374969482421875 212.875 210.59375 206.46875 199.8937530517578125 185.350006103515625
336.350006103515625 331.76873779296875 328.84375 328.29376220703125 325.756256103515625 327.125 326.59375 324.318756103515625 325.6875 329.193756103515625 333.131256103515625 336.59375 332.13751220703125 317.743743896484375 314.375 314.337493896484375 312.193756103515625 313.625 315.649993896484375 321.068756103515625 327.65625 317.04376220703125 301.70623779296875 281.95001220703125 256.125 244.337493896484375 247.537506103515625 249.6374969482421875 253.0749969482421875 252.2312469482421875 245.556243896484375 237.3625030517578125 228.443756103515625 219.3874969482421875 214.5187530517578125 213.4187469482421875 211.662506103515625 210.5437469482421875 210.5625 207.9250030517578125 203.6750030517578125 200 187.59375 175.9187469482421875
330.95623779296875 327.33123779296875 326.068756103515625 325.006256103515625 324.431243896484375 324.056243896484375 322.76251220703125 322.006256103515625 325.806243896484375 328.79998779296875 326.537506103515625 326.056243896484375 321.76873779296875 313.70001220703125 299.57501220703125 302.568756103515625 300.48126220703125 299.912506103515625 303.899993896484375 309.462493896484375 312.34375 304.368743896484375 292.131256103515625 276.76251220703125 256.20001220703125 242.34375 239.3000030517578125 237.212493896484375 238.6437530517578125 235.03125 231.9375 222.875 214.306243896484375 206.2312469482421875 200.712493896484375 202.7624969482421875 205.15625 207.087493896484375 208.3249969482421875 203.399993896484375 191.787506103515625 181.9499969482421875 177.756256103515625 175.6875
324.84375 323.21875 323.087493896484375 321.65625 320.16876220703125 320.375 322.41876220703125 323.756256103515625 324.53125 323.256256103515625 319.58123779296875 316.850006103515625 309.65625 300.912506103515625 282.431243896484375 283.274993896484375 283.618743896484375 286.92498779296875 290.462493896484375 294.14373779296875 297.412506103515625 293.193756103515625 286.181243896484375 279.625 268.274993896484375 257.01251220703125 247.868743896484375 242.1437530517578125 237.993743896484375 231.34375 220.3937530517578125 210.125 204.7375030517578125 193.787506103515625 184.71875 185.193756103515625 196.381256103515625 203.7312469482421875 203.8125 196.46875 184.6125030517578125 179.3874969482421875 180.3562469482421875 176.7375030517578125
317.70001220703125 315.76251220703125 317.649993896484375 317.88751220703125 315.86248779296875 318.306243896484375 321.17498779296875 321.90625 319.993743896484375 318.912506103515625 313.38751220703125 308.306243896484375 300.46875 293.306243896484375 278.412506103515625 262.743743896484375 267.0625 276.306243896484375 277.006256103515625 280.11248779296875 283.662506103515625 286.556243896484375 286.51873779296875 285.875 277.28125 264.98748779296875 253.4375 243.431243896484375 236.8000030517578125 230.3000030517578125 222.1437530517578125 209.9625091552734375 194.9562530517578125 180.7624969482421875 171.0437469482421875 181.6875 187.9250030517578125 194.0625 196.899993896484375 194.6437530517578125 187.100006103515625 181.412506103515625 178.256256103515625 170.556243896484375
312.443756103515625 311.368743896484375 311.306243896484375 313.23126220703125 314.756256103515625 314.943756103515625 315.975006103515625 315.73748779296875 315.693756103515625 313.76873779296875 309.556243896484375 305.743743896484375 296.76251220703125 287.712493896484375 276.350006103515625 264.475006103515625 251.0500030517578125 258.11248779296875 263.54376220703125 267.712493896484375 272.17498779296875 276.20001220703125 282.39373779296875 288.67498779296875 286.375 266.274993896484375 251.3562469482421875 241.4250030517578125 234.056243896484375 227.0187530517578125 219.899993896484375 211.2624969482421875 197.625 185.131256103515625 184.7312469482421875 186.131256103515625 191.8937530517578125 197.618743896484375 203.943756103515625 196.9187469482421875 188.2062530517578125 180.056243896484375 171.587493896484375 166
305.33123779296875 306.587493896484375 308.46875 309.600006103515625 311.40625 314.79998779296875 314.162506103515625 312.29376220703125 310.131256103515625 308.79998779296875 304.76251220703125 303.506256103515625 291.787506103515625 284.625 274.1875 264.23126220703125 251.9187469482421875 240.506256103515625 254.806243896484375 257.274993896484375 260.51251220703125 265.78125 272.39373779296875 279.48126220703125 279.53125 263.725006103515625 245.125 237.6687469482421875 231.3562469482421875 221.1125030517578125 207.068756103515625 195.274993896484375 197.943756103515625 194.743743896484375 190.5124969482421875 199.21875 204.149993896484375 202.3874969482421875 202.443756103515625 196.6125030517578125 182.8000030517578125 174.1687469482421875 166.399993896484375 161.7312469482421875
298.07501220703125 300.337493896484375 301.95623779296875 306.17498779296875 309.92498779296875 311.26251220703125 311.91876220703125 311.743743896484375 309.35626220703125 309.11248779296875 303 293.15625 283.82501220703125 277.712493896484375 268.32501220703125 261.51251220703125 253.8249969482421875 239.5437469482421875 236.9812469482421875 241.34375 245.8125 254.756256103515625 247.8000030517578125 256.806243896484375 257.9375 254.0687408447265625 243.8562469482421875 231.6999969482421875 225.4562530517578125 215.399993896484375 204.6125030517578125 198.96875 199.71875 196.5749969482421875 194.9875030517578125 199.9562530517578125 198.9375 194.7375030517578125 194.774993896484375 186.4499969482421875 174.7687530517578125 165.837493896484375 161.0749969482421875 158.8625030517578125
289.5625 293.01251220703125 296.318756103515625 298.48126220703125 303.51251220703125 310.38751220703125 312.95623779296875 312.556243896484375 309.931243896484375 305.89373779296875 302.462493896484375 297.76251220703125 292.46875 281.475006103515625 269.51873779296875 252.850006103515625 239.225006103515625 238.5 234.4375 235.2312469482421875 231.2937469482421875 234.3000030517578125 240.9250030517578125 242.274993896484375 239.1437530517578125 231.3312530517578125 226.287506103515625 223.2375030517578125 213.5500030517578125 202.375 197.225006103515625 202.431243896484375 199.65625 194.75 195.2624969482421875 196.9250030517578125 194.850006103515625 190.693756103515625 185.693756103515625 178.5812530517578125 165.993743896484375 157.8000030517578125 156.2937469482421875 154.7937469482421875
