data/historical-monthly-weather-data/wc2.1_cruts4.09_10m_prec_1960-02.asc
ncols        51
nrows        45
xllcorner    -63.500000000000
yllcorner    -7.500000000000
cellsize     0.166666666667
NODATA_value -9999
[rows 20 to 39 of 45, columns 0 to 44 of 51]
185.1750030517578125 191.693756103515625 199.2062530517578125 207.350006103515625 217.743743896484375 226.6374969482421875 236.068756103515625 245.600006103515625 254.287506103515625 261.98126220703125 268.493743896484375 275.95001220703125 284.306243896484375 291.48748779296875 281.20001220703125 263.20623779296875 247.9812469482421875 236.4250030517578125 231.3562469482421875 226.931243896484375 223.1999969482421875 218.681243896484375 214.068756103515625 215.1374969482421875 217.5500030517578125 221.0812530517578125 228.318756103515625 236.125 244.837493896484375 252.787506103515625 255.09375 251 236.09375 216.3625030517578125 198.3874969482421875 213.6750030517578125 241.712493896484375 265.04998779296875 280.587493896484375 289.17498779296875 291.51251220703125 289.993743896484375 288.73126220703125 286.774993896484375 282.90625
180.068756103515625 188.0437469482421875 196.5437469482421875 206.774993896484375 217.2312469482421875 226.837493896484375 236.5812530517578125 246.412506103515625 254.96875 260.53125 263.881256103515625 266.774993896484375 269.943756103515625 271.58123779296875 267.61248779296875 257.73748779296875 247.1875 237.912506103515625 231.4875030517578125 226.556243896484375 220.375 215.1687469482421875 212.381256103515625 213.5124969482421875 216.587493896484375 221.568756103515625 230.3125 239.274993896484375 249.5625 259.274993896484375 264.943756103515625 262.29376220703125 249.9562530517578125 236.2312469482421875 227.743743896484375 238.212493896484375 258.95001220703125 276.568756103515625 286.91876220703125 292.118743896484375 294.07501220703125 293.225006103515625 291.53125 288.912506103515625 285.431243896484375
177.618743896484375 187.0625 195.5437469482421875 206.243743896484375 216.931243896484375 227.5500030517578125 236.350006103515625 246.5437469482421875 255.4499969482421875 257.743743896484375 256.90625 254.975006103515625 253.1437530517578125 253.712493896484375 254.381256103515625 250.5812530517578125 243.8874969482421875 236.84375 230.03125 223.4562530517578125 217.2937469482421875 211.3874969482421875 207.6999969482421875 209.037506103515625 213.5625 220.21875 229.868743896484375 240.306243896484375 252.625 264.6875 274.13751220703125 277.893768310546875 268.274993896484375 260.23126220703125 260.76873779296875 271.712493896484375 284.82501220703125 294.462493896484375 298.28125 297.625 296.975006103515625 295.65625 293.537506103515625 290.90625 287.943756103515625
177.618743896484375 186.524993896484375 195.4187469482421875 205.149993896484375 216.125 226.568756103515625 236.100006103515625 244.818756103515625 252.524993896484375 252.8249969482421875 250.6062469482421875 246.9250030517578125 240.506256103515625 243.0437469482421875 246.087493896484375 244.600006103515625 240.28125 235.118743896484375 228.53125 221.375 214.181243896484375 207.462493896484375 202.850006103515625 204.6062469482421875 209.96875 216.212493896484375 227.850006103515625 240.368743896484375 253.3249969482421875 267.03125 278.6875 285.243743896484375 281.29376220703125 279.29998779296875 285.03125 298.087493896484375 307.293731689453125 308.61248779296875 306.537506103515625 302.75 300.306243896484375 297.26251220703125 294.82501220703125 292.818756103515625 291.943756103515625
180.9812469482421875 188.1062469482421875 196.375 206.431243896484375 218.0500030517578125 226.524993896484375 234.9375 242.1875 246.881256103515625 248 246.568756103515625 243.881256103515625 241.3625030517578125 242.1062469482421875 242.556243896484375 241.9000091552734375 239.4375 234.46875 227.9187469482421875 220.287506103515625 212.556243896484375 204.1999969482421875 197.837493896484375 198.9499969482421875 204.15625 213.9250030517578125 225.7687530517578125 239.899993896484375 253.40625 266.79376220703125 277.931243896484375 285.29998779296875 287.431243896484375 290.399993896484375 297.45623779296875 305.806243896484375 312.15625 312.32501220703125 308.89373779296875 304.625 301.45001220703125 297.82501220703125 295.63751220703125 295.3125 294.225006103515625
189.462493896484375 195.212493896484375 201.618743896484375 210.6999969482421875 221.0749969482421875 228.4562530517578125 234.4250030517578125 240.006256103515625 243.568756103515625 244.9562530517578125 244.443756103515625 243.90625 244.0437469482421875 243.875 243.756256103515625 242.28125 239.9499969482421875 234.9375 228.993743896484375 221.09375 212.0749969482421875 201.6687469482421875 192.96875 192.181243896484375 199.9562530517578125 211.524993896484375 226.162506103515625 239.712493896484375 253.6999969482421875 265.625 275.899993896484375 284.23126220703125 289.32501220703125 294.962493896484375 302.14373779296875 307.881256103515625 312.118743896484375 312.962493896484375 308.08123779296875 304.0625 300.9375 297.54998779296875 294.75 294.756256103515625 296.881256103515625
202.412506103515625 206.8125 211.2312469482421875 218.631256103515625 225.875 230.600006103515625 235.3187408447265625 238.399993896484375 241.5 243.787506103515625 244.875 245.53125 246.9375 247.912506103515625 247.243743896484375 246.4375 243.90625 239.0124969482421875 232.506256103515625 224.0625 214.0187530517578125 203.0500030517578125 192.1374969482421875 189.96875 200.34375 212.7687530517578125 227.1875 241.03125 253.9812469482421875 265.287506103515625 275.67498779296875 283.08123779296875 289.45623779296875 298.20001220703125 304.274993896484375 309.5625 313.375 313.51873779296875 309.649993896484375 305.20623779296875 301.46875 297.318756103515625 293.9375 293.29376220703125 298.75
216.8874969482421875 219.3562469482421875 222.368743896484375 226.7062530517578125 230.7937469482421875 232.90625 236.3187408447265625 239.4187469482421875 241.9375 244.649993896484375 245.8000030517578125 247.40625 249.287506103515625 250.875 250.943756103515625 250.712493896484375 248.368743896484375 244.6437530517578125 237.850006103515625 229.8874969482421875 220.243743896484375 209.2937469482421875 201.0187530517578125 200.256256103515625 206.975006103515625 217.8125 231.056243896484375 244.2687530517578125 256.39373779296875 267.10626220703125 276.756256103515625 284.96875 293.399993896484375 300.23126220703125 306.13751220703125 311.274993896484375 313.54376220703125 315.03125 310.66876220703125 305.45623779296875 301.350006103515625 297.631256103515625 294.056243896484375 294.32501220703125 302.5625
230.306243896484375 231.962493896484375 232.4187469482421875 234.162506103515625 236.100006103515625 236.5562591552734375 238.4375 240.21875 242.931243896484375 245.7937469482421875 247.350006103515625 249.375 251.4499969482421875 254.5625 255.5999908447265625 256.681243896484375 255.9375 251.5 246.125 238.0124969482421875 229.0124969482421875 218.5 212.0625 212.381256103515625 216.618743896484375 224.7312469482421875 237.0250091552734375 249.181243896484375 261.587493896484375 271.46875 279.431243896484375 288.01251220703125 295.51251220703125 302.475006103515625 309.23126220703125 312.96875 316.381256103515625 318.13751220703125 315.16876220703125 308.625 301.618743896484375 297 296.14373779296875 299.85626220703125 310.162506103515625
241.375 240.962493896484375 240 239.693756103515625 240.818756103515625 240.6687469482421875 241.037506103515625 241.962493896484375 243.8000030517578125 246.78125 249.024993896484375 252.40625 255.6374969482421875 259.75 262.0625 262.79998779296875 263.475006103515625 261.48126220703125 256.725006103515625 248.3312530517578125 238.649993896484375 229.381256103515625 223.350006103515625 223.412506103515625 226.568756103515625 233.28125 244.0500030517578125 254.7687530517578125 265.975006103515625 274.787506103515625 283.618743896484375 292.274993896484375 299.32501220703125 306.993743896484375 313.462493896484375 318.39373779296875 321.475006103515625 324.73748779296875 320.79998779296875 314.875 312.193756103515625 310.39373779296875 309.662506103515625 314.868743896484375 319.98748779296875
250.149993896484375 248.524993896484375 245.375 244.162506103515625 243.524993896484375 243.3125 243.1875 243.8125 245.462493896484375 247.837493896484375 251.743743896484375 256.5625 261.506256103515625 265.20001220703125 267.524993896484375 269.931243896484375 271.79376220703125 270.993743896484375 267.9375 259.46875 249.3249969482421875 239.5437469482421875 232.962493896484375 232.8937530517578125 235.625 241.600006103515625 250.9812469482421875 261.01873779296875 271.131256103515625 279.431243896484375 287.943756103515625 296.76873779296875 305.46875 313.931243896484375 321.34375 325.08123779296875 329.212493896484375 333.92498779296875 330.26251220703125 324.26251220703125 323.54376220703125 325.51873779296875 326.774993896484375 328.89373779296875 334.04998779296875
254.975006103515625 252.693756103515625 249.21875 247.4375 245.625 244.5625 244.4875030517578125 243.9812469482421875 245.46875 248.881256103515625 252.975006103515625 259.13751220703125 265.506256103515625 270.975006103515625 274.01873779296875 277.712493896484375 278.037506103515625 276.73748779296875 273.625 267.16876220703125 257.850006103515625 248.943756103515625 241.618743896484375 241.7937469482421875 244.774993896484375 249.712493896484375 257.850006103515625 267.024993896484375 276.506256103515625 285.45001220703125 293.98126220703125 302.39373779296875 311.78125 320.649993896484375 329.087493896484375 333.725006103515625 338.8125 343.16876220703125 339.76873779296875 338.306243896484375 341.556243896484375 344.66876220703125 346.631256103515625 350.26251220703125 357.306243896484375
254.975006103515625 253.056243896484375 250.40625 248.287506103515625 245.818756103515625 244.625 243.5500030517578125 243.2937469482421875 245.4875030517578125 249.5437469482421875 255.631256103515625 262.8125 271.57501220703125 279.01873779296875 282.58123779296875 284.587493896484375 284.46875 283.475006103515625 279.100006103515625 273.399993896484375 265.73748779296875 257.10626220703125 250.212493896484375 249.931243896484375 252.71875 257.181243896484375 264.46875 273.693756103515625 282.774993896484375 291.087493896484375 300.26873779296875 308.53125 317.993743896484375 328.587493896484375 338.706268310546875 345.41876220703125 351.024993896484375 354.556243896484375 352.95001220703125 357.212493896484375 362.212493896484375 366.70001220703125 371.8125 378.85626220703125 393.26251220703125
254.806243896484375 252.368743896484375 249.875 248.375 245.84375 243.8000030517578125 242.5749969482421875 242.4499969482421875 243.46875 247.90625 255.2062530517578125 265.662506103515625 277.625 286.48748779296875 290.26873779296875 291.88751220703125 291.337493896484375 289.41876220703125 284.962493896484375 279.524993896484375 271.85626220703125 263.45623779296875 257.40625 256.88751220703125 259.51251220703125 263.524993896484375 270.587493896484375 278.943756103515625 288.175018310546875 297.381256103515625 306.837493896484375 315.66876220703125 327.04998779296875 338.26251220703125 348.1875 356.399993896484375 362.618743896484375 367.35626220703125 369.20001220703125 374.9375 380.58123779296875 387.506256103515625 397.70001220703125 408.274993896484375 424.962493896484375
254.25 252.3499908447265625 250.1374969482421875 247.600006103515625 245.631256103515625 243.4812469482421875 241 239.868743896484375 239.9875030517578125 243.993743896484375 253.556243896484375 268.524993896484375 284.33123779296875 295.368743896484375 298.42498779296875 299.243743896484375 297.381256103515625 294.39373779296875 290.681243896484375 284.712493896484375 278.181243896484375 269.537506103515625 263.256256103515625 262.056243896484375 264.79998779296875 267.9375 275.36248779296875 284.08123779296875 293.20623779296875 303.149993896484375 312.287506103515625 323.10626220703125 335.21875 347.875 358.649993896484375 366.35626220703125 372.475006103515625 381.287506103515625 385.88751220703125 390.337493896484375 397.15625 404.29998779296875 415.48748779296875 427.912506103515625 442.67498779296875
253.774993896484375 252.4187469482421875 250.0250091552734375 246.875 244.2375030517578125 242.524993896484375 239.693756103515625 237.3874969482421875 236.243743896484375 239.7062530517578125 251.212493896484375 269.11248779296875 287.91876220703125 300.83123779296875 304.13751220703125 304.76873779296875 303.631256103515625 300.17498779296875 294.67498779296875 289.58123779296875 282.85626220703125 275.506256103515625 268.64373779296875 267.76873779296875 268.931243896484375 271.618743896484375 278.725006103515625 288.3125 297.212493896484375 306.962493896484375 317.39373779296875 328.76251220703125 342.318756103515625 355.962493896484375 366.162506103515625 372.806243896484375 382.07501220703125 388.837493896484375 392.88751220703125 399.34375 407.83123779296875 414.081268310546875 423.056243896484375 435.95001220703125 447.306243896484375
254.4562530517578125 253.1999969482421875 250.03125 248.2375030517578125 245.21875 243.1875 240.1999969482421875 237.03125 233.931243896484375 231.9812469482421875 248.350006103515625 273.59375 291.95623779296875 303.25 308.024993896484375 308.962493896484375 308.15625 304.4375 299.88751220703125 293.774993896484375 286.568756103515625 278.95001220703125 272.506256103515625 271.193756103515625 271.587493896484375 274.225006103515625 281.206268310546875 290.149993896484375 299.79376220703125 310 321.04998779296875 332.837493896484375 348.087493896484375 362.54376220703125 374.3125 382.899993896484375 389.57501220703125 395.725006103515625 400.10626220703125 405.5 412.024993896484375 419.006256103515625 427.912506103515625 439.399993896484375 449.237518310546875
255.368743896484375 254.34375 251.5437469482421875 249.40625 247.2562408447265625 245.25 243.037506103515625 240.649993896484375 239.493743896484375 236.193756103515625 262.45001220703125 289.08123779296875 301.17498779296875 308.04998779296875 312.23126220703125 313.16876220703125 311.024993896484375 307.51873779296875 301.8125 294.875 288.037506103515625 280.20001220703125 274.600006103515625 272.931243896484375 273.42498779296875 275.89373779296875 282.462493896484375 291.600006103515625 301.350006103515625 312.98748779296875 323.306243896484375 335.850006103515625 351.54998779296875 367.33123779296875 379.399993896484375 388.38751220703125 394.84375 400.975006103515625 405.16876220703125 409.29998779296875 413.875 420.70001220703125 427.54998779296875 436.64373779296875 445.9375
258.274993896484375 256.29998779296875 253.3562469482421875 252.3562469482421875 250.1999969482421875 249.34375 249.618743896484375 250.7624969482421875 255.649993896484375 270.693756103515625 300.61248779296875 308.899993896484375 312.04376220703125 315.618743896484375 318.20001220703125 317.01873779296875 314.568756103515625 309.537506103515625 302.26873779296875 294.79998779296875 286.693756103515625 278.95623779296875 274.54376220703125 272.54998779296875 273.08123779296875 276.556243896484375 282.91876220703125 291.57501220703125 301.3125 312.306243896484375 323.850006103515625 335.20001220703125 349.03125 363.39373779296875 377.48748779296875 385.631256103515625 390.806243896484375 397.443756103515625 400.33123779296875 401.35626220703125 405.41876220703125 410.037506103515625 416.01251220703125 423.26873779296875 430.70001220703125
261.649993896484375 259.181243896484375 256.70001220703125 255.0124969482421875 253.537506103515625 254.287506103515625 255.7562408447265625 260.76251220703125 269.71875 285.98748779296875 304.556243896484375 314.506256103515625 319.95001220703125 322.92498779296875 323.806243896484375 322.431243896484375 318.98126220703125 312.475006103515625 303.493743896484375 295.324981689453125 284.6875 276.537506103515625 271.57501220703125 269.92498779296875 272.337493896484375 276.037506103515625 282.66876220703125 291.07501220703125 300.73748779296875 311.23126220703125 321.412506103515625 334.212493896484375 349.11248779296875 361.54998779296875 372.26251220703125 380.024993896484375 384.41876220703125 388.875 391.73126220703125 391.25 393.556243896484375 397.493743896484375 401.75 405.83123779296875 412.318756103515625
