data/historical-monthly-weather-data/wc2.1_cruts4.09_10m_prec_2015-11.asc
ncols        45
nrows        45
xllcorner    -63.500000000000
yllcorner    -7.500000000000
cellsize     0.166666666667
NODATA_value -9999
[rows 0 to 18 of 45, columns 0 to 43 of 45]
39.625 33.83750152587890625 31.487499237060546875 30.5 29.8125 31.268749237060546875 32.78749847412109375 34.58750152587890625 38.106250762939453125 41.69374847412109375 45.55625152587890625 50.69374847412109375 56.087497711181640625 60.68125152587890625 66.7687530517578125 72.6062469482421875 78.1687469482421875 81.5812530517578125 84.71875 87.6687469482421875 87.78125 87.33750152587890625 87.2062530517578125 85.84999847412109375 84.84999847412109375 84.28749847412109375 84.4812469482421875 84.7687530517578125 84.2687530517578125 80.78125 77.18125152587890625 74.05625152587890625 70.28749847412109375 66.8874969482421875 63.424999237060546875 61.55625152587890625 60 58.356250762939453125 57.893749237060546875 57.71250152587890625 57.21875 58.05625152587890625 58.38124847412109375 58.53125
39.606250762939453125 33.53749847412109375 31.325000762939453125 30.168750762939453125 29.575000762939453125 30.956249237060546875 32.4375 34.5625 38.237499237060546875 41.887500762939453125 45.80625152587890625 50.88124847412109375 55.9375 60.84375 66.6374969482421875 72.8562469482421875 78.2375030517578125 83.3874969482421875 88.0625 92.3000030517578125 92.15625 91.34375 90.9375 89.6875 87.375 85.78125 85.44374847412109375 84.7624969482421875 83.55625152587890625 78.8125 73.9187469482421875 69.5749969482421875 64.88124847412109375 61.512500762939453125 57.96875 55.83750152587890625 54.03749847412109375 52.21250152587890625 51.5625 51.293750762939453125 51.112499237060546875 51.831249237060546875 52.52500152587890625 52.362499237060546875
42.387500762939453125 36.956249237060546875 35.049999237060546875 34.018749237060546875 33.75624847412109375 34.887500762939453125 36.625 38.56874847412109375 42.3125 45.8125 49.1875 53.762500762939453125 58.44374847412109375 62.825000762939453125 68.375 74.03749847412109375 79.4562530517578125 84.15000152587890625 87.97499847412109375 91.5 90.875 89.53749847412109375 88.59999847412109375 87.19374847412109375 85 82.97499847412109375 82.2687530517578125 81.65000152587890625 79.9499969482421875 74.6999969482421875 69.97499847412109375 65.125 61.28125 57.456249237060546875 53.924999237060546875 51.375 49.19374847412109375 47.581249237060546875 46.950000762939453125 46.71250152587890625 46.40000152587890625 46.9375 47.68125152587890625 47.91249847412109375
44.78749847412109375 40.018749237060546875 39.0625 38.43125152587890625 38.58750152587890625 39.65625 41.081249237060546875 43.206249237060546875 47.13124847412109375 50.63124847412109375 53.34999847412109375 57.137500762939453125 61.0625 64.8125 70.1875 75.7375030517578125 81.03749847412109375 84.3625030517578125 87.36249542236328125 90.3625030517578125 89.21250152587890625 87.1374969482421875 85.03125 83.0124969482421875 80.83750152587890625 78.86875152587890625 78.15625 76.72499847412109375 75.3125 70.5437469482421875 65.53125 60.9375 56.575000762939453125 52.68125152587890625 48.950000762939453125 46.81874847412109375 44.71250152587890625 42.68125152587890625 42.03749847412109375 41.59375 40.84375 41.762500762939453125 42.31874847412109375 42.606250762939453125
48.53125 43.737499237060546875 41.899997711181640625 42.056247711181640625 43.09999847412109375 44.22499847412109375 45.55625152587890625 47.8125 52.08750152587890625 55.918750762939453125 57.40000152587890625 59.862499237060546875 63.043750762939453125 66.6062469482421875 71.8125 77.40000152587890625 82.18125152587890625 84.7687530517578125 86.55625152587890625 87.77500152587890625 86.6687469482421875 84.0437469482421875 81.4875030517578125 79.61875152587890625 76.56874847412109375 74.28125 72.46875 71.75624847412109375 70.72499847412109375 65.47499847412109375 60.46875 55.956249237060546875 51.8125 48.03749847412109375 44.34375 42.08750152587890625 39.862499237060546875 37.737499237060546875 37.09375 36.0625 35.30625152587890625 35.924999237060546875 36.68125152587890625 37.1875
52.106250762939453125 48.043750762939453125 46.28125 45.13124847412109375 46.643749237060546875 48.674999237060546875 50.393749237060546875 52.393749237060546875 56.34999847412109375 60.206249237060546875 60.96250152587890625 62.99375152587890625 66.13124847412109375 69.3625030517578125 73.69374847412109375 78.2312469482421875 82.43125152587890625 83.7937469482421875 84.78125 84.6687469482421875 82.88124847412109375 80.53749847412109375 77.9250030517578125 75.19374847412109375 72.5749969482421875 69.84375 68.15000152587890625 67.02500152587890625 65.7375030517578125 60.75 55.637500762939453125 51.99375152587890625 48.112499237060546875 44.737499237060546875 41.25624847412109375 39.331249237060546875 37.25624847412109375 35.25624847412109375 34.637500762939453125 33.549999237060546875 31.943750381469726562 32.43125152587890625 33.012500762939453125 33.52500152587890625
56.299999237060546875 53.40000152587890625 51.71875 50.49375152587890625 51.049999237060546875 52.299999237060546875 53.91249847412109375 55.59375 58.06874847412109375 59.88124847412109375 61.83750152587890625 64.8249969482421875 68.40625 71.7062530517578125 75.6374969482421875 79.625 82.8625030517578125 82.7937469482421875 81.8249969482421875 81.53125 79.43125152587890625 76.84375 74.19374847412109375 71.1125030517578125 68.24375152587890625 65.7687530517578125 63.74375152587890625 62.16249847412109375 60.03125 55.52500152587890625 51.200000762939453125 47.56874847412109375 44.331249237060546875 41.393749237060546875 38.481250762939453125 36.487499237060546875 34.46250152587890625 32.65000152587890625 32.325000762939453125 30.837499618530273438 28.837499618530273438 28.962499618530273438 29.368749618530273438 29.668750762939453125
61.24375152587890625 58.78749847412109375 57.543750762939453125 57.1875 57.625 57.981250762939453125 57.737499237060546875 57.081249237060546875 57.28749847412109375 58.71250152587890625 61.97499847412109375 66.21250152587890625 70.3125 73.84375 77.1875 80.59375 82.84375 81.41249847412109375 79.5187530517578125 77.77500152587890625 76.19374847412109375 73.78125 70.5749969482421875 67.34999847412109375 64.65000152587890625 61.168750762939453125 58.825000762939453125 56.77500152587890625 54.80625152587890625 50.36875152587890625 46.375 43.46250152587890625 40.706249237060546875 38.012500762939453125 35.44374847412109375 33.46250152587890625 31.668750762939453125 29.706249237060546875 28.612499237060546875 26.981250762939453125 25.118749618530273438 25.075000762939453125 25.231250762939453125 25.34375
66.02500152587890625 64.2687530517578125 63.606250762939453125 63.393749237060546875 63.55625152587890625 63.418750762939453125 62.674999237060546875 61.24375152587890625 59.36875152587890625 59.33750152587890625 63.27500152587890625 68.15000152587890625 72.86875152587890625 76.53125 78.6125030517578125 80.21875 81.09375 79.875 79.0500030517578125 77.25624847412109375 74.4812469482421875 71.8937530517578125 68.1999969482421875 65.4187469482421875 62.00624847412109375 58.081249237060546875 55.1875 53.09999847412109375 50.96875 46.52500152587890625 43.237499237060546875 41.08750152587890625 38.387500762939453125 35.78749847412109375 33.356250762939453125 31.787500381469726562 30.149999618530273438 28.331249237060546875 27.006250381469726562 25.506250381469726562 23.71875 23.337499618530273438 23.337499618530273438 23.237499237060546875
71.15625 69.53749847412109375 69.1374969482421875 69.18125152587890625 69.56874847412109375 69.65000152587890625 68.49375152587890625 66.5812530517578125 65.43125152587890625 65.75 68 71.5812530517578125 76.24375152587890625 79.6062469482421875 79.84999847412109375 79.61875152587890625 79.08750152587890625 78.50624847412109375 77.97499847412109375 77.18125152587890625 74.21250152587890625 70.81874847412109375 66.49375152587890625 63.08750152587890625 58.918750762939453125 55.012500762939453125 52.331249237060546875 49.768749237060546875 47.31874847412109375 43.0625 40.28125 38.52500152587890625 36.19374847412109375 33.987499237060546875 31.856250762939453125 30.506250381469726562 29.181249618530273438 27.418750762939453125 26.068750381469726562 24.537500381469726562 22.875 22.287500381469726562 21.825000762939453125 21.318750381469726562
76.75624847412109375 75.4499969482421875 74.97499847412109375 75.1062469482421875 75.53125 76.3874969482421875 75.5437469482421875 73.1687469482421875 72.0812530517578125 72.11875152587890625 73.8000030517578125 76.5812530517578125 79.94374847412109375 82.43125152587890625 80.7624969482421875 78.5625 76.84375 76.6875 76.88124847412109375 77.0124969482421875 75.38124847412109375 71.09375 65.5500030517578125 60.206249237060546875 56.206249237060546875 52.78125 50.09999847412109375 47.59375 44.71875 40.856250762939453125 38.47499847412109375 36.918750762939453125 34.893749237060546875 32.799999237060546875 30.674999237060546875 29.356250762939453125 28.049999237060546875 26.587499618530273438 25.475000381469726562 23.962499618530273438 22.231250762939453125 21.431249618530273438 20.712499618530273438 20.024999618530273438
82.55625152587890625 81.1750030517578125 80.6750030517578125 81.16249847412109375 81.6999969482421875 82.8312530517578125 82.6750030517578125 80.27500152587890625 79.1437530517578125 79.0124969482421875 79.76250457763671875 80.8562469482421875 81.3312530517578125 81.9250030517578125 80.00624847412109375 77.8312530517578125 76.31874847412109375 76.3562469482421875 77.2624969482421875 78.56874847412109375 77.71875 73.1687469482421875 66.6062469482421875 60.15000152587890625 55.174999237060546875 51.30625152587890625 48.549999237060546875 46.19374847412109375 44.03125 40.68125152587890625 38.18125152587890625 36.387500762939453125 34.21875 32.09999847412109375 30.231250762939453125 29.09375 27.950000762939453125 26.818750381469726562 25.65625 24.256250381469726562 22.700000762939453125 21.6875 20.762500762939453125 19.924999237060546875
88.44374847412109375 87.1875 86.6999969482421875 86.63750457763671875 86.7624969482421875 87.7687530517578125 87.4875030517578125 85.97499847412109375 85.2312469482421875 85.40000152587890625 85.5625 84.7687530517578125 83.0749969482421875 80.2937469482421875 77.90625 76.1750030517578125 75.125 76.0500030517578125 77.3562469482421875 78.75 78.40625 73.81874847412109375 66.68125152587890625 60.362499237060546875 54.393749237060546875 49.78125 47.58750152587890625 45.362499237060546875 43.40625 40.549999237060546875 38.18125152587890625 36.262500762939453125 33.75624847412109375 31.512500762939453125 29.731250762939453125 28.793750762939453125 27.943750381469726562 27.024999618530273438 26.106250762939453125 24.606250762939453125 23.21875 22.1875 20.818750381469726562 18.96875
93.9375 92.0749969482421875 91.46875 91.15625 91.15000152587890625 91.5500030517578125 91.50624847412109375 90.91249847412109375 91.0124969482421875 91.0124969482421875 90.69374847412109375 86.9812469482421875 83.19374847412109375 79.00624847412109375 75.2062530517578125 73.6875 73.2375030517578125 74.21875 75.49375152587890625 76.4499969482421875 75.1750030517578125 70.9812469482421875 65.03749847412109375 59.174999237060546875 53.75624847412109375 49.331249237060546875 47.325000762939453125 45.25624847412109375 43.106250762939453125 40.418750762939453125 38.299999237060546875 36.34999847412109375 33.549999237060546875 31.087499618530273438 29.443750381469726562 28.8125 28.143749237060546875 27.737499237060546875 26.681249618530273438 25.493749618530273438 23.825000762939453125 21.981250762939453125 20.1875 18.956249237060546875
96.5812530517578125 94.7062530517578125 94.3000030517578125 94.1374969482421875 94.1125030517578125 94.52500152587890625 95.0124969482421875 94.8249969482421875 94.65625 94.3562469482421875 93.3874969482421875 88.74375152587890625 83.63124847412109375 78.50624847412109375 73.7375030517578125 72.0625 72.1875 73.4562530517578125 74.88124847412109375 75.65625 73.625 69.59375 64.46250152587890625 59.575000762939453125 55.13124847412109375 51.106250762939453125 48.84375 46.55625152587890625 44.237499237060546875 41.41249847412109375 39.075000762939453125 36.924999237060546875 34.05625152587890625 31.450000762939453125 29.512500762939453125 28.862499237060546875 28.637500762939453125 28.662500381469726562 27.981250762939453125 26.456249237060546875 24.3125 22.65625 21.3125 20.206251144409179688
98.27500152587890625 96.4562530517578125 96.56874847412109375 96.5749969482421875 96.78749847412109375 97.6687469482421875 98.03125 98.09375 98.2687530517578125 98.2375030517578125 96.5812530517578125 91.03749847412109375 85.03749847412109375 78.7312469482421875 73.4875030517578125 70.2062530517578125 71.50624847412109375 73.69374847412109375 75.0749969482421875 75.65000152587890625 73.47499847412109375 69.53125 64.59375 60.30625152587890625 56.4375 53.206249237060546875 51.174999237060546875 48.65625 45.63124847412109375 42.456249237060546875 39.987499237060546875 37.8125 34.637500762939453125 32.0625 29.712499618530273438 29.456249237060546875 29.65625 29.075000762939453125 28.337499618530273438 26.943750381469726562 25.443750381469726562 24.049999237060546875 22.575000762939453125 20.84375
99.5749969482421875 98.3312530517578125 98.375 98.6062469482421875 99.31874847412109375 100.3562469482421875 101.36875152587890625 101.60625457763671875 101.88124847412109375 101.55625152587890625 100.0187530517578125 94.0500030517578125 87.2312469482421875 80.5625 75.6875 72.71875 72.2062530517578125 73.90625 75.80625152587890625 76.6750030517578125 74.18125152587890625 70.0187530517578125 65.0500030517578125 60.862499237060546875 57.53749847412109375 55.25 54 50.74375152587890625 46.6875 43.393749237060546875 41.081249237060546875 39.44374847412109375 35.9375 32.981250762939453125 31.568750381469726562 31.868749618530273438 31.318750381469726562 30.950000762939453125 30.381250381469726562 28.706249237060546875 27.350000381469726562 25.856250762939453125 23.681249618530273438 22.112499237060546875
99.18125152587890625 98.09999847412109375 98.625 99.2687530517578125 99.86875152587890625 101.65625 103.05625152587890625 103.5 104.1125030517578125 104.0187530517578125 102.71250152587890625 97.08750152587890625 90.05625152587890625 84.08750152587890625 80.18125152587890625 77.3125 75.8937530517578125 75.34999847412109375 78 79.2624969482421875 76.8249969482421875 71.63124847412109375 66.06874847412109375 62.41249847412109375 59.68125152587890625 57.65625 57.575000762939453125 53.44374847412109375 48.231250762939453125 44.168750762939453125 41.65625 40.0625 37.77500152587890625 36.24375152587890625 34.950000762939453125 33.581249237060546875 33.112499237060546875 32.581249237060546875 31.15625 30.212499618530273438 28.643749237060546875 27.056249618530273438 25.212499618530273438 23.737499237060546875
98.2687530517578125 97.78749847412109375 98.50624847412109375 99.4499969482421875 100.5437469482421875 102.46250152587890625 103.91249847412109375 105.0749969482421875 106.41249847412109375 107.2624969482421875 106.1062469482421875 100.6687469482421875 94.125 88.65625 84.59375 81.93125152587890625 80.2937469482421875 78.9375 80.1125030517578125 81.6374969482421875 79.71250152587890625 75.18125152587890625 67.1750030517578125 63.768749237060546875 61.362499237060546875 59.1875 58.09999847412109375 54.47499847412109375 49.68125152587890625 45.268749237060546875 42.19374847412109375 41.856250762939453125 41.31874847412109375 39.450000762939453125 37.25 36.34375 35.262500762939453125 34.106250762939453125 32.94374847412109375 31.618749618530273438 29.96875 28.881250381469726562 27.012500762939453125 25.524999618530273438
