data/historical-monthly-weather-data/wc2.1_cruts4.09_10m_prec_1965-04.asc
ncols        45
nrows        45
xllcorner    -63.500000000000
yllcorner    -7.500000000000
cellsize     0.166666666667
NODATA_value -9999
[rows 0 to 19 of 45, columns 0 to 44 of 45]
392.89373779296875 404.9375 405.51873779296875 412.58123779296875 411.881256103515625 400.981231689453125 387.725006103515625 368.274993896484375 351.943756103515625 341.181243896484375 334.875 328.056243896484375 319.493743896484375 308.66876220703125 298.82501220703125 289.912506103515625 282.64373779296875 273.59375 267.79376220703125 262.475006103515625 259.375 257.85626220703125 255.59375 255.524993896484375 253.462493896484375 254.34375 257.04998779296875 261.92498779296875 264.3125 258.5625 251.59375 244.4499969482421875 236.443756103515625 229.6437530517578125 222.912506103515625 220.975006103515625 218.1750030517578125 215.9875030517578125 219.3125 221.993743896484375 224.7312469482421875 227.875 228.931243896484375 231.662506103515625 235.1125030517578125
404.556243896484375 417.08123779296875 429.368743896484375 439.943756103515625 447.981231689453125 435.16876220703125 418.943756103515625 405.20623779296875 389.98126220703125 376.956268310546875 367.962493896484375 357.08123779296875 346.162506103515625 333.79376220703125 320.1875 310.225006103515625 299.15625 290.78125 283.756256103515625 276.51873779296875 272.806243896484375 270.024993896484375 268.962493896484375 267.28125 266.568756103515625 266.399993896484375 268.13751220703125 272.443756103515625 272.818756103515625 266.64373779296875 260.73748779296875 255.381256103515625 248.8249969482421875 243.9499969482421875 237.818756103515625 236.899993896484375 237.03125 236.40625 240.1750030517578125 242.9000091552734375 245.5187530517578125 248.787506103515625 249.625 250.3874969482421875 252.6374969482421875
400.20623779296875 415.45001220703125 425.9375 439.58123779296875 450.100006103515625 443.287506103515625 434.15625 426.368743896484375 418.35626220703125 406.475006103515625 394.3125 380.51251220703125 368.681243896484375 353.056243896484375 338.618743896484375 326.725006103515625 314.631256103515625 306.13751220703125 297.875 291.243743896484375 287.48126220703125 284.600006103515625 280.95623779296875 277.524993896484375 275.60626220703125 273.70001220703125 275.91876220703125 276.51873779296875 274.76873779296875 269.181243896484375 262.5625 255.962493896484375 251.5437469482421875 246.243743896484375 239.3874969482421875 238.21875 240.0187530517578125 241.256256103515625 244.8312530517578125 248.350006103515625 251.568756103515625 254.193756103515625 255.931243896484375 257.89373779296875 259.84375
386.693756103515625 401.88751220703125 417.45001220703125 428.01873779296875 438.412506103515625 440.83123779296875 440.54998779296875 440.51873779296875 439.787506103515625 434.006256103515625 421.11248779296875 403.524993896484375 386.70001220703125 371.475006103515625 355.54998779296875 342.67498779296875 330.76873779296875 321.693756103515625 313.23126220703125 306.70001220703125 303.243743896484375 299.037506103515625 292.70001220703125 288.162506103515625 283.73126220703125 278.306243896484375 280.21875 278.83123779296875 276.243743896484375 271.556243896484375 264.375 257.181243896484375 250.318756103515625 244.3312530517578125 237.5 238.318756103515625 239.962493896484375 241.6374969482421875 247.162506103515625 250.2062530517578125 253.9812469482421875 258.5625 259.79998779296875 261.399993896484375 264.225006103515625
391 398.662506103515625 402.631256103515625 412.899993896484375 427.181243896484375 434.34375 438.287506103515625 446.306243896484375 453.993743896484375 456.76251220703125 441.8125 417.631256103515625 400.649993896484375 386.20623779296875 369.79376220703125 356.087493896484375 343.01251220703125 334.45623779296875 326.10626220703125 319.225006103515625 315.79998779296875 309.681243896484375 302.5 297.506256103515625 288.524993896484375 281.03125 280.149993896484375 281.125 279.83123779296875 272.95623779296875 265.51251220703125 255.6687469482421875 248.5625 243.100006103515625 237.3312530517578125 238.4812469482421875 239.9187469482421875 242.506256103515625 248.931243896484375 252.8249969482421875 258.07501220703125 260.681243896484375 263.431243896484375 267.0625 268.318756103515625
382.024993896484375 390.51873779296875 394.875 396.16876220703125 408.662506103515625 418.881256103515625 424.73748779296875 434.48748779296875 443.90625 452.100006103515625 435.375 414.35626220703125 400.38751220703125 388.287506103515625 372.96875 361.368743896484375 347.693756103515625 339.681243896484375 334.475006103515625 329.01873779296875 322.506256103515625 314.57501220703125 308.350006103515625 300.125 290.693756103515625 282.5625 280.51873779296875 280.28125 278.337493896484375 271.78125 264.95001220703125 258.26251220703125 251.368743896484375 247.837493896484375 245.7375030517578125 247.618743896484375 251.8562469482421875 255.7062530517578125 261.5625 266.5625 268.4375 270.0625 272.725006103515625 276.125 277.962493896484375
373.875 380.65625 384.91876220703125 385.037506103515625 386.787506103515625 391.875 398.34375 406.83123779296875 411.350006103515625 413.01251220703125 410.212493896484375 401.58123779296875 395.875 386.225006103515625 374.45001220703125 366 354.693756103515625 344.26873779296875 337.912506103515625 334.649993896484375 328.35626220703125 320.381256103515625 312.21875 300.51251220703125 290.4375 281.65625 279.868743896484375 277.443756103515625 274.76251220703125 269.73126220703125 264.881256103515625 259.07501220703125 255.8874969482421875 253.212493896484375 253.306243896484375 256.993743896484375 261.412506103515625 267.26873779296875 274.76251220703125 278.568756103515625 276.9375 278.118743896484375 280.399993896484375 282.90625 285.662506103515625
366.493743896484375 369.162506103515625 370.64373779296875 373 375.118743896484375 377.175018310546875 375.037506103515625 372.037506103515625 368.350006103515625 370.95001220703125 381.256256103515625 386.08123779296875 386.962493896484375 383.48748779296875 376.399993896484375 368.662506103515625 358.975006103515625 349.212493896484375 340.76251220703125 338.45001220703125 333.09375 324.931243896484375 314.29376220703125 301.61248779296875 291.48748779296875 279.375 276.48126220703125 274.03125 271.61248779296875 268.39373779296875 263.09375 258.91876220703125 258.243743896484375 258.493743896484375 260.181243896484375 263.01873779296875 268.975006103515625 275 280.21875 282.118743896484375 281.67498779296875 283.40625 284.39373779296875 284.91876220703125 285.51873779296875
359.006256103515625 361.350006103515625 362.04376220703125 362.20001220703125 363.65625 363.443756103515625 362.23126220703125 357.3125 346.70623779296875 343.774993896484375 358.98126220703125 369.399993896484375 379.556243896484375 379.45001220703125 373.475006103515625 368.41876220703125 362.056243896484375 354.162506103515625 348.08123779296875 343.23748779296875 331.131256103515625 324.149993896484375 312.40625 301.631256103515625 290.14373779296875 275.95623779296875 272.149993896484375 270.46875 268.431243896484375 266.63751220703125 264.63751220703125 260.54998779296875 260.54998779296875 260.756256103515625 264.274993896484375 269.037506103515625 276.39373779296875 281.76873779296875 286.48748779296875 287.568756103515625 287.21875 286.631256103515625 287.61248779296875 288.26251220703125 284.83123779296875
351.037506103515625 350.70001220703125 351.9375 352.375 352.337493896484375 352.98748779296875 353.337493896484375 349.6875 346.48126220703125 349.03125 359.337493896484375 365.64373779296875 373.45001220703125 374.881256103515625 372.75 368.29998779296875 363.9375 358.068756103515625 352.3125 349.981231689453125 336.60626220703125 324.149993896484375 310.725006103515625 300.83123779296875 285.787506103515625 269.79376220703125 265.86248779296875 264.23126220703125 263.774993896484375 265.63751220703125 263.34375 259.943756103515625 260.95623779296875 262.98126220703125 267.20001220703125 274.09375 280.48748779296875 286.743743896484375 290.59375 293.16876220703125 294.243743896484375 292.837493896484375 291.306243896484375 287.04376220703125 284.73126220703125
343.21875 343.26251220703125 343.475006103515625 343.17498779296875 341.23126220703125 342.962493896484375 344.8125 343.85626220703125 346.037506103515625 351.48748779296875 361.412506103515625 369.693756103515625 371.11248779296875 372.40625 369.306243896484375 365.618743896484375 363.412506103515625 359.36248779296875 355.899993896484375 352.73748779296875 342.975006103515625 327.88751220703125 310.20623779296875 291.006256103515625 279.25 263.774993896484375 258.337493896484375 256.506256103515625 255.475006103515625 258.8125 258.475006103515625 256.84375 259.70623779296875 263.087493896484375 268.375 273.76251220703125 280.61248779296875 287.899993896484375 292.36248779296875 295.17498779296875 295.73748779296875 293.20001220703125 292.53125 289.34375 285.274993896484375
335.41876220703125 334.65625 334.48748779296875 337.568756103515625 337.368743896484375 337.3125 341.125 343.89373779296875 348.818756103515625 355.475006103515625 365.193756103515625 373.631256103515625 370.118743896484375 367.65625 364.10626220703125 361.243743896484375 358.58123779296875 354.86248779296875 352.45623779296875 350.35626220703125 339.53125 324.15625 306.899993896484375 291.087493896484375 273.225006103515625 254.78125 249.8625030517578125 247.7624969482421875 247.8249969482421875 250.475006103515625 251.8874969482421875 252.5 255.0625 259.20623779296875 264.65625 271.20623779296875 279.48748779296875 287.67498779296875 289.806243896484375 290.42498779296875 291.76873779296875 289.818756103515625 287.51873779296875 280.850006103515625 276.5625
328.774993896484375 327.73748779296875 328.024993896484375 329.837493896484375 331.4375 335.26873779296875 337.5 339.76251220703125 344.59375 353.91876220703125 363.243743896484375 370.90625 368.306243896484375 357.63751220703125 353.73126220703125 353.318756103515625 349.66876220703125 346.162506103515625 345.38751220703125 341.868743896484375 331.024993896484375 314.13751220703125 294.506256103515625 279.21875 257.10626220703125 239.056243896484375 237.931243896484375 237.0187530517578125 239.118743896484375 242.1875 244.806243896484375 246.350006103515625 249.1062469482421875 253.524993896484375 258.34375 266.875 276.01251220703125 284.57501220703125 287.85626220703125 288.625 285.36248779296875 284.64373779296875 279.5625 273.08123779296875 272.068756103515625
320.931243896484375 319.92498779296875 319.212493896484375 320.54998779296875 324.193756103515625 327.662506103515625 329.556243896484375 332.54998779296875 339.01873779296875 346.649993896484375 352.381256103515625 354.73126220703125 353.53125 347.16876220703125 340.118743896484375 340.85626220703125 337.45623779296875 332.1875 331.975006103515625 327.11248779296875 315.181243896484375 297.04998779296875 279.14373779296875 261.337493896484375 243.212493896484375 228.256256103515625 227.0437469482421875 227.7312469482421875 229.75 234.21875 237.6999969482421875 240.90625 242.287506103515625 246.65625 252.6875 262.412506103515625 272.087493896484375 282.587493896484375 287.693756103515625 287.15625 280.57501220703125 274.07501220703125 273.32501220703125 273.98126220703125 275.89373779296875
312.21875 312.01251220703125 312.20001220703125 314.09375 318.33123779296875 321.287506103515625 324.1875 326.850006103515625 330.73748779296875 335.399993896484375 339.33123779296875 340.25 337.125 331.20623779296875 323.08123779296875 319.76251220703125 317.86248779296875 316.943756103515625 316.21875 312.193756103515625 298.84375 283.431243896484375 265.212493896484375 249.7687530517578125 234.818756103515625 223.493743896484375 222.5437469482421875 224.3125 227.100006103515625 230.9562530517578125 233.03125 233.90625 237.506256103515625 240.40625 245.0437469482421875 253.96875 268.25 282.60626220703125 288.306243896484375 286.350006103515625 281.0625 277.625 279.837493896484375 276.78125 276.193756103515625
301.83123779296875 302 304.381256103515625 307.774993896484375 311.375 314.149993896484375 316.51873779296875 319.125 323.993743896484375 326.506256103515625 328.29998779296875 327.23126220703125 323.48748779296875 315.818756103515625 305.71875 295.875 297.88751220703125 301.412506103515625 299.98126220703125 297.181243896484375 284.82501220703125 268.881256103515625 251.6437530517578125 239.3249969482421875 227.1750030517578125 219.2375030517578125 218.368743896484375 221.3125 224.6062469482421875 229.274993896484375 233.3625030517578125 234.006256103515625 232.256256103515625 233.212493896484375 235.2937469482421875 249.725006103515625 264.29376220703125 279.743743896484375 287.59375 291.306243896484375 289.51873779296875 287.256256103515625 284.3125 278.34375 276.0625
289.98126220703125 292.068756103515625 295.962493896484375 300.193756103515625 303.60626220703125 306.11248779296875 309.95001220703125 312.287506103515625 314.59375 316.806243896484375 316.92498779296875 314.85626220703125 309.399993896484375 301.649993896484375 293.76251220703125 286.95001220703125 281.649993896484375 283.04998779296875 284.743743896484375 283.79376220703125 272.28125 258.35626220703125 242.5749969482421875 230.068756103515625 220.756256103515625 214.3125 215.15625 218.5 223.34375 229.4187469482421875 233.3812408447265625 234.5749969482421875 233.2624969482421875 233.318756103515625 240 250.9875030517578125 266.4375 283.3125 296.78125 300.07501220703125 300.29376220703125 295.743743896484375 287.100006103515625 279.65625 276.024993896484375
275.64373779296875 280.5625 284.649993896484375 291.068756103515625 294.899993896484375 298.181243896484375 302.39373779296875 303.17498779296875 304.693756103515625 305.01251220703125 303.524993896484375 300.33123779296875 294.4375 288.225006103515625 281.425018310546875 276.212493896484375 270.54376220703125 263.60626220703125 268.568756103515625 269.01873779296875 261.76251220703125 249.774993896484375 236.75 226.75 220.274993896484375 215.899993896484375 215.287506103515625 221.037506103515625 227.149993896484375 232.443756103515625 233.0437469482421875 228.1374969482421875 231.8249969482421875 235.6125030517578125 240.46875 254.225006103515625 269.13751220703125 284.46875 295.61248779296875 303.82501220703125 301.90625 296.899993896484375 289.524993896484375 282.23748779296875 279.26873779296875
260.381256103515625 267.475006103515625 273.73126220703125 279.412506103515625 284.21875 288.5625 291.712493896484375 294.5 296.03125 295.46875 291.875 284.850006103515625 279.149993896484375 274.86248779296875 266.162506103515625 261.04376220703125 256.524993896484375 251.431243896484375 249.899993896484375 251.131256103515625 251.03125 244.399993896484375 227.5187530517578125 223.4562530517578125 221.399993896484375 221.225006103515625 223.774993896484375 228.2375030517578125 235.09375 239.056243896484375 239.337493896484375 235.3249969482421875 234.5437469482421875 231.2624969482421875 234.725006103515625 248.3874969482421875 263.95001220703125 278.23748779296875 291.63751220703125 298.0625 301.287506103515625 297.98126220703125 291.212493896484375 285.15625 282.67498779296875
244.9812469482421875 254.1374969482421875 260.350006103515625 265.09375 272.09375 278.868743896484375 283.6875 284.725006103515625 285.91876220703125 285.11248779296875 280.26251220703125 274.399993896484375 268.10626220703125 262.162506103515625 252.4375 242.649993896484375 236.056243896484375 237.2375030517578125 235.8000030517578125 237.0124969482421875 235.2375030517578125 229.53125 224.46875 223.306243896484375 223.71875 225.0749969482421875 229.7375030517578125 237.118743896484375 242.0625 243.318756103515625 240.8562469482421875 241.774993896484375 236.693756103515625 228.25 225.556243896484375 238.462493896484375 258.600006103515625 276.993743896484375 288.84375 296.45623779296875 298.875 296.975006103515625 292.29998779296875 287.48748779296875 282.95001220703125
