data/historical-monthly-weather-data/wc2.1_cruts4.09_10m_prec_2010-06.asc
ncols        45
nrows        45
xllcorner    -63.500000000000
yllcorner    -7.500000000000
cellsize     0.166666666667
NODATA_value -9999
[rows 19 to 37 of 45, columns 0 to 43 of 45]
151.4812469482421875 151.3874969482421875 150.6687469482421875 148.399993896484375 148.881256103515625 153.287506103515625 153.53125 151.59375 154.3562469482421875 154.5812530517578125 152.9375 149.53125 143.8625030517578125 137.412506103515625 131.6687469482421875 119.7687530517578125 112.53749847412109375 114.7937469482421875 109.3562469482421875 110.90625 103.72499847412109375 106.66249847412109375 116.34375 120.71875 119.05625152587890625 118.09375 118.9187469482421875 127.11875152587890625 125.59375 122.84999847412109375 123.99375152587890625 138.4250030517578125 143.21875 144.5500030517578125 147.943756103515625 158.462493896484375 164.8125 161.287506103515625 155.6125030517578125 147.381256103515625 132.756256103515625 116.6125030517578125 115.6875 114.84375
138.756256103515625 145.9812469482421875 149.5437469482421875 148.59375 144.568756103515625 146.15625 149.8125 150.587493896484375 151.818756103515625 150.7687530517578125 150.9187469482421875 147.28125 141.6062469482421875 133.1437530517578125 125.1437530517578125 119.92499542236328125 112.0749969482421875 109.7687530517578125 113.1750030517578125 111.90000152587890625 117.2937469482421875 121.05625152587890625 127.125 134.6374969482421875 134.962493896484375 129.806243896484375 120.68125152587890625 121.56874847412109375 123.1750030517578125 126.625 130.037506103515625 138.8937530517578125 134.493743896484375 134.5124969482421875 136.1875 145.75 153.568756103515625 154.03125 145.4187469482421875 136.5625 126.86875152587890625 114.59999847412109375 111.75 111.8312530517578125
135.212493896484375 135.149993896484375 141.6750030517578125 145.443756103515625 144.087493896484375 143.6062469482421875 145.90625 146.475006103515625 147.09375 149.274993896484375 149.087493896484375 143.3874969482421875 137.431243896484375 133.7375030517578125 129.8937530517578125 120.83750152587890625 123.6125030517578125 118.88124847412109375 122.46250152587890625 122.28749847412109375 120.8000030517578125 129.0187530517578125 135.1374969482421875 135.149993896484375 132.3249969482421875 128.5749969482421875 129.125 124.9562530517578125 129.9499969482421875 133.3125 131.712493896484375 129.125 127.8874969482421875 131.75 131.1999969482421875 135.0437469482421875 140.7687530517578125 144.774993896484375 140.256256103515625 133.431243896484375 124.08750152587890625 115.55625152587890625 112.47499847412109375 113.11875152587890625
132.21875 139.9812469482421875 145.9375 148.8625030517578125 147.8125 145.4812469482421875 139.912506103515625 138.975006103515625 144.5625 146 145.1999969482421875 144.2375030517578125 144.8000030517578125 143.368743896484375 138.78125 132.774993896484375 126.5187530517578125 123.3249969482421875 125.3562469482421875 128.568756103515625 133.537506103515625 134.556243896484375 134.6062469482421875 135.662506103515625 138.9499969482421875 135.149993896484375 130.212493896484375 128.7624969482421875 130.631256103515625 126.96875 124.52500152587890625 124.7062530517578125 121.8562469482421875 120.97499847412109375 125.5812530517578125 125.375 127.15000152587890625 131.8000030517578125 133.0437469482421875 130.0187530517578125 122.11875152587890625 115.91249847412109375 112.2062530517578125 110.21875
126.71250152587890625 136.274993896484375 147.1062469482421875 146.8562469482421875 144.375 141.899993896484375 143.100006103515625 141.4562530517578125 140.212493896484375 138.2937469482421875 143.318756103515625 148.493743896484375 146.631256103515625 147.8000030517578125 139.818756103515625 134.600006103515625 130.256256103515625 131.725006103515625 132.6750030517578125 133.9250030517578125 137.4499969482421875 142.09375 140.712493896484375 146.6750030517578125 144.125 137.743743896484375 137.9187469482421875 128.506256103515625 124.65000152587890625 122.7937469482421875 119.6750030517578125 118.6750030517578125 117.8125 114.84999847412109375 117.7062530517578125 116.375 120.06874847412109375 124.5812530517578125 124.28125 121.3874969482421875 116.66875457763671875 113.03125 110.53749847412109375 109.75624847412109375
119.7312469482421875 131.693756103515625 140.8000030517578125 146.662506103515625 146.6125030517578125 143.962493896484375 142.712493896484375 143.149993896484375 140.806243896484375 143.125 143.5812530517578125 144.7687530517578125 147.693756103515625 143.587493896484375 136.65625 132.6125030517578125 131.181243896484375 130.337493896484375 133.2624969482421875 138.09375 141.5 143.1687469482421875 149.006256103515625 152.4499969482421875 145.0812530517578125 138.774993896484375 133.6374969482421875 127.49375152587890625 121.86875152587890625 119.7062530517578125 112.7687530517578125 108.34375 107.36875152587890625 108.5500030517578125 109.7312469482421875 111.0124969482421875 113.5124969482421875 114.96875 117.26250457763671875 115.8625030517578125 112.5124969482421875 110.96250152587890625 110.4875030517578125 107.02500152587890625
117.74375152587890625 132.2624969482421875 134.818756103515625 140.881256103515625 140.649993896484375 139.7937469482421875 137.59375 138.4875030517578125 133.2062530517578125 131.556243896484375 136.931243896484375 138.5 140.899993896484375 139.181243896484375 136 129.850006103515625 129.068756103515625 132.09375 135.75 136.6062469482421875 141.225006103515625 144.9250030517578125 149.368743896484375 150.4812469482421875 147.225006103515625 138.5812530517578125 132.662506103515625 126.2687530517578125 117.4812469482421875 113.15000152587890625 106.1125030517578125 101.22499847412109375 100.2687530517578125 100.5187530517578125 101.3874969482421875 105.4875030517578125 108.34375 108.1062469482421875 108.05625152587890625 109.8937530517578125 107.41875457763671875 100.7062530517578125 100.0124969482421875 100.8000030517578125
112.46875 118.7624969482421875 125.9499969482421875 130.2312469482421875 130.524993896484375 130.875 129.837493896484375 125.09999847412109375 123.1062469482421875 128.431243896484375 134.1062469482421875 135.2624969482421875 134.7624969482421875 134.975006103515625 133.8625030517578125 132.2437591552734375 129.287506103515625 127.91875457763671875 132.6875 133.931243896484375 135.8125 140.28125 146.3562469482421875 152.8125 144.0187530517578125 136.0625 130.306243896484375 121.78749847412109375 113.33750152587890625 107.47499847412109375 102.5625 94.94374847412109375 93.22499847412109375 94.03125 95.58750152587890625 98.1875 102.69374847412109375 102.8125 101.3312530517578125 104.2312469482421875 104.4187469482421875 100.1374969482421875 96.03125 94.99375152587890625
107.96875 109.5187530517578125 114.8249969482421875 116.0812530517578125 116.81874847412109375 119.55625152587890625 120.28125 117.7375030517578125 118.15625 123.5500030517578125 126.59999847412109375 128.787506103515625 127.9812469482421875 127.1999969482421875 126.125 125.0625 123.1999969482421875 125.1374969482421875 125.1374969482421875 129.0374908447265625 132.756256103515625 134.1750030517578125 141.975006103515625 143.25 138.0437469482421875 129.9375 124.1437530517578125 115.90000152587890625 110.90625 106.59999847412109375 100.1125030517578125 94.28125 91.1437530517578125 88.375 92.0500030517578125 94.21250152587890625 98.47499847412109375 98.2062530517578125 98.77500152587890625 100.5 101.08750152587890625 100.15625 91.97499847412109375 92.56874847412109375
100.90000152587890625 104.7375030517578125 104.00624847412109375 103.5187530517578125 105.81874847412109375 104.8000030517578125 107.125 109.83750152587890625 113.38124847412109375 115.9875030517578125 119.71250152587890625 121.03749847412109375 122.3562469482421875 122.50624847412109375 121.6750030517578125 121.15000152587890625 121.38124847412109375 120.96250152587890625 123.59375 127.13124847412109375 127.4875030517578125 128.162506103515625 131.1750030517578125 131.46875 128.162506103515625 120.8874969482421875 118.46875 114.125 108.0749969482421875 101.1687469482421875 94.1750030517578125 90.00624847412109375 86.6999969482421875 86.90000152587890625 87.5625 89.28125 94.65625 92.7624969482421875 93.86875152587890625 94.3125 93.4562530517578125 91.00624847412109375 88.21875 91.3874969482421875
94.625 95.47499847412109375 95.1750030517578125 93.83750152587890625 94.625 96.71875 98.55625152587890625 103.91249847412109375 106.33750152587890625 110.0187530517578125 113.46250152587890625 116.16249847412109375 118.21250152587890625 119.2312469482421875 117.27500152587890625 115.25 114.44374847412109375 116.90000152587890625 115.03125 114.0749969482421875 117.8625030517578125 119.2937469482421875 121.69374847412109375 122.02500152587890625 117.52500152587890625 115.6875 112.11875152587890625 107.1687469482421875 102.3000030517578125 95.36875152587890625 89.58750152587890625 85.21875 84.02500152587890625 84.65000152587890625 86.6875 86.4499969482421875 92.76250457763671875 91.15625 87.78749847412109375 91.91249847412109375 90.50624847412109375 87.8312530517578125 87.77500152587890625 86.15000152587890625
90.03749847412109375 88.97499847412109375 87.44374847412109375 87.03125 87.6875 89.3249969482421875 92.78125 96.5812530517578125 99.0187530517578125 103.71250152587890625 107.90000152587890625 109.21875 113.1999969482421875 109.7624969482421875 109.53749847412109375 111.70624542236328125 112 110.5625 109.25624847412109375 109.46875 110.40625 109.56874847412109375 111.6062469482421875 112.75 110.0437469482421875 108.9562530517578125 104.9812469482421875 101.24375152587890625 96.25624847412109375 90.72499847412109375 88.36249542236328125 84.6437530517578125 82.3937530517578125 81.1062469482421875 82.53749847412109375 82.8562469482421875 87.4187469482421875 88.1125030517578125 85.3625030517578125 82.78749847412109375 83.875 81.875 81.4250030517578125 81.11875152587890625
84.97499847412109375 83.52500152587890625 80.96875 81.5187530517578125 84.06874847412109375 85.5500030517578125 87.7375030517578125 90.46250152587890625 93.7687530517578125 96.34999847412109375 98.1374969482421875 100.72499847412109375 101.41249847412109375 103.28749847412109375 105.1374969482421875 105.8125 103.0625 101.6125030517578125 101.2375030517578125 101.78749847412109375 102.0812530517578125 102.47499847412109375 101.5124969482421875 101.6999969482421875 102.15625 100.40000152587890625 98.2937469482421875 95.24375152587890625 90.69374847412109375 89.88124847412109375 86.19374847412109375 82.31874847412109375 80.96875 79.2624969482421875 79.63750457763671875 78.9499969482421875 81.125 79.90000152587890625 79.90625 78.9250030517578125 80.4187469482421875 79.2312469482421875 77.77500152587890625 77.25624847412109375
80.65625 79.43125152587890625 78.78749847412109375 79.3937530517578125 79.3000030517578125 80.90625 83.03125 85.94374847412109375 87.56874847412109375 90.0437469482421875 94.93125152587890625 96.1687469482421875 97.7312469482421875 101.5187530517578125 103.34999847412109375 100.53749847412109375 97.2937469482421875 97.9562530517578125 97.3125 96.9187469482421875 94.66249847412109375 93.52500152587890625 93.88124847412109375 94.41249847412109375 93.78125 93.0437469482421875 90.90625 88.0437469482421875 85.71875 85.3562469482421875 83.3562469482421875 78.78749847412109375 78.07500457763671875 78.5812530517578125 77.72499847412109375 76.8249969482421875 76.2062530517578125 75.03125 75.0500030517578125 77.38124847412109375 78.59375 77.00624847412109375 74.1687469482421875 72.7937469482421875
76.24375152587890625 76.2937469482421875 77.61875152587890625 77.46250152587890625 76.7312469482421875 77.3937530517578125 79.9812469482421875 80.72499847412109375 81.6999969482421875 83.28749847412109375 87.99375152587890625 92.2312469482421875 94.4499969482421875 95.65625 95.71875 95.96875 95.3000030517578125 93.4812469482421875 90.5 89.8874969482421875 88.78749847412109375 86.8937530517578125 87.9875030517578125 86.58750152587890625 86.9562530517578125 84.94374847412109375 84.8625030517578125 82.8625030517578125 82.5 81.7687530517578125 81.2062530517578125 79.23749542236328125 75.52500152587890625 74.63124847412109375 75.2375030517578125 74.44374847412109375 73.1687469482421875 71.6687469482421875 72.09375 73.125 72.53749847412109375 72.86875152587890625 71.5749969482421875 66.75624847412109375
73.7062530517578125 72.34375 74.59375 76.15000152587890625 75.40625 73.74375152587890625 73.8125 75.375 76.58750152587890625 77.9499969482421875 84.65625 89.71250152587890625 92.7375030517578125 97.3937530517578125 97.2937469482421875 94.75 91.53125 87.1437530517578125 84.0187530517578125 80.15625 81.7312469482421875 78.88124847412109375 78.2624969482421875 77.4812469482421875 80.21250152587890625 79.8000030517578125 79.0749969482421875 76.6999969482421875 76.0625 75.5500030517578125 76.21250152587890625 76.0437469482421875 72.125 70.95624542236328125 70.0500030517578125 70.24375152587890625 67.7937469482421875 69.65625 68.1437530517578125 68.96250152587890625 68.49375152587890625 66.9562530517578125 66.52500152587890625 63.793750762939453125
71.7624969482421875 70.3000030517578125 71.2937469482421875 72.7312469482421875 72.88124847412109375 71.9375 71.7312469482421875 71.50624847412109375 71.53125 72.46875 76.3937530517578125 85.43125152587890625 91.3874969482421875 94.53125 94.58750152587890625 92.28749847412109375 88.0500030517578125 81.7062530517578125 77.625 73.0437469482421875 72.2062530517578125 72.9187469482421875 71.49375152587890625 70.8249969482421875 72.9187469482421875 72.5625 71.9187469482421875 70.27500152587890625 70.9187469482421875 70.34999847412109375 69.8937530517578125 70.28749847412109375 68.41249847412109375 66.48749542236328125 64.3562469482421875 64.75 65.84999847412109375 64.6374969482421875 64.40625 65.6437530517578125 65.27500152587890625 63.075000762939453125 62.18125152587890625 61.674999237060546875
67.78125 69.0124969482421875 68.18125152587890625 69.65625 70.84999847412109375 70.0124969482421875 69.34999847412109375 69.99375152587890625 69.38124847412109375 66.6687469482421875 73.1125030517578125 84.75 91.34999847412109375 92.0124969482421875 91.6687469482421875 88.91249847412109375 85.1125030517578125 79.7375030517578125 74.875 68.1374969482421875 65.9250030517578125 67.1875 65.6750030517578125 65.61875152587890625 65.4499969482421875 65.41249847412109375 66.7062530517578125 65.40000152587890625 64.38124847412109375 63.149997711181640625 64.96250152587890625 64.1999969482421875 63.618747711181640625 62.81874847412109375 60.86875152587890625 61.09375 62.181247711181640625 62.950000762939453125 61.40000152587890625 60.637500762939453125 60.06874847412109375 59.94374847412109375 57.53749847412109375 60.987499237060546875
64.1875 65.625 66.34999847412109375 68.44374847412109375 68.8625030517578125 68.6750030517578125 69.03749847412109375 69.34999847412109375 69.75 66.58750152587890625 77.6374969482421875 88.09999847412109375 90.78749847412109375 91.77500152587890625 88.4499969482421875 85.1125030517578125 80.78749847412109375 76.43125152587890625 72.4562530517578125 67.04999542236328125 63.443752288818359375 62.46875 60.02500152587890625 60.15000152587890625 59.46875 60.674999237060546875 61.77500152587890625 60.50624847412109375 59.49375152587890625 57.825000762939453125 58.09375 59.956249237060546875 60.043750762939453125 58.34375 56.9375 57.59375 58.18125152587890625 58.049999237060546875 60.0625 58.212497711181640625 56.793750762939453125 57.325000762939453125 54.43125152587890625 53.981250762939453125
