data/historical-monthly-weather-data/wc2.1_cruts4.09_10m_prec_2004-04.asc
ncols        51
nrows        45
xllcorner    -63.500000000000
yllcorner    -7.500000000000
cellsize     0.166666666667
NODATA_value -9999
[rows 20 to 39 of 45, columns 0 to 43 of 51]
251.993743896484375 266.73748779296875 275.85626220703125 283.48126220703125 289.068756103515625 296.17498779296875 301.76873779296875 302.193756103515625 299.79376220703125 293.399993896484375 284.36248779296875 273.068756103515625 262.243743896484375 253.1999969482421875 241.0124969482421875 230.693756103515625 222.53125 218.337493896484375 216.443756103515625 213.90625 214.4250030517578125 213.1125030517578125 210.100006103515625 207.4812469482421875 207.34375 206.756256103515625 204.943756103515625 202.649993896484375 199.3312530517578125 198.024993896484375 194.149993896484375 190.193756103515625 180.337493896484375 168.9187469482421875 158.8125 161.5124969482421875 167.4499969482421875 169.662506103515625 168.5749969482421875 164.056243896484375 157.3312530517578125 152.4562530517578125 145.34375 140.337493896484375
239.8312530517578125 251.881256103515625 261.70623779296875 273.84375 282.625 287.84375 293.53125 296.631256103515625 294.88751220703125 286.337493896484375 273.306243896484375 257.274993896484375 244.4812469482421875 235.774993896484375 229.056243896484375 221.306243896484375 216.6062469482421875 212.3874969482421875 210.3937530517578125 207.774993896484375 204.962493896484375 203.9812469482421875 204.287506103515625 203.100006103515625 203.8937530517578125 207.4812469482421875 214.743743896484375 212.068756103515625 207.78125 205.9499969482421875 201.2937469482421875 195.431243896484375 185.943756103515625 177.0749969482421875 171.2687530517578125 168.4875030517578125 170.2375030517578125 170.337493896484375 167.1374969482421875 161.412506103515625 154.712493896484375 149.2624969482421875 142.4812469482421875 137.225006103515625
228.90625 245.6937408447265625 256.524993896484375 267.78125 276.662506103515625 281.875 284.975006103515625 289.962493896484375 293.89373779296875 280.631256103515625 262.16876220703125 242.6125030517578125 228.0749969482421875 221.375 218.15625 214.681243896484375 210.1062469482421875 205.631256103515625 202.53125 199.0124969482421875 197.243743896484375 196.15625 194.806243896484375 194.8812408447265625 198.756256103515625 204.9187469482421875 213.943756103515625 214.274993896484375 211.5437469482421875 209.306243896484375 206.6374969482421875 202.7624969482421875 196.59375 189.850006103515625 185.3125 178.962493896484375 175.84375 172.868743896484375 167.5500030517578125 159.649993896484375 151.8874969482421875 145.537506103515625 139.024993896484375 133.787506103515625
219.3562469482421875 235.375 247.868743896484375 257.337493896484375 265.693756103515625 271.08123779296875 276.82501220703125 280.431243896484375 282.29376220703125 268.993743896484375 250.9499969482421875 234.5437469482421875 217.0749969482421875 214.0437469482421875 212.7312469482421875 209.5500030517578125 204.8937530517578125 202.181243896484375 198.2687530517578125 195.131256103515625 192.1687469482421875 188.850006103515625 186.7375030517578125 188.3249969482421875 192.0437469482421875 195.337493896484375 202.431243896484375 208.59375 210.6687469482421875 213.556243896484375 215.1687469482421875 216.212493896484375 211 203.3937530517578125 197.693756103515625 189.6750030517578125 183.756256103515625 176.443756103515625 168.100006103515625 158.256256103515625 149.618743896484375 142.6687469482421875 136.1374969482421875 130.587493896484375
212.5625 227.4499969482421875 238.462493896484375 248.8625030517578125 258.26873779296875 262.53125 266.056243896484375 268.21875 265.70623779296875 258.01873779296875 244.0187530517578125 229.462493896484375 219.8874969482421875 213.287506103515625 209.625 206.0187530517578125 203.125 200.2312469482421875 196.4812469482421875 191.7624969482421875 187.274993896484375 182.7687530517578125 180.024993896484375 180.0625 182.537506103515625 189.225006103515625 197.9375 205.2312469482421875 211.46875 220.462493896484375 227.149993896484375 232.100006103515625 226.875 217.3125 207.8312530517578125 196.118743896484375 187.09375 176.350006103515625 166.8562469482421875 157.2375030517578125 147.806243896484375 140.350006103515625 134.2937469482421875 128.287506103515625
212.931243896484375 225.2062530517578125 231.3562469482421875 240.3625030517578125 247.649993896484375 251.4499969482421875 254.1750030517578125 254.9625091552734375 250.21875 243.1125030517578125 235.243743896484375 227.6750030517578125 220.7312469482421875 216.0500030517578125 210.3000030517578125 207.2624969482421875 203.631256103515625 200.34375 195.462493896484375 189.037506103515625 184.943756103515625 178.5124969482421875 173.28125 169.84375 174.9562530517578125 184.09375 196.625 205.4499969482421875 215.53125 226.28125 238.5 248.274993896484375 242.8249969482421875 228.6374969482421875 213.899993896484375 200.118743896484375 188.2937469482421875 176.256256103515625 165.568756103515625 155.556243896484375 146.25 138.3625030517578125 131.600006103515625 125.04999542236328125
215.037506103515625 222.912506103515625 228.9812469482421875 235.1062469482421875 239.2937469482421875 243.1374969482421875 244.243743896484375 243.0625 239.399993896484375 237.493743896484375 234.0187530517578125 228.649993896484375 224.381256103515625 221.256256103515625 216.125 212.181243896484375 207.9187469482421875 203.1062469482421875 198.6875 192.9499969482421875 186.125 178.375 170.537506103515625 166.493743896484375 173.962493896484375 182.8000030517578125 196.493743896484375 207.024993896484375 218.943756103515625 231.475006103515625 246.524993896484375 259.056243896484375 254.506256103515625 236.46875 218.506256103515625 202.59375 189.1125030517578125 176.087493896484375 164.46875 154.2375030517578125 144.1750030517578125 137.243743896484375 130.6437530517578125 125.06874847412109375
219.0500030517578125 223.3937530517578125 226.912506103515625 230.306243896484375 233.587493896484375 235.181243896484375 236.443756103515625 234.0124969482421875 233.125 232.8874969482421875 229.7624969482421875 228.375 226.625 226.118743896484375 221.868743896484375 216.649993896484375 212.875 209.962493896484375 204.03125 198.912506103515625 192.4375 183.8125 179.274993896484375 175.743743896484375 179.693756103515625 187.462493896484375 198.7375030517578125 209.9875030517578125 221.524993896484375 234.6750030517578125 248.0625 258.712493896484375 251.774993896484375 235.28125 218.8125 202.3312530517578125 188.850006103515625 175.693756103515625 164.118743896484375 153.4812469482421875 143.7624969482421875 137.3312530517578125 131.318756103515625 127.04375457763671875
221.056243896484375 223.4499969482421875 224.212493896484375 226.0124969482421875 226.9375 226.287506103515625 226.4375 227.149993896484375 229.0812530517578125 228.75 228.681243896484375 229.1687469482421875 228.9375 230.149993896484375 228.1875 225.75 222.65625 217.15625 212.65625 206.7687530517578125 200.743743896484375 192.693756103515625 188.600006103515625 186.78125 188.40625 194.34375 204.5187530517578125 214.5124969482421875 224.9937591552734375 236.493743896484375 246.2312469482421875 253.806243896484375 243.7375030517578125 230.0187530517578125 215.1750030517578125 200.306243896484375 187.587493896484375 175.0812530517578125 164.068756103515625 152.7937469482421875 141.9812469482421875 136.2312469482421875 131.6999969482421875 131.7375030517578125
222.40625 222.975006103515625 222.568756103515625 220.75 221.1687469482421875 221.806243896484375 222.7937469482421875 224.6062469482421875 226.40625 227.024993896484375 228.931243896484375 230.7375030517578125 234.306243896484375 237 235.84375 233.5812530517578125 231.1999969482421875 228.7312469482421875 223.350006103515625 215.8562469482421875 208.4187469482421875 203.056243896484375 200.3000030517578125 197.3874969482421875 197.2312469482421875 201.5437469482421875 210.8562469482421875 218.649993896484375 227.6999969482421875 236.006256103515625 242.9562530517578125 246.2624969482421875 236.5124969482421875 224.774993896484375 212.037506103515625 198.5 187.056243896484375 175.40625 164.149993896484375 154.681243896484375 145.8312530517578125 141.306243896484375 137.243743896484375 137.6125030517578125
221.6999969482421875 220.256256103515625 218.6875 217.087493896484375 217.4875030517578125 217.931243896484375 220.0187530517578125 221.0812530517578125 223.4187469482421875 226.1999969482421875 229.5124969482421875 233.306243896484375 239.5437469482421875 242.087493896484375 242.7375030517578125 242.03125 242.03125 239.9499969482421875 235.59375 228.8125 221.0437469482421875 214.399993896484375 210.4812469482421875 205.7624969482421875 203.7312469482421875 209.7062530517578125 215.6750030517578125 223.162506103515625 230.256256103515625 234.5625 239.0437469482421875 240.2687530517578125 231.75 220.7062530517578125 208.3000030517578125 196.34375 184.2312469482421875 173.506256103515625 164.90625 156.46875 148.5749969482421875 144.506256103515625 141.962493896484375 140.8312530517578125
218.8562469482421875 216.1374969482421875 214.350006103515625 214.149993896484375 213.84375 213.243743896484375 215.506256103515625 216.587493896484375 219.5749969482421875 222.96875 228.1062469482421875 235.7312469482421875 241.712493896484375 246.8249969482421875 248.462493896484375 249.6062469482421875 248.5 247.225006103515625 242.8000030517578125 239.2624969482421875 232.2375030517578125 225.5500030517578125 219.881256103515625 215.2937469482421875 215.118743896484375 217.600006103515625 221.25 227.774993896484375 232.243743896484375 234.899993896484375 237.475006103515625 236.8937530517578125 226.7312469482421875 216.0124969482421875 204.600006103515625 193.1750030517578125 182.462493896484375 171.287506103515625 163.34375 155.6875 150.6374969482421875 147.9875030517578125 145.7375030517578125 144.9250030517578125
214.181243896484375 209.96875 208.712493896484375 207.943756103515625 208.4875030517578125 208.037506103515625 208.4187469482421875 210.5124969482421875 213.6687469482421875 219.225006103515625 228.3937530517578125 235.9875030517578125 245.2624969482421875 253.287506103515625 255.625 256.65625 257.506256103515625 256.743743896484375 251.5749969482421875 247 242.162506103515625 235.962493896484375 229.8625030517578125 225.6999969482421875 225.5 224.75 228.1374969482421875 231.818756103515625 235.193756103515625 236.8125 236.256256103515625 233.1875 222.881256103515625 212.9187469482421875 202.34375 192.40625 181.975006103515625 171.881256103515625 163.649993896484375 159.6374969482421875 154.431243896484375 151.868743896484375 150.556243896484375 150.5187530517578125
208.0437469482421875 204.662506103515625 203.837493896484375 202.8312530517578125 202.375 203.2624969482421875 203.8562469482421875 204.475006103515625 207.9812469482421875 214.3562469482421875 223.193756103515625 235.3249969482421875 247.625 255.7312469482421875 260.11248779296875 261.61248779296875 263.949981689453125 263.193756103515625 259.087493896484375 254.6687469482421875 250.100006103515625 244.7937469482421875 239.46875 233.25 233.2624969482421875 231.7312469482421875 232.59375 234.850006103515625 237.399993896484375 235.8937530517578125 233.5124969482421875 230.28125 220.243743896484375 210.287506103515625 200.4875030517578125 190.6687469482421875 181.149993896484375 170.0437469482421875 165.412506103515625 161.618743896484375 156.506256103515625 155.0812530517578125 154.5625 155.100006103515625
201.0437469482421875 199.09375 199.2937469482421875 197.3874969482421875 196.399993896484375 196.6125030517578125 196.743743896484375 198 200.5875091552734375 206.0625 217.84375 233.8937530517578125 250.3249969482421875 263.256256103515625 267.40625 269.756256103515625 270.79998779296875 267.78125 265.881256103515625 260.13751220703125 257.46875 251.25 246.5 239.149993896484375 237.65625 237.5625 237.756256103515625 237.618743896484375 239.1750030517578125 237.1437530517578125 232.524993896484375 228.193756103515625 217.350006103515625 208.2062530517578125 198.100006103515625 188.193756103515625 177.9375 171.5 167.287506103515625 163.193756103515625 158.4499969482421875 157.5437469482421875 157.6374969482421875 158.03125
197.3874969482421875 196.618743896484375 196.2687530517578125 194.600006103515625 192.9499969482421875 192.037506103515625 192.21875 192.225006103515625 192.6999969482421875 196.774993896484375 207.5 226.6125030517578125 247.8937530517578125 263.01873779296875 268.98126220703125 272.725006103515625 275.274993896484375 273.118743896484375 271.037506103515625 268.09375 263.71875 258.64373779296875 250.631256103515625 244.78125 241.6437530517578125 240.9562530517578125 241.306243896484375 241.681243896484375 242.3312530517578125 238.212493896484375 232.8625030517578125 226.7062530517578125 216.3625030517578125 208.21875 197.8562469482421875 187.068756103515625 180.8874969482421875 175.131256103515625 170.3874969482421875 166.787506103515625 163.46875 162.1437530517578125 161.4499969482421875 161.84375
194.5812530517578125 194.7687530517578125 193.774993896484375 192.5187530517578125 190.53125 189.6062469482421875 189.693756103515625 187.475006103515625 185.193756103515625 185.84375 198.600006103515625 223.6062469482421875 243.787506103515625 257.78125 267.431243896484375 273.48748779296875 275.618743896484375 274.83123779296875 273.88751220703125 269.493743896484375 265.82501220703125 260.243743896484375 252.631256103515625 247.743743896484375 243.881256103515625 242.90625 244.0625 244.943756103515625 244.5625 238.899993896484375 233.587493896484375 227.53125 217.649993896484375 208.149993896484375 197.9375 189.6750030517578125 184.2624969482421875 179.6875 176.350006103515625 171.21875 167.912506103515625 166.125 165.837493896484375 165.5500030517578125
193.2937469482421875 192.1687469482421875 190.59375 190.0124969482421875 188.2687530517578125 187.9875030517578125 187.287506103515625 184.4875030517578125 183.3125 182.3874969482421875 200.2687530517578125 225.1062469482421875 242.375 255.6374969482421875 265.274993896484375 272.71875 275.04376220703125 275.5 272.149993896484375 267.15625 263.506256103515625 257.60626220703125 252.631256103515625 248.21875 244.4875030517578125 244.9499969482421875 243.9499969482421875 246.3000030517578125 246.65625 241.181243896484375 233.443756103515625 227.2312469482421875 219.256256103515625 209.46875 198.2375030517578125 193.475006103515625 188.6062469482421875 183.2687530517578125 181.287506103515625 176.8249969482421875 172.212493896484375 170.618743896484375 168.618743896484375 167.193756103515625
187.368743896484375 185.125 184.6687469482421875 185.368743896484375 185.7062530517578125 185.1999969482421875 185.8000030517578125 185.9812469482421875 190.3000030517578125 200.3562469482421875 219.381256103515625 233.806243896484375 243.6125030517578125 255.0500030517578125 263.90625 269.26873779296875 272.28125 271.850006103515625 266.506256103515625 263.29376220703125 258.850006103515625 252.8312530517578125 248.4375 246.243743896484375 244.125 242.618743896484375 242.6374969482421875 244.6125030517578125 244.8874969482421875 241.618743896484375 235.8625030517578125 228.225006103515625 221.1750030517578125 213.975006103515625 207.8312530517578125 201.412506103515625 195.350006103515625 191.0437469482421875 187.2312469482421875 181.4562530517578125 177.34375 176.03125 173.287506103515625 172.4875030517578125
180.193756103515625 179.25 180.09375 181.96875 183.443756103515625 185.1687469482421875 185.875 190.4812469482421875 198.125 208.96875 222.71875 236 245.037506103515625 254.6374969482421875 262.100006103515625 266.48748779296875 269.212493896484375 268.412506103515625 262.53125 257.82501220703125 252.337493896484375 248.8625030517578125 242.3562469482421875 240.212493896484375 241.274993896484375 241.0124969482421875 241.5749969482421875 243.5749969482421875 244.1999969482421875 241.53125 235.256256103515625 233.024993896484375 229.3000030517578125 223.212493896484375 218.09375 211.524993896484375 204.806243896484375 199.9499969482421875 194.6999969482421875 187.1437530517578125 182.1062469482421875 180.53125 176.9250030517578125 175.6125030517578125
