data/historical-monthly-weather-data/wc2.1_cruts4.09_10m_prec_1960-11.asc
ncols        51
nrows        45
xllcorner    -63.500000000000
yllcorner    -7.500000000000
cellsize     0.166666666667
NODATA_value -9999
[rows 20 to 39 of 45, columns 0 to 43 of 51]
159.756256103515625 166.493743896484375 173.8125 181.2062530517578125 187.8625030517578125 194.8937530517578125 201.7062530517578125 207.1875 210.787506103515625 212.149993896484375 211.90625 209.375 204.9562530517578125 198.1062469482421875 193.59375 188.662506103515625 184.7375030517578125 184.806243896484375 189.5 193.2937469482421875 197.3562469482421875 198.8625030517578125 197.7062530517578125 196.462493896484375 195.087493896484375 191.381256103515625 184.1437530517578125 173.0187530517578125 160.806243896484375 151.7624969482421875 144.8625030517578125 143.90625 146.0625 149.725006103515625 153.4187469482421875 157.1125030517578125 158.9562530517578125 160.725006103515625 159.875 158.8125 156.5625 154.28125 150.774993896484375 146.53125
156.9875030517578125 162.9812469482421875 171.381256103515625 179.868743896484375 188.1125030517578125 195.8937530517578125 204.25 211.131256103515625 217.056243896484375 220.375 221.5124969482421875 221.15625 218.087493896484375 211.368743896484375 205.2624969482421875 199.0437469482421875 195.1062469482421875 193.087493896484375 194.0437469482421875 196.34375 196.412506103515625 196.6062469482421875 196.850006103515625 195.8312530517578125 194.087493896484375 191.2687530517578125 186.9187469482421875 178.337493896484375 169.9499969482421875 163.21875 156.412506103515625 154.625 156.3125 161.1437530517578125 166.243743896484375 169.4250030517578125 170.96875 171.662506103515625 168.7624969482421875 166.649993896484375 163.399993896484375 160.40625 156.943756103515625 153.4375
154.475006103515625 161.6437530517578125 170.2937469482421875 179.5 188.7375030517578125 196.8312530517578125 205.03125 214.287506103515625 222.3562469482421875 226.962493896484375 230.65625 232.193756103515625 234.0500030517578125 228.4375 218.287506103515625 209.3125 203.4562530517578125 200.28125 198.6999969482421875 198.34375 197.3562469482421875 196.15625 195.1687469482421875 194.2624969482421875 194.2375030517578125 193.0812530517578125 189.1812591552734375 183.9499969482421875 177.1062469482421875 171.4250030517578125 166.8562469482421875 165.0812530517578125 168.21875 173.587493896484375 178.4875030517578125 181.9875030517578125 183.399993896484375 181.8625030517578125 177.568756103515625 174.1750030517578125 170.787506103515625 167 163.1687469482421875 159.431243896484375
152.4187469482421875 159.443756103515625 168.556243896484375 177.462493896484375 187.337493896484375 196.443756103515625 205.2312469482421875 215.037506103515625 222.59375 228.3625030517578125 233.4187469482421875 239.774993896484375 245.1875 238.8125 226.625 216.743743896484375 209.868743896484375 205.8937530517578125 202.65625 199.9812469482421875 198.2062530517578125 196.318756103515625 194.0500030517578125 193.5 194.0187530517578125 193.2937469482421875 193.0187530517578125 187.5 183.243743896484375 178.9562530517578125 176.693756103515625 176.0124969482421875 179.181243896484375 184.056243896484375 189.506256103515625 194.193756103515625 195.556243896484375 191.850006103515625 186.8312530517578125 182.2062530517578125 177.7062530517578125 173.4250030517578125 169.2375030517578125 165.1062469482421875
152.681243896484375 158.4812469482421875 167.618743896484375 176.9812469482421875 187.7312469482421875 195.9187469482421875 203.9250030517578125 212.899993896484375 220.787506103515625 227.037506103515625 233.1750030517578125 237.4875030517578125 241.1750030517578125 237.5812530517578125 228.837493896484375 220.28125 213.6687469482421875 208.649993896484375 205 201.556243896484375 198.625 195.068756103515625 193.243743896484375 192.5187530517578125 192.662506103515625 194.5500030517578125 194.3874969482421875 191.875 188.399993896484375 186.787506103515625 185.006256103515625 185.0124969482421875 188.2687530517578125 192.975006103515625 197.3625030517578125 200.399993896484375 201.756256103515625 198.4375 193.693756103515625 189.368743896484375 184.15625 179.4499969482421875 175.90625 172.743743896484375
155.600006103515625 161.0625 167.6812591552734375 177.4250030517578125 186.7375030517578125 193.90625 200.850006103515625 208.8000030517578125 216.100006103515625 222.53125 228.21875 232.2687530517578125 233.912506103515625 231.9250030517578125 226.787506103515625 220.9250030517578125 215.9375 211.193756103515625 207.3000030517578125 203.774993896484375 199.9562530517578125 195.837493896484375 192.431243896484375 190.4375 192.0500030517578125 195.4875030517578125 197.087493896484375 196.5124969482421875 194.90625 194.2937469482421875 192.90625 193.006256103515625 196.412506103515625 199.59375 203.3000030517578125 205.15625 205.5437469482421875 203.7937469482421875 200.5500030517578125 196.1437530517578125 191.3874969482421875 186.3937530517578125 181.024993896484375 178.693756103515625
160.506256103515625 163.625 168.975006103515625 175.9812469482421875 182.8125 188.78125 196.3562469482421875 203.243743896484375 208.7312469482421875 215.0749969482421875 221.7624969482421875 225.693756103515625 227.306243896484375 226.681243896484375 223.568756103515625 218.71875 215.09375 211.618743896484375 208.475006103515625 204.631256103515625 200.78125 196.625 192.6437530517578125 191.0625 194.2624969482421875 197.899993896484375 199.625 199.9250030517578125 200.0437469482421875 198.881256103515625 198.6062469482421875 198.8937530517578125 202.8625030517578125 206.2624969482421875 208.537506103515625 209.8125 209.9187469482421875 208.087493896484375 206.15625 202.8000030517578125 198.6125030517578125 193.03125 187.4250030517578125 183.693756103515625
165.7687530517578125 166.5124969482421875 169.7687530517578125 173.868743896484375 178.6374969482421875 183.4187469482421875 189.9875030517578125 196.818756103515625 202.6750030517578125 208.78125 214.1374969482421875 218.21875 220.243743896484375 220.506256103515625 219.3312530517578125 216.256256103515625 213.287506103515625 211.46875 208.9812469482421875 206.118743896484375 203.3937530517578125 199.524993896484375 197.9562530517578125 197.8000030517578125 199.8249969482421875 202.2375030517578125 203.1999969482421875 204.056243896484375 204.09375 203.118743896484375 202.056243896484375 202.5437469482421875 206.712493896484375 209.5625 213 213.9875030517578125 213.8125 213.3625030517578125 210.681243896484375 209.7624969482421875 207.693756103515625 202.193756103515625 192.8499908447265625 187.8249969482421875
170.881256103515625 169.256256103515625 169.3249969482421875 171.056243896484375 173.7375030517578125 177.6374969482421875 183.28125 189.600006103515625 196.3312530517578125 202.131256103515625 207.53125 211.162506103515625 214.0500030517578125 214.9562530517578125 214.681243896484375 214.087493896484375 213.274993896484375 211.4250030517578125 209.7375030517578125 207.9562530517578125 206.6062469482421875 204.21875 203.9562530517578125 205 206.306243896484375 207.649993896484375 208.662506103515625 208.3937530517578125 208.4375 206.524993896484375 205.375 205.181243896484375 208.4812469482421875 211.9250030517578125 216.3125 217.28125 217.53125 216.7937469482421875 214.537506103515625 212.881256103515625 212.806243896484375 206.3874969482421875 198.774993896484375 197.375
175.2687530517578125 171.193756103515625 169.15625 167.3249969482421875 168.6750030517578125 172.337493896484375 177.462493896484375 183.431243896484375 189.806243896484375 194.90625 200.3562469482421875 204.8000030517578125 208.5437469482421875 211.243743896484375 211.993743896484375 212.337493896484375 211.1750030517578125 211.243743896484375 209.931243896484375 208.8874969482421875 208.5437469482421875 208.9937591552734375 209.875 210.100006103515625 211.1125030517578125 212.5749969482421875 212.756256103515625 211.5749969482421875 210.5812530517578125 209.6125030517578125 208.537506103515625 208.40625 211.6875 216.0437469482421875 220.193756103515625 220.40625 220.03125 220.7375030517578125 216.837493896484375 214.475006103515625 214.256256103515625 214.7937469482421875 211.993743896484375 213.524993896484375
178.443756103515625 172.34375 168.5812530517578125 165.2687530517578125 164.306243896484375 168.225006103515625 172.875 177.8937530517578125 183.0437469482421875 188.8312530517578125 194.568756103515625 199.6374969482421875 204.7624969482421875 207.34375 209.274993896484375 210.6750030517578125 211.587493896484375 211.5500030517578125 210.1687469482421875 211.5812530517578125 212.9499969482421875 214.5187530517578125 216.212493896484375 216.225006103515625 216.0437469482421875 217.34375 216.1374969482421875 214.587493896484375 212.693756103515625 211.681243896484375 211.3562469482421875 212.0124969482421875 215.1125030517578125 220.506256103515625 223.818756103515625 223.850006103515625 224.181243896484375 226.3625030517578125 221.743743896484375 213.9375 215.6374969482421875 222.118743896484375 225.006256103515625 227.71875
180.8874969482421875 173.6437530517578125 168.6687469482421875 165.162506103515625 163.818756103515625 165.381256103515625 169.006256103515625 172.774993896484375 177.5625 182.84375 188.6999969482421875 194.7375030517578125 200.256256103515625 204.662506103515625 208.4375 211.037506103515625 212.725006103515625 213.28125 213.7062530517578125 216.100006103515625 218.4250030517578125 220.243743896484375 221.931243896484375 221.40625 221.6437530517578125 221.5625 219.100006103515625 216.6687469482421875 213.8937530517578125 213.9562530517578125 214.3000030517578125 214.850006103515625 218.5749969482421875 223.337493896484375 228.3000030517578125 228.962493896484375 229.850006103515625 231.0124969482421875 225.618743896484375 221.431243896484375 226.962493896484375 236.618743896484375 243.212493896484375 251.9375
182.6125030517578125 175.9250030517578125 170.681243896484375 166.9812469482421875 164.6999969482421875 164.5812530517578125 166.4499969482421875 168.899993896484375 172.625 177.3937530517578125 184.34375 190.3562469482421875 197.2375030517578125 204.475006103515625 208.59375 212.2937469482421875 214.3249969482421875 217.3874969482421875 219.5625 222.350006103515625 224.6374969482421875 225.46875 225.774993896484375 224.756256103515625 224.53125 223.5500030517578125 220.5625 217.2937469482421875 215.09375 215.725006103515625 216.8312530517578125 218.193756103515625 222.1750030517578125 226.9562530517578125 233.118743896484375 235.3562469482421875 238.181243896484375 239.53125 236.1687469482421875 239.7937469482421875 247.15625 257.73748779296875 268.98748779296875 283.54376220703125
183.65625 177.9250030517578125 172.631256103515625 168.90625 165.4812469482421875 164.1999969482421875 163.7624969482421875 165.0187530517578125 168.0500030517578125 172 178.256256103515625 186.443756103515625 195.274993896484375 202.9375 208.2624969482421875 213.1374969482421875 217.3312530517578125 221.524993896484375 225 228.6437530517578125 230.1125030517578125 230.337493896484375 229.9375 227.8125 226.6374969482421875 224.568756103515625 221.6687469482421875 217.693756103515625 215.3249969482421875 216.6062469482421875 218.774993896484375 221.818756103515625 226.462493896484375 231.806243896484375 238.7062530517578125 242.9250030517578125 245.9499969482421875 247.25 250.1999969482421875 258.287506103515625 266.943756103515625 279.54998779296875 296.300018310546875 315.88751220703125
185.5437469482421875 180.5124969482421875 175.2375030517578125 170.5625 166.681243896484375 163.993743896484375 161.8125 161.6062469482421875 162.5625 166.4250030517578125 173.21875 183.2687530517578125 193.625 203.649993896484375 210.587493896484375 215.1875 220.6624908447265625 225.850006103515625 230.181243896484375 234.09375 235.5625 235.056243896484375 233.506256103515625 229.7062530517578125 226.6875 224.5500030517578125 220.6750030517578125 217.3125 214.537506103515625 216.8562469482421875 220.6999969482421875 224.649993896484375 229.681243896484375 236.524993896484375 242.75 246.818756103515625 250.756256103515625 258.34375 264.8125 273.431243896484375 284.76251220703125 297.75 315.493743896484375 335.57501220703125
188.725006103515625 183.931243896484375 178.881256103515625 173.912506103515625 169.756256103515625 166.4562530517578125 163.368743896484375 160.6125030517578125 159.649993896484375 161.568756103515625 168.84375 180.006256103515625 192.774993896484375 204.8125 211.75 218.399993896484375 223.243743896484375 229.149993896484375 234.681243896484375 239.90625 240.412506103515625 237.53125 234.4812469482421875 230.0625 226.1624908447265625 222.875 219.306243896484375 216.3937530517578125 214.1687469482421875 216.3249969482421875 221.6125030517578125 226.087493896484375 232.2687530517578125 239.2937469482421875 244.587493896484375 248.8937530517578125 258.375 266.743743896484375 273.40625 283.806243896484375 296.58123779296875 308.587493896484375 323.743743896484375 341.95623779296875
192.118743896484375 187.9875030517578125 183.4562530517578125 178.875 174.34375 170.412506103515625 165.9375 161.625 158.3062591552734375 156.1999969482421875 164.7375030517578125 181.3874969482421875 194.899993896484375 205.587493896484375 213.181243896484375 219.9499969482421875 225.34375 231.100006103515625 236.875 241.537506103515625 240.8937530517578125 237.2375030517578125 233.568756103515625 228.318756103515625 223.6125030517578125 220.4499969482421875 216.306243896484375 214.350006103515625 212.0625 215.8562469482421875 221.443756103515625 228.1875 234.4187469482421875 241.943756103515625 247.649993896484375 254.462493896484375 264.649993896484375 274.75 283.28125 291.65625 302.875 313.38751220703125 326.70623779296875 343.29998779296875
197.524993896484375 193.3625030517578125 188.7375030517578125 184.5124969482421875 179.8874969482421875 175.568756103515625 170.9499969482421875 166.1374969482421875 162.118743896484375 158.0812530517578125 171.868743896484375 189.712493896484375 199.868743896484375 208.5500030517578125 215.493743896484375 221.84375 227.2062530517578125 232.1125030517578125 236.625 238.743743896484375 238.193756103515625 235.118743896484375 231.5500030517578125 225.212493896484375 220.4875030517578125 217.087493896484375 213.3000030517578125 211.681243896484375 210.412506103515625 215.712493896484375 219.837493896484375 226.6875 234.225006103515625 242.212493896484375 249.09375 258.35626220703125 269.89373779296875 280.225006103515625 291.15625 300.912506103515625 308.162506103515625 318.28125 327.243743896484375 338.88751220703125
202.3000030517578125 198.2937469482421875 194.431243896484375 190.34375 185.71875 181.7062530517578125 178.037506103515625 174.600006103515625 174.46875 180.3562469482421875 196.056243896484375 202.59375 207.8249969482421875 214.399993896484375 219.6750030517578125 224.631256103515625 229.193756103515625 232.912506103515625 235.2062530517578125 236.7062530517578125 234.7937469482421875 231.162506103515625 228.1437530517578125 222.9250030517578125 217.4812469482421875 214.4375 211.524993896484375 210.1875 209.712493896484375 214.381256103515625 219.243743896484375 225.256256103515625 232.4375 240.1062469482421875 250.4812469482421875 260.875 270.61248779296875 282.600006103515625 292.125 297.024993896484375 302.662506103515625 311.45623779296875 316.04998779296875 325.149993896484375
207.0124969482421875 203.4812469482421875 199.8874969482421875 195.90625 192.631256103515625 189.9187469482421875 186.9499969482421875 185.9562530517578125 188.3125 194.212493896484375 203.1750030517578125 210.087493896484375 214.75 219.943756103515625 224.3000030517578125 227.943756103515625 232.087493896484375 234.056243896484375 234.868743896484375 235.243743896484375 231.75 227.65625 223.5 218.375 214.65625 211.443756103515625 209.1875 208.78125 208.7062530517578125 212.53125 216.662506103515625 225.100006103515625 234.4499969482421875 242.537506103515625 253.2624969482421875 262.64373779296875 271.29998779296875 281 290.024993896484375 292.149993896484375 296.024993896484375 301.98748779296875 304.76251220703125 308.46875
