data/historical-monthly-weather-data/wc2.1_cruts4.09_10m_prec_1968-05.asc
ncols        45
nrows        45
xllcorner    -63.500000000000
yllcorner    -7.500000000000
cellsize     0.166666666667
NODATA_value -9999
[rows 0 to 19 of 45, columns 0 to 43 of 45]
456.26873779296875 466.625 469.837493896484375 480.5 486.73748779296875 488.368743896484375 483.431243896484375 481.493743896484375 478.506256103515625 479.412506103515625 476.881256103515625 466.95623779296875 459.399993896484375 452.40625 440.35626220703125 430.59375 419.15625 405.712493896484375 395.875 390.10626220703125 389.256256103515625 388.649993896484375 391.95001220703125 387.40625 384.04376220703125 382.36248779296875 375.26873779296875 369.568756103515625 361.600006103515625 361.618743896484375 357.681243896484375 356.54998779296875 356.89373779296875 355.381256103515625 354.73748779296875 360.70001220703125 365.975006103515625 368.51251220703125 373.725006103515625 381.42498779296875 386.08123779296875 391.962493896484375 394.38751220703125 401.76873779296875
449.73126220703125 457.82501220703125 467.693756103515625 482.212493896484375 496.54998779296875 501.29376220703125 497.98748779296875 497.943756103515625 499.0625 496.84375 495.42498779296875 484.95001220703125 473.975006103515625 463.306243896484375 448.20623779296875 433.86248779296875 419.78125 402.95001220703125 393.13751220703125 385.85626220703125 385.41876220703125 387.08123779296875 388.39373779296875 388.037506103515625 385.29376220703125 382.0625 377.70623779296875 372.09375 365.712493896484375 363.043731689453125 358.95623779296875 361.23126220703125 358.931243896484375 360.024993896484375 358.82501220703125 359.86248779296875 367.20623779296875 370.58123779296875 378.037506103515625 379.61248779296875 383.59375 393.36248779296875 395.33123779296875 396.0625
425.26251220703125 436.537506103515625 452.4375 468.287506103515625 482.71875 493.17498779296875 500.381256103515625 509.024993896484375 513.9937744140625 514.11248779296875 512.23748779296875 499.068756103515625 484.881256103515625 468.462493896484375 451.725006103515625 437.0625 419.71875 402.537506103515625 393.48126220703125 388.45001220703125 389.46875 394.774993896484375 397.45623779296875 395.537506103515625 391.98748779296875 391.26251220703125 388.068756103515625 380.006256103515625 370.63751220703125 367.568756103515625 363.899993896484375 363.71875 365.818756103515625 364.662506103515625 365.806243896484375 365.88751220703125 371.131256103515625 375.54998779296875 380.54376220703125 384.46875 391.443756103515625 394.32501220703125 398.76873779296875 399.46875
394.524993896484375 402.006256103515625 427.756256103515625 445.61248779296875 463.875 477.806243896484375 492.243743896484375 510.39373779296875 525.78125 531.07501220703125 526.56878662109375 510.85626220703125 490.48126220703125 472.100006103515625 453.23126220703125 435.149993896484375 415.60626220703125 400.98748779296875 393.493743896484375 393.57501220703125 401.931243896484375 406.600006103515625 408.068756103515625 406.493743896484375 402.17498779296875 398.04376220703125 394.76251220703125 383.48126220703125 373.20001220703125 373.10626220703125 370.274993896484375 369.462493896484375 369.51251220703125 367.73748779296875 365.98748779296875 372.34375 379.04376220703125 382.84375 388.07501220703125 392.75 396.931243896484375 403.51251220703125 402.29376220703125 401.28125
388.987518310546875 391.10626220703125 397.09375 416.0625 439.54376220703125 456.274993896484375 477.818756103515625 503.65625 529.5687255859375 544 534.59375 511.1875 493.806243896484375 476.07501220703125 455.45623779296875 434.0625 412.443756103515625 400.28125 394.79376220703125 399.131256103515625 409.13751220703125 413.71875 414.399993896484375 416.95623779296875 410.037506103515625 404.8125 393.86248779296875 386.475006103515625 377.125 375.337493896484375 374.95623779296875 372.23126220703125 371.381256103515625 373.618743896484375 374.350006103515625 377.63751220703125 385.76873779296875 392.318756103515625 398.506256103515625 401.82501220703125 407.46875 408.23748779296875 407.25 407.962493896484375
374.66876220703125 376.96875 381.08123779296875 383.5 407.33123779296875 432.493743896484375 455.92498779296875 479.712493896484375 508.587493896484375 527.6624755859375 523.125 499.506256103515625 487.568756103515625 474.493743896484375 452.806243896484375 437.681243896484375 416.26873779296875 405.149993896484375 404.193756103515625 412.931243896484375 419.837493896484375 425.29998779296875 429.01873779296875 422.837493896484375 416.4375 410.04998779296875 399.368743896484375 388.868743896484375 381.431243896484375 380.91876220703125 381.04376220703125 381.20001220703125 381.45623779296875 384.23126220703125 385.57501220703125 391.07501220703125 397.09375 402.58123779296875 412.46875 414.837493896484375 414.931243896484375 415.64373779296875 412.40625 411.57501220703125
363.09375 362.943756103515625 366.368743896484375 370.050018310546875 381.006256103515625 398.57501220703125 420.92498779296875 444.32501220703125 457.34375 477.662506103515625 486.58123779296875 477.975006103515625 473.75 467.087493896484375 452.756256103515625 438.693756103515625 427.4375 423.26873779296875 423.57501220703125 434.506256103515625 436.100006103515625 436.5 433.15625 429.118743896484375 423.42498779296875 419.493743896484375 406.16876220703125 394.162506103515625 382.23748779296875 383.07501220703125 385.1875 383.66876220703125 384.04376220703125 388.48126220703125 393.131256103515625 401.212493896484375 405.5625 410.91876220703125 420.25 424.82501220703125 421.40625 417.60626220703125 413.6875 414.15625
350.649993896484375 348.78125 351.85626220703125 358.75 369.100006103515625 386.850006103515625 396.587493896484375 397.39373779296875 397.725006103515625 421.45001220703125 448.743743896484375 455.149993896484375 461.70623779296875 459.73748779296875 452.67498779296875 446.29998779296875 439.67498779296875 442.76873779296875 446.368743896484375 451.631256103515625 454.98126220703125 450.07501220703125 444.462493896484375 433.068756103515625 428.993743896484375 416.20623779296875 407.462493896484375 393.618743896484375 382.4375 383.92498779296875 386.15625 385.100006103515625 388.71875 391.412506103515625 393.89373779296875 400.01873779296875 406.70001220703125 414.6875 419 416.40625 416.96875 412.993743896484375 410.274993896484375 406.118743896484375
340.493743896484375 338.91876220703125 344.16876220703125 349.381256103515625 357.59375 372.09375 381.274993896484375 384.86248779296875 377.25 383.399993896484375 410.60626220703125 429.04376220703125 445.618743896484375 448.068756103515625 447.92498779296875 450.625 451.40625 459.5625 469.54998779296875 466.45001220703125 457.48126220703125 456.23126220703125 443.125 441.21875 427.787506103515625 413.03125 399.76251220703125 391.5 385.79998779296875 384.51873779296875 388.899993896484375 385.79998779296875 382.36248779296875 382.068756103515625 388.01251220703125 395.931243896484375 403.90625 412.537506103515625 418.681243896484375 413.475006103515625 408.131256103515625 402.82501220703125 403.38751220703125 403.287506103515625
329.681243896484375 330.225006103515625 335.76873779296875 342.79376220703125 347.5 361.443756103515625 372.375 379.375 382.431243896484375 392.5625 409.39373779296875 415.17498779296875 433.89373779296875 438.350006103515625 446.818756103515625 451.806243896484375 457.712493896484375 467.475006103515625 479.9375 485.59375 470.86248779296875 456 443.506256103515625 437.15625 420.068756103515625 405.625 392.41876220703125 384.649993896484375 381.86248779296875 385.368743896484375 383.712493896484375 378.54998779296875 379.48748779296875 380.71875 382.618743896484375 389.837493896484375 396.59375 406.068756103515625 412.04376220703125 413.73126220703125 413.350006103515625 411.40625 400.774993896484375 391.58123779296875
319.17498779296875 321.756256103515625 326.475006103515625 334.11248779296875 339.100006103515625 354.26251220703125 366.725006103515625 372.6875 379.431243896484375 393.787506103515625 411.568756103515625 422.506256103515625 423.82501220703125 432.41876220703125 441.118743896484375 449.36248779296875 459.84375 472.625 485.01873779296875 496.48126220703125 496.04376220703125 472.493743896484375 449.743743896484375 418.90625 412.524993896484375 404.225006103515625 391.29998779296875 382.95623779296875 374.5625 373.54376220703125 374.399993896484375 372.131256103515625 372.375 373.29376220703125 374.212493896484375 377.66876220703125 384.431243896484375 395.587493896484375 405.649993896484375 410.15625 411.475006103515625 406.0625 402.368743896484375 387.193756103515625
313.431243896484375 314.89373779296875 320.649993896484375 328.368743896484375 335.5 346.337493896484375 361.57501220703125 372.40625 383.01873779296875 392.07501220703125 408.368743896484375 424.524993896484375 420.01873779296875 426.125 438.556243896484375 444.125 454.287506103515625 466.881256103515625 481.20623779296875 499.368743896484375 505.399993896484375 490.91876220703125 465.181243896484375 428.90625 403.60626220703125 385.41876220703125 371.181243896484375 364.09375 360.51251220703125 358.912506103515625 354.66876220703125 352.20001220703125 352.61248779296875 353.46875 358.17498779296875 366.337493896484375 375.89373779296875 384.368743896484375 391.193756103515625 397.037506103515625 402.006256103515625 396.631256103515625 385.29998779296875 358.475006103515625
309 308.45623779296875 313.58123779296875 321.65625 328.181243896484375 341.149993896484375 352.64373779296875 361.96875 373.65625 387.76251220703125 402.606231689453125 416.662506103515625 420.78125 412.26251220703125 420.53125 433.45623779296875 443.20623779296875 456.15625 469.85626220703125 487.75 500.506256103515625 485.774993896484375 462.66876220703125 426.618743896484375 381.32501220703125 357.587493896484375 355.212493896484375 350.912506103515625 349.48748779296875 349.14373779296875 341.9375 333.8125 332.493743896484375 332.024993896484375 337.881256103515625 350.125 362.162506103515625 375.38751220703125 385.949981689453125 391.193756103515625 392.506256103515625 387.306243896484375 363.931243896484375 341.975006103515625
298.100006103515625 298.79998779296875 305.46875 313.006256103515625 321.362518310546875 331.76873779296875 341.5625 351.725006103515625 365.556243896484375 378.475006103515625 385.63751220703125 395.993743896484375 401.774993896484375 402.71875 396.84375 413.475006103515625 422.96875 433.04376220703125 449.587493896484375 467.9375 476.20001220703125 466.92498779296875 449.806243896484375 421.162506103515625 384.125 357.73748779296875 346.9375 337.54998779296875 334.149993896484375 329.98748779296875 327.693756103515625 318.03125 316.212493896484375 316.03125 319.725006103515625 335.837493896484375 353.662506103515625 371.26251220703125 383.84375 384.625 371.38751220703125 353.96875 346.181243896484375 342.662506103515625
287.29376220703125 290.287506103515625 298.03125 305.14373779296875 312.46875 322.91876220703125 335.57501220703125 347.493743896484375 357.568756103515625 365.212493896484375 370.318756103515625 377.8125 379.95623779296875 379.89373779296875 367.86248779296875 380.649993896484375 392.600006103515625 407.75 423.42498779296875 438.837493896484375 448.962493896484375 447.056243896484375 439.54376220703125 425.64373779296875 403.524993896484375 381.67498779296875 362.26873779296875 347.96875 337.056243896484375 328.29376220703125 314.306243896484375 302.318756103515625 304.0625 298.46875 295.193756103515625 306.98126220703125 337.875 363.26873779296875 371.42498779296875 365.32501220703125 349.92498779296875 343.006256103515625 347.287506103515625 342.76251220703125
275.89373779296875 279.037506103515625 288.53125 297.118743896484375 303.818756103515625 315.943756103515625 328.912506103515625 339.64373779296875 346.41876220703125 353.850006103515625 356.48126220703125 360.943756103515625 362.04376220703125 363.662506103515625 356.03125 346.57501220703125 362.962493896484375 385.850006103515625 397.20001220703125 411.71875 423.36248779296875 433.70001220703125 438.48748779296875 434.95001220703125 418.131256103515625 395.70623779296875 373.21875 353.09375 339.01873779296875 330.04376220703125 319.48126220703125 304.193756103515625 291.118743896484375 279.462493896484375 273.931243896484375 300.95001220703125 322.07501220703125 343.537506103515625 354.01873779296875 354.67498779296875 345.60626220703125 339.743743896484375 338.58123779296875 328.350006103515625
266.08123779296875 270.431243896484375 278.20001220703125 288.26251220703125 298.21875 307.725006103515625 318.33123779296875 327.524993896484375 335.82501220703125 341.91876220703125 345.67498779296875 351.381256103515625 351.006256103515625 350.14373779296875 346.818756103515625 342.14373779296875 334.5625 353.90625 371.399993896484375 387.21875 401.34375 414.78125 430.65625 439.006256103515625 432.98126220703125 399.82501220703125 372.881256103515625 353.40625 338.631256103515625 328.412506103515625 318.725006103515625 307.962493896484375 296.48126220703125 287.09375 296.212493896484375 307.818756103515625 327.506256103515625 347.23748779296875 362.149993896484375 352.39373779296875 339.98748779296875 331.1875 321.88751220703125 317.38751220703125
253.4187469482421875 260.287506103515625 269.975006103515625 279.493743896484375 289.881256103515625 302.443756103515625 311.36248779296875 318.83123779296875 324.6875 331.14373779296875 334.818756103515625 342.631256103515625 338.4375 339.162506103515625 336.587493896484375 334.162506103515625 327.881256103515625 322.118743896484375 350.943756103515625 364 377.931243896484375 395.25 413.806243896484375 424.85626220703125 423.75 398.243743896484375 366.131256103515625 350.64373779296875 337.524993896484375 321.931243896484375 301.32501220703125 285.14373779296875 297.01873779296875 301.556243896484375 304.524993896484375 327.92498779296875 346.13751220703125 352.8125 357.25 350.38751220703125 329.412506103515625 319.3125 310.79998779296875 307.61248779296875
240.75 248.9250030517578125 258.568756103515625 270.993743896484375 283.337493896484375 293.943756103515625 304.10626220703125 313.287506103515625 318.806243896484375 326.25 327.51251220703125 325.006256103515625 322.64373779296875 323.774993896484375 321.98748779296875 323 322.412506103515625 312.98126220703125 318.48126220703125 333.54376220703125 350.64373779296875 374.943756103515625 374.96875 390.20623779296875 392.087493896484375 385.8125 366.725006103515625 344.4375 331.600006103515625 315.487518310546875 298.79376220703125 290.806243896484375 299.42498779296875 303.70001220703125 310.493743896484375 327.375 334.92498779296875 336.78125 341.90625 331.631256103515625 315.17498779296875 303.83123779296875 299.98748779296875 300.681243896484375
227.2062530517578125 236.725006103515625 247.9250030517578125 258.693756103515625 272.29376220703125 287.9375 299.975006103515625 309.04376220703125 314.28125 317.70001220703125 321.63751220703125 324.23126220703125 325.943756103515625 321.162506103515625 316.23126220703125 305.09375 296.78125 304.493743896484375 307.95001220703125 318.212493896484375 324.59375 341.587493896484375 363.08123779296875 367.943756103515625 364.51873779296875 353.26251220703125 342.5625 334.29998779296875 316.48126220703125 298.03125 288.75 295.868743896484375 298.84375 299.95001220703125 309.45623779296875 320.399993896484375 325.5625 326.931243896484375 323.912506103515625 316.625 299.193756103515625 288.61248779296875 290.068756103515625 291.631256103515625
