data/historical-monthly-weather-data/wc2.1_cruts4.09_10m_prec_1991-04.asc
ncols        45
nrows        45
xllcorner    -63.500000000000
yllcorner    -7.500000000000
cellsize     0.166666666667
NODATA_value -9999
[rows 20 to 39 of 45, columns 0 to 44 of 45]
245.8874969482421875 262.59375 275.53125 287.493743896484375 298.10626220703125 313.5 328.29376220703125 337.51873779296875 341.28125 340.0625 335.5 327.79998779296875 320.306243896484375 314.71875 305.01873779296875 297.368743896484375 292.100006103515625 291.35626220703125 293.5625 294.76873779296875 298.756256103515625 300.087493896484375 298.79998779296875 296.943756103515625 298.48126220703125 299.287506103515625 297.64373779296875 295.237518310546875 290.875 286.76873779296875 278.54376220703125 270.524993896484375 254.9937591552734375 237.59375 223.3125 234.2375030517578125 252.1999969482421875 265.625 272.76873779296875 274.506256103515625 272.318756103515625 271.181243896484375 265.59375 261.962493896484375 257.618743896484375
239.9499969482421875 253.6750030517578125 267.506256103515625 284.4375 298.6875 312.23126220703125 327.28125 339.48126220703125 343.70623779296875 339.431243896484375 329.493743896484375 315.25 304.48748779296875 298.556243896484375 295.23126220703125 290.431243896484375 289.38751220703125 287.993743896484375 289.45623779296875 289.79376220703125 288.1875 288.90625 291.381256103515625 291.39373779296875 294.243743896484375 301.056243896484375 312.45001220703125 309.2437744140625 303.23748779296875 298.01251220703125 288.318756103515625 277.493743896484375 263.95623779296875 251.6875 244.806243896484375 248.65625 260.95623779296875 271.4375 275.056243896484375 274.418731689453125 271.78125 268.90625 263.118743896484375 258.337493896484375 253.506256103515625
235.2062530517578125 253.6750030517578125 268.818756103515625 285.274993896484375 299.98748779296875 313.58123779296875 325.70623779296875 340.037506103515625 350.63751220703125 340.125 322.806243896484375 303.23126220703125 289.39373779296875 285.25 286 286.462493896484375 285.243743896484375 282.931243896484375 282.20001220703125 280.568756103515625 279.57501220703125 279.20623779296875 278.48126220703125 280.13751220703125 287.39373779296875 297.837493896484375 311.53125 312.45001220703125 308.431243896484375 302.25 295.10626220703125 287.037506103515625 279.868743896484375 272.45001220703125 269.0625 268.54376220703125 274.13751220703125 280.13751220703125 280.243743896484375 275.5625 270.587493896484375 265.381256103515625 259.26251220703125 253.818756103515625 249.412506103515625
233.0812530517578125 251.506256103515625 268.42498779296875 282.725006103515625 296.51251220703125 309.506256103515625 323.73748779296875 335.493743896484375 342.98748779296875 331.48748779296875 313.649993896484375 296.899993896484375 278.26251220703125 277.95623779296875 280.774993896484375 281.306243896484375 279.54376220703125 279.15625 276.868743896484375 275.350006103515625 272.40625 268.66876220703125 266.681243896484375 270.21875 277.006256103515625 283.006256103515625 293.431243896484375 302.350006103515625 304.850006103515625 305.712493896484375 304.212493896484375 302.95623779296875 299.09375 292.79998779296875 289.83123779296875 287.631256103515625 289.45623779296875 288.868743896484375 283.91876220703125 275.725006103515625 268.899993896484375 262 255.15625 248.681243896484375 245.9499969482421875
234.037506103515625 252.25 267.53125 282.568756103515625 297.125 307.912506103515625 318.431243896484375 327.26873779296875 328.631256103515625 323.13751220703125 309.35626220703125 293.84375 284.318756103515625 278.66876220703125 278.024993896484375 277.65625 277.98748779296875 277 274.5 270.38751220703125 265.14373779296875 259.67498779296875 256.649993896484375 257.774993896484375 262.462493896484375 273.037506103515625 285.368743896484375 295.40625 303.40625 312.5 317.618743896484375 321.59375 319.899993896484375 313.5 307.368743896484375 300.243743896484375 297.46875 291.350006103515625 284.33123779296875 276.262481689453125 267.71875 259.34375 252.84375 245.0187530517578125 237.75
242.5 258.662506103515625 268.33123779296875 281.54998779296875 293.212493896484375 302.51251220703125 310.92498779296875 316.881256103515625 314.631256103515625 308.98748779296875 302.08123779296875 294.48126220703125 287.40625 283.48126220703125 279.79998779296875 279.95623779296875 279.037506103515625 277.162506103515625 272.8125 265.96875 261.23126220703125 253.0124969482421875 246.350006103515625 242.3312530517578125 250.462493896484375 264.287506103515625 281.60626220703125 293.2750244140625 306.237518310546875 317.29376220703125 329.625 340.04376220703125 340.375 330.13751220703125 318.756256103515625 308.98748779296875 301.9375 293.681243896484375 284.48126220703125 275.5 266.850006103515625 257.149993896484375 248.7312469482421875 239.475006103515625 234.006256103515625
248.9187469482421875 259.975006103515625 269.54376220703125 279.381256103515625 287.225006103515625 295.943756103515625 301.64373779296875 304.36248779296875 302.756256103515625 303.10626220703125 301.15625 295.431243896484375 290.881256103515625 288.118743896484375 285.087493896484375 283.850006103515625 281.993743896484375 278.131256103515625 274.5 268.774993896484375 260.38751220703125 250.4812469482421875 240.3000030517578125 235.181243896484375 246.3000030517578125 259.13751220703125 277.462493896484375 290.875 305.768768310546875 319.23126220703125 335.4375 349.79376220703125 353.21875 339.818756103515625 325.66876220703125 313.35626220703125 304.087493896484375 294.537506103515625 283.64373779296875 274.21875 264.0625 255.6750030517578125 247.0812530517578125 239.4187469482421875 238.787506103515625
256.975006103515625 263.71875 270.287506103515625 276.868743896484375 283.54376220703125 289.01873779296875 294.23748779296875 294.73126220703125 296.01251220703125 297.912506103515625 295.8125 294.21875 291.90625 291.693756103515625 289.57501220703125 286.600006103515625 285.28125 284.149993896484375 278.681243896484375 274.037506103515625 266.381256103515625 255.5124969482421875 250.149993896484375 245.5625 251.287506103515625 262.131256103515625 276.34375 290.09375 303.806243896484375 318.11248779296875 332.131256103515625 344.3125 345.79376220703125 336.199981689453125 325.8125 313.118743896484375 304.212493896484375 294.743743896484375 284.01873779296875 273.79376220703125 264.11248779296875 256.306243896484375 248.4499969482421875 243.0437469482421875 249.2624969482421875
262.61248779296875 266.76873779296875 269.95001220703125 274.556243896484375 278.16876220703125 280.306243896484375 283.48748779296875 287.21875 291.51873779296875 292.78125 294.024993896484375 293.993743896484375 292.756256103515625 293.931243896484375 294.506256103515625 294.993743896484375 294.524993896484375 290.087493896484375 286.774993896484375 281.337493896484375 274.581268310546875 264.78125 260.225006103515625 257.76873779296875 259.9375 267.756256103515625 279.756256103515625 291.081268310546875 302.71875 314.95001220703125 324.48126220703125 333.087493896484375 331.29376220703125 326.662506103515625 319.712493896484375 309.8125 302.337493896484375 294.181243896484375 284.412506103515625 273.07501220703125 261.274993896484375 254.3000030517578125 248.8562469482421875 251.506256103515625 258.92498779296875
265.993743896484375 267.449981689453125 268.76873779296875 268.46875 270.962493896484375 273.975006103515625 277.42498779296875 281.86248779296875 285.53125 287.568756103515625 290.95623779296875 292.375 295.712493896484375 298.493743896484375 299.58123779296875 299.76251220703125 299.693756103515625 299.38751220703125 295.13751220703125 287.818756103515625 279.38751220703125 273.46875 270.837493896484375 266.712493896484375 266.10626220703125 271.23126220703125 281.51251220703125 289.337493896484375 298.75 307.8125 315.125 319.5 318.181243896484375 316.212493896484375 312.3125 304.493743896484375 299.15625 292.57501220703125 282.431243896484375 274.3125 266.1875 261.475006103515625 256.806243896484375 260.01873779296875 262.756256103515625
266.66876220703125 265.14373779296875 264.506256103515625 263.9375 265.84375 267.92498779296875 272.03125 274.83123779296875 278.71875 283.08123779296875 287.837493896484375 291.60626220703125 298.162506103515625 300.54376220703125 303.274993896484375 304.756256103515625 307.20623779296875 307.4375 304.79998779296875 298.70001220703125 290.100006103515625 282.725006103515625 278.61248779296875 271.943756103515625 268.58123779296875 275.487518310546875 280.8687744140625 287.79998779296875 294.42498779296875 299.537506103515625 305.225006103515625 308.331268310546875 308.64373779296875 307.36248779296875 303.86248779296875 298.381256103515625 291.962493896484375 286.92498779296875 281.26873779296875 274.91876220703125 268.66876220703125 264.712493896484375 262.743743896484375 263.04376220703125 266.462493896484375
264.556243896484375 261.01873779296875 259.57501220703125 260.25 260.774993896484375 260.931243896484375 264.618743896484375 266.82501220703125 270.96875 275.625 282.1875 290.506256103515625 296.5625 301.86248779296875 305.181243896484375 308.23126220703125 308.6875 309.912506103515625 307.32501220703125 305.600006103515625 298.1875 290.95623779296875 284.693756103515625 278.087493896484375 276.90625 278.91876220703125 280.893768310546875 286.21875 289.381256103515625 293.581268310546875 298.293731689453125 300.443756103515625 298.568756103515625 297.443756103515625 295.068756103515625 290.23748779296875 285.98748779296875 280.125 275.431243896484375 270.368743896484375 269.07501220703125 267.59375 266.149993896484375 266.98748779296875 270.587493896484375
258.90625 253.7062530517578125 252.681243896484375 252.3562469482421875 253.6062469482421875 253.5625 254.5124969482421875 257.431243896484375 261.01251220703125 267.45001220703125 278.09375 285.95623779296875 295.625 304.07501220703125 307.39373779296875 309.48748779296875 311.625 313.35626220703125 309.9375 306.975006103515625 302.39373779296875 295.818756103515625 289.08123779296875 283.0625 281.79998779296875 279.625 281.056243896484375 282.600006103515625 284.412506103515625 288.368743896484375 290.46875 290.587493896484375 288.21875 287.45001220703125 285.681243896484375 282.725006103515625 278.60626220703125 274.26251220703125 268.868743896484375 269.725006103515625 267.975006103515625 266.875 267.33123779296875 269.73748779296875 273.98748779296875
251.287506103515625 247.3125 246.6374969482421875 245.756256103515625 245.5437469482421875 246.7624969482421875 247.618743896484375 248.3249969482421875 251.5500030517578125 258.056243896484375 267.412506103515625 280.243743896484375 293.14373779296875 301.16876220703125 306.13751220703125 307.9375 311.068756103515625 312.662506103515625 310.556243896484375 307.818756103515625 303.54376220703125 298.118743896484375 292.36248779296875 283.9375 282.89373779296875 279.712493896484375 278.0625 277.76251220703125 278.61248779296875 279.79998779296875 280.85626220703125 281.8125 279.4375 278.11248779296875 276.76873779296875 273.59375 270.493743896484375 264.26873779296875 264.29998779296875 265.193756103515625 263.39373779296875 264.38751220703125 266.45623779296875 270.01251220703125 275.399993896484375
242.181243896484375 240.162506103515625 240.5437469482421875 238.3874969482421875 237.318756103515625 237.40625 237.3937530517578125 238.493743896484375 240.0187530517578125 244.78125 256.931243896484375 273.84375 291.07501220703125 304.212493896484375 308.11248779296875 310.087493896484375 310.962493896484375 309.743743896484375 310.206268310546875 305.899993896484375 303.8125 297.33123779296875 292.274993896484375 282.71875 279.875 278.443756103515625 275.95001220703125 272.88751220703125 272.70623779296875 274.15625 273.625 274.081268310546875 270.375 269.45001220703125 267.068756103515625 263.34375 258.71875 259.11248779296875 259.54376220703125 259.61248779296875 258.21875 260.15625 263.36248779296875 266.76873779296875 269.806243896484375
234.5875091552734375 234.1624908447265625 233.8937530517578125 232 230.068756103515625 228.681243896484375 228.5500030517578125 228.0437469482421875 227.225006103515625 230.462493896484375 241.3625030517578125 261.28125 283.32501220703125 298.212493896484375 303.40625 306.1875 308.09375 307.57501220703125 307.5625 306.34375 302.274993896484375 297.1875 288.45001220703125 280.79376220703125 276.08123779296875 274.01873779296875 272.006256103515625 269.85626220703125 268.91876220703125 268.4375 267.51251220703125 266.09375 262.38751220703125 261.79998779296875 258.274993896484375 252.6750030517578125 253.1125030517578125 253.818756103515625 253.1875 253.8312530517578125 254.537506103515625 255.8312530517578125 257.693756103515625 261.006256103515625 262.16876220703125
227.693756103515625 228.6062469482421875 227.6062469482421875 226.193756103515625 223.850006103515625 222.3312530517578125 221.943756103515625 218.7937469482421875 214.993743896484375 214.5812530517578125 227.90625 253.943756103515625 273.9375 286.837493896484375 295.368743896484375 299.98748779296875 300.82501220703125 301.443756103515625 302.375 299.35626220703125 296.087493896484375 290.431243896484375 282.287506103515625 275.90625 270.48748779296875 268.16876220703125 267.375 266.08123779296875 264.38751220703125 262.53125 261.98748779296875 260.943756103515625 257.225006103515625 254.181243896484375 250.0124969482421875 247.243743896484375 248 249.725006103515625 250.8874969482421875 249.21875 249.8312530517578125 250.40625 252.8625030517578125 255.0250091552734375 256.73126220703125
223.5 222.943756103515625 221.181243896484375 220.431243896484375 218.274993896484375 217.306243896484375 215.7937469482421875 211.850006103515625 209.493743896484375 207.4375 226.4499969482421875 251.662506103515625 267.70623779296875 279.181243896484375 287.100006103515625 292.649993896484375 293.20001220703125 294.82501220703125 292.82501220703125 288.881256103515625 285.568756103515625 279.64373779296875 274.506256103515625 268.79376220703125 263.67498779296875 263 260.225006103515625 260.912506103515625 260.318756103515625 258.899993896484375 255.9499969482421875 254.78125 252.6750030517578125 248.60626220703125 242.5124969482421875 243.53125 244.443756103515625 244.5749969482421875 247.34375 246.5187530517578125 245.131256103515625 245.975006103515625 245.850006103515625 246.2624969482421875 248.631256103515625
218.96875 216.306243896484375 215.0187530517578125 215.0187530517578125 214.524993896484375 212.556243896484375 211.8125 210.6374969482421875 213.837493896484375 223.40625 242.7312469482421875 256.01873779296875 263.943756103515625 273.59375 280.79998779296875 284.29998779296875 285.712493896484375 285.9375 281.32501220703125 278.868743896484375 274.5625 268.493743896484375 263.993743896484375 260.90625 257.743743896484375 255.243743896484375 254.1062469482421875 254.9625091552734375 254.756256103515625 255.225006103515625 253.806243896484375 250.5 248.681243896484375 246.806243896484375 246.1062469482421875 244.618743896484375 243.4562530517578125 244.3249969482421875 244.337493896484375 241.5500030517578125 240.618743896484375 241.6750030517578125 240.4375 241.5812530517578125 243.225006103515625
213.756256103515625 211.6687469482421875 211.0187530517578125 211.537506103515625 211.4875030517578125 211.256256103515625 209.850006103515625 212.8000030517578125 218.8562469482421875 228.318756103515625 240.818756103515625 252.9375 260.36248779296875 268.39373779296875 274.39373779296875 277.10626220703125 278.431243896484375 277.818756103515625 272.23748779296875 267.79376220703125 262.287506103515625 258.837493896484375 252.1437530517578125 249.3312530517578125 249.75 248.806243896484375 248.7687530517578125 250.243743896484375 250.8562469482421875 251.381256103515625 248.756256103515625 250.524993896484375 251.6687469482421875 250.431243896484375 250.2687530517578125 248.181243896484375 245.8000030517578125 245.46875 243.46875 238.3249969482421875 235.96875 236.475006103515625 234.0437469482421875 234.3562469482421875 237.09375
