data/historical-monthly-weather-data/wc2.1_cruts4.09_10m_prec_1955-04.asc
ncols        45
nrows        45
xllcorner    -63.500000000000
yllcorner    -7.500000000000
cellsize     0.166666666667
NODATA_value -9999
[rows 20 to 39 of 45, columns 0 to 44 of 45]
263.01873779296875 274.79998779296875 282.899993896484375 289.756256103515625 294.82501220703125 303.21875 310.42498779296875 312.40625 311.443756103515625 306.32501220703125 298.412506103515625 288.32501220703125 278.64373779296875 270.78125 259.625 250.3874969482421875 243.537506103515625 242.1062469482421875 243.3874969482421875 245.037506103515625 256.399993896484375 266.83123779296875 274.95001220703125 282.40625 293.1875 303.15625 309.20001220703125 314.212493896484375 316.600006103515625 316.45623779296875 311.20001220703125 306.03125 292.449981689453125 276.29998779296875 263.28125 279.76873779296875 305.03125 325.35626220703125 338.3125 344.712493896484375 345.71875 344.54376220703125 337.15625 331.818756103515625 322.96875
253.59375 262.6875 271.725006103515625 283.556243896484375 292.10626220703125 298.78125 306.35626220703125 311.243743896484375 310.850006103515625 303.1875 290.73126220703125 275.1875 262.98126220703125 255.162506103515625 249.6750030517578125 242.993743896484375 239.75 237.7624969482421875 238.3937530517578125 239.225006103515625 245.21875 254.3062591552734375 265.125 274.462493896484375 286.774993896484375 303.074981689453125 322.9375 327.73126220703125 328.96875 327.931243896484375 321.33123779296875 313.318756103515625 302.6875 293.21875 289.64373779296875 298.337493896484375 317.381256103515625 334.618743896484375 343.29998779296875 346.725006103515625 347.11248779296875 343.79376220703125 336.181243896484375 329.375 319.625
245.4875030517578125 259.70623779296875 270 281.131256103515625 290.04376220703125 296.881256103515625 301.868743896484375 308.912506103515625 314.39373779296875 301.337493896484375 282.681243896484375 262.850006103515625 248.3562469482421875 242.34375 240.443756103515625 238.306243896484375 234.9875030517578125 232.2312469482421875 230.993743896484375 230.056243896484375 235.8687591552734375 243.2375030517578125 250.475006103515625 261.21875 277.79998779296875 297.86248779296875 320.274993896484375 329.662506103515625 333.40625 331.568756103515625 328.04376220703125 323.45001220703125 320.83123779296875 317.90625 319.40625 323.63751220703125 335.29998779296875 347.64373779296875 352.131256103515625 350.475006103515625 347.84375 341.53125 333.51873779296875 325.83123779296875 316.23748779296875
239.5437469482421875 253.6875 265.881256103515625 275.03125 283.23748779296875 290.0625 297.649993896484375 302.9375 305.90625 292.33123779296875 273.54998779296875 256.53125 238.25 235.7937469482421875 235.787506103515625 233.774993896484375 230.09375 228.6999969482421875 225.9812469482421875 224.837493896484375 228.243743896484375 231.75 236.943756103515625 249.149993896484375 265.04376220703125 280.493743896484375 299.337493896484375 317 327.85626220703125 333.9375 336.943756103515625 340.46875 342.493743896484375 341.85626220703125 344.88751220703125 348.193756103515625 356.38751220703125 361.53125 359.92498779296875 353.85626220703125 348.83123779296875 340.25 331.17498779296875 321.931243896484375 313.618743896484375
236.7312469482421875 250.5 261.14373779296875 271.15625 280.32501220703125 285.64373779296875 290.493743896484375 293.84375 291.6875 283.76251220703125 268.850006103515625 253.243743896484375 243.0749969482421875 236.2624969482421875 233.3937530517578125 230.693756103515625 228.774993896484375 226.6875 223.5437469482421875 219.9875030517578125 220.65625 221.774993896484375 225.243743896484375 234.8874969482421875 248.46875 268.068756103515625 288.78125 307.66876220703125 324.54998779296875 339.787506103515625 350.443756103515625 360.36248779296875 365.868743896484375 366.21875 366.59375 365.13751220703125 368.756256103515625 367.868743896484375 363.78125 357.89373779296875 350.60626220703125 339.98126220703125 331.212493896484375 319.962493896484375 304.875
241.6437530517578125 253.2062530517578125 258.42498779296875 266.88751220703125 273.60626220703125 278.125 281.73126220703125 283.14373779296875 278.149993896484375 270.381256103515625 261.818756103515625 253.3625030517578125 245.5437469482421875 240.412506103515625 235.024993896484375 232.7874908447265625 229.7937469482421875 226.787506103515625 221.8937530517578125 215.818756103515625 216.1062469482421875 214.0500030517578125 213.587493896484375 218.256256103515625 234.625 257 282.587493896484375 303.337493896484375 325.712493896484375 343.350006103515625 362.26251220703125 379.875 388.806243896484375 385.89373779296875 381.125 377.58123779296875 376.95001220703125 374.17498779296875 367.45001220703125 360.318756103515625 352.850006103515625 340.20001220703125 328.662506103515625 315.199981689453125 301.71875
245.9499969482421875 252.912506103515625 258.33123779296875 263.875 267.39373779296875 271.756256103515625 273.29998779296875 272.23748779296875 268.0625 265.76251220703125 261.66876220703125 255.0500030517578125 249.681243896484375 245.774993896484375 240.912506103515625 237.5187530517578125 233.71875 228.8625030517578125 224.350006103515625 218.8625030517578125 215.212493896484375 210.725006103515625 206.337493896484375 209.6374969482421875 228.337493896484375 249.4250030517578125 275.868743896484375 298.40625 322.962493896484375 343.368743896484375 366.774993896484375 389.225006103515625 402.95623779296875 397.881256103515625 391.13751220703125 385.48748779296875 383.04376220703125 379.274993896484375 370.381256103515625 362.61248779296875 352.89373779296875 341.11248779296875 328.399993896484375 316.23748779296875 309.01873779296875
252.1125030517578125 255.256256103515625 258.13751220703125 260.931243896484375 263.73126220703125 265.45001220703125 266.912506103515625 264.162506103515625 262.712493896484375 261.975006103515625 257.875 255.1437530517578125 251.96875 250.475006103515625 246.4187469482421875 241.53125 238.1687469482421875 235.34375 229.0812530517578125 224.125 220.15625 213.875 212.7937469482421875 216.6687469482421875 230.53125 249.6374969482421875 272.193756103515625 295.162506103515625 318.587493896484375 340.037506103515625 361.20001220703125 381.524993896484375 393.98126220703125 394.36248779296875 393.1875 387.881256103515625 386.67498779296875 383.712493896484375 375.01873779296875 366.09375 356.818756103515625 344.79376220703125 331.98126220703125 321.912506103515625 323.712493896484375
256.375 257.506256103515625 257.475006103515625 258.712493896484375 259 257.912506103515625 257.774993896484375 258.23748779296875 259.63751220703125 258.45001220703125 257.412506103515625 256.256256103515625 254.2562408447265625 254.181243896484375 252.4812469482421875 250.5187530517578125 247.806243896484375 242.0500030517578125 237.3125 231.368743896484375 227.1875 220.850006103515625 219.625 225.375 236.1437530517578125 252.4187469482421875 273 293.725006103515625 315.15625 334.5625 351.04998779296875 367.61248779296875 377.01251220703125 383.83123779296875 387.48748779296875 386.337493896484375 387.65625 387.006256103515625 379.649993896484375 369.1875 356.79998779296875 345.08123779296875 334.51873779296875 334.40625 337.79376220703125
262.01873779296875 261.04376220703125 259.4375 256.23126220703125 255.625 255.181243896484375 255.0437469482421875 255.912506103515625 256.756256103515625 256.25 257.11248779296875 257.26873779296875 259.26873779296875 260.61248779296875 259.51873779296875 257.48126220703125 255.274993896484375 252.875 247.212493896484375 239.431243896484375 233.024993896484375 229.0187530517578125 228.693756103515625 232.6125030517578125 240.4875030517578125 253.875 272.625 289.78125 308.73748779296875 325.07501220703125 339.524993896484375 351.725006103515625 361.73748779296875 371.73126220703125 379.3125 381.34375 386.11248779296875 388.243743896484375 380.712493896484375 374.893768310546875 367.76251220703125 358.693756103515625 348.70001220703125 349.01251220703125 346.28125
265.63751220703125 262.25 258.95001220703125 255.65625 254.6062469482421875 253.0187530517578125 253.181243896484375 252.2624969482421875 253.2937469482421875 254.875 256.975006103515625 259.181243896484375 264.03125 265.0625 265.587493896484375 264.89373779296875 265.01251220703125 263.056243896484375 258.587493896484375 251.587493896484375 244.162506103515625 238.0437469482421875 235.631256103515625 236.806243896484375 241.649993896484375 256.03125 269.98126220703125 286.087493896484375 302.0625 314.54376220703125 327.537506103515625 338.662506103515625 350.568756103515625 361.412506103515625 369.625 375.131256103515625 379.15625 383.88751220703125 382.787506103515625 379.76251220703125 375.506256103515625 367.212493896484375 360.54376220703125 356.66876220703125 355.09375
267.149993896484375 262.20001220703125 258.274993896484375 256.318756103515625 254.0437469482421875 250.34375 249.8625030517578125 248.15625 249.3375091552734375 251.1374969482421875 254.8249969482421875 261.068756103515625 265.431243896484375 269.03125 270.26873779296875 271.25 269.82501220703125 268.712493896484375 264.256256103515625 260.756256103515625 253.5187530517578125 246.65625 241.6374969482421875 242.21875 248.40625 257.70001220703125 268.274993896484375 282.5625 294.8125 306.57501220703125 318.831268310546875 329.20001220703125 338.693756103515625 349.71875 359.318756103515625 366.037506103515625 373.274993896484375 377.39373779296875 377.837493896484375 376.84375 379.73126220703125 374.83123779296875 368.73748779296875 365.524993896484375 364.399993896484375
269.100006103515625 262.34375 258.725006103515625 255.6937408447265625 254.0749969482421875 250.0500030517578125 246.868743896484375 245.756256103515625 245.993743896484375 248.993743896484375 255.9812469482421875 261.36248779296875 268.506256103515625 274.46875 275.98748779296875 276.431243896484375 276.756256103515625 276.16876220703125 270.95623779296875 266.350006103515625 261.318756103515625 254.75 248.96875 249.068756103515625 254.1437530517578125 258.60626220703125 268.068756103515625 278.09375 288.39373779296875 299.818756103515625 309.318756103515625 317.399993896484375 326.056243896484375 337.10626220703125 347.14373779296875 355.91876220703125 363.125 369.056243896484375 368.375 375.38751220703125 377.725006103515625 374.23126220703125 371.787506103515625 371.70001220703125 372.100006103515625
269.4375 263.725006103515625 260.350006103515625 256.57501220703125 253.34375 250.5 247.1750030517578125 243.7624969482421875 243.193756103515625 245.837493896484375 251.2062530517578125 260.73748779296875 270.306243896484375 275.48748779296875 278.70623779296875 279.21875 280.787506103515625 280.16876220703125 276.14373779296875 271.73126220703125 266.868743896484375 261.149993896484375 255.9250030517578125 252.818756103515625 256.85626220703125 259.29998779296875 265.100006103515625 272.64373779296875 281.29998779296875 289.70001220703125 297.993743896484375 306.787506103515625 315.125 325.20623779296875 335.38751220703125 343.475006103515625 351.65625 354.725006103515625 361.125 367.943756103515625 370.14373779296875 370.649993896484375 371.64373779296875 374.29376220703125 377.037506103515625
267.79376220703125 264.068756103515625 261.73126220703125 256.45623779296875 252.2312469482421875 248.149993896484375 243.8562469482421875 240.8249969482421875 238.1999969482421875 238.75 246.537506103515625 259.60626220703125 272.84375 282.287506103515625 284.65625 285.54376220703125 285.25 282.20001220703125 280.5625 274.743743896484375 271.774993896484375 265 260.15625 254.881256103515625 256.100006103515625 259 263.29376220703125 267.41876220703125 274.29998779296875 282.79376220703125 289.28125 297.412506103515625 303.899993896484375 313.96875 322.45623779296875 329.306243896484375 334.88751220703125 346.16876220703125 352.79376220703125 358.225006103515625 360.881256103515625 363.649993896484375 367.41876220703125 370.96875 371.35626220703125
267.556243896484375 265.65625 262.662506103515625 257.70001220703125 252.587493896484375 246.931243896484375 242.5625 237.837493896484375 232.537506103515625 231.431243896484375 238 254.03125 271.84375 282.67498779296875 285.84375 287.024993896484375 287.3125 285 283.11248779296875 280.287506103515625 275.556243896484375 270.068756103515625 261.78125 257.39373779296875 256.0625 257.506256103515625 261.256256103515625 265.1875 270.431243896484375 276.506256103515625 282.212493896484375 287.89373779296875 293.53125 303.13751220703125 309.1875 312.23126220703125 322.600006103515625 332.837493896484375 337.493743896484375 343.23126220703125 348.506256103515625 351.08123779296875 353.875 358.21875 357.23748779296875
267.837493896484375 267.51251220703125 263.76251220703125 259.42498779296875 253.881256103515625 248.0437469482421875 243.399993896484375 235.7687530517578125 227.0500030517578125 221.943756103515625 231.068756103515625 253.4375 269.28125 277.98748779296875 283.931243896484375 286.33123779296875 285.14373779296875 284.04376220703125 283.3125 278.96875 275.07501220703125 269.15625 261.306243896484375 257.29376220703125 254.493743896484375 254.899993896484375 258.75 262.493743896484375 265.975006103515625 270.162506103515625 275.91876220703125 281.524993896484375 286.350006103515625 292.212493896484375 296.506256103515625 301.46875 310.631256103515625 320.63751220703125 327.04376220703125 329.300018310546875 334.14373779296875 336.368743896484375 340.774993896484375 344.412506103515625 345.431243896484375
271.287506103515625 269.20001220703125 264.51873779296875 260.96875 255.5749969482421875 250.3125 244.350006103515625 235.6687469482421875 228.0500030517578125 220.875 235.975006103515625 257.631256103515625 269.4375 276.524993896484375 281.475006103515625 284.29998779296875 282.381256103515625 282.368743896484375 279.04376220703125 274.01251220703125 270.20001220703125 264.07501220703125 258.962493896484375 254.875 251.59375 252.78125 253.7375030517578125 258.337493896484375 261.95001220703125 266.14373779296875 268.9375 273.90625 279.625 283.4375 284.506256103515625 292.61248779296875 300.462493896484375 307.125 315.01873779296875 317.962493896484375 319.96875 323.100006103515625 324.725006103515625 326.76251220703125 329.6875
275.462493896484375 270.399993896484375 265.92498779296875 262.88751220703125 259.024993896484375 252.287506103515625 246.9187469482421875 240.9875030517578125 239.2687530517578125 244.287506103515625 259.568756103515625 268.506256103515625 271.631256103515625 276.58123779296875 280.38751220703125 280.66876220703125 279.15625 277.725006103515625 271.86248779296875 268.23748779296875 263.587493896484375 257.40625 252.90625 250.8874969482421875 248.975006103515625 247.8937530517578125 249.5187530517578125 253.399993896484375 256.48748779296875 261.79998779296875 265.48748779296875 267.375 272.11248779296875 277.056243896484375 283.16876220703125 287.431243896484375 291.95623779296875 298.65625 302.71875 302.98748779296875 305.35626220703125 308.712493896484375 308.92498779296875 311.95001220703125 314.068756103515625
278.899993896484375 274.04376220703125 269.86248779296875 267.01251220703125 263.287506103515625 258.20623779296875 251.625 250.21875 251.506256103515625 256.28125 264.193756103515625 271.618743896484375 273.85626220703125 276.76873779296875 278.92498779296875 277.95623779296875 275.881256103515625 273.54376220703125 266.61248779296875 261.024993896484375 255.3125 251.743743896484375 245.131256103515625 242.993743896484375 244.125 244.1062469482421875 246.0187530517578125 249.625 252.631256103515625 257.26873779296875 258.90625 265.318756103515625 272.050018310546875 276.45001220703125 281.92498779296875 284.774993896484375 287.212493896484375 291.78125 293.14373779296875 290.431243896484375 290.82501220703125 293.39373779296875 292.0625 293.962493896484375 297.48748779296875
