data/historical-monthly-weather-data/wc2.1_cruts4.09_10m_prec_2015-05.asc
ncols        51
nrows        45
xllcorner    -63.500000000000
yllcorner    -7.500000000000
cellsize     0.166666666667
NODATA_value -9999
[rows 0 to 18 of 45, columns 0 to 43 of 51]
297.59375 294.649993896484375 295.868743896484375 303.20623779296875 308.262481689453125 313.243743896484375 314.462493896484375 317.756256103515625 321.475006103515625 327.993743896484375 332.36248779296875 332.568756103515625 334.53125 336.95623779296875 336.5625 337.95623779296875 337.73126220703125 334.837493896484375 334.625 337.20001220703125 340.53125 343.48126220703125 350.16876220703125 351.41876220703125 354.0625 358.40625 358.38751220703125 359.89373779296875 359.024993896484375 364.35626220703125 365.462493896484375 369.51251220703125 375.45001220703125 379.57501220703125 383.96875 390.962493896484375 396.462493896484375 398.350006103515625 399.462493896484375 402.587493896484375 402.256256103515625 402.087493896484375 398.181243896484375 399.3125
291.95623779296875 287.493743896484375 292.01873779296875 300.73748779296875 309.881256103515625 316.29998779296875 318.17498779296875 322.350006103515625 328.71875 333.10626220703125 338.193756103515625 338.29998779296875 338.037506103515625 337.956268310546875 335.64373779296875 333.787506103515625 331.86248779296875 327.70001220703125 329.11248779296875 331.881256103515625 335.631256103515625 340.45623779296875 345.23126220703125 349.875 352.649993896484375 355.212493896484375 357.9375 359.79376220703125 360.912506103515625 364.787506103515625 367.10626220703125 375.92498779296875 379.38751220703125 386.462493896484375 390.35626220703125 391.837493896484375 399.34375 401.9375 405.41876220703125 402.01873779296875 401.068756103515625 405.28125 401.29998779296875 396.193756103515625
280.3125 279.212493896484375 287.600006103515625 297.006256103515625 305.86248779296875 314.57501220703125 321.649993896484375 329.975006103515625 337.83123779296875 342.76873779296875 346.631256103515625 344.375 341.375 336.725006103515625 333.181243896484375 331.100006103515625 326.524993896484375 321.16876220703125 322.024993896484375 325.53125 330.42498779296875 338.39373779296875 344.5625 348.912506103515625 352.26251220703125 358.36248779296875 362.88751220703125 363.11248779296875 361.98126220703125 365.756256103515625 368.774993896484375 375.23748779296875 383.25 387.743743896484375 393.98748779296875 393.91876220703125 398.53125 401.631256103515625 401.587493896484375 399.79998779296875 401.162506103515625 398.037506103515625 396.54998779296875 391.45001220703125
265.100006103515625 263.11248779296875 278.131256103515625 288.899993896484375 300.04998779296875 309.54376220703125 319.631256103515625 332.48126220703125 345.84375 353 353.95623779296875 349.274993896484375 341.381256103515625 334.76251220703125 329.59375 324.899993896484375 318.375 313.78125 314.33123779296875 320.587493896484375 331.38751220703125 338.868743896484375 344.29998779296875 350.256256103515625 354.506256103515625 358.96875 364.125 361.993743896484375 360.5625 367.39373779296875 371.34375 377.21875 382.90625 386.58123779296875 389.4375 395.518768310546875 401.03125 402.73748779296875 401.912506103515625 399.818756103515625 397.318756103515625 397.631256103515625 390.39373779296875 383.618743896484375
266.806243896484375 262.34375 264.587493896484375 276.100006103515625 290.587493896484375 300.73126220703125 314.024993896484375 330.475006103515625 349.493743896484375 361.412506103515625 357.90625 347.25 340.70623779296875 333.943756103515625 327.28125 319.9375 311.48748779296875 307.537506103515625 308.162506103515625 316.36248779296875 328.39373779296875 336.006256103515625 341.162506103515625 351.693756103515625 355.10626220703125 359.91876220703125 358.71875 360.6875 360.59375 365.73748779296875 372.018768310546875 375.818756103515625 380.07501220703125 387.368743896484375 392.26251220703125 394.40625 400.59375 404.375 403.5625 399.149993896484375 397.25 391.59375 384.568756103515625 379.48748779296875
264.11248779296875 260.806243896484375 261.83123779296875 262.193756103515625 277.118743896484375 292.625 306.837493896484375 321.51873779296875 341.76873779296875 355.868743896484375 354.475006103515625 342.587493896484375 338.79998779296875 334.32501220703125 325.5 321.33123779296875 311.693756103515625 306.89373779296875 309.287506103515625 319.381256103515625 329.493743896484375 338.85626220703125 347.537506103515625 351.787506103515625 356.462493896484375 361.024993896484375 360.287506103515625 359.518768310546875 361.21875 366.806243896484375 372.649993896484375 378.20623779296875 381.28125 386.475006103515625 389.54998779296875 392.350006103515625 394.84375 396.21875 398.61248779296875 393.131256103515625 385.837493896484375 380.5625 372.024993896484375 366.024993896484375
263.600006103515625 259.51873779296875 260.056243896484375 261.1875 267.29998779296875 277.462493896484375 290.73126220703125 304.95623779296875 313.76251220703125 327.899993896484375 334.64373779296875 331.868743896484375 332.41876220703125 331.412506103515625 326.256256103515625 321.28125 317.681243896484375 316.443756103515625 318.09375 328.33123779296875 335.162506103515625 341.774993896484375 345.98126220703125 352.67498779296875 358.73748779296875 366.125 363.26873779296875 361.225006103515625 358.662506103515625 364.59375 371.243743896484375 373.881256103515625 374.568756103515625 378.54998779296875 382.16876220703125 385.78125 385.131256103515625 385 386.46875 383.024993896484375 372.65625 363.86248779296875 355.381256103515625 351.11248779296875
262.243743896484375 257.8125 258.10626220703125 261.368743896484375 266.98748779296875 277.0625 281.256256103515625 279.381256103515625 278.66876220703125 294.61248779296875 313.475006103515625 320.1875 327.46875 328.806243896484375 327.225006103515625 326.1875 324.38751220703125 327.07501220703125 329.63751220703125 334.375 343.368743896484375 347.07501220703125 350.64373779296875 352.14373779296875 360.07501220703125 360.39373779296875 361.51873779296875 357.712493896484375 355.618743896484375 361.20623779296875 366.82501220703125 368.65625 370.14373779296875 369.931243896484375 369.131256103515625 369.375 369.57501220703125 370.57501220703125 367.1875 357.475006103515625 350.943756103515625 342.618743896484375 335.83123779296875 328.38751220703125
261.625 257.837493896484375 259.65625 261.58123779296875 265.5625 273.29998779296875 276.956268310546875 276.85626220703125 270.243743896484375 273.70623779296875 292.524993896484375 307.375 321.42498779296875 325.20001220703125 326.306243896484375 329.350006103515625 330.83123779296875 336.787506103515625 343.91876220703125 342.493743896484375 342.818756103515625 349.850006103515625 348.056243896484375 357.268768310546875 357.5625 356.04998779296875 352.61248779296875 353.11248779296875 355.324981689453125 357.04376220703125 363.337493896484375 361.85626220703125 355.07501220703125 350.462493896484375 351.26873779296875 351.98748779296875 352.21875 352.71875 350.6875 339.0625 327.881256103515625 319.20623779296875 315.70001220703125 312.118743896484375
260.262481689453125 258.45001220703125 260.45001220703125 263.625 264.837493896484375 272.175018310546875 277.068756103515625 279.32501220703125 280.09375 286.29376220703125 297.70001220703125 303.25 318.662506103515625 323.256256103515625 328.287506103515625 330.337493896484375 333.287506103515625 340.149993896484375 349.162506103515625 354.33123779296875 350.98748779296875 348.306243896484375 347.32501220703125 352.84375 349.899993896484375 348.33123779296875 344.21875 344.375 348.350006103515625 353.212493896484375 352.537506103515625 347.78125 343.6875 339.09375 334.912506103515625 333.981231689453125 332.23748779296875 332.57501220703125 330.149993896484375 324.21875 317.056243896484375 311.51873779296875 299.92498779296875 290.09375
258.86248779296875 259.024993896484375 260.306243896484375 263.837493896484375 265.118743896484375 273.45623779296875 279.5 280.88751220703125 284.25 293.51873779296875 305.64373779296875 314.61248779296875 316.73126220703125 323.662506103515625 326.73748779296875 328.88751220703125 333.20001220703125 342.056243896484375 351.09375 360.631256103515625 368.40625 359.875 351.443756103515625 337.33123779296875 342.64373779296875 345.85626220703125 341.41876220703125 340.34375 338.41876220703125 337.95001220703125 338.34375 335.087493896484375 329.212493896484375 323.26873779296875 317.225006103515625 312.462493896484375 310.07501220703125 311.13751220703125 311.76251220703125 307.92498779296875 302.07501220703125 294.40625 288.5625 275.149993896484375
259.993743896484375 259.243743896484375 261.306243896484375 264.85626220703125 267.8125 273.07501220703125 281.625 286.962493896484375 293.40625 298.837493896484375 309.912506103515625 321.60626220703125 317.76251220703125 321.42498779296875 326.837493896484375 326.70001220703125 330.57501220703125 339.287506103515625 349.76251220703125 364.20001220703125 376.806243896484375 375.212493896484375 364.568756103515625 345.6875 334.9375 328.774993896484375 321.987518310546875 320.725006103515625 321.856231689453125 320.068756103515625 315.11248779296875 311.037506103515625 305.287506103515625 299.29376220703125 296.45001220703125 295.662506103515625 295.618743896484375 294.506256103515625 292.60626220703125 289.76251220703125 286.600006103515625 279.29998779296875 268.5 247.587493896484375
262.03125 259.48126220703125 261 264.83123779296875 267.32501220703125 274.64373779296875 280.67498779296875 285.193756103515625 292.79998779296875 302.399993896484375 312.41876220703125 321.087493896484375 321.962493896484375 313.01873779296875 315.243743896484375 320.756256103515625 324.39373779296875 333.40625 343.45001220703125 357.6875 375.0625 372.962493896484375 363.943756103515625 344.4375 316.225006103515625 304.193756103515625 306.34375 306.368743896484375 308.26873779296875 306.84375 298.693756103515625 289.1875 282.01873779296875 275.100006103515625 273.350006103515625 276.100006103515625 278.21875 280.837493896484375 281.54998779296875 278.15625 272.29376220703125 265.48126220703125 246.931243896484375 230.0124969482421875
258.28125 256.73126220703125 259.524993896484375 262.912506103515625 266.975006103515625 272.587493896484375 277.73748779296875 283.29998779296875 292.875 301.850006103515625 305.881256103515625 310.431243896484375 311.112518310546875 308.07501220703125 299.54998779296875 308.087493896484375 311.75 318.65625 330.806243896484375 345.33123779296875 358.912506103515625 360.337493896484375 355.274993896484375 340.649993896484375 318.35626220703125 303.318756103515625 297.350006103515625 291.95001220703125 291.13751220703125 285.837493896484375 281.506256103515625 270.41876220703125 262.899993896484375 256.40625 253.0187530517578125 258.975006103515625 265.59375 271.475006103515625 273.48126220703125 266.837493896484375 251.212493896484375 236.5124969482421875 228.962493896484375 224.6875
253.1750030517578125 253.46875 257.287506103515625 260.45001220703125 263.79998779296875 269.837493896484375 277.67498779296875 285.01873779296875 291.66876220703125 296.48126220703125 298.86248779296875 300.912506103515625 298.48126220703125 294.45623779296875 281.40625 287.506256103515625 293.375 304.006256103515625 315.40625 327.57501220703125 341.787506103515625 347.975006103515625 349.524993896484375 345.23748779296875 333.84375 321.625 307.70623779296875 297.462493896484375 289.5 280.11248779296875 265.8125 252.8874969482421875 248.6374969482421875 238.068756103515625 229.65625 232.7375030517578125 249.524993896484375 261.337493896484375 260.57501220703125 249.7375030517578125 233.3562469482421875 225.8937530517578125 226.337493896484375 221.412506103515625
247.1374969482421875 247.4499969482421875 252.96875 257.5625 260.54998779296875 268.34375 276.86248779296875 283.53125 287.54376220703125 292.20623779296875 292.537506103515625 292.087493896484375 288.706268310546875 285.943756103515625 276.38751220703125 265.743743896484375 275.350006103515625 291.82501220703125 299.85626220703125 311.14373779296875 325.85626220703125 340.71875 351.20001220703125 353.774993896484375 345.256256103515625 331.26873779296875 314.0625 298.256256103515625 287.006256103515625 277.36248779296875 266 250.4250030517578125 234.2375030517578125 219.287506103515625 209.5187530517578125 224.4375 234.100006103515625 243.3000030517578125 244.774993896484375 239.225006103515625 227.5500030517578125 220.881256103515625 217.806243896484375 209.28125
242.4499969482421875 243.693756103515625 247.75 253.806243896484375 259.75 265.63751220703125 272.48126220703125 278.162506103515625 283.53125 287.13751220703125 288.39373779296875 288.949981689453125 284.256256103515625 279.481231689453125 273.368743896484375 266.51873779296875 257.91876220703125 271.70001220703125 284.32501220703125 296.443756103515625 312.33123779296875 328.774993896484375 347.17498779296875 357.86248779296875 356.58123779296875 332.375 310.725006103515625 294.84375 282.524993896484375 271.837493896484375 261.33123779296875 249.600006103515625 234.7750091552734375 221.631256103515625 222.850006103515625 225.9187469482421875 234.287506103515625 242.15625 246.7937469482421875 234.537506103515625 221.0625 212.649993896484375 204.4562530517578125 199.6750030517578125
235.193756103515625 238.5 244.2624969482421875 249.806243896484375 256.125 264.712493896484375 270.125 274.375 277.850006103515625 281.91876220703125 283.3125 286.125 278.6875 275.625 270.274993896484375 265.26873779296875 257.66876220703125 251.8562469482421875 273.26251220703125 283.0625 297.53125 315.537506103515625 334.5 345.71875 346.875 327.649993896484375 301.33123779296875 288.4375 277.225006103515625 262.48748779296875 243.600006103515625 228.006256103515625 232.024993896484375 229.6687469482421875 226 237.3249969482421875 244.25 242.7375030517578125 240.3625030517578125 230.5124969482421875 212 203.100006103515625 195.712493896484375 191.9562530517578125
227.774993896484375 232.03125 237.712493896484375 245.868743896484375 253.9250030517578125 260.787506103515625 267.287506103515625 273.04376220703125 276.36248779296875 281.48748779296875 281.006256103515625 275.649993896484375 270.337493896484375 268.09375 263.5625 261.51251220703125 258.462493896484375 249.4375 252.53125 263.625 279.3125 301.36248779296875 303.743743896484375 316.82501220703125 318.787506103515625 313.98748779296875 297.962493896484375 279.25 268.087493896484375 253.3625030517578125 238.1687469482421875 229.506256103515625 230.868743896484375 228.2062530517578125 227.3312530517578125 233.7624969482421875 233.1374969482421875 228.5500030517578125 227.162506103515625 215.7312469482421875 200.875 191.5500030517578125 187.3874969482421875 186.2375030517578125
