data/historical-monthly-weather-data/wc2.1_cruts4.09_10m_prec_1962-01.asc
ncols        45
nrows        45
xllcorner    -63.500000000000
yllcorner    -7.500000000000
cellsize     0.166666666667
NODATA_value -9999
[rows 20 to 39 of 45, columns 0 to 44 of 45]
324.35626220703125 325.899993896484375 333.13751220703125 343.45001220703125 354.54376220703125 369.462493896484375 385.89373779296875 399.006256103515625 407.32501220703125 412.056243896484375 416.056243896484375 424.743743896484375 438.243743896484375 452.91876220703125 443.987518310546875 420.993743896484375 404.91876220703125 395.76251220703125 395.625 394.95623779296875 397.13751220703125 396.993743896484375 395.487518310546875 397.82501220703125 401.618743896484375 406.0625 409.54998779296875 413.868743896484375 417.0625 417.14373779296875 407.79998779296875 392.693756103515625 373.649993896484375 354.381256103515625 337.25 352.48126220703125 378.48748779296875 393.774993896484375 391.756256103515625 376.118743896484375 352.61248779296875 330.037506103515625 312.787506103515625 298.60626220703125 287.53125
327.67498779296875 327.5625 335.225006103515625 347.86248779296875 362.774993896484375 379.09375 395.98748779296875 412.42498779296875 421.012481689453125 419.75 415.75 411.65625 412.64373779296875 418.66876220703125 418.681243896484375 410.181243896484375 404.76251220703125 399.725006103515625 397.82501220703125 397.34375 394.35626220703125 393.25 393.774993896484375 396.98126220703125 401.73126220703125 407.84375 415.350006103515625 416.9375 415.568756103515625 409.399993896484375 394.60626220703125 378.699981689453125 367.337493896484375 360.85626220703125 358.11248779296875 372.181243896484375 399.193756103515625 419.14373779296875 416.5 396.125 368.524993896484375 343.193756103515625 323.26251220703125 306.73748779296875 293.57501220703125
331.32501220703125 331.26251220703125 337.125 350.193756103515625 368.024993896484375 387.79998779296875 405.88751220703125 423.9375 435.762481689453125 427.431243896484375 411.125 393.131256103515625 382.15625 385.068756103515625 394.82501220703125 399.662506103515625 399.96875 398.21875 396.64373779296875 395.13751220703125 392.181243896484375 389.131256103515625 387.26251220703125 390.131256103515625 397.837493896484375 407.76873779296875 416.975006103515625 417.65625 413.037506103515625 400.70001220703125 383.75 369.618743896484375 370.162506103515625 373.5625 381.506256103515625 395.10626220703125 422.600006103515625 453.524993896484375 446.95001220703125 414.33123779296875 381.54376220703125 354.86248779296875 330.65625 312.21875 298.04376220703125
336.58123779296875 334.34375 338.70001220703125 353.17498779296875 374.100006103515625 393.33123779296875 412.181243896484375 429.3125 437.28125 424.23126220703125 402.649993896484375 380.375 356.28125 361.89373779296875 378.96875 388.931243896484375 392.943756103515625 392.8125 391.943756103515625 390.868743896484375 385.881256103515625 381.59375 378.9375 381.087493896484375 390.32501220703125 400.53125 411.737518310546875 411.45001220703125 406.462493896484375 397.181243896484375 384.381256103515625 375.23126220703125 379.9375 388.46875 400.33123779296875 414.65625 438.006256103515625 464.368743896484375 456.212493896484375 423.399993896484375 389.506256103515625 360.73748779296875 335.78125 316.243743896484375 302.40625
343.6875 340.368743896484375 342.67498779296875 361.29998779296875 387.087493896484375 403.79376220703125 418.318756103515625 430.59375 431.82501220703125 420.962493896484375 402.35626220703125 382.29998779296875 365.5 364.85626220703125 374.83123779296875 384.54998779296875 390.08123779296875 391.625 389.70001220703125 385.375 379.26873779296875 372.33123779296875 368.01251220703125 369.056243896484375 377.38751220703125 389.75 398.943756103515625 404.17498779296875 402.912506103515625 398.931243896484375 391.91876220703125 388.5 393.64373779296875 403.83123779296875 416.256256103515625 426.5 443.024993896484375 453.149993896484375 443.806243896484375 420.081268310546875 389.92498779296875 362.368743896484375 338.056243896484375 320.087493896484375 303.14373779296875
359.100006103515625 359.993743896484375 364.64373779296875 382.618743896484375 402.837493896484375 416.23748779296875 425.84375 431.056243896484375 428.512481689453125 418.600006103515625 405.287506103515625 391.48748779296875 378.774993896484375 374.0625 378.26251220703125 385.0625 390.73126220703125 391.837493896484375 389.1875 382.868743896484375 375.912506103515625 364.70001220703125 357.381256103515625 354.88751220703125 364.225006103515625 378.83123779296875 391.850006103515625 399.01251220703125 402.45001220703125 399.506256103515625 399.82501220703125 401.01873779296875 409.14373779296875 417.537506103515625 428.96875 435.318756103515625 443.78125 445.787506103515625 434.34375 413.28125 387.443756103515625 360.837493896484375 335.9375 319.04376220703125 305.631256103515625
379.60626220703125 383.024993896484375 391.11248779296875 404.67498779296875 418.17498779296875 426.89373779296875 432.91876220703125 432.618743896484375 427.600006103515625 420.63751220703125 410.65625 399.556243896484375 388.79376220703125 382.59375 383.79998779296875 388.681243896484375 392.850006103515625 393.181243896484375 391.35626220703125 383.08123779296875 372.493743896484375 361.912506103515625 349.431243896484375 344.75 357.4375 371.61248779296875 384.318756103515625 393.26873779296875 399.462493896484375 400.32501220703125 404.33123779296875 408.0625 420.11248779296875 429.743743896484375 438.537506103515625 443.71875 448.09375 445.006256103515625 429.962493896484375 410.693756103515625 385.88751220703125 358.193756103515625 333.92498779296875 317.75 313.71875
404.375 408.53125 417.64373779296875 427.931243896484375 437.09375 439.79998779296875 440.57501220703125 437.04376220703125 431.36248779296875 423.73748779296875 415.25 405.84375 395.10626220703125 387.78125 388.125 391.837493896484375 394.662506103515625 397.649993896484375 393.149993896484375 386.393768310546875 377.67498779296875 364.67498779296875 357.425018310546875 353.881256103515625 361.118743896484375 371.26251220703125 381.987518310546875 389.7125244140625 396.6875 401.587493896484375 405.29376220703125 410.100006103515625 423.556243896484375 434.431243896484375 445.01873779296875 449.256256103515625 450.11248779296875 446.868743896484375 432.475006103515625 411.774993896484375 388.95623779296875 361.78125 335.131256103515625 320.350006103515625 330.42498779296875
425.662506103515625 432.45623779296875 440.54998779296875 449.774993896484375 455.70001220703125 453.16876220703125 446.96875 442.21875 434.556243896484375 427.26251220703125 420.09375 410.25 399.91876220703125 394.0625 394.493743896484375 398.45623779296875 403.85626220703125 404.274993896484375 400.818756103515625 394.1875 384.443756103515625 372.493743896484375 365.931243896484375 363.756256103515625 367.350006103515625 373.462493896484375 382.100006103515625 388.818756103515625 396.381256103515625 401.85626220703125 404.787506103515625 409.38751220703125 423.84375 438.375 451.425018310546875 454.5 456.306243896484375 452.899993896484375 439.381256103515625 418.899993896484375 393.71875 367.79376220703125 346.26251220703125 339.412506103515625 351.625
434.35626220703125 441.59375 451.53125 461.70001220703125 465.51251220703125 458.08123779296875 448.568756103515625 442.649993896484375 434.318756103515625 425.993743896484375 420.45001220703125 413.40625 405.212493896484375 400.01251220703125 401.75 404.431243896484375 407.45001220703125 409.25 408.25 400.318756103515625 389.743743896484375 380.39373779296875 372.76251220703125 369.46875 371.5625 375.868743896484375 381.881256103515625 386.90625 393.41876220703125 398.83123779296875 404.21875 410.125 423.993743896484375 440.82501220703125 454.431243896484375 459.29376220703125 461.618743896484375 462.350006103515625 449.98748779296875 433.1875 414.162506103515625 393.662506103515625 377.431243896484375 372.212493896484375 374.26873779296875
436.993743896484375 444.600006103515625 451.756256103515625 461.32501220703125 466.662506103515625 454.92498779296875 446.16876220703125 439.125 430.98126220703125 424.318756103515625 420.493743896484375 415.23748779296875 409.20001220703125 403.83123779296875 406.14373779296875 408.118743896484375 411.26251220703125 414.274993896484375 413.91876220703125 406.66876220703125 395.068756103515625 384.51251220703125 378.10626220703125 373.899993896484375 373.524993896484375 377.681243896484375 382.131256103515625 385.443756103515625 391.63751220703125 397.087493896484375 403.85626220703125 411.5 425.431243896484375 442.61248779296875 457.21875 463.881256103515625 467.73748779296875 472.32501220703125 464.618743896484375 451.524993896484375 438.39373779296875 422.51251220703125 409.92498779296875 401.01873779296875 400.587493896484375
433.48748779296875 439.79998779296875 444.649993896484375 450.068756103515625 451.556243896484375 443.600006103515625 438.912506103515625 431.73126220703125 424.9375 419.58123779296875 416.91876220703125 413.375 409.625 407.26251220703125 409.649993896484375 410.693756103515625 410.67498779296875 412.76873779296875 410.931243896484375 406.08123779296875 394.70623779296875 384.73748779296875 379.131256103515625 374.475006103515625 375.11248779296875 377.475006103515625 379.78125 382.868743896484375 386.5625 394.79998779296875 402.962493896484375 411.881256103515625 427.037506103515625 444.70001220703125 460.45623779296875 467.95001220703125 476.46875 480.631256103515625 474.48126220703125 466.8125 462.73126220703125 451.73126220703125 442.318756103515625 438.39373779296875 438.087493896484375
416.693756103515625 421.86248779296875 426.29376220703125 429.756256103515625 428.631256103515625 422.756256103515625 417.23748779296875 412.03125 405.75 405.54998779296875 408.712493896484375 408.54998779296875 410.33123779296875 412.399993896484375 412.118743896484375 410.368743896484375 407.33123779296875 406.26251220703125 403.462493896484375 399.618743896484375 389.91876220703125 380.98126220703125 374.91876220703125 372.806243896484375 372.631256103515625 374.768768310546875 376.100006103515625 376.375 379.681243896484375 391.125 400.71875 409.79376220703125 426.368743896484375 445.368743896484375 460.84375 471 480.01251220703125 486.1875 481.73748779296875 483.587493896484375 483.556243896484375 478.04376220703125 474.75 476.774993896484375 485.899993896484375
396.787506103515625 401.20623779296875 404.350006103515625 406.85626220703125 404.181243896484375 399.66876220703125 395.29998779296875 390.32501220703125 386.743743896484375 387.35626220703125 394.16876220703125 402.61248779296875 410.58123779296875 414.45001220703125 412.65625 407.537506103515625 403.287506103515625 401.41876220703125 396.506256103515625 391.225006103515625 383.04998779296875 375.51251220703125 370.11248779296875 367.837493896484375 367.65625 368.58123779296875 368.76873779296875 369.881256103515625 374.037506103515625 385.32501220703125 398.04998779296875 409.61248779296875 426.20623779296875 446.181243896484375 462.70001220703125 473.662506103515625 482.61248779296875 488.306243896484375 490.837493896484375 496.26251220703125 499.274993896484375 499.662506103515625 502.58123779296875 509.662506103515625 522.03125
378.95623779296875 381.3125 383.587493896484375 383.82501220703125 381.962493896484375 378.375 372.943756103515625 368.100006103515625 363.181243896484375 366.618743896484375 379.375 393.975006103515625 410.34375 418.85626220703125 414.48748779296875 405.33123779296875 397.681243896484375 393.35626220703125 388.07501220703125 380.64373779296875 374.45001220703125 368.01873779296875 363.33123779296875 360.8125 360.850006103515625 360.024993896484375 361.149993896484375 362.943756103515625 366.899993896484375 378.92498779296875 393.587493896484375 408.71875 426.59375 445.29998779296875 461.774993896484375 473.03125 481.181243896484375 492.08123779296875 498.08123779296875 503.85626220703125 510.36248779296875 512.92498779296875 519.60626220703125 528.5062255859375 537.8812255859375
361.712493896484375 362.48126220703125 363.32501220703125 362.48748779296875 360.20623779296875 354.78125 349.649993896484375 342.79376220703125 336.212493896484375 337.875 353.48126220703125 375.96875 398.76873779296875 411.225006103515625 407.850006103515625 399.01251220703125 389.412506103515625 384.024993896484375 377.875 370.037506103515625 363.381256103515625 358.524993896484375 353.631256103515625 350.618743896484375 350.36248779296875 350.875 351.86248779296875 354.037506103515625 358.681243896484375 371.70623779296875 388.41876220703125 404.42498779296875 423.79998779296875 442.962493896484375 459.131256103515625 468.381256103515625 480.45623779296875 489.54376220703125 493.024993896484375 499.26251220703125 506.631256103515625 511.59375 518.01873779296875 527.625 533.8187255859375
344.26251220703125 344.29998779296875 343.23748779296875 341.70001220703125 339.006256103515625 334.1875 330 322.17498779296875 312.1875 306.63751220703125 327.931243896484375 363.82501220703125 388.78125 399.23126220703125 397.61248779296875 390.04998779296875 380.556243896484375 374.243743896484375 367.20001220703125 358.48748779296875 352.65625 346.5 342.33123779296875 339.587493896484375 339.73126220703125 341.14373779296875 342.64373779296875 345.787506103515625 350.70623779296875 365.212493896484375 382.774993896484375 400.04376220703125 420.46875 440.28125 456.337493896484375 466.024993896484375 475.66876220703125 482.54376220703125 486.67498779296875 490.943756103515625 495.36248779296875 501.01873779296875 510.29376220703125 519.42498779296875 524.2750244140625
327.59375 326.931243896484375 325.056243896484375 323.83123779296875 321.67498779296875 319.068756103515625 315.26251220703125 309.26251220703125 301.34375 293.64373779296875 330.64373779296875 367.506256103515625 384.087493896484375 390.54998779296875 388.48748779296875 381.03125 371.006256103515625 365.04376220703125 358.181243896484375 349.13751220703125 342.212493896484375 334.993743896484375 330.1875 327.943756103515625 328.399993896484375 330.76251220703125 332.32501220703125 335.86248779296875 341.662506103515625 358.10626220703125 375.98126220703125 392.875 413.381256103515625 433.90625 449.837493896484375 459.1875 465.83123779296875 472.506256103515625 476.71875 479.537506103515625 481.899993896484375 489.337493896484375 496.73748779296875 503.16876220703125 509.681243896484375
318.04376220703125 314.73748779296875 313.306243896484375 311.774993896484375 310.212493896484375 308.399993896484375 305.818756103515625 305.76873779296875 310.04998779296875 328.53125 370.649993896484375 379.15625 381.07501220703125 383.125 380.4375 373.36248779296875 365.587493896484375 358.212493896484375 350.125 341.16876220703125 331.725006103515625 324.07501220703125 319.375 317.600006103515625 318.056243896484375 320.61248779296875 324 329.03125 336.35626220703125 353.287506103515625 369.79376220703125 385.181243896484375 402.537506103515625 418.524993896484375 435.79376220703125 443.91876220703125 448.64373779296875 454.556243896484375 456.79998779296875 456.712493896484375 458.61248779296875 463.70001220703125 468.65625 475.881256103515625 481.600006103515625
309.743743896484375 305.85626220703125 303.337493896484375 300.5 300.568756103515625 300.5 300.681243896484375 305.66876220703125 316.45623779296875 336.125 359.131256103515625 370.61248779296875 373.3125 374.837493896484375 372.03125 367.181243896484375 360.818756103515625 353.600006103515625 343.23126220703125 332.756256103515625 320.11248779296875 312.35626220703125 307.61248779296875 306.13751220703125 307.600006103515625 310.39373779296875 315.568756103515625 322.78125 330.91876220703125 346.26873779296875 360.875 376.48126220703125 393.118743896484375 406.58123779296875 418.125 424.875 428.83123779296875 432.931243896484375 433.600006103515625 432.20623779296875 433.60626220703125 437.09375 439.76873779296875 445.024993896484375 450.48126220703125
