data/historical-monthly-weather-data/wc2.1_cruts4.09_10m_prec_1991-09.asc
ncols        45
nrows        45
xllcorner    -63.500000000000
yllcorner    -7.500000000000
cellsize     0.166666666667
NODATA_value -9999
[rows 19 to 37 of 45, columns 0 to 43 of 45]
152.118743896484375 149.8937530517578125 144.912506103515625 141.0625 137.568756103515625 135.087493896484375 131.1374969482421875 126.16249847412109375 122.5812530517578125 117.0437469482421875 110.625 102.61875152587890625 93.96250152587890625 85.5812530517578125 77.69374847412109375 71.3125 64.28749847412109375 60.674999237060546875 56.18125152587890625 53.93125152587890625 48.918750762939453125 44.40625 42.19374847412109375 42.75624847412109375 43.075000762939453125 42.22499847412109375 42.27500152587890625 42.46875 40.8125 39.081249237060546875 38.612499237060546875 43.21250152587890625 46.174999237060546875 50.02500152587890625 52.21875 50.05625152587890625 47.40625 45.25 42.94374847412109375 39.375 34.59375 29.75 27.84375 27.15625
143.368743896484375 142.7375030517578125 139.725006103515625 136.6374969482421875 133.5 130.3937530517578125 127.56874847412109375 123.8937530517578125 121.5124969482421875 117.49375152587890625 111.43125152587890625 104.66249847412109375 96.1875 86.8562469482421875 79.53125 71.6437530517578125 64.74375152587890625 59.59375 56.96250152587890625 53.0625 50 46.893749237060546875 43.99375152587890625 44.36875152587890625 45.18125152587890625 44.700000762939453125 44.456249237060546875 43.80625152587890625 43.143749237060546875 44.18125152587890625 45.78749847412109375 50.03125 53.34999847412109375 57.924999237060546875 62.93125152587890625 58.293750762939453125 51.22499847412109375 46.481250762939453125 42.737499237060546875 39.168750762939453125 35.674999237060546875 32.237499237060546875 30.256250381469726562 29.3125
136.65625 134.65625 132.2375030517578125 129.9812469482421875 128.6374969482421875 127.2062530517578125 124.6437530517578125 122.63124847412109375 120.93125152587890625 117.81874847412109375 112.86875152587890625 107.09375 100.4812469482421875 92.1750030517578125 84.1437530517578125 75.24375152587890625 68.1437530517578125 62.456249237060546875 59.27500152587890625 55.293750762939453125 50.643749237060546875 47.53749847412109375 44.88124847412109375 45.03125 45.268749237060546875 45.21875 46.6875 46.68125152587890625 47.674999237060546875 49.72499847412109375 51.97499847412109375 55.3125 57.91249847412109375 61.174999237060546875 61.74375152587890625 58.13124847412109375 51.643749237060546875 47 43.03749847412109375 40.043750762939453125 37.543750762939453125 35.24375152587890625 33.981250762939453125 32.987499237060546875
130.962493896484375 130.625 127.53125 125.84999847412109375 124.63124847412109375 123.5749969482421875 122.5 121.33750152587890625 121.3249969482421875 118.2687530517578125 115.6999969482421875 111.28749847412109375 107.11875152587890625 99.7375030517578125 89.3937530517578125 79.84999847412109375 71.59375 66.00624847412109375 61.27500152587890625 57.05625152587890625 52.575000762939453125 49.268749237060546875 46.206249237060546875 45.5 45.93125152587890625 45.94374847412109375 47.456249237060546875 49.46875 50.875 53.00624847412109375 56.21250152587890625 60.02500152587890625 61.056247711181640625 61.46875 59.71875 54.86875152587890625 50.268749237060546875 46.25 43.231250762939453125 41.575000762939453125 40.424999237060546875 38.69374847412109375 37.581249237060546875 36.59999847412109375
127.99375152587890625 126.05625152587890625 124.06874847412109375 121.875 119.97499847412109375 120.52500152587890625 120.2312469482421875 119.21250152587890625 119.25 117.2062530517578125 114.68125152587890625 113.1437530517578125 111.90625 104.44374847412109375 93.0812530517578125 82.96875 74.7687530517578125 68.9562530517578125 64.0437469482421875 59.15000152587890625 54.6875 50.72499847412109375 48.02500152587890625 47.387500762939453125 47.34375 46.893749237060546875 48.4375 50.59999847412109375 53.481250762939453125 56.25624847412109375 59.46250152587890625 63.25624847412109375 63.049999237060546875 62.043750762939453125 59.793750762939453125 54.450000762939453125 50.66249847412109375 47.918750762939453125 45.5625 44.77500152587890625 43.78749847412109375 42.40000152587890625 41.75 40.96250152587890625
126.78125 123.90000152587890625 121 118.3937530517578125 119.7062530517578125 119.5187530517578125 118.65625 117.7624969482421875 117.25 116.1437530517578125 114.375 111.81874847412109375 109.27500152587890625 103.6062469482421875 94.34999847412109375 84.9499969482421875 77.34375 71.0749969482421875 65.78749847412109375 61.274997711181640625 56.96875 52.731250762939453125 50.36875152587890625 49.78125 48.71875 48.862499237060546875 50.543750762939453125 53.043750762939453125 56.043750762939453125 59.387500762939453125 62.475002288818359375 65.6875 65.78749847412109375 64.1750030517578125 61.200000762939453125 56.643749237060546875 53.893749237060546875 51.49375152587890625 49.268749237060546875 48.28125 47.325000762939453125 46.58750152587890625 46.168750762939453125 46.549999237060546875
128.287506103515625 126.6999969482421875 121.84375 120.0812530517578125 119.00624847412109375 118.2062530517578125 117.63124847412109375 116.40625 115.5500030517578125 114.7375030517578125 111.9562530517578125 109.55625152587890625 106.4812469482421875 101.2312469482421875 93.83750152587890625 86.0124969482421875 78.74375152587890625 73.03749847412109375 67.6687469482421875 62.950000762939453125 58.731250762939453125 54.543750762939453125 52.30625152587890625 51.84999847412109375 50.99375152587890625 50.581249237060546875 53.15625 56.4375 59.28749847412109375 62.74375152587890625 65.90625 69.3625030517578125 68.09999847412109375 66.15625 63.975002288818359375 61.30625152587890625 58.24375152587890625 55.90000152587890625 54.450000762939453125 52.981250762939453125 52.34375 51.331249237060546875 50.893749237060546875 51.6875
132.256256103515625 129.037506103515625 124.77500152587890625 122.56874847412109375 120.13124847412109375 119.0812530517578125 117.50624847412109375 115.25624847412109375 113.0500030517578125 112.03749847412109375 110.41249847412109375 108.16249847412109375 104.6437530517578125 100.2312469482421875 93.8249969482421875 86.8937530517578125 80.96875 74.8562469482421875 69.625 64.90000152587890625 60.981250762939453125 56.84375 54.27500152587890625 54.84999847412109375 53.956249237060546875 53.91249847412109375 56.737499237060546875 59.65625 62.793750762939453125 66.03125 69.0812530517578125 71.65625 71.53749847412109375 69.8312530517578125 67.3625030517578125 65.50624847412109375 63.450000762939453125 61.13124847412109375 59.71250152587890625 58.487499237060546875 57.200000762939453125 56.387500762939453125 56.081249237060546875 55.762500762939453125
136.1999969482421875 132.9250030517578125 129.006256103515625 124.78125 122.2062530517578125 119.84999847412109375 117.7937469482421875 115.1374969482421875 112.18125152587890625 111.02500152587890625 108.94374847412109375 106.4875030517578125 103.2687530517578125 100.0500030517578125 93.96250152587890625 87.7937469482421875 82.0812530517578125 76.38124847412109375 71.25624847412109375 67.06874847412109375 63.09375 59.27500152587890625 56.77500152587890625 57.174999237060546875 57.34375 57.3125 60.137500762939453125 63.3125 66.5749969482421875 70.1062469482421875 72.4562530517578125 74.9499969482421875 75.19374847412109375 73.49375152587890625 71.65000152587890625 69.9875030517578125 69.21250152587890625 67.80625152587890625 66.33750152587890625 64.8937530517578125 63.55625152587890625 62.637500762939453125 60.71250152587890625 60.512500762939453125
140.774993896484375 136.8874969482421875 131.4499969482421875 126.47499847412109375 122.86875152587890625 119.5187530517578125 116.66249847412109375 114.1687469482421875 111.6374969482421875 109.61875152587890625 107.1687469482421875 104.4250030517578125 102.55625152587890625 99.0124969482421875 93.44374847412109375 89.2062530517578125 85.06874847412109375 77.80625152587890625 72.63124847412109375 68.6875 65.24375152587890625 61.96250152587890625 59.71875 60.40000152587890625 60.22499847412109375 60.875 63.875 67.65000152587890625 71.7687530517578125 74.2062530517578125 75.96250152587890625 78.09999847412109375 77.8874969482421875 77.0124969482421875 76.65000152587890625 75.22499847412109375 75.4562530517578125 75.1999969482421875 74.1437530517578125 72.4375 69.1875 66.69374847412109375 65.5812530517578125 65.63124847412109375
145.3125 141.006256103515625 133.618743896484375 127.7937469482421875 123.33750152587890625 120.1374969482421875 117.21875 114.41249847412109375 111.5812530517578125 108.90000152587890625 106.11875152587890625 104.33750152587890625 102.25624847412109375 99.24375152587890625 95.31874847412109375 90.66249847412109375 85.96250152587890625 80.2624969482421875 74.625 70.625 67.8000030517578125 65.3000030517578125 62.75 63.231250762939453125 64.1687469482421875 65.75624847412109375 68.5749969482421875 71.9499969482421875 75.24375152587890625 77.94374847412109375 80.47499847412109375 82.66249847412109375 82.26874542236328125 81.71875 82.00624847412109375 81.6999969482421875 82.6999969482421875 84.11875152587890625 81.8312530517578125 81.6062469482421875 79.5 76.0749969482421875 73.375 72.8874969482421875
147.131256103515625 142.84375 136.725006103515625 129.3625030517578125 124.875 121.8562469482421875 117.6999969482421875 114.40000152587890625 111.80625152587890625 109.30625152587890625 106.28749847412109375 104.21250152587890625 103.9250030517578125 100.72499847412109375 96.5749969482421875 92.1750030517578125 88.7312469482421875 83.3562469482421875 77.71250152587890625 74.25 71.4375 69.375 67.25 67.625 68.50624847412109375 70.40000152587890625 73.2624969482421875 76.43125152587890625 79.6875 81.16249847412109375 84.1687469482421875 86.65000152587890625 86.4250030517578125 87.59375 88.3937530517578125 87.78125 89.55625152587890625 92.2624969482421875 92 91.7375030517578125 89.53125 85.3125 81.77500152587890625 80.1125030517578125
149.5500030517578125 143.4250030517578125 136.756256103515625 130.65625 127.25624847412109375 122.90625 118.88124847412109375 115.44374847412109375 113.02500152587890625 109.97499847412109375 107.27500152587890625 105.03125 102.94374847412109375 101.34375 98.71250152587890625 96.27500152587890625 92.44374847412109375 87.4250030517578125 82.86875152587890625 79.96250152587890625 77.4375 73.9499969482421875 71.96250152587890625 72.09999847412109375 74.1999969482421875 75.0124969482421875 77.40625 81.38124847412109375 84.46875 86.01250457763671875 88.625 90.1062469482421875 90.77500152587890625 92.18125152587890625 93.24375152587890625 93.27500152587890625 95.40000152587890625 97.63124847412109375 98.1374969482421875 98.6125030517578125 97.84375 93.59375 90.21875 87.6687469482421875
146.350006103515625 141.743743896484375 135.318756103515625 130.3874969482421875 127.22499847412109375 123.5749969482421875 120.4187469482421875 116.44374847412109375 113.7624969482421875 110.28749847412109375 110.3562469482421875 107.05625152587890625 105.34999847412109375 105.52500152587890625 103.24375152587890625 101.7624969482421875 98.9250030517578125 95.46875 91.11875152587890625 88.09375 84.66875457763671875 80.9187469482421875 77.5500030517578125 77.77500152587890625 79.5 79.9375 82.31874847412109375 85.9187469482421875 89.00624847412109375 91.66249847412109375 93.46250152587890625 95.15000152587890625 95.44374847412109375 97.03125 99.00624847412109375 99.30625152587890625 100.80625152587890625 101.74375152587890625 102.7312469482421875 104.72499847412109375 104.8000030517578125 101.56874847412109375 99.0749969482421875 96.46875
141.25 138.3874969482421875 134.3312530517578125 130.350006103515625 127.08750152587890625 123.9187469482421875 121.5 118.11875152587890625 114.66249847412109375 112.3312530517578125 110.71875 110.40000152587890625 108.8312530517578125 107.21250152587890625 106.99375152587890625 106.3125 105.93125152587890625 103.3625030517578125 100.15000152587890625 97.09375 93.1437530517578125 88.3000030517578125 84.21250152587890625 83.5 84.0437469482421875 84.33750152587890625 86.6437530517578125 90.1062469482421875 92.8562469482421875 95.3562469482421875 97.77500152587890625 99.78125 100.5437469482421875 101.8562469482421875 104.00624847412109375 106.24375152587890625 106.4562530517578125 106.96875 108.59375 109.74375152587890625 110.06874847412109375 109.3937530517578125 108.5812530517578125 106.72499847412109375
137.2062530517578125 135.125 132.4562530517578125 130.3562469482421875 128.068756103515625 124.5812530517578125 122.8125 119.90000152587890625 115.625 113.52500152587890625 113.1437530517578125 113.9499969482421875 112.80625152587890625 111.68125152587890625 112.0812530517578125 112.8125 112.91249847412109375 110.4499969482421875 109.42499542236328125 106.25 102.3312530517578125 96.71250152587890625 90.8937530517578125 89.16249847412109375 88.16249847412109375 88.90000152587890625 91.5812530517578125 94.2687530517578125 96.86875152587890625 98.96250152587890625 101.30625152587890625 102.8937530517578125 104.2375030517578125 106.09999847412109375 107.7687530517578125 108.875 110.2624969482421875 112.6999969482421875 113.6374969482421875 115.3937530517578125 114.47499847412109375 113.5812530517578125 114.75 113.3000030517578125
132.2062530517578125 130.0437469482421875 128.618743896484375 127.22499847412109375 125.5437469482421875 123.36875152587890625 120.7687530517578125 119.5124969482421875 116.34999847412109375 114.09375 114.59999847412109375 115.58750152587890625 116.59375 116.97499847412109375 117.625 118.9187469482421875 119.14374542236328125 118.22499847412109375 117.6875 116.34375 110.8625030517578125 104.6374969482421875 97.46875 94.4187469482421875 93.1999969482421875 93.0437469482421875 94.78125 97.43125152587890625 99.9562530517578125 101.63124847412109375 104.00624847412109375 105.99375152587890625 106.7687530517578125 108.7375030517578125 110.4250030517578125 110.7624969482421875 113.83750152587890625 115.46250152587890625 116.36875152587890625 117.5749969482421875 118.36249542236328125 117.4187469482421875 117.28749847412109375 116.96250152587890625
127.15625 125.6999969482421875 124.40625 122.9499969482421875 122.8874969482421875 121.40625 120.13124847412109375 118.9812469482421875 117.0812530517578125 114.34375 116.56874847412109375 121.875 123.43125152587890625 123.75 124.84999847412109375 125.22499847412109375 125.91249847412109375 124.3000030517578125 123.1875 121.59375 117.4375 109.6125030517578125 102.5437469482421875 98.6062469482421875 96.81874847412109375 96.46875 97.44374847412109375 99.3249969482421875 101.63124847412109375 103.71250152587890625 105.78125 108.03125 109.71250152587890625 111.78749847412109375 113.5187530517578125 114.6875 116.8249969482421875 119.0625 119.09375 119.40625 119.8874969482421875 118.8562469482421875 119.71875 120.3874969482421875
122.125 121.6875 121.02500152587890625 119.61875152587890625 120.15000152587890625 120.1062469482421875 119.98125457763671875 120.18125152587890625 119.74375152587890625 117.7937469482421875 127.34999847412109375 132.100006103515625 131.868743896484375 131.1687469482421875 131.5749969482421875 132.0500030517578125 130.399993896484375 128.881256103515625 126.1374969482421875 123 119.5749969482421875 112.55625152587890625 106.1875 101.875 99.3562469482421875 98.21875 99.58750152587890625 101.52500152587890625 103.59375 105.72499847412109375 106.19374847412109375 108.15625 110.3000030517578125 113.96250152587890625 116.3874969482421875 115.7624969482421875 117.68125152587890625 119.49375152587890625 121.4812469482421875 122.40000152587890625 121.0812530517578125 122.4250030517578125 121.1374969482421875 120.9812469482421875
