data/historical-monthly-weather-data/wc2.1_cruts4.09_10m_prec_1962-07.asc
ncols        45
nrows        45
xllcorner    -63.500000000000
yllcorner    -7.500000000000
cellsize     0.166666666667
NODATA_value -9999
[rows 19 to 37 of 45, columns 0 to 42 of 45]
157.4875030517578125 159.662506103515625 156.21875 152.274993896484375 147.1374969482421875 144.875 135.3937530517578125 129.2624969482421875 123.68125152587890625 114.88124847412109375 107.59375 104.2687530517578125 98.0625 91.91249847412109375 82.68125152587890625 72.9562530517578125 66.3312530517578125 69.0625 62.762500762939453125 59.05625152587890625 55.049999237060546875 58.08750152587890625 63.84375 67.69374847412109375 68.6999969482421875 66.0187530517578125 65.3625030517578125 67.59999847412109375 67.25 66.40625 69.86875152587890625 77.9187469482421875 80.1750030517578125 81.875 84.81874847412109375 90.8249969482421875 94.40625 95.9875030517578125 96.88124847412109375 93.69374847412109375 86.25 79.68125152587890625 77.75
139.7062530517578125 149.90625 152.537506103515625 145.475006103515625 137.962493896484375 135.4875030517578125 128.6875 123.38124847412109375 117.09375 110.31874847412109375 102.3625030517578125 99.15000152587890625 94.61875152587890625 87.8937530517578125 79.3249969482421875 71.40625 66.09999847412109375 63.75 62.78125 57.174999237060546875 59.168750762939453125 61.84999847412109375 65.5749969482421875 69.875 70.28749847412109375 66.47499847412109375 62.08750152587890625 63.450000762939453125 65.6062469482421875 66.7312469482421875 71.7624969482421875 76.9562530517578125 75.88124847412109375 78.03749847412109375 80.96250152587890625 85.3625030517578125 88.9250030517578125 88.68125152587890625 87.38124847412109375 84.1062469482421875 79.7624969482421875 76.5625 73.06874847412109375
132.743743896484375 134.1687469482421875 138.53125 136.556243896484375 132.2312469482421875 124.74375152587890625 119.21875 114.34999847412109375 110.05625152587890625 104.2312469482421875 98.94374847412109375 93.00624847412109375 87.7624969482421875 85.4250030517578125 80.5749969482421875 72.9499969482421875 69.7375030517578125 65.84999847412109375 63.4375 60.38124847412109375 59.012500762939453125 61.15625 64.61875152587890625 65.0749969482421875 63.487499237060546875 61.09999847412109375 62.46250152587890625 61.34999847412109375 65.44374847412109375 69.24375152587890625 71.46875 73.2937469482421875 72.7624969482421875 73.31874847412109375 73.84375 78.72499847412109375 81.8312530517578125 82.125 81.2375030517578125 79.1125030517578125 75.99375152587890625 73.59999847412109375 70.96250152587890625
125.65625 132.9187469482421875 133.8312530517578125 129.84375 124.5187530517578125 119.0437469482421875 108.22499847412109375 103.69374847412109375 101.5749969482421875 100.78749847412109375 97.2375030517578125 91.6875 88.78125 85.05625152587890625 82.00624847412109375 77.52500152587890625 71.2624969482421875 65.78749847412109375 62.41249847412109375 60.86875152587890625 62.700000762939453125 62.393749237060546875 63.168750762939453125 62.84999847412109375 63.018749237060546875 59.606250762939453125 58.52500152587890625 60.137500762939453125 61.83750152587890625 63.981250762939453125 66.1750030517578125 68.97499847412109375 67.875 66.46250152587890625 67.76250457763671875 69.6437530517578125 73.43125152587890625 73.15625 74.47499847412109375 74.44374847412109375 72.6125030517578125 69.15625 67.0437469482421875
114.5124969482421875 124.3874969482421875 128.4749908447265625 123.65625 118.18125152587890625 111.00624847412109375 106.68125152587890625 100.625 95.8937530517578125 92.09375 90.11875152587890625 91.0625 88.46875 86.40625 81.16249847412109375 76.8125 70.3000030517578125 67.43125152587890625 63.63124847412109375 63.18125152587890625 62.44374847412109375 63.91249847412109375 63.88124847412109375 65.00624847412109375 63.981250762939453125 59.75 59.875 57.94374847412109375 58.25 59.78125 61.97499847412109375 63.887500762939453125 61.53749847412109375 59.06874847412109375 61.46250152587890625 61.575000762939453125 65.36875152587890625 67.43125152587890625 68.81874847412109375 68.7312469482421875 68.1437530517578125 65.58750152587890625 64.25624847412109375
107.28749847412109375 117.58750152587890625 123.1062469482421875 119.63124847412109375 114.9499969482421875 106.5749969482421875 101.80625152587890625 96.65625 92.3562469482421875 90.86875152587890625 89.18125152587890625 85.46875 86.61875152587890625 84.18125152587890625 78.86875152587890625 73.1374969482421875 68.96250152587890625 67.0437469482421875 64.7312469482421875 63.22499847412109375 63.5 63.78125 66.1687469482421875 65.15625 61.78749847412109375 60.55625152587890625 57.237499237060546875 55.28749847412109375 54.237499237060546875 55.40625 54.950000762939453125 54.981250762939453125 54.762500762939453125 53.15625 52.956249237060546875 54.86875152587890625 58.65000152587890625 59.99375152587890625 62.31874847412109375 63.512500762939453125 62.65000152587890625 61.90000152587890625 61.418750762939453125
106.46250152587890625 115.69374847412109375 114.80625152587890625 113.21875 108.5124969482421875 102.03749847412109375 97.28749847412109375 92.24375152587890625 87.4250030517578125 82.81874847412109375 85.2062530517578125 83.7687530517578125 81.0437469482421875 79.6875 75.93125152587890625 71.77500152587890625 67.43125152587890625 65.6687469482421875 64.28125 62.25 64.09375 64.6750030517578125 66.38124847412109375 65.16249847412109375 61.049999237060546875 57.481250762939453125 55.25 52.299999237060546875 49.825000762939453125 49.16249847412109375 48.44374847412109375 47.549999237060546875 46.3125 45.887500762939453125 47.25 49.299999237060546875 52.27500152587890625 54.68125152587890625 56.825000762939453125 58.25 59.543750762939453125 58.012500762939453125 57.268749237060546875
101.0625 105.6125030517578125 107.7687530517578125 107.18125152587890625 102.8937530517578125 98.1875 94.4562530517578125 89.16249847412109375 83.03749847412109375 83.21875 83.97499847412109375 82.6062469482421875 80.5749969482421875 77.4250030517578125 73.28749847412109375 71.1687469482421875 67.3000030517578125 64.27500152587890625 63.44374847412109375 62.47499847412109375 62.16249847412109375 62.793750762939453125 64.90625 65.05625152587890625 59.58750152587890625 53.96875 51.481250762939453125 49.268749237060546875 47.075000762939453125 44.487499237060546875 44.08750152587890625 41.50624847412109375 39.762500762939453125 41.33750152587890625 41.74375152587890625 44.393749237060546875 45.637500762939453125 47.81874847412109375 50.4375 52.75 55.28125 54.862499237060546875 53.737499237060546875
96.33750152587890625 96.78749847412109375 98.61875152587890625 100.3000030517578125 97.11875152587890625 93.5625 90.21875 85.3125 81.98125457763671875 81.09999847412109375 80.40000152587890625 78.09375 76.6999969482421875 74.5 70.41249847412109375 67.625 64.9250030517578125 62.793750762939453125 60.21875 59.924999237060546875 61.08750152587890625 60.625 59.768749237060546875 59.5 55.99375152587890625 51.0625 48.5625 46.418750762939453125 44.262500762939453125 42.737499237060546875 41.299999237060546875 39.799999237060546875 37.91249847412109375 37.049999237060546875 37.375 39.293750762939453125 40.25624847412109375 42.331249237060546875 45.268749237060546875 48.799999237060546875 51.18125152587890625 52.83750152587890625 50.90000152587890625
90.3874969482421875 90.7062530517578125 93.4562530517578125 91.0124969482421875 90.13124847412109375 85.8874969482421875 82.5500030517578125 80.4187469482421875 77.59375 77.5749969482421875 76.40000152587890625 74.41249847412109375 73.49375152587890625 72.49375152587890625 68.97499847412109375 66.0500030517578125 64.3000030517578125 60.487499237060546875 58.78125 58.21250152587890625 58.0625 57.200000762939453125 56.668750762939453125 54.90000152587890625 51.862499237060546875 47.93125152587890625 45.65000152587890625 43.674999237060546875 42.88124847412109375 41.40000152587890625 39.424999237060546875 38.03749847412109375 35.65000152587890625 33.97499847412109375 33.68125152587890625 35.05625152587890625 35.956249237060546875 37.581249237060546875 40.18125152587890625 42.362499237060546875 45.793750762939453125 46.22499847412109375 46
82.8249969482421875 85.6687469482421875 86.84999847412109375 85.09375 82.65000152587890625 80.1875 76.8562469482421875 76.6999969482421875 75.6999969482421875 74.38124847412109375 73.38124847412109375 73.11875152587890625 72.09999847412109375 69.90000152587890625 66.90625 64.3125 61.5625 59.268749237060546875 56.68125152587890625 55.237499237060546875 55.40625 54.206249237060546875 53.543750762939453125 50.825000762939453125 48.362499237060546875 45.362499237060546875 43.09999847412109375 41.66249847412109375 40.94374847412109375 39.143749237060546875 37.487499237060546875 35.668750762939453125 33.112499237060546875 31.46875 30.362499237060546875 30.868749618530273438 32.331249237060546875 32.78125 33.825000762939453125 35.700000762939453125 38.674999237060546875 39.53125 39.40625
77.15000152587890625 79.41249847412109375 77.46250152587890625 78.7375030517578125 78.25624847412109375 77.02500152587890625 74.21875 72.9187469482421875 72.28749847412109375 71.63124847412109375 71.4187469482421875 70.36875152587890625 71.1062469482421875 67.52500152587890625 64.125 62.28749847412109375 61.293750762939453125 57.09999847412109375 53.40000152587890625 53.18125152587890625 53.40625 52.049999237060546875 50.53125 47.16249847412109375 44.33750152587890625 43.106250762939453125 41.206249237060546875 39.206249237060546875 37.674999237060546875 36.543750762939453125 35.02500152587890625 33.71875 31.450000762939453125 29.737499237060546875 28.206249237060546875 27.706249237060546875 28.09375 28.84375 28.862499237060546875 29.068750381469726562 30.774999618530273438 32.36875152587890625 32.487499237060546875
71.3937530517578125 70.5812530517578125 69.15625 69.28749847412109375 70.61875152587890625 70.90000152587890625 70.53749847412109375 69.25624847412109375 69.44374847412109375 68.00624847412109375 68.27500152587890625 68.9187469482421875 67.93125152587890625 67.11875152587890625 64.27500152587890625 61.9375 59.8125 55.706249237060546875 51.49375152587890625 51.299999237060546875 50.05625152587890625 49 46.90000152587890625 43.825000762939453125 42.16249847412109375 39.981250762939453125 38.53749847412109375 37.53749847412109375 35.36875152587890625 34.25 33.34375 31.856250762939453125 29.325000762939453125 27.475000381469726562 26.043750762939453125 24.96875 25.018749237060546875 24 23.862499237060546875 24.549999237060546875 25.575000762939453125 26.068750381469726562 26.106250762939453125
64.0812530517578125 62.6875 60.74375152587890625 60.66249847412109375 62.125 62.668750762939453125 63.481250762939453125 63.512500762939453125 62.55625152587890625 64.05625152587890625 66.125 65.33750152587890625 65.5124969482421875 66.1437530517578125 64.0625 60.53125 57.106250762939453125 55.15625 52.21875 51.231250762939453125 49.331249237060546875 47.043750762939453125 44.325000762939453125 42.174999237060546875 41.075000762939453125 38.799999237060546875 37.924999237060546875 36.200000762939453125 34.918750762939453125 33 31.600000381469726562 29.737499237060546875 26.837499618530273438 25.049999237060546875 23.887500762939453125 23.1875 21.837499618530273438 20.625 20.337499618530273438 21.143749237060546875 21.568750381469726562 21.956249237060546875 21.15625
57.05625152587890625 55.9375 55.362499237060546875 55.46875 55.59999847412109375 54.78125 55.52500152587890625 54.887500762939453125 56.875 57.65000152587890625 60.30625152587890625 61.94374847412109375 63.55625152587890625 63.424999237060546875 61.575000762939453125 57.956249237060546875 55.65000152587890625 53.38124847412109375 50.69374847412109375 49.24375152587890625 47.99375152587890625 44.793750762939453125 43.168750762939453125 41.43125152587890625 39.299999237060546875 37.106250762939453125 36.15625 35.31874847412109375 33.924999237060546875 32.00624847412109375 30.231250762939453125 27.912500381469726562 25.0625 23.443750381469726562 21.962499618530273438 20.674999237060546875 18.893749237060546875 17.762500762939453125 17.731250762939453125 17.731250762939453125 17.918750762939453125 18.243749618530273438 18.174999237060546875
51.268749237060546875 48.83750152587890625 49.762500762939453125 49.68125152587890625 50.43125152587890625 49.924999237060546875 49.44374847412109375 49.08750152587890625 49.3125 50.856250762939453125 54.52500152587890625 58.293750762939453125 62.5625 63.81874847412109375 60.40000152587890625 57.13124847412109375 54.456249237060546875 51.71875 49.956249237060546875 47.53749847412109375 46.16249847412109375 44.44374847412109375 42.200000762939453125 40.331249237060546875 38.21250152587890625 35.924999237060546875 35.03125 34.168750762939453125 32.706249237060546875 29.274999618530273438 27.393749237060546875 26.024999618530273438 23.65625 21.75 19.693750381469726562 18.274999618530273438 16.881250381469726562 16.012500762939453125 15.40625 14.818750381469726562 14.449999809265136719 14.237500190734863281 14.65625
45.38124847412109375 44.21875 45.46250152587890625 44.58750152587890625 44.9375 44.24375152587890625 44.0625 43.643749237060546875 43.6875 44.356250762939453125 47.674999237060546875 52.72499847412109375 58.893749237060546875 59.206249237060546875 57.86875152587890625 55.424999237060546875 53.481250762939453125 50.4375 47.674999237060546875 45.75 42.6875 42.231250762939453125 39.8125 37.9375 35.612499237060546875 34.91249847412109375 34.106250762939453125 33.268749237060546875 31.737499237060546875 28.418750762939453125 26.262500762939453125 24.893749237060546875 22.456251144409179688 20.618749618530273438 18.631250381469726562 16.893749237060546875 15.743749618530273438 14.618749618530273438 14.287500381469726562 13.625 12.787500381469726562 12.59375 12.199999809265136719
39.674999237060546875 39.637500762939453125 40.299999237060546875 39.34375 39.58750152587890625 39.88124847412109375 39.6875 39.21875 38.637500762939453125 37.75 41.40000152587890625 47.40625 52.5625 53.862499237060546875 54.06874847412109375 52.862499237060546875 50.987499237060546875 47.6875 45.012500762939453125 43.38124847412109375 40.40625 38.61875152587890625 36.84375 35.956249237060546875 34.02500152587890625 33.200000762939453125 32.58750152587890625 31.556249618530273438 30.193750381469726562 27.787500381469726562 25.293750762939453125 23.162500381469726562 20.774999618530273438 19.043748855590820312 17.1875 15.368749618530273438 14.181249618530273438 13.606249809265136719 13.331250190734863281 12.40625 11.40625 11.056249618530273438 10.5625
33.887500762939453125 34.58750152587890625 34.34999847412109375 34.825000762939453125 35.168750762939453125 35.456249237060546875 35.5625 35.21250152587890625 34.9375 33.637500762939453125 39.5625 44.93125152587890625 47.96250152587890625 49.793750762939453125 50.84375 50.28749847412109375 47.5 45.950000762939453125 42.80625152587890625 41.03125 38.918750762939453125 36.8125 34.512500762939453125 33.93125152587890625 32.94374847412109375 32.09375 31.200000762939453125 30.274999618530273438 29.0625 26.337499618530273438 22.912500381469726562 21.193750381469726562 19.0625 17.575000762939453125 15.506250381469726562 13.737500190734863281 13.206250190734863281 12.5 12.106249809265136719 11.362500190734863281 10.418749809265136719 10.262499809265136719 9.6437501907348632812
