data/historical-monthly-weather-data/wc2.1_cruts4.09_10m_prec_1963-02.asc
ncols        45
nrows        45
xllcorner    -63.500000000000
yllcorner    -7.500000000000
cellsize     0.166666666667
NODATA_value -9999
[rows 0 to 19 of 45, columns 0 to 44 of 45]
132.618743896484375 128.4250030517578125 127.74375152587890625 129.9499969482421875 130.6125030517578125 135.28125 138.8874969482421875 140.0124969482421875 140.118743896484375 142.6125030517578125 148.399993896484375 151.5812530517578125 153.7624969482421875 150.6374969482421875 147.8625030517578125 145.21875 143.5812530517578125 138.912506103515625 138.1062469482421875 138.162506103515625 139.9875030517578125 142.1437530517578125 145.90625 149.131256103515625 153.1187591552734375 157.6437530517578125 161.84375 166.162506103515625 172.087493896484375 183.6437530517578125 197.681243896484375 212.774993896484375 226.5749969482421875 241.431243896484375 257.23126220703125 268.899993896484375 277.66876220703125 285.1875 289.774993896484375 291.23126220703125 294.131256103515625 295.274993896484375 293.88751220703125 296.39373779296875 294.57501220703125
136.2375030517578125 130.96875 131.0812530517578125 131.5437469482421875 132.90625 139.0500030517578125 143.537506103515625 148.506256103515625 152.6875 156.2624969482421875 160.381256103515625 160.9875030517578125 160.681243896484375 158.40625 154.806243896484375 150.9562530517578125 148.024993896484375 143.9875030517578125 142.0124969482421875 140.712493896484375 141.7937469482421875 144.256256103515625 147.743743896484375 151.34375 155.068756103515625 160.28125 165.118743896484375 171.0625 177.75 188.8874969482421875 200.806243896484375 215.881256103515625 230.1687469482421875 246.2624969482421875 261.318756103515625 272.14373779296875 280.693756103515625 287.131256103515625 290.65625 291.45623779296875 293.20623779296875 293.58123779296875 291.54998779296875 292.65625 290.600006103515625
141.868743896484375 136.568756103515625 135.8937530517578125 136.1437530517578125 137.6875 143.21875 149.631256103515625 157.1125030517578125 163.78125 167.8625030517578125 170.0437469482421875 169 166.8625030517578125 163.1750030517578125 158.381256103515625 153.693756103515625 149.625 146.4812469482421875 144.34375 143.306243896484375 144.75 148.475006103515625 151.662506103515625 155.5812530517578125 161.15625 165.9375 171.712493896484375 178.875 185.475006103515625 196.318756103515625 209.850006103515625 224.75 240.4812469482421875 255.8125 272.76251220703125 282.774993896484375 292.681243896484375 301.75 304.20001220703125 305.11248779296875 306.17498779296875 304.54376220703125 301.256256103515625 298.368743896484375 297.225006103515625
146.28125 141.2937469482421875 141.0500030517578125 141.0812530517578125 143.993743896484375 148.318756103515625 155.21875 163.9875030517578125 172.65625 178.056243896484375 178.493743896484375 174.5500030517578125 169.2687530517578125 163.8937530517578125 158.975006103515625 154.056243896484375 149.8312530517578125 145.9187469482421875 144.7312469482421875 145.96875 148.7062530517578125 152.100006103515625 154.9375 159.71875 165.3625030517578125 170.9499969482421875 178.493743896484375 186.149993896484375 193.4875030517578125 205.71875 219.056243896484375 236 251.368743896484375 268.0625 284.462493896484375 296.975006103515625 308.23126220703125 317.89373779296875 322.087493896484375 323.60626220703125 322.462493896484375 318.79376220703125 313.625 307.85626220703125 305.95623779296875
154.006256103515625 147.1750030517578125 144.6437530517578125 144.962493896484375 147.8874969482421875 152.5437469482421875 158.4187469482421875 168.15625 179.9250030517578125 187.75 183.375 175.53125 169.743743896484375 164.09375 158.2375030517578125 153.3562469482421875 149.381256103515625 145.1999969482421875 145.3062591552734375 147.7312469482421875 151.524993896484375 154.243743896484375 157.8625030517578125 163.618743896484375 169.625 176.3312530517578125 183.21875 191.1875 201.725006103515625 215.118743896484375 229.662506103515625 245.381256103515625 262.668731689453125 280.225006103515625 296.993743896484375 310.743743896484375 324.431243896484375 336.149993896484375 341.01251220703125 341.256256103515625 340.54998779296875 333.40625 324.743743896484375 317.07501220703125 312.431243896484375
159.381256103515625 153.90625 150.568756103515625 149.7375030517578125 152.212493896484375 157.8249969482421875 164.7062530517578125 174.100006103515625 186.53125 196.381256103515625 188.90625 180.0187530517578125 174.15625 168.9562530517578125 163.618743896484375 159.75 155.118743896484375 151 151.350006103515625 153.756256103515625 157.006256103515625 160.4375 164.5625 170.6437530517578125 176.975006103515625 185.0500030517578125 193.131256103515625 201.3000030517578125 211.3874969482421875 224.368743896484375 238.506256103515625 253.712493896484375 268.63751220703125 287.34375 304.431243896484375 318.65625 333.64373779296875 346.65625 354.181243896484375 355.787506103515625 353.212493896484375 344.98748779296875 335.649993896484375 326.881256103515625 318.26251220703125
165.100006103515625 160.131256103515625 157.46875 155.5124969482421875 157.1999969482421875 161.537506103515625 167.5187530517578125 173.993743896484375 182.3562469482421875 186.3874969482421875 184.7312469482421875 180.4875030517578125 176.3312530517578125 172.53125 169.0124969482421875 166.056243896484375 163.462493896484375 161.274993896484375 160.6437530517578125 160.274993896484375 162.162506103515625 166.006256103515625 169.693756103515625 176.5 185.75 194.3125 203.118743896484375 212.6187591552734375 221.337493896484375 232.931243896484375 247.3937530517578125 261.806243896484375 276.48748779296875 290.65625 306.399993896484375 323.318756103515625 338.82501220703125 353.993743896484375 365.4375 368.443756103515625 364.181243896484375 356.03125 347.068756103515625 337.51251220703125 326.79998779296875
170.375 164.912506103515625 162.3125 161.943756103515625 163.2062530517578125 165.4562530517578125 168.0437469482421875 170.243743896484375 172.59375 175.0124969482421875 178 179.0749969482421875 178.1125030517578125 175.28125 172.975006103515625 171.462493896484375 170.1125030517578125 169.6125030517578125 169.4187469482421875 165.806243896484375 166.4562530517578125 170.0749969482421875 174.318756103515625 182.8312530517578125 193.4499969482421875 203.3000030517578125 212.7624969482421875 222.0500030517578125 232.006256103515625 242.693756103515625 254.5124969482421875 268.63751220703125 281.6875 295.068756103515625 308.8125 324.6875 341 356.53125 368.037506103515625 373.79376220703125 373.4375 367.29998779296875 359.26251220703125 348.868743896484375 339.631256103515625
176.100006103515625 171.1437530517578125 168.431243896484375 168.0437469482421875 168.412506103515625 168.693756103515625 170.0625 170.100006103515625 169.274993896484375 171.100006103515625 176.4562530517578125 181.0500030517578125 182.537506103515625 181.53125 178.931243896484375 177.537506103515625 175.8249969482421875 174.806243896484375 174.8312530517578125 170.712493896484375 170.975006103515625 175.1062469482421875 180.4812469482421875 191.5875091552734375 203.0500030517578125 213.431243896484375 222.1687469482421875 231.2375030517578125 241.4499969482421875 250.7687530517578125 261.806243896484375 274.54376220703125 285.82501220703125 296.943756103515625 308.98126220703125 324.818756103515625 340.756256103515625 355.9375 369.60626220703125 378.125 380.756256103515625 377.57501220703125 373.0625 365.881256103515625 359.1875
181.6437530517578125 177.2312469482421875 174.90625 173.6999969482421875 173.118743896484375 172.6687469482421875 173.8312530517578125 173.725006103515625 175.0437469482421875 177.4499969482421875 182.368743896484375 185.881256103515625 188.96875 188.2937469482421875 185.5187530517578125 182.131256103515625 178.899993896484375 177 174.3000030517578125 171.40625 173.756256103515625 179.5437469482421875 187.125 200.7687530517578125 213.09375 223.7062530517578125 232.7624969482421875 240.6687469482421875 251.1374969482421875 259.45623779296875 267.6875 278.131256103515625 288.181243896484375 299.01251220703125 310.26873779296875 324.818756103515625 340.01873779296875 353.631256103515625 368.39373779296875 380.71875 388.51873779296875 389.29376220703125 386.78125 380.82501220703125 377.618743896484375
186.4625091552734375 182.431243896484375 180.087493896484375 178.5437469482421875 177.274993896484375 176.7937469482421875 177.6687469482421875 178.9375 181.6687469482421875 185.225006103515625 190.412506103515625 194.21875 196.3000030517578125 195.399993896484375 191.3000030517578125 186.25 180.899993896484375 177.25 173.475006103515625 171.212493896484375 174.537506103515625 181.84375 192.7687530517578125 206.4875030517578125 222.5749969482421875 233.5187530517578125 241.475006103515625 250.0749969482421875 258.893768310546875 265.256256103515625 272.71875 281.243743896484375 289.40625 298.86248779296875 310.28125 324.60626220703125 337.42498779296875 351.73126220703125 367.756256103515625 381.48126220703125 392.524993896484375 395.850006103515625 396.774993896484375 394.168731689453125 391.59375
191.756256103515625 187.7375030517578125 184.943756103515625 183.556243896484375 182.618743896484375 182.40625 183.524993896484375 186.350006103515625 189.7375030517578125 194.03125 199.8625030517578125 203.756256103515625 203.681243896484375 201.0625 196.3625030517578125 189.9250030517578125 183.8312530517578125 178.943756103515625 174.0437469482421875 170.8874969482421875 174.368743896484375 183.3249969482421875 197.75 215.3125 231.5124969482421875 241.1812591552734375 247.8249969482421875 255.524993896484375 263.975006103515625 270.29376220703125 276.524993896484375 282.91876220703125 290.493743896484375 298.82501220703125 309.13751220703125 323.306243896484375 337.86248779296875 352.48748779296875 369.79998779296875 385.60626220703125 399.28125 403.51873779296875 402.76873779296875 398.17498779296875 393.38751220703125
194.912506103515625 191.5625 189.431243896484375 187.975006103515625 187.9250030517578125 188.5124969482421875 190.6062469482421875 193.462493896484375 197.1999969482421875 202.868743896484375 208.7062530517578125 211.96875 210.5812530517578125 205.4187469482421875 199.725006103515625 192.412506103515625 185.7937469482421875 181.2062530517578125 176.837493896484375 173.0437469482421875 175.100006103515625 185.53125 202.0437469482421875 219.5875091552734375 233.71875 243.8000030517578125 252.0500030517578125 259.86248779296875 267.61248779296875 273.181243896484375 278.506256103515625 283.73748779296875 289.23748779296875 297.17498779296875 307.04998779296875 320.306243896484375 334.493743896484375 351.17498779296875 370.61248779296875 388.61248779296875 405.73126220703125 409.5625 404.681243896484375 397.368743896484375 388.931243896484375
197.0124969482421875 194.1875 192.506256103515625 191.6125030517578125 192.28125 193.4562530517578125 196.662506103515625 200.1687469482421875 204.6437530517578125 210.0500030517578125 215.131256103515625 216.087493896484375 213.631256103515625 208.993743896484375 201.743743896484375 194.787506103515625 187.506256103515625 183.8625030517578125 179.993743896484375 177.9375 183.3000030517578125 193.7937469482421875 208.1437530517578125 222.4562530517578125 235.375 245.931243896484375 254.7937469482421875 262.5 270.42498779296875 273.95623779296875 278.212493896484375 281.899993896484375 286.368743896484375 293.668731689453125 302.462493896484375 316.01251220703125 331.931243896484375 349.693756103515625 372.056243896484375 391.75 406.91876220703125 405.850006103515625 402.91876220703125 398.8125 391.287506103515625
198.693756103515625 195.787506103515625 194.8000030517578125 195.3125 195.8000030517578125 198.1374969482421875 202.40625 206.0812530517578125 211.0187530517578125 216.1937408447265625 220.068756103515625 220.5187530517578125 217.6687469482421875 212.806243896484375 205.850006103515625 198.3125 191.5500030517578125 188.0812530517578125 185.28125 184.90625 192.2687530517578125 202.5625 215.6062469482421875 227.881256103515625 239 250.0124969482421875 258.4375 265.193756103515625 272.09375 275.3125 277.100006103515625 278.61248779296875 282.5 287.850006103515625 296.03125 309.01873779296875 327.08123779296875 347.725006103515625 371.01873779296875 389.618743896484375 399.29998779296875 401.806243896484375 402.70623779296875 399.40625 390.76251220703125
199.1750030517578125 196.3937530517578125 196.181243896484375 197.368743896484375 199.037506103515625 202.131256103515625 206.84375 210.6125030517578125 216.056243896484375 222 226.0124969482421875 226.1875 223.25 217.65625 210.412506103515625 201.4187469482421875 195.65625 193.5812530517578125 191.993743896484375 192.625 200.506256103515625 211.0124969482421875 223.2375030517578125 234.8312530517578125 243.912506103515625 252.8687591552734375 259.8125 266.79998779296875 273.943756103515625 276.524993896484375 277.712493896484375 276.506256103515625 276.1875 278.79376220703125 284.03125 297.912506103515625 317.962493896484375 342.1875 369.100006103515625 387.818756103515625 396.462493896484375 398.15625 398.65625 396.13751220703125 385.79376220703125
197.6437530517578125 196.125 196.4812469482421875 198.350006103515625 201.024993896484375 204.850006103515625 209.975006103515625 214.7687530517578125 220.618743896484375 227.1374969482421875 232.3937530517578125 233.0124969482421875 230.493743896484375 224.9812469482421875 217.068756103515625 207.6750030517578125 200.243743896484375 197.8874969482421875 196.806243896484375 198.412506103515625 207.931243896484375 219.125 230.6374969482421875 240.881256103515625 249.3874969482421875 255.193756103515625 259.962493896484375 267.3125 275.1875 278.712493896484375 278.58123779296875 275.28125 271.100006103515625 267.21875 270.225006103515625 283.66876220703125 304.537506103515625 334.84375 369.98748779296875 383.818756103515625 387.73126220703125 389.51873779296875 388.92498779296875 386.85626220703125 378.443756103515625
194.03125 193.5187530517578125 195.318756103515625 198.2937469482421875 201.4499969482421875 205.75 211.350006103515625 216.649993896484375 223 229.7624969482421875 236.34375 239.4187469482421875 239.4812469482421875 234.7624969482421875 226.89373779296875 217.3125 207 201.2062530517578125 200.899993896484375 202.3125 213.96875 225.368743896484375 235.287506103515625 242.875 249.8937530517578125 255.2687530517578125 258.712493896484375 266.89373779296875 275.912506103515625 280.3125 279.118743896484375 269.70001220703125 262.28125 255.625 254.568756103515625 264.337493896484375 289.71875 320.45001220703125 352.76873779296875 369.618743896484375 374.09375 375.600006103515625 376.100006103515625 375.60626220703125 368.712493896484375
189.6125030517578125 190.2687530517578125 192.818756103515625 195.850006103515625 199.8625030517578125 205.5500030517578125 211.006256103515625 217.3000030517578125 224.756256103515625 231.8125 239.7312469482421875 244.2312469482421875 247.1062469482421875 246.3812408447265625 237.2375030517578125 224.625 212.649993896484375 204.4375 201.875 203.725006103515625 216.96875 229.4812469482421875 236.2687530517578125 242.46875 248.662506103515625 254.8125 259.931243896484375 267.712493896484375 277.36248779296875 283.20623779296875 282.556243896484375 270.26251220703125 257.381256103515625 243.881256103515625 237.131256103515625 248.0124969482421875 273.431243896484375 302.34375 331.01873779296875 348.65625 357.40625 358.96875 361.368743896484375 362.89373779296875 357.61248779296875
185.524993896484375 186.2375030517578125 189.28125 192.899993896484375 198.037506103515625 204.493743896484375 211.100006103515625 217.0625 224.8312530517578125 232.4875030517578125 240.3125 246.350006103515625 252.850006103515625 257.34375 245.78125 228 213.1125030517578125 205.537506103515625 202.181243896484375 203.4187469482421875 213.931243896484375 224.65625 234.9499969482421875 240.568756103515625 246.274993896484375 252.2687530517578125 259.181243896484375 268.25 276.07501220703125 280.756256103515625 278.212493896484375 268.899993896484375 251.943756103515625 232.837493896484375 219.899993896484375 233.412506103515625 262.38751220703125 291.274993896484375 316.375 333.8125 341.981231689453125 343.13751220703125 348.83123779296875 352.649993896484375 349.13751220703125
