data/historical-monthly-weather-data/wc2.1_cruts4.09_10m_prec_1951-09.asc
ncols        51
nrows        45
xllcorner    -63.500000000000
yllcorner    -7.500000000000
cellsize     0.166666666667
NODATA_value -9999
[rows 0 to 18 of 45, columns 0 to 43 of 51]
227.2062530517578125 227.8312530517578125 228.818756103515625 233.6875 235.256256103515625 234.5124969482421875 227.756256103515625 218.7874908447265625 213.024993896484375 208.1125030517578125 205.9875030517578125 204.6437530517578125 203.0749969482421875 198.75 194.0187530517578125 187.806243896484375 183.4375 175.493743896484375 169.1687469482421875 162.03125 158.162506103515625 152.28125 147.7062530517578125 142.8125 137.3562469482421875 134.100006103515625 131.243743896484375 128.25 124.40625 125.7375030517578125 126.58750152587890625 128.90625 133.6875 136.274993896484375 139.556243896484375 140.6875 143.0749969482421875 144.78125 143.024993896484375 141.243743896484375 139.743743896484375 137.3874969482421875 133.4562530517578125 130.2062530517578125
215.943756103515625 215.8625030517578125 221.3625030517578125 230.7750091552734375 241 235.9562530517578125 227.5124969482421875 223.524993896484375 218.756256103515625 214.1374969482421875 211.8625030517578125 209.431243896484375 207.1437530517578125 201.524993896484375 196.1374969482421875 191.2687530517578125 184.868743896484375 176.7937469482421875 168.8249969482421875 161.318756103515625 156.3562469482421875 152.931243896484375 148.3562469482421875 144.78125 138.84375 135.381256103515625 133.431243896484375 131.056243896484375 126.71875 129.4187469482421875 132.6437530517578125 137.587493896484375 141.493743896484375 146.0812530517578125 149.850006103515625 150.5625 152.3125 154.118743896484375 151.837493896484375 149.7312469482421875 148.2687530517578125 145.9875030517578125 143.1125030517578125 138.381256103515625
198.162506103515625 200.9812469482421875 207.8874969482421875 219.2687530517578125 229.8000030517578125 230.4875030517578125 226.256256103515625 223.34375 221.118743896484375 218.368743896484375 216.6750030517578125 213.7687530517578125 211.1062469482421875 204.9812469482421875 198.037506103515625 193.274993896484375 186.306243896484375 179.0625 171.725006103515625 165.3312530517578125 161.2312469482421875 157.6999969482421875 154.631256103515625 151.431243896484375 145.9562530517578125 141.3874969482421875 140.75 136.881256103515625 132.4812469482421875 134.6437530517578125 137.1437530517578125 141.712493896484375 147.381256103515625 151.8874969482421875 155.78125 155.6437530517578125 156.9562530517578125 159 157.7062530517578125 156.65625 155.962493896484375 152.993743896484375 151.0187530517578125 147.0812530517578125
177.399993896484375 181.1062469482421875 194.6062469482421875 204.318756103515625 214.350006103515625 218.3562469482421875 220.2312469482421875 223.912506103515625 224.787506103515625 224.5 222.4375 219.0625 213.1062469482421875 208.0124969482421875 200.743743896484375 194.6750030517578125 188.4250030517578125 182.193756103515625 177.59375 173.131256103515625 169.693756103515625 164.9875030517578125 160.9250030517578125 157.8312530517578125 151.8625030517578125 147.912506103515625 145.4375 139.3562469482421875 135.537506103515625 138.25 141.6750030517578125 144.618743896484375 148.850006103515625 153.15625 156.212493896484375 159.3312530517578125 161.993743896484375 163.756256103515625 163.818756103515625 162.306243896484375 160.975006103515625 158.193756103515625 156.068756103515625 153.3000030517578125
175.8000030517578125 174.28125 177.875 187.2312469482421875 201.149993896484375 208.850006103515625 213.8000030517578125 220.8874969482421875 225.993743896484375 227.5437469482421875 226.4187469482421875 220.3625030517578125 215.75 212.631256103515625 205.306243896484375 198.2375030517578125 191.15625 185.6999969482421875 181.931243896484375 177.46875 176.381256103515625 170.100006103515625 167.1875 163.9250030517578125 158.0500030517578125 153.618743896484375 148.037506103515625 142.9562530517578125 138.46875 139.84375 143.3874969482421875 145.118743896484375 148.2937469482421875 153.243743896484375 157.8125 159.8312530517578125 162.3562469482421875 165.806243896484375 167.0437469482421875 166.5187530517578125 165.46875 162.2312469482421875 159.162506103515625 157.693756103515625
174.5437469482421875 172.181243896484375 172.6875 172.75 186.3625030517578125 201.375 210.337493896484375 216.9875030517578125 222.506256103515625 227.037506103515625 225.9812469482421875 220.0625 216.212493896484375 213.9375 206.5500030517578125 201.381256103515625 195.2937469482421875 190.4375 187.681243896484375 185.412506103515625 181.7062530517578125 176.462493896484375 172.462493896484375 167.1875 162.3625030517578125 156.756256103515625 150.4875030517578125 145.6875 140.381256103515625 140.3874969482421875 142.756256103515625 147.381256103515625 149.943756103515625 153.475006103515625 156.5 160.037506103515625 162.462493896484375 167.118743896484375 169.9562530517578125 169.5187530517578125 164.28125 161.3312530517578125 158.75 158.4562530517578125
175.96875 174.2062530517578125 174.287506103515625 174.1875 181.212493896484375 190.1374969482421875 201.631256103515625 211.4875030517578125 215.6750030517578125 218.25 220.3874969482421875 217.493743896484375 215.6374969482421875 213.306243896484375 208.0749969482421875 203.9499969482421875 199.6624908447265625 198.068756103515625 195.7687530517578125 192.8625030517578125 187.6437530517578125 182.0625 175.475006103515625 169.5 165.15625 160.1062469482421875 153.7687530517578125 148.3249969482421875 141.6875 140.40625 142.3562469482421875 144.5812530517578125 147.53125 151.4375 154.6062469482421875 155.96875 158.587493896484375 165.0437469482421875 171.162506103515625 167.5500030517578125 161.6999969482421875 157.3874969482421875 155.2624969482421875 156.1750030517578125
178.193756103515625 176.2937469482421875 176.6125030517578125 180.0500030517578125 186.8249969482421875 196.53125 202.2624969482421875 203.243743896484375 203.256256103515625 207.5187530517578125 213.850006103515625 213.9250030517578125 213.725006103515625 211.9375 210.0437469482421875 205.3249969482421875 202.4187469482421875 203.6062469482421875 203.40625 198.212493896484375 193.381256103515625 186.5437469482421875 179.46875 171.962493896484375 166.568756103515625 161.243743896484375 153.9250030517578125 147.087493896484375 141.5 139.625 140.6374969482421875 141.774993896484375 143.912506103515625 147.8125 148.962493896484375 149.431243896484375 151.1374969482421875 155.1062469482421875 157.3125 155.162506103515625 150.0187530517578125 146.1062469482421875 144.7750091552734375 144.84375
182.181243896484375 181.649993896484375 183.65625 187.118743896484375 193.350006103515625 200.7687530517578125 206.350006103515625 207.40625 203.850006103515625 202.1374969482421875 207.868743896484375 208.5187530517578125 211.0124969482421875 209.2937469482421875 208.774993896484375 206.5749969482421875 205.2062530517578125 206.662506103515625 208.024993896484375 202.65625 195.1875 189.4375 179.462493896484375 173.943756103515625 166.712493896484375 159.6374969482421875 152.4562530517578125 146.868743896484375 142.618743896484375 139.875 141.1125030517578125 138.3562469482421875 137.0187530517578125 136.681243896484375 137.243743896484375 139.100006103515625 140.693756103515625 141.7624969482421875 141.006256103515625 138.600006103515625 134.149993896484375 130.443756103515625 129.4875030517578125 129.7624969482421875
184.2687530517578125 184.9187469482421875 187.8874969482421875 191.7375030517578125 199.0625 206.5437469482421875 211.8125 212.1125030517578125 209.8312530517578125 208.943756103515625 210.131256103515625 207.625 208.0250091552734375 208.1187591552734375 207.2312469482421875 208.09375 206.5187530517578125 207.6750030517578125 208.7937469482421875 206.568756103515625 199.443756103515625 190.4562530517578125 179.493743896484375 172.1750030517578125 163.087493896484375 156.0749969482421875 149.850006103515625 144.6750030517578125 140.774993896484375 139.0500030517578125 136.462493896484375 132.34375 129.4250030517578125 128.90625 128.381256103515625 128.350006103515625 129.087493896484375 128.59375 125.49375152587890625 122.46875 118.28749847412109375 115.7375030517578125 111.65625 111.1125030517578125
188.84375 189.850006103515625 193.212493896484375 197 203.568756103515625 212.6687469482421875 218.2375030517578125 215.7062530517578125 211.931243896484375 211.0500030517578125 212.21875 210.5812530517578125 207.3125 204.868743896484375 204.1687469482421875 205.1437530517578125 203.8874969482421875 205.162506103515625 206.337493896484375 206.381256103515625 203.4250030517578125 194.568756103515625 182.181243896484375 166.8125 159.5437469482421875 156.837493896484375 151.225006103515625 144.1999969482421875 138.243743896484375 135.256256103515625 132.1374969482421875 127.20000457763671875 123.53125 120.93125152587890625 119.0812530517578125 117.55625152587890625 116.6437530517578125 114.8312530517578125 112.4812469482421875 107.7375030517578125 102.27500152587890625 99.05625152587890625 97.40625 94.55625152587890625
190.537506103515625 191.837493896484375 195.493743896484375 200.90625 207.274993896484375 215.318756103515625 221.837493896484375 219.5625 213.5500030517578125 210.056243896484375 210.6125030517578125 210.3312530517578125 204.681243896484375 200.149993896484375 201.7312469482421875 201.337493896484375 200.743743896484375 199.8937530517578125 201.1999969482421875 204.962493896484375 205.837493896484375 197.4875030517578125 183.8249969482421875 166.431243896484375 156.975006103515625 151.681243896484375 145.3312530517578125 138.962493896484375 132.1999969482421875 128.7062530517578125 124.5124969482421875 119.34999847412109375 115.30625152587890625 113.22499847412109375 112.27500152587890625 110.0437469482421875 107.83750152587890625 105.4875030517578125 99.99375152587890625 93.47499847412109375 87.36875152587890625 83.6125030517578125 82.08750152587890625 79.22499847412109375
190.649993896484375 192.09375 195.256256103515625 199.024993896484375 203.993743896484375 210.618743896484375 214.600006103515625 213.100006103515625 209.931243896484375 207.25 205.7312469482421875 206.4187469482421875 203.149993896484375 194.806243896484375 193.212493896484375 194.34375 193.5500030517578125 193.6125030517578125 195.462493896484375 198.681243896484375 201.4562530517578125 196.1374969482421875 183.25 167.225006103515625 152.712493896484375 145.431243896484375 140.6687469482421875 135.225006103515625 129.1999969482421875 124.0187530517578125 117.50624847412109375 111.3937530517578125 107.72499847412109375 104.09375 102.40625 101.375 101.3312530517578125 99.90625 95.52500152587890625 85.53749847412109375 76.1374969482421875 73.625 71.03749847412109375 62.918750762939453125
189.287506103515625 190.21875 191.8625030517578125 194.75 199.3125 202.743743896484375 204.90625 205.649993896484375 202.96875 201.3625030517578125 198.21875 195.9375 193.8000030517578125 188.118743896484375 182.6687469482421875 184.318756103515625 183.9187469482421875 183.3874969482421875 183.693756103515625 186.8249969482421875 189.306243896484375 184.7687530517578125 176.743743896484375 166.725006103515625 154.587493896484375 145.131256103515625 138.631256103515625 131.787506103515625 124.46250152587890625 118.61875152587890625 113.3249969482421875 105.84999847412109375 100.75624847412109375 96.6750030517578125 95.03749847412109375 96.1999969482421875 98.6125030517578125 101.0187530517578125 98.03125 89.59999847412109375 74.08750152587890625 65.5500030517578125 63.075000762939453125 60.299999237060546875
186.6687469482421875 186.274993896484375 187.162506103515625 189.649993896484375 193.6062469482421875 193.4562530517578125 196.375 196.3000030517578125 193.6999969482421875 193.3249969482421875 188.962493896484375 186.131256103515625 182.931243896484375 177.8125 170.7062530517578125 168.9812469482421875 169.493743896484375 170.568756103515625 169.8874969482421875 172.8000030517578125 176.243743896484375 175.806243896484375 172.4812469482421875 167.4187469482421875 161.21875 152.9375 143.75 133.0812530517578125 123.2624969482421875 116.6999969482421875 107.6687469482421875 99.77500152587890625 95.59999847412109375 91.03749847412109375 87.1125030517578125 90.9812469482421875 99.50624847412109375 109.5 112.375 103.36875152587890625 89.90000152587890625 78.21250152587890625 72.30625152587890625 66.30625152587890625
182.1437530517578125 181.037506103515625 182.5124969482421875 184.212493896484375 185.681243896484375 187.100006103515625 188.0749969482421875 187.287506103515625 185.993743896484375 185.6750030517578125 181.21875 176.8249969482421875 172.6374969482421875 167.9875030517578125 161.256256103515625 155.0812530517578125 154.837493896484375 157.6875 157.5187530517578125 160.9187469482421875 164.0187530517578125 167.943756103515625 171.100006103515625 171.493743896484375 168.024993896484375 158.9250030517578125 147.006256103515625 135.818756103515625 125.63124847412109375 116.50624847412109375 109.05625152587890625 99.11875152587890625 92.6687469482421875 88.7624969482421875 83.34999847412109375 91.44374847412109375 105.6875 117.71875 127.0124969482421875 122.78749847412109375 113.47499847412109375 96.66249847412109375 82.09375 70.6062469482421875
175.306243896484375 174.96875 177.149993896484375 178.881256103515625 179.7312469482421875 181.1125030517578125 181.493743896484375 181.3562469482421875 179.868743896484375 177.975006103515625 174.662506103515625 169.78125 163.7687530517578125 158.1999969482421875 154.1374969482421875 149.100006103515625 143.0500030517578125 144.368743896484375 146.993743896484375 149.8125 153.162506103515625 159.3312530517578125 168.1750030517578125 174.8874969482421875 175.068756103515625 163.0812530517578125 150.15625 138.5500030517578125 128.3249969482421875 119.46875 113.3125 107.1687469482421875 99.33750152587890625 93.8125 95.58750152587890625 102.0500030517578125 113.94374847412109375 134.3625030517578125 154.0437469482421875 143 125.7624969482421875 105.5500030517578125 86.27500152587890625 74.55625152587890625
168.881256103515625 169.2687530517578125 170.274993896484375 172.318756103515625 174.9250030517578125 176.625 176.4625091552734375 175.5749969482421875 174.8312530517578125 171.725006103515625 167.8874969482421875 162.8000030517578125 156.412506103515625 150.65625 146.3000030517578125 142.46875 137.2687530517578125 131.96875 136.381256103515625 138.3000030517578125 143.1999969482421875 148.7687530517578125 159.03125 168.712493896484375 172.1875 162.71875 152.3249969482421875 141.2687530517578125 129.9562530517578125 119.21250152587890625 111.6125030517578125 105.44374847412109375 108.84999847412109375 112.53749847412109375 110.3249969482421875 109.71875 124.88124847412109375 142.8312530517578125 151.5625 143.6062469482421875 122.44374847412109375 102.96875 86.4875030517578125 77.75
162.15625 162.125 163.1875 166.337493896484375 168.850006103515625 171.1062469482421875 171.2937469482421875 172.274993896484375 170.6999969482421875 167.431243896484375 162.975006103515625 156.743743896484375 149.5625 143.8937530517578125 138.65625 136.375 132.8874969482421875 126.6125030517578125 125.5500030517578125 127.3125 135.15625 148.649993896484375 147.5124969482421875 156.1750030517578125 162.618743896484375 162.7312469482421875 155.8000030517578125 144.524993896484375 136.3125 123.65625 113.47499847412109375 114.84999847412109375 127.6125030517578125 132.149993896484375 132.6437530517578125 132.225006103515625 136.850006103515625 141.59375 141.5749969482421875 131.34375 114.15000152587890625 98.375 85.7375030517578125 78.84375
