data/historical-monthly-weather-data/wc2.1_cruts4.09_10m_prec_2011-04.asc
ncols        51
nrows        45
xllcorner    -63.500000000000
yllcorner    -7.500000000000
cellsize     0.166666666667
NODATA_value -9999
[rows 20 to 39 of 45, columns 0 to 44 of 51]
295.181243896484375 303.98748779296875 315.381256103515625 326.774993896484375 336.931243896484375 355.100006103515625 373.10626220703125 385.012481689453125 391.712493896484375 392.83123779296875 390.48748779296875 386.9375 383.787506103515625 382.89373779296875 378.01873779296875 375.54376220703125 375.943756103515625 383.33123779296875 394.931243896484375 406.006256103515625 425.84375 442.931243896484375 455.15625 460.268768310546875 469.73748779296875 477.34375 476.23748779296875 473.100006103515625 466.381256103515625 457.20623779296875 441.162506103515625 426.96875 409.037506103515625 388.60626220703125 372.13751220703125 396.09375 432.39373779296875 461.54376220703125 479.04376220703125 487.037506103515625 487.774993896484375 487.90625 479.63751220703125 474.375 465.23126220703125
288.46875 294.3125 307.4375 325.26873779296875 340.32501220703125 357.21875 376.36248779296875 392.42498779296875 399.70623779296875 397.14373779296875 388.11248779296875 375.79998779296875 367.54998779296875 365.181243896484375 367.6875 368.431243896484375 373.98748779296875 380.256256103515625 390.51873779296875 399.95001220703125 410.45001220703125 424.89373779296875 441.26873779296875 449.51251220703125 461.48126220703125 479.09375 498.85626220703125 494.48748779296875 484.975006103515625 473.024993896484375 453.57501220703125 434.149993896484375 419.962493896484375 408.73126220703125 405.381256103515625 418.100006103515625 445.21875 469.681243896484375 481.48748779296875 485.76251220703125 486.20623779296875 483.8125 475.70001220703125 468.95001220703125 459.46875
283.212493896484375 295.149993896484375 310.40625 328.33123779296875 344.618743896484375 362.29998779296875 378.818756103515625 398.08123779296875 412.881256103515625 402.75 384.57501220703125 364.774993896484375 351.71875 350.568756103515625 357.662506103515625 364.787506103515625 369.881256103515625 374.63751220703125 381.581268310546875 387.70001220703125 397.625 408.943756103515625 419.193756103515625 429.887481689453125 448.96875 472.65625 496.07501220703125 498.181243896484375 491.67498779296875 477.3125 460.89373779296875 445.037506103515625 441.524993896484375 439.10626220703125 442.631256103515625 449 465.54376220703125 483.01873779296875 489.26251220703125 486.98748779296875 483.66876220703125 477.54998779296875 469.274993896484375 461.75 453.51251220703125
281.63751220703125 294.95623779296875 312.61248779296875 328.212493896484375 343.60626220703125 360.79998779296875 380.024993896484375 396.399993896484375 407.41876220703125 395.75 376.41876220703125 358.9375 338.98748779296875 341.631256103515625 351.056243896484375 358.14373779296875 362.42498779296875 369.28125 373.681243896484375 379.42498779296875 385.75 391.16876220703125 398.48126220703125 411.78125 429.91876220703125 446.306243896484375 464.131256103515625 478.59375 482.181243896484375 478.57501220703125 470.475006103515625 464.756256103515625 467.20623779296875 467.662506103515625 473.0625 478.368743896484375 490.3125 498 496.037506103515625 487.881256103515625 481.46875 472.15625 462.39373779296875 452.78125 447.71875
283.875 298.45001220703125 314.46875 331.01873779296875 347.32501220703125 362.08123779296875 377.087493896484375 390.09375 393.5625 388.71875 373.774993896484375 356.78125 346.92498779296875 342.29376220703125 347.318756103515625 353.212493896484375 360.0625 365.79376220703125 369.54376220703125 371.287506103515625 373.631256103515625 375.631256103515625 380.600006103515625 389.88751220703125 404.45623779296875 427.65625 448.08123779296875 463.88751220703125 475.76873779296875 484.59375 486.118743896484375 487.975006103515625 494.61248779296875 496.100006103515625 497.649993896484375 496.756256103515625 502.806243896484375 502.568756103515625 497.425018310546875 489.70001220703125 480.34375 468.162506103515625 458.73126220703125 446.45001220703125 433.068756103515625
294.493743896484375 307.76251220703125 317.462493896484375 332.04998779296875 345.17498779296875 358.26873779296875 370.91876220703125 380.53125 379.45623779296875 374.100006103515625 367.056243896484375 358.76251220703125 350.95623779296875 347.67498779296875 348.89373779296875 355.506256103515625 360.73126220703125 365.100006103515625 366.056243896484375 363.75 366.087493896484375 363.462493896484375 362.381256103515625 363.54376220703125 382.943756103515625 410.725006103515625 438.42498779296875 456.381256103515625 475.54998779296875 486.91876220703125 498.95001220703125 510.04998779296875 520.9000244140625 517.8062744140625 512.3187255859375 508.850006103515625 509.39373779296875 506.88751220703125 498.350006103515625 489.162506103515625 479.78125 464.9375 451.76873779296875 436.63751220703125 426.5625
297.787506103515625 305.462493896484375 315.8125 327.28125 336.806243896484375 349.65625 359.42498779296875 365.475006103515625 365.16876220703125 366.98126220703125 365.837493896484375 359.068756103515625 353.54376220703125 351.024993896484375 352.9375 357.79376220703125 361.79376220703125 363.649993896484375 365.63751220703125 364.875 361.79376220703125 356.243743896484375 349.506256103515625 348.57501220703125 371.76251220703125 397.287506103515625 425.73748779296875 445.67498779296875 467.1875 482.29376220703125 500.306243896484375 517.6875 535.29998779296875 529.98126220703125 522.2750244140625 515.61248779296875 513.10626220703125 508.806243896484375 497.48748779296875 487.58123779296875 475.48748779296875 462.83123779296875 449.125 436.712493896484375 435.412506103515625
302.04998779296875 304.9375 312.73126220703125 321.45001220703125 330.5625 340.068756103515625 349.67498779296875 353.38751220703125 356.58123779296875 360.306243896484375 358.850006103515625 356.40625 352.800018310546875 352.693756103515625 355.568756103515625 358.20623779296875 362.875 368.368743896484375 368.23748779296875 369.01251220703125 366.70623779296875 359.57501220703125 359.53125 359.26873779296875 374.068756103515625 395.98748779296875 417.449981689453125 437.087493896484375 456.100006103515625 472.63751220703125 487.71875 502.51251220703125 518.9749755859375 521.60003662109375 521.83123779296875 515.09375 513.53125 509.693756103515625 498.712493896484375 487.48126220703125 476.28125 464.493743896484375 451.925018310546875 443.46875 454.681243896484375
303.26873779296875 303.66876220703125 308.46875 315.8125 322.29998779296875 328.29376220703125 335.73126220703125 343.556243896484375 350.41876220703125 353.35626220703125 355.88751220703125 354.693756103515625 351.71875 352.631256103515625 358.58123779296875 365.381256103515625 371.04998779296875 372.60626220703125 375.5 375.5 374.16876220703125 368.38751220703125 369.25 371.912506103515625 381.118743896484375 397.98748779296875 415.412506103515625 430.6875 445.962493896484375 459.79376220703125 468.98126220703125 479.412506103515625 492.399993896484375 504.006256103515625 510.975006103515625 509.16876220703125 510.243743896484375 508.912506103515625 499.76873779296875 486.6875 471.66876220703125 461.26251220703125 452.899993896484375 459.01251220703125 472.48126220703125
302.556243896484375 300.79376220703125 303.899993896484375 306.024993896484375 311.431243896484375 318.32501220703125 325.899993896484375 334.412506103515625 340.475006103515625 344.34375 349.475006103515625 350.087493896484375 352.60626220703125 355.337493896484375 361.181243896484375 366.75 372.29998779296875 379.11248779296875 381.04998779296875 378.75 374.962493896484375 374.20623779296875 377.493743896484375 377.23126220703125 381.693756103515625 393.662506103515625 407.79998779296875 417.350006103515625 429 439.89373779296875 448.09375 454.57501220703125 468.41876220703125 483.98126220703125 495.88751220703125 497.743743896484375 502.712493896484375 504.5 495.087493896484375 488.10626220703125 480.13751220703125 473.96875 467.149993896484375 474.39373779296875 479.34375
298.881256103515625 294.774993896484375 296.024993896484375 298.068756103515625 302.962493896484375 308.60626220703125 316.662506103515625 322.993743896484375 329.28125 335.931243896484375 342.71875 346.26251220703125 352.73126220703125 354.98126220703125 361.912506103515625 368.08123779296875 375.84375 383.381256103515625 387.600006103515625 387.14373779296875 383.006256103515625 380.068756103515625 380.92498779296875 376.475006103515625 376.25 389.66876220703125 396.13751220703125 403.89373779296875 411.443756103515625 418.58123779296875 426.85626220703125 433.756256103515625 450.024993896484375 466.39373779296875 478.850006103515625 484.67498779296875 488.13751220703125 492.8125 491.60626220703125 488.1875 483.96875 479.375 477.60626220703125 479.712493896484375 485.96875
292.9375 287.524993896484375 288.056243896484375 291.537506103515625 294.837493896484375 298.006256103515625 305.212493896484375 310.537506103515625 317.100006103515625 324.006256103515625 332.90625 341.899993896484375 347.868743896484375 353.518768310546875 360.20001220703125 367.193756103515625 371.65625 380.20623779296875 384.556243896484375 389.71875 386.89373779296875 383.86248779296875 381.462493896484375 376.40625 378.306243896484375 383.92498779296875 385.21875 390.29376220703125 392.881256103515625 400.662506103515625 409.837493896484375 417.4375 430.6875 446.993743896484375 460.98748779296875 468.006256103515625 475.162506103515625 478.712493896484375 479.399993896484375 478.581268310546875 483.493743896484375 483.600006103515625 482.98126220703125 486.1875 492.8125
288.11248779296875 281.21875 281.306243896484375 282.54376220703125 285.63751220703125 287.76873779296875 291.068756103515625 296.51873779296875 302.13751220703125 310.993743896484375 324.5 332.8125 342.85626220703125 351.899993896484375 357.60626220703125 362.337493896484375 367.743743896484375 376.61248779296875 379.83123779296875 383.28125 383.76251220703125 381.29998779296875 377.92498779296875 372.90625 373.662506103515625 372.60626220703125 372.76873779296875 372.4375 373.26873779296875 382.32501220703125 389.96875 396.54376220703125 408.88751220703125 425.08123779296875 439.5062255859375 449.431243896484375 456.943756103515625 463.118743896484375 462.73748779296875 472.34375 476.693756103515625 477.837493896484375 481.03125 487.48126220703125 495.318756103515625
281.875 276.60626220703125 276.037506103515625 275.42498779296875 275.65625 278.368743896484375 280.756256103515625 282.92498779296875 287.912506103515625 296.649993896484375 308.41876220703125 322.318756103515625 335.88751220703125 344.15625 350.693756103515625 353.92498779296875 359.4375 367.71875 372.287506103515625 375.806243896484375 376.243743896484375 374.88751220703125 372.38751220703125 363.462493896484375 363.399993896484375 360.162506103515625 355.993743896484375 353.11248779296875 352.78125 359.774993896484375 367.912506103515625 377.20001220703125 389.287506103515625 404.13751220703125 418.681243896484375 428.14373779296875 437.29376220703125 440.39373779296875 449.20623779296875 458.8125 463.212493896484375 468.443756103515625 474.912506103515625 483.73126220703125 493.70623779296875
274.04376220703125 271.20623779296875 270.92498779296875 267.75 266 266.568756103515625 267.149993896484375 269.08123779296875 271.76873779296875 278.1875 292.78125 311.13751220703125 329.431243896484375 343.149993896484375 347.45001220703125 349.73748779296875 351.649993896484375 356.181243896484375 363.45001220703125 364.79998779296875 367.41876220703125 364.32501220703125 362.274993896484375 351.212493896484375 347.912506103515625 346.01251220703125 340.649993896484375 334.274993896484375 332.79998779296875 341.58123779296875 349.375 359.443756103515625 369.46875 384.17498779296875 396.58123779296875 404.975006103515625 411.48126220703125 425.23126220703125 434.63751220703125 442.88751220703125 447.975006103515625 455.14373779296875 464 472.8125 478.61248779296875
268.98748779296875 267.931243896484375 266.51873779296875 263.23748779296875 259.993743896484375 257.90625 257.368743896484375 256.493743896484375 255.6125030517578125 259.381256103515625 271.61248779296875 293.01251220703125 316.5 331.90625 336.6875 338.8125 340.86248779296875 345.5 351.537506103515625 355.9375 355.58123779296875 353.66876220703125 346.6875 337.63751220703125 331.556243896484375 328.45001220703125 323.8125 318.743743896484375 316.618743896484375 323.79998779296875 331.931243896484375 340.16876220703125 349.475006103515625 363.67498779296875 373.38751220703125 378.193756103515625 391.6875 405.13751220703125 412.66876220703125 421.70001220703125 430.32501220703125 436.57501220703125 443.32501220703125 452.1875 454.649993896484375
264.8125 265.1875 262.65625 259.568756103515625 255.46875 252.287506103515625 250.4499969482421875 245.6125030517578125 240.462493896484375 239.1750030517578125 253.1624908447265625 280.993743896484375 301.95001220703125 314.84375 322.40625 325.524993896484375 325.46875 330.51251220703125 336.837493896484375 338.443756103515625 338.33123779296875 335.181243896484375 328.462493896484375 320.587493896484375 313.381256103515625 309.60626220703125 306.54376220703125 302.787506103515625 300.056243896484375 306.23126220703125 315.54376220703125 324.73126220703125 333.381256103515625 343.26873779296875 351.193756103515625 359.375 372.48126220703125 386.73126220703125 396.91876220703125 402.118743896484375 410.5 415.743743896484375 423.70001220703125 430.743743896484375 434.149993896484375
263.58123779296875 262.193756103515625 258.506256103515625 255.8937530517578125 251.618743896484375 248.243743896484375 244.243743896484375 237.65625 233.2375030517578125 229.3000030517578125 248.618743896484375 275.006256103515625 291.26873779296875 302.29376220703125 308.350006103515625 311.625 310.462493896484375 315.71875 317.962493896484375 317.76873779296875 316.89373779296875 312.818756103515625 309.01873779296875 301.6875 294.61248779296875 292.4375 287.462493896484375 286.181243896484375 285.03125 292.181243896484375 299.068756103515625 308.32501220703125 318.243743896484375 325.912506103515625 330.35626220703125 343.068756103515625 355.556243896484375 366.64373779296875 379.006256103515625 385.45623779296875 390.625 396.4375 400.3125 404.54376220703125 409.04376220703125
261.475006103515625 257.54998779296875 254.3562469482421875 252.53125 250.006256103515625 245.225006103515625 241.8000030517578125 237.931243896484375 239.087493896484375 247.243743896484375 266.04376220703125 278.48126220703125 285.018768310546875 293.274993896484375 298.287506103515625 299.26251220703125 298.756256103515625 301.35626220703125 299.556243896484375 299.787506103515625 297.056243896484375 292.162506103515625 288.57501220703125 284.36248779296875 279.73748779296875 275.806243896484375 273.306243896484375 272.95623779296875 272.75 281.037506103515625 288.59375 294.243743896484375 303.13751220703125 312.23748779296875 322.73748779296875 331.212493896484375 340.01251220703125 351.318756103515625 359.125 362.337493896484375 367.875 373.756256103515625 375.725006103515625 380.89373779296875 384.01251220703125
258.46875 255.162506103515625 252.625 251.318756103515625 249.256256103515625 246.25 241.8249969482421875 242.40625 246.100006103515625 253.40625 263.95001220703125 274.17498779296875 279.23748779296875 284.912506103515625 288.506256103515625 288.65625 287.931243896484375 288.506256103515625 284.443756103515625 281.41876220703125 276.681243896484375 273.96875 267.556243896484375 263.868743896484375 263.36248779296875 261.475006103515625 260.899993896484375 261.943756103515625 263.100006103515625 270.375 275.26251220703125 285.337493896484375 296.493743896484375 305.25 315.225006103515625 322.256256103515625 328.806243896484375 337.71875 342.287506103515625 341.975006103515625 345.100006103515625 349.86248779296875 349.86248779296875 353.506256103515625 358.07501220703125
