data/historical-monthly-weather-data/wc2.1_cruts4.09_10m_prec_2004-12.asc
ncols        51
nrows        45
xllcorner    -63.500000000000
yllcorner    -7.500000000000
cellsize     0.166666666667
NODATA_value -9999
[rows 20 to 39 of 45, columns 0 to 43 of 51]
171.774993896484375 173 174.3249969482421875 176.5437469482421875 179.556243896484375 183.524993896484375 187.0749969482421875 190.318756103515625 193.943756103515625 196.131256103515625 196.40625 194.5500030517578125 191.8249969482421875 187.506256103515625 181.006256103515625 173.3000030517578125 165.881256103515625 159.4375 155.068756103515625 150.8125 147.274993896484375 143.662506103515625 140.1750030517578125 136.96875 134.556243896484375 131.6062469482421875 127.5625 120.68125152587890625 112.5437469482421875 106.78749847412109375 102.93125152587890625 102.2687530517578125 102.4187469482421875 103.50624847412109375 104.05625152587890625 99.5437469482421875 95.00624847412109375 90.375 85.25624847412109375 78.25624847412109375 70.08750152587890625 63.28749847412109375 57.78125 53.456249237060546875
171.662506103515625 172.443756103515625 174.8874969482421875 178.931243896484375 183 187.2624969482421875 191.662506103515625 195.6875 199.03125 200.8937530517578125 200.306243896484375 197.8937530517578125 194.78125 190.0812530517578125 183.850006103515625 176.6374969482421875 169.587493896484375 163.1750030517578125 157.7562408447265625 152.681243896484375 147.4562530517578125 143.6125030517578125 140.7687530517578125 137.381256103515625 134.96875 133.537506103515625 132.1125030517578125 126.2062530517578125 118.91249847412109375 114.6374969482421875 111.74375152587890625 110.46250152587890625 108.3874969482421875 107.5749969482421875 106.03749847412109375 100.58750152587890625 95.59375 90.80625152587890625 85.06874847412109375 77.3312530517578125 69.3625030517578125 63 57.549999237060546875 53.293750762939453125
172.212493896484375 174.287506103515625 176.625 180.868743896484375 186.0124969482421875 191.53125 196.118743896484375 200.993743896484375 205.274993896484375 206 204.462493896484375 200.8375091552734375 197.875 193.399993896484375 186.9812469482421875 179.818756103515625 172.5812530517578125 165.5500030517578125 159.5749969482421875 153.375 147.5500030517578125 142.9375 139.181243896484375 135.8312530517578125 133.975006103515625 133.993743896484375 134.899993896484375 130.3562469482421875 123.99375152587890625 121.31874847412109375 119.80625152587890625 118.6999969482421875 115.0749969482421875 111.49375152587890625 107.71250152587890625 100.4812469482421875 95.34999847412109375 91.8000030517578125 85.7062530517578125 77.2624969482421875 69.0187530517578125 62.75624847412109375 57.456249237060546875 53.30625152587890625
174.4562530517578125 176.087493896484375 178.350006103515625 183.1750030517578125 189.431243896484375 195.431243896484375 201.006256103515625 205.681243896484375 209.287506103515625 209.0749969482421875 207.1374969482421875 204.131256103515625 201.1999969482421875 197.2687530517578125 190.375 182.806243896484375 175.462493896484375 168.212493896484375 161.431243896484375 154.524993896484375 147.4187469482421875 141.8562469482421875 136.90625 133.78125 131.90625 131.7750091552734375 133.09375 131.568756103515625 128.6999969482421875 128.03125 128.4187469482421875 127.625 122.90625 117.21250152587890625 111.49375152587890625 102.5124969482421875 96.50624847412109375 92.4562530517578125 86.20000457763671875 77.6875 69.2375030517578125 63.168750762939453125 57.818752288818359375 53.65000152587890625
179.256256103515625 179.875 181.5124969482421875 188.381256103515625 196.381256103515625 201.71875 206.4875030517578125 209.7687530517578125 211.850006103515625 211.9875030517578125 210.2624969482421875 207.193756103515625 204.256256103515625 200.375 193.5812530517578125 185.9499969482421875 178.2937469482421875 170.7937469482421875 163.318756103515625 155.743743896484375 147.5625 140.3125 134.4562530517578125 130.743743896484375 129.21875 129.71875 131.7937469482421875 132.5 132.21875 134.131256103515625 136.5187530517578125 136.84375 131.0124969482421875 123.49375152587890625 115.5124969482421875 106.46250152587890625 99.4499969482421875 92.75 86 78.03749847412109375 69.6999969482421875 63.737499237060546875 58.33750152587890625 54.50624847412109375
188.34375 190.84375 192.6062469482421875 198.8562469482421875 204.806243896484375 208.9250030517578125 211.8562469482421875 213.75 214.8312530517578125 214.118743896484375 212.03125 209.743743896484375 206.912506103515625 203.25 196.787506103515625 189.2312469482421875 181.1437530517578125 173.34375 165.46875 157.2687530517578125 148.9187469482421875 139.8937530517578125 132.0124969482421875 127.03125 126.8874969482421875 128.5625 132.1687469482421875 134.5124969482421875 136.15625 139.943756103515625 143.931243896484375 146.4499969482421875 139.712493896484375 129.875 120.25 110.3874969482421875 102.09375 94.125 86.90625 79.0812530517578125 70.80625152587890625 64.4250030517578125 58.737499237060546875 54.637500762939453125
199.09375 202.5812530517578125 206.1437530517578125 211.4250030517578125 215.818756103515625 217.962493896484375 218.28125 218.09375 217.2687530517578125 216.368743896484375 215.068756103515625 212.9499969482421875 210.0437469482421875 206.90625 200.6750030517578125 193.6687469482421875 185.943756103515625 178.087493896484375 170.056243896484375 161.100006103515625 152.0625 142.375 133.287506103515625 127.16249847412109375 128.318756103515625 130.6374969482421875 135.0625 138.5625 141.899993896484375 146.524993896484375 151.806243896484375 155.3874969482421875 148.375 136.868743896484375 125.63124847412109375 115.21250152587890625 105.47499847412109375 96.41249847412109375 88.81874847412109375 81.11875152587890625 72.93125152587890625 66.0437469482421875 59.612499237060546875 55.28125
211.3562469482421875 216.09375 220.6999969482421875 225.3125 228.037506103515625 228.037506103515625 226.2062530517578125 223.225006103515625 220.7624969482421875 218.618743896484375 216.4187469482421875 214.618743896484375 213.0812530517578125 210.6125030517578125 204.8125 197.8125 190.8249969482421875 182.850006103515625 174.9562530517578125 166.100006103515625 157.131256103515625 147.868743896484375 140.1875 135.1374969482421875 134.431243896484375 135.837493896484375 139.8562469482421875 143.6062469482421875 147.46875 152.5625 157.975006103515625 161.3125 153.212493896484375 141.65625 129.818756103515625 118.86875152587890625 108.58750152587890625 98.9812469482421875 91.46250152587890625 84.0500030517578125 76.13124847412109375 69.03125 61.018749237060546875 56.44374847412109375
222.475006103515625 228.881256103515625 234.6687469482421875 240.0124969482421875 241.1750030517578125 237.7687530517578125 232.9875030517578125 228.0187530517578125 224.087493896484375 220.3937530517578125 218.0437469482421875 217.024993896484375 215.90625 214.350006103515625 208.75 202.993743896484375 196.568756103515625 188.96875 181.1125030517578125 172.4875030517578125 163.818756103515625 155.3249969482421875 148.7687530517578125 143.881256103515625 142.3000030517578125 142.725006103515625 146.274993896484375 150.100006103515625 154.212493896484375 158.7624969482421875 163.5625 166.131256103515625 157.162506103515625 145.037506103515625 132.993743896484375 122.0437469482421875 111.69374847412109375 101.6374969482421875 93.90000152587890625 86.8312530517578125 79.7375030517578125 72.2624969482421875 64.3562469482421875 60.8125
230.962493896484375 237.9250030517578125 245.2624969482421875 252.3000030517578125 254.350006103515625 246.5437469482421875 238.431243896484375 231.90625 226.568756103515625 221.868743896484375 219.162506103515625 217.9875030517578125 218.1999969482421875 217.868743896484375 213.59375 208.443756103515625 203.287506103515625 197.3874969482421875 189.9562530517578125 181.28125 172.625 164.7249908447265625 158.056243896484375 153.8000030517578125 152.037506103515625 152.0999908447265625 154.524993896484375 158.443756103515625 162.100006103515625 165.5187530517578125 168.90625 170.09375 161.2375030517578125 149.243743896484375 137.3499908447265625 126.1687469482421875 115.66249847412109375 105.3125 97.52500152587890625 90.1125030517578125 82.5 76.8125 70.7062530517578125 67.59375
237.056243896484375 244.21875 251.0625 258.32501220703125 259.600006103515625 249.8000030517578125 240.618743896484375 232.712493896484375 226.4375 222.34375 219.6062469482421875 219.1062469482421875 220.162506103515625 220.4250030517578125 217.1875 213.7687530517578125 210.6750030517578125 204.8562469482421875 198.8125 190.462493896484375 181.78125 174.0625 167.8625030517578125 163.8125 161.7375030517578125 161.3625030517578125 163.600006103515625 167.1750030517578125 170.4375 172.818756103515625 174.506256103515625 174.2687530517578125 164.9250030517578125 153.412506103515625 141.506256103515625 130.4250030517578125 119.8874969482421875 109.3874969482421875 101.2375030517578125 93.15625 85.8125 81.53125 77.27500152587890625 73.71250152587890625
241.412506103515625 246.975006103515625 251.90625 254.8937530517578125 253.475006103515625 246.46875 238.4875030517578125 230.381256103515625 224.756256103515625 220.568756103515625 218.53125 219.3562469482421875 221.46875 222.6437530517578125 221.4875030517578125 219.6062469482421875 216.381256103515625 210.84375 204.9562530517578125 197.475006103515625 189.90625 182.75 176.568756103515625 172.8625030517578125 171.7062530517578125 171.09375 172.787506103515625 176.1750030517578125 179.2937469482421875 180.4562530517578125 180.5500030517578125 179 168.7375030517578125 157.3000030517578125 145.806243896484375 135.2062530517578125 124.21250152587890625 113.3874969482421875 105.2062530517578125 97.27500152587890625 90.84375 88.03125 85.5187530517578125 83.2937469482421875
242.868743896484375 245.4875030517578125 247.2312469482421875 248.649993896484375 246.850006103515625 240.774993896484375 233.068756103515625 225.46875 220.306243896484375 217.318756103515625 218.125 220.0812530517578125 223.84375 227.431243896484375 227.1875 225.7312469482421875 222.756256103515625 218.162506103515625 211.256256103515625 204.3937530517578125 197.756256103515625 191.65625 186.0437469482421875 182.6437530517578125 181.693756103515625 181.743743896484375 183.462493896484375 185.8937530517578125 189.068756103515625 188.7937469482421875 187.8874969482421875 185.2687530517578125 175.1687469482421875 163.9250030517578125 152.725006103515625 142.193756103515625 131.40625 120.86875152587890625 112.9875030517578125 106.6374969482421875 100.6875 98.84999847412109375 98.11875152587890625 98.7062530517578125
242.868743896484375 242.931243896484375 243.3312530517578125 242.662506103515625 239.3625030517578125 233.6125030517578125 226.9875030517578125 219.9875030517578125 215.1125030517578125 212.84375 214.412506103515625 220.125 226.4250030517578125 230.868743896484375 232.21875 231.475006103515625 229.71875 225.2624969482421875 218.087493896484375 211.431243896484375 205.5124969482421875 199.806243896484375 194.475006103515625 191.8375091552734375 190.9812469482421875 191.287506103515625 193.524993896484375 196.28125 199.4875030517578125 197.5749969482421875 195.225006103515625 191.875 181.931243896484375 171.024993896484375 159.837493896484375 149.34375 139.087493896484375 128.34375 121.8312530517578125 116.4250030517578125 111.41249847412109375 110.45000457763671875 111 113.53125
242.0187530517578125 240.6687469482421875 239.681243896484375 237.1999969482421875 233.462493896484375 227.493743896484375 220.6750030517578125 213.875 208.3249969482421875 206.8562469482421875 210.7624969482421875 219.2937469482421875 229.3249969482421875 236.774993896484375 239.0749969482421875 239.068756103515625 237.350006103515625 232.40625 225.7624969482421875 218.243743896484375 213.337493896484375 207.4875030517578125 203.243743896484375 200.8125 199.9499969482421875 200.6875 203.03125 206.274993896484375 209.306243896484375 206.375 202.868743896484375 198.475006103515625 188.9187469482421875 178.5749969482421875 167.625 156.96875 146.537506103515625 137.024993896484375 131.475006103515625 126.3562469482421875 122.2375030517578125 121.67499542236328125 122.6687469482421875 125.4562530517578125
241.9499969482421875 239.537506103515625 237.0749969482421875 233.693756103515625 228.912506103515625 222.975006103515625 215.4812469482421875 207.78125 201.3125 198.6687469482421875 204.931243896484375 218.0749969482421875 232.5625 242.3625030517578125 246.1687469482421875 246.9875030517578125 245.493743896484375 240.475006103515625 233.09375 225.2312469482421875 220.3312530517578125 215.756256103515625 211.1125030517578125 209.100006103515625 208.96875 209.662506103515625 212.243743896484375 215.337493896484375 218.056243896484375 215.03125 211.368743896484375 206.350006103515625 197.681243896484375 187.7624969482421875 177.462493896484375 167.1374969482421875 158.368743896484375 149.600006103515625 144.2687530517578125 139.7062530517578125 136 135.9812469482421875 136.662506103515625 139.03125
241.6374969482421875 238.556243896484375 235.443756103515625 231.7312469482421875 226.912506103515625 221.1750030517578125 214.368743896484375 205.7062530517578125 196.6999969482421875 189.693756103515625 200.631256103515625 222.8125 238.899993896484375 248.725006103515625 253.5500030517578125 254.9562530517578125 254.15625 248.5500030517578125 241.3499908447265625 233.28125 228.006256103515625 223.068756103515625 218.59375 216.962493896484375 216.8125 218.03125 220.256256103515625 224.1062469482421875 227.2624969482421875 224.1062469482421875 219.8562469482421875 214.568756103515625 206.5 197.725006103515625 188 179.3312530517578125 171.181243896484375 163.0500030517578125 157.4187469482421875 152.9375 149.274993896484375 149.0812530517578125 149.625 151.493743896484375
240.4499969482421875 237.431243896484375 234.5562591552734375 230.8249969482421875 226.868743896484375 221.5500030517578125 216.2312469482421875 209.006256103515625 201.100006103515625 192.181243896484375 214.8249969482421875 239.5625 251.193756103515625 258.59375 262.631256103515625 264.1875 262.993743896484375 257.54376220703125 249.4562530517578125 241.5187530517578125 234.9875030517578125 229.5187530517578125 225.4187469482421875 223.931243896484375 223.8125 225.2375030517578125 228.493743896484375 232.3562469482421875 235.5 232.693756103515625 227.7937469482421875 222.6750030517578125 215.46875 207.6875 198.899993896484375 191.193756103515625 183.600006103515625 175.8249969482421875 170.618743896484375 165.9375 161.9250030517578125 161.3562469482421875 161.225006103515625 162.4250030517578125
236.5625 234.0187530517578125 232.2937469482421875 230.024993896484375 226.9250030517578125 223.4250030517578125 220.3125 217.818756103515625 218.118743896484375 227.9499969482421875 255.631256103515625 262.662506103515625 265.73748779296875 270.03125 272.59375 273.600006103515625 272.1875 265.60626220703125 257.274993896484375 248.818756103515625 241.287506103515625 234.693756103515625 230.212493896484375 228.881256103515625 229.131256103515625 230.6374969482421875 233.3249969482421875 237.2624969482421875 240.5 238.6999969482421875 235.631256103515625 230.5437469482421875 224.412506103515625 217.618743896484375 210.975006103515625 203.9812469482421875 196.84375 189.6687469482421875 184.3625030517578125 179.4812469482421875 175.806243896484375 174.681243896484375 174.0437469482421875 174.556243896484375
233.337493896484375 231.431243896484375 230.6437530517578125 229.5625 228.131256103515625 227.4562530517578125 227.4187469482421875 229.8125 235.443756103515625 247.712493896484375 265.48748779296875 274.625 277.818756103515625 281.368743896484375 283.662506103515625 283.79998779296875 281.725006103515625 275.33123779296875 265.92498779296875 256.59375 246.65625 238.4250030517578125 232.96875 231.1687469482421875 232.4187469482421875 234.787506103515625 238.1062469482421875 242.1999969482421875 245.3000030517578125 244.8562469482421875 242.368743896484375 239.5437469482421875 234.962493896484375 229.193756103515625 223.118743896484375 216.087493896484375 209.868743896484375 203.09375 197.6999969482421875 192.443756103515625 188.149993896484375 186.875 186.256256103515625 186.3125
