data/historical-monthly-weather-data/wc2.1_cruts4.09_10m_prec_1979-05.asc
ncols        45
nrows        45
xllcorner    -63.500000000000
yllcorner    -7.500000000000
cellsize     0.166666666667
NODATA_value -9999
[rows 0 to 18 of 45, columns 0 to 43 of 45]
352.15625 352.8125 351.54998779296875 356.368743896484375 357.931243896484375 356.51873779296875 350.412506103515625 346.70623779296875 343.48126220703125 343.243743896484375 340.975006103515625 335.79998779296875 332.6875 330.350006103515625 326.774993896484375 325.21875 322.274993896484375 317.78125 315.993743896484375 316.85626220703125 318.368743896484375 319.493743896484375 324.337493896484375 325.57501220703125 328.35626220703125 333.14373779296875 336.25 341.26251220703125 343.70001220703125 349.76873779296875 351.41876220703125 355.756256103515625 361 364.350006103515625 367.912506103515625 373.506256103515625 377.537506103515625 378.193756103515625 378.20001220703125 380.14373779296875 378.899993896484375 378.181243896484375 374.03125 374.78125
348.04998779296875 348.03125 352.29998779296875 360.51251220703125 368.41876220703125 369.118743896484375 363.899993896484375 361.274993896484375 360.45623779296875 357.399993896484375 355.399993896484375 349.493743896484375 343.59375 338.274993896484375 332.13751220703125 326.79998779296875 321.76251220703125 316.306243896484375 316.5625 318.04998779296875 320.149993896484375 323.21875 326.28125 329.76251220703125 331.550018310546875 333.506256103515625 338.01873779296875 342.14373779296875 345.181243896484375 348.25 349.39373779296875 356.625 358.28125 363.274993896484375 365.21875 365.04376220703125 370.48126220703125 371.381256103515625 373.587493896484375 369.51251220703125 367.76873779296875 371.23748779296875 367.26873779296875 362.45623779296875
334.274993896484375 338.087493896484375 347.568756103515625 357.21875 365.568756103515625 370 371.806243896484375 374.79998779296875 376.08123779296875 373.981231689453125 370.90625 362.368743896484375 353.48748779296875 343.356231689453125 335.67498779296875 329.78125 321.818756103515625 314.712493896484375 313.962493896484375 315.756256103515625 318.48748779296875 324.056243896484375 327.89373779296875 330.20623779296875 331.57501220703125 335.912506103515625 341.17498779296875 342.837493896484375 342.8125 344.95001220703125 345.90625 350.0625 355.443756103515625 357.46875 361.16876220703125 359.587493896484375 362.399993896484375 363.943756103515625 363.5 361.649993896484375 362.6875 359.943756103515625 358.712493896484375 354.306243896484375
315.84375 318.07501220703125 335.95001220703125 347.712493896484375 359.399993896484375 365.9375 372.45623779296875 381.79998779296875 390.068756103515625 390.975006103515625 385.17498779296875 373.98748779296875 359.793731689453125 347.524993896484375 337.92498779296875 329.125 318.931243896484375 311.9375 310.331268310546875 314.28125 322.181243896484375 326.65625 329.125 332.09375 333.40625 335.32501220703125 340.274993896484375 338.875 337.712493896484375 341.975006103515625 343.125 346.068756103515625 348.818756103515625 349.73126220703125 349.993743896484375 354.11248779296875 357.82501220703125 358.375 357.92498779296875 356.58123779296875 354.85626220703125 355.73126220703125 349.83123779296875 344.318756103515625
317.6875 316.712493896484375 319.381256103515625 332.48126220703125 348.66876220703125 356.92498779296875 368.29998779296875 382.86248779296875 398.4375 405.381256103515625 395.07501220703125 377.39373779296875 364.63751220703125 352.14373779296875 340.73748779296875 329.01873779296875 316.568756103515625 309.712493896484375 307.681243896484375 313.118743896484375 321.649993896484375 325.681243896484375 327.212493896484375 333.76251220703125 333.42498779296875 334.774993896484375 333.03125 334.662506103515625 334.04998779296875 336.118743896484375 338.82501220703125 339.29376220703125 340.431243896484375 344.318756103515625 346.1875 346.92498779296875 351.42498779296875 354.03125 354.29998779296875 351.681243896484375 351.23126220703125 347.29376220703125 342.0625 338.475006103515625
314.806243896484375 314.82501220703125 315.89373779296875 315.475006103515625 332.118743896484375 346.725006103515625 359.07501220703125 371.51251220703125 388.98748779296875 398.881256103515625 391.443756103515625 372.818756103515625 363.46875 353.743743896484375 340.256256103515625 331.962493896484375 318.381256103515625 310.524993896484375 310.118743896484375 317.225006103515625 323.26251220703125 328.25 332.443756103515625 332.256256103515625 332.431243896484375 332.89373779296875 331.193756103515625 329.899993896484375 330.587493896484375 332.962493896484375 335.21875 337.26251220703125 337.625 339.912506103515625 340.54376220703125 342.45001220703125 344.32501220703125 345.481231689453125 349.375 346.66876220703125 342.256256103515625 339.006256103515625 332.71875 328.54376220703125
314.60626220703125 313.29998779296875 313.600006103515625 313.95001220703125 319.86248779296875 327.89373779296875 338.993743896484375 350.850006103515625 355.787506103515625 366.506256103515625 368.84375 360.881256103515625 356.756256103515625 351.162506103515625 341.79376220703125 332.875 325.587493896484375 321.25 319.912506103515625 326.95001220703125 329.03125 330.57501220703125 329.756256103515625 331.26251220703125 332.037506103515625 334.48126220703125 330.5 327.756256103515625 324.3125 326.993743896484375 330 329.51251220703125 328.17498779296875 329.82501220703125 331.399993896484375 334.618743896484375 334.443756103515625 335.03125 338.868743896484375 338.774993896484375 332.399993896484375 326.35626220703125 320.381256103515625 317.962493896484375
313.350006103515625 311.225006103515625 311.03125 313.787506103515625 318.91876220703125 326.568756103515625 326.774993896484375 320.11248779296875 314.868743896484375 328.375 344.79998779296875 347.818756103515625 351.40625 348.712493896484375 343.350006103515625 338.73126220703125 333.431243896484375 332.881256103515625 332.26251220703125 333.53125 337.024993896484375 334.96875 332.8125 328.806243896484375 330.79998779296875 326.274993896484375 325.662506103515625 321.15625 318 320.481231689453125 322.743743896484375 321.76251220703125 321.506256103515625 319.962493896484375 318.181243896484375 319.037506103515625 320.17498779296875 322.36248779296875 322.587493896484375 317.649993896484375 315.21875 309.868743896484375 305.60626220703125 300.431243896484375
312.61248779296875 310.76873779296875 312.256256103515625 313.26251220703125 316.33123779296875 321.225006103515625 320.931243896484375 316.412506103515625 304.57501220703125 304.25 320.88751220703125 333.01251220703125 344.068756103515625 344.100006103515625 341.83123779296875 341.774993896484375 340 342.368743896484375 345.86248779296875 340.45623779296875 334.79998779296875 335.42498779296875 327.725006103515625 330.8125 325.70623779296875 319.58123779296875 315.118743896484375 314.743743896484375 315.75 315.61248779296875 319.337493896484375 316.32501220703125 309.462493896484375 304.65625 304.79376220703125 306.4375 307.943756103515625 310.04376220703125 311.743743896484375 305.23126220703125 298.787506103515625 293.1875 292.037506103515625 290.5
310.931243896484375 310.993743896484375 312.51251220703125 314.868743896484375 314.51873779296875 319.024993896484375 320.26873779296875 318.506256103515625 314.92498779296875 317.4375 325.70001220703125 327.65625 340.14373779296875 341.09375 343.193756103515625 342.375 342.29998779296875 345.20001220703125 350.087493896484375 350.681243896484375 340.8125 331.524993896484375 324.306243896484375 323.962493896484375 316.01873779296875 310.03125 305.3125 304.931243896484375 307.89373779296875 311.41876220703125 310 305.087493896484375 301.1875 296.899993896484375 293.21875 293.725006103515625 293.76873779296875 295.962493896484375 297.524993896484375 296.23748779296875 293.63751220703125 291.08123779296875 282.54376220703125 275.193756103515625
309.07501220703125 311.043731689453125 311.51251220703125 314.193756103515625 313.850006103515625 319.58123779296875 322.274993896484375 319.537506103515625 318.79998779296875 324.61248779296875 333.462493896484375 339.056243896484375 337.23748779296875 340.756256103515625 341.03125 340.54376220703125 342.024993896484375 346.600006103515625 351.024993896484375 355.462493896484375 355.76873779296875 340.20623779296875 325.48748779296875 307.181243896484375 306.98748779296875 305.46875 300.756256103515625 299.64373779296875 297.806243896484375 297.46875 297.89373779296875 295.16876220703125 290.256256103515625 285.287506103515625 280.41876220703125 277.79376220703125 277.493743896484375 280.587493896484375 285.03125 285.84375 284.625 280.13751220703125 277.087493896484375 266.21875
309.412506103515625 310.01251220703125 311.32501220703125 313.993743896484375 315.612518310546875 317.868743896484375 323.556243896484375 325.42498779296875 328.125 329.59375 337.32501220703125 346.14373779296875 338.337493896484375 338.712493896484375 341.475006103515625 338.46875 339.418731689453125 343.5625 349.14373779296875 358.04376220703125 362.38751220703125 352.70623779296875 335.35626220703125 312.875 298.537506103515625 289.21875 282.975006103515625 282.20623779296875 283.600006103515625 282.75 279.149993896484375 276.3125 271.975006103515625 267.35626220703125 265.73748779296875 266.86248779296875 268.89373779296875 270.25 272.462493896484375 274.20001220703125 275.54998779296875 271.375 263.41876220703125 244.9375
310.71875 308.90625 309.51251220703125 312.475006103515625 313.5625 318.33123779296875 321.28125 322.39373779296875 326.45001220703125 332.618743896484375 339.23126220703125 345.20001220703125 342.9375 330.40625 329.725006103515625 332.57501220703125 333.1875 337.4375 342.34375 350.806243896484375 359.306243896484375 348.70001220703125 332.58123779296875 309.96875 280.60626220703125 266.662506103515625 268.79998779296875 269.625 272.225006103515625 272.306243896484375 266.449981689453125 259.33123779296875 254.0812530517578125 248.9812469482421875 248.681243896484375 253.2375030517578125 257.42498779296875 262.46875 267.25 268.568756103515625 267.39373779296875 263.57501220703125 247.7062530517578125 232.806243896484375
305.26251220703125 304.375 306.4375 308.875 311.743743896484375 314.70001220703125 316.76873779296875 319.256256103515625 325.63751220703125 331.15625 331.399993896484375 333.399993896484375 331.493743896484375 325.61248779296875 313.725006103515625 319.71875 320.287506103515625 322.368743896484375 329.35626220703125 337.993743896484375 342.631256103515625 335.14373779296875 322.64373779296875 304.975006103515625 281.375 265.23748779296875 260.70001220703125 257.20001220703125 257.850006103515625 254.943756103515625 253 244.8625030517578125 239.5812530517578125 235.149993896484375 233.662506103515625 241.375 250.037506103515625 258.412506103515625 264.65625 262.96875 252.0124969482421875 240.0187530517578125 234.8625030517578125 232.6062469482421875
299.01873779296875 300.07501220703125 303.225006103515625 305.25 307.1875 310.631256103515625 315.85626220703125 320.362518310546875 323.631256103515625 324.756256103515625 323.462493896484375 323.100006103515625 318.131256103515625 311.506256103515625 294.95623779296875 298.48126220703125 301.48126220703125 307.568756103515625 314.01251220703125 320.5 325.76251220703125 322.693756103515625 316.181243896484375 308.42498779296875 295.131256103515625 281.931243896484375 270.850006103515625 263.493743896484375 258.20001220703125 251.9562530517578125 241.28125 231.6062469482421875 229.4562530517578125 221.3562469482421875 215.2312469482421875 220.375 238.881256103515625 253.274993896484375 257.162506103515625 251.462493896484375 239.556243896484375 234.2375030517578125 236.6875 233.162506103515625
291.837493896484375 292.6875 297.6875 301.25 302.681243896484375 308.149993896484375 314.118743896484375 317.912506103515625 318.431243896484375 319.649993896484375 316.375 313.53125 307.8125 302.73126220703125 289.868743896484375 276 283 295.29998779296875 298.568756103515625 304.412506103515625 310.09375 315.087493896484375 316.506256103515625 315.54998779296875 305.475006103515625 291.34375 277.756256103515625 265.850006103515625 257.962493896484375 251.7562408447265625 243.993743896484375 232.09375 218.9562530517578125 206.75 199.3625030517578125 215.9875030517578125 227.975006103515625 240.162506103515625 246.46875 246.25 239.21875 234.0625 232.100006103515625 224.0500030517578125
286.29376220703125 288.068756103515625 291.25 296.375 301.13751220703125 304.399993896484375 308.512481689453125 311.26873779296875 313.48748779296875 313.756256103515625 311.712493896484375 310.09375 303.14373779296875 296.07501220703125 286.83123779296875 276.90625 265.15625 274.98126220703125 283.20623779296875 290.09375 296.95623779296875 303.350006103515625 311.962493896484375 318.88751220703125 316.006256103515625 293.412506103515625 276.28125 264.58123779296875 256.01251220703125 249.1125030517578125 242.3000030517578125 234.1125030517578125 222.399993896484375 211.962493896484375 215.350006103515625 220.9562530517578125 232.162506103515625 243.46875 253.46875 246.5812530517578125 237.618743896484375 229.9562530517578125 221.818756103515625 217.1875
278.600006103515625 282.64373779296875 287.70623779296875 292.162506103515625 297.26251220703125 303.643768310546875 306.100006103515625 307.26251220703125 307.34375 308.125 306.1875 307.024993896484375 297.16876220703125 291.92498779296875 283.54376220703125 275.600006103515625 264.98748779296875 255.1750030517578125 272.649993896484375 277.631256103515625 283.39373779296875 291.45001220703125 300.850006103515625 308.943756103515625 308.95001220703125 291.381256103515625 270.23126220703125 261.399993896484375 253.9812469482421875 243.3562469482421875 228.6437530517578125 216.6687469482421875 222.850006103515625 222.8874969482421875 221.806243896484375 235.9875030517578125 246.212493896484375 248.368743896484375 250.818756103515625 245.6687469482421875 230.4812469482421875 222.0124969482421875 214.568756103515625 210.96875
270.743743896484375 275.856231689453125 280.743743896484375 288.175018310546875 295.20623779296875 299.58123779296875 303.287506103515625 306.09375 305.9375 307.787506103515625 303.756256103515625 295.787506103515625 288.1875 283.850006103515625 276.45623779296875 271.70001220703125 265.875 253.0437469482421875 252.46875 259.306243896484375 266.58123779296875 278.89373779296875 273.60626220703125 284.100006103515625 285.600006103515625 281.462493896484375 269.70001220703125 255.71875 248.431243896484375 237.756256103515625 226.3874969482421875 220.993743896484375 224.8687591552734375 224.8312530517578125 226.6750030517578125 236.337493896484375 239.15625 238.087493896484375 240.7375030517578125 232.7687530517578125 220.462493896484375 211.318756103515625 207.368743896484375 206.618743896484375
