data/historical-monthly-weather-data/wc2.1_cruts4.09_10m_prec_2015-08.asc
ncols        51
nrows        45
xllcorner    -63.500000000000
yllcorner    -7.500000000000
cellsize     0.166666666667
NODATA_value -9999
[rows 0 to 18 of 45, columns 0 to 42 of 51]
199.2687530517578125 204.806243896484375 206.7624969482421875 213.53125 221.212493896484375 228.1687469482421875 228.287506103515625 230.625 230.5437469482421875 227.5187530517578125 217.9375 211.381256103515625 207.443756103515625 199.618743896484375 193.1875 182.9375 175.8562469482421875 168.649993896484375 161.5187530517578125 158.6999969482421875 154.681243896484375 148.75 143.3125 138.4812469482421875 132.53125 127.06874847412109375 124.71250152587890625 123.9375 116.9812469482421875 110.5124969482421875 100.1687469482421875 93.6999969482421875 87.93125152587890625 80.625 75 72.3249969482421875 69.25 67.3625030517578125 67.55625152587890625 67.34999847412109375 67.7312469482421875 70.25624847412109375 71.4375
189.649993896484375 193.743743896484375 200.5749969482421875 208.5 218.212493896484375 222.3625030517578125 218.243743896484375 218.3874969482421875 217.9499969482421875 213.818756103515625 205.6875 200.3937530517578125 191.9375 182.1875 174.2937469482421875 167.881256103515625 159.0749969482421875 152.21875 146.618743896484375 142.90625 138.7937469482421875 133.100006103515625 128.181243896484375 124.8874969482421875 119.3625030517578125 113.5124969482421875 113.55625152587890625 111.84999847412109375 105.99375152587890625 97.97499847412109375 89.77500152587890625 82.21875 76.6687469482421875 71.7375030517578125 66.34999847412109375 63.30625152587890625 59.43125152587890625 58.5 57.96250152587890625 57.6875 59.293750762939453125 60.862499237060546875 63.049999237060546875
172.2375030517578125 178.8874969482421875 186.6437530517578125 196.03125 204.912506103515625 207.556243896484375 206.2062530517578125 205.037506103515625 200.931243896484375 194.962493896484375 188.9437408447265625 182.4499969482421875 172.84375 160.8562469482421875 152.243743896484375 144.9499969482421875 137.5437469482421875 130.84375 125.25624847412109375 119.7937469482421875 117.31874847412109375 114.58750152587890625 110.56874847412109375 108.4375 102.5625 98.72499847412109375 100.1437530517578125 97.94374847412109375 93.49375152587890625 87.00624847412109375 78.5749969482421875 71.77500152587890625 66.90625 62.78125 57.318752288818359375 53.33750152587890625 50.75624847412109375 49.71875 49.09999847412109375 49.793750762939453125 51.99375152587890625 54.106250762939453125 57.174999237060546875
155.9250030517578125 160.037506103515625 169.3874969482421875 178.8937530517578125 185.056243896484375 186.9375 187.6062469482421875 187.1875 185.431243896484375 178.65625 169.5500030517578125 160.256256103515625 150.96875 139.21875 130.475006103515625 122.56874847412109375 115.97499847412109375 110.1875 105.03749847412109375 102.5749969482421875 99.69374847412109375 96.1374969482421875 92.5187530517578125 90.90625 86.72499847412109375 83.41249847412109375 84.7687530517578125 82.09999847412109375 79.65625 74.50624847412109375 67.77500152587890625 61.143749237060546875 55.831249237060546875 51.293750762939453125 46.9375 44.34999847412109375 43.21875 41.768749237060546875 40.987499237060546875 42.481250762939453125 44.075000762939453125 47.381252288818359375 50.375
154.7624969482421875 154.243743896484375 152.9812469482421875 158.068756103515625 165.912506103515625 167.1125030517578125 166.8874969482421875 170.162506103515625 169.71875 162.4375 151.21875 140.350006103515625 130.4000091552734375 119.9375 110.71250152587890625 103.34999847412109375 96.03125 90.0749969482421875 85.34999847412109375 83.5 82.875 78.80625152587890625 76.25624847412109375 76.03749847412109375 71.80625152587890625 68.7687530517578125 69.02500152587890625 69.78749847412109375 68.4499969482421875 62.63124847412109375 58.143749237060546875 52.02500152587890625 47.72499847412109375 43.83750152587890625 39.881252288818359375 37.112499237060546875 35.43125152587890625 34.27500152587890625 33.875 34.793750762939453125 37.362499237060546875 40.456249237060546875 44.43125152587890625
147.306243896484375 145.8937530517578125 142.193756103515625 137.287506103515625 142.8125 150.34375 152.15625 152.912506103515625 152.1062469482421875 144.524993896484375 131.4562530517578125 121.0437469482421875 112.36875152587890625 103.05625152587890625 94.40000152587890625 87.59375 80.00624847412109375 74.03749847412109375 70.78749847412109375 68.9499969482421875 68.41249847412109375 66.46875 64.69374847412109375 62.4375 60.56874847412109375 58.825000762939453125 59.393749237060546875 59.91249847412109375 59.581249237060546875 54.08750152587890625 50.05625152587890625 45.90625 41.43125152587890625 38.13124847412109375 34.15625 32.5625 30.850000381469726562 29.368749618530273438 29.706249237060546875 31.28125 33.00624847412109375 36.28125 40.075000762939453125
140.618743896484375 139.78125 135.9812469482421875 131.5812530517578125 130.993743896484375 132.0812530517578125 133.375 133.787506103515625 126.3249969482421875 119.5187530517578125 110.48749542236328125 102.36875152587890625 95.8125 87.52500152587890625 80.4499969482421875 73.8562469482421875 66.8125 61.875 58.15000152587890625 56.77500152587890625 55.862499237060546875 54.81874847412109375 53.58750152587890625 52.47499847412109375 51.0625 50.299999237060546875 50.91249847412109375 51.22499847412109375 50.13124847412109375 46.856250762939453125 43 39.02500152587890625 35.893749237060546875 32.91249847412109375 29.731250762939453125 28.149999618530273438 26.53125 25.53125 26.318750381469726562 27.975000381469726562 29.612499237060546875 32.549999237060546875 36.40000152587890625
134.837493896484375 131.818756103515625 129.9375 126.65000152587890625 126.4375 127.02500152587890625 122 112.38124847412109375 101.80625152587890625 95.96250152587890625 92.53125 86.375 80.22499847412109375 73.33750152587890625 67.43125152587890625 61.212497711181640625 55.28749847412109375 50.93125152587890625 47.3125 45.38124847412109375 45.206249237060546875 44.612499237060546875 43.268749237060546875 42.59375 42.581249237060546875 41.8125 42.34999847412109375 43.137500762939453125 42.862499237060546875 39.28125 36.84999847412109375 33.52500152587890625 30.443750381469726562 28.131250381469726562 25.068750381469726562 23.731250762939453125 22.575000762939453125 21.725000381469726562 22.331249237060546875 23.59375 25.418750762939453125 28.268749237060546875 31.587499618530273438
128.9875030517578125 125.65000152587890625 124.1437530517578125 119.63124847412109375 117.65000152587890625 116.08750152587890625 112.46875 105.1750030517578125 91.2624969482421875 81.93125152587890625 78.46250152587890625 73.875 70.64374542236328125 64.6875 59.387500762939453125 53.875 49.4375 45.74375152587890625 43.299999237060546875 40.325000762939453125 39.46250152587890625 38.987499237060546875 37.512500762939453125 37.987499237060546875 37.63124847412109375 36.44374847412109375 36.28125 37.55625152587890625 37.59999847412109375 34.768749237060546875 32.887500762939453125 29.649999618530273438 26.612499237060546875 23.90625 21.674999237060546875 21.106250762939453125 20.506250381469726562 20.03125 20.475000381469726562 21.612499237060546875 23.075000762939453125 24.993749618530273438 27.318750381469726562
122.0500030517578125 118.4499969482421875 115.59999847412109375 112.36875152587890625 109.84375 107.93125152587890625 106.43125152587890625 99.61875152587890625 87.99375152587890625 80.49375152587890625 74.3249969482421875 67.43125152587890625 63.700000762939453125 58.65625 53.13124847412109375 48.450000762939453125 43.90000152587890625 41.356250762939453125 38.94374847412109375 36.58750152587890625 35.49375152587890625 34.112499237060546875 32.50624847412109375 32.762500762939453125 32.18125152587890625 31.112499237060546875 31.193750381469726562 32.075000762939453125 31.78125 29.65625 27.637500762939453125 25.4375 23.581249237060546875 21.693750381469726562 20.049999237060546875 19.5625 18.9375 18.5 19.212499618530273438 20.212499618530273438 21.287500381469726562 22.412500381469726562 23.768749237060546875
117.4187469482421875 112.93125152587890625 108.31874847412109375 104.3000030517578125 102.2062530517578125 102.0437469482421875 100.34375 92.8562469482421875 83.28749847412109375 75.4562530517578125 70.3249969482421875 63.78125 58.200000762939453125 52.6875 47.03749847412109375 42.362499237060546875 38.575000762939453125 36.65625 34.4375 32.65000152587890625 32.387500762939453125 30.850000381469726562 28.962499618530273438 28.09375 28.15625 27.306249618530273438 27.568750381469726562 27.862499237060546875 27.043750762939453125 25.15625 24.112499237060546875 22.65625 21.543748855590820312 20.0625 18.375 17.84375 17.368749618530273438 17.262500762939453125 17.774999618530273438 18.46875 19.125 19.931249618530273438 21.100000381469726562
111.53749847412109375 107.31874847412109375 102.47499847412109375 98.93125152587890625 96.78749847412109375 96.34999847412109375 95.15625 89.1437530517578125 80.0749969482421875 72.6062469482421875 67.2624969482421875 60.77500152587890625 54.137500762939453125 47.768749237060546875 44.043750762939453125 39.72499847412109375 35.918750762939453125 33.606250762939453125 31.975000381469726562 30.856250762939453125 30.5 28.931249618530273438 27.087499618530273438 26.368749618530273438 25.649999618530273438 23.637500762939453125 23.774999618530273438 24.299999237060546875 23.899999618530273438 22.737499237060546875 21.806249618530273438 21.237499237060546875 19.856250762939453125 18.575000762939453125 17.46875 17.350000381469726562 17.0625 16.793750762939453125 16.743749618530273438 16.78125 17.268749237060546875 17.875 18.5
104.8312530517578125 99.44374847412109375 95.16875457763671875 90.5124969482421875 88.75 87.4250030517578125 84.34999847412109375 80.30625152587890625 73.02500152587890625 67.4812469482421875 63.03125 57.262500762939453125 50.325000762939453125 43.293750762939453125 39.11875152587890625 35.856250762939453125 32.356250762939453125 30.84375 29.337499618530273438 27.856250762939453125 27.575000762939453125 26.143749237060546875 24.393749237060546875 23.03125 21.174999237060546875 19.668750762939453125 20.475000381469726562 21.231250762939453125 21.756250381469726562 21.125 20.375 19.8125 19.03125 17.443750381469726562 16.668750762939453125 17.024999618530273438 17.543750762939453125 17.237499237060546875 17.337499618530273438 16.587499618530273438 15.71875 16.506250381469726562 16.6875
97.5812530517578125 91.2062530517578125 86.28125 82.69374847412109375 79.6687469482421875 77.34999847412109375 74.53125 71.88124847412109375 66.1374969482421875 61.924999237060546875 57.75 51.518749237060546875 45.581249237060546875 39.387500762939453125 34.018749237060546875 31.6875 29.049999237060546875 27.65625 25.587499618530273438 24.112501144409179688 23.756250381469726562 22.34375 20.71875 19.787500381469726562 18.543750762939453125 17.59375 18.362499237060546875 19.231250762939453125 19.837499618530273438 19.799999237060546875 19.693750381469726562 19.037500381469726562 18.25 17.043750762939453125 16.756250381469726562 17.725000381469726562 18.487499237060546875 19.15625 19.475000381469726562 18.231250762939453125 15.600000381469726562 14.90625 15.71875
90.40625 85.16249847412109375 79.4562530517578125 74.72499847412109375 71.68125152587890625 69.22499847412109375 66.41249847412109375 63.293750762939453125 58.893749237060546875 55.84375 51.75624847412109375 46.68125152587890625 41.1875 35.200000762939453125 30.337499618530273438 27.381250381469726562 25.268749237060546875 23.71875 22.293750762939453125 21.256250381469726562 20.881250381469726562 19.78125 18.53125 18.3125 17.912500381469726562 17.587499618530273438 18.174999237060546875 18.799999237060546875 19.174999237060546875 19.256250381469726562 19.100000381469726562 18.981250762939453125 18.337499618530273438 17.606250762939453125 17.112499237060546875 18.299999237060546875 19.806249618530273438 22.068750381469726562 23.03125 21.231250762939453125 19.581249237060546875 18.65625 19.287500381469726562
82.46875 77.86875152587890625 72.90625 68.09375 64.15625 62.21875 59.643749237060546875 55.81874847412109375 52.762500762939453125 50.30625152587890625 47.18125152587890625 41.956249237060546875 36.52500152587890625 31.325000762939453125 27.225000381469726562 23.512500762939453125 21.643749237060546875 20.5 19.356250762939453125 18.706249237060546875 18.299999237060546875 17.65625 17.100000381469726562 17.618749618530273438 17.762500762939453125 17.612499237060546875 18.243749618530273438 18.5625 18.787500381469726562 19.174999237060546875 19.543750762939453125 19.524999618530273438 18.643749237060546875 17.956249237060546875 17.818750381469726562 20.34375 22.568750381469726562 24.931249618530273438 26.59375 26.318750381469726562 25.518749237060546875 24.006250381469726562 22.618749618530273438
76.7375030517578125 72.31874847412109375 66.8874969482421875 62.268749237060546875 57.487499237060546875 55.737499237060546875 53.68125152587890625 50.706249237060546875 47.69374847412109375 46.09375 43.737499237060546875 38.25624847412109375 33.137500762939453125 28.299999237060546875 24.568750381469726562 21.262500762939453125 18.318750381469726562 17.212499618530273438 16.756250381469726562 16.46875 15.868749618530273438 15.699999809265136719 15.743749618530273438 17.131250381469726562 17.950000762939453125 17.806249618530273438 17.943750381469726562 18.28125 18.25 18.637500762939453125 19.600000381469726562 20.512500762939453125 20.181249618530273438 19.78125 21.731250762939453125 24.306249618530273438 26.712499618530273438 30.09375 32.88124847412109375 31.412500381469726562 29.556249618530273438 26.743749618530273438 24.081249237060546875
69.9250030517578125 66.34375 61.606250762939453125 57.487499237060546875 52.93125152587890625 51.25624847412109375 48.44374847412109375 45.924999237060546875 43.6875 42.143749237060546875 40.21875 35.512500762939453125 30.168750762939453125 25.506250381469726562 22.112499237060546875 19.03125 16.299999237060546875 14.356249809265136719 14.337499618530273438 13.831250190734863281 13.725000381469726562 13.787500381469726562 14.375 15.981249809265136719 17.481250762939453125 17.856250762939453125 18.450000762939453125 18.712499618530273438 18.487499237060546875 18.725000381469726562 18.899999618530273438 19.612499237060546875 21.950000762939453125 24.131250381469726562 25.418750762939453125 28.59375 31.768749237060546875 34.31874847412109375 35.456249237060546875 34.43125152587890625 30.793750762939453125 28.118749618530273438 25.537500381469726562
63.56874847412109375 60.36875152587890625 56.375 52.63124847412109375 48.9375 46.8125 44.53749847412109375 42.02500152587890625 41.13124847412109375 40.25 38.325000762939453125 32.78125 27.943750381469726562 23.799999237060546875 20.149999618530273438 17.512500762939453125 14.875 12.787500381469726562 11.975000381469726562 11.787500381469726562 12.456250190734863281 13.90625 12.637499809265136719 14.462499618530273438 16.193750381469726562 17.725000381469726562 18.893749237060546875 19.081249237060546875 19.456249237060546875 19.024999618530273438 19.049999237060546875 21.118749618530273438 24.181249618530273438 26.024999618530273438 27.875 31.043750762939453125 32.96875 33.83750152587890625 34.9375 33.456249237060546875 31.181249618530273438 28.681249618530273438 26.268749237060546875
