data/historical-monthly-weather-data/wc2.1_cruts4.09_10m_prec_1975-06.asc
ncols        45
nrows        45
xllcorner    -63.500000000000
yllcorner    -7.500000000000
cellsize     0.166666666667
NODATA_value -9999
[rows 0 to 18 of 45, columns 0 to 43 of 45]
313.07501220703125 312.46875 308.45623779296875 313.818756103515625 314.506256103515625 316.475006103515625 312.14373779296875 306.0625 295.431243896484375 295.10626220703125 297.368743896484375 296.07501220703125 295.26873779296875 291.100006103515625 286.274993896484375 283.20001220703125 277.712493896484375 271.899993896484375 265.743743896484375 262.756256103515625 263.71875 256.48126220703125 251.1374969482421875 244.8125 240.725006103515625 238.1750030517578125 240.649993896484375 245.53125 243.4875030517578125 240.993743896484375 233.2062530517578125 232.024993896484375 234.4187469482421875 232.1437530517578125 230.600006103515625 230.181243896484375 229.1125030517578125 229.975006103515625 226.556243896484375 225.8874969482421875 228.7624969482421875 237.2375030517578125 237.399993896484375 240.40625
310.0625 309.91876220703125 313.318756103515625 317.125 323.287506103515625 325.17498779296875 320.524993896484375 313.76873779296875 310.306243896484375 308.975006103515625 307.45001220703125 303.225006103515625 293.850006103515625 286.868743896484375 279.39373779296875 273.76873779296875 265.66876220703125 257.493743896484375 251.2937469482421875 249.943756103515625 249.337493896484375 243.3562469482421875 240.4375 236.881256103515625 232.9499969482421875 229.4499969482421875 232.006256103515625 233.806243896484375 232.381256103515625 226.5437469482421875 223.7687530517578125 227.631256103515625 228.087493896484375 228.1687469482421875 228.8000030517578125 225.25 225.8000030517578125 225.5749969482421875 222.787506103515625 222.8874969482421875 228.65625 226.743743896484375 233.3874969482421875 236.0812530517578125
302.98126220703125 311.60626220703125 315.25 314.48126220703125 321.743743896484375 326.95623779296875 325.48748779296875 327.399993896484375 324.61248779296875 322.04376220703125 316.287506103515625 306.17498779296875 296.9375 282.08123779296875 271.51251220703125 263.375 252.4375 244.375 238.3249969482421875 234.587493896484375 234.71875 234.5437469482421875 231.3312530517578125 232.524993896484375 226.1312408447265625 221.8874969482421875 228.1437530517578125 227.6875 223.0437469482421875 223.662506103515625 219.4499969482421875 219.774993896484375 220.162506103515625 222.5812530517578125 221.1437530517578125 213.90625 217.368743896484375 221.15625 219.931243896484375 221.4562530517578125 229.618743896484375 230.6437530517578125 233.912506103515625 234.6187591552734375
294.212493896484375 297.506256103515625 307.42498779296875 313.04376220703125 316.54998779296875 321.712493896484375 326.60626220703125 330.943756103515625 333.118743896484375 332.431243896484375 322.20001220703125 307.04998779296875 291.6875 274.66876220703125 263.60626220703125 253.71875 238.9875030517578125 231.8125 225.59375 228.162506103515625 226.587493896484375 221.40625 220.443756103515625 224.0124969482421875 218.2312469482421875 214.96875 218.162506103515625 215.375 214.9187469482421875 216.681243896484375 215.318756103515625 212.9562530517578125 213.4562530517578125 211.0500030517578125 210.274993896484375 214.7937469482421875 219.5124969482421875 220.75 219.5625 221.7375030517578125 228.5749969482421875 234.725006103515625 237.1125030517578125 236.5749969482421875
308.32501220703125 308.04998779296875 299.1875 307.32501220703125 319.17498779296875 319.57501220703125 325.01251220703125 335.58123779296875 344.15625 344.40625 331.949981689453125 304.95623779296875 287.600006103515625 270.837493896484375 255.1687469482421875 243.1999969482421875 230.3562469482421875 217.96875 211.087493896484375 211.2375030517578125 209.806243896484375 208.912506103515625 209.5124969482421875 212.193756103515625 207.662506103515625 206.3937530517578125 206.71875 209.8312530517578125 209.9562530517578125 207.7062530517578125 209.9812469482421875 210.8937530517578125 209.587493896484375 209.625 212.8125 212.7312469482421875 217.1750030517578125 222.40625 220.037506103515625 220.024993896484375 227.7687530517578125 233.5187530517578125 237.868743896484375 241.96875
307.11248779296875 312.42498779296875 305.350006103515625 292.64373779296875 308.399993896484375 321.875 323.149993896484375 329.25 342 344.01873779296875 324.67498779296875 298.600006103515625 281.48126220703125 264.60626220703125 246.212493896484375 233.568756103515625 219.25 207.4499969482421875 203.3937530517578125 201.1062469482421875 202.6687469482421875 201.475006103515625 201.193756103515625 199.3874969482421875 199.6062469482421875 199.8625030517578125 198.3249969482421875 201.375 202.431243896484375 201.212493896484375 206.3874969482421875 208.368743896484375 211.125 210.006256103515625 208.3000030517578125 216.3937530517578125 217.4375 215 218.5 226.618743896484375 229.8125 237.6125030517578125 238.96875 242.0749969482421875
313.23126220703125 314.90625 309.287506103515625 302.40625 297.631256103515625 297.36248779296875 298.587493896484375 311.66876220703125 313.21875 314.29998779296875 303.35626220703125 283.10626220703125 270.774993896484375 257.48126220703125 240.381256103515625 226.3000030517578125 214.3562469482421875 203.1374969482421875 194.068756103515625 192.4875030517578125 189.149993896484375 189.256256103515625 188.256256103515625 190.0187530517578125 194.931243896484375 195.493743896484375 193.4375 193.9375 194.8562469482421875 201.7062530517578125 201.8562469482421875 200.9875030517578125 202.4375 206.8937530517578125 212.625 215.1125030517578125 211.618743896484375 213.412506103515625 216.03125 225.631256103515625 229.03125 234.3125 239.59375 243.09375
315.15625 310.506256103515625 306.024993896484375 307.70001220703125 303.61248779296875 306.462493896484375 292.15625 279.90625 269.725006103515625 275.287506103515625 275.41876220703125 266.14373779296875 258.131256103515625 246.181243896484375 235.212493896484375 221.78125 206.4499969482421875 196.5187530517578125 187.100006103515625 179.3249969482421875 186.0500030517578125 183.625 181.5625 182.90625 187.7624969482421875 186.4812469482421875 185.96875 186.4875030517578125 187.806243896484375 190.087493896484375 198.8249969482421875 197.9875030517578125 201.006256103515625 203.875 203.850006103515625 205.4875030517578125 206.850006103515625 208.9812469482421875 207.287506103515625 210.84375 217.5625 227.649993896484375 227.524993896484375 226.7687530517578125
311.931243896484375 310.181243896484375 302.01251220703125 299.96875 298.79376220703125 293.73748779296875 290.6875 283.993743896484375 263.412506103515625 250.2937469482421875 247.131256103515625 244.024993896484375 244.899993896484375 236.2624969482421875 227.412506103515625 213.881256103515625 206.8125 199.649993896484375 192.162506103515625 181.1624908447265625 175.443756103515625 180.899993896484375 174.4875030517578125 181.2312469482421875 181.5124969482421875 181.4250030517578125 181.162506103515625 183.9562530517578125 189.625 190.875 199.774993896484375 190.912506103515625 186.125 186.9812469482421875 192.774993896484375 202.0749969482421875 207.4499969482421875 212.818756103515625 211.3937530517578125 209.850006103515625 210.9187469482421875 211.306243896484375 220.493743896484375 219.4375
308.86248779296875 307.90625 300.73126220703125 298.01251220703125 295.48748779296875 288.82501220703125 283.91876220703125 272.743743896484375 262.756256103515625 251.71875 240.40625 226.0124969482421875 229.4812469482421875 225.9250030517578125 220.287506103515625 212.09375 202.756256103515625 202.1437530517578125 195.6125030517578125 188.53125 179.2062530517578125 175.556243896484375 167.556243896484375 171.15625 170.21875 174.037506103515625 175.100006103515625 176.3000030517578125 178.337493896484375 184.4187469482421875 189.8937530517578125 185.4499969482421875 185.90625 187.8625030517578125 188.743743896484375 195.3125 203.8249969482421875 212.2937469482421875 214.3625030517578125 220.524993896484375 225.2687530517578125 224.9375 216.8937530517578125 206.5500030517578125
309.35626220703125 305.41876220703125 297.787506103515625 292.67498779296875 286.90625 284.03125 272.649993896484375 262.23748779296875 255.90625 248.09375 240.037506103515625 227.03125 217.625 215.6437530517578125 210.4875030517578125 205.2312469482421875 198.462493896484375 193.506256103515625 191.7687530517578125 191.524993896484375 192.899993896484375 183.6875 168.537506103515625 155.431243896484375 161.3000030517578125 173.681243896484375 176.725006103515625 174.6437530517578125 172.78125 176.162506103515625 180.21875 179.3312530517578125 182.256256103515625 185.587493896484375 188.399993896484375 191.056243896484375 199.5625 205.618743896484375 216.625 220.5500030517578125 223.8562469482421875 219.53125 216.8249969482421875 199.7624969482421875
301.118743896484375 298.34375 295.17498779296875 285.85626220703125 281.087493896484375 273.45001220703125 269.493743896484375 261.743743896484375 254.1999969482421875 239.743743896484375 235.3000030517578125 226.4499969482421875 208.9499969482421875 207.006256103515625 208.15625 202.100006103515625 195.4875030517578125 192.3937530517578125 192.7937469482421875 199.75 202.131256103515625 194.6437530517578125 177.3937530517578125 159.024993896484375 158.2687530517578125 162.2624969482421875 162.5625 164.7687530517578125 167.912506103515625 168.837493896484375 165.5812530517578125 169.2312469482421875 173.6125030517578125 174.0437469482421875 180.631256103515625 189.75 201.131256103515625 209.149993896484375 209.4375 219.46875 223.84375 217.868743896484375 200.100006103515625 173.1125030517578125
298.33123779296875 293.318756103515625 287.5625 278.618743896484375 275.35626220703125 265.46875 259.65625 253.118743896484375 242.506256103515625 232.850006103515625 226.756256103515625 221.743743896484375 212.712493896484375 197 193.7312469482421875 192.4812469482421875 188.3874969482421875 188.3187408447265625 182.8125 187.993743896484375 193.931243896484375 187.662506103515625 175.625 161.462493896484375 150.350006103515625 151.1875 155.568756103515625 159.368743896484375 164.193756103515625 167.787506103515625 163.006256103515625 160.0749969482421875 167.712493896484375 166.28125 171.806243896484375 183.287506103515625 199.7937469482421875 211.881256103515625 225.96875 228.975006103515625 222.806243896484375 213.2062530517578125 185.9250030517578125 164.2062530517578125
292.681243896484375 287.881256103515625 280.131256103515625 272.28125 264.181243896484375 257.07501220703125 248.850006103515625 244.7687530517578125 237.337493896484375 226.0500030517578125 218.9187469482421875 210.3000030517578125 204.850006103515625 195.125 179.4499969482421875 181.96875 177.306243896484375 174.631256103515625 172.1999969482421875 175.2937469482421875 179.0437469482421875 174.0812530517578125 165.375 159.193756103515625 153.0749969482421875 148.743743896484375 148.431243896484375 149.631256103515625 153.34375 155.6062469482421875 157.493743896484375 156.837493896484375 160.5812530517578125 165.274993896484375 166.4875030517578125 185.162506103515625 207.243743896484375 226.3874969482421875 241.475006103515625 239.725006103515625 213.7624969482421875 194.71875 187.556243896484375 188.2312469482421875
280.956268310546875 276.6875 272.381256103515625 266.64373779296875 258.07501220703125 250.625 244.6125030517578125 237.743743896484375 229.8125 220.84375 211.899993896484375 204.8312530517578125 198.662506103515625 187.412506103515625 169.65625 169.681243896484375 166.943756103515625 167.9562530517578125 161.96875 162.8249969482421875 167.5187530517578125 164.4562530517578125 161.149993896484375 159.024993896484375 159.350006103515625 156.5812530517578125 156.34375 155.9250030517578125 160.287506103515625 156.443756103515625 151.4499969482421875 153.899993896484375 163.9562530517578125 162.3937530517578125 158.4499969482421875 167.9875030517578125 200.006256103515625 233.5500030517578125 244.506256103515625 236.75 225.40625 216.618743896484375 216.6374969482421875 201.631256103515625
273.01873779296875 265.943756103515625 261.98748779296875 253.96875 250.8249969482421875 244.8874969482421875 237.287506103515625 228.84375 224.618743896484375 220.475006103515625 211.4250030517578125 203.3562469482421875 197.1687469482421875 186.6062469482421875 171.1875 152.8562469482421875 154.1374969482421875 158.6374969482421875 153.375 153.462493896484375 156.193756103515625 155.8562469482421875 156.875 160.193756103515625 161.5625 159.7687530517578125 157.087493896484375 158.412506103515625 159.8625030517578125 162.7062530517578125 160.318756103515625 156.600006103515625 152.662506103515625 148.625 145.9250030517578125 175.381256103515625 193.28125 217.7937469482421875 237.1062469482421875 246.693756103515625 249.6750030517578125 242.5812530517578125 226.9562530517578125 203.8625030517578125
262.899993896484375 258.087493896484375 251.09375 247.96875 244.3562469482421875 239.850006103515625 232.368743896484375 225.8625030517578125 216.9187469482421875 210.96875 206.78125 201.1374969482421875 191.9499969482421875 182.087493896484375 173.587493896484375 156.9562530517578125 138.556243896484375 141.4499969482421875 143.3249969482421875 142.2624969482421875 142.837493896484375 146.412506103515625 148.6374969482421875 157.868743896484375 159.787506103515625 153.4250030517578125 151.399993896484375 152.162506103515625 159.1875 163.4187469482421875 165.3562469482421875 165.7937469482421875 161.9875030517578125 164.181243896484375 177.9812469482421875 192.6125030517578125 214.5625 234.931243896484375 253.306243896484375 248.71875 251.6062469482421875 237.662506103515625 215.368743896484375 199.6999969482421875
251.4375 248.0812530517578125 246.118743896484375 243.2937469482421875 240.6750030517578125 239.056243896484375 230.631256103515625 223.21875 214.4187469482421875 204.600006103515625 197.5187530517578125 195.4187469482421875 185.3937530517578125 177.193756103515625 171.600006103515625 159.3187408447265625 141.693756103515625 125.69374847412109375 136.1125030517578125 130.931243896484375 131.1374969482421875 134.3312530517578125 141.375 149.0625 154.6062469482421875 148.8125 144.3312530517578125 151.568756103515625 157.6125030517578125 158.318756103515625 152.774993896484375 148.5749969482421875 172.0500030517578125 180.6125030517578125 188.587493896484375 224.818756103515625 243.4375 243.381256103515625 250.1062469482421875 248.962493896484375 230.524993896484375 212.806243896484375 195.9187469482421875 185.9812469482421875
241.506256103515625 241.618743896484375 240.03125 238.868743896484375 237.8312530517578125 232.78125 226.125 218.3625030517578125 211.881256103515625 204.6374969482421875 195.837493896484375 184.375 176.4562530517578125 171.0500030517578125 162.8125 153.7062530517578125 146.3625030517578125 127.59375 119.0437469482421875 116.91249847412109375 121.8562469482421875 129.4499969482421875 123.125 134.412506103515625 140.0625 146.475006103515625 148.0625 147.6500091552734375 156.7687530517578125 157.0500030517578125 154.1062469482421875 157.8000030517578125 171.7937469482421875 178.0124969482421875 193.09375 220.1999969482421875 229.3562469482421875 227.3625030517578125 231.9562530517578125 223.693756103515625 208.306243896484375 187.3874969482421875 178.84375 175.162506103515625
