data/historical-monthly-weather-data/wc2.1_cruts4.09_10m_prec_1964-08.asc
ncols        51
nrows        45
xllcorner    -63.500000000000
yllcorner    -7.500000000000
cellsize     0.166666666667
NODATA_value -9999
[rows 19 to 37 of 45, columns 0 to 42 of 51]
122.68125152587890625 121.78749847412109375 121.5437469482421875 122.5812530517578125 122.3937530517578125 123.4375 123.2937469482421875 122.16249847412109375 122.8000030517578125 121.02500152587890625 118.00624847412109375 112.6687469482421875 103.1374969482421875 93.3625030517578125 86.03749847412109375 78.375 68.61875152587890625 66.8249969482421875 68.08750152587890625 73.1062469482421875 74.2062530517578125 78.7937469482421875 89 95.46875 98.24375152587890625 96.71250152587890625 92.34999847412109375 85.11875152587890625 75.90625 65.09999847412109375 59.737499237060546875 64.58750152587890625 67.4499969482421875 70.91249847412109375 74.08750152587890625 72.69374847412109375 69.0812530517578125 64.71250152587890625 57.9375 49.543750762939453125 40.549999237060546875 35.125 31.149999618530273438
113.6374969482421875 115.80625152587890625 118.43125152587890625 120.2312469482421875 119.24375152587890625 120.53749847412109375 122.125 122.66249847412109375 123.9562530517578125 122.44374847412109375 120.52500152587890625 116.9375 107.1125030517578125 96.78125 87.80625152587890625 79.90625 71.8312530517578125 67.40000152587890625 70.28125 73.6437530517578125 79.2375030517578125 86.3562469482421875 94.1062469482421875 100.6437530517578125 105.5749969482421875 101.8874969482421875 92.53125 84.6125030517578125 77.25 71.90625 68.875 69.75 69.3125 69.53749847412109375 71.8000030517578125 69.9250030517578125 67.5749969482421875 63.21875 56.03125 48.41249847412109375 40.106250762939453125 35.21250152587890625 31.375
108.625 109.31874847412109375 113.15625 117.19374847412109375 118.69374847412109375 119.4875030517578125 122.75 122.66249847412109375 125.02500152587890625 123.68125152587890625 124.4562530517578125 124.8312530517578125 121.81874847412109375 112.1875 101.47499847412109375 89.53125 83.68125152587890625 79.6875 80.5749969482421875 83.5437469482421875 84.28125 89.5437469482421875 97.27500152587890625 102.3125 104.1750030517578125 101.9812469482421875 99.65000152587890625 90.53125 83.5500030517578125 77.58750152587890625 73.34375 70.93125152587890625 69.25624847412109375 68.7062530517578125 67.0812530517578125 65.40625 64.46875 61.69374847412109375 55.375 47.643749237060546875 39.825000762939453125 34.887500762939453125 30.53125
104.09375 108.33750152587890625 113.7312469482421875 116.83750152587890625 119.56874847412109375 121.1437530517578125 121.4562530517578125 121.21250152587890625 125.4499969482421875 128.931243896484375 133.431243896484375 137.1999969482421875 139.037506103515625 130.756256103515625 116.8249969482421875 103.3874969482421875 93.7375030517578125 89.6999969482421875 89.49375152587890625 90.5437469482421875 91.7062530517578125 96.33750152587890625 102.1750030517578125 101.4187469482421875 104.74375152587890625 105.3562469482421875 102.15625 95.8000030517578125 87.02500152587890625 78.90000152587890625 73.8000030517578125 71.18125152587890625 68.5812530517578125 65.53125 62.299999237060546875 58.25624847412109375 57.700000762939453125 58.125 53.74375152587890625 46.137500762939453125 39.19374847412109375 34.043750762939453125 29.825000762939453125
102.8874969482421875 109.25624847412109375 115.9187469482421875 116.6687469482421875 118.1750030517578125 120.33750152587890625 122.875 125.18125152587890625 125.75624847412109375 131.09375 137.100006103515625 146.618743896484375 151.587493896484375 142.1125030517578125 128.381256103515625 115.1875 105.6374969482421875 100.4875030517578125 98.75624847412109375 99.6999969482421875 100.6437530517578125 103.9187469482421875 106.55625152587890625 107.15000152587890625 107.5 105.1875 103.71250152587890625 94.84375 87.11249542236328125 80.3562469482421875 75.52500152587890625 71.65000152587890625 68.3125 63.11875152587890625 58.77500152587890625 53.762500762939453125 52.46875 53.0625 49.793750762939453125 43.25 36.90000152587890625 32.518749237060546875 28.612499237060546875
103.97499847412109375 110.6062469482421875 116.6437530517578125 119.97499847412109375 122.1374969482421875 123.33750152587890625 124.4812469482421875 127.07500457763671875 129.8874969482421875 135.149993896484375 139.40625 145.5625 149.381256103515625 143.1687469482421875 133.024993896484375 123.19374847412109375 115.08750152587890625 109.5749969482421875 107.1374969482421875 107.63124847412109375 108.5124969482421875 109.9812469482421875 111.8000030517578125 111.09999847412109375 108.19374847412109375 106.9250030517578125 101.2062530517578125 93.1437530517578125 85.65000152587890625 80.0187530517578125 74.8562469482421875 70.3937530517578125 66.59999847412109375 62.36875152587890625 57.38124847412109375 52.22499847412109375 50.3125 48.049999237060546875 44.78749847412109375 39.88124847412109375 34.47499847412109375 30.96875 27.668750762939453125
107.3937530517578125 114.03125 116.8249969482421875 121.65000152587890625 122.2312469482421875 123.53125 124.96875 128.912506103515625 129.631256103515625 132.5 136.8249969482421875 141.149993896484375 143.2687530517578125 137.75 132.65625 124.9875030517578125 119.40000152587890625 115.71250152587890625 112.44374847412109375 113.74375152587890625 114.93125152587890625 115.0749969482421875 117.16249847412109375 113.125 108.69374847412109375 105.30625152587890625 99.7624969482421875 91.7624969482421875 84.90625 79.88124847412109375 74.41249847412109375 69.9499969482421875 65.0625 60.30625152587890625 55.19374847412109375 51.25624847412109375 48.137500762939453125 44.331249237060546875 41.325000762939453125 36.512500762939453125 32.06874847412109375 29.118749618530273438 26.631250381469726562
108.71875 112.4875030517578125 116.22499847412109375 119.55625152587890625 120.86875152587890625 122.1999969482421875 125.33750152587890625 127.0812530517578125 126.4250030517578125 130.78125 135.068756103515625 134.9375 134.787506103515625 131.1062469482421875 128.78125 123.7624969482421875 120.50624847412109375 117.2687530517578125 116.1437530517578125 115.38124847412109375 114.5812530517578125 116.1750030517578125 116.625 113.9375 108.8625030517578125 102.28749847412109375 97.6374969482421875 90.1437530517578125 82.6750030517578125 77.06874847412109375 72.8249969482421875 67.56874847412109375 63.16249847412109375 58.387500762939453125 52.78125 48.793750762939453125 44.487499237060546875 40.75 37.112499237060546875 32.84375 28.912500381469726562 26.731250762939453125 25.393751144409179688
111.53125 110.1062469482421875 113.8125 117.24375152587890625 119.75 119.96250152587890625 122.63124847412109375 124.80625152587890625 125.55625152587890625 128.287506103515625 128.9875030517578125 127.625 126.65625 125.02500152587890625 122.5812530517578125 120.40000152587890625 119.6437530517578125 117.5812530517578125 117.1125030517578125 116.22499847412109375 115.96250152587890625 114.4562530517578125 116.86875152587890625 113.19374847412109375 106.9812469482421875 99.25 94.3249969482421875 87.78125 80.93125152587890625 75.6374969482421875 70.50624847412109375 65.09999847412109375 60.59999847412109375 55.15000152587890625 50.674999237060546875 45.91249847412109375 41.06874847412109375 37.0625 33.94374847412109375 30.393749237060546875 26.774999618530273438 25.350000381469726562 24.34375
110.5625 110.78749847412109375 112.33750152587890625 115.375 115.4499969482421875 116.1999969482421875 117.34999847412109375 118.125 121.7937469482421875 122.47499847412109375 122.90000152587890625 120.7624969482421875 119.05625152587890625 118.1125030517578125 117.40625 116.56874847412109375 117.8000030517578125 117.3874969482421875 117.16249847412109375 117.2312469482421875 116.5625 115.25624847412109375 116.2937469482421875 110.7687530517578125 105.02500152587890625 96.56874847412109375 91.74375152587890625 84.8562469482421875 77.81874847412109375 72.6687469482421875 67.4562530517578125 62.700000762939453125 57.143749237060546875 51.36875152587890625 47.08750152587890625 43.299999237060546875 38.93125152587890625 34.924999237060546875 31.924999237060546875 28.287500381469726562 24.506250381469726562 23.512500762939453125 23.193750381469726562
108.41249847412109375 109.0124969482421875 109.6999969482421875 109.4875030517578125 110.13124847412109375 111.2062530517578125 111.5437469482421875 114.0187530517578125 115.40625 115.1374969482421875 116.09375 114.9499969482421875 113.16249847412109375 111.59375 111.4250030517578125 111.09999847412109375 111.15000152587890625 113.31874847412109375 115.9187469482421875 114.13124847412109375 113.1437530517578125 113.8000030517578125 114.7937469482421875 108.5 101.40000152587890625 95.21875 88.3000030517578125 81.33750152587890625 73.1687469482421875 67.94374847412109375 63.46250152587890625 59.293750762939453125 53.831249237060546875 48.668750762939453125 44.362499237060546875 40.08750152587890625 36.856250762939453125 33.1875 29.90625 27.168750762939453125 24.174999237060546875 23.137500762939453125 22.181249618530273438
105.7062530517578125 104.90625 103.3562469482421875 104.3312530517578125 107.33750152587890625 107.25 107.9499969482421875 108.15000152587890625 108.3125 107.99375152587890625 107.8249969482421875 109.02500152587890625 109.3125 107.8125 105.65625 105.25624847412109375 107.1687469482421875 109.6687469482421875 113.08750152587890625 113.0812530517578125 111.6875 109.3937530517578125 109.53125 103.66249847412109375 96.66249847412109375 91.3937530517578125 83.4187469482421875 77.15000152587890625 70.2312469482421875 65.36875152587890625 61.21250152587890625 56.5 50.762500762939453125 45.856250762939453125 42.256252288818359375 37.875 34.450000762939453125 30.899999618530273438 28.518749237060546875 26.443750381469726562 23.612499237060546875 21.881250381469726562 20.756250381469726562
102.2312469482421875 101.48125457763671875 99.5437469482421875 99.71875 102.72499847412109375 102.53749847412109375 102.3312530517578125 101.0812530517578125 101.50624847412109375 101.72499847412109375 101.6125030517578125 102.03749847412109375 101.27500152587890625 101.2312469482421875 100.3562469482421875 102.34375 103.03125 104.8562469482421875 106.6875 107.875 107.41249847412109375 107.88124847412109375 105.8874969482421875 97.96875 92.05625152587890625 86.66249847412109375 79.25 73.3312530517578125 66.4375 61.418750762939453125 57.875 53.049999237060546875 47.75624847412109375 43.36875152587890625 38.63124847412109375 34.36875152587890625 31.131250381469726562 27.981250762939453125 26.03125 24.181249618530273438 21.625 20.118749618530273438 19.506250381469726562
96.6437530517578125 95.25624847412109375 94.0437469482421875 94.6687469482421875 95.1125030517578125 94.22499847412109375 94.8562469482421875 94.46875 93.78749847412109375 94.7624969482421875 96.84999847412109375 95.625 94.50624847412109375 95.69374847412109375 94.9250030517578125 96.71250152587890625 97.1374969482421875 99.40000152587890625 100.65625 101.53749847412109375 100.95624542236328125 100.58750152587890625 99.24375152587890625 94.5812530517578125 89.0437469482421875 82.7062530517578125 75.9250030517578125 68.1750030517578125 62.231250762939453125 57.293750762939453125 53.950000762939453125 49.34375 44.299999237060546875 39.68125152587890625 35.237499237060546875 31.268749237060546875 28.125 24.987499237060546875 23.299999237060546875 21.725000381469726562 19.487501144409179688 18.450000762939453125 17.8125
90.9187469482421875 90.9187469482421875 89.47499847412109375 90.59999847412109375 87.6875 87.59375 88.71875 88.34999847412109375 87.4250030517578125 87.40000152587890625 88.25 88.56874847412109375 89.30625152587890625 87.52500152587890625 88.25 88.44374847412109375 90.0187530517578125 91.18125152587890625 91.90000152587890625 93.5500030517578125 93.71250152587890625 93.50624847412109375 93.1125030517578125 88.19374847412109375 84.2062530517578125 79.13750457763671875 72.30625152587890625 64.4562530517578125 59.424999237060546875 55.02500152587890625 51.16249847412109375 46.46875 40.887500762939453125 35.856250762939453125 31.875 28.206249237060546875 25.174999237060546875 22.100000381469726562 20.668750762939453125 19.087499618530273438 17.674999237060546875 16.9375 16.237499237060546875
86.50624847412109375 86.0625 85.1437530517578125 83.93125152587890625 82.4812469482421875 82.15625 82.4375 82.2062530517578125 79.8937530517578125 80.4875030517578125 81.0812530517578125 82.6687469482421875 82.2687530517578125 82.63124847412109375 82.9250030517578125 83.5749969482421875 84.40625 85.0437469482421875 85.6062469482421875 87.0749969482421875 87.59999847412109375 87.03125 85.75624847412109375 82.47499847412109375 78.5187530517578125 74.83750152587890625 68.2687530517578125 61.168750762939453125 56.549999237060546875 52.50624847412109375 47.75 42.799999237060546875 37.549999237060546875 32.456249237060546875 28.399999618530273438 25.068750381469726562 21.90625 19.40625 18.318750381469726562 17.043750762939453125 15.725000381469726562 15.087499618530273438 14.600000381469726562
82.3625030517578125 82.34999847412109375 80.6875 79.15625 78.1437530517578125 76.53749847412109375 75.81874847412109375 74.40625 73 73.7687530517578125 75.7062530517578125 76.41249847412109375 77.6687469482421875 78.1062469482421875 78.53125 79.59999847412109375 79.30625152587890625 80.66249847412109375 80.05625152587890625 80.75624847412109375 81.56874847412109375 82.69374847412109375 81.125 78.3625030517578125 74.24375152587890625 70.1750030517578125 63.993747711181640625 59.24375152587890625 53.77500152587890625 49.13124847412109375 44.512500762939453125 39.84375 33.91249847412109375 29.625 25.600000381469726562 22.356250762939453125 20.162500381469726562 18.118749618530273438 16.9375 16.118749618530273438 14.993749618530273438 14.65625 13.868749618530273438
76.2062530517578125 76.18125152587890625 74.5812530517578125 73.7937469482421875 72.99375152587890625 71.8125 70.91249847412109375 70.15000152587890625 67.97499847412109375 67.18125152587890625 71.11875152587890625 74.40625 76.0437469482421875 75.63124847412109375 76.375 75.69374847412109375 75.0124969482421875 75.40000152587890625 75.36875152587890625 74.9875030517578125 75.74375152587890625 76.78749847412109375 75.8874969482421875 73.83750152587890625 70.8562469482421875 66.09999847412109375 61.21875 56.481250762939453125 50.481250762939453125 45.981250762939453125 41.83750152587890625 36.918750762939453125 31.618749618530273438 26.975000381469726562 23.225000381469726562 20.637500762939453125 18.837499618530273438 17.331249237060546875 16.243749618530273438 15.512499809265136719 14.46875 14.112500190734863281 13.34375
71.625 71.99375152587890625 69.94374847412109375 70.18125152587890625 69.84999847412109375 68.1750030517578125 67.05625152587890625 65.8562469482421875 65.04999542236328125 63.96250152587890625 71.36875152587890625 74.97499847412109375 74.11875152587890625 74.53749847412109375 75.19374847412109375 73.6999969482421875 71.61875152587890625 70.7687530517578125 71.8000030517578125 71.1062469482421875 71.4375 71.30625152587890625 70.69374847412109375 69.0500030517578125 66.74375152587890625 63.56874847412109375 59.268749237060546875 54.99375152587890625 49.91249847412109375 44.84999847412109375 39.831249237060546875 35.606250762939453125 30.762500762939453125 25.387500762939453125 21.481250762939453125 19.075000762939453125 18.056249618530273438 16.993749618530273438 16.168750762939453125 15.518750190734863281 14.037500381469726562 13.362500190734863281 12.725000381469726562
