data/historical-monthly-weather-data/wc2.1_cruts4.09_10m_prec_1967-08.asc
ncols        45
nrows        45
xllcorner    -63.500000000000
yllcorner    -7.500000000000
cellsize     0.166666666667
NODATA_value -9999
[rows 0 to 18 of 45, columns 0 to 42 of 45]
145.399993896484375 148.25 149.8249969482421875 155.1687469482421875 161.181243896484375 166.8312530517578125 167.537506103515625 169.9187469482421875 170.8249969482421875 169.600006103515625 163.5437469482421875 160.337493896484375 159.193756103515625 155.2062530517578125 153.4375 148.662506103515625 146.2687530517578125 143.96875 141.53125 142.4375 140.2312469482421875 135.912506103515625 131.96875 128.350006103515625 123.6062469482421875 119.46875 119.5500030517578125 121.3125 117 113.59375 106.1125030517578125 102.56874847412109375 100.1374969482421875 95.83124542236328125 93.0187530517578125 91.9250030517578125 89.96875 89.25 89.44374847412109375 88.84999847412109375 88.7312469482421875 89.8000030517578125 88.8625030517578125
136.6125030517578125 138.5749969482421875 143.8625030517578125 150.193756103515625 157.8812408447265625 161.6437530517578125 159.431243896484375 160.375 160.9875030517578125 158.899993896484375 153.912506103515625 151.556243896484375 146.8312530517578125 141.256256103515625 138.412506103515625 136.818756103515625 133.212493896484375 131.837493896484375 131.4250030517578125 132.0812530517578125 129.4812469482421875 124.9375 121.0124969482421875 118.34999847412109375 113.4875030517578125 108.53749847412109375 110.6687469482421875 111.25624847412109375 107.875 103.6687469482421875 99.40625 95.5437469482421875 93.4562530517578125 91.88124847412109375 89.31874847412109375 87.90625 84.8874969482421875 85.7937469482421875 85.30625152587890625 84.88124847412109375 86.875 86.9562530517578125 87.53749847412109375
122.22499847412109375 125.875 131.3249969482421875 138.100006103515625 144.625 147.0437469482421875 146.693756103515625 146.6062469482421875 145.068756103515625 142.2624969482421875 139.537506103515625 137.212493896484375 132.5500030517578125 126.02500152587890625 123.28125 121.5124969482421875 119.38124847412109375 117.4187469482421875 116.19374847412109375 114.34999847412109375 112.40000152587890625 109.6875 105.78749847412109375 103.8562469482421875 98.34999847412109375 95.0187530517578125 98.1437530517578125 97.8625030517578125 95.46875 92.50624847412109375 87.5500030517578125 84.15000152587890625 82.6437530517578125 81.90625 79.0124969482421875 76.16249847412109375 74.8937530517578125 75.59999847412109375 74.9250030517578125 75.8562469482421875 78.8000030517578125 79.9250030517578125 82.05625152587890625
108.875 110.6062469482421875 116.59999847412109375 122.74375152587890625 126.66249847412109375 128.212493896484375 129.03125 129.3249969482421875 129.9499969482421875 127.30625152587890625 123.1062469482421875 119.6750030517578125 116.22499847412109375 110.78749847412109375 108.56874847412109375 106.8562469482421875 105.72499847412109375 103.6687469482421875 101.8249969482421875 101.9562530517578125 98.59375 94.11875152587890625 89.72499847412109375 87.99375152587890625 83.8312530517578125 80.75 83.4375 82.2624969482421875 81.4187469482421875 79.22499847412109375 75.46875 71.6437530517578125 69.21250152587890625 67.55625152587890625 65.72499847412109375 64.6750030517578125 65.4499969482421875 65.41249847412109375 64.3125 66.40000152587890625 68.375 71.5749969482421875 73.9250030517578125
106.38124847412109375 104.7687530517578125 103.0812530517578125 105.75 110.2687530517578125 111.00624847412109375 110.8937530517578125 113.4250030517578125 115.34999847412109375 113 108.00624847412109375 104.3125 101.18125152587890625 97.50624847412109375 95.40625 94.53125 92.8937530517578125 89.74375152587890625 87.2062530517578125 87.0625 85.1875 79.3312530517578125 75.25 74.55625152587890625 70.0749969482421875 67 68.25 70.1125030517578125 70.00624847412109375 66.5437469482421875 64.6374969482421875 60.77500152587890625 59.231250762939453125 58.112499237060546875 56.5625 55.02500152587890625 54.81874847412109375 55.09375 54.40000152587890625 55.50624847412109375 58.96250152587890625 62.137500762939453125 66.2624969482421875
100.27500152587890625 98.3249969482421875 95.25 91.40625 94.53749847412109375 99.05625152587890625 99.8000030517578125 100.24375152587890625 102.28749847412109375 100.2624969482421875 94.53749847412109375 91.6374969482421875 89.96875 87.5437469482421875 85.6062469482421875 84.96875 82.53749847412109375 77.9499969482421875 75.52500152587890625 74.2312469482421875 72.19374847412109375 68.28749847412109375 64.8000030517578125 61.78749847412109375 59.337497711181640625 57.28749847412109375 58.637500762939453125 60.09999847412109375 60.80625152587890625 57.08750152587890625 55 52.71875 50.22499847412109375 49.018749237060546875 46.71250152587890625 46.387500762939453125 45.625 44.91249847412109375 45.200000762939453125 47.0625 48.96875 52.34375 56.174999237060546875
94.8312530517578125 93.5749969482421875 90.6999969482421875 87.52500152587890625 86.77500152587890625 86.7062530517578125 86.625 86.46875 84.28125 83.0625 80.4499969482421875 79.5124969482421875 79.8625030517578125 78.5500030517578125 77.69374847412109375 76.875 74.41249847412109375 69.56874847412109375 65.2937469482421875 63.43125152587890625 60.731250762939453125 57.72499847412109375 54.63124847412109375 52.49375152587890625 50.21250152587890625 48.862499237060546875 50.137500762939453125 51.25 50.950000762939453125 49.012500762939453125 46.450000762939453125 43.74375152587890625 42.00624847412109375 40.450000762939453125 38.40625 37.58750152587890625 36.53125 36.075000762939453125 36.84375 38.549999237060546875 40.11875152587890625 42.91249847412109375 46.65000152587890625
90.25 87.8125 86.5124969482421875 84.3249969482421875 83.99375152587890625 83.2375030517578125 78.66249847412109375 71.78749847412109375 67.56874847412109375 67 68.4375 69.125 69.9875030517578125 69.99375152587890625 69.7312469482421875 68.6999969482421875 66.83750152587890625 61.49375152587890625 56.22499847412109375 52.887500762939453125 50.856250762939453125 48.299999237060546875 45.02500152587890625 43.09999847412109375 41.987499237060546875 40.456249237060546875 41.53125 42.97499847412109375 43.375 40.625 39.049999237060546875 36.52500152587890625 34.174999237060546875 32.668750762939453125 30.1875 29.225000381469726562 28.362499237060546875 27.78125 28.125 29.15625 30.793750762939453125 33.362499237060546875 36.31874847412109375
86.8562469482421875 84.53749847412109375 83.6374969482421875 80.8000030517578125 79.44374847412109375 77.3125 73.65625 68.22499847412109375 61.63124847412109375 58.362499237060546875 59.393749237060546875 60.99375152587890625 64.16249847412109375 64.7062530517578125 63.375 61.34375 59.72499847412109375 55.143749237060546875 51.40625 46.950000762939453125 44.31874847412109375 42.03749847412109375 38.799999237060546875 38.143749237060546875 36.78125 34.88124847412109375 35.28125 37.200000762939453125 37.84375 35.59375 34.331249237060546875 31.556249618530273438 28.799999237060546875 26.368749618530273438 24.34375 23.912500381469726562 23.356250762939453125 22.84375 22.899999618530273438 23.631250381469726562 24.65625 26.106250762939453125 27.875
82.9562530517578125 80.75 79.125 77.25 75.71250152587890625 73.4187469482421875 71.1999969482421875 66.04375457763671875 60.8125 58.72499847412109375 57.75 57.518749237060546875 60.34999847412109375 61.424999237060546875 58.22499847412109375 55.262500762939453125 52.03125 48.862499237060546875 45.50624847412109375 42.081249237060546875 39.393749237060546875 36.325000762939453125 33.174999237060546875 32.44374847412109375 31.006250381469726562 29.375 30 31.512500762939453125 31.78125 30.043750762939453125 28.368749618530273438 26.418750762939453125 24.543750762939453125 22.59375 20.862499237060546875 20.162500381469726562 19.274999618530273438 18.568750381469726562 18.787500381469726562 19.237499237060546875 19.787500381469726562 20.431249618530273438 21.262500762939453125
80.8125 78.28125 75.58750152587890625 73.3249969482421875 72.1999969482421875 71.21875 68.9375 63.28749847412109375 59.22499847412109375 56.700000762939453125 56.325000762939453125 56.3125 57.27500152587890625 57.43125152587890625 52.706249237060546875 48.237499237060546875 44.606250762939453125 42.25624847412109375 39.393749237060546875 36.924999237060546875 35.356250762939453125 32.28749847412109375 28.993749618530273438 27.262500762939453125 26.618749618530273438 25.325000762939453125 26.149999618530273438 27.09375 26.8125 25.125 24.225000381469726562 22.837499618530273438 21.431249618530273438 19.600000381469726562 17.5625 16.568750381469726562 15.631250381469726562 15.0625 15.03125 15.181249618530273438 15.337499618530273438 15.743749618530273438 16.443750381469726562
79.0500030517578125 76.6999969482421875 73.9875030517578125 72.18125152587890625 71.2312469482421875 70.34999847412109375 68.71250152587890625 64.1062469482421875 60 57.306247711181640625 56.21250152587890625 54.93125152587890625 53.40625 51.25 48.21250152587890625 43.86875152587890625 40.012500762939453125 37.30625152587890625 35.25624847412109375 33.63124847412109375 32.168750762939453125 29.287500381469726562 26.293750762939453125 24.893749237060546875 23.693750381469726562 21.506250381469726562 22.149999618530273438 23.237499237060546875 23.306249618530273438 22.21875 21.337499618530273438 20.725000381469726562 18.981250762939453125 17.28125 15.756250381469726562 15.112500190734863281 14.331250190734863281 13.587499618530273438 13.137499809265136719 12.787500381469726562 12.824999809265136719 13.087499618530273438 13.40625
76.8562469482421875 73.61875152587890625 71.36875152587890625 68.88124847412109375 68.4187469482421875 67.2062530517578125 64.46875 61.40625 58.03749847412109375 56.21250152587890625 55.206249237060546875 52.96250152587890625 49.46250152587890625 45.19374847412109375 41.356250762939453125 38.09999847412109375 34.53125 32.799999237060546875 31.012500762939453125 29.125 27.918750762939453125 25.456249237060546875 22.793750762939453125 21.043750762939453125 19.006250381469726562 17.46875 18.668750762939453125 19.881250381469726562 20.774999618530273438 20.143749237060546875 19.350000381469726562 18.674999237060546875 17.481250762939453125 15.487500190734863281 14.256250381469726562 13.987500190734863281 13.887499809265136719 13.112500190734863281 12.756250381469726562 11.837499618530273438 10.931249618530273438 11.350000381469726562 11.387499809265136719
73.8937530517578125 69.90000152587890625 67.27500152587890625 65.72499847412109375 64.47499847412109375 62.77500152587890625 60.5 58.63124847412109375 55.83750152587890625 54.450000762939453125 52.862499237060546875 48.71250152587890625 44.59999847412109375 39.94374847412109375 34.706249237060546875 32.362499237060546875 29.681249618530273438 28.106250762939453125 25.868749618530273438 24.100000381469726562 23.043750762939453125 20.899999618530273438 18.618749618530273438 17.443750381469726562 16.125 15.199999809265136719 16.337499618530273438 17.587499618530273438 18.493749618530273438 18.356250762939453125 18.09375 17.287500381469726562 16.0625 14.431249618530273438 13.581250190734863281 13.774999618530273438 13.800000190734863281 13.725000381469726562 13.5 12.25 10.206250190734863281 9.6625003814697265625 10.131250381469726562
69.5625 66.69374847412109375 63.75624847412109375 61.58750152587890625 60.637500762939453125 59.06874847412109375 57.012500762939453125 54.799999237060546875 52.30625152587890625 51.00624847412109375 48.575000762939453125 44.66249847412109375 40.22499847412109375 35.125 30.293750762939453125 27.262500762939453125 25.03125 23.40625 21.862499237060546875 20.662500381469726562 19.837499618530273438 18.237499237060546875 16.524999618530273438 16.049999237060546875 15.449999809265136719 14.993749618530273438 15.837499618530273438 16.768749237060546875 17.350000381469726562 17.3125 17 16.681249618530273438 15.568750381469726562 14.324999809265136719 13.287500381469726562 13.649999618530273438 14.21875 15.256250381469726562 15.475000381469726562 13.912500381469726562 12.53125 11.824999809265136719 12.143750190734863281
64.33750152587890625 62.231250762939453125 60.15625 58.231250762939453125 56.825000762939453125 55.94374847412109375 54.293750762939453125 51.4375 49.28125 47.637500762939453125 45.262500762939453125 40.5625 35.612499237060546875 30.774999618530273438 26.643749237060546875 22.84375 20.850000381469726562 19.631250381469726562 18.443750381469726562 17.712499618530273438 17.081249237060546875 16.118749618530273438 15.268750190734863281 15.393750190734863281 15.199999809265136719 14.850000381469726562 15.574999809265136719 16.075000762939453125 16.443750381469726562 16.662500381469726562 16.856250762939453125 16.649999618530273438 15.300000190734863281 14.081250190734863281 13.3125 14.606249809265136719 15.637499809265136719 16.700000762939453125 17.412500381469726562 16.875 16.068750381469726562 14.962499618530273438 13.987500190734863281
60.575000762939453125 58.875 56.66249847412109375 55.15000152587890625 53.174999237060546875 52.66249847412109375 51.61875152587890625 49.52500152587890625 46.668750762939453125 45.125 42.793750762939453125 37.34999847412109375 32.237499237060546875 27.40625 23.5625 20.181249618530273438 17.162500381469726562 16.049999237060546875 15.59375 15.256250381469726562 14.59375 14.287500381469726562 14.143750190734863281 15.037500381469726562 15.34375 14.912500381469726562 15.056249618530273438 15.412500381469726562 15.4375 15.675000190734863281 16.393751144409179688 16.96875 16.049999237060546875 15.006250381469726562 15.631250381469726562 16.868749618530273438 17.90625 19.556249618530273438 20.987499237060546875 19.743749618530273438 18.325000762939453125 16.424999237060546875 14.65625
54.81874847412109375 54.05625152587890625 52.4375 51.31874847412109375 49.55625152587890625 48.981250762939453125 47.049999237060546875 45.262500762939453125 43.049999237060546875 41.418750762939453125 39.418750762939453125 34.65000152587890625 29.25 24.549999237060546875 21.112499237060546875 17.987499237060546875 15.243750572204589844 13.393750190734863281 13.393750190734863281 12.925000190734863281 12.875 13.018750190734863281 13.587499618530273438 14.649999618530273438 15.449999809265136719 15.287500381469726562 15.574999809265136719 15.65625 15.34375 15.418749809265136719 15.475000381469726562 15.875 17.081249237060546875 17.893749237060546875 17.899999618530273438 19.431249618530273438 20.899999618530273438 21.912500381469726562 22.25 21.325000762939453125 18.837499618530273438 17.049999237060546875 15.387499809265136719
49.31874847412109375 49.075000762939453125 48.03125 47.174999237060546875 46.15000152587890625 44.96250152587890625 43.356250762939453125 41.393749237060546875 40.46875 39.50624847412109375 37.5 31.893749237060546875 27.03125 22.837499618530273438 19.168750762939453125 16.53125 13.949999809265136719 11.987500190734863281 11.287500381469726562 11.168749809265136719 12.018750190734863281 13.65625 12.600000381469726562 13.899999618530273438 14.856249809265136719 15.587499618530273438 16.087499618530273438 15.875 15.862500190734863281 15.375 15.300000190734863281 16.78125 18.5 18.962499618530273438 19.299999237060546875 20.762500762939453125 21.34375 21.25 21.575000762939453125 20.431249618530273438 18.837499618530273438 17.225000381469726562 15.700000762939453125
