data/historical-monthly-weather-data/wc2.1_cruts4.09_10m_prec_2009-10.asc
ncols        51
nrows        45
xllcorner    -63.500000000000
yllcorner    -7.500000000000
cellsize     0.166666666667
NODATA_value -9999
[rows 0 to 19 of 45, columns 0 to 42 of 51]
133.9875030517578125 127.5437469482421875 123.3625030517578125 121.71250152587890625 119.11875152587890625 115.66249847412109375 110.61249542236328125 105.875 101.49375152587890625 98.2937469482421875 96.55625152587890625 95.2687530517578125 93.68125152587890625 91.125 90.22499847412109375 89.46875 88.6750030517578125 87.58750152587890625 87.09375 86.3000030517578125 84.69374847412109375 82.5500030517578125 80.93125152587890625 80.65625 80.86875152587890625 81.59999847412109375 83.91249847412109375 86.72499847412109375 89.75624847412109375 91.56874847412109375 93.5124969482421875 95.7312469482421875 99.0124969482421875 102.8625030517578125 107.15625 111.09375 114.9812469482421875 118.5812530517578125 120.6750030517578125 122.34375 123.8874969482421875 124.61875152587890625 124.1125030517578125
131.96875 126.43125152587890625 124.71875 125.4250030517578125 126.0187530517578125 121.6437530517578125 116.5 112.4250030517578125 108.75624847412109375 104.97499847412109375 101.63124847412109375 98.8000030517578125 95.81874847412109375 92.7312469482421875 91.0812530517578125 89.94374847412109375 88.3000030517578125 88.125 88.40000152587890625 88.58750152587890625 86.75 84.8874969482421875 83.375 83.2312469482421875 83.36875152587890625 83.5625 86.13124847412109375 88.94374847412109375 91.58750152587890625 92.8249969482421875 95.21250152587890625 98.28749847412109375 102.6875 108.0749969482421875 113.05625152587890625 117.6437530517578125 123.06874847412109375 127.68125152587890625 130.3625030517578125 132.21875 134.1999969482421875 135.2062530517578125 134.8625030517578125
128.212493896484375 124.28125 123.08750152587890625 124.6125030517578125 125.86875152587890625 122.8562469482421875 119.6437530517578125 117.34375 114.6750030517578125 110.78125 106.1062469482421875 101.7687530517578125 97.5437469482421875 93.34999847412109375 91.24375152587890625 89.5812530517578125 88.0812530517578125 87.43125152587890625 87.08750152587890625 86.77500152587890625 84.83750152587890625 83.36875152587890625 81.9250030517578125 81.9375 82.2375030517578125 83.0187530517578125 85.65625 88.6687469482421875 90.80625152587890625 92.6374969482421875 95.5625 98.54375457763671875 103.40625 109.5187530517578125 115.5 121.0749969482421875 127.05625152587890625 133.131256103515625 136.78125 139.287506103515625 141.837493896484375 142.787506103515625 142.5437469482421875
123.3249969482421875 120.2312469482421875 120.5625 121.1062469482421875 122.7062530517578125 121.2375030517578125 120.47499847412109375 120.27500152587890625 119.7375030517578125 116.3125 109.94374847412109375 103.8000030517578125 98.0812530517578125 93.15625 91.21250152587890625 89.25624847412109375 87.44374847412109375 86.3562469482421875 85.44374847412109375 84.63124847412109375 82.77500152587890625 80.75624847412109375 78.9375 79.47499847412109375 80.11875152587890625 81.03749847412109375 83.8625030517578125 86.8312530517578125 89.33750152587890625 91.36875152587890625 94.4375 98.09999847412109375 102.77500152587890625 108.69374847412109375 114.69374847412109375 122.3249969482421875 129.9499969482421875 137.193756103515625 142.0500030517578125 145.6437530517578125 147.8874969482421875 149.181243896484375 149.2375030517578125
124.1374969482421875 118.96875 116.31874847412109375 116.4562530517578125 118.84999847412109375 119.13124847412109375 119.65000152587890625 120.875 123.09375 121.86875152587890625 112.99375152587890625 104.1750030517578125 97.71250152587890625 92.81874847412109375 90.5124969482421875 88.38124847412109375 86.63124847412109375 84.40000152587890625 82.5 80.97499847412109375 79.4812469482421875 77.36875152587890625 75.5749969482421875 76.61875152587890625 77.6875 78.9375 81.5 84.9250030517578125 88.09375 89.72499847412109375 92.7312469482421875 96.30625152587890625 101.6687469482421875 107.81874847412109375 114.7312469482421875 122.6999969482421875 131.4250030517578125 140.337493896484375 145.7062530517578125 150.0124969482421875 152.875 153.5124969482421875 154.306243896484375
125.6999969482421875 121.19374847412109375 116.0437469482421875 112.6062469482421875 115.8312530517578125 117.7375030517578125 118.19374847412109375 118.96875 121.15000152587890625 121.56874847412109375 111.3125 102.46875 96.80625152587890625 92.0749969482421875 89.5 87.6687469482421875 85.35625457763671875 82.21250152587890625 79.53749847412109375 77.15625 75.93125152587890625 74.5187530517578125 73.3874969482421875 74.1999969482421875 75.49375152587890625 76.8625030517578125 79.2937469482421875 82.19374847412109375 85.58750152587890625 87.15000152587890625 90.0124969482421875 94.125 98.9562530517578125 104.96250152587890625 111.6687469482421875 119.90000152587890625 128.7624969482421875 138.5500030517578125 145.7937469482421875 149.7375030517578125 150.8000030517578125 151.899993896484375 152.5500030517578125
130.243743896484375 125.98125457763671875 120.46250152587890625 115.9562530517578125 116.8312530517578125 116.1999969482421875 114.8249969482421875 112.74375152587890625 110.90000152587890625 107.38124847412109375 102.38124847412109375 97.97499847412109375 94.3125 90.83750152587890625 88.375 86.5 84.09999847412109375 79.8000030517578125 75.83750152587890625 72.9250030517578125 72.3000030517578125 71.6374969482421875 70.96250152587890625 72.13124847412109375 73.63124847412109375 75.0500030517578125 77.6125030517578125 80.08750152587890625 82.58750152587890625 84.59375 87.3874969482421875 90.93125152587890625 95.3312530517578125 101.125 107.69374847412109375 115.0812530517578125 123.67499542236328125 133.274993896484375 142.475006103515625 145.068756103515625 145.7687530517578125 145.65625 146.8312530517578125
135.931243896484375 131.600006103515625 127.1687469482421875 124.21250152587890625 122.4875030517578125 118.97499847412109375 112.9875030517578125 105.28749847412109375 97.5749969482421875 93.31874847412109375 92.78749847412109375 92.3312530517578125 91.34999847412109375 89.25 87.5 85.375 82.6437530517578125 77.5124969482421875 72.6374969482421875 69.1875 69.08750152587890625 68.94374847412109375 68.7937469482421875 70.3562469482421875 71.9562530517578125 73.1687469482421875 75.3125 77.1875 79.22499847412109375 80.57500457763671875 83.4250030517578125 87.0437469482421875 91.3000030517578125 96.6750030517578125 102.28125 108.84999847412109375 115.6999969482421875 123.75624847412109375 130.1750030517578125 133.40625 134.399993896484375 133.868743896484375 134.0500030517578125
142.162506103515625 138.9562530517578125 135.4875030517578125 132.131256103515625 129.443756103515625 123.53125 115.47499847412109375 104.6062469482421875 92.625 86.1374969482421875 88.15000152587890625 89.96875 90.6875 89.3562469482421875 87.16249847412109375 84.46875 81.05625152587890625 76.5 72.16249847412109375 68.3625030517578125 68.2375030517578125 68.4562530517578125 67.96250152587890625 69.8249969482421875 70.97499847412109375 71.66249847412109375 72.91249847412109375 75.1125030517578125 76.9187469482421875 77.6875 80.19374847412109375 83.30625152587890625 86.52500152587890625 90.59375 94.8874969482421875 100.66249847412109375 106.6687469482421875 112.1750030517578125 116.1374969482421875 118.8000030517578125 119.5 117.96250152587890625 117.6437530517578125
149.1875 146.618743896484375 142.9187469482421875 140.037506103515625 137.381256103515625 130.681243896484375 121.53125 109.875 98.8312530517578125 92.11875152587890625 90.46250152587890625 90.83750152587890625 91.56874847412109375 90.61875152587890625 87.61875152587890625 83.96875 79.65000152587890625 75.6750030517578125 71.74375152587890625 68.68125152587890625 68.4375 68.4250030517578125 67.6687469482421875 68.8249969482421875 69.13124847412109375 69.5124969482421875 70.96875 72.43125152587890625 74.1750030517578125 74.86875152587890625 76.34999847412109375 78.9562530517578125 81.47499847412109375 84.83750152587890625 88.53749847412109375 93.1374969482421875 97.4250030517578125 101.1875 104.02500152587890625 105.09375 104.9499969482421875 102.8312530517578125 100.5749969482421875
156.462493896484375 154.1750030517578125 150.1999969482421875 147.1999969482421875 144.568756103515625 139.7062530517578125 130.84375 118.18125152587890625 107.40000152587890625 100.16249847412109375 96.1125030517578125 94.72499847412109375 93.7312469482421875 92.55625152587890625 88.53749847412109375 83.46875 78.5500030517578125 74.90000152587890625 71.50624847412109375 68.9250030517578125 69.5187530517578125 69.03749847412109375 67.69374847412109375 67.40000152587890625 67.9187469482421875 68.59999847412109375 70.03125 71.4187469482421875 72.27500152587890625 72.71250152587890625 73.8874969482421875 75.8312530517578125 77.78125 80.1750030517578125 82.58750152587890625 85.75624847412109375 88.74375152587890625 90.65000152587890625 92.2937469482421875 92.4562530517578125 91.47499847412109375 88.9375 86.625
162.193756103515625 159.681243896484375 155.8249969482421875 153.2375030517578125 150.96875 146.850006103515625 139.524993896484375 126.0749969482421875 115.6437530517578125 107.6437530517578125 102.09375 99.21250152587890625 96.5 94.1875 90.0749969482421875 84.6374969482421875 79.5749969482421875 75.9499969482421875 72.7375030517578125 70.65625 72.06874847412109375 71.2062530517578125 68.94374847412109375 67.9375 67.3874969482421875 67.125 67.93125152587890625 69.5749969482421875 70.875 71.4375 71.80625152587890625 73.1062469482421875 74.11875152587890625 75.75 77.56874847412109375 79.625 81.31874847412109375 82.56874847412109375 82.90000152587890625 82.3874969482421875 80.15000152587890625 77.3562469482421875 74.7624969482421875
166.8874969482421875 164.5124969482421875 160.587493896484375 157.318756103515625 154.6687469482421875 149.8125 141.443756103515625 130.9375 121.5124969482421875 114.4187469482421875 108.55625152587890625 103.8000030517578125 99.875 95.41249847412109375 90.8562469482421875 85.8125 80.36875152587890625 76.9375 73.83750152587890625 71.41249847412109375 73.3125 72.43125152587890625 69.63124847412109375 68.38124847412109375 65.58750152587890625 64.59999847412109375 66.8000030517578125 68.3937530517578125 69.9499969482421875 70.1687469482421875 70.11875152587890625 70.3000030517578125 70.9250030517578125 71.53749847412109375 72.66249847412109375 74.1875 75.11875152587890625 76.06874847412109375 76.2624969482421875 74.08750152587890625 71.53125 69.3625030517578125 66.3625030517578125
170.318756103515625 167.649993896484375 163.7062530517578125 159.9375 156.2062530517578125 150.7375030517578125 142.9187469482421875 134.600006103515625 126.8625030517578125 119.78749847412109375 113.55625152587890625 107.63124847412109375 102.2375030517578125 97.1062469482421875 91.2624969482421875 86.21875 80.5500030517578125 76.75 73.2624969482421875 70.41249847412109375 71.46875 70.75624847412109375 69.1687469482421875 68.6374969482421875 67.03749847412109375 66.33750152587890625 67.59999847412109375 68.5437469482421875 69.33750152587890625 68.55625152587890625 67.72499847412109375 67.58750152587890625 67.5625 67.74375152587890625 68.4187469482421875 69.6875 70.59375 71.7312469482421875 71.9375 70.3312530517578125 66.65625 62.543750762939453125 59.38124847412109375
171.8625030517578125 169.34375 164.6437530517578125 160.756256103515625 156.725006103515625 150.9499969482421875 144.850006103515625 137.7062530517578125 130.068756103515625 123.3562469482421875 117.25624847412109375 110.71875 104.59999847412109375 99 92.7687530517578125 87.50624847412109375 81.46875 76.9250030517578125 72.71250152587890625 69.7375030517578125 70.3249969482421875 70.3125 69.90625 71.125 71.5500030517578125 71.15000152587890625 70.78125 70.1125030517578125 69.3937530517578125 67.4187469482421875 65.75 64.9250030517578125 64.6687469482421875 65.08750152587890625 65.6125030517578125 66.5500030517578125 68.125 70.8625030517578125 73.1750030517578125 71.61875152587890625 67.21875 62.8125 59.77500152587890625
171.90625 168.975006103515625 164.631256103515625 160.8249969482421875 156.725006103515625 151.774993896484375 146.068756103515625 139.3937530517578125 132.6125030517578125 126.3937530517578125 119.74375152587890625 112.1999969482421875 105.7312469482421875 100 94.125 88.24375152587890625 81.40625 76.40000152587890625 71.91249847412109375 68.5 68.6750030517578125 69.53749847412109375 70.75624847412109375 74.25624847412109375 75.9375 75.3874969482421875 74.1437530517578125 72.15625 69.8125 66.375 63.875 62.125 61.41249847412109375 61.6875 61.706249237060546875 62.1875 65.46875 69.2062530517578125 73.59999847412109375 73.52500152587890625 70.97499847412109375 66.4562530517578125 62.24375152587890625
170.087493896484375 167.4499969482421875 164.2624969482421875 161.131256103515625 157.118743896484375 152.53125 147.431243896484375 141.4187469482421875 135.087493896484375 128.3000030517578125 121.33750152587890625 113.2687530517578125 105.84999847412109375 99.4375 93.2687530517578125 87.03125 79.5625 74.2937469482421875 69.9375 66.71875 66.7375030517578125 68.08750152587890625 70.8125 76.43125152587890625 79.9875030517578125 78.05625152587890625 76.2062530517578125 72.75 68.90000152587890625 64.69374847412109375 61.90625 60.481250762939453125 58.33750152587890625 56.84999847412109375 56.16249847412109375 58.387500762939453125 62.518749237060546875 70.0812530517578125 78.9499969482421875 78.2687530517578125 75.4562530517578125 70.38124847412109375 64.6437530517578125
167.7312469482421875 165.75 163.5437469482421875 160.7687530517578125 157.287506103515625 153.4562530517578125 148.71875 142.71875 136.2937469482421875 129.65625 122.69374847412109375 113.8000030517578125 105.66249847412109375 98.1875 91.44374847412109375 84.63124847412109375 77.3874969482421875 71.8312530517578125 67.90000152587890625 64.6125030517578125 64.3874969482421875 65.5500030517578125 68.25 74.15000152587890625 78.1125030517578125 77.5 76.71250152587890625 72.71250152587890625 67.68125152587890625 62.424999237060546875 59.08750152587890625 57.487499237060546875 56.6875 56.28749847412109375 54.112499237060546875 52.5625 59.72499847412109375 68.9187469482421875 76.41249847412109375 78.99375152587890625 77.1875 72.8312530517578125 67.5437469482421875
164.024993896484375 163.712493896484375 162.4562530517578125 160.556243896484375 158.0625 154.3000030517578125 149.6062469482421875 144.056243896484375 138.368743896484375 131.193756103515625 123.0625 113.94374847412109375 104.84375 96.44374847412109375 89.3125 82.90625 75.93125152587890625 70.05625152587890625 66.08750152587890625 62.59375 61.875 63.49375152587890625 64.50624847412109375 69.5625 73.2624969482421875 74.6999969482421875 74.1687469482421875 70.9875030517578125 66.7312469482421875 60.768749237060546875 56.28125 56.75 58.924999237060546875 58.168750762939453125 56.387500762939453125 56.19374847412109375 61.081249237060546875 67.5124969482421875 73.6374969482421875 77.0500030517578125 77.18125152587890625 75.66249847412109375 70.56874847412109375
159.568756103515625 161.0500030517578125 160.5749969482421875 159.6062469482421875 158.1374969482421875 155.4812469482421875 151.618743896484375 146.5437469482421875 140.568756103515625 133.4812469482421875 124.72499847412109375 114.46875 104.53125 95.28749847412109375 87.88124847412109375 81.44374847412109375 74.38124847412109375 69.59999847412109375 65.6062469482421875 62.53749847412109375 60.69374847412109375 60.5 62.24375152587890625 66.2937469482421875 69.3000030517578125 70.2687530517578125 70.4499969482421875 69.4375 65.66875457763671875 60.84375 57.9375 60.387500762939453125 62.22499847412109375 63.668750762939453125 64.4499969482421875 64.33750152587890625 65.96875 69.34999847412109375 73.16249847412109375 76.03749847412109375 77.65625 77.0124969482421875 73.3312530517578125
