data/historical-monthly-weather-data/wc2.1_cruts4.09_10m_prec_2009-04.asc
ncols        51
nrows        45
xllcorner    -63.500000000000
yllcorner    -7.500000000000
cellsize     0.166666666667
NODATA_value -9999
[rows 20 to 39 of 45, columns 0 to 44 of 51]
305.51251220703125 319.41876220703125 327.774993896484375 334.4375 338.79998779296875 345.931243896484375 351.381256103515625 350.712493896484375 346.274993896484375 337.162506103515625 325.28125 312.26873779296875 299.98748779296875 289.6875 275.35626220703125 263.100006103515625 253.3000030517578125 247.875 245.03125 241.78125 243.693756103515625 243.931243896484375 243.09375 248.256256103515625 257.4375 266.36248779296875 274.774993896484375 282.756256103515625 288.39373779296875 292.23748779296875 291.350006103515625 290.54376220703125 282.46875 271.537506103515625 263.42498779296875 286.850006103515625 320.568756103515625 350.149993896484375 372.40625 387.82501220703125 397.03125 401.943756103515625 399.26873779296875 398.899993896484375 394.625
297.13751220703125 307.912506103515625 317.38751220703125 329.79998779296875 338.118743896484375 343.23126220703125 349.04376220703125 351.59375 347.79998779296875 335.88751220703125 318.98126220703125 299.881256103515625 284.71875 274.34375 266.15625 256.67498779296875 250.693756103515625 244.5500030517578125 240.8625030517578125 236.7687530517578125 234.3937530517578125 234.4875030517578125 237.0187530517578125 243.868743896484375 254.287506103515625 268.756256103515625 289.67498779296875 297.681243896484375 302.5 305.568756103515625 303.375 299.75 294.20623779296875 289.537506103515625 290.75 306.381256103515625 333.537506103515625 359.556243896484375 376.931243896484375 388.75 396.975006103515625 399.54376220703125 396.73126220703125 394.868743896484375 390.225006103515625
290.162506103515625 307.024993896484375 317.98748779296875 329.57501220703125 338.306243896484375 343.524993896484375 346.29998779296875 351.243743896484375 354.0625 336.04998779296875 312.1875 288.14373779296875 270.306243896484375 261.806243896484375 257.524993896484375 252.962493896484375 246.9187469482421875 239.84375 234.1374969482421875 228.3625030517578125 226.7062530517578125 226.181243896484375 226.3812408447265625 234.5625 248.7562408447265625 266.587493896484375 289.91876220703125 302.26251220703125 309.48748779296875 311.73126220703125 312.29376220703125 311.83123779296875 313.79998779296875 315.39373779296875 321.64373779296875 332.85626220703125 352.33123779296875 372.95623779296875 385.63751220703125 391.606231689453125 396.149993896484375 395.34375 392.14373779296875 389.399993896484375 385.743743896484375
285.85626220703125 302.54376220703125 315.84375 325.256256103515625 333.274993896484375 338.45623779296875 344.125 346.91876220703125 346.837493896484375 328.04998779296875 303.881256103515625 282.54998779296875 260.243743896484375 255.3625030517578125 253.0749969482421875 248.6437530517578125 242.1750030517578125 236.6125030517578125 229.443756103515625 223.600006103515625 220.2687530517578125 216.899993896484375 215.9375 225.6999969482421875 239.5124969482421875 253.399993896484375 273.556243896484375 293.399993896484375 307.193756103515625 316.65625 323.3125 330.54998779296875 336.90625 340.625 348.32501220703125 358.58123779296875 374.35626220703125 387.149993896484375 393.118743896484375 394.04376220703125 395.70623779296875 392.09375 387.54376220703125 382.92498779296875 381.881256103515625
285.28125 301.412506103515625 312.98748779296875 323.61248779296875 332.881256103515625 336.17498779296875 338.537506103515625 339.006256103515625 332.98126220703125 320.462493896484375 300.375 280.20623779296875 266.36248779296875 256.40625 250.943756103515625 245.7375030517578125 241.09375 234.818756103515625 227.2937469482421875 219.162506103515625 213.7687530517578125 208.8312530517578125 206.90625 214.6187591552734375 226.5749969482421875 244.475006103515625 266.4375 287.506256103515625 306.95001220703125 325.037506103515625 338.912506103515625 352.287506103515625 361.91876220703125 366.42498779296875 371.28125 376.48126220703125 387.212493896484375 393.20623779296875 396.28125 397.23126220703125 396.162506103515625 390.037506103515625 385.649993896484375 378.66876220703125 370.53125
294.381256103515625 307.79998779296875 312.90625 321.712493896484375 328.087493896484375 330.3125 331.10626220703125 329.20623779296875 319.78125 307.350006103515625 294.17498779296875 281.5625 269.89373779296875 261.39373779296875 253.0562591552734375 248.256256103515625 242.412506103515625 235.149993896484375 225.8625030517578125 215.318756103515625 210.131256103515625 202.7312469482421875 197.71875 201.087493896484375 215.881256103515625 236.568756103515625 263.193756103515625 286.162506103515625 310.95001220703125 331.28125 353.068756103515625 373.91876220703125 386.78125 387.82501220703125 387.212493896484375 389.89373779296875 395.787506103515625 399.3125 399.33123779296875 398.725006103515625 397.256256103515625 388.787506103515625 381.125 371.5625 366.14373779296875
304.60626220703125 312.850006103515625 317.90625 322.76873779296875 324.85626220703125 326.587493896484375 324.587493896484375 319.462493896484375 310.649993896484375 304.10626220703125 295.59375 284.48748779296875 274.931243896484375 267.243743896484375 259.34375 253.1687469482421875 246.399993896484375 237.21875 228.34375 218.443756103515625 209.693756103515625 200.2937469482421875 191.9499969482421875 194.368743896484375 211.59375 231.4562530517578125 259.149993896484375 284.024993896484375 311.13751220703125 334.149993896484375 360.26873779296875 385.88751220703125 403.375 402.056243896484375 399.149993896484375 399.28125 402.76873779296875 404.82501220703125 402.274993896484375 400.75 396.66876220703125 389.649993896484375 381.162506103515625 373.587493896484375 375.274993896484375
317.600006103515625 321.70001220703125 323.20623779296875 324.131256103515625 324.787506103515625 322.88751220703125 320.443756103515625 312.92498779296875 306.931243896484375 301.78125 292.85626220703125 285.54998779296875 277.86248779296875 272.34375 265.125 257.26251220703125 250.868743896484375 243.7937469482421875 233.0749969482421875 223.743743896484375 214.850006103515625 203.9562530517578125 198.8625030517578125 202.0187530517578125 215.1125030517578125 233.5 257.85626220703125 283.431243896484375 309.725006103515625 333.71875 357.60626220703125 380.975006103515625 396.92498779296875 400.725006103515625 403.118743896484375 403.07501220703125 407.3125 409.71875 407.14373779296875 404.21875 400.5625 393.88751220703125 386 381.475006103515625 393.53125
327.725006103515625 329.774993896484375 327.212493896484375 325.725006103515625 322.850006103515625 317.20001220703125 312.5625 308.600006103515625 305.649993896484375 299.618743896484375 293.78125 287.73748779296875 280.82501220703125 276.350006103515625 271.493743896484375 266.631256103515625 260.75 250.537506103515625 241.368743896484375 231.006256103515625 222.0437469482421875 211.225006103515625 206.1437530517578125 211.337493896484375 221.84375 237.962493896484375 260.787506103515625 284.51251220703125 309.125 331.11248779296875 350.274993896484375 369.75 382.337493896484375 392.350006103515625 399.33123779296875 402.98126220703125 409.306243896484375 413.65625 412.256256103515625 407.38751220703125 400.118743896484375 394.225006103515625 389.51873779296875 397.20623779296875 410.868743896484375
334.756256103515625 334.568756103515625 330.181243896484375 323.212493896484375 319.462493896484375 314.90625 310.61248779296875 307.443756103515625 303.6875 298.287506103515625 294.4375 289.537506103515625 286.693756103515625 283.368743896484375 278.86248779296875 273.59375 268.024993896484375 261.287506103515625 251.1437530517578125 238.96875 227.912506103515625 219.431243896484375 215.256256103515625 219.0500030517578125 227.212493896484375 240.975006103515625 262.28125 282.70001220703125 305.01251220703125 324.07501220703125 341.262481689453125 356.412506103515625 369.76251220703125 383.1875 394.28125 400.725006103515625 410.118743896484375 416.881256103515625 414.70623779296875 414.368743896484375 412.51251220703125 409.649993896484375 405.79998779296875 414.068756103515625 420.11248779296875
338.36248779296875 335.54376220703125 329.287506103515625 322.493743896484375 318.46875 312.9375 309.412506103515625 304.399993896484375 300.850006103515625 297.774993896484375 295.17498779296875 292.33123779296875 292.274993896484375 288.23748779296875 285.16876220703125 281.037506103515625 277.618743896484375 271.29376220703125 262.368743896484375 250.912506103515625 238.9375 228.431243896484375 222.3874969482421875 223.899993896484375 229.5749969482421875 244.6750030517578125 261.512481689453125 281.024993896484375 300.506256103515625 315.8125 331.631256103515625 345.73748779296875 361.243743896484375 375.787506103515625 387.70623779296875 397.3125 405.362518310546875 414.375 418.45001220703125 420.51873779296875 421.39373779296875 419.26873779296875 419.16876220703125 422.475006103515625 429.48748779296875
338.48748779296875 334.04376220703125 327.38751220703125 322.67498779296875 317.412506103515625 309.662506103515625 305.787506103515625 300.181243896484375 296.912506103515625 294.09375 293.318756103515625 294.86248779296875 294.03125 292.51251220703125 289.9375 287.26873779296875 282.01251220703125 276.60626220703125 267.743743896484375 259.912506103515625 248.21875 237.100006103515625 228.6687469482421875 229.9499969482421875 237.256256103515625 247.8625030517578125 261.60626220703125 279.41876220703125 295.243743896484375 309.95623779296875 325.14373779296875 338.625 351.88751220703125 366.86248779296875 380.412506103515625 390.90625 401.91876220703125 409.78125 414.8125 418.4375 426.59375 428.01251220703125 428.36248779296875 432.20001220703125 439.399993896484375
334.431243896484375 327.73748779296875 322.243743896484375 317.01251220703125 313.39373779296875 305.712493896484375 298.9375 294.51251220703125 290.75 290.03125 293.63751220703125 294.45623779296875 296.91876220703125 298.087493896484375 295.53125 291.95623779296875 288.28125 283.53125 274.0625 265.28125 255.9875030517578125 245.3312530517578125 236.3625030517578125 237.368743896484375 243.774993896484375 249.90625 262.64373779296875 276.29376220703125 290.23748779296875 304.86248779296875 317.5625 328.96875 341.774993896484375 357.25 371.63751220703125 384.38751220703125 395.42498779296875 405.100006103515625 408.118743896484375 419.78125 426.524993896484375 428.54998779296875 432.118743896484375 438.662506103515625 446.975006103515625
327.774993896484375 322.381256103515625 317.95001220703125 312.76251220703125 308 302.23748779296875 295.618743896484375 288.88751220703125 284.91876220703125 284.48748779296875 286.92498779296875 292.84375 298.29376220703125 298.774993896484375 297.84375 294.09375 291.5 286.868743896484375 278.806243896484375 270.443756103515625 261.54998779296875 251.975006103515625 243.75 241.8000030517578125 247.381256103515625 251.6750030517578125 260.86248779296875 272.08123779296875 284.39373779296875 296.21875 307.96875 320.42498779296875 333.3125 348.20001220703125 363.149993896484375 375.337493896484375 387.493743896484375 393.95623779296875 404.08123779296875 414.67498779296875 420.381256103515625 425.800018310546875 432.193756103515625 440.84375 451.15625
318.818756103515625 315.75 313.28125 307.131256103515625 301.899993896484375 295.162506103515625 287.912506103515625 282.09375 276.34375 274.181243896484375 279.975006103515625 290.274993896484375 300.087493896484375 305.42498779296875 303.375 299.79376220703125 295.11248779296875 288.15625 282.73126220703125 273.23748779296875 266.54376220703125 256.243743896484375 248.6437530517578125 244.725006103515625 247.662506103515625 252.462493896484375 260.13751220703125 267.881256103515625 278.40625 290.600006103515625 300.806243896484375 312.899993896484375 324.20001220703125 339.51251220703125 352.931243896484375 363.83123779296875 373.181243896484375 388.79998779296875 398.568756103515625 406.925018310546875 412.375 419.32501220703125 427.806243896484375 436.399993896484375 442.88751220703125
310.412506103515625 309.475006103515625 306.493743896484375 301.11248779296875 295.287506103515625 287.40625 280.83123779296875 273.756256103515625 265.38751220703125 261.66876220703125 266.42498779296875 280.51873779296875 295.912506103515625 303.29376220703125 302.506256103515625 299.600006103515625 295.85626220703125 290.068756103515625 284.8125 278.67498779296875 270.79376220703125 262.274993896484375 251.774993896484375 248.537506103515625 248.756256103515625 251.8937530517578125 258.681243896484375 265.88751220703125 274.5 284.524993896484375 294.318756103515625 304.212493896484375 314.881256103515625 329.931243896484375 340.96875 347.693756103515625 362.39373779296875 376.88751220703125 384.41876220703125 393.10626220703125 401.42498779296875 407.51251220703125 414.037506103515625 422.65625 425.943756103515625
302.66876220703125 303.475006103515625 299.899993896484375 295.524993896484375 289.587493896484375 282.274993896484375 276.13751220703125 266.506256103515625 254.6687469482421875 246.868743896484375 254.6750030517578125 276.11248779296875 289.84375 295.556243896484375 298.212493896484375 297.04998779296875 292.287506103515625 288.181243896484375 284.524993896484375 277.350006103515625 270.89373779296875 262.5625 252.943756103515625 249.868743896484375 248.368743896484375 250.1750030517578125 256.66876220703125 263.256256103515625 269.79998779296875 278.21875 288.45001220703125 298.66876220703125 308.743743896484375 320.01251220703125 329.3125 338.20623779296875 351.60626220703125 365.9375 375.57501220703125 380.36248779296875 388.181243896484375 393.26251220703125 400.98126220703125 407.89373779296875 411.98748779296875
298.25 297.162506103515625 292.82501220703125 289.64373779296875 284.274993896484375 278.3125 271.46875 261.399993896484375 251.306243896484375 241.5749969482421875 256.03125 276.91876220703125 286.73748779296875 291.29998779296875 293.375 293.118743896484375 288.087493896484375 285.54998779296875 279.774993896484375 272.40625 266.67498779296875 258.756256103515625 252.287506103515625 248.9187469482421875 246.625 248.9187469482421875 252.1437530517578125 259.16876220703125 265.537506103515625 274.125 281.5625 291.337493896484375 302.556243896484375 311.73126220703125 317.537506103515625 329.993743896484375 342.03125 352.60626220703125 364.0625 369.73748779296875 374.26251220703125 379.837493896484375 383.631256103515625 387.86248779296875 392.85626220703125
292.13751220703125 288.21875 284.54376220703125 282.32501220703125 279.13751220703125 272.225006103515625 266.681243896484375 260.375 257.524993896484375 261.743743896484375 276.725006103515625 284.212493896484375 285.29998779296875 288.162506103515625 289.587493896484375 287.29376220703125 283.243743896484375 279.868743896484375 272.1875 266.837493896484375 260.868743896484375 253.4875030517578125 248.056243896484375 246.53125 245.3125 245.0437469482421875 248.443756103515625 254.212493896484375 259.51873779296875 268.79376220703125 276.70623779296875 282.8125 292.443756103515625 302.34375 313.412506103515625 321.556243896484375 329.85626220703125 340.537506103515625 347.625 350.21875 355.149993896484375 360.787506103515625 362.649993896484375 367.725006103515625 371.15625
284.91876220703125 281.73748779296875 278.837493896484375 277.225006103515625 274.600006103515625 270.09375 263.943756103515625 263.087493896484375 264.20623779296875 268.90625 276.693756103515625 283.087493896484375 283.837493896484375 285.212493896484375 285.42498779296875 282.399993896484375 278.38751220703125 274.71875 266.556243896484375 259.837493896484375 253.375 249.125 242.0500030517578125 240.225006103515625 241.75 242.25 245.4187469482421875 250.4250030517578125 255.125 263.14373779296875 268.36248779296875 278.649993896484375 289.84375 298.681243896484375 308.618743896484375 315.21875 321.23748779296875 329.5625 333.600006103515625 332.86248779296875 335.524993896484375 340.03125 339.95001220703125 343.4375 348.08123779296875
