data/historical-monthly-weather-data/wc2.1_cruts4.09_10m_prec_2013-11.asc
ncols        51
nrows        45
xllcorner    -63.500000000000
yllcorner    -7.500000000000
cellsize     0.166666666667
NODATA_value -9999
[rows 20 to 39 of 45, columns 0 to 43 of 51]
236.28125 239.024993896484375 243.5437469482421875 248.243743896484375 252.2312469482421875 259.037506103515625 265.89373779296875 271.012481689453125 274 274.193756103515625 272.625 270.04998779296875 265.34375 257.337493896484375 252.162506103515625 246.375 241.7312469482421875 241.443756103515625 247.056243896484375 250.9812469482421875 252.1999969482421875 249.556243896484375 243.681243896484375 238.243743896484375 232.787506103515625 224.725006103515625 213.0500030517578125 197.212493896484375 180.556243896484375 168.25 158.5500030517578125 155.6125030517578125 156.8312530517578125 159.75 162.6687469482421875 165.162506103515625 165.6062469482421875 165.9250030517578125 163.40625 160.618743896484375 156.774993896484375 153.7375030517578125 149.6062469482421875 144.962493896484375
232.8562469482421875 234.4375 240.4187469482421875 246.537506103515625 252.6374969482421875 260.6875 269.88751220703125 277.131256103515625 283.337493896484375 286.13751220703125 286.381256103515625 286.20623779296875 282.774993896484375 274.59375 267.412506103515625 260.04376220703125 255.4437408447265625 252.4375 253.181243896484375 255.2312469482421875 251.53125 247.600006103515625 243.743743896484375 238.350006103515625 232.1687469482421875 224.899993896484375 216.3874969482421875 203.274993896484375 190.743743896484375 180.7624969482421875 170.9499969482421875 166.868743896484375 167.46875 171.6062469482421875 175.8937530517578125 177.8000030517578125 177.8937530517578125 177.068756103515625 172.3249969482421875 168.3937530517578125 163.4562530517578125 159.4499969482421875 155.09375 150.9562530517578125
229.868743896484375 233.131256103515625 239.306243896484375 246.225006103515625 253.506256103515625 262.26251220703125 271.5625 282.225006103515625 291.35626220703125 295.92498779296875 299.5 301.350006103515625 303.8125 296.662506103515625 284.287506103515625 273.45001220703125 266.45001220703125 261.95001220703125 259.375 258.04376220703125 253.2249908447265625 247.8625030517578125 242.7312469482421875 237.287506103515625 232.8937530517578125 227.318756103515625 219.15625 209.7062530517578125 198.6875 189.6687469482421875 182.068756103515625 177.78125 179.8312530517578125 184.431243896484375 188.443756103515625 190.6437530517578125 190.5500030517578125 187.3562469482421875 181.131256103515625 175.8249969482421875 170.6687469482421875 165.6875 160.774993896484375 156.2312469482421875
227.8000030517578125 231.537506103515625 237.962493896484375 243.9187469482421875 251.6374969482421875 261.82501220703125 272.15625 283.756256103515625 292.274993896484375 298.39373779296875 303.63751220703125 311.28125 317.76251220703125 309.225006103515625 294.29376220703125 282.4375 274.243743896484375 268.837493896484375 264.26873779296875 260.03125 254.53125 248.5812530517578125 242.1374969482421875 237 233.0812530517578125 227.875 223.7312469482421875 213.7312469482421875 205.412506103515625 197.7249908447265625 192.4375 189.056243896484375 191.024993896484375 194.962493896484375 199.3874969482421875 202.787506103515625 202.6125030517578125 197.212493896484375 190.287506103515625 183.818756103515625 177.6437530517578125 172.3000030517578125 167.181243896484375 162.399993896484375
229.243743896484375 231.912506103515625 237.868743896484375 243.7624969482421875 252.125 261.20001220703125 270.725006103515625 281.42498779296875 290.4375 297.162506103515625 303.78125 308.25 311.96875 306.5625 296.1875 286.23748779296875 278.53125 271.92498779296875 266.98126220703125 261.92498779296875 255.2375030517578125 247.46875 241.868743896484375 236.399993896484375 231.875 229.631256103515625 225.4499969482421875 218.7062530517578125 211.0437469482421875 206.131256103515625 201.149993896484375 198.274993896484375 200.1437530517578125 203.725006103515625 206.943756103515625 208.600006103515625 208.431243896484375 203.4499969482421875 196.975006103515625 190.9562530517578125 184.193756103515625 178.65625 174.3937530517578125 170.7624969482421875
233.975006103515625 236.662506103515625 238.7312469482421875 244.6875 250.7375030517578125 258.58123779296875 266.899993896484375 276.4375 284.693756103515625 291.67498779296875 297.64373779296875 301.29998779296875 301.83123779296875 298.07501220703125 292.412506103515625 286.07501220703125 280.625 274.58123779296875 269.493743896484375 264.48126220703125 256.92498779296875 248.7624969482421875 241.4375 234.337493896484375 231.5 230.931243896484375 228.6750030517578125 223.9187469482421875 218.068756103515625 214.0500030517578125 209.318756103515625 206.3625030517578125 208.2062530517578125 210.0437469482421875 212.4187469482421875 212.8249969482421875 211.6687469482421875 208.3562469482421875 203.53125 197.600006103515625 191.4250030517578125 185.881256103515625 180.118743896484375 177.5500030517578125
237.2375030517578125 236.662506103515625 238.0500030517578125 241.568756103515625 245.40625 251.868743896484375 261.04376220703125 269.21875 275 281.806243896484375 288.92498779296875 291.912506103515625 291.83123779296875 289.35626220703125 286.287506103515625 281.32501220703125 277.73748779296875 273.51251220703125 269.54998779296875 264.350006103515625 257.118743896484375 249.2937469482421875 241.5749969482421875 235.0124969482421875 234.1062469482421875 233.71875 231.3937530517578125 227.40625 223.2687530517578125 218.5500030517578125 214.90625 212.006256103515625 214.375 216.34375 217.09375 216.693756103515625 215.1062469482421875 211.5812530517578125 208.2624969482421875 203.5500030517578125 198.21875 192.618743896484375 187.2062530517578125 183.725006103515625
240.0749969482421875 236.2312469482421875 236.1062469482421875 237.21875 239.806243896484375 244.850006103515625 252.6750030517578125 260.76873779296875 266.975006103515625 273.368743896484375 278.568756103515625 281.29376220703125 281.212493896484375 279.399993896484375 278.743743896484375 276.100006103515625 273.431243896484375 271.506256103515625 268.5625 264.8125 259.42498779296875 252.381256103515625 247.962493896484375 243.131256103515625 240.6750030517578125 238.712493896484375 235.243743896484375 231.618743896484375 227.1875 222.568756103515625 218.006256103515625 215.3000030517578125 217.7375030517578125 219.056243896484375 220.9250030517578125 220.0437469482421875 217.96875 215.7062530517578125 211.7937469482421875 209.7062530517578125 206.7375030517578125 201.8312530517578125 193.3000030517578125 189.162506103515625
242.4375 235.5812530517578125 232.4875030517578125 231.9875030517578125 233.09375 237.15625 243.8000030517578125 251.181243896484375 258.46875 264.337493896484375 269.46875 271.181243896484375 271.75 270.33123779296875 270.70001220703125 271.17498779296875 271.256256103515625 269.443756103515625 267.725006103515625 265.5625 262.26873779296875 257.46875 255.024993896484375 251.6374969482421875 248.2062530517578125 244.8625030517578125 241.1875 236.0187530517578125 231.337493896484375 225.59375 220.899993896484375 217.4499969482421875 218.8937530517578125 220.7624969482421875 223.524993896484375 222.443756103515625 220.600006103515625 217.8874969482421875 214.53125 211.868743896484375 211.1125030517578125 205.899993896484375 199.71875 199.818756103515625
243.5812530517578125 234.568756103515625 229.6999969482421875 225.4812469482421875 225.662506103515625 229.556243896484375 235.443756103515625 242.3125 249.0124969482421875 253.8562469482421875 258.931243896484375 261.537506103515625 263.03125 263.6875 264.875 266.04998779296875 265.274993896484375 265.943756103515625 264.83123779296875 263.787506103515625 262.162506103515625 261.356231689453125 260.63751220703125 256.399993896484375 252.712493896484375 249.631256103515625 244.90625 238.5500030517578125 232.5749969482421875 227.993743896484375 223.5 220.1750030517578125 221.5 224.15625 226.5124969482421875 224.375 221.649993896484375 220.1999969482421875 215.181243896484375 211.8562469482421875 210.975006103515625 212.9250030517578125 211.9375 215.337493896484375
242.9187469482421875 232.568756103515625 226.4875030517578125 221.2312469482421875 219.125 223.431243896484375 228.649993896484375 234.2375030517578125 239.1875 244.8000030517578125 250.131256103515625 253.431243896484375 256.537506103515625 256.868743896484375 258.98748779296875 260.899993896484375 262.243743896484375 262.806243896484375 261.756256103515625 263.962493896484375 264.83123779296875 265.79998779296875 266.4375 262.13751220703125 257.193756103515625 254.0187530517578125 247.6062469482421875 240.6999969482421875 233.7312469482421875 229.1875 225.649993896484375 223.28125 224.28125 227.8249969482421875 229.162506103515625 226.6062469482421875 224.3000030517578125 224.09375 218.3125 209.6374969482421875 210.6750030517578125 218.681243896484375 223.631256103515625 228.5187530517578125
241.1750030517578125 230.65625 223.9562530517578125 219.318756103515625 217.4499969482421875 218.65625 222.5437469482421875 226.4499969482421875 230.8312530517578125 235.71875 241.087493896484375 245.5500030517578125 249.006256103515625 251.462493896484375 255.3000030517578125 258.0625 259.850006103515625 261.20623779296875 262.524993896484375 266.056243896484375 268.45623779296875 270.08123779296875 271.056243896484375 266.337493896484375 262.131256103515625 257.53125 249.618743896484375 241.681243896484375 233.7062530517578125 230.5 227.850006103515625 225.53125 227.0749969482421875 229.8000030517578125 232.6437530517578125 230.506256103515625 228.5124969482421875 227.100006103515625 220.556243896484375 215.4499969482421875 220.193756103515625 231.5 240.34375 251.524993896484375
238.34375 229.431243896484375 222.78125 218.2624969482421875 215.4499969482421875 214.7312469482421875 216.46875 218.84375 221.962493896484375 226.225006103515625 233.0500030517578125 237.412506103515625 242.5749969482421875 248.3125 251.9875030517578125 255.3874969482421875 257.037506103515625 261.381256103515625 264.875 268.92498779296875 271.42498779296875 272.04376220703125 271.537506103515625 266.693756103515625 262.475006103515625 257.337493896484375 248.993743896484375 240.2624969482421875 233.0749969482421875 230.7062530517578125 229.1750030517578125 227.943756103515625 229.71875 232.3874969482421875 236.368743896484375 235.7937469482421875 235.7312469482421875 234.5 229.993743896484375 232.524993896484375 239.0500030517578125 251.037506103515625 264.20623779296875 280.962493896484375
234.712493896484375 227.7312469482421875 221.3937530517578125 217.0625 212.9812469482421875 211.024993896484375 210.0625 211.100006103515625 213.40625 216.725006103515625 222.7375030517578125 229.8125 237.3249969482421875 243.412506103515625 247.850006103515625 251.9250030517578125 255.506256103515625 261.09375 266.181243896484375 271.3125 272.92498779296875 272.912506103515625 271.76873779296875 266.25 261.524993896484375 255.649993896484375 247.631256103515625 238.350006103515625 231.193756103515625 229.837493896484375 229.743743896484375 230.59375 233.0124969482421875 236.15625 240.850006103515625 242.256256103515625 242.40625 241.1437530517578125 242.8625030517578125 249.806243896484375 257.5625 271.21875 289.381256103515625 310.712493896484375
232.193756103515625 226.712493896484375 220.662506103515625 215.274993896484375 210.806243896484375 207.3125 204.34375 203.6999969482421875 203.568756103515625 206.881256103515625 213.600006103515625 222.9562530517578125 232.2375030517578125 241 246.6999969482421875 249.6875 254.0749969482421875 260.712493896484375 266.774993896484375 272.23748779296875 273.931243896484375 273.20623779296875 270.95001220703125 264.087493896484375 257.89373779296875 252.5187530517578125 243.75 235.4250030517578125 228.131256103515625 228.193756103515625 230.2375030517578125 232.287506103515625 235.125 239.7687530517578125 243.6999969482421875 245.0812530517578125 246.256256103515625 251.2375030517578125 256.493743896484375 264.006256103515625 274.381256103515625 288.07501220703125 306.75 328.08123779296875
230.7312469482421875 225.6999969482421875 220.037506103515625 214.3874969482421875 209.587493896484375 205.399993896484375 201.4250030517578125 197.71875 195.4187469482421875 196.5500030517578125 203.975006103515625 214.743743896484375 226.9499969482421875 238.068756103515625 243.3312530517578125 248.181243896484375 251.375 258.625 265.96875 272.837493896484375 273.53125 270.20623779296875 266.431243896484375 259.375 252.7249908447265625 246.568756103515625 238.6999969482421875 231.3874969482421875 225.1875 225.4187469482421875 229.256256103515625 232.1374969482421875 236.287506103515625 241.2687530517578125 244.462493896484375 246.5749969482421875 253.725006103515625 259.95001220703125 265.600006103515625 275.04376220703125 286.975006103515625 299.399993896484375 315.162506103515625 334.14373779296875
229.4562530517578125 225.375 220.350006103515625 215.1687469482421875 209.9812469482421875 205.0812530517578125 199.475006103515625 193.9812469482421875 189.1125030517578125 185.649993896484375 194.600006103515625 211.8562469482421875 224.912506103515625 234.431243896484375 240 244.493743896484375 247.8562469482421875 254.7312469482421875 262.17498779296875 268.26873779296875 267.73748779296875 263.712493896484375 259.45001220703125 252.024993896484375 244.993743896484375 239.568756103515625 231.649993896484375 226.0124969482421875 220.287506103515625 222.587493896484375 227.0124969482421875 232.5124969482421875 236.931243896484375 242.568756103515625 246.443756103515625 251.5812530517578125 260.037506103515625 268.53125 276.25 283.96875 294.58123779296875 305.212493896484375 318.71875 335.57501220703125
230.399993896484375 226.3562469482421875 221.287506103515625 216.5749969482421875 211.318756103515625 206.0124969482421875 200.306243896484375 194.306243896484375 188.868743896484375 183.368743896484375 198.3000030517578125 216.75 225.8874969482421875 233.100006103515625 237.618743896484375 241.2375030517578125 244.1750030517578125 249.8937530517578125 255.71875 258.875 258.475006103515625 255.243743896484375 251.274993896484375 243.181243896484375 236.6875 231.46875 224.6750030517578125 220 215.9499969482421875 220.125 223.368743896484375 229.3000030517578125 235.274993896484375 241.6125030517578125 246.9187469482421875 255.0187530517578125 265.375 274.64373779296875 285 294.29376220703125 301.14373779296875 311.087493896484375 319.95001220703125 331.475006103515625
229.318756103515625 225.649993896484375 221.6750030517578125 217.274993896484375 212.193756103515625 207.4375 202.9812469482421875 198.7312469482421875 197.806243896484375 203.6374969482421875 220.350006103515625 225.75 229.506256103515625 234.5187530517578125 237.4812469482421875 239.850006103515625 242.225006103515625 246.3562469482421875 249.4187469482421875 251.59375 249.7312469482421875 245.9499969482421875 242.71875 236.21875 229.40625 224.993743896484375 219.8000030517578125 216.1125030517578125 213.556243896484375 217.3000030517578125 221.443756103515625 226.681243896484375 232.6750030517578125 239.09375 248.2687530517578125 257.756256103515625 266.625 277.76251220703125 286.84375 291.41876220703125 296.756256103515625 305.350006103515625 309.850006103515625 318.774993896484375
227.8249969482421875 224.96875 221.443756103515625 217.381256103515625 214.0124969482421875 210.8562469482421875 207.3312530517578125 205.931243896484375 207.75 213.3874969482421875 222.21875 228.1999969482421875 231.5500030517578125 235.337493896484375 237.6750030517578125 239.118743896484375 241.381256103515625 243.375 244.493743896484375 245.118743896484375 241.5625 237.381256103515625 233.024993896484375 227.0187530517578125 222.4250030517578125 218.25 214.46875 212.4812469482421875 210.96875 214.068756103515625 217.5812530517578125 225.3937530517578125 233.9812469482421875 241.243743896484375 251.1750030517578125 259.89373779296875 267.92498779296875 277.03125 285.67498779296875 287.556243896484375 291.1875 296.98126220703125 299.662506103515625 303.29998779296875
