data/historical-monthly-weather-data/wc2.1_cruts4.09_10m_prec_2018-03.asc
ncols        51
nrows        45
xllcorner    -63.500000000000
yllcorner    -7.500000000000
cellsize     0.166666666667
NODATA_value -9999
[rows 20 to 39 of 45, columns 0 to 44 of 51]
218.399993896484375 225.4187469482421875 232.431243896484375 239.8000030517578125 247.774993896484375 256.64373779296875 264.91876220703125 271.03125 272.8125 270.931243896484375 267.03125 264.95001220703125 263.631256103515625 263.79376220703125 257.375 246.662506103515625 237.2624969482421875 231.71875 229.412506103515625 227.3000030517578125 226.78125 226.475006103515625 226.0187530517578125 230.5500030517578125 236.4187469482421875 243.118743896484375 251.6125030517578125 260.274993896484375 268.725006103515625 275.59375 277.837493896484375 274.95623779296875 262.493743896484375 245.875 229.8000030517578125 244.756256103515625 266.38751220703125 276.9375 279.875 277.76873779296875 273.29998779296875 269.04376220703125 263.681243896484375 259.462493896484375 258.1875
216.681243896484375 225.1437530517578125 233.7937469482421875 241.75 250.3562469482421875 260.42498779296875 269.73748779296875 277.318756103515625 279.631256103515625 275.38751220703125 267.256256103515625 261.024993896484375 255.90625 253.25 249.0187530517578125 242.899993896484375 237.40625 232.5 229.03125 225.7687530517578125 222.65625 220.5124969482421875 221.3312530517578125 225.149993896484375 231.087493896484375 239.3312530517578125 250.9562530517578125 259.962493896484375 268.243743896484375 274.45623779296875 275.92498779296875 273.33123779296875 263.21875 252.2062530517578125 246.243743896484375 254.7062530517578125 270.881256103515625 281.3125 284.162506103515625 280.85626220703125 275.23748779296875 270.375 264.98126220703125 260.431243896484375 259.350006103515625
216.9375 227.3000030517578125 235.65625 244.0437469482421875 252.443756103515625 261.943756103515625 271.118743896484375 281.4375 286.6875 278.78125 266.64373779296875 254.8562469482421875 245.568756103515625 242.350006103515625 241.59375 239.0124969482421875 235.131256103515625 230.84375 226.7437591552734375 222.8312530517578125 218.78125 214.725006103515625 213.1875 216.6125030517578125 224.1687469482421875 234.1374969482421875 246.774993896484375 257.45623779296875 265.92498779296875 271.587493896484375 274.65625 276.38751220703125 272.993743896484375 268.28125 269.8125 276.318756103515625 285.79376220703125 291.82501220703125 291.40625 286.125 278.837493896484375 272.82501220703125 267.006256103515625 261.318756103515625 260.20623779296875
216.149993896484375 224.9187469482421875 233.1437530517578125 241.537506103515625 249.78125 258.42498779296875 268.20623779296875 278.10626220703125 282.431243896484375 273.600006103515625 260.318756103515625 249.0437469482421875 237.1437530517578125 235.318756103515625 236.881256103515625 236.2624969482421875 234.149993896484375 230.40625 224.96875 219.899993896484375 214.568756103515625 209.1437530517578125 205.975006103515625 208.850006103515625 215.0187530517578125 224.71875 238.1062469482421875 251.2624969482421875 262.243743896484375 271.318756103515625 278.912506103515625 284.25 284.806243896484375 285.412506103515625 289.993743896484375 297 303.181243896484375 303.256256103515625 298.556243896484375 291.64373779296875 283.86248779296875 276.375 269.71875 262.818756103515625 262.6875
219.2062530517578125 224.7624969482421875 230.5437469482421875 238.4812469482421875 247.3000030517578125 255.3000030517578125 262.399993896484375 268.975006103515625 270.73126220703125 265.618743896484375 257.162506103515625 247.2687530517578125 240.0625 237.3125 236.412506103515625 236.3000030517578125 234.2312469482421875 230.5625 225.2687530517578125 218.181243896484375 210.5187530517578125 203.475006103515625 198.125 198.5500030517578125 205.2687530517578125 217.4562530517578125 231.118743896484375 246.8937530517578125 260.100006103515625 273.681243896484375 284.23748779296875 292.65625 296.818756103515625 300.15625 304.725006103515625 307.056243896484375 310.51251220703125 309.63751220703125 303.60626220703125 297.475006103515625 289.51873779296875 280.83123779296875 271.774993896484375 265.993743896484375 262.26873779296875
225.625 229.28125 231.8000030517578125 238.3125 244.5 250.5749969482421875 255.8625030517578125 260.181243896484375 260.875 257.881256103515625 252.787506103515625 247.6687469482421875 243.4499969482421875 240.5437469482421875 238.875 238.493743896484375 235.7624969482421875 232.28125 227.1687469482421875 218.2062530517578125 209.9250030517578125 199.6687469482421875 190.6437530517578125 187.993743896484375 196.3249969482421875 211.118743896484375 228.3000030517578125 244.3625030517578125 259.962493896484375 276.274993896484375 290.38751220703125 302.76873779296875 309.51251220703125 312.40625 314.98748779296875 315.056243896484375 315.92498779296875 314.5 309.16876220703125 302.493743896484375 294.95623779296875 284.82501220703125 272.774993896484375 265.475006103515625 262.16876220703125
233.912506103515625 233.818756103515625 235.8312530517578125 239.2624969482421875 242.8625030517578125 247.1687469482421875 250.212493896484375 252.53125 252.899993896484375 252.0187530517578125 249.850006103515625 246.96875 244.4375 242.712493896484375 241.8125 241.03125 240.118743896484375 236.0812530517578125 230.4187469482421875 222.9250030517578125 212.774993896484375 201.3125 188.662506103515625 184.1750030517578125 195.5124969482421875 210.28125 228.274993896484375 244.462493896484375 260.83123779296875 278.03125 294.287506103515625 310.256256103515625 319.45623779296875 320.76873779296875 321.568756103515625 321.48748779296875 322.32501220703125 320.71875 316.0625 310.399993896484375 301.84375 290.39373779296875 276.818756103515625 267.462493896484375 270.131256103515625
243.1125030517578125 240.7624969482421875 240.8937530517578125 242.037506103515625 242.3312530517578125 244.3562469482421875 247.118743896484375 248.125 248.318756103515625 248.1374969482421875 246.600006103515625 245.1374969482421875 244.3937530517578125 244.0124969482421875 243.9499969482421875 243.7375030517578125 243.912506103515625 242.25 237.6125030517578125 230.912506103515625 221.21875 209.5187530517578125 200.7375030517578125 197.75 204.600006103515625 216.524993896484375 232.53125 248.662506103515625 264.29376220703125 280.037506103515625 295.92498779296875 311 320.256256103515625 322.537506103515625 324.32501220703125 325.350006103515625 325.274993896484375 325.64373779296875 322.59375 319.162506103515625 314.04376220703125 301.08123779296875 283.89373779296875 273.587493896484375 283.95001220703125
250.993743896484375 247.1687469482421875 245.4187469482421875 243.7375030517578125 243.5437469482421875 243.681243896484375 243.6437530517578125 243.837493896484375 244.4562530517578125 244.2937469482421875 244.25 244.1687469482421875 244.3312530517578125 245.412506103515625 247.149993896484375 248.931243896484375 251.3000030517578125 250.787506103515625 248.0124969482421875 242.7687530517578125 233.6750030517578125 223.087493896484375 215.962493896484375 212.899993896484375 217.537506103515625 225.5812530517578125 239.131256103515625 253.9812469482421875 268.568756103515625 283.243743896484375 296.70001220703125 309.681243896484375 318.54376220703125 322.850006103515625 326.225006103515625 328.11248779296875 328.306243896484375 329.42498779296875 327.462493896484375 324.287506103515625 323.243743896484375 310.125 293.024993896484375 289.4375 302.26873779296875
255.6125030517578125 250.493743896484375 247.1062469482421875 244.09375 242.475006103515625 240.9250030517578125 240.625 240.5812530517578125 241.4499969482421875 241.5437469482421875 242.131256103515625 244.0437469482421875 246.3937530517578125 248.8000030517578125 251.5437469482421875 254.443756103515625 257.556243896484375 261.368743896484375 260.431243896484375 253.556243896484375 244.4562530517578125 235.40625 228.6687469482421875 226.743743896484375 229.4812469482421875 236.149993896484375 247.96875 260.506256103515625 272.868743896484375 285.118743896484375 297.100006103515625 307.5625 315.662506103515625 322.67498779296875 327.79376220703125 329.818756103515625 330.8125 333.243743896484375 328.32501220703125 325.11248779296875 324.83123779296875 320.1875 311.16876220703125 312.45001220703125 318.29376220703125
257.287506103515625 250.9375 246.537506103515625 243.5124969482421875 241.3625030517578125 238.693756103515625 238.631256103515625 238.1999969482421875 238.84375 239.399993896484375 240.7375030517578125 243.28125 247.0437469482421875 250.0812530517578125 254.1687469482421875 258.818756103515625 264.774993896484375 269.61248779296875 272.01873779296875 264.931243896484375 255.7312469482421875 246.28125 240.568756103515625 238.8125 240.381256103515625 246.993743896484375 256.274993896484375 266.1875 277.274993896484375 287.46875 297.6875 307.70001220703125 315.84375 323.34375 329.587493896484375 331.29376220703125 333.256256103515625 336.82501220703125 330.76251220703125 321.45623779296875 323.54998779296875 328.36248779296875 329.024993896484375 332.03125 338.125
256.162506103515625 249.1062469482421875 244.1687469482421875 240.587493896484375 238.318756103515625 235.625 235.493743896484375 234.475006103515625 235.1437530517578125 236.15625 237.993743896484375 241.375 245.5 250.7624969482421875 256.64373779296875 262.912506103515625 267.59375 272.21875 274.662506103515625 271.29376220703125 262.79376220703125 255.5 249.350006103515625 247.71875 250.975006103515625 255.899993896484375 262.868743896484375 272.23748779296875 280.60626220703125 289.943756103515625 299.237518310546875 308.162506103515625 315.48748779296875 323.29998779296875 330.26251220703125 333.01251220703125 337.256256103515625 340.512481689453125 332.53125 327.25 333.64373779296875 343.39373779296875 349.07501220703125 358.28125 367.67498779296875
249.6374969482421875 243.193756103515625 238.25 234.53125 231.3562469482421875 229.725006103515625 228.6374969482421875 227.3874969482421875 227.9187469482421875 230.4250030517578125 235.4250030517578125 239.625 245.75 254.1437530517578125 260.29376220703125 265.975006103515625 269.943756103515625 274.556243896484375 275.92498779296875 273.98126220703125 268.375 261.881256103515625 255.662506103515625 255.3312530517578125 257.61248779296875 261.28125 267.375 275.493743896484375 284.193756103515625 292.45001220703125 300.962493896484375 309.36248779296875 317.48126220703125 325.5 331.850006103515625 337.29376220703125 342.350006103515625 345.21875 340.3125 343.899993896484375 351.8125 362.162506103515625 372.274993896484375 384.45623779296875 403.806243896484375
242.0124969482421875 235.9375 232.2937469482421875 228.8312530517578125 225.65625 223.3000030517578125 221.462493896484375 220.125 220.9812469482421875 224.0687408447265625 229.993743896484375 237.8000030517578125 246.2312469482421875 254.5749969482421875 260.649993896484375 267.225006103515625 272.743743896484375 276.51873779296875 276.73126220703125 275.375 271.712493896484375 266 261.23748779296875 259.95623779296875 261.725006103515625 264.04376220703125 270.39373779296875 277.5625 287.01873779296875 294.493743896484375 301.73748779296875 310.881256103515625 319.91876220703125 327.88751220703125 336.11248779296875 342.21875 347.225006103515625 350.38751220703125 352.76873779296875 359.33123779296875 367.056243896484375 378.51251220703125 393.34375 408.693756103515625 431.84375
234.8249969482421875 229.631256103515625 226.53125 222.9562530517578125 218.6750030517578125 216.600006103515625 214.09375 213.0812530517578125 213.2624969482421875 216.0749969482421875 223.712493896484375 234.5437469482421875 246.0625 256.056243896484375 263.60626220703125 269.181243896484375 274.78125 277.975006103515625 278.212493896484375 276.931243896484375 274.287506103515625 268.79376220703125 264.068756103515625 262.40625 264.056243896484375 266.462493896484375 271.88751220703125 279.66876220703125 287.662506103515625 295.6875 304.01873779296875 313.08123779296875 321.95623779296875 330.912506103515625 338.76873779296875 344.38751220703125 350 358.475006103515625 364.462493896484375 371.70623779296875 380.54998779296875 391.01251220703125 406.07501220703125 422.73126220703125 442.506256103515625
230.09375 224.162506103515625 220.5 216.7687530517578125 212.6750030517578125 210.1750030517578125 208.162506103515625 205.743743896484375 204.59375 207.2312469482421875 215.0625 227.868743896484375 242.756256103515625 255.693756103515625 263.95001220703125 270.96875 276.36248779296875 279.0625 280.162506103515625 279.82501220703125 276.58123779296875 270.79376220703125 265.38751220703125 264.1875 265.09375 266.83123779296875 272.225006103515625 280.212493896484375 288.36248779296875 296.350006103515625 305.600006103515625 314.587493896484375 322.58123779296875 332.4375 340.45001220703125 345.96875 354.40625 363.149993896484375 367.975006103515625 376.20001220703125 386.15625 396.03125 408.0625 424.600006103515625 439.412506103515625
224.806243896484375 218.8874969482421875 215.225006103515625 211.149993896484375 207.5 205.631256103515625 203.287506103515625 200.6687469482421875 197.9562530517578125 197.28125 207.381256103515625 225.6687469482421875 242.225006103515625 255.0187530517578125 264.743743896484375 271.90625 277.33123779296875 279.649993896484375 281.149993896484375 279.337493896484375 276.29998779296875 270.693756103515625 265.600006103515625 263.243743896484375 263.46875 265.26251220703125 271.006256103515625 279.98126220703125 288.100006103515625 297.068756103515625 306.318756103515625 315.443756103515625 324.875 335.056243896484375 342.82501220703125 349.88751220703125 358.649993896484375 367.73126220703125 372.95001220703125 378.350006103515625 386.10626220703125 395.350006103515625 407.09375 421.743743896484375 434.6875
219.9875030517578125 214.600006103515625 210.5187530517578125 206.725006103515625 203.84375 202.71875 201.0500030517578125 198.3625030517578125 196.9375 194.975006103515625 211.0500030517578125 230.6687469482421875 244.59375 256.649993896484375 265.3125 272.92498779296875 277.48748779296875 279.09375 279.28125 276.587493896484375 272.118743896484375 267.0625 263.60626220703125 261.006256103515625 261.162506103515625 263.38751220703125 269.29376220703125 279.068756103515625 288.20623779296875 297.45001220703125 306.23748779296875 315.4375 325.36248779296875 336.225006103515625 343.76251220703125 352.60626220703125 361.42498779296875 368.5 374.912506103515625 381.01251220703125 385.48748779296875 394.806243896484375 403.64373779296875 412.337493896484375 423.65625
214.087493896484375 211.681243896484375 208.662506103515625 205.3625030517578125 202.8125 201.5437469482421875 201.4562530517578125 200.850006103515625 204.03125 213.4187469482421875 231.71875 241.8312530517578125 250.1062469482421875 259.381256103515625 267.25 273.83123779296875 277.79998779296875 278.11248779296875 276.587493896484375 272.868743896484375 266.962493896484375 262.01251220703125 258.79998779296875 257.34375 258.212493896484375 261.381256103515625 268.10626220703125 277.131256103515625 286.681243896484375 296.274993896484375 306.368743896484375 314.818756103515625 323.8125 334.568756103515625 345.493743896484375 352.57501220703125 359.6875 367.67498779296875 371.70623779296875 375.15625 378.79376220703125 387.412506103515625 393.90625 401.587493896484375 409.13751220703125
208.475006103515625 209.681243896484375 207.493743896484375 204.1999969482421875 202.375 203.0437469482421875 203.1999969482421875 205.84375 212 221.662506103515625 234.1875 245.625 254.681243896484375 262.506256103515625 270.0625 275.51251220703125 278.78125 277.618743896484375 273.95001220703125 269.70001220703125 262.58123779296875 257.13751220703125 252.7937469482421875 251.8562469482421875 254.4562530517578125 258.631256103515625 265.25 274.83123779296875 284.337493896484375 293.76251220703125 302.95001220703125 314.34375 325.943756103515625 335.57501220703125 345.712493896484375 353 358.131256103515625 364.36248779296875 368.66876220703125 368.96875 370.381256103515625 377.29376220703125 382.524993896484375 387.79376220703125 393.5625
