data/historical-monthly-weather-data/wc2.1_cruts4.09_10m_prec_2020-01.asc
ncols        45
nrows        45
xllcorner    -63.500000000000
yllcorner    -7.500000000000
cellsize     0.166666666667
NODATA_value -9999
[rows 20 to 39 of 45, columns 0 to 44 of 45]
200.412506103515625 206.59375 217.2624969482421875 230.2937469482421875 244.0749969482421875 260.693756103515625 278.75 295.475006103515625 313 328.756256103515625 343.818756103515625 361.149993896484375 382.54376220703125 405.45623779296875 407.33123779296875 395.54998779296875 389.23748779296875 389.04376220703125 397.48748779296875 405.125 414.681243896484375 421.71875 426.29376220703125 428.58123779296875 431.381256103515625 434.506256103515625 434.556243896484375 435.04998779296875 434.006256103515625 427.725006103515625 411.506256103515625 389.037506103515625 359.13751220703125 329.48748779296875 303.63751220703125 311.29376220703125 328.4375 334.51251220703125 319.45001220703125 292.475006103515625 260.756256103515625 233.1999969482421875 210.7312469482421875 192.318756103515625 184.2624969482421875
205.1999969482421875 210.9375 220.850006103515625 234.100006103515625 249.350006103515625 266.95623779296875 285.568756103515625 305.14373779296875 324.006256103515625 336.34375 346.01873779296875 353.73126220703125 365.34375 381.20623779296875 390.5625 391.431243896484375 394.73748779296875 397.806243896484375 403.78125 410.79998779296875 413.54998779296875 417.975006103515625 423.3125 426.3125 430.07501220703125 434.91876220703125 439.118743896484375 436.63751220703125 430.90625 419.256256103515625 398.79998779296875 376.868743896484375 355.98126220703125 339.712493896484375 327.8125 334.537506103515625 352.774993896484375 362.79998779296875 345.993743896484375 313.6875 277.33123779296875 246.087493896484375 220.225006103515625 199.068756103515625 189.2687530517578125
209.649993896484375 215.899993896484375 223.75 236.0749969482421875 252.243743896484375 272.431243896484375 292.337493896484375 313.649993896484375 336.212493896484375 344.20623779296875 344.79376220703125 341.53125 343.20623779296875 356.65625 374.350006103515625 387.181243896484375 395.462493896484375 400.881256103515625 406.318756103515625 411.39373779296875 412.8125 413.76251220703125 415.26251220703125 417.6875 424.524993896484375 433.33123779296875 439.26251220703125 435.79376220703125 426.806243896484375 409.787506103515625 388.274993896484375 369.21875 361.412506103515625 355.76873779296875 354.70623779296875 361.0625 379.806243896484375 399.368743896484375 377.837493896484375 333.90625 292.16876220703125 258.32501220703125 228.0187530517578125 204.475006103515625 193.662506103515625
212.15625 217.0124969482421875 223.3312530517578125 235.943756103515625 253.7312469482421875 274.774993896484375 296.92498779296875 319.306243896484375 340.131256103515625 345.20001220703125 342.04376220703125 335.73126220703125 326.100006103515625 342.475006103515625 366.16876220703125 382.78125 393.51251220703125 399.131256103515625 403.83123779296875 408.006256103515625 406.48748779296875 405.4375 405.475006103515625 406.943756103515625 415.375 424.41876220703125 432.443756103515625 427.981231689453125 418.65625 405.162506103515625 388.26251220703125 374.712493896484375 372.243743896484375 372.912506103515625 376.662506103515625 383.568756103515625 398.32501220703125 413.79376220703125 391.056243896484375 346.95623779296875 304.087493896484375 267.8125 236.09375 211.125 200.462493896484375
215.3937530517578125 219.4875030517578125 224.0437469482421875 238.8562469482421875 259.587493896484375 280.431243896484375 301.45623779296875 322.162506103515625 338.79376220703125 346.350006103515625 346.38751220703125 342.943756103515625 341.04998779296875 352.73748779296875 369.068756103515625 384.443756103515625 395.57501220703125 401.462493896484375 403.60626220703125 403.04998779296875 399.649993896484375 395.21875 392.931243896484375 393.162506103515625 400.54998779296875 411.83123779296875 417.76251220703125 419.087493896484375 413.71875 405.899993896484375 395.068756103515625 387.568756103515625 386.76873779296875 390.46875 396.068756103515625 398.993743896484375 407.287506103515625 408.14373779296875 385.375 349.76873779296875 310.225006103515625 274.34375 242.443756103515625 218.03125 205.25
223.412506103515625 230.1437530517578125 236.1687469482421875 250.3937530517578125 267.46875 287.600006103515625 306.975006103515625 324.181243896484375 338.70623779296875 347.63751220703125 352.88751220703125 356.11248779296875 359.350006103515625 368.48126220703125 378.63751220703125 390.21875 400.506256103515625 404.73748779296875 404.868743896484375 401.037506103515625 396.181243896484375 386.71875 380.806243896484375 377.16876220703125 385.58123779296875 399.17498779296875 409.125 412.475006103515625 411.95001220703125 405.368743896484375 402.162506103515625 399.568756103515625 402.85626220703125 406.17498779296875 412.04998779296875 411.193756103515625 411.82501220703125 405.39373779296875 381.618743896484375 349.20001220703125 313.76873779296875 278.493743896484375 245.9187469482421875 222.131256103515625 211.6875
232.056243896484375 239.3874969482421875 248.9562530517578125 262.056243896484375 276.40625 294.40625 312.131256103515625 325.96875 338.6875 350.024993896484375 358.350006103515625 364.681243896484375 370.743743896484375 379.26873779296875 386.11248779296875 395.131256103515625 403.318756103515625 406.4375 407.1624755859375 401.04998779296875 392.243743896484375 383.29998779296875 371.78125 365.712493896484375 377.60626220703125 390.64373779296875 400.23748779296875 405.39373779296875 407.63751220703125 404.98126220703125 405.54376220703125 405.53125 412.91876220703125 417.70623779296875 421.35626220703125 419.712493896484375 416.88751220703125 406.33123779296875 380.4375 350.649993896484375 317.125 282.368743896484375 251.5437469482421875 229.256256103515625 225.1374969482421875
242.6062469482421875 249.2062530517578125 261.04376220703125 274.25 287.899993896484375 302.912506103515625 317.70001220703125 329.75 342.03125 352.881256103515625 362.60626220703125 371.07501220703125 377.943756103515625 386.13751220703125 391.70623779296875 398.96875 405.20001220703125 410.912506103515625 408.737518310546875 404.162506103515625 397.25 385.737518310546875 379.725006103515625 374.75 380.70001220703125 389.381256103515625 396.78125 400.587493896484375 403.54376220703125 405.024993896484375 405.287506103515625 406.39373779296875 415.26873779296875 421.4375 427.0625 424.95623779296875 419.36248779296875 409.32501220703125 384.993743896484375 354.92498779296875 324.006256103515625 291.100006103515625 259.83123779296875 239.6687469482421875 245.681243896484375
251.462493896484375 258.35626220703125 270.9375 285.381256103515625 298.73126220703125 311.100006103515625 321.618743896484375 333.212493896484375 343.975006103515625 355.09375 366.11248779296875 374.78125 382.79376220703125 393.181243896484375 398.681243896484375 405.899993896484375 414.54376220703125 417.5 416.399993896484375 411.89373779296875 403.899993896484375 393.46875 388.15625 384.53125 386.46875 390.75 395.881256103515625 398.51251220703125 401.98748779296875 404.037506103515625 403.537506103515625 404.5 414.45623779296875 424.306243896484375 432.48126220703125 429.681243896484375 425.46875 415.86248779296875 393.20001220703125 364.1875 332.16876220703125 301.70623779296875 275.756256103515625 262.73126220703125 270.381256103515625
256.806243896484375 262.73126220703125 275.631256103515625 289.89373779296875 301.193756103515625 309.86248779296875 317.51873779296875 327.712493896484375 337.649993896484375 347.668731689453125 359.881256103515625 371.431243896484375 382.125 394.006256103515625 402.274993896484375 409.756256103515625 417.35626220703125 421.975006103515625 423.45001220703125 417.63751220703125 408.818756103515625 401.193756103515625 394.76873779296875 389.83123779296875 390.04376220703125 392.29998779296875 394.618743896484375 395.506256103515625 397.88751220703125 399.8125 401.693756103515625 403.86248779296875 413.068756103515625 424.975006103515625 433.51873779296875 432.6875 429.3125 423.962493896484375 403.368743896484375 378.63751220703125 352.818756103515625 327.975006103515625 307.306243896484375 296.493743896484375 296.29998779296875
259.274993896484375 264.14373779296875 274.068756103515625 286.58123779296875 297.51873779296875 302.493743896484375 309.850006103515625 318.350006103515625 327.96875 338.92498779296875 352.337493896484375 365.75 378.95623779296875 391.48126220703125 402.04376220703125 410.743743896484375 420.225006103515625 426.368743896484375 428.54998779296875 423.524993896484375 413.66876220703125 404.868743896484375 399.76873779296875 393.71875 391.21875 393.162506103515625 393.818756103515625 392.96875 394.975006103515625 396.837493896484375 400.024993896484375 403.82501220703125 412.850006103515625 424.818756103515625 434.15625 435.243743896484375 433.64373779296875 432.26251220703125 416.91876220703125 396.51251220703125 376.76873779296875 357.01873779296875 340.51873779296875 327.774993896484375 325.693756103515625
258.36248779296875 261.34375 268.58123779296875 277.149993896484375 284.23748779296875 290.4375 299.36248779296875 306.73748779296875 316.66876220703125 328.01873779296875 341.84375 356.84375 372.36248779296875 388.337493896484375 400.6875 410.46875 418.53125 424 424.649993896484375 422.08123779296875 412.54998779296875 404.32501220703125 400.07501220703125 393.493743896484375 391.9375 391.90625 390.337493896484375 389.25 388.75 393.32501220703125 397.8125 402.78125 412.756256103515625 424.92498779296875 435.181243896484375 437.26251220703125 440.26873779296875 438.943756103515625 426.14373779296875 411.75 401.04998779296875 386.70623779296875 374.14373779296875 366.64373779296875 364.712493896484375
251.09375 253.350006103515625 259.568756103515625 266 270.318756103515625 275.91876220703125 282.21875 289 297.6875 311.36248779296875 328.418731689453125 345.899993896484375 366.287506103515625 386.70623779296875 398.168731689453125 407.13751220703125 413.89373779296875 416.318756103515625 415.881256103515625 414.3125 406.45001220703125 399.26251220703125 394.48748779296875 390.63751220703125 388.26251220703125 388.0625 385.556243896484375 381.67498779296875 380.837493896484375 388.524993896484375 394.287506103515625 399.274993896484375 410.39373779296875 423.58123779296875 433.350006103515625 438 441.54998779296875 442.40625 432.63751220703125 428.39373779296875 422.76251220703125 413.92498779296875 407.23748779296875 405.399993896484375 411.67498779296875
242.2062530517578125 244.125 248.868743896484375 253.818756103515625 256.07501220703125 260.54376220703125 265.51873779296875 270.412506103515625 279.318756103515625 291.89373779296875 310.118743896484375 334.0625 359.618743896484375 381.868743896484375 393.556243896484375 401.20623779296875 408.48748779296875 410.28125 407.61248779296875 404.46875 398.11248779296875 392.287506103515625 388.17498779296875 384.231231689453125 381.975006103515625 380.618743896484375 377.024993896484375 374.10626220703125 374.20623779296875 381.57501220703125 390.337493896484375 397.625 408.5 422.337493896484375 432.83123779296875 438.26251220703125 441.837493896484375 442.568756103515625 440.71875 441.45623779296875 440.212493896484375 437.28125 436.600006103515625 439.73126220703125 449.149993896484375
234.625 235.4187469482421875 238.9499969482421875 241.693756103515625 243.506256103515625 246.8249969482421875 249.25 252.4562530517578125 258.868743896484375 271.868743896484375 293.006256103515625 320.95001220703125 352.98126220703125 379.29376220703125 390.225006103515625 395.91876220703125 401.45623779296875 400.89373779296875 397.76873779296875 392.3125 387.85626220703125 383.131256103515625 379.65625 375.59375 373.693756103515625 370.649993896484375 368.20001220703125 366.13751220703125 366.118743896484375 374.131256103515625 384.66876220703125 395.306243896484375 407.212493896484375 419.600006103515625 429.89373779296875 435.66876220703125 438.725006103515625 444.51251220703125 447.20001220703125 449.943756103515625 453.32501220703125 453.0625 456.375 461.774993896484375 468.95623779296875
227.9375 227.868743896484375 230.181243896484375 231.8000030517578125 232.8625030517578125 234.3562469482421875 236.2624969482421875 237.318756103515625 241.5437469482421875 252.1687469482421875 274.1875 306.006256103515625 340.725006103515625 368.23748779296875 380.5 387.475006103515625 391.893768310546875 390.20623779296875 385.98126220703125 379.943756103515625 374.806243896484375 371.41876220703125 367.58123779296875 363.243743896484375 361.33123779296875 359.975006103515625 357.76251220703125 356.46875 357.5 366.443756103515625 378.875 390.28125 403.57501220703125 416.42498779296875 426.493743896484375 430.8125 437.837493896484375 442.412506103515625 443.25 446.787506103515625 451.34375 453.75 457.39373779296875 463.975006103515625 468.66876220703125
221.2312469482421875 220.8312530517578125 221.6374969482421875 222.4312591552734375 222.8312530517578125 224.243743896484375 226.306243896484375 226.15625 227.09375 231.3874969482421875 256.712493896484375 296.79376220703125 330.48748779296875 353.59375 367.65625 376.568756103515625 381.725006103515625 379.03125 373.712493896484375 366.587493896484375 362.03125 357.04998779296875 353.743743896484375 349.92498779296875 348.774993896484375 348.6875 347.387481689453125 347.5 349.16876220703125 359.524993896484375 372.693756103515625 385.23126220703125 399.58123779296875 413.056243896484375 423.131256103515625 428.26873779296875 433.5625 436.57501220703125 438.20623779296875 440.181243896484375 442.337493896484375 445.83123779296875 452.568756103515625 459.28125 463
214.4250030517578125 213.725006103515625 213.7937469482421875 214.506256103515625 215.0124969482421875 217.5437469482421875 219.524993896484375 220.2687530517578125 222.131256103515625 224.2312469482421875 261.42498779296875 300.84375 325.4375 342.84375 356.46875 365.82501220703125 370.6875 368.318756103515625 363.056243896484375 355.45623779296875 349.54998779296875 343.212493896484375 339.07501220703125 336.01873779296875 335.5 336.70001220703125 335.92498779296875 336.881256103515625 339.86248779296875 352.149993896484375 365.568756103515625 377.756256103515625 392.29998779296875 406.64373779296875 416.787506103515625 422.037506103515625 425.07501220703125 428.318756103515625 430.225006103515625 431.04376220703125 431.57501220703125 437.087493896484375 442.618743896484375 447.40625 452.79998779296875
208.4499969482421875 206.287506103515625 207.024993896484375 207.9375 209.1750030517578125 212.40625 215.3937530517578125 220.475006103515625 231.3000030517578125 253.7937469482421875 296.125 313.568756103515625 326.087493896484375 339.3125 350.462493896484375 357.912506103515625 362.98748779296875 359.212493896484375 353.131256103515625 345.912506103515625 337.225006103515625 330.162506103515625 325.9375 323.574981689453125 323.29998779296875 325.006256103515625 326.5625 329.5625 334.568756103515625 347.76251220703125 360.20623779296875 371.375 383.5625 394.29376220703125 406.306243896484375 410.6875 412.162506103515625 414.899993896484375 415.04998779296875 413.26873779296875 413.38751220703125 416.95623779296875 420.45001220703125 426.068756103515625 430.899993896484375
202.625 200.399993896484375 200.9187469482421875 201.46875 204.2687530517578125 208.9875030517578125 214.1750030517578125 223.225006103515625 239.0500030517578125 262.73126220703125 290.25 310.3125 323.66876220703125 336.1875 344.881256103515625 351.681243896484375 355.756256103515625 352.193756103515625 344.287506103515625 335.881256103515625 323.78125 316.38751220703125 311.862518310546875 310.006256103515625 311.006256103515625 313.23748779296875 317.11248779296875 322.86248779296875 329.23748779296875 341.350006103515625 352.40625 364.26873779296875 376.524993896484375 385.58123779296875 392.943756103515625 396.29376220703125 397.17498779296875 398.412506103515625 397.125 394.118743896484375 393.82501220703125 395.993743896484375 397.5 401.45623779296875 406.17498779296875
