data/historical-monthly-weather-data/wc2.1_cruts4.09_10m_prec_1995-07.asc
ncols        45
nrows        45
xllcorner    -63.500000000000
yllcorner    -7.500000000000
cellsize     0.166666666667
NODATA_value -9999
[rows 0 to 18 of 45, columns 0 to 43 of 45]
373.98748779296875 371.53125 363.40625 361.625 354.26251220703125 346.293731689453125 337.893768310546875 326.53125 321.943756103515625 319.98126220703125 312.20623779296875 303.743743896484375 293.76251220703125 288.26873779296875 283.64373779296875 275.85626220703125 267.79998779296875 255.125 245.0187530517578125 238.8000030517578125 235.475006103515625 226.5124969482421875 219.4375 213.6437530517578125 210.5187530517578125 203.8312530517578125 200.9562530517578125 198.6999969482421875 194.53125 196.1374969482421875 190.1062469482421875 188.8249969482421875 193.1125030517578125 193.4875030517578125 192.8062591552734375 187.0812530517578125 177.4187469482421875 177.03125 167.399993896484375 159.1750030517578125 156.9499969482421875 155.9812469482421875 150.2624969482421875 147.0124969482421875
356.82501220703125 354.54998779296875 348.493743896484375 349.524993896484375 347.66876220703125 341.125 332.631256103515625 324.29998779296875 320.068756103515625 314.524993896484375 306.21875 295.66876220703125 285.5 277.20623779296875 268.45001220703125 260.32501220703125 250.912506103515625 239.412506103515625 230.5812530517578125 222.8937530517578125 213.6437530517578125 209.381256103515625 204.693756103515625 203.8000030517578125 196.475006103515625 191.8937530517578125 190.5625 189.875 185.1750030517578125 183.8562469482421875 183.4187469482421875 188.28125 191.056243896484375 194.7312469482421875 194.681243896484375 185.243743896484375 175.3249969482421875 171.412506103515625 161.1062469482421875 154.725006103515625 153.8125 149.7937469482421875 145.34375 139.556243896484375
317.975006103515625 324.34375 327.556243896484375 327.14373779296875 324.118743896484375 316.8125 311.95001220703125 310.6875 308.38751220703125 302.806243896484375 294.662506103515625 281.83123779296875 274.287506103515625 261.274993896484375 250.8625030517578125 241.09375 232.65625 221.8874969482421875 212.4250030517578125 207.006256103515625 198.993743896484375 196.15625 193.600006103515625 191.8937530517578125 187.4187469482421875 180.8937530517578125 184.899993896484375 183.4562530517578125 180.5 181.0187530517578125 181.25 179.631256103515625 182.9375 188.962493896484375 182.556243896484375 171.8874969482421875 166.0625 164.03125 153.34375 147.662506103515625 145.6437530517578125 142.8312530517578125 137.2312469482421875 133.21875
283.67498779296875 285.412506103515625 295.36248779296875 303.51251220703125 301.01873779296875 292.875 288 292.09375 294.887481689453125 291.975006103515625 279.09375 266.4375 256.962493896484375 249.306243896484375 236.024993896484375 223.3125 212.6750030517578125 204.0187530517578125 198.1687469482421875 197.806243896484375 192.024993896484375 184.71875 181.90625 182.368743896484375 179.9250030517578125 175.6374969482421875 176.2375030517578125 171.6750030517578125 172.3625030517578125 178.125 178.96875 176.600006103515625 174 172.3249969482421875 167.53125 165.7624969482421875 162.399993896484375 153.5187530517578125 145.5500030517578125 139.149993896484375 139.0500030517578125 138.350006103515625 133.1687469482421875 128.6750030517578125
280.45001220703125 271.17498779296875 262.274993896484375 271.412506103515625 280.350006103515625 272.64373779296875 271.975006103515625 275.89373779296875 277.35626220703125 273.0625 267.82501220703125 254 244.337493896484375 234.9875030517578125 221.25 208.9187469482421875 197.40625 191.100006103515625 182.5999908447265625 181.2937469482421875 179.287506103515625 172.8312530517578125 169.21875 174.5437469482421875 171.90625 167.6062469482421875 165.9250030517578125 167.5625 167.556243896484375 168.5625 171.443756103515625 172.2312469482421875 172.03125 168.337493896484375 163.006256103515625 155.181243896484375 151.306243896484375 146.0187530517578125 137.287506103515625 132.837493896484375 131.625 127.7312469482421875 126.03125 123.7687530517578125
261.381256103515625 260.73748779296875 255.818756103515625 237.5 250.1125030517578125 261.0625 260.04376220703125 260.48748779296875 264.431243896484375 259.4375 251.6687469482421875 240.399993896484375 232.0187530517578125 217.899993896484375 208.5187530517578125 197.34375 184.162506103515625 175.3000030517578125 170.806243896484375 171.118743896484375 168.9812469482421875 165.3125 164.5124969482421875 163.662506103515625 164.3874969482421875 162.3249969482421875 161.0812530517578125 161.7062530517578125 160.368743896484375 161.28125 163.568756103515625 167.9812469482421875 164.899993896484375 163.725006103515625 156.600006103515625 150.40625 140.21875 135.1687469482421875 131.4812469482421875 129.40625 123.19374847412109375 121.72499847412109375 118.52500152587890625 115.0812530517578125
246.962493896484375 247.756256103515625 245.2062530517578125 239.462493896484375 235.287506103515625 230.274993896484375 236.9187469482421875 242.8125 241.9250030517578125 240.306243896484375 236.34375 222.1687469482421875 217.0187530517578125 206.1750030517578125 194.28125 185.8625030517578125 176.6687469482421875 164.975006103515625 156.6374969482421875 160.4812469482421875 158.5 155.1687469482421875 153.3249969482421875 155.931243896484375 156.3000030517578125 157.5812530517578125 159.9812469482421875 156.0124969482421875 152.681243896484375 157.537506103515625 158.34375 157.1437530517578125 153.8125 154.5625 151.899993896484375 143.3625030517578125 132.8874969482421875 125.9875030517578125 123.7312469482421875 122.7062530517578125 116.25 112.38124847412109375 110.8125 107.44374847412109375
237.125 234.5625 234.962493896484375 234.600006103515625 234.8000030517578125 238.100006103515625 230.256256103515625 216.1687469482421875 211.4375 211.46875 210.2624969482421875 204.4187469482421875 199.2062530517578125 189.4375 181.975006103515625 174.1750030517578125 164.5812530517578125 155.25 148.556243896484375 145.2312469482421875 148.9250030517578125 149.40625 146.96875 149.3312530517578125 152.568756103515625 150.100006103515625 151.806243896484375 146.975006103515625 147.6999969482421875 148.0500030517578125 153.0124969482421875 151.8625030517578125 149.6062469482421875 146.212493896484375 141.4562530517578125 131.25 122.0749969482421875 115.84375 110.97499847412109375 107.01874542236328125 102.71250152587890625 101.28125 99.5124969482421875 96.0812530517578125
228.1875 227.056243896484375 225.8000030517578125 229.0812530517578125 232.25 230.4562530517578125 225.6999969482421875 218.7937469482421875 207.4499969482421875 195.5437469482421875 190.712493896484375 182.71875 184.4499969482421875 175.787506103515625 169.068756103515625 162.037506103515625 156.475006103515625 152.212493896484375 151.100006103515625 142.056243896484375 139.84375 144.5437469482421875 143.181243896484375 147.787506103515625 150.056243896484375 144.412506103515625 142.3125 144.9562530517578125 146.3937530517578125 145.2062530517578125 150.3562469482421875 145.2937469482421875 136.9250030517578125 131.306243896484375 128.09375 124.1374969482421875 118.3625030517578125 113.44374847412109375 106.46250152587890625 99.9812469482421875 94.7312469482421875 92.4187469482421875 91.3125 87.2937469482421875
216.631256103515625 217.7375030517578125 219.318756103515625 222.8562469482421875 225.9562530517578125 227.65625 222.9312591552734375 216.787506103515625 208.287506103515625 200.6374969482421875 188.8249969482421875 173.943756103515625 171.625 165.8312530517578125 160.7062530517578125 156.375 148.943756103515625 149.4562530517578125 149.443756103515625 145.506256103515625 142.662506103515625 138.912506103515625 135.431243896484375 140.1125030517578125 141.212493896484375 141.537506103515625 139.2937469482421875 140.3937530517578125 139.4812469482421875 138.975006103515625 140.931243896484375 135.7312469482421875 130.4437408447265625 124.3874969482421875 119.28749847412109375 116.5 112.1687469482421875 107.8625030517578125 101.4562530517578125 97.5 93.78125 89.81874847412109375 85.0437469482421875 79.3000030517578125
209.7375030517578125 211.774993896484375 212.443756103515625 217.40625 219.7687530517578125 221.712493896484375 218.90625 208.5500030517578125 196.4187469482421875 189.274993896484375 182.662506103515625 171.6875 159.15625 155.681243896484375 148.537506103515625 144.3562469482421875 142.287506103515625 143.412506103515625 143.7750091552734375 146.649993896484375 148.5437469482421875 143.1750030517578125 134.375 128.1750030517578125 135.6999969482421875 143.868743896484375 142.493743896484375 140.243743896484375 134.162506103515625 133.0500030517578125 132.46875 130.875 126.65625 119.50624847412109375 115.9562530517578125 111.5187530517578125 107.3625030517578125 100.53125 98.94374847412109375 93.65625 87.5749969482421875 83.08750152587890625 80.6437530517578125 73.28749847412109375
202.9499969482421875 203.024993896484375 204.5625 210.068756103515625 213.9250030517578125 215.8687591552734375 214.96875 205.537506103515625 190.774993896484375 178.131256103515625 169.912506103515625 164.25 150.0749969482421875 143.743743896484375 142.6750030517578125 136.375 134.5124969482421875 135.8312530517578125 137.3249969482421875 142.662506103515625 149.8249969482421875 147.287506103515625 143.3937530517578125 134.568756103515625 133.6875 130.59375 129.912506103515625 130.962493896484375 128.068756103515625 125.8000030517578125 121.63124847412109375 119.9250030517578125 117.6374969482421875 113.7312469482421875 112.0124969482421875 109.41249847412109375 103.7937469482421875 100.34999847412109375 92.71875 87.6125030517578125 81.1750030517578125 78.6875 73.0437469482421875 65.22499847412109375
190.318756103515625 193.5562591552734375 197.274993896484375 199.8312530517578125 201.4812469482421875 203.65625 200.4562530517578125 190.2375030517578125 177.4749908447265625 169.443756103515625 163.1374969482421875 154.7624969482421875 147.8874969482421875 132.8000030517578125 127.5812530517578125 127.80625152587890625 126.29999542236328125 129.09375 131.3625030517578125 134.3562469482421875 139.0749969482421875 138.1125030517578125 137.96875 132.3000030517578125 124.77500152587890625 121.9812469482421875 122.6062469482421875 124.2312469482421875 122.36875152587890625 118.7062530517578125 114.15625 109.02500152587890625 109.15000152587890625 106.7687530517578125 104.9562530517578125 103.5437469482421875 102.11875152587890625 101.02500152587890625 97.19374847412109375 87.46875 77.59375 73.21875 65.5124969482421875 60.18125152587890625
180.024993896484375 182.5812530517578125 186.4499969482421875 187.868743896484375 188.1125030517578125 187.181243896484375 183.21875 175.25 168.8937530517578125 158.8937530517578125 152.181243896484375 145.850006103515625 136.5187530517578125 126.0749969482421875 113.75 116.40625 114.3562469482421875 118.24375152587890625 119.39374542236328125 123.1687469482421875 126.5749969482421875 128.837493896484375 129.84375 127.1125030517578125 120.72499847412109375 116.625 115.04999542236328125 112.9250030517578125 110.9499969482421875 107.91249847412109375 107.97499847412109375 104.71875 101.34999847412109375 99.2687530517578125 98.3625030517578125 100.77500152587890625 103.65000152587890625 105.9375 103.6374969482421875 92.53125 75.15625 66.3312530517578125 64.5187530517578125 67.43125152587890625
172.193756103515625 172.4250030517578125 174.024993896484375 176.3000030517578125 174.524993896484375 171.774993896484375 171.681243896484375 164.2375030517578125 156.4875030517578125 147.5500030517578125 140.90625 133.53125 126.81874847412109375 119.3125 103.9875030517578125 102.7624969482421875 101.93125152587890625 104.875 106.94374847412109375 111.4875030517578125 117.31874847412109375 119.7312469482421875 121.6062469482421875 122.7937469482421875 120.90625 118.53125 116.0749969482421875 111.8125 110.2937469482421875 108.25 102.88124847412109375 100.81874847412109375 101.55625152587890625 97.8125 92.3125 93.68125152587890625 102.44374847412109375 110.90625 110.52500152587890625 99.0124969482421875 86.13124847412109375 78.03749847412109375 79.21875 75.08750152587890625
160.75 161.4187469482421875 163.5 163.4187469482421875 162.662506103515625 162.962493896484375 157.556243896484375 151.193756103515625 144.8249969482421875 139.225006103515625 131.381256103515625 125.03125 119.1999969482421875 112.2375030517578125 100.38124847412109375 86.4250030517578125 88.1875 92.8249969482421875 94.4812469482421875 99.4875030517578125 104.50624847412109375 110.13124847412109375 114.69374847412109375 121.84999847412109375 122.4812469482421875 119.77500152587890625 114.59375 107.69374847412109375 106.3874969482421875 104.8937530517578125 105.9499969482421875 99.59375 94.9375 90.2375030517578125 86.46875 96.21875 103.3562469482421875 110.74375152587890625 114.59999847412109375 112.1999969482421875 104.34375 95.1437530517578125 87.8249969482421875 78.70624542236328125
150.0500030517578125 151.0437469482421875 153.65625 155.0437469482421875 155.3312530517578125 151.212493896484375 148.162506103515625 142.475006103515625 136.756256103515625 131.5 124.90625 117.47499847412109375 110.40625 105.53749847412109375 100.8625030517578125 90.88124847412109375 80.99375152587890625 80.9812469482421875 87.05625152587890625 91.21250152587890625 95.78749847412109375 102.2375030517578125 110.75624847412109375 120.90625 125.8000030517578125 115.63124847412109375 106.1687469482421875 100.2687530517578125 101.21250152587890625 102.8249969482421875 104.33750152587890625 104.40000152587890625 99.0625 95.08750152587890625 100.9250030517578125 105.47499847412109375 115.1062469482421875 127.3874969482421875 135.2937469482421875 123.5500030517578125 113.05625152587890625 100.1875 87.28125 79.3312530517578125
139.625 142.8312530517578125 143.881256103515625 146.6125030517578125 146.71875 141.21875 137.131256103515625 133.1687469482421875 127.9812469482421875 119.8562469482421875 114.25 110.4250030517578125 104.40625 99.8874969482421875 97.5812530517578125 92.60625457763671875 84.21875 74.0500030517578125 81.1750030517578125 84.2687530517578125 88.6062469482421875 94.4187469482421875 106.13124847412109375 114.84999847412109375 118.25624847412109375 108.40625 98.7312469482421875 95.3625030517578125 97.3937530517578125 96.84999847412109375 93.52500152587890625 92.58750152587890625 104.4499969482421875 107.80625152587890625 105.63124847412109375 114.9250030517578125 127.49375152587890625 133.8562469482421875 135.756256103515625 126.25624847412109375 109.34999847412109375 96.875 84.94374847412109375 77.27500152587890625
129.9875030517578125 133.2312469482421875 133.0187530517578125 134.4875030517578125 136.3625030517578125 132.7687530517578125 127.21250152587890625 124.61875152587890625 120.8562469482421875 113.90000152587890625 108.38124847412109375 102.21875 97.91249847412109375 95.5500030517578125 90.4499969482421875 88.375 83.96250152587890625 76.91875457763671875 72.5625 73.9812469482421875 82.0187530517578125 94.3125 89.53125 99.1750030517578125 103.56874847412109375 102.74375152587890625 97.1875 92.28749847412109375 94.6125030517578125 95.4812469482421875 94.3625030517578125 95.59999847412109375 103.78125 104.66249847412109375 105.99375152587890625 113.2062530517578125 118.28125 121.22499847412109375 123.13124847412109375 112.40625 101.8312530517578125 89.5187530517578125 80.66249847412109375 73.8562469482421875
