data/historical-monthly-weather-data/wc2.1_cruts4.09_10m_prec_1976-07.asc
ncols        45
nrows        45
xllcorner    -63.500000000000
yllcorner    -7.500000000000
cellsize     0.166666666667
NODATA_value -9999
[rows 0 to 18 of 45, columns 0 to 42 of 45]
187.6374969482421875 180.6999969482421875 178.524993896484375 180.5124969482421875 180.068756103515625 181.837493896484375 183.631256103515625 183.5437469482421875 187.4250030517578125 192.9000091552734375 194.8874969482421875 196.53125 197.0625 200.6687469482421875 205.1875 207.59375 209.587493896484375 206.84375 205.6999969482421875 207.1062469482421875 207.725006103515625 202.756256103515625 199.125 195.443756103515625 193.975006103515625 189.03125 186.7937469482421875 185.0187530517578125 181.056243896484375 180.53125 172.7062530517578125 169.399993896484375 171.256256103515625 169.618743896484375 167.5124969482421875 163.1750030517578125 155.712493896484375 156.4187469482421875 149.1687469482421875 143.1687469482421875 142.3874969482421875 142.0812530517578125 137.3000030517578125
176.7687530517578125 169.2062530517578125 166.4937591552734375 168.1687469482421875 168.9499969482421875 170.375 171.1750030517578125 171.9187469482421875 175.4375 178.287506103515625 179.5124969482421875 179.756256103515625 180.09375 181.600006103515625 183.3874969482421875 185.65625 186.7687530517578125 185.850006103515625 186.743743896484375 187.7062530517578125 182.9875030517578125 181.693756103515625 179.875 180.8125 175.90625 173.2312469482421875 172.993743896484375 173.2312469482421875 169.256256103515625 165.524993896484375 162.2062530517578125 163.806243896484375 164.681243896484375 166.568756103515625 165.6125030517578125 158.693756103515625 151.625 149.6999969482421875 142.15625 138.0625 138.725006103515625 135.96875 132.662506103515625
160.8874969482421875 158.3312530517578125 158.975006103515625 158.625 157.412506103515625 156.3249969482421875 156.725006103515625 159.087493896484375 162.125 163.6125030517578125 163.8249969482421875 162.1374969482421875 163.4875030517578125 161.556243896484375 162.162506103515625 163.162506103515625 164.6687469482421875 163.46875 162.787506103515625 164.412506103515625 160.431243896484375 160 159.7937469482421875 160.3937530517578125 158.6374969482421875 155.0500030517578125 160.243743896484375 160.6999969482421875 159.2937469482421875 157.7062530517578125 155.4375 151.9187469482421875 153.9499969482421875 158.4812469482421875 152.84375 145.243743896484375 141.9250030517578125 141.818756103515625 133.993743896484375 130.4375 130.0500030517578125 128.40625 124.1062469482421875
147.600006103515625 143.6875 146.8625030517578125 149.5500030517578125 147.2687530517578125 143.6437530517578125 141.850006103515625 144.756256103515625 148.743743896484375 150.181243896484375 146.6437530517578125 144.5187530517578125 144.1374969482421875 144.868743896484375 143.756256103515625 142.8625030517578125 142.59375 141.7937469482421875 142.5749969482421875 146.818756103515625 144.368743896484375 140.2562408447265625 139.681243896484375 142.34375 142.868743896484375 141.8874969482421875 145 143.7375030517578125 146.25 149.8000030517578125 148.7062530517578125 145.2375030517578125 143.006256103515625 141.75 138.1125030517578125 138.243743896484375 137.1875 131.40625 125.8625030517578125 121.6125030517578125 122.78125 122.9562530517578125 119.06874847412109375
150.2062530517578125 141.037506103515625 133.943756103515625 136.3125 138.693756103515625 133.5187530517578125 131.9250030517578125 132.8874969482421875 134.7375030517578125 134.1125030517578125 133.3562469482421875 130.1374969482421875 129.15625 128.4749908447265625 127.0500030517578125 126.2624969482421875 125.1875 125 122.8625030517578125 125.19374847412109375 125.1999969482421875 121.7624969482421875 120.4812469482421875 126.9375 127.86875152587890625 127.53125 129.506256103515625 134.0500030517578125 136.725006103515625 136.881256103515625 138.0124969482421875 137.71875 137.993743896484375 135.743743896484375 132.2375030517578125 127.5625 126.21875 123.5749969482421875 117.4375 114.7937469482421875 114.90000152587890625 112.24375152587890625 111.41249847412109375
144.618743896484375 140.53125 135.3000030517578125 123.40000152587890625 127.6875 131.3249969482421875 128.90625 127.49375152587890625 129.725006103515625 127.88124847412109375 125 122.34375 121.34375 117.375 117.2062530517578125 115.91249847412109375 112.6875 109.3937530517578125 108.2937469482421875 110.2624969482421875 110.2624969482421875 109.21875 110.28125 112.6875 116.41249847412109375 118.1437530517578125 120.65000152587890625 124.59375 126.4187469482421875 126.96250152587890625 128.087493896484375 131.087493896484375 129.2937469482421875 129.181243896484375 124.4562530517578125 121.3249969482421875 115.0187530517578125 112.74375152587890625 111.02500152587890625 110.63124847412109375 106.58750152587890625 106.00624847412109375 103.78749847412109375
141.287506103515625 138.600006103515625 134.5812530517578125 129.118743896484375 124.6374969482421875 119.70624542236328125 120.8125 121.77500152587890625 120.9187469482421875 119.96875 118.18125152587890625 113.33750152587890625 113.28749847412109375 110.2937469482421875 107.52500152587890625 106.5812530517578125 104.5124969482421875 98.1999969482421875 93.40625 96.09999847412109375 96.4187469482421875 96.06874847412109375 96.8249969482421875 101.78749847412109375 105.5187530517578125 109.9375 115.2375030517578125 115.86875152587890625 116.33750152587890625 120.24375152587890625 120.65625 119.66249847412109375 117.77500152587890625 119.1437530517578125 118.03125 113.24375152587890625 106.96875 103.34375 103.0437469482421875 103.71875 99.68125152587890625 96.99375152587890625 96.1374969482421875
140.2687530517578125 136.100006103515625 133.7937469482421875 131.162506103515625 128.84375 127.8937530517578125 120.9875030517578125 111.25 107.86875152587890625 107.1750030517578125 106.1875 104.8874969482421875 104.15000152587890625 101.02500152587890625 99.40625 97.5437469482421875 94.06874847412109375 88.09375 83.25624847412109375 80.78125 84.47499847412109375 86.71875 87.52500152587890625 92.5 98.30625152587890625 100.4562530517578125 105.2375030517578125 105.3125 108.81874847412109375 109.68125152587890625 113.53125 112.91249847412109375 111.93125152587890625 110.15000152587890625 107.5 101.53749847412109375 96.3937530517578125 93.3937530517578125 91.0749969482421875 89.41249847412109375 87.28125 86.6374969482421875 85.56874847412109375
138.943756103515625 135.75 132.46875 131.9499969482421875 131.2937469482421875 127.4812469482421875 122.06874847412109375 115.90000152587890625 108.93125152587890625 101.9875030517578125 99.0437469482421875 96.25624847412109375 98.90000152587890625 95.78749847412109375 92.78749847412109375 89.46875 86.69374847412109375 83.36875152587890625 81.58750152587890625 75.96875 76.4375 81.0625 82.5812530517578125 88.8125 93.96250152587890625 93.9812469482421875 96.0124969482421875 101.18125152587890625 105.16249847412109375 105.27500152587890625 109.6062469482421875 106.5124969482421875 101.0187530517578125 97.5749969482421875 95.98125457763671875 94.72499847412109375 92.25 90.3312530517578125 86.5 82.91249847412109375 80.11875152587890625 78.75624847412109375 78.28749847412109375
135.6750030517578125 134.0187530517578125 132.5124969482421875 132.131256103515625 131.462493896484375 129.649993896484375 124.15000152587890625 118.2937469482421875 112.6999969482421875 107.86875152587890625 101.1125030517578125 94.43125152587890625 94.74375152587890625 92.7375030517578125 88.9250030517578125 85.2375030517578125 79.97499847412109375 79.09375 77.94374847412109375 75.18125152587890625 75.4812469482421875 75.6437530517578125 76 82 86.15000152587890625 89.78125 91.59375 95.53749847412109375 97.77500152587890625 98.65625 101.0187530517578125 98.19374847412109375 95.0124969482421875 91.2375030517578125 88.24375152587890625 87.7624969482421875 86.2937469482421875 84.8312530517578125 81.59999847412109375 80.2624969482421875 78.93125152587890625 76.30625152587890625 72.78749847412109375
135.1374969482421875 134.1687469482421875 132.118743896484375 132.6999969482421875 131.6374969482421875 130.0124969482421875 125.6125030517578125 117.2937469482421875 109.6062469482421875 105.00624847412109375 100.99375152587890625 96.02500152587890625 90.2687530517578125 89.02500152587890625 82.74375152587890625 77.75624847412109375 74.1875 73.52500152587890625 72.6687469482421875 73.4499969482421875 76.3562469482421875 75.88124847412109375 73.50624847412109375 73.19374847412109375 80.8125 89.09999847412109375 91.4875030517578125 93.18125152587890625 91.90000152587890625 92.58750152587890625 93.47499847412109375 93.52500152587890625 91.16249847412109375 86.59375 84.7312469482421875 82.9812469482421875 81.59375 78.15000152587890625 78.86875152587890625 76.59999847412109375 73.4375 70.44374847412109375 68.9812469482421875
134.287506103515625 132.0124969482421875 130.537506103515625 131.556243896484375 131.5124969482421875 130.21875 127.1687469482421875 119.4375 110.21875 102.4875030517578125 97.44374847412109375 94.25624847412109375 86.21250152587890625 82.3000030517578125 79.2937469482421875 73.125 69.6750030517578125 69.1750030517578125 68.9375 71 76.4562530517578125 77.44374847412109375 77.7375030517578125 75.99375152587890625 78.6374969482421875 79.8000030517578125 82.30625152587890625 85.88124847412109375 86.625 86.6875 85.1687469482421875 85.2937469482421875 84.33750152587890625 82.125 81.59375 81.18125152587890625 78.6875 77.84375 73.88124847412109375 71.8625030517578125 68.3874969482421875 67.1125030517578125 62.862499237060546875
129.274993896484375 129.0812530517578125 129.125 128.375 127.05625152587890625 126.28749847412109375 122.2375030517578125 114.28125 106.21875 101.2062530517578125 97.13124847412109375 91.05625152587890625 85.84999847412109375 75.84999847412109375 70.6125030517578125 68.27500152587890625 65.2375030517578125 65.55625152587890625 65.7937469482421875 66.71250152587890625 70.74375152587890625 72.2687530517578125 74.33750152587890625 74.09375 72.65000152587890625 73.71250152587890625 76.7687530517578125 80.53749847412109375 81.8625030517578125 81.0812530517578125 79.4812469482421875 77.25624847412109375 78.02500152587890625 76.9250030517578125 76.34375 76.7312469482421875 77.34375 78.3625030517578125 77.59375 72.00624847412109375 65.80625152587890625 62.86875152587890625 56.825000762939453125
125.38124847412109375 124.75624847412109375 125.0187530517578125 123.6687469482421875 121.6062469482421875 119.25 115.09999847412109375 108.71250152587890625 104.5500030517578125 98.3249969482421875 93.84999847412109375 87.9375 80.1687469482421875 71.9812469482421875 62.83750152587890625 62.137500762939453125 59.03749847412109375 60.05625152587890625 59.831249237060546875 61.19374847412109375 64.31874847412109375 67.24375152587890625 69.65000152587890625 70.7375030517578125 69.7062530517578125 69.75 71.3000030517578125 72.4562530517578125 73.46875 73.11875152587890625 74.77500152587890625 73.99375152587890625 72.3000030517578125 71.4250030517578125 71.4875030517578125 74.68125152587890625 78.49375152587890625 82.1875 82.90000152587890625 76.4812469482421875 64.09375 57.34375 56.362499237060546875
121.9562530517578125 119.76874542236328125 118.68125152587890625 118.0812530517578125 114.90000152587890625 111.6750030517578125 110.3000030517578125 104.41249847412109375 99.25 93.5437469482421875 88.95624542236328125 82.09999847412109375 75.61875152587890625 68.93125152587890625 58.200000762939453125 55.61875152587890625 53.47499847412109375 54.106250762939453125 54.4375 56.1875 60.34375 63.06874847412109375 65.65000152587890625 68.5625 69.8312530517578125 70.75624847412109375 71.71250152587890625 71.4812469482421875 72.8125 73.2624969482421875 71.3125 71.4562530517578125 72.7062530517578125 70.69374847412109375 67.4375 69.7624969482421875 77.97499847412109375 86.3937530517578125 88.7062530517578125 82.03125 73.55625152587890625 67.59999847412109375 69.41249847412109375
115.63124847412109375 113.81874847412109375 113.25 111.25 108.9812469482421875 108 103.40625 98.3562469482421875 94.0187530517578125 90.25624847412109375 84.74375152587890625 78.375 72.25624847412109375 65.72499847412109375 57.03749847412109375 47.59999847412109375 47.15000152587890625 48.818752288818359375 48.96875 51.056247711181640625 54.556247711181640625 58.69374847412109375 62.450000762939453125 68.3937530517578125 70.8874969482421875 71.4250030517578125 70.6875 68.71875 70.08750152587890625 70.96875 73.5625 70.83750152587890625 68.3125 65.5749969482421875 63.549999237060546875 72.09375 79.0749969482421875 86.71250152587890625 92.33750152587890625 93.15000152587890625 89.15625 82.47499847412109375 77.09375
109.5500030517578125 108.0625 108.03749847412109375 107.1750030517578125 105.72499847412109375 102 99.16249847412109375 94.6875 90.6687469482421875 87.03749847412109375 82.19374847412109375 75.02500152587890625 68.02500152587890625 62.737499237060546875 58.25624847412109375 51.018749237060546875 44.206249237060546875 43.4375 46.02500152587890625 47.700000762939453125 50.774997711181640625 55.11875152587890625 60.793750762939453125 68.2312469482421875 72.9562530517578125 68.93125152587890625 65.4187469482421875 63.899997711181640625 66.6125030517578125 69.6374969482421875 72.66249847412109375 74.63124847412109375 71.6875 69.5437469482421875 74.74375152587890625 79.5625 88.66249847412109375 100.3562469482421875 109.53125 102.83750152587890625 96.6750030517578125 86.99375152587890625 76.84375
103.0749969482421875 103.27500152587890625 102.1687469482421875 102.2624969482421875 100.6875 96.0124969482421875 92.5 89.18125152587890625 85.6062469482421875 80.13124847412109375 76.08750152587890625 71.5749969482421875 65.53749847412109375 60.674999237060546875 57.72499847412109375 53.356250762939453125 47.27500152587890625 40.86875152587890625 44.06874847412109375 45.206249237060546875 47.893749237060546875 51.56874847412109375 58.668750762939453125 65.09999847412109375 68.78125 64.74375152587890625 60.981250762939453125 60.97499847412109375 64.3562469482421875 65.99375152587890625 65.6750030517578125 66.83750152587890625 76.41249847412109375 79.72499847412109375 79.09999847412109375 87.75624847412109375 99.3625030517578125 106.68125152587890625 110.99375152587890625 105.9187469482421875 94.0625 84.55625152587890625 75.1437530517578125
97.01250457763671875 97.33750152587890625 95.3000030517578125 94.5500030517578125 94.21250152587890625 90.85625457763671875 86.3249969482421875 83.93125152587890625 81.41249847412109375 76.8249969482421875 72.96250152587890625 67.2312469482421875 62.63124847412109375 59.4375 54.862499237060546875 52.299999237060546875 48.518749237060546875 43.706249237060546875 40.56874847412109375 40.78125 45.25624847412109375 52.19374847412109375 49.83750152587890625 56.47499847412109375 60.44374847412109375 61.512500762939453125 60.21875 59.237499237060546875 62.862499237060546875 65.5124969482421875 66.8562469482421875 69.78749847412109375 76.78749847412109375 78.3249969482421875 80.375 87.49375152587890625 93.40000152587890625 97.8625030517578125 101.7624969482421875 95.13124847412109375 88.1687469482421875 78.6062469482421875 71.71875
