data/historical-monthly-weather-data/wc2.1_cruts4.09_10m_prec_2015-01.asc
ncols        45
nrows        45
xllcorner    -63.500000000000
yllcorner    -7.500000000000
cellsize     0.166666666667
NODATA_value -9999
[rows 20 to 39 of 45, columns 0 to 44 of 45]
228.3562469482421875 223.256256103515625 222.818756103515625 224.4437408447265625 226.8937530517578125 235.006256103515625 244.5437469482421875 252.475006103515625 260.475006103515625 266.78125 272.125 277.32501220703125 285.118743896484375 293.73748779296875 287.78125 272.85626220703125 262.63751220703125 258.28125 260.01251220703125 261.63751220703125 266.712493896484375 270.54998779296875 272.90625 274.587493896484375 276.743743896484375 279.118743896484375 279.837493896484375 280.899993896484375 281.556243896484375 282.381256103515625 277.193756103515625 267.59375 252.899993896484375 237.8312530517578125 224.6687469482421875 234.9375 252.71875 263.48126220703125 263.10626220703125 253.618743896484375 238.943756103515625 225.881256103515625 216.4187469482421875 209.118743896484375 205
222.2624969482421875 216.037506103515625 215.71875 218.506256103515625 223.0437469482421875 232.0124969482421875 241.943756103515625 252.03125 260.21875 262.85626220703125 263.287506103515625 261.11248779296875 261.73748779296875 265.53125 265.631256103515625 260.33123779296875 257.25 256.34375 257.725006103515625 260.20623779296875 262.45623779296875 266.162506103515625 270.4375 273.193756103515625 276.45623779296875 280.41876220703125 283.95623779296875 283.17498779296875 280.79376220703125 277.66876220703125 269.03125 259.08123779296875 249.118743896484375 242.09375 237.9812469482421875 247.0749969482421875 265.131256103515625 278.60626220703125 277.6875 265.04376220703125 247.6374969482421875 232.712493896484375 221.40625 212.5 207.09375
216.568756103515625 210.493743896484375 208.8000030517578125 211.475006103515625 217.3625030517578125 228.4562530517578125 239.25 250.4499969482421875 260.64373779296875 259.23748779296875 252.5124969482421875 242.6687469482421875 236.774993896484375 239.34375 245.6875 248.8937530517578125 249.662506103515625 251.493743896484375 253.7937469482421875 256.29998779296875 259.037506103515625 261.899993896484375 264.98126220703125 267.931243896484375 273.64373779296875 280.600006103515625 285.40625 284.037506103515625 279.53125 272.443756103515625 262.587493896484375 253.912506103515625 251.631256103515625 250.6125030517578125 253 261.29998779296875 279.125 299.3125 295.6875 274.9375 254.1750030517578125 238.375 224.212493896484375 213.9875030517578125 208.1125030517578125
211.6999969482421875 205.0625 202.0187530517578125 204.75 211.6750030517578125 222.7937469482421875 234.681243896484375 246.0437469482421875 254.3562469482421875 250.75 241.5812530517578125 230.4875030517578125 217.8625030517578125 223.0812530517578125 234.1875 240.725006103515625 244.03125 247.3125 250.5500030517578125 253.7687530517578125 255.2687530517578125 257.33123779296875 259.912506103515625 262.51873779296875 269.51251220703125 276.90625 283.256256103515625 281.36248779296875 276.693756103515625 271.712493896484375 264.70623779296875 259.431243896484375 259.36248779296875 261.100006103515625 265.256256103515625 273.11248779296875 287.14373779296875 303.274993896484375 298.48748779296875 277.78125 256.46875 239.6062469482421875 225.212493896484375 214.5749969482421875 209.5187530517578125
208.118743896484375 201.6875 196.9812469482421875 201.1437530517578125 209.806243896484375 219.9562530517578125 230.181243896484375 239.59375 244.4812469482421875 242.7312469482421875 236.15625 227.78125 220.9812469482421875 223.46875 230.5187530517578125 237.0812530517578125 241.556243896484375 246.3000030517578125 249.3562469482421875 250.868743896484375 251.662506103515625 251.881256103515625 253.28125 255.274993896484375 261.79998779296875 270.88751220703125 276.03125 278.08123779296875 276.07501220703125 274.78125 271.78125 270.41876220703125 269.943756103515625 271.975006103515625 275.681243896484375 279.8125 288.256256103515625 292.71875 287.024993896484375 272.36248779296875 253.7062530517578125 237.9375 224.287506103515625 215.03125 208.4375
208.5187530517578125 205.118743896484375 201.399993896484375 204.40625 209.350006103515625 218.3000030517578125 226.6875 233.068756103515625 236.40625 235.8125 233.0625 229.7687530517578125 226.850006103515625 228.1125030517578125 231.943756103515625 236.9375 241.6875 246.59375 249.6062469482421875 250.193756103515625 250.493743896484375 247.8249969482421875 247.1374969482421875 246.75 254.131256103515625 264.95623779296875 272.95001220703125 276.51251220703125 277.84375 277.256256103515625 279.36248779296875 281.162506103515625 281.881256103515625 281.712493896484375 283.78125 284.306243896484375 286.42498779296875 284.78125 277.61248779296875 264.774993896484375 249.056243896484375 234.287506103515625 220.600006103515625 212.337493896484375 208.6437530517578125
205.8874969482421875 203.1999969482421875 203.0124969482421875 205.5749969482421875 208.975006103515625 216.524993896484375 223.962493896484375 228.375 231.25 233.131256103515625 233.2937469482421875 233.1687469482421875 233.125 235.006256103515625 237.4375 241.4812469482421875 245.5749969482421875 250.0625 253.631256103515625 252.975006103515625 250.993743896484375 248.8625030517578125 244.6437530517578125 242.71875 252.53125 263.193756103515625 271.15625 276.118743896484375 279.45623779296875 281.3125 285.806243896484375 288.975006103515625 290.9375 289.931243896484375 288.693756103515625 287.524993896484375 286.17498779296875 280.64373779296875 271.193756103515625 259.631256103515625 244.8625030517578125 230.0749969482421875 217.493743896484375 210.2624969482421875 212.8312530517578125
203.6687469482421875 200.350006103515625 202.774993896484375 206.2687530517578125 210.03125 215.84375 221.631256103515625 225.4187469482421875 228.875 231.3562469482421875 233.4124908447265625 235.875 237.59375 240.375 242.71875 246.3249969482421875 249.78125 256.024993896484375 257.84375 258.181243896484375 257.65625 254.068756103515625 253.6999969482421875 252.600006103515625 258.649993896484375 266.54998779296875 273.274993896484375 277.537506103515625 281.51251220703125 286.024993896484375 290.037506103515625 293.51873779296875 294.89373779296875 292.993743896484375 291.368743896484375 288.70001220703125 284.34375 278.17498779296875 269.149993896484375 256.868743896484375 243.625 229.9250030517578125 216.6062469482421875 210.8937530517578125 222.8125
200.2375030517578125 197.34375 201.2375030517578125 206.7312469482421875 211.3937530517578125 215.899993896484375 219.25 223.337493896484375 226.662506103515625 230.2062530517578125 233.9812469482421875 237.71875 241.3312530517578125 246.587493896484375 249.556243896484375 253.6999969482421875 259.20001220703125 263.875 266.40625 266.837493896484375 265.85626220703125 263.243743896484375 263.61248779296875 263.54376220703125 267.024993896484375 272.118743896484375 277.493743896484375 281.16876220703125 285.662506103515625 290.243743896484375 293.29376220703125 296.04998779296875 296.693756103515625 295.71875 294.243743896484375 289.89373779296875 285.381256103515625 278.462493896484375 269.92498779296875 257.85626220703125 243.287506103515625 231.0625 221.7375030517578125 221.7687530517578125 235.149993896484375
199.3562469482421875 196.881256103515625 202.3874969482421875 209.2062530517578125 213.743743896484375 216.3000030517578125 218.193756103515625 221.899993896484375 225.4375 229.0437469482421875 234.350006103515625 240.506256103515625 246.306243896484375 252.9875030517578125 257.92498779296875 262.443756103515625 267.462493896484375 273.118743896484375 277.162506103515625 276.59375 275.181243896484375 274.57501220703125 274.38751220703125 273.48126220703125 275.92498779296875 279.76873779296875 283.350006103515625 285.899993896484375 289.60626220703125 293.09375 296.63751220703125 299.08123779296875 298.524993896484375 298.462493896484375 296.600006103515625 292.350006103515625 287.056243896484375 281.66876220703125 273.131256103515625 262.681243896484375 251.493743896484375 242.774993896484375 237.09375 238.375 245.006256103515625
197.0124969482421875 195.1750030517578125 200.03125 207.1750030517578125 212.962493896484375 213.5625 215.806243896484375 218.9499969482421875 223.03125 228.068756103515625 234.943756103515625 242.8000030517578125 250.71875 258.1875 264.806243896484375 270.23126220703125 276.59375 283.15625 287.493743896484375 287.212493896484375 285.1875 283.89373779296875 284.76873779296875 283.13751220703125 283.76873779296875 287.5625 290.09375 291.475006103515625 294.875 297.11248779296875 300.193756103515625 302.493743896484375 301.306243896484375 300.92498779296875 299.125 294.899993896484375 289.4375 285.29376220703125 278.725006103515625 269.78125 261.51251220703125 255.65625 252.368743896484375 251.4187469482421875 256.368743896484375
193.375 191.5625 195.8000030517578125 201.4875030517578125 205.806243896484375 208.037506103515625 212 214.9562530517578125 219.993743896484375 226.0812530517578125 233.9875030517578125 243.431243896484375 253.34375 263.568756103515625 271.556243896484375 277.899993896484375 283.42498779296875 289.40625 292.462493896484375 293.618743896484375 291.71875 290.868743896484375 292.412506103515625 290.41876220703125 291.787506103515625 294.274993896484375 295.23126220703125 296.53125 297.98748779296875 301.056243896484375 303.63751220703125 305.475006103515625 304.5 303.91876220703125 302.29998779296875 297.524993896484375 293.85626220703125 288.41876220703125 281.89373779296875 275.34375 271.725006103515625 268.618743896484375 267.212493896484375 269.256256103515625 274.26251220703125
193.09375 191.600006103515625 195.03125 198.9375 201.149993896484375 203.6125030517578125 206.5812530517578125 209.881256103515625 214.568756103515625 222.8312530517578125 233.53125 244.9187469482421875 258.399993896484375 271.95001220703125 279.712493896484375 285.837493896484375 290.725006103515625 294.493743896484375 296.556243896484375 298.10626220703125 296.96875 296.48126220703125 297.34375 297.17498779296875 297.85626220703125 300.181243896484375 300.58123779296875 299.89373779296875 301.056243896484375 305.39373779296875 307.54998779296875 308.11248779296875 307.743743896484375 307.818756103515625 305.66876220703125 301.975006103515625 297.85626220703125 292.90625 286.42498779296875 284.5 282.23126220703125 281.3125 282.493743896484375 287.10626220703125 297.5625
192.818756103515625 191.84375 193.875 196.193756103515625 196.5 198.8562469482421875 201.6999969482421875 204.4187469482421875 209.743743896484375 217.725006103515625 229.8937530517578125 246.256256103515625 263.725006103515625 278.850006103515625 287.15625 292.70001220703125 298.25 301.42498779296875 301.600006103515625 301.65625 301.13751220703125 301.225006103515625 302.26251220703125 301.79998779296875 302.41876220703125 303.75 303.39373779296875 303.60626220703125 305.51251220703125 308.412506103515625 311.48126220703125 312.524993896484375 311.71875 312.23748779296875 310.4375 306.587493896484375 301.806243896484375 295.868743896484375 292.54998779296875 291.681243896484375 290.131256103515625 291.368743896484375 294.86248779296875 301.193756103515625 312.975006103515625
194.1374969482421875 192.850006103515625 193.6750030517578125 193.84375 193.4875030517578125 195.5437469482421875 197.087493896484375 199.1125030517578125 202.881256103515625 211.7062530517578125 226.787506103515625 246.7624969482421875 269.693756103515625 288.318756103515625 296.368743896484375 300.681243896484375 305.087493896484375 306.33123779296875 305.78125 303.693756103515625 304.125 304.5625 305.66876220703125 304.862518310546875 305.568756103515625 305.38751220703125 306.037506103515625 307.100006103515625 308.881256103515625 311.118743896484375 314.23748779296875 316.67498779296875 316.45623779296875 315.868743896484375 313.83123779296875 309.6875 303.868743896484375 300.600006103515625 298.45001220703125 296.850006103515625 296.33123779296875 297.568756103515625 301.881256103515625 307.95001220703125 317.118743896484375
199.7937469482421875 197.71875 197.4875030517578125 196.65625 195.5437469482421875 195.59375 196.1687469482421875 196 198.0124969482421875 205.162506103515625 221.6125030517578125 246.21875 273.037506103515625 293.98126220703125 303.100006103515625 308.024993896484375 311.20001220703125 311.16876220703125 309.36248779296875 306.26873779296875 305.41876220703125 306.181243896484375 306.306243896484375 304.868743896484375 305.306243896484375 306.287506103515625 307 308.618743896484375 311.181243896484375 313.45623779296875 317.38751220703125 319.787506103515625 320.787506103515625 320.76873779296875 318.73126220703125 313.51251220703125 310.48126220703125 306.256256103515625 302.26873779296875 300.61248779296875 300.256256103515625 301.868743896484375 304.899993896484375 310.23748779296875 316.26873779296875
206.0812530517578125 203.53125 201.943756103515625 200.3625030517578125 198.5187530517578125 197.8125 197.787506103515625 195.8874969482421875 194.9499969482421875 196.90625 216.9187469482421875 250.350006103515625 278.48126220703125 297.506256103515625 308 314.024993896484375 317.26873779296875 315.975006103515625 312.787506103515625 308.243743896484375 307.04376220703125 305.631256103515625 305.475006103515625 304.08123779296875 304.83123779296875 306.63751220703125 308.01251220703125 310.818756103515625 313.76251220703125 316.60626220703125 320.399993896484375 323.15625 325.1875 325.95001220703125 324.10626220703125 319.506256103515625 315.306243896484375 309.962493896484375 306.193756103515625 303.125 300.66876220703125 301.743743896484375 305.399993896484375 309.34375 313.225006103515625
212.53125 209.4562530517578125 207.09375 205.399993896484375 203.46875 203.2062530517578125 202.40625 200.6062469482421875 200.225006103515625 200.193756103515625 231.59375 266.399993896484375 288.493743896484375 303.912506103515625 314.01251220703125 320.04376220703125 322.524993896484375 321 317.318756103515625 311.73126220703125 308.524993896484375 305.07501220703125 303.4375 302.28125 303.32501220703125 306.056243896484375 307.64373779296875 311.04376220703125 314.931243896484375 319.04376220703125 322.54998779296875 324.5625 327.10626220703125 329.01873779296875 327.587493896484375 323.181243896484375 317.38751220703125 312.306243896484375 308.45623779296875 304.23748779296875 300.243743896484375 301.537506103515625 303.14373779296875 304.51873779296875 308.25
220.837493896484375 216.0625 214.162506103515625 212.462493896484375 211.0437469482421875 211.193756103515625 211.09375 213.131256103515625 220.787506103515625 239.399993896484375 276.38751220703125 291.40625 302.04376220703125 313.125 321.33123779296875 325.993743896484375 328.8125 325.350006103515625 320.08123779296875 313.91876220703125 307.38751220703125 302.45001220703125 299.98748779296875 299.10626220703125 300.149993896484375 303.07501220703125 306.212493896484375 310.743743896484375 316.068756103515625 321.662506103515625 325.131256103515625 327.03125 328.42498779296875 328.256256103515625 329.15625 324.524993896484375 317.88751220703125 312.774993896484375 307.631256103515625 301.506256103515625 297.1875 297.07501220703125 297.181243896484375 299.08123779296875 302.29998779296875
229.806243896484375 224.6750030517578125 222.243743896484375 219.8562469482421875 219.8937530517578125 221.4250030517578125 223.4187469482421875 229.3625030517578125 242.03125 262.28125 286.01873779296875 302.806243896484375 313.04376220703125 322.475006103515625 328.76251220703125 333.33123779296875 335.51251220703125 331.475006103515625 323.5 315.256256103515625 304.59375 298.48126220703125 295.087493896484375 294.33123779296875 296.33123779296875 299.493743896484375 304.068756103515625 310.48126220703125 316.5 322.006256103515625 325.32501220703125 328.962493896484375 331.40625 330.6875 328.57501220703125 323.64373779296875 316.98126220703125 311.0625 304.912506103515625 297.83123779296875 293.243743896484375 292.20001220703125 290.98748779296875 291.850006103515625 295.024993896484375
