data/historical-monthly-weather-data/wc2.1_cruts4.09_10m_prec_1993-04.asc
ncols        45
nrows        45
xllcorner    -63.500000000000
yllcorner    -7.500000000000
cellsize     0.166666666667
NODATA_value -9999
[rows 0 to 19 of 45, columns 0 to 44 of 45]
242.725006103515625 244.2687530517578125 244.9187469482421875 250.506256103515625 252.056243896484375 250.96875 248.9250030517578125 242.818756103515625 239.6750030517578125 240.3562469482421875 244.256256103515625 248.068756103515625 250.7624969482421875 251.59375 252.618743896484375 254.368743896484375 257.28125 256.649993896484375 258.71875 261.01873779296875 263.712493896484375 267.78125 271.0625 276.04376220703125 278.84375 284.5 288.88751220703125 295.193756103515625 300.243743896484375 305.34375 311.125 317.03125 320.25 325.212493896484375 329.51251220703125 332.61248779296875 333.07501220703125 333.57501220703125 336.14373779296875 336.631256103515625 337.024993896484375 337.25 334.306243896484375 333.443756103515625 331.28125
251.368743896484375 251.975006103515625 258.17498779296875 264.29376220703125 269.681243896484375 267.21875 263.306243896484375 261.024993896484375 259.537506103515625 259.66876220703125 262.57501220703125 264.399993896484375 266.20623779296875 266.76873779296875 265.76251220703125 267.587493896484375 268.11248779296875 268.9375 270.693756103515625 271.90625 274.212493896484375 277.13751220703125 281.84375 285.53125 290.368743896484375 295.462493896484375 299.774993896484375 306.53125 310.243743896484375 314.75 321.475006103515625 329.10626220703125 332.649993896484375 338.45001220703125 341.53125 343.306243896484375 345.162506103515625 345.100006103515625 346.29376220703125 345.03125 343.70623779296875 343.98748779296875 341.01251220703125 337.618743896484375 334.350006103515625
259.70623779296875 262.981231689453125 268.40625 276.67498779296875 283.568756103515625 282.975006103515625 281.431243896484375 281.149993896484375 283.36248779296875 283.375 283.16876220703125 282.35626220703125 283.006256103515625 280.58123779296875 278.98748779296875 279.337493896484375 279.09375 280.125 280.98748779296875 283.193756103515625 286.725006103515625 290.943756103515625 294.54998779296875 298.48748779296875 304.337493896484375 309.725006103515625 315.412506103515625 318.63751220703125 320.524993896484375 326.024993896484375 332.193756103515625 338.462493896484375 344.67498779296875 349.63751220703125 351.256256103515625 351.35626220703125 354.16876220703125 355.3125 354.631256103515625 352.993743896484375 351.024993896484375 348.78125 345.506256103515625 342.475006103515625 339.03125
263.91876220703125 268.66876220703125 278.16876220703125 285.08123779296875 292.16876220703125 295.38751220703125 297.100006103515625 299.58123779296875 305.100006103515625 307.84375 305.67498779296875 301.1875 297.15625 294.212493896484375 291.306243896484375 290.8125 290.743743896484375 291.412506103515625 292.3125 294.98126220703125 300.25 304.92498779296875 307.64373779296875 312.962493896484375 318.79998779296875 322.818756103515625 329.131256103515625 330.59375 331.993743896484375 339.07501220703125 345.04376220703125 350.95001220703125 353.88751220703125 357.868743896484375 359.21875 361.20623779296875 362.5 362.931243896484375 363.681243896484375 359.774993896484375 356.943756103515625 355.53125 349.618743896484375 344.587493896484375 342.51873779296875
281.149993896484375 282.068756103515625 284.26873779296875 291.51873779296875 301.60626220703125 306.16876220703125 308.350006103515625 314.10626220703125 323.84375 330.962493896484375 325.51251220703125 314.850006103515625 309.48748779296875 306.087493896484375 302.350006103515625 300.85626220703125 299.506256103515625 300.618743896484375 301.65625 304.21875 311.01873779296875 315.53125 319.318756103515625 326.6875 330.256256103515625 334.46875 338.34375 343.162506103515625 346.649993896484375 351.256256103515625 357.04376220703125 359.287506103515625 361.32501220703125 365.42498779296875 367.60626220703125 368.756256103515625 368.28125 368.59375 369.306243896484375 365.32501220703125 363.23748779296875 357.45623779296875 352.0625 348.493743896484375 344.73748779296875
291.975006103515625 295.03125 297.743743896484375 298.625 307.71875 314.100006103515625 316.993743896484375 323.32501220703125 333.15625 342.824981689453125 333.96875 323.524993896484375 318.60626220703125 315.25 310.61248779296875 309.16876220703125 305.67498779296875 306.600006103515625 309.993743896484375 313.66876220703125 319.01873779296875 323.63751220703125 330.41876220703125 336.20623779296875 341.212493896484375 346.618743896484375 349.631256103515625 353.28125 355.962493896484375 359.38751220703125 363.85626220703125 368.087493896484375 366.8125 369.712493896484375 373.40625 373.118743896484375 374.48126220703125 374.5 374 371.58123779296875 364.92498779296875 358.6875 354.118743896484375 351.07501220703125 348.868743896484375
304.475006103515625 307.912506103515625 310.774993896484375 310.54998779296875 311.38751220703125 313.5625 316.5625 321.60626220703125 326.35626220703125 329.38751220703125 329.193756103515625 326.256256103515625 325.92498779296875 322.54376220703125 318.76251220703125 317.96875 314.67498779296875 312.649993896484375 314.33123779296875 319.66876220703125 326.73126220703125 333.368743896484375 340.225006103515625 343.98748779296875 350.125 356.5625 360.34375 361.462493896484375 363.087493896484375 366.375 370.98748779296875 373.51873779296875 373.331268310546875 372.868743896484375 375.26873779296875 374.912506103515625 374.09375 374.806243896484375 376.45623779296875 372.662506103515625 361.90625 356.399993896484375 352.66876220703125 349.73126220703125 349.568756103515625
317.818756103515625 319.40625 320.131256103515625 321.64373779296875 322.64373779296875 321.88751220703125 317.3125 312.34375 308.90625 311.15625 320.23748779296875 326.524993896484375 329.850006103515625 329.743743896484375 327.912506103515625 325.681243896484375 321.95623779296875 319.712493896484375 318.83123779296875 324.67498779296875 334.09375 342.40625 348.662506103515625 352.98126220703125 360.931243896484375 364.89373779296875 367.618743896484375 368.75 370.443756103515625 373.86248779296875 374.975006103515625 376.618743896484375 375.868743896484375 375.181243896484375 375.57501220703125 371.5 370.54376220703125 369.462493896484375 368 362.16876220703125 353.725006103515625 350.25 346.306243896484375 342.181243896484375 340.42498779296875
328.412506103515625 330.537506103515625 330.600006103515625 330.08123779296875 330.431243896484375 327.350006103515625 323.118743896484375 315.931243896484375 305.662506103515625 302.42498779296875 315.36248779296875 325.61248779296875 335.993743896484375 337.58123779296875 335.225006103515625 333.88751220703125 331.768768310546875 330.76873779296875 331.806243896484375 335.1875 338.65625 349.118743896484375 355.0625 362.20001220703125 369.125 370.71875 371.67498779296875 373.074981689453125 374.17498779296875 376.412506103515625 378.556243896484375 376.600006103515625 373.41876220703125 369.34375 369.068756103515625 365.493743896484375 364.412506103515625 360.70001220703125 358.45001220703125 351.912506103515625 344.149993896484375 339.26873779296875 336.76873779296875 334.21875 328.76873779296875
338.462493896484375 338.756256103515625 339.36248779296875 338.993743896484375 337.837493896484375 335.23748779296875 331.98748779296875 325.368743896484375 320.85626220703125 321.943756103515625 330.306243896484375 336.193756103515625 343.6875 345.51873779296875 345.21875 342.925018310546875 341.3125 341.78125 342.899993896484375 348.78125 351.756256103515625 357.40625 362.181243896484375 370.88751220703125 373.649993896484375 372.79998779296875 372.712493896484375 373.23126220703125 375.23748779296875 379.26873779296875 377.162506103515625 372.40625 367.57501220703125 363.100006103515625 360.962493896484375 358.381256103515625 354.181243896484375 350.20623779296875 346.76873779296875 342.287506103515625 336.631256103515625 332.068756103515625 328.0625 321.21875 318.09375
348.42498779296875 349.63751220703125 349.256256103515625 348.056243896484375 344.837493896484375 343.024993896484375 340.993743896484375 336.48126220703125 336.45623779296875 339.8125 347.57501220703125 354.631256103515625 355.23126220703125 355.899993896484375 353.29998779296875 350.26873779296875 349.39373779296875 351.125 354.21875 359.17498779296875 366.60626220703125 370.399993896484375 371.07501220703125 368.4375 375 374.39373779296875 371.131256103515625 370.225006103515625 369.975006103515625 372.86248779296875 369.95001220703125 364.243743896484375 359.41876220703125 354.381256103515625 351.35626220703125 345.375 340.5625 336.83123779296875 334.1875 330.212493896484375 324.399993896484375 319.725006103515625 317.84375 313.39373779296875 309.181243896484375
354.006256103515625 354.225006103515625 353.36248779296875 355.67498779296875 354.1875 350.899993896484375 351.25 350.649993896484375 353.274993896484375 357.743743896484375 365.399993896484375 372.75 368.35626220703125 365.10626220703125 361.524993896484375 358.75 356.86248779296875 358.25 361.75 367.26873779296875 373.41876220703125 376.600006103515625 377.41876220703125 377.662506103515625 374.600006103515625 367.618743896484375 363.20623779296875 360.09375 359.5 359.006256103515625 356.131256103515625 351.46875 345.40625 340.85626220703125 337.568756103515625 332.993743896484375 329.881256103515625 327.149993896484375 321.98748779296875 315.881256103515625 311.29376220703125 307.912506103515625 305.01873779296875 297.54998779296875 293.118743896484375
360.181243896484375 359.78125 359.350006103515625 360.33123779296875 360.8125 362.10626220703125 361.35626220703125 360.70001220703125 363.29376220703125 370.60626220703125 377.98126220703125 384.774993896484375 381.14373779296875 369.287506103515625 364.88751220703125 364.25 360.91876220703125 361.75 366.20001220703125 369.475006103515625 375.03125 375.743743896484375 372.53125 371.1875 359.524993896484375 350.13751220703125 349.23126220703125 346.01251220703125 346.51251220703125 344.568756103515625 341.34375 336.193756103515625 330.03125 325.662506103515625 321.46875 319.51251220703125 317.59375 315.462493896484375 311.79376220703125 306.0625 296.943756103515625 295.46875 290.243743896484375 283.58123779296875 282.493743896484375
364.962493896484375 364.20623779296875 362.556243896484375 363.04376220703125 365.931243896484375 367.40625 366.91876220703125 367.649993896484375 372.131256103515625 377.86248779296875 381.649993896484375 383.087493896484375 380.91876220703125 373.28125 365.162506103515625 365.45623779296875 361.98748779296875 360.08123779296875 364.350006103515625 365.1875 368.39373779296875 366.181243896484375 363.36248779296875 355.85626220703125 346.5 338.54998779296875 335.73126220703125 333.21875 332 330.3125 326.60626220703125 322.287506103515625 314.08123779296875 309.662506103515625 306.962493896484375 306.67498779296875 305.618743896484375 305.787506103515625 304.14373779296875 297.13751220703125 284.88751220703125 278 277.837493896484375 278.96875 280.75
367.243743896484375 366.73126220703125 366.024993896484375 367.20001220703125 370.975006103515625 372.443756103515625 373.693756103515625 374.587493896484375 376.875 379.92498779296875 382.39373779296875 383.23748779296875 379.868743896484375 373.25 363.868743896484375 359.850006103515625 357.98126220703125 360.03125 362.78125 363.399993896484375 362.818756103515625 361.399993896484375 355.243743896484375 346.712493896484375 337.368743896484375 330.76251220703125 326.787506103515625 324.70623779296875 323.48126220703125 320.08123779296875 313.79998779296875 305.95001220703125 301 295.13751220703125 291.20001220703125 290.618743896484375 295.29376220703125 299.899993896484375 298.399993896484375 289.45623779296875 278.35626220703125 275.181243896484375 278.631256103515625 276.631256103515625 275.45623779296875
367.125 366.33123779296875 368.206268310546875 371.26873779296875 374.524993896484375 376.350006103515625 377.63751220703125 379.16876220703125 383.23126220703125 384.46875 385.16876220703125 384.82501220703125 381.725006103515625 373.774993896484375 362.0625 350.45623779296875 353.162506103515625 359.70623779296875 360.6875 361.54998779296875 359.83123779296875 354.98748779296875 347 338.42498779296875 328.60626220703125 322.943756103515625 317.662506103515625 316.29998779296875 314.79376220703125 311.95623779296875 307.8125 299.306243896484375 287.86248779296875 280.087493896484375 273.70001220703125 279.98748779296875 285.431243896484375 291.46875 291.681243896484375 287.90625 279.86248779296875 278.39373779296875 277.5 273.20001220703125 269.943756103515625
365.35626220703125 366.231231689453125 370.01251220703125 374.350006103515625 377.568756103515625 379.743743896484375 383.600006103515625 385.475006103515625 387.037506103515625 388.45001220703125 387.75 387.181243896484375 382.89373779296875 375.45001220703125 366.318756103515625 358.26251220703125 352.243743896484375 355.54998779296875 359.581268310546875 361.587493896484375 358.32501220703125 353.20001220703125 343.91876220703125 330.90625 320.89373779296875 313.66876220703125 309.61248779296875 307.90625 307.76873779296875 306.212493896484375 301.42498779296875 293.3125 282.75 274.20623779296875 273.306243896484375 275.868743896484375 282.41876220703125 290 295.32501220703125 290.57501220703125 284.118743896484375 280.79998779296875 274.837493896484375 269.462493896484375 264.568756103515625
362.36248779296875 366.20001220703125 370.475006103515625 378.100006103515625 382.36248779296875 386.46875 391.84375 392.618743896484375 393.35626220703125 392.35626220703125 389.57501220703125 388.13751220703125 383.70623779296875 378.5 370.850006103515625 364.975006103515625 358.51873779296875 350.774993896484375 358.975006103515625 362.068756103515625 359.90625 352.04376220703125 341.337493896484375 327.89373779296875 318.35626220703125 310.962493896484375 303.756256103515625 304.600006103515625 305.462493896484375 302.681243896484375 293.637481689453125 278.33123779296875 274.34375 270.66876220703125 268.024993896484375 273.943756103515625 280.287506103515625 286.63751220703125 290.15625 290.78125 282.70001220703125 278.006256103515625 272.125 265.92498779296875 261.48748779296875
357.84375 364.01873779296875 371.61248779296875 378.86248779296875 385.056243896484375 391.61248779296875 396.73126220703125 401.118743896484375 401.912506103515625 399.54376220703125 393.818756103515625 387.618743896484375 383.82501220703125 381.5625 371.318756103515625 365.787506103515625 361.024993896484375 355.3125 354.54998779296875 357.975006103515625 361 354.95623779296875 333.01873779296875 324.256256103515625 317.600006103515625 313.11248779296875 309.17498779296875 307.350006103515625 308.287506103515625 303.54376220703125 294.14373779296875 280.056243896484375 271.08123779296875 259.774993896484375 256.10626220703125 262.54998779296875 270.125 276.07501220703125 282.600006103515625 282.350006103515625 279.6875 275.5 268.84375 262.649993896484375 258.524993896484375
352.63751220703125 361.42498779296875 369.462493896484375 376.04376220703125 386.03125 397.11248779296875 405.712493896484375 408.493743896484375 408.84375 405.86248779296875 397.962493896484375 393.368743896484375 388.91876220703125 384.46875 372.662506103515625 360.29998779296875 352.412506103515625 355.29998779296875 354.15625 356.649993896484375 352.774993896484375 342.6875 332.881256103515625 324.618743896484375 318.13751220703125 312.868743896484375 310.774993896484375 311.98126220703125 309.649993896484375 301.375 288.756256103515625 280.82501220703125 267.3125 250.78125 241.068756103515625 247.337493896484375 260.23748779296875 270.78125 276.41876220703125 278.01873779296875 275.11248779296875 271.243743896484375 265.337493896484375 259.306243896484375 253.1374969482421875
