data/historical-monthly-weather-data/wc2.1_cruts4.09_10m_prec_1973-11.asc
ncols        45
nrows        45
xllcorner    -63.500000000000
yllcorner    -7.500000000000
cellsize     0.166666666667
NODATA_value -9999
[rows 0 to 19 of 45, columns 0 to 43 of 45]
134.537506103515625 131.9562530517578125 125.75624847412109375 122.2312469482421875 118.65625 116.97499847412109375 114.66249847412109375 112.7375030517578125 113.1125030517578125 113.22499847412109375 113.6062469482421875 114.3937530517578125 115.5500030517578125 114.9875030517578125 115.8249969482421875 116.28125 116.71250152587890625 114.75 112.84375 111.49375152587890625 109.8125 108.0124969482421875 106.7937469482421875 104.8249969482421875 103.43125152587890625 102.5 102.1125030517578125 101.7687530517578125 101.0437469482421875 100.15000152587890625 99.5749969482421875 99.75624847412109375 99.8125 100.55625152587890625 101.2624969482421875 103.84999847412109375 107.0124969482421875 109.8874969482421875 112.7937469482421875 115.91249847412109375 117.9812469482421875 120.30625152587890625 121.15000152587890625 121.81874847412109375
140.2062530517578125 137.0187530517578125 132.975006103515625 130.4875030517578125 129.1374969482421875 128.28125 126.5437469482421875 126.6374969482421875 127.9562530517578125 128.5812530517578125 129.34375 129.5500030517578125 129.4875030517578125 129.100006103515625 128.4250030517578125 128.7375030517578125 127.77500152587890625 126.25624847412109375 124.3937530517578125 123.1437530517578125 121.02500152587890625 118.83750152587890625 117.3125 115.09999847412109375 111.5749969482421875 108.9499969482421875 107.38124847412109375 105.3874969482421875 103.55625152587890625 102.1125030517578125 101.2687530517578125 101.15625 100.19374847412109375 101.34999847412109375 102.3625030517578125 105.4812469482421875 109.34999847412109375 113.0124969482421875 116.1062469482421875 119.5124969482421875 122.58750152587890625 124.50624847412109375 125.9499969482421875 125.47499847412109375
146.78125 144.431243896484375 141.8937530517578125 140.475006103515625 141.118743896484375 141.600006103515625 143.399993896484375 145.087493896484375 148.2062530517578125 149.681243896484375 149.78125 148.662506103515625 147.587493896484375 145.8125 143.693756103515625 142.0062408447265625 140.537506103515625 138.931243896484375 136.431243896484375 134.837493896484375 132.537506103515625 130.0875091552734375 128.181243896484375 125.31874847412109375 121.31874847412109375 117.4187469482421875 114.3312530517578125 111.1750030517578125 107.65000152587890625 105.13124847412109375 104.3125 103.4187469482421875 104.2062530517578125 105.3000030517578125 107.1125030517578125 110.3874969482421875 114.63124847412109375 120.00624847412109375 123.9812469482421875 128.34375 131.8000030517578125 133.1687469482421875 134.3625030517578125 134.431243896484375
150.3874969482421875 148.256256103515625 149.3312530517578125 149.7687530517578125 152.625 155.34375 158.9499969482421875 164.15625 170.03125 173.306243896484375 172.6999969482421875 169.4562530517578125 166.4875030517578125 163.0124969482421875 159.59375 156.693756103515625 154.443756103515625 151.8000030517578125 149.399993896484375 148.274993896484375 145.875 142.8125 139.5124969482421875 135.28125 130.600006103515625 126.0625 121.53125 115.78749847412109375 111.4187469482421875 108.9250030517578125 107.2375030517578125 106.3937530517578125 106.7687530517578125 108.38124847412109375 110.65625 116.0124969482421875 121.75 127.63124847412109375 132.75 137.6750030517578125 140.71875 143.0500030517578125 143.1374969482421875 142.774993896484375
158.100006103515625 154.131256103515625 151.975006103515625 155.568756103515625 162.1999969482421875 167.5437469482421875 173.4562530517578125 181.774993896484375 191.25 197.6374969482421875 194.4250030517578125 187.4499969482421875 182.7937469482421875 179.0124969482421875 174.631256103515625 171.2312469482421875 167.774993896484375 165.5124969482421875 162.850006103515625 160.2687530517578125 158.774993896484375 155.2375030517578125 151.4499969482421875 146.9250030517578125 139.9562530517578125 134.0124969482421875 126.28125 120.2937469482421875 115.3125 111.3625030517578125 109.09999847412109375 107.97499847412109375 109.1875 111.8125 115.1437530517578125 121.3625030517578125 128.3249969482421875 135.6437530517578125 142.2937469482421875 146.4499969482421875 150.4375 151.5 151.8249969482421875 151.462493896484375
163.7375030517578125 160.568756103515625 158.5625 157.3937530517578125 165.4187469482421875 174.649993896484375 182.65625 190.8562469482421875 200.28125 208.15625 203.899993896484375 196.618743896484375 192.493743896484375 188.693756103515625 184.037506103515625 180.0625 177.2062530517578125 175.78125 174.8562469482421875 172.3000030517578125 169.493743896484375 166.037506103515625 161.5437469482421875 154.493743896484375 147.4250030517578125 139.725006103515625 131.2937469482421875 123.8249969482421875 117.7687530517578125 113.59999847412109375 110.5500030517578125 110.75 112.7062530517578125 116.7624969482421875 121.0812530517578125 128.649993896484375 136.65625 145.181243896484375 152.881256103515625 157.6750030517578125 158.5124969482421875 159.3312530517578125 159.118743896484375 158.850006103515625
171.024993896484375 169.962493896484375 168.0812530517578125 166.7375030517578125 171.1750030517578125 177.96875 186.0625 193.625 198.9812469482421875 201.318756103515625 202.7937469482421875 199.9562530517578125 198.274993896484375 195.712493896484375 192.556243896484375 189.59375 186.9875030517578125 186.2624969482421875 185.056243896484375 185.375 181.806243896484375 177.1437530517578125 171.7624969482421875 162.9812469482421875 154.337493896484375 146.21875 136.181243896484375 127.0187530517578125 118.69374847412109375 114.69374847412109375 112.4375 112.2062530517578125 115.71875 121.21250152587890625 127.47499847412109375 135.162506103515625 143.368743896484375 153.0625 163.4187469482421875 167.243743896484375 166.4250030517578125 166.037506103515625 165.412506103515625 164.3874969482421875
180.21875 179.162506103515625 178.5374908447265625 179.9812469482421875 184.0437469482421875 188.256256103515625 190.5749969482421875 190.7312469482421875 189.649993896484375 191.875 198.8000030517578125 201.2312469482421875 202.0812530517578125 201.3375091552734375 199.7375030517578125 198.5 196.4875030517578125 196.399993896484375 196.84375 197.006256103515625 194.7375030517578125 189.868743896484375 182.3937530517578125 172.125 162.943756103515625 151.3937530517578125 139.631256103515625 128.649993896484375 119.91249847412109375 115.05625152587890625 112.6374969482421875 113.3562469482421875 118.02500152587890625 124.3562469482421875 131.774993896484375 139.3625030517578125 148.5124969482421875 157.381256103515625 164.625 168.181243896484375 168.3000030517578125 167.875 166.875 165.15625
188.34375 188.8000030517578125 190.0500030517578125 192.0749969482421875 195.3249969482421875 197.9875030517578125 198.6687469482421875 196.4250030517578125 188.5812530517578125 186.100006103515625 194.975006103515625 199.725006103515625 202.6437530517578125 203.274993896484375 204.2624969482421875 204.71875 204.65625 206.21875 209.975006103515625 210.475006103515625 205.162506103515625 199.7687530517578125 190.7375030517578125 181.1999969482421875 169.524993896484375 156.212493896484375 142.4375 130.837493896484375 121.22499847412109375 114.8312530517578125 112.7062530517578125 114.1125030517578125 118.1750030517578125 123.96875 130.7937469482421875 138.975006103515625 147.693756103515625 155.868743896484375 161.631256103515625 165.8625030517578125 166.6374969482421875 165.4562530517578125 164.975006103515625 163.318756103515625
197.162506103515625 197.631256103515625 199.600006103515625 202.5812530517578125 206.4875030517578125 209.6999969482421875 209.1125030517578125 205.3874969482421875 199.75 198.0500030517578125 201.1437530517578125 201.8874969482421875 204.6437530517578125 205.412506103515625 207.868743896484375 210.7062530517578125 213 217.162506103515625 221.8000030517578125 225.25 219.506256103515625 211.806243896484375 200.649993896484375 188.9250030517578125 174.631256103515625 160.6687469482421875 146.850006103515625 133.493743896484375 122.4499969482421875 114.84375 112.3125 113.38124847412109375 117.53749847412109375 123.5187530517578125 130.3125 138.412506103515625 147.1750030517578125 154.193756103515625 159.5187530517578125 163.4499969482421875 165.256256103515625 164.3312530517578125 162.443756103515625 159.337493896484375
206.506256103515625 207.587493896484375 209.46875 212.75 216.8625030517578125 222.131256103515625 222.337493896484375 217.25 211.5500030517578125 208.662506103515625 209.7624969482421875 208.6437530517578125 208.4250030517578125 208.368743896484375 211.34375 215.2687530517578125 220.0187530517578125 226.3000030517578125 233.2375030517578125 239.806243896484375 238.443756103515625 228.193756103515625 213.006256103515625 194.649993896484375 180.350006103515625 167.306243896484375 152.7375030517578125 138.7375030517578125 125.7937469482421875 117.5 114.44374847412109375 114.63124847412109375 118.90000152587890625 124.3625030517578125 130.1062469482421875 137.037506103515625 144.524993896484375 151.5500030517578125 158 162.1125030517578125 163.712493896484375 162.837493896484375 161 157.8625030517578125
213.912506103515625 215.0562591552734375 217.09375 221.600006103515625 226.068756103515625 231.368743896484375 232.931243896484375 227.399993896484375 221.181243896484375 217.287506103515625 215.8562469482421875 214.787506103515625 212.0812530517578125 211.5812530517578125 214.912506103515625 219.2687530517578125 225.006256103515625 231.912506103515625 241.1999969482421875 251.787506103515625 253.8562469482421875 243.53125 225.3312530517578125 203.2937469482421875 185.662506103515625 171.0500030517578125 155.7375030517578125 141.8125 130.2312469482421875 121.9250030517578125 117.0500030517578125 115.2062530517578125 117.9875030517578125 122.1437530517578125 127.5 133.850006103515625 140.3625030517578125 147.34375 153.2937469482421875 158.1875 161.318756103515625 160.125 158.0437469482421875 154.943756103515625
220.7312469482421875 222.625 224.9812469482421875 228.2375030517578125 231.618743896484375 235.818756103515625 236.256256103515625 232.6750030517578125 227.024993896484375 223.3625030517578125 220.649993896484375 220 217.712493896484375 213.368743896484375 215.537506103515625 220.337493896484375 226.818756103515625 236.40625 247.03125 258.193756103515625 262.943756103515625 253.3125 233.631256103515625 212.006256103515625 190.9875030517578125 173.774993896484375 160 145.9250030517578125 134.34375 126.0187530517578125 120.0749969482421875 116.4812469482421875 117.0812530517578125 119.69374847412109375 123.96250152587890625 129.6125030517578125 135.6999969482421875 142.068756103515625 149.09375 153.4875030517578125 158.1374969482421875 157.75 153.618743896484375 144.100006103515625
227.100006103515625 227.7624969482421875 229.9749908447265625 232.625 235.693756103515625 237.53125 237.837493896484375 236.037506103515625 232.274993896484375 227.806243896484375 224.2375030517578125 221.118743896484375 218.881256103515625 215.287506103515625 213.4375 218.056243896484375 225.537506103515625 235.100006103515625 245.600006103515625 255.350006103515625 257.83123779296875 250.25 235.21875 215.399993896484375 196.3937530517578125 179.774993896484375 166.212493896484375 152.056243896484375 139.243743896484375 129.8249969482421875 123.0437469482421875 117.8874969482421875 116.625 117.3937530517578125 121.0500030517578125 126.6125030517578125 132.193756103515625 139.5749969482421875 145.4250030517578125 151.350006103515625 154.3562469482421875 149.46875 143.4499969482421875 139.556243896484375
230.9375 231.368743896484375 233.6374969482421875 236.1999969482421875 238.7312469482421875 239.931243896484375 240.881256103515625 239.693756103515625 235.71875 231.0124969482421875 226.618743896484375 223.21875 219.649993896484375 215.318756103515625 210.1750030517578125 213.368743896484375 221.6437530517578125 231.662506103515625 242.225006103515625 251.2062530517578125 251.9875030517578125 246.0625 234.90625 219.0187530517578125 203.6999969482421875 188.787506103515625 173.9875030517578125 158.8312530517578125 144.9812469482421875 133.725006103515625 124.96875 118.0124969482421875 116.03125 115.84999847412109375 117.66249847412109375 122.2375030517578125 128.712493896484375 136.899993896484375 142.1999969482421875 143.7062530517578125 141.625 140.181243896484375 140.0124969482421875 139.681243896484375
233.2375030517578125 233.4375 236.4875030517578125 238.9499969482421875 241.4812469482421875 243.15625 243.1687469482421875 242.125 239.5187530517578125 236.1999969482421875 230.943756103515625 226.931243896484375 222.850006103515625 216.5187530517578125 209.6062469482421875 207.2062530517578125 218.0625 230.5187530517578125 240.65625 248.774993896484375 249.9875030517578125 245.587493896484375 236.3062591552734375 222.9812469482421875 210.0187530517578125 198.1437530517578125 184 167.71875 151.024993896484375 137.2687530517578125 126.7062530517578125 118.6437530517578125 115.2937469482421875 114.8562469482421875 114.6062469482421875 120.0124969482421875 127.3312530517578125 131.6437530517578125 133.8312530517578125 132.90625 132.087493896484375 134.25 136.3312530517578125 134.78125
235.100006103515625 236.40625 238.850006103515625 241.4812469482421875 244.712493896484375 246.28125 247.412506103515625 246.4250030517578125 244.412506103515625 240.868743896484375 236.493743896484375 232.8125 228.03125 221.8562469482421875 215.625 213.625 218.4562530517578125 229 240.3625030517578125 249.28125 250.40625 246.59375 238.5187530517578125 225.78125 215.068756103515625 206.912506103515625 195.368743896484375 176.0812530517578125 155.40625 140 128.568756103515625 121.1374969482421875 116.52500152587890625 114.6374969482421875 117.65625 124.77500152587890625 128.6062469482421875 133.0437469482421875 133.975006103515625 129.7375030517578125 127.96250152587890625 131.3687591552734375 132.1374969482421875 133.7062530517578125
236.3562469482421875 237.8562469482421875 241.6312408447265625 245.4124908447265625 248.6875 252.4499969482421875 254.8874969482421875 254.631256103515625 252.8000030517578125 249.024993896484375 244.4562530517578125 240.7312469482421875 234.53125 229.5187530517578125 225.725006103515625 223.90625 225.850006103515625 229.1437530517578125 242.21875 251.9250030517578125 254.4875030517578125 248.7687530517578125 240.1999969482421875 229.587493896484375 220.875 213.4562530517578125 205.6750030517578125 182.850006103515625 157.9562530517578125 139.0187530517578125 126.08750152587890625 118.13124847412109375 117.28749847412109375 120.3562469482421875 124.25 125.52500152587890625 129.943756103515625 134.0187530517578125 132.03125 131.8125 129.6374969482421875 131.3562469482421875 132.3874969482421875 133.306243896484375
236.84375 239.6875 244.1437530517578125 248.993743896484375 253.90625 258.54376220703125 261.693756103515625 263.54376220703125 262.70001220703125 260.193756103515625 254.9375 250.337493896484375 244.149993896484375 239.4499969482421875 234.9875030517578125 233.6437530517578125 234.787506103515625 235.318756103515625 243.3312530517578125 253.462493896484375 258.82501220703125 257.087493896484375 241.6999969482421875 232.0625 224.2687530517578125 216.1374969482421875 204.34375 183.1999969482421875 159.5124969482421875 138.6374969482421875 123.21250152587890625 118.13124847412109375 122.52500152587890625 125.0625 126.2937469482421875 129.5500030517578125 132.15625 134.3562469482421875 134.7312469482421875 134.287506103515625 132.7937469482421875 135.212493896484375 134.15625 133.4187469482421875
236.568756103515625 240.399993896484375 245.3937530517578125 251.556243896484375 257.63751220703125 264.10626220703125 269.26873779296875 272.54376220703125 273.225006103515625 272.13751220703125 268.76873779296875 264.70623779296875 258.600006103515625 251.6374969482421875 247 243.4187469482421875 239.975006103515625 243.5562591552734375 249.462493896484375 257.556243896484375 258.04998779296875 251.6875 243.6687469482421875 234.0812530517578125 224.3625030517578125 212.3937530517578125 197.556243896484375 181.03125 159.462493896484375 139.337493896484375 125.875 123.8874969482421875 126.1875 129.4562530517578125 131.625 133.3249969482421875 135.5187530517578125 137.71875 137.712493896484375 136.868743896484375 135.899993896484375 136.7937469482421875 135.2624969482421875 134.34375
