data/historical-monthly-weather-data/wc2.1_cruts4.09_10m_prec_1959-04.asc
ncols        51
nrows        45
xllcorner    -63.500000000000
yllcorner    -7.500000000000
cellsize     0.166666666667
NODATA_value -9999
[rows 20 to 39 of 45, columns 0 to 44 of 51]
278.649993896484375 292.41876220703125 299.631256103515625 305.04376220703125 308.15625 313.212493896484375 316.568756103515625 314.46875 309.75 301.006256103515625 289.66876220703125 276.51251220703125 263.98748779296875 253.21875 239.024993896484375 226.7375030517578125 216.6937408447265625 210.8312530517578125 207.1999969482421875 203.2687530517578125 204.037506103515625 203.4250030517578125 201.756256103515625 204.024993896484375 209.381256103515625 214.587493896484375 219.8125 224.756256103515625 228.03125 230.837493896484375 230.0749969482421875 228.725006103515625 218.037506103515625 205.0437469482421875 194.756256103515625 207.84375 227.9375 244.7687530517578125 257.89373779296875 266.462493896484375 270.975006103515625 274.29376220703125 272.70623779296875 272.5625 268.899993896484375
267.037506103515625 277.85626220703125 285.83123779296875 296.056243896484375 302.53125 305.61248779296875 309.131256103515625 309.82501220703125 305.8125 294.83123779296875 279.368743896484375 261.399993896484375 246.8812408447265625 236.537506103515625 227.90625 218.212493896484375 211.6125030517578125 205.4375 201.4812469482421875 197.2062530517578125 194.787506103515625 194.4562530517578125 195.9187469482421875 199.46875 205.681243896484375 215.181243896484375 230.2624969482421875 235.181243896484375 237.7937469482421875 240.443756103515625 239.162506103515625 236.024993896484375 227.212493896484375 218.78125 215.087493896484375 222.256256103515625 237.5124969482421875 251.774993896484375 261.46875 267.54376220703125 271.39373779296875 272.95001220703125 271.087493896484375 269.73126220703125 265.568756103515625
256.76251220703125 272.86248779296875 281.88751220703125 291.04376220703125 297.51251220703125 300.5625 301.381256103515625 304.118743896484375 305.962493896484375 290.01873779296875 268.975006103515625 247.3625030517578125 231.100006103515625 222.8125 217.7375030517578125 212.3562469482421875 205.84375 199.274993896484375 193.9875030517578125 188.6750030517578125 187.1687469482421875 186.649993896484375 186.4562530517578125 191.0500030517578125 200.1875 212.1875 229.15625 237.4499969482421875 242.006256103515625 244.46875 245.868743896484375 245.625 242.537506103515625 238.5812530517578125 238.3125 241.90625 251.375 261.70623779296875 268.07501220703125 270.0625 271.36248779296875 270.41876220703125 268.131256103515625 265.98126220703125 262.26251220703125
248.28125 263.73126220703125 274.5625 281.625 287.41876220703125 290.70001220703125 294.34375 295.60626220703125 295.29376220703125 279.181243896484375 258.46875 239.943756103515625 220.600006103515625 215.962493896484375 212.7937469482421875 207.681243896484375 201.0500030517578125 196 189.78125 184.693756103515625 181.8249969482421875 178.962493896484375 177.806243896484375 183.568756103515625 192.225006103515625 200.9562530517578125 215.493743896484375 229.8125 239.6750030517578125 248.125 254.6875 260.85626220703125 261.256256103515625 258.881256103515625 259.57501220703125 262.04376220703125 268.45623779296875 272.92498779296875 274.412506103515625 272.774993896484375 271.95623779296875 268.912506103515625 265.48748779296875 261.881256103515625 259.84375
243.006256103515625 257.368743896484375 266.475006103515625 274.4375 281.25 283.25 284.518768310546875 284.29998779296875 279.33123779296875 269.01251220703125 252.350006103515625 235.5625 224.087493896484375 215.7375030517578125 210.09375 204.493743896484375 199.556243896484375 194.181243896484375 187.9375 181.181243896484375 176.631256103515625 172.4250030517578125 170.399993896484375 174.3874969482421875 181.4562530517578125 193.28125 209.274993896484375 224.649993896484375 239.0437469482421875 254.537506103515625 267.1875 278.61248779296875 281.67498779296875 279.943756103515625 278.48126220703125 276.806243896484375 279.20001220703125 278.537506103515625 277.837493896484375 276.03125 273.1875 268.243743896484375 264.75 259.375 252.412506103515625
245.850006103515625 257.4375 260.943756103515625 267.287506103515625 271.66876220703125 273.17498779296875 273.58123779296875 271.850006103515625 264.475006103515625 254.6937408447265625 244.2937469482421875 234.5437469482421875 225.600006103515625 219.03125 211.212493896484375 206.1125030517578125 200.3125 194.3625030517578125 186.8874969482421875 178.3562469482421875 173.931243896484375 167.6374969482421875 163.024993896484375 163.399993896484375 172.65625 186.618743896484375 206.3249969482421875 223.2624969482421875 241.931243896484375 259.506256103515625 278.78125 296.51873779296875 302.23748779296875 297.88751220703125 292.318756103515625 288.4375 286.98126220703125 284.33123779296875 281.26251220703125 278.243743896484375 274.9375 268.16876220703125 262.225006103515625 254.912506103515625 249.7624969482421875
250.2062530517578125 257.125 260.743743896484375 264.08123779296875 265.20623779296875 266.63751220703125 265.125 261.149993896484375 254.71875 250.212493896484375 244.162506103515625 236.4250030517578125 229.9812469482421875 224.743743896484375 217.4499969482421875 211.3249969482421875 204.881256103515625 197.3249969482421875 190.1750030517578125 182.125 174.743743896484375 166.7937469482421875 159.350006103515625 158.875 170.0625 183.3312530517578125 203.9562530517578125 222.5 243.09375 263.024993896484375 286.04376220703125 307.881256103515625 317.23126220703125 310.875 303.431243896484375 297.45001220703125 294.087493896484375 290.225006103515625 285.100006103515625 281.212493896484375 275.86248779296875 269.84375 263.087493896484375 256.912506103515625 256.70001220703125
256.76251220703125 259.95623779296875 260.91876220703125 261.38751220703125 261.73126220703125 260.556243896484375 259.01251220703125 253.4875030517578125 249.78125 246.818756103515625 240.8874969482421875 237.024993896484375 232.881256103515625 230.1125030517578125 223.587493896484375 216.162506103515625 210.1062469482421875 204.3125 195.5749969482421875 187.9312591552734375 180.40625 171.1374969482421875 166.3937530517578125 166.28125 173.931243896484375 185.9250030517578125 203.96875 223.149993896484375 243.225006103515625 264.14373779296875 285.66876220703125 305.98126220703125 314.243743896484375 311.95001220703125 308.556243896484375 302.350006103515625 299.46875 295.774993896484375 290.431243896484375 285.23748779296875 279.943756103515625 273.875 267.25 262.962493896484375 270.006256103515625
261.024993896484375 262.34375 260.36248779296875 259.26251220703125 257.13751220703125 253.306243896484375 250.350006103515625 248.037506103515625 247.15625 243.8625030517578125 240.8937530517578125 238.725006103515625 235.9187469482421875 234.662506103515625 230.368743896484375 225.631256103515625 220.149993896484375 211.6687469482421875 204.162506103515625 195.600006103515625 188.0187530517578125 178.7937469482421875 174.0187530517578125 175.368743896484375 180.693756103515625 190.712493896484375 207.6062469482421875 225.375 244.212493896484375 263.75 281.662506103515625 298.98748779296875 304.756256103515625 307.493743896484375 307.78125 304.34375 303.006256103515625 300.64373779296875 295.875 289.08123779296875 281 275.21875 270.537506103515625 274.5 282.743743896484375
264.39373779296875 263.98126220703125 260.931243896484375 255.9812469482421875 253.59375 250.9375 248.5187530517578125 247.1062469482421875 245.8249969482421875 243.3125 242.2062530517578125 241.1999969482421875 242.068756103515625 242.1125030517578125 238.556243896484375 233.9499969482421875 229.100006103515625 223.5437469482421875 215.1125030517578125 204.899993896484375 195.59375 188.475006103515625 184.5625 184.625 187.9250030517578125 196 211.7312469482421875 226.899993896484375 243.943756103515625 260.98126220703125 277.11248779296875 290.712493896484375 297.11248779296875 302.59375 306.068756103515625 304.76251220703125 305.67498779296875 305 299.399993896484375 295.57501220703125 291.03125 287.13751220703125 282.78125 286.975006103515625 290.006256103515625
265.29998779296875 262.899993896484375 258.837493896484375 254.5 252.3562469482421875 249.1687469482421875 247.618743896484375 244.9812469482421875 244.0749969482421875 243.6750030517578125 243.8249969482421875 244.7062530517578125 248.149993896484375 247.8125 246.006256103515625 242.8937530517578125 240.368743896484375 235.15625 227.65625 217.9812469482421875 207.962493896484375 199.2062530517578125 193.7937469482421875 191.84375 193 202.256256103515625 214.34375 228.774993896484375 243.506256103515625 257.3125 272.024993896484375 284.51873779296875 292.64373779296875 299.01251220703125 303.087493896484375 304.21875 304.13751220703125 305.068756103515625 303.84375 301.5 298.618743896484375 295.01251220703125 293.087493896484375 293.618743896484375 297.42498779296875
263.618743896484375 260.08123779296875 256.07501220703125 253.7687530517578125 251.0437469482421875 246.3625030517578125 244.8000030517578125 241.9250030517578125 241.4812469482421875 241.5 243.375 248.087493896484375 251.056243896484375 253.15625 252.274993896484375 250.975006103515625 247.306243896484375 242.9250030517578125 235.399993896484375 228.7937469482421875 219.1125030517578125 209.9499969482421875 202.568756103515625 200.34375 202.8937530517578125 208.40625 217.875 230.8937530517578125 242.568756103515625 255.6437530517578125 269.524993896484375 281.13751220703125 287.375 294.087493896484375 299.443756103515625 301.287506103515625 303.4375 303.493743896484375 302.875 301.493743896484375 303.6875 302.38751220703125 300.59375 301.35626220703125 305.32501220703125
259.70001220703125 254.506256103515625 251.4375 248.75 247.350006103515625 243.100006103515625 239.5812530517578125 238.03125 237.4375 239.443756103515625 245.2624969482421875 249.5812530517578125 255.5625 260.28125 259.975006103515625 258.51251220703125 256.76873779296875 252.9812469482421875 244.8125 237.3312530517578125 229.787506103515625 221.0812530517578125 213.256256103515625 211.0562591552734375 213.15625 215.162506103515625 223.6750030517578125 233.0812530517578125 242.993743896484375 255.4812469482421875 266.681243896484375 276 281.587493896484375 288.58123779296875 294.412506103515625 297.92498779296875 299.96875 301.35626220703125 299.41876220703125 304.056243896484375 305.35626220703125 304.443756103515625 304.85626220703125 307.48748779296875 312.20001220703125
253.943756103515625 249.837493896484375 247.600006103515625 244.90625 242.6125030517578125 240.2312469482421875 237.2375030517578125 234.1875 233.6875 236.1750030517578125 241.287506103515625 250.087493896484375 258.868743896484375 263.256256103515625 264.96875 263.92498779296875 263.67498779296875 260.03125 253.0749969482421875 245.8625030517578125 238.71875 230.9812469482421875 223.899993896484375 219.3625030517578125 221.181243896484375 221.9250030517578125 227.28125 234.40625 242.774993896484375 252.3000030517578125 262.056243896484375 271.649993896484375 277.0625 283.36248779296875 289.506256103515625 292.475006103515625 295.318756103515625 294.256256103515625 297.79998779296875 301.975006103515625 302.70001220703125 304.25 306.649993896484375 310.75 316.837493896484375
246.7312469482421875 244.506256103515625 243.725006103515625 240.21875 237.5812530517578125 234.6437530517578125 231.4375 229.375 227.625 228.9187469482421875 237.0749969482421875 249.774993896484375 262.58123779296875 271.58123779296875 272.887481689453125 272.61248779296875 270.96875 265.25 260.63751220703125 252.3000030517578125 247.162506103515625 238.743743896484375 232.2624969482421875 226.256256103515625 226.212493896484375 227.84375 231.787506103515625 235.774993896484375 242.40625 251.65625 259.431243896484375 268.056243896484375 271.899993896484375 278.375 283.1875 285.193756103515625 285.92498779296875 291.806243896484375 295.29998779296875 298.056243896484375 298.79376220703125 301.524993896484375 305.443756103515625 309.51251220703125 312.95001220703125
241.881256103515625 241.149993896484375 239.8000030517578125 236.712493896484375 233.3874969482421875 229.46875 226.6687469482421875 223.506256103515625 219.7312469482421875 219.8874969482421875 227.3000030517578125 243.4875030517578125 261.368743896484375 272.48748779296875 275.36248779296875 276.15625 275.82501220703125 271.17498779296875 266.64373779296875 261.35626220703125 254.8874969482421875 247.8874969482421875 238.5437469482421875 233.7437591552734375 231.868743896484375 232.6062469482421875 236.056243896484375 239.7687530517578125 244.78125 251.3562469482421875 257.743743896484375 263.649993896484375 266.78125 273.024993896484375 275.912506103515625 275.006256103515625 280.38751220703125 285.79998779296875 287.787506103515625 290.89373779296875 293.850006103515625 296.056243896484375 298.70623779296875 302.993743896484375 304.34375
237.8000030517578125 238.256256103515625 236.2375030517578125 233.725006103515625 230.131256103515625 226.462493896484375 223.90625 218.5 211.975006103515625 208.78125 218.96875 241.693756103515625 258.39373779296875 268.28125 274.67498779296875 277.5 276.5 273.45623779296875 270.38751220703125 264.006256103515625 258.64373779296875 251.524993896484375 242.868743896484375 238.7937469482421875 235.9875030517578125 236.1875 239.71875 243.181243896484375 246.462493896484375 250.7624969482421875 256.54998779296875 261.837493896484375 264.28125 267.34375 268.84375 270.087493896484375 274.95001220703125 280.67498779296875 284.36248779296875 284.606231689453125 287.287506103515625 288.90625 292.54998779296875 295.76251220703125 297.943756103515625
236.256256103515625 235.0749969482421875 232.3125 230.568756103515625 227.28125 224.5812530517578125 221.3000030517578125 215.4250030517578125 210.443756103515625 205.7375030517578125 221.9375 244.4875030517578125 258.006256103515625 267.0625 273.23748779296875 277.256256103515625 276.26873779296875 274.712493896484375 269.568756103515625 262.881256103515625 257.95623779296875 250.9499969482421875 245.1374969482421875 241.318756103515625 238.4250030517578125 239.7312469482421875 240.59375 244.84375 248.162506103515625 251.9250030517578125 254.337493896484375 258.568756103515625 261.90625 263.23126220703125 261.9375 266.54998779296875 270.743743896484375 273.993743896484375 279.20623779296875 280.193756103515625 280.462493896484375 282.5625 283.48748779296875 284.91876220703125 287.962493896484375
233.193756103515625 229.912506103515625 227.78125 226.96875 225.5437469482421875 222.0812530517578125 219.8249969482421875 217.0437469482421875 218.1125030517578125 225.4187469482421875 242.4375 253.5187530517578125 259.212493896484375 266.631256103515625 272.162506103515625 274.15625 274.01251220703125 271.743743896484375 264.82501220703125 260.13751220703125 254.774993896484375 248.037506103515625 243.056243896484375 241.256256103515625 239.6999969482421875 238.881256103515625 240.4375 244.068756103515625 246.881256103515625 251.4375 254.350006103515625 255.3249969482421875 257.88751220703125 260.39373779296875 263.95623779296875 265.375 266.962493896484375 270.66876220703125 272.64373779296875 271.35626220703125 272.068756103515625 274.368743896484375 273.96875 276.181243896484375 278.287506103515625
229.21875 226.6750030517578125 225.3562469482421875 225.2312469482421875 224.4187469482421875 222.975006103515625 220.25 222.068756103515625 226.506256103515625 234.306243896484375 245.09375 255.162506103515625 260.399993896484375 266.256256103515625 270.5625 271.71875 271.45001220703125 268.975006103515625 261.66876220703125 255.6999969482421875 249.649993896484375 245.743743896484375 238.9499969482421875 237.068756103515625 238.4562530517578125 238.6687469482421875 240.537506103515625 244.024993896484375 246.837493896484375 250.46875 251.1062469482421875 256.20623779296875 260.73748779296875 262.850006103515625 265.98748779296875 266.42498779296875 266.443756103515625 268.5625 268.243743896484375 264.32501220703125 263.350006103515625 264.95623779296875 263.149993896484375 264.32501220703125 267.54998779296875
