data/historical-monthly-weather-data/wc2.1_cruts4.09_10m_prec_1999-09.asc
ncols        51
nrows        45
xllcorner    -63.500000000000
yllcorner    -7.500000000000
cellsize     0.166666666667
NODATA_value -9999
[rows 0 to 19 of 45, columns 0 to 42 of 51]
146.2375030517578125 145.8000030517578125 150.1062469482421875 157.756256103515625 163.53125 169.34375 170.881256103515625 170.1687469482421875 171.068756103515625 172.3562469482421875 175.618743896484375 178.443756103515625 180.9499969482421875 180.818756103515625 179.53125 176.6999969482421875 175.4812469482421875 170.3000030517578125 166.5749969482421875 161.7937469482421875 159.3874969482421875 154.71875 151.4437408447265625 148.443756103515625 144.8249969482421875 143.4250030517578125 142.381256103515625 141.1437530517578125 139.3125 145.681243896484375 151.7375030517578125 159.693756103515625 172.568756103515625 182.912506103515625 194.28125 203.53125 214.943756103515625 225.381256103515625 229.256256103515625 233.0437469482421875 236.8874969482421875 236.818756103515625 233.556243896484375
136.243743896484375 134.412506103515625 140.1125030517578125 149.100006103515625 159.1687469482421875 161.368743896484375 161.2375030517578125 163.8937530517578125 165.649993896484375 167.287506103515625 170.4187469482421875 172.475006103515625 174.4562530517578125 173.4812469482421875 172.1687469482421875 171.1750030517578125 168.6062469482421875 163.7062530517578125 158.662506103515625 153.84375 150.5124969482421875 148.4499969482421875 145.46875 144.725006103515625 141.65625 140.96875 141.9812469482421875 142.46875 141.243743896484375 150.65625 161.024993896484375 173.6750030517578125 186.756256103515625 201.0749969482421875 214.631256103515625 225.412506103515625 238.2687530517578125 251.1125030517578125 255.162506103515625 259.274993896484375 264.04376220703125 264.4375 263.243743896484375
125.83750152587890625 126.0124969482421875 131.743743896484375 140.9187469482421875 149.962493896484375 154.1999969482421875 155.2687530517578125 157.1437530517578125 159.84375 162.1062469482421875 165.006256103515625 166.506256103515625 168.087493896484375 166.7375030517578125 164.5625 164.068756103515625 161.4562530517578125 157.5124969482421875 153.243743896484375 149.649993896484375 147.943756103515625 146.693756103515625 146.037506103515625 147.2062530517578125 146.2375030517578125 145.84375 149.181243896484375 148.993743896484375 148.493743896484375 157.774993896484375 167.649993896484375 180.3125 196.5500030517578125 211.7624969482421875 226.6062469482421875 237.431243896484375 251.068756103515625 265.725006103515625 272.03125 278.42498779296875 285.006256103515625 283.931243896484375 284.037506103515625
113.9250030517578125 115.03749847412109375 124.25624847412109375 131.493743896484375 139.149993896484375 143.65625 146.899993896484375 151.506256103515625 155.256256103515625 158.3312530517578125 160.131256103515625 161.100006103515625 160.0625 159.587493896484375 157.568756103515625 156.4187469482421875 154.84375 151.9812469482421875 150.2687530517578125 148.693756103515625 148.587493896484375 147.3125 146.875 149.7624969482421875 149.975006103515625 151.618743896484375 153.9499969482421875 152.162506103515625 152.9375 163.03125 174.2312469482421875 185.068756103515625 200.087493896484375 215.806243896484375 230.1750030517578125 246.9812469482421875 264.037506103515625 279.568756103515625 288.75 294.71875 300.48748779296875 299.26251220703125 298.58123779296875
114.2624969482421875 112.2312469482421875 114.65625 120.96250152587890625 130.2624969482421875 135.6437530517578125 139.2375030517578125 144.4812469482421875 149.9187469482421875 153.225006103515625 154.875 153.71875 153.556243896484375 154.4625091552734375 152.787506103515625 151.2375030517578125 149.3125 147.3000030517578125 146.350006103515625 145.037506103515625 147.9250030517578125 146.5 148.2312469482421875 152.46875 154.3312530517578125 156.881256103515625 156.7312469482421875 156.625 157.1875 165.84375 177.1875 186.5625 200.475006103515625 217.4812469482421875 234.600006103515625 250.4187469482421875 268.01873779296875 287.212493896484375 298.837493896484375 306.875 313.36248779296875 310.875 307.943756103515625
115.2624969482421875 112.96875 113.3312530517578125 113.53749847412109375 122.6374969482421875 132.5 138.3125 142.806243896484375 147.806243896484375 152.3937530517578125 153.368743896484375 151.84375 151.743743896484375 152.78125 150.618743896484375 150.03125 148.462493896484375 146.5625 146.03125 146.3249969482421875 148.5187530517578125 149.5749969482421875 151.774993896484375 155.2312469482421875 158.96875 161.056243896484375 160.431243896484375 160.8062591552734375 160.537506103515625 167.2375030517578125 176.649993896484375 189.28125 201.7687530517578125 216.1062469482421875 230.193756103515625 247.4250030517578125 263.95001220703125 284.26251220703125 298.4375 306.725006103515625 305.4375 303.54998779296875 301.556243896484375
118.2062530517578125 116.52500152587890625 116.66249847412109375 116.75 121.56874847412109375 127.25 134.6187591552734375 140.9812469482421875 144.5124969482421875 147.100006103515625 149.5749969482421875 149.506256103515625 150.287506103515625 150.75 149.524993896484375 149.1125030517578125 148.3312530517578125 148.462493896484375 147.850006103515625 147.537506103515625 150.03125 152.462493896484375 153.8625030517578125 157.506256103515625 162.431243896484375 165.71875 165.1999969482421875 164.96875 163.1750030517578125 167.8625030517578125 176.287506103515625 185.3249969482421875 197.306243896484375 211.100006103515625 224.3562469482421875 237.0625 252.40625 274.28125 293.66876220703125 296.193756103515625 293.8125 289.506256103515625 288.368743896484375
121.7062530517578125 120.19374847412109375 120.5124969482421875 123.00624847412109375 127.69374847412109375 133.8000030517578125 137.0812530517578125 137.2687530517578125 137.475006103515625 140.618743896484375 145.368743896484375 146.8312530517578125 148.2312469482421875 148.600006103515625 149.087493896484375 147.5812530517578125 147.1875 149.006256103515625 149.6750030517578125 147.6687469482421875 151.912506103515625 154.8249969482421875 157.1437530517578125 160.1687469482421875 164.618743896484375 168.068756103515625 166.5187530517578125 164.6687469482421875 163.868743896484375 167.3249969482421875 174.056243896484375 181.0749969482421875 190.9875030517578125 203.712493896484375 212.9812469482421875 222.943756103515625 235.34375 251.4812469482421875 263.29376220703125 267.66876220703125 266.068756103515625 262.399993896484375 262.6875
126.40000152587890625 125.91249847412109375 127.3562469482421875 129.850006103515625 134.1374969482421875 138.743743896484375 141.943756103515625 142.1374969482421875 139.78125 138.756256103515625 143.037506103515625 144.743743896484375 147.8937530517578125 148.0187530517578125 148.4812469482421875 147.6374969482421875 147.4499969482421875 149.7687530517578125 152.068756103515625 150.4812469482421875 153.6062469482421875 158.274993896484375 158.6999969482421875 163.600006103515625 166.21875 167.693756103515625 165.8625030517578125 164.931243896484375 165.2375030517578125 166.8562469482421875 172.9812469482421875 174.306243896484375 178.600006103515625 184.2624969482421875 191.2624969482421875 201.5437469482421875 211.9875030517578125 221.7687530517578125 227.6187591552734375 230.568756103515625 229.4375 226.225006103515625 227.225006103515625
129.868743896484375 130.28125 132.3625030517578125 135.0625 140.149993896484375 144.806243896484375 147.837493896484375 147.493743896484375 145.96875 145.493743896484375 146.6062469482421875 146.0625 147.712493896484375 148.90625 148.024993896484375 148.1999969482421875 146.912506103515625 149.3937530517578125 152.100006103515625 153.46875 157.712493896484375 160.537506103515625 160.53125 163.5812530517578125 164.100006103515625 165.1999969482421875 163.8625030517578125 162.8874969482421875 163.0437469482421875 164.9562530517578125 165.524993896484375 164.2312469482421875 165.4375 169.725006103515625 174.0749969482421875 180.3000030517578125 187.9187469482421875 193.75 194.9375 196 194.662506103515625 193.431243896484375 189.212493896484375
135.181243896484375 135.90625 138.2375030517578125 140.850006103515625 145.375 151.287506103515625 154.5625 152.225006103515625 149.5812530517578125 149.0812530517578125 150.1750030517578125 150.1062469482421875 148.96875 148.0625 146.3937530517578125 145.618743896484375 143.8125 146.712493896484375 149.96875 153.556243896484375 161.712493896484375 165.431243896484375 164.6875 160.0500030517578125 161.868743896484375 167.149993896484375 166.0749969482421875 162.631256103515625 159.875 159.493743896484375 158.5500030517578125 155.4375 154.8562469482421875 155.506256103515625 157.131256103515625 160.087493896484375 164.056243896484375 166.65625 168.225006103515625 165.9562530517578125 162.0124969482421875 159.649993896484375 159.475006103515625
138.462493896484375 139.3249969482421875 141.8249969482421875 145.59375 149.9875030517578125 155.274993896484375 159.399993896484375 157.28125 153.09375 150.7687530517578125 151.3874969482421875 151.568756103515625 147.881256103515625 144.787506103515625 144.625 142.8249969482421875 141.506256103515625 143.1999969482421875 146.868743896484375 153.537506103515625 165.0749969482421875 169.65625 168.0437469482421875 161.024993896484375 160.1687469482421875 162.1437530517578125 159.5500030517578125 156.125 151.774993896484375 150.068756103515625 147.162506103515625 143.1374969482421875 141.368743896484375 141.9812469482421875 144.056243896484375 145.3249969482421875 146.681243896484375 147.71875 144.162506103515625 138.7937469482421875 133.368743896484375 130.0437469482421875 129.899993896484375
140.65625 141.506256103515625 143.6125030517578125 146.162506103515625 149.537506103515625 153.96875 156.4250030517578125 154.993743896484375 152.8562469482421875 151.193756103515625 150.243743896484375 150.3125 147.4499969482421875 140.8125 138.375 137.8625030517578125 136.5437469482421875 139.1062469482421875 143.4499969482421875 149.931243896484375 163.125 170.2687530517578125 169.350006103515625 163.149993896484375 156.6125030517578125 155.8625030517578125 154.274993896484375 151.243743896484375 147.149993896484375 142.8562469482421875 136.6875 131.0250091552734375 129.149993896484375 127.26250457763671875 127.7312469482421875 129.7937469482421875 133.3000030517578125 134.9812469482421875 132.818756103515625 122.38124847412109375 112.0437469482421875 110.5749969482421875 108.65000152587890625
141.625 142.037506103515625 142.962493896484375 144.8312530517578125 147.9375 150.1750030517578125 151.4812469482421875 151.806243896484375 150.0625 149.2062530517578125 146.96875 144.1687469482421875 141.337493896484375 136 130.837493896484375 130.8312530517578125 129.9375 132.212493896484375 135.53125 141.993743896484375 154.6374969482421875 162.0500030517578125 165.056243896484375 163.8874969482421875 159.2375030517578125 155.71875 151.7375030517578125 146.600006103515625 140.5187530517578125 134.9562530517578125 129.7375030517578125 122.1374969482421875 118.1125030517578125 115.25624847412109375 115.28749847412109375 119.5 125.5187530517578125 131.7937469482421875 131.443756103515625 123.5500030517578125 104.9499969482421875 94.9375 93.25
140.8625030517578125 140.256256103515625 140.6687469482421875 142.2687530517578125 145.0187530517578125 144.71875 146.725006103515625 146.568756103515625 144.837493896484375 144.806243896484375 141.568756103515625 138.118743896484375 134.28125 129.181243896484375 122.90625 120.61875152587890625 120.5124969482421875 123.74375152587890625 126.09999847412109375 132.15625 145.0812530517578125 155.5749969482421875 162.5625 165.287506103515625 165.9250030517578125 163.225006103515625 156.03125 146.40625 137.2687530517578125 130.6750030517578125 121.09999847412109375 112.875 109.6875 106 103.0500030517578125 110.05625152587890625 123.21875 138.75 145.90625 137.5500030517578125 122.53749847412109375 109.19374847412109375 103.4250030517578125
138.493743896484375 137.34375 138.2312469482421875 139.318756103515625 140.2312469482421875 141.2687530517578125 141.962493896484375 141.3562469482421875 140.537506103515625 140.5 137.037506103515625 132.3000030517578125 127.5625 122.7062530517578125 116.7937469482421875 111.4562530517578125 110.8562469482421875 115.15000152587890625 117.65000152587890625 123.80625152587890625 136.0437469482421875 149.9562530517578125 162.6750030517578125 169.931243896484375 172.65625 168.5437469482421875 158.1062469482421875 147.6750030517578125 137.9187469482421875 128.3625030517578125 120.4562530517578125 109.90625 104.03125 100.99375152587890625 96.1687469482421875 107.81874847412109375 127.40625 145.0437469482421875 159.868743896484375 157.8312530517578125 149.03125 130.287506103515625 113.7624969482421875
134.243743896484375 133.681243896484375 135.1437530517578125 136.3000030517578125 136.78125 137.875 138.243743896484375 138.21875 137.2062530517578125 135.90625 133.2687530517578125 128.0187530517578125 121.83750152587890625 116.2687530517578125 112.3562469482421875 107.91249847412109375 103.18125152587890625 106.125 110.3937530517578125 115.8625030517578125 127.86875152587890625 143.34375 161.056243896484375 173.7062530517578125 179.375 171.6875 159.8562469482421875 148.7687530517578125 138.806243896484375 129.475006103515625 122.8874969482421875 116.49375152587890625 109.11875152587890625 104.25 107.59375 117.2937469482421875 133.8562469482421875 161.1750030517578125 188.381256103515625 178.149993896484375 159.8125 137.881256103515625 116.125
129.8874969482421875 129.8562469482421875 130.412506103515625 131.774993896484375 133.618743896484375 134.943756103515625 134.84375 134.225006103515625 133.837493896484375 131.6687469482421875 128.6999969482421875 123.53125 117.24375152587890625 111.6750030517578125 107.6125030517578125 104.0625 99.91249847412109375 97.58750152587890625 102.6750030517578125 106.93125152587890625 119.52500152587890625 133.7624969482421875 152.0625 166.6374969482421875 174.631256103515625 168.899993896484375 159.6062469482421875 149.0437469482421875 137.9250030517578125 126.6750030517578125 118.65625 112.2937469482421875 117.03749847412109375 122.3000030517578125 121.3249969482421875 123.19374847412109375 143.3562469482421875 167.5 181.59375 175.6687469482421875 152.9875030517578125 132.131256103515625 114.1374969482421875
125.1875 124.8312530517578125 125.4187469482421875 127.6437530517578125 129.3874969482421875 131.056243896484375 131.15625 131.9250030517578125 131.006256103515625 128.8000030517578125 125.4499969482421875 119.59999847412109375 112.9562530517578125 107.6374969482421875 102.9499969482421875 100.5749969482421875 97.625 94.16249847412109375 94.71250152587890625 98.30625152587890625 112.6999969482421875 133.287506103515625 140.631256103515625 153.1687469482421875 163.100006103515625 166.368743896484375 160.475006103515625 149.6875 141.837493896484375 128.8000030517578125 118.1999969482421875 119.7937469482421875 134.3000030517578125 140.5 142.5500030517578125 145.1374969482421875 153.568756103515625 162.431243896484375 166.375 158.037506103515625 140.6437530517578125 124.27500152587890625 111.15000152587890625
119.6437530517578125 120.4375 121.1062469482421875 123.09375 125.33750152587890625 128.056243896484375 129.368743896484375 129.4375 129.8937530517578125 128.024993896484375 124.9499969482421875 119.97499847412109375 113.78749847412109375 107.5187530517578125 101.8125 97.66249847412109375 92.375 93.1437530517578125 92.41249847412109375 97.03749847412109375 106.8000030517578125 119.68125152587890625 137.3562469482421875 148.212493896484375 155.475006103515625 157.21875 154.399993896484375 151.09375 141.350006103515625 130.256256103515625 123.8125 134.6875 147.318756103515625 164.59375 176.8562469482421875 173.100006103515625 167 162.40625 156.9562530517578125 146.4562530517578125 131.037506103515625 114.97499847412109375 110.00624847412109375
