data/historical-monthly-weather-data/wc2.1_cruts4.09_10m_prec_1960-08.asc
ncols        45
nrows        45
xllcorner    -63.500000000000
yllcorner    -7.500000000000
cellsize     0.166666666667
NODATA_value -9999
[rows 0 to 18 of 45, columns 0 to 42 of 45]
198.131256103515625 204.899993896484375 206.6687469482421875 213 220.225006103515625 226.9375 226.875 229.2312469482421875 230.318756103515625 228.65625 220.3874969482421875 215.412506103515625 213.125 206.787506103515625 201.8937530517578125 192.931243896484375 187.118743896484375 180.774993896484375 174.3562469482421875 172.5812530517578125 169.6125030517578125 164.506256103515625 159.8249969482421875 155.5 149.818756103515625 144.6374969482421875 143.0500030517578125 143.287506103515625 137.2062530517578125 136.7249908447265625 131.787506103515625 131.4250030517578125 131.7624969482421875 129.4250030517578125 128.712493896484375 128.875 127.5437469482421875 127.8625030517578125 128.7937469482421875 128.4875030517578125 128.943756103515625 131.34375 130.8249969482421875
189.1374969482421875 194.868743896484375 202.3562469482421875 210.806243896484375 221.1687469482421875 226.3000030517578125 223.0749969482421875 224.431243896484375 226.3562469482421875 224.600006103515625 218.6125030517578125 215.34375 208.5625 200.193756103515625 193.649993896484375 188.618743896484375 180.6875 174.181243896484375 168.9250030517578125 165.8625030517578125 162.4875030517578125 157.3249969482421875 152.8562469482421875 150.068756103515625 144.3874969482421875 138.2687530517578125 139.0437469482421875 137.587493896484375 132.256256103515625 130.818756103515625 129.993743896484375 129.256256103515625 129.5500030517578125 130.118743896484375 129.0437469482421875 128.03125 124.4562530517578125 126.51250457763671875 126.06874847412109375 125.63124847412109375 128.868743896484375 129.631256103515625 131.243743896484375
174.875 183.4875030517578125 193.256256103515625 204.84375 215.993743896484375 220.1875 220.100006103515625 220.5 219.5187530517578125 216.743743896484375 213.8562469482421875 210.1999969482421875 202.725006103515625 192.0500030517578125 184.8125 178.881256103515625 172.506256103515625 165.9375 160.568756103515625 155.212493896484375 153.6374969482421875 151.618743896484375 147.8625030517578125 146.2937469482421875 139.537506103515625 135.212493896484375 136.993743896484375 133.493743896484375 128.3312530517578125 128.0437469482421875 125.7062530517578125 125.1062469482421875 125.59375 127.1062469482421875 124.8562469482421875 120.9375 119.38124847412109375 120.8625030517578125 119.875 121.46250152587890625 126.28125 128.375 132.100006103515625
161.6687469482421875 167.837493896484375 180.5500030517578125 193.9562530517578125 203.8000030517578125 207.631256103515625 209.943756103515625 211.5124969482421875 214.162506103515625 211.5 205.8625030517578125 199.649993896484375 193.1750030517578125 182.993743896484375 175.65625 168.993743896484375 163.6687469482421875 158.1062469482421875 153.125 151.943756103515625 149.5124969482421875 145.9250030517578125 142.1437530517578125 141.1125030517578125 135.912506103515625 131.600006103515625 132.1125030517578125 126.1374969482421875 122.0437469482421875 122.2062530517578125 120.84999847412109375 118.84375 117.33750152587890625 116.8000030517578125 115.6374969482421875 114.0625 115.40625 115.375 113.3937530517578125 117.08750152587890625 120.6062469482421875 126.03125 129.962493896484375
164.4812469482421875 166.09375 168.568756103515625 178.4187469482421875 191.4875030517578125 194.899993896484375 196.3125 202.5625 207.881256103515625 205.5625 198.0187530517578125 190.40625 183.5500030517578125 175.3125 167.243743896484375 161.25 154.71875 148.537506103515625 143.90625 143.868743896484375 144.943756103515625 139.7687530517578125 137.09375 138.1374969482421875 131.774993896484375 126.8562469482421875 124.19374847412109375 122.1062469482421875 118.11875152587890625 115.41249847412109375 116.49375152587890625 113.59999847412109375 113.09375 113.08750152587890625 111.88124847412109375 108.86875152587890625 108.11875152587890625 108.38124847412109375 106.88124847412109375 108.8937530517578125 115.55625152587890625 121.06874847412109375 128.2687530517578125
163.931243896484375 165.4250030517578125 165.4499969482421875 164.125 174.975006103515625 185.868743896484375 189.3937530517578125 192.3000030517578125 198.0187530517578125 195.8687591552734375 185.9187469482421875 178.7937469482421875 173.756256103515625 167.03125 159.3312530517578125 154.1062469482421875 146.6374969482421875 139.6875 137.28125 137.3249969482421875 138.5187530517578125 136.59375 134.8249969482421875 130.850006103515625 127.49375152587890625 123.77500152587890625 120.96250152587890625 117.63124847412109375 114.58750152587890625 110.65000152587890625 110.83750152587890625 110.2312469482421875 107.6750030517578125 107.6125030517578125 104.59999847412109375 103.74375152587890625 101.5 99.3874969482421875 99.66249847412109375 103.40625 107.1437530517578125 113.7375030517578125 121.1750030517578125
164.556243896484375 167.743743896484375 167.9250030517578125 167.381256103515625 171.15625 173.6999969482421875 175.962493896484375 178.0999908447265625 175.149993896484375 174.056243896484375 169.5749969482421875 165.59375 163.868743896484375 158.587493896484375 153.375 148.274993896484375 141.243743896484375 135.6875 131.96875 133.225006103515625 133.40625 132.975006103515625 131.59375 128.6999969482421875 124.71250152587890625 121.71875 118.21250152587890625 113.78749847412109375 108.2624969482421875 107.0812530517578125 105.7062530517578125 103.53749847412109375 102.59375 101.7624969482421875 99.3125 96.9875030517578125 93.5812530517578125 91.8312530517578125 93.0187530517578125 96.55625152587890625 99.6687469482421875 105.75624847412109375 114.08750152587890625
166.1437530517578125 167.568756103515625 170.5250091552734375 171.6750030517578125 176.3249969482421875 178.03125 171.1999969482421875 158.806243896484375 150.693756103515625 150.493743896484375 154.3874969482421875 153.412506103515625 152.2937469482421875 149.3625030517578125 146.15625 141.5 136.4812469482421875 131.587493896484375 127.69374847412109375 127.68125152587890625 129.743743896484375 130.0187530517578125 127.5749969482421875 124.21250152587890625 122.4187469482421875 117.8937530517578125 113.3312530517578125 109.33750152587890625 104.7687530517578125 100.84999847412109375 101.11875152587890625 98.59375 95.95624542236328125 95.52500152587890625 91.46875 88.53125 85.31874847412109375 82.875 82.8562469482421875 84.7624969482421875 88.2937469482421875 94.6875 102.1125030517578125
168.162506103515625 169.8874969482421875 173.6374969482421875 173.09375 175.4250030517578125 173.9562530517578125 168.65625 158.774993896484375 144.2312469482421875 137.1062469482421875 139.537506103515625 140.131256103515625 143.7687530517578125 141.875 139.1750030517578125 135.3874969482421875 133.3874969482421875 130.0437469482421875 129.443756103515625 126.5437469482421875 126.86875152587890625 127.9499969482421875 125.0500030517578125 125.125 121.94374847412109375 115.53125 108.5500030517578125 105.93125152587890625 101.6125030517578125 97.6062469482421875 97.3125 92.72499847412109375 88.46250152587890625 84.94374847412109375 82.0500030517578125 80.84375 78.6125030517578125 76.56874847412109375 75.5749969482421875 76.6750030517578125 78.7062530517578125 82.31874847412109375 86.90625
168.6999969482421875 170.75 172.71875 174.03125 175.6875 173.46875 171.1437530517578125 161.1875 148.693756103515625 143.556243896484375 140.5 136.162506103515625 138.431243896484375 137.7375030517578125 133.787506103515625 131.318756103515625 128.462493896484375 128.243743896484375 127.9250030517578125 127.2375030517578125 127.28749847412109375 125.53125 122.15000152587890625 121.7687530517578125 117.80625152587890625 111.38124847412109375 104.9187469482421875 101.1062469482421875 95.46250152587890625 91.16249847412109375 88.1062469482421875 84.33750152587890625 82.30625152587890625 80.1374969482421875 78.0625 76.13124847412109375 72.9562530517578125 70.1750030517578125 69.8312530517578125 70.15625 70.6875 71.91249847412109375 73.8312530517578125
172.125 173.6437530517578125 173.0812530517578125 173.181243896484375 175.6374969482421875 176.3312530517578125 173.412506103515625 161.4187469482421875 150.7937469482421875 143.631256103515625 141.431243896484375 137.2624969482421875 135.0812530517578125 132.537506103515625 127.34999847412109375 123.90000152587890625 122.4187469482421875 124.05625152587890625 124.3562469482421875 125.9187469482421875 129.743743896484375 127.7937469482421875 123.28125 118.46250152587890625 116.96875 110.96875 104.61875152587890625 98.5625 90.5749969482421875 84.8125 82.80625152587890625 79.43125152587890625 78.65625 76.7624969482421875 73.2937469482421875 70.3562469482421875 66.9812469482421875 64.78749847412109375 63.46250152587890625 62.52500152587890625 61.706249237060546875 62.174999237060546875 63.818752288818359375
172.3125 174.1062469482421875 173.337493896484375 174.4562530517578125 177.212493896484375 177.850006103515625 176.1687469482421875 166.2624969482421875 154.6437530517578125 146.2624969482421875 142.0749969482421875 137.443756103515625 132.243743896484375 126.6750030517578125 125.52500152587890625 121.9812469482421875 119.4250030517578125 119.1687469482421875 121.16249847412109375 125.0500030517578125 129.34375 127.97499847412109375 124.24375152587890625 120.1999969482421875 115.4499969482421875 104.0625 97.27500152587890625 92.30625152587890625 85.4562530517578125 80.65625 77.4499969482421875 75.7937469482421875 73.1875 71.0749969482421875 69.0812530517578125 67.31874847412109375 64.28749847412109375 61.206249237060546875 57.83750152587890625 54.875 53.65000152587890625 53.78125 54.081249237060546875
170.8000030517578125 170.3000030517578125 170.4375 169.6374969482421875 173.412506103515625 172.756256103515625 167.71875 161.181243896484375 150.7312469482421875 143.912506103515625 139.7937469482421875 135.8937530517578125 129.1999969482421875 120.84999847412109375 116.9812469482421875 115.1374969482421875 112.0500030517578125 113.8937530517578125 115.6437530517578125 117.5500030517578125 122.7624969482421875 122.53125 119.7375030517578125 112.66249847412109375 102.46875 93.2312469482421875 90.02500152587890625 86.15000152587890625 82.63124847412109375 78.40000152587890625 74.3874969482421875 71.53749847412109375 70.3249969482421875 66.3937530517578125 64.9812469482421875 64.66249847412109375 64.3562469482421875 60.81874847412109375 57.768749237060546875 52.168750762939453125 46.86875152587890625 47.74375152587890625 47.03125
167.6750030517578125 165.024993896484375 163.850006103515625 165.0187530517578125 166.5 164.100006103515625 159.65625 155.7312469482421875 146.1999969482421875 140.006256103515625 134.443756103515625 128.3249969482421875 122.96250152587890625 115.7062530517578125 106.75624847412109375 106.3937530517578125 104.8249969482421875 106.18125152587890625 104.8125 105.72499847412109375 110.6750030517578125 110.7937469482421875 108.63124847412109375 103.74375152587890625 96.34375 89.69374847412109375 86.40625 83.2062530517578125 79.8625030517578125 76.58750152587890625 73.59999847412109375 69.2312469482421875 67.34375 64.3000030517578125 64.25 65.8000030517578125 65.9375 65.375 62.625 55.19374847412109375 44.74375152587890625 41.518749237060546875 42.71250152587890625
162.5124969482421875 161.5812530517578125 158.9562530517578125 157.881256103515625 159.4812469482421875 156.837493896484375 152.4562530517578125 147.1875 138.662506103515625 133.1437530517578125 125.88124847412109375 121.3937530517578125 116.1374969482421875 108.09375 99.21875 95.46250152587890625 94.0749969482421875 93.65000152587890625 93.4499969482421875 94.99375152587890625 99.46875 100.6999969482421875 100.2062530517578125 98.90000152587890625 95.5500030517578125 91.76874542236328125 87.36875152587890625 83 78.4812469482421875 74.7687530517578125 70.72499847412109375 67.5500030517578125 65.88124847412109375 64.36875152587890625 63.34999847412109375 65.5 68.0812530517578125 72.56874847412109375 71.36875152587890625 61.90000152587890625 54.043750762939453125 50.125 50.78125
155.006256103515625 154.975006103515625 153.7062530517578125 152.506256103515625 152.1875 150.881256103515625 147.03125 139.6875 132.46875 126.49375152587890625 119.8562469482421875 113.875 107.6125030517578125 100.4812469482421875 92.75 84.9562530517578125 83.1687469482421875 83.06874847412109375 82.7687530517578125 84.8249969482421875 88.71875 91.74375152587890625 94.7375030517578125 97.1687469482421875 96.48125457763671875 93.25 88.84375 82.91249847412109375 77.59375 74.21875 71.2312469482421875 67.78125 65 63.53125 63.55625152587890625 70.0749969482421875 74.72499847412109375 79 79.33750152587890625 73.84375 67.8125 62.356250762939453125 57.78749847412109375
150.9187469482421875 151.162506103515625 148.8625030517578125 148.131256103515625 145.7062530517578125 145.024993896484375 142.524993896484375 136.8937530517578125 127.9562530517578125 122.4375 116.1750030517578125 108.4499969482421875 102 94.875 87.11875152587890625 79.65625 72.65625 71.5437469482421875 73.2624969482421875 76.05625152587890625 78.34999847412109375 83.3000030517578125 89.27500152587890625 96.4250030517578125 98.9875030517578125 95.3125 88.22499847412109375 82.25624847412109375 75.7375030517578125 71.65000152587890625 70.0749969482421875 69.16249847412109375 68.1062469482421875 67.4375 74.41249847412109375 80.55625152587890625 85.0812530517578125 91.8874969482421875 94.58750152587890625 85.0749969482421875 75.83750152587890625 67.2937469482421875 59.793750762939453125
143.6125030517578125 145.4250030517578125 144.493743896484375 144.8125 142.912506103515625 142.4499969482421875 137.618743896484375 132.84375 124.90625 118.4562530517578125 112.3000030517578125 105.4187469482421875 96.75624847412109375 88.6875 81.3625030517578125 73.9375 67.08750152587890625 61.96250152587890625 65.09375 66.1999969482421875 69.88124847412109375 75.1374969482421875 83.02500152587890625 90.68125152587890625 96.28125 94.66249847412109375 89.31874847412109375 82.625 74.875 69.625 64.71875 62.80625152587890625 70.3249969482421875 78.25 82.8874969482421875 90.38750457763671875 96.8874969482421875 100.65000152587890625 98.5437469482421875 90.71250152587890625 77.2687530517578125 69.15625 61.950000762939453125
136.375 138.8625030517578125 139.40625 140.5625 140.943756103515625 139.03125 135.524993896484375 130.274993896484375 125.34999847412109375 119.8249969482421875 112.69374847412109375 101.90000152587890625 93.47499847412109375 85.7624969482421875 76.78125 70.63124847412109375 63.59375 57.40000152587890625 56.524997711181640625 58.69374847412109375 65.7375030517578125 77.58750152587890625 74.3249969482421875 82.78125 88.94374847412109375 92.6999969482421875 89.65625 82.2624969482421875 76.4812469482421875 68.0187530517578125 62.268749237060546875 64.1437530517578125 73.5749969482421875 80.1999969482421875 86.58750152587890625 93.71875 96.2062530517578125 95.25 93.88124847412109375 85.8562469482421875 76.7062530517578125 69.15625 62.325000762939453125
