data/historical-monthly-weather-data/wc2.1_cruts4.09_10m_prec_1966-12.asc
ncols        51
nrows        45
xllcorner    -63.500000000000
yllcorner    -7.500000000000
cellsize     0.166666666667
NODATA_value -9999
[rows 20 to 39 of 45, columns 0 to 44 of 51]
157.6125030517578125 161.350006103515625 165.743743896484375 171.1437530517578125 177.3874969482421875 184.4499969482421875 191.1812591552734375 197.6374969482421875 204.037506103515625 208.899993896484375 211.787506103515625 212.7937469482421875 212.962493896484375 211.3937530517578125 207.9187469482421875 202.9812469482421875 198.1750030517578125 194.7687530517578125 193.7062530517578125 192.7937469482421875 193.3125 193.75 194.3000030517578125 195.3874969482421875 197.65625 198.818756103515625 196.2062530517578125 188.71875 178.537506103515625 169.2624969482421875 162.649993896484375 161.118743896484375 160.875 162.131256103515625 163.975006103515625 166.712493896484375 171.5625 176.743743896484375 178.975006103515625 176.9562530517578125 171.3625030517578125 164.6437530517578125 159.993743896484375 156.25 154.2624969482421875
153.212493896484375 156.5812530517578125 162.100006103515625 169.350006103515625 176.7624969482421875 184.225006103515625 191.931243896484375 199.3312530517578125 205.6062469482421875 210.274993896484375 212.4250030517578125 212.774993896484375 212.3312530517578125 210.2375030517578125 207.243743896484375 203.09375 199.037506103515625 196.3125 194.65625 193.3625030517578125 192.318756103515625 193.0812530517578125 195.1437530517578125 196.75 199.875 204.125 205.6750030517578125 199.7062530517578125 190.7624969482421875 183.5500030517578125 178.1125030517578125 175.5437469482421875 173.337493896484375 173.40625 173.6125030517578125 175.3312530517578125 179.787506103515625 185.037506103515625 185.8000030517578125 181.6687469482421875 175.837493896484375 169.53125 164.443756103515625 160.443756103515625 158.7937469482421875
149.375 153.8937530517578125 159.431243896484375 167.0187530517578125 175.5437469482421875 184.3000030517578125 192.3125 200.71875 208.100006103515625 211.84375 213.212493896484375 212.25 211.8874969482421875 210.0187530517578125 207.006256103515625 203.1374969482421875 199.181243896484375 196.34375 194.681243896484375 192.5500030517578125 191.381256103515625 191.625 192.9562530517578125 195.243743896484375 199.881256103515625 206.96875 212.243743896484375 208.3249969482421875 200.774993896484375 195.8000030517578125 192.1750030517578125 189.818756103515625 186.9562530517578125 184.631256103515625 183.0187530517578125 182.068756103515625 186.5500030517578125 194.681243896484375 194.631256103515625 188.3874969482421875 181.25 174.475006103515625 169.1374969482421875 164.818756103515625 162.9187469482421875
146.4499969482421875 150.5437469482421875 156.09375 164.225006103515625 173.8249969482421875 183.212493896484375 192.412506103515625 200.881256103515625 207.899993896484375 211.0625 212.40625 212.3249969482421875 212.2624969482421875 211.193756103515625 208.0625 204.149993896484375 200.462493896484375 197.943756103515625 195.8312530517578125 193.368743896484375 190.8249969482421875 190.068756103515625 189.9250030517578125 192.6750030517578125 197.3874969482421875 204.3000030517578125 209.875 210.306243896484375 208.0437469482421875 205.7937469482421875 204.649993896484375 202.693756103515625 200.3249969482421875 197.1875 194.625 191.1750030517578125 194.2687530517578125 201.6750030517578125 201.1125030517578125 194.3562469482421875 186.256256103515625 179.15625 172.818756103515625 167.78125 167.28125
145.506256103515625 148.7312469482421875 153.875 163.818756103515625 175.0625 184.087493896484375 192.8000030517578125 200.3000030517578125 206.1062469482421875 210.024993896484375 212 212.162506103515625 212.3625030517578125 211.7062530517578125 209.0500030517578125 205.5187530517578125 201.9250030517578125 199.6374969482421875 197.21875 194.3562469482421875 190.725006103515625 187.9250030517578125 186.6750030517578125 188.600006103515625 193.8000030517578125 201.6437530517578125 207.962493896484375 211.5187530517578125 212.9375 214.28125 215.756256103515625 215.412506103515625 213.71875 210.600006103515625 206.868743896484375 203.9812469482421875 205.600006103515625 207.6875 205.8125 200.03125 191.7375030517578125 184.125 176.6125030517578125 171.9375 170.381256103515625
147.6437530517578125 152.3937530517578125 157.899993896484375 167.4875030517578125 177.1062469482421875 185.3937530517578125 192.8000030517578125 199.350006103515625 204.6437530517578125 208.131256103515625 210.1875 211.5187530517578125 212.125 212.006256103515625 210.1125030517578125 207.056243896484375 203.3937530517578125 201.2312469482421875 198.8249969482421875 195.600006103515625 192.087493896484375 187.1875 183.2687530517578125 183.3125 190.443756103515625 199.9812469482421875 208.25 213.96875 218.0124969482421875 221.8562469482421875 225.3125 228.3249969482421875 227.9375 224.1687469482421875 220.5124969482421875 217.006256103515625 216.5749969482421875 216.337493896484375 213.2687530517578125 207.65625 199.2624969482421875 189.4812469482421875 180.0500030517578125 173.7624969482421875 173.5749969482421875
150.024993896484375 154.9250030517578125 162.0749969482421875 171.181243896484375 179.850006103515625 187.0250091552734375 192.8125 198.1062469482421875 202.2687530517578125 206.25 209.725006103515625 211.774993896484375 212.8125 213.681243896484375 212.3125 210.1062469482421875 207.131256103515625 205.1999969482421875 202.8937530517578125 199.0812530517578125 194.9562530517578125 189.443756103515625 184.037506103515625 182.21875 190.875 200.9250030517578125 209.975006103515625 216.875 223.125 228.274993896484375 233.868743896484375 238.8625030517578125 240.4875030517578125 236.9499969482421875 233.256256103515625 230.068756103515625 227.9562530517578125 226.381256103515625 222.78125 217.649993896484375 209.5187530517578125 197.475006103515625 184.774993896484375 176.993743896484375 180.8499908447265625
152.899993896484375 158.0500030517578125 166.162506103515625 175.087493896484375 182.84375 189 193.71875 197.3562469482421875 200.7937469482421875 204.318756103515625 207.6062469482421875 210.524993896484375 213.475006103515625 215.53125 214.8625030517578125 212.875 210.9812469482421875 209.1374969482421875 207.256256103515625 203.8312530517578125 200.15625 195.5500030517578125 192.4312591552734375 192.1374969482421875 197.912506103515625 206.274993896484375 214.1374969482421875 220.837493896484375 227.3625030517578125 233.3312530517578125 239.3000030517578125 244.412506103515625 246.5124969482421875 245.5812530517578125 243.493743896484375 240.78125 238.818756103515625 237.25 234.2687530517578125 230.2937469482421875 223.2624969482421875 209.774993896484375 191.1999969482421875 181.850006103515625 192.1125030517578125
155.25 160.787506103515625 169.837493896484375 179.53125 186.475006103515625 190.65625 193.7312469482421875 196.3937530517578125 199.25 202.068756103515625 205.837493896484375 210.0812530517578125 213.962493896484375 217.3937530517578125 217.1374969482421875 216.7062530517578125 215.625 214.4250030517578125 212.8562469482421875 210.03125 207.100006103515625 203.9187469482421875 202.6374969482421875 202.5625 206.931243896484375 213.524993896484375 220.1374969482421875 226.375 232.8000030517578125 238.25 243.743743896484375 248.3562469482421875 251.0749969482421875 251.568756103515625 251.6062469482421875 250.21875 249.4375 248.1187591552734375 245.087493896484375 242.462493896484375 238.21875 222.787506103515625 203.6374969482421875 197.056243896484375 207.475006103515625
160.1750030517578125 165.337493896484375 174.96875 185.350006103515625 192.568756103515625 193.59375 194.2624969482421875 195.84375 197.899993896484375 200.2312469482421875 204.0625 208.5500030517578125 214.149993896484375 219.181243896484375 220.2937469482421875 220.4499969482421875 220.71875 221.46875 220.5124969482421875 217.8000030517578125 215.024993896484375 212.7937469482421875 211.5 211.9875030517578125 215.5749969482421875 221.131256103515625 225.5625 231.4499969482421875 236.993743896484375 242.243743896484375 247.4250030517578125 251.84375 255.90625 257.806243896484375 259.42498779296875 258.899993896484375 259.149993896484375 258.57501220703125 256.1875 253.3125 248.087493896484375 237.881256103515625 224.2937469482421875 219.1125030517578125 222.837493896484375
164.181243896484375 168.7062530517578125 177.212493896484375 187.024993896484375 192.993743896484375 192.506256103515625 192.3937530517578125 192.875 194.443756103515625 197.65625 201.787506103515625 207.2687530517578125 214.0625 219.993743896484375 222.1437530517578125 224 226.375 227.256256103515625 227.8937530517578125 225.6687469482421875 222.9875030517578125 221.0437469482421875 220.3874969482421875 220.75 223.368743896484375 227.681243896484375 231.4250030517578125 236.3562469482421875 241.149993896484375 246.568756103515625 251.443756103515625 255.743743896484375 260.131256103515625 263.71875 266.4375 267.39373779296875 269.037506103515625 269.537506103515625 267.056243896484375 263.006256103515625 259.181243896484375 253.3125 245.40625 238.868743896484375 239.7937469482421875
167.931243896484375 170.6687469482421875 177.037506103515625 182.837493896484375 185.931243896484375 187.15625 187.7062530517578125 187.868743896484375 190.125 193.381256103515625 198.274993896484375 205.2312469482421875 213.350006103515625 220.475006103515625 224.649993896484375 228 230.15625 231.1999969482421875 231.9562530517578125 230.71875 229.287506103515625 228.0187530517578125 227.274993896484375 227.556243896484375 230.806243896484375 234.125 236.743743896484375 241 245.46875 250.9187469482421875 255.618743896484375 260.04376220703125 263.975006103515625 268.537506103515625 272.89373779296875 276.056243896484375 278.04376220703125 279.131256103515625 277.268768310546875 274.375 273.868743896484375 272.70623779296875 270.46875 268.506256103515625 272.73748779296875
175.5500030517578125 176.087493896484375 179.125 182.4562530517578125 183.875 184.53125 184.087493896484375 183.524993896484375 185.5187530517578125 189.25 196.2062530517578125 204.1374969482421875 213.7937469482421875 223.3125 228.337493896484375 232.03125 234.3000030517578125 236.1374969482421875 235.537506103515625 234.725006103515625 233.912506103515625 233.462493896484375 232.9812469482421875 232.943756103515625 235.618743896484375 239.068756103515625 241.431243896484375 244.212493896484375 248.787506103515625 253.96875 259.375 264.25 269.056243896484375 274.337493896484375 279.71875 283.71875 287.037506103515625 289.65625 289.26251220703125 291.28125 293 295.850006103515625 300.39373779296875 308.431243896484375 326.15625
183.1125030517578125 181.743743896484375 182.625 183.024993896484375 181.868743896484375 181.3874969482421875 180.431243896484375 179.1687469482421875 180.6500091552734375 184.337493896484375 191.381256103515625 202.506256103515625 214.493743896484375 224.7624969482421875 231.2624969482421875 235.568756103515625 238.9812469482421875 240.7062530517578125 239.5187530517578125 238.6999969482421875 238.1437530517578125 237.556243896484375 236.850006103515625 236.975006103515625 238.875 241.8125 244.6374969482421875 247.681243896484375 252.375 257.149993896484375 262.625 268.443756103515625 274.037506103515625 280.20623779296875 285.95623779296875 290.66876220703125 295.76251220703125 298.70623779296875 302.20001220703125 307.243743896484375 312.306243896484375 318.85626220703125 328.53125 343.66876220703125 367.14373779296875
190.3125 187.743743896484375 186.493743896484375 184.256256103515625 181.5 179.524993896484375 177.1875 174.899993896484375 175.0187530517578125 178.6875 187.125 200.493743896484375 215.7687530517578125 228.8125 236.15625 241.0812530517578125 244.381256103515625 245.287506103515625 244.431243896484375 242.243743896484375 242.2687530517578125 240.943756103515625 240.8937530517578125 240.4499969482421875 241.4437408447265625 244.087493896484375 246.8249969482421875 250.368743896484375 254.899993896484375 259.98748779296875 265.868743896484375 272.04376220703125 278.64373779296875 285.88751220703125 292.25 297.037506103515625 302.20623779296875 308.33123779296875 314.58123779296875 320.76873779296875 328.67498779296875 337.36248779296875 349.375 366.068756103515625 386.58123779296875
199.5187530517578125 196.03125 193.28125 189.9250030517578125 185.756256103515625 182.649993896484375 178.46875 174.225006103515625 172.4187469482421875 173.975006103515625 183.5 200.318756103515625 219.0625 233.7312469482421875 242.1125030517578125 247.4875030517578125 250.6374969482421875 250.899993896484375 248.6875 245.649993896484375 244.931243896484375 244.350006103515625 243.149993896484375 242.3937530517578125 243.375 245.162506103515625 248.0124969482421875 251.3249969482421875 255.5625 261.45001220703125 268.287506103515625 274.61248779296875 282.10626220703125 289.29998779296875 295.943756103515625 300.48748779296875 307.818756103515625 314.587493896484375 321.26873779296875 328.79376220703125 337.73126220703125 348.32501220703125 359.82501220703125 375.23748779296875 390.48126220703125
208.625 204.5749969482421875 201.03125 197.0625 192.4499969482421875 188.3625030517578125 183.5124969482421875 177.2874908447265625 172.1374969482421875 168.743743896484375 181.556243896484375 205.943756103515625 225.5625 239.5812530517578125 248.4812469482421875 254.0187530517578125 257.40625 256.5 253.899993896484375 250.0749969482421875 248.2312469482421875 246.5187530517578125 244.774993896484375 243.6437530517578125 243.7375030517578125 245.306243896484375 247.649993896484375 251.743743896484375 256.524993896484375 263.08123779296875 270.23126220703125 277.01251220703125 284.88751220703125 292.98126220703125 299.693756103515625 306.125 313.368743896484375 320.256256103515625 326.17498779296875 333.86248779296875 342.806243896484375 353.26251220703125 364.79998779296875 378.943756103515625 389.681243896484375
216.3937530517578125 212.3874969482421875 208.850006103515625 204.649993896484375 200.375 195.6687469482421875 191.0749969482421875 185.0437469482421875 179.899993896484375 173.868743896484375 196.75 223.118743896484375 238.006256103515625 249.09375 256.774993896484375 261.98126220703125 264.5 263.15625 259.03125 254.7375030517578125 250.837493896484375 247.850006103515625 245.774993896484375 244.087493896484375 243.46875 244.5749969482421875 247.9562530517578125 252.0124969482421875 256.818756103515625 264.3125 271.34375 278.89373779296875 287.21875 295.743743896484375 302.88751220703125 309.712493896484375 316.806243896484375 323.13751220703125 329.693756103515625 336.78125 344.73126220703125 354.46875 364.568756103515625 376.95001220703125 386.881256103515625
218.806243896484375 215.3562469482421875 212.9875030517578125 210.1999969482421875 206.7687530517578125 203.53125 200.7312469482421875 198.7062530517578125 200.46875 211.2375030517578125 238.8874969482421875 248.5124969482421875 254.6437530517578125 261.943756103515625 267.5 271.51251220703125 273.100006103515625 269.774993896484375 264.618743896484375 258.993743896484375 253.337493896484375 248.381256103515625 245.2312469482421875 243.5812530517578125 243.2937469482421875 244.4187469482421875 247.3562469482421875 251.743743896484375 256.66876220703125 264.21875 272.03125 278.243743896484375 286.04998779296875 293.850006103515625 301.943756103515625 308.493743896484375 314.818756103515625 320.83123779296875 326.32501220703125 332.14373779296875 339.681243896484375 347.162506103515625 355.087493896484375 364.51251220703125 371.993743896484375
221.337493896484375 218.6062469482421875 217.28125 215.756256103515625 214.006256103515625 213.40625 213.4499969482421875 215.9375 222.2937469482421875 235.118743896484375 253.375 264.21875 269.493743896484375 275.118743896484375 279.649993896484375 282.037506103515625 282.20623779296875 278.23126220703125 271.131256103515625 263.818756103515625 254.899993896484375 247.4812469482421875 242.71875 240.5124969482421875 241.318756103515625 243.381256103515625 247.212493896484375 251.9562530517578125 256.774993896484375 264.48126220703125 271.36248779296875 278.462493896484375 286.181243896484375 293.15625 299.943756103515625 305.056243896484375 311.34375 316.5625 321.04998779296875 325.34375 330.662506103515625 336.85626220703125 343.61248779296875 350.899993896484375 357.243743896484375
