data/historical-monthly-weather-data/wc2.1_cruts4.09_10m_prec_2015-07.asc
ncols        45
nrows        45
xllcorner    -63.500000000000
yllcorner    -7.500000000000
cellsize     0.166666666667
NODATA_value -9999
[rows 0 to 18 of 45, columns 0 to 42 of 45]
304.587493896484375 298.14373779296875 289.86248779296875 287.11248779296875 280.181243896484375 273.774993896484375 267.1875 258.318756103515625 255.149993896484375 254.1125030517578125 248.6125030517578125 243.3312530517578125 236.9562530517578125 234.2312469482421875 232.65625 228.5812530517578125 224.2312469482421875 215.693756103515625 209.162506103515625 205.8000030517578125 204.09375 197.3312530517578125 192.2312469482421875 188.537506103515625 187.193756103515625 182.625 181.4562530517578125 180.7937469482421875 177.818756103515625 177.0437469482421875 168.962493896484375 165.3562469482421875 167.100006103515625 165.46875 163.5625 160.6062469482421875 154.681243896484375 156.943756103515625 152.024993896484375 148.412506103515625 150.2312469482421875 152.806243896484375 150.6374969482421875
290.54376220703125 284.368743896484375 277.4375 276.556243896484375 273.631256103515625 268.16876220703125 261.375 254.7375030517578125 251.662506103515625 247.5749969482421875 241.4562530517578125 234.4812469482421875 227.943756103515625 222.875 217.6187591552734375 212.943756103515625 207.1999969482421875 199.9875030517578125 195.0124969482421875 190.7624969482421875 183.9499969482421875 181.162506103515625 178.0437469482421875 178.5187530517578125 173.375 170.53125 170.53125 171.03125 167.274993896484375 163.068756103515625 159.149993896484375 160.149993896484375 160.7687530517578125 162.462493896484375 161.631256103515625 156.475006103515625 151.28125 151.2624969482421875 146.100006103515625 144.4499969482421875 147.8125 147.568756103515625 146.6875
257.412506103515625 259.068756103515625 259.29376220703125 256.912506103515625 252.78125 246.743743896484375 242.8249969482421875 241.6875 239.556243896484375 234.8312530517578125 228.2687530517578125 218.943756103515625 213.8312530517578125 204.493743896484375 197.4562530517578125 191 185.5500030517578125 178.5749969482421875 172.618743896484375 169.78125 164.243743896484375 162.8874969482421875 161.7937469482421875 161.8249969482421875 159.5124969482421875 155.412506103515625 160.28125 160.412506103515625 158.618743896484375 156.1875 153.0437469482421875 148.7937469482421875 150.556243896484375 154.875 149.537506103515625 143.9875030517578125 142.8874969482421875 145.100006103515625 139.96875 139.2687530517578125 141.8937530517578125 142.806243896484375 140.693756103515625
227.96875 226.8125 232.287506103515625 236.28125 232.2687530517578125 225.6437530517578125 221.8249969482421875 224.8125 225.9812469482421875 222.649993896484375 211.8625030517578125 202.087493896484375 194.8625030517578125 189.0812530517578125 179.475006103515625 170.368743896484375 162.837493896484375 157.0437469482421875 153.4499969482421875 154.087493896484375 150.6437530517578125 146 144.943756103515625 147.0124969482421875 146.78125 145.0124969482421875 147.287506103515625 145.162506103515625 146.84375 149.2375030517578125 146.9499969482421875 142.5124969482421875 140.118743896484375 138.8312530517578125 135.5500030517578125 137.9375 139.493743896484375 136.2937469482421875 133.8874969482421875 132.84375 137.6687469482421875 140.6687469482421875 138.9250030517578125
222.9812469482421875 213.53125 204.0749969482421875 208.662506103515625 213.274993896484375 207.193756103515625 206.8312530517578125 209.6750030517578125 209.2249908447265625 204.2312469482421875 198.618743896484375 187.475006103515625 179.568756103515625 172.0625 161.9499969482421875 152.96875 144.6062469482421875 140.287506103515625 134.4000091552734375 133.90625 133.524993896484375 129.899993896484375 128.46875 134.40625 134.3562469482421875 132.9562530517578125 133.649993896484375 136.96875 138.381256103515625 137.1750030517578125 136.943756103515625 135.493743896484375 135.6875 133.5187530517578125 130.5124969482421875 128.4187469482421875 129.9875030517578125 130.318756103515625 127.53125 128.5812530517578125 132.556243896484375 132.2937469482421875 134
201.46875 198.462493896484375 192.4375 176.649993896484375 184.3312530517578125 192.9187469482421875 193.03125 193.868743896484375 194.524993896484375 188.21875 180.1062469482421875 170.65625 163.493743896484375 152.53125 145.756256103515625 137.84375 128.625 122.7375030517578125 119.9250030517578125 120.6374969482421875 120.40000152587890625 119.1875 120.09999847412109375 121.46250152587890625 124.02500152587890625 124.50624847412109375 125.6062469482421875 128.1374969482421875 128.5812530517578125 127.93125152587890625 127.94374847412109375 130.024993896484375 128.6687469482421875 129.1999969482421875 125.44374847412109375 125.1374969482421875 121.7312469482421875 122.52500152587890625 124.52500152587890625 128.212493896484375 127.3937530517578125 129.4812469482421875 129.381256103515625
183.350006103515625 180.8937530517578125 177.0187530517578125 171.118743896484375 166.8625030517578125 164.600006103515625 171.0749969482421875 176.412506103515625 172.9812469482421875 168.3562469482421875 162.34375 150.875 145.8562469482421875 137.25 129.068756103515625 123.3937530517578125 117.2624969482421875 109.8562469482421875 104.71250152587890625 107.8937530517578125 108.0437469482421875 107.38124847412109375 107.75 111.625 113.94374847412109375 116.97499847412109375 120.8312530517578125 119.84375 118.8249969482421875 121.84999847412109375 121.3874969482421875 119.7937469482421875 118.8874969482421875 121.56874847412109375 121.99375152587890625 120.19374847412109375 116.81874847412109375 116.2375030517578125 119.7624969482421875 124.625 123.6750030517578125 123.03749847412109375 124.47499847412109375
168.7312469482421875 163.34375 161.9499969482421875 160.3000030517578125 159.6062469482421875 163.931243896484375 160.993743896484375 152.7375030517578125 146.475006103515625 142.71875 138.350006103515625 132.46875 127.35625457763671875 119.59999847412109375 114.6062469482421875 109.6374969482421875 103.625 98.2312469482421875 94.52500152587890625 93.15000152587890625 97.19374847412109375 99.3125 99.53125 103.21875 107.55625152587890625 107.91249847412109375 111.18125152587890625 109.53749847412109375 111.7062530517578125 111.80625152587890625 115.1125030517578125 114.1750030517578125 114.7062530517578125 114.72499847412109375 114 110.96250152587890625 108.75624847412109375 108.8562469482421875 109.8562469482421875 111.61875152587890625 112.5625 114.2062530517578125 115.0812530517578125
153.6750030517578125 149.037506103515625 146.8937530517578125 148.1125030517578125 149.7687530517578125 151.131256103515625 150.943756103515625 148.368743896484375 138.0437469482421875 126.88124847412109375 120.77500152587890625 113.8249969482421875 113.13124847412109375 106.3125 101.97499847412109375 97.6437530517578125 94.3312530517578125 92.61875152587890625 92.9562530517578125 88.44374847412109375 88.84375 93.75 94.7937469482421875 99.88124847412109375 103.4499969482421875 101.49375152587890625 101.9375 105.7624969482421875 108.5124969482421875 108.1125030517578125 112.1999969482421875 109.0187530517578125 105.2062530517578125 103.6437530517578125 104.24375152587890625 106.2937469482421875 107.0812530517578125 108.53125 107.5625 106.71250152587890625 106.49375152587890625 106.97499847412109375 108.4375
137.125 133.65625 133.649993896484375 135.3937530517578125 137.337493896484375 141.350006103515625 141.78125 140.3562469482421875 132.6999969482421875 124.93125152587890625 114.96250152587890625 104.06874847412109375 100.9187469482421875 96.0124969482421875 92.75624847412109375 90.1374969482421875 85.96875 87.53125 88.96875 88.15000152587890625 88.40625 88.13124847412109375 87.86875152587890625 92.78125 95.33750152587890625 97.34999847412109375 97.71250152587890625 100.3562469482421875 101.43125152587890625 102.125 104.52500152587890625 101.84375 100.61875152587890625 98.91249847412109375 98.15625 101.1062469482421875 103.13124847412109375 105.1062469482421875 104.68125152587890625 106.5437469482421875 108.15000152587890625 106.74375152587890625 103.7687530517578125
123.9875030517578125 120.875 120.63124847412109375 123.4562530517578125 125.24375152587890625 129.71875 131.818756103515625 128.368743896484375 119.36875152587890625 112.8000030517578125 106.75 98.4875030517578125 89.58750152587890625 86.1374969482421875 81.96250152587890625 79.59999847412109375 78.6374969482421875 80.86875152587890625 82.9187469482421875 86.5124969482421875 89.9562530517578125 88.96875 85.5437469482421875 83.2937469482421875 89.88124847412109375 97.0500030517578125 98.04999542236328125 98.40625 95.9187469482421875 96.6687469482421875 97.75624847412109375 98.31874847412109375 98.1437530517578125 95.8312530517578125 96.53749847412109375 98.125 100.3000030517578125 99.78749847412109375 104.2375030517578125 104.7062530517578125 103.56874847412109375 101.34375 100.96250152587890625
111.93125152587890625 108.25624847412109375 108.7937469482421875 111.99375152587890625 114.78749847412109375 119.15000152587890625 122.40625 120.00624847412109375 110.71250152587890625 102.1437530517578125 96.18125152587890625 91.2375030517578125 81.6750030517578125 76.8312530517578125 76.1062469482421875 72.80625152587890625 72.125 74.59375 77.44374847412109375 82.6437530517578125 89.3937530517578125 90.47499847412109375 90.49375152587890625 86.6374969482421875 87.6750030517578125 87.22499847412109375 88.65000152587890625 91.28125 91.125 91.34375 90.06874847412109375 90.77500152587890625 92.01874542236328125 92.1687469482421875 94.3937530517578125 97.44374847412109375 98.11875152587890625 100.8125 99 99.5437469482421875 97.71875 97.6875 92.9875030517578125
97.28125 95.99375152587890625 97.84999847412109375 99.625 101.33750152587890625 105.65000152587890625 107.4812469482421875 104.88124847412109375 98.00624847412109375 93.33750152587890625 89.4375 83.22499847412109375 77.84375 68.53125 65.8312530517578125 66.1125030517578125 65.7624969482421875 69.1125030517578125 72.53125 76.49375152587890625 81.8874969482421875 83.9875030517578125 86.4375 84.5625 81.18125152587890625 80.83750152587890625 83.125 86.1875 86.83750152587890625 86.28125 85 83.25624847412109375 86.2687530517578125 87.5437469482421875 89.53125 93.34999847412109375 97.6437530517578125 102.65000152587890625 105.16249847412109375 100.84999847412109375 95.0187530517578125 92.3625030517578125 84.71875
84.9375 83.875 85.9375 87.2937469482421875 88.43125152587890625 90.96250152587890625 92.1875 90.93125152587890625 88.6125030517578125 84.02500152587890625 80.8125 76.00624847412109375 69.52500152587890625 62.90625 56.8125 58.41249847412109375 57.862499237060546875 61.768749237060546875 64.5812530517578125 68.9499969482421875 73.5500030517578125 77.625 80.8249969482421875 80.72499847412109375 78.03125 76.7624969482421875 77.59999847412109375 78.08750152587890625 78.625 78.59999847412109375 80.86875152587890625 80.75 80.99375152587890625 82.375 84.97499847412109375 92.0124969482421875 100.2624969482421875 108.81874847412109375 113.47499847412109375 108.03749847412109375 93.24375152587890625 84.83750152587890625 84.5625
76.6125030517578125 74.8125 75.88124847412109375 77.6374969482421875 77.875 79.3125 82.1999969482421875 81.25 79.0187530517578125 75.86875152587890625 73.38124847412109375 68.33750152587890625 63.450000762939453125 58.49375152587890625 51.09375 50.80625152587890625 50.893749237060546875 54.09375 57.13124847412109375 61.68125152587890625 67.63124847412109375 71.80625152587890625 75.5749969482421875 77.9875030517578125 78.26250457763671875 78.25624847412109375 78.6125030517578125 77.7312469482421875 78.71875 79.5500030517578125 77.91249847412109375 78.76874542236328125 82.22499847412109375 82.1999969482421875 80.78125 86.5 100.09375 114.71875 121.2062530517578125 115.1687469482421875 105.9812469482421875 99.18125152587890625 103.59999847412109375
67.45000457763671875 66.16249847412109375 67.4812469482421875 68.1999969482421875 68.875 71.4875030517578125 71.72499847412109375 71.28125 70.38124847412109375 69.66249847412109375 67.22499847412109375 62.956249237060546875 58.68125152587890625 54.18125152587890625 48.643749237060546875 42.19374847412109375 43.56874847412109375 47.33750152587890625 49.90625 54.46875 59.8125 65.8249969482421875 71.21875 77.4812469482421875 79.53125 79.44374847412109375 78.05625152587890625 75.3937530517578125 76.5437469482421875 77.8562469482421875 81.1875 78.84375 77.90000152587890625 76.8625030517578125 76.66249847412109375 89.8625030517578125 101.86875152587890625 115.31874847412109375 125.78125 129.71875 126.83750152587890625 119.78125 114.27500152587890625
59.387500762939453125 58.487499237060546875 59.987499237060546875 61.31874847412109375 62.4375 63.00624847412109375 64.13124847412109375 64 63.987499237060546875 64.0625 62.793750762939453125 58.25 53.55625152587890625 50.231250762939453125 48.237499237060546875 43.862499237060546875 39.581249237060546875 40.893749237060546875 45.487499237060546875 49.41249847412109375 54.456249237060546875 60.90000152587890625 68.74375152587890625 77.0124969482421875 81.97499847412109375 77.09375 72.8000030517578125 70.7624969482421875 73.52500152587890625 77.1687469482421875 80.9812469482421875 83.8125 82.4250030517578125 82.125 90.7375030517578125 99.6062469482421875 114.58750152587890625 133.600006103515625 148.71875 142.162506103515625 136.1125030517578125 125.2062530517578125 113.13124847412109375
53.549999237060546875 53.65000152587890625 54.53749847412109375 56.362499237060546875 57.33750152587890625 57.174999237060546875 57.662502288818359375 58.174999237060546875 58.52500152587890625 57.393749237060546875 56.737499237060546875 54.3125 50.40625 47.46875 46.643749237060546875 44.69374847412109375 41.15000152587890625 37.3125 42.25624847412109375 45.393749237060546875 50.237499237060546875 56.237499237060546875 65.9812469482421875 73.4812469482421875 77.63124847412109375 73.03749847412109375 68.5187530517578125 68.22499847412109375 71.80625152587890625 73.84999847412109375 73.7937469482421875 75.625 88.4187469482421875 94.53749847412109375 96.27500152587890625 110.03125 128.381256103515625 141.75 150.4812469482421875 146.2750091552734375 132.318756103515625 121.49375152587890625 110.27500152587890625
48.5 48.731250762939453125 49.143749237060546875 50.375 51.96875 52.418750762939453125 52.143749237060546875 53.06874847412109375 54.106250762939453125 53.65625 53.19374847412109375 49.887500762939453125 47.11875152587890625 45.46250152587890625 43.325000762939453125 42.731250762939453125 41.106250762939453125 38.700000762939453125 37.63124847412109375 39.637500762939453125 46.450000762939453125 56.081249237060546875 55.77500152587890625 63.793750762939453125 68.5625 70.00624847412109375 68.3562469482421875 67.00624847412109375 70.90000152587890625 74.0500030517578125 75.76250457763671875 79.4812469482421875 89.28749847412109375 93.21875 98.0625 109.7687530517578125 120.53749847412109375 129.7624969482421875 137.8125 131.399993896484375 124.1687469482421875 112.8562469482421875 104.9562530517578125
