data/historical-monthly-weather-data/wc2.1_cruts4.09_10m_prec_2001-01.asc
ncols        45
nrows        45
xllcorner    -63.500000000000
yllcorner    -7.500000000000
cellsize     0.166666666667
NODATA_value -9999
[rows 20 to 39 of 45, columns 0 to 44 of 45]
343.524993896484375 339.48126220703125 340.087493896484375 343.42498779296875 347.556243896484375 357.04998779296875 367.98748779296875 375.86248779296875 381.20623779296875 383.493743896484375 384.96875 390.443756103515625 400.20001220703125 410.912506103515625 400.056243896484375 376.73748779296875 360.13751220703125 351.368743896484375 350.90625 351.45623779296875 363.70001220703125 375.45001220703125 385.5 396.868743896484375 409.45623779296875 422.443756103515625 432.5 443.15625 452.51873779296875 457.625 452.16876220703125 440.96875 429.91876220703125 418.318756103515625 408.76251220703125 442.57501220703125 492.64373779296875 531.1875 547.8812255859375 545.33123779296875 529.2562255859375 508.600006103515625 494.337493896484375 483.274993896484375 472.17498779296875
341.76251220703125 335.92498779296875 336.662506103515625 341.868743896484375 349.287506103515625 360.118743896484375 371.568756103515625 382.681243896484375 388.431243896484375 385.475006103515625 379.899993896484375 374.056243896484375 372.868743896484375 376.13751220703125 373.79376220703125 363.881256103515625 357.056243896484375 352.225006103515625 350.431243896484375 351.287506103515625 358.193756103515625 368.20623779296875 379.58123779296875 392.193756103515625 406.287506103515625 421.587493896484375 436.10626220703125 444.131256103515625 448.787506103515625 446.76873779296875 434.96875 422.493743896484375 419.54998779296875 422.51251220703125 430.149993896484375 462.725006103515625 514.1937255859375 559.17498779296875 575.98748779296875 567.98748779296875 547.07501220703125 523.26251220703125 505.60626220703125 491.58123779296875 478.243743896484375
340.40625 334.60626220703125 333.193756103515625 338.381256103515625 348.162506103515625 362.29998779296875 375.01873779296875 387.76873779296875 396.6875 387.587493896484375 371.337493896484375 353.431243896484375 341.9375 342.875 349.51873779296875 351.76251220703125 350.26251220703125 348.51873779296875 347.212493896484375 347.20623779296875 353.4375 360.818756103515625 369.20001220703125 381.681243896484375 399.087493896484375 418.70001220703125 435.20623779296875 442.53125 443.881256103515625 434.98748779296875 420.54376220703125 409.70001220703125 419.76251220703125 433.837493896484375 454.16876220703125 486.493743896484375 538.76251220703125 598.46875 611.32501220703125 587.60626220703125 560.32501220703125 535.39373779296875 511.931243896484375 495.51873779296875 481.73126220703125
340.287506103515625 332.725006103515625 329.45623779296875 335.375 347.45001220703125 361.48126220703125 375.568756103515625 388.10626220703125 393.881256103515625 380.962493896484375 360.506256103515625 339.45001220703125 316.912506103515625 320.75 334.15625 341.131256103515625 343.068756103515625 342.75 342.03125 342.23748779296875 345.681243896484375 350.79998779296875 357.431243896484375 369.07501220703125 387.98126220703125 407.89373779296875 426.61248779296875 433.162506103515625 434.318756103515625 428.67498779296875 418.787506103515625 413.45623779296875 427.88751220703125 447.58123779296875 472.32501220703125 505.76873779296875 552.90625 606.45001220703125 617.58123779296875 594.39373779296875 566.2562255859375 538.7750244140625 514.65625 497.07501220703125 485.037506103515625
342.09375 333.881256103515625 328.20001220703125 337.28125 353.118743896484375 365.243743896484375 376.09375 384.98126220703125 385.09375 374.631256103515625 357.33123779296875 338.88751220703125 323.40625 322.118743896484375 329.443756103515625 336.38751220703125 339.79998779296875 340.899993896484375 339.181243896484375 336.350006103515625 337.82501220703125 339.399993896484375 343.443756103515625 353.806243896484375 371.60626220703125 393.493743896484375 410.17498779296875 422.63751220703125 428.006256103515625 428.11248779296875 424.506256103515625 425.524993896484375 440.287506103515625 461.57501220703125 486.71875 515.39373779296875 553.83123779296875 585.7249755859375 594.78125 583.8812255859375 561.3062744140625 535.8812255859375 513.0062255859375 498.274993896484375 482.54998779296875
351.54376220703125 347.70001220703125 343.78125 351.46875 361.54376220703125 371.118743896484375 378.243743896484375 381.54376220703125 378.681243896484375 369.475006103515625 357.318756103515625 344.975006103515625 333.631256103515625 329.225006103515625 331.64373779296875 336.1875 339.85626220703125 340.48748779296875 338.04376220703125 333.274993896484375 333.08123779296875 329.76873779296875 330.04998779296875 336.76873779296875 355.287506103515625 379.131256103515625 399.73126220703125 414.38751220703125 424.95623779296875 426.20623779296875 430.58123779296875 436.693756103515625 454.556243896484375 473.600006103515625 497.23748779296875 521.26873779296875 549.40625 570.36248779296875 576.1812744140625 568.6500244140625 552.1812744140625 528.4000244140625 504.89373779296875 492.087493896484375 482.837493896484375
362.5 360.73126220703125 361.26873779296875 366.243743896484375 371.625 377.54998779296875 381.912506103515625 380.787506103515625 376.100006103515625 369.787506103515625 360.931243896484375 351.53125 342.45001220703125 337.20623779296875 337.162506103515625 340.11248779296875 342.568756103515625 342.42498779296875 340.51873779296875 333.73126220703125 329.318756103515625 325.368743896484375 319.92498779296875 324.14373779296875 345.412506103515625 368.493743896484375 388.774993896484375 405.381256103515625 419.024993896484375 424.54998779296875 433.10626220703125 442.193756103515625 464.375 484.681243896484375 505.118743896484375 527.2125244140625 549.5687255859375 563.2125244140625 563.9749755859375 558.6624755859375 543.64373779296875 519.10626220703125 497.443756103515625 486.475006103515625 491.818756103515625
376.368743896484375 374.868743896484375 377.88751220703125 381.774993896484375 385.09375 386.29376220703125 386.38751220703125 382.79998779296875 377.875 371.318756103515625 364.118743896484375 356.743743896484375 348.28125 342.51873779296875 341.89373779296875 343.95623779296875 345.29376220703125 347.33123779296875 342.89373779296875 337.125 333.274993896484375 326.100006103515625 324.45001220703125 329.6875 345.681243896484375 364.64373779296875 383.04376220703125 398.61248779296875 413.256256103515625 423.29998779296875 431.818756103515625 442.28125 465.89373779296875 487.38751220703125 509.53125 529.7874755859375 546.9937744140625 559.54998779296875 560.9375 553.7125244140625 541.625 518.9312744140625 494.98126220703125 487.024993896484375 514.07501220703125
387.26251220703125 387.89373779296875 391.524993896484375 396.381256103515625 398.600006103515625 395.743743896484375 390.131256103515625 385.8125 379.443756103515625 373.45623779296875 367.70623779296875 360.431243896484375 352.86248779296875 348.91876220703125 348.556243896484375 350.95623779296875 354.675018310546875 354.3125 350.587493896484375 344.618743896484375 338.850006103515625 331.5 329.5625 335.95001220703125 348.431243896484375 363.33123779296875 379.837493896484375 394.587493896484375 410.087493896484375 420.98748779296875 428.98126220703125 439.45623779296875 464 489.350006103515625 513.9312744140625 532.0999755859375 549.54376220703125 561.0875244140625 563.4000244140625 556.4375 541.2874755859375 521.2562255859375 505.85626220703125 510.800018310546875 541.26873779296875
391.48748779296875 393.32501220703125 399.54376220703125 406.1875 407.45001220703125 400.45623779296875 391.89373779296875 386.59375 379.75 372.975006103515625 368.76873779296875 364.125 358.618743896484375 355.45001220703125 356.537506103515625 358.14373779296875 360.068756103515625 360.875 359.243743896484375 351.90625 344.53125 338.537506103515625 334.79998779296875 339.59375 350.15625 362.837493896484375 376.712493896484375 389.806243896484375 404.3125 415.524993896484375 426.46875 438.64373779296875 462.556243896484375 490.337493896484375 515.29376220703125 534.40625 551.14373779296875 566.375 568.8499755859375 565.5374755859375 557.9437255859375 545.35626220703125 537.7750244140625 545.14373779296875 560.03125
390.95001220703125 394.20623779296875 398.837493896484375 405.84375 409.243743896484375 398.51251220703125 390.57501220703125 384.21875 377.618743896484375 372.39373779296875 369.824981689453125 366.850006103515625 363.38751220703125 360.21875 362.17498779296875 363.54376220703125 365.912506103515625 367.8125 366.67498779296875 359.70623779296875 350.506256103515625 342.506256103515625 338.931243896484375 342.225006103515625 349.83123779296875 361.725006103515625 374.03125 385.493743896484375 399.71875 411.34375 424.181243896484375 438.60626220703125 462.61248779296875 490.67498779296875 516.5374755859375 536.51251220703125 553.6937255859375 572.1187744140625 578.89373779296875 579.04998779296875 578.20001220703125 571.54998779296875 568.7437744140625 570.46875 581.46875
385.631256103515625 388.79376220703125 392.1875 396.38751220703125 397.10626220703125 389.75 385.26873779296875 378.75 373.375 369.36248779296875 367.868743896484375 366.5 365.11248779296875 364.774993896484375 367.1875 368.149993896484375 368.056243896484375 369.16876220703125 366.649993896484375 361.625 351.787506103515625 343.318756103515625 339.58123779296875 341.70001220703125 349.42498779296875 358.90625 369.01873779296875 380.15625 391.850006103515625 406.693756103515625 421.368743896484375 437.443756103515625 462.76873779296875 491.32501220703125 518.21875 538.0250244140625 559.35626220703125 575.92498779296875 582.875 588.0875244140625 597.3812255859375 596.4000244140625 597.2437744140625 605.26251220703125 616.2874755859375
372.85626220703125 375.649993896484375 378.89373779296875 381.45001220703125 379.95001220703125 374.381256103515625 369.162506103515625 364.306243896484375 359.15625 359.462493896484375 362.912506103515625 364.41876220703125 367.86248779296875 371.506256103515625 371.96875 370.95001220703125 368.58123779296875 366.875 363.462493896484375 359.28125 350.625 342.806243896484375 338.274993896484375 341.625 347.45623779296875 355.662506103515625 364.28125 372.17498779296875 382.993743896484375 401.131256103515625 417.3125 433.53125 460.25 490.118743896484375 516.53125 538.5999755859375 559.63751220703125 577.4312744140625 583.4749755859375 597.26873779296875 608.625 612.5687255859375 619.4000244140625 633.28125 656.1500244140625
358.006256103515625 360.6875 362.85626220703125 364.537506103515625 361.600006103515625 357.212493896484375 353 348.29376220703125 345.23748779296875 346 352.5 361.537506103515625 370.462493896484375 375.6875 375.25 371.66876220703125 368.693756103515625 366.318756103515625 360.962493896484375 355.39373779296875 347.9375 341.193756103515625 336.943756103515625 339.006256103515625 343.568756103515625 349.45623779296875 356.287506103515625 364.381256103515625 375.537506103515625 393.399993896484375 412.787506103515625 431.556243896484375 458.193756103515625 489.024993896484375 516.375 538.6875 558.8499755859375 574.90625 586.14373779296875 600.65625 612.3499755859375 621.0999755859375 633.23126220703125 650.98748779296875 676.34375
345.118743896484375 346.443756103515625 347.85626220703125 347.462493896484375 345.212493896484375 341.618743896484375 336.40625 331.75 327.23748779296875 330.318756103515625 342 356.45001220703125 372.899993896484375 382.32501220703125 379.98126220703125 373.23126220703125 367.537506103515625 362.95001220703125 357.212493896484375 349.600006103515625 343.774993896484375 337.89373779296875 334.012481689453125 334.725006103515625 338.25 341.29998779296875 348.318756103515625 356.45001220703125 366.806243896484375 385.26873779296875 406.54998779296875 428.899993896484375 456.73126220703125 485.975006103515625 512.9625244140625 534.78125 553.1312255859375 574.03125 586.40625 598.0625 610.7249755859375 619.54376220703125 633.60626220703125 650.79998779296875 670.21875
333.67498779296875 333.618743896484375 333.76251220703125 332.39373779296875 329.73126220703125 324.4375 319.431243896484375 312.875 306.8125 308.306243896484375 322.65625 344.28125 366.493743896484375 379.399993896484375 378.024993896484375 371.662506103515625 364.225006103515625 358.662506103515625 352.10626220703125 344.100006103515625 337.79998779296875 333.26873779296875 329.04998779296875 328.64373779296875 331.11248779296875 334.66876220703125 340.725006103515625 348.337493896484375 358.58123779296875 377.57501220703125 400.506256103515625 423.26251220703125 451.95623779296875 480.96875 506.837493896484375 525.1312255859375 546.5374755859375 564.01251220703125 572.2874755859375 583.25 595.5875244140625 605.36248779296875 616.96875 632.5999755859375 645.01873779296875
322.1875 321.48126220703125 319.868743896484375 317.881256103515625 314.83123779296875 310.01251220703125 305.79376220703125 298.28125 288.993743896484375 283.831268310546875 303.625 337.71875 361.868743896484375 372.787506103515625 373.04998779296875 367.83123779296875 360.48126220703125 354.07501220703125 346.65625 337.806243896484375 332.225006103515625 326.39373779296875 322.71875 321.90625 324.11248779296875 327.837493896484375 333.506256103515625 341.193756103515625 350.84375 370.79998779296875 394.087493896484375 417.57501220703125 446.618743896484375 475.506256103515625 500.32501220703125 517.7562255859375 534.9312744140625 548.51251220703125 556.625 564.4749755859375 572.4000244140625 581.17498779296875 594.1500244140625 607 614.76251220703125
311.25 309.899993896484375 307.54998779296875 305.850006103515625 303.287506103515625 300.48126220703125 296.587493896484375 290.662506103515625 283.20001220703125 275.98126220703125 310.84375 346.04376220703125 362.350006103515625 369.32501220703125 369.11248779296875 363.95001220703125 356.006256103515625 349.931243896484375 342.65625 333.45001220703125 326.756256103515625 319.837493896484375 315.42498779296875 314.524993896484375 316.39373779296875 320.375 325.243743896484375 332.40625 342.08123779296875 363.41876220703125 386.46875 408.975006103515625 437.1875 465.912506103515625 489.631256103515625 505.26873779296875 517.73126220703125 529.7437744140625 537.16876220703125 542.63751220703125 547.3812255859375 556.7249755859375 565.89373779296875 573.85626220703125 581.20001220703125
305.66876220703125 301.8125 299.95001220703125 298.037506103515625 296.131256103515625 294.131256103515625 291.443756103515625 291.20623779296875 295.34375 313.0625 353.35626220703125 362 364.443756103515625 367.11248779296875 365.95623779296875 360.73126220703125 354.51873779296875 347.07501220703125 338.70623779296875 329.5625 320.39373779296875 313.006256103515625 308.57501220703125 307.76251220703125 309.243743896484375 313 318.91876220703125 326.70623779296875 337.10626220703125 358.350006103515625 379.475006103515625 399.76873779296875 423.54998779296875 446.1875 470.125 483.506256103515625 492.96875 503.39373779296875 508.3125 510.32501220703125 514.3187255859375 520.9124755859375 527.14373779296875 535.78125 541.98748779296875
301.11248779296875 296.73126220703125 293.88751220703125 290.78125 290.51251220703125 290.306243896484375 290.38751220703125 295.14373779296875 305.75 324.96875 347.46875 359.09375 362.23126220703125 364.28125 362.568756103515625 358.92498779296875 353.60626220703125 346.274993896484375 335.70001220703125 325.09375 312.70001220703125 305.162506103515625 300.61248779296875 299.76873779296875 301.868743896484375 305.48126220703125 312.40625 321.618743896484375 332.01251220703125 351.056243896484375 369.631256103515625 389.48748779296875 411.34375 430.024993896484375 446.66876220703125 457.6875 465.51873779296875 473.28125 476.23748779296875 476.73126220703125 480.118743896484375 484.9375 488.725006103515625 495.26873779296875 501.23748779296875
