data/historical-monthly-weather-data/wc2.1_cruts4.09_10m_prec_1970-12.asc
ncols        45
nrows        45
xllcorner    -63.500000000000
yllcorner    -7.500000000000
cellsize     0.166666666667
NODATA_value -9999
[rows 0 to 18 of 45, columns 0 to 43 of 45]
66.06874847412109375 61.78125 58.03125 55.34999847412109375 52.456249237060546875 51.28749847412109375 50.0625 48.643749237060546875 48.543750762939453125 48.74375152587890625 49.88124847412109375 52.106250762939453125 54.856250762939453125 57.21250152587890625 60.84375 64.71875 68.78749847412109375 71.9187469482421875 75.78125 79.49375152587890625 82.33750152587890625 84.7312469482421875 87.28125 90.4187469482421875 93.6687469482421875 96.91249847412109375 101.6062469482421875 106.74375152587890625 111.65625 114.0124969482421875 115.3249969482421875 117.36875152587890625 119.0437469482421875 120.47499847412109375 121.75 124.59999847412109375 126.3625030517578125 127.8937530517578125 128.412506103515625 129.225006103515625 129.568756103515625 128.787506103515625 127.875 126.25
67.7937469482421875 63.09999847412109375 59.93125152587890625 57.36875152587890625 54.924999237060546875 53.49375152587890625 51.97499847412109375 51.268749237060546875 51.831249237060546875 52.43125152587890625 53.450000762939453125 55.456249237060546875 58.15000152587890625 60.78749847412109375 64.38750457763671875 68.33750152587890625 72.5812530517578125 77.2375030517578125 82.25 87.75 90.63124847412109375 92.9562530517578125 95.86875152587890625 98.6062469482421875 101.34999847412109375 104.1374969482421875 108.3249969482421875 112.6875 116.91249847412109375 119.3249969482421875 120.52500152587890625 122.5 123.5124969482421875 125.16249847412109375 127.28125 129.09375 132.868743896484375 135.53125 135.931243896484375 136.743743896484375 137.1062469482421875 136.068756103515625 134.90625 131.931243896484375
71.28125 66.93125152587890625 63.77500152587890625 60.96875 58.481250762939453125 57.05625152587890625 56.143749237060546875 55.893749237060546875 56.78125 57.543750762939453125 58.33750152587890625 60.325000762939453125 63.049999237060546875 65.72499847412109375 69.5625 73.3937530517578125 77.80625152587890625 82.1374969482421875 87.05625152587890625 92 94.71250152587890625 97.28749847412109375 100.1062469482421875 102.4562530517578125 104.96250152587890625 108.2062530517578125 112.19374847412109375 116.16249847412109375 120.31874847412109375 121.40000152587890625 122.3000030517578125 123.78125 126.0500030517578125 127 128.9250030517578125 132.375 135.774993896484375 138.75 140.2062530517578125 141.3125 141.7062530517578125 140.381256103515625 138.2624969482421875 136.306243896484375
74.43125152587890625 70.8249969482421875 68.13124847412109375 64.7624969482421875 62.30625152587890625 61.21250152587890625 60.75624847412109375 60.862499237060546875 61.97499847412109375 63.237499237060546875 64.09375 66.1125030517578125 68.49375152587890625 71.1999969482421875 74.96875 79.1875 83.53749847412109375 86.8625030517578125 91.08750152587890625 96.1374969482421875 98.80625152587890625 101 102.8562469482421875 105.27500152587890625 107.4187469482421875 110.8249969482421875 114.75 118.11875152587890625 122.25 123.3625030517578125 123.36875152587890625 123.59375 126.22499847412109375 128.40625 130.1875 133.881256103515625 137.2062530517578125 140.9250030517578125 143.5500030517578125 144.8874969482421875 144.943756103515625 143.5124969482421875 141.287506103515625 139.5500030517578125
80.8562469482421875 75.8000030517578125 71.5437469482421875 68.5 66.1999969482421875 65.6374969482421875 65.34999847412109375 65.71875 67.5500030517578125 69.21875 69.88124847412109375 71.59375 74.2375030517578125 77.05625152587890625 80.83750152587890625 85.0749969482421875 89.1999969482421875 91.8562469482421875 95.5187530517578125 100.25 102.6999969482421875 103.96250152587890625 105.31874847412109375 107.52500152587890625 109.6125030517578125 112.99375152587890625 115.875 119.1062469482421875 122.875 123.8312530517578125 123.65000152587890625 123.05625152587890625 125.30625152587890625 127.7687530517578125 129.962493896484375 134.5 139.2375030517578125 143.287506103515625 146.3125 147.8249969482421875 148.0187530517578125 146.350006103515625 144.399993896484375 141.524993896484375
86.5 81.5187530517578125 76.4250030517578125 71.875 69.7687530517578125 69.9812469482421875 70.1750030517578125 70.44374847412109375 72.1750030517578125 73.93125152587890625 74.7375030517578125 76.84375 79.96875 82.9875030517578125 87.2062530517578125 91.41249847412109375 95.58750152587890625 97.13124847412109375 100.71250152587890625 104.09999847412109375 105.34375 106.66249847412109375 107.5437469482421875 109.40625 111.34375 113.83750152587890625 117.3249969482421875 120.33750152587890625 123.28749847412109375 123.84999847412109375 123.7375030517578125 123.7312469482421875 124.77500152587890625 126.5 130.2375030517578125 135.3562469482421875 140.318756103515625 146.1374969482421875 149.7624969482421875 150.556243896484375 149.0124969482421875 147.181243896484375 144.006256103515625 141.6125030517578125
93.19374847412109375 87.84999847412109375 82.59375 77.4812469482421875 74.16249847412109375 73.90000152587890625 74.27500152587890625 74.44374847412109375 75.6374969482421875 76.7062530517578125 78.7375030517578125 81.6875 85.7937469482421875 89.2687530517578125 93.48749542236328125 97.9875030517578125 102.6875 105.25 107.8874969482421875 109.08750152587890625 108.8312530517578125 109.4375 109.49375152587890625 110.59999847412109375 112.6750030517578125 114.4499969482421875 117.2062530517578125 120.94374847412109375 123.65625 123.59375 123.2062530517578125 122.9562530517578125 124.69374847412109375 126.2624969482421875 129.09375 134.28125 140.368743896484375 146.5749969482421875 152.1875 152.162506103515625 149.46875 146.381256103515625 143.5500030517578125 140.381256103515625
100.11875152587890625 94.24375152587890625 88.94374847412109375 84.4187469482421875 80.96250152587890625 79.88750457763671875 78.86875152587890625 77.5437469482421875 77.59999847412109375 79.33750152587890625 82.71250152587890625 87.21875 91.69374847412109375 96.3312530517578125 100.27500152587890625 104.77500152587890625 109.2375030517578125 112.1687469482421875 114.13750457763671875 112.5124969482421875 111.1374969482421875 110.41249847412109375 109.94374847412109375 110.4375 112.5812530517578125 114.63124847412109375 116.8125 119.9499969482421875 123.46875 123.66249847412109375 122.1750030517578125 121.6999969482421875 123.7062530517578125 125.2312469482421875 128.475006103515625 132.7624969482421875 138.8562469482421875 144.65625 148.75 149.3937530517578125 147.9375 144.743743896484375 141.7624969482421875 138.25
106.9812469482421875 100.94374847412109375 95.93125152587890625 91.53749847412109375 87.77500152587890625 86.7687530517578125 85.49375152587890625 83.5187530517578125 82.3312530517578125 83.3874969482421875 87.8312530517578125 93.34375 98.61875152587890625 103.2375030517578125 106.2312469482421875 109.3125 112.53125 115 116.52500152587890625 114.22499847412109375 111.46875 110.40625 109.99375152587890625 111.4375 113.00624847412109375 114.58750152587890625 116.5812530517578125 119.6750030517578125 122.5187530517578125 122.5124969482421875 122.36875152587890625 121.5625 123.1875 125.2624969482421875 127.80625152587890625 132.212493896484375 137.0437469482421875 141.5187530517578125 144.5 145.9499969482421875 144.600006103515625 141.8874969482421875 139.7624969482421875 136.9187469482421875
113.24375152587890625 107.34375 102.7375030517578125 98.8874969482421875 95.1999969482421875 94.125 92.9187469482421875 91.28749847412109375 91.4375 92.8125 96.19374847412109375 100.7624969482421875 106.53749847412109375 110.5 112.1999969482421875 113.2687530517578125 114.2937469482421875 114.97499847412109375 115.03749847412109375 113.3625030517578125 111.03125 109.8249969482421875 109.53125 111.30625152587890625 112.5187530517578125 113.77500152587890625 115.7062530517578125 118.36875152587890625 121.27500152587890625 121.59999847412109375 121.1374969482421875 120.75 122.1437530517578125 123.66249847412109375 126.3312530517578125 131.337493896484375 135.4562530517578125 139.212493896484375 140.9250030517578125 142.056243896484375 141.78125 140.056243896484375 137.318756103515625 134.7375030517578125
120.5 114.3562469482421875 109.66249847412109375 105.59999847412109375 102.65000152587890625 102.22499847412109375 101.36875152587890625 99.65625 100.21875 102.21875 105.3937530517578125 109.9250030517578125 114.68125152587890625 118.33750152587890625 117.8000030517578125 116.72499847412109375 115.3937530517578125 114.7312469482421875 113.5187530517578125 111.6687469482421875 110.39374542236328125 109.31874847412109375 109.1875 109.66875457763671875 112.2687530517578125 113.5625 114.8125 116.3249969482421875 118.0124969482421875 118.6750030517578125 118.7687530517578125 119.2624969482421875 120.72499847412109375 122.24375152587890625 124.56874847412109375 128.774993896484375 132.84375 136.375 138.8562469482421875 139.712493896484375 139.631256103515625 137.837493896484375 135.912506103515625 133.931243896484375
127.4875030517578125 121.0124969482421875 116.5 113.00624847412109375 110.16249847412109375 110.05625152587890625 109.8937530517578125 108.7062530517578125 109.66249847412109375 112.34375 115.71250152587890625 119.27500152587890625 121.4812469482421875 123.2062530517578125 122.03749847412109375 119.75 117.5625 115.59999847412109375 113.7624969482421875 111.94374847412109375 110.15000152587890625 109.50624847412109375 110.21875 111.0812530517578125 113.11875152587890625 114.18125152587890625 114.5437469482421875 115.02500152587890625 115.6875 116.43125152587890625 116.77500152587890625 117.6125030517578125 119.06874847412109375 120.9187469482421875 123.38124847412109375 127.61875152587890625 131.5124969482421875 135.1875 137.381256103515625 138.5500030517578125 138.7062530517578125 137.0437469482421875 135.056243896484375 132.8249969482421875
134.40625 128.0124969482421875 123.81874847412109375 120.1750030517578125 117.6437530517578125 117.4375 117.27500152587890625 117.0187530517578125 118.66249847412109375 122.08750152587890625 125.78125 127.8562469482421875 128.09375 127.06874847412109375 125.44374847412109375 122.75624847412109375 119.91249847412109375 117.81874847412109375 115.46250152587890625 112.84375 109.78125 109.59999847412109375 111.36875152587890625 112.5437469482421875 113.21250152587890625 113.1999969482421875 113.22499847412109375 113.47499847412109375 113.83750152587890625 113.7937469482421875 114.1999969482421875 115 116.36875152587890625 118.5 121.21250152587890625 126.0625 130.587493896484375 134.412506103515625 136.6062469482421875 137.3125 137.256256103515625 136.3125 133.5187530517578125 128.75
140.3937530517578125 133.962493896484375 129.8000030517578125 126.4562530517578125 123.78749847412109375 123.72499847412109375 123.78125 124.6437530517578125 127.59999847412109375 131.0124969482421875 133.868743896484375 134.100006103515625 133.1374969482421875 130.993743896484375 128.149993896484375 126 122.84375 120.09999847412109375 117.3562469482421875 114.65000152587890625 112.27500152587890625 111.75624847412109375 112.59375 112.86875152587890625 112.8874969482421875 112.6374969482421875 112.625 111.625 111.0124969482421875 110.6999969482421875 111.09375 111.6875 113.49375152587890625 115.5500030517578125 118.8625030517578125 123.9187469482421875 129.09375 134.1687469482421875 137.25 139.006256103515625 137.131256103515625 133.0124969482421875 129.4250030517578125 126.5
144.774993896484375 138.25 134.625 131.3874969482421875 129.056243896484375 129.149993896484375 130.1875 131.475006103515625 134.4499969482421875 137.5124969482421875 140.0749969482421875 139.7312469482421875 137.75 135.4250030517578125 132.3874969482421875 130.2312469482421875 126.66249847412109375 123.6687469482421875 120.77500152587890625 118.8249969482421875 116.4250030517578125 115.34375 114.9375 114.38124847412109375 113.993743896484375 113.1750030517578125 112.56874847412109375 111.22499847412109375 109.75624847412109375 108.28749847412109375 107.7624969482421875 108.4875030517578125 110.28125 112.71875 116.3000030517578125 120.74375152587890625 126.94374847412109375 133.8937530517578125 139.006256103515625 139.837493896484375 136.243743896484375 132.2375030517578125 129.162506103515625 126.6437530517578125
147.912506103515625 141.7312469482421875 138.4812469482421875 135.943756103515625 133.8625030517578125 134.600006103515625 135.9812469482421875 137.068756103515625 140.0749969482421875 143.7624969482421875 145.9812469482421875 144.837493896484375 142.4812469482421875 139.662506103515625 136.9812469482421875 133.681243896484375 130.15625 127.75 124.84375 122.71250152587890625 120.65625 118.8000030517578125 117.65625 116.3000030517578125 115.49375152587890625 114.90625 113.68125152587890625 111.56874847412109375 108.81874847412109375 105.94374847412109375 104.59375 104.3625030517578125 105.3000030517578125 107.50624847412109375 110.50624847412109375 115.50624847412109375 123 132.03125 139.225006103515625 140.037506103515625 135.774993896484375 131.6437530517578125 128.337493896484375 124.15625
150.4499969482421875 144.681243896484375 141.0187530517578125 139.131256103515625 137.7937469482421875 138.587493896484375 140.587493896484375 142.75 146.3000030517578125 149.5500030517578125 151.7062530517578125 149.7375030517578125 146.868743896484375 143.662506103515625 141.15625 137.649993896484375 133.1062469482421875 130.787506103515625 128.806243896484375 126.65625 124.43125152587890625 122.25624847412109375 120.58750152587890625 118.5124969482421875 117.40625 116.9499969482421875 115.71875 112.3562469482421875 107.28749847412109375 103.2062530517578125 101.03125 100.7375030517578125 100.4562530517578125 100.4250030517578125 102.0625 107.6750030517578125 117.2062530517578125 130.3937530517578125 143.375 141.056243896484375 134.3000030517578125 129.7062530517578125 125.2312469482421875 122.3562469482421875
151.2312469482421875 145.6875 142.3312530517578125 140.7624969482421875 139.65625 141.3249969482421875 143.3937530517578125 145.381256103515625 149.149993896484375 153.350006103515625 156.25 154.46875 151.212493896484375 148.1687469482421875 145.381256103515625 141.681243896484375 137.21875 133.125 132.5 130.5687408447265625 128.524993896484375 125.9187469482421875 123.50624847412109375 121.43125152587890625 120.1125030517578125 119.58750152587890625 119.0437469482421875 113.71250152587890625 106.3937530517578125 100.4562530517578125 97.02500152587890625 96.15000152587890625 96.52500152587890625 96.90000152587890625 96.22499847412109375 97.41249847412109375 110.6374969482421875 126.1125030517578125 136.712493896484375 137.4562530517578125 131.3249969482421875 126.80625152587890625 123.47499847412109375 121.1750030517578125
150.975006103515625 145.537506103515625 142.8625030517578125 141.5187530517578125 140.756256103515625 142.818756103515625 145.056243896484375 147.9499969482421875 152.318756103515625 157.006256103515625 159.681243896484375 157.625 155.274993896484375 152.9812469482421875 149.8000030517578125 145.8000030517578125 141.4499969482421875 137.381256103515625 134.71875 133.412506103515625 131.993743896484375 130.3249969482421875 125.8937530517578125 124.0500030517578125 123.0187530517578125 122.09375 120.34375 115.0437469482421875 106.90625 99.15625 93.625 94.9812469482421875 97.0124969482421875 96.9562530517578125 95.6062469482421875 98.38124847412109375 108.8562469482421875 120.3625030517578125 128.912506103515625 130.3625030517578125 126.88124847412109375 123.44374847412109375 120.91249847412109375 119.5
