data/historical-monthly-weather-data/wc2.1_cruts4.09_10m_prec_2016-06.asc
ncols        45
nrows        45
xllcorner    -63.500000000000
yllcorner    -7.500000000000
cellsize     0.166666666667
NODATA_value -9999
[rows 0 to 18 of 45, columns 0 to 43 of 45]
62.25 48.06874847412109375 47.018749237060546875 49.66249847412109375 52.72499847412109375 62.84999847412109375 72.9562530517578125 82.80625152587890625 93.3249969482421875 107.27500152587890625 122.75624847412109375 138.3249969482421875 154.462493896484375 168.8874969482421875 183.0124969482421875 198.100006103515625 210.649993896484375 219.837493896484375 227.78125 237.3312530517578125 246 246.181243896484375 247.3125 244.162506103515625 242.5625 241.899993896484375 243.1125030517578125 246.162506103515625 242.3625030517578125 238.568756103515625 229.6999969482421875 227.431243896484375 228.875 225.8125 223.2624969482421875 220.4499969482421875 216.8874969482421875 214.96875 208.0749969482421875 203.6437530517578125 202.3562469482421875 205.475006103515625 201.256256103515625 199.5500030517578125
59.012500762939453125 43.387500762939453125 40.981250762939453125 40.71250152587890625 42.137500762939453125 51.59999847412109375 61.518749237060546875 71.2687530517578125 84.6437530517578125 99.13124847412109375 113.9375 129.0749969482421875 141.78125 155.0124969482421875 168.0187530517578125 181.681243896484375 192.6062469482421875 200.9187469482421875 209.7312469482421875 221.287506103515625 227.84375 228.3937530517578125 231.1999969482421875 230.6437530517578125 229.149993896484375 227.556243896484375 229.2937469482421875 229.850006103515625 227.2375030517578125 220.306243896484375 216.399993896484375 219.0187530517578125 218.6875 218.1374969482421875 217.7687530517578125 211.681243896484375 209.212493896484375 205.962493896484375 199.7375030517578125 196.0875091552734375 197.368743896484375 191.6437530517578125 193.118743896484375 191.306243896484375
59.6875 45.924999237060546875 42.46250152587890625 40.24375152587890625 40.487499237060546875 49.47499847412109375 59.15000152587890625 70.1999969482421875 83.66249847412109375 97.7375030517578125 111.0187530517578125 123.84999847412109375 136.506256103515625 145.662506103515625 156.6875 168.28125 176.649993896484375 183.8562469482421875 191.462493896484375 199.712493896484375 206.3562469482421875 211.8937530517578125 214.2687530517578125 218.568756103515625 215.28125 213.462493896484375 219.1875 218.0625 212.8625030517578125 212.337493896484375 207.2312469482421875 206.46875 205.962493896484375 207.399993896484375 204.9250030517578125 195.3312530517578125 195.337493896484375 195.618743896484375 191.462493896484375 189.75 193.6437530517578125 191.1125030517578125 190.3937530517578125 187.618743896484375
60.681247711181640625 47.00624847412109375 43.78749847412109375 41.424999237060546875 40.106250762939453125 48.018749237060546875 57.78125 68.44374847412109375 82.40000152587890625 96.52500152587890625 108 118.75624847412109375 128.3874969482421875 135.975006103515625 146.306243896484375 156.3312530517578125 161.5437469482421875 167.899993896484375 173.912506103515625 185.931243896484375 190.743743896484375 191.756256103515625 196.0124969482421875 202.725006103515625 200.65625 200.3312530517578125 203.537506103515625 200.6999969482421875 199.975006103515625 200.6875 198.431243896484375 195.274993896484375 194.6687469482421875 191.443756103515625 189.4250030517578125 190.3874969482421875 191.1687469482421875 189.0749969482421875 185.6125030517578125 185.1687469482421875 188.537506103515625 190.993743896484375 190.306243896484375 187.1374969482421875
66.3874969482421875 52.0625 45.325000762939453125 42.487499237060546875 41.5 47.924999237060546875 56.9375 68.00624847412109375 82.81874847412109375 96.7687530517578125 107.3125 113.6750030517578125 122.03749847412109375 129.3312530517578125 136.818756103515625 144.943756103515625 150.712493896484375 152.162506103515625 156.193756103515625 164.6687469482421875 169.1750030517578125 173.5187530517578125 178.931243896484375 185.0812530517578125 184.6687469482421875 186.5625 187.4812469482421875 190.524993896484375 190.7312469482421875 187.931243896484375 189.1062469482421875 189.006256103515625 186.6687469482421875 185.493743896484375 186.818756103515625 183.506256103515625 183.8249969482421875 185.03125 181.274993896484375 179.7375030517578125 184.493743896484375 187.318756103515625 188.9187469482421875 190.0500030517578125
69.5124969482421875 57.375 51.11875152587890625 45.456249237060546875 45.512500762939453125 53.731250762939453125 61.799999237060546875 71.72499847412109375 86.9187469482421875 100.7312469482421875 108.2062530517578125 113.6999969482421875 121.11875152587890625 127.3000030517578125 131.8625030517578125 138.03125 141.3125 141.5749969482421875 145.993743896484375 151.306243896484375 157.9499969482421875 162.131256103515625 166.8312530517578125 169.4375 173.40625 176.9187469482421875 176.3937530517578125 179.5187530517578125 180.712493896484375 179.0625 182.9562530517578125 183.962493896484375 185.15625 182.8937530517578125 179.9124908447265625 183.631256103515625 181.118743896484375 176.1374969482421875 178.0124969482421875 183.9625091552734375 185.850006103515625 191.2375030517578125 191.375 192.618743896484375
74.34375 62.5 56.924999237060546875 52.512500762939453125 49.762500762939453125 55.30625152587890625 62.63124847412109375 73.46250152587890625 84.78125 96.74375152587890625 105.25 111.0749969482421875 119.0749969482421875 125.7062530517578125 129.2937469482421875 133.131256103515625 136.5124969482421875 135.7937469482421875 135.3562469482421875 139.8000030517578125 142.6125030517578125 147.7624969482421875 151.8874969482421875 157.587493896484375 165.712493896484375 169.78125 168.9812469482421875 169.962493896484375 171.181243896484375 176.787506103515625 176.3937530517578125 175.056243896484375 175.09375 177.65625 181.006256103515625 179.96875 173.837493896484375 172.6374969482421875 174.5500030517578125 182.5124969482421875 185.4250030517578125 189.712493896484375 193.899993896484375 196.34375
78.21875 66.1125030517578125 61.28125 58.862499237060546875 56.487499237060546875 62.69374847412109375 66.6062469482421875 70.8874969482421875 77.34999847412109375 88.91249847412109375 99.36875152587890625 107.68125152587890625 116.1750030517578125 122.2062530517578125 127.2375030517578125 129.8937530517578125 129.75 128.6875 126.91249847412109375 126.02500152587890625 136.0500030517578125 139.4499969482421875 142.868743896484375 148.3312530517578125 156.506256103515625 159.131256103515625 159.787506103515625 160.9562530517578125 162.6687469482421875 164.556243896484375 171.8937530517578125 170.84375 172.181243896484375 173.2687530517578125 171.6750030517578125 170.1125030517578125 168.149993896484375 167.40625 166.4812469482421875 170.2562408447265625 176.5749969482421875 185.537506103515625 186.212493896484375 185.9499969482421875
81.16249847412109375 70.8249969482421875 65.59999847412109375 62.80625152587890625 61.28125 65.5500030517578125 71.40625 76.7062530517578125 79.97499847412109375 85.11875152587890625 93.3562469482421875 102.8000030517578125 114.2062530517578125 120.78749847412109375 124.47499847412109375 124.625 127.6687469482421875 128.4875030517578125 128.524993896484375 125.8937530517578125 127.06874847412109375 136.25 136.3125 145.881256103515625 150.1062469482421875 153.6125030517578125 154.8187408447265625 158.287506103515625 164.1999969482421875 166.1125030517578125 174.6125030517578125 167.28125 161.6437530517578125 160.6875 163.818756103515625 168.5437469482421875 169.712493896484375 171.412506103515625 170.943756103515625 170.881256103515625 172.912506103515625 174.631256103515625 183.6875 183.84375
84.0625 75.03125 70.34375 67.72499847412109375 66.15625 69.6999969482421875 74.59375 78.125 84.13124847412109375 89.74375152587890625 94.9250030517578125 98.9499969482421875 110.96875 119.06874847412109375 122.13124847412109375 122.90000152587890625 122.74375152587890625 127.9250030517578125 129.3000030517578125 130.0187530517578125 128.9812469482421875 131.600006103515625 130.350006103515625 137.100006103515625 139.975006103515625 146.46875 149.087493896484375 151.5437469482421875 154.75 161.7624969482421875 168.3562469482421875 165.625 164.287506103515625 163.837493896484375 162.3312530517578125 164.587493896484375 168.2375030517578125 172.34375 174.875 181.3125 186.7312469482421875 188.6062469482421875 184.03125 176.90625
88.00624847412109375 79.1374969482421875 74.69374847412109375 71.7624969482421875 69.6437530517578125 73.69374847412109375 76.33750152587890625 79.47499847412109375 86.2312469482421875 92.66249847412109375 98.91249847412109375 103.0749969482421875 108.46875 116.31874847412109375 117.75 118.21250152587890625 117.9812469482421875 120.58750152587890625 125.4187469482421875 131.2687530517578125 138.2062530517578125 137.212493896484375 130.7375030517578125 124.09999847412109375 132.118743896484375 145.5500030517578125 150.2312469482421875 150.318756103515625 150.6687469482421875 156.1125030517578125 162.306243896484375 163.381256103515625 164.024993896484375 164.399993896484375 164.21875 162.943756103515625 166.5437469482421875 168.6125030517578125 178.5625 183.34375 187.78125 186.8125 187.2375030517578125 174.600006103515625
90.66249847412109375 82.9375 79.875 75.96875 74.1437530517578125 76.6374969482421875 80.91249847412109375 84.44374847412109375 90.5812530517578125 94.25 101.34999847412109375 105.31874847412109375 104.4375 110.40000152587890625 114.97499847412109375 115.09375 115.125 119.1750030517578125 125.8125 137 145.25 146.068756103515625 138.5124969482421875 127.71250152587890625 130.381256103515625 136.774993896484375 139.75 144.2624969482421875 149.6875 153.350006103515625 153.149993896484375 158.5749969482421875 160.40625 157.8874969482421875 160.8937530517578125 165.506256103515625 171.774993896484375 175.6374969482421875 176.4875030517578125 186.162506103515625 191.375 189.1437530517578125 176.4812469482421875 154.78125
94.9562530517578125 87.1437530517578125 83.56874847412109375 79.82500457763671875 78.5437469482421875 79.9499969482421875 83.2312469482421875 86.6750030517578125 91.23749542236328125 96.19374847412109375 101.8874969482421875 105.3625030517578125 106.2624969482421875 103.18125152587890625 105.3312530517578125 108.3562469482421875 110.09999847412109375 116.1437530517578125 119.1374969482421875 129.1875 139.9187469482421875 141.7062530517578125 138.1999969482421875 130.6687469482421875 124.69374847412109375 128.4562530517578125 135.524993896484375 142.2375030517578125 149.9499969482421875 156.4312591552734375 155 154.3874969482421875 159.1687469482421875 154.625 156.600006103515625 163.6875 174.9375 182.5500030517578125 195.068756103515625 198.5124969482421875 194.3125 188.8625030517578125 167.5625 150.1687469482421875
98.38124847412109375 91.25 87.21875 83.84999847412109375 81.1437530517578125 82.96875 85.03125 88.81874847412109375 93.9812469482421875 97.65625 102.1062469482421875 101.8874969482421875 102.375 100.66249847412109375 96.21875 101.4187469482421875 102.9875030517578125 107.3937530517578125 112.2312469482421875 120.7937469482421875 129.8000030517578125 132.3312530517578125 131.225006103515625 129.931243896484375 128.037506103515625 127.4875030517578125 131.1374969482421875 136.181243896484375 143.412506103515625 148.8249969482421875 153.8312530517578125 155.4875030517578125 156.4250030517578125 157.4187469482421875 155.1687469482421875 169.287506103515625 186.125 200.2687530517578125 213.5500030517578125 212.443756103515625 190.2062530517578125 176.068756103515625 172.59375 175.818756103515625
100.88124847412109375 94.41249847412109375 91.63124847412109375 88.97499847412109375 86.05625152587890625 87.46875 89.91249847412109375 92.24375152587890625 95.73125457763671875 98.78125 100.8937530517578125 100.4187469482421875 99.6875 96.5 90.84999847412109375 94.7687530517578125 97.41249847412109375 103.9499969482421875 106.3625030517578125 113.22499847412109375 122.6062469482421875 126.33750152587890625 129.306243896484375 131.5437469482421875 135.40625 136.6374969482421875 141.0500030517578125 145.3562469482421875 153.975006103515625 153.649993896484375 151.8312530517578125 156.4875030517578125 163.5749969482421875 158.1125030517578125 150.78125 157.3249969482421875 184.649993896484375 213.0749969482421875 222.662506103515625 215.462493896484375 205.3937530517578125 199.912506103515625 202.6437530517578125 190.78125
104.43125152587890625 97.36875152587890625 94.8312530517578125 91.3937530517578125 90.36875152587890625 92.0187530517578125 93.52500152587890625 94.6875 98.16249847412109375 101.75 102.46250152587890625 100.7375030517578125 99.4250030517578125 96.0812530517578125 91.83750152587890625 85.7062530517578125 90.5 98.90000152587890625 101.6062469482421875 107.74375152587890625 115.5124969482421875 121.00624847412109375 127.34999847412109375 134.3937530517578125 139.568756103515625 142.087493896484375 144.806243896484375 151.274993896484375 157.587493896484375 164.006256103515625 164.818756103515625 163.2249908447265625 155.837493896484375 147.8125 141.71875 168.274993896484375 183.6875 205.1875 222.4250030517578125 230.6687469482421875 233.1437530517578125 228.381256103515625 215.65625 195.243743896484375
106.8000030517578125 100.9499969482421875 97.3874969482421875 95.8312530517578125 94.6125030517578125 96.53749847412109375 97.75 99.13124847412109375 99.09999847412109375 100.2624969482421875 101.875 100.71250152587890625 97.375 93.99375152587890625 93.4875030517578125 88.4812469482421875 81.9187469482421875 88.94374847412109375 95.80625152587890625 100.8249969482421875 106.6875 114.90000152587890625 122.1125030517578125 134.3125 140.306243896484375 139.006256103515625 142.5124969482421875 148.7062530517578125 160.8562469482421875 168.7624969482421875 174.0812530517578125 176.8000030517578125 169.0625 166.7624969482421875 176.4499969482421875 189.274993896484375 209.65625 228.256256103515625 244.681243896484375 238.9375 240.71875 228.3249969482421875 208 193.7375030517578125
108.7375030517578125 103.83750152587890625 102.40000152587890625 101.0749969482421875 100.2937469482421875 102.78749847412109375 102.7937469482421875 102.9875030517578125 101.6875 99.65000152587890625 98.6437530517578125 99.18125152587890625 95.4562530517578125 92.94374847412109375 93.8874969482421875 91.2375030517578125 85.00624847412109375 80.03125 91.90625 93.5437469482421875 98.94374847412109375 106.7062530517578125 117.80625152587890625 128.850006103515625 138.1125030517578125 137.368743896484375 138.5124969482421875 151.1125030517578125 162.4875030517578125 166.662506103515625 163.8625030517578125 161.3874969482421875 183.21875 187.5437469482421875 191.524993896484375 226.693756103515625 244.181243896484375 242.899993896484375 248.1062469482421875 245.431243896484375 226.1374969482421875 209.087493896484375 193 183.524993896484375
110.7312469482421875 107.7687530517578125 106.63124847412109375 106.11875152587890625 106.0437469482421875 106.43125152587890625 106.3562469482421875 105.4499969482421875 104.03125 101.9562530517578125 99.0625 94.84375 92.3000030517578125 91.30625152587890625 90.65625 89.5124969482421875 89.2375030517578125 82.2312469482421875 81.1875 84.17499542236328125 92.8625030517578125 103.8937530517578125 104.08750152587890625 118.0124969482421875 127.30625152587890625 137.7312469482421875 144.774993896484375 150.006256103515625 164.6999969482421875 168.3937530517578125 168.212493896484375 174.412506103515625 186.537506103515625 188.9812469482421875 200.962493896484375 227.625 236.0749969482421875 232.9187469482421875 236.1125030517578125 226.2062530517578125 209.4499969482421875 188.3000030517578125 179.7624969482421875 175.9250030517578125
