data/historical-monthly-weather-data/wc2.1_cruts4.09_10m_prec_2020-08.asc
ncols        51
nrows        45
xllcorner    -63.500000000000
yllcorner    -7.500000000000
cellsize     0.166666666667
NODATA_value -9999
[rows 0 to 18 of 45, columns 0 to 42 of 51]
104.72499847412109375 107.1374969482421875 109.3312530517578125 114.3874969482421875 120.28749847412109375 127.4375 131.1437530517578125 136.306243896484375 141.09375 144.2687530517578125 143.1750030517578125 144.506256103515625 147.556243896484375 147.75 149.381256103515625 147.818756103515625 148.21875 147.662506103515625 146.712493896484375 149.149993896484375 148.40625 145.3562469482421875 142.556243896484375 139.431243896484375 134.9499969482421875 130.8562469482421875 129.787506103515625 130.337493896484375 124.9812469482421875 123.71250152587890625 118.31874847412109375 117.1062469482421875 116.5500030517578125 113.6875 111.96250152587890625 109.33750152587890625 105.22499847412109375 102.3249969482421875 99.16249847412109375 94.78125 90.8000030517578125 87.7624969482421875 82.53125
97.51874542236328125 98.97499847412109375 103.44374847412109375 108.7624969482421875 115.4499969482421875 121.11875152587890625 122.6374969482421875 126.71250152587890625 131.5812530517578125 134.3562469482421875 134.587493896484375 136.96875 137.0187530517578125 135.875 136.4875030517578125 138.024993896484375 137.15625 137.3562469482421875 138.274993896484375 140.287506103515625 139.03125 135.725006103515625 132.850006103515625 130.7375030517578125 126.03125 120.91249847412109375 121.88124847412109375 120.9375 116.3312530517578125 114.1687469482421875 112.4375 110.875 110.58750152587890625 110.63124847412109375 108.8937530517578125 104.9187469482421875 98.5187530517578125 96.4812469482421875 91.65625 86.59999847412109375 83.8249969482421875 79.1125030517578125 74.6374969482421875
88.65000152587890625 91.5500030517578125 96.53125 102.71875 108.9875030517578125 113.38124847412109375 115.90625 118.78749847412109375 121.52500152587890625 123.3249969482421875 125.09999847412109375 127.125 126.75 124.19374847412109375 124.49375152587890625 125.44374847412109375 125.7312469482421875 125.30625152587890625 125.4562530517578125 124.9187469482421875 124.65000152587890625 123.59999847412109375 120.9875030517578125 119.8312530517578125 114.33750152587890625 110.9375 112.91249847412109375 110.65000152587890625 106.78125 106.1687469482421875 103.75 102.8000030517578125 103.0812530517578125 104.1875 101.81874847412109375 95.61875152587890625 90.88124847412109375 88.3125 82.80625152587890625 78.7312469482421875 76.3874969482421875 72.1062469482421875 68.40625
80.6750030517578125 82.43125152587890625 88.3249969482421875 94.71250152587890625 99.56874847412109375 102.9812469482421875 105.90625 108.66249847412109375 112.74375152587890625 114.1750030517578125 114.09999847412109375 114.5187530517578125 114.68125152587890625 112.53125 112.83750152587890625 113.38124847412109375 114.3249969482421875 113.90000152587890625 113.50624847412109375 115.41249847412109375 113.96250152587890625 111.2375030517578125 108.3312530517578125 107.53125 103.53749847412109375 100.3562469482421875 101.59375 97.90000152587890625 95.5 95.8249969482421875 94.86249542236328125 93.3562469482421875 92.3625030517578125 92.1374969482421875 90.9499969482421875 86.80625152587890625 84.375 80.68125152587890625 74.30625152587890625 71.19374847412109375 67.5187530517578125 64.80625152587890625 60.84999847412109375
80.69374847412109375 80.18125152587890625 80.7062530517578125 84.875 90.7062530517578125 93.25 95.0625 99.40625 104.28749847412109375 105.50624847412109375 104.15625 103.71250152587890625 103.58750152587890625 102.59375 102.5 103.4875030517578125 103.5187530517578125 101.90000152587890625 100.9250030517578125 102.7937469482421875 103.43125152587890625 99.2687530517578125 96.9812469482421875 97.6374969482421875 93.0625 89.69374847412109375 88.90625 88.59999847412109375 86.7687530517578125 85.46250152587890625 86.8312530517578125 85.1999969482421875 85.30625152587890625 85.7937469482421875 84.88124847412109375 79.8125 76.00624847412109375 72.59999847412109375 66.5 62.075000762939453125 59.81874847412109375 56.84999847412109375 54.05625152587890625
78.46250152587890625 77.8125 77.34375 76.3874969482421875 81.2375030517578125 87.1374969482421875 89.84375 92.46875 97.22499847412109375 98.3000030517578125 95.5625 95.19374847412109375 95.88124847412109375 95.59375 95.1999969482421875 96.09999847412109375 94.9562530517578125 91.90625 91.4499969482421875 92.3937530517578125 92.86875152587890625 91.05625152587890625 89.4375 86.77500152587890625 84.6062469482421875 82.33750152587890625 81.625 80.69374847412109375 79.7687530517578125 77.81874847412109375 78.66249847412109375 78.9562530517578125 77.9375 78.71250152587890625 76.875 73.93125152587890625 69.59999847412109375 65.1125030517578125 60.21875 56.78125 52.88124847412109375 50.5 47.875
76.7375030517578125 76.83750152587890625 76.6374969482421875 76.27500152587890625 78.0187530517578125 80.0437469482421875 82.11249542236328125 84.2624969482421875 84.5625 85.875 85.625 86.59375 88.875 89.1687469482421875 89.65625 90.0500030517578125 88.65625 85.61875152587890625 83.34375 84.11875152587890625 83.8125 83.0124969482421875 81.75624847412109375 80.03125 77.72499847412109375 76.18125152587890625 75.24375152587890625 73.77500152587890625 71.375 71.4562530517578125 71.3249969482421875 70.6750030517578125 71.13124847412109375 71.71250152587890625 70.6875 67.24375152587890625 62.6875 58.924999237060546875 54.72499847412109375 51.21875 47.018749237060546875 44.55625152587890625 42.331249237060546875
75.61875152587890625 74.86875152587890625 76.09375 76.72499847412109375 79.02500152587890625 80.7312469482421875 78.6687469482421875 74.0187530517578125 71.66249847412109375 73.08750152587890625 76.75 78.9875030517578125 81.3625030517578125 82.6875 83.65625 83.6437530517578125 82.83750152587890625 79.47499847412109375 76.34999847412109375 75.6125030517578125 76.28125 75.97499847412109375 74.18125152587890625 72.4250030517578125 71.65625 69.41249847412109375 68 66.9812469482421875 65.39374542236328125 63.84999847412109375 64.84375 64.06874847412109375 63.66249847412109375 64.78749847412109375 63 59.65625 55.8125 52.125 47.549999237060546875 43.418750762939453125 39.8125 37.8125 35.59999847412109375
75.1750030517578125 74.625 76.31874847412109375 76.375 77.78749847412109375 78.13124847412109375 76.8562469482421875 73.4812469482421875 68.1999969482421875 66.3312530517578125 69.19374847412109375 72.13124847412109375 76.88750457763671875 78.59375 78.6437530517578125 77.8249969482421875 77.75624847412109375 75.28749847412109375 74.15000152587890625 71.77500152587890625 71.46875 71.6062469482421875 69.63124847412109375 69.83750152587890625 68.3312530517578125 65.1437530517578125 62.34999847412109375 62.075000762939453125 60.700000762939453125 59.193752288818359375 59.83750152587890625 57.893749237060546875 56.63124847412109375 55.831249237060546875 55.03749847412109375 53.325000762939453125 50.65625 47.66249847412109375 42.84999847412109375 38.68125152587890625 34.793750762939453125 32.0625 29.381250381469726562
74.24375152587890625 73.84375 74.8937530517578125 75.8937530517578125 77.15625 77.28125 77.44374847412109375 74.15625 70.0437469482421875 69.31874847412109375 69.69374847412109375 70.1999969482421875 74.3249969482421875 76.53125 74.72499847412109375 73.375 71.7375030517578125 71.06874847412109375 70.28125 69.3000030517578125 68.875 67.5124969482421875 65.3625030517578125 65.3000030517578125 63.36875152587890625 60.22499847412109375 57.74375152587890625 56.71250152587890625 54.58750152587890625 52.9375 51.94374847412109375 50.549999237060546875 50.8125 51.012500762939453125 50.950000762939453125 49.18125152587890625 46.331249237060546875 43.325000762939453125 39.200000762939453125 34.9375 30.743749618530273438 27.4375 24.34375
74.7624969482421875 74.15625 74.2312469482421875 74.83750152587890625 76.5500030517578125 78.05625152587890625 78.09999847412109375 74.0124969482421875 70.8937530517578125 69.3562469482421875 70.25 70.8562469482421875 72.5625 73.53125 70.1125030517578125 67.22499847412109375 65.4812469482421875 65.8562469482421875 65.5749969482421875 65.9250030517578125 67.5187530517578125 66.1125030517578125 63.47499847412109375 61.09375 60.487499237060546875 57.61875152587890625 55.262500762939453125 53.012500762939453125 49.58750152587890625 47.19374847412109375 46.77500152587890625 45.69374847412109375 46.78749847412109375 47.31874847412109375 46.5625 44.47499847412109375 41.856250762939453125 39.58750152587890625 35.231250762939453125 30.75 26.450000762939453125 23.293750762939453125 20.5625
75.21875 74.77500152587890625 74.7375030517578125 75.77500152587890625 77.63124847412109375 79.18125152587890625 79.8312530517578125 76.77500152587890625 73.3562469482421875 71.3625030517578125 71.2624969482421875 70.7062530517578125 69.7312469482421875 68.1374969482421875 66.8874969482421875 64.02500152587890625 61.80625152587890625 61.325000762939453125 62.075000762939453125 63.762500762939453125 65.6437530517578125 64.6437530517578125 62.512500762939453125 60.53749847412109375 58.231250762939453125 52.6875 50.00624847412109375 48.262500762939453125 45.43125152587890625 43.59375 42.53125 42.424999237060546875 42.44374847412109375 42.83750152587890625 43 41.674999237060546875 39.375 36.65000152587890625 31.681249618530273438 26.787500381469726562 23.037500381469726562 20.162500381469726562 17.456249237060546875
75.15000152587890625 73.7375030517578125 74.0749969482421875 74.22499847412109375 76.5 77.49375152587890625 76.61875152587890625 75.09375 72.2375030517578125 71.0500030517578125 70.9187469482421875 69.625 66.71875 62.71875 60.125 58.4375 56.18125152587890625 56.94374847412109375 57.71250152587890625 58.549999237060546875 60.918750762939453125 60.575000762939453125 59.018749237060546875 55.549999237060546875 50.575000762939453125 46.137500762939453125 45.15625 43.86875152587890625 42.72499847412109375 41.21250152587890625 39.74375152587890625 38.987499237060546875 39.78749847412109375 39.125 39.606250762939453125 39.206249237060546875 38.543750762939453125 35.59999847412109375 31.09375 25.3125 20.174999237060546875 17.987499237060546875 15.268750190734863281
74.5625 72.24375152587890625 71.9562530517578125 72.91249847412109375 74.1062469482421875 74.30625152587890625 73.6687469482421875 73.3000030517578125 70.78749847412109375 69.8312530517578125 68.75 65.3874969482421875 62.15000152587890625 57.956249237060546875 52.9375 52.206249237060546875 50.950000762939453125 51.575000762939453125 50.96875 51.424999237060546875 53.71875 53.625 52.46875 50.09999847412109375 46.53125 43.418750762939453125 42.33750152587890625 41.325000762939453125 40.22499847412109375 39.21250152587890625 38.325000762939453125 36.80625152587890625 37.237499237060546875 37.08750152587890625 38.412502288818359375 39.02500152587890625 38.5 37.262500762939453125 33.018749237060546875 26.462499618530273438 19.231250762939453125 15.674999237060546875 13.912500381469726562
74.2312469482421875 72.5812530517578125 71.52500152587890625 71.38124847412109375 72.5625 72.55625152587890625 71.8312530517578125 70.625 67.8562469482421875 66.49375152587890625 63.862499237060546875 60.86875152587890625 57.27500152587890625 52.46875 47.69374847412109375 45.50624847412109375 44.50624847412109375 44.331249237060546875 44.34999847412109375 45.206249237060546875 47.3249969482421875 47.88124847412109375 47.625 47.043750762939453125 45.52500152587890625 43.84999847412109375 42.231250762939453125 40.63124847412109375 38.96250152587890625 37.793750762939453125 36.393749237060546875 35.512500762939453125 36.05625152587890625 36.80625152587890625 37.5 38.075000762939453125 38.46250152587890625 39.5 36 28.481250762939453125 22.4375 18.537500381469726562 16.512500762939453125
72.8312530517578125 71.5437469482421875 70.96875 70.6374969482421875 70.83750152587890625 71.38124847412109375 70.8125 68.40000152587890625 65.52500152587890625 63.143749237060546875 60.1875 56.09999847412109375 51.762500762939453125 47.27500152587890625 43.24375152587890625 39.331249237060546875 38.28749847412109375 38.356250762939453125 38.387500762939453125 39.5 41.38124847412109375 42.8874969482421875 44.356250762939453125 45.612499237060546875 45.41249847412109375 44.0625 42.487499237060546875 40.112499237060546875 38.06874847412109375 37.08750152587890625 36.28749847412109375 35.31874847412109375 35.299999237060546875 36.06874847412109375 37.3125 39.887500762939453125 40.66249847412109375 40.80625152587890625 37.96875 32.375 26.931249618530273438 22.481250762939453125 18.8125
73 71.7687530517578125 70.59375 70.375 69.4812469482421875 70.1750030517578125 70.09375 68.3125 63.893749237060546875 61.03125 57.625 52.450000762939453125 47.875 43.30625152587890625 39.418750762939453125 35.83750152587890625 32.549999237060546875 32.206249237060546875 33.1875 34.66249847412109375 35.84375 38.262500762939453125 41.174999237060546875 44.668750762939453125 46.02500152587890625 44.549999237060546875 41.706249237060546875 39.36875152587890625 36.74375152587890625 35.450000762939453125 35.41249847412109375 35.78749847412109375 36.72499847412109375 38.00624847412109375 43.25 44.90000152587890625 44.606250762939453125 45.018749237060546875 42.956249237060546875 35.47499847412109375 28.78125 23.606250762939453125 19.318750381469726562
72.34999847412109375 71.8125 71.13124847412109375 71.25624847412109375 70.3874969482421875 70.8000030517578125 69.11875152587890625 67.22499847412109375 62.53125 58.46250152587890625 54.52500152587890625 49.75624847412109375 44.262500762939453125 39.40000152587890625 35.825000762939453125 32.40000152587890625 29.243749618530273438 27.131250381469726562 28.675001144409179688 29.362499237060546875 31.231250762939453125 33.831249237060546875 37.700000762939453125 41.46875 44.325000762939453125 43.93125152587890625 41.987499237060546875 39.375 36.21875 34.4375 32.77500152587890625 32.61875152587890625 37.81874847412109375 43.61875152587890625 47.33750152587890625 49.168750762939453125 49.34999847412109375 47.674999237060546875 43.09999847412109375 36.36875152587890625 28.149999618530273438 23.28125 19.262500762939453125
71.50624847412109375 71.28125 71.1999969482421875 71.6125030517578125 71.66249847412109375 70.93125152587890625 69.4250030517578125 66.8000030517578125 62.86875152587890625 58.481250762939453125 53.456249237060546875 46.893749237060546875 41.700000762939453125 37.15000152587890625 32.9375 30.09375 26.975000381469726562 24.450000762939453125 24.21875 25.299999237060546875 28.674999237060546875 34.24375152587890625 33.21875 37.38124847412109375 40.575000762939453125 42.731250762939453125 41.956249237060546875 39.081249237060546875 36.956249237060546875 33.69374847412109375 31.681249618530273438 33.512500762939453125 39.450000762939453125 44.174999237060546875 48.43125152587890625 49.75 47.606250762939453125 43.612499237060546875 39.59375 33.05625152587890625 26.78125 22.274999618530273438 18.512500762939453125
