data/historical-monthly-weather-data/wc2.1_cruts4.09_10m_prec_1951-05.asc
ncols        51
nrows        45
xllcorner    -63.500000000000
yllcorner    -7.500000000000
cellsize     0.166666666667
NODATA_value -9999
[rows 0 to 18 of 45, columns 0 to 43 of 51]
316.53125 312.443756103515625 312.09375 318.09375 321.524993896484375 324.287506103515625 323.087493896484375 323.89373779296875 324.36248779296875 327.54376220703125 328.60626220703125 325.875 324.9375 324.662506103515625 322.59375 322.41876220703125 320.912506103515625 317.850006103515625 317.48748779296875 319.631256103515625 321.71875 323.287506103515625 328.524993896484375 329.512481689453125 331.98126220703125 336.3125 338.131256103515625 341.712493896484375 342.587493896484375 346.54998779296875 346.006256103515625 348.26251220703125 352.356231689453125 354.75 357.20623779296875 361.10626220703125 363.36248779296875 362.29376220703125 360.41876220703125 360.318756103515625 357.36248779296875 355.95623779296875 351.506256103515625 351.743743896484375
313.412506103515625 307.412506103515625 310.21875 317.34375 324.631256103515625 328.318756103515625 327.181243896484375 328.256256103515625 330.53125 330.631256103515625 331.556243896484375 328.162506103515625 324.600006103515625 321.51873779296875 317.51873779296875 314.25 311.131256103515625 307.33123779296875 308.962493896484375 311.67498779296875 314.100006103515625 317.306243896484375 320.54998779296875 324.493743896484375 326.881256103515625 329.306243896484375 333.76251220703125 337.756256103515625 340.5 342.35626220703125 342.15625 348.08123779296875 349.818756103515625 354.962493896484375 356.993743896484375 355.66876220703125 359.57501220703125 359.01251220703125 359.23126220703125 353.35626220703125 349.89373779296875 352.38751220703125 347.943756103515625 342.85626220703125
304.65625 301.912506103515625 307.375 313.350006103515625 318.61248779296875 323.693756103515625 327.0625 331.5 334.649993896484375 334.818756103515625 334.087493896484375 328.28125 322.08123779296875 314.70623779296875 309.818756103515625 306.58123779296875 301.225006103515625 295.98126220703125 296.587493896484375 299.40625 302.26251220703125 307.71875 311.64373779296875 315.13751220703125 317.89373779296875 323.53125 330.087493896484375 333.149993896484375 334.39373779296875 336.356231689453125 336.962493896484375 340.787506103515625 346.51873779296875 349.100006103515625 353.13751220703125 351.068756103515625 353.07501220703125 353.73748779296875 352.01251220703125 348.82501220703125 348.51873779296875 345.16876220703125 343.375 338.70001220703125
291.84375 287.84375 298.95623779296875 304.475006103515625 310.23126220703125 315.15625 320.681243896484375 328.76251220703125 336.8125 338.63751220703125 334.787506103515625 326.70001220703125 316.01251220703125 306.96875 300.95001220703125 295.681243896484375 288.82501220703125 283.818756103515625 283.506256103515625 288.125 295.625 299.84375 302.5 307.20623779296875 310.693756103515625 314.850006103515625 322.42498779296875 324.056243896484375 325.63751220703125 330.71875 332.51251220703125 336.01873779296875 339.4375 341.09375 342.024993896484375 346.087493896484375 349.64373779296875 350.024993896484375 348.96875 346.912506103515625 344.556243896484375 344.8125 338.556243896484375 332.875
297.225006103515625 290.11248779296875 285.943756103515625 290.787506103515625 298.5625 303.26251220703125 311.17498779296875 321.88751220703125 334.868743896484375 340.837493896484375 332.48748779296875 318.98126220703125 309.6875 300.71875 293.625 286.26873779296875 277.868743896484375 272.975006103515625 272.07501220703125 277.70001220703125 285.556243896484375 289.3125 291.225006103515625 299.70623779296875 302.431243896484375 306.881256103515625 309.368743896484375 315.16876220703125 318.5625 322.46875 326.681243896484375 328.631256103515625 330.79376220703125 335.53125 338.29376220703125 339.693756103515625 344.725006103515625 347.86248779296875 348.162506103515625 345.537506103515625 344.98748779296875 340.70001220703125 335.07501220703125 331.318756103515625
296.181243896484375 289.79376220703125 283.95623779296875 276.73126220703125 284.818756103515625 294.3125 302.300018310546875 310.48748779296875 324.32501220703125 332.068756103515625 325.631256103515625 311.14373779296875 304.54998779296875 297.70623779296875 288.51251220703125 283.725006103515625 274 267.42498779296875 267.01873779296875 273.181243896484375 279.068756103515625 284.212493896484375 289.037506103515625 292.29376220703125 296.25 300.63751220703125 303.774993896484375 307.42498779296875 312.63751220703125 317.45623779296875 321.85626220703125 326 327.98126220703125 331.78125 333.975006103515625 337.412506103515625 340.85626220703125 343.537506103515625 348.21875 346.225006103515625 342.39373779296875 338.899993896484375 332.26251220703125 327.975006103515625
297.318756103515625 289.493743896484375 282.89373779296875 276.35626220703125 275.16876220703125 278.662506103515625 285.14373779296875 292.34375 295.225006103515625 303.125 304.29998779296875 298.39373779296875 295.850006103515625 292.181243896484375 285.95623779296875 280.14373779296875 275.28125 270.76873779296875 268.475006103515625 273.51251220703125 276.45001220703125 279.287506103515625 280.51251220703125 285.91876220703125 291.181243896484375 298.056243896484375 299.67498779296875 302.46875 304.26873779296875 309.91876220703125 315.60626220703125 317.91876220703125 318.83123779296875 322.600006103515625 326.381256103515625 332.024993896484375 334.449981689453125 337.506256103515625 342.98126220703125 344.368743896484375 339.15625 332.91876220703125 326.568756103515625 324.100006103515625
297.274993896484375 288.51873779296875 281.493743896484375 277.131256103515625 275.212493896484375 277.931243896484375 274.71875 266.087493896484375 260.23748779296875 270.100006103515625 282.506256103515625 285.34375 288.925018310546875 287.35626220703125 283.83123779296875 280.96875 277.11248779296875 274.86248779296875 272.16876220703125 271.618743896484375 276.125 276.65625 277.42498779296875 278.837493896484375 285.743743896484375 287.10626220703125 292.100006103515625 293.63751220703125 296.04998779296875 301.96875 307.45623779296875 309.8125 312.35626220703125 313.54998779296875 314.60626220703125 318.71875 323.287506103515625 328.850006103515625 331.412506103515625 328.475006103515625 327.82501220703125 322.42498779296875 317.899993896484375 312.618743896484375
296.725006103515625 288.212493896484375 282.90625 277.21875 273.725006103515625 274.006256103515625 270.26251220703125 263.3125 251.993743896484375 250.524993896484375 263.21875 273.524993896484375 283.23748779296875 283.71875 281.48126220703125 280.89373779296875 278.712493896484375 278.66876220703125 279.318756103515625 273.39373779296875 270.82501220703125 273.931243896484375 270.53125 278.006256103515625 279 279.0625 280.64373779296875 285.9375 292.29376220703125 296.03125 303.162506103515625 303.91876220703125 300.4375 298.806243896484375 302.131256103515625 307.51251220703125 313.006256103515625 319.068756103515625 323.73126220703125 319.681243896484375 315.36248779296875 309.95623779296875 308.91876220703125 307.631256103515625
295.087493896484375 288.412506103515625 283.35626220703125 279.125 272.875 272.79998779296875 270.26873779296875 265.506256103515625 261.0625 261.962493896484375 267.82501220703125 269.837493896484375 280.8125 281.89373779296875 281.86248779296875 279.056243896484375 276.92498779296875 277.26251220703125 279.149993896484375 278.23748779296875 272.76251220703125 268.225006103515625 265.524993896484375 270.20001220703125 268.743743896484375 268.86248779296875 270.16876220703125 275.368743896484375 283.493743896484375 290.78125 293.306243896484375 292.45623779296875 292.13751220703125 291.38751220703125 291.287506103515625 295.962493896484375 300.399993896484375 307.04998779296875 312.087493896484375 314.0625 314.306243896484375 312.412506103515625 303.756256103515625 296.4375
293.318756103515625 288.506256103515625 282.73748779296875 279.0625 273.043731689453125 273.975006103515625 272.54998779296875 266.899993896484375 264.89373779296875 268.60626220703125 275.006256103515625 279.962493896484375 279.037506103515625 281.98748779296875 279.21875 275.34375 273.3125 274.943756103515625 276.65625 279.006256103515625 281.96875 272.90625 264.537506103515625 254.4499969482421875 259.375 263.256256103515625 264.618743896484375 269.181243896484375 272.90625 276.73748779296875 281.087493896484375 282.45001220703125 281.412506103515625 280.225006103515625 279.20001220703125 281.01251220703125 285.399993896484375 293.256256103515625 301.75 306.381256103515625 308.5625 304.881256103515625 302.33123779296875 291.34375
293.787506103515625 287.85626220703125 283.0625 279.54376220703125 275.381256103515625 273.41876220703125 274.70623779296875 273.01873779296875 273.98748779296875 274.256256103515625 279.75 286.48126220703125 279.506256103515625 278.899993896484375 277.90625 271.912506103515625 269.35626220703125 270.82501220703125 273.65625 279.64373779296875 285.993743896484375 281.868743896484375 271.63751220703125 258.306243896484375 251.4562530517578125 248.5500030517578125 248.46875 253.1999969482421875 259.76873779296875 263.100006103515625 263.649993896484375 264.84375 264.149993896484375 263.13751220703125 265.16876220703125 270.61248779296875 277.225006103515625 283.25 289.4375 295.181243896484375 300.26251220703125 297.16876220703125 289.54376220703125 270.25
295.162506103515625 287.20001220703125 281.912506103515625 278.850006103515625 274.399993896484375 274.818756103515625 273.881256103515625 271.73748779296875 274.07501220703125 278.462493896484375 283.068756103515625 286.33123779296875 282.662506103515625 270.40625 266.618743896484375 265.48748779296875 262.84375 264.600006103515625 267.118743896484375 272.95001220703125 282.625 277.85626220703125 268.70001220703125 255.28125 235.756256103515625 228.6687469482421875 235.6750030517578125 241.787506103515625 249.4187469482421875 253.59375 252.0187530517578125 249.0374908447265625 247.2937469482421875 245.59375 248.7062530517578125 257.337493896484375 265.95001220703125 275.618743896484375 284.618743896484375 290.024993896484375 292.493743896484375 290.056243896484375 273.893768310546875 258.662506103515625
290.118743896484375 283.28125 279.5625 276.23748779296875 273.556243896484375 272.5625 271.09375 270.287506103515625 274.73748779296875 278.76873779296875 278.037506103515625 277.100006103515625 272.66876220703125 264.993743896484375 252.181243896484375 253.7687530517578125 251.3249969482421875 251.587493896484375 255.931243896484375 262.087493896484375 268.712493896484375 266.39373779296875 260.118743896484375 250.662506103515625 235.9812469482421875 227.056243896484375 228.3625030517578125 230.6062469482421875 236.381256103515625 237.7312469482421875 239.725006103515625 235.6750030517578125 233.806243896484375 232.556243896484375 234.3000030517578125 245.9375 258.98126220703125 272.0625 282.83123779296875 285.20623779296875 277.131256103515625 265.70623779296875 261.40625 260.26251220703125
284.20001220703125 279.306243896484375 276.725006103515625 273.17498779296875 269.850006103515625 269.475006103515625 270.850006103515625 271.88751220703125 273.693756103515625 273.96875 271.881256103515625 268.631256103515625 261.3125 252.8000030517578125 236.46875 236.399993896484375 236.1437530517578125 239.681243896484375 243.693756103515625 248.306243896484375 255.3249969482421875 256.45623779296875 255 253.71875 247.84375 241.7624969482421875 237.7687530517578125 236.8562469482421875 237.412506103515625 235.78125 229.5437469482421875 223.96875 225.0124969482421875 220.0500030517578125 217.006256103515625 225.837493896484375 248.899993896484375 268.35626220703125 277.29376220703125 276.037506103515625 267.20623779296875 262.54998779296875 266.024993896484375 262.818756103515625
277.381256103515625 272.381256103515625 271.67498779296875 269.73126220703125 266.07501220703125 267.64373779296875 269.850006103515625 270.412506103515625 269.82501220703125 270.11248779296875 266.256256103515625 260.70001220703125 252.524993896484375 245.1062469482421875 231.9187469482421875 218.25 221.4187469482421875 229.9187469482421875 231.568756103515625 235.725006103515625 243.0500030517578125 250.506256103515625 255.4812469482421875 259.91876220703125 257 250.412506103515625 244.4499969482421875 239.681243896484375 237.9875030517578125 236.506256103515625 233.181243896484375 225.556243896484375 215.8625030517578125 206.7062530517578125 202.2375030517578125 222.725006103515625 239.0625 256.256256103515625 268.431243896484375 273.875 271.0625 265.84375 263.556243896484375 254.4187469482421875
272.11248779296875 268.01873779296875 265.76873779296875 265.350006103515625 264.78125 264.53125 265.28125 265.07501220703125 265.9375 265.381256103515625 262.48748779296875 257.787506103515625 248.3937530517578125 239.225006103515625 229.0812530517578125 218.693756103515625 207.2687530517578125 213.943756103515625 219.506256103515625 224.5437469482421875 232.7312469482421875 241.2687530517578125 251.9812469482421875 263.024993896484375 266.33123779296875 252.806243896484375 243.837493896484375 239.306243896484375 237.03125 234.9875030517578125 232.6374969482421875 228.712493896484375 220.46875 213.181243896484375 219.806243896484375 229.287506103515625 245.087493896484375 261.66876220703125 278.649993896484375 277.48748779296875 272.912506103515625 264.29998779296875 254.2687530517578125 248.462493896484375
264.71875 262.67498779296875 262.037506103515625 260.875 260.462493896484375 262.881256103515625 262.13751220703125 260.57501220703125 259.76251220703125 259.79376220703125 257.20001220703125 254.774993896484375 243.2687530517578125 235.8312530517578125 226.5 217.75 207.287506103515625 198.587493896484375 211.28125 214.7624969482421875 222.024993896484375 231.8000030517578125 243.1125030517578125 255.15625 260.975006103515625 251.8000030517578125 239.431243896484375 237.462493896484375 236.337493896484375 230.8000030517578125 220.8312530517578125 213.0500030517578125 222.4875030517578125 225.8125 228.15625 246.9499969482421875 262.162506103515625 269.23748779296875 277.681243896484375 277.82501220703125 265.625 256.318756103515625 247.4562530517578125 243.1062469482421875
257.1875 256.037506103515625 255.09375 256.462493896484375 257.587493896484375 258.1875 258.48126220703125 258.274993896484375 257.412506103515625 258.51873779296875 254.34375 244.9499969482421875 235.6999969482421875 229.350006103515625 220.96875 214.850006103515625 208.1687469482421875 197.03125 195.625 200.462493896484375 208.8125 221.774993896484375 221.193756103515625 234.9187469482421875 241.7937469482421875 244.03125 239.881256103515625 233.3625030517578125 232.431243896484375 226.806243896484375 220.0124969482421875 218.7624969482421875 226.0812530517578125 229.5124969482421875 235.056243896484375 249.3874969482421875 256.912506103515625 260.42498779296875 268.25 264.28125 254.5124969482421875 244.756256103515625 240.4562530517578125 239.837493896484375
